Running 10s test @ http://127.0.0.1:18500/wait
  16 threads and 128 connections
  Thread Stats   Avg      Stdev     Max   +/- Stdev
    Latency    10.51ms   69.35us  11.21ms   72.28%
    Req/Sec   764.25     22.05   808.00     57.13%
  Latency Distribution
     50%   10.52ms
     75%   10.56ms
     90%   10.59ms
     99%   10.65ms
  122131 requests in 10.10s, 14.79MB read
Requests/sec:  12095.27
Transfer/sec:      1.46MB
## server-stat
cpu  2418896 983 1256345 26600168 45457 0 598496 0 0 0
cpu0 85914 17 35202 838003 1035 0 18318 0 0 0
cpu1 89168 22 35850 837951 848 0 18047 0 0 0
cpu2 90848 19 36328 835996 590 0 18564 0 0 0
cpu3 115007 20 47094 790387 1324 0 27883 0 0 0
cpu4 121924 21 47175 784457 786 0 28158 0 0 0
cpu5 95734 22 37649 829217 584 0 19239 0 0 0
cpu6 98157 19 38761 824905 463 0 20601 0 0 0
cpu7 97174 18 39263 825270 301 0 20811 0 0 0
cpu8 38235 31 34885 867408 1421 0 10760 0 0 0
cpu9 43618 37 37529 850423 3330 0 11516 0 0 0
cpu10 42020 34 36441 856248 1606 0 11451 0 0 0
cpu11 38945 30 33914 869293 1057 0 10474 0 0 0
cpu12 66083 107 39489 825445 4037 0 12259 0 0 0
cpu13 63980 40 40091 825802 3958 0 12545 0 0 0
cpu14 38573 30 33331 872321 1218 0 10245 0 0 0
cpu15 36176 33 30828 882064 1019 0 9336 0 0 0
cpu16 112937 16 43779 800908 585 0 24811 0 0 0
cpu17 107621 16 42885 806672 1442 0 24166 0 0 0
cpu18 104108 16 41772 813474 324 0 23267 0 0 0
cpu19 139963 17 54565 752125 818 0 34752 0 0 0
cpu20 130941 17 52551 764791 879 0 33458 0 0 0
cpu21 100819 17 40917 817300 799 0 22746 0 0 0
cpu22 93700 20 38818 827675 497 0 20802 0 0 0
cpu23 87852 20 36739 838542 595 0 19091 0 0 0
cpu24 41741 35 34596 867884 1359 0 11143 0 0 0
cpu25 46069 39 38117 850474 2431 0 12964 0 0 0
cpu26 44373 35 37354 854980 1850 0 12612 0 0 0
cpu27 37665 24 33308 859664 1484 0 18926 0 0 0
cpu28 64552 57 43067 807612 3259 0 24617 0 0 0
cpu29 67573 94 44364 800377 3246 0 24992 0 0 0
cpu30 37050 24 34537 854839 1331 0 18803 0 0 0
cpu31 40366 23 35130 867643 964 0 11120 0 0 0
intr 2489933935 126 0 0 0 0 0 0 0 0 1 0 0 0 0 0 0 0 0 0 0 0 0 0 0 0 0 0 1 1 1 0 0 0 0 1 0 1 0 0 75045 0 0 0 0 0 0 0 0 411 0 0 0 0 0 0 0 0 87 0 0 0 0 0 0 0 0 0 0 0 0 0 0 0 263695 2 35015449 34954996 34882004 35016555 0 8210 2748 3249 1918 3400 2791 2430 2757 1682 11522 20229 11674 9082 15369 16613 11822 8003 2984 2063 1677 3150 2420 2220 1742 1741 9829 8862 6564 6842 8470 7691 7001 8520 0 0 0 0 616673 3725 1036 0 264 0 0 0 0 0 0 0 0 0 0 0 0 0 0 0 0 0 0 0 0 0 0 0 0 0 0 0 0 0 0 0 0 0 0 0 0 0 0 0 0 0 0 0 0 0 0 0 0 0 0 0 0 0 0 0 0 0 0 0 0 0 0 0 0 0 0 0 0 0 0 0 0 0 0 0 0 0 0 0 0 0 0 0 0 0 0 0 0 0 0 0 0 0 0 0 0 0 0 0 0 0 0 0 0 0 0 0 0 0 0 0 0 0 0 0 0 0 0 0 0 0 0 0 0 0 0 0 0 0 0 0 0 0 0 0 0 0 0 0 0 0 0 0 0 0 0 0 0 0 0 0 0 0 0 0 0 0 0 0 0 0 0 0 0 0 0 0 0 0 0 0 0 0 0 0 0 0 0 0 0 0 0 0 0 0 0 0 0 0 0 0 0 0 0 0 0 0 0 0 0 0 0 0 0 0 0 0 0 0 0 0 0 0 0 0 0 0 0 0 0 0 0 0 0 0 0 0 0 0 0 0 0 0 0 0 0 0 0 0 0 0 0 0 0 0 0 0 0 0 0 0 0 0 0 0 0 0 0 0 0 0 0 0 0 0 0 0 0 0 0 0 0 0 0 0 0 0 0 0 0 0 0 0 0 0 0 0 0 0 0 0 0 0 0 0 0 0 0 0 0 0 0 0 0 0 0 0 0 0 0 0 0 0 0 0 0 0 0 0 0 0 0 0 0 0 0 0 0 0 0 0 0 0 0 0 0 0 0 0 0 0 0 0 0 0 0 0 0 0 0 0 0 0 0 0 0 0 0 0 0 0 0 0 0 0 0 0 0 0 0 0 0 0 0 0 0 0 0 0 0 0 0 0 0 0 0 0 0 0 0 0 0 0 0 0 0 0 0 0 0 0 0 0 0 0 0 0 0 0 0 0 0 0 0 0 0 0 0 0 0 0 0 0 0 0 0 0 0 0 0 0 0 0 0 0 0 0 0 0 0 0 0 0 0 0 0 0 0 0 0 0 0 0 0 0 0 0 0 0 0 0 0 0 0 0 0 0 0 0 0 0 0 0 0 0 0 0 0 0 0 0 0 0 0 0 0 0 0 0 0 0 0 0 0 0 0 0 0 0 0 0 0 0 0 0 0 0 0 0 0 0 0 0 0 0 0 0 0 0 0 0 0 0 0 0 0 0 0 0 0 0 0 0 0 0 0 0 0 0 0 0 0 0 0 0 0 0 0 0 0 0 0 0 0 0 0 0 0 0 0 0 0 0 0 0 0 0 0 0 0 0 0 0 0 0 0 0 0 0 0 0 0 0 0 0 0 0 0 0 0 0 0 0 0 0 0 0 0 0 0 0 0 0 0 0 0 0 0 0 0 0 0 0 0 0 0 0 0 0 0 0 0 0 0 0 0 0 0 0 0 0 0 0 0 0 0 0 0 0 0 0 0 0 0 0 0 0 0 0 0 0 0 0 0 0 0 0 0 0 0 0 0 0 0 0 0 0 0 0 0 0 0 0 0 0 0 0 0 0 0 0 0 0 0 0 0 0 0 0 0 0 0 0 0 0 0 0 0 0 0 0 0 0 0 0 0 0 0 0 0 0 0 0 0 0 0 0 0 0 0 0 0 0 0 0 0 0 0 0 0 0 0 0 0 0 0 0 0 0 0 0 0 0 0 0 0 0 0 0 0 0 0 0 0 0 0 0 0 0 0 0 0 0 0 0 0 0 0 0 0 0 0 0 0 0 0 0 0 0 0 0 0 0 0 0 0 0 0 0 0 0 0 0 0 0 0 0 0 0 0 0 0 0 0 0 0 0 0 0 0 0 0 0 0 0 0 0 0 0 0 0 0 0 0 0 0 0 0 0 0 0 0 0 0 0 0 0 0 0 0 0 0 0 0 0 0 0 0 0 0 0 0 0 0 0 0 0 0 0 0 0 0 0 0 0 0 0 0 0 0 0 0 0 0 0 0 0 0 0 0 0 0 0 0 0 0 0 0 0 0 0 0 0 0 0 0 0 0 0 0 0 0 0 0 0 0 0 0 0 0 0 0 0 0 0 0 0 0 0 0 0 0 0 0 0 0 0 0 0 0 0 0 0 0 0 0 0 0 0 0 0 0 0 0 0 0 0 0 0 0 0 0 0 0 0 0 0 0 0 0 0 0 0 0 0 0 0 0 0 0 0 0 0 0 0 0 0 0 0 0 0 0 0 0 0 0 0 0 0 0 0 0 0 0 0 0 0 0 0 0 0 0 0 0 0 0 0 0 0 0 0 0 0 0 0 0 0 0 0 0 0 0 0 0 0 0 0 0 0 0 0 0 0 0 0 0 0 0 0 0 0 0 0 0 0 0 0 0 0 0 0 0 0 0 0 0 0 0 0 0 0 0 0 0 0 0 0 0 0 0 0 0 0 0 0 0 0 0 0 0 0 0 0 0 0 0 0 0 0 0 0 0 0 0 0 0 0 0 0 0 0 0
ctxt 3781858426
btime 1790630938
processes 255414
procs_running 1
procs_blocked 0
softirq 3457506355 73526 6779965 2752055 3370950858 276053 0 13556966 37156841 410 25959681
--
cpu  2419141 984 1256394 26625350 45458 0 598525 0 0 0
cpu0 85921 17 35206 838786 1035 0 18320 0 0 0
cpu1 89171 22 35851 838746 848 0 18048 0 0 0
cpu2 90849 19 36329 836793 590 0 18564 0 0 0
cpu3 115096 20 47109 791064 1324 0 27894 0 0 0
cpu4 121974 21 47186 785188 786 0 28165 0 0 0
cpu5 95747 22 37653 830001 584 0 19240 0 0 0
cpu6 98157 19 38761 825704 463 0 20601 0 0 0
cpu7 97174 18 39264 826068 301 0 20811 0 0 0
cpu8 38236 31 34885 868202 1421 0 10760 0 0 0
cpu9 43619 37 37530 851215 3330 0 11517 0 0 0
cpu10 42023 34 36441 857038 1606 0 11451 0 0 0
cpu11 38945 30 33915 870088 1057 0 10475 0 0 0
cpu12 66102 107 39490 826219 4037 0 12259 0 0 0
cpu13 63991 40 40093 826582 3958 0 12546 0 0 0
cpu14 38575 30 33331 873112 1218 0 10246 0 0 0
cpu15 36177 33 30828 882857 1019 0 9337 0 0 0
cpu16 112937 16 43779 801707 585 0 24811 0 0 0
cpu17 107622 16 42885 807471 1442 0 24166 0 0 0
cpu18 104108 16 41772 814273 324 0 23267 0 0 0
cpu19 139972 17 54568 752912 818 0 34753 0 0 0
cpu20 130941 17 52551 765590 879 0 33458 0 0 0
cpu21 100819 17 40917 818099 799 0 22746 0 0 0
cpu22 93700 20 38818 828474 497 0 20802 0 0 0
cpu23 87852 20 36739 839342 595 0 19091 0 0 0
cpu24 41742 35 34596 868678 1359 0 11143 0 0 0
cpu25 46070 39 38117 851268 2431 0 12965 0 0 0
cpu26 44373 35 37355 855775 1850 0 12612 0 0 0
cpu27 37666 24 33308 860459 1485 0 18926 0 0 0
cpu28 64573 57 43069 808384 3259 0 24618 0 0 0
cpu29 67575 94 44366 801168 3246 0 24993 0 0 0
cpu30 37050 24 34537 855635 1331 0 18803 0 0 0
cpu31 40367 23 35131 868439 964 0 11120 0 0 0
intr 2490106320 126 0 0 0 0 0 0 0 0 1 0 0 0 0 0 0 0 0 0 0 0 0 0 0 0 0 0 1 1 1 0 0 0 0 1 0 1 0 0 75045 0 0 0 0 0 0 0 0 411 0 0 0 0 0 0 0 0 87 0 0 0 0 0 0 0 0 0 0 0 0 0 0 0 263695 2 35015480 34955043 34882036 35016590 0 8214 2748 3249 1918 3400 2791 2430 2757 1682 11522 20229 11674 9083 15369 16613 11822 8003 2984 2063 1677 3150 2420 2220 1742 1741 9832 8862 6564 6842 8470 7691 7001 8525 0 0 0 0 616673 3725 1036 0 264 0 0 0 0 0 0 0 0 0 0 0 0 0 0 0 0 0 0 0 0 0 0 0 0 0 0 0 0 0 0 0 0 0 0 0 0 0 0 0 0 0 0 0 0 0 0 0 0 0 0 0 0 0 0 0 0 0 0 0 0 0 0 0 0 0 0 0 0 0 0 0 0 0 0 0 0 0 0 0 0 0 0 0 0 0 0 0 0 0 0 0 0 0 0 0 0 0 0 0 0 0 0 0 0 0 0 0 0 0 0 0 0 0 0 0 0 0 0 0 0 0 0 0 0 0 0 0 0 0 0 0 0 0 0 0 0 0 0 0 0 0 0 0 0 0 0 0 0 0 0 0 0 0 0 0 0 0 0 0 0 0 0 0 0 0 0 0 0 0 0 0 0 0 0 0 0 0 0 0 0 0 0 0 0 0 0 0 0 0 0 0 0 0 0 0 0 0 0 0 0 0 0 0 0 0 0 0 0 0 0 0 0 0 0 0 0 0 0 0 0 0 0 0 0 0 0 0 0 0 0 0 0 0 0 0 0 0 0 0 0 0 0 0 0 0 0 0 0 0 0 0 0 0 0 0 0 0 0 0 0 0 0 0 0 0 0 0 0 0 0 0 0 0 0 0 0 0 0 0 0 0 0 0 0 0 0 0 0 0 0 0 0 0 0 0 0 0 0 0 0 0 0 0 0 0 0 0 0 0 0 0 0 0 0 0 0 0 0 0 0 0 0 0 0 0 0 0 0 0 0 0 0 0 0 0 0 0 0 0 0 0 0 0 0 0 0 0 0 0 0 0 0 0 0 0 0 0 0 0 0 0 0 0 0 0 0 0 0 0 0 0 0 0 0 0 0 0 0 0 0 0 0 0 0 0 0 0 0 0 0 0 0 0 0 0 0 0 0 0 0 0 0 0 0 0 0 0 0 0 0 0 0 0 0 0 0 0 0 0 0 0 0 0 0 0 0 0 0 0 0 0 0 0 0 0 0 0 0 0 0 0 0 0 0 0 0 0 0 0 0 0 0 0 0 0 0 0 0 0 0 0 0 0 0 0 0 0 0 0 0 0 0 0 0 0 0 0 0 0 0 0 0 0 0 0 0 0 0 0 0 0 0 0 0 0 0 0 0 0 0 0 0 0 0 0 0 0 0 0 0 0 0 0 0 0 0 0 0 0 0 0 0 0 0 0 0 0 0 0 0 0 0 0 0 0 0 0 0 0 0 0 0 0 0 0 0 0 0 0 0 0 0 0 0 0 0 0 0 0 0 0 0 0 0 0 0 0 0 0 0 0 0 0 0 0 0 0 0 0 0 0 0 0 0 0 0 0 0 0 0 0 0 0 0 0 0 0 0 0 0 0 0 0 0 0 0 0 0 0 0 0 0 0 0 0 0 0 0 0 0 0 0 0 0 0 0 0 0 0 0 0 0 0 0 0 0 0 0 0 0 0 0 0 0 0 0 0 0 0 0 0 0 0 0 0 0 0 0 0 0 0 0 0 0 0 0 0 0 0 0 0 0 0 0 0 0 0 0 0 0 0 0 0 0 0 0 0 0 0 0 0 0 0 0 0 0 0 0 0 0 0 0 0 0 0 0 0 0 0 0 0 0 0 0 0 0 0 0 0 0 0 0 0 0 0 0 0 0 0 0 0 0 0 0 0 0 0 0 0 0 0 0 0 0 0 0 0 0 0 0 0 0 0 0 0 0 0 0 0 0 0 0 0 0 0 0 0 0 0 0 0 0 0 0 0 0 0 0 0 0 0 0 0 0 0 0 0 0 0 0 0 0 0 0 0 0 0 0 0 0 0 0 0 0 0 0 0 0 0 0 0 0 0 0 0 0 0 0 0 0 0 0 0 0 0 0 0 0 0 0 0 0 0 0 0 0 0 0 0 0 0 0 0 0 0 0 0 0 0 0 0 0 0 0 0 0 0 0 0 0 0 0 0 0 0 0 0 0 0 0 0 0 0 0 0 0 0 0 0 0 0 0 0 0 0 0 0 0 0 0 0 0 0 0 0 0 0 0 0 0 0 0 0 0 0 0 0 0 0 0 0 0 0 0 0 0 0 0 0 0 0 0 0 0 0 0 0 0 0 0 0 0 0 0 0 0 0 0 0 0 0 0 0 0 0 0 0 0 0 0 0 0 0 0 0 0 0 0 0 0 0 0 0 0 0 0 0 0 0 0 0 0 0 0 0 0 0 0 0 0 0 0 0 0 0 0 0 0 0 0 0 0 0 0 0 0 0 0 0 0 0 0 0 0 0 0 0 0 0 0 0 0 0 0 0 0 0 0 0 0 0 0 0 0 0 0 0 0 0 0 0 0 0 0 0 0 0 0 0 0 0 0 0 0 0 0 0 0 0 0 0 0 0 0 0 0 0 0 0 0 0 0 0 0 0 0 0 0 0 0 0 0 0 0 0 0 0 0 0 0 0 0 0 0 0 0 0 0 0 0 0 0 0 0 0 0 0 0 0 0 0 0
ctxt 3782158889
btime 1790630938
processes 255469
procs_running 1
procs_blocked 0
softirq 3457717360 73526 6782509 2752055 3371145893 276057 0 13556966 37164156 410 25965788
