Running 10s test @ http://127.0.0.1:18500/wait
  16 threads and 128 connections
  Thread Stats   Avg      Stdev     Max   +/- Stdev
    Latency   161.08ms    4.90ms 226.67ms   98.48%
    Req/Sec    53.43     22.20    80.00     54.42%
  Latency Distribution
     50%  161.00ms
     75%  161.02ms
     90%  161.05ms
     99%  161.15ms
  7902 requests in 10.10s, 1.30MB read
Requests/sec:    782.36
Transfer/sec:    132.18KB
## server-stat
cpu  2357177 968 1221115 26218516 45065 0 571157 0 0 0
cpu0 83187 17 34201 826053 1035 0 17357 0 0 0
cpu1 86850 22 35106 824837 848 0 17492 0 0 0
cpu2 87794 18 35177 824550 556 0 17484 0 0 0
cpu3 112997 19 46291 777185 1321 0 27151 0 0 0
cpu4 119573 21 46467 771327 762 0 27606 0 0 0
cpu5 93256 22 36820 816509 523 0 18531 0 0 0
cpu6 94036 19 37396 814788 463 0 19412 0 0 0
cpu7 92898 17 37733 815642 273 0 19495 0 0 0
cpu8 38071 30 34043 853991 1419 0 10288 0 0 0
cpu9 43422 36 36674 837147 3326 0 11022 0 0 0
cpu10 41826 33 35597 842945 1602 0 10964 0 0 0
cpu11 38783 30 33084 855851 1052 0 10004 0 0 0
cpu12 65744 107 38566 812376 4034 0 11764 0 0 0
cpu13 63664 40 39176 812773 3931 0 12042 0 0 0
cpu14 38414 30 32515 858822 1205 0 9776 0 0 0
cpu15 36030 32 30038 868447 1017 0 8879 0 0 0
cpu16 108207 15 42215 791794 584 0 23424 0 0 0
cpu17 102589 15 40981 798600 1442 0 22375 0 0 0
cpu18 99868 16 40266 803781 324 0 21911 0 0 0
cpu19 134604 16 52633 744373 817 0 33005 0 0 0
cpu20 125926 16 50511 756946 869 0 31569 0 0 0
cpu21 96011 17 39089 808930 773 0 20972 0 0 0
cpu22 90658 20 37503 816507 497 0 19534 0 0 0
cpu23 85182 20 35608 826655 595 0 17999 0 0 0
cpu24 41569 35 33763 854497 1350 0 10656 0 0 0
cpu25 45842 38 37227 837273 2425 0 12453 0 0 0
cpu26 44167 34 36467 841785 1826 0 12091 0 0 0
cpu27 37509 24 32469 846302 1482 0 18426 0 0 0
cpu28 64192 56 42094 794627 3242 0 24078 0 0 0
cpu29 67213 92 43383 787467 3192 0 24448 0 0 0
cpu30 36872 23 33707 841463 1324 0 18302 0 0 0
cpu31 40206 23 34299 854257 940 0 10633 0 0 0
intr 2431929674 126 0 0 0 0 0 0 0 0 1 0 0 0 0 0 0 0 0 0 0 0 0 0 0 0 0 0 1 1 1 0 0 0 0 1 0 1 0 0 75045 0 0 0 0 0 0 0 0 411 0 0 0 0 0 0 0 0 87 0 0 0 0 0 0 0 0 0 0 0 0 0 0 0 259972 2 35014732 34953462 34881093 35015711 0 8071 2747 3249 1893 3400 2790 2430 2757 1682 11502 20190 11605 8948 15314 16595 11783 7982 2981 2062 1676 3149 2419 2219 1741 1739 9819 8836 6479 6697 8371 7680 7000 8516 0 0 0 0 616661 3707 1036 0 264 0 0 0 0 0 0 0 0 0 0 0 0 0 0 0 0 0 0 0 0 0 0 0 0 0 0 0 0 0 0 0 0 0 0 0 0 0 0 0 0 0 0 0 0 0 0 0 0 0 0 0 0 0 0 0 0 0 0 0 0 0 0 0 0 0 0 0 0 0 0 0 0 0 0 0 0 0 0 0 0 0 0 0 0 0 0 0 0 0 0 0 0 0 0 0 0 0 0 0 0 0 0 0 0 0 0 0 0 0 0 0 0 0 0 0 0 0 0 0 0 0 0 0 0 0 0 0 0 0 0 0 0 0 0 0 0 0 0 0 0 0 0 0 0 0 0 0 0 0 0 0 0 0 0 0 0 0 0 0 0 0 0 0 0 0 0 0 0 0 0 0 0 0 0 0 0 0 0 0 0 0 0 0 0 0 0 0 0 0 0 0 0 0 0 0 0 0 0 0 0 0 0 0 0 0 0 0 0 0 0 0 0 0 0 0 0 0 0 0 0 0 0 0 0 0 0 0 0 0 0 0 0 0 0 0 0 0 0 0 0 0 0 0 0 0 0 0 0 0 0 0 0 0 0 0 0 0 0 0 0 0 0 0 0 0 0 0 0 0 0 0 0 0 0 0 0 0 0 0 0 0 0 0 0 0 0 0 0 0 0 0 0 0 0 0 0 0 0 0 0 0 0 0 0 0 0 0 0 0 0 0 0 0 0 0 0 0 0 0 0 0 0 0 0 0 0 0 0 0 0 0 0 0 0 0 0 0 0 0 0 0 0 0 0 0 0 0 0 0 0 0 0 0 0 0 0 0 0 0 0 0 0 0 0 0 0 0 0 0 0 0 0 0 0 0 0 0 0 0 0 0 0 0 0 0 0 0 0 0 0 0 0 0 0 0 0 0 0 0 0 0 0 0 0 0 0 0 0 0 0 0 0 0 0 0 0 0 0 0 0 0 0 0 0 0 0 0 0 0 0 0 0 0 0 0 0 0 0 0 0 0 0 0 0 0 0 0 0 0 0 0 0 0 0 0 0 0 0 0 0 0 0 0 0 0 0 0 0 0 0 0 0 0 0 0 0 0 0 0 0 0 0 0 0 0 0 0 0 0 0 0 0 0 0 0 0 0 0 0 0 0 0 0 0 0 0 0 0 0 0 0 0 0 0 0 0 0 0 0 0 0 0 0 0 0 0 0 0 0 0 0 0 0 0 0 0 0 0 0 0 0 0 0 0 0 0 0 0 0 0 0 0 0 0 0 0 0 0 0 0 0 0 0 0 0 0 0 0 0 0 0 0 0 0 0 0 0 0 0 0 0 0 0 0 0 0 0 0 0 0 0 0 0 0 0 0 0 0 0 0 0 0 0 0 0 0 0 0 0 0 0 0 0 0 0 0 0 0 0 0 0 0 0 0 0 0 0 0 0 0 0 0 0 0 0 0 0 0 0 0 0 0 0 0 0 0 0 0 0 0 0 0 0 0 0 0 0 0 0 0 0 0 0 0 0 0 0 0 0 0 0 0 0 0 0 0 0 0 0 0 0 0 0 0 0 0 0 0 0 0 0 0 0 0 0 0 0 0 0 0 0 0 0 0 0 0 0 0 0 0 0 0 0 0 0 0 0 0 0 0 0 0 0 0 0 0 0 0 0 0 0 0 0 0 0 0 0 0 0 0 0 0 0 0 0 0 0 0 0 0 0 0 0 0 0 0 0 0 0 0 0 0 0 0 0 0 0 0 0 0 0 0 0 0 0 0 0 0 0 0 0 0 0 0 0 0 0 0 0 0 0 0 0 0 0 0 0 0 0 0 0 0 0 0 0 0 0 0 0 0 0 0 0 0 0 0 0 0 0 0 0 0 0 0 0 0 0 0 0 0 0 0 0 0 0 0 0 0 0 0 0 0 0 0 0 0 0 0 0 0 0 0 0 0 0 0 0 0 0 0 0 0 0 0 0 0 0 0 0 0 0 0 0 0 0 0 0 0 0 0 0 0 0 0 0 0 0 0 0 0 0 0 0 0 0 0 0 0 0 0 0 0 0 0 0 0 0 0 0 0 0 0 0 0 0 0 0 0 0 0 0 0 0 0 0 0 0 0 0 0 0 0 0 0 0 0 0 0 0 0 0 0 0 0 0 0 0 0 0 0 0 0 0 0 0 0 0 0 0 0 0 0 0 0 0 0 0 0 0 0 0 0 0 0 0 0 0 0 0 0 0 0 0 0 0 0 0 0 0 0 0 0 0 0 0 0 0 0 0 0 0 0 0 0 0 0 0 0 0 0 0 0 0 0 0 0 0 0 0 0 0 0 0 0 0 0 0 0 0 0 0 0 0 0 0 0 0 0 0 0 0 0 0 0 0 0 0 0 0 0 0 0 0 0 0 0 0 0 0 0 0 0 0 0 0 0 0 0 0 0 0 0 0 0 0 0 0 0 0 0 0 0 0 0 0 0 0 0 0 0 0 0 0 0 0 0 0 0 0 0 0 0
ctxt 3669097589
btime 1790630938
processes 251873
procs_running 1
procs_blocked 1
softirq 3294572415 73526 6657402 2752031 3209231079 272141 0 13556878 36617605 410 25411343
--
cpu  2357247 969 1221128 26243979 45070 0 571160 0 0 0
cpu0 83189 17 34201 826850 1035 0 17358 0 0 0
cpu1 86852 22 35106 825634 848 0 17492 0 0 0
cpu2 87795 18 35177 825348 556 0 17484 0 0 0
cpu3 112999 19 46292 777979 1321 0 27152 0 0 0
cpu4 119575 21 46467 772122 762 0 27606 0 0 0
cpu5 93257 22 36821 817305 523 0 18531 0 0 0
cpu6 94037 19 37397 815584 463 0 19412 0 0 0
cpu7 92899 17 37734 816439 273 0 19495 0 0 0
cpu8 38071 31 34043 854789 1420 0 10288 0 0 0
cpu9 43423 36 36674 837944 3326 0 11022 0 0 0
cpu10 41826 33 35597 843743 1602 0 10964 0 0 0
cpu11 38783 30 33084 856650 1052 0 10004 0 0 0
cpu12 65769 107 38567 813146 4034 0 11764 0 0 0
cpu13 63672 40 39177 813563 3931 0 12042 0 0 0
cpu14 38414 30 32515 859621 1205 0 9776 0 0 0
cpu15 36030 33 30038 869246 1017 0 8879 0 0 0
cpu16 108209 15 42216 792591 584 0 23424 0 0 0
cpu17 102590 15 40982 799396 1442 0 22375 0 0 0
cpu18 99868 16 40266 804579 324 0 21911 0 0 0
cpu19 134605 16 52634 745169 818 0 33005 0 0 0
cpu20 125927 16 50512 757743 869 0 31569 0 0 0
cpu21 96011 17 39089 809729 773 0 20972 0 0 0
cpu22 90658 20 37503 817306 497 0 19534 0 0 0
cpu23 85183 20 35608 827455 595 0 17999 0 0 0
cpu24 41569 35 33763 855293 1353 0 10656 0 0 0
cpu25 45842 38 37228 838070 2425 0 12453 0 0 0
cpu26 44167 34 36467 842583 1827 0 12091 0 0 0
cpu27 37510 24 32469 847101 1482 0 18426 0 0 0
cpu28 64207 56 42096 795410 3242 0 24078 0 0 0
cpu29 67218 92 43384 788259 3192 0 24448 0 0 0
cpu30 36872 23 33707 842261 1324 0 18302 0 0 0
cpu31 40207 23 34300 855055 940 0 10633 0 0 0
intr 2432090977 126 0 0 0 0 0 0 0 0 1 0 0 0 0 0 0 0 0 0 0 0 0 0 0 0 0 0 1 1 1 0 0 0 0 1 0 1 0 0 75045 0 0 0 0 0 0 0 0 411 0 0 0 0 0 0 0 0 87 0 0 0 0 0 0 0 0 0 0 0 0 0 0 0 259974 2 35014749 34953517 34881138 35015725 0 8079 2747 3249 1893 3400 2790 2430 2757 1682 11505 20190 11605 8948 15317 16595 11783 7982 2981 2062 1676 3149 2419 2219 1741 1739 9819 8836 6480 6697 8371 7681 7000 8516 0 0 0 0 616661 3707 1036 0 264 0 0 0 0 0 0 0 0 0 0 0 0 0 0 0 0 0 0 0 0 0 0 0 0 0 0 0 0 0 0 0 0 0 0 0 0 0 0 0 0 0 0 0 0 0 0 0 0 0 0 0 0 0 0 0 0 0 0 0 0 0 0 0 0 0 0 0 0 0 0 0 0 0 0 0 0 0 0 0 0 0 0 0 0 0 0 0 0 0 0 0 0 0 0 0 0 0 0 0 0 0 0 0 0 0 0 0 0 0 0 0 0 0 0 0 0 0 0 0 0 0 0 0 0 0 0 0 0 0 0 0 0 0 0 0 0 0 0 0 0 0 0 0 0 0 0 0 0 0 0 0 0 0 0 0 0 0 0 0 0 0 0 0 0 0 0 0 0 0 0 0 0 0 0 0 0 0 0 0 0 0 0 0 0 0 0 0 0 0 0 0 0 0 0 0 0 0 0 0 0 0 0 0 0 0 0 0 0 0 0 0 0 0 0 0 0 0 0 0 0 0 0 0 0 0 0 0 0 0 0 0 0 0 0 0 0 0 0 0 0 0 0 0 0 0 0 0 0 0 0 0 0 0 0 0 0 0 0 0 0 0 0 0 0 0 0 0 0 0 0 0 0 0 0 0 0 0 0 0 0 0 0 0 0 0 0 0 0 0 0 0 0 0 0 0 0 0 0 0 0 0 0 0 0 0 0 0 0 0 0 0 0 0 0 0 0 0 0 0 0 0 0 0 0 0 0 0 0 0 0 0 0 0 0 0 0 0 0 0 0 0 0 0 0 0 0 0 0 0 0 0 0 0 0 0 0 0 0 0 0 0 0 0 0 0 0 0 0 0 0 0 0 0 0 0 0 0 0 0 0 0 0 0 0 0 0 0 0 0 0 0 0 0 0 0 0 0 0 0 0 0 0 0 0 0 0 0 0 0 0 0 0 0 0 0 0 0 0 0 0 0 0 0 0 0 0 0 0 0 0 0 0 0 0 0 0 0 0 0 0 0 0 0 0 0 0 0 0 0 0 0 0 0 0 0 0 0 0 0 0 0 0 0 0 0 0 0 0 0 0 0 0 0 0 0 0 0 0 0 0 0 0 0 0 0 0 0 0 0 0 0 0 0 0 0 0 0 0 0 0 0 0 0 0 0 0 0 0 0 0 0 0 0 0 0 0 0 0 0 0 0 0 0 0 0 0 0 0 0 0 0 0 0 0 0 0 0 0 0 0 0 0 0 0 0 0 0 0 0 0 0 0 0 0 0 0 0 0 0 0 0 0 0 0 0 0 0 0 0 0 0 0 0 0 0 0 0 0 0 0 0 0 0 0 0 0 0 0 0 0 0 0 0 0 0 0 0 0 0 0 0 0 0 0 0 0 0 0 0 0 0 0 0 0 0 0 0 0 0 0 0 0 0 0 0 0 0 0 0 0 0 0 0 0 0 0 0 0 0 0 0 0 0 0 0 0 0 0 0 0 0 0 0 0 0 0 0 0 0 0 0 0 0 0 0 0 0 0 0 0 0 0 0 0 0 0 0 0 0 0 0 0 0 0 0 0 0 0 0 0 0 0 0 0 0 0 0 0 0 0 0 0 0 0 0 0 0 0 0 0 0 0 0 0 0 0 0 0 0 0 0 0 0 0 0 0 0 0 0 0 0 0 0 0 0 0 0 0 0 0 0 0 0 0 0 0 0 0 0 0 0 0 0 0 0 0 0 0 0 0 0 0 0 0 0 0 0 0 0 0 0 0 0 0 0 0 0 0 0 0 0 0 0 0 0 0 0 0 0 0 0 0 0 0 0 0 0 0 0 0 0 0 0 0 0 0 0 0 0 0 0 0 0 0 0 0 0 0 0 0 0 0 0 0 0 0 0 0 0 0 0 0 0 0 0 0 0 0 0 0 0 0 0 0 0 0 0 0 0 0 0 0 0 0 0 0 0 0 0 0 0 0 0 0 0 0 0 0 0 0 0 0 0 0 0 0 0 0 0 0 0 0 0 0 0 0 0 0 0 0 0 0 0 0 0 0 0 0 0 0 0 0 0 0 0 0 0 0 0 0 0 0 0 0 0 0 0 0 0 0 0 0 0 0 0 0 0 0 0 0 0 0 0 0 0 0 0 0 0 0 0 0 0 0 0 0 0 0 0 0 0 0 0 0 0 0 0 0 0 0 0 0 0 0 0 0 0 0 0 0 0 0 0 0 0 0 0 0 0 0 0 0 0 0 0 0 0 0 0 0 0 0 0 0 0 0 0 0 0 0 0 0 0 0 0 0 0 0 0 0 0 0 0 0 0 0 0 0 0 0 0 0 0 0 0 0 0 0 0 0 0 0 0 0 0 0 0 0 0 0 0 0 0 0 0 0 0 0 0 0 0 0 0 0 0 0 0 0 0 0 0 0 0 0 0 0 0 0 0 0 0 0 0 0 0 0 0 0 0 0 0 0 0 0 0 0 0 0 0 0 0 0 0 0 0 0 0 0 0 0 0 0
ctxt 3669367683
btime 1790630938
processes 251931
procs_running 1
procs_blocked 0
softirq 3294614916 73526 6665251 2752031 3209249118 272151 0 13556878 36625808 410 25419743
