Running 10s test @ http://127.0.0.1:18500/json
  16 threads and 32 connections
  Thread Stats   Avg      Stdev     Max   +/- Stdev
    Latency   144.11us   41.26us   2.70ms   74.79%
    Req/Sec    13.91k   133.39    14.22k    73.08%
  Latency Distribution
     50%  140.00us
     75%  153.00us
     90%  188.00us
     99%  290.00us
  2235982 requests in 10.10s, 377.43MB read
Requests/sec: 221390.89
Transfer/sec:     37.37MB
## server-stat
cpu  2240182 931 1175601 25169204 44207 0 539759 0 0 0
cpu0 79023 17 33125 792311 1033 0 16623 0 0 0
cpu1 81754 21 33711 792325 848 0 16477 0 0 0
cpu2 82797 18 33933 791596 551 0 16660 0 0 0
cpu3 102878 19 43403 752533 1320 0 24753 0 0 0
cpu4 109072 21 43632 746912 761 0 25281 0 0 0
cpu5 87017 21 35242 785419 522 0 17420 0 0 0
cpu6 87733 19 35732 783852 463 0 18271 0 0 0
cpu7 86287 17 35891 785380 271 0 18197 0 0 0
cpu8 37896 29 33226 817501 1370 0 9878 0 0 0
cpu9 43179 35 35764 801483 3267 0 10586 0 0 0
cpu10 41622 32 34736 806987 1571 0 10539 0 0 0
cpu11 38635 28 32368 819098 1000 0 9640 0 0 0
cpu12 65173 104 37579 777231 3971 0 11287 0 0 0
cpu13 63117 37 38134 777861 3792 0 11535 0 0 0
cpu14 38271 28 31826 822050 1166 0 9430 0 0 0
cpu15 35906 31 29433 831164 1007 0 8562 0 0 0
cpu16 100048 14 40076 763666 583 0 21786 0 0 0
cpu17 95665 15 39121 768704 1441 0 21017 0 0 0
cpu18 92957 15 38280 774223 324 0 20319 0 0 0
cpu19 124459 16 49609 720106 811 0 30372 0 0 0
cpu20 116281 16 47509 732217 869 0 28834 0 0 0
cpu21 90299 16 37412 777518 772 0 19719 0 0 0
cpu22 85174 19 35888 784791 496 0 18290 0 0 0
cpu23 80235 20 34179 794083 592 0 16908 0 0 0
cpu24 41411 33 33037 817648 1304 0 10272 0 0 0
cpu25 45566 36 36292 801241 2398 0 11999 0 0 0
cpu26 43938 32 35584 805562 1800 0 11646 0 0 0
cpu27 37363 23 31713 809355 1479 0 18043 0 0 0
cpu28 63344 52 40784 760289 3172 0 23463 0 0 0
cpu29 66325 90 41996 753485 3021 0 23826 0 0 0
cpu30 36693 22 32863 805120 1285 0 17885 0 0 0
cpu31 40048 22 33509 817476 931 0 10227 0 0 0
intr 2319658557 126 0 0 0 0 0 0 0 0 1 0 0 0 0 0 0 0 0 0 0 0 0 0 0 0 0 0 1 1 1 0 0 0 0 1 0 1 0 0 75045 0 0 0 0 0 0 0 0 411 0 0 0 0 0 0 0 0 87 0 0 0 0 0 0 0 0 0 0 0 0 0 0 0 252129 2 35012526 34950062 34878356 35013703 0 7742 2745 3243 1840 3399 2790 2428 2752 1678 11473 20014 11547 8924 15002 16490 11744 7963 2979 2058 1674 3113 2416 2219 1739 1723 9683 8726 6432 6519 8169 7499 6972 8502 0 0 0 0 616633 3656 1036 0 264 0 0 0 0 0 0 0 0 0 0 0 0 0 0 0 0 0 0 0 0 0 0 0 0 0 0 0 0 0 0 0 0 0 0 0 0 0 0 0 0 0 0 0 0 0 0 0 0 0 0 0 0 0 0 0 0 0 0 0 0 0 0 0 0 0 0 0 0 0 0 0 0 0 0 0 0 0 0 0 0 0 0 0 0 0 0 0 0 0 0 0 0 0 0 0 0 0 0 0 0 0 0 0 0 0 0 0 0 0 0 0 0 0 0 0 0 0 0 0 0 0 0 0 0 0 0 0 0 0 0 0 0 0 0 0 0 0 0 0 0 0 0 0 0 0 0 0 0 0 0 0 0 0 0 0 0 0 0 0 0 0 0 0 0 0 0 0 0 0 0 0 0 0 0 0 0 0 0 0 0 0 0 0 0 0 0 0 0 0 0 0 0 0 0 0 0 0 0 0 0 0 0 0 0 0 0 0 0 0 0 0 0 0 0 0 0 0 0 0 0 0 0 0 0 0 0 0 0 0 0 0 0 0 0 0 0 0 0 0 0 0 0 0 0 0 0 0 0 0 0 0 0 0 0 0 0 0 0 0 0 0 0 0 0 0 0 0 0 0 0 0 0 0 0 0 0 0 0 0 0 0 0 0 0 0 0 0 0 0 0 0 0 0 0 0 0 0 0 0 0 0 0 0 0 0 0 0 0 0 0 0 0 0 0 0 0 0 0 0 0 0 0 0 0 0 0 0 0 0 0 0 0 0 0 0 0 0 0 0 0 0 0 0 0 0 0 0 0 0 0 0 0 0 0 0 0 0 0 0 0 0 0 0 0 0 0 0 0 0 0 0 0 0 0 0 0 0 0 0 0 0 0 0 0 0 0 0 0 0 0 0 0 0 0 0 0 0 0 0 0 0 0 0 0 0 0 0 0 0 0 0 0 0 0 0 0 0 0 0 0 0 0 0 0 0 0 0 0 0 0 0 0 0 0 0 0 0 0 0 0 0 0 0 0 0 0 0 0 0 0 0 0 0 0 0 0 0 0 0 0 0 0 0 0 0 0 0 0 0 0 0 0 0 0 0 0 0 0 0 0 0 0 0 0 0 0 0 0 0 0 0 0 0 0 0 0 0 0 0 0 0 0 0 0 0 0 0 0 0 0 0 0 0 0 0 0 0 0 0 0 0 0 0 0 0 0 0 0 0 0 0 0 0 0 0 0 0 0 0 0 0 0 0 0 0 0 0 0 0 0 0 0 0 0 0 0 0 0 0 0 0 0 0 0 0 0 0 0 0 0 0 0 0 0 0 0 0 0 0 0 0 0 0 0 0 0 0 0 0 0 0 0 0 0 0 0 0 0 0 0 0 0 0 0 0 0 0 0 0 0 0 0 0 0 0 0 0 0 0 0 0 0 0 0 0 0 0 0 0 0 0 0 0 0 0 0 0 0 0 0 0 0 0 0 0 0 0 0 0 0 0 0 0 0 0 0 0 0 0 0 0 0 0 0 0 0 0 0 0 0 0 0 0 0 0 0 0 0 0 0 0 0 0 0 0 0 0 0 0 0 0 0 0 0 0 0 0 0 0 0 0 0 0 0 0 0 0 0 0 0 0 0 0 0 0 0 0 0 0 0 0 0 0 0 0 0 0 0 0 0 0 0 0 0 0 0 0 0 0 0 0 0 0 0 0 0 0 0 0 0 0 0 0 0 0 0 0 0 0 0 0 0 0 0 0 0 0 0 0 0 0 0 0 0 0 0 0 0 0 0 0 0 0 0 0 0 0 0 0 0 0 0 0 0 0 0 0 0 0 0 0 0 0 0 0 0 0 0 0 0 0 0 0 0 0 0 0 0 0 0 0 0 0 0 0 0 0 0 0 0 0 0 0 0 0 0 0 0 0 0 0 0 0 0 0 0 0 0 0 0 0 0 0 0 0 0 0 0 0 0 0 0 0 0 0 0 0 0 0 0 0 0 0 0 0 0 0 0 0 0 0 0 0 0 0 0 0 0 0 0 0 0 0 0 0 0 0 0 0 0 0 0 0 0 0 0 0 0 0 0 0 0 0 0 0 0 0 0 0 0 0 0 0 0 0 0 0 0 0 0 0 0 0 0 0 0 0 0 0 0 0 0 0 0 0 0 0 0 0 0 0 0 0 0 0 0 0 0 0 0 0 0 0 0 0 0 0 0 0 0 0 0 0 0 0 0 0 0 0 0 0 0 0 0 0 0 0 0 0 0 0 0 0 0 0 0 0 0 0 0 0 0 0 0 0 0 0 0 0 0 0 0 0 0 0 0 0 0 0 0 0 0 0 0 0 0 0 0 0 0 0 0 0 0 0 0 0 0 0 0 0 0 0 0 0 0 0 0 0 0 0 0 0 0 0 0 0 0 0 0 0 0 0 0 0 0 0 0 0 0 0 0 0 0 0 0 0 0 0 0 0 0 0 0 0 0 0 0 0 0 0 0 0 0 0 0 0 0 0 0 0 0
ctxt 3465726834
btime 1790630938
processes 243538
procs_running 7
procs_blocked 0
softirq 3100294503 73526 6436200 2751974 3017585324 263820 0 13556660 35204276 410 24422313
--
cpu  2243865 931 1176520 25187859 44222 0 540220 0 0 0
cpu0 79221 17 33171 792784 1033 0 16651 0 0 0
cpu1 81952 21 33762 792807 848 0 16499 0 0 0
cpu2 82980 18 33985 792089 551 0 16683 0 0 0
cpu3 103110 19 43450 752981 1320 0 24779 0 0 0
cpu4 109309 21 43678 747358 761 0 25308 0 0 0
cpu5 87188 21 35291 785925 522 0 17440 0 0 0
cpu6 87897 19 35782 784362 463 0 18289 0 0 0
cpu7 86450 17 35942 785893 271 0 18219 0 0 0
cpu8 37898 29 33235 818213 1370 0 9885 0 0 0
cpu9 43182 35 35774 802189 3268 0 10595 0 0 0
cpu10 41626 32 34745 807695 1571 0 10548 0 0 0
cpu11 38636 28 32376 819815 1000 0 9648 0 0 0
cpu12 65180 104 37591 777934 3971 0 11293 0 0 0
cpu13 63125 37 38146 778552 3801 0 11542 0 0 0
cpu14 38273 28 31834 822771 1166 0 9435 0 0 0
cpu15 35908 31 29438 831890 1007 0 8569 0 0 0
cpu16 100339 14 40117 764075 583 0 21804 0 0 0
cpu17 95890 15 39165 769165 1441 0 21037 0 0 0
cpu18 93160 15 38332 774698 324 0 20341 0 0 0
cpu19 124859 16 49651 720414 811 0 30388 0 0 0
cpu20 116705 16 47549 732503 869 0 28849 0 0 0
cpu21 90480 16 37465 778016 772 0 19738 0 0 0
cpu22 85344 19 35941 785296 496 0 18312 0 0 0
cpu23 80402 20 34228 794593 592 0 16929 0 0 0
cpu24 41416 33 33044 818362 1304 0 10280 0 0 0
cpu25 45574 36 36303 801944 2398 0 12007 0 0 0
cpu26 43940 32 35594 806268 1800 0 11652 0 0 0
cpu27 37364 23 31721 810068 1479 0 18050 0 0 0
cpu28 63351 52 40796 760985 3173 0 23471 0 0 0
cpu29 66345 90 42012 754170 3024 0 23835 0 0 0
cpu30 36695 22 32872 805837 1286 0 17894 0 0 0
cpu31 40052 22 33517 818192 931 0 10234 0 0 0
intr 2323505764 126 0 0 0 0 0 0 0 0 1 0 0 0 0 0 0 0 0 0 0 0 0 0 0 0 0 0 1 1 1 0 0 0 0 1 0 1 0 0 75045 0 0 0 0 0 0 0 0 411 0 0 0 0 0 0 0 0 87 0 0 0 0 0 0 0 0 0 0 0 0 0 0 0 252248 2 35012556 34950094 34878391 35013716 0 7746 2745 3243 1840 3399 2790 2428 2752 1678 11473 20014 11547 8924 15002 16492 11744 7963 2979 2058 1674 3116 2416 2219 1739 1723 9683 8726 6434 6519 8189 7499 6973 8502 0 0 0 0 616633 3656 1036 0 264 0 0 0 0 0 0 0 0 0 0 0 0 0 0 0 0 0 0 0 0 0 0 0 0 0 0 0 0 0 0 0 0 0 0 0 0 0 0 0 0 0 0 0 0 0 0 0 0 0 0 0 0 0 0 0 0 0 0 0 0 0 0 0 0 0 0 0 0 0 0 0 0 0 0 0 0 0 0 0 0 0 0 0 0 0 0 0 0 0 0 0 0 0 0 0 0 0 0 0 0 0 0 0 0 0 0 0 0 0 0 0 0 0 0 0 0 0 0 0 0 0 0 0 0 0 0 0 0 0 0 0 0 0 0 0 0 0 0 0 0 0 0 0 0 0 0 0 0 0 0 0 0 0 0 0 0 0 0 0 0 0 0 0 0 0 0 0 0 0 0 0 0 0 0 0 0 0 0 0 0 0 0 0 0 0 0 0 0 0 0 0 0 0 0 0 0 0 0 0 0 0 0 0 0 0 0 0 0 0 0 0 0 0 0 0 0 0 0 0 0 0 0 0 0 0 0 0 0 0 0 0 0 0 0 0 0 0 0 0 0 0 0 0 0 0 0 0 0 0 0 0 0 0 0 0 0 0 0 0 0 0 0 0 0 0 0 0 0 0 0 0 0 0 0 0 0 0 0 0 0 0 0 0 0 0 0 0 0 0 0 0 0 0 0 0 0 0 0 0 0 0 0 0 0 0 0 0 0 0 0 0 0 0 0 0 0 0 0 0 0 0 0 0 0 0 0 0 0 0 0 0 0 0 0 0 0 0 0 0 0 0 0 0 0 0 0 0 0 0 0 0 0 0 0 0 0 0 0 0 0 0 0 0 0 0 0 0 0 0 0 0 0 0 0 0 0 0 0 0 0 0 0 0 0 0 0 0 0 0 0 0 0 0 0 0 0 0 0 0 0 0 0 0 0 0 0 0 0 0 0 0 0 0 0 0 0 0 0 0 0 0 0 0 0 0 0 0 0 0 0 0 0 0 0 0 0 0 0 0 0 0 0 0 0 0 0 0 0 0 0 0 0 0 0 0 0 0 0 0 0 0 0 0 0 0 0 0 0 0 0 0 0 0 0 0 0 0 0 0 0 0 0 0 0 0 0 0 0 0 0 0 0 0 0 0 0 0 0 0 0 0 0 0 0 0 0 0 0 0 0 0 0 0 0 0 0 0 0 0 0 0 0 0 0 0 0 0 0 0 0 0 0 0 0 0 0 0 0 0 0 0 0 0 0 0 0 0 0 0 0 0 0 0 0 0 0 0 0 0 0 0 0 0 0 0 0 0 0 0 0 0 0 0 0 0 0 0 0 0 0 0 0 0 0 0 0 0 0 0 0 0 0 0 0 0 0 0 0 0 0 0 0 0 0 0 0 0 0 0 0 0 0 0 0 0 0 0 0 0 0 0 0 0 0 0 0 0 0 0 0 0 0 0 0 0 0 0 0 0 0 0 0 0 0 0 0 0 0 0 0 0 0 0 0 0 0 0 0 0 0 0 0 0 0 0 0 0 0 0 0 0 0 0 0 0 0 0 0 0 0 0 0 0 0 0 0 0 0 0 0 0 0 0 0 0 0 0 0 0 0 0 0 0 0 0 0 0 0 0 0 0 0 0 0 0 0 0 0 0 0 0 0 0 0 0 0 0 0 0 0 0 0 0 0 0 0 0 0 0 0 0 0 0 0 0 0 0 0 0 0 0 0 0 0 0 0 0 0 0 0 0 0 0 0 0 0 0 0 0 0 0 0 0 0 0 0 0 0 0 0 0 0 0 0 0 0 0 0 0 0 0 0 0 0 0 0 0 0 0 0 0 0 0 0 0 0 0 0 0 0 0 0 0 0 0 0 0 0 0 0 0 0 0 0 0 0 0 0 0 0 0 0 0 0 0 0 0 0 0 0 0 0 0 0 0 0 0 0 0 0 0 0 0 0 0 0 0 0 0 0 0 0 0 0 0 0 0 0 0 0 0 0 0 0 0 0 0 0 0 0 0 0 0 0 0 0 0 0 0 0 0 0 0 0 0 0 0 0 0 0 0 0 0 0 0 0 0 0 0 0 0 0 0 0 0 0 0 0 0 0 0 0 0 0 0 0 0 0 0 0 0 0 0 0 0 0 0 0 0 0 0 0 0 0 0 0 0 0 0 0 0 0 0 0 0 0 0 0 0 0 0 0 0 0 0 0 0 0 0 0 0 0 0 0 0 0 0 0 0 0 0 0 0 0 0 0 0 0 0 0 0 0 0 0 0 0 0 0 0 0 0 0 0 0 0 0 0 0 0 0 0 0 0 0 0 0 0 0 0 0 0 0 0 0 0 0 0 0 0 0 0 0 0 0 0 0 0 0 0 0 0 0 0 0 0 0 0 0 0 0 0 0 0 0 0 0 0 0 0 0 0 0 0 0 0 0 0 0 0 0 0 0 0 0 0 0 0 0 0 0 0 0 0 0 0 0 0 0 0 0 0 0 0 0 0 0 0 0 0 0 0 0
ctxt 3472710930
btime 1790630938
processes 243580
procs_running 11
procs_blocked 0
softirq 3103913687 73526 6439321 2751974 3021129586 263941 0 13556660 35245253 410 24453016
