Running 10s test @ http://127.0.0.1:18500/json
  16 threads and 32 connections
  Thread Stats   Avg      Stdev     Max   +/- Stdev
    Latency   398.75us   64.64us   1.15ms   94.70%
    Req/Sec     5.04k    63.41     5.23k    71.23%
  Latency Distribution
     50%  387.00us
     75%  409.00us
     90%  435.00us
     99%  770.00us
  810543 requests in 10.10s, 111.31MB read
Requests/sec:  80251.96
Transfer/sec:     11.02MB
## server-stat
cpu  2229015 927 1172381 25010095 44071 0 537921 0 0 0
cpu0 78349 17 32943 787849 1033 0 16512 0 0 0
cpu1 81125 21 33535 787764 848 0 16374 0 0 0
cpu2 82241 18 33755 786959 536 0 16568 0 0 0
cpu3 102093 19 43222 748162 1320 0 24640 0 0 0
cpu4 108286 21 43448 742528 761 0 25169 0 0 0
cpu5 86502 21 35064 780722 519 0 17321 0 0 0
cpu6 87273 18 35573 779054 455 0 18183 0 0 0
cpu7 85845 16 35735 780503 271 0 18126 0 0 0
cpu8 37877 29 33200 812073 1370 0 9857 0 0 0
cpu9 43154 34 35728 796158 3266 0 10563 0 0 0
cpu10 41607 32 34698 801663 1561 0 10512 0 0 0
cpu11 38624 28 32344 813689 984 0 9621 0 0 0
cpu12 65083 104 37517 772079 3970 0 11248 0 0 0
cpu13 63021 37 38074 772707 3792 0 11498 0 0 0
cpu14 38258 28 31793 816712 1138 0 9403 0 0 0
cpu15 35898 31 29412 825711 992 0 8545 0 0 0
cpu16 99222 14 39911 759247 582 0 21701 0 0 0
cpu17 94986 15 38953 764138 1441 0 20927 0 0 0
cpu18 92396 15 38114 769525 324 0 20231 0 0 0
cpu19 123330 16 49444 715980 811 0 30288 0 0 0
cpu20 115121 16 47349 728135 869 0 28745 0 0 0
cpu21 89760 16 37250 772811 772 0 19637 0 0 0
cpu22 84704 19 35730 779985 496 0 18210 0 0 0
cpu23 79798 20 34032 789198 592 0 16832 0 0 0
cpu24 41402 33 33014 812186 1292 0 10254 0 0 0
cpu25 45549 36 36260 795806 2397 0 11976 0 0 0
cpu26 43925 32 35562 800093 1799 0 11626 0 0 0
cpu27 37352 22 31693 803869 1479 0 18026 0 0 0
cpu28 63244 52 40738 754992 3172 0 23436 0 0 0
cpu29 66253 89 41950 748136 3019 0 23799 0 0 0
cpu30 36683 22 32842 799657 1271 0 17866 0 0 0
cpu31 40040 21 33486 811989 927 0 10212 0 0 0
intr 2305487456 126 0 0 0 0 0 0 0 0 1 0 0 0 0 0 0 0 0 0 0 0 0 0 0 0 0 0 1 1 1 0 0 0 0 1 0 1 0 0 75045 0 0 0 0 0 0 0 0 411 0 0 0 0 0 0 0 0 87 0 0 0 0 0 0 0 0 0 0 0 0 0 0 0 250894 2 35012257 34949567 34877891 35013469 0 7693 2745 3241 1836 3398 2790 2389 2750 1678 11469 20008 11544 8923 14869 16381 11735 7961 2978 2058 1673 3111 2416 2219 1739 1723 9683 8726 6420 6517 8168 7498 6972 8501 0 0 0 0 616629 3653 1036 0 264 0 0 0 0 0 0 0 0 0 0 0 0 0 0 0 0 0 0 0 0 0 0 0 0 0 0 0 0 0 0 0 0 0 0 0 0 0 0 0 0 0 0 0 0 0 0 0 0 0 0 0 0 0 0 0 0 0 0 0 0 0 0 0 0 0 0 0 0 0 0 0 0 0 0 0 0 0 0 0 0 0 0 0 0 0 0 0 0 0 0 0 0 0 0 0 0 0 0 0 0 0 0 0 0 0 0 0 0 0 0 0 0 0 0 0 0 0 0 0 0 0 0 0 0 0 0 0 0 0 0 0 0 0 0 0 0 0 0 0 0 0 0 0 0 0 0 0 0 0 0 0 0 0 0 0 0 0 0 0 0 0 0 0 0 0 0 0 0 0 0 0 0 0 0 0 0 0 0 0 0 0 0 0 0 0 0 0 0 0 0 0 0 0 0 0 0 0 0 0 0 0 0 0 0 0 0 0 0 0 0 0 0 0 0 0 0 0 0 0 0 0 0 0 0 0 0 0 0 0 0 0 0 0 0 0 0 0 0 0 0 0 0 0 0 0 0 0 0 0 0 0 0 0 0 0 0 0 0 0 0 0 0 0 0 0 0 0 0 0 0 0 0 0 0 0 0 0 0 0 0 0 0 0 0 0 0 0 0 0 0 0 0 0 0 0 0 0 0 0 0 0 0 0 0 0 0 0 0 0 0 0 0 0 0 0 0 0 0 0 0 0 0 0 0 0 0 0 0 0 0 0 0 0 0 0 0 0 0 0 0 0 0 0 0 0 0 0 0 0 0 0 0 0 0 0 0 0 0 0 0 0 0 0 0 0 0 0 0 0 0 0 0 0 0 0 0 0 0 0 0 0 0 0 0 0 0 0 0 0 0 0 0 0 0 0 0 0 0 0 0 0 0 0 0 0 0 0 0 0 0 0 0 0 0 0 0 0 0 0 0 0 0 0 0 0 0 0 0 0 0 0 0 0 0 0 0 0 0 0 0 0 0 0 0 0 0 0 0 0 0 0 0 0 0 0 0 0 0 0 0 0 0 0 0 0 0 0 0 0 0 0 0 0 0 0 0 0 0 0 0 0 0 0 0 0 0 0 0 0 0 0 0 0 0 0 0 0 0 0 0 0 0 0 0 0 0 0 0 0 0 0 0 0 0 0 0 0 0 0 0 0 0 0 0 0 0 0 0 0 0 0 0 0 0 0 0 0 0 0 0 0 0 0 0 0 0 0 0 0 0 0 0 0 0 0 0 0 0 0 0 0 0 0 0 0 0 0 0 0 0 0 0 0 0 0 0 0 0 0 0 0 0 0 0 0 0 0 0 0 0 0 0 0 0 0 0 0 0 0 0 0 0 0 0 0 0 0 0 0 0 0 0 0 0 0 0 0 0 0 0 0 0 0 0 0 0 0 0 0 0 0 0 0 0 0 0 0 0 0 0 0 0 0 0 0 0 0 0 0 0 0 0 0 0 0 0 0 0 0 0 0 0 0 0 0 0 0 0 0 0 0 0 0 0 0 0 0 0 0 0 0 0 0 0 0 0 0 0 0 0 0 0 0 0 0 0 0 0 0 0 0 0 0 0 0 0 0 0 0 0 0 0 0 0 0 0 0 0 0 0 0 0 0 0 0 0 0 0 0 0 0 0 0 0 0 0 0 0 0 0 0 0 0 0 0 0 0 0 0 0 0 0 0 0 0 0 0 0 0 0 0 0 0 0 0 0 0 0 0 0 0 0 0 0 0 0 0 0 0 0 0 0 0 0 0 0 0 0 0 0 0 0 0 0 0 0 0 0 0 0 0 0 0 0 0 0 0 0 0 0 0 0 0 0 0 0 0 0 0 0 0 0 0 0 0 0 0 0 0 0 0 0 0 0 0 0 0 0 0 0 0 0 0 0 0 0 0 0 0 0 0 0 0 0 0 0 0 0 0 0 0 0 0 0 0 0 0 0 0 0 0 0 0 0 0 0 0 0 0 0 0 0 0 0 0 0 0 0 0 0 0 0 0 0 0 0 0 0 0 0 0 0 0 0 0 0 0 0 0 0 0 0 0 0 0 0 0 0 0 0 0 0 0 0 0 0 0 0 0 0 0 0 0 0 0 0 0 0 0 0 0 0 0 0 0 0 0 0 0 0 0 0 0 0 0 0 0 0 0 0 0 0 0 0 0 0 0 0 0 0 0 0 0 0 0 0 0 0 0 0 0 0 0 0 0 0 0 0 0 0 0 0 0 0 0 0 0 0 0 0 0 0 0 0 0 0 0 0 0 0 0 0 0 0 0 0 0 0 0 0 0 0 0 0 0 0 0 0 0 0 0 0 0 0 0 0 0 0 0 0 0 0 0 0 0 0 0 0 0 0 0 0 0 0 0 0 0 0 0 0 0 0 0 0 0 0 0 0 0 0 0 0 0 0 0 0 0 0 0 0 0 0 0 0 0 0 0 0 0 0 0 0 0 0 0 0 0 0 0 0 0 0
ctxt 3439614969
btime 1790630938
processes 242326
procs_running 5
procs_blocked 0
softirq 3086373746 73526 6394482 2751966 3004006071 262525 0 13556640 35038798 410 24289328
--
cpu  2229775 928 1172813 25032677 44074 0 538280 0 0 0
cpu0 78396 17 32971 788468 1033 0 16538 0 0 0
cpu1 81169 21 33562 788407 848 0 16398 0 0 0
cpu2 82280 18 33781 787619 536 0 16591 0 0 0
cpu3 102153 19 43251 748767 1320 0 24667 0 0 0
cpu4 108350 21 43478 743131 761 0 25195 0 0 0
cpu5 86541 21 35090 781381 519 0 17343 0 0 0
cpu6 87300 18 35593 779755 455 0 18199 0 0 0
cpu7 85867 16 35747 781232 271 0 18136 0 0 0
cpu8 37883 29 33202 812839 1370 0 9858 0 0 0
cpu9 43160 34 35732 796895 3266 0 10564 0 0 0
cpu10 41610 32 34703 802392 1561 0 10515 0 0 0
cpu11 38626 28 32346 814455 984 0 9622 0 0 0
cpu12 65089 104 37529 772760 3970 0 11255 0 0 0
cpu13 63034 37 38085 773397 3792 0 11504 0 0 0
cpu14 38260 28 31797 817454 1138 0 9404 0 0 0
cpu15 35899 31 29413 826481 992 0 8545 0 0 0
cpu16 99269 14 39936 759893 582 0 21719 0 0 0
cpu17 95029 15 38975 764797 1441 0 20947 0 0 0
cpu18 92437 15 38136 770197 324 0 20250 0 0 0
cpu19 123393 16 49475 716590 811 0 30315 0 0 0
cpu20 115185 16 47381 728730 869 0 28778 0 0 0
cpu21 89800 16 37270 773469 772 0 19656 0 0 0
cpu22 84731 19 35745 780686 496 0 18223 0 0 0
cpu23 79816 20 34045 789939 592 0 16842 0 0 0
cpu24 41403 33 33014 812978 1292 0 10254 0 0 0
cpu25 45549 36 36261 796597 2397 0 11976 0 0 0
cpu26 43927 32 35562 800886 1799 0 11627 0 0 0
cpu27 37354 22 31693 804663 1479 0 18026 0 0 0
cpu28 63255 52 40743 755719 3172 0 23438 0 0 0
cpu29 66272 89 41954 748882 3019 0 23801 0 0 0
cpu30 36685 22 32844 800432 1271 0 17867 0 0 0
cpu31 40041 22 33487 812773 928 0 10213 0 0 0
intr 2308069727 126 0 0 0 0 0 0 0 0 1 0 0 0 0 0 0 0 0 0 0 0 0 0 0 0 0 0 1 1 1 0 0 0 0 1 0 1 0 0 75045 0 0 0 0 0 0 0 0 411 0 0 0 0 0 0 0 0 87 0 0 0 0 0 0 0 0 0 0 0 0 0 0 0 250894 2 35012304 34949626 34877953 35013484 0 7701 2745 3241 1839 3398 2790 2395 2750 1678 11470 20008 11544 8923 14869 16381 11735 7961 2978 2058 1673 3111 2416 2219 1739 1723 9683 8726 6420 6517 8168 7498 6972 8502 0 0 0 0 616629 3653 1036 0 264 0 0 0 0 0 0 0 0 0 0 0 0 0 0 0 0 0 0 0 0 0 0 0 0 0 0 0 0 0 0 0 0 0 0 0 0 0 0 0 0 0 0 0 0 0 0 0 0 0 0 0 0 0 0 0 0 0 0 0 0 0 0 0 0 0 0 0 0 0 0 0 0 0 0 0 0 0 0 0 0 0 0 0 0 0 0 0 0 0 0 0 0 0 0 0 0 0 0 0 0 0 0 0 0 0 0 0 0 0 0 0 0 0 0 0 0 0 0 0 0 0 0 0 0 0 0 0 0 0 0 0 0 0 0 0 0 0 0 0 0 0 0 0 0 0 0 0 0 0 0 0 0 0 0 0 0 0 0 0 0 0 0 0 0 0 0 0 0 0 0 0 0 0 0 0 0 0 0 0 0 0 0 0 0 0 0 0 0 0 0 0 0 0 0 0 0 0 0 0 0 0 0 0 0 0 0 0 0 0 0 0 0 0 0 0 0 0 0 0 0 0 0 0 0 0 0 0 0 0 0 0 0 0 0 0 0 0 0 0 0 0 0 0 0 0 0 0 0 0 0 0 0 0 0 0 0 0 0 0 0 0 0 0 0 0 0 0 0 0 0 0 0 0 0 0 0 0 0 0 0 0 0 0 0 0 0 0 0 0 0 0 0 0 0 0 0 0 0 0 0 0 0 0 0 0 0 0 0 0 0 0 0 0 0 0 0 0 0 0 0 0 0 0 0 0 0 0 0 0 0 0 0 0 0 0 0 0 0 0 0 0 0 0 0 0 0 0 0 0 0 0 0 0 0 0 0 0 0 0 0 0 0 0 0 0 0 0 0 0 0 0 0 0 0 0 0 0 0 0 0 0 0 0 0 0 0 0 0 0 0 0 0 0 0 0 0 0 0 0 0 0 0 0 0 0 0 0 0 0 0 0 0 0 0 0 0 0 0 0 0 0 0 0 0 0 0 0 0 0 0 0 0 0 0 0 0 0 0 0 0 0 0 0 0 0 0 0 0 0 0 0 0 0 0 0 0 0 0 0 0 0 0 0 0 0 0 0 0 0 0 0 0 0 0 0 0 0 0 0 0 0 0 0 0 0 0 0 0 0 0 0 0 0 0 0 0 0 0 0 0 0 0 0 0 0 0 0 0 0 0 0 0 0 0 0 0 0 0 0 0 0 0 0 0 0 0 0 0 0 0 0 0 0 0 0 0 0 0 0 0 0 0 0 0 0 0 0 0 0 0 0 0 0 0 0 0 0 0 0 0 0 0 0 0 0 0 0 0 0 0 0 0 0 0 0 0 0 0 0 0 0 0 0 0 0 0 0 0 0 0 0 0 0 0 0 0 0 0 0 0 0 0 0 0 0 0 0 0 0 0 0 0 0 0 0 0 0 0 0 0 0 0 0 0 0 0 0 0 0 0 0 0 0 0 0 0 0 0 0 0 0 0 0 0 0 0 0 0 0 0 0 0 0 0 0 0 0 0 0 0 0 0 0 0 0 0 0 0 0 0 0 0 0 0 0 0 0 0 0 0 0 0 0 0 0 0 0 0 0 0 0 0 0 0 0 0 0 0 0 0 0 0 0 0 0 0 0 0 0 0 0 0 0 0 0 0 0 0 0 0 0 0 0 0 0 0 0 0 0 0 0 0 0 0 0 0 0 0 0 0 0 0 0 0 0 0 0 0 0 0 0 0 0 0 0 0 0 0 0 0 0 0 0 0 0 0 0 0 0 0 0 0 0 0 0 0 0 0 0 0 0 0 0 0 0 0 0 0 0 0 0 0 0 0 0 0 0 0 0 0 0 0 0 0 0 0 0 0 0 0 0 0 0 0 0 0 0 0 0 0 0 0 0 0 0 0 0 0 0 0 0 0 0 0 0 0 0 0 0 0 0 0 0 0 0 0 0 0 0 0 0 0 0 0 0 0 0 0 0 0 0 0 0 0 0 0 0 0 0 0 0 0 0 0 0 0 0 0 0 0 0 0 0 0 0 0 0 0 0 0 0 0 0 0 0 0 0 0 0 0 0 0 0 0 0 0 0 0 0 0 0 0 0 0 0 0 0 0 0 0 0 0 0 0 0 0 0 0 0 0 0 0 0 0 0 0 0 0 0 0 0 0 0 0 0 0 0 0 0 0 0 0 0 0 0 0 0 0 0 0 0 0 0 0 0 0 0 0 0 0 0 0 0 0 0 0 0 0 0 0 0 0 0 0 0 0 0 0 0 0 0 0 0 0 0 0 0 0 0 0 0 0 0 0 0 0 0 0 0 0 0 0 0 0 0 0 0 0 0 0 0 0 0 0 0 0 0 0 0 0 0 0 0 0 0 0 0 0 0 0 0 0 0 0 0 0 0 0 0 0 0 0 0 0 0 0 0 0 0 0 0 0 0 0 0 0 0 0 0 0 0 0 0 0 0 0 0 0 0 0 0 0 0 0 0 0 0 0 0 0 0 0 0 0 0 0 0 0 0 0 0 0
ctxt 3444716794
btime 1790630938
processes 242397
procs_running 3
procs_blocked 0
softirq 3088983539 73526 6401629 2751966 3006574050 262533 0 13556640 35058203 410 24304582
