Running 10s test @ http://127.0.0.1:18500/
  16 threads and 32 connections
  Thread Stats   Avg      Stdev     Max   +/- Stdev
    Latency   199.08us   15.45us   1.91ms   84.17%
    Req/Sec    10.07k   502.12    10.98k    44.43%
  Latency Distribution
     50%  196.00us
     75%  212.00us
     90%  214.00us
     99%  218.00us
  1619695 requests in 10.10s, 194.63MB read
Requests/sec: 160367.35
Transfer/sec:     19.27MB
## server-stat
cpu  2257423 944 1181781 25620077 44524 0 544915 0 0 0
cpu0 79396 17 33212 806972 1034 0 16684 0 0 0
cpu1 82065 21 33790 807189 848 0 16518 0 0 0
cpu2 83071 18 34010 806499 553 0 16700 0 0 0
cpu3 106110 19 44486 762498 1320 0 25805 0 0 0
cpu4 112471 21 44814 756487 762 0 26472 0 0 0
cpu5 87271 21 35315 800355 523 0 17452 0 0 0
cpu6 87964 19 35805 798824 463 0 18301 0 0 0
cpu7 86512 17 35961 800371 272 0 18229 0 0 0
cpu8 37929 30 33269 832228 1372 0 9898 0 0 0
cpu9 43245 35 35853 815713 3303 0 10619 0 0 0
cpu10 41673 32 34813 821289 1598 0 10577 0 0 0
cpu11 38667 29 32413 833717 1014 0 9662 0 0 0
cpu12 65375 105 37720 791003 3985 0 11346 0 0 0
cpu13 63324 38 38298 791483 3852 0 11606 0 0 0
cpu14 38302 29 31889 836429 1187 0 9460 0 0 0
cpu15 35933 31 29475 845807 1009 0 8586 0 0 0
cpu16 100485 15 40148 778437 583 0 21822 0 0 0
cpu17 95976 15 39189 783600 1441 0 21048 0 0 0
cpu18 93234 16 38353 789139 324 0 20351 0 0 0
cpu19 127486 16 50623 730369 813 0 31418 0 0 0
cpu20 119122 16 48400 742897 869 0 29776 0 0 0
cpu21 90554 16 37484 792469 773 0 19749 0 0 0
cpu22 85407 20 35964 799768 497 0 18321 0 0 0
cpu23 80456 20 34248 809079 594 0 16938 0 0 0
cpu24 41439 34 33074 832390 1314 0 10294 0 0 0
cpu25 45621 36 36350 815811 2403 0 12026 0 0 0
cpu26 43984 32 35635 820179 1824 0 11667 0 0 0
cpu27 37381 23 31746 824272 1480 0 18061 0 0 0
cpu28 63582 53 40883 774569 3203 0 23499 0 0 0
cpu29 66582 90 42107 767683 3080 0 23868 0 0 0
cpu30 36723 23 32905 820019 1286 0 17909 0 0 0
cpu31 40068 23 33538 832518 933 0 10242 0 0 0
intr 2343017834 126 0 0 0 0 0 0 0 0 1 0 0 0 0 0 0 0 0 0 0 0 0 0 0 0 0 0 1 1 1 0 0 0 0 1 0 1 0 0 75045 0 0 0 0 0 0 0 0 411 0 0 0 0 0 0 0 0 87 0 0 0 0 0 0 0 0 0 0 0 0 0 0 0 254865 2 35013307 34951079 34879258 35014320 0 7864 2747 3247 1865 3399 2790 2429 2752 1678 11479 20083 11557 8932 15123 16495 11747 7965 2979 2062 1675 3147 2416 2219 1740 1734 9688 8738 6444 6638 8269 7613 6975 8504 0 0 0 0 616645 3679 1036 0 264 0 0 0 0 0 0 0 0 0 0 0 0 0 0 0 0 0 0 0 0 0 0 0 0 0 0 0 0 0 0 0 0 0 0 0 0 0 0 0 0 0 0 0 0 0 0 0 0 0 0 0 0 0 0 0 0 0 0 0 0 0 0 0 0 0 0 0 0 0 0 0 0 0 0 0 0 0 0 0 0 0 0 0 0 0 0 0 0 0 0 0 0 0 0 0 0 0 0 0 0 0 0 0 0 0 0 0 0 0 0 0 0 0 0 0 0 0 0 0 0 0 0 0 0 0 0 0 0 0 0 0 0 0 0 0 0 0 0 0 0 0 0 0 0 0 0 0 0 0 0 0 0 0 0 0 0 0 0 0 0 0 0 0 0 0 0 0 0 0 0 0 0 0 0 0 0 0 0 0 0 0 0 0 0 0 0 0 0 0 0 0 0 0 0 0 0 0 0 0 0 0 0 0 0 0 0 0 0 0 0 0 0 0 0 0 0 0 0 0 0 0 0 0 0 0 0 0 0 0 0 0 0 0 0 0 0 0 0 0 0 0 0 0 0 0 0 0 0 0 0 0 0 0 0 0 0 0 0 0 0 0 0 0 0 0 0 0 0 0 0 0 0 0 0 0 0 0 0 0 0 0 0 0 0 0 0 0 0 0 0 0 0 0 0 0 0 0 0 0 0 0 0 0 0 0 0 0 0 0 0 0 0 0 0 0 0 0 0 0 0 0 0 0 0 0 0 0 0 0 0 0 0 0 0 0 0 0 0 0 0 0 0 0 0 0 0 0 0 0 0 0 0 0 0 0 0 0 0 0 0 0 0 0 0 0 0 0 0 0 0 0 0 0 0 0 0 0 0 0 0 0 0 0 0 0 0 0 0 0 0 0 0 0 0 0 0 0 0 0 0 0 0 0 0 0 0 0 0 0 0 0 0 0 0 0 0 0 0 0 0 0 0 0 0 0 0 0 0 0 0 0 0 0 0 0 0 0 0 0 0 0 0 0 0 0 0 0 0 0 0 0 0 0 0 0 0 0 0 0 0 0 0 0 0 0 0 0 0 0 0 0 0 0 0 0 0 0 0 0 0 0 0 0 0 0 0 0 0 0 0 0 0 0 0 0 0 0 0 0 0 0 0 0 0 0 0 0 0 0 0 0 0 0 0 0 0 0 0 0 0 0 0 0 0 0 0 0 0 0 0 0 0 0 0 0 0 0 0 0 0 0 0 0 0 0 0 0 0 0 0 0 0 0 0 0 0 0 0 0 0 0 0 0 0 0 0 0 0 0 0 0 0 0 0 0 0 0 0 0 0 0 0 0 0 0 0 0 0 0 0 0 0 0 0 0 0 0 0 0 0 0 0 0 0 0 0 0 0 0 0 0 0 0 0 0 0 0 0 0 0 0 0 0 0 0 0 0 0 0 0 0 0 0 0 0 0 0 0 0 0 0 0 0 0 0 0 0 0 0 0 0 0 0 0 0 0 0 0 0 0 0 0 0 0 0 0 0 0 0 0 0 0 0 0 0 0 0 0 0 0 0 0 0 0 0 0 0 0 0 0 0 0 0 0 0 0 0 0 0 0 0 0 0 0 0 0 0 0 0 0 0 0 0 0 0 0 0 0 0 0 0 0 0 0 0 0 0 0 0 0 0 0 0 0 0 0 0 0 0 0 0 0 0 0 0 0 0 0 0 0 0 0 0 0 0 0 0 0 0 0 0 0 0 0 0 0 0 0 0 0 0 0 0 0 0 0 0 0 0 0 0 0 0 0 0 0 0 0 0 0 0 0 0 0 0 0 0 0 0 0 0 0 0 0 0 0 0 0 0 0 0 0 0 0 0 0 0 0 0 0 0 0 0 0 0 0 0 0 0 0 0 0 0 0 0 0 0 0 0 0 0 0 0 0 0 0 0 0 0 0 0 0 0 0 0 0 0 0 0 0 0 0 0 0 0 0 0 0 0 0 0 0 0 0 0 0 0 0 0 0 0 0 0 0 0 0 0 0 0 0 0 0 0 0 0 0 0 0 0 0 0 0 0 0 0 0 0 0 0 0 0 0 0 0 0 0 0 0 0 0 0 0 0 0 0 0 0 0 0 0 0 0 0 0 0 0 0 0 0 0 0 0 0 0 0 0 0 0 0 0 0 0 0 0 0 0 0 0 0 0 0 0 0 0 0 0 0 0 0 0 0 0 0 0 0 0 0 0 0 0 0 0 0 0 0 0 0 0 0 0 0 0 0 0 0 0 0 0 0 0 0 0 0 0 0 0 0 0 0 0 0 0 0 0 0 0 0 0 0 0 0 0 0 0 0 0 0 0 0 0 0 0 0 0 0 0 0 0 0 0 0 0 0 0 0 0 0 0 0 0 0 0 0 0 0 0 0 0 0 0 0 0 0 0 0 0 0 0 0 0 0 0 0 0 0 0 0 0 0 0 0 0 0 0 0 0 0 0 0 0 0 0 0 0 0 0 0 0 0 0 0 0
ctxt 3510809607
btime 1790630938
processes 246599
procs_running 5
procs_blocked 0
softirq 3140116250 73526 6510112 2751996 3056912607 266734 0 13556758 35437296 410 24606811
--
cpu  2258403 944 1182191 25643084 44554 0 545286 0 0 0
cpu0 79397 17 33212 807760 1034 0 16685 0 0 0
cpu1 82065 21 33790 807988 848 0 16518 0 0 0
cpu2 83071 18 34010 807299 553 0 16700 0 0 0
cpu3 106110 19 44486 763298 1320 0 25805 0 0 0
cpu4 112471 21 44814 757287 762 0 26472 0 0 0
cpu5 87271 21 35315 801154 523 0 17452 0 0 0
cpu6 87964 19 35805 799624 463 0 18301 0 0 0
cpu7 86512 17 35961 801169 272 0 18229 0 0 0
cpu8 37930 30 33270 832984 1372 0 9899 0 0 0
cpu9 43248 35 35858 816432 3317 0 10622 0 0 0
cpu10 41677 32 34816 822027 1599 0 10579 0 0 0
cpu11 38668 29 32416 834458 1014 0 9665 0 0 0
cpu12 65382 105 37726 791731 3985 0 11348 0 0 0
cpu13 63335 38 38307 792202 3853 0 11611 0 0 0
cpu14 38303 29 31891 837170 1187 0 9462 0 0 0
cpu15 35934 31 29477 846552 1009 0 8587 0 0 0
cpu16 100485 15 40148 779237 583 0 21822 0 0 0
cpu17 95976 15 39189 784399 1441 0 21048 0 0 0
cpu18 93234 16 38354 789938 324 0 20351 0 0 0
cpu19 127947 16 50799 730369 813 0 31581 0 0 0
cpu20 119579 16 48575 742897 869 0 29946 0 0 0
cpu21 90554 16 37484 793268 773 0 19749 0 0 0
cpu22 85407 20 35965 800567 497 0 18321 0 0 0
cpu23 80456 20 34248 809878 594 0 16938 0 0 0
cpu24 41439 34 33075 833135 1314 0 10296 0 0 0
cpu25 45628 36 36355 816547 2403 0 12029 0 0 0
cpu26 43986 33 35639 820913 1824 0 11669 0 0 0
cpu27 37383 23 31750 825019 1480 0 18063 0 0 0
cpu28 63584 53 40886 775300 3203 0 23503 0 0 0
cpu29 66600 90 42112 768401 3092 0 23871 0 0 0
cpu30 36725 23 32907 820777 1286 0 17910 0 0 0
cpu31 40069 23 33539 833285 933 0 10243 0 0 0
intr 2344326501 126 0 0 0 0 0 0 0 0 1 0 0 0 0 0 0 0 0 0 0 0 0 0 0 0 0 0 1 1 1 0 0 0 0 1 0 1 0 0 75045 0 0 0 0 0 0 0 0 411 0 0 0 0 0 0 0 0 87 0 0 0 0 0 0 0 0 0 0 0 0 0 0 0 255106 2 35013322 34951104 34879282 35014337 0 7872 2747 3247 1865 3399 2790 2429 2757 1678 11479 20083 11558 8932 15124 16495 11747 7965 2979 2062 1675 3147 2416 2219 1740 1734 9688 8738 6445 6638 8269 7613 6975 8510 0 0 0 0 616645 3679 1036 0 264 0 0 0 0 0 0 0 0 0 0 0 0 0 0 0 0 0 0 0 0 0 0 0 0 0 0 0 0 0 0 0 0 0 0 0 0 0 0 0 0 0 0 0 0 0 0 0 0 0 0 0 0 0 0 0 0 0 0 0 0 0 0 0 0 0 0 0 0 0 0 0 0 0 0 0 0 0 0 0 0 0 0 0 0 0 0 0 0 0 0 0 0 0 0 0 0 0 0 0 0 0 0 0 0 0 0 0 0 0 0 0 0 0 0 0 0 0 0 0 0 0 0 0 0 0 0 0 0 0 0 0 0 0 0 0 0 0 0 0 0 0 0 0 0 0 0 0 0 0 0 0 0 0 0 0 0 0 0 0 0 0 0 0 0 0 0 0 0 0 0 0 0 0 0 0 0 0 0 0 0 0 0 0 0 0 0 0 0 0 0 0 0 0 0 0 0 0 0 0 0 0 0 0 0 0 0 0 0 0 0 0 0 0 0 0 0 0 0 0 0 0 0 0 0 0 0 0 0 0 0 0 0 0 0 0 0 0 0 0 0 0 0 0 0 0 0 0 0 0 0 0 0 0 0 0 0 0 0 0 0 0 0 0 0 0 0 0 0 0 0 0 0 0 0 0 0 0 0 0 0 0 0 0 0 0 0 0 0 0 0 0 0 0 0 0 0 0 0 0 0 0 0 0 0 0 0 0 0 0 0 0 0 0 0 0 0 0 0 0 0 0 0 0 0 0 0 0 0 0 0 0 0 0 0 0 0 0 0 0 0 0 0 0 0 0 0 0 0 0 0 0 0 0 0 0 0 0 0 0 0 0 0 0 0 0 0 0 0 0 0 0 0 0 0 0 0 0 0 0 0 0 0 0 0 0 0 0 0 0 0 0 0 0 0 0 0 0 0 0 0 0 0 0 0 0 0 0 0 0 0 0 0 0 0 0 0 0 0 0 0 0 0 0 0 0 0 0 0 0 0 0 0 0 0 0 0 0 0 0 0 0 0 0 0 0 0 0 0 0 0 0 0 0 0 0 0 0 0 0 0 0 0 0 0 0 0 0 0 0 0 0 0 0 0 0 0 0 0 0 0 0 0 0 0 0 0 0 0 0 0 0 0 0 0 0 0 0 0 0 0 0 0 0 0 0 0 0 0 0 0 0 0 0 0 0 0 0 0 0 0 0 0 0 0 0 0 0 0 0 0 0 0 0 0 0 0 0 0 0 0 0 0 0 0 0 0 0 0 0 0 0 0 0 0 0 0 0 0 0 0 0 0 0 0 0 0 0 0 0 0 0 0 0 0 0 0 0 0 0 0 0 0 0 0 0 0 0 0 0 0 0 0 0 0 0 0 0 0 0 0 0 0 0 0 0 0 0 0 0 0 0 0 0 0 0 0 0 0 0 0 0 0 0 0 0 0 0 0 0 0 0 0 0 0 0 0 0 0 0 0 0 0 0 0 0 0 0 0 0 0 0 0 0 0 0 0 0 0 0 0 0 0 0 0 0 0 0 0 0 0 0 0 0 0 0 0 0 0 0 0 0 0 0 0 0 0 0 0 0 0 0 0 0 0 0 0 0 0 0 0 0 0 0 0 0 0 0 0 0 0 0 0 0 0 0 0 0 0 0 0 0 0 0 0 0 0 0 0 0 0 0 0 0 0 0 0 0 0 0 0 0 0 0 0 0 0 0 0 0 0 0 0 0 0 0 0 0 0 0 0 0 0 0 0 0 0 0 0 0 0 0 0 0 0 0 0 0 0 0 0 0 0 0 0 0 0 0 0 0 0 0 0 0 0 0 0 0 0 0 0 0 0 0 0 0 0 0 0 0 0 0 0 0 0 0 0 0 0 0 0 0 0 0 0 0 0 0 0 0 0 0 0 0 0 0 0 0 0 0 0 0 0 0 0 0 0 0 0 0 0 0 0 0 0 0 0 0 0 0 0 0 0 0 0 0 0 0 0 0 0 0 0 0 0 0 0 0 0 0 0 0 0 0 0 0 0 0 0 0 0 0 0 0 0 0 0 0 0 0 0 0 0 0 0 0 0 0 0 0 0 0 0 0 0 0 0 0 0 0 0 0 0 0 0 0 0 0 0 0 0 0 0 0 0 0 0 0 0 0 0 0 0 0 0 0 0 0 0 0 0 0 0 0 0 0 0 0 0 0 0 0 0 0 0 0 0 0 0 0 0 0 0 0 0 0 0 0 0 0 0 0 0 0 0 0 0 0 0 0 0 0 0 0 0 0 0 0 0 0 0 0 0 0 0 0 0 0 0 0 0 0 0 0 0 0 0 0 0 0 0 0 0 0 0 0 0 0 0 0 0 0 0 0 0 0 0 0 0 0 0 0 0 0 0 0 0 0 0 0 0 0 0 0 0 0 0 0 0 0 0 0 0 0 0 0 0 0 0 0 0 0 0 0 0 0 0 0 0 0 0 0 0 0 0 0 0 0 0 0 0 0 0 0 0 0 0 0 0 0 0 0 0
ctxt 3513320148
btime 1790630938
processes 246681
procs_running 3
procs_blocked 0
softirq 3142707213 73526 6513280 2751996 3059479532 266988 0 13556758 35448915 410 24615808
