Running 10s test @ http://127.0.0.1:18500/wait
  16 threads and 32 connections
  Thread Stats   Avg      Stdev     Max   +/- Stdev
    Latency    10.17ms  368.53us  10.83ms   83.40%
    Req/Sec   197.44      6.55   210.00     82.19%
  Latency Distribution
     50%   10.32ms
     75%   10.40ms
     90%   10.46ms
     99%   10.54ms
  31450 requests in 10.01s, 4.77MB read
Requests/sec:   3142.59
Transfer/sec:    487.96KB
## server-stat
cpu  2249740 935 1179035 25367830 44341 0 542518 0 0 0
cpu0 79392 17 33208 798580 1034 0 16679 0 0 0
cpu1 82061 21 33788 798722 848 0 16518 0 0 0
cpu2 83068 18 34008 798031 553 0 16699 0 0 0
cpu3 103480 19 43512 758614 1320 0 24826 0 0 0
cpu4 109913 21 43868 752493 762 0 25496 0 0 0
cpu5 87264 21 35312 791892 522 0 17452 0 0 0
cpu6 87959 19 35803 790357 463 0 18301 0 0 0
cpu7 86508 17 35958 791903 271 0 18229 0 0 0
cpu8 37911 29 33251 824077 1371 0 9894 0 0 0
cpu9 43214 35 35814 807832 3278 0 10609 0 0 0
cpu10 41647 32 34788 813373 1572 0 10567 0 0 0
cpu11 38654 28 32397 825614 1000 0 9658 0 0 0
cpu12 65280 104 37656 783387 3982 0 11325 0 0 0
cpu13 63212 38 38226 783965 3823 0 11584 0 0 0
cpu14 38285 28 31864 828480 1178 0 9452 0 0 0
cpu15 35922 31 29459 837695 1008 0 8581 0 0 0
cpu16 100474 15 40145 769980 583 0 21819 0 0 0
cpu17 95971 15 39187 775132 1441 0 21048 0 0 0
cpu18 93230 15 38350 780671 324 0 20351 0 0 0
cpu19 126627 16 50448 723069 813 0 31279 0 0 0
cpu20 118246 16 48213 735649 869 0 29613 0 0 0
cpu21 90550 16 37482 783999 773 0 19749 0 0 0
cpu22 85404 19 35961 791300 497 0 18321 0 0 0
cpu23 80455 20 34247 800608 592 0 16938 0 0 0
cpu24 41426 34 33061 824213 1305 0 10289 0 0 0
cpu25 45598 36 36333 807712 2398 0 12021 0 0 0
cpu26 43957 32 35618 812074 1810 0 11662 0 0 0
cpu27 37372 23 31735 815999 1479 0 18057 0 0 0
cpu28 63427 52 40841 766668 3173 0 23490 0 0 0
cpu29 66448 90 42062 759799 3066 0 23855 0 0 0
cpu30 36710 22 32891 811753 1286 0 17904 0 0 0
cpu31 40061 22 33531 824174 932 0 10240 0 0 0
intr 2333474712 126 0 0 0 0 0 0 0 0 1 0 0 0 0 0 0 0 0 0 0 0 0 0 0 0 0 0 1 1 1 0 0 0 0 1 0 1 0 0 75045 0 0 0 0 0 0 0 0 411 0 0 0 0 0 0 0 0 87 0 0 0 0 0 0 0 0 0 0 0 0 0 0 0 253260 2 35012879 34950405 34878782 35014061 0 7795 2747 3245 1858 3399 2790 2428 2752 1678 11475 20073 11551 8924 15122 16492 11747 7964 2979 2060 1675 3138 2416 2219 1740 1723 9685 8728 6435 6519 8235 7500 6975 8504 0 0 0 0 616637 3667 1036 0 264 0 0 0 0 0 0 0 0 0 0 0 0 0 0 0 0 0 0 0 0 0 0 0 0 0 0 0 0 0 0 0 0 0 0 0 0 0 0 0 0 0 0 0 0 0 0 0 0 0 0 0 0 0 0 0 0 0 0 0 0 0 0 0 0 0 0 0 0 0 0 0 0 0 0 0 0 0 0 0 0 0 0 0 0 0 0 0 0 0 0 0 0 0 0 0 0 0 0 0 0 0 0 0 0 0 0 0 0 0 0 0 0 0 0 0 0 0 0 0 0 0 0 0 0 0 0 0 0 0 0 0 0 0 0 0 0 0 0 0 0 0 0 0 0 0 0 0 0 0 0 0 0 0 0 0 0 0 0 0 0 0 0 0 0 0 0 0 0 0 0 0 0 0 0 0 0 0 0 0 0 0 0 0 0 0 0 0 0 0 0 0 0 0 0 0 0 0 0 0 0 0 0 0 0 0 0 0 0 0 0 0 0 0 0 0 0 0 0 0 0 0 0 0 0 0 0 0 0 0 0 0 0 0 0 0 0 0 0 0 0 0 0 0 0 0 0 0 0 0 0 0 0 0 0 0 0 0 0 0 0 0 0 0 0 0 0 0 0 0 0 0 0 0 0 0 0 0 0 0 0 0 0 0 0 0 0 0 0 0 0 0 0 0 0 0 0 0 0 0 0 0 0 0 0 0 0 0 0 0 0 0 0 0 0 0 0 0 0 0 0 0 0 0 0 0 0 0 0 0 0 0 0 0 0 0 0 0 0 0 0 0 0 0 0 0 0 0 0 0 0 0 0 0 0 0 0 0 0 0 0 0 0 0 0 0 0 0 0 0 0 0 0 0 0 0 0 0 0 0 0 0 0 0 0 0 0 0 0 0 0 0 0 0 0 0 0 0 0 0 0 0 0 0 0 0 0 0 0 0 0 0 0 0 0 0 0 0 0 0 0 0 0 0 0 0 0 0 0 0 0 0 0 0 0 0 0 0 0 0 0 0 0 0 0 0 0 0 0 0 0 0 0 0 0 0 0 0 0 0 0 0 0 0 0 0 0 0 0 0 0 0 0 0 0 0 0 0 0 0 0 0 0 0 0 0 0 0 0 0 0 0 0 0 0 0 0 0 0 0 0 0 0 0 0 0 0 0 0 0 0 0 0 0 0 0 0 0 0 0 0 0 0 0 0 0 0 0 0 0 0 0 0 0 0 0 0 0 0 0 0 0 0 0 0 0 0 0 0 0 0 0 0 0 0 0 0 0 0 0 0 0 0 0 0 0 0 0 0 0 0 0 0 0 0 0 0 0 0 0 0 0 0 0 0 0 0 0 0 0 0 0 0 0 0 0 0 0 0 0 0 0 0 0 0 0 0 0 0 0 0 0 0 0 0 0 0 0 0 0 0 0 0 0 0 0 0 0 0 0 0 0 0 0 0 0 0 0 0 0 0 0 0 0 0 0 0 0 0 0 0 0 0 0 0 0 0 0 0 0 0 0 0 0 0 0 0 0 0 0 0 0 0 0 0 0 0 0 0 0 0 0 0 0 0 0 0 0 0 0 0 0 0 0 0 0 0 0 0 0 0 0 0 0 0 0 0 0 0 0 0 0 0 0 0 0 0 0 0 0 0 0 0 0 0 0 0 0 0 0 0 0 0 0 0 0 0 0 0 0 0 0 0 0 0 0 0 0 0 0 0 0 0 0 0 0 0 0 0 0 0 0 0 0 0 0 0 0 0 0 0 0 0 0 0 0 0 0 0 0 0 0 0 0 0 0 0 0 0 0 0 0 0 0 0 0 0 0 0 0 0 0 0 0 0 0 0 0 0 0 0 0 0 0 0 0 0 0 0 0 0 0 0 0 0 0 0 0 0 0 0 0 0 0 0 0 0 0 0 0 0 0 0 0 0 0 0 0 0 0 0 0 0 0 0 0 0 0 0 0 0 0 0 0 0 0 0 0 0 0 0 0 0 0 0 0 0 0 0 0 0 0 0 0 0 0 0 0 0 0 0 0 0 0 0 0 0 0 0 0 0 0 0 0 0 0 0 0 0 0 0 0 0 0 0 0 0 0 0 0 0 0 0 0 0 0 0 0 0 0 0 0 0 0 0 0 0 0 0 0 0 0 0 0 0 0 0 0 0 0 0 0 0 0 0 0 0 0 0 0 0 0 0 0 0 0 0 0 0 0 0 0 0 0 0 0 0 0 0 0 0 0 0 0 0 0 0 0 0 0 0 0 0 0 0 0 0 0 0 0 0 0 0 0 0 0 0 0 0 0 0 0 0 0 0 0 0 0 0 0 0 0 0 0 0 0 0 0 0 0 0 0 0 0 0 0 0 0 0 0 0 0 0 0 0 0 0 0 0 0 0 0 0 0 0 0 0 0 0 0 0 0 0 0 0 0 0 0 0 0 0 0 0 0 0 0 0 0 0 0 0 0 0 0 0 0 0 0 0 0 0 0 0 0 0 0 0 0 0 0 0 0 0
ctxt 3492549330
btime 1790630938
processes 244828
procs_running 1
procs_blocked 0
softirq 3121043066 73526 6472089 2751984 3038063120 265022 0 13556711 35335045 410 24525159
--
cpu  2249827 936 1179053 25393261 44357 0 542525 0 0 0
cpu0 79392 17 33208 799378 1034 0 16680 0 0 0
cpu1 82061 21 33788 799521 848 0 16518 0 0 0
cpu2 83068 18 34009 798831 553 0 16699 0 0 0
cpu3 103492 19 43518 759389 1320 0 24831 0 0 0
cpu4 109916 21 43869 753289 762 0 25497 0 0 0
cpu5 87264 21 35312 792692 522 0 17452 0 0 0
cpu6 87959 19 35803 791157 463 0 18301 0 0 0
cpu7 86508 17 35958 792703 271 0 18229 0 0 0
cpu8 37913 29 33252 824872 1371 0 9894 0 0 0
cpu9 43215 35 35816 808626 3279 0 10609 0 0 0
cpu10 41649 32 34788 814168 1572 0 10567 0 0 0
cpu11 38655 28 32397 826410 1000 0 9658 0 0 0
cpu12 65295 104 37658 784164 3984 0 11325 0 0 0
cpu13 63217 38 38229 784746 3830 0 11584 0 0 0
cpu14 38287 29 31864 829268 1185 0 9452 0 0 0
cpu15 35922 31 29460 838492 1008 0 8581 0 0 0
cpu16 100474 15 40145 770779 583 0 21819 0 0 0
cpu17 95971 15 39187 775932 1441 0 21048 0 0 0
cpu18 93230 16 38351 781471 324 0 20351 0 0 0
cpu19 126628 16 50448 723868 813 0 31279 0 0 0
cpu20 118246 16 48213 736449 869 0 29613 0 0 0
cpu21 90550 16 37482 784799 773 0 19749 0 0 0
cpu22 85404 19 35961 792100 497 0 18321 0 0 0
cpu23 80455 20 34247 801408 592 0 16938 0 0 0
cpu24 41427 34 33061 825009 1305 0 10289 0 0 0
cpu25 45600 36 36333 808509 2398 0 12021 0 0 0
cpu26 43958 32 35618 812870 1810 0 11662 0 0 0
cpu27 37373 23 31735 816796 1479 0 18057 0 0 0
cpu28 63442 52 40842 767451 3173 0 23490 0 0 0
cpu29 66467 90 42063 760578 3066 0 23855 0 0 0
cpu30 36710 22 32892 812552 1286 0 17904 0 0 0
cpu31 40064 22 33531 824970 932 0 10240 0 0 0
intr 2333572364 126 0 0 0 0 0 0 0 0 1 0 0 0 0 0 0 0 0 0 0 0 0 0 0 0 0 0 1 1 1 0 0 0 0 1 0 1 0 0 75045 0 0 0 0 0 0 0 0 411 0 0 0 0 0 0 0 0 87 0 0 0 0 0 0 0 0 0 0 0 0 0 0 0 253390 2 35012912 34950442 34878814 35014086 0 7803 2747 3245 1865 3399 2790 2428 2752 1678 11475 20073 11551 8924 15122 16492 11747 7964 2979 2060 1675 3141 2416 2219 1740 1723 9685 8728 6435 6519 8235 7500 6975 8504 0 0 0 0 616637 3667 1036 0 264 0 0 0 0 0 0 0 0 0 0 0 0 0 0 0 0 0 0 0 0 0 0 0 0 0 0 0 0 0 0 0 0 0 0 0 0 0 0 0 0 0 0 0 0 0 0 0 0 0 0 0 0 0 0 0 0 0 0 0 0 0 0 0 0 0 0 0 0 0 0 0 0 0 0 0 0 0 0 0 0 0 0 0 0 0 0 0 0 0 0 0 0 0 0 0 0 0 0 0 0 0 0 0 0 0 0 0 0 0 0 0 0 0 0 0 0 0 0 0 0 0 0 0 0 0 0 0 0 0 0 0 0 0 0 0 0 0 0 0 0 0 0 0 0 0 0 0 0 0 0 0 0 0 0 0 0 0 0 0 0 0 0 0 0 0 0 0 0 0 0 0 0 0 0 0 0 0 0 0 0 0 0 0 0 0 0 0 0 0 0 0 0 0 0 0 0 0 0 0 0 0 0 0 0 0 0 0 0 0 0 0 0 0 0 0 0 0 0 0 0 0 0 0 0 0 0 0 0 0 0 0 0 0 0 0 0 0 0 0 0 0 0 0 0 0 0 0 0 0 0 0 0 0 0 0 0 0 0 0 0 0 0 0 0 0 0 0 0 0 0 0 0 0 0 0 0 0 0 0 0 0 0 0 0 0 0 0 0 0 0 0 0 0 0 0 0 0 0 0 0 0 0 0 0 0 0 0 0 0 0 0 0 0 0 0 0 0 0 0 0 0 0 0 0 0 0 0 0 0 0 0 0 0 0 0 0 0 0 0 0 0 0 0 0 0 0 0 0 0 0 0 0 0 0 0 0 0 0 0 0 0 0 0 0 0 0 0 0 0 0 0 0 0 0 0 0 0 0 0 0 0 0 0 0 0 0 0 0 0 0 0 0 0 0 0 0 0 0 0 0 0 0 0 0 0 0 0 0 0 0 0 0 0 0 0 0 0 0 0 0 0 0 0 0 0 0 0 0 0 0 0 0 0 0 0 0 0 0 0 0 0 0 0 0 0 0 0 0 0 0 0 0 0 0 0 0 0 0 0 0 0 0 0 0 0 0 0 0 0 0 0 0 0 0 0 0 0 0 0 0 0 0 0 0 0 0 0 0 0 0 0 0 0 0 0 0 0 0 0 0 0 0 0 0 0 0 0 0 0 0 0 0 0 0 0 0 0 0 0 0 0 0 0 0 0 0 0 0 0 0 0 0 0 0 0 0 0 0 0 0 0 0 0 0 0 0 0 0 0 0 0 0 0 0 0 0 0 0 0 0 0 0 0 0 0 0 0 0 0 0 0 0 0 0 0 0 0 0 0 0 0 0 0 0 0 0 0 0 0 0 0 0 0 0 0 0 0 0 0 0 0 0 0 0 0 0 0 0 0 0 0 0 0 0 0 0 0 0 0 0 0 0 0 0 0 0 0 0 0 0 0 0 0 0 0 0 0 0 0 0 0 0 0 0 0 0 0 0 0 0 0 0 0 0 0 0 0 0 0 0 0 0 0 0 0 0 0 0 0 0 0 0 0 0 0 0 0 0 0 0 0 0 0 0 0 0 0 0 0 0 0 0 0 0 0 0 0 0 0 0 0 0 0 0 0 0 0 0 0 0 0 0 0 0 0 0 0 0 0 0 0 0 0 0 0 0 0 0 0 0 0 0 0 0 0 0 0 0 0 0 0 0 0 0 0 0 0 0 0 0 0 0 0 0 0 0 0 0 0 0 0 0 0 0 0 0 0 0 0 0 0 0 0 0 0 0 0 0 0 0 0 0 0 0 0 0 0 0 0 0 0 0 0 0 0 0 0 0 0 0 0 0 0 0 0 0 0 0 0 0 0 0 0 0 0 0 0 0 0 0 0 0 0 0 0 0 0 0 0 0 0 0 0 0 0 0 0 0 0 0 0 0 0 0 0 0 0 0 0 0 0 0 0 0 0 0 0 0 0 0 0 0 0 0 0 0 0 0 0 0 0 0 0 0 0 0 0 0 0 0 0 0 0 0 0 0 0 0 0 0 0 0 0 0 0 0 0 0 0 0 0 0 0 0 0 0 0 0 0 0 0 0 0 0 0 0 0 0 0 0 0 0 0 0 0 0 0 0 0 0 0 0 0 0 0 0 0 0 0 0 0 0 0 0 0 0 0 0 0 0 0 0 0 0 0 0 0 0 0 0 0 0 0 0 0 0 0 0 0 0 0 0 0 0 0 0 0 0 0 0 0 0 0 0 0 0 0 0 0 0 0 0 0 0 0 0 0 0 0 0 0 0 0 0 0 0 0 0 0 0 0 0 0 0 0 0 0 0 0 0 0 0 0 0 0 0 0 0 0 0 0 0 0 0 0 0 0 0 0 0 0 0 0 0 0 0 0 0 0 0 0 0 0 0 0 0 0 0 0 0 0 0 0 0 0 0 0 0 0 0 0 0 0 0 0 0 0 0 0 0 0 0 0 0 0 0 0 0 0 0 0 0 0 0 0 0 0 0 0 0 0 0
ctxt 3492706045
btime 1790630938
processes 244894
procs_running 1
procs_blocked 0
softirq 3121103669 73526 6474268 2751984 3038113693 265164 0 13556711 35339039 410 24528874
