Running 10s test @ http://127.0.0.1:18500/json
  16 threads and 32 connections
  Thread Stats   Avg      Stdev     Max   +/- Stdev
    Latency   133.74us   39.76us 644.00us   93.07%
    Req/Sec    15.08k     3.47k   20.32k    59.22%
  Latency Distribution
     50%  148.00us
     75%  150.00us
     90%  157.00us
     99%  300.00us
  2424611 requests in 10.10s, 344.53MB read
Requests/sec: 240061.80
Transfer/sec:     34.11MB
## server-stat
cpu  2253749 939 1180551 25492891 44450 0 543846 0 0 0
cpu0 79394 17 33209 802764 1034 0 16681 0 0 0
cpu1 82063 21 33790 802945 848 0 16518 0 0 0
cpu2 83069 18 34010 802255 553 0 16699 0 0 0
cpu3 105052 19 44088 760113 1320 0 25403 0 0 0
cpu4 111526 21 44455 753911 762 0 26106 0 0 0
cpu5 87269 21 35314 796111 523 0 17452 0 0 0
cpu6 87961 19 35803 794582 463 0 18301 0 0 0
cpu7 86510 17 35960 796128 272 0 18229 0 0 0
cpu8 37919 30 33260 828130 1371 0 9897 0 0 0
cpu9 43232 35 35839 811732 3298 0 10614 0 0 0
cpu10 41662 32 34804 817295 1572 0 10573 0 0 0
cpu11 38661 28 32407 829629 1001 0 9660 0 0 0
cpu12 65327 105 37696 787145 3984 0 11337 0 0 0
cpu13 63264 38 38263 787700 3830 0 11595 0 0 0
cpu14 38296 29 31879 832410 1185 0 9455 0 0 0
cpu15 35927 31 29467 841719 1009 0 8584 0 0 0
cpu16 100482 15 40147 774195 583 0 21822 0 0 0
cpu17 95972 15 39188 779358 1441 0 21048 0 0 0
cpu18 93230 16 38351 784898 324 0 20351 0 0 0
cpu19 126893 16 50498 726941 813 0 31318 0 0 0
cpu20 118434 16 48241 739637 869 0 29636 0 0 0
cpu21 90551 16 37483 788225 773 0 19749 0 0 0
cpu22 85407 19 35963 795524 497 0 18321 0 0 0
cpu23 80455 20 34248 804833 593 0 16938 0 0 0
cpu24 41434 34 33069 828277 1313 0 10291 0 0 0
cpu25 45610 36 36345 811727 2403 0 12024 0 0 0
cpu26 43978 32 35629 816102 1823 0 11665 0 0 0
cpu27 37378 23 31743 820119 1480 0 18060 0 0 0
cpu28 63486 52 40863 770599 3201 0 23495 0 0 0
cpu29 66508 90 42092 763673 3080 0 23863 0 0 0
cpu30 36715 22 32899 815866 1286 0 17906 0 0 0
cpu31 40066 23 33534 828332 932 0 10241 0 0 0
intr 2338747919 126 0 0 0 0 0 0 0 0 1 0 0 0 0 0 0 0 0 0 0 0 0 0 0 0 0 0 1 1 1 0 0 0 0 1 0 1 0 0 75045 0 0 0 0 0 0 0 0 411 0 0 0 0 0 0 0 0 87 0 0 0 0 0 0 0 0 0 0 0 0 0 0 0 254276 2 35013093 34950744 34878992 35014212 0 7831 2747 3246 1865 3399 2790 2428 2752 1678 11476 20078 11554 8925 15122 16494 11747 7964 2979 2060 1675 3147 2416 2219 1740 1732 9688 8737 6441 6638 8240 7501 6975 8504 0 0 0 0 616641 3667 1036 0 264 0 0 0 0 0 0 0 0 0 0 0 0 0 0 0 0 0 0 0 0 0 0 0 0 0 0 0 0 0 0 0 0 0 0 0 0 0 0 0 0 0 0 0 0 0 0 0 0 0 0 0 0 0 0 0 0 0 0 0 0 0 0 0 0 0 0 0 0 0 0 0 0 0 0 0 0 0 0 0 0 0 0 0 0 0 0 0 0 0 0 0 0 0 0 0 0 0 0 0 0 0 0 0 0 0 0 0 0 0 0 0 0 0 0 0 0 0 0 0 0 0 0 0 0 0 0 0 0 0 0 0 0 0 0 0 0 0 0 0 0 0 0 0 0 0 0 0 0 0 0 0 0 0 0 0 0 0 0 0 0 0 0 0 0 0 0 0 0 0 0 0 0 0 0 0 0 0 0 0 0 0 0 0 0 0 0 0 0 0 0 0 0 0 0 0 0 0 0 0 0 0 0 0 0 0 0 0 0 0 0 0 0 0 0 0 0 0 0 0 0 0 0 0 0 0 0 0 0 0 0 0 0 0 0 0 0 0 0 0 0 0 0 0 0 0 0 0 0 0 0 0 0 0 0 0 0 0 0 0 0 0 0 0 0 0 0 0 0 0 0 0 0 0 0 0 0 0 0 0 0 0 0 0 0 0 0 0 0 0 0 0 0 0 0 0 0 0 0 0 0 0 0 0 0 0 0 0 0 0 0 0 0 0 0 0 0 0 0 0 0 0 0 0 0 0 0 0 0 0 0 0 0 0 0 0 0 0 0 0 0 0 0 0 0 0 0 0 0 0 0 0 0 0 0 0 0 0 0 0 0 0 0 0 0 0 0 0 0 0 0 0 0 0 0 0 0 0 0 0 0 0 0 0 0 0 0 0 0 0 0 0 0 0 0 0 0 0 0 0 0 0 0 0 0 0 0 0 0 0 0 0 0 0 0 0 0 0 0 0 0 0 0 0 0 0 0 0 0 0 0 0 0 0 0 0 0 0 0 0 0 0 0 0 0 0 0 0 0 0 0 0 0 0 0 0 0 0 0 0 0 0 0 0 0 0 0 0 0 0 0 0 0 0 0 0 0 0 0 0 0 0 0 0 0 0 0 0 0 0 0 0 0 0 0 0 0 0 0 0 0 0 0 0 0 0 0 0 0 0 0 0 0 0 0 0 0 0 0 0 0 0 0 0 0 0 0 0 0 0 0 0 0 0 0 0 0 0 0 0 0 0 0 0 0 0 0 0 0 0 0 0 0 0 0 0 0 0 0 0 0 0 0 0 0 0 0 0 0 0 0 0 0 0 0 0 0 0 0 0 0 0 0 0 0 0 0 0 0 0 0 0 0 0 0 0 0 0 0 0 0 0 0 0 0 0 0 0 0 0 0 0 0 0 0 0 0 0 0 0 0 0 0 0 0 0 0 0 0 0 0 0 0 0 0 0 0 0 0 0 0 0 0 0 0 0 0 0 0 0 0 0 0 0 0 0 0 0 0 0 0 0 0 0 0 0 0 0 0 0 0 0 0 0 0 0 0 0 0 0 0 0 0 0 0 0 0 0 0 0 0 0 0 0 0 0 0 0 0 0 0 0 0 0 0 0 0 0 0 0 0 0 0 0 0 0 0 0 0 0 0 0 0 0 0 0 0 0 0 0 0 0 0 0 0 0 0 0 0 0 0 0 0 0 0 0 0 0 0 0 0 0 0 0 0 0 0 0 0 0 0 0 0 0 0 0 0 0 0 0 0 0 0 0 0 0 0 0 0 0 0 0 0 0 0 0 0 0 0 0 0 0 0 0 0 0 0 0 0 0 0 0 0 0 0 0 0 0 0 0 0 0 0 0 0 0 0 0 0 0 0 0 0 0 0 0 0 0 0 0 0 0 0 0 0 0 0 0 0 0 0 0 0 0 0 0 0 0 0 0 0 0 0 0 0 0 0 0 0 0 0 0 0 0 0 0 0 0 0 0 0 0 0 0 0 0 0 0 0 0 0 0 0 0 0 0 0 0 0 0 0 0 0 0 0 0 0 0 0 0 0 0 0 0 0 0 0 0 0 0 0 0 0 0 0 0 0 0 0 0 0 0 0 0 0 0 0 0 0 0 0 0 0 0 0 0 0 0 0 0 0 0 0 0 0 0 0 0 0 0 0 0 0 0 0 0 0 0 0 0 0 0 0 0 0 0 0 0 0 0 0 0 0 0 0 0 0 0 0 0 0 0 0 0 0 0 0 0 0 0 0 0 0 0 0 0 0 0 0 0 0 0 0 0 0 0 0 0 0 0 0 0 0 0 0 0 0 0 0 0 0 0 0 0 0 0 0 0 0 0 0 0 0 0 0 0 0 0 0 0 0 0 0 0 0 0 0 0 0 0 0 0 0 0 0 0 0 0 0 0 0 0 0 0 0 0 0 0 0 0 0 0 0 0 0 0 0 0 0 0 0 0 0 0 0 0 0 0 0 0 0 0 0 0 0 0 0 0 0 0 0 0 0
ctxt 3502745177
btime 1790630938
processes 245736
procs_running 5
procs_blocked 0
softirq 3131247516 73526 6486156 2751990 3048161662 266097 0 13556720 35386082 410 24564873
--
cpu  2254531 940 1181038 25515500 44451 0 544332 0 0 0
cpu0 79395 17 33211 803551 1034 0 16682 0 0 0
cpu1 82063 21 33790 803744 848 0 16518 0 0 0
cpu2 83071 18 34010 803053 553 0 16700 0 0 0
cpu3 105404 19 44299 760115 1320 0 25638 0 0 0
cpu4 111875 21 44672 753911 762 0 26340 0 0 0
cpu5 87269 21 35314 796911 523 0 17452 0 0 0
cpu6 87961 19 35803 795382 463 0 18301 0 0 0
cpu7 86511 17 35960 796926 272 0 18229 0 0 0
cpu8 37922 30 33263 828870 1371 0 9897 0 0 0
cpu9 43234 35 35845 812414 3298 0 10616 0 0 0
cpu10 41665 32 34807 817995 1572 0 10574 0 0 0
cpu11 38663 29 32408 830359 1001 0 9660 0 0 0
cpu12 65332 105 37702 787807 3984 0 11339 0 0 0
cpu13 63271 38 38271 788344 3831 0 11598 0 0 0
cpu14 38297 29 31883 833106 1185 0 9457 0 0 0
cpu15 35929 31 29469 842442 1009 0 8585 0 0 0
cpu16 100484 15 40147 774993 583 0 21822 0 0 0
cpu17 95974 15 39188 780156 1441 0 21048 0 0 0
cpu18 93231 16 38351 785698 324 0 20351 0 0 0
cpu19 126894 16 50498 727739 813 0 31318 0 0 0
cpu20 118434 16 48241 740437 869 0 29636 0 0 0
cpu21 90552 16 37483 789025 773 0 19749 0 0 0
cpu22 85407 20 35963 796323 497 0 18321 0 0 0
cpu23 80455 20 34248 805633 593 0 16938 0 0 0
cpu24 41436 34 33070 829009 1313 0 10292 0 0 0
cpu25 45614 36 36348 812434 2403 0 12025 0 0 0
cpu26 43979 32 35630 816820 1823 0 11665 0 0 0
cpu27 37379 23 31744 820883 1480 0 18060 0 0 0
cpu28 63498 53 40870 771303 3202 0 23496 0 0 0
cpu29 66533 90 42098 764372 3080 0 23865 0 0 0
cpu30 36718 22 32901 816625 1286 0 17907 0 0 0
cpu31 40067 23 33535 829105 932 0 10241 0 0 0
intr 2340715768 126 0 0 0 0 0 0 0 0 1 0 0 0 0 0 0 0 0 0 0 0 0 0 0 0 0 0 1 1 1 0 0 0 0 1 0 1 0 0 75045 0 0 0 0 0 0 0 0 411 0 0 0 0 0 0 0 0 87 0 0 0 0 0 0 0 0 0 0 0 0 0 0 0 254276 2 35013109 34950774 34879023 35014228 0 7835 2747 3246 1865 3399 2790 2428 2752 1678 11477 20078 11556 8925 15122 16494 11747 7964 2979 2060 1675 3147 2416 2219 1740 1732 9688 8737 6441 6638 8243 7501 6975 8504 0 0 0 0 616641 3667 1036 0 264 0 0 0 0 0 0 0 0 0 0 0 0 0 0 0 0 0 0 0 0 0 0 0 0 0 0 0 0 0 0 0 0 0 0 0 0 0 0 0 0 0 0 0 0 0 0 0 0 0 0 0 0 0 0 0 0 0 0 0 0 0 0 0 0 0 0 0 0 0 0 0 0 0 0 0 0 0 0 0 0 0 0 0 0 0 0 0 0 0 0 0 0 0 0 0 0 0 0 0 0 0 0 0 0 0 0 0 0 0 0 0 0 0 0 0 0 0 0 0 0 0 0 0 0 0 0 0 0 0 0 0 0 0 0 0 0 0 0 0 0 0 0 0 0 0 0 0 0 0 0 0 0 0 0 0 0 0 0 0 0 0 0 0 0 0 0 0 0 0 0 0 0 0 0 0 0 0 0 0 0 0 0 0 0 0 0 0 0 0 0 0 0 0 0 0 0 0 0 0 0 0 0 0 0 0 0 0 0 0 0 0 0 0 0 0 0 0 0 0 0 0 0 0 0 0 0 0 0 0 0 0 0 0 0 0 0 0 0 0 0 0 0 0 0 0 0 0 0 0 0 0 0 0 0 0 0 0 0 0 0 0 0 0 0 0 0 0 0 0 0 0 0 0 0 0 0 0 0 0 0 0 0 0 0 0 0 0 0 0 0 0 0 0 0 0 0 0 0 0 0 0 0 0 0 0 0 0 0 0 0 0 0 0 0 0 0 0 0 0 0 0 0 0 0 0 0 0 0 0 0 0 0 0 0 0 0 0 0 0 0 0 0 0 0 0 0 0 0 0 0 0 0 0 0 0 0 0 0 0 0 0 0 0 0 0 0 0 0 0 0 0 0 0 0 0 0 0 0 0 0 0 0 0 0 0 0 0 0 0 0 0 0 0 0 0 0 0 0 0 0 0 0 0 0 0 0 0 0 0 0 0 0 0 0 0 0 0 0 0 0 0 0 0 0 0 0 0 0 0 0 0 0 0 0 0 0 0 0 0 0 0 0 0 0 0 0 0 0 0 0 0 0 0 0 0 0 0 0 0 0 0 0 0 0 0 0 0 0 0 0 0 0 0 0 0 0 0 0 0 0 0 0 0 0 0 0 0 0 0 0 0 0 0 0 0 0 0 0 0 0 0 0 0 0 0 0 0 0 0 0 0 0 0 0 0 0 0 0 0 0 0 0 0 0 0 0 0 0 0 0 0 0 0 0 0 0 0 0 0 0 0 0 0 0 0 0 0 0 0 0 0 0 0 0 0 0 0 0 0 0 0 0 0 0 0 0 0 0 0 0 0 0 0 0 0 0 0 0 0 0 0 0 0 0 0 0 0 0 0 0 0 0 0 0 0 0 0 0 0 0 0 0 0 0 0 0 0 0 0 0 0 0 0 0 0 0 0 0 0 0 0 0 0 0 0 0 0 0 0 0 0 0 0 0 0 0 0 0 0 0 0 0 0 0 0 0 0 0 0 0 0 0 0 0 0 0 0 0 0 0 0 0 0 0 0 0 0 0 0 0 0 0 0 0 0 0 0 0 0 0 0 0 0 0 0 0 0 0 0 0 0 0 0 0 0 0 0 0 0 0 0 0 0 0 0 0 0 0 0 0 0 0 0 0 0 0 0 0 0 0 0 0 0 0 0 0 0 0 0 0 0 0 0 0 0 0 0 0 0 0 0 0 0 0 0 0 0 0 0 0 0 0 0 0 0 0 0 0 0 0 0 0 0 0 0 0 0 0 0 0 0 0 0 0 0 0 0 0 0 0 0 0 0 0 0 0 0 0 0 0 0 0 0 0 0 0 0 0 0 0 0 0 0 0 0 0 0 0 0 0 0 0 0 0 0 0 0 0 0 0 0 0 0 0 0 0 0 0 0 0 0 0 0 0 0 0 0 0 0 0 0 0 0 0 0 0 0 0 0 0 0 0 0 0 0 0 0 0 0 0 0 0 0 0 0 0 0 0 0 0 0 0 0 0 0 0 0 0 0 0 0 0 0 0 0 0 0 0 0 0 0 0 0 0 0 0 0 0 0 0 0 0 0 0 0 0 0 0 0 0 0 0 0 0 0 0 0 0 0 0 0 0 0 0 0 0 0 0 0 0 0 0 0 0 0 0 0 0 0 0 0 0 0 0 0 0 0 0 0 0 0 0 0 0 0 0 0 0 0 0 0 0 0 0 0 0 0 0 0 0 0 0 0 0 0 0 0 0 0 0 0 0 0 0 0 0 0 0 0 0 0 0 0 0 0 0 0 0 0 0 0 0 0 0 0 0 0 0 0 0 0 0 0 0 0 0 0 0 0 0 0 0 0 0 0 0 0 0 0 0 0 0 0 0 0 0 0 0 0 0 0 0 0 0 0 0 0 0 0 0 0 0 0 0 0 0 0 0 0 0 0 0 0 0 0 0 0 0 0 0 0 0 0 0 0 0 0 0 0 0 0 0 0 0 0 0 0 0 0 0 0 0 0 0 0 0 0 0 0 0 0 0
ctxt 3506597729
btime 1790630938
processes 245772
procs_running 5
procs_blocked 0
softirq 3135111296 73526 6489549 2751990 3052002614 266101 0 13556720 35397472 410 24572914
