Running 10s test @ http://127.0.0.1:18500/page
  16 threads and 128 connections
  Thread Stats   Avg      Stdev     Max   +/- Stdev
    Latency   642.52us  161.45us   3.57ms   63.73%
    Req/Sec    12.50k     1.18k   20.84k    77.37%
  Latency Distribution
     50%  680.00us
     75%  768.00us
     90%    0.85ms
     99%    0.88ms
  2006158 requests in 10.10s, 19.32GB read
Requests/sec: 198640.85
Transfer/sec:      1.91GB
## server-stat
cpu  2421883 984 1256878 26638894 45473 0 598807 0 0 0
cpu0 85922 17 35206 839325 1035 0 18320 0 0 0
cpu1 89502 22 35900 838886 848 0 18079 0 0 0
cpu2 91028 19 36351 837126 590 0 18581 0 0 0
cpu3 115368 20 47144 791285 1324 0 27916 0 0 0
cpu4 122312 21 47235 785318 786 0 28198 0 0 0
cpu5 96077 22 37701 830140 584 0 19274 0 0 0
cpu6 98489 19 38810 825844 463 0 20632 0 0 0
cpu7 97508 18 39308 826209 301 0 20843 0 0 0
cpu8 38238 31 34891 868710 1421 0 10762 0 0 0
cpu9 43623 37 37536 851718 3330 0 11519 0 0 0
cpu10 42026 34 36448 857541 1606 0 11454 0 0 0
cpu11 38948 30 33922 870592 1057 0 10476 0 0 0
cpu12 66111 107 39499 826712 4037 0 12262 0 0 0
cpu13 63997 40 40101 827080 3958 0 12548 0 0 0
cpu14 38577 30 33337 873619 1218 0 10248 0 0 0
cpu15 36179 33 30833 883363 1019 0 9339 0 0 0
cpu16 113271 16 43827 801848 585 0 24839 0 0 0
cpu17 107622 16 42886 808022 1442 0 24166 0 0 0
cpu18 104264 16 41795 814631 324 0 23282 0 0 0
cpu19 140052 17 54580 753363 818 0 34760 0 0 0
cpu20 130941 17 52551 766140 879 0 33458 0 0 0
cpu21 100819 17 40917 818649 799 0 22746 0 0 0
cpu22 93700 20 38818 829024 497 0 20802 0 0 0
cpu23 87852 20 36739 839892 595 0 19091 0 0 0
cpu24 41744 35 34601 869184 1359 0 11145 0 0 0
cpu25 46071 39 38123 851772 2431 0 12967 0 0 0
cpu26 44376 35 37361 856281 1850 0 12614 0 0 0
cpu27 37668 25 33316 860969 1485 0 18928 0 0 0
cpu28 64578 57 43075 808888 3260 0 24621 0 0 0
cpu29 67583 94 44372 801651 3260 0 24995 0 0 0
cpu30 37051 24 34542 856146 1331 0 18804 0 0 0
cpu31 40369 23 35137 868949 964 0 11122 0 0 0
intr 2490965425 126 0 0 0 0 0 0 0 0 1 0 0 0 0 0 0 0 0 0 0 0 0 0 0 0 0 0 1 1 1 0 0 0 0 1 0 1 0 0 75045 0 0 0 0 0 0 0 0 411 0 0 0 0 0 0 0 0 87 0 0 0 0 0 0 0 0 0 0 0 0 0 0 0 263884 2 35015507 34955123 34882068 35016609 0 8218 2748 3249 1918 3400 2792 2430 2757 1682 11522 20229 11674 9083 15369 16613 11822 8003 2984 2063 1677 3150 2420 2220 1742 1741 9838 8862 6564 6843 8470 7691 7001 8525 0 0 0 0 616673 3725 1036 0 264 0 0 0 0 0 0 0 0 0 0 0 0 0 0 0 0 0 0 0 0 0 0 0 0 0 0 0 0 0 0 0 0 0 0 0 0 0 0 0 0 0 0 0 0 0 0 0 0 0 0 0 0 0 0 0 0 0 0 0 0 0 0 0 0 0 0 0 0 0 0 0 0 0 0 0 0 0 0 0 0 0 0 0 0 0 0 0 0 0 0 0 0 0 0 0 0 0 0 0 0 0 0 0 0 0 0 0 0 0 0 0 0 0 0 0 0 0 0 0 0 0 0 0 0 0 0 0 0 0 0 0 0 0 0 0 0 0 0 0 0 0 0 0 0 0 0 0 0 0 0 0 0 0 0 0 0 0 0 0 0 0 0 0 0 0 0 0 0 0 0 0 0 0 0 0 0 0 0 0 0 0 0 0 0 0 0 0 0 0 0 0 0 0 0 0 0 0 0 0 0 0 0 0 0 0 0 0 0 0 0 0 0 0 0 0 0 0 0 0 0 0 0 0 0 0 0 0 0 0 0 0 0 0 0 0 0 0 0 0 0 0 0 0 0 0 0 0 0 0 0 0 0 0 0 0 0 0 0 0 0 0 0 0 0 0 0 0 0 0 0 0 0 0 0 0 0 0 0 0 0 0 0 0 0 0 0 0 0 0 0 0 0 0 0 0 0 0 0 0 0 0 0 0 0 0 0 0 0 0 0 0 0 0 0 0 0 0 0 0 0 0 0 0 0 0 0 0 0 0 0 0 0 0 0 0 0 0 0 0 0 0 0 0 0 0 0 0 0 0 0 0 0 0 0 0 0 0 0 0 0 0 0 0 0 0 0 0 0 0 0 0 0 0 0 0 0 0 0 0 0 0 0 0 0 0 0 0 0 0 0 0 0 0 0 0 0 0 0 0 0 0 0 0 0 0 0 0 0 0 0 0 0 0 0 0 0 0 0 0 0 0 0 0 0 0 0 0 0 0 0 0 0 0 0 0 0 0 0 0 0 0 0 0 0 0 0 0 0 0 0 0 0 0 0 0 0 0 0 0 0 0 0 0 0 0 0 0 0 0 0 0 0 0 0 0 0 0 0 0 0 0 0 0 0 0 0 0 0 0 0 0 0 0 0 0 0 0 0 0 0 0 0 0 0 0 0 0 0 0 0 0 0 0 0 0 0 0 0 0 0 0 0 0 0 0 0 0 0 0 0 0 0 0 0 0 0 0 0 0 0 0 0 0 0 0 0 0 0 0 0 0 0 0 0 0 0 0 0 0 0 0 0 0 0 0 0 0 0 0 0 0 0 0 0 0 0 0 0 0 0 0 0 0 0 0 0 0 0 0 0 0 0 0 0 0 0 0 0 0 0 0 0 0 0 0 0 0 0 0 0 0 0 0 0 0 0 0 0 0 0 0 0 0 0 0 0 0 0 0 0 0 0 0 0 0 0 0 0 0 0 0 0 0 0 0 0 0 0 0 0 0 0 0 0 0 0 0 0 0 0 0 0 0 0 0 0 0 0 0 0 0 0 0 0 0 0 0 0 0 0 0 0 0 0 0 0 0 0 0 0 0 0 0 0 0 0 0 0 0 0 0 0 0 0 0 0 0 0 0 0 0 0 0 0 0 0 0 0 0 0 0 0 0 0 0 0 0 0 0 0 0 0 0 0 0 0 0 0 0 0 0 0 0 0 0 0 0 0 0 0 0 0 0 0 0 0 0 0 0 0 0 0 0 0 0 0 0 0 0 0 0 0 0 0 0 0 0 0 0 0 0 0 0 0 0 0 0 0 0 0 0 0 0 0 0 0 0 0 0 0 0 0 0 0 0 0 0 0 0 0 0 0 0 0 0 0 0 0 0 0 0 0 0 0 0 0 0 0 0 0 0 0 0 0 0 0 0 0 0 0 0 0 0 0 0 0 0 0 0 0 0 0 0 0 0 0 0 0 0 0 0 0 0 0 0 0 0 0 0 0 0 0 0 0 0 0 0 0 0 0 0 0 0 0 0 0 0 0 0 0 0 0 0 0 0 0 0 0 0 0 0 0 0 0 0 0 0 0 0 0 0 0 0 0 0 0 0 0 0 0 0 0 0 0 0 0 0 0 0 0 0 0 0 0 0 0 0 0 0 0 0 0 0 0 0 0 0 0 0 0 0 0 0 0 0 0 0 0 0 0 0 0 0 0 0 0 0 0 0 0 0 0 0 0 0 0 0 0 0 0 0 0 0 0 0 0 0 0 0 0 0 0 0 0 0 0 0 0 0 0 0 0 0 0 0 0 0 0 0 0 0 0 0 0 0 0 0 0 0 0 0 0 0 0 0 0 0 0 0 0 0 0 0 0 0 0 0 0 0 0 0 0 0 0 0 0 0 0 0 0 0 0 0 0 0 0 0 0 0 0 0 0 0 0 0 0 0 0 0 0 0 0 0 0 0 0 0 0 0 0 0 0 0 0 0 0 0 0 0 0 0 0 0 0 0 0 0 0 0 0 0 0
ctxt 3783710842
btime 1790630938
processes 255612
procs_running 9
procs_blocked 0
softirq 3459413497 73526 6785545 2752057 3372814647 276254 0 13556968 37173250 410 25980840
--
cpu  2427145 986 1257814 26656605 45507 0 599341 0 0 0
cpu0 85922 17 35206 840104 1035 0 18320 0 0 0
cpu1 90143 22 35997 838886 848 0 18140 0 0 0
cpu2 91684 19 36436 837126 590 0 18641 0 0 0
cpu3 115368 20 47144 792083 1324 0 27916 0 0 0
cpu4 122964 21 47326 785318 786 0 28255 0 0 0
cpu5 96729 22 37792 830140 584 0 19332 0 0 0
cpu6 99137 19 38907 825844 463 0 20687 0 0 0
cpu7 98135 18 39413 826209 301 0 20911 0 0 0
cpu8 38244 31 34903 869425 1421 0 10765 0 0 0
cpu9 43628 37 37546 852422 3335 0 11523 0 0 0
cpu10 42031 34 36460 858249 1606 0 11458 0 0 0
cpu11 38951 30 33933 871308 1057 0 10479 0 0 0
cpu12 66120 107 39512 827412 4038 0 12267 0 0 0
cpu13 64002 40 40113 827781 3958 0 12553 0 0 0
cpu14 38580 31 33346 874338 1218 0 10251 0 0 0
cpu15 36182 33 30843 884083 1019 0 9342 0 0 0
cpu16 113923 16 43917 801848 585 0 24898 0 0 0
cpu17 107622 16 42886 808819 1442 0 24166 0 0 0
cpu18 104264 16 41795 815429 324 0 23282 0 0 0
cpu19 140700 17 54673 753363 818 0 34820 0 0 0
cpu20 130941 17 52551 766938 879 0 33458 0 0 0
cpu21 100819 17 40917 819447 799 0 22746 0 0 0
cpu22 93701 20 38819 829822 497 0 20802 0 0 0
cpu23 87852 20 36739 840690 595 0 19091 0 0 0
cpu24 41745 35 34612 869899 1360 0 11148 0 0 0
cpu25 46076 39 38136 852478 2433 0 12970 0 0 0
cpu26 44380 35 37373 856989 1851 0 12618 0 0 0
cpu27 37670 25 33327 861685 1485 0 18930 0 0 0
cpu28 64592 57 43091 809588 3260 0 24626 0 0 0
cpu29 67599 94 44385 802328 3281 0 25000 0 0 0
cpu30 37055 24 34554 856863 1334 0 18807 0 0 0
cpu31 40372 23 35148 869671 964 0 11125 0 0 0
intr 2492571042 126 0 0 0 0 0 0 0 0 1 0 0 0 0 0 0 0 0 0 0 0 0 0 0 0 0 0 1 1 1 0 0 0 0 1 0 1 0 0 75045 0 0 0 0 0 0 0 0 411 0 0 0 0 0 0 0 0 87 0 0 0 0 0 0 0 0 0 0 0 0 0 0 0 264185 2 35015524 34955172 34882079 35016627 0 8226 2748 3249 1918 3400 2792 2430 2757 1682 11522 20229 11679 9083 15369 16613 11822 8006 2984 2063 1677 3150 2420 2220 1742 1741 9842 8865 6564 6843 8470 7696 7002 8525 0 0 0 0 616673 3725 1036 0 264 0 0 0 0 0 0 0 0 0 0 0 0 0 0 0 0 0 0 0 0 0 0 0 0 0 0 0 0 0 0 0 0 0 0 0 0 0 0 0 0 0 0 0 0 0 0 0 0 0 0 0 0 0 0 0 0 0 0 0 0 0 0 0 0 0 0 0 0 0 0 0 0 0 0 0 0 0 0 0 0 0 0 0 0 0 0 0 0 0 0 0 0 0 0 0 0 0 0 0 0 0 0 0 0 0 0 0 0 0 0 0 0 0 0 0 0 0 0 0 0 0 0 0 0 0 0 0 0 0 0 0 0 0 0 0 0 0 0 0 0 0 0 0 0 0 0 0 0 0 0 0 0 0 0 0 0 0 0 0 0 0 0 0 0 0 0 0 0 0 0 0 0 0 0 0 0 0 0 0 0 0 0 0 0 0 0 0 0 0 0 0 0 0 0 0 0 0 0 0 0 0 0 0 0 0 0 0 0 0 0 0 0 0 0 0 0 0 0 0 0 0 0 0 0 0 0 0 0 0 0 0 0 0 0 0 0 0 0 0 0 0 0 0 0 0 0 0 0 0 0 0 0 0 0 0 0 0 0 0 0 0 0 0 0 0 0 0 0 0 0 0 0 0 0 0 0 0 0 0 0 0 0 0 0 0 0 0 0 0 0 0 0 0 0 0 0 0 0 0 0 0 0 0 0 0 0 0 0 0 0 0 0 0 0 0 0 0 0 0 0 0 0 0 0 0 0 0 0 0 0 0 0 0 0 0 0 0 0 0 0 0 0 0 0 0 0 0 0 0 0 0 0 0 0 0 0 0 0 0 0 0 0 0 0 0 0 0 0 0 0 0 0 0 0 0 0 0 0 0 0 0 0 0 0 0 0 0 0 0 0 0 0 0 0 0 0 0 0 0 0 0 0 0 0 0 0 0 0 0 0 0 0 0 0 0 0 0 0 0 0 0 0 0 0 0 0 0 0 0 0 0 0 0 0 0 0 0 0 0 0 0 0 0 0 0 0 0 0 0 0 0 0 0 0 0 0 0 0 0 0 0 0 0 0 0 0 0 0 0 0 0 0 0 0 0 0 0 0 0 0 0 0 0 0 0 0 0 0 0 0 0 0 0 0 0 0 0 0 0 0 0 0 0 0 0 0 0 0 0 0 0 0 0 0 0 0 0 0 0 0 0 0 0 0 0 0 0 0 0 0 0 0 0 0 0 0 0 0 0 0 0 0 0 0 0 0 0 0 0 0 0 0 0 0 0 0 0 0 0 0 0 0 0 0 0 0 0 0 0 0 0 0 0 0 0 0 0 0 0 0 0 0 0 0 0 0 0 0 0 0 0 0 0 0 0 0 0 0 0 0 0 0 0 0 0 0 0 0 0 0 0 0 0 0 0 0 0 0 0 0 0 0 0 0 0 0 0 0 0 0 0 0 0 0 0 0 0 0 0 0 0 0 0 0 0 0 0 0 0 0 0 0 0 0 0 0 0 0 0 0 0 0 0 0 0 0 0 0 0 0 0 0 0 0 0 0 0 0 0 0 0 0 0 0 0 0 0 0 0 0 0 0 0 0 0 0 0 0 0 0 0 0 0 0 0 0 0 0 0 0 0 0 0 0 0 0 0 0 0 0 0 0 0 0 0 0 0 0 0 0 0 0 0 0 0 0 0 0 0 0 0 0 0 0 0 0 0 0 0 0 0 0 0 0 0 0 0 0 0 0 0 0 0 0 0 0 0 0 0 0 0 0 0 0 0 0 0 0 0 0 0 0 0 0 0 0 0 0 0 0 0 0 0 0 0 0 0 0 0 0 0 0 0 0 0 0 0 0 0 0 0 0 0 0 0 0 0 0 0 0 0 0 0 0 0 0 0 0 0 0 0 0 0 0 0 0 0 0 0 0 0 0 0 0 0 0 0 0 0 0 0 0 0 0 0 0 0 0 0 0 0 0 0 0 0 0 0 0 0 0 0 0 0 0 0 0 0 0 0 0 0 0 0 0 0 0 0 0 0 0 0 0 0 0 0 0 0 0 0 0 0 0 0 0 0 0 0 0 0 0 0 0 0 0 0 0 0 0 0 0 0 0 0 0 0 0 0 0 0 0 0 0 0 0 0 0 0 0 0 0 0 0 0 0 0 0 0 0 0 0 0 0 0 0 0 0 0 0 0 0 0 0 0 0 0 0 0 0 0 0 0 0 0 0 0 0 0 0 0 0 0 0 0 0 0 0 0 0 0 0 0 0 0 0 0 0 0 0 0 0 0 0 0 0 0 0 0 0 0 0 0 0 0 0 0 0 0 0 0 0 0 0 0 0 0 0 0 0 0 0 0 0 0 0 0 0 0 0 0 0 0 0 0 0 0 0 0 0 0 0 0 0 0 0 0 0 0 0 0 0 0 0 0 0 0 0 0 0 0 0 0 0 0 0 0 0 0 0 0 0 0 0 0 0 0 0 0 0 0 0 0 0 0 0 0 0 0 0 0 0 0 0
ctxt 3786634558
btime 1790630938
processes 255683
procs_running 12
procs_blocked 0
softirq 3462624292 73526 6789868 2752057 3375984010 276566 0 13556968 37187081 410 26003806
