Running 10s test @ http://127.0.0.1:18500/
  16 threads and 128 connections
  Thread Stats   Avg      Stdev     Max   +/- Stdev
    Latency   147.59us   40.28us   3.13ms   62.36%
    Req/Sec    54.07k     6.93k   89.11k    53.44%
  Latency Distribution
     50%  139.00us
     75%  175.00us
     90%  204.00us
     99%  211.00us
  8679354 requests in 10.10s, 0.86GB read
Requests/sec: 859403.50
Transfer/sec:     86.88MB
## server-stat
cpu  2264562 949 1184688 25782123 44660 0 547234 0 0 0
cpu0 79561 17 33290 812188 1034 0 16762 0 0 0
cpu1 82172 22 33836 812570 848 0 16566 0 0 0
cpu2 83073 18 34011 812076 553 0 16702 0 0 0
cpu3 107443 19 44775 766229 1320 0 26035 0 0 0
cpu4 114282 21 45252 759465 762 0 26831 0 0 0
cpu5 87439 22 35388 805629 523 0 17522 0 0 0
cpu6 88040 19 35840 804267 463 0 18332 0 0 0
cpu7 86570 17 35991 805838 272 0 18256 0 0 0
cpu8 37945 30 33317 837505 1372 0 9922 0 0 0
cpu9 43274 36 35908 820884 3323 0 10645 0 0 0
cpu10 41697 32 34860 826490 1599 0 10604 0 0 0
cpu11 38684 29 32460 838946 1015 0 9690 0 0 0
cpu12 65477 106 37786 796061 4027 0 11376 0 0 0
cpu13 63431 39 38366 796565 3855 0 11638 0 0 0
cpu14 38316 30 31934 841660 1187 0 9483 0 0 0
cpu15 35952 32 29519 851060 1009 0 8609 0 0 0
cpu16 100548 15 40171 783916 583 0 21842 0 0 0
cpu17 96096 15 39237 788965 1441 0 21100 0 0 0
cpu18 93465 16 38444 794311 324 0 20443 0 0 0
cpu19 128807 16 51079 733757 814 0 31841 0 0 0
cpu20 119887 16 48707 747114 869 0 30076 0 0 0
cpu21 90614 16 37508 797950 773 0 19769 0 0 0
cpu22 85549 20 36029 805083 497 0 18385 0 0 0
cpu23 80613 20 34315 814370 594 0 17008 0 0 0
cpu24 41453 34 33120 837628 1315 0 10320 0 0 0
cpu25 45656 36 36405 821007 2404 0 12055 0 0 0
cpu26 44004 33 35689 825391 1824 0 11693 0 0 0
cpu27 37394 23 31793 829526 1480 0 18084 0 0 0
cpu28 63640 53 40942 779726 3205 0 23532 0 0 0
cpu29 66649 90 42169 772796 3132 0 23898 0 0 0
cpu30 36739 23 32951 825294 1294 0 17932 0 0 0
cpu31 40079 23 33581 837839 933 0 10269 0 0 0
intr 2350130137 126 0 0 0 0 0 0 0 0 1 0 0 0 0 0 0 0 0 0 0 0 0 0 0 0 0 0 1 1 1 0 0 0 0 1 0 1 0 0 75045 0 0 0 0 0 0 0 0 411 0 0 0 0 0 0 0 0 87 0 0 0 0 0 0 0 0 0 0 0 0 0 0 0 256078 2 35013567 34951401 34879552 35014563 0 7909 2747 3248 1865 3399 2790 2429 2757 1679 11479 20173 11560 8934 15129 16518 11748 7967 2980 2062 1675 3148 2416 2219 1740 1739 9693 8739 6445 6638 8285 7613 6975 8510 0 0 0 0 616649 3682 1036 0 264 0 0 0 0 0 0 0 0 0 0 0 0 0 0 0 0 0 0 0 0 0 0 0 0 0 0 0 0 0 0 0 0 0 0 0 0 0 0 0 0 0 0 0 0 0 0 0 0 0 0 0 0 0 0 0 0 0 0 0 0 0 0 0 0 0 0 0 0 0 0 0 0 0 0 0 0 0 0 0 0 0 0 0 0 0 0 0 0 0 0 0 0 0 0 0 0 0 0 0 0 0 0 0 0 0 0 0 0 0 0 0 0 0 0 0 0 0 0 0 0 0 0 0 0 0 0 0 0 0 0 0 0 0 0 0 0 0 0 0 0 0 0 0 0 0 0 0 0 0 0 0 0 0 0 0 0 0 0 0 0 0 0 0 0 0 0 0 0 0 0 0 0 0 0 0 0 0 0 0 0 0 0 0 0 0 0 0 0 0 0 0 0 0 0 0 0 0 0 0 0 0 0 0 0 0 0 0 0 0 0 0 0 0 0 0 0 0 0 0 0 0 0 0 0 0 0 0 0 0 0 0 0 0 0 0 0 0 0 0 0 0 0 0 0 0 0 0 0 0 0 0 0 0 0 0 0 0 0 0 0 0 0 0 0 0 0 0 0 0 0 0 0 0 0 0 0 0 0 0 0 0 0 0 0 0 0 0 0 0 0 0 0 0 0 0 0 0 0 0 0 0 0 0 0 0 0 0 0 0 0 0 0 0 0 0 0 0 0 0 0 0 0 0 0 0 0 0 0 0 0 0 0 0 0 0 0 0 0 0 0 0 0 0 0 0 0 0 0 0 0 0 0 0 0 0 0 0 0 0 0 0 0 0 0 0 0 0 0 0 0 0 0 0 0 0 0 0 0 0 0 0 0 0 0 0 0 0 0 0 0 0 0 0 0 0 0 0 0 0 0 0 0 0 0 0 0 0 0 0 0 0 0 0 0 0 0 0 0 0 0 0 0 0 0 0 0 0 0 0 0 0 0 0 0 0 0 0 0 0 0 0 0 0 0 0 0 0 0 0 0 0 0 0 0 0 0 0 0 0 0 0 0 0 0 0 0 0 0 0 0 0 0 0 0 0 0 0 0 0 0 0 0 0 0 0 0 0 0 0 0 0 0 0 0 0 0 0 0 0 0 0 0 0 0 0 0 0 0 0 0 0 0 0 0 0 0 0 0 0 0 0 0 0 0 0 0 0 0 0 0 0 0 0 0 0 0 0 0 0 0 0 0 0 0 0 0 0 0 0 0 0 0 0 0 0 0 0 0 0 0 0 0 0 0 0 0 0 0 0 0 0 0 0 0 0 0 0 0 0 0 0 0 0 0 0 0 0 0 0 0 0 0 0 0 0 0 0 0 0 0 0 0 0 0 0 0 0 0 0 0 0 0 0 0 0 0 0 0 0 0 0 0 0 0 0 0 0 0 0 0 0 0 0 0 0 0 0 0 0 0 0 0 0 0 0 0 0 0 0 0 0 0 0 0 0 0 0 0 0 0 0 0 0 0 0 0 0 0 0 0 0 0 0 0 0 0 0 0 0 0 0 0 0 0 0 0 0 0 0 0 0 0 0 0 0 0 0 0 0 0 0 0 0 0 0 0 0 0 0 0 0 0 0 0 0 0 0 0 0 0 0 0 0 0 0 0 0 0 0 0 0 0 0 0 0 0 0 0 0 0 0 0 0 0 0 0 0 0 0 0 0 0 0 0 0 0 0 0 0 0 0 0 0 0 0 0 0 0 0 0 0 0 0 0 0 0 0 0 0 0 0 0 0 0 0 0 0 0 0 0 0 0 0 0 0 0 0 0 0 0 0 0 0 0 0 0 0 0 0 0 0 0 0 0 0 0 0 0 0 0 0 0 0 0 0 0 0 0 0 0 0 0 0 0 0 0 0 0 0 0 0 0 0 0 0 0 0 0 0 0 0 0 0 0 0 0 0 0 0 0 0 0 0 0 0 0 0 0 0 0 0 0 0 0 0 0 0 0 0 0 0 0 0 0 0 0 0 0 0 0 0 0 0 0 0 0 0 0 0 0 0 0 0 0 0 0 0 0 0 0 0 0 0 0 0 0 0 0 0 0 0 0 0 0 0 0 0 0 0 0 0 0 0 0 0 0 0 0 0 0 0 0 0 0 0 0 0 0 0 0 0 0 0 0 0 0 0 0 0 0 0 0 0 0 0 0 0 0 0 0 0 0 0 0 0 0 0 0 0 0 0 0 0 0 0 0 0 0 0 0 0 0 0 0 0 0 0 0 0 0 0 0 0 0 0 0 0 0 0 0 0 0 0 0 0 0 0 0 0 0 0 0 0 0 0 0 0 0 0 0 0 0 0 0 0 0 0 0 0 0 0 0 0 0 0 0 0 0 0 0 0 0 0 0 0 0 0 0 0 0 0 0 0 0 0 0 0 0 0 0 0 0 0 0 0 0 0 0 0 0 0 0 0 0 0 0 0 0 0 0 0 0 0 0 0 0 0 0 0 0 0 0
ctxt 3524346807
btime 1790630938
processes 247820
procs_running 13
procs_blocked 0
softirq 3155905619 73526 6530731 2752004 3072532605 268029 0 13556781 35514524 410 24677009
--
cpu  2268229 950 1187332 25796543 44690 0 549367 0 0 0
cpu0 79561 17 33290 812968 1034 0 16764 0 0 0
cpu1 82172 22 33836 813369 848 0 16566 0 0 0
cpu2 83073 18 34011 812875 553 0 16702 0 0 0
cpu3 107695 19 44892 766543 1320 0 26151 0 0 0
cpu4 114283 21 45252 760264 762 0 26831 0 0 0
cpu5 87439 22 35388 806427 523 0 17522 0 0 0
cpu6 88040 19 35841 805066 463 0 18332 0 0 0
cpu7 86572 17 35992 806634 272 0 18256 0 0 0
cpu8 37959 30 33391 838016 1372 0 9961 0 0 0
cpu9 43285 36 35980 821394 3323 0 10683 0 0 0
cpu10 41708 33 34934 826996 1600 0 10642 0 0 0
cpu11 38693 29 32529 839459 1015 0 9729 0 0 0
cpu12 65487 106 37867 796567 4028 0 11418 0 0 0
cpu13 63443 39 38443 797065 3860 0 11683 0 0 0
cpu14 38326 30 32006 842180 1194 0 9520 0 0 0
cpu15 35961 32 29579 851593 1010 0 8643 0 0 0
cpu16 100995 15 40341 783916 583 0 22025 0 0 0
cpu17 96523 15 39426 788966 1441 0 21284 0 0 0
cpu18 93901 16 38620 794311 324 0 20631 0 0 0
cpu19 128981 16 51147 734239 816 0 31913 0 0 0
cpu20 120309 16 48897 747114 869 0 30264 0 0 0
cpu21 91039 16 37699 797950 773 0 19954 0 0 0
cpu22 85978 20 36215 805083 497 0 18571 0 0 0
cpu23 81044 20 34495 814370 594 0 17196 0 0 0
cpu24 41465 34 33189 838130 1315 0 10362 0 0 0
cpu25 45675 36 36484 821502 2404 0 12092 0 0 0
cpu26 44018 33 35765 825885 1824 0 11733 0 0 0
cpu27 37407 23 31858 830027 1481 0 18127 0 0 0
cpu28 63664 53 41021 780206 3210 0 23577 0 0 0
cpu29 66678 90 42257 773277 3135 0 23937 0 0 0
cpu30 36751 23 33022 825799 1294 0 17974 0 0 0
cpu31 40091 23 33649 838338 938 0 10309 0 0 0
intr 2355007821 126 0 0 0 0 0 0 0 0 1 0 0 0 0 0 0 0 0 0 0 0 0 0 0 0 0 0 1 1 1 0 0 0 0 1 0 1 0 0 75045 0 0 0 0 0 0 0 0 411 0 0 0 0 0 0 0 0 87 0 0 0 0 0 0 0 0 0 0 0 0 0 0 0 256338 2 35013587 34951432 34879581 35014580 0 7921 2747 3249 1865 3399 2790 2429 2757 1679 11479 20173 11560 8934 15129 16522 11748 7967 2980 2062 1675 3148 2416 2219 1740 1739 9695 8794 6446 6661 8285 7617 6975 8510 0 0 0 0 616649 3682 1036 0 264 0 0 0 0 0 0 0 0 0 0 0 0 0 0 0 0 0 0 0 0 0 0 0 0 0 0 0 0 0 0 0 0 0 0 0 0 0 0 0 0 0 0 0 0 0 0 0 0 0 0 0 0 0 0 0 0 0 0 0 0 0 0 0 0 0 0 0 0 0 0 0 0 0 0 0 0 0 0 0 0 0 0 0 0 0 0 0 0 0 0 0 0 0 0 0 0 0 0 0 0 0 0 0 0 0 0 0 0 0 0 0 0 0 0 0 0 0 0 0 0 0 0 0 0 0 0 0 0 0 0 0 0 0 0 0 0 0 0 0 0 0 0 0 0 0 0 0 0 0 0 0 0 0 0 0 0 0 0 0 0 0 0 0 0 0 0 0 0 0 0 0 0 0 0 0 0 0 0 0 0 0 0 0 0 0 0 0 0 0 0 0 0 0 0 0 0 0 0 0 0 0 0 0 0 0 0 0 0 0 0 0 0 0 0 0 0 0 0 0 0 0 0 0 0 0 0 0 0 0 0 0 0 0 0 0 0 0 0 0 0 0 0 0 0 0 0 0 0 0 0 0 0 0 0 0 0 0 0 0 0 0 0 0 0 0 0 0 0 0 0 0 0 0 0 0 0 0 0 0 0 0 0 0 0 0 0 0 0 0 0 0 0 0 0 0 0 0 0 0 0 0 0 0 0 0 0 0 0 0 0 0 0 0 0 0 0 0 0 0 0 0 0 0 0 0 0 0 0 0 0 0 0 0 0 0 0 0 0 0 0 0 0 0 0 0 0 0 0 0 0 0 0 0 0 0 0 0 0 0 0 0 0 0 0 0 0 0 0 0 0 0 0 0 0 0 0 0 0 0 0 0 0 0 0 0 0 0 0 0 0 0 0 0 0 0 0 0 0 0 0 0 0 0 0 0 0 0 0 0 0 0 0 0 0 0 0 0 0 0 0 0 0 0 0 0 0 0 0 0 0 0 0 0 0 0 0 0 0 0 0 0 0 0 0 0 0 0 0 0 0 0 0 0 0 0 0 0 0 0 0 0 0 0 0 0 0 0 0 0 0 0 0 0 0 0 0 0 0 0 0 0 0 0 0 0 0 0 0 0 0 0 0 0 0 0 0 0 0 0 0 0 0 0 0 0 0 0 0 0 0 0 0 0 0 0 0 0 0 0 0 0 0 0 0 0 0 0 0 0 0 0 0 0 0 0 0 0 0 0 0 0 0 0 0 0 0 0 0 0 0 0 0 0 0 0 0 0 0 0 0 0 0 0 0 0 0 0 0 0 0 0 0 0 0 0 0 0 0 0 0 0 0 0 0 0 0 0 0 0 0 0 0 0 0 0 0 0 0 0 0 0 0 0 0 0 0 0 0 0 0 0 0 0 0 0 0 0 0 0 0 0 0 0 0 0 0 0 0 0 0 0 0 0 0 0 0 0 0 0 0 0 0 0 0 0 0 0 0 0 0 0 0 0 0 0 0 0 0 0 0 0 0 0 0 0 0 0 0 0 0 0 0 0 0 0 0 0 0 0 0 0 0 0 0 0 0 0 0 0 0 0 0 0 0 0 0 0 0 0 0 0 0 0 0 0 0 0 0 0 0 0 0 0 0 0 0 0 0 0 0 0 0 0 0 0 0 0 0 0 0 0 0 0 0 0 0 0 0 0 0 0 0 0 0 0 0 0 0 0 0 0 0 0 0 0 0 0 0 0 0 0 0 0 0 0 0 0 0 0 0 0 0 0 0 0 0 0 0 0 0 0 0 0 0 0 0 0 0 0 0 0 0 0 0 0 0 0 0 0 0 0 0 0 0 0 0 0 0 0 0 0 0 0 0 0 0 0 0 0 0 0 0 0 0 0 0 0 0 0 0 0 0 0 0 0 0 0 0 0 0 0 0 0 0 0 0 0 0 0 0 0 0 0 0 0 0 0 0 0 0 0 0 0 0 0 0 0 0 0 0 0 0 0 0 0 0 0 0 0 0 0 0 0 0 0 0 0 0 0 0 0 0 0 0 0 0 0 0 0 0 0 0 0 0 0 0 0 0 0 0 0 0 0 0 0 0 0 0 0 0 0 0 0 0 0 0 0 0 0 0 0 0 0 0 0 0 0 0 0 0 0 0 0 0 0 0 0 0 0 0 0 0 0 0 0 0 0 0 0 0 0 0 0 0 0 0 0 0 0 0 0 0 0 0 0 0 0 0 0 0 0 0 0 0 0 0 0 0 0 0 0 0 0 0 0 0 0 0 0 0 0 0 0 0 0 0 0 0 0 0 0 0 0 0 0 0 0 0 0 0 0 0 0 0 0 0 0 0 0 0 0 0 0 0 0 0 0 0 0 0 0 0 0 0 0 0 0 0 0 0 0 0 0 0 0 0 0 0 0 0 0 0 0 0 0 0 0 0 0 0 0 0 0 0 0 0 0 0 0 0 0 0 0 0 0 0 0 0 0 0 0 0 0 0 0 0 0 0 0 0 0 0
ctxt 3533897310
btime 1790630938
processes 247894
procs_running 13
procs_blocked 0
softirq 3169704224 73526 6535722 2752004 3086262370 268304 0 13556781 35543263 410 24711844
