Running 10s test @ http://127.0.0.1:18500/wait
  16 threads and 128 connections
  Thread Stats   Avg      Stdev     Max   +/- Stdev
    Latency    10.19ms   47.89us  10.40ms   66.18%
    Req/Sec   788.46     15.40   808.00     71.26%
  Latency Distribution
     50%   10.19ms
     75%   10.22ms
     90%   10.25ms
     99%   10.26ms
  125949 requests in 10.10s, 12.85MB read
Requests/sec:  12473.63
Transfer/sec:      1.27MB
## server-stat
cpu  2274925 952 1191991 25837465 44716 0 553084 0 0 0
cpu0 79632 17 33325 814704 1034 0 16798 0 0 0
cpu1 82519 22 33984 814627 848 0 16716 0 0 0
cpu2 83076 18 34011 814773 554 0 16703 0 0 0
cpu3 108097 19 45056 767708 1320 0 26322 0 0 0
cpu4 114299 21 45254 762145 762 0 26833 0 0 0
cpu5 87492 22 35410 808237 523 0 17542 0 0 0
cpu6 88146 19 35883 806777 463 0 18373 0 0 0
cpu7 87115 17 36231 807527 272 0 18486 0 0 0
cpu8 37982 30 33509 839402 1372 0 10026 0 0 0
cpu9 43305 36 36100 822779 3323 0 10750 0 0 0
cpu10 41728 33 35058 828378 1600 0 10706 0 0 0
cpu11 38713 29 32651 840855 1015 0 9794 0 0 0
cpu12 65524 106 37996 797935 4028 0 11485 0 0 0
cpu13 63471 39 38568 798435 3861 0 11753 0 0 0
cpu14 38347 30 32126 843598 1195 0 9582 0 0 0
cpu15 35978 32 29689 853029 1010 0 8704 0 0 0
cpu16 101739 15 40616 784512 583 0 22315 0 0 0
cpu17 96955 15 39615 790074 1441 0 21459 0 0 0
cpu18 94664 16 38954 794781 324 0 20969 0 0 0
cpu19 129383 16 51318 735400 816 0 32081 0 0 0
cpu20 121094 16 49219 747580 869 0 30596 0 0 0
cpu21 91759 16 38019 798507 773 0 20261 0 0 0
cpu22 86658 20 36511 805727 497 0 18854 0 0 0
cpu23 81272 20 34595 815844 595 0 17299 0 0 0
cpu24 41486 34 33305 839512 1316 0 10427 0 0 0
cpu25 45701 36 36617 822870 2404 0 12163 0 0 0
cpu26 44043 33 35890 827253 1824 0 11805 0 0 0
cpu27 37429 23 31983 831405 1481 0 18193 0 0 0
cpu28 63698 53 41167 781549 3219 0 23646 0 0 0
cpu29 66719 90 42403 774625 3135 0 24007 0 0 0
cpu30 36774 23 33146 827175 1306 0 18044 0 0 0
cpu31 40113 23 33769 839724 938 0 10379 0 0 0
intr 2363700483 126 0 0 0 0 0 0 0 0 1 0 0 0 0 0 0 0 0 0 0 0 0 0 0 0 0 0 1 1 1 0 0 0 0 1 0 1 0 0 75045 0 0 0 0 0 0 0 0 411 0 0 0 0 0 0 0 0 87 0 0 0 0 0 0 0 0 0 0 0 0 0 0 0 256620 2 35013685 34951578 34879690 35014679 0 7937 2747 3249 1880 3399 2790 2429 2757 1679 11479 20173 11562 8934 15129 16528 11750 7967 2980 2062 1675 3149 2416 2219 1740 1739 9734 8794 6448 6663 8285 7617 6975 8511 0 0 0 0 616649 3682 1036 0 264 0 0 0 0 0 0 0 0 0 0 0 0 0 0 0 0 0 0 0 0 0 0 0 0 0 0 0 0 0 0 0 0 0 0 0 0 0 0 0 0 0 0 0 0 0 0 0 0 0 0 0 0 0 0 0 0 0 0 0 0 0 0 0 0 0 0 0 0 0 0 0 0 0 0 0 0 0 0 0 0 0 0 0 0 0 0 0 0 0 0 0 0 0 0 0 0 0 0 0 0 0 0 0 0 0 0 0 0 0 0 0 0 0 0 0 0 0 0 0 0 0 0 0 0 0 0 0 0 0 0 0 0 0 0 0 0 0 0 0 0 0 0 0 0 0 0 0 0 0 0 0 0 0 0 0 0 0 0 0 0 0 0 0 0 0 0 0 0 0 0 0 0 0 0 0 0 0 0 0 0 0 0 0 0 0 0 0 0 0 0 0 0 0 0 0 0 0 0 0 0 0 0 0 0 0 0 0 0 0 0 0 0 0 0 0 0 0 0 0 0 0 0 0 0 0 0 0 0 0 0 0 0 0 0 0 0 0 0 0 0 0 0 0 0 0 0 0 0 0 0 0 0 0 0 0 0 0 0 0 0 0 0 0 0 0 0 0 0 0 0 0 0 0 0 0 0 0 0 0 0 0 0 0 0 0 0 0 0 0 0 0 0 0 0 0 0 0 0 0 0 0 0 0 0 0 0 0 0 0 0 0 0 0 0 0 0 0 0 0 0 0 0 0 0 0 0 0 0 0 0 0 0 0 0 0 0 0 0 0 0 0 0 0 0 0 0 0 0 0 0 0 0 0 0 0 0 0 0 0 0 0 0 0 0 0 0 0 0 0 0 0 0 0 0 0 0 0 0 0 0 0 0 0 0 0 0 0 0 0 0 0 0 0 0 0 0 0 0 0 0 0 0 0 0 0 0 0 0 0 0 0 0 0 0 0 0 0 0 0 0 0 0 0 0 0 0 0 0 0 0 0 0 0 0 0 0 0 0 0 0 0 0 0 0 0 0 0 0 0 0 0 0 0 0 0 0 0 0 0 0 0 0 0 0 0 0 0 0 0 0 0 0 0 0 0 0 0 0 0 0 0 0 0 0 0 0 0 0 0 0 0 0 0 0 0 0 0 0 0 0 0 0 0 0 0 0 0 0 0 0 0 0 0 0 0 0 0 0 0 0 0 0 0 0 0 0 0 0 0 0 0 0 0 0 0 0 0 0 0 0 0 0 0 0 0 0 0 0 0 0 0 0 0 0 0 0 0 0 0 0 0 0 0 0 0 0 0 0 0 0 0 0 0 0 0 0 0 0 0 0 0 0 0 0 0 0 0 0 0 0 0 0 0 0 0 0 0 0 0 0 0 0 0 0 0 0 0 0 0 0 0 0 0 0 0 0 0 0 0 0 0 0 0 0 0 0 0 0 0 0 0 0 0 0 0 0 0 0 0 0 0 0 0 0 0 0 0 0 0 0 0 0 0 0 0 0 0 0 0 0 0 0 0 0 0 0 0 0 0 0 0 0 0 0 0 0 0 0 0 0 0 0 0 0 0 0 0 0 0 0 0 0 0 0 0 0 0 0 0 0 0 0 0 0 0 0 0 0 0 0 0 0 0 0 0 0 0 0 0 0 0 0 0 0 0 0 0 0 0 0 0 0 0 0 0 0 0 0 0 0 0 0 0 0 0 0 0 0 0 0 0 0 0 0 0 0 0 0 0 0 0 0 0 0 0 0 0 0 0 0 0 0 0 0 0 0 0 0 0 0 0 0 0 0 0 0 0 0 0 0 0 0 0 0 0 0 0 0 0 0 0 0 0 0 0 0 0 0 0 0 0 0 0 0 0 0 0 0 0 0 0 0 0 0 0 0 0 0 0 0 0 0 0 0 0 0 0 0 0 0 0 0 0 0 0 0 0 0 0 0 0 0 0 0 0 0 0 0 0 0 0 0 0 0 0 0 0 0 0 0 0 0 0 0 0 0 0 0 0 0 0 0 0 0 0 0 0 0 0 0 0 0 0 0 0 0 0 0 0 0 0 0 0 0 0 0 0 0 0 0 0 0 0 0 0 0 0 0 0 0 0 0 0 0 0 0 0 0 0 0 0 0 0 0 0 0 0 0 0 0 0 0 0 0 0 0 0 0 0 0 0 0 0 0 0 0 0 0 0 0 0 0 0 0 0 0 0 0 0 0 0 0 0 0 0 0 0 0 0 0 0 0 0 0 0 0 0 0 0 0 0 0 0 0 0 0 0 0 0 0 0 0 0 0 0 0 0 0 0 0 0 0 0 0 0 0 0 0 0 0 0 0 0 0 0 0 0 0 0 0 0 0 0 0 0 0 0 0 0 0 0 0 0 0 0 0 0 0 0 0 0 0 0 0 0 0 0 0 0 0 0 0 0 0 0 0 0 0 0 0 0 0 0 0 0 0 0 0 0 0 0 0 0 0 0 0 0 0 0 0 0 0 0 0 0 0 0 0 0 0 0 0
ctxt 3550921935
btime 1790630938
processes 248265
procs_running 1
procs_blocked 0
softirq 3194210670 73526 6545389 2752008 3110645165 268606 0 13556785 35597062 410 24771719
--
cpu  2275047 953 1192032 25862775 44729 0 553115 0 0 0
cpu0 79633 17 33325 815499 1034 0 16798 0 0 0
cpu1 82520 22 33985 815425 848 0 16716 0 0 0
cpu2 83077 18 34011 815572 555 0 16703 0 0 0
cpu3 108138 19 45071 768431 1320 0 26338 0 0 0
cpu4 114314 21 45259 762920 762 0 26838 0 0 0
cpu5 87494 22 35411 809033 523 0 17543 0 0 0
cpu6 88146 19 35884 807577 463 0 18373 0 0 0
cpu7 87116 17 36231 808326 272 0 18486 0 0 0
cpu8 37982 30 33510 840198 1372 0 10026 0 0 0
cpu9 43307 36 36101 823567 3323 0 10750 0 0 0
cpu10 41730 33 35060 829167 1600 0 10706 0 0 0
cpu11 38714 29 32652 841646 1015 0 9794 0 0 0
cpu12 65545 106 37998 798703 4028 0 11485 0 0 0
cpu13 63493 39 38573 799200 3861 0 11754 0 0 0
cpu14 38349 30 32127 844388 1195 0 9583 0 0 0
cpu15 35979 32 29689 853823 1010 0 8704 0 0 0
cpu16 101739 15 40616 785312 583 0 22315 0 0 0
cpu17 96955 15 39615 790874 1441 0 21459 0 0 0
cpu18 94664 16 38954 795580 324 0 20969 0 0 0
cpu19 129391 16 51321 736185 816 0 32084 0 0 0
cpu20 121095 16 49220 748378 869 0 30596 0 0 0
cpu21 91759 16 38019 799307 773 0 20261 0 0 0
cpu22 86658 20 36512 806527 497 0 18854 0 0 0
cpu23 81272 20 34595 816644 595 0 17299 0 0 0
cpu24 41486 34 33306 840308 1316 0 10428 0 0 0
cpu25 45701 36 36617 823664 2404 0 12163 0 0 0
cpu26 44043 34 35890 828051 1824 0 11805 0 0 0
cpu27 37429 23 31983 832204 1481 0 18193 0 0 0
cpu28 63698 53 41168 782344 3219 0 23647 0 0 0
cpu29 66719 90 42404 775421 3135 0 24007 0 0 0
cpu30 36774 23 33146 827962 1318 0 18044 0 0 0
cpu31 40113 23 33769 840523 938 0 10379 0 0 0
intr 2363857026 126 0 0 0 0 0 0 0 0 1 0 0 0 0 0 0 0 0 0 0 0 0 0 0 0 0 0 1 1 1 0 0 0 0 1 0 1 0 0 75045 0 0 0 0 0 0 0 0 411 0 0 0 0 0 0 0 0 87 0 0 0 0 0 0 0 0 0 0 0 0 0 0 0 256784 2 35013712 34951655 34879724 35014738 0 7941 2747 3249 1883 3399 2790 2429 2757 1679 11479 20173 11562 8934 15129 16528 11750 7967 2980 2062 1675 3149 2417 2219 1740 1739 9734 8795 6448 6663 8285 7617 6975 8511 0 0 0 0 616649 3682 1036 0 264 0 0 0 0 0 0 0 0 0 0 0 0 0 0 0 0 0 0 0 0 0 0 0 0 0 0 0 0 0 0 0 0 0 0 0 0 0 0 0 0 0 0 0 0 0 0 0 0 0 0 0 0 0 0 0 0 0 0 0 0 0 0 0 0 0 0 0 0 0 0 0 0 0 0 0 0 0 0 0 0 0 0 0 0 0 0 0 0 0 0 0 0 0 0 0 0 0 0 0 0 0 0 0 0 0 0 0 0 0 0 0 0 0 0 0 0 0 0 0 0 0 0 0 0 0 0 0 0 0 0 0 0 0 0 0 0 0 0 0 0 0 0 0 0 0 0 0 0 0 0 0 0 0 0 0 0 0 0 0 0 0 0 0 0 0 0 0 0 0 0 0 0 0 0 0 0 0 0 0 0 0 0 0 0 0 0 0 0 0 0 0 0 0 0 0 0 0 0 0 0 0 0 0 0 0 0 0 0 0 0 0 0 0 0 0 0 0 0 0 0 0 0 0 0 0 0 0 0 0 0 0 0 0 0 0 0 0 0 0 0 0 0 0 0 0 0 0 0 0 0 0 0 0 0 0 0 0 0 0 0 0 0 0 0 0 0 0 0 0 0 0 0 0 0 0 0 0 0 0 0 0 0 0 0 0 0 0 0 0 0 0 0 0 0 0 0 0 0 0 0 0 0 0 0 0 0 0 0 0 0 0 0 0 0 0 0 0 0 0 0 0 0 0 0 0 0 0 0 0 0 0 0 0 0 0 0 0 0 0 0 0 0 0 0 0 0 0 0 0 0 0 0 0 0 0 0 0 0 0 0 0 0 0 0 0 0 0 0 0 0 0 0 0 0 0 0 0 0 0 0 0 0 0 0 0 0 0 0 0 0 0 0 0 0 0 0 0 0 0 0 0 0 0 0 0 0 0 0 0 0 0 0 0 0 0 0 0 0 0 0 0 0 0 0 0 0 0 0 0 0 0 0 0 0 0 0 0 0 0 0 0 0 0 0 0 0 0 0 0 0 0 0 0 0 0 0 0 0 0 0 0 0 0 0 0 0 0 0 0 0 0 0 0 0 0 0 0 0 0 0 0 0 0 0 0 0 0 0 0 0 0 0 0 0 0 0 0 0 0 0 0 0 0 0 0 0 0 0 0 0 0 0 0 0 0 0 0 0 0 0 0 0 0 0 0 0 0 0 0 0 0 0 0 0 0 0 0 0 0 0 0 0 0 0 0 0 0 0 0 0 0 0 0 0 0 0 0 0 0 0 0 0 0 0 0 0 0 0 0 0 0 0 0 0 0 0 0 0 0 0 0 0 0 0 0 0 0 0 0 0 0 0 0 0 0 0 0 0 0 0 0 0 0 0 0 0 0 0 0 0 0 0 0 0 0 0 0 0 0 0 0 0 0 0 0 0 0 0 0 0 0 0 0 0 0 0 0 0 0 0 0 0 0 0 0 0 0 0 0 0 0 0 0 0 0 0 0 0 0 0 0 0 0 0 0 0 0 0 0 0 0 0 0 0 0 0 0 0 0 0 0 0 0 0 0 0 0 0 0 0 0 0 0 0 0 0 0 0 0 0 0 0 0 0 0 0 0 0 0 0 0 0 0 0 0 0 0 0 0 0 0 0 0 0 0 0 0 0 0 0 0 0 0 0 0 0 0 0 0 0 0 0 0 0 0 0 0 0 0 0 0 0 0 0 0 0 0 0 0 0 0 0 0 0 0 0 0 0 0 0 0 0 0 0 0 0 0 0 0 0 0 0 0 0 0 0 0 0 0 0 0 0 0 0 0 0 0 0 0 0 0 0 0 0 0 0 0 0 0 0 0 0 0 0 0 0 0 0 0 0 0 0 0 0 0 0 0 0 0 0 0 0 0 0 0 0 0 0 0 0 0 0 0 0 0 0 0 0 0 0 0 0 0 0 0 0 0 0 0 0 0 0 0 0 0 0 0 0 0 0 0 0 0 0 0 0 0 0 0 0 0 0 0 0 0 0 0 0 0 0 0 0 0 0 0 0 0 0 0 0 0 0 0 0 0 0 0 0 0 0 0 0 0 0 0 0 0 0 0 0 0 0 0 0 0 0 0 0 0 0 0 0 0 0 0 0 0 0 0 0 0 0 0 0 0 0 0 0 0 0 0 0 0 0 0 0 0 0 0 0 0 0 0 0 0 0 0 0 0 0 0 0 0 0 0 0 0 0 0 0 0 0 0 0 0 0 0 0 0 0 0 0 0 0 0 0 0 0 0 0 0 0 0 0 0 0 0 0 0 0 0 0 0 0 0 0 0 0 0 0 0 0 0 0 0 0 0 0 0 0 0 0 0 0 0 0 0 0 0 0 0 0 0 0 0 0 0 0 0 0 0 0 0 0 0 0 0 0 0 0 0 0 0 0 0 0 0 0 0 0 0 0 0 0 0 0 0 0 0 0 0 0 0 0 0 0 0 0 0 0 0 0 0 0 0 0 0 0 0 0 0 0
ctxt 3551199694
btime 1790630938
processes 248301
procs_running 1
procs_blocked 0
softirq 3194425572 73526 6547852 2752008 3110846340 268776 0 13556787 35602961 410 24776912
