Running 10s test @ http://127.0.0.1:18500/
  16 threads and 32 connections
  Thread Stats   Avg      Stdev     Max   +/- Stdev
    Latency   131.14us   38.74us 370.00us   92.96%
    Req/Sec    15.37k     3.29k   20.93k    64.73%
  Latency Distribution
     50%  145.00us
     75%  147.00us
     90%  155.00us
     99%  294.00us
  2471597 requests in 10.10s, 306.42MB read
Requests/sec: 244714.63
Transfer/sec:     30.34MB
## server-stat
cpu  2252456 937 1179697 25454636 44414 0 543023 0 0 0
cpu0 79393 17 33209 801432 1034 0 16680 0 0 0
cpu1 82063 21 33790 801595 848 0 16518 0 0 0
cpu2 83069 18 34010 800905 553 0 16699 0 0 0
cpu3 104487 19 43751 760032 1320 0 25035 0 0 0
cpu4 110940 21 44116 753881 762 0 25711 0 0 0
cpu5 87266 21 35313 794765 522 0 17452 0 0 0
cpu6 87961 19 35803 793232 463 0 18301 0 0 0
cpu7 86509 17 35959 794778 272 0 18229 0 0 0
cpu8 37917 29 33255 826875 1371 0 9895 0 0 0
cpu9 43226 35 35824 810585 3280 0 10611 0 0 0
cpu10 41654 32 34793 816132 1572 0 10569 0 0 0
cpu11 38659 28 32401 828408 1000 0 9659 0 0 0
cpu12 65320 105 37671 786056 3984 0 11329 0 0 0
cpu13 63251 38 38242 786606 3830 0 11588 0 0 0
cpu14 38293 29 31868 831228 1185 0 9453 0 0 0
cpu15 35925 31 29463 840492 1009 0 8583 0 0 0
cpu16 100482 15 40147 772845 583 0 21822 0 0 0
cpu17 95972 15 39188 778008 1441 0 21048 0 0 0
cpu18 93230 16 38351 783548 324 0 20351 0 0 0
cpu19 126869 16 50483 725641 813 0 31306 0 0 0
cpu20 118434 16 48241 738287 869 0 29636 0 0 0
cpu21 90551 16 37482 786875 773 0 19749 0 0 0
cpu22 85406 19 35962 794176 497 0 18321 0 0 0
cpu23 80455 20 34247 803485 592 0 16938 0 0 0
cpu24 41432 34 33065 827015 1313 0 10290 0 0 0
cpu25 45606 36 36337 810501 2402 0 12022 0 0 0
cpu26 43971 32 35622 814882 1811 0 11663 0 0 0
cpu27 37376 23 31739 818837 1479 0 18059 0 0 0
cpu28 63457 52 40850 769404 3199 0 23491 0 0 0
cpu29 66491 90 42074 762508 3080 0 23857 0 0 0
cpu30 36711 22 32894 814587 1286 0 17905 0 0 0
cpu31 40064 22 33533 827017 932 0 10240 0 0 0
intr 2335582456 126 0 0 0 0 0 0 0 0 1 0 0 0 0 0 0 0 0 0 0 0 0 0 0 0 0 0 1 1 1 0 0 0 0 1 0 1 0 0 75045 0 0 0 0 0 0 0 0 411 0 0 0 0 0 0 0 0 87 0 0 0 0 0 0 0 0 0 0 0 0 0 0 0 253856 2 35013039 34950600 34878944 35014183 0 7819 2747 3246 1865 3399 2790 2428 2752 1678 11476 20076 11553 8924 15122 16493 11747 7964 2979 2060 1675 3147 2416 2219 1740 1723 9687 8734 6438 6519 8235 7501 6975 8504 0 0 0 0 616641 3667 1036 0 264 0 0 0 0 0 0 0 0 0 0 0 0 0 0 0 0 0 0 0 0 0 0 0 0 0 0 0 0 0 0 0 0 0 0 0 0 0 0 0 0 0 0 0 0 0 0 0 0 0 0 0 0 0 0 0 0 0 0 0 0 0 0 0 0 0 0 0 0 0 0 0 0 0 0 0 0 0 0 0 0 0 0 0 0 0 0 0 0 0 0 0 0 0 0 0 0 0 0 0 0 0 0 0 0 0 0 0 0 0 0 0 0 0 0 0 0 0 0 0 0 0 0 0 0 0 0 0 0 0 0 0 0 0 0 0 0 0 0 0 0 0 0 0 0 0 0 0 0 0 0 0 0 0 0 0 0 0 0 0 0 0 0 0 0 0 0 0 0 0 0 0 0 0 0 0 0 0 0 0 0 0 0 0 0 0 0 0 0 0 0 0 0 0 0 0 0 0 0 0 0 0 0 0 0 0 0 0 0 0 0 0 0 0 0 0 0 0 0 0 0 0 0 0 0 0 0 0 0 0 0 0 0 0 0 0 0 0 0 0 0 0 0 0 0 0 0 0 0 0 0 0 0 0 0 0 0 0 0 0 0 0 0 0 0 0 0 0 0 0 0 0 0 0 0 0 0 0 0 0 0 0 0 0 0 0 0 0 0 0 0 0 0 0 0 0 0 0 0 0 0 0 0 0 0 0 0 0 0 0 0 0 0 0 0 0 0 0 0 0 0 0 0 0 0 0 0 0 0 0 0 0 0 0 0 0 0 0 0 0 0 0 0 0 0 0 0 0 0 0 0 0 0 0 0 0 0 0 0 0 0 0 0 0 0 0 0 0 0 0 0 0 0 0 0 0 0 0 0 0 0 0 0 0 0 0 0 0 0 0 0 0 0 0 0 0 0 0 0 0 0 0 0 0 0 0 0 0 0 0 0 0 0 0 0 0 0 0 0 0 0 0 0 0 0 0 0 0 0 0 0 0 0 0 0 0 0 0 0 0 0 0 0 0 0 0 0 0 0 0 0 0 0 0 0 0 0 0 0 0 0 0 0 0 0 0 0 0 0 0 0 0 0 0 0 0 0 0 0 0 0 0 0 0 0 0 0 0 0 0 0 0 0 0 0 0 0 0 0 0 0 0 0 0 0 0 0 0 0 0 0 0 0 0 0 0 0 0 0 0 0 0 0 0 0 0 0 0 0 0 0 0 0 0 0 0 0 0 0 0 0 0 0 0 0 0 0 0 0 0 0 0 0 0 0 0 0 0 0 0 0 0 0 0 0 0 0 0 0 0 0 0 0 0 0 0 0 0 0 0 0 0 0 0 0 0 0 0 0 0 0 0 0 0 0 0 0 0 0 0 0 0 0 0 0 0 0 0 0 0 0 0 0 0 0 0 0 0 0 0 0 0 0 0 0 0 0 0 0 0 0 0 0 0 0 0 0 0 0 0 0 0 0 0 0 0 0 0 0 0 0 0 0 0 0 0 0 0 0 0 0 0 0 0 0 0 0 0 0 0 0 0 0 0 0 0 0 0 0 0 0 0 0 0 0 0 0 0 0 0 0 0 0 0 0 0 0 0 0 0 0 0 0 0 0 0 0 0 0 0 0 0 0 0 0 0 0 0 0 0 0 0 0 0 0 0 0 0 0 0 0 0 0 0 0 0 0 0 0 0 0 0 0 0 0 0 0 0 0 0 0 0 0 0 0 0 0 0 0 0 0 0 0 0 0 0 0 0 0 0 0 0 0 0 0 0 0 0 0 0 0 0 0 0 0 0 0 0 0 0 0 0 0 0 0 0 0 0 0 0 0 0 0 0 0 0 0 0 0 0 0 0 0 0 0 0 0 0 0 0 0 0 0 0 0 0 0 0 0 0 0 0 0 0 0 0 0 0 0 0 0 0 0 0 0 0 0 0 0 0 0 0 0 0 0 0 0 0 0 0 0 0 0 0 0 0 0 0 0 0 0 0 0 0 0 0 0 0 0 0 0 0 0 0 0 0 0 0 0 0 0 0 0 0 0 0 0 0 0 0 0 0 0 0 0 0 0 0 0 0 0 0 0 0 0 0 0 0 0 0 0 0 0 0 0 0 0 0 0 0 0 0 0 0 0 0 0 0 0 0 0 0 0 0 0 0 0 0 0 0 0 0 0 0 0 0 0 0 0 0 0 0 0 0 0 0 0 0 0 0 0 0 0 0 0 0 0 0 0 0 0 0 0 0 0 0 0 0 0 0 0 0 0 0 0 0 0 0 0 0 0 0 0 0 0 0 0 0 0 0 0 0 0 0 0 0 0 0 0 0 0 0 0 0 0 0 0 0 0 0 0 0 0 0 0 0 0 0 0 0 0 0 0 0 0 0 0 0 0 0 0 0 0 0 0 0 0 0 0 0 0 0 0 0 0 0 0 0 0 0 0 0 0 0 0 0 0 0 0 0 0 0 0 0 0 0 0 0 0 0 0 0 0 0 0 0 0 0 0 0 0 0 0
ctxt 3496480283
btime 1790630938
processes 245508
procs_running 4
procs_blocked 0
softirq 3124773805 73526 6480886 2751988 3041728360 265658 0 13556718 35366124 410 24550135
--
cpu  2253230 938 1180220 25477237 44439 0 543534 0 0 0
cpu0 79393 17 33209 802222 1034 0 16680 0 0 0
cpu1 82063 21 33790 802395 848 0 16518 0 0 0
cpu2 83069 18 34010 801705 553 0 16699 0 0 0
cpu3 104818 19 43948 760083 1320 0 25256 0 0 0
cpu4 111290 21 44320 753881 762 0 25956 0 0 0
cpu5 87268 21 35314 795563 522 0 17452 0 0 0
cpu6 87961 19 35803 794032 463 0 18301 0 0 0
cpu7 86509 17 35960 795578 272 0 18229 0 0 0
cpu8 37918 29 33258 827619 1371 0 9896 0 0 0
cpu9 43228 35 35833 811273 3289 0 10613 0 0 0
cpu10 41659 32 34801 816823 1572 0 10571 0 0 0
cpu11 38661 28 32405 829135 1001 0 9660 0 0 0
cpu12 65323 105 37687 786696 3984 0 11335 0 0 0
cpu13 63261 38 38256 787255 3830 0 11593 0 0 0
cpu14 38295 29 31876 831920 1185 0 9455 0 0 0
cpu15 35927 31 29466 841213 1009 0 8584 0 0 0
cpu16 100482 15 40147 773645 583 0 21822 0 0 0
cpu17 95972 15 39188 778808 1441 0 21048 0 0 0
cpu18 93230 16 38351 784348 324 0 20351 0 0 0
cpu19 126893 16 50498 726391 813 0 31318 0 0 0
cpu20 118434 16 48241 739087 869 0 29636 0 0 0
cpu21 90551 16 37483 787675 773 0 19749 0 0 0
cpu22 85407 19 35962 794975 497 0 18321 0 0 0
cpu23 80455 20 34248 804283 593 0 16938 0 0 0
cpu24 41434 34 33068 827759 1313 0 10291 0 0 0
cpu25 45608 36 36342 811207 2403 0 12023 0 0 0
cpu26 43973 32 35627 815587 1823 0 11664 0 0 0
cpu27 37377 23 31741 819594 1479 0 18060 0 0 0
cpu28 63476 52 40857 770121 3200 0 23493 0 0 0
cpu29 66500 90 42087 763197 3080 0 23861 0 0 0
cpu30 36715 22 32897 815352 1286 0 17906 0 0 0
cpu31 40065 22 33533 827800 932 0 10240 0 0 0
intr 2337476786 126 0 0 0 0 0 0 0 0 1 0 0 0 0 0 0 0 0 0 0 0 0 0 0 0 0 0 1 1 1 0 0 0 0 1 0 1 0 0 75045 0 0 0 0 0 0 0 0 411 0 0 0 0 0 0 0 0 87 0 0 0 0 0 0 0 0 0 0 0 0 0 0 0 254158 2 35013078 34950651 34878974 35014202 0 7827 2747 3246 1865 3399 2790 2428 2752 1678 11476 20078 11554 8925 15122 16494 11747 7964 2979 2060 1675 3147 2416 2219 1740 1731 9687 8737 6441 6519 8237 7501 6975 8504 0 0 0 0 616641 3667 1036 0 264 0 0 0 0 0 0 0 0 0 0 0 0 0 0 0 0 0 0 0 0 0 0 0 0 0 0 0 0 0 0 0 0 0 0 0 0 0 0 0 0 0 0 0 0 0 0 0 0 0 0 0 0 0 0 0 0 0 0 0 0 0 0 0 0 0 0 0 0 0 0 0 0 0 0 0 0 0 0 0 0 0 0 0 0 0 0 0 0 0 0 0 0 0 0 0 0 0 0 0 0 0 0 0 0 0 0 0 0 0 0 0 0 0 0 0 0 0 0 0 0 0 0 0 0 0 0 0 0 0 0 0 0 0 0 0 0 0 0 0 0 0 0 0 0 0 0 0 0 0 0 0 0 0 0 0 0 0 0 0 0 0 0 0 0 0 0 0 0 0 0 0 0 0 0 0 0 0 0 0 0 0 0 0 0 0 0 0 0 0 0 0 0 0 0 0 0 0 0 0 0 0 0 0 0 0 0 0 0 0 0 0 0 0 0 0 0 0 0 0 0 0 0 0 0 0 0 0 0 0 0 0 0 0 0 0 0 0 0 0 0 0 0 0 0 0 0 0 0 0 0 0 0 0 0 0 0 0 0 0 0 0 0 0 0 0 0 0 0 0 0 0 0 0 0 0 0 0 0 0 0 0 0 0 0 0 0 0 0 0 0 0 0 0 0 0 0 0 0 0 0 0 0 0 0 0 0 0 0 0 0 0 0 0 0 0 0 0 0 0 0 0 0 0 0 0 0 0 0 0 0 0 0 0 0 0 0 0 0 0 0 0 0 0 0 0 0 0 0 0 0 0 0 0 0 0 0 0 0 0 0 0 0 0 0 0 0 0 0 0 0 0 0 0 0 0 0 0 0 0 0 0 0 0 0 0 0 0 0 0 0 0 0 0 0 0 0 0 0 0 0 0 0 0 0 0 0 0 0 0 0 0 0 0 0 0 0 0 0 0 0 0 0 0 0 0 0 0 0 0 0 0 0 0 0 0 0 0 0 0 0 0 0 0 0 0 0 0 0 0 0 0 0 0 0 0 0 0 0 0 0 0 0 0 0 0 0 0 0 0 0 0 0 0 0 0 0 0 0 0 0 0 0 0 0 0 0 0 0 0 0 0 0 0 0 0 0 0 0 0 0 0 0 0 0 0 0 0 0 0 0 0 0 0 0 0 0 0 0 0 0 0 0 0 0 0 0 0 0 0 0 0 0 0 0 0 0 0 0 0 0 0 0 0 0 0 0 0 0 0 0 0 0 0 0 0 0 0 0 0 0 0 0 0 0 0 0 0 0 0 0 0 0 0 0 0 0 0 0 0 0 0 0 0 0 0 0 0 0 0 0 0 0 0 0 0 0 0 0 0 0 0 0 0 0 0 0 0 0 0 0 0 0 0 0 0 0 0 0 0 0 0 0 0 0 0 0 0 0 0 0 0 0 0 0 0 0 0 0 0 0 0 0 0 0 0 0 0 0 0 0 0 0 0 0 0 0 0 0 0 0 0 0 0 0 0 0 0 0 0 0 0 0 0 0 0 0 0 0 0 0 0 0 0 0 0 0 0 0 0 0 0 0 0 0 0 0 0 0 0 0 0 0 0 0 0 0 0 0 0 0 0 0 0 0 0 0 0 0 0 0 0 0 0 0 0 0 0 0 0 0 0 0 0 0 0 0 0 0 0 0 0 0 0 0 0 0 0 0 0 0 0 0 0 0 0 0 0 0 0 0 0 0 0 0 0 0 0 0 0 0 0 0 0 0 0 0 0 0 0 0 0 0 0 0 0 0 0 0 0 0 0 0 0 0 0 0 0 0 0 0 0 0 0 0 0 0 0 0 0 0 0 0 0 0 0 0 0 0 0 0 0 0 0 0 0 0 0 0 0 0 0 0 0 0 0 0 0 0 0 0 0 0 0 0 0 0 0 0 0 0 0 0 0 0 0 0 0 0 0 0 0 0 0 0 0 0 0 0 0 0 0 0 0 0 0 0 0 0 0 0 0 0 0 0 0 0 0 0 0 0 0 0 0 0 0 0 0 0 0 0 0 0 0 0 0 0 0 0 0 0 0 0 0 0 0 0 0 0 0 0 0 0 0 0 0 0 0 0 0 0 0 0 0 0 0 0 0 0 0 0 0 0 0 0 0 0 0 0 0 0 0 0 0 0 0 0 0 0 0 0 0 0 0 0 0 0 0 0 0 0 0 0 0 0 0 0 0 0 0 0 0 0 0 0 0 0 0 0 0 0 0 0 0 0 0 0 0 0 0 0 0 0 0 0 0 0 0 0 0 0 0 0 0 0 0 0 0 0 0 0 0 0 0 0 0 0 0 0 0 0 0 0 0 0 0 0 0 0 0 0 0 0 0 0 0 0 0 0 0 0 0 0 0 0 0 0 0 0 0 0 0 0 0 0 0 0 0 0 0 0 0 0 0 0 0 0 0 0 0 0 0 0 0 0 0 0 0 0 0 0 0 0 0 0 0 0 0 0 0 0 0 0
ctxt 3500251371
btime 1790630938
processes 245589
procs_running 4
procs_blocked 0
softirq 3128713568 73526 6483921 2751988 3045644547 265973 0 13556718 35377923 410 24558562
