Running 10s test @ http://127.0.0.1:18500/page
  16 threads and 128 connections
  Thread Stats   Avg      Stdev     Max   +/- Stdev
    Latency   605.54us  357.60us   3.06ms   86.16%
    Req/Sec    13.90k     5.20k   31.64k    73.34%
  Latency Distribution
     50%  459.00us
     75%  814.00us
     90%    1.34ms
     99%    1.41ms
  2230058 requests in 10.10s, 21.54GB read
Requests/sec: 220809.15
Transfer/sec:      2.13GB
## server-stat
cpu  2381167 974 1235299 26379615 45212 0 581690 0 0 0
cpu0 84435 17 34640 830826 1035 0 17754 0 0 0
cpu1 87664 22 35307 830595 848 0 17597 0 0 0
cpu2 89285 18 35792 828779 556 0 18047 0 0 0
cpu3 114333 19 46882 781605 1321 0 27692 0 0 0
cpu4 120334 21 46643 777159 786 0 27703 0 0 0
cpu5 94614 22 37307 821125 558 0 18941 0 0 0
cpu6 95440 19 37905 819359 463 0 19836 0 0 0
cpu7 94518 17 38443 819578 273 0 20125 0 0 0
cpu8 38140 31 34396 859617 1421 0 10479 0 0 0
cpu9 43497 36 37033 842707 3328 0 11221 0 0 0
cpu10 41907 33 35951 848527 1605 0 11158 0 0 0
cpu11 38848 30 33434 861499 1053 0 10188 0 0 0
cpu12 65900 107 38949 817834 4035 0 11965 0 0 0
cpu13 63792 40 39562 818208 3956 0 12239 0 0 0
cpu14 38481 30 32856 864483 1207 0 9955 0 0 0
cpu15 36086 33 30371 874165 1018 0 9055 0 0 0
cpu16 109842 15 42768 796023 584 0 23917 0 0 0
cpu17 104645 16 41816 801857 1442 0 23141 0 0 0
cpu18 101202 16 40681 808569 324 0 22283 0 0 0
cpu19 136136 16 53121 748861 818 0 33400 0 0 0
cpu20 128076 16 51402 759971 878 0 32410 0 0 0
cpu21 97481 17 39651 813255 781 0 21524 0 0 0
cpu22 92031 20 38055 820987 497 0 20043 0 0 0
cpu23 86111 20 35915 832042 595 0 18277 0 0 0
cpu24 41639 35 34117 860126 1357 0 10846 0 0 0
cpu25 45937 38 37596 842804 2426 0 12664 0 0 0
cpu26 44253 35 36835 847330 1827 0 12298 0 0 0
cpu27 37573 24 32824 851917 1482 0 18626 0 0 0
cpu28 64363 56 42511 800029 3245 0 24293 0 0 0
cpu29 67375 92 43806 792844 3213 0 24664 0 0 0
cpu30 36945 23 34063 847052 1325 0 18503 0 0 0
cpu31 40271 23 34655 859869 940 0 10829 0 0 0
intr 2454908605 126 0 0 0 0 0 0 0 0 1 0 0 0 0 0 0 0 0 0 0 0 0 0 0 0 0 0 1 1 1 0 0 0 0 1 0 1 0 0 75045 0 0 0 0 0 0 0 0 411 0 0 0 0 0 0 0 0 87 0 0 0 0 0 0 0 0 0 0 0 0 0 0 0 261394 2 35015036 34954100 34881637 35016049 0 8128 2748 3249 1917 3400 2790 2430 2757 1682 11519 20203 11672 8957 15352 16603 11817 7984 2983 2062 1677 3149 2419 2220 1741 1739 9820 8862 6559 6728 8388 7690 7001 8518 0 0 0 0 616665 3710 1036 0 264 0 0 0 0 0 0 0 0 0 0 0 0 0 0 0 0 0 0 0 0 0 0 0 0 0 0 0 0 0 0 0 0 0 0 0 0 0 0 0 0 0 0 0 0 0 0 0 0 0 0 0 0 0 0 0 0 0 0 0 0 0 0 0 0 0 0 0 0 0 0 0 0 0 0 0 0 0 0 0 0 0 0 0 0 0 0 0 0 0 0 0 0 0 0 0 0 0 0 0 0 0 0 0 0 0 0 0 0 0 0 0 0 0 0 0 0 0 0 0 0 0 0 0 0 0 0 0 0 0 0 0 0 0 0 0 0 0 0 0 0 0 0 0 0 0 0 0 0 0 0 0 0 0 0 0 0 0 0 0 0 0 0 0 0 0 0 0 0 0 0 0 0 0 0 0 0 0 0 0 0 0 0 0 0 0 0 0 0 0 0 0 0 0 0 0 0 0 0 0 0 0 0 0 0 0 0 0 0 0 0 0 0 0 0 0 0 0 0 0 0 0 0 0 0 0 0 0 0 0 0 0 0 0 0 0 0 0 0 0 0 0 0 0 0 0 0 0 0 0 0 0 0 0 0 0 0 0 0 0 0 0 0 0 0 0 0 0 0 0 0 0 0 0 0 0 0 0 0 0 0 0 0 0 0 0 0 0 0 0 0 0 0 0 0 0 0 0 0 0 0 0 0 0 0 0 0 0 0 0 0 0 0 0 0 0 0 0 0 0 0 0 0 0 0 0 0 0 0 0 0 0 0 0 0 0 0 0 0 0 0 0 0 0 0 0 0 0 0 0 0 0 0 0 0 0 0 0 0 0 0 0 0 0 0 0 0 0 0 0 0 0 0 0 0 0 0 0 0 0 0 0 0 0 0 0 0 0 0 0 0 0 0 0 0 0 0 0 0 0 0 0 0 0 0 0 0 0 0 0 0 0 0 0 0 0 0 0 0 0 0 0 0 0 0 0 0 0 0 0 0 0 0 0 0 0 0 0 0 0 0 0 0 0 0 0 0 0 0 0 0 0 0 0 0 0 0 0 0 0 0 0 0 0 0 0 0 0 0 0 0 0 0 0 0 0 0 0 0 0 0 0 0 0 0 0 0 0 0 0 0 0 0 0 0 0 0 0 0 0 0 0 0 0 0 0 0 0 0 0 0 0 0 0 0 0 0 0 0 0 0 0 0 0 0 0 0 0 0 0 0 0 0 0 0 0 0 0 0 0 0 0 0 0 0 0 0 0 0 0 0 0 0 0 0 0 0 0 0 0 0 0 0 0 0 0 0 0 0 0 0 0 0 0 0 0 0 0 0 0 0 0 0 0 0 0 0 0 0 0 0 0 0 0 0 0 0 0 0 0 0 0 0 0 0 0 0 0 0 0 0 0 0 0 0 0 0 0 0 0 0 0 0 0 0 0 0 0 0 0 0 0 0 0 0 0 0 0 0 0 0 0 0 0 0 0 0 0 0 0 0 0 0 0 0 0 0 0 0 0 0 0 0 0 0 0 0 0 0 0 0 0 0 0 0 0 0 0 0 0 0 0 0 0 0 0 0 0 0 0 0 0 0 0 0 0 0 0 0 0 0 0 0 0 0 0 0 0 0 0 0 0 0 0 0 0 0 0 0 0 0 0 0 0 0 0 0 0 0 0 0 0 0 0 0 0 0 0 0 0 0 0 0 0 0 0 0 0 0 0 0 0 0 0 0 0 0 0 0 0 0 0 0 0 0 0 0 0 0 0 0 0 0 0 0 0 0 0 0 0 0 0 0 0 0 0 0 0 0 0 0 0 0 0 0 0 0 0 0 0 0 0 0 0 0 0 0 0 0 0 0 0 0 0 0 0 0 0 0 0 0 0 0 0 0 0 0 0 0 0 0 0 0 0 0 0 0 0 0 0 0 0 0 0 0 0 0 0 0 0 0 0 0 0 0 0 0 0 0 0 0 0 0 0 0 0 0 0 0 0 0 0 0 0 0 0 0 0 0 0 0 0 0 0 0 0 0 0 0 0 0 0 0 0 0 0 0 0 0 0 0 0 0 0 0 0 0 0 0 0 0 0 0 0 0 0 0 0 0 0 0 0 0 0 0 0 0 0 0 0 0 0 0 0 0 0 0 0 0 0 0 0 0 0 0 0 0 0 0 0 0 0 0 0 0 0 0 0 0 0 0 0 0 0 0 0 0 0 0 0 0 0 0 0 0 0 0 0 0 0 0 0 0 0 0 0 0 0 0 0 0 0 0 0 0 0 0 0 0 0 0 0 0 0 0 0 0 0 0 0 0 0 0 0 0 0 0 0 0 0 0 0 0 0 0 0 0 0 0 0 0 0 0 0 0 0 0 0 0 0 0 0 0 0 0 0 0 0 0 0 0 0 0 0 0 0 0 0 0 0 0 0 0 0 0 0 0 0 0 0 0 0 0 0 0 0 0 0 0 0 0 0 0 0 0 0 0 0 0 0 0 0 0 0 0 0 0 0 0 0 0 0 0
ctxt 3714303358
btime 1790630938
processes 253240
procs_running 10
procs_blocked 0
softirq 3358102525 73526 6695102 2752041 3272204292 273638 0 13556910 36902136 410 25644470
--
cpu  2385667 975 1236787 26397099 45223 0 582594 0 0 0
cpu0 84604 17 34685 831361 1035 0 17792 0 0 0
cpu1 88211 22 35458 830595 848 0 17699 0 0 0
cpu2 89495 18 35850 829271 556 0 18080 0 0 0
cpu3 114333 19 46882 782403 1321 0 27692 0 0 0
cpu4 120334 21 46643 777957 786 0 27703 0 0 0
cpu5 95152 22 37459 821125 558 0 19051 0 0 0
cpu6 95987 19 38056 819359 463 0 19939 0 0 0
cpu7 95067 17 38604 819578 273 0 20214 0 0 0
cpu8 38145 31 34409 860320 1421 0 10486 0 0 0
cpu9 43503 37 37047 843397 3328 0 11230 0 0 0
cpu10 41911 33 35965 849222 1605 0 11166 0 0 0
cpu11 38852 30 33449 862201 1053 0 10195 0 0 0
cpu12 65914 107 38969 818520 4035 0 11975 0 0 0
cpu13 63805 40 39581 818890 3957 0 12248 0 0 0
cpu14 38486 30 32869 865193 1207 0 9961 0 0 0
cpu15 36090 33 30386 874870 1018 0 9063 0 0 0
cpu16 110220 15 42868 796272 584 0 23989 0 0 0
cpu17 104645 16 41816 802655 1442 0 23141 0 0 0
cpu18 101552 16 40780 808869 324 0 22333 0 0 0
cpu19 136680 16 53276 748861 818 0 33501 0 0 0
cpu20 128625 16 51568 759971 878 0 32494 0 0 0
cpu21 97481 17 39651 814047 787 0 21524 0 0 0
cpu22 92031 20 38055 821785 497 0 20043 0 0 0
cpu23 86111 20 35915 832840 595 0 18277 0 0 0
cpu24 41645 35 34129 860828 1357 0 10852 0 0 0
cpu25 45942 38 37611 843500 2426 0 12671 0 0 0
cpu26 44258 35 36852 848024 1827 0 12305 0 0 0
cpu27 37577 24 32838 852614 1482 0 18633 0 0 0
cpu28 64377 56 42531 800710 3246 0 24304 0 0 0
cpu29 67394 92 43826 793524 3213 0 24673 0 0 0
cpu30 36950 24 34077 847754 1325 0 18510 0 0 0
cpu31 40276 23 34669 860570 943 0 10836 0 0 0
intr 2456640386 126 0 0 0 0 0 0 0 0 1 0 0 0 0 0 0 0 0 0 0 0 0 0 0 0 0 0 1 1 1 0 0 0 0 1 0 1 0 0 75045 0 0 0 0 0 0 0 0 411 0 0 0 0 0 0 0 0 87 0 0 0 0 0 0 0 0 0 0 0 0 0 0 0 261518 2 35015058 34954153 34881670 35016069 0 8136 2748 3249 1917 3400 2790 2430 2757 1682 11519 20203 11672 8960 15352 16605 11817 7987 2983 2062 1677 3149 2419 2220 1741 1739 9820 8862 6559 6728 8388 7690 7001 8518 0 0 0 0 616665 3710 1036 0 264 0 0 0 0 0 0 0 0 0 0 0 0 0 0 0 0 0 0 0 0 0 0 0 0 0 0 0 0 0 0 0 0 0 0 0 0 0 0 0 0 0 0 0 0 0 0 0 0 0 0 0 0 0 0 0 0 0 0 0 0 0 0 0 0 0 0 0 0 0 0 0 0 0 0 0 0 0 0 0 0 0 0 0 0 0 0 0 0 0 0 0 0 0 0 0 0 0 0 0 0 0 0 0 0 0 0 0 0 0 0 0 0 0 0 0 0 0 0 0 0 0 0 0 0 0 0 0 0 0 0 0 0 0 0 0 0 0 0 0 0 0 0 0 0 0 0 0 0 0 0 0 0 0 0 0 0 0 0 0 0 0 0 0 0 0 0 0 0 0 0 0 0 0 0 0 0 0 0 0 0 0 0 0 0 0 0 0 0 0 0 0 0 0 0 0 0 0 0 0 0 0 0 0 0 0 0 0 0 0 0 0 0 0 0 0 0 0 0 0 0 0 0 0 0 0 0 0 0 0 0 0 0 0 0 0 0 0 0 0 0 0 0 0 0 0 0 0 0 0 0 0 0 0 0 0 0 0 0 0 0 0 0 0 0 0 0 0 0 0 0 0 0 0 0 0 0 0 0 0 0 0 0 0 0 0 0 0 0 0 0 0 0 0 0 0 0 0 0 0 0 0 0 0 0 0 0 0 0 0 0 0 0 0 0 0 0 0 0 0 0 0 0 0 0 0 0 0 0 0 0 0 0 0 0 0 0 0 0 0 0 0 0 0 0 0 0 0 0 0 0 0 0 0 0 0 0 0 0 0 0 0 0 0 0 0 0 0 0 0 0 0 0 0 0 0 0 0 0 0 0 0 0 0 0 0 0 0 0 0 0 0 0 0 0 0 0 0 0 0 0 0 0 0 0 0 0 0 0 0 0 0 0 0 0 0 0 0 0 0 0 0 0 0 0 0 0 0 0 0 0 0 0 0 0 0 0 0 0 0 0 0 0 0 0 0 0 0 0 0 0 0 0 0 0 0 0 0 0 0 0 0 0 0 0 0 0 0 0 0 0 0 0 0 0 0 0 0 0 0 0 0 0 0 0 0 0 0 0 0 0 0 0 0 0 0 0 0 0 0 0 0 0 0 0 0 0 0 0 0 0 0 0 0 0 0 0 0 0 0 0 0 0 0 0 0 0 0 0 0 0 0 0 0 0 0 0 0 0 0 0 0 0 0 0 0 0 0 0 0 0 0 0 0 0 0 0 0 0 0 0 0 0 0 0 0 0 0 0 0 0 0 0 0 0 0 0 0 0 0 0 0 0 0 0 0 0 0 0 0 0 0 0 0 0 0 0 0 0 0 0 0 0 0 0 0 0 0 0 0 0 0 0 0 0 0 0 0 0 0 0 0 0 0 0 0 0 0 0 0 0 0 0 0 0 0 0 0 0 0 0 0 0 0 0 0 0 0 0 0 0 0 0 0 0 0 0 0 0 0 0 0 0 0 0 0 0 0 0 0 0 0 0 0 0 0 0 0 0 0 0 0 0 0 0 0 0 0 0 0 0 0 0 0 0 0 0 0 0 0 0 0 0 0 0 0 0 0 0 0 0 0 0 0 0 0 0 0 0 0 0 0 0 0 0 0 0 0 0 0 0 0 0 0 0 0 0 0 0 0 0 0 0 0 0 0 0 0 0 0 0 0 0 0 0 0 0 0 0 0 0 0 0 0 0 0 0 0 0 0 0 0 0 0 0 0 0 0 0 0 0 0 0 0 0 0 0 0 0 0 0 0 0 0 0 0 0 0 0 0 0 0 0 0 0 0 0 0 0 0 0 0 0 0 0 0 0 0 0 0 0 0 0 0 0 0 0 0 0 0 0 0 0 0 0 0 0 0 0 0 0 0 0 0 0 0 0 0 0 0 0 0 0 0 0 0 0 0 0 0 0 0 0 0 0 0 0 0 0 0 0 0 0 0 0 0 0 0 0 0 0 0 0 0 0 0 0 0 0 0 0 0 0 0 0 0 0 0 0 0 0 0 0 0 0 0 0 0 0 0 0 0 0 0 0 0 0 0 0 0 0 0 0 0 0 0 0 0 0 0 0 0 0 0 0 0 0 0 0 0 0 0 0 0 0 0 0 0 0 0 0 0 0 0 0 0 0 0 0 0 0 0 0 0 0 0 0 0 0 0 0 0 0 0 0 0 0 0 0 0 0 0 0 0 0 0 0 0 0 0 0 0 0 0 0 0 0 0 0 0 0 0 0 0 0 0 0 0 0 0 0 0 0 0 0 0 0 0 0 0 0 0 0 0 0 0 0 0 0 0 0 0 0 0 0 0 0 0 0 0 0 0 0 0 0 0 0 0 0 0 0 0 0 0 0 0 0 0 0 0 0 0 0 0 0 0 0 0 0 0 0 0 0 0 0 0 0 0 0 0 0 0 0 0 0 0 0 0 0 0 0 0 0 0 0 0 0 0 0 0 0 0 0
ctxt 3717456053
btime 1790630938
processes 253299
procs_running 9
procs_blocked 0
softirq 3361674037 73526 6699373 2752041 3275731147 273771 0 13556910 36917056 410 25669803
