Running 10s test @ http://127.0.0.1:18500/json
  16 threads and 32 connections
  Thread Stats   Avg      Stdev     Max   +/- Stdev
    Latency   148.21us   28.46us 825.00us   53.91%
    Req/Sec    13.52k     2.15k   16.88k    53.71%
  Latency Distribution
     50%  129.00us
     75%  176.00us
     90%  178.00us
     99%  183.00us
  2173830 requests in 10.10s, 259.14MB read
Requests/sec: 215232.33
Transfer/sec:     25.66MB
## server-stat
cpu  2218518 917 1168787 24677344 43810 0 534851 0 0 0
cpu0 78221 17 32880 777108 1033 0 16446 0 0 0
cpu1 81014 21 33471 776924 841 0 16322 0 0 0
cpu2 82143 18 33693 776078 532 0 16518 0 0 0
cpu3 100295 19 42736 739820 1319 0 24195 0 0 0
cpu4 105380 20 42603 735997 761 0 24359 0 0 0
cpu5 86409 21 35010 769811 516 0 17279 0 0 0
cpu6 87203 18 35530 768060 455 0 18150 0 0 0
cpu7 85801 16 35706 769432 271 0 18103 0 0 0
cpu8 37854 29 33188 801142 1369 0 9852 0 0 0
cpu9 43119 34 35695 785686 3232 0 10550 0 0 0
cpu10 41583 31 34672 791124 1559 0 10502 0 0 0
cpu11 38607 27 32329 802865 983 0 9616 0 0 0
cpu12 64912 103 37442 762038 3967 0 11218 0 0 0
cpu13 62858 36 37994 762774 3779 0 11468 0 0 0
cpu14 38238 27 31761 806195 1133 0 9392 0 0 0
cpu15 35884 30 29395 814980 947 0 8539 0 0 0
cpu16 99084 14 39848 748396 582 0 21661 0 0 0
cpu17 94878 15 38895 753265 1441 0 20881 0 0 0
cpu18 92312 15 38068 758581 323 0 20193 0 0 0
cpu19 120838 16 48644 708972 811 0 29521 0 0 0
cpu20 113781 16 46920 719253 868 0 28337 0 0 0
cpu21 89671 16 37201 761876 771 0 19599 0 0 0
cpu22 84642 19 35691 768963 496 0 18182 0 0 0
cpu23 79753 19 34006 778121 591 0 16810 0 0 0
cpu24 41388 33 33001 801339 1258 0 10249 0 0 0
cpu25 45524 35 36243 784974 2396 0 11969 0 0 0
cpu26 43904 31 35548 789157 1798 0 11621 0 0 0
cpu27 37340 22 31687 792750 1478 0 18025 0 0 0
cpu28 63075 52 40702 744409 3131 0 23426 0 0 0
cpu29 66097 89 41907 737617 3018 0 23783 0 0 0
cpu30 36667 22 32828 788738 1209 0 17862 0 0 0
cpu31 40027 21 33479 800886 926 0 10210 0 0 0
intr 2289820201 126 0 0 0 0 0 0 0 0 1 0 0 0 0 0 0 0 0 0 0 0 0 0 0 0 0 0 1 1 1 0 0 0 0 1 0 1 0 0 75045 0 0 0 0 0 0 0 0 411 0 0 0 0 0 0 0 0 87 0 0 0 0 0 0 0 0 0 0 0 0 0 0 0 248923 2 35011593 34948799 34877221 35013032 0 7603 2744 3238 1796 3392 2789 2347 2748 1678 11468 19923 11537 8904 14832 16294 11732 7918 2977 2056 1672 3111 2414 2217 1739 1723 9681 8705 6335 6516 8070 7490 6971 8494 0 0 0 0 616621 3639 1036 0 264 0 0 0 0 0 0 0 0 0 0 0 0 0 0 0 0 0 0 0 0 0 0 0 0 0 0 0 0 0 0 0 0 0 0 0 0 0 0 0 0 0 0 0 0 0 0 0 0 0 0 0 0 0 0 0 0 0 0 0 0 0 0 0 0 0 0 0 0 0 0 0 0 0 0 0 0 0 0 0 0 0 0 0 0 0 0 0 0 0 0 0 0 0 0 0 0 0 0 0 0 0 0 0 0 0 0 0 0 0 0 0 0 0 0 0 0 0 0 0 0 0 0 0 0 0 0 0 0 0 0 0 0 0 0 0 0 0 0 0 0 0 0 0 0 0 0 0 0 0 0 0 0 0 0 0 0 0 0 0 0 0 0 0 0 0 0 0 0 0 0 0 0 0 0 0 0 0 0 0 0 0 0 0 0 0 0 0 0 0 0 0 0 0 0 0 0 0 0 0 0 0 0 0 0 0 0 0 0 0 0 0 0 0 0 0 0 0 0 0 0 0 0 0 0 0 0 0 0 0 0 0 0 0 0 0 0 0 0 0 0 0 0 0 0 0 0 0 0 0 0 0 0 0 0 0 0 0 0 0 0 0 0 0 0 0 0 0 0 0 0 0 0 0 0 0 0 0 0 0 0 0 0 0 0 0 0 0 0 0 0 0 0 0 0 0 0 0 0 0 0 0 0 0 0 0 0 0 0 0 0 0 0 0 0 0 0 0 0 0 0 0 0 0 0 0 0 0 0 0 0 0 0 0 0 0 0 0 0 0 0 0 0 0 0 0 0 0 0 0 0 0 0 0 0 0 0 0 0 0 0 0 0 0 0 0 0 0 0 0 0 0 0 0 0 0 0 0 0 0 0 0 0 0 0 0 0 0 0 0 0 0 0 0 0 0 0 0 0 0 0 0 0 0 0 0 0 0 0 0 0 0 0 0 0 0 0 0 0 0 0 0 0 0 0 0 0 0 0 0 0 0 0 0 0 0 0 0 0 0 0 0 0 0 0 0 0 0 0 0 0 0 0 0 0 0 0 0 0 0 0 0 0 0 0 0 0 0 0 0 0 0 0 0 0 0 0 0 0 0 0 0 0 0 0 0 0 0 0 0 0 0 0 0 0 0 0 0 0 0 0 0 0 0 0 0 0 0 0 0 0 0 0 0 0 0 0 0 0 0 0 0 0 0 0 0 0 0 0 0 0 0 0 0 0 0 0 0 0 0 0 0 0 0 0 0 0 0 0 0 0 0 0 0 0 0 0 0 0 0 0 0 0 0 0 0 0 0 0 0 0 0 0 0 0 0 0 0 0 0 0 0 0 0 0 0 0 0 0 0 0 0 0 0 0 0 0 0 0 0 0 0 0 0 0 0 0 0 0 0 0 0 0 0 0 0 0 0 0 0 0 0 0 0 0 0 0 0 0 0 0 0 0 0 0 0 0 0 0 0 0 0 0 0 0 0 0 0 0 0 0 0 0 0 0 0 0 0 0 0 0 0 0 0 0 0 0 0 0 0 0 0 0 0 0 0 0 0 0 0 0 0 0 0 0 0 0 0 0 0 0 0 0 0 0 0 0 0 0 0 0 0 0 0 0 0 0 0 0 0 0 0 0 0 0 0 0 0 0 0 0 0 0 0 0 0 0 0 0 0 0 0 0 0 0 0 0 0 0 0 0 0 0 0 0 0 0 0 0 0 0 0 0 0 0 0 0 0 0 0 0 0 0 0 0 0 0 0 0 0 0 0 0 0 0 0 0 0 0 0 0 0 0 0 0 0 0 0 0 0 0 0 0 0 0 0 0 0 0 0 0 0 0 0 0 0 0 0 0 0 0 0 0 0 0 0 0 0 0 0 0 0 0 0 0 0 0 0 0 0 0 0 0 0 0 0 0 0 0 0 0 0 0 0 0 0 0 0 0 0 0 0 0 0 0 0 0 0 0 0 0 0 0 0 0 0 0 0 0 0 0 0 0 0 0 0 0 0 0 0 0 0 0 0 0 0 0 0 0 0 0 0 0 0 0 0 0 0 0 0 0 0 0 0 0 0 0 0 0 0 0 0 0 0 0 0 0 0 0 0 0 0 0 0 0 0 0 0 0 0 0 0 0 0 0 0 0 0 0 0 0 0 0 0 0 0 0 0 0 0 0 0 0 0 0 0 0 0 0 0 0 0 0 0 0 0 0 0 0 0 0 0 0 0 0 0 0 0 0 0 0 0 0 0 0 0 0 0 0 0 0 0 0 0 0 0 0 0 0 0 0 0 0 0 0 0 0 0 0 0 0 0 0 0 0 0 0 0 0 0 0 0 0 0 0 0 0 0 0 0 0 0 0 0 0 0 0 0 0 0 0 0 0 0 0 0 0 0 0 0 0 0 0 0 0 0 0 0 0 0 0 0 0 0 0 0 0 0 0 0 0 0 0 0 0 0 0 0 0 0 0 0 0 0 0 0 0 0 0 0 0 0 0 0 0 0 0 0 0 0 0 0 0
ctxt 3409413518
btime 1790630938
processes 240074
procs_running 4
procs_blocked 0
softirq 3062001858 73526 6345102 2751949 2979959695 260425 0 13556573 34885007 410 24169171
--
cpu  2219412 918 1169189 24700145 43813 0 535266 0 0 0
cpu0 78224 17 32881 777893 1033 0 16447 0 0 0
cpu1 81015 21 33471 777722 841 0 16322 0 0 0
cpu2 82143 18 33693 776876 533 0 16518 0 0 0
cpu3 100310 19 42742 740590 1319 0 24202 0 0 0
cpu4 105674 20 42728 736233 761 0 24504 0 0 0
cpu5 86410 21 35011 770609 516 0 17279 0 0 0
cpu6 87204 18 35531 768858 455 0 18151 0 0 0
cpu7 85801 16 35706 770231 271 0 18103 0 0 0
cpu8 37857 29 33188 801894 1369 0 9852 0 0 0
cpu9 43120 34 35697 786397 3232 0 10550 0 0 0
cpu10 41585 31 34675 791839 1559 0 10503 0 0 0
cpu11 38608 27 32329 803612 983 0 9616 0 0 0
cpu12 64916 104 37448 762701 3967 0 11220 0 0 0
cpu13 62862 36 37998 763403 3779 0 11469 0 0 0
cpu14 38239 27 31765 806890 1133 0 9392 0 0 0
cpu15 35885 30 29397 815712 947 0 8540 0 0 0
cpu16 99084 14 39848 749195 582 0 21661 0 0 0
cpu17 94878 15 38895 754064 1441 0 20882 0 0 0
cpu18 92312 15 38068 759380 323 0 20193 0 0 0
cpu19 121237 16 48820 709002 811 0 29716 0 0 0
cpu20 113903 16 46972 719823 868 0 28393 0 0 0
cpu21 89671 16 37201 762675 771 0 19599 0 0 0
cpu22 84642 19 35691 769762 496 0 18182 0 0 0
cpu23 79754 19 34006 778919 591 0 16810 0 0 0
cpu24 41389 33 33003 802078 1258 0 10249 0 0 0
cpu25 45527 35 36246 785701 2396 0 11969 0 0 0
cpu26 43906 31 35550 789901 1798 0 11622 0 0 0
cpu27 37341 22 31687 793533 1478 0 18025 0 0 0
cpu28 63087 52 40706 745127 3131 0 23426 0 0 0
cpu29 66116 89 41911 738338 3018 0 23784 0 0 0
cpu30 36669 22 32830 789502 1209 0 17862 0 0 0
cpu31 40028 21 33480 801667 927 0 10210 0 0 0
intr 2291596928 126 0 0 0 0 0 0 0 0 1 0 0 0 0 0 0 0 0 0 0 0 0 0 0 0 0 0 1 1 1 0 0 0 0 1 0 1 0 0 75045 0 0 0 0 0 0 0 0 411 0 0 0 0 0 0 0 0 87 0 0 0 0 0 0 0 0 0 0 0 0 0 0 0 248923 2 35011630 34948822 34877255 35013053 0 7611 2744 3238 1802 3392 2789 2347 2748 1678 11468 19923 11537 8904 14832 16294 11732 7919 2977 2056 1672 3111 2414 2218 1739 1723 9681 8705 6335 6516 8070 7490 6971 8494 0 0 0 0 616623 3639 1036 0 264 0 0 0 0 0 0 0 0 0 0 0 0 0 0 0 0 0 0 0 0 0 0 0 0 0 0 0 0 0 0 0 0 0 0 0 0 0 0 0 0 0 0 0 0 0 0 0 0 0 0 0 0 0 0 0 0 0 0 0 0 0 0 0 0 0 0 0 0 0 0 0 0 0 0 0 0 0 0 0 0 0 0 0 0 0 0 0 0 0 0 0 0 0 0 0 0 0 0 0 0 0 0 0 0 0 0 0 0 0 0 0 0 0 0 0 0 0 0 0 0 0 0 0 0 0 0 0 0 0 0 0 0 0 0 0 0 0 0 0 0 0 0 0 0 0 0 0 0 0 0 0 0 0 0 0 0 0 0 0 0 0 0 0 0 0 0 0 0 0 0 0 0 0 0 0 0 0 0 0 0 0 0 0 0 0 0 0 0 0 0 0 0 0 0 0 0 0 0 0 0 0 0 0 0 0 0 0 0 0 0 0 0 0 0 0 0 0 0 0 0 0 0 0 0 0 0 0 0 0 0 0 0 0 0 0 0 0 0 0 0 0 0 0 0 0 0 0 0 0 0 0 0 0 0 0 0 0 0 0 0 0 0 0 0 0 0 0 0 0 0 0 0 0 0 0 0 0 0 0 0 0 0 0 0 0 0 0 0 0 0 0 0 0 0 0 0 0 0 0 0 0 0 0 0 0 0 0 0 0 0 0 0 0 0 0 0 0 0 0 0 0 0 0 0 0 0 0 0 0 0 0 0 0 0 0 0 0 0 0 0 0 0 0 0 0 0 0 0 0 0 0 0 0 0 0 0 0 0 0 0 0 0 0 0 0 0 0 0 0 0 0 0 0 0 0 0 0 0 0 0 0 0 0 0 0 0 0 0 0 0 0 0 0 0 0 0 0 0 0 0 0 0 0 0 0 0 0 0 0 0 0 0 0 0 0 0 0 0 0 0 0 0 0 0 0 0 0 0 0 0 0 0 0 0 0 0 0 0 0 0 0 0 0 0 0 0 0 0 0 0 0 0 0 0 0 0 0 0 0 0 0 0 0 0 0 0 0 0 0 0 0 0 0 0 0 0 0 0 0 0 0 0 0 0 0 0 0 0 0 0 0 0 0 0 0 0 0 0 0 0 0 0 0 0 0 0 0 0 0 0 0 0 0 0 0 0 0 0 0 0 0 0 0 0 0 0 0 0 0 0 0 0 0 0 0 0 0 0 0 0 0 0 0 0 0 0 0 0 0 0 0 0 0 0 0 0 0 0 0 0 0 0 0 0 0 0 0 0 0 0 0 0 0 0 0 0 0 0 0 0 0 0 0 0 0 0 0 0 0 0 0 0 0 0 0 0 0 0 0 0 0 0 0 0 0 0 0 0 0 0 0 0 0 0 0 0 0 0 0 0 0 0 0 0 0 0 0 0 0 0 0 0 0 0 0 0 0 0 0 0 0 0 0 0 0 0 0 0 0 0 0 0 0 0 0 0 0 0 0 0 0 0 0 0 0 0 0 0 0 0 0 0 0 0 0 0 0 0 0 0 0 0 0 0 0 0 0 0 0 0 0 0 0 0 0 0 0 0 0 0 0 0 0 0 0 0 0 0 0 0 0 0 0 0 0 0 0 0 0 0 0 0 0 0 0 0 0 0 0 0 0 0 0 0 0 0 0 0 0 0 0 0 0 0 0 0 0 0 0 0 0 0 0 0 0 0 0 0 0 0 0 0 0 0 0 0 0 0 0 0 0 0 0 0 0 0 0 0 0 0 0 0 0 0 0 0 0 0 0 0 0 0 0 0 0 0 0 0 0 0 0 0 0 0 0 0 0 0 0 0 0 0 0 0 0 0 0 0 0 0 0 0 0 0 0 0 0 0 0 0 0 0 0 0 0 0 0 0 0 0 0 0 0 0 0 0 0 0 0 0 0 0 0 0 0 0 0 0 0 0 0 0 0 0 0 0 0 0 0 0 0 0 0 0 0 0 0 0 0 0 0 0 0 0 0 0 0 0 0 0 0 0 0 0 0 0 0 0 0 0 0 0 0 0 0 0 0 0 0 0 0 0 0 0 0 0 0 0 0 0 0 0 0 0 0 0 0 0 0 0 0 0 0 0 0 0 0 0 0 0 0 0 0 0 0 0 0 0 0 0 0 0 0 0 0 0 0 0 0 0 0 0 0 0 0 0 0 0 0 0 0 0 0 0 0 0 0 0 0 0 0 0 0 0 0 0 0 0 0 0 0 0 0 0 0 0 0 0 0 0 0 0 0 0 0 0 0 0 0 0 0 0 0 0 0 0 0 0 0 0 0 0 0 0 0 0 0 0 0 0 0 0 0 0 0 0 0 0 0 0 0 0 0 0 0 0 0 0 0 0 0 0 0 0 0 0 0 0 0 0 0 0 0 0 0 0 0 0 0 0 0 0 0 0 0 0 0 0 0 0 0 0 0 0 0 0 0 0 0 0 0 0 0 0 0 0 0 0 0 0 0 0
ctxt 3412875269
btime 1790630938
processes 240139
procs_running 3
procs_blocked 0
softirq 3065468791 73526 6348180 2751949 2983404688 260433 0 13556573 34896290 410 24176742
