Running 10s test @ http://127.0.0.1:18500/
  16 threads and 128 connections
  Thread Stats   Avg      Stdev     Max   +/- Stdev
    Latency   205.71us   35.81us   3.01ms   73.45%
    Req/Sec    38.90k     2.48k   58.82k    78.30%
  Latency Distribution
     50%  201.00us
     75%  225.00us
     90%  268.00us
     99%  279.00us
  6245255 requests in 10.10s, 750.45MB read
Requests/sec: 618385.61
Transfer/sec:     74.31MB
## server-stat
cpu  2407936 981 1250613 26541245 45351 0 593637 0 0 0
cpu0 85293 17 34966 836388 1035 0 18095 0 0 0
cpu1 88481 22 35582 836417 848 0 17824 0 0 0
cpu2 90805 19 36326 833343 589 0 18553 0 0 0
cpu3 114974 20 47088 787728 1323 0 27873 0 0 0
cpu4 121147 21 46865 783082 786 0 27902 0 0 0
cpu5 95704 22 37646 826562 558 0 19238 0 0 0
cpu6 97572 19 38534 823192 463 0 20409 0 0 0
cpu7 96532 17 39007 823693 284 0 20587 0 0 0
cpu8 38219 31 34786 865286 1421 0 10680 0 0 0
cpu9 43593 37 37422 848317 3330 0 11434 0 0 0
cpu10 41996 34 36338 854141 1605 0 11371 0 0 0
cpu11 38925 30 33814 867171 1054 0 10391 0 0 0
cpu12 66047 107 39376 823364 4037 0 12177 0 0 0
cpu13 63946 40 39982 823715 3957 0 12464 0 0 0
cpu14 38558 30 33228 870174 1218 0 10166 0 0 0
cpu15 36160 33 30731 879914 1018 0 9256 0 0 0
cpu16 112234 16 43523 799371 584 0 24591 0 0 0
cpu17 106997 16 42647 805029 1442 0 23956 0 0 0
cpu18 102794 16 41279 812989 324 0 22840 0 0 0
cpu19 138651 17 54068 751662 818 0 34305 0 0 0
cpu20 130397 16 52344 763014 878 0 33271 0 0 0
cpu21 99516 17 40425 816816 799 0 22306 0 0 0
cpu22 92997 20 38541 826194 497 0 20549 0 0 0
cpu23 87201 20 36475 836959 595 0 18873 0 0 0
cpu24 41721 35 34493 865777 1358 0 11059 0 0 0
cpu25 46043 39 38010 848381 2431 0 12881 0 0 0
cpu26 44348 35 37243 852896 1840 0 12532 0 0 0
cpu27 37648 24 33204 857552 1484 0 18845 0 0 0
cpu28 64515 57 42949 805544 3248 0 24534 0 0 0
cpu29 67530 93 44242 798325 3226 0 24907 0 0 0
cpu30 37031 24 34433 852709 1331 0 18715 0 0 0
cpu31 40349 23 35032 865525 953 0 11040 0 0 0
intr 2479030467 126 0 0 0 0 0 0 0 0 1 0 0 0 0 0 0 0 0 0 0 0 0 0 0 0 0 0 1 1 1 0 0 0 0 1 0 1 0 0 75045 0 0 0 0 0 0 0 0 411 0 0 0 0 0 0 0 0 87 0 0 0 0 0 0 0 0 0 0 0 0 0 0 0 262845 2 35015313 34954743 34881941 35016463 0 8185 2748 3249 1918 3400 2791 2430 2757 1682 11522 20224 11674 9002 15369 16610 11817 7994 2984 2062 1677 3150 2420 2220 1742 1741 9823 8862 6562 6807 8470 7690 7001 8519 0 0 0 0 616669 3722 1036 0 264 0 0 0 0 0 0 0 0 0 0 0 0 0 0 0 0 0 0 0 0 0 0 0 0 0 0 0 0 0 0 0 0 0 0 0 0 0 0 0 0 0 0 0 0 0 0 0 0 0 0 0 0 0 0 0 0 0 0 0 0 0 0 0 0 0 0 0 0 0 0 0 0 0 0 0 0 0 0 0 0 0 0 0 0 0 0 0 0 0 0 0 0 0 0 0 0 0 0 0 0 0 0 0 0 0 0 0 0 0 0 0 0 0 0 0 0 0 0 0 0 0 0 0 0 0 0 0 0 0 0 0 0 0 0 0 0 0 0 0 0 0 0 0 0 0 0 0 0 0 0 0 0 0 0 0 0 0 0 0 0 0 0 0 0 0 0 0 0 0 0 0 0 0 0 0 0 0 0 0 0 0 0 0 0 0 0 0 0 0 0 0 0 0 0 0 0 0 0 0 0 0 0 0 0 0 0 0 0 0 0 0 0 0 0 0 0 0 0 0 0 0 0 0 0 0 0 0 0 0 0 0 0 0 0 0 0 0 0 0 0 0 0 0 0 0 0 0 0 0 0 0 0 0 0 0 0 0 0 0 0 0 0 0 0 0 0 0 0 0 0 0 0 0 0 0 0 0 0 0 0 0 0 0 0 0 0 0 0 0 0 0 0 0 0 0 0 0 0 0 0 0 0 0 0 0 0 0 0 0 0 0 0 0 0 0 0 0 0 0 0 0 0 0 0 0 0 0 0 0 0 0 0 0 0 0 0 0 0 0 0 0 0 0 0 0 0 0 0 0 0 0 0 0 0 0 0 0 0 0 0 0 0 0 0 0 0 0 0 0 0 0 0 0 0 0 0 0 0 0 0 0 0 0 0 0 0 0 0 0 0 0 0 0 0 0 0 0 0 0 0 0 0 0 0 0 0 0 0 0 0 0 0 0 0 0 0 0 0 0 0 0 0 0 0 0 0 0 0 0 0 0 0 0 0 0 0 0 0 0 0 0 0 0 0 0 0 0 0 0 0 0 0 0 0 0 0 0 0 0 0 0 0 0 0 0 0 0 0 0 0 0 0 0 0 0 0 0 0 0 0 0 0 0 0 0 0 0 0 0 0 0 0 0 0 0 0 0 0 0 0 0 0 0 0 0 0 0 0 0 0 0 0 0 0 0 0 0 0 0 0 0 0 0 0 0 0 0 0 0 0 0 0 0 0 0 0 0 0 0 0 0 0 0 0 0 0 0 0 0 0 0 0 0 0 0 0 0 0 0 0 0 0 0 0 0 0 0 0 0 0 0 0 0 0 0 0 0 0 0 0 0 0 0 0 0 0 0 0 0 0 0 0 0 0 0 0 0 0 0 0 0 0 0 0 0 0 0 0 0 0 0 0 0 0 0 0 0 0 0 0 0 0 0 0 0 0 0 0 0 0 0 0 0 0 0 0 0 0 0 0 0 0 0 0 0 0 0 0 0 0 0 0 0 0 0 0 0 0 0 0 0 0 0 0 0 0 0 0 0 0 0 0 0 0 0 0 0 0 0 0 0 0 0 0 0 0 0 0 0 0 0 0 0 0 0 0 0 0 0 0 0 0 0 0 0 0 0 0 0 0 0 0 0 0 0 0 0 0 0 0 0 0 0 0 0 0 0 0 0 0 0 0 0 0 0 0 0 0 0 0 0 0 0 0 0 0 0 0 0 0 0 0 0 0 0 0 0 0 0 0 0 0 0 0 0 0 0 0 0 0 0 0 0 0 0 0 0 0 0 0 0 0 0 0 0 0 0 0 0 0 0 0 0 0 0 0 0 0 0 0 0 0 0 0 0 0 0 0 0 0 0 0 0 0 0 0 0 0 0 0 0 0 0 0 0 0 0 0 0 0 0 0 0 0 0 0 0 0 0 0 0 0 0 0 0 0 0 0 0 0 0 0 0 0 0 0 0 0 0 0 0 0 0 0 0 0 0 0 0 0 0 0 0 0 0 0 0 0 0 0 0 0 0 0 0 0 0 0 0 0 0 0 0 0 0 0 0 0 0 0 0 0 0 0 0 0 0 0 0 0 0 0 0 0 0 0 0 0 0 0 0 0 0 0 0 0 0 0 0 0 0 0 0 0 0 0 0 0 0 0 0 0 0 0 0 0 0 0 0 0 0 0 0 0 0 0 0 0 0 0 0 0 0 0 0 0 0 0 0 0 0 0 0 0 0 0 0 0 0 0 0 0 0 0 0 0 0 0 0 0 0 0 0 0 0 0 0 0 0 0 0 0 0 0 0 0 0 0 0 0 0 0 0 0 0 0 0 0 0 0 0 0 0 0 0 0 0 0 0 0 0 0 0 0 0 0 0 0 0 0 0 0 0 0 0 0 0 0 0 0 0 0 0 0 0 0 0 0 0 0 0 0 0 0 0 0 0 0 0 0 0 0 0 0 0 0 0 0 0 0 0 0 0 0 0 0 0 0 0 0 0 0 0 0 0 0 0 0 0 0 0 0
ctxt 3760771659
btime 1790630938
processes 254885
procs_running 14
procs_blocked 0
softirq 3429904181 73526 6766014 2752051 3343510240 275166 0 13556954 37091299 410 25878521
--
cpu  2411779 982 1252649 26556892 45353 0 595406 0 0 0
cpu0 85293 17 34966 837167 1035 0 18096 0 0 0
cpu1 88614 22 35636 836986 848 0 17869 0 0 0
cpu2 90805 19 36326 834142 589 0 18553 0 0 0
cpu3 114975 20 47088 788526 1323 0 27873 0 0 0
cpu4 121147 21 46866 783880 786 0 27902 0 0 0
cpu5 95704 22 37646 827360 558 0 19238 0 0 0
cpu6 97572 19 38535 823990 463 0 20409 0 0 0
cpu7 96985 17 39190 823693 284 0 20751 0 0 0
cpu8 38225 31 34820 865868 1421 0 10709 0 0 0
cpu9 43600 37 37462 848897 3330 0 11464 0 0 0
cpu10 42005 34 36373 854722 1605 0 11401 0 0 0
cpu11 38934 30 33852 867755 1054 0 10420 0 0 0
cpu12 66053 107 39414 823942 4037 0 12208 0 0 0
cpu13 63954 40 40021 824291 3957 0 12492 0 0 0
cpu14 38563 30 33265 870767 1218 0 10196 0 0 0
cpu15 36165 33 30768 880508 1019 0 9286 0 0 0
cpu16 112712 16 43696 799371 584 0 24740 0 0 0
cpu17 107325 16 42774 805259 1442 0 24070 0 0 0
cpu18 103254 16 41458 812989 324 0 23001 0 0 0
cpu19 139112 17 54243 751662 818 0 34469 0 0 0
cpu20 130860 16 52520 763014 878 0 33432 0 0 0
cpu21 99984 17 40600 816816 799 0 22463 0 0 0
cpu22 93453 20 38720 826194 497 0 20714 0 0 0
cpu23 87201 20 36475 837757 595 0 18873 0 0 0
cpu24 41727 35 34528 866357 1358 0 11089 0 0 0
cpu25 46056 39 38052 848955 2431 0 12912 0 0 0
cpu26 44360 35 37283 853469 1840 0 12563 0 0 0
cpu27 37653 24 33242 858132 1484 0 18873 0 0 0
cpu28 64533 57 42993 806112 3248 0 24567 0 0 0
cpu29 67550 93 44285 798891 3227 0 24941 0 0 0
cpu30 37038 24 34471 853295 1331 0 18748 0 0 0
cpu31 40356 23 35069 866108 953 0 11070 0 0 0
intr 2482930616 126 0 0 0 0 0 0 0 0 1 0 0 0 0 0 0 0 0 0 0 0 0 0 0 0 0 0 1 1 1 0 0 0 0 1 0 1 0 0 75045 0 0 0 0 0 0 0 0 411 0 0 0 0 0 0 0 0 87 0 0 0 0 0 0 0 0 0 0 0 0 0 0 0 262845 2 35015334 34954795 34881953 35016487 0 8193 2748 3249 1918 3400 2791 2430 2757 1682 11522 20225 11674 9002 15369 16613 11821 7996 2984 2062 1677 3150 2420 2220 1742 1741 9823 8862 6563 6807 8470 7690 7001 8519 0 0 0 0 616669 3722 1036 0 264 0 0 0 0 0 0 0 0 0 0 0 0 0 0 0 0 0 0 0 0 0 0 0 0 0 0 0 0 0 0 0 0 0 0 0 0 0 0 0 0 0 0 0 0 0 0 0 0 0 0 0 0 0 0 0 0 0 0 0 0 0 0 0 0 0 0 0 0 0 0 0 0 0 0 0 0 0 0 0 0 0 0 0 0 0 0 0 0 0 0 0 0 0 0 0 0 0 0 0 0 0 0 0 0 0 0 0 0 0 0 0 0 0 0 0 0 0 0 0 0 0 0 0 0 0 0 0 0 0 0 0 0 0 0 0 0 0 0 0 0 0 0 0 0 0 0 0 0 0 0 0 0 0 0 0 0 0 0 0 0 0 0 0 0 0 0 0 0 0 0 0 0 0 0 0 0 0 0 0 0 0 0 0 0 0 0 0 0 0 0 0 0 0 0 0 0 0 0 0 0 0 0 0 0 0 0 0 0 0 0 0 0 0 0 0 0 0 0 0 0 0 0 0 0 0 0 0 0 0 0 0 0 0 0 0 0 0 0 0 0 0 0 0 0 0 0 0 0 0 0 0 0 0 0 0 0 0 0 0 0 0 0 0 0 0 0 0 0 0 0 0 0 0 0 0 0 0 0 0 0 0 0 0 0 0 0 0 0 0 0 0 0 0 0 0 0 0 0 0 0 0 0 0 0 0 0 0 0 0 0 0 0 0 0 0 0 0 0 0 0 0 0 0 0 0 0 0 0 0 0 0 0 0 0 0 0 0 0 0 0 0 0 0 0 0 0 0 0 0 0 0 0 0 0 0 0 0 0 0 0 0 0 0 0 0 0 0 0 0 0 0 0 0 0 0 0 0 0 0 0 0 0 0 0 0 0 0 0 0 0 0 0 0 0 0 0 0 0 0 0 0 0 0 0 0 0 0 0 0 0 0 0 0 0 0 0 0 0 0 0 0 0 0 0 0 0 0 0 0 0 0 0 0 0 0 0 0 0 0 0 0 0 0 0 0 0 0 0 0 0 0 0 0 0 0 0 0 0 0 0 0 0 0 0 0 0 0 0 0 0 0 0 0 0 0 0 0 0 0 0 0 0 0 0 0 0 0 0 0 0 0 0 0 0 0 0 0 0 0 0 0 0 0 0 0 0 0 0 0 0 0 0 0 0 0 0 0 0 0 0 0 0 0 0 0 0 0 0 0 0 0 0 0 0 0 0 0 0 0 0 0 0 0 0 0 0 0 0 0 0 0 0 0 0 0 0 0 0 0 0 0 0 0 0 0 0 0 0 0 0 0 0 0 0 0 0 0 0 0 0 0 0 0 0 0 0 0 0 0 0 0 0 0 0 0 0 0 0 0 0 0 0 0 0 0 0 0 0 0 0 0 0 0 0 0 0 0 0 0 0 0 0 0 0 0 0 0 0 0 0 0 0 0 0 0 0 0 0 0 0 0 0 0 0 0 0 0 0 0 0 0 0 0 0 0 0 0 0 0 0 0 0 0 0 0 0 0 0 0 0 0 0 0 0 0 0 0 0 0 0 0 0 0 0 0 0 0 0 0 0 0 0 0 0 0 0 0 0 0 0 0 0 0 0 0 0 0 0 0 0 0 0 0 0 0 0 0 0 0 0 0 0 0 0 0 0 0 0 0 0 0 0 0 0 0 0 0 0 0 0 0 0 0 0 0 0 0 0 0 0 0 0 0 0 0 0 0 0 0 0 0 0 0 0 0 0 0 0 0 0 0 0 0 0 0 0 0 0 0 0 0 0 0 0 0 0 0 0 0 0 0 0 0 0 0 0 0 0 0 0 0 0 0 0 0 0 0 0 0 0 0 0 0 0 0 0 0 0 0 0 0 0 0 0 0 0 0 0 0 0 0 0 0 0 0 0 0 0 0 0 0 0 0 0 0 0 0 0 0 0 0 0 0 0 0 0 0 0 0 0 0 0 0 0 0 0 0 0 0 0 0 0 0 0 0 0 0 0 0 0 0 0 0 0 0 0 0 0 0 0 0 0 0 0 0 0 0 0 0 0 0 0 0 0 0 0 0 0 0 0 0 0 0 0 0 0 0 0 0 0 0 0 0 0 0 0 0 0 0 0 0 0 0 0 0 0 0 0 0 0 0 0 0 0 0 0 0 0 0 0 0 0 0 0 0 0 0 0 0 0 0 0 0 0 0 0 0 0 0 0 0 0 0 0 0 0 0 0 0 0 0 0 0 0 0 0 0 0 0 0 0 0 0 0 0 0 0 0 0 0 0 0 0 0 0 0 0 0 0 0 0 0 0 0 0 0 0 0 0 0 0 0 0 0 0 0 0 0 0 0 0 0 0 0 0 0 0 0 0 0 0 0 0 0 0 0 0 0 0 0 0 0 0 0 0 0 0 0 0 0 0 0 0 0 0 0 0 0 0 0 0 0 0 0 0 0 0 0 0 0 0 0 0 0 0 0 0 0 0 0 0 0 0 0 0 0 0 0 0 0 0 0
ctxt 3768332018
btime 1790630938
processes 254949
procs_running 16
procs_blocked 0
softirq 3439835167 73526 6770251 2752051 3353389991 275174 0 13556954 37112538 410 25904272
