Running 10s test @ http://127.0.0.1:18500/wait
  16 threads and 128 connections
  Thread Stats   Avg      Stdev     Max   +/- Stdev
    Latency    10.18ms  371.50us  11.76ms   83.96%
    Req/Sec   789.25     16.17   820.00     67.73%
  Latency Distribution
     50%   10.29ms
     75%   10.38ms
     90%   10.45ms
     99%   10.59ms
  126135 requests in 10.10s, 15.76MB read
Requests/sec:  12493.88
Transfer/sec:      1.56MB
## server-stat
cpu  2397704 978 1247378 26467821 45272 0 591102 0 0 0
cpu0 85039 17 34915 833876 1035 0 18043 0 0 0
cpu1 88476 22 35580 833538 848 0 17822 0 0 0
cpu2 90058 19 36147 831556 556 0 18399 0 0 0
cpu3 114517 20 46983 785478 1322 0 27794 0 0 0
cpu4 120493 21 46726 781092 786 0 27790 0 0 0
cpu5 95463 22 37602 823988 558 0 19198 0 0 0
cpu6 96557 19 38328 821699 463 0 20222 0 0 0
cpu7 95419 17 38776 822349 273 0 20384 0 0 0
cpu8 38203 31 34730 862690 1421 0 10648 0 0 0
cpu9 43564 37 37359 845759 3328 0 11396 0 0 0
cpu10 41972 34 36277 851576 1605 0 11333 0 0 0
cpu11 38907 30 33759 864573 1054 0 10361 0 0 0
cpu12 65994 107 39305 820851 4036 0 12139 0 0 0
cpu13 63893 40 39905 821210 3957 0 12421 0 0 0
cpu14 38541 30 33174 867593 1207 0 10132 0 0 0
cpu15 36143 33 30678 877297 1018 0 9224 0 0 0
cpu16 111234 16 43309 797873 584 0 24402 0 0 0
cpu17 105782 16 42368 803861 1442 0 23716 0 0 0
cpu18 102325 16 41176 810750 324 0 22750 0 0 0
cpu19 137862 16 53868 749927 818 0 34130 0 0 0
cpu20 129826 16 52183 760988 878 0 33130 0 0 0
cpu21 98530 17 40188 815340 798 0 22103 0 0 0
cpu22 92802 20 38468 823622 497 0 20489 0 0 0
cpu23 87089 20 36434 834251 595 0 18837 0 0 0
cpu24 41705 35 34447 863168 1358 0 11028 0 0 0
cpu25 46019 39 37943 845812 2431 0 12848 0 0 0
cpu26 44327 35 37178 850321 1840 0 12496 0 0 0
cpu27 37636 24 33151 854947 1483 0 18812 0 0 0
cpu28 64476 56 42877 803001 3247 0 24492 0 0 0
cpu29 67492 93 44165 795800 3224 0 24864 0 0 0
cpu30 37013 24 34382 850106 1325 0 18679 0 0 0
cpu31 40334 23 34981 862913 944 0 11008 0 0 0
intr 2473112894 126 0 0 0 0 0 0 0 0 1 0 0 0 0 0 0 0 0 0 0 0 0 0 0 0 0 0 1 1 1 0 0 0 0 1 0 1 0 0 75045 0 0 0 0 0 0 0 0 411 0 0 0 0 0 0 0 0 87 0 0 0 0 0 0 0 0 0 0 0 0 0 0 0 262122 2 35015162 34954519 34881840 35016310 0 8165 2748 3249 1917 3400 2790 2430 2757 1682 11522 20211 11673 9002 15361 16610 11817 7994 2984 2062 1677 3149 2419 2220 1742 1741 9821 8862 6562 6730 8466 7690 7001 8519 0 0 0 0 616669 3722 1036 0 264 0 0 0 0 0 0 0 0 0 0 0 0 0 0 0 0 0 0 0 0 0 0 0 0 0 0 0 0 0 0 0 0 0 0 0 0 0 0 0 0 0 0 0 0 0 0 0 0 0 0 0 0 0 0 0 0 0 0 0 0 0 0 0 0 0 0 0 0 0 0 0 0 0 0 0 0 0 0 0 0 0 0 0 0 0 0 0 0 0 0 0 0 0 0 0 0 0 0 0 0 0 0 0 0 0 0 0 0 0 0 0 0 0 0 0 0 0 0 0 0 0 0 0 0 0 0 0 0 0 0 0 0 0 0 0 0 0 0 0 0 0 0 0 0 0 0 0 0 0 0 0 0 0 0 0 0 0 0 0 0 0 0 0 0 0 0 0 0 0 0 0 0 0 0 0 0 0 0 0 0 0 0 0 0 0 0 0 0 0 0 0 0 0 0 0 0 0 0 0 0 0 0 0 0 0 0 0 0 0 0 0 0 0 0 0 0 0 0 0 0 0 0 0 0 0 0 0 0 0 0 0 0 0 0 0 0 0 0 0 0 0 0 0 0 0 0 0 0 0 0 0 0 0 0 0 0 0 0 0 0 0 0 0 0 0 0 0 0 0 0 0 0 0 0 0 0 0 0 0 0 0 0 0 0 0 0 0 0 0 0 0 0 0 0 0 0 0 0 0 0 0 0 0 0 0 0 0 0 0 0 0 0 0 0 0 0 0 0 0 0 0 0 0 0 0 0 0 0 0 0 0 0 0 0 0 0 0 0 0 0 0 0 0 0 0 0 0 0 0 0 0 0 0 0 0 0 0 0 0 0 0 0 0 0 0 0 0 0 0 0 0 0 0 0 0 0 0 0 0 0 0 0 0 0 0 0 0 0 0 0 0 0 0 0 0 0 0 0 0 0 0 0 0 0 0 0 0 0 0 0 0 0 0 0 0 0 0 0 0 0 0 0 0 0 0 0 0 0 0 0 0 0 0 0 0 0 0 0 0 0 0 0 0 0 0 0 0 0 0 0 0 0 0 0 0 0 0 0 0 0 0 0 0 0 0 0 0 0 0 0 0 0 0 0 0 0 0 0 0 0 0 0 0 0 0 0 0 0 0 0 0 0 0 0 0 0 0 0 0 0 0 0 0 0 0 0 0 0 0 0 0 0 0 0 0 0 0 0 0 0 0 0 0 0 0 0 0 0 0 0 0 0 0 0 0 0 0 0 0 0 0 0 0 0 0 0 0 0 0 0 0 0 0 0 0 0 0 0 0 0 0 0 0 0 0 0 0 0 0 0 0 0 0 0 0 0 0 0 0 0 0 0 0 0 0 0 0 0 0 0 0 0 0 0 0 0 0 0 0 0 0 0 0 0 0 0 0 0 0 0 0 0 0 0 0 0 0 0 0 0 0 0 0 0 0 0 0 0 0 0 0 0 0 0 0 0 0 0 0 0 0 0 0 0 0 0 0 0 0 0 0 0 0 0 0 0 0 0 0 0 0 0 0 0 0 0 0 0 0 0 0 0 0 0 0 0 0 0 0 0 0 0 0 0 0 0 0 0 0 0 0 0 0 0 0 0 0 0 0 0 0 0 0 0 0 0 0 0 0 0 0 0 0 0 0 0 0 0 0 0 0 0 0 0 0 0 0 0 0 0 0 0 0 0 0 0 0 0 0 0 0 0 0 0 0 0 0 0 0 0 0 0 0 0 0 0 0 0 0 0 0 0 0 0 0 0 0 0 0 0 0 0 0 0 0 0 0 0 0 0 0 0 0 0 0 0 0 0 0 0 0 0 0 0 0 0 0 0 0 0 0 0 0 0 0 0 0 0 0 0 0 0 0 0 0 0 0 0 0 0 0 0 0 0 0 0 0 0 0 0 0 0 0 0 0 0 0 0 0 0 0 0 0 0 0 0 0 0 0 0 0 0 0 0 0 0 0 0 0 0 0 0 0 0 0 0 0 0 0 0 0 0 0 0 0 0 0 0 0 0 0 0 0 0 0 0 0 0 0 0 0 0 0 0 0 0 0 0 0 0 0 0 0 0 0 0 0 0 0 0 0 0 0 0 0 0 0 0 0 0 0 0 0 0 0 0 0 0 0 0 0 0 0 0 0 0 0 0 0 0 0 0 0 0 0 0 0 0 0 0 0 0 0 0 0 0 0 0 0 0 0 0 0 0 0 0 0 0 0 0 0 0 0 0 0 0 0 0 0 0 0 0 0 0 0 0 0 0 0 0 0 0 0 0 0 0 0 0 0 0 0 0 0 0 0 0 0 0 0 0 0 0 0 0 0 0 0 0 0 0 0 0 0 0 0 0 0 0 0 0 0 0 0 0 0 0 0 0 0 0 0 0 0 0 0 0 0 0 0 0 0 0 0 0 0 0 0 0 0 0 0 0 0 0 0 0 0 0 0 0 0 0 0 0 0 0 0 0 0 0 0 0 0 0 0 0 0 0 0 0 0 0 0 0 0 0 0 0 0 0 0 0
ctxt 3749727471
btime 1790630938
processes 254185
procs_running 1
procs_blocked 0
softirq 3413147539 73526 6717676 2752047 3326937070 274411 0 13556947 37034464 410 25800988
--
cpu  2397825 979 1247422 26493091 45305 0 591134 0 0 0
cpu0 85044 17 34919 834660 1035 0 18051 0 0 0
cpu1 88477 22 35581 834333 848 0 17823 0 0 0
cpu2 90059 19 36148 832322 587 0 18399 0 0 0
cpu3 114532 20 46994 786235 1323 0 27803 0 0 0
cpu4 120509 21 46735 781856 786 0 27796 0 0 0
cpu5 95466 22 37604 824781 558 0 19199 0 0 0
cpu6 96558 19 38328 822497 463 0 20222 0 0 0
cpu7 95419 17 38776 823149 273 0 20384 0 0 0
cpu8 38204 31 34731 863483 1421 0 10648 0 0 0
cpu9 43568 37 37360 846548 3328 0 11396 0 0 0
cpu10 41974 34 36277 852364 1605 0 11333 0 0 0
cpu11 38909 30 33759 865364 1054 0 10361 0 0 0
cpu12 66023 107 39308 821612 4036 0 12140 0 0 0
cpu13 63910 40 39908 821981 3957 0 12421 0 0 0
cpu14 38543 30 33175 868382 1207 0 10132 0 0 0
cpu15 36145 33 30679 878088 1018 0 9224 0 0 0
cpu16 111234 16 43310 798671 584 0 24402 0 0 0
cpu17 105782 16 42368 804660 1442 0 23716 0 0 0
cpu18 102325 16 41177 811550 324 0 22750 0 0 0
cpu19 137865 16 53871 750719 818 0 34131 0 0 0
cpu20 129829 16 52184 761783 878 0 33130 0 0 0
cpu21 98530 17 40188 816138 799 0 22103 0 0 0
cpu22 92802 20 38468 824422 497 0 20489 0 0 0
cpu23 87089 20 36434 835051 595 0 18837 0 0 0
cpu24 41707 35 34447 863962 1358 0 11028 0 0 0
cpu25 46020 39 37943 846605 2431 0 12848 0 0 0
cpu26 44328 35 37179 851117 1840 0 12496 0 0 0
cpu27 37636 24 33151 855744 1483 0 18812 0 0 0
cpu28 64478 56 42878 803794 3247 0 24493 0 0 0
cpu29 67497 93 44166 796591 3224 0 24864 0 0 0
cpu30 37014 24 34383 850903 1325 0 18679 0 0 0
cpu31 40335 23 34981 863711 944 0 11008 0 0 0
intr 2473323575 126 0 0 0 0 0 0 0 0 1 0 0 0 0 0 0 0 0 0 0 0 0 0 0 0 0 0 1 1 1 0 0 0 0 1 0 1 0 0 75045 0 0 0 0 0 0 0 0 411 0 0 0 0 0 0 0 0 87 0 0 0 0 0 0 0 0 0 0 0 0 0 0 0 262358 2 35015180 34954572 34881857 35016333 0 8169 2748 3249 1918 3400 2790 2430 2757 1682 11522 20212 11673 9002 15364 16610 11817 7994 2984 2062 1677 3149 2419 2220 1742 1741 9821 8862 6562 6730 8466 7690 7001 8519 0 0 0 0 616669 3722 1036 0 264 0 0 0 0 0 0 0 0 0 0 0 0 0 0 0 0 0 0 0 0 0 0 0 0 0 0 0 0 0 0 0 0 0 0 0 0 0 0 0 0 0 0 0 0 0 0 0 0 0 0 0 0 0 0 0 0 0 0 0 0 0 0 0 0 0 0 0 0 0 0 0 0 0 0 0 0 0 0 0 0 0 0 0 0 0 0 0 0 0 0 0 0 0 0 0 0 0 0 0 0 0 0 0 0 0 0 0 0 0 0 0 0 0 0 0 0 0 0 0 0 0 0 0 0 0 0 0 0 0 0 0 0 0 0 0 0 0 0 0 0 0 0 0 0 0 0 0 0 0 0 0 0 0 0 0 0 0 0 0 0 0 0 0 0 0 0 0 0 0 0 0 0 0 0 0 0 0 0 0 0 0 0 0 0 0 0 0 0 0 0 0 0 0 0 0 0 0 0 0 0 0 0 0 0 0 0 0 0 0 0 0 0 0 0 0 0 0 0 0 0 0 0 0 0 0 0 0 0 0 0 0 0 0 0 0 0 0 0 0 0 0 0 0 0 0 0 0 0 0 0 0 0 0 0 0 0 0 0 0 0 0 0 0 0 0 0 0 0 0 0 0 0 0 0 0 0 0 0 0 0 0 0 0 0 0 0 0 0 0 0 0 0 0 0 0 0 0 0 0 0 0 0 0 0 0 0 0 0 0 0 0 0 0 0 0 0 0 0 0 0 0 0 0 0 0 0 0 0 0 0 0 0 0 0 0 0 0 0 0 0 0 0 0 0 0 0 0 0 0 0 0 0 0 0 0 0 0 0 0 0 0 0 0 0 0 0 0 0 0 0 0 0 0 0 0 0 0 0 0 0 0 0 0 0 0 0 0 0 0 0 0 0 0 0 0 0 0 0 0 0 0 0 0 0 0 0 0 0 0 0 0 0 0 0 0 0 0 0 0 0 0 0 0 0 0 0 0 0 0 0 0 0 0 0 0 0 0 0 0 0 0 0 0 0 0 0 0 0 0 0 0 0 0 0 0 0 0 0 0 0 0 0 0 0 0 0 0 0 0 0 0 0 0 0 0 0 0 0 0 0 0 0 0 0 0 0 0 0 0 0 0 0 0 0 0 0 0 0 0 0 0 0 0 0 0 0 0 0 0 0 0 0 0 0 0 0 0 0 0 0 0 0 0 0 0 0 0 0 0 0 0 0 0 0 0 0 0 0 0 0 0 0 0 0 0 0 0 0 0 0 0 0 0 0 0 0 0 0 0 0 0 0 0 0 0 0 0 0 0 0 0 0 0 0 0 0 0 0 0 0 0 0 0 0 0 0 0 0 0 0 0 0 0 0 0 0 0 0 0 0 0 0 0 0 0 0 0 0 0 0 0 0 0 0 0 0 0 0 0 0 0 0 0 0 0 0 0 0 0 0 0 0 0 0 0 0 0 0 0 0 0 0 0 0 0 0 0 0 0 0 0 0 0 0 0 0 0 0 0 0 0 0 0 0 0 0 0 0 0 0 0 0 0 0 0 0 0 0 0 0 0 0 0 0 0 0 0 0 0 0 0 0 0 0 0 0 0 0 0 0 0 0 0 0 0 0 0 0 0 0 0 0 0 0 0 0 0 0 0 0 0 0 0 0 0 0 0 0 0 0 0 0 0 0 0 0 0 0 0 0 0 0 0 0 0 0 0 0 0 0 0 0 0 0 0 0 0 0 0 0 0 0 0 0 0 0 0 0 0 0 0 0 0 0 0 0 0 0 0 0 0 0 0 0 0 0 0 0 0 0 0 0 0 0 0 0 0 0 0 0 0 0 0 0 0 0 0 0 0 0 0 0 0 0 0 0 0 0 0 0 0 0 0 0 0 0 0 0 0 0 0 0 0 0 0 0 0 0 0 0 0 0 0 0 0 0 0 0 0 0 0 0 0 0 0 0 0 0 0 0 0 0 0 0 0 0 0 0 0 0 0 0 0 0 0 0 0 0 0 0 0 0 0 0 0 0 0 0 0 0 0 0 0 0 0 0 0 0 0 0 0 0 0 0 0 0 0 0 0 0 0 0 0 0 0 0 0 0 0 0 0 0 0 0 0 0 0 0 0 0 0 0 0 0 0 0 0 0 0 0 0 0 0 0 0 0 0 0 0 0 0 0 0 0 0 0 0 0 0 0 0 0 0 0 0 0 0 0 0 0 0 0 0 0 0 0 0 0 0 0 0 0 0 0 0 0 0 0 0 0 0 0 0 0 0 0 0 0 0 0 0 0 0 0 0 0 0 0 0 0 0 0 0 0 0 0 0 0 0 0 0 0 0 0 0 0 0 0 0 0 0 0 0 0 0 0 0 0 0 0 0 0 0 0 0 0 0 0 0 0 0 0 0 0 0 0 0 0 0 0 0 0 0 0 0 0 0 0 0 0 0 0 0 0 0 0 0 0 0 0 0 0 0 0 0 0 0 0 0 0 0 0 0 0 0 0 0 0 0 0 0 0
ctxt 3750043558
btime 1790630938
processes 254234
procs_running 3
procs_blocked 0
softirq 3413375506 73526 6720952 2752047 3327138519 274656 0 13556947 37045634 410 25812815
