Running 10s test @ http://127.0.0.1:18500/page
  16 threads and 128 connections
  Thread Stats   Avg      Stdev     Max   +/- Stdev
    Latency   596.44us  161.11us   2.32ms   90.07%
    Req/Sec    13.50k     1.27k   21.51k    78.43%
  Latency Distribution
     50%  555.00us
     75%  637.00us
     90%  720.00us
     99%    1.27ms
  2166480 requests in 10.10s, 20.82GB read
Requests/sec: 214515.78
Transfer/sec:      2.06GB
## server-stat
cpu  2297909 959 1203434 26006398 44849 0 561960 0 0 0
cpu0 79976 17 33470 820954 1034 0 16954 0 0 0
cpu1 83534 22 34363 819860 848 0 17068 0 0 0
cpu2 83909 18 34314 820352 555 0 16978 0 0 0
cpu3 109071 19 45421 773020 1321 0 26641 0 0 0
cpu4 115616 21 45611 767196 762 0 27099 0 0 0
cpu5 89334 22 35961 812354 523 0 18024 0 0 0
cpu6 90298 19 36549 810399 463 0 18926 0 0 0
cpu7 89142 17 36856 811351 273 0 19001 0 0 0
cpu8 38029 30 33761 845192 1418 0 10185 0 0 0
cpu9 43360 36 36354 828580 3323 0 10908 0 0 0
cpu10 41779 33 35311 834182 1600 0 10870 0 0 0
cpu11 38756 29 32906 846680 1033 0 9945 0 0 0
cpu12 65635 106 38263 803671 4029 0 11643 0 0 0
cpu13 63567 39 38846 804164 3869 0 11918 0 0 0
cpu14 38391 30 32365 849477 1205 0 9731 0 0 0
cpu15 36012 32 29922 858948 1011 0 8843 0 0 0
cpu16 104177 15 41339 787740 583 0 22919 0 0 0
cpu17 98665 15 40131 794418 1441 0 21879 0 0 0
cpu18 96533 16 39554 798789 324 0 21483 0 0 0
cpu19 131225 16 51921 739430 817 0 32593 0 0 0
cpu20 122512 16 49785 752035 869 0 31148 0 0 0
cpu21 92659 17 38361 803954 773 0 20561 0 0 0
cpu22 87209 20 36748 811694 497 0 19088 0 0 0
cpu23 81939 20 34878 821604 595 0 17580 0 0 0
cpu24 41534 34 33564 845332 1317 0 10585 0 0 0
cpu25 45771 37 36887 828636 2420 0 12323 0 0 0
cpu26 44108 34 36163 833036 1825 0 11976 0 0 0
cpu27 37474 23 32239 837230 1481 0 18348 0 0 0
cpu28 63850 54 41461 787226 3220 0 23821 0 0 0
cpu29 66843 91 42710 780313 3147 0 24169 0 0 0
cpu30 36825 23 33395 833005 1319 0 18205 0 0 0
cpu31 40160 23 34011 845560 939 0 10535 0 0 0
intr 2383383647 126 0 0 0 0 0 0 0 0 1 0 0 0 0 0 0 0 0 0 0 0 0 0 0 0 0 0 1 1 1 0 0 0 0 1 0 1 0 0 75045 0 0 0 0 0 0 0 0 411 0 0 0 0 0 0 0 0 87 0 0 0 0 0 0 0 0 0 0 0 0 0 0 0 257992 2 35014093 34952404 34880136 35015089 0 7994 2747 3249 1893 3400 2790 2429 2757 1680 11479 20182 11574 8938 15193 16537 11781 7981 2980 2062 1676 3149 2417 2219 1740 1739 9736 8825 6461 6693 8300 7625 6989 8513 0 0 0 0 616653 3696 1036 0 264 0 0 0 0 0 0 0 0 0 0 0 0 0 0 0 0 0 0 0 0 0 0 0 0 0 0 0 0 0 0 0 0 0 0 0 0 0 0 0 0 0 0 0 0 0 0 0 0 0 0 0 0 0 0 0 0 0 0 0 0 0 0 0 0 0 0 0 0 0 0 0 0 0 0 0 0 0 0 0 0 0 0 0 0 0 0 0 0 0 0 0 0 0 0 0 0 0 0 0 0 0 0 0 0 0 0 0 0 0 0 0 0 0 0 0 0 0 0 0 0 0 0 0 0 0 0 0 0 0 0 0 0 0 0 0 0 0 0 0 0 0 0 0 0 0 0 0 0 0 0 0 0 0 0 0 0 0 0 0 0 0 0 0 0 0 0 0 0 0 0 0 0 0 0 0 0 0 0 0 0 0 0 0 0 0 0 0 0 0 0 0 0 0 0 0 0 0 0 0 0 0 0 0 0 0 0 0 0 0 0 0 0 0 0 0 0 0 0 0 0 0 0 0 0 0 0 0 0 0 0 0 0 0 0 0 0 0 0 0 0 0 0 0 0 0 0 0 0 0 0 0 0 0 0 0 0 0 0 0 0 0 0 0 0 0 0 0 0 0 0 0 0 0 0 0 0 0 0 0 0 0 0 0 0 0 0 0 0 0 0 0 0 0 0 0 0 0 0 0 0 0 0 0 0 0 0 0 0 0 0 0 0 0 0 0 0 0 0 0 0 0 0 0 0 0 0 0 0 0 0 0 0 0 0 0 0 0 0 0 0 0 0 0 0 0 0 0 0 0 0 0 0 0 0 0 0 0 0 0 0 0 0 0 0 0 0 0 0 0 0 0 0 0 0 0 0 0 0 0 0 0 0 0 0 0 0 0 0 0 0 0 0 0 0 0 0 0 0 0 0 0 0 0 0 0 0 0 0 0 0 0 0 0 0 0 0 0 0 0 0 0 0 0 0 0 0 0 0 0 0 0 0 0 0 0 0 0 0 0 0 0 0 0 0 0 0 0 0 0 0 0 0 0 0 0 0 0 0 0 0 0 0 0 0 0 0 0 0 0 0 0 0 0 0 0 0 0 0 0 0 0 0 0 0 0 0 0 0 0 0 0 0 0 0 0 0 0 0 0 0 0 0 0 0 0 0 0 0 0 0 0 0 0 0 0 0 0 0 0 0 0 0 0 0 0 0 0 0 0 0 0 0 0 0 0 0 0 0 0 0 0 0 0 0 0 0 0 0 0 0 0 0 0 0 0 0 0 0 0 0 0 0 0 0 0 0 0 0 0 0 0 0 0 0 0 0 0 0 0 0 0 0 0 0 0 0 0 0 0 0 0 0 0 0 0 0 0 0 0 0 0 0 0 0 0 0 0 0 0 0 0 0 0 0 0 0 0 0 0 0 0 0 0 0 0 0 0 0 0 0 0 0 0 0 0 0 0 0 0 0 0 0 0 0 0 0 0 0 0 0 0 0 0 0 0 0 0 0 0 0 0 0 0 0 0 0 0 0 0 0 0 0 0 0 0 0 0 0 0 0 0 0 0 0 0 0 0 0 0 0 0 0 0 0 0 0 0 0 0 0 0 0 0 0 0 0 0 0 0 0 0 0 0 0 0 0 0 0 0 0 0 0 0 0 0 0 0 0 0 0 0 0 0 0 0 0 0 0 0 0 0 0 0 0 0 0 0 0 0 0 0 0 0 0 0 0 0 0 0 0 0 0 0 0 0 0 0 0 0 0 0 0 0 0 0 0 0 0 0 0 0 0 0 0 0 0 0 0 0 0 0 0 0 0 0 0 0 0 0 0 0 0 0 0 0 0 0 0 0 0 0 0 0 0 0 0 0 0 0 0 0 0 0 0 0 0 0 0 0 0 0 0 0 0 0 0 0 0 0 0 0 0 0 0 0 0 0 0 0 0 0 0 0 0 0 0 0 0 0 0 0 0 0 0 0 0 0 0 0 0 0 0 0 0 0 0 0 0 0 0 0 0 0 0 0 0 0 0 0 0 0 0 0 0 0 0 0 0 0 0 0 0 0 0 0 0 0 0 0 0 0 0 0 0 0 0 0 0 0 0 0 0 0 0 0 0 0 0 0 0 0 0 0 0 0 0 0 0 0 0 0 0 0 0 0 0 0 0 0 0 0 0 0 0 0 0 0 0 0 0 0 0 0 0 0 0 0 0 0 0 0 0 0 0 0 0 0 0 0 0 0 0 0 0 0 0 0 0 0 0 0 0 0 0 0 0 0 0 0 0 0 0 0 0 0 0 0 0 0 0 0 0 0 0 0 0 0 0 0 0 0 0 0 0 0 0 0 0 0 0 0 0 0 0 0 0 0 0 0 0 0 0 0 0 0 0 0 0 0 0 0 0 0 0 0 0 0 0 0 0 0 0 0 0 0 0 0 0 0 0 0 0 0 0 0 0 0 0 0 0 0 0 0 0 0 0 0 0 0 0 0 0 0 0 0 0 0 0 0 0 0 0
ctxt 3588951384
btime 1790630938
processes 249646
procs_running 12
procs_blocked 0
softirq 3247055484 73526 6579296 2752018 3163119646 270061 0 13556832 35744412 410 24959283
--
cpu  2302801 960 1204588 26024046 44850 0 562735 0 0 0
cpu0 79976 17 33470 821731 1034 0 16955 0 0 0
cpu1 83625 22 34385 820533 848 0 17079 0 0 0
cpu2 84501 18 34433 820352 555 0 17067 0 0 0
cpu3 109661 19 45540 773029 1321 0 26722 0 0 0
cpu4 116217 21 45727 767196 762 0 27182 0 0 0
cpu5 89933 22 36079 812354 523 0 18107 0 0 0
cpu6 90751 19 36645 810590 463 0 18986 0 0 0
cpu7 89738 17 36975 811351 273 0 19087 0 0 0
cpu8 38031 30 33773 845906 1418 0 10192 0 0 0
cpu9 43362 36 36366 829288 3323 0 10917 0 0 0
cpu10 41781 33 35322 834891 1601 0 10877 0 0 0
cpu11 38758 29 32917 847396 1033 0 9952 0 0 0
cpu12 65639 107 38273 804375 4029 0 11650 0 0 0
cpu13 63571 39 38862 804867 3869 0 11927 0 0 0
cpu14 38392 30 32376 850193 1205 0 9738 0 0 0
cpu15 36014 32 29932 859665 1011 0 8849 0 0 0
cpu16 104776 15 41461 787740 583 0 22998 0 0 0
cpu17 99173 15 40233 794542 1441 0 21945 0 0 0
cpu18 96533 16 39554 799586 324 0 21483 0 0 0
cpu19 131233 16 51923 740217 817 0 32594 0 0 0
cpu20 122551 16 49787 752793 869 0 31148 0 0 0
cpu21 92679 17 38362 804731 773 0 20561 0 0 0
cpu22 87352 20 36781 812299 497 0 19107 0 0 0
cpu23 81940 20 34878 822400 595 0 17580 0 0 0
cpu24 41536 34 33574 846046 1317 0 10593 0 0 0
cpu25 45776 37 36899 829343 2421 0 12330 0 0 0
cpu26 44112 34 36173 833742 1825 0 11983 0 0 0
cpu27 37477 23 32250 837942 1481 0 18355 0 0 0
cpu28 63858 54 41474 787926 3220 0 23828 0 0 0
cpu29 66851 91 42723 781013 3147 0 24178 0 0 0
cpu30 36828 23 33407 833719 1319 0 18211 0 0 0
cpu31 40162 23 34023 846275 939 0 10542 0 0 0
intr 2385043178 126 0 0 0 0 0 0 0 0 1 0 0 0 0 0 0 0 0 0 0 0 0 0 0 0 0 0 1 1 1 0 0 0 0 1 0 1 0 0 75045 0 0 0 0 0 0 0 0 411 0 0 0 0 0 0 0 0 87 0 0 0 0 0 0 0 0 0 0 0 0 0 0 0 257992 2 35014126 34952468 34880192 35015116 0 7998 2747 3249 1893 3400 2790 2429 2757 1680 11480 20182 11603 8938 15193 16541 11781 7981 2980 2062 1676 3149 2417 2219 1740 1739 9736 8825 6461 6693 8300 7625 6992 8513 0 0 0 0 616653 3696 1036 0 264 0 0 0 0 0 0 0 0 0 0 0 0 0 0 0 0 0 0 0 0 0 0 0 0 0 0 0 0 0 0 0 0 0 0 0 0 0 0 0 0 0 0 0 0 0 0 0 0 0 0 0 0 0 0 0 0 0 0 0 0 0 0 0 0 0 0 0 0 0 0 0 0 0 0 0 0 0 0 0 0 0 0 0 0 0 0 0 0 0 0 0 0 0 0 0 0 0 0 0 0 0 0 0 0 0 0 0 0 0 0 0 0 0 0 0 0 0 0 0 0 0 0 0 0 0 0 0 0 0 0 0 0 0 0 0 0 0 0 0 0 0 0 0 0 0 0 0 0 0 0 0 0 0 0 0 0 0 0 0 0 0 0 0 0 0 0 0 0 0 0 0 0 0 0 0 0 0 0 0 0 0 0 0 0 0 0 0 0 0 0 0 0 0 0 0 0 0 0 0 0 0 0 0 0 0 0 0 0 0 0 0 0 0 0 0 0 0 0 0 0 0 0 0 0 0 0 0 0 0 0 0 0 0 0 0 0 0 0 0 0 0 0 0 0 0 0 0 0 0 0 0 0 0 0 0 0 0 0 0 0 0 0 0 0 0 0 0 0 0 0 0 0 0 0 0 0 0 0 0 0 0 0 0 0 0 0 0 0 0 0 0 0 0 0 0 0 0 0 0 0 0 0 0 0 0 0 0 0 0 0 0 0 0 0 0 0 0 0 0 0 0 0 0 0 0 0 0 0 0 0 0 0 0 0 0 0 0 0 0 0 0 0 0 0 0 0 0 0 0 0 0 0 0 0 0 0 0 0 0 0 0 0 0 0 0 0 0 0 0 0 0 0 0 0 0 0 0 0 0 0 0 0 0 0 0 0 0 0 0 0 0 0 0 0 0 0 0 0 0 0 0 0 0 0 0 0 0 0 0 0 0 0 0 0 0 0 0 0 0 0 0 0 0 0 0 0 0 0 0 0 0 0 0 0 0 0 0 0 0 0 0 0 0 0 0 0 0 0 0 0 0 0 0 0 0 0 0 0 0 0 0 0 0 0 0 0 0 0 0 0 0 0 0 0 0 0 0 0 0 0 0 0 0 0 0 0 0 0 0 0 0 0 0 0 0 0 0 0 0 0 0 0 0 0 0 0 0 0 0 0 0 0 0 0 0 0 0 0 0 0 0 0 0 0 0 0 0 0 0 0 0 0 0 0 0 0 0 0 0 0 0 0 0 0 0 0 0 0 0 0 0 0 0 0 0 0 0 0 0 0 0 0 0 0 0 0 0 0 0 0 0 0 0 0 0 0 0 0 0 0 0 0 0 0 0 0 0 0 0 0 0 0 0 0 0 0 0 0 0 0 0 0 0 0 0 0 0 0 0 0 0 0 0 0 0 0 0 0 0 0 0 0 0 0 0 0 0 0 0 0 0 0 0 0 0 0 0 0 0 0 0 0 0 0 0 0 0 0 0 0 0 0 0 0 0 0 0 0 0 0 0 0 0 0 0 0 0 0 0 0 0 0 0 0 0 0 0 0 0 0 0 0 0 0 0 0 0 0 0 0 0 0 0 0 0 0 0 0 0 0 0 0 0 0 0 0 0 0 0 0 0 0 0 0 0 0 0 0 0 0 0 0 0 0 0 0 0 0 0 0 0 0 0 0 0 0 0 0 0 0 0 0 0 0 0 0 0 0 0 0 0 0 0 0 0 0 0 0 0 0 0 0 0 0 0 0 0 0 0 0 0 0 0 0 0 0 0 0 0 0 0 0 0 0 0 0 0 0 0 0 0 0 0 0 0 0 0 0 0 0 0 0 0 0 0 0 0 0 0 0 0 0 0 0 0 0 0 0 0 0 0 0 0 0 0 0 0 0 0 0 0 0 0 0 0 0 0 0 0 0 0 0 0 0 0 0 0 0 0 0 0 0 0 0 0 0 0 0 0 0 0 0 0 0 0 0 0 0 0 0 0 0 0 0 0 0 0 0 0 0 0 0 0 0 0 0 0 0 0 0 0 0 0 0 0 0 0 0 0 0 0 0 0 0 0 0 0 0 0 0 0 0 0 0 0 0 0 0 0 0 0 0 0 0 0 0 0 0 0 0 0 0 0 0 0 0 0 0 0 0 0 0 0 0 0 0 0 0 0 0 0 0 0 0 0 0 0 0 0 0 0 0 0 0 0 0 0 0 0 0 0 0 0 0 0 0 0 0 0 0 0 0 0 0 0 0 0 0 0 0 0 0 0 0 0 0 0 0 0 0 0 0 0 0 0 0 0 0 0 0 0 0 0 0 0 0 0 0 0 0 0 0 0 0 0 0 0 0 0 0 0 0 0 0 0 0 0 0 0 0 0 0 0 0 0 0 0 0 0 0 0 0 0 0 0 0 0 0 0 0 0 0 0 0 0 0 0 0 0 0 0 0 0 0 0 0 0 0 0 0 0 0 0 0 0 0 0 0 0 0 0 0 0 0 0 0 0 0 0 0 0 0
ctxt 3591974716
btime 1790630938
processes 249689
procs_running 9
procs_blocked 0
softirq 3250527628 73526 6583842 2752018 3166548769 270065 0 13556832 35758520 410 24983646
