Running 10s test @ http://127.0.0.1:18500/json
  16 threads and 32 connections
  Thread Stats   Avg      Stdev     Max   +/- Stdev
    Latency   150.67us   60.72us 791.00us   52.86%
    Req/Sec    13.31k     4.12k   24.00k    89.29%
  Latency Distribution
     50%  178.00us
     75%  207.00us
     90%  209.00us
     99%  214.00us
  2140854 requests in 10.10s, 255.21MB read
Requests/sec: 211969.88
Transfer/sec:     25.27MB
## server-stat
cpu  2223919 922 1170565 24843912 43930 0 536454 0 0 0
cpu0 78240 17 32884 782646 1033 0 16454 0 0 0
cpu1 81023 21 33472 782516 847 0 16323 0 0 0
cpu2 82148 18 33695 781679 535 0 16518 0 0 0
cpu3 101161 19 42980 744091 1320 0 24424 0 0 0
cpu4 107210 20 43107 738776 761 0 24861 0 0 0
cpu5 86413 21 35013 775413 517 0 17279 0 0 0
cpu6 87206 18 35532 773667 455 0 18151 0 0 0
cpu7 85802 16 35707 775040 271 0 18103 0 0 0
cpu8 37866 29 33193 806590 1369 0 9854 0 0 0
cpu9 43138 34 35712 790925 3233 0 10555 0 0 0
cpu10 41594 32 34685 796372 1560 0 10506 0 0 0
cpu11 38614 28 32337 808250 984 0 9618 0 0 0
cpu12 64983 104 37475 767015 3968 0 11228 0 0 0
cpu13 62937 36 38033 767702 3780 0 11480 0 0 0
cpu14 38246 28 31776 811413 1133 0 9395 0 0 0
cpu15 35891 30 29403 820326 948 0 8542 0 0 0
cpu16 99099 14 39852 753987 582 0 21661 0 0 0
cpu17 94886 15 38898 758863 1441 0 20882 0 0 0
cpu18 92320 15 38070 764181 324 0 20193 0 0 0
cpu19 122430 16 49180 711924 811 0 30057 0 0 0
cpu20 114387 16 47174 723741 868 0 28602 0 0 0
cpu21 89678 16 37203 767478 771 0 19599 0 0 0
cpu22 84643 19 35692 774571 496 0 18182 0 0 0
cpu23 79755 19 34007 783728 591 0 16810 0 0 0
cpu24 41394 33 33007 806740 1258 0 10251 0 0 0
cpu25 45538 35 36253 790364 2396 0 11971 0 0 0
cpu26 43918 31 35556 794584 1799 0 11624 0 0 0
cpu27 37348 22 31689 798291 1479 0 18025 0 0 0
cpu28 63140 52 40719 749646 3171 0 23429 0 0 0
cpu29 66189 89 41929 742817 3019 0 23790 0 0 0
cpu30 36675 22 32836 794136 1269 0 17863 0 0 0
cpu31 40033 21 33483 806426 927 0 10211 0 0 0
intr 2296767992 126 0 0 0 0 0 0 0 0 1 0 0 0 0 0 0 0 0 0 0 0 0 0 0 0 0 0 1 1 1 0 0 0 0 1 0 1 0 0 75045 0 0 0 0 0 0 0 0 411 0 0 0 0 0 0 0 0 87 0 0 0 0 0 0 0 0 0 0 0 0 0 0 0 249808 2 35011849 34949102 34877524 35013270 0 7648 2745 3240 1827 3398 2789 2359 2749 1678 11469 20007 11542 8923 14865 16306 11732 7919 2978 2057 1673 3111 2415 2219 1739 1723 9683 8708 6338 6517 8168 7497 6971 8501 0 0 0 0 616625 3642 1036 0 264 0 0 0 0 0 0 0 0 0 0 0 0 0 0 0 0 0 0 0 0 0 0 0 0 0 0 0 0 0 0 0 0 0 0 0 0 0 0 0 0 0 0 0 0 0 0 0 0 0 0 0 0 0 0 0 0 0 0 0 0 0 0 0 0 0 0 0 0 0 0 0 0 0 0 0 0 0 0 0 0 0 0 0 0 0 0 0 0 0 0 0 0 0 0 0 0 0 0 0 0 0 0 0 0 0 0 0 0 0 0 0 0 0 0 0 0 0 0 0 0 0 0 0 0 0 0 0 0 0 0 0 0 0 0 0 0 0 0 0 0 0 0 0 0 0 0 0 0 0 0 0 0 0 0 0 0 0 0 0 0 0 0 0 0 0 0 0 0 0 0 0 0 0 0 0 0 0 0 0 0 0 0 0 0 0 0 0 0 0 0 0 0 0 0 0 0 0 0 0 0 0 0 0 0 0 0 0 0 0 0 0 0 0 0 0 0 0 0 0 0 0 0 0 0 0 0 0 0 0 0 0 0 0 0 0 0 0 0 0 0 0 0 0 0 0 0 0 0 0 0 0 0 0 0 0 0 0 0 0 0 0 0 0 0 0 0 0 0 0 0 0 0 0 0 0 0 0 0 0 0 0 0 0 0 0 0 0 0 0 0 0 0 0 0 0 0 0 0 0 0 0 0 0 0 0 0 0 0 0 0 0 0 0 0 0 0 0 0 0 0 0 0 0 0 0 0 0 0 0 0 0 0 0 0 0 0 0 0 0 0 0 0 0 0 0 0 0 0 0 0 0 0 0 0 0 0 0 0 0 0 0 0 0 0 0 0 0 0 0 0 0 0 0 0 0 0 0 0 0 0 0 0 0 0 0 0 0 0 0 0 0 0 0 0 0 0 0 0 0 0 0 0 0 0 0 0 0 0 0 0 0 0 0 0 0 0 0 0 0 0 0 0 0 0 0 0 0 0 0 0 0 0 0 0 0 0 0 0 0 0 0 0 0 0 0 0 0 0 0 0 0 0 0 0 0 0 0 0 0 0 0 0 0 0 0 0 0 0 0 0 0 0 0 0 0 0 0 0 0 0 0 0 0 0 0 0 0 0 0 0 0 0 0 0 0 0 0 0 0 0 0 0 0 0 0 0 0 0 0 0 0 0 0 0 0 0 0 0 0 0 0 0 0 0 0 0 0 0 0 0 0 0 0 0 0 0 0 0 0 0 0 0 0 0 0 0 0 0 0 0 0 0 0 0 0 0 0 0 0 0 0 0 0 0 0 0 0 0 0 0 0 0 0 0 0 0 0 0 0 0 0 0 0 0 0 0 0 0 0 0 0 0 0 0 0 0 0 0 0 0 0 0 0 0 0 0 0 0 0 0 0 0 0 0 0 0 0 0 0 0 0 0 0 0 0 0 0 0 0 0 0 0 0 0 0 0 0 0 0 0 0 0 0 0 0 0 0 0 0 0 0 0 0 0 0 0 0 0 0 0 0 0 0 0 0 0 0 0 0 0 0 0 0 0 0 0 0 0 0 0 0 0 0 0 0 0 0 0 0 0 0 0 0 0 0 0 0 0 0 0 0 0 0 0 0 0 0 0 0 0 0 0 0 0 0 0 0 0 0 0 0 0 0 0 0 0 0 0 0 0 0 0 0 0 0 0 0 0 0 0 0 0 0 0 0 0 0 0 0 0 0 0 0 0 0 0 0 0 0 0 0 0 0 0 0 0 0 0 0 0 0 0 0 0 0 0 0 0 0 0 0 0 0 0 0 0 0 0 0 0 0 0 0 0 0 0 0 0 0 0 0 0 0 0 0 0 0 0 0 0 0 0 0 0 0 0 0 0 0 0 0 0 0 0 0 0 0 0 0 0 0 0 0 0 0 0 0 0 0 0 0 0 0 0 0 0 0 0 0 0 0 0 0 0 0 0 0 0 0 0 0 0 0 0 0 0 0 0 0 0 0 0 0 0 0 0 0 0 0 0 0 0 0 0 0 0 0 0 0 0 0 0 0 0 0 0 0 0 0 0 0 0 0 0 0 0 0 0 0 0 0 0 0 0 0 0 0 0 0 0 0 0 0 0 0 0 0 0 0 0 0 0 0 0 0 0 0 0 0 0 0 0 0 0 0 0 0 0 0 0 0 0 0 0 0 0 0 0 0 0 0 0 0 0 0 0 0 0 0 0 0 0 0 0 0 0 0 0 0 0 0 0 0 0 0 0 0 0 0 0 0 0 0 0 0 0 0 0 0 0 0 0 0 0 0 0 0 0 0 0 0 0 0 0 0 0 0 0 0 0 0 0 0 0 0 0 0 0 0 0 0 0 0 0 0 0 0 0 0 0 0 0 0 0 0 0 0 0 0 0 0 0 0 0 0 0 0 0 0 0 0 0 0 0 0 0 0 0 0 0 0 0 0 0 0 0 0 0 0 0 0 0 0 0 0 0 0 0 0 0 0 0 0 0 0 0 0 0 0 0 0 0
ctxt 3422715494
btime 1790630938
processes 241168
procs_running 4
procs_blocked 0
softirq 3075118268 73526 6365294 2751958 2992935124 261375 0 13556592 34953125 410 24220864
--
cpu  2224837 923 1170994 24866695 43945 0 536838 0 0 0
cpu0 78240 17 32884 783435 1033 0 16456 0 0 0
cpu1 81023 21 33473 783313 847 0 16323 0 0 0
cpu2 82149 18 33695 782477 535 0 16518 0 0 0
cpu3 101364 19 43064 744518 1320 0 24510 0 0 0
cpu4 107562 20 43273 738903 761 0 25015 0 0 0
cpu5 86413 21 35013 776212 517 0 17279 0 0 0
cpu6 87206 18 35532 774466 455 0 18151 0 0 0
cpu7 85802 16 35707 775839 271 0 18103 0 0 0
cpu8 37867 29 33194 807350 1369 0 9854 0 0 0
cpu9 43141 34 35714 791622 3233 0 10556 0 0 0
cpu10 41596 32 34688 797068 1560 0 10506 0 0 0
cpu11 38616 28 32340 808981 984 0 9618 0 0 0
cpu12 64990 104 37481 767653 3968 0 11231 0 0 0
cpu13 62944 36 38041 768326 3780 0 11483 0 0 0
cpu14 38249 28 31782 812094 1133 0 9396 0 0 0
cpu15 35892 30 29405 821036 959 0 8542 0 0 0
cpu16 99100 14 39852 754784 582 0 21661 0 0 0
cpu17 94886 15 38898 759662 1441 0 20882 0 0 0
cpu18 92321 15 38070 764979 324 0 20193 0 0 0
cpu19 122660 16 49279 712296 811 0 30155 0 0 0
cpu20 114453 16 47205 724413 868 0 28632 0 0 0
cpu21 89679 16 37203 768276 771 0 19599 0 0 0
cpu22 84644 19 35692 775370 496 0 18182 0 0 0
cpu23 79755 20 34007 784526 592 0 16810 0 0 0
cpu24 41396 33 33009 807488 1258 0 10251 0 0 0
cpu25 45539 36 36254 791114 2396 0 11972 0 0 0
cpu26 43920 31 35558 795347 1799 0 11624 0 0 0
cpu27 37348 22 31690 799081 1479 0 18025 0 0 0
cpu28 63150 52 40723 750395 3172 0 23429 0 0 0
cpu29 66207 89 41933 743535 3019 0 23791 0 0 0
cpu30 36677 22 32837 794909 1270 0 17864 0 0 0
cpu31 40034 21 33483 807210 927 0 10211 0 0 0
intr 2298510349 126 0 0 0 0 0 0 0 0 1 0 0 0 0 0 0 0 0 0 0 0 0 0 0 0 0 0 1 1 1 0 0 0 0 1 0 1 0 0 75045 0 0 0 0 0 0 0 0 411 0 0 0 0 0 0 0 0 87 0 0 0 0 0 0 0 0 0 0 0 0 0 0 0 249985 2 35011886 34949133 34877558 35013286 0 7656 2745 3240 1827 3398 2789 2365 2749 1678 11469 20007 11542 8923 14866 16306 11732 7919 2978 2057 1673 3111 2415 2219 1739 1723 9683 8708 6338 6517 8168 7498 6972 8501 0 0 0 0 616625 3642 1036 0 264 0 0 0 0 0 0 0 0 0 0 0 0 0 0 0 0 0 0 0 0 0 0 0 0 0 0 0 0 0 0 0 0 0 0 0 0 0 0 0 0 0 0 0 0 0 0 0 0 0 0 0 0 0 0 0 0 0 0 0 0 0 0 0 0 0 0 0 0 0 0 0 0 0 0 0 0 0 0 0 0 0 0 0 0 0 0 0 0 0 0 0 0 0 0 0 0 0 0 0 0 0 0 0 0 0 0 0 0 0 0 0 0 0 0 0 0 0 0 0 0 0 0 0 0 0 0 0 0 0 0 0 0 0 0 0 0 0 0 0 0 0 0 0 0 0 0 0 0 0 0 0 0 0 0 0 0 0 0 0 0 0 0 0 0 0 0 0 0 0 0 0 0 0 0 0 0 0 0 0 0 0 0 0 0 0 0 0 0 0 0 0 0 0 0 0 0 0 0 0 0 0 0 0 0 0 0 0 0 0 0 0 0 0 0 0 0 0 0 0 0 0 0 0 0 0 0 0 0 0 0 0 0 0 0 0 0 0 0 0 0 0 0 0 0 0 0 0 0 0 0 0 0 0 0 0 0 0 0 0 0 0 0 0 0 0 0 0 0 0 0 0 0 0 0 0 0 0 0 0 0 0 0 0 0 0 0 0 0 0 0 0 0 0 0 0 0 0 0 0 0 0 0 0 0 0 0 0 0 0 0 0 0 0 0 0 0 0 0 0 0 0 0 0 0 0 0 0 0 0 0 0 0 0 0 0 0 0 0 0 0 0 0 0 0 0 0 0 0 0 0 0 0 0 0 0 0 0 0 0 0 0 0 0 0 0 0 0 0 0 0 0 0 0 0 0 0 0 0 0 0 0 0 0 0 0 0 0 0 0 0 0 0 0 0 0 0 0 0 0 0 0 0 0 0 0 0 0 0 0 0 0 0 0 0 0 0 0 0 0 0 0 0 0 0 0 0 0 0 0 0 0 0 0 0 0 0 0 0 0 0 0 0 0 0 0 0 0 0 0 0 0 0 0 0 0 0 0 0 0 0 0 0 0 0 0 0 0 0 0 0 0 0 0 0 0 0 0 0 0 0 0 0 0 0 0 0 0 0 0 0 0 0 0 0 0 0 0 0 0 0 0 0 0 0 0 0 0 0 0 0 0 0 0 0 0 0 0 0 0 0 0 0 0 0 0 0 0 0 0 0 0 0 0 0 0 0 0 0 0 0 0 0 0 0 0 0 0 0 0 0 0 0 0 0 0 0 0 0 0 0 0 0 0 0 0 0 0 0 0 0 0 0 0 0 0 0 0 0 0 0 0 0 0 0 0 0 0 0 0 0 0 0 0 0 0 0 0 0 0 0 0 0 0 0 0 0 0 0 0 0 0 0 0 0 0 0 0 0 0 0 0 0 0 0 0 0 0 0 0 0 0 0 0 0 0 0 0 0 0 0 0 0 0 0 0 0 0 0 0 0 0 0 0 0 0 0 0 0 0 0 0 0 0 0 0 0 0 0 0 0 0 0 0 0 0 0 0 0 0 0 0 0 0 0 0 0 0 0 0 0 0 0 0 0 0 0 0 0 0 0 0 0 0 0 0 0 0 0 0 0 0 0 0 0 0 0 0 0 0 0 0 0 0 0 0 0 0 0 0 0 0 0 0 0 0 0 0 0 0 0 0 0 0 0 0 0 0 0 0 0 0 0 0 0 0 0 0 0 0 0 0 0 0 0 0 0 0 0 0 0 0 0 0 0 0 0 0 0 0 0 0 0 0 0 0 0 0 0 0 0 0 0 0 0 0 0 0 0 0 0 0 0 0 0 0 0 0 0 0 0 0 0 0 0 0 0 0 0 0 0 0 0 0 0 0 0 0 0 0 0 0 0 0 0 0 0 0 0 0 0 0 0 0 0 0 0 0 0 0 0 0 0 0 0 0 0 0 0 0 0 0 0 0 0 0 0 0 0 0 0 0 0 0 0 0 0 0 0 0 0 0 0 0 0 0 0 0 0 0 0 0 0 0 0 0 0 0 0 0 0 0 0 0 0 0 0 0 0 0 0 0 0 0 0 0 0 0 0 0 0 0 0 0 0 0 0 0 0 0 0 0 0 0 0 0 0 0 0 0 0 0 0 0 0 0 0 0 0 0 0 0 0 0 0 0 0 0 0 0 0 0 0 0 0 0 0 0 0 0 0 0 0 0 0 0 0 0 0 0 0 0 0 0 0 0 0 0 0 0 0 0 0 0 0 0 0 0 0 0 0 0 0 0 0 0 0 0 0 0 0 0 0 0 0 0 0 0 0 0 0 0 0 0 0 0 0 0 0 0 0 0 0 0 0 0 0 0 0 0 0 0 0 0 0 0 0 0 0 0 0 0 0 0 0 0 0 0 0 0 0 0 0 0 0 0 0 0 0 0 0 0 0 0 0 0 0 0 0 0 0 0 0 0 0 0 0 0 0 0 0 0 0 0 0 0 0 0 0 0 0 0 0
ctxt 3426109953
btime 1790630938
processes 241250
procs_running 4
procs_blocked 0
softirq 3078532591 73526 6368372 2751958 2996327206 261563 0 13556592 34964397 410 24228567
