Running 10s test @ http://127.0.0.1:18500/json
  16 threads and 128 connections
  Thread Stats   Avg      Stdev     Max   +/- Stdev
    Latency   133.87us   50.23us   2.48ms   66.16%
    Req/Sec    59.91k     9.27k  102.17k    65.63%
  Latency Distribution
     50%  132.00us
     75%  151.00us
     90%  204.00us
     99%  295.00us
  9610503 requests in 10.10s, 1.33GB read
Requests/sec: 951608.35
Transfer/sec:    135.22MB
## server-stat
cpu  2393735 977 1243846 26438056 45257 0 588228 0 0 0
cpu0 84845 17 34813 832944 1035 0 17929 0 0 0
cpu1 88474 22 35579 832200 848 0 17820 0 0 0
cpu2 89642 19 35926 831083 556 0 18157 0 0 0
cpu3 114486 19 46964 784195 1321 0 27777 0 0 0
cpu4 120488 21 46722 779753 786 0 27787 0 0 0
cpu5 95230 22 37482 823120 558 0 19067 0 0 0
cpu6 96114 19 38104 821259 463 0 19977 0 0 0
cpu7 95418 17 38774 821001 273 0 20384 0 0 0
cpu8 38182 31 34619 861710 1421 0 10591 0 0 0
cpu9 43543 37 37253 844785 3328 0 11339 0 0 0
cpu10 41951 33 36174 850602 1605 0 11278 0 0 0
cpu11 38891 30 33655 863591 1054 0 10302 0 0 0
cpu12 65967 107 39193 819886 4036 0 12082 0 0 0
cpu13 63861 40 39801 820248 3957 0 12362 0 0 0
cpu14 38524 30 33071 866601 1207 0 10075 0 0 0
cpu15 36124 33 30579 876301 1018 0 9169 0 0 0
cpu16 110954 16 43195 797031 584 0 24285 0 0 0
cpu17 105311 16 42146 803422 1442 0 23495 0 0 0
cpu18 102306 16 41168 809434 324 0 22742 0 0 0
cpu19 137437 16 53651 749443 818 0 33904 0 0 0
cpu20 129392 16 51945 760556 878 0 32883 0 0 0
cpu21 98314 17 40083 814430 787 0 21993 0 0 0
cpu22 92801 20 38467 822273 497 0 20489 0 0 0
cpu23 86654 20 36202 833808 595 0 18594 0 0 0
cpu24 41687 35 34336 862197 1357 0 10966 0 0 0
cpu25 45996 39 37832 844853 2430 0 12786 0 0 0
cpu26 44303 35 37075 849362 1840 0 12432 0 0 0
cpu27 37616 24 33042 853981 1483 0 18750 0 0 0
cpu28 64441 56 42764 802049 3247 0 24428 0 0 0
cpu29 67464 93 44057 794846 3224 0 24802 0 0 0
cpu30 36991 24 34280 849132 1325 0 18623 0 0 0
cpu31 40314 23 34879 861942 944 0 10947 0 0 0
intr 2467472914 126 0 0 0 0 0 0 0 0 1 0 0 0 0 0 0 0 0 0 0 0 0 0 0 0 0 0 1 1 1 0 0 0 0 1 0 1 0 0 75045 0 0 0 0 0 0 0 0 411 0 0 0 0 0 0 0 0 87 0 0 0 0 0 0 0 0 0 0 0 0 0 0 0 262015 2 35015131 34954394 34881804 35016245 0 8153 2748 3249 1917 3400 2790 2430 2757 1682 11520 20210 11673 8964 15355 16606 11817 7991 2983 2062 1677 3149 2419 2220 1742 1741 9821 8862 6562 6729 8466 7690 7001 8519 0 0 0 0 616669 3713 1036 0 264 0 0 0 0 0 0 0 0 0 0 0 0 0 0 0 0 0 0 0 0 0 0 0 0 0 0 0 0 0 0 0 0 0 0 0 0 0 0 0 0 0 0 0 0 0 0 0 0 0 0 0 0 0 0 0 0 0 0 0 0 0 0 0 0 0 0 0 0 0 0 0 0 0 0 0 0 0 0 0 0 0 0 0 0 0 0 0 0 0 0 0 0 0 0 0 0 0 0 0 0 0 0 0 0 0 0 0 0 0 0 0 0 0 0 0 0 0 0 0 0 0 0 0 0 0 0 0 0 0 0 0 0 0 0 0 0 0 0 0 0 0 0 0 0 0 0 0 0 0 0 0 0 0 0 0 0 0 0 0 0 0 0 0 0 0 0 0 0 0 0 0 0 0 0 0 0 0 0 0 0 0 0 0 0 0 0 0 0 0 0 0 0 0 0 0 0 0 0 0 0 0 0 0 0 0 0 0 0 0 0 0 0 0 0 0 0 0 0 0 0 0 0 0 0 0 0 0 0 0 0 0 0 0 0 0 0 0 0 0 0 0 0 0 0 0 0 0 0 0 0 0 0 0 0 0 0 0 0 0 0 0 0 0 0 0 0 0 0 0 0 0 0 0 0 0 0 0 0 0 0 0 0 0 0 0 0 0 0 0 0 0 0 0 0 0 0 0 0 0 0 0 0 0 0 0 0 0 0 0 0 0 0 0 0 0 0 0 0 0 0 0 0 0 0 0 0 0 0 0 0 0 0 0 0 0 0 0 0 0 0 0 0 0 0 0 0 0 0 0 0 0 0 0 0 0 0 0 0 0 0 0 0 0 0 0 0 0 0 0 0 0 0 0 0 0 0 0 0 0 0 0 0 0 0 0 0 0 0 0 0 0 0 0 0 0 0 0 0 0 0 0 0 0 0 0 0 0 0 0 0 0 0 0 0 0 0 0 0 0 0 0 0 0 0 0 0 0 0 0 0 0 0 0 0 0 0 0 0 0 0 0 0 0 0 0 0 0 0 0 0 0 0 0 0 0 0 0 0 0 0 0 0 0 0 0 0 0 0 0 0 0 0 0 0 0 0 0 0 0 0 0 0 0 0 0 0 0 0 0 0 0 0 0 0 0 0 0 0 0 0 0 0 0 0 0 0 0 0 0 0 0 0 0 0 0 0 0 0 0 0 0 0 0 0 0 0 0 0 0 0 0 0 0 0 0 0 0 0 0 0 0 0 0 0 0 0 0 0 0 0 0 0 0 0 0 0 0 0 0 0 0 0 0 0 0 0 0 0 0 0 0 0 0 0 0 0 0 0 0 0 0 0 0 0 0 0 0 0 0 0 0 0 0 0 0 0 0 0 0 0 0 0 0 0 0 0 0 0 0 0 0 0 0 0 0 0 0 0 0 0 0 0 0 0 0 0 0 0 0 0 0 0 0 0 0 0 0 0 0 0 0 0 0 0 0 0 0 0 0 0 0 0 0 0 0 0 0 0 0 0 0 0 0 0 0 0 0 0 0 0 0 0 0 0 0 0 0 0 0 0 0 0 0 0 0 0 0 0 0 0 0 0 0 0 0 0 0 0 0 0 0 0 0 0 0 0 0 0 0 0 0 0 0 0 0 0 0 0 0 0 0 0 0 0 0 0 0 0 0 0 0 0 0 0 0 0 0 0 0 0 0 0 0 0 0 0 0 0 0 0 0 0 0 0 0 0 0 0 0 0 0 0 0 0 0 0 0 0 0 0 0 0 0 0 0 0 0 0 0 0 0 0 0 0 0 0 0 0 0 0 0 0 0 0 0 0 0 0 0 0 0 0 0 0 0 0 0 0 0 0 0 0 0 0 0 0 0 0 0 0 0 0 0 0 0 0 0 0 0 0 0 0 0 0 0 0 0 0 0 0 0 0 0 0 0 0 0 0 0 0 0 0 0 0 0 0 0 0 0 0 0 0 0 0 0 0 0 0 0 0 0 0 0 0 0 0 0 0 0 0 0 0 0 0 0 0 0 0 0 0 0 0 0 0 0 0 0 0 0 0 0 0 0 0 0 0 0 0 0 0 0 0 0 0 0 0 0 0 0 0 0 0 0 0 0 0 0 0 0 0 0 0 0 0 0 0 0 0 0 0 0 0 0 0 0 0 0 0 0 0 0 0 0 0 0 0 0 0 0 0 0 0 0 0 0 0 0 0 0 0 0 0 0 0 0 0 0 0 0 0 0 0 0 0 0 0 0 0 0 0 0 0 0 0 0 0 0 0 0 0 0 0 0 0 0 0 0 0 0 0 0 0 0 0 0 0 0 0 0 0 0 0 0 0 0 0 0 0 0 0 0 0 0 0 0 0 0 0 0 0 0 0 0 0 0 0 0 0 0 0 0 0 0 0 0 0 0 0 0 0 0 0 0 0 0 0 0 0 0 0 0 0 0 0 0 0 0 0 0 0 0 0 0 0 0 0 0 0 0 0 0 0 0 0 0 0 0 0 0 0 0 0
ctxt 3738684029
btime 1790630938
processes 253968
procs_running 15
procs_blocked 0
softirq 3395625879 73526 6711317 2752045 3309506688 274288 0 13556925 36993116 410 25757564
--
cpu  2397176 978 1246918 26451911 45259 0 590729 0 0 0
cpu0 85037 17 34913 833331 1035 0 18040 0 0 0
cpu1 88474 22 35579 832989 848 0 17820 0 0 0
cpu2 90022 19 36126 831083 556 0 18376 0 0 0
cpu3 114486 20 46965 784992 1321 0 27777 0 0 0
cpu4 120488 21 46722 780551 786 0 27787 0 0 0
cpu5 95412 22 37573 823549 558 0 19164 0 0 0
cpu6 96506 19 38300 821259 463 0 20189 0 0 0
cpu7 95418 17 38775 821798 273 0 20384 0 0 0
cpu8 38199 31 34716 862185 1421 0 10640 0 0 0
cpu9 43559 37 37346 845256 3328 0 11390 0 0 0
cpu10 41968 33 36263 851073 1605 0 11325 0 0 0
cpu11 38905 30 33746 864066 1054 0 10355 0 0 0
cpu12 65985 107 39290 820356 4036 0 12131 0 0 0
cpu13 63879 40 39890 820719 3957 0 12412 0 0 0
cpu14 38539 30 33162 867086 1207 0 10126 0 0 0
cpu15 36140 33 30666 876791 1018 0 9218 0 0 0
cpu16 111171 16 43283 797433 584 0 24377 0 0 0
cpu17 105724 16 42341 803422 1442 0 23687 0 0 0
cpu18 102306 16 41168 810232 324 0 22742 0 0 0
cpu19 137829 16 53850 749443 818 0 34111 0 0 0
cpu20 129772 16 52149 760556 878 0 33099 0 0 0
cpu21 98530 17 40188 814800 787 0 22103 0 0 0
cpu22 92801 20 38468 823070 497 0 20489 0 0 0
cpu23 87038 20 36405 833808 595 0 18808 0 0 0
cpu24 41704 35 34434 862664 1358 0 11020 0 0 0
cpu25 46015 39 37928 845312 2431 0 12841 0 0 0
cpu26 44324 35 37165 849819 1840 0 12486 0 0 0
cpu27 37632 24 33139 854443 1483 0 18805 0 0 0
cpu28 64466 56 42863 802503 3247 0 24484 0 0 0
cpu29 67487 93 44152 795299 3224 0 24856 0 0 0
cpu30 37010 24 34371 849600 1325 0 18670 0 0 0
cpu31 40332 23 34968 862406 944 0 11002 0 0 0
intr 2472330538 126 0 0 0 0 0 0 0 0 1 0 0 0 0 0 0 0 0 0 0 0 0 0 0 0 0 0 1 1 1 0 0 0 0 1 0 1 0 0 75045 0 0 0 0 0 0 0 0 411 0 0 0 0 0 0 0 0 87 0 0 0 0 0 0 0 0 0 0 0 0 0 0 0 262015 2 35015151 34954445 34881828 35016265 0 8161 2748 3249 1917 3400 2790 2430 2757 1682 11520 20211 11673 8964 15358 16610 11817 7994 2983 2062 1677 3149 2419 2220 1742 1741 9821 8862 6562 6730 8466 7690 7001 8519 0 0 0 0 616669 3720 1036 0 264 0 0 0 0 0 0 0 0 0 0 0 0 0 0 0 0 0 0 0 0 0 0 0 0 0 0 0 0 0 0 0 0 0 0 0 0 0 0 0 0 0 0 0 0 0 0 0 0 0 0 0 0 0 0 0 0 0 0 0 0 0 0 0 0 0 0 0 0 0 0 0 0 0 0 0 0 0 0 0 0 0 0 0 0 0 0 0 0 0 0 0 0 0 0 0 0 0 0 0 0 0 0 0 0 0 0 0 0 0 0 0 0 0 0 0 0 0 0 0 0 0 0 0 0 0 0 0 0 0 0 0 0 0 0 0 0 0 0 0 0 0 0 0 0 0 0 0 0 0 0 0 0 0 0 0 0 0 0 0 0 0 0 0 0 0 0 0 0 0 0 0 0 0 0 0 0 0 0 0 0 0 0 0 0 0 0 0 0 0 0 0 0 0 0 0 0 0 0 0 0 0 0 0 0 0 0 0 0 0 0 0 0 0 0 0 0 0 0 0 0 0 0 0 0 0 0 0 0 0 0 0 0 0 0 0 0 0 0 0 0 0 0 0 0 0 0 0 0 0 0 0 0 0 0 0 0 0 0 0 0 0 0 0 0 0 0 0 0 0 0 0 0 0 0 0 0 0 0 0 0 0 0 0 0 0 0 0 0 0 0 0 0 0 0 0 0 0 0 0 0 0 0 0 0 0 0 0 0 0 0 0 0 0 0 0 0 0 0 0 0 0 0 0 0 0 0 0 0 0 0 0 0 0 0 0 0 0 0 0 0 0 0 0 0 0 0 0 0 0 0 0 0 0 0 0 0 0 0 0 0 0 0 0 0 0 0 0 0 0 0 0 0 0 0 0 0 0 0 0 0 0 0 0 0 0 0 0 0 0 0 0 0 0 0 0 0 0 0 0 0 0 0 0 0 0 0 0 0 0 0 0 0 0 0 0 0 0 0 0 0 0 0 0 0 0 0 0 0 0 0 0 0 0 0 0 0 0 0 0 0 0 0 0 0 0 0 0 0 0 0 0 0 0 0 0 0 0 0 0 0 0 0 0 0 0 0 0 0 0 0 0 0 0 0 0 0 0 0 0 0 0 0 0 0 0 0 0 0 0 0 0 0 0 0 0 0 0 0 0 0 0 0 0 0 0 0 0 0 0 0 0 0 0 0 0 0 0 0 0 0 0 0 0 0 0 0 0 0 0 0 0 0 0 0 0 0 0 0 0 0 0 0 0 0 0 0 0 0 0 0 0 0 0 0 0 0 0 0 0 0 0 0 0 0 0 0 0 0 0 0 0 0 0 0 0 0 0 0 0 0 0 0 0 0 0 0 0 0 0 0 0 0 0 0 0 0 0 0 0 0 0 0 0 0 0 0 0 0 0 0 0 0 0 0 0 0 0 0 0 0 0 0 0 0 0 0 0 0 0 0 0 0 0 0 0 0 0 0 0 0 0 0 0 0 0 0 0 0 0 0 0 0 0 0 0 0 0 0 0 0 0 0 0 0 0 0 0 0 0 0 0 0 0 0 0 0 0 0 0 0 0 0 0 0 0 0 0 0 0 0 0 0 0 0 0 0 0 0 0 0 0 0 0 0 0 0 0 0 0 0 0 0 0 0 0 0 0 0 0 0 0 0 0 0 0 0 0 0 0 0 0 0 0 0 0 0 0 0 0 0 0 0 0 0 0 0 0 0 0 0 0 0 0 0 0 0 0 0 0 0 0 0 0 0 0 0 0 0 0 0 0 0 0 0 0 0 0 0 0 0 0 0 0 0 0 0 0 0 0 0 0 0 0 0 0 0 0 0 0 0 0 0 0 0 0 0 0 0 0 0 0 0 0 0 0 0 0 0 0 0 0 0 0 0 0 0 0 0 0 0 0 0 0 0 0 0 0 0 0 0 0 0 0 0 0 0 0 0 0 0 0 0 0 0 0 0 0 0 0 0 0 0 0 0 0 0 0 0 0 0 0 0 0 0 0 0 0 0 0 0 0 0 0 0 0 0 0 0 0 0 0 0 0 0 0 0 0 0 0 0 0 0 0 0 0 0 0 0 0 0 0 0 0 0 0 0 0 0 0 0 0 0 0 0 0 0 0 0 0 0 0 0 0 0 0 0 0 0 0 0 0 0 0 0 0 0 0 0 0 0 0 0 0 0 0 0 0 0 0 0 0 0 0 0 0 0 0 0 0 0 0 0 0 0 0 0 0 0 0 0 0 0 0 0 0 0 0 0 0 0 0 0 0 0 0 0 0 0 0 0 0 0 0 0 0 0 0 0 0 0 0 0 0 0 0 0 0 0 0 0 0 0 0 0 0 0 0 0 0 0 0 0 0 0 0 0 0 0 0 0 0 0 0 0 0 0 0 0 0 0 0 0 0 0 0 0 0 0 0 0 0 0 0 0 0 0 0 0 0 0 0 0 0 0 0 0 0 0 0 0 0 0 0 0 0 0 0 0 0 0 0 0 0 0 0 0 0 0 0 0 0 0
ctxt 3748249847
btime 1790630938
processes 254030
procs_running 17
procs_blocked 0
softirq 3410893129 73526 6715137 2752045 3324708838 274296 0 13556941 37023216 410 25788720
