Running 10s test @ http://127.0.0.1:18500/wait
  16 threads and 128 connections
  Thread Stats   Avg      Stdev     Max   +/- Stdev
    Latency    10.32ms   66.80us  10.85ms   64.31%
    Req/Sec   778.26     17.89   808.00     58.57%
  Latency Distribution
     50%   10.31ms
     75%   10.37ms
     90%   10.42ms
     99%   10.47ms
  124356 requests in 10.10s, 12.69MB read
Requests/sec:  12317.59
Transfer/sec:      1.26MB
## server-stat
cpu  2295310 958 1202724 25967606 44807 0 561500 0 0 0
cpu0 79971 17 33469 819625 1034 0 16952 0 0 0
cpu1 83232 22 34299 818919 848 0 17023 0 0 0
cpu2 83611 18 34246 819411 555 0 16933 0 0 0
cpu3 109040 19 45407 771735 1321 0 26627 0 0 0
cpu4 115297 21 45533 766294 762 0 27045 0 0 0
cpu5 89257 22 35943 811111 523 0 18011 0 0 0
cpu6 90001 19 36479 809460 463 0 18880 0 0 0
cpu7 88843 17 36788 810412 272 0 18958 0 0 0
cpu8 38027 30 33753 843930 1380 0 10178 0 0 0
cpu9 43355 36 36346 827291 3323 0 10903 0 0 0
cpu10 41777 33 35304 832888 1600 0 10864 0 0 0
cpu11 38755 29 32897 845383 1033 0 9940 0 0 0
cpu12 65611 106 38252 802404 4029 0 11637 0 0 0
cpu13 63554 39 38836 802887 3869 0 11911 0 0 0
cpu14 38390 30 32358 848178 1205 0 9725 0 0 0
cpu15 36009 32 29915 857647 1010 0 8839 0 0 0
cpu16 103871 15 41272 786802 583 0 22880 0 0 0
cpu17 98663 15 40131 793069 1441 0 21879 0 0 0
cpu18 96533 16 39554 797439 324 0 21483 0 0 0
cpu19 130913 16 51844 738519 817 0 32544 0 0 0
cpu20 122511 16 49785 750687 869 0 31148 0 0 0
cpu21 92426 17 38311 802918 773 0 20531 0 0 0
cpu22 87207 20 36747 810347 497 0 19088 0 0 0
cpu23 81939 20 34878 820254 595 0 17580 0 0 0
cpu24 41534 34 33556 844030 1316 0 10579 0 0 0
cpu25 45769 37 36880 827339 2419 0 12319 0 0 0
cpu26 44107 34 36155 831736 1825 0 11972 0 0 0
cpu27 37472 23 32233 835925 1481 0 18344 0 0 0
cpu28 63830 54 41449 785945 3220 0 23816 0 0 0
cpu29 66814 90 42698 779045 3147 0 24165 0 0 0
cpu30 36821 23 33388 831702 1318 0 18201 0 0 0
cpu31 40156 23 34004 844257 938 0 10531 0 0 0
intr 2382333906 126 0 0 0 0 0 0 0 0 1 0 0 0 0 0 0 0 0 0 0 0 0 0 0 0 0 0 1 1 1 0 0 0 0 1 0 1 0 0 75045 0 0 0 0 0 0 0 0 411 0 0 0 0 0 0 0 0 87 0 0 0 0 0 0 0 0 0 0 0 0 0 0 0 257570 2 35014019 34952242 34880053 35015041 0 7982 2747 3249 1893 3399 2790 2429 2757 1679 11479 20181 11574 8938 15193 16537 11781 7974 2980 2062 1676 3149 2417 2219 1740 1739 9736 8825 6461 6693 8300 7624 6977 8513 0 0 0 0 616653 3696 1036 0 264 0 0 0 0 0 0 0 0 0 0 0 0 0 0 0 0 0 0 0 0 0 0 0 0 0 0 0 0 0 0 0 0 0 0 0 0 0 0 0 0 0 0 0 0 0 0 0 0 0 0 0 0 0 0 0 0 0 0 0 0 0 0 0 0 0 0 0 0 0 0 0 0 0 0 0 0 0 0 0 0 0 0 0 0 0 0 0 0 0 0 0 0 0 0 0 0 0 0 0 0 0 0 0 0 0 0 0 0 0 0 0 0 0 0 0 0 0 0 0 0 0 0 0 0 0 0 0 0 0 0 0 0 0 0 0 0 0 0 0 0 0 0 0 0 0 0 0 0 0 0 0 0 0 0 0 0 0 0 0 0 0 0 0 0 0 0 0 0 0 0 0 0 0 0 0 0 0 0 0 0 0 0 0 0 0 0 0 0 0 0 0 0 0 0 0 0 0 0 0 0 0 0 0 0 0 0 0 0 0 0 0 0 0 0 0 0 0 0 0 0 0 0 0 0 0 0 0 0 0 0 0 0 0 0 0 0 0 0 0 0 0 0 0 0 0 0 0 0 0 0 0 0 0 0 0 0 0 0 0 0 0 0 0 0 0 0 0 0 0 0 0 0 0 0 0 0 0 0 0 0 0 0 0 0 0 0 0 0 0 0 0 0 0 0 0 0 0 0 0 0 0 0 0 0 0 0 0 0 0 0 0 0 0 0 0 0 0 0 0 0 0 0 0 0 0 0 0 0 0 0 0 0 0 0 0 0 0 0 0 0 0 0 0 0 0 0 0 0 0 0 0 0 0 0 0 0 0 0 0 0 0 0 0 0 0 0 0 0 0 0 0 0 0 0 0 0 0 0 0 0 0 0 0 0 0 0 0 0 0 0 0 0 0 0 0 0 0 0 0 0 0 0 0 0 0 0 0 0 0 0 0 0 0 0 0 0 0 0 0 0 0 0 0 0 0 0 0 0 0 0 0 0 0 0 0 0 0 0 0 0 0 0 0 0 0 0 0 0 0 0 0 0 0 0 0 0 0 0 0 0 0 0 0 0 0 0 0 0 0 0 0 0 0 0 0 0 0 0 0 0 0 0 0 0 0 0 0 0 0 0 0 0 0 0 0 0 0 0 0 0 0 0 0 0 0 0 0 0 0 0 0 0 0 0 0 0 0 0 0 0 0 0 0 0 0 0 0 0 0 0 0 0 0 0 0 0 0 0 0 0 0 0 0 0 0 0 0 0 0 0 0 0 0 0 0 0 0 0 0 0 0 0 0 0 0 0 0 0 0 0 0 0 0 0 0 0 0 0 0 0 0 0 0 0 0 0 0 0 0 0 0 0 0 0 0 0 0 0 0 0 0 0 0 0 0 0 0 0 0 0 0 0 0 0 0 0 0 0 0 0 0 0 0 0 0 0 0 0 0 0 0 0 0 0 0 0 0 0 0 0 0 0 0 0 0 0 0 0 0 0 0 0 0 0 0 0 0 0 0 0 0 0 0 0 0 0 0 0 0 0 0 0 0 0 0 0 0 0 0 0 0 0 0 0 0 0 0 0 0 0 0 0 0 0 0 0 0 0 0 0 0 0 0 0 0 0 0 0 0 0 0 0 0 0 0 0 0 0 0 0 0 0 0 0 0 0 0 0 0 0 0 0 0 0 0 0 0 0 0 0 0 0 0 0 0 0 0 0 0 0 0 0 0 0 0 0 0 0 0 0 0 0 0 0 0 0 0 0 0 0 0 0 0 0 0 0 0 0 0 0 0 0 0 0 0 0 0 0 0 0 0 0 0 0 0 0 0 0 0 0 0 0 0 0 0 0 0 0 0 0 0 0 0 0 0 0 0 0 0 0 0 0 0 0 0 0 0 0 0 0 0 0 0 0 0 0 0 0 0 0 0 0 0 0 0 0 0 0 0 0 0 0 0 0 0 0 0 0 0 0 0 0 0 0 0 0 0 0 0 0 0 0 0 0 0 0 0 0 0 0 0 0 0 0 0 0 0 0 0 0 0 0 0 0 0 0 0 0 0 0 0 0 0 0 0 0 0 0 0 0 0 0 0 0 0 0 0 0 0 0 0 0 0 0 0 0 0 0 0 0 0 0 0 0 0 0 0 0 0 0 0 0 0 0 0 0 0 0 0 0 0 0 0 0 0 0 0 0 0 0 0 0 0 0 0 0 0 0 0 0 0 0 0 0 0 0 0 0 0 0 0 0 0 0 0 0 0 0 0 0 0 0 0 0 0 0 0 0 0 0 0 0 0 0 0 0 0 0 0 0 0 0 0 0 0 0 0 0 0 0 0 0 0 0 0 0 0 0 0 0 0 0 0 0 0 0 0 0 0 0 0 0 0 0 0 0 0 0 0 0 0 0 0 0 0 0 0 0 0 0 0 0 0 0 0 0 0 0 0 0 0 0 0 0 0 0 0 0 0 0 0 0 0 0 0 0 0 0 0 0 0 0 0 0 0 0 0 0 0 0 0 0
ctxt 3587066975
btime 1790630938
processes 249415
procs_running 1
procs_blocked 0
softirq 3245022367 73526 6573666 2752016 3161128194 269621 0 13556830 35729212 410 24938892
--
cpu  2295444 959 1202764 25992873 44836 0 561536 0 0 0
cpu0 79974 17 33470 820417 1034 0 16953 0 0 0
cpu1 83232 22 34299 819717 848 0 17023 0 0 0
cpu2 83612 18 34247 820208 555 0 16934 0 0 0
cpu3 109064 19 45419 772480 1321 0 26639 0 0 0
cpu4 115317 21 45540 767060 762 0 27054 0 0 0
cpu5 89261 22 35944 811904 523 0 18012 0 0 0
cpu6 90001 19 36480 810259 463 0 18881 0 0 0
cpu7 88843 17 36788 811211 272 0 18958 0 0 0
cpu8 38027 30 33753 844697 1408 0 10178 0 0 0
cpu9 43358 36 36347 828079 3323 0 10904 0 0 0
cpu10 41777 33 35304 833680 1600 0 10865 0 0 0
cpu11 38755 29 32898 846175 1033 0 9940 0 0 0
cpu12 65629 106 38255 803173 4029 0 11638 0 0 0
cpu13 63560 39 38838 803668 3869 0 11912 0 0 0
cpu14 38390 30 32359 848969 1205 0 9726 0 0 0
cpu15 36009 32 29915 858440 1011 0 8839 0 0 0
cpu16 103871 15 41272 787599 583 0 22880 0 0 0
cpu17 98665 15 40131 793867 1441 0 21879 0 0 0
cpu18 96533 16 39554 798239 324 0 21483 0 0 0
cpu19 130926 16 51848 739293 817 0 32550 0 0 0
cpu20 122511 16 49785 751484 869 0 31148 0 0 0
cpu21 92428 17 38311 803714 773 0 20531 0 0 0
cpu22 87209 20 36748 811144 497 0 19088 0 0 0
cpu23 81939 20 34878 821053 595 0 17580 0 0 0
cpu24 41534 34 33556 844826 1317 0 10580 0 0 0
cpu25 45769 37 36880 828135 2419 0 12319 0 0 0
cpu26 44107 34 36155 832535 1825 0 11972 0 0 0
cpu27 37473 23 32233 836724 1481 0 18344 0 0 0
cpu28 63842 54 41451 786730 3220 0 23816 0 0 0
cpu29 66833 91 42699 779822 3147 0 24165 0 0 0
cpu30 36823 23 33388 832498 1318 0 18201 0 0 0
cpu31 40158 23 34004 845055 938 0 10531 0 0 0
intr 2382504791 126 0 0 0 0 0 0 0 0 1 0 0 0 0 0 0 0 0 0 0 0 0 0 0 0 0 0 1 1 1 0 0 0 0 1 0 1 0 0 75045 0 0 0 0 0 0 0 0 411 0 0 0 0 0 0 0 0 87 0 0 0 0 0 0 0 0 0 0 0 0 0 0 0 257843 2 35014038 34952315 34880086 35015069 0 7986 2747 3249 1893 3400 2790 2429 2757 1679 11479 20181 11574 8938 15193 16537 11781 7977 2980 2062 1676 3149 2417 2219 1740 1739 9736 8825 6461 6693 8300 7624 6984 8513 0 0 0 0 616653 3696 1036 0 264 0 0 0 0 0 0 0 0 0 0 0 0 0 0 0 0 0 0 0 0 0 0 0 0 0 0 0 0 0 0 0 0 0 0 0 0 0 0 0 0 0 0 0 0 0 0 0 0 0 0 0 0 0 0 0 0 0 0 0 0 0 0 0 0 0 0 0 0 0 0 0 0 0 0 0 0 0 0 0 0 0 0 0 0 0 0 0 0 0 0 0 0 0 0 0 0 0 0 0 0 0 0 0 0 0 0 0 0 0 0 0 0 0 0 0 0 0 0 0 0 0 0 0 0 0 0 0 0 0 0 0 0 0 0 0 0 0 0 0 0 0 0 0 0 0 0 0 0 0 0 0 0 0 0 0 0 0 0 0 0 0 0 0 0 0 0 0 0 0 0 0 0 0 0 0 0 0 0 0 0 0 0 0 0 0 0 0 0 0 0 0 0 0 0 0 0 0 0 0 0 0 0 0 0 0 0 0 0 0 0 0 0 0 0 0 0 0 0 0 0 0 0 0 0 0 0 0 0 0 0 0 0 0 0 0 0 0 0 0 0 0 0 0 0 0 0 0 0 0 0 0 0 0 0 0 0 0 0 0 0 0 0 0 0 0 0 0 0 0 0 0 0 0 0 0 0 0 0 0 0 0 0 0 0 0 0 0 0 0 0 0 0 0 0 0 0 0 0 0 0 0 0 0 0 0 0 0 0 0 0 0 0 0 0 0 0 0 0 0 0 0 0 0 0 0 0 0 0 0 0 0 0 0 0 0 0 0 0 0 0 0 0 0 0 0 0 0 0 0 0 0 0 0 0 0 0 0 0 0 0 0 0 0 0 0 0 0 0 0 0 0 0 0 0 0 0 0 0 0 0 0 0 0 0 0 0 0 0 0 0 0 0 0 0 0 0 0 0 0 0 0 0 0 0 0 0 0 0 0 0 0 0 0 0 0 0 0 0 0 0 0 0 0 0 0 0 0 0 0 0 0 0 0 0 0 0 0 0 0 0 0 0 0 0 0 0 0 0 0 0 0 0 0 0 0 0 0 0 0 0 0 0 0 0 0 0 0 0 0 0 0 0 0 0 0 0 0 0 0 0 0 0 0 0 0 0 0 0 0 0 0 0 0 0 0 0 0 0 0 0 0 0 0 0 0 0 0 0 0 0 0 0 0 0 0 0 0 0 0 0 0 0 0 0 0 0 0 0 0 0 0 0 0 0 0 0 0 0 0 0 0 0 0 0 0 0 0 0 0 0 0 0 0 0 0 0 0 0 0 0 0 0 0 0 0 0 0 0 0 0 0 0 0 0 0 0 0 0 0 0 0 0 0 0 0 0 0 0 0 0 0 0 0 0 0 0 0 0 0 0 0 0 0 0 0 0 0 0 0 0 0 0 0 0 0 0 0 0 0 0 0 0 0 0 0 0 0 0 0 0 0 0 0 0 0 0 0 0 0 0 0 0 0 0 0 0 0 0 0 0 0 0 0 0 0 0 0 0 0 0 0 0 0 0 0 0 0 0 0 0 0 0 0 0 0 0 0 0 0 0 0 0 0 0 0 0 0 0 0 0 0 0 0 0 0 0 0 0 0 0 0 0 0 0 0 0 0 0 0 0 0 0 0 0 0 0 0 0 0 0 0 0 0 0 0 0 0 0 0 0 0 0 0 0 0 0 0 0 0 0 0 0 0 0 0 0 0 0 0 0 0 0 0 0 0 0 0 0 0 0 0 0 0 0 0 0 0 0 0 0 0 0 0 0 0 0 0 0 0 0 0 0 0 0 0 0 0 0 0 0 0 0 0 0 0 0 0 0 0 0 0 0 0 0 0 0 0 0 0 0 0 0 0 0 0 0 0 0 0 0 0 0 0 0 0 0 0 0 0 0 0 0 0 0 0 0 0 0 0 0 0 0 0 0 0 0 0 0 0 0 0 0 0 0 0 0 0 0 0 0 0 0 0 0 0 0 0 0 0 0 0 0 0 0 0 0 0 0 0 0 0 0 0 0 0 0 0 0 0 0 0 0 0 0 0 0 0 0 0 0 0 0 0 0 0 0 0 0 0 0 0 0 0 0 0 0 0 0 0 0 0 0 0 0 0 0 0 0 0 0 0 0 0 0 0 0 0 0 0 0 0 0 0 0 0 0 0 0 0 0 0 0 0 0 0 0 0 0 0 0 0 0 0 0 0 0 0 0 0 0 0 0 0 0 0 0 0 0 0 0 0 0 0 0 0 0 0 0 0 0 0 0 0 0 0 0 0 0 0 0 0 0 0 0 0 0 0 0 0 0 0 0 0 0 0 0 0 0 0 0 0 0 0 0 0 0 0 0 0 0 0 0 0 0 0 0 0 0 0 0 0 0 0 0 0 0 0 0 0 0 0 0 0 0 0 0 0 0 0 0 0 0 0 0 0 0 0 0 0 0 0 0 0 0 0 0 0 0 0 0 0 0 0 0 0 0 0 0 0 0 0 0 0 0 0 0 0 0 0 0 0 0
ctxt 3587366196
btime 1790630938
processes 249460
procs_running 1
procs_blocked 0
softirq 3245235315 73526 6576370 2752016 3161326802 269905 0 13556830 35735255 410 24944201
