Running 10s test @ http://127.0.0.1:18500/page
  16 threads and 32 connections
  Thread Stats   Avg      Stdev     Max   +/- Stdev
    Latency   713.61us   69.11us   1.53ms   80.48%
    Req/Sec     2.81k    64.77     2.96k    67.51%
  Latency Distribution
     50%  701.00us
     75%  742.00us
     90%  788.00us
     99%    0.98ms
  452541 requests in 10.10s, 4.38GB read
Requests/sec:  44807.02
Transfer/sec:    443.99MB
## server-stat
cpu  2245315 933 1176827 25245618 44268 0 540399 0 0 0
cpu0 79305 17 33190 794533 1033 0 16664 0 0 0
cpu1 82004 21 33774 794598 848 0 16506 0 0 0
cpu2 83024 18 33995 793890 551 0 16690 0 0 0
cpu3 103279 19 43476 754646 1320 0 24797 0 0 0
cpu4 109462 21 43704 749046 762 0 25322 0 0 0
cpu5 87225 21 35302 787735 522 0 17445 0 0 0
cpu6 87932 19 35796 786179 463 0 18296 0 0 0
cpu7 86484 17 35952 787716 271 0 18224 0 0 0
cpu8 37900 29 33237 820072 1371 0 9886 0 0 0
cpu9 43188 35 35779 804035 3268 0 10596 0 0 0
cpu10 41630 32 34748 809546 1571 0 10549 0 0 0
cpu11 38639 28 32377 821670 1000 0 9650 0 0 0
cpu12 65232 104 37598 779724 3972 0 11296 0 0 0
cpu13 63162 37 38153 780357 3802 0 11545 0 0 0
cpu14 38275 28 31836 824624 1166 0 9437 0 0 0
cpu15 35910 31 29439 833750 1007 0 8571 0 0 0
cpu16 100409 14 40130 765851 583 0 21810 0 0 0
cpu17 95936 15 39179 770966 1441 0 21042 0 0 0
cpu18 93201 15 38341 776505 324 0 20345 0 0 0
cpu19 125060 16 49680 722040 812 0 30408 0 0 0
cpu20 116929 16 47580 734101 869 0 28876 0 0 0
cpu21 90519 16 37475 779830 772 0 19743 0 0 0
cpu22 85380 19 35952 787115 496 0 18316 0 0 0
cpu23 80434 20 34240 796417 592 0 16935 0 0 0
cpu24 41417 33 33046 820225 1305 0 10282 0 0 0
cpu25 45579 36 36305 803798 2398 0 12008 0 0 0
cpu26 43941 32 35596 808129 1800 0 11654 0 0 0
cpu27 37365 23 31723 811929 1479 0 18052 0 0 0
cpu28 63362 52 40799 762838 3173 0 23472 0 0 0
cpu29 66368 90 42017 755967 3065 0 23837 0 0 0
cpu30 36697 22 32874 807706 1286 0 17895 0 0 0
cpu31 40052 22 33519 820062 931 0 10235 0 0 0
intr 2325145246 126 0 0 0 0 0 0 0 0 1 0 0 0 0 0 0 0 0 0 0 0 0 0 0 0 0 0 1 1 1 0 0 0 0 1 0 1 0 0 75045 0 0 0 0 0 0 0 0 411 0 0 0 0 0 0 0 0 87 0 0 0 0 0 0 0 0 0 0 0 0 0 0 0 252616 2 35012688 34950162 34878491 35013813 0 7762 2747 3243 1840 3399 2790 2428 2752 1678 11473 20071 11547 8924 15002 16492 11746 7964 2979 2059 1675 3128 2416 2219 1739 1723 9685 8727 6435 6519 8234 7499 6973 8503 0 0 0 0 616637 3656 1036 0 264 0 0 0 0 0 0 0 0 0 0 0 0 0 0 0 0 0 0 0 0 0 0 0 0 0 0 0 0 0 0 0 0 0 0 0 0 0 0 0 0 0 0 0 0 0 0 0 0 0 0 0 0 0 0 0 0 0 0 0 0 0 0 0 0 0 0 0 0 0 0 0 0 0 0 0 0 0 0 0 0 0 0 0 0 0 0 0 0 0 0 0 0 0 0 0 0 0 0 0 0 0 0 0 0 0 0 0 0 0 0 0 0 0 0 0 0 0 0 0 0 0 0 0 0 0 0 0 0 0 0 0 0 0 0 0 0 0 0 0 0 0 0 0 0 0 0 0 0 0 0 0 0 0 0 0 0 0 0 0 0 0 0 0 0 0 0 0 0 0 0 0 0 0 0 0 0 0 0 0 0 0 0 0 0 0 0 0 0 0 0 0 0 0 0 0 0 0 0 0 0 0 0 0 0 0 0 0 0 0 0 0 0 0 0 0 0 0 0 0 0 0 0 0 0 0 0 0 0 0 0 0 0 0 0 0 0 0 0 0 0 0 0 0 0 0 0 0 0 0 0 0 0 0 0 0 0 0 0 0 0 0 0 0 0 0 0 0 0 0 0 0 0 0 0 0 0 0 0 0 0 0 0 0 0 0 0 0 0 0 0 0 0 0 0 0 0 0 0 0 0 0 0 0 0 0 0 0 0 0 0 0 0 0 0 0 0 0 0 0 0 0 0 0 0 0 0 0 0 0 0 0 0 0 0 0 0 0 0 0 0 0 0 0 0 0 0 0 0 0 0 0 0 0 0 0 0 0 0 0 0 0 0 0 0 0 0 0 0 0 0 0 0 0 0 0 0 0 0 0 0 0 0 0 0 0 0 0 0 0 0 0 0 0 0 0 0 0 0 0 0 0 0 0 0 0 0 0 0 0 0 0 0 0 0 0 0 0 0 0 0 0 0 0 0 0 0 0 0 0 0 0 0 0 0 0 0 0 0 0 0 0 0 0 0 0 0 0 0 0 0 0 0 0 0 0 0 0 0 0 0 0 0 0 0 0 0 0 0 0 0 0 0 0 0 0 0 0 0 0 0 0 0 0 0 0 0 0 0 0 0 0 0 0 0 0 0 0 0 0 0 0 0 0 0 0 0 0 0 0 0 0 0 0 0 0 0 0 0 0 0 0 0 0 0 0 0 0 0 0 0 0 0 0 0 0 0 0 0 0 0 0 0 0 0 0 0 0 0 0 0 0 0 0 0 0 0 0 0 0 0 0 0 0 0 0 0 0 0 0 0 0 0 0 0 0 0 0 0 0 0 0 0 0 0 0 0 0 0 0 0 0 0 0 0 0 0 0 0 0 0 0 0 0 0 0 0 0 0 0 0 0 0 0 0 0 0 0 0 0 0 0 0 0 0 0 0 0 0 0 0 0 0 0 0 0 0 0 0 0 0 0 0 0 0 0 0 0 0 0 0 0 0 0 0 0 0 0 0 0 0 0 0 0 0 0 0 0 0 0 0 0 0 0 0 0 0 0 0 0 0 0 0 0 0 0 0 0 0 0 0 0 0 0 0 0 0 0 0 0 0 0 0 0 0 0 0 0 0 0 0 0 0 0 0 0 0 0 0 0 0 0 0 0 0 0 0 0 0 0 0 0 0 0 0 0 0 0 0 0 0 0 0 0 0 0 0 0 0 0 0 0 0 0 0 0 0 0 0 0 0 0 0 0 0 0 0 0 0 0 0 0 0 0 0 0 0 0 0 0 0 0 0 0 0 0 0 0 0 0 0 0 0 0 0 0 0 0 0 0 0 0 0 0 0 0 0 0 0 0 0 0 0 0 0 0 0 0 0 0 0 0 0 0 0 0 0 0 0 0 0 0 0 0 0 0 0 0 0 0 0 0 0 0 0 0 0 0 0 0 0 0 0 0 0 0 0 0 0 0 0 0 0 0 0 0 0 0 0 0 0 0 0 0 0 0 0 0 0 0 0 0 0 0 0 0 0 0 0 0 0 0 0 0 0 0 0 0 0 0 0 0 0 0 0 0 0 0 0 0 0 0 0 0 0 0 0 0 0 0 0 0 0 0 0 0 0 0 0 0 0 0 0 0 0 0 0 0 0 0 0 0 0 0 0 0 0 0 0 0 0 0 0 0 0 0 0 0 0 0 0 0 0 0 0 0 0 0 0 0 0 0 0 0 0 0 0 0 0 0 0 0 0 0 0 0 0 0 0 0 0 0 0 0 0 0 0 0 0 0 0 0 0 0 0 0 0 0 0 0 0 0 0 0 0 0 0 0 0 0 0 0 0 0 0 0 0 0 0 0 0 0 0 0 0 0 0 0 0 0 0 0 0 0 0 0 0 0 0 0 0 0 0 0 0 0 0 0 0 0 0 0 0 0 0 0 0 0 0 0 0 0 0 0 0 0 0 0 0 0 0 0 0 0 0 0 0 0 0 0 0 0 0 0 0 0 0 0 0 0 0 0 0
ctxt 3475738215
btime 1790630938
processes 243961
procs_running 4
procs_blocked 0
softirq 3105381874 73526 6451838 2751978 3022538213 264336 0 13556664 35270578 410 24474331
--
cpu  2246938 933 1177127 25268082 44281 0 540633 0 0 0
cpu0 79384 17 33205 795182 1033 0 16676 0 0 0
cpu1 82052 21 33785 795290 848 0 16516 0 0 0
cpu2 83061 18 34005 794598 552 0 16697 0 0 0
cpu3 103449 19 43505 755210 1320 0 24821 0 0 0
cpu4 109685 21 43740 749547 762 0 25348 0 0 0
cpu5 87257 21 35310 788455 522 0 17451 0 0 0
cpu6 87956 19 35802 786913 463 0 18300 0 0 0
cpu7 86506 17 35958 788459 271 0 18229 0 0 0
cpu8 37901 29 33238 820843 1371 0 9887 0 0 0
cpu9 43193 35 35780 804783 3278 0 10597 0 0 0
cpu10 41631 32 34749 810304 1572 0 10550 0 0 0
cpu11 38643 28 32379 822434 1000 0 9651 0 0 0
cpu12 65246 104 37604 780458 3972 0 11299 0 0 0
cpu13 63173 37 38157 781088 3802 0 11547 0 0 0
cpu14 38277 28 31838 825379 1166 0 9439 0 0 0
cpu15 35911 31 29441 834510 1007 0 8573 0 0 0
cpu16 100467 14 40143 766544 583 0 21818 0 0 0
cpu17 95966 15 39185 771694 1441 0 21048 0 0 0
cpu18 93226 15 38349 777230 324 0 20350 0 0 0
cpu19 125447 16 49737 722334 813 0 30455 0 0 0
cpu20 117279 16 47630 734440 869 0 28920 0 0 0
cpu21 90546 16 37481 780561 772 0 19747 0 0 0
cpu22 85401 19 35959 787857 496 0 18320 0 0 0
cpu23 80451 20 34245 797166 592 0 16938 0 0 0
cpu24 41419 33 33046 820992 1305 0 10282 0 0 0
cpu25 45583 36 36306 804557 2398 0 12009 0 0 0
cpu26 43944 32 35597 808900 1800 0 11654 0 0 0
cpu27 37366 23 31723 812708 1479 0 18053 0 0 0
cpu28 63377 52 40802 763593 3173 0 23473 0 0 0
cpu29 66373 90 42019 756716 3066 0 23838 0 0 0
cpu30 36698 22 32875 808482 1286 0 17895 0 0 0
cpu31 40054 22 33520 820841 932 0 10236 0 0 0
intr 2326945171 126 0 0 0 0 0 0 0 0 1 0 0 0 0 0 0 0 0 0 0 0 0 0 0 0 0 0 1 1 1 0 0 0 0 1 0 1 0 0 75045 0 0 0 0 0 0 0 0 411 0 0 0 0 0 0 0 0 87 0 0 0 0 0 0 0 0 0 0 0 0 0 0 0 252750 2 35012716 34950189 34878531 35013833 0 7770 2747 3243 1840 3399 2790 2428 2752 1678 11474 20071 11547 8924 15002 16492 11747 7964 2979 2059 1675 3134 2416 2219 1739 1723 9685 8727 6435 6519 8235 7499 6973 8503 0 0 0 0 616637 3664 1036 0 264 0 0 0 0 0 0 0 0 0 0 0 0 0 0 0 0 0 0 0 0 0 0 0 0 0 0 0 0 0 0 0 0 0 0 0 0 0 0 0 0 0 0 0 0 0 0 0 0 0 0 0 0 0 0 0 0 0 0 0 0 0 0 0 0 0 0 0 0 0 0 0 0 0 0 0 0 0 0 0 0 0 0 0 0 0 0 0 0 0 0 0 0 0 0 0 0 0 0 0 0 0 0 0 0 0 0 0 0 0 0 0 0 0 0 0 0 0 0 0 0 0 0 0 0 0 0 0 0 0 0 0 0 0 0 0 0 0 0 0 0 0 0 0 0 0 0 0 0 0 0 0 0 0 0 0 0 0 0 0 0 0 0 0 0 0 0 0 0 0 0 0 0 0 0 0 0 0 0 0 0 0 0 0 0 0 0 0 0 0 0 0 0 0 0 0 0 0 0 0 0 0 0 0 0 0 0 0 0 0 0 0 0 0 0 0 0 0 0 0 0 0 0 0 0 0 0 0 0 0 0 0 0 0 0 0 0 0 0 0 0 0 0 0 0 0 0 0 0 0 0 0 0 0 0 0 0 0 0 0 0 0 0 0 0 0 0 0 0 0 0 0 0 0 0 0 0 0 0 0 0 0 0 0 0 0 0 0 0 0 0 0 0 0 0 0 0 0 0 0 0 0 0 0 0 0 0 0 0 0 0 0 0 0 0 0 0 0 0 0 0 0 0 0 0 0 0 0 0 0 0 0 0 0 0 0 0 0 0 0 0 0 0 0 0 0 0 0 0 0 0 0 0 0 0 0 0 0 0 0 0 0 0 0 0 0 0 0 0 0 0 0 0 0 0 0 0 0 0 0 0 0 0 0 0 0 0 0 0 0 0 0 0 0 0 0 0 0 0 0 0 0 0 0 0 0 0 0 0 0 0 0 0 0 0 0 0 0 0 0 0 0 0 0 0 0 0 0 0 0 0 0 0 0 0 0 0 0 0 0 0 0 0 0 0 0 0 0 0 0 0 0 0 0 0 0 0 0 0 0 0 0 0 0 0 0 0 0 0 0 0 0 0 0 0 0 0 0 0 0 0 0 0 0 0 0 0 0 0 0 0 0 0 0 0 0 0 0 0 0 0 0 0 0 0 0 0 0 0 0 0 0 0 0 0 0 0 0 0 0 0 0 0 0 0 0 0 0 0 0 0 0 0 0 0 0 0 0 0 0 0 0 0 0 0 0 0 0 0 0 0 0 0 0 0 0 0 0 0 0 0 0 0 0 0 0 0 0 0 0 0 0 0 0 0 0 0 0 0 0 0 0 0 0 0 0 0 0 0 0 0 0 0 0 0 0 0 0 0 0 0 0 0 0 0 0 0 0 0 0 0 0 0 0 0 0 0 0 0 0 0 0 0 0 0 0 0 0 0 0 0 0 0 0 0 0 0 0 0 0 0 0 0 0 0 0 0 0 0 0 0 0 0 0 0 0 0 0 0 0 0 0 0 0 0 0 0 0 0 0 0 0 0 0 0 0 0 0 0 0 0 0 0 0 0 0 0 0 0 0 0 0 0 0 0 0 0 0 0 0 0 0 0 0 0 0 0 0 0 0 0 0 0 0 0 0 0 0 0 0 0 0 0 0 0 0 0 0 0 0 0 0 0 0 0 0 0 0 0 0 0 0 0 0 0 0 0 0 0 0 0 0 0 0 0 0 0 0 0 0 0 0 0 0 0 0 0 0 0 0 0 0 0 0 0 0 0 0 0 0 0 0 0 0 0 0 0 0 0 0 0 0 0 0 0 0 0 0 0 0 0 0 0 0 0 0 0 0 0 0 0 0 0 0 0 0 0 0 0 0 0 0 0 0 0 0 0 0 0 0 0 0 0 0 0 0 0 0 0 0 0 0 0 0 0 0 0 0 0 0 0 0 0 0 0 0 0 0 0 0 0 0 0 0 0 0 0 0 0 0 0 0 0 0 0 0 0 0 0 0 0 0 0 0 0 0 0 0 0 0 0 0 0 0 0 0 0 0 0 0 0 0 0 0 0 0 0 0 0 0 0 0 0 0 0 0 0 0 0 0 0 0 0 0 0 0 0 0 0 0 0 0 0 0 0 0 0 0 0 0 0 0 0 0 0 0 0 0 0 0 0 0 0 0 0 0 0 0 0 0 0 0 0 0 0 0 0 0 0 0 0 0 0 0 0 0 0 0 0 0 0 0 0 0 0 0 0 0 0 0 0 0 0 0 0 0 0 0 0 0 0 0 0 0 0 0 0 0 0 0 0 0 0 0 0 0 0 0 0 0 0 0 0 0 0 0 0 0 0 0 0 0 0 0 0 0 0 0 0 0 0 0 0 0 0 0 0 0 0 0 0 0 0 0 0 0 0 0 0 0 0 0 0 0 0 0 0 0 0 0 0 0 0 0 0 0 0 0 0 0 0 0 0 0 0 0 0 0 0 0 0 0 0 0 0 0 0 0 0 0 0 0 0
ctxt 3479200841
btime 1790630938
processes 244020
procs_running 4
procs_blocked 0
softirq 3107209967 73526 6458568 2751978 3024329937 264488 0 13556693 35286838 410 24487529
