Running 10s test @ http://127.0.0.1:18500/page
  16 threads and 128 connections
  Thread Stats   Avg      Stdev     Max   +/- Stdev
    Latency     1.57ms  213.01us   2.52ms   78.42%
    Req/Sec     5.13k   218.73     7.65k    98.82%
  Latency Distribution
     50%    1.50ms
     75%    1.63ms
     90%    1.93ms
     99%    2.12ms
  822241 requests in 10.10s, 7.92GB read
Requests/sec:  81414.52
Transfer/sec:    802.68MB
## server-stat
cpu  2324352 964 1210714 26137989 44995 0 566084 0 0 0
cpu0 81207 17 33771 824537 1035 0 17108 0 0 0
cpu1 84858 22 34673 823321 848 0 17239 0 0 0
cpu2 85818 18 34743 823025 556 0 17242 0 0 0
cpu3 111012 19 45851 775673 1321 0 26901 0 0 0
cpu4 117580 21 46023 769820 762 0 27368 0 0 0
cpu5 91255 22 36392 814998 523 0 18285 0 0 0
cpu6 92063 19 36960 813265 463 0 19157 0 0 0
cpu7 90961 17 37291 814097 273 0 19251 0 0 0
cpu8 38047 30 33844 850385 1419 0 10220 0 0 0
cpu9 43393 36 36484 833544 3324 0 10963 0 0 0
cpu10 41799 33 35408 839302 1602 0 10909 0 0 0
cpu11 38766 29 32947 852039 1052 0 9964 0 0 0
cpu12 65697 107 38369 808774 4033 0 11704 0 0 0
cpu13 63612 39 38954 809250 3921 0 11977 0 0 0
cpu14 38399 30 32401 854894 1205 0 9748 0 0 0
cpu15 36018 32 29947 864414 1017 0 8855 0 0 0
cpu16 106176 15 41781 790317 584 0 23184 0 0 0
cpu17 100565 15 40541 797124 1442 0 22133 0 0 0
cpu18 97835 16 39840 802294 324 0 21665 0 0 0
cpu19 132571 16 52211 742900 817 0 32765 0 0 0
cpu20 123903 16 50067 755471 869 0 31327 0 0 0
cpu21 93976 17 38663 807436 773 0 20727 0 0 0
cpu22 88645 20 37064 815021 497 0 19274 0 0 0
cpu23 83190 20 35170 825152 595 0 17747 0 0 0
cpu24 41541 34 33593 850797 1330 0 10598 0 0 0
cpu25 45789 37 36934 833999 2424 0 12348 0 0 0
cpu26 44121 34 36198 838446 1826 0 11993 0 0 0
cpu27 37481 24 32263 842719 1481 0 18360 0 0 0
cpu28 64013 54 41703 791701 3237 0 23930 0 0 0
cpu29 67024 92 42998 784624 3166 0 24301 0 0 0
cpu30 36847 23 33509 837961 1319 0 18251 0 0 0
cpu31 40178 23 34106 850674 940 0 10574 0 0 0
intr 2407564194 126 0 0 0 0 0 0 0 0 1 0 0 0 0 0 0 0 0 0 0 0 0 0 0 0 0 0 1 1 1 0 0 0 0 1 0 1 0 0 75045 0 0 0 0 0 0 0 0 411 0 0 0 0 0 0 0 0 87 0 0 0 0 0 0 0 0 0 0 0 0 0 0 0 259165 2 35014463 34953014 34880726 35015437 0 8039 2747 3249 1893 3400 2790 2430 2757 1682 11482 20185 11604 8943 15243 16595 11781 7982 2981 2062 1676 3149 2419 2219 1741 1739 9818 8827 6465 6694 8340 7632 7000 8515 0 0 0 0 616657 3699 1036 0 264 0 0 0 0 0 0 0 0 0 0 0 0 0 0 0 0 0 0 0 0 0 0 0 0 0 0 0 0 0 0 0 0 0 0 0 0 0 0 0 0 0 0 0 0 0 0 0 0 0 0 0 0 0 0 0 0 0 0 0 0 0 0 0 0 0 0 0 0 0 0 0 0 0 0 0 0 0 0 0 0 0 0 0 0 0 0 0 0 0 0 0 0 0 0 0 0 0 0 0 0 0 0 0 0 0 0 0 0 0 0 0 0 0 0 0 0 0 0 0 0 0 0 0 0 0 0 0 0 0 0 0 0 0 0 0 0 0 0 0 0 0 0 0 0 0 0 0 0 0 0 0 0 0 0 0 0 0 0 0 0 0 0 0 0 0 0 0 0 0 0 0 0 0 0 0 0 0 0 0 0 0 0 0 0 0 0 0 0 0 0 0 0 0 0 0 0 0 0 0 0 0 0 0 0 0 0 0 0 0 0 0 0 0 0 0 0 0 0 0 0 0 0 0 0 0 0 0 0 0 0 0 0 0 0 0 0 0 0 0 0 0 0 0 0 0 0 0 0 0 0 0 0 0 0 0 0 0 0 0 0 0 0 0 0 0 0 0 0 0 0 0 0 0 0 0 0 0 0 0 0 0 0 0 0 0 0 0 0 0 0 0 0 0 0 0 0 0 0 0 0 0 0 0 0 0 0 0 0 0 0 0 0 0 0 0 0 0 0 0 0 0 0 0 0 0 0 0 0 0 0 0 0 0 0 0 0 0 0 0 0 0 0 0 0 0 0 0 0 0 0 0 0 0 0 0 0 0 0 0 0 0 0 0 0 0 0 0 0 0 0 0 0 0 0 0 0 0 0 0 0 0 0 0 0 0 0 0 0 0 0 0 0 0 0 0 0 0 0 0 0 0 0 0 0 0 0 0 0 0 0 0 0 0 0 0 0 0 0 0 0 0 0 0 0 0 0 0 0 0 0 0 0 0 0 0 0 0 0 0 0 0 0 0 0 0 0 0 0 0 0 0 0 0 0 0 0 0 0 0 0 0 0 0 0 0 0 0 0 0 0 0 0 0 0 0 0 0 0 0 0 0 0 0 0 0 0 0 0 0 0 0 0 0 0 0 0 0 0 0 0 0 0 0 0 0 0 0 0 0 0 0 0 0 0 0 0 0 0 0 0 0 0 0 0 0 0 0 0 0 0 0 0 0 0 0 0 0 0 0 0 0 0 0 0 0 0 0 0 0 0 0 0 0 0 0 0 0 0 0 0 0 0 0 0 0 0 0 0 0 0 0 0 0 0 0 0 0 0 0 0 0 0 0 0 0 0 0 0 0 0 0 0 0 0 0 0 0 0 0 0 0 0 0 0 0 0 0 0 0 0 0 0 0 0 0 0 0 0 0 0 0 0 0 0 0 0 0 0 0 0 0 0 0 0 0 0 0 0 0 0 0 0 0 0 0 0 0 0 0 0 0 0 0 0 0 0 0 0 0 0 0 0 0 0 0 0 0 0 0 0 0 0 0 0 0 0 0 0 0 0 0 0 0 0 0 0 0 0 0 0 0 0 0 0 0 0 0 0 0 0 0 0 0 0 0 0 0 0 0 0 0 0 0 0 0 0 0 0 0 0 0 0 0 0 0 0 0 0 0 0 0 0 0 0 0 0 0 0 0 0 0 0 0 0 0 0 0 0 0 0 0 0 0 0 0 0 0 0 0 0 0 0 0 0 0 0 0 0 0 0 0 0 0 0 0 0 0 0 0 0 0 0 0 0 0 0 0 0 0 0 0 0 0 0 0 0 0 0 0 0 0 0 0 0 0 0 0 0 0 0 0 0 0 0 0 0 0 0 0 0 0 0 0 0 0 0 0 0 0 0 0 0 0 0 0 0 0 0 0 0 0 0 0 0 0 0 0 0 0 0 0 0 0 0 0 0 0 0 0 0 0 0 0 0 0 0 0 0 0 0 0 0 0 0 0 0 0 0 0 0 0 0 0 0 0 0 0 0 0 0 0 0 0 0 0 0 0 0 0 0 0 0 0 0 0 0 0 0 0 0 0 0 0 0 0 0 0 0 0 0 0 0 0 0 0 0 0 0 0 0 0 0 0 0 0 0 0 0 0 0 0 0 0 0 0 0 0 0 0 0 0 0 0 0 0 0 0 0 0 0 0 0 0 0 0 0 0 0 0 0 0 0 0 0 0 0 0 0 0 0 0 0 0 0 0 0 0 0 0 0 0 0 0 0 0 0 0 0 0 0 0 0 0 0 0 0 0 0 0 0 0 0 0 0 0 0 0 0 0 0 0 0 0 0 0 0 0 0 0 0 0 0 0 0 0 0 0 0 0 0 0 0 0 0 0 0 0 0 0 0 0 0 0 0 0 0 0 0 0 0 0 0 0 0 0 0 0 0 0 0 0 0 0 0 0 0 0 0 0 0 0 0 0 0 0 0 0 0 0 0 0 0 0 0 0 0 0 0 0 0 0 0
ctxt 3632539278
btime 1790630938
processes 250892
procs_running 13
procs_blocked 0
softirq 3268738520 73526 6630698 2752025 3184175240 271291 0 13556851 36115505 410 25162974
--
cpu  2330028 964 1212002 26154169 45007 0 566790 0 0 0
cpu0 81535 17 33839 824844 1035 0 17147 0 0 0
cpu1 85203 22 34738 823626 848 0 17280 0 0 0
cpu2 86149 18 34813 823330 556 0 17282 0 0 0
cpu3 111360 19 45915 775971 1321 0 26942 0 0 0
cpu4 117927 21 46090 770115 762 0 27403 0 0 0
cpu5 91606 22 36457 815293 523 0 18321 0 0 0
cpu6 92398 19 37027 813567 463 0 19199 0 0 0
cpu7 91279 17 37362 814414 273 0 19289 0 0 0
cpu8 38049 30 33853 851121 1419 0 10223 0 0 0
cpu9 43397 36 36499 834237 3324 0 10968 0 0 0
cpu10 41801 33 35422 840013 1602 0 10913 0 0 0
cpu11 38768 29 32953 852791 1052 0 9966 0 0 0
cpu12 65705 107 38393 809459 4033 0 11713 0 0 0
cpu13 63619 39 38977 809919 3931 0 11986 0 0 0
cpu14 38401 30 32409 855641 1205 0 9752 0 0 0
cpu15 36019 32 29952 865182 1017 0 8857 0 0 0
cpu16 106530 15 41843 790598 584 0 23224 0 0 0
cpu17 100925 15 40607 797405 1442 0 22168 0 0 0
cpu18 98193 16 39905 802580 324 0 21705 0 0 0
cpu19 132932 16 52276 743182 817 0 32798 0 0 0
cpu20 124266 16 50135 755752 869 0 31365 0 0 0
cpu21 94339 17 38728 807723 773 0 20764 0 0 0
cpu22 89001 20 37131 815307 497 0 19314 0 0 0
cpu23 83534 20 35238 825446 595 0 17790 0 0 0
cpu24 41543 34 33596 851574 1330 0 10599 0 0 0
cpu25 45791 37 36940 834758 2424 0 12351 0 0 0
cpu26 44124 34 36202 839214 1826 0 11994 0 0 0
cpu27 37483 24 32265 843504 1482 0 18361 0 0 0
cpu28 64046 55 41740 792323 3238 0 23947 0 0 0
cpu29 67056 92 43042 785218 3167 0 24319 0 0 0
cpu30 36851 23 33526 838654 1319 0 18258 0 0 0
cpu31 40182 23 34117 851395 940 0 10578 0 0 0
intr 2411392229 126 0 0 0 0 0 0 0 0 1 0 0 0 0 0 0 0 0 0 0 0 0 0 0 0 0 0 1 1 1 0 0 0 0 1 0 1 0 0 75045 0 0 0 0 0 0 0 0 411 0 0 0 0 0 0 0 0 87 0 0 0 0 0 0 0 0 0 0 0 0 0 0 0 259305 2 35014512 34953096 34880835 35015487 0 8043 2747 3249 1893 3400 2790 2430 2757 1682 11483 20185 11604 8944 15243 16595 11781 7982 2981 2062 1676 3149 2419 2219 1741 1739 9818 8827 6466 6694 8345 7634 7000 8515 0 0 0 0 616657 3699 1036 0 264 0 0 0 0 0 0 0 0 0 0 0 0 0 0 0 0 0 0 0 0 0 0 0 0 0 0 0 0 0 0 0 0 0 0 0 0 0 0 0 0 0 0 0 0 0 0 0 0 0 0 0 0 0 0 0 0 0 0 0 0 0 0 0 0 0 0 0 0 0 0 0 0 0 0 0 0 0 0 0 0 0 0 0 0 0 0 0 0 0 0 0 0 0 0 0 0 0 0 0 0 0 0 0 0 0 0 0 0 0 0 0 0 0 0 0 0 0 0 0 0 0 0 0 0 0 0 0 0 0 0 0 0 0 0 0 0 0 0 0 0 0 0 0 0 0 0 0 0 0 0 0 0 0 0 0 0 0 0 0 0 0 0 0 0 0 0 0 0 0 0 0 0 0 0 0 0 0 0 0 0 0 0 0 0 0 0 0 0 0 0 0 0 0 0 0 0 0 0 0 0 0 0 0 0 0 0 0 0 0 0 0 0 0 0 0 0 0 0 0 0 0 0 0 0 0 0 0 0 0 0 0 0 0 0 0 0 0 0 0 0 0 0 0 0 0 0 0 0 0 0 0 0 0 0 0 0 0 0 0 0 0 0 0 0 0 0 0 0 0 0 0 0 0 0 0 0 0 0 0 0 0 0 0 0 0 0 0 0 0 0 0 0 0 0 0 0 0 0 0 0 0 0 0 0 0 0 0 0 0 0 0 0 0 0 0 0 0 0 0 0 0 0 0 0 0 0 0 0 0 0 0 0 0 0 0 0 0 0 0 0 0 0 0 0 0 0 0 0 0 0 0 0 0 0 0 0 0 0 0 0 0 0 0 0 0 0 0 0 0 0 0 0 0 0 0 0 0 0 0 0 0 0 0 0 0 0 0 0 0 0 0 0 0 0 0 0 0 0 0 0 0 0 0 0 0 0 0 0 0 0 0 0 0 0 0 0 0 0 0 0 0 0 0 0 0 0 0 0 0 0 0 0 0 0 0 0 0 0 0 0 0 0 0 0 0 0 0 0 0 0 0 0 0 0 0 0 0 0 0 0 0 0 0 0 0 0 0 0 0 0 0 0 0 0 0 0 0 0 0 0 0 0 0 0 0 0 0 0 0 0 0 0 0 0 0 0 0 0 0 0 0 0 0 0 0 0 0 0 0 0 0 0 0 0 0 0 0 0 0 0 0 0 0 0 0 0 0 0 0 0 0 0 0 0 0 0 0 0 0 0 0 0 0 0 0 0 0 0 0 0 0 0 0 0 0 0 0 0 0 0 0 0 0 0 0 0 0 0 0 0 0 0 0 0 0 0 0 0 0 0 0 0 0 0 0 0 0 0 0 0 0 0 0 0 0 0 0 0 0 0 0 0 0 0 0 0 0 0 0 0 0 0 0 0 0 0 0 0 0 0 0 0 0 0 0 0 0 0 0 0 0 0 0 0 0 0 0 0 0 0 0 0 0 0 0 0 0 0 0 0 0 0 0 0 0 0 0 0 0 0 0 0 0 0 0 0 0 0 0 0 0 0 0 0 0 0 0 0 0 0 0 0 0 0 0 0 0 0 0 0 0 0 0 0 0 0 0 0 0 0 0 0 0 0 0 0 0 0 0 0 0 0 0 0 0 0 0 0 0 0 0 0 0 0 0 0 0 0 0 0 0 0 0 0 0 0 0 0 0 0 0 0 0 0 0 0 0 0 0 0 0 0 0 0 0 0 0 0 0 0 0 0 0 0 0 0 0 0 0 0 0 0 0 0 0 0 0 0 0 0 0 0 0 0 0 0 0 0 0 0 0 0 0 0 0 0 0 0 0 0 0 0 0 0 0 0 0 0 0 0 0 0 0 0 0 0 0 0 0 0 0 0 0 0 0 0 0 0 0 0 0 0 0 0 0 0 0 0 0 0 0 0 0 0 0 0 0 0 0 0 0 0 0 0 0 0 0 0 0 0 0 0 0 0 0 0 0 0 0 0 0 0 0 0 0 0 0 0 0 0 0 0 0 0 0 0 0 0 0 0 0 0 0 0 0 0 0 0 0 0 0 0 0 0 0 0 0 0 0 0 0 0 0 0 0 0 0 0 0 0 0 0 0 0 0 0 0 0 0 0 0 0 0 0 0 0 0 0 0 0 0 0 0 0 0 0 0 0 0 0 0 0 0 0 0 0 0 0 0 0 0 0 0 0 0 0 0 0 0 0 0 0 0 0 0 0 0 0 0 0 0 0 0 0 0 0 0 0 0 0 0 0 0 0 0 0 0 0 0 0 0 0 0 0 0 0 0 0 0 0 0 0 0 0 0 0 0 0 0 0 0 0 0 0 0 0 0 0 0 0 0 0 0 0 0 0 0 0 0 0 0 0 0 0 0 0 0 0 0 0 0 0 0 0 0 0 0 0 0 0 0 0 0 0 0 0 0 0 0 0 0 0 0 0 0 0 0 0 0 0 0 0 0 0 0 0 0 0 0 0 0 0 0 0 0 0 0 0 0 0 0 0
ctxt 3639318398
btime 1790630938
processes 250943
procs_running 11
procs_blocked 0
softirq 3273346850 73526 6640522 2752025 3188662426 271433 0 13556851 36185447 410 25204210
