Running 10s test @ http://127.0.0.1:18500/json
  16 threads and 128 connections
  Thread Stats   Avg      Stdev     Max   +/- Stdev
    Latency   129.28us   44.21us   3.50ms   77.63%
    Req/Sec    62.00k     8.25k  103.36k    78.36%
  Latency Distribution
     50%  113.00us
     75%  147.00us
     90%  189.00us
     99%  286.00us
  9948086 requests in 10.10s, 1.64GB read
Requests/sec: 985025.62
Transfer/sec:    166.27MB
## server-stat
cpu  2374926 972 1230706 26311474 45154 0 578213 0 0 0
cpu0 83721 17 34325 829471 1035 0 17436 0 0 0
cpu1 87384 22 35218 828332 848 0 17547 0 0 0
cpu2 89069 18 35726 826398 556 0 18010 0 0 0
cpu3 114047 19 46716 779549 1321 0 27516 0 0 0
cpu4 120175 21 46586 774716 785 0 27669 0 0 0
cpu5 94333 22 37221 818880 524 0 18885 0 0 0
cpu6 94745 19 37568 817983 463 0 19541 0 0 0
cpu7 94169 17 38314 817437 273 0 20042 0 0 0
cpu8 38116 31 34277 857369 1420 0 10412 0 0 0
cpu9 43470 36 36912 840473 3328 0 11156 0 0 0
cpu10 41877 33 35838 846288 1604 0 11093 0 0 0
cpu11 38826 30 33312 859248 1053 0 10126 0 0 0
cpu12 65826 107 38817 815650 4035 0 11897 0 0 0
cpu13 63736 40 39437 816003 3956 0 12174 0 0 0
cpu14 38457 30 32740 862223 1206 0 9895 0 0 0
cpu15 36066 33 30261 871889 1018 0 8995 0 0 0
cpu16 109840 15 42767 793326 584 0 23917 0 0 0
cpu17 104178 15 41585 800069 1442 0 22925 0 0 0
cpu18 100709 16 40421 806881 324 0 22020 0 0 0
cpu19 135692 16 52942 746920 818 0 33263 0 0 0
cpu20 127517 16 51112 758400 869 0 32136 0 0 0
cpu21 97072 17 39413 811473 774 0 21259 0 0 0
cpu22 92030 20 38054 818288 497 0 20043 0 0 0
cpu23 85759 20 35719 830100 595 0 18064 0 0 0
cpu24 41615 35 33999 857879 1357 0 10781 0 0 0
cpu25 45902 38 37470 840579 2425 0 12592 0 0 0
cpu26 44225 35 36708 845098 1827 0 12229 0 0 0
cpu27 37548 24 32707 849668 1482 0 18557 0 0 0
cpu28 64312 56 42377 797819 3245 0 24226 0 0 0
cpu29 67323 92 43671 790638 3212 0 24593 0 0 0
cpu30 36924 23 33941 844799 1325 0 18435 0 0 0
cpu31 40250 23 34537 857615 940 0 10764 0 0 0
intr 2447918096 126 0 0 0 0 0 0 0 0 1 0 0 0 0 0 0 0 0 0 0 0 0 0 0 0 0 0 1 1 1 0 0 0 0 1 0 1 0 0 75045 0 0 0 0 0 0 0 0 411 0 0 0 0 0 0 0 0 87 0 0 0 0 0 0 0 0 0 0 0 0 0 0 0 260846 2 35014936 34953867 34881459 35015870 0 8108 2747 3249 1893 3400 2790 2430 2757 1682 11519 20201 11662 8949 15333 16599 11784 7983 2981 2062 1676 3149 2419 2220 1741 1739 9820 8862 6480 6724 8371 7690 7001 8517 0 0 0 0 616665 3710 1036 0 264 0 0 0 0 0 0 0 0 0 0 0 0 0 0 0 0 0 0 0 0 0 0 0 0 0 0 0 0 0 0 0 0 0 0 0 0 0 0 0 0 0 0 0 0 0 0 0 0 0 0 0 0 0 0 0 0 0 0 0 0 0 0 0 0 0 0 0 0 0 0 0 0 0 0 0 0 0 0 0 0 0 0 0 0 0 0 0 0 0 0 0 0 0 0 0 0 0 0 0 0 0 0 0 0 0 0 0 0 0 0 0 0 0 0 0 0 0 0 0 0 0 0 0 0 0 0 0 0 0 0 0 0 0 0 0 0 0 0 0 0 0 0 0 0 0 0 0 0 0 0 0 0 0 0 0 0 0 0 0 0 0 0 0 0 0 0 0 0 0 0 0 0 0 0 0 0 0 0 0 0 0 0 0 0 0 0 0 0 0 0 0 0 0 0 0 0 0 0 0 0 0 0 0 0 0 0 0 0 0 0 0 0 0 0 0 0 0 0 0 0 0 0 0 0 0 0 0 0 0 0 0 0 0 0 0 0 0 0 0 0 0 0 0 0 0 0 0 0 0 0 0 0 0 0 0 0 0 0 0 0 0 0 0 0 0 0 0 0 0 0 0 0 0 0 0 0 0 0 0 0 0 0 0 0 0 0 0 0 0 0 0 0 0 0 0 0 0 0 0 0 0 0 0 0 0 0 0 0 0 0 0 0 0 0 0 0 0 0 0 0 0 0 0 0 0 0 0 0 0 0 0 0 0 0 0 0 0 0 0 0 0 0 0 0 0 0 0 0 0 0 0 0 0 0 0 0 0 0 0 0 0 0 0 0 0 0 0 0 0 0 0 0 0 0 0 0 0 0 0 0 0 0 0 0 0 0 0 0 0 0 0 0 0 0 0 0 0 0 0 0 0 0 0 0 0 0 0 0 0 0 0 0 0 0 0 0 0 0 0 0 0 0 0 0 0 0 0 0 0 0 0 0 0 0 0 0 0 0 0 0 0 0 0 0 0 0 0 0 0 0 0 0 0 0 0 0 0 0 0 0 0 0 0 0 0 0 0 0 0 0 0 0 0 0 0 0 0 0 0 0 0 0 0 0 0 0 0 0 0 0 0 0 0 0 0 0 0 0 0 0 0 0 0 0 0 0 0 0 0 0 0 0 0 0 0 0 0 0 0 0 0 0 0 0 0 0 0 0 0 0 0 0 0 0 0 0 0 0 0 0 0 0 0 0 0 0 0 0 0 0 0 0 0 0 0 0 0 0 0 0 0 0 0 0 0 0 0 0 0 0 0 0 0 0 0 0 0 0 0 0 0 0 0 0 0 0 0 0 0 0 0 0 0 0 0 0 0 0 0 0 0 0 0 0 0 0 0 0 0 0 0 0 0 0 0 0 0 0 0 0 0 0 0 0 0 0 0 0 0 0 0 0 0 0 0 0 0 0 0 0 0 0 0 0 0 0 0 0 0 0 0 0 0 0 0 0 0 0 0 0 0 0 0 0 0 0 0 0 0 0 0 0 0 0 0 0 0 0 0 0 0 0 0 0 0 0 0 0 0 0 0 0 0 0 0 0 0 0 0 0 0 0 0 0 0 0 0 0 0 0 0 0 0 0 0 0 0 0 0 0 0 0 0 0 0 0 0 0 0 0 0 0 0 0 0 0 0 0 0 0 0 0 0 0 0 0 0 0 0 0 0 0 0 0 0 0 0 0 0 0 0 0 0 0 0 0 0 0 0 0 0 0 0 0 0 0 0 0 0 0 0 0 0 0 0 0 0 0 0 0 0 0 0 0 0 0 0 0 0 0 0 0 0 0 0 0 0 0 0 0 0 0 0 0 0 0 0 0 0 0 0 0 0 0 0 0 0 0 0 0 0 0 0 0 0 0 0 0 0 0 0 0 0 0 0 0 0 0 0 0 0 0 0 0 0 0 0 0 0 0 0 0 0 0 0 0 0 0 0 0 0 0 0 0 0 0 0 0 0 0 0 0 0 0 0 0 0 0 0 0 0 0 0 0 0 0 0 0 0 0 0 0 0 0 0 0 0 0 0 0 0 0 0 0 0 0 0 0 0 0 0 0 0 0 0 0 0 0 0 0 0 0 0 0 0 0 0 0 0 0 0 0 0 0 0 0 0 0 0 0 0 0 0 0 0 0 0 0 0 0 0 0 0 0 0 0 0 0 0 0 0 0 0 0 0 0 0 0 0 0 0 0 0 0 0 0 0 0 0 0 0 0 0 0 0 0 0 0 0 0 0 0 0 0 0 0 0 0 0 0 0 0 0 0 0 0 0 0 0 0 0 0 0 0 0 0 0 0 0 0 0 0 0 0 0 0 0 0 0 0 0 0 0 0 0 0 0 0 0 0 0 0 0 0 0 0 0 0 0 0 0 0 0 0 0 0 0 0 0 0 0 0 0 0 0 0 0 0 0 0 0 0 0 0 0 0 0 0 0 0 0 0 0 0 0 0 0 0 0 0 0 0
ctxt 3700824015
btime 1790630938
processes 252817
procs_running 14
procs_blocked 0
softirq 3337869389 73526 6682545 2752037 3252120259 273067 0 13556906 36839882 410 25570757
--
cpu  2378216 973 1233974 26325048 45168 0 580816 0 0 0
cpu0 84095 17 34530 829471 1035 0 17658 0 0 0
cpu1 87384 22 35218 829114 848 0 17548 0 0 0
cpu2 89069 18 35726 827197 556 0 18010 0 0 0
cpu3 114254 19 46840 779888 1321 0 27648 0 0 0
cpu4 120175 21 46586 775514 786 0 27669 0 0 0
cpu5 94333 22 37221 819667 536 0 18885 0 0 0
cpu6 95102 19 37790 817983 463 0 19763 0 0 0
cpu7 94237 17 38357 818084 273 0 20082 0 0 0
cpu8 38133 31 34374 857825 1420 0 10467 0 0 0
cpu9 43489 36 37010 840928 3328 0 11208 0 0 0
cpu10 41897 33 35930 846743 1604 0 11146 0 0 0
cpu11 38843 30 33411 859707 1053 0 10175 0 0 0
cpu12 65845 107 38921 816103 4035 0 11951 0 0 0
cpu13 63756 40 39536 816455 3956 0 12224 0 0 0
cpu14 38476 30 32832 862686 1206 0 9944 0 0 0
cpu15 36082 33 30352 872362 1018 0 9045 0 0 0
cpu16 109841 15 42767 794123 584 0 23917 0 0 0
cpu17 104586 15 41787 800069 1442 0 23116 0 0 0
cpu18 101078 16 40633 806881 324 0 22240 0 0 0
cpu19 135848 16 53033 747380 818 0 33355 0 0 0
cpu20 127882 16 51330 758400 869 0 32352 0 0 0
cpu21 97432 17 39620 811473 774 0 21493 0 0 0
cpu22 92030 20 38055 819086 497 0 20043 0 0 0
cpu23 86059 20 35887 830251 595 0 18245 0 0 0
cpu24 41634 35 34094 858329 1357 0 10835 0 0 0
cpu25 45927 38 37572 841021 2425 0 12649 0 0 0
cpu26 44247 35 36810 845540 1827 0 12285 0 0 0
cpu27 37569 24 32802 850116 1482 0 18614 0 0 0
cpu28 64340 56 42481 798255 3245 0 24281 0 0 0
cpu29 67353 92 43778 791074 3212 0 24650 0 0 0
cpu30 36939 23 34043 845249 1325 0 18489 0 0 0
cpu31 40267 23 34634 858063 940 0 10817 0 0 0
intr 2452969841 126 0 0 0 0 0 0 0 0 1 0 0 0 0 0 0 0 0 0 0 0 0 0 0 0 0 0 1 1 1 0 0 0 0 1 0 1 0 0 75045 0 0 0 0 0 0 0 0 411 0 0 0 0 0 0 0 0 87 0 0 0 0 0 0 0 0 0 0 0 0 0 0 0 260968 2 35014956 34953928 34881497 35015886 0 8112 2747 3249 1893 3400 2790 2430 2757 1682 11519 20201 11662 8949 15333 16602 11784 7983 2981 2062 1676 3149 2419 2220 1741 1739 9820 8862 6480 6724 8372 7690 7001 8517 0 0 0 0 616665 3710 1036 0 264 0 0 0 0 0 0 0 0 0 0 0 0 0 0 0 0 0 0 0 0 0 0 0 0 0 0 0 0 0 0 0 0 0 0 0 0 0 0 0 0 0 0 0 0 0 0 0 0 0 0 0 0 0 0 0 0 0 0 0 0 0 0 0 0 0 0 0 0 0 0 0 0 0 0 0 0 0 0 0 0 0 0 0 0 0 0 0 0 0 0 0 0 0 0 0 0 0 0 0 0 0 0 0 0 0 0 0 0 0 0 0 0 0 0 0 0 0 0 0 0 0 0 0 0 0 0 0 0 0 0 0 0 0 0 0 0 0 0 0 0 0 0 0 0 0 0 0 0 0 0 0 0 0 0 0 0 0 0 0 0 0 0 0 0 0 0 0 0 0 0 0 0 0 0 0 0 0 0 0 0 0 0 0 0 0 0 0 0 0 0 0 0 0 0 0 0 0 0 0 0 0 0 0 0 0 0 0 0 0 0 0 0 0 0 0 0 0 0 0 0 0 0 0 0 0 0 0 0 0 0 0 0 0 0 0 0 0 0 0 0 0 0 0 0 0 0 0 0 0 0 0 0 0 0 0 0 0 0 0 0 0 0 0 0 0 0 0 0 0 0 0 0 0 0 0 0 0 0 0 0 0 0 0 0 0 0 0 0 0 0 0 0 0 0 0 0 0 0 0 0 0 0 0 0 0 0 0 0 0 0 0 0 0 0 0 0 0 0 0 0 0 0 0 0 0 0 0 0 0 0 0 0 0 0 0 0 0 0 0 0 0 0 0 0 0 0 0 0 0 0 0 0 0 0 0 0 0 0 0 0 0 0 0 0 0 0 0 0 0 0 0 0 0 0 0 0 0 0 0 0 0 0 0 0 0 0 0 0 0 0 0 0 0 0 0 0 0 0 0 0 0 0 0 0 0 0 0 0 0 0 0 0 0 0 0 0 0 0 0 0 0 0 0 0 0 0 0 0 0 0 0 0 0 0 0 0 0 0 0 0 0 0 0 0 0 0 0 0 0 0 0 0 0 0 0 0 0 0 0 0 0 0 0 0 0 0 0 0 0 0 0 0 0 0 0 0 0 0 0 0 0 0 0 0 0 0 0 0 0 0 0 0 0 0 0 0 0 0 0 0 0 0 0 0 0 0 0 0 0 0 0 0 0 0 0 0 0 0 0 0 0 0 0 0 0 0 0 0 0 0 0 0 0 0 0 0 0 0 0 0 0 0 0 0 0 0 0 0 0 0 0 0 0 0 0 0 0 0 0 0 0 0 0 0 0 0 0 0 0 0 0 0 0 0 0 0 0 0 0 0 0 0 0 0 0 0 0 0 0 0 0 0 0 0 0 0 0 0 0 0 0 0 0 0 0 0 0 0 0 0 0 0 0 0 0 0 0 0 0 0 0 0 0 0 0 0 0 0 0 0 0 0 0 0 0 0 0 0 0 0 0 0 0 0 0 0 0 0 0 0 0 0 0 0 0 0 0 0 0 0 0 0 0 0 0 0 0 0 0 0 0 0 0 0 0 0 0 0 0 0 0 0 0 0 0 0 0 0 0 0 0 0 0 0 0 0 0 0 0 0 0 0 0 0 0 0 0 0 0 0 0 0 0 0 0 0 0 0 0 0 0 0 0 0 0 0 0 0 0 0 0 0 0 0 0 0 0 0 0 0 0 0 0 0 0 0 0 0 0 0 0 0 0 0 0 0 0 0 0 0 0 0 0 0 0 0 0 0 0 0 0 0 0 0 0 0 0 0 0 0 0 0 0 0 0 0 0 0 0 0 0 0 0 0 0 0 0 0 0 0 0 0 0 0 0 0 0 0 0 0 0 0 0 0 0 0 0 0 0 0 0 0 0 0 0 0 0 0 0 0 0 0 0 0 0 0 0 0 0 0 0 0 0 0 0 0 0 0 0 0 0 0 0 0 0 0 0 0 0 0 0 0 0 0 0 0 0 0 0 0 0 0 0 0 0 0 0 0 0 0 0 0 0 0 0 0 0 0 0 0 0 0 0 0 0 0 0 0 0 0 0 0 0 0 0 0 0 0 0 0 0 0 0 0 0 0 0 0 0 0 0 0 0 0 0 0 0 0 0 0 0 0 0 0 0 0 0 0 0 0 0 0 0 0 0 0 0 0 0 0 0 0 0 0 0 0 0 0 0 0 0 0 0 0 0 0 0 0 0 0 0 0 0 0 0 0 0 0 0 0 0 0 0 0 0 0 0 0 0 0 0 0 0 0 0 0 0 0 0 0 0 0 0 0 0 0 0 0 0 0 0 0 0 0 0 0 0 0 0 0 0 0 0 0 0 0 0 0 0 0 0 0 0 0 0 0 0 0 0 0 0 0 0 0 0 0 0 0 0 0 0 0 0 0 0 0 0 0 0 0 0 0 0 0 0 0 0 0 0 0 0 0 0 0 0 0 0 0 0 0 0 0 0 0 0 0 0 0 0 0 0 0 0 0 0 0 0 0 0 0 0 0
ctxt 3710792342
btime 1790630938
processes 252861
procs_running 17
procs_blocked 0
softirq 3353672979 73526 6686423 2752037 3267851931 273193 0 13556906 36870902 410 25607651
