Running 10s test @ http://127.0.0.1:18500/
  16 threads and 32 connections
  Thread Stats   Avg      Stdev     Max   +/- Stdev
    Latency   142.86us   41.36us   2.10ms   73.88%
    Req/Sec    14.03k   120.67    14.37k    68.87%
  Latency Distribution
     50%  140.00us
     75%  153.00us
     90%  188.00us
     99%  289.00us
  2255486 requests in 10.10s, 369.97MB read
Requests/sec: 223319.74
Transfer/sec:     36.63MB
## server-stat
cpu  2233968 930 1174018 25137142 44165 0 538978 0 0 0
cpu0 78682 17 33039 791495 1033 0 16583 0 0 0
cpu1 81422 21 33629 791489 848 0 16440 0 0 0
cpu2 82494 18 33846 790739 551 0 16626 0 0 0
cpu3 102487 19 43323 751752 1320 0 24711 0 0 0
cpu4 108668 21 43552 746138 761 0 25238 0 0 0
cpu5 86723 21 35157 784556 521 0 17381 0 0 0
cpu6 87455 19 35648 782973 463 0 18233 0 0 0
cpu7 86011 17 35801 784490 271 0 18164 0 0 0
cpu8 37891 29 33211 816281 1370 0 9865 0 0 0
cpu9 43174 35 35747 800275 3266 0 10572 0 0 0
cpu10 41617 32 34718 805786 1561 0 10526 0 0 0
cpu11 38630 28 32355 817874 1000 0 9629 0 0 0
cpu12 65157 104 37559 776036 3971 0 11270 0 0 0
cpu13 63103 37 38114 776667 3792 0 11521 0 0 0
cpu14 38268 28 31813 820815 1166 0 9415 0 0 0
cpu15 35903 31 29421 829925 1006 0 8552 0 0 0
cpu16 99573 14 40000 762951 583 0 21754 0 0 0
cpu17 95268 15 39042 767916 1441 0 20983 0 0 0
cpu18 92628 15 38193 773386 324 0 20285 0 0 0
cpu19 123767 16 49536 719578 811 0 30348 0 0 0
cpu20 115621 16 47441 731658 869 0 28809 0 0 0
cpu21 89989 16 37326 776663 772 0 19684 0 0 0
cpu22 84885 19 35803 783918 496 0 18255 0 0 0
cpu23 79954 20 34095 793205 592 0 16871 0 0 0
cpu24 41407 33 33024 816443 1292 0 10259 0 0 0
cpu25 45557 36 36273 800039 2397 0 11983 0 0 0
cpu26 43931 32 35568 804357 1800 0 11632 0 0 0
cpu27 37358 22 31700 808139 1479 0 18031 0 0 0
cpu28 63310 52 40759 759113 3172 0 23447 0 0 0
cpu29 66291 89 41968 752310 3019 0 23810 0 0 0
cpu30 36689 22 32850 803907 1274 0 17872 0 0 0
cpu31 40043 22 33494 816252 930 0 10216 0 0 0
intr 2313200574 126 0 0 0 0 0 0 0 0 1 0 0 0 0 0 0 0 0 0 0 0 0 0 0 0 0 0 1 1 1 0 0 0 0 1 0 1 0 0 75045 0 0 0 0 0 0 0 0 411 0 0 0 0 0 0 0 0 87 0 0 0 0 0 0 0 0 0 0 0 0 0 0 0 251665 2 35012466 34950001 34878253 35013650 0 7729 2745 3242 1839 3399 2790 2419 2752 1678 11473 20011 11545 8923 15001 16453 11743 7963 2979 2058 1674 3111 2416 2219 1739 1723 9683 8726 6431 6518 8168 7499 6972 8502 0 0 0 0 616633 3653 1036 0 264 0 0 0 0 0 0 0 0 0 0 0 0 0 0 0 0 0 0 0 0 0 0 0 0 0 0 0 0 0 0 0 0 0 0 0 0 0 0 0 0 0 0 0 0 0 0 0 0 0 0 0 0 0 0 0 0 0 0 0 0 0 0 0 0 0 0 0 0 0 0 0 0 0 0 0 0 0 0 0 0 0 0 0 0 0 0 0 0 0 0 0 0 0 0 0 0 0 0 0 0 0 0 0 0 0 0 0 0 0 0 0 0 0 0 0 0 0 0 0 0 0 0 0 0 0 0 0 0 0 0 0 0 0 0 0 0 0 0 0 0 0 0 0 0 0 0 0 0 0 0 0 0 0 0 0 0 0 0 0 0 0 0 0 0 0 0 0 0 0 0 0 0 0 0 0 0 0 0 0 0 0 0 0 0 0 0 0 0 0 0 0 0 0 0 0 0 0 0 0 0 0 0 0 0 0 0 0 0 0 0 0 0 0 0 0 0 0 0 0 0 0 0 0 0 0 0 0 0 0 0 0 0 0 0 0 0 0 0 0 0 0 0 0 0 0 0 0 0 0 0 0 0 0 0 0 0 0 0 0 0 0 0 0 0 0 0 0 0 0 0 0 0 0 0 0 0 0 0 0 0 0 0 0 0 0 0 0 0 0 0 0 0 0 0 0 0 0 0 0 0 0 0 0 0 0 0 0 0 0 0 0 0 0 0 0 0 0 0 0 0 0 0 0 0 0 0 0 0 0 0 0 0 0 0 0 0 0 0 0 0 0 0 0 0 0 0 0 0 0 0 0 0 0 0 0 0 0 0 0 0 0 0 0 0 0 0 0 0 0 0 0 0 0 0 0 0 0 0 0 0 0 0 0 0 0 0 0 0 0 0 0 0 0 0 0 0 0 0 0 0 0 0 0 0 0 0 0 0 0 0 0 0 0 0 0 0 0 0 0 0 0 0 0 0 0 0 0 0 0 0 0 0 0 0 0 0 0 0 0 0 0 0 0 0 0 0 0 0 0 0 0 0 0 0 0 0 0 0 0 0 0 0 0 0 0 0 0 0 0 0 0 0 0 0 0 0 0 0 0 0 0 0 0 0 0 0 0 0 0 0 0 0 0 0 0 0 0 0 0 0 0 0 0 0 0 0 0 0 0 0 0 0 0 0 0 0 0 0 0 0 0 0 0 0 0 0 0 0 0 0 0 0 0 0 0 0 0 0 0 0 0 0 0 0 0 0 0 0 0 0 0 0 0 0 0 0 0 0 0 0 0 0 0 0 0 0 0 0 0 0 0 0 0 0 0 0 0 0 0 0 0 0 0 0 0 0 0 0 0 0 0 0 0 0 0 0 0 0 0 0 0 0 0 0 0 0 0 0 0 0 0 0 0 0 0 0 0 0 0 0 0 0 0 0 0 0 0 0 0 0 0 0 0 0 0 0 0 0 0 0 0 0 0 0 0 0 0 0 0 0 0 0 0 0 0 0 0 0 0 0 0 0 0 0 0 0 0 0 0 0 0 0 0 0 0 0 0 0 0 0 0 0 0 0 0 0 0 0 0 0 0 0 0 0 0 0 0 0 0 0 0 0 0 0 0 0 0 0 0 0 0 0 0 0 0 0 0 0 0 0 0 0 0 0 0 0 0 0 0 0 0 0 0 0 0 0 0 0 0 0 0 0 0 0 0 0 0 0 0 0 0 0 0 0 0 0 0 0 0 0 0 0 0 0 0 0 0 0 0 0 0 0 0 0 0 0 0 0 0 0 0 0 0 0 0 0 0 0 0 0 0 0 0 0 0 0 0 0 0 0 0 0 0 0 0 0 0 0 0 0 0 0 0 0 0 0 0 0 0 0 0 0 0 0 0 0 0 0 0 0 0 0 0 0 0 0 0 0 0 0 0 0 0 0 0 0 0 0 0 0 0 0 0 0 0 0 0 0 0 0 0 0 0 0 0 0 0 0 0 0 0 0 0 0 0 0 0 0 0 0 0 0 0 0 0 0 0 0 0 0 0 0 0 0 0 0 0 0 0 0 0 0 0 0 0 0 0 0 0 0 0 0 0 0 0 0 0 0 0 0 0 0 0 0 0 0 0 0 0 0 0 0 0 0 0 0 0 0 0 0 0 0 0 0 0 0 0 0 0 0 0 0 0 0 0 0 0 0 0 0 0 0 0 0 0 0 0 0 0 0 0 0 0 0 0 0 0 0 0 0 0 0 0 0 0 0 0 0 0 0 0 0 0 0 0 0 0 0 0 0 0 0 0 0 0 0 0 0 0 0 0 0 0 0 0 0 0 0 0 0 0 0 0 0 0 0 0 0 0 0 0 0 0 0 0 0 0 0 0 0 0 0 0 0 0 0 0 0 0 0 0 0 0 0 0 0 0 0 0 0 0 0 0 0 0 0 0 0 0 0 0 0 0 0 0 0 0 0 0 0 0 0 0 0 0 0 0 0 0 0 0 0 0 0 0 0 0 0 0 0 0 0
ctxt 3454162323
btime 1790630938
processes 243309
procs_running 8
procs_blocked 0
softirq 3094280154 73526 6430381 2751972 3011704591 263339 0 13556649 35132765 410 24366521
--
cpu  2237734 931 1174974 25155708 44195 0 539447 0 0 0
cpu0 78885 17 33092 791965 1033 0 16606 0 0 0
cpu1 81624 21 33678 791969 848 0 16462 0 0 0
cpu2 82678 18 33899 791230 551 0 16646 0 0 0
cpu3 102722 19 43372 752200 1320 0 24736 0 0 0
cpu4 108909 21 43601 746582 761 0 25263 0 0 0
cpu5 86903 21 35209 785052 521 0 17405 0 0 0
cpu6 87625 19 35698 783478 463 0 18256 0 0 0
cpu7 86175 17 35858 785002 271 0 18183 0 0 0
cpu8 37894 29 33221 816993 1370 0 9873 0 0 0
cpu9 43178 35 35759 800980 3267 0 10581 0 0 0
cpu10 41620 32 34729 806483 1571 0 10533 0 0 0
cpu11 38634 28 32362 818589 1000 0 9635 0 0 0
cpu12 65164 104 37571 776738 3971 0 11281 0 0 0
cpu13 63111 37 38125 777365 3792 0 11529 0 0 0
cpu14 38270 28 31819 821536 1166 0 9424 0 0 0
cpu15 35905 31 29428 830650 1007 0 8558 0 0 0
cpu16 99864 14 40046 763353 583 0 21772 0 0 0
cpu17 95513 15 39086 768365 1441 0 21004 0 0 0
cpu18 92829 15 38245 773865 324 0 20306 0 0 0
cpu19 124196 16 49580 719865 811 0 30362 0 0 0
cpu20 116016 16 47482 731974 869 0 28823 0 0 0
cpu21 90178 16 37378 777154 772 0 19705 0 0 0
cpu22 85057 19 35854 784422 496 0 18277 0 0 0
cpu23 80123 20 34144 793710 592 0 16894 0 0 0
cpu24 41410 33 33030 817143 1304 0 10267 0 0 0
cpu25 45563 36 36285 800740 2398 0 11992 0 0 0
cpu26 43936 32 35578 805060 1800 0 11641 0 0 0
cpu27 37361 22 31708 808848 1479 0 18038 0 0 0
cpu28 63329 52 40773 759799 3172 0 23457 0 0 0
cpu29 66311 90 41986 752995 3021 0 23820 0 0 0
cpu30 36691 22 32859 804620 1275 0 17880 0 0 0
cpu31 40046 22 33503 816967 931 0 10222 0 0 0
intr 2317114261 126 0 0 0 0 0 0 0 0 1 0 0 0 0 0 0 0 0 0 0 0 0 0 0 0 0 0 1 1 1 0 0 0 0 1 0 1 0 0 75045 0 0 0 0 0 0 0 0 411 0 0 0 0 0 0 0 0 87 0 0 0 0 0 0 0 0 0 0 0 0 0 0 0 251973 2 35012494 34950031 34878296 35013670 0 7737 2745 3242 1839 3399 2790 2425 2752 1678 11473 20013 11545 8924 15001 16453 11744 7963 2979 2058 1674 3111 2416 2219 1739 1723 9683 8726 6431 6519 8169 7499 6972 8502 0 0 0 0 616633 3653 1036 0 264 0 0 0 0 0 0 0 0 0 0 0 0 0 0 0 0 0 0 0 0 0 0 0 0 0 0 0 0 0 0 0 0 0 0 0 0 0 0 0 0 0 0 0 0 0 0 0 0 0 0 0 0 0 0 0 0 0 0 0 0 0 0 0 0 0 0 0 0 0 0 0 0 0 0 0 0 0 0 0 0 0 0 0 0 0 0 0 0 0 0 0 0 0 0 0 0 0 0 0 0 0 0 0 0 0 0 0 0 0 0 0 0 0 0 0 0 0 0 0 0 0 0 0 0 0 0 0 0 0 0 0 0 0 0 0 0 0 0 0 0 0 0 0 0 0 0 0 0 0 0 0 0 0 0 0 0 0 0 0 0 0 0 0 0 0 0 0 0 0 0 0 0 0 0 0 0 0 0 0 0 0 0 0 0 0 0 0 0 0 0 0 0 0 0 0 0 0 0 0 0 0 0 0 0 0 0 0 0 0 0 0 0 0 0 0 0 0 0 0 0 0 0 0 0 0 0 0 0 0 0 0 0 0 0 0 0 0 0 0 0 0 0 0 0 0 0 0 0 0 0 0 0 0 0 0 0 0 0 0 0 0 0 0 0 0 0 0 0 0 0 0 0 0 0 0 0 0 0 0 0 0 0 0 0 0 0 0 0 0 0 0 0 0 0 0 0 0 0 0 0 0 0 0 0 0 0 0 0 0 0 0 0 0 0 0 0 0 0 0 0 0 0 0 0 0 0 0 0 0 0 0 0 0 0 0 0 0 0 0 0 0 0 0 0 0 0 0 0 0 0 0 0 0 0 0 0 0 0 0 0 0 0 0 0 0 0 0 0 0 0 0 0 0 0 0 0 0 0 0 0 0 0 0 0 0 0 0 0 0 0 0 0 0 0 0 0 0 0 0 0 0 0 0 0 0 0 0 0 0 0 0 0 0 0 0 0 0 0 0 0 0 0 0 0 0 0 0 0 0 0 0 0 0 0 0 0 0 0 0 0 0 0 0 0 0 0 0 0 0 0 0 0 0 0 0 0 0 0 0 0 0 0 0 0 0 0 0 0 0 0 0 0 0 0 0 0 0 0 0 0 0 0 0 0 0 0 0 0 0 0 0 0 0 0 0 0 0 0 0 0 0 0 0 0 0 0 0 0 0 0 0 0 0 0 0 0 0 0 0 0 0 0 0 0 0 0 0 0 0 0 0 0 0 0 0 0 0 0 0 0 0 0 0 0 0 0 0 0 0 0 0 0 0 0 0 0 0 0 0 0 0 0 0 0 0 0 0 0 0 0 0 0 0 0 0 0 0 0 0 0 0 0 0 0 0 0 0 0 0 0 0 0 0 0 0 0 0 0 0 0 0 0 0 0 0 0 0 0 0 0 0 0 0 0 0 0 0 0 0 0 0 0 0 0 0 0 0 0 0 0 0 0 0 0 0 0 0 0 0 0 0 0 0 0 0 0 0 0 0 0 0 0 0 0 0 0 0 0 0 0 0 0 0 0 0 0 0 0 0 0 0 0 0 0 0 0 0 0 0 0 0 0 0 0 0 0 0 0 0 0 0 0 0 0 0 0 0 0 0 0 0 0 0 0 0 0 0 0 0 0 0 0 0 0 0 0 0 0 0 0 0 0 0 0 0 0 0 0 0 0 0 0 0 0 0 0 0 0 0 0 0 0 0 0 0 0 0 0 0 0 0 0 0 0 0 0 0 0 0 0 0 0 0 0 0 0 0 0 0 0 0 0 0 0 0 0 0 0 0 0 0 0 0 0 0 0 0 0 0 0 0 0 0 0 0 0 0 0 0 0 0 0 0 0 0 0 0 0 0 0 0 0 0 0 0 0 0 0 0 0 0 0 0 0 0 0 0 0 0 0 0 0 0 0 0 0 0 0 0 0 0 0 0 0 0 0 0 0 0 0 0 0 0 0 0 0 0 0 0 0 0 0 0 0 0 0 0 0 0 0 0 0 0 0 0 0 0 0 0 0 0 0 0 0 0 0 0 0 0 0 0 0 0 0 0 0 0 0 0 0 0 0 0 0 0 0 0 0 0 0 0 0 0 0 0 0 0 0 0 0 0 0 0 0 0 0 0 0 0 0 0 0 0 0 0 0 0 0 0 0 0 0 0 0 0 0 0 0 0 0 0 0 0 0 0 0 0 0 0 0 0 0 0 0 0 0 0 0 0 0 0 0 0 0 0 0 0 0 0 0 0 0 0 0 0 0 0 0 0 0 0 0 0 0 0 0 0 0 0 0 0 0 0 0 0 0 0 0 0 0 0 0 0 0 0 0 0 0 0 0 0 0 0 0 0 0 0 0 0 0 0 0 0 0 0 0 0 0 0 0 0 0 0 0 0 0 0 0 0 0 0 0 0 0 0 0 0 0 0 0 0 0 0 0 0 0 0 0 0 0 0 0 0 0 0 0 0 0 0 0 0 0 0 0 0 0 0 0 0 0 0 0 0 0 0 0 0 0 0 0 0 0
ctxt 3461173862
btime 1790630938
processes 243378
procs_running 5
procs_blocked 0
softirq 3097933279 73526 6433925 2751972 3015276369 263660 0 13556649 35175922 410 24400846
