Running 10s test @ http://127.0.0.1:18500/json
  16 threads and 128 connections
  Thread Stats   Avg      Stdev     Max   +/- Stdev
    Latency   354.45us  220.39us   4.24ms   75.74%
    Req/Sec    23.70k   755.75    32.33k    96.22%
  Latency Distribution
     50%  304.00us
     75%  457.00us
     90%  641.00us
     99%    1.10ms
  3803283 requests in 10.10s, 642.00MB read
Requests/sec: 376594.52
Transfer/sec:     63.57MB
## server-stat
cpu  2348048 967 1218080 26191854 45030 0 569700 0 0 0
cpu0 82635 17 34076 825487 1035 0 17287 0 0 0
cpu1 86295 22 34984 824271 848 0 17418 0 0 0
cpu2 87247 18 35058 823979 556 0 17413 0 0 0
cpu3 112446 19 46165 776617 1321 0 27086 0 0 0
cpu4 119017 21 46341 770759 762 0 27539 0 0 0
cpu5 92702 22 36699 815937 523 0 18462 0 0 0
cpu6 93486 19 37271 814217 463 0 19339 0 0 0
cpu7 92348 17 37608 815070 273 0 19425 0 0 0
cpu8 38063 30 33980 852873 1419 0 10264 0 0 0
cpu9 43414 36 36617 836011 3325 0 11003 0 0 0
cpu10 41817 33 35540 841804 1602 0 10945 0 0 0
cpu11 38779 30 33039 854667 1052 0 9991 0 0 0
cpu12 65729 107 38510 811239 4033 0 11748 0 0 0
cpu13 63645 39 39110 811664 3931 0 12024 0 0 0
cpu14 38410 30 32479 857595 1205 0 9769 0 0 0
cpu15 36026 32 30010 867193 1017 0 8871 0 0 0
cpu16 107646 15 42093 791227 584 0 23362 0 0 0
cpu17 102031 15 40856 798035 1442 0 22308 0 0 0
cpu18 99311 16 40143 803215 324 0 21843 0 0 0
cpu19 134040 16 52516 743810 817 0 32937 0 0 0
cpu20 125372 16 50385 756385 869 0 31501 0 0 0
cpu21 95445 17 38971 808363 773 0 20901 0 0 0
cpu22 90099 20 37382 815945 497 0 19460 0 0 0
cpu23 84628 20 35490 826087 595 0 17932 0 0 0
cpu24 41560 35 33706 853373 1330 0 10636 0 0 0
cpu25 45826 38 37129 836278 2425 0 12420 0 0 0
cpu26 44151 34 36375 840772 1826 0 12056 0 0 0
cpu27 37500 24 32397 845210 1482 0 18403 0 0 0
cpu28 64142 55 41975 793699 3240 0 24034 0 0 0
cpu29 67161 92 43274 786556 3179 0 24407 0 0 0
cpu30 36865 23 33646 840361 1324 0 18287 0 0 0
cpu31 40200 23 34240 853139 940 0 10616 0 0 0
intr 2425035425 126 0 0 0 0 0 0 0 0 1 0 0 0 0 0 0 0 0 0 0 0 0 0 0 0 0 0 1 1 1 0 0 0 0 1 0 1 0 0 75045 0 0 0 0 0 0 0 0 411 0 0 0 0 0 0 0 0 87 0 0 0 0 0 0 0 0 0 0 0 0 0 0 0 259573 2 35014666 34953292 34880993 35015651 0 8063 2747 3249 1893 3400 2790 2430 2757 1682 11502 20187 11605 8944 15311 16595 11783 7982 2981 2062 1676 3149 2419 2219 1741 1739 9819 8831 6471 6696 8366 7638 7000 8515 0 0 0 0 616661 3705 1036 0 264 0 0 0 0 0 0 0 0 0 0 0 0 0 0 0 0 0 0 0 0 0 0 0 0 0 0 0 0 0 0 0 0 0 0 0 0 0 0 0 0 0 0 0 0 0 0 0 0 0 0 0 0 0 0 0 0 0 0 0 0 0 0 0 0 0 0 0 0 0 0 0 0 0 0 0 0 0 0 0 0 0 0 0 0 0 0 0 0 0 0 0 0 0 0 0 0 0 0 0 0 0 0 0 0 0 0 0 0 0 0 0 0 0 0 0 0 0 0 0 0 0 0 0 0 0 0 0 0 0 0 0 0 0 0 0 0 0 0 0 0 0 0 0 0 0 0 0 0 0 0 0 0 0 0 0 0 0 0 0 0 0 0 0 0 0 0 0 0 0 0 0 0 0 0 0 0 0 0 0 0 0 0 0 0 0 0 0 0 0 0 0 0 0 0 0 0 0 0 0 0 0 0 0 0 0 0 0 0 0 0 0 0 0 0 0 0 0 0 0 0 0 0 0 0 0 0 0 0 0 0 0 0 0 0 0 0 0 0 0 0 0 0 0 0 0 0 0 0 0 0 0 0 0 0 0 0 0 0 0 0 0 0 0 0 0 0 0 0 0 0 0 0 0 0 0 0 0 0 0 0 0 0 0 0 0 0 0 0 0 0 0 0 0 0 0 0 0 0 0 0 0 0 0 0 0 0 0 0 0 0 0 0 0 0 0 0 0 0 0 0 0 0 0 0 0 0 0 0 0 0 0 0 0 0 0 0 0 0 0 0 0 0 0 0 0 0 0 0 0 0 0 0 0 0 0 0 0 0 0 0 0 0 0 0 0 0 0 0 0 0 0 0 0 0 0 0 0 0 0 0 0 0 0 0 0 0 0 0 0 0 0 0 0 0 0 0 0 0 0 0 0 0 0 0 0 0 0 0 0 0 0 0 0 0 0 0 0 0 0 0 0 0 0 0 0 0 0 0 0 0 0 0 0 0 0 0 0 0 0 0 0 0 0 0 0 0 0 0 0 0 0 0 0 0 0 0 0 0 0 0 0 0 0 0 0 0 0 0 0 0 0 0 0 0 0 0 0 0 0 0 0 0 0 0 0 0 0 0 0 0 0 0 0 0 0 0 0 0 0 0 0 0 0 0 0 0 0 0 0 0 0 0 0 0 0 0 0 0 0 0 0 0 0 0 0 0 0 0 0 0 0 0 0 0 0 0 0 0 0 0 0 0 0 0 0 0 0 0 0 0 0 0 0 0 0 0 0 0 0 0 0 0 0 0 0 0 0 0 0 0 0 0 0 0 0 0 0 0 0 0 0 0 0 0 0 0 0 0 0 0 0 0 0 0 0 0 0 0 0 0 0 0 0 0 0 0 0 0 0 0 0 0 0 0 0 0 0 0 0 0 0 0 0 0 0 0 0 0 0 0 0 0 0 0 0 0 0 0 0 0 0 0 0 0 0 0 0 0 0 0 0 0 0 0 0 0 0 0 0 0 0 0 0 0 0 0 0 0 0 0 0 0 0 0 0 0 0 0 0 0 0 0 0 0 0 0 0 0 0 0 0 0 0 0 0 0 0 0 0 0 0 0 0 0 0 0 0 0 0 0 0 0 0 0 0 0 0 0 0 0 0 0 0 0 0 0 0 0 0 0 0 0 0 0 0 0 0 0 0 0 0 0 0 0 0 0 0 0 0 0 0 0 0 0 0 0 0 0 0 0 0 0 0 0 0 0 0 0 0 0 0 0 0 0 0 0 0 0 0 0 0 0 0 0 0 0 0 0 0 0 0 0 0 0 0 0 0 0 0 0 0 0 0 0 0 0 0 0 0 0 0 0 0 0 0 0 0 0 0 0 0 0 0 0 0 0 0 0 0 0 0 0 0 0 0 0 0 0 0 0 0 0 0 0 0 0 0 0 0 0 0 0 0 0 0 0 0 0 0 0 0 0 0 0 0 0 0 0 0 0 0 0 0 0 0 0 0 0 0 0 0 0 0 0 0 0 0 0 0 0 0 0 0 0 0 0 0 0 0 0 0 0 0 0 0 0 0 0 0 0 0 0 0 0 0 0 0 0 0 0 0 0 0 0 0 0 0 0 0 0 0 0 0 0 0 0 0 0 0 0 0 0 0 0 0 0 0 0 0 0 0 0 0 0 0 0 0 0 0 0 0 0 0 0 0 0 0 0 0 0 0 0 0 0 0 0 0 0 0 0 0 0 0 0 0 0 0 0 0 0 0 0 0 0 0 0 0 0 0 0 0 0 0 0 0 0 0 0 0 0 0 0 0 0 0 0 0 0 0 0 0 0 0 0 0 0 0 0 0 0 0 0 0 0 0 0 0 0 0 0 0 0 0 0 0 0 0 0 0 0 0 0 0 0 0 0 0 0 0 0 0 0 0 0 0 0 0 0 0 0 0 0 0 0 0 0 0 0 0 0 0 0 0 0 0 0 0 0 0 0 0 0 0 0 0 0 0 0 0 0 0 0
ctxt 3659139748
btime 1790630938
processes 251671
procs_running 22
procs_blocked 0
softirq 3287485917 73526 6650383 2752029 3202367385 271723 0 13556872 36471607 410 25341982
--
cpu  2356005 967 1220756 26202963 45043 0 570980 0 0 0
cpu0 83119 17 34187 825600 1035 0 17347 0 0 0
cpu1 86781 22 35091 824383 848 0 17483 0 0 0
cpu2 87728 18 35161 824096 556 0 17475 0 0 0
cpu3 112928 19 46274 776731 1321 0 27144 0 0 0
cpu4 119503 21 46451 770873 762 0 27598 0 0 0
cpu5 93186 22 36806 816053 523 0 18523 0 0 0
cpu6 93965 19 37383 814333 463 0 19403 0 0 0
cpu7 92830 17 37719 815186 273 0 19487 0 0 0
cpu8 38069 30 34036 853469 1419 0 10285 0 0 0
cpu9 43419 36 36667 836625 3325 0 11020 0 0 0
cpu10 41823 33 35591 842423 1602 0 10961 0 0 0
cpu11 38782 30 33078 855321 1052 0 10003 0 0 0
cpu12 65735 107 38558 811858 4034 0 11762 0 0 0
cpu13 63653 39 39168 812261 3931 0 12040 0 0 0
cpu14 38413 30 32511 858286 1205 0 9776 0 0 0
cpu15 36029 32 30034 867908 1017 0 8877 0 0 0
cpu16 108137 15 42203 791338 584 0 23416 0 0 0
cpu17 102519 15 40967 798143 1442 0 22367 0 0 0
cpu18 99800 16 40250 803325 324 0 21905 0 0 0
cpu19 134534 16 52619 743919 817 0 32996 0 0 0
cpu20 125856 16 50497 756493 869 0 31561 0 0 0
cpu21 95938 17 39078 808474 773 0 20963 0 0 0
cpu22 90589 20 37489 816052 497 0 19526 0 0 0
cpu23 85118 20 35591 826198 595 0 17989 0 0 0
cpu24 41567 35 33757 853991 1330 0 10653 0 0 0
cpu25 45840 38 37215 836766 2425 0 12449 0 0 0
cpu26 44163 34 36458 841275 1826 0 12086 0 0 0
cpu27 37508 24 32461 845782 1482 0 18423 0 0 0
cpu28 64182 55 42080 794132 3241 0 24073 0 0 0
cpu29 67201 92 43372 786976 3191 0 24443 0 0 0
cpu30 36871 23 33699 840943 1324 0 18301 0 0 0
cpu31 40205 23 34294 853735 940 0 10631 0 0 0
intr 2431027488 126 0 0 0 0 0 0 0 0 1 0 0 0 0 0 0 0 0 0 0 0 0 0 0 0 0 0 1 1 1 0 0 0 0 1 0 1 0 0 75045 0 0 0 0 0 0 0 0 411 0 0 0 0 0 0 0 0 87 0 0 0 0 0 0 0 0 0 0 0 0 0 0 0 259722 2 35014696 34953376 34881067 35015687 0 8067 2747 3249 1893 3400 2790 2430 2757 1682 11502 20188 11605 8944 15311 16595 11783 7982 2981 2062 1676 3149 2419 2219 1741 1739 9819 8836 6478 6697 8371 7680 7000 8515 0 0 0 0 616661 3707 1036 0 264 0 0 0 0 0 0 0 0 0 0 0 0 0 0 0 0 0 0 0 0 0 0 0 0 0 0 0 0 0 0 0 0 0 0 0 0 0 0 0 0 0 0 0 0 0 0 0 0 0 0 0 0 0 0 0 0 0 0 0 0 0 0 0 0 0 0 0 0 0 0 0 0 0 0 0 0 0 0 0 0 0 0 0 0 0 0 0 0 0 0 0 0 0 0 0 0 0 0 0 0 0 0 0 0 0 0 0 0 0 0 0 0 0 0 0 0 0 0 0 0 0 0 0 0 0 0 0 0 0 0 0 0 0 0 0 0 0 0 0 0 0 0 0 0 0 0 0 0 0 0 0 0 0 0 0 0 0 0 0 0 0 0 0 0 0 0 0 0 0 0 0 0 0 0 0 0 0 0 0 0 0 0 0 0 0 0 0 0 0 0 0 0 0 0 0 0 0 0 0 0 0 0 0 0 0 0 0 0 0 0 0 0 0 0 0 0 0 0 0 0 0 0 0 0 0 0 0 0 0 0 0 0 0 0 0 0 0 0 0 0 0 0 0 0 0 0 0 0 0 0 0 0 0 0 0 0 0 0 0 0 0 0 0 0 0 0 0 0 0 0 0 0 0 0 0 0 0 0 0 0 0 0 0 0 0 0 0 0 0 0 0 0 0 0 0 0 0 0 0 0 0 0 0 0 0 0 0 0 0 0 0 0 0 0 0 0 0 0 0 0 0 0 0 0 0 0 0 0 0 0 0 0 0 0 0 0 0 0 0 0 0 0 0 0 0 0 0 0 0 0 0 0 0 0 0 0 0 0 0 0 0 0 0 0 0 0 0 0 0 0 0 0 0 0 0 0 0 0 0 0 0 0 0 0 0 0 0 0 0 0 0 0 0 0 0 0 0 0 0 0 0 0 0 0 0 0 0 0 0 0 0 0 0 0 0 0 0 0 0 0 0 0 0 0 0 0 0 0 0 0 0 0 0 0 0 0 0 0 0 0 0 0 0 0 0 0 0 0 0 0 0 0 0 0 0 0 0 0 0 0 0 0 0 0 0 0 0 0 0 0 0 0 0 0 0 0 0 0 0 0 0 0 0 0 0 0 0 0 0 0 0 0 0 0 0 0 0 0 0 0 0 0 0 0 0 0 0 0 0 0 0 0 0 0 0 0 0 0 0 0 0 0 0 0 0 0 0 0 0 0 0 0 0 0 0 0 0 0 0 0 0 0 0 0 0 0 0 0 0 0 0 0 0 0 0 0 0 0 0 0 0 0 0 0 0 0 0 0 0 0 0 0 0 0 0 0 0 0 0 0 0 0 0 0 0 0 0 0 0 0 0 0 0 0 0 0 0 0 0 0 0 0 0 0 0 0 0 0 0 0 0 0 0 0 0 0 0 0 0 0 0 0 0 0 0 0 0 0 0 0 0 0 0 0 0 0 0 0 0 0 0 0 0 0 0 0 0 0 0 0 0 0 0 0 0 0 0 0 0 0 0 0 0 0 0 0 0 0 0 0 0 0 0 0 0 0 0 0 0 0 0 0 0 0 0 0 0 0 0 0 0 0 0 0 0 0 0 0 0 0 0 0 0 0 0 0 0 0 0 0 0 0 0 0 0 0 0 0 0 0 0 0 0 0 0 0 0 0 0 0 0 0 0 0 0 0 0 0 0 0 0 0 0 0 0 0 0 0 0 0 0 0 0 0 0 0 0 0 0 0 0 0 0 0 0 0 0 0 0 0 0 0 0 0 0 0 0 0 0 0 0 0 0 0 0 0 0 0 0 0 0 0 0 0 0 0 0 0 0 0 0 0 0 0 0 0 0 0 0 0 0 0 0 0 0 0 0 0 0 0 0 0 0 0 0 0 0 0 0 0 0 0 0 0 0 0 0 0 0 0 0 0 0 0 0 0 0 0 0 0 0 0 0 0 0 0 0 0 0 0 0 0 0 0 0 0 0 0 0 0 0 0 0 0 0 0 0 0 0 0 0 0 0 0 0 0 0 0 0 0 0 0 0 0 0 0 0 0 0 0 0 0 0 0 0 0 0 0 0 0 0 0 0 0 0 0 0 0 0 0 0 0 0 0 0 0 0 0 0 0 0 0 0 0 0 0 0 0 0 0 0 0 0 0 0 0 0 0 0 0 0 0 0 0 0 0 0 0 0 0 0 0 0 0 0 0 0 0 0 0 0 0 0 0 0 0 0 0 0 0 0 0 0 0 0 0 0 0 0 0 0 0 0 0 0 0 0 0 0 0 0 0 0 0 0 0 0 0 0 0 0 0 0 0 0 0 0 0 0 0 0 0 0 0 0 0 0 0 0 0 0 0 0 0 0 0 0 0 0 0 0 0 0 0 0 0 0 0 0 0 0 0 0 0 0 0 0 0 0 0 0 0 0 0 0 0 0 0 0 0 0 0 0 0 0 0 0 0 0 0 0 0 0 0 0 0 0 0 0 0 0 0 0 0 0 0 0 0 0 0 0 0
ctxt 3667771616
btime 1790630938
processes 251722
procs_running 21
procs_blocked 0
softirq 3293690143 73526 6653674 2752029 3208387511 271878 0 13556876 36595854 410 25398385
