Running 10s test @ http://127.0.0.1:18500/
  16 threads and 128 connections
  Thread Stats   Avg      Stdev     Max   +/- Stdev
    Latency     0.91ms  108.84us   2.07ms   89.80%
    Req/Sec     8.87k   425.93    17.08k    99.01%
  Latency Distribution
     50%    0.89ms
     75%    0.93ms
     90%    0.98ms
     99%    1.37ms
  1425465 requests in 10.10s, 169.93MB read
Requests/sec: 141139.98
Transfer/sec:     16.83MB
## server-stat
cpu  2306294 960 1205598 26042210 44871 0 563281 0 0 0
cpu0 80142 17 33513 822225 1034 0 16975 0 0 0
cpu1 83796 22 34427 821025 848 0 17100 0 0 0
cpu2 84754 18 34489 820732 555 0 17100 0 0 0
cpu3 109917 19 45597 773405 1321 0 26755 0 0 0
cpu4 116472 21 45779 767572 762 0 27219 0 0 0
cpu5 90180 22 36138 812731 523 0 18143 0 0 0
cpu6 90997 19 36704 810971 463 0 19017 0 0 0
cpu7 89971 17 37033 811743 273 0 19118 0 0 0
cpu8 38035 30 33785 846618 1418 0 10197 0 0 0
cpu9 43367 36 36387 829969 3324 0 10925 0 0 0
cpu10 41784 33 35335 835596 1601 0 10882 0 0 0
cpu11 38759 29 32922 848136 1033 0 9955 0 0 0
cpu12 65654 107 38290 805062 4033 0 11658 0 0 0
cpu13 63575 39 38880 805570 3869 0 11935 0 0 0
cpu14 38394 30 32381 850937 1205 0 9740 0 0 0
cpu15 36014 32 29935 860417 1011 0 8851 0 0 0
cpu16 105038 15 41521 788106 584 0 23031 0 0 0
cpu17 99431 15 40289 794910 1441 0 21980 0 0 0
cpu18 96704 16 39594 800068 324 0 21509 0 0 0
cpu19 131410 16 51963 740694 817 0 32618 0 0 0
cpu20 122747 16 49823 753260 869 0 31170 0 0 0
cpu21 92858 17 38405 805209 773 0 20583 0 0 0
cpu22 87523 20 36823 812783 497 0 19129 0 0 0
cpu23 82112 20 34920 822885 595 0 17603 0 0 0
cpu24 41537 34 33581 846796 1317 0 10594 0 0 0
cpu25 45778 37 36907 830076 2421 0 12334 0 0 0
cpu26 44113 34 36178 834484 1825 0 11986 0 0 0
cpu27 37478 23 32256 838695 1481 0 18357 0 0 0
cpu28 63878 54 41507 788534 3233 0 23842 0 0 0
cpu29 66869 91 42764 781609 3147 0 24197 0 0 0
cpu30 36831 23 33423 834399 1319 0 18217 0 0 0
cpu31 40163 23 34034 846977 939 0 10548 0 0 0
intr 2388445042 126 0 0 0 0 0 0 0 0 1 0 0 0 0 0 0 0 0 0 0 0 0 0 0 0 0 0 1 1 1 0 0 0 0 1 0 1 0 0 75045 0 0 0 0 0 0 0 0 411 0 0 0 0 0 0 0 0 87 0 0 0 0 0 0 0 0 0 0 0 0 0 0 0 258150 2 35014199 34952677 34880263 35015200 0 8006 2747 3249 1893 3400 2790 2429 2757 1681 11481 20184 11604 8938 15215 16595 11781 7981 2980 2062 1676 3149 2417 2219 1740 1739 9736 8825 6462 6693 8306 7625 6998 8513 0 0 0 0 616657 3696 1036 0 264 0 0 0 0 0 0 0 0 0 0 0 0 0 0 0 0 0 0 0 0 0 0 0 0 0 0 0 0 0 0 0 0 0 0 0 0 0 0 0 0 0 0 0 0 0 0 0 0 0 0 0 0 0 0 0 0 0 0 0 0 0 0 0 0 0 0 0 0 0 0 0 0 0 0 0 0 0 0 0 0 0 0 0 0 0 0 0 0 0 0 0 0 0 0 0 0 0 0 0 0 0 0 0 0 0 0 0 0 0 0 0 0 0 0 0 0 0 0 0 0 0 0 0 0 0 0 0 0 0 0 0 0 0 0 0 0 0 0 0 0 0 0 0 0 0 0 0 0 0 0 0 0 0 0 0 0 0 0 0 0 0 0 0 0 0 0 0 0 0 0 0 0 0 0 0 0 0 0 0 0 0 0 0 0 0 0 0 0 0 0 0 0 0 0 0 0 0 0 0 0 0 0 0 0 0 0 0 0 0 0 0 0 0 0 0 0 0 0 0 0 0 0 0 0 0 0 0 0 0 0 0 0 0 0 0 0 0 0 0 0 0 0 0 0 0 0 0 0 0 0 0 0 0 0 0 0 0 0 0 0 0 0 0 0 0 0 0 0 0 0 0 0 0 0 0 0 0 0 0 0 0 0 0 0 0 0 0 0 0 0 0 0 0 0 0 0 0 0 0 0 0 0 0 0 0 0 0 0 0 0 0 0 0 0 0 0 0 0 0 0 0 0 0 0 0 0 0 0 0 0 0 0 0 0 0 0 0 0 0 0 0 0 0 0 0 0 0 0 0 0 0 0 0 0 0 0 0 0 0 0 0 0 0 0 0 0 0 0 0 0 0 0 0 0 0 0 0 0 0 0 0 0 0 0 0 0 0 0 0 0 0 0 0 0 0 0 0 0 0 0 0 0 0 0 0 0 0 0 0 0 0 0 0 0 0 0 0 0 0 0 0 0 0 0 0 0 0 0 0 0 0 0 0 0 0 0 0 0 0 0 0 0 0 0 0 0 0 0 0 0 0 0 0 0 0 0 0 0 0 0 0 0 0 0 0 0 0 0 0 0 0 0 0 0 0 0 0 0 0 0 0 0 0 0 0 0 0 0 0 0 0 0 0 0 0 0 0 0 0 0 0 0 0 0 0 0 0 0 0 0 0 0 0 0 0 0 0 0 0 0 0 0 0 0 0 0 0 0 0 0 0 0 0 0 0 0 0 0 0 0 0 0 0 0 0 0 0 0 0 0 0 0 0 0 0 0 0 0 0 0 0 0 0 0 0 0 0 0 0 0 0 0 0 0 0 0 0 0 0 0 0 0 0 0 0 0 0 0 0 0 0 0 0 0 0 0 0 0 0 0 0 0 0 0 0 0 0 0 0 0 0 0 0 0 0 0 0 0 0 0 0 0 0 0 0 0 0 0 0 0 0 0 0 0 0 0 0 0 0 0 0 0 0 0 0 0 0 0 0 0 0 0 0 0 0 0 0 0 0 0 0 0 0 0 0 0 0 0 0 0 0 0 0 0 0 0 0 0 0 0 0 0 0 0 0 0 0 0 0 0 0 0 0 0 0 0 0 0 0 0 0 0 0 0 0 0 0 0 0 0 0 0 0 0 0 0 0 0 0 0 0 0 0 0 0 0 0 0 0 0 0 0 0 0 0 0 0 0 0 0 0 0 0 0 0 0 0 0 0 0 0 0 0 0 0 0 0 0 0 0 0 0 0 0 0 0 0 0 0 0 0 0 0 0 0 0 0 0 0 0 0 0 0 0 0 0 0 0 0 0 0 0 0 0 0 0 0 0 0 0 0 0 0 0 0 0 0 0 0 0 0 0 0 0 0 0 0 0 0 0 0 0 0 0 0 0 0 0 0 0 0 0 0 0 0 0 0 0 0 0 0 0 0 0 0 0 0 0 0 0 0 0 0 0 0 0 0 0 0 0 0 0 0 0 0 0 0 0 0 0 0 0 0 0 0 0 0 0 0 0 0 0 0 0 0 0 0 0 0 0 0 0 0 0 0 0 0 0 0 0 0 0 0 0 0 0 0 0 0 0 0 0 0 0 0 0 0 0 0 0 0 0 0 0 0 0 0 0 0 0 0 0 0 0 0 0 0 0 0 0 0 0 0 0 0 0 0 0 0 0 0 0 0 0 0 0 0 0 0 0 0 0 0 0 0 0 0 0 0 0 0 0 0 0 0 0 0 0 0 0 0 0 0 0 0 0 0 0 0 0 0 0 0 0 0 0 0 0 0 0 0 0 0 0 0 0 0 0 0 0 0 0 0 0 0 0 0 0 0 0 0 0 0 0 0 0 0 0 0 0 0 0 0 0 0 0 0 0 0 0 0 0 0 0 0 0 0 0 0 0 0 0 0 0 0 0 0 0 0 0 0 0 0 0 0 0 0 0 0 0 0 0 0 0 0 0 0 0 0 0 0 0 0 0 0 0 0 0 0 0 0 0 0 0 0 0 0 0 0 0 0 0
ctxt 3598096191
btime 1790630938
processes 250216
procs_running 10
procs_blocked 0
softirq 3253405305 73526 6589405 2752020 3169338274 270231 0 13556837 35811391 410 25013211
--
cpu  2311668 961 1207181 26057257 44891 0 564153 0 0 0
cpu0 80460 17 33592 822486 1034 0 17016 0 0 0
cpu1 84117 22 34501 821283 848 0 17140 0 0 0
cpu2 85074 18 34565 820988 555 0 17140 0 0 0
cpu3 110238 19 45675 773656 1321 0 26800 0 0 0
cpu4 116802 21 45852 767815 762 0 27265 0 0 0
cpu5 90495 22 36222 812980 523 0 18187 0 0 0
cpu6 91320 19 36785 811226 463 0 19060 0 0 0
cpu7 90267 17 37108 812017 273 0 19161 0 0 0
cpu8 38038 30 33803 847323 1418 0 10205 0 0 0
cpu9 43374 36 36421 830613 3324 0 10937 0 0 0
cpu10 41788 33 35359 836281 1601 0 10890 0 0 0
cpu11 38761 29 32930 848889 1033 0 9958 0 0 0
cpu12 65659 107 38311 805762 4033 0 11673 0 0 0
cpu13 63580 39 38904 806268 3881 0 11948 0 0 0
cpu14 38395 30 32387 851704 1205 0 9742 0 0 0
cpu15 36015 32 29939 861197 1011 0 8852 0 0 0
cpu16 105377 15 41605 788335 584 0 23078 0 0 0
cpu17 99760 15 40371 795141 1441 0 22028 0 0 0
cpu18 97048 16 39665 800302 324 0 21558 0 0 0
cpu19 131760 16 52041 740924 817 0 32664 0 0 0
cpu20 123088 16 49900 753488 869 0 31222 0 0 0
cpu21 93196 17 38482 805443 773 0 20629 0 0 0
cpu22 87861 20 36893 813022 497 0 19173 0 0 0
cpu23 82437 20 34995 823131 595 0 17645 0 0 0
cpu24 41540 34 33585 847579 1317 0 10595 0 0 0
cpu25 45782 37 36917 830827 2421 0 12339 0 0 0
cpu26 44116 34 36186 835248 1825 0 11988 0 0 0
cpu27 37480 23 32258 839480 1481 0 18357 0 0 0
cpu28 63919 54 41569 789055 3234 0 23871 0 0 0
cpu29 66905 91 42841 782080 3154 0 24234 0 0 0
cpu30 36834 23 33450 835038 1319 0 18227 0 0 0
cpu31 40168 23 34058 847659 939 0 10556 0 0 0
intr 2394536533 126 0 0 0 0 0 0 0 0 1 0 0 0 0 0 0 0 0 0 0 0 0 0 0 0 0 0 1 1 1 0 0 0 0 1 0 1 0 0 75045 0 0 0 0 0 0 0 0 411 0 0 0 0 0 0 0 0 87 0 0 0 0 0 0 0 0 0 0 0 0 0 0 0 258420 2 35014230 34952732 34880343 35015223 0 8010 2747 3249 1893 3400 2790 2429 2757 1681 11481 20184 11604 8938 15215 16595 11781 7981 2980 2062 1676 3149 2417 2219 1740 1739 9736 8825 6462 6693 8309 7626 6998 8513 0 0 0 0 616657 3696 1036 0 264 0 0 0 0 0 0 0 0 0 0 0 0 0 0 0 0 0 0 0 0 0 0 0 0 0 0 0 0 0 0 0 0 0 0 0 0 0 0 0 0 0 0 0 0 0 0 0 0 0 0 0 0 0 0 0 0 0 0 0 0 0 0 0 0 0 0 0 0 0 0 0 0 0 0 0 0 0 0 0 0 0 0 0 0 0 0 0 0 0 0 0 0 0 0 0 0 0 0 0 0 0 0 0 0 0 0 0 0 0 0 0 0 0 0 0 0 0 0 0 0 0 0 0 0 0 0 0 0 0 0 0 0 0 0 0 0 0 0 0 0 0 0 0 0 0 0 0 0 0 0 0 0 0 0 0 0 0 0 0 0 0 0 0 0 0 0 0 0 0 0 0 0 0 0 0 0 0 0 0 0 0 0 0 0 0 0 0 0 0 0 0 0 0 0 0 0 0 0 0 0 0 0 0 0 0 0 0 0 0 0 0 0 0 0 0 0 0 0 0 0 0 0 0 0 0 0 0 0 0 0 0 0 0 0 0 0 0 0 0 0 0 0 0 0 0 0 0 0 0 0 0 0 0 0 0 0 0 0 0 0 0 0 0 0 0 0 0 0 0 0 0 0 0 0 0 0 0 0 0 0 0 0 0 0 0 0 0 0 0 0 0 0 0 0 0 0 0 0 0 0 0 0 0 0 0 0 0 0 0 0 0 0 0 0 0 0 0 0 0 0 0 0 0 0 0 0 0 0 0 0 0 0 0 0 0 0 0 0 0 0 0 0 0 0 0 0 0 0 0 0 0 0 0 0 0 0 0 0 0 0 0 0 0 0 0 0 0 0 0 0 0 0 0 0 0 0 0 0 0 0 0 0 0 0 0 0 0 0 0 0 0 0 0 0 0 0 0 0 0 0 0 0 0 0 0 0 0 0 0 0 0 0 0 0 0 0 0 0 0 0 0 0 0 0 0 0 0 0 0 0 0 0 0 0 0 0 0 0 0 0 0 0 0 0 0 0 0 0 0 0 0 0 0 0 0 0 0 0 0 0 0 0 0 0 0 0 0 0 0 0 0 0 0 0 0 0 0 0 0 0 0 0 0 0 0 0 0 0 0 0 0 0 0 0 0 0 0 0 0 0 0 0 0 0 0 0 0 0 0 0 0 0 0 0 0 0 0 0 0 0 0 0 0 0 0 0 0 0 0 0 0 0 0 0 0 0 0 0 0 0 0 0 0 0 0 0 0 0 0 0 0 0 0 0 0 0 0 0 0 0 0 0 0 0 0 0 0 0 0 0 0 0 0 0 0 0 0 0 0 0 0 0 0 0 0 0 0 0 0 0 0 0 0 0 0 0 0 0 0 0 0 0 0 0 0 0 0 0 0 0 0 0 0 0 0 0 0 0 0 0 0 0 0 0 0 0 0 0 0 0 0 0 0 0 0 0 0 0 0 0 0 0 0 0 0 0 0 0 0 0 0 0 0 0 0 0 0 0 0 0 0 0 0 0 0 0 0 0 0 0 0 0 0 0 0 0 0 0 0 0 0 0 0 0 0 0 0 0 0 0 0 0 0 0 0 0 0 0 0 0 0 0 0 0 0 0 0 0 0 0 0 0 0 0 0 0 0 0 0 0 0 0 0 0 0 0 0 0 0 0 0 0 0 0 0 0 0 0 0 0 0 0 0 0 0 0 0 0 0 0 0 0 0 0 0 0 0 0 0 0 0 0 0 0 0 0 0 0 0 0 0 0 0 0 0 0 0 0 0 0 0 0 0 0 0 0 0 0 0 0 0 0 0 0 0 0 0 0 0 0 0 0 0 0 0 0 0 0 0 0 0 0 0 0 0 0 0 0 0 0 0 0 0 0 0 0 0 0 0 0 0 0 0 0 0 0 0 0 0 0 0 0 0 0 0 0 0 0 0 0 0 0 0 0 0 0 0 0 0 0 0 0 0 0 0 0 0 0 0 0 0 0 0 0 0 0 0 0 0 0 0 0 0 0 0 0 0 0 0 0 0 0 0 0 0 0 0 0 0 0 0 0 0 0 0 0 0 0 0 0 0 0 0 0 0 0 0 0 0 0 0 0 0 0 0 0 0 0 0 0 0 0 0 0 0 0 0 0 0 0 0 0 0 0 0 0 0 0 0 0 0 0 0 0 0 0 0 0 0 0 0 0 0 0 0 0 0 0 0 0 0 0 0 0 0 0 0 0 0 0 0 0 0 0 0 0 0 0 0 0 0 0 0 0 0 0 0 0 0 0 0 0 0 0 0 0 0 0 0 0 0 0 0 0 0 0 0 0 0 0 0 0 0 0 0 0 0 0 0 0 0 0 0 0 0 0 0 0 0 0 0 0 0 0 0 0 0 0 0 0 0 0 0 0 0 0 0 0 0 0 0 0 0 0 0 0 0 0 0 0 0 0 0 0 0 0 0 0 0 0 0 0 0 0 0 0 0 0 0 0 0 0 0 0 0 0 0 0 0 0 0 0
ctxt 3609124127
btime 1790630938
processes 250269
procs_running 15
procs_blocked 0
softirq 3258047804 73526 6596584 2752020 3173838452 270501 0 13556837 35902091 410 25057383
