Running 10s test @ http://127.0.0.1:18500/wait
  16 threads and 32 connections
  Thread Stats   Avg      Stdev     Max   +/- Stdev
    Latency    10.15ms  389.10us  11.64ms   83.01%
    Req/Sec   197.65      6.40   212.00     76.06%
  Latency Distribution
     50%   10.29ms
     75%   10.36ms
     90%   10.42ms
     99%   10.54ms
  31513 requests in 10.01s, 3.94MB read
Requests/sec:   3147.59
Transfer/sec:    402.67KB
## server-stat
cpu  2254681 940 1181116 25532594 44466 0 544404 0 0 0
cpu0 79396 17 33211 804098 1034 0 16682 0 0 0
cpu1 82064 21 33790 804294 848 0 16518 0 0 0
cpu2 83071 18 34010 803603 553 0 16700 0 0 0
cpu3 105438 19 44319 760589 1320 0 25659 0 0 0
cpu4 111925 21 44702 754347 762 0 26374 0 0 0
cpu5 87269 21 35314 797460 523 0 17452 0 0 0
cpu6 87961 19 35803 795931 463 0 18301 0 0 0
cpu7 86511 17 35960 797475 272 0 18229 0 0 0
cpu8 37923 30 33264 829407 1371 0 9897 0 0 0
cpu9 43235 35 35847 812943 3299 0 10616 0 0 0
cpu10 41665 32 34808 818529 1573 0 10574 0 0 0
cpu11 38663 29 32409 830888 1014 0 9660 0 0 0
cpu12 65342 105 37704 788329 3984 0 11340 0 0 0
cpu13 63285 38 38274 788858 3831 0 11598 0 0 0
cpu14 38297 29 31884 833639 1185 0 9457 0 0 0
cpu15 35929 31 29469 842981 1009 0 8585 0 0 0
cpu16 100484 15 40147 775543 583 0 21822 0 0 0
cpu17 95974 15 39188 780705 1441 0 21048 0 0 0
cpu18 93231 16 38351 786247 324 0 20351 0 0 0
cpu19 126918 16 50508 728244 813 0 31330 0 0 0
cpu20 118434 16 48241 740987 869 0 29636 0 0 0
cpu21 90552 16 37483 789575 773 0 19749 0 0 0
cpu22 85407 20 35963 796873 497 0 18321 0 0 0
cpu23 80455 20 34248 806183 593 0 16938 0 0 0
cpu24 41436 34 33071 829549 1313 0 10292 0 0 0
cpu25 45615 36 36348 812971 2403 0 12025 0 0 0
cpu26 43980 32 35631 817357 1823 0 11665 0 0 0
cpu27 37380 23 31744 821423 1480 0 18060 0 0 0
cpu28 63505 53 40872 771834 3202 0 23497 0 0 0
cpu29 66536 90 42100 764903 3080 0 23866 0 0 0
cpu30 36718 22 32902 817167 1286 0 17908 0 0 0
cpu31 40067 23 33536 829647 932 0 10241 0 0 0
intr 2341045954 126 0 0 0 0 0 0 0 0 1 0 0 0 0 0 0 0 0 0 0 0 0 0 0 0 0 0 1 1 1 0 0 0 0 1 0 1 0 0 75045 0 0 0 0 0 0 0 0 411 0 0 0 0 0 0 0 0 87 0 0 0 0 0 0 0 0 0 0 0 0 0 0 0 254403 2 35013182 34950812 34879049 35014248 0 7839 2747 3246 1865 3399 2790 2428 2752 1678 11477 20079 11556 8927 15122 16494 11747 7964 2979 2060 1675 3147 2416 2219 1740 1732 9688 8737 6441 6638 8246 7501 6975 8504 0 0 0 0 616641 3667 1036 0 264 0 0 0 0 0 0 0 0 0 0 0 0 0 0 0 0 0 0 0 0 0 0 0 0 0 0 0 0 0 0 0 0 0 0 0 0 0 0 0 0 0 0 0 0 0 0 0 0 0 0 0 0 0 0 0 0 0 0 0 0 0 0 0 0 0 0 0 0 0 0 0 0 0 0 0 0 0 0 0 0 0 0 0 0 0 0 0 0 0 0 0 0 0 0 0 0 0 0 0 0 0 0 0 0 0 0 0 0 0 0 0 0 0 0 0 0 0 0 0 0 0 0 0 0 0 0 0 0 0 0 0 0 0 0 0 0 0 0 0 0 0 0 0 0 0 0 0 0 0 0 0 0 0 0 0 0 0 0 0 0 0 0 0 0 0 0 0 0 0 0 0 0 0 0 0 0 0 0 0 0 0 0 0 0 0 0 0 0 0 0 0 0 0 0 0 0 0 0 0 0 0 0 0 0 0 0 0 0 0 0 0 0 0 0 0 0 0 0 0 0 0 0 0 0 0 0 0 0 0 0 0 0 0 0 0 0 0 0 0 0 0 0 0 0 0 0 0 0 0 0 0 0 0 0 0 0 0 0 0 0 0 0 0 0 0 0 0 0 0 0 0 0 0 0 0 0 0 0 0 0 0 0 0 0 0 0 0 0 0 0 0 0 0 0 0 0 0 0 0 0 0 0 0 0 0 0 0 0 0 0 0 0 0 0 0 0 0 0 0 0 0 0 0 0 0 0 0 0 0 0 0 0 0 0 0 0 0 0 0 0 0 0 0 0 0 0 0 0 0 0 0 0 0 0 0 0 0 0 0 0 0 0 0 0 0 0 0 0 0 0 0 0 0 0 0 0 0 0 0 0 0 0 0 0 0 0 0 0 0 0 0 0 0 0 0 0 0 0 0 0 0 0 0 0 0 0 0 0 0 0 0 0 0 0 0 0 0 0 0 0 0 0 0 0 0 0 0 0 0 0 0 0 0 0 0 0 0 0 0 0 0 0 0 0 0 0 0 0 0 0 0 0 0 0 0 0 0 0 0 0 0 0 0 0 0 0 0 0 0 0 0 0 0 0 0 0 0 0 0 0 0 0 0 0 0 0 0 0 0 0 0 0 0 0 0 0 0 0 0 0 0 0 0 0 0 0 0 0 0 0 0 0 0 0 0 0 0 0 0 0 0 0 0 0 0 0 0 0 0 0 0 0 0 0 0 0 0 0 0 0 0 0 0 0 0 0 0 0 0 0 0 0 0 0 0 0 0 0 0 0 0 0 0 0 0 0 0 0 0 0 0 0 0 0 0 0 0 0 0 0 0 0 0 0 0 0 0 0 0 0 0 0 0 0 0 0 0 0 0 0 0 0 0 0 0 0 0 0 0 0 0 0 0 0 0 0 0 0 0 0 0 0 0 0 0 0 0 0 0 0 0 0 0 0 0 0 0 0 0 0 0 0 0 0 0 0 0 0 0 0 0 0 0 0 0 0 0 0 0 0 0 0 0 0 0 0 0 0 0 0 0 0 0 0 0 0 0 0 0 0 0 0 0 0 0 0 0 0 0 0 0 0 0 0 0 0 0 0 0 0 0 0 0 0 0 0 0 0 0 0 0 0 0 0 0 0 0 0 0 0 0 0 0 0 0 0 0 0 0 0 0 0 0 0 0 0 0 0 0 0 0 0 0 0 0 0 0 0 0 0 0 0 0 0 0 0 0 0 0 0 0 0 0 0 0 0 0 0 0 0 0 0 0 0 0 0 0 0 0 0 0 0 0 0 0 0 0 0 0 0 0 0 0 0 0 0 0 0 0 0 0 0 0 0 0 0 0 0 0 0 0 0 0 0 0 0 0 0 0 0 0 0 0 0 0 0 0 0 0 0 0 0 0 0 0 0 0 0 0 0 0 0 0 0 0 0 0 0 0 0 0 0 0 0 0 0 0 0 0 0 0 0 0 0 0 0 0 0 0 0 0 0 0 0 0 0 0 0 0 0 0 0 0 0 0 0 0 0 0 0 0 0 0 0 0 0 0 0 0 0 0 0 0 0 0 0 0 0 0 0 0 0 0 0 0 0 0 0 0 0 0 0 0 0 0 0 0 0 0 0 0 0 0 0 0 0 0 0 0 0 0 0 0 0 0 0 0 0 0 0 0 0 0 0 0 0 0 0 0 0 0 0 0 0 0 0 0 0 0 0 0 0 0 0 0 0 0 0 0 0 0 0 0 0 0 0 0 0 0 0 0 0 0 0 0 0 0 0 0 0 0 0 0 0 0 0 0 0 0 0 0 0 0 0 0 0 0 0 0 0 0 0 0 0 0 0 0 0 0 0 0 0 0 0 0 0 0 0 0 0 0 0 0 0 0 0 0 0 0 0 0 0 0 0 0 0 0 0 0 0 0 0 0 0 0 0 0 0 0 0 0 0 0 0 0 0 0 0 0 0 0 0 0 0 0 0 0 0 0 0 0 0 0 0 0 0 0 0 0 0 0 0
ctxt 3507209529
btime 1790630938
processes 245918
procs_running 1
procs_blocked 0
softirq 3135676757 73526 6491628 2751992 3052555216 266240 0 13556722 35402982 410 24578041
--
cpu  2254765 942 1181137 25558026 44480 0 544412 0 0 0
cpu0 79396 17 33212 804896 1034 0 16683 0 0 0
cpu1 82064 21 33790 805094 848 0 16518 0 0 0
cpu2 83071 18 34010 804403 553 0 16700 0 0 0
cpu3 105447 19 44324 761367 1320 0 25663 0 0 0
cpu4 111929 21 44705 755137 762 0 26376 0 0 0
cpu5 87269 21 35314 798260 523 0 17452 0 0 0
cpu6 87962 19 35803 796731 463 0 18301 0 0 0
cpu7 86511 17 35960 798275 272 0 18229 0 0 0
cpu8 37923 30 33265 830202 1371 0 9897 0 0 0
cpu9 43235 35 35847 813739 3299 0 10616 0 0 0
cpu10 41667 32 34808 819312 1585 0 10574 0 0 0
cpu11 38664 29 32409 831685 1014 0 9660 0 0 0
cpu12 65353 105 37705 789112 3985 0 11340 0 0 0
cpu13 63295 38 38278 789642 3831 0 11599 0 0 0
cpu14 38299 29 31884 834434 1185 0 9457 0 0 0
cpu15 35931 31 29469 843777 1009 0 8585 0 0 0
cpu16 100485 15 40147 776342 583 0 21822 0 0 0
cpu17 95974 15 39188 781505 1441 0 21048 0 0 0
cpu18 93231 16 38351 787047 324 0 20351 0 0 0
cpu19 126920 16 50508 729042 813 0 31330 0 0 0
cpu20 118435 16 48241 741787 869 0 29636 0 0 0
cpu21 90552 16 37483 790375 773 0 19749 0 0 0
cpu22 85407 20 35963 797673 497 0 18321 0 0 0
cpu23 80456 20 34248 806983 593 0 16938 0 0 0
cpu24 41438 34 33071 830346 1313 0 10292 0 0 0
cpu25 45616 36 36348 813767 2403 0 12025 0 0 0
cpu26 43982 32 35631 818154 1823 0 11665 0 0 0
cpu27 37380 23 31744 822221 1480 0 18060 0 0 0
cpu28 63530 53 40875 772604 3202 0 23497 0 0 0
cpu29 66545 90 42101 765691 3080 0 23866 0 0 0
cpu30 36720 22 32902 817964 1286 0 17908 0 0 0
cpu31 40067 23 33536 830445 933 0 10241 0 0 0
intr 2341152787 126 0 0 0 0 0 0 0 0 1 0 0 0 0 0 0 0 0 0 0 0 0 0 0 0 0 0 1 1 1 0 0 0 0 1 0 1 0 0 75045 0 0 0 0 0 0 0 0 411 0 0 0 0 0 0 0 0 87 0 0 0 0 0 0 0 0 0 0 0 0 0 0 0 254529 2 35013214 34950844 34879077 35014272 0 7847 2747 3246 1865 3399 2790 2429 2752 1678 11477 20079 11556 8927 15123 16494 11747 7964 2979 2060 1675 3147 2416 2219 1740 1732 9688 8737 6441 6638 8253 7501 6975 8504 0 0 0 0 616641 3667 1036 0 264 0 0 0 0 0 0 0 0 0 0 0 0 0 0 0 0 0 0 0 0 0 0 0 0 0 0 0 0 0 0 0 0 0 0 0 0 0 0 0 0 0 0 0 0 0 0 0 0 0 0 0 0 0 0 0 0 0 0 0 0 0 0 0 0 0 0 0 0 0 0 0 0 0 0 0 0 0 0 0 0 0 0 0 0 0 0 0 0 0 0 0 0 0 0 0 0 0 0 0 0 0 0 0 0 0 0 0 0 0 0 0 0 0 0 0 0 0 0 0 0 0 0 0 0 0 0 0 0 0 0 0 0 0 0 0 0 0 0 0 0 0 0 0 0 0 0 0 0 0 0 0 0 0 0 0 0 0 0 0 0 0 0 0 0 0 0 0 0 0 0 0 0 0 0 0 0 0 0 0 0 0 0 0 0 0 0 0 0 0 0 0 0 0 0 0 0 0 0 0 0 0 0 0 0 0 0 0 0 0 0 0 0 0 0 0 0 0 0 0 0 0 0 0 0 0 0 0 0 0 0 0 0 0 0 0 0 0 0 0 0 0 0 0 0 0 0 0 0 0 0 0 0 0 0 0 0 0 0 0 0 0 0 0 0 0 0 0 0 0 0 0 0 0 0 0 0 0 0 0 0 0 0 0 0 0 0 0 0 0 0 0 0 0 0 0 0 0 0 0 0 0 0 0 0 0 0 0 0 0 0 0 0 0 0 0 0 0 0 0 0 0 0 0 0 0 0 0 0 0 0 0 0 0 0 0 0 0 0 0 0 0 0 0 0 0 0 0 0 0 0 0 0 0 0 0 0 0 0 0 0 0 0 0 0 0 0 0 0 0 0 0 0 0 0 0 0 0 0 0 0 0 0 0 0 0 0 0 0 0 0 0 0 0 0 0 0 0 0 0 0 0 0 0 0 0 0 0 0 0 0 0 0 0 0 0 0 0 0 0 0 0 0 0 0 0 0 0 0 0 0 0 0 0 0 0 0 0 0 0 0 0 0 0 0 0 0 0 0 0 0 0 0 0 0 0 0 0 0 0 0 0 0 0 0 0 0 0 0 0 0 0 0 0 0 0 0 0 0 0 0 0 0 0 0 0 0 0 0 0 0 0 0 0 0 0 0 0 0 0 0 0 0 0 0 0 0 0 0 0 0 0 0 0 0 0 0 0 0 0 0 0 0 0 0 0 0 0 0 0 0 0 0 0 0 0 0 0 0 0 0 0 0 0 0 0 0 0 0 0 0 0 0 0 0 0 0 0 0 0 0 0 0 0 0 0 0 0 0 0 0 0 0 0 0 0 0 0 0 0 0 0 0 0 0 0 0 0 0 0 0 0 0 0 0 0 0 0 0 0 0 0 0 0 0 0 0 0 0 0 0 0 0 0 0 0 0 0 0 0 0 0 0 0 0 0 0 0 0 0 0 0 0 0 0 0 0 0 0 0 0 0 0 0 0 0 0 0 0 0 0 0 0 0 0 0 0 0 0 0 0 0 0 0 0 0 0 0 0 0 0 0 0 0 0 0 0 0 0 0 0 0 0 0 0 0 0 0 0 0 0 0 0 0 0 0 0 0 0 0 0 0 0 0 0 0 0 0 0 0 0 0 0 0 0 0 0 0 0 0 0 0 0 0 0 0 0 0 0 0 0 0 0 0 0 0 0 0 0 0 0 0 0 0 0 0 0 0 0 0 0 0 0 0 0 0 0 0 0 0 0 0 0 0 0 0 0 0 0 0 0 0 0 0 0 0 0 0 0 0 0 0 0 0 0 0 0 0 0 0 0 0 0 0 0 0 0 0 0 0 0 0 0 0 0 0 0 0 0 0 0 0 0 0 0 0 0 0 0 0 0 0 0 0 0 0 0 0 0 0 0 0 0 0 0 0 0 0 0 0 0 0 0 0 0 0 0 0 0 0 0 0 0 0 0 0 0 0 0 0 0 0 0 0 0 0 0 0 0 0 0 0 0 0 0 0 0 0 0 0 0 0 0 0 0 0 0 0 0 0 0 0 0 0 0 0 0 0 0 0 0 0 0 0 0 0 0 0 0 0 0 0 0 0 0 0 0 0 0 0 0 0 0 0 0 0 0 0 0 0 0 0 0 0 0 0 0 0 0 0 0 0 0 0 0 0 0 0 0 0 0 0 0 0 0 0 0 0 0 0 0 0 0 0 0 0 0 0 0 0 0 0 0 0 0 0 0 0 0 0 0 0 0 0 0 0 0 0 0 0 0 0 0 0 0 0 0 0 0 0 0 0 0 0 0 0 0 0 0 0 0 0 0 0 0 0 0 0 0 0 0 0 0 0 0 0 0 0 0 0 0 0 0 0 0 0 0 0 0 0 0 0 0 0 0 0 0 0 0 0 0 0 0 0 0 0 0 0 0 0 0 0 0 0 0 0 0 0 0 0 0 0 0 0 0 0 0 0 0 0 0 0 0 0 0 0 0 0 0 0 0 0 0 0 0 0 0 0 0 0 0 0 0
ctxt 3507362445
btime 1790630938
processes 246000
procs_running 1
procs_blocked 0
softirq 3135742640 73526 6494494 2751992 3052605819 266375 0 13556722 35409198 410 24584104
