Running 10s test @ http://127.0.0.1:18500/page
  16 threads and 32 connections
  Thread Stats   Avg      Stdev     Max   +/- Stdev
    Latency   548.26us  141.04us   1.25ms   49.70%
    Req/Sec     3.66k   752.25     4.98k    52.60%
  Latency Distribution
     50%  421.00us
     75%  690.00us
     90%  695.00us
     99%  703.00us
  588983 requests in 10.10s, 5.66GB read
Requests/sec:  58314.65
Transfer/sec:    573.93MB
## server-stat
cpu  2220375 920 1169391 24759319 43868 0 535408 0 0 0
cpu0 78224 17 32881 779786 1033 0 16448 0 0 0
cpu1 81015 21 33471 779624 841 0 16322 0 0 0
cpu2 82145 18 33694 778776 534 0 16518 0 0 0
cpu3 100453 19 42773 742296 1320 0 24224 0 0 0
cpu4 105999 20 42779 737726 761 0 24539 0 0 0
cpu5 86411 21 35011 772510 516 0 17279 0 0 0
cpu6 87205 18 35531 770760 455 0 18151 0 0 0
cpu7 85801 16 35706 772134 271 0 18103 0 0 0
cpu8 37860 29 33189 803779 1369 0 9853 0 0 0
cpu9 43124 34 35699 788250 3232 0 10551 0 0 0
cpu10 41588 31 34677 793698 1559 0 10503 0 0 0
cpu11 38610 27 32331 805485 984 0 9616 0 0 0
cpu12 64954 104 37453 764521 3967 0 11221 0 0 0
cpu13 62903 36 38005 765210 3780 0 11470 0 0 0
cpu14 38242 27 31768 808755 1133 0 9393 0 0 0
cpu15 35888 30 29398 817586 948 0 8540 0 0 0
cpu16 99085 14 39849 751095 582 0 21661 0 0 0
cpu17 94880 15 38895 755964 1441 0 20882 0 0 0
cpu18 92312 15 38069 761281 324 0 20193 0 0 0
cpu19 121503 16 48876 710532 811 0 29767 0 0 0
cpu20 113964 16 46999 721612 868 0 28419 0 0 0
cpu21 89672 16 37202 764576 771 0 19599 0 0 0
cpu22 84643 19 35692 771664 496 0 18182 0 0 0
cpu23 79754 19 34006 780821 591 0 16810 0 0 0
cpu24 41390 33 33004 803956 1258 0 10250 0 0 0
cpu25 45529 35 36247 787585 2396 0 11970 0 0 0
cpu26 43907 31 35552 791793 1798 0 11622 0 0 0
cpu27 37341 22 31687 795432 1478 0 18025 0 0 0
cpu28 63120 52 40710 746982 3132 0 23427 0 0 0
cpu29 66140 89 41914 740200 3018 0 23784 0 0 0
cpu30 36669 22 32831 791351 1258 0 17862 0 0 0
cpu31 40031 21 33481 803564 927 0 10210 0 0 0
intr 2292285611 126 0 0 0 0 0 0 0 0 1 0 0 0 0 0 0 0 0 0 0 0 0 0 0 0 0 0 1 1 1 0 0 0 0 1 0 1 0 0 75045 0 0 0 0 0 0 0 0 411 0 0 0 0 0 0 0 0 87 0 0 0 0 0 0 0 0 0 0 0 0 0 0 0 249323 2 35011695 34948927 34877361 35013114 0 7624 2745 3239 1820 3398 2789 2347 2748 1678 11469 19930 11537 8923 14832 16306 11732 7919 2977 2056 1672 3111 2415 2218 1739 1723 9682 8705 6336 6516 8168 7492 6971 8501 0 0 0 0 616625 3642 1036 0 264 0 0 0 0 0 0 0 0 0 0 0 0 0 0 0 0 0 0 0 0 0 0 0 0 0 0 0 0 0 0 0 0 0 0 0 0 0 0 0 0 0 0 0 0 0 0 0 0 0 0 0 0 0 0 0 0 0 0 0 0 0 0 0 0 0 0 0 0 0 0 0 0 0 0 0 0 0 0 0 0 0 0 0 0 0 0 0 0 0 0 0 0 0 0 0 0 0 0 0 0 0 0 0 0 0 0 0 0 0 0 0 0 0 0 0 0 0 0 0 0 0 0 0 0 0 0 0 0 0 0 0 0 0 0 0 0 0 0 0 0 0 0 0 0 0 0 0 0 0 0 0 0 0 0 0 0 0 0 0 0 0 0 0 0 0 0 0 0 0 0 0 0 0 0 0 0 0 0 0 0 0 0 0 0 0 0 0 0 0 0 0 0 0 0 0 0 0 0 0 0 0 0 0 0 0 0 0 0 0 0 0 0 0 0 0 0 0 0 0 0 0 0 0 0 0 0 0 0 0 0 0 0 0 0 0 0 0 0 0 0 0 0 0 0 0 0 0 0 0 0 0 0 0 0 0 0 0 0 0 0 0 0 0 0 0 0 0 0 0 0 0 0 0 0 0 0 0 0 0 0 0 0 0 0 0 0 0 0 0 0 0 0 0 0 0 0 0 0 0 0 0 0 0 0 0 0 0 0 0 0 0 0 0 0 0 0 0 0 0 0 0 0 0 0 0 0 0 0 0 0 0 0 0 0 0 0 0 0 0 0 0 0 0 0 0 0 0 0 0 0 0 0 0 0 0 0 0 0 0 0 0 0 0 0 0 0 0 0 0 0 0 0 0 0 0 0 0 0 0 0 0 0 0 0 0 0 0 0 0 0 0 0 0 0 0 0 0 0 0 0 0 0 0 0 0 0 0 0 0 0 0 0 0 0 0 0 0 0 0 0 0 0 0 0 0 0 0 0 0 0 0 0 0 0 0 0 0 0 0 0 0 0 0 0 0 0 0 0 0 0 0 0 0 0 0 0 0 0 0 0 0 0 0 0 0 0 0 0 0 0 0 0 0 0 0 0 0 0 0 0 0 0 0 0 0 0 0 0 0 0 0 0 0 0 0 0 0 0 0 0 0 0 0 0 0 0 0 0 0 0 0 0 0 0 0 0 0 0 0 0 0 0 0 0 0 0 0 0 0 0 0 0 0 0 0 0 0 0 0 0 0 0 0 0 0 0 0 0 0 0 0 0 0 0 0 0 0 0 0 0 0 0 0 0 0 0 0 0 0 0 0 0 0 0 0 0 0 0 0 0 0 0 0 0 0 0 0 0 0 0 0 0 0 0 0 0 0 0 0 0 0 0 0 0 0 0 0 0 0 0 0 0 0 0 0 0 0 0 0 0 0 0 0 0 0 0 0 0 0 0 0 0 0 0 0 0 0 0 0 0 0 0 0 0 0 0 0 0 0 0 0 0 0 0 0 0 0 0 0 0 0 0 0 0 0 0 0 0 0 0 0 0 0 0 0 0 0 0 0 0 0 0 0 0 0 0 0 0 0 0 0 0 0 0 0 0 0 0 0 0 0 0 0 0 0 0 0 0 0 0 0 0 0 0 0 0 0 0 0 0 0 0 0 0 0 0 0 0 0 0 0 0 0 0 0 0 0 0 0 0 0 0 0 0 0 0 0 0 0 0 0 0 0 0 0 0 0 0 0 0 0 0 0 0 0 0 0 0 0 0 0 0 0 0 0 0 0 0 0 0 0 0 0 0 0 0 0 0 0 0 0 0 0 0 0 0 0 0 0 0 0 0 0 0 0 0 0 0 0 0 0 0 0 0 0 0 0 0 0 0 0 0 0 0 0 0 0 0 0 0 0 0 0 0 0 0 0 0 0 0 0 0 0 0 0 0 0 0 0 0 0 0 0 0 0 0 0 0 0 0 0 0 0 0 0 0 0 0 0 0 0 0 0 0 0 0 0 0 0 0 0 0 0 0 0 0 0 0 0 0 0 0 0 0 0 0 0 0 0 0 0 0 0 0 0 0 0 0 0 0 0 0 0 0 0 0 0 0 0 0 0 0 0 0 0 0 0 0 0 0 0 0 0 0 0 0 0 0 0 0 0 0 0 0 0 0 0 0 0 0 0 0 0 0 0 0 0 0 0 0 0 0 0 0 0 0 0 0 0 0 0 0 0 0 0 0 0 0 0 0 0 0 0 0 0 0 0 0 0 0 0 0 0 0 0 0 0 0 0 0 0 0 0 0 0 0 0 0 0 0 0 0 0 0 0 0 0 0 0 0 0 0 0 0 0 0 0 0 0 0 0 0 0 0 0 0 0 0 0 0 0 0 0 0 0 0 0 0 0 0 0 0 0 0 0 0 0 0 0 0 0 0 0 0 0 0 0 0 0 0 0 0 0 0 0 0 0 0 0 0 0 0 0 0 0 0 0 0 0 0 0 0 0 0 0 0 0 0 0 0 0 0
ctxt 3414105232
btime 1790630938
processes 240488
procs_running 4
procs_blocked 0
softirq 3066541738 73526 6354375 2751954 2984441331 260852 0 13556585 34912223 410 24190482
--
cpu  2221692 921 1169601 24782850 43899 0 535558 0 0 0
cpu0 78234 17 32882 780568 1033 0 16449 0 0 0
cpu1 81020 21 33471 780416 841 0 16323 0 0 0
cpu2 82146 18 33694 779573 534 0 16518 0 0 0
cpu3 100785 19 42824 742675 1320 0 24260 0 0 0
cpu4 106619 20 42874 737739 761 0 24611 0 0 0
cpu5 86411 21 35011 773308 516 0 17279 0 0 0
cpu6 87205 18 35531 771559 455 0 18151 0 0 0
cpu7 85801 16 35706 772933 271 0 18103 0 0 0
cpu8 37861 29 33189 804562 1369 0 9853 0 0 0
cpu9 43126 34 35701 789017 3232 0 10552 0 0 0
cpu10 41590 32 34679 794462 1560 0 10504 0 0 0
cpu11 38611 28 32331 806268 984 0 9616 0 0 0
cpu12 64956 104 37454 765264 3967 0 11222 0 0 0
cpu13 62916 36 38008 765952 3780 0 11471 0 0 0
cpu14 38242 27 31769 809527 1133 0 9393 0 0 0
cpu15 35888 30 29399 818369 948 0 8540 0 0 0
cpu16 99085 14 39849 751894 582 0 21661 0 0 0
cpu17 94880 15 38895 756763 1441 0 20882 0 0 0
cpu18 92317 15 38069 762075 324 0 20193 0 0 0
cpu19 121801 16 48921 710956 811 0 29801 0 0 0
cpu20 113973 16 47000 722398 868 0 28421 0 0 0
cpu21 89675 16 37202 765373 771 0 19599 0 0 0
cpu22 84643 19 35692 772463 496 0 18182 0 0 0
cpu23 79754 19 34006 781620 591 0 16810 0 0 0
cpu24 41390 33 33004 804745 1258 0 10250 0 0 0
cpu25 45530 35 36247 788373 2396 0 11970 0 0 0
cpu26 43908 31 35552 792578 1799 0 11623 0 0 0
cpu27 37343 22 31688 796227 1479 0 18025 0 0 0
cpu28 63122 52 40711 747728 3149 0 23427 0 0 0
cpu29 66147 89 41915 740965 3019 0 23785 0 0 0
cpu30 36669 22 32831 792126 1269 0 17862 0 0 0
cpu31 40031 21 33481 804362 927 0 10210 0 0 0
intr 2292849951 126 0 0 0 0 0 0 0 0 1 0 0 0 0 0 0 0 0 0 0 0 0 0 0 0 0 0 1 1 1 0 0 0 0 1 0 1 0 0 75045 0 0 0 0 0 0 0 0 411 0 0 0 0 0 0 0 0 87 0 0 0 0 0 0 0 0 0 0 0 0 0 0 0 249555 2 35011722 34948951 34877380 35013132 0 7632 2745 3239 1826 3398 2789 2347 2748 1678 11469 19930 11537 8923 14832 16306 11732 7919 2977 2056 1672 3111 2415 2218 1739 1723 9683 8705 6337 6517 8168 7496 6971 8501 0 0 0 0 616625 3642 1036 0 264 0 0 0 0 0 0 0 0 0 0 0 0 0 0 0 0 0 0 0 0 0 0 0 0 0 0 0 0 0 0 0 0 0 0 0 0 0 0 0 0 0 0 0 0 0 0 0 0 0 0 0 0 0 0 0 0 0 0 0 0 0 0 0 0 0 0 0 0 0 0 0 0 0 0 0 0 0 0 0 0 0 0 0 0 0 0 0 0 0 0 0 0 0 0 0 0 0 0 0 0 0 0 0 0 0 0 0 0 0 0 0 0 0 0 0 0 0 0 0 0 0 0 0 0 0 0 0 0 0 0 0 0 0 0 0 0 0 0 0 0 0 0 0 0 0 0 0 0 0 0 0 0 0 0 0 0 0 0 0 0 0 0 0 0 0 0 0 0 0 0 0 0 0 0 0 0 0 0 0 0 0 0 0 0 0 0 0 0 0 0 0 0 0 0 0 0 0 0 0 0 0 0 0 0 0 0 0 0 0 0 0 0 0 0 0 0 0 0 0 0 0 0 0 0 0 0 0 0 0 0 0 0 0 0 0 0 0 0 0 0 0 0 0 0 0 0 0 0 0 0 0 0 0 0 0 0 0 0 0 0 0 0 0 0 0 0 0 0 0 0 0 0 0 0 0 0 0 0 0 0 0 0 0 0 0 0 0 0 0 0 0 0 0 0 0 0 0 0 0 0 0 0 0 0 0 0 0 0 0 0 0 0 0 0 0 0 0 0 0 0 0 0 0 0 0 0 0 0 0 0 0 0 0 0 0 0 0 0 0 0 0 0 0 0 0 0 0 0 0 0 0 0 0 0 0 0 0 0 0 0 0 0 0 0 0 0 0 0 0 0 0 0 0 0 0 0 0 0 0 0 0 0 0 0 0 0 0 0 0 0 0 0 0 0 0 0 0 0 0 0 0 0 0 0 0 0 0 0 0 0 0 0 0 0 0 0 0 0 0 0 0 0 0 0 0 0 0 0 0 0 0 0 0 0 0 0 0 0 0 0 0 0 0 0 0 0 0 0 0 0 0 0 0 0 0 0 0 0 0 0 0 0 0 0 0 0 0 0 0 0 0 0 0 0 0 0 0 0 0 0 0 0 0 0 0 0 0 0 0 0 0 0 0 0 0 0 0 0 0 0 0 0 0 0 0 0 0 0 0 0 0 0 0 0 0 0 0 0 0 0 0 0 0 0 0 0 0 0 0 0 0 0 0 0 0 0 0 0 0 0 0 0 0 0 0 0 0 0 0 0 0 0 0 0 0 0 0 0 0 0 0 0 0 0 0 0 0 0 0 0 0 0 0 0 0 0 0 0 0 0 0 0 0 0 0 0 0 0 0 0 0 0 0 0 0 0 0 0 0 0 0 0 0 0 0 0 0 0 0 0 0 0 0 0 0 0 0 0 0 0 0 0 0 0 0 0 0 0 0 0 0 0 0 0 0 0 0 0 0 0 0 0 0 0 0 0 0 0 0 0 0 0 0 0 0 0 0 0 0 0 0 0 0 0 0 0 0 0 0 0 0 0 0 0 0 0 0 0 0 0 0 0 0 0 0 0 0 0 0 0 0 0 0 0 0 0 0 0 0 0 0 0 0 0 0 0 0 0 0 0 0 0 0 0 0 0 0 0 0 0 0 0 0 0 0 0 0 0 0 0 0 0 0 0 0 0 0 0 0 0 0 0 0 0 0 0 0 0 0 0 0 0 0 0 0 0 0 0 0 0 0 0 0 0 0 0 0 0 0 0 0 0 0 0 0 0 0 0 0 0 0 0 0 0 0 0 0 0 0 0 0 0 0 0 0 0 0 0 0 0 0 0 0 0 0 0 0 0 0 0 0 0 0 0 0 0 0 0 0 0 0 0 0 0 0 0 0 0 0 0 0 0 0 0 0 0 0 0 0 0 0 0 0 0 0 0 0 0 0 0 0 0 0 0 0 0 0 0 0 0 0 0 0 0 0 0 0 0 0 0 0 0 0 0 0 0 0 0 0 0 0 0 0 0 0 0 0 0 0 0 0 0 0 0 0 0 0 0 0 0 0 0 0 0 0 0 0 0 0 0 0 0 0 0 0 0 0 0 0 0 0 0 0 0 0 0 0 0 0 0 0 0 0 0 0 0 0 0 0 0 0 0 0 0 0 0 0 0 0 0 0 0 0 0 0 0 0 0 0 0 0 0 0 0 0 0 0 0 0 0 0 0 0 0 0 0 0 0 0 0 0 0 0 0 0 0 0 0 0 0 0 0 0 0 0 0 0 0 0 0 0 0 0 0 0 0 0 0 0 0 0 0 0 0 0 0 0 0 0 0 0 0 0 0 0 0 0 0 0 0 0 0 0 0 0 0 0 0 0 0 0 0 0 0 0 0 0 0 0 0 0 0 0 0 0 0 0 0 0 0 0 0 0 0 0 0 0 0 0 0 0 0 0 0 0 0 0 0 0 0 0 0 0 0 0 0 0 0 0 0 0 0 0 0 0 0 0 0 0 0 0 0
ctxt 3415120863
btime 1790630938
processes 240573
procs_running 4
procs_blocked 0
softirq 3067497613 73526 6357348 2751954 2985375301 261101 0 13556585 34922914 410 24198474
