Running 10s test @ http://127.0.0.1:18500/page
  16 threads and 32 connections
  Thread Stats   Avg      Stdev     Max   +/- Stdev
    Latency   556.04us  226.97us   1.56ms   54.55%
    Req/Sec     3.63k     0.94k    5.75k    65.38%
  Latency Distribution
     50%  640.00us
     75%  759.00us
     90%  765.00us
     99%    0.90ms
  581627 requests in 10.10s, 5.59GB read
Requests/sec:  57587.58
Transfer/sec:    566.77MB
## server-stat
cpu  2225812 925 1171195 24925403 44008 0 536983 0 0 0
cpu0 78241 17 32885 785314 1033 0 16457 0 0 0
cpu1 81025 21 33473 785200 848 0 16323 0 0 0
cpu2 82151 18 33696 784364 535 0 16518 0 0 0
cpu3 101619 19 43109 746067 1320 0 24548 0 0 0
cpu4 107830 20 43330 740417 761 0 25065 0 0 0
cpu5 86415 21 35013 778098 518 0 17279 0 0 0
cpu6 87206 18 35532 776354 455 0 18151 0 0 0
cpu7 85802 16 35708 777727 271 0 18103 0 0 0
cpu8 37872 29 33195 809223 1369 0 9854 0 0 0
cpu9 43146 34 35717 793430 3265 0 10558 0 0 0
cpu10 41601 32 34690 798915 1560 0 10507 0 0 0
cpu11 38620 28 32342 810846 984 0 9619 0 0 0
cpu12 65041 104 37491 769440 3969 0 11233 0 0 0
cpu13 62990 37 38048 770118 3780 0 11485 0 0 0
cpu14 38253 28 31784 813948 1133 0 9397 0 0 0
cpu15 35893 30 29406 822892 966 0 8543 0 0 0
cpu16 99102 14 39852 756670 582 0 21661 0 0 0
cpu17 94889 15 38899 761548 1441 0 20882 0 0 0
cpu18 92324 15 38070 766864 324 0 20193 0 0 0
cpu19 122820 16 49319 713952 811 0 30187 0 0 0
cpu20 114575 16 47223 726150 868 0 28644 0 0 0
cpu21 89680 16 37204 770164 771 0 19599 0 0 0
cpu22 84644 19 35693 777257 496 0 18182 0 0 0
cpu23 79755 20 34007 786414 592 0 16810 0 0 0
cpu24 41399 33 33011 809324 1277 0 10252 0 0 0
cpu25 45542 36 36256 792976 2396 0 11972 0 0 0
cpu26 43923 32 35559 797220 1799 0 11624 0 0 0
cpu27 37349 22 31691 800961 1479 0 18026 0 0 0
cpu28 63167 52 40726 752251 3172 0 23430 0 0 0
cpu29 66210 89 41934 745402 3019 0 23792 0 0 0
cpu30 36677 22 32838 796790 1271 0 17864 0 0 0
cpu31 40037 21 33484 809091 927 0 10211 0 0 0
intr 2299197311 126 0 0 0 0 0 0 0 0 1 0 0 0 0 0 0 0 0 0 0 0 0 0 0 0 0 0 1 1 1 0 0 0 0 1 0 1 0 0 75045 0 0 0 0 0 0 0 0 411 0 0 0 0 0 0 0 0 87 0 0 0 0 0 0 0 0 0 0 0 0 0 0 0 250426 2 35012053 34949285 34877660 35013366 0 7672 2745 3241 1827 3398 2790 2380 2749 1678 11469 20008 11542 8923 14866 16378 11732 7958 2978 2058 1673 3111 2416 2219 1739 1723 9683 8726 6338 6517 8168 7498 6972 8501 0 0 0 0 616629 3650 1036 0 264 0 0 0 0 0 0 0 0 0 0 0 0 0 0 0 0 0 0 0 0 0 0 0 0 0 0 0 0 0 0 0 0 0 0 0 0 0 0 0 0 0 0 0 0 0 0 0 0 0 0 0 0 0 0 0 0 0 0 0 0 0 0 0 0 0 0 0 0 0 0 0 0 0 0 0 0 0 0 0 0 0 0 0 0 0 0 0 0 0 0 0 0 0 0 0 0 0 0 0 0 0 0 0 0 0 0 0 0 0 0 0 0 0 0 0 0 0 0 0 0 0 0 0 0 0 0 0 0 0 0 0 0 0 0 0 0 0 0 0 0 0 0 0 0 0 0 0 0 0 0 0 0 0 0 0 0 0 0 0 0 0 0 0 0 0 0 0 0 0 0 0 0 0 0 0 0 0 0 0 0 0 0 0 0 0 0 0 0 0 0 0 0 0 0 0 0 0 0 0 0 0 0 0 0 0 0 0 0 0 0 0 0 0 0 0 0 0 0 0 0 0 0 0 0 0 0 0 0 0 0 0 0 0 0 0 0 0 0 0 0 0 0 0 0 0 0 0 0 0 0 0 0 0 0 0 0 0 0 0 0 0 0 0 0 0 0 0 0 0 0 0 0 0 0 0 0 0 0 0 0 0 0 0 0 0 0 0 0 0 0 0 0 0 0 0 0 0 0 0 0 0 0 0 0 0 0 0 0 0 0 0 0 0 0 0 0 0 0 0 0 0 0 0 0 0 0 0 0 0 0 0 0 0 0 0 0 0 0 0 0 0 0 0 0 0 0 0 0 0 0 0 0 0 0 0 0 0 0 0 0 0 0 0 0 0 0 0 0 0 0 0 0 0 0 0 0 0 0 0 0 0 0 0 0 0 0 0 0 0 0 0 0 0 0 0 0 0 0 0 0 0 0 0 0 0 0 0 0 0 0 0 0 0 0 0 0 0 0 0 0 0 0 0 0 0 0 0 0 0 0 0 0 0 0 0 0 0 0 0 0 0 0 0 0 0 0 0 0 0 0 0 0 0 0 0 0 0 0 0 0 0 0 0 0 0 0 0 0 0 0 0 0 0 0 0 0 0 0 0 0 0 0 0 0 0 0 0 0 0 0 0 0 0 0 0 0 0 0 0 0 0 0 0 0 0 0 0 0 0 0 0 0 0 0 0 0 0 0 0 0 0 0 0 0 0 0 0 0 0 0 0 0 0 0 0 0 0 0 0 0 0 0 0 0 0 0 0 0 0 0 0 0 0 0 0 0 0 0 0 0 0 0 0 0 0 0 0 0 0 0 0 0 0 0 0 0 0 0 0 0 0 0 0 0 0 0 0 0 0 0 0 0 0 0 0 0 0 0 0 0 0 0 0 0 0 0 0 0 0 0 0 0 0 0 0 0 0 0 0 0 0 0 0 0 0 0 0 0 0 0 0 0 0 0 0 0 0 0 0 0 0 0 0 0 0 0 0 0 0 0 0 0 0 0 0 0 0 0 0 0 0 0 0 0 0 0 0 0 0 0 0 0 0 0 0 0 0 0 0 0 0 0 0 0 0 0 0 0 0 0 0 0 0 0 0 0 0 0 0 0 0 0 0 0 0 0 0 0 0 0 0 0 0 0 0 0 0 0 0 0 0 0 0 0 0 0 0 0 0 0 0 0 0 0 0 0 0 0 0 0 0 0 0 0 0 0 0 0 0 0 0 0 0 0 0 0 0 0 0 0 0 0 0 0 0 0 0 0 0 0 0 0 0 0 0 0 0 0 0 0 0 0 0 0 0 0 0 0 0 0 0 0 0 0 0 0 0 0 0 0 0 0 0 0 0 0 0 0 0 0 0 0 0 0 0 0 0 0 0 0 0 0 0 0 0 0 0 0 0 0 0 0 0 0 0 0 0 0 0 0 0 0 0 0 0 0 0 0 0 0 0 0 0 0 0 0 0 0 0 0 0 0 0 0 0 0 0 0 0 0 0 0 0 0 0 0 0 0 0 0 0 0 0 0 0 0 0 0 0 0 0 0 0 0 0 0 0 0 0 0 0 0 0 0 0 0 0 0 0 0 0 0 0 0 0 0 0 0 0 0 0 0 0 0 0 0 0 0 0 0 0 0 0 0 0 0 0 0 0 0 0 0 0 0 0 0 0 0 0 0 0 0 0 0 0 0 0 0 0 0 0 0 0 0 0 0 0 0 0 0 0 0 0 0 0 0 0 0 0 0 0 0 0 0 0 0 0 0 0 0 0 0 0 0 0 0 0 0 0 0 0 0 0 0 0 0 0 0 0 0 0 0 0 0 0 0 0 0 0 0 0 0 0 0 0 0 0 0 0 0 0 0 0 0 0 0 0 0 0 0 0 0 0 0 0 0 0 0 0 0 0 0 0 0 0 0 0 0 0 0 0 0 0 0 0 0 0 0 0 0 0 0 0 0 0 0 0 0 0 0 0 0 0 0 0 0 0 0 0 0 0 0 0 0 0 0 0 0 0 0 0 0
ctxt 3427330169
btime 1790630938
processes 241627
procs_running 3
procs_blocked 0
softirq 3079591173 73526 6374842 2751962 2997348415 262030 0 13556625 34980554 410 24242809
--
cpu  2227149 925 1171400 24948936 44036 0 537124 0 0 0
cpu0 78244 17 32885 786101 1033 0 16458 0 0 0
cpu1 81025 21 33473 785998 848 0 16323 0 0 0
cpu2 82152 18 33696 785161 535 0 16519 0 0 0
cpu3 101971 19 43159 746429 1320 0 24583 0 0 0
cpu4 108147 20 43377 740818 761 0 25100 0 0 0
cpu5 86415 21 35014 778896 518 0 17279 0 0 0
cpu6 87207 18 35532 777153 455 0 18151 0 0 0
cpu7 85802 16 35708 778526 271 0 18103 0 0 0
cpu8 37872 29 33195 810008 1370 0 9855 0 0 0
cpu9 43147 34 35718 794191 3266 0 10559 0 0 0
cpu10 41602 32 34691 799672 1560 0 10507 0 0 0
cpu11 38620 28 32342 811629 984 0 9619 0 0 0
cpu12 65049 104 37496 770186 3970 0 11235 0 0 0
cpu13 62990 37 38050 770843 3791 0 11486 0 0 0
cpu14 38253 28 31785 814721 1134 0 9397 0 0 0
cpu15 35893 30 29407 823674 966 0 8543 0 0 0
cpu16 99102 14 39853 757469 582 0 21661 0 0 0
cpu17 94889 15 38899 762347 1441 0 20882 0 0 0
cpu18 92324 15 38070 767663 324 0 20193 0 0 0
cpu19 123108 16 49363 714393 811 0 30214 0 0 0
cpu20 114895 16 47267 726550 868 0 28679 0 0 0
cpu21 89680 16 37204 770963 771 0 19599 0 0 0
cpu22 84645 19 35693 778056 496 0 18182 0 0 0
cpu23 79755 20 34007 787213 592 0 16810 0 0 0
cpu24 41399 33 33011 810099 1291 0 10253 0 0 0
cpu25 45543 36 36256 793751 2397 0 11973 0 0 0
cpu26 43923 32 35559 798011 1799 0 11625 0 0 0
cpu27 37349 22 31691 801759 1479 0 18026 0 0 0
cpu28 63206 52 40728 753008 3172 0 23430 0 0 0
cpu29 66211 89 41937 746167 3019 0 23793 0 0 0
cpu30 36678 22 32839 797578 1271 0 17864 0 0 0
cpu31 40037 21 33484 809886 927 0 10211 0 0 0
intr 2299750399 126 0 0 0 0 0 0 0 0 1 0 0 0 0 0 0 0 0 0 0 0 0 0 0 0 0 0 1 1 1 0 0 0 0 1 0 1 0 0 75045 0 0 0 0 0 0 0 0 411 0 0 0 0 0 0 0 0 87 0 0 0 0 0 0 0 0 0 0 0 0 0 0 0 250672 2 35012091 34949338 34877714 35013382 0 7676 2745 3241 1827 3398 2790 2383 2749 1678 11469 20008 11542 8923 14866 16380 11735 7958 2978 2058 1673 3111 2416 2219 1739 1723 9683 8726 6338 6517 8168 7498 6972 8501 0 0 0 0 616629 3650 1036 0 264 0 0 0 0 0 0 0 0 0 0 0 0 0 0 0 0 0 0 0 0 0 0 0 0 0 0 0 0 0 0 0 0 0 0 0 0 0 0 0 0 0 0 0 0 0 0 0 0 0 0 0 0 0 0 0 0 0 0 0 0 0 0 0 0 0 0 0 0 0 0 0 0 0 0 0 0 0 0 0 0 0 0 0 0 0 0 0 0 0 0 0 0 0 0 0 0 0 0 0 0 0 0 0 0 0 0 0 0 0 0 0 0 0 0 0 0 0 0 0 0 0 0 0 0 0 0 0 0 0 0 0 0 0 0 0 0 0 0 0 0 0 0 0 0 0 0 0 0 0 0 0 0 0 0 0 0 0 0 0 0 0 0 0 0 0 0 0 0 0 0 0 0 0 0 0 0 0 0 0 0 0 0 0 0 0 0 0 0 0 0 0 0 0 0 0 0 0 0 0 0 0 0 0 0 0 0 0 0 0 0 0 0 0 0 0 0 0 0 0 0 0 0 0 0 0 0 0 0 0 0 0 0 0 0 0 0 0 0 0 0 0 0 0 0 0 0 0 0 0 0 0 0 0 0 0 0 0 0 0 0 0 0 0 0 0 0 0 0 0 0 0 0 0 0 0 0 0 0 0 0 0 0 0 0 0 0 0 0 0 0 0 0 0 0 0 0 0 0 0 0 0 0 0 0 0 0 0 0 0 0 0 0 0 0 0 0 0 0 0 0 0 0 0 0 0 0 0 0 0 0 0 0 0 0 0 0 0 0 0 0 0 0 0 0 0 0 0 0 0 0 0 0 0 0 0 0 0 0 0 0 0 0 0 0 0 0 0 0 0 0 0 0 0 0 0 0 0 0 0 0 0 0 0 0 0 0 0 0 0 0 0 0 0 0 0 0 0 0 0 0 0 0 0 0 0 0 0 0 0 0 0 0 0 0 0 0 0 0 0 0 0 0 0 0 0 0 0 0 0 0 0 0 0 0 0 0 0 0 0 0 0 0 0 0 0 0 0 0 0 0 0 0 0 0 0 0 0 0 0 0 0 0 0 0 0 0 0 0 0 0 0 0 0 0 0 0 0 0 0 0 0 0 0 0 0 0 0 0 0 0 0 0 0 0 0 0 0 0 0 0 0 0 0 0 0 0 0 0 0 0 0 0 0 0 0 0 0 0 0 0 0 0 0 0 0 0 0 0 0 0 0 0 0 0 0 0 0 0 0 0 0 0 0 0 0 0 0 0 0 0 0 0 0 0 0 0 0 0 0 0 0 0 0 0 0 0 0 0 0 0 0 0 0 0 0 0 0 0 0 0 0 0 0 0 0 0 0 0 0 0 0 0 0 0 0 0 0 0 0 0 0 0 0 0 0 0 0 0 0 0 0 0 0 0 0 0 0 0 0 0 0 0 0 0 0 0 0 0 0 0 0 0 0 0 0 0 0 0 0 0 0 0 0 0 0 0 0 0 0 0 0 0 0 0 0 0 0 0 0 0 0 0 0 0 0 0 0 0 0 0 0 0 0 0 0 0 0 0 0 0 0 0 0 0 0 0 0 0 0 0 0 0 0 0 0 0 0 0 0 0 0 0 0 0 0 0 0 0 0 0 0 0 0 0 0 0 0 0 0 0 0 0 0 0 0 0 0 0 0 0 0 0 0 0 0 0 0 0 0 0 0 0 0 0 0 0 0 0 0 0 0 0 0 0 0 0 0 0 0 0 0 0 0 0 0 0 0 0 0 0 0 0 0 0 0 0 0 0 0 0 0 0 0 0 0 0 0 0 0 0 0 0 0 0 0 0 0 0 0 0 0 0 0 0 0 0 0 0 0 0 0 0 0 0 0 0 0 0 0 0 0 0 0 0 0 0 0 0 0 0 0 0 0 0 0 0 0 0 0 0 0 0 0 0 0 0 0 0 0 0 0 0 0 0 0 0 0 0 0 0 0 0 0 0 0 0 0 0 0 0 0 0 0 0 0 0 0 0 0 0 0 0 0 0 0 0 0 0 0 0 0 0 0 0 0 0 0 0 0 0 0 0 0 0 0 0 0 0 0 0 0 0 0 0 0 0 0 0 0 0 0 0 0 0 0 0 0 0 0 0 0 0 0 0 0 0 0 0 0 0 0 0 0 0 0 0 0 0 0 0 0 0 0 0 0 0 0 0 0 0 0 0 0 0 0 0 0 0 0 0 0 0 0 0 0 0 0 0 0 0 0 0 0 0 0 0 0 0 0 0 0 0 0 0 0 0 0 0 0 0 0 0 0 0 0 0 0 0 0 0 0 0 0 0 0 0 0 0 0 0 0 0 0 0 0 0 0 0 0 0 0 0 0 0 0 0 0 0 0 0 0 0 0 0 0 0 0 0 0 0 0 0 0 0 0 0 0 0 0 0 0 0 0 0 0 0 0 0 0 0 0 0 0 0 0 0 0 0 0 0 0 0 0 0 0 0 0 0 0 0 0 0 0 0 0 0 0 0 0 0 0 0
ctxt 3428323662
btime 1790630938
processes 241683
procs_running 4
procs_blocked 0
softirq 3080534565 73526 6377903 2751962 2998270181 262284 0 13556625 34991178 410 24250496
