Running 10s test @ http://127.0.0.1:18500/page
  16 threads and 32 connections
  Thread Stats   Avg      Stdev     Max   +/- Stdev
    Latency   609.24us   86.51us   3.07ms   87.07%
    Req/Sec     3.30k   207.11     3.83k    75.00%
  Latency Distribution
     50%  655.00us
     75%  687.00us
     90%  692.00us
     99%  713.00us
  530091 requests in 10.10s, 5.10GB read
Requests/sec:  52484.85
Transfer/sec:    517.55MB
## server-stat
cpu  2261071 947 1183063 25740402 44618 0 546004 0 0 0
cpu0 79399 17 33212 810958 1034 0 16687 0 0 0
cpu1 82066 22 33791 811214 848 0 16518 0 0 0
cpu2 83072 18 34011 810524 553 0 16700 0 0 0
cpu3 106702 19 44668 765586 1320 0 25968 0 0 0
cpu4 113541 21 45148 758820 762 0 26763 0 0 0
cpu5 87272 22 35316 804379 523 0 17452 0 0 0
cpu6 87964 19 35805 802851 463 0 18301 0 0 0
cpu7 86512 17 35961 804395 272 0 18229 0 0 0
cpu8 37935 30 33278 836119 1372 0 9903 0 0 0
cpu9 43263 35 35867 819512 3323 0 10627 0 0 0
cpu10 41684 32 34823 825115 1599 0 10585 0 0 0
cpu11 38675 29 32422 837564 1014 0 9668 0 0 0
cpu12 65445 106 37742 794738 3997 0 11355 0 0 0
cpu13 63401 38 38322 795219 3853 0 11618 0 0 0
cpu14 38310 30 31898 840273 1187 0 9465 0 0 0
cpu15 35946 32 29484 849666 1009 0 8590 0 0 0
cpu16 100489 15 40149 782459 583 0 21822 0 0 0
cpu17 95979 15 39189 787624 1441 0 21048 0 0 0
cpu18 93235 16 38354 793164 324 0 20351 0 0 0
cpu19 128584 16 50985 732612 814 0 31744 0 0 0
cpu20 119672 16 48610 745968 869 0 29976 0 0 0
cpu21 90555 16 37485 796494 773 0 19749 0 0 0
cpu22 85408 20 35965 803794 497 0 18321 0 0 0
cpu23 80457 20 34248 813104 594 0 16938 0 0 0
cpu24 41444 34 33082 836247 1315 0 10299 0 0 0
cpu25 45636 36 36361 819644 2403 0 12033 0 0 0
cpu26 43993 33 35644 824019 1824 0 11672 0 0 0
cpu27 37386 23 31753 828150 1480 0 18065 0 0 0
cpu28 63610 53 40896 778374 3205 0 23509 0 0 0
cpu29 66623 90 42124 771442 3131 0 23876 0 0 0
cpu30 36730 23 32912 823913 1286 0 17913 0 0 0
cpu31 40070 23 33544 836444 933 0 10246 0 0 0
intr 2347079380 126 0 0 0 0 0 0 0 0 1 0 0 0 0 0 0 0 0 0 0 0 0 0 0 0 0 0 1 1 1 0 0 0 0 1 0 1 0 0 75045 0 0 0 0 0 0 0 0 411 0 0 0 0 0 0 0 0 87 0 0 0 0 0 0 0 0 0 0 0 0 0 0 0 255674 2 35013477 34951285 34879468 35014461 0 7896 2747 3247 1865 3399 2790 2429 2757 1679 11479 20173 11559 8934 15128 16508 11747 7965 2980 2062 1675 3148 2416 2219 1740 1739 9693 8738 6445 6638 8282 7613 6975 8510 0 0 0 0 616645 3679 1036 0 264 0 0 0 0 0 0 0 0 0 0 0 0 0 0 0 0 0 0 0 0 0 0 0 0 0 0 0 0 0 0 0 0 0 0 0 0 0 0 0 0 0 0 0 0 0 0 0 0 0 0 0 0 0 0 0 0 0 0 0 0 0 0 0 0 0 0 0 0 0 0 0 0 0 0 0 0 0 0 0 0 0 0 0 0 0 0 0 0 0 0 0 0 0 0 0 0 0 0 0 0 0 0 0 0 0 0 0 0 0 0 0 0 0 0 0 0 0 0 0 0 0 0 0 0 0 0 0 0 0 0 0 0 0 0 0 0 0 0 0 0 0 0 0 0 0 0 0 0 0 0 0 0 0 0 0 0 0 0 0 0 0 0 0 0 0 0 0 0 0 0 0 0 0 0 0 0 0 0 0 0 0 0 0 0 0 0 0 0 0 0 0 0 0 0 0 0 0 0 0 0 0 0 0 0 0 0 0 0 0 0 0 0 0 0 0 0 0 0 0 0 0 0 0 0 0 0 0 0 0 0 0 0 0 0 0 0 0 0 0 0 0 0 0 0 0 0 0 0 0 0 0 0 0 0 0 0 0 0 0 0 0 0 0 0 0 0 0 0 0 0 0 0 0 0 0 0 0 0 0 0 0 0 0 0 0 0 0 0 0 0 0 0 0 0 0 0 0 0 0 0 0 0 0 0 0 0 0 0 0 0 0 0 0 0 0 0 0 0 0 0 0 0 0 0 0 0 0 0 0 0 0 0 0 0 0 0 0 0 0 0 0 0 0 0 0 0 0 0 0 0 0 0 0 0 0 0 0 0 0 0 0 0 0 0 0 0 0 0 0 0 0 0 0 0 0 0 0 0 0 0 0 0 0 0 0 0 0 0 0 0 0 0 0 0 0 0 0 0 0 0 0 0 0 0 0 0 0 0 0 0 0 0 0 0 0 0 0 0 0 0 0 0 0 0 0 0 0 0 0 0 0 0 0 0 0 0 0 0 0 0 0 0 0 0 0 0 0 0 0 0 0 0 0 0 0 0 0 0 0 0 0 0 0 0 0 0 0 0 0 0 0 0 0 0 0 0 0 0 0 0 0 0 0 0 0 0 0 0 0 0 0 0 0 0 0 0 0 0 0 0 0 0 0 0 0 0 0 0 0 0 0 0 0 0 0 0 0 0 0 0 0 0 0 0 0 0 0 0 0 0 0 0 0 0 0 0 0 0 0 0 0 0 0 0 0 0 0 0 0 0 0 0 0 0 0 0 0 0 0 0 0 0 0 0 0 0 0 0 0 0 0 0 0 0 0 0 0 0 0 0 0 0 0 0 0 0 0 0 0 0 0 0 0 0 0 0 0 0 0 0 0 0 0 0 0 0 0 0 0 0 0 0 0 0 0 0 0 0 0 0 0 0 0 0 0 0 0 0 0 0 0 0 0 0 0 0 0 0 0 0 0 0 0 0 0 0 0 0 0 0 0 0 0 0 0 0 0 0 0 0 0 0 0 0 0 0 0 0 0 0 0 0 0 0 0 0 0 0 0 0 0 0 0 0 0 0 0 0 0 0 0 0 0 0 0 0 0 0 0 0 0 0 0 0 0 0 0 0 0 0 0 0 0 0 0 0 0 0 0 0 0 0 0 0 0 0 0 0 0 0 0 0 0 0 0 0 0 0 0 0 0 0 0 0 0 0 0 0 0 0 0 0 0 0 0 0 0 0 0 0 0 0 0 0 0 0 0 0 0 0 0 0 0 0 0 0 0 0 0 0 0 0 0 0 0 0 0 0 0 0 0 0 0 0 0 0 0 0 0 0 0 0 0 0 0 0 0 0 0 0 0 0 0 0 0 0 0 0 0 0 0 0 0 0 0 0 0 0 0 0 0 0 0 0 0 0 0 0 0 0 0 0 0 0 0 0 0 0 0 0 0 0 0 0 0 0 0 0 0 0 0 0 0 0 0 0 0 0 0 0 0 0 0 0 0 0 0 0 0 0 0 0 0 0 0 0 0 0 0 0 0 0 0 0 0 0 0 0 0 0 0 0 0 0 0 0 0 0 0 0 0 0 0 0 0 0 0 0 0 0 0 0 0 0 0 0 0 0 0 0 0 0 0 0 0 0 0 0 0 0 0 0 0 0 0 0 0 0 0 0 0 0 0 0 0 0 0 0 0 0 0 0 0 0 0 0 0 0 0 0 0 0 0 0 0 0 0 0 0 0 0 0 0 0 0 0 0 0 0 0 0 0 0 0 0 0 0 0 0 0 0 0 0 0 0 0 0 0 0 0 0 0 0 0 0 0 0 0 0 0 0 0 0 0 0 0 0 0 0 0 0 0 0 0 0 0 0 0 0 0 0 0 0 0 0 0 0 0 0 0 0 0 0 0 0 0 0 0 0 0 0 0 0 0 0 0 0 0 0 0 0 0 0 0 0 0 0 0 0 0 0 0 0 0 0 0 0 0 0 0 0 0 0 0 0 0 0 0 0 0 0 0
ctxt 3518494869
btime 1790630938
processes 247254
procs_running 3
procs_blocked 0
softirq 3147839124 73526 6524420 2752002 3064534559 267602 0 13556764 35484406 410 24645435
--
cpu  2262432 948 1183275 25763913 44650 0 546130 0 0 0
cpu0 79399 17 33212 811746 1034 0 16687 0 0 0
cpu1 82066 22 33791 812013 848 0 16518 0 0 0
cpu2 83072 18 34011 811323 553 0 16700 0 0 0
cpu3 107351 19 44761 765586 1320 0 26026 0 0 0
cpu4 114193 21 45237 758820 762 0 26823 0 0 0
cpu5 87272 22 35316 805179 523 0 17452 0 0 0
cpu6 87964 19 35805 803650 463 0 18301 0 0 0
cpu7 86512 17 35961 805195 272 0 18229 0 0 0
cpu8 37938 30 33278 836898 1372 0 9903 0 0 0
cpu9 43267 36 35869 820282 3323 0 10628 0 0 0
cpu10 41688 32 34824 825887 1599 0 10585 0 0 0
cpu11 38676 29 32424 838339 1014 0 9668 0 0 0
cpu12 65459 106 37746 795468 4027 0 11356 0 0 0
cpu13 63413 39 38326 795977 3855 0 11619 0 0 0
cpu14 38310 30 31899 841046 1187 0 9465 0 0 0
cpu15 35946 32 29485 850441 1009 0 8590 0 0 0
cpu16 100490 15 40150 783257 583 0 21822 0 0 0
cpu17 95979 15 39189 788423 1441 0 21048 0 0 0
cpu18 93235 16 38354 793964 324 0 20351 0 0 0
cpu19 128584 16 50985 733412 814 0 31744 0 0 0
cpu20 119672 16 48610 746767 869 0 29976 0 0 0
cpu21 90556 16 37485 797292 773 0 19749 0 0 0
cpu22 85408 20 35965 804593 497 0 18321 0 0 0
cpu23 80457 20 34248 813903 594 0 16938 0 0 0
cpu24 41445 34 33083 837024 1315 0 10299 0 0 0
cpu25 45641 36 36363 820411 2403 0 12034 0 0 0
cpu26 43994 33 35645 824793 1824 0 11673 0 0 0
cpu27 37386 23 31754 828926 1480 0 18065 0 0 0
cpu28 63616 53 40899 779142 3205 0 23510 0 0 0
cpu29 66628 90 42127 772209 3132 0 23877 0 0 0
cpu30 36730 23 32913 824696 1286 0 17913 0 0 0
cpu31 40071 23 33544 837234 933 0 10246 0 0 0
intr 2347595719 126 0 0 0 0 0 0 0 0 1 0 0 0 0 0 0 0 0 0 0 0 0 0 0 0 0 0 1 1 1 0 0 0 0 1 0 1 0 0 75045 0 0 0 0 0 0 0 0 411 0 0 0 0 0 0 0 0 87 0 0 0 0 0 0 0 0 0 0 0 0 0 0 0 255962 2 35013496 34951316 34879499 35014482 0 7904 2747 3248 1865 3399 2790 2429 2757 1679 11479 20173 11559 8934 15128 16517 11747 7967 2980 2062 1675 3148 2416 2219 1740 1739 9693 8738 6445 6638 8283 7613 6975 8510 0 0 0 0 616649 3679 1036 0 264 0 0 0 0 0 0 0 0 0 0 0 0 0 0 0 0 0 0 0 0 0 0 0 0 0 0 0 0 0 0 0 0 0 0 0 0 0 0 0 0 0 0 0 0 0 0 0 0 0 0 0 0 0 0 0 0 0 0 0 0 0 0 0 0 0 0 0 0 0 0 0 0 0 0 0 0 0 0 0 0 0 0 0 0 0 0 0 0 0 0 0 0 0 0 0 0 0 0 0 0 0 0 0 0 0 0 0 0 0 0 0 0 0 0 0 0 0 0 0 0 0 0 0 0 0 0 0 0 0 0 0 0 0 0 0 0 0 0 0 0 0 0 0 0 0 0 0 0 0 0 0 0 0 0 0 0 0 0 0 0 0 0 0 0 0 0 0 0 0 0 0 0 0 0 0 0 0 0 0 0 0 0 0 0 0 0 0 0 0 0 0 0 0 0 0 0 0 0 0 0 0 0 0 0 0 0 0 0 0 0 0 0 0 0 0 0 0 0 0 0 0 0 0 0 0 0 0 0 0 0 0 0 0 0 0 0 0 0 0 0 0 0 0 0 0 0 0 0 0 0 0 0 0 0 0 0 0 0 0 0 0 0 0 0 0 0 0 0 0 0 0 0 0 0 0 0 0 0 0 0 0 0 0 0 0 0 0 0 0 0 0 0 0 0 0 0 0 0 0 0 0 0 0 0 0 0 0 0 0 0 0 0 0 0 0 0 0 0 0 0 0 0 0 0 0 0 0 0 0 0 0 0 0 0 0 0 0 0 0 0 0 0 0 0 0 0 0 0 0 0 0 0 0 0 0 0 0 0 0 0 0 0 0 0 0 0 0 0 0 0 0 0 0 0 0 0 0 0 0 0 0 0 0 0 0 0 0 0 0 0 0 0 0 0 0 0 0 0 0 0 0 0 0 0 0 0 0 0 0 0 0 0 0 0 0 0 0 0 0 0 0 0 0 0 0 0 0 0 0 0 0 0 0 0 0 0 0 0 0 0 0 0 0 0 0 0 0 0 0 0 0 0 0 0 0 0 0 0 0 0 0 0 0 0 0 0 0 0 0 0 0 0 0 0 0 0 0 0 0 0 0 0 0 0 0 0 0 0 0 0 0 0 0 0 0 0 0 0 0 0 0 0 0 0 0 0 0 0 0 0 0 0 0 0 0 0 0 0 0 0 0 0 0 0 0 0 0 0 0 0 0 0 0 0 0 0 0 0 0 0 0 0 0 0 0 0 0 0 0 0 0 0 0 0 0 0 0 0 0 0 0 0 0 0 0 0 0 0 0 0 0 0 0 0 0 0 0 0 0 0 0 0 0 0 0 0 0 0 0 0 0 0 0 0 0 0 0 0 0 0 0 0 0 0 0 0 0 0 0 0 0 0 0 0 0 0 0 0 0 0 0 0 0 0 0 0 0 0 0 0 0 0 0 0 0 0 0 0 0 0 0 0 0 0 0 0 0 0 0 0 0 0 0 0 0 0 0 0 0 0 0 0 0 0 0 0 0 0 0 0 0 0 0 0 0 0 0 0 0 0 0 0 0 0 0 0 0 0 0 0 0 0 0 0 0 0 0 0 0 0 0 0 0 0 0 0 0 0 0 0 0 0 0 0 0 0 0 0 0 0 0 0 0 0 0 0 0 0 0 0 0 0 0 0 0 0 0 0 0 0 0 0 0 0 0 0 0 0 0 0 0 0 0 0 0 0 0 0 0 0 0 0 0 0 0 0 0 0 0 0 0 0 0 0 0 0 0 0 0 0 0 0 0 0 0 0 0 0 0 0 0 0 0 0 0 0 0 0 0 0 0 0 0 0 0 0 0 0 0 0 0 0 0 0 0 0 0 0 0 0 0 0 0 0 0 0 0 0 0 0 0 0 0 0 0 0 0 0 0 0 0 0 0 0 0 0 0 0 0 0 0 0 0 0 0 0 0 0 0 0 0 0 0 0 0 0 0 0 0 0 0 0 0 0 0 0 0 0 0 0 0 0 0 0 0 0 0 0 0 0 0 0 0 0 0 0 0 0 0 0 0 0 0 0 0 0 0 0 0 0 0 0 0 0 0 0 0 0 0 0 0 0 0 0 0 0 0 0 0 0 0 0 0 0 0 0 0 0 0 0 0 0 0 0 0 0 0 0 0 0 0 0 0 0 0 0 0 0 0 0 0 0 0 0 0 0 0 0 0 0 0 0 0 0 0 0 0 0 0 0 0 0 0 0 0 0 0 0 0 0 0 0 0 0 0 0 0 0 0 0 0 0 0 0 0 0 0 0 0 0 0 0 0 0 0 0 0 0 0 0 0 0 0 0 0 0 0 0 0 0 0 0 0 0 0 0 0 0 0 0 0 0 0 0 0 0 0 0 0 0 0 0 0 0 0 0 0 0 0 0 0 0 0 0 0 0 0 0 0 0 0 0 0 0 0 0 0 0 0 0 0 0 0 0 0 0 0 0 0 0 0 0 0 0 0 0 0 0 0 0 0 0
ctxt 3519410430
btime 1790630938
processes 247401
procs_running 4
procs_blocked 0
softirq 3148701318 73526 6527156 2752002 3065374132 267906 0 13556764 35495500 410 24653922
