Running 10s test @ http://127.0.0.1:18500/
  16 threads and 32 connections
  Thread Stats   Avg      Stdev     Max   +/- Stdev
    Latency   147.89us   35.43us   0.99ms   93.55%
    Req/Sec    13.55k     1.71k   15.67k    65.41%
  Latency Distribution
     50%  146.00us
     75%  148.00us
     90%  154.00us
     99%  297.00us
  2179163 requests in 10.10s, 220.29MB read
Requests/sec: 215761.87
Transfer/sec:     21.81MB
## server-stat
cpu  2222398 921 1169872 24805436 43914 0 535789 0 0 0
cpu0 78238 17 32883 781318 1033 0 16452 0 0 0
cpu1 81021 21 33472 781175 842 0 16323 0 0 0
cpu2 82148 18 33695 780332 534 0 16518 0 0 0
cpu3 100911 19 42874 743208 1320 0 24315 0 0 0
cpu4 106801 20 42928 738207 761 0 24669 0 0 0
cpu5 86412 21 35012 774068 516 0 17279 0 0 0
cpu6 87205 18 35531 772320 455 0 18151 0 0 0
cpu7 85802 16 35707 773693 271 0 18103 0 0 0
cpu8 37864 29 33191 805296 1369 0 9854 0 0 0
cpu9 43129 34 35705 789719 3232 0 10553 0 0 0
cpu10 41592 32 34680 795173 1560 0 10504 0 0 0
cpu11 38613 28 32334 806996 984 0 9617 0 0 0
cpu12 64969 104 37463 765930 3968 0 11223 0 0 0
cpu13 62923 36 38018 766619 3780 0 11474 0 0 0
cpu14 38244 28 31772 810237 1133 0 9394 0 0 0
cpu15 35890 30 29400 819095 948 0 8541 0 0 0
cpu16 99086 14 39851 752652 582 0 21661 0 0 0
cpu17 94881 15 38897 757522 1441 0 20882 0 0 0
cpu18 92317 15 38069 762836 324 0 20193 0 0 0
cpu19 121985 16 48978 711426 811 0 29851 0 0 0
cpu20 114098 16 47052 722931 868 0 28474 0 0 0
cpu21 89675 16 37203 766133 771 0 19599 0 0 0
cpu22 84643 19 35692 773224 496 0 18182 0 0 0
cpu23 79754 19 34007 782382 591 0 16810 0 0 0
cpu24 41392 33 33006 805480 1258 0 10250 0 0 0
cpu25 45532 35 36249 789089 2396 0 11971 0 0 0
cpu26 43912 31 35554 793305 1799 0 11623 0 0 0
cpu27 37344 22 31688 796974 1479 0 18025 0 0 0
cpu28 63125 52 40713 748432 3162 0 23428 0 0 0
cpu29 66171 89 41919 741665 3019 0 23786 0 0 0
cpu30 36672 22 32832 792869 1269 0 17863 0 0 0
cpu31 40031 21 33482 805115 927 0 10211 0 0 0
intr 2293862811 126 0 0 0 0 0 0 0 0 1 0 0 0 0 0 0 0 0 0 0 0 0 0 0 0 0 0 1 1 1 0 0 0 0 1 0 1 0 0 75045 0 0 0 0 0 0 0 0 411 0 0 0 0 0 0 0 0 87 0 0 0 0 0 0 0 0 0 0 0 0 0 0 0 249689 2 35011773 34949049 34877464 35013198 0 7640 2745 3240 1827 3398 2789 2353 2748 1678 11469 19931 11537 8923 14832 16306 11732 7919 2977 2056 1673 3111 2415 2218 1739 1723 9683 8708 6338 6517 8168 7496 6971 8501 0 0 0 0 616625 3642 1036 0 264 0 0 0 0 0 0 0 0 0 0 0 0 0 0 0 0 0 0 0 0 0 0 0 0 0 0 0 0 0 0 0 0 0 0 0 0 0 0 0 0 0 0 0 0 0 0 0 0 0 0 0 0 0 0 0 0 0 0 0 0 0 0 0 0 0 0 0 0 0 0 0 0 0 0 0 0 0 0 0 0 0 0 0 0 0 0 0 0 0 0 0 0 0 0 0 0 0 0 0 0 0 0 0 0 0 0 0 0 0 0 0 0 0 0 0 0 0 0 0 0 0 0 0 0 0 0 0 0 0 0 0 0 0 0 0 0 0 0 0 0 0 0 0 0 0 0 0 0 0 0 0 0 0 0 0 0 0 0 0 0 0 0 0 0 0 0 0 0 0 0 0 0 0 0 0 0 0 0 0 0 0 0 0 0 0 0 0 0 0 0 0 0 0 0 0 0 0 0 0 0 0 0 0 0 0 0 0 0 0 0 0 0 0 0 0 0 0 0 0 0 0 0 0 0 0 0 0 0 0 0 0 0 0 0 0 0 0 0 0 0 0 0 0 0 0 0 0 0 0 0 0 0 0 0 0 0 0 0 0 0 0 0 0 0 0 0 0 0 0 0 0 0 0 0 0 0 0 0 0 0 0 0 0 0 0 0 0 0 0 0 0 0 0 0 0 0 0 0 0 0 0 0 0 0 0 0 0 0 0 0 0 0 0 0 0 0 0 0 0 0 0 0 0 0 0 0 0 0 0 0 0 0 0 0 0 0 0 0 0 0 0 0 0 0 0 0 0 0 0 0 0 0 0 0 0 0 0 0 0 0 0 0 0 0 0 0 0 0 0 0 0 0 0 0 0 0 0 0 0 0 0 0 0 0 0 0 0 0 0 0 0 0 0 0 0 0 0 0 0 0 0 0 0 0 0 0 0 0 0 0 0 0 0 0 0 0 0 0 0 0 0 0 0 0 0 0 0 0 0 0 0 0 0 0 0 0 0 0 0 0 0 0 0 0 0 0 0 0 0 0 0 0 0 0 0 0 0 0 0 0 0 0 0 0 0 0 0 0 0 0 0 0 0 0 0 0 0 0 0 0 0 0 0 0 0 0 0 0 0 0 0 0 0 0 0 0 0 0 0 0 0 0 0 0 0 0 0 0 0 0 0 0 0 0 0 0 0 0 0 0 0 0 0 0 0 0 0 0 0 0 0 0 0 0 0 0 0 0 0 0 0 0 0 0 0 0 0 0 0 0 0 0 0 0 0 0 0 0 0 0 0 0 0 0 0 0 0 0 0 0 0 0 0 0 0 0 0 0 0 0 0 0 0 0 0 0 0 0 0 0 0 0 0 0 0 0 0 0 0 0 0 0 0 0 0 0 0 0 0 0 0 0 0 0 0 0 0 0 0 0 0 0 0 0 0 0 0 0 0 0 0 0 0 0 0 0 0 0 0 0 0 0 0 0 0 0 0 0 0 0 0 0 0 0 0 0 0 0 0 0 0 0 0 0 0 0 0 0 0 0 0 0 0 0 0 0 0 0 0 0 0 0 0 0 0 0 0 0 0 0 0 0 0 0 0 0 0 0 0 0 0 0 0 0 0 0 0 0 0 0 0 0 0 0 0 0 0 0 0 0 0 0 0 0 0 0 0 0 0 0 0 0 0 0 0 0 0 0 0 0 0 0 0 0 0 0 0 0 0 0 0 0 0 0 0 0 0 0 0 0 0 0 0 0 0 0 0 0 0 0 0 0 0 0 0 0 0 0 0 0 0 0 0 0 0 0 0 0 0 0 0 0 0 0 0 0 0 0 0 0 0 0 0 0 0 0 0 0 0 0 0 0 0 0 0 0 0 0 0 0 0 0 0 0 0 0 0 0 0 0 0 0 0 0 0 0 0 0 0 0 0 0 0 0 0 0 0 0 0 0 0 0 0 0 0 0 0 0 0 0 0 0 0 0 0 0 0 0 0 0 0 0 0 0 0 0 0 0 0 0 0 0 0 0 0 0 0 0 0 0 0 0 0 0 0 0 0 0 0 0 0 0 0 0 0 0 0 0 0 0 0 0 0 0 0 0 0 0 0 0 0 0 0 0 0 0 0 0 0 0 0 0 0 0 0 0 0 0 0 0 0 0 0 0 0 0 0 0 0 0 0 0 0 0 0 0 0 0 0 0 0 0 0 0 0 0 0 0 0 0 0 0 0 0 0 0 0 0 0 0 0 0 0 0 0 0 0 0 0 0 0 0 0 0 0 0 0 0 0 0 0 0 0 0 0 0 0 0 0 0 0 0 0 0 0 0 0 0 0 0 0 0 0 0 0 0 0 0 0 0 0 0 0 0 0 0 0 0 0 0 0 0 0 0 0 0 0 0 0 0 0 0 0 0 0 0 0 0 0 0 0 0 0 0 0 0 0 0 0 0 0 0 0 0 0 0 0 0 0 0 0 0 0 0 0 0 0 0 0 0 0 0 0 0 0 0 0 0 0 0 0 0
ctxt 3417050136
btime 1790630938
processes 240981
procs_running 4
procs_blocked 0
softirq 3069412509 73526 6360170 2751956 2987266686 261246 0 13556590 34933877 410 24208048
--
cpu  2223300 922 1170286 24828209 43916 0 536194 0 0 0
cpu0 78240 17 32884 782104 1033 0 16453 0 0 0
cpu1 81023 21 33472 781971 842 0 16323 0 0 0
cpu2 82148 18 33695 781132 534 0 16518 0 0 0
cpu3 100979 19 42905 743875 1320 0 24347 0 0 0
cpu4 107122 20 43065 738398 761 0 24820 0 0 0
cpu5 86413 21 35013 774865 516 0 17279 0 0 0
cpu6 87205 18 35531 773119 455 0 18151 0 0 0
cpu7 85802 16 35707 774492 271 0 18103 0 0 0
cpu8 37866 29 33192 806064 1369 0 9854 0 0 0
cpu9 43134 34 35709 790428 3233 0 10555 0 0 0
cpu10 41593 32 34682 795879 1560 0 10505 0 0 0
cpu11 38613 28 32335 807735 984 0 9617 0 0 0
cpu12 64974 104 37469 766567 3968 0 11225 0 0 0
cpu13 62929 36 38025 767253 3780 0 11477 0 0 0
cpu14 38245 28 31774 810931 1133 0 9395 0 0 0
cpu15 35890 30 29402 819824 948 0 8541 0 0 0
cpu16 99097 14 39852 753440 582 0 21661 0 0 0
cpu17 94884 15 38898 758318 1441 0 20882 0 0 0
cpu18 92319 15 38069 763633 324 0 20193 0 0 0
cpu19 122333 16 49133 711562 811 0 30012 0 0 0
cpu20 114199 16 47096 723541 868 0 28518 0 0 0
cpu21 89676 16 37203 766931 771 0 19599 0 0 0
cpu22 84643 19 35692 774023 496 0 18182 0 0 0
cpu23 79754 19 34007 783180 591 0 16810 0 0 0
cpu24 41394 33 33006 806238 1258 0 10251 0 0 0
cpu25 45536 35 36251 789854 2396 0 11971 0 0 0
cpu26 43913 31 35555 794069 1799 0 11623 0 0 0
cpu27 37345 22 31689 797760 1479 0 18025 0 0 0
cpu28 63129 52 40716 749157 3162 0 23428 0 0 0
cpu29 66183 89 41926 742343 3019 0 23789 0 0 0
cpu30 36674 22 32835 793615 1269 0 17863 0 0 0
cpu31 40032 21 33483 805891 927 0 10211 0 0 0
intr 2295621200 126 0 0 0 0 0 0 0 0 1 0 0 0 0 0 0 0 0 0 0 0 0 0 0 0 0 0 1 1 1 0 0 0 0 1 0 1 0 0 75045 0 0 0 0 0 0 0 0 411 0 0 0 0 0 0 0 0 87 0 0 0 0 0 0 0 0 0 0 0 0 0 0 0 249689 2 35011805 34949069 34877499 35013214 0 7644 2745 3240 1827 3398 2789 2356 2748 1678 11469 20007 11537 8923 14864 16306 11732 7919 2978 2057 1673 3111 2415 2219 1739 1723 9683 8708 6338 6517 8168 7496 6971 8501 0 0 0 0 616625 3642 1036 0 264 0 0 0 0 0 0 0 0 0 0 0 0 0 0 0 0 0 0 0 0 0 0 0 0 0 0 0 0 0 0 0 0 0 0 0 0 0 0 0 0 0 0 0 0 0 0 0 0 0 0 0 0 0 0 0 0 0 0 0 0 0 0 0 0 0 0 0 0 0 0 0 0 0 0 0 0 0 0 0 0 0 0 0 0 0 0 0 0 0 0 0 0 0 0 0 0 0 0 0 0 0 0 0 0 0 0 0 0 0 0 0 0 0 0 0 0 0 0 0 0 0 0 0 0 0 0 0 0 0 0 0 0 0 0 0 0 0 0 0 0 0 0 0 0 0 0 0 0 0 0 0 0 0 0 0 0 0 0 0 0 0 0 0 0 0 0 0 0 0 0 0 0 0 0 0 0 0 0 0 0 0 0 0 0 0 0 0 0 0 0 0 0 0 0 0 0 0 0 0 0 0 0 0 0 0 0 0 0 0 0 0 0 0 0 0 0 0 0 0 0 0 0 0 0 0 0 0 0 0 0 0 0 0 0 0 0 0 0 0 0 0 0 0 0 0 0 0 0 0 0 0 0 0 0 0 0 0 0 0 0 0 0 0 0 0 0 0 0 0 0 0 0 0 0 0 0 0 0 0 0 0 0 0 0 0 0 0 0 0 0 0 0 0 0 0 0 0 0 0 0 0 0 0 0 0 0 0 0 0 0 0 0 0 0 0 0 0 0 0 0 0 0 0 0 0 0 0 0 0 0 0 0 0 0 0 0 0 0 0 0 0 0 0 0 0 0 0 0 0 0 0 0 0 0 0 0 0 0 0 0 0 0 0 0 0 0 0 0 0 0 0 0 0 0 0 0 0 0 0 0 0 0 0 0 0 0 0 0 0 0 0 0 0 0 0 0 0 0 0 0 0 0 0 0 0 0 0 0 0 0 0 0 0 0 0 0 0 0 0 0 0 0 0 0 0 0 0 0 0 0 0 0 0 0 0 0 0 0 0 0 0 0 0 0 0 0 0 0 0 0 0 0 0 0 0 0 0 0 0 0 0 0 0 0 0 0 0 0 0 0 0 0 0 0 0 0 0 0 0 0 0 0 0 0 0 0 0 0 0 0 0 0 0 0 0 0 0 0 0 0 0 0 0 0 0 0 0 0 0 0 0 0 0 0 0 0 0 0 0 0 0 0 0 0 0 0 0 0 0 0 0 0 0 0 0 0 0 0 0 0 0 0 0 0 0 0 0 0 0 0 0 0 0 0 0 0 0 0 0 0 0 0 0 0 0 0 0 0 0 0 0 0 0 0 0 0 0 0 0 0 0 0 0 0 0 0 0 0 0 0 0 0 0 0 0 0 0 0 0 0 0 0 0 0 0 0 0 0 0 0 0 0 0 0 0 0 0 0 0 0 0 0 0 0 0 0 0 0 0 0 0 0 0 0 0 0 0 0 0 0 0 0 0 0 0 0 0 0 0 0 0 0 0 0 0 0 0 0 0 0 0 0 0 0 0 0 0 0 0 0 0 0 0 0 0 0 0 0 0 0 0 0 0 0 0 0 0 0 0 0 0 0 0 0 0 0 0 0 0 0 0 0 0 0 0 0 0 0 0 0 0 0 0 0 0 0 0 0 0 0 0 0 0 0 0 0 0 0 0 0 0 0 0 0 0 0 0 0 0 0 0 0 0 0 0 0 0 0 0 0 0 0 0 0 0 0 0 0 0 0 0 0 0 0 0 0 0 0 0 0 0 0 0 0 0 0 0 0 0 0 0 0 0 0 0 0 0 0 0 0 0 0 0 0 0 0 0 0 0 0 0 0 0 0 0 0 0 0 0 0 0 0 0 0 0 0 0 0 0 0 0 0 0 0 0 0 0 0 0 0 0 0 0 0 0 0 0 0 0 0 0 0 0 0 0 0 0 0 0 0 0 0 0 0 0 0 0 0 0 0 0 0 0 0 0 0 0 0 0 0 0 0 0 0 0 0 0 0 0 0 0 0 0 0 0 0 0 0 0 0 0 0 0 0 0 0 0 0 0 0 0 0 0 0 0 0 0 0 0 0 0 0 0 0 0 0 0 0 0 0 0 0 0 0 0 0 0 0 0 0 0 0 0 0 0 0 0 0 0 0 0 0 0 0 0 0 0 0 0 0 0 0 0 0 0 0 0 0 0 0 0 0 0 0 0 0 0 0 0 0 0 0 0 0 0 0 0 0 0 0 0 0 0 0 0 0 0 0 0 0 0 0 0 0 0 0 0 0 0 0 0 0 0 0 0 0 0 0 0 0 0 0 0 0 0 0 0 0 0 0 0 0 0 0 0 0 0 0 0 0 0 0 0 0 0 0 0 0 0 0 0 0 0 0 0 0 0 0 0 0 0 0 0 0 0 0 0 0 0 0 0 0 0 0 0 0 0 0 0 0 0 0 0 0 0 0 0 0 0 0 0 0 0 0 0 0 0 0 0 0 0 0 0 0 0 0 0 0 0 0 0 0
ctxt 3420489586
btime 1790630938
processes 241018
procs_running 4
procs_blocked 0
softirq 3072886274 73526 6362979 2751956 2990720258 261250 0 13556590 34944694 410 24214611
