Running 10s test @ http://127.0.0.1:18500/json
  16 threads and 128 connections
  Thread Stats   Avg      Stdev     Max   +/- Stdev
    Latency   209.64us   47.97us   1.46ms   54.67%
    Req/Sec    38.19k     2.84k   58.31k    85.80%
  Latency Distribution
     50%  204.00us
     75%  253.00us
     90%  262.00us
     99%  334.00us
  6129137 requests in 10.10s, 847.55MB read
Requests/sec: 606885.75
Transfer/sec:     83.92MB
## server-stat
cpu  2414319 983 1254047 26568463 45401 0 596539 0 0 0
cpu0 85491 17 35044 837380 1035 0 18170 0 0 0
cpu1 88918 22 35751 837030 848 0 17971 0 0 0
cpu2 90810 19 36326 834695 589 0 18554 0 0 0
cpu3 114975 20 47089 789091 1323 0 27873 0 0 0
cpu4 121375 21 46956 784052 786 0 27978 0 0 0
cpu5 95704 22 37646 827913 571 0 19238 0 0 0
cpu6 97630 19 38556 824458 463 0 20428 0 0 0
cpu7 97054 17 39216 824143 285 0 20772 0 0 0
cpu8 38230 31 34845 866295 1421 0 10729 0 0 0
cpu9 43608 37 37489 849320 3330 0 11484 0 0 0
cpu10 42011 34 36399 855145 1605 0 11419 0 0 0
cpu11 38940 30 33878 868180 1056 0 10441 0 0 0
cpu12 66065 107 39446 824355 4037 0 12228 0 0 0
cpu13 63964 40 40051 824709 3958 0 12512 0 0 0
cpu14 38568 30 33291 871201 1218 0 10214 0 0 0
cpu15 36170 33 30793 880944 1019 0 9305 0 0 0
cpu16 112815 16 43735 799764 585 0 24772 0 0 0
cpu17 107325 16 42774 805825 1442 0 24070 0 0 0
cpu18 103569 16 41570 813034 324 0 23096 0 0 0
cpu19 139413 17 54365 751707 818 0 34569 0 0 0
cpu20 130933 17 52550 763451 879 0 33458 0 0 0
cpu21 100281 17 40717 816860 799 0 22571 0 0 0
cpu22 93693 20 38816 826338 497 0 20801 0 0 0
cpu23 87435 20 36572 837914 595 0 18952 0 0 0
cpu24 41734 35 34555 866779 1359 0 11111 0 0 0
cpu25 46062 39 38079 849373 2431 0 12932 0 0 0
cpu26 44366 35 37312 853880 1848 0 12582 0 0 0
cpu27 37659 24 33271 858553 1484 0 18893 0 0 0
cpu28 64544 57 43024 806513 3259 0 24585 0 0 0
cpu29 67560 94 44324 799301 3227 0 24960 0 0 0
cpu30 37045 24 34496 853722 1331 0 18769 0 0 0
cpu31 40361 23 35096 866526 964 0 11087 0 0 0
intr 2485465799 126 0 0 0 0 0 0 0 0 1 0 0 0 0 0 0 0 0 0 0 0 0 0 0 0 0 0 1 1 1 0 0 0 0 1 0 1 0 0 75045 0 0 0 0 0 0 0 0 411 0 0 0 0 0 0 0 0 87 0 0 0 0 0 0 0 0 0 0 0 0 0 0 0 263174 2 35015388 34954872 34881977 35016520 0 8198 2748 3249 1918 3400 2791 2430 2757 1682 11522 20225 11674 9002 15369 16613 11822 7996 2984 2063 1677 3150 2420 2220 1742 1741 9826 8862 6563 6807 8470 7690 7001 8520 0 0 0 0 616673 3725 1036 0 264 0 0 0 0 0 0 0 0 0 0 0 0 0 0 0 0 0 0 0 0 0 0 0 0 0 0 0 0 0 0 0 0 0 0 0 0 0 0 0 0 0 0 0 0 0 0 0 0 0 0 0 0 0 0 0 0 0 0 0 0 0 0 0 0 0 0 0 0 0 0 0 0 0 0 0 0 0 0 0 0 0 0 0 0 0 0 0 0 0 0 0 0 0 0 0 0 0 0 0 0 0 0 0 0 0 0 0 0 0 0 0 0 0 0 0 0 0 0 0 0 0 0 0 0 0 0 0 0 0 0 0 0 0 0 0 0 0 0 0 0 0 0 0 0 0 0 0 0 0 0 0 0 0 0 0 0 0 0 0 0 0 0 0 0 0 0 0 0 0 0 0 0 0 0 0 0 0 0 0 0 0 0 0 0 0 0 0 0 0 0 0 0 0 0 0 0 0 0 0 0 0 0 0 0 0 0 0 0 0 0 0 0 0 0 0 0 0 0 0 0 0 0 0 0 0 0 0 0 0 0 0 0 0 0 0 0 0 0 0 0 0 0 0 0 0 0 0 0 0 0 0 0 0 0 0 0 0 0 0 0 0 0 0 0 0 0 0 0 0 0 0 0 0 0 0 0 0 0 0 0 0 0 0 0 0 0 0 0 0 0 0 0 0 0 0 0 0 0 0 0 0 0 0 0 0 0 0 0 0 0 0 0 0 0 0 0 0 0 0 0 0 0 0 0 0 0 0 0 0 0 0 0 0 0 0 0 0 0 0 0 0 0 0 0 0 0 0 0 0 0 0 0 0 0 0 0 0 0 0 0 0 0 0 0 0 0 0 0 0 0 0 0 0 0 0 0 0 0 0 0 0 0 0 0 0 0 0 0 0 0 0 0 0 0 0 0 0 0 0 0 0 0 0 0 0 0 0 0 0 0 0 0 0 0 0 0 0 0 0 0 0 0 0 0 0 0 0 0 0 0 0 0 0 0 0 0 0 0 0 0 0 0 0 0 0 0 0 0 0 0 0 0 0 0 0 0 0 0 0 0 0 0 0 0 0 0 0 0 0 0 0 0 0 0 0 0 0 0 0 0 0 0 0 0 0 0 0 0 0 0 0 0 0 0 0 0 0 0 0 0 0 0 0 0 0 0 0 0 0 0 0 0 0 0 0 0 0 0 0 0 0 0 0 0 0 0 0 0 0 0 0 0 0 0 0 0 0 0 0 0 0 0 0 0 0 0 0 0 0 0 0 0 0 0 0 0 0 0 0 0 0 0 0 0 0 0 0 0 0 0 0 0 0 0 0 0 0 0 0 0 0 0 0 0 0 0 0 0 0 0 0 0 0 0 0 0 0 0 0 0 0 0 0 0 0 0 0 0 0 0 0 0 0 0 0 0 0 0 0 0 0 0 0 0 0 0 0 0 0 0 0 0 0 0 0 0 0 0 0 0 0 0 0 0 0 0 0 0 0 0 0 0 0 0 0 0 0 0 0 0 0 0 0 0 0 0 0 0 0 0 0 0 0 0 0 0 0 0 0 0 0 0 0 0 0 0 0 0 0 0 0 0 0 0 0 0 0 0 0 0 0 0 0 0 0 0 0 0 0 0 0 0 0 0 0 0 0 0 0 0 0 0 0 0 0 0 0 0 0 0 0 0 0 0 0 0 0 0 0 0 0 0 0 0 0 0 0 0 0 0 0 0 0 0 0 0 0 0 0 0 0 0 0 0 0 0 0 0 0 0 0 0 0 0 0 0 0 0 0 0 0 0 0 0 0 0 0 0 0 0 0 0 0 0 0 0 0 0 0 0 0 0 0 0 0 0 0 0 0 0 0 0 0 0 0 0 0 0 0 0 0 0 0 0 0 0 0 0 0 0 0 0 0 0 0 0 0 0 0 0 0 0 0 0 0 0 0 0 0 0 0 0 0 0 0 0 0 0 0 0 0 0 0 0 0 0 0 0 0 0 0 0 0 0 0 0 0 0 0 0 0 0 0 0 0 0 0 0 0 0 0 0 0 0 0 0 0 0 0 0 0 0 0 0 0 0 0 0 0 0 0 0 0 0 0 0 0 0 0 0 0 0 0 0 0 0 0 0 0 0 0 0 0 0 0 0 0 0 0 0 0 0 0 0 0 0 0 0 0 0 0 0 0 0 0 0 0 0 0 0 0 0 0 0 0 0 0 0 0 0 0 0 0 0 0 0 0 0 0 0 0 0 0 0 0 0 0 0 0 0 0 0 0 0 0 0 0 0 0 0 0 0 0 0 0 0 0 0 0 0 0 0 0 0 0 0 0 0 0 0 0 0 0 0 0 0 0 0 0 0 0 0 0 0 0 0 0 0 0 0 0 0 0 0 0 0 0 0 0 0 0 0 0 0 0 0 0 0 0 0 0 0 0 0 0 0 0 0 0 0 0 0 0 0 0 0 0 0 0 0 0 0 0 0 0 0 0 0 0 0 0 0 0 0 0 0 0 0 0 0 0 0
ctxt 3773222542
btime 1790630938
processes 255199
procs_running 14
procs_blocked 0
softirq 3446293530 73526 6773456 2752053 3359809845 275509 0 13556964 37128370 410 25923397
--
cpu  2418223 983 1256035 26584111 45437 0 598246 0 0 0
cpu0 85909 17 35200 837465 1035 0 18313 0 0 0
cpu1 89163 22 35849 837405 848 0 18047 0 0 0
cpu2 90845 19 36327 835448 590 0 18564 0 0 0
cpu3 114977 20 47089 789879 1324 0 27879 0 0 0
cpu4 121833 21 47141 784052 786 0 28135 0 0 0
cpu5 95728 22 37648 828673 584 0 19238 0 0 0
cpu6 98093 19 38739 824458 463 0 20582 0 0 0
cpu7 97112 17 39239 824824 300 0 20791 0 0 0
cpu8 38234 31 34880 866885 1421 0 10757 0 0 0
cpu9 43613 37 37523 849908 3330 0 11513 0 0 0
cpu10 42018 34 36435 855731 1606 0 11446 0 0 0
cpu11 38944 30 33910 868772 1057 0 10471 0 0 0
cpu12 66071 107 39482 824940 4037 0 12255 0 0 0
cpu13 63968 40 40086 825296 3958 0 12541 0 0 0
cpu14 38571 30 33326 871800 1218 0 10241 0 0 0
cpu15 36175 33 30823 881543 1019 0 9333 0 0 0
cpu16 112870 16 43753 800471 585 0 24789 0 0 0
cpu17 107554 16 42859 806234 1442 0 24146 0 0 0
cpu18 104042 16 41746 813034 324 0 23247 0 0 0
cpu19 139882 17 54536 751707 818 0 34730 0 0 0
cpu20 130941 17 52550 764240 879 0 33458 0 0 0
cpu21 100753 17 40893 816860 799 0 22723 0 0 0
cpu22 93695 20 38816 827132 497 0 20801 0 0 0
cpu23 87838 20 36737 838007 595 0 19090 0 0 0
cpu24 41739 35 34590 867366 1359 0 11138 0 0 0
cpu25 46068 39 38112 849956 2431 0 12961 0 0 0
cpu26 44372 35 37348 854462 1850 0 12609 0 0 0
cpu27 37664 24 33303 859142 1484 0 18922 0 0 0
cpu28 64550 57 43062 807093 3259 0 24613 0 0 0
cpu29 67572 94 44359 799877 3227 0 24987 0 0 0
cpu30 37049 24 34532 854317 1331 0 18799 0 0 0
cpu31 40366 23 35126 867120 964 0 11116 0 0 0
intr 2489304560 126 0 0 0 0 0 0 0 0 1 0 0 0 0 0 0 0 0 0 0 0 0 0 0 0 0 0 1 1 1 0 0 0 0 1 0 1 0 0 75045 0 0 0 0 0 0 0 0 411 0 0 0 0 0 0 0 0 87 0 0 0 0 0 0 0 0 0 0 0 0 0 0 0 263523 2 35015410 34954923 34881992 35016535 0 8206 2748 3249 1918 3400 2791 2430 2757 1682 11522 20229 11674 9002 15369 16613 11822 8002 2984 2063 1677 3150 2420 2220 1742 1741 9826 8862 6564 6842 8470 7691 7001 8520 0 0 0 0 616673 3725 1036 0 264 0 0 0 0 0 0 0 0 0 0 0 0 0 0 0 0 0 0 0 0 0 0 0 0 0 0 0 0 0 0 0 0 0 0 0 0 0 0 0 0 0 0 0 0 0 0 0 0 0 0 0 0 0 0 0 0 0 0 0 0 0 0 0 0 0 0 0 0 0 0 0 0 0 0 0 0 0 0 0 0 0 0 0 0 0 0 0 0 0 0 0 0 0 0 0 0 0 0 0 0 0 0 0 0 0 0 0 0 0 0 0 0 0 0 0 0 0 0 0 0 0 0 0 0 0 0 0 0 0 0 0 0 0 0 0 0 0 0 0 0 0 0 0 0 0 0 0 0 0 0 0 0 0 0 0 0 0 0 0 0 0 0 0 0 0 0 0 0 0 0 0 0 0 0 0 0 0 0 0 0 0 0 0 0 0 0 0 0 0 0 0 0 0 0 0 0 0 0 0 0 0 0 0 0 0 0 0 0 0 0 0 0 0 0 0 0 0 0 0 0 0 0 0 0 0 0 0 0 0 0 0 0 0 0 0 0 0 0 0 0 0 0 0 0 0 0 0 0 0 0 0 0 0 0 0 0 0 0 0 0 0 0 0 0 0 0 0 0 0 0 0 0 0 0 0 0 0 0 0 0 0 0 0 0 0 0 0 0 0 0 0 0 0 0 0 0 0 0 0 0 0 0 0 0 0 0 0 0 0 0 0 0 0 0 0 0 0 0 0 0 0 0 0 0 0 0 0 0 0 0 0 0 0 0 0 0 0 0 0 0 0 0 0 0 0 0 0 0 0 0 0 0 0 0 0 0 0 0 0 0 0 0 0 0 0 0 0 0 0 0 0 0 0 0 0 0 0 0 0 0 0 0 0 0 0 0 0 0 0 0 0 0 0 0 0 0 0 0 0 0 0 0 0 0 0 0 0 0 0 0 0 0 0 0 0 0 0 0 0 0 0 0 0 0 0 0 0 0 0 0 0 0 0 0 0 0 0 0 0 0 0 0 0 0 0 0 0 0 0 0 0 0 0 0 0 0 0 0 0 0 0 0 0 0 0 0 0 0 0 0 0 0 0 0 0 0 0 0 0 0 0 0 0 0 0 0 0 0 0 0 0 0 0 0 0 0 0 0 0 0 0 0 0 0 0 0 0 0 0 0 0 0 0 0 0 0 0 0 0 0 0 0 0 0 0 0 0 0 0 0 0 0 0 0 0 0 0 0 0 0 0 0 0 0 0 0 0 0 0 0 0 0 0 0 0 0 0 0 0 0 0 0 0 0 0 0 0 0 0 0 0 0 0 0 0 0 0 0 0 0 0 0 0 0 0 0 0 0 0 0 0 0 0 0 0 0 0 0 0 0 0 0 0 0 0 0 0 0 0 0 0 0 0 0 0 0 0 0 0 0 0 0 0 0 0 0 0 0 0 0 0 0 0 0 0 0 0 0 0 0 0 0 0 0 0 0 0 0 0 0 0 0 0 0 0 0 0 0 0 0 0 0 0 0 0 0 0 0 0 0 0 0 0 0 0 0 0 0 0 0 0 0 0 0 0 0 0 0 0 0 0 0 0 0 0 0 0 0 0 0 0 0 0 0 0 0 0 0 0 0 0 0 0 0 0 0 0 0 0 0 0 0 0 0 0 0 0 0 0 0 0 0 0 0 0 0 0 0 0 0 0 0 0 0 0 0 0 0 0 0 0 0 0 0 0 0 0 0 0 0 0 0 0 0 0 0 0 0 0 0 0 0 0 0 0 0 0 0 0 0 0 0 0 0 0 0 0 0 0 0 0 0 0 0 0 0 0 0 0 0 0 0 0 0 0 0 0 0 0 0 0 0 0 0 0 0 0 0 0 0 0 0 0 0 0 0 0 0 0 0 0 0 0 0 0 0 0 0 0 0 0 0 0 0 0 0 0 0 0 0 0 0 0 0 0 0 0 0 0 0 0 0 0 0 0 0 0 0 0 0 0 0 0 0 0 0 0 0 0 0 0 0 0 0 0 0 0 0 0 0 0 0 0 0 0 0 0 0 0 0 0 0 0 0 0 0 0 0 0 0 0 0 0 0 0 0 0 0 0 0 0 0 0 0 0 0 0 0 0 0 0 0 0 0 0 0 0 0 0 0 0 0 0 0 0 0 0 0 0 0 0 0 0 0 0 0 0 0 0 0 0 0 0 0 0 0 0 0 0 0 0 0 0 0 0 0 0 0 0 0 0 0 0 0 0 0 0 0 0 0 0 0 0 0 0 0 0 0 0 0 0 0 0 0 0 0 0 0 0 0 0 0 0 0 0 0 0 0 0 0 0 0 0 0 0 0 0 0 0 0 0 0 0 0 0 0 0 0 0 0 0 0 0 0 0 0 0 0 0 0 0 0 0 0 0 0 0 0 0 0 0 0 0 0 0 0 0 0 0 0 0 0 0 0 0 0 0 0 0 0 0 0 0 0 0 0 0 0 0 0 0 0 0 0 0 0 0 0 0 0 0 0
ctxt 3780666991
btime 1790630938
processes 255269
procs_running 13
procs_blocked 0
softirq 3456036753 73526 6777754 2752053 3369500612 275873 0 13556964 37149044 410 25950517
