Running 10s test @ http://127.0.0.1:18500/
  16 threads and 128 connections
  Thread Stats   Avg      Stdev     Max   +/- Stdev
    Latency   132.57us   49.72us   3.19ms   80.99%
    Req/Sec    60.64k     7.18k   92.42k    66.15%
  Latency Distribution
     50%  107.00us
     75%  179.00us
     90%  188.00us
     99%  293.00us
  9731583 requests in 10.10s, 1.18GB read
Requests/sec: 963586.42
Transfer/sec:    119.46MB
## server-stat
cpu  2388073 975 1238651 26414293 45231 0 584032 0 0 0
cpu0 84614 17 34691 832091 1035 0 17800 0 0 0
cpu1 88399 22 35540 831011 848 0 17776 0 0 0
cpu2 89590 18 35901 829835 556 0 18134 0 0 0
cpu3 114484 19 46962 782850 1321 0 27775 0 0 0
cpu4 120488 21 46722 778404 786 0 27787 0 0 0
cpu5 95229 22 37482 821771 558 0 19067 0 0 0
cpu6 96064 19 38079 820009 463 0 19953 0 0 0
cpu7 95187 17 38656 820133 273 0 20251 0 0 0
cpu8 38154 31 34459 860900 1421 0 10513 0 0 0
cpu9 43514 37 37098 843973 3328 0 11258 0 0 0
cpu10 41921 33 36017 849799 1605 0 11196 0 0 0
cpu11 38862 30 33503 862784 1053 0 10219 0 0 0
cpu12 65934 107 39024 819086 4036 0 12000 0 0 0
cpu13 63828 40 39639 819449 3957 0 12274 0 0 0
cpu14 38495 30 32920 865777 1207 0 9987 0 0 0
cpu15 36099 33 30437 875462 1018 0 9090 0 0 0
cpu16 110504 15 42985 796529 584 0 24096 0 0 0
cpu17 104734 16 41861 803239 1442 0 23188 0 0 0
cpu18 101725 16 40859 809306 324 0 22407 0 0 0
cpu19 136802 16 53318 749413 818 0 33548 0 0 0
cpu20 128748 16 51616 760526 878 0 32533 0 0 0
cpu21 97684 17 39752 814399 787 0 21633 0 0 0
cpu22 92223 20 38159 822142 497 0 20154 0 0 0
cpu23 86260 20 35992 833293 595 0 18362 0 0 0
cpu24 41655 35 34181 861405 1357 0 10879 0 0 0
cpu25 45953 38 37664 844071 2430 0 12698 0 0 0
cpu26 44271 35 36908 848591 1830 0 12338 0 0 0
cpu27 37587 24 32891 853190 1482 0 18661 0 0 0
cpu28 64392 56 42589 801277 3246 0 24336 0 0 0
cpu29 67413 92 43886 794083 3213 0 24709 0 0 0
cpu30 36960 24 34128 848332 1325 0 18537 0 0 0
cpu31 40285 23 34720 861147 943 0 10861 0 0 0
intr 2459415350 126 0 0 0 0 0 0 0 0 1 0 0 0 0 0 0 0 0 0 0 0 0 0 0 0 0 0 1 1 1 0 0 0 0 1 0 1 0 0 75045 0 0 0 0 0 0 0 0 411 0 0 0 0 0 0 0 0 87 0 0 0 0 0 0 0 0 0 0 0 0 0 0 0 261637 2 35015100 34954242 34881743 35016179 0 8141 2748 3249 1917 3400 2790 2430 2757 1682 11520 20203 11672 8960 15352 16605 11817 7990 2983 2062 1677 3149 2419 2220 1742 1740 9820 8862 6560 6728 8388 7690 7001 8518 0 0 0 0 616665 3713 1036 0 264 0 0 0 0 0 0 0 0 0 0 0 0 0 0 0 0 0 0 0 0 0 0 0 0 0 0 0 0 0 0 0 0 0 0 0 0 0 0 0 0 0 0 0 0 0 0 0 0 0 0 0 0 0 0 0 0 0 0 0 0 0 0 0 0 0 0 0 0 0 0 0 0 0 0 0 0 0 0 0 0 0 0 0 0 0 0 0 0 0 0 0 0 0 0 0 0 0 0 0 0 0 0 0 0 0 0 0 0 0 0 0 0 0 0 0 0 0 0 0 0 0 0 0 0 0 0 0 0 0 0 0 0 0 0 0 0 0 0 0 0 0 0 0 0 0 0 0 0 0 0 0 0 0 0 0 0 0 0 0 0 0 0 0 0 0 0 0 0 0 0 0 0 0 0 0 0 0 0 0 0 0 0 0 0 0 0 0 0 0 0 0 0 0 0 0 0 0 0 0 0 0 0 0 0 0 0 0 0 0 0 0 0 0 0 0 0 0 0 0 0 0 0 0 0 0 0 0 0 0 0 0 0 0 0 0 0 0 0 0 0 0 0 0 0 0 0 0 0 0 0 0 0 0 0 0 0 0 0 0 0 0 0 0 0 0 0 0 0 0 0 0 0 0 0 0 0 0 0 0 0 0 0 0 0 0 0 0 0 0 0 0 0 0 0 0 0 0 0 0 0 0 0 0 0 0 0 0 0 0 0 0 0 0 0 0 0 0 0 0 0 0 0 0 0 0 0 0 0 0 0 0 0 0 0 0 0 0 0 0 0 0 0 0 0 0 0 0 0 0 0 0 0 0 0 0 0 0 0 0 0 0 0 0 0 0 0 0 0 0 0 0 0 0 0 0 0 0 0 0 0 0 0 0 0 0 0 0 0 0 0 0 0 0 0 0 0 0 0 0 0 0 0 0 0 0 0 0 0 0 0 0 0 0 0 0 0 0 0 0 0 0 0 0 0 0 0 0 0 0 0 0 0 0 0 0 0 0 0 0 0 0 0 0 0 0 0 0 0 0 0 0 0 0 0 0 0 0 0 0 0 0 0 0 0 0 0 0 0 0 0 0 0 0 0 0 0 0 0 0 0 0 0 0 0 0 0 0 0 0 0 0 0 0 0 0 0 0 0 0 0 0 0 0 0 0 0 0 0 0 0 0 0 0 0 0 0 0 0 0 0 0 0 0 0 0 0 0 0 0 0 0 0 0 0 0 0 0 0 0 0 0 0 0 0 0 0 0 0 0 0 0 0 0 0 0 0 0 0 0 0 0 0 0 0 0 0 0 0 0 0 0 0 0 0 0 0 0 0 0 0 0 0 0 0 0 0 0 0 0 0 0 0 0 0 0 0 0 0 0 0 0 0 0 0 0 0 0 0 0 0 0 0 0 0 0 0 0 0 0 0 0 0 0 0 0 0 0 0 0 0 0 0 0 0 0 0 0 0 0 0 0 0 0 0 0 0 0 0 0 0 0 0 0 0 0 0 0 0 0 0 0 0 0 0 0 0 0 0 0 0 0 0 0 0 0 0 0 0 0 0 0 0 0 0 0 0 0 0 0 0 0 0 0 0 0 0 0 0 0 0 0 0 0 0 0 0 0 0 0 0 0 0 0 0 0 0 0 0 0 0 0 0 0 0 0 0 0 0 0 0 0 0 0 0 0 0 0 0 0 0 0 0 0 0 0 0 0 0 0 0 0 0 0 0 0 0 0 0 0 0 0 0 0 0 0 0 0 0 0 0 0 0 0 0 0 0 0 0 0 0 0 0 0 0 0 0 0 0 0 0 0 0 0 0 0 0 0 0 0 0 0 0 0 0 0 0 0 0 0 0 0 0 0 0 0 0 0 0 0 0 0 0 0 0 0 0 0 0 0 0 0 0 0 0 0 0 0 0 0 0 0 0 0 0 0 0 0 0 0 0 0 0 0 0 0 0 0 0 0 0 0 0 0 0 0 0 0 0 0 0 0 0 0 0 0 0 0 0 0 0 0 0 0 0 0 0 0 0 0 0 0 0 0 0 0 0 0 0 0 0 0 0 0 0 0 0 0 0 0 0 0 0 0 0 0 0 0 0 0 0 0 0 0 0 0 0 0 0 0 0 0 0 0 0 0 0 0 0 0 0 0 0 0 0 0 0 0 0 0 0 0 0 0 0 0 0 0 0 0 0 0 0 0 0 0 0 0 0 0 0 0 0 0 0 0 0 0 0 0 0 0 0 0 0 0 0 0 0 0 0 0 0 0 0 0 0 0 0 0 0 0 0 0 0 0 0 0 0 0 0 0 0 0 0 0 0 0 0 0 0 0 0 0 0 0 0 0 0 0 0 0 0 0 0 0 0 0 0 0 0 0 0 0 0 0 0 0 0 0 0 0 0 0 0 0 0 0 0 0 0 0 0 0 0 0 0 0 0 0 0 0 0 0 0 0 0 0 0 0 0 0 0 0 0 0 0 0 0 0 0 0 0 0 0 0 0 0 0 0 0 0 0
ctxt 3722849283
btime 1790630938
processes 253740
procs_running 16
procs_blocked 0
softirq 3370149598 73526 6703298 2752043 3284154340 273896 0 13556923 36939020 410 25696142
--
cpu  2391479 976 1241834 26428044 45247 0 586562 0 0 0
cpu0 84753 17 34763 832593 1035 0 17875 0 0 0
cpu1 88400 22 35540 831803 848 0 17779 0 0 0
cpu2 89590 19 35902 830633 556 0 18134 0 0 0
cpu3 114485 19 46963 783648 1321 0 27775 0 0 0
cpu4 120488 21 46722 779202 786 0 27787 0 0 0
cpu5 95229 22 37482 822569 558 0 19067 0 0 0
cpu6 96064 19 38079 820806 463 0 19953 0 0 0
cpu7 95267 17 38700 820761 273 0 20297 0 0 0
cpu8 38170 31 34556 861370 1421 0 10560 0 0 0
cpu9 43531 37 37191 844443 3328 0 11306 0 0 0
cpu10 41940 33 36114 850264 1605 0 11245 0 0 0
cpu11 38880 30 33597 863252 1053 0 10267 0 0 0
cpu12 65954 107 39127 819550 4036 0 12047 0 0 0
cpu13 63848 40 39736 819913 3957 0 12324 0 0 0
cpu14 38513 30 33014 866253 1207 0 10040 0 0 0
cpu15 36115 33 30527 875946 1018 0 9135 0 0 0
cpu16 110779 15 43114 796810 584 0 24209 0 0 0
cpu17 105127 16 42057 803239 1442 0 23398 0 0 0
cpu18 102095 16 41069 809306 324 0 22629 0 0 0
cpu19 137185 16 53522 749413 818 0 33761 0 0 0
cpu20 129133 16 51815 760526 878 0 32748 0 0 0
cpu21 98061 17 39955 814399 787 0 21852 0 0 0
cpu22 92606 20 38360 822142 497 0 20370 0 0 0
cpu23 86554 20 36152 833462 595 0 18538 0 0 0
cpu24 41674 35 34272 861864 1357 0 10931 0 0 0
cpu25 45977 39 37765 844525 2430 0 12749 0 0 0
cpu26 44290 35 37011 849035 1840 0 12395 0 0 0
cpu27 37605 24 32984 853647 1482 0 18716 0 0 0
cpu28 64425 56 42698 801723 3247 0 24391 0 0 0
cpu29 67447 93 43990 794527 3216 0 24766 0 0 0
cpu30 36980 24 34224 848796 1325 0 18590 0 0 0
cpu31 40302 23 34819 861607 944 0 10911 0 0 0
intr 2464312546 126 0 0 0 0 0 0 0 0 1 0 0 0 0 0 0 0 0 0 0 0 0 0 0 0 0 0 1 1 1 0 0 0 0 1 0 1 0 0 75045 0 0 0 0 0 0 0 0 411 0 0 0 0 0 0 0 0 87 0 0 0 0 0 0 0 0 0 0 0 0 0 0 0 261902 2 35015120 34954303 34881771 35016202 0 8149 2748 3249 1917 3400 2790 2430 2757 1682 11520 20206 11673 8962 15355 16605 11817 7990 2983 2062 1677 3149 2419 2220 1742 1740 9821 8862 6562 6728 8466 7690 7001 8519 0 0 0 0 616669 3713 1036 0 264 0 0 0 0 0 0 0 0 0 0 0 0 0 0 0 0 0 0 0 0 0 0 0 0 0 0 0 0 0 0 0 0 0 0 0 0 0 0 0 0 0 0 0 0 0 0 0 0 0 0 0 0 0 0 0 0 0 0 0 0 0 0 0 0 0 0 0 0 0 0 0 0 0 0 0 0 0 0 0 0 0 0 0 0 0 0 0 0 0 0 0 0 0 0 0 0 0 0 0 0 0 0 0 0 0 0 0 0 0 0 0 0 0 0 0 0 0 0 0 0 0 0 0 0 0 0 0 0 0 0 0 0 0 0 0 0 0 0 0 0 0 0 0 0 0 0 0 0 0 0 0 0 0 0 0 0 0 0 0 0 0 0 0 0 0 0 0 0 0 0 0 0 0 0 0 0 0 0 0 0 0 0 0 0 0 0 0 0 0 0 0 0 0 0 0 0 0 0 0 0 0 0 0 0 0 0 0 0 0 0 0 0 0 0 0 0 0 0 0 0 0 0 0 0 0 0 0 0 0 0 0 0 0 0 0 0 0 0 0 0 0 0 0 0 0 0 0 0 0 0 0 0 0 0 0 0 0 0 0 0 0 0 0 0 0 0 0 0 0 0 0 0 0 0 0 0 0 0 0 0 0 0 0 0 0 0 0 0 0 0 0 0 0 0 0 0 0 0 0 0 0 0 0 0 0 0 0 0 0 0 0 0 0 0 0 0 0 0 0 0 0 0 0 0 0 0 0 0 0 0 0 0 0 0 0 0 0 0 0 0 0 0 0 0 0 0 0 0 0 0 0 0 0 0 0 0 0 0 0 0 0 0 0 0 0 0 0 0 0 0 0 0 0 0 0 0 0 0 0 0 0 0 0 0 0 0 0 0 0 0 0 0 0 0 0 0 0 0 0 0 0 0 0 0 0 0 0 0 0 0 0 0 0 0 0 0 0 0 0 0 0 0 0 0 0 0 0 0 0 0 0 0 0 0 0 0 0 0 0 0 0 0 0 0 0 0 0 0 0 0 0 0 0 0 0 0 0 0 0 0 0 0 0 0 0 0 0 0 0 0 0 0 0 0 0 0 0 0 0 0 0 0 0 0 0 0 0 0 0 0 0 0 0 0 0 0 0 0 0 0 0 0 0 0 0 0 0 0 0 0 0 0 0 0 0 0 0 0 0 0 0 0 0 0 0 0 0 0 0 0 0 0 0 0 0 0 0 0 0 0 0 0 0 0 0 0 0 0 0 0 0 0 0 0 0 0 0 0 0 0 0 0 0 0 0 0 0 0 0 0 0 0 0 0 0 0 0 0 0 0 0 0 0 0 0 0 0 0 0 0 0 0 0 0 0 0 0 0 0 0 0 0 0 0 0 0 0 0 0 0 0 0 0 0 0 0 0 0 0 0 0 0 0 0 0 0 0 0 0 0 0 0 0 0 0 0 0 0 0 0 0 0 0 0 0 0 0 0 0 0 0 0 0 0 0 0 0 0 0 0 0 0 0 0 0 0 0 0 0 0 0 0 0 0 0 0 0 0 0 0 0 0 0 0 0 0 0 0 0 0 0 0 0 0 0 0 0 0 0 0 0 0 0 0 0 0 0 0 0 0 0 0 0 0 0 0 0 0 0 0 0 0 0 0 0 0 0 0 0 0 0 0 0 0 0 0 0 0 0 0 0 0 0 0 0 0 0 0 0 0 0 0 0 0 0 0 0 0 0 0 0 0 0 0 0 0 0 0 0 0 0 0 0 0 0 0 0 0 0 0 0 0 0 0 0 0 0 0 0 0 0 0 0 0 0 0 0 0 0 0 0 0 0 0 0 0 0 0 0 0 0 0 0 0 0 0 0 0 0 0 0 0 0 0 0 0 0 0 0 0 0 0 0 0 0 0 0 0 0 0 0 0 0 0 0 0 0 0 0 0 0 0 0 0 0 0 0 0 0 0 0 0 0 0 0 0 0 0 0 0 0 0 0 0 0 0 0 0 0 0 0 0 0 0 0 0 0 0 0 0 0 0 0 0 0 0 0 0 0 0 0 0 0 0 0 0 0 0 0 0 0 0 0 0 0 0 0 0 0 0 0 0 0 0 0 0 0 0 0 0 0 0 0 0 0 0 0 0 0 0 0 0 0 0 0 0 0 0 0 0 0 0 0 0 0 0 0 0 0 0 0 0 0 0 0 0 0 0 0 0 0 0 0 0 0 0 0 0 0 0 0 0 0 0 0 0 0 0 0 0 0 0 0 0 0 0 0 0 0 0 0 0 0 0 0 0 0 0 0 0 0 0 0 0 0 0 0 0 0 0 0 0 0 0 0 0 0 0 0 0 0 0 0 0 0 0 0 0 0 0 0 0 0 0 0 0 0 0 0 0 0 0 0 0 0 0 0 0 0 0 0 0 0 0 0 0 0 0 0 0 0 0 0 0 0 0 0 0 0 0 0 0 0 0 0 0 0 0 0 0 0 0 0 0 0 0 0 0 0 0 0 0
ctxt 3732483555
btime 1790630938
processes 253818
procs_running 17
procs_blocked 0
softirq 3385623005 73526 6708290 2752043 3299552341 274171 0 13556923 36971497 410 25733804
