Running 10s test @ http://127.0.0.1:18500/page
  16 threads and 128 connections
  Thread Stats   Avg      Stdev     Max   +/- Stdev
    Latency   604.76us  285.49us   3.28ms   62.37%
    Req/Sec    13.42k     4.89k   28.47k    80.96%
  Latency Distribution
     50%  520.00us
     75%  811.00us
     90%    1.00ms
     99%    1.43ms
  2151530 requests in 10.10s, 20.73GB read
Requests/sec: 213031.02
Transfer/sec:      2.05GB
## server-stat
cpu  2400353 979 1248078 26506412 45317 0 591633 0 0 0
cpu0 85224 17 34952 834963 1035 0 18083 0 0 0
cpu1 88480 22 35582 834875 848 0 17823 0 0 0
cpu2 90158 19 36169 832737 589 0 18415 0 0 0
cpu3 114679 20 47028 786581 1323 0 27828 0 0 0
cpu4 120642 21 46762 782227 786 0 27817 0 0 0
cpu5 95702 22 37645 825018 558 0 19237 0 0 0
cpu6 96856 19 38387 822642 463 0 20272 0 0 0
cpu7 95722 17 38831 823294 273 0 20432 0 0 0
cpu8 38208 31 34741 863976 1421 0 10654 0 0 0
cpu9 43576 37 37373 847025 3329 0 11404 0 0 0
cpu10 41980 34 36291 852851 1605 0 11340 0 0 0
cpu11 38912 30 33768 865861 1054 0 10365 0 0 0
cpu12 66029 107 39322 822091 4036 0 12146 0 0 0
cpu13 63920 40 39924 822451 3957 0 12429 0 0 0
cpu14 38548 30 33186 868873 1207 0 10138 0 0 0
cpu15 36149 33 30690 878587 1018 0 9230 0 0 0
cpu16 111362 16 43331 799054 584 0 24421 0 0 0
cpu17 106086 16 42423 804804 1442 0 23765 0 0 0
cpu18 102528 16 41216 811826 324 0 22783 0 0 0
cpu19 138026 17 53901 751052 818 0 34158 0 0 0
cpu20 130005 16 52215 762100 878 0 33158 0 0 0
cpu21 98604 17 40204 816590 799 0 22113 0 0 0
cpu22 92802 20 38468 824973 497 0 20489 0 0 0
cpu23 87089 20 36434 835602 595 0 18837 0 0 0
cpu24 41710 35 34455 864463 1358 0 11032 0 0 0
cpu25 46026 39 37956 847096 2431 0 12855 0 0 0
cpu26 44332 35 37191 851608 1840 0 12503 0 0 0
cpu27 37638 24 33161 856242 1483 0 18817 0 0 0
cpu28 64485 56 42892 804273 3247 0 24501 0 0 0
cpu29 67503 93 44182 797064 3224 0 24872 0 0 0
cpu30 37018 24 34393 851397 1325 0 18687 0 0 0
cpu31 40340 23 34992 864199 953 0 11014 0 0 0
intr 2474482781 126 0 0 0 0 0 0 0 0 1 0 0 0 0 0 0 0 0 0 0 0 0 0 0 0 0 0 1 1 1 0 0 0 0 1 0 1 0 0 75045 0 0 0 0 0 0 0 0 411 0 0 0 0 0 0 0 0 87 0 0 0 0 0 0 0 0 0 0 0 0 0 0 0 262532 2 35015216 34954640 34881864 35016357 0 8173 2748 3249 1918 3400 2790 2430 2757 1682 11522 20213 11673 9002 15367 16610 11817 7994 2984 2062 1677 3150 2419 2220 1742 1741 9821 8862 6562 6804 8466 7690 7001 8519 0 0 0 0 616669 3722 1036 0 264 0 0 0 0 0 0 0 0 0 0 0 0 0 0 0 0 0 0 0 0 0 0 0 0 0 0 0 0 0 0 0 0 0 0 0 0 0 0 0 0 0 0 0 0 0 0 0 0 0 0 0 0 0 0 0 0 0 0 0 0 0 0 0 0 0 0 0 0 0 0 0 0 0 0 0 0 0 0 0 0 0 0 0 0 0 0 0 0 0 0 0 0 0 0 0 0 0 0 0 0 0 0 0 0 0 0 0 0 0 0 0 0 0 0 0 0 0 0 0 0 0 0 0 0 0 0 0 0 0 0 0 0 0 0 0 0 0 0 0 0 0 0 0 0 0 0 0 0 0 0 0 0 0 0 0 0 0 0 0 0 0 0 0 0 0 0 0 0 0 0 0 0 0 0 0 0 0 0 0 0 0 0 0 0 0 0 0 0 0 0 0 0 0 0 0 0 0 0 0 0 0 0 0 0 0 0 0 0 0 0 0 0 0 0 0 0 0 0 0 0 0 0 0 0 0 0 0 0 0 0 0 0 0 0 0 0 0 0 0 0 0 0 0 0 0 0 0 0 0 0 0 0 0 0 0 0 0 0 0 0 0 0 0 0 0 0 0 0 0 0 0 0 0 0 0 0 0 0 0 0 0 0 0 0 0 0 0 0 0 0 0 0 0 0 0 0 0 0 0 0 0 0 0 0 0 0 0 0 0 0 0 0 0 0 0 0 0 0 0 0 0 0 0 0 0 0 0 0 0 0 0 0 0 0 0 0 0 0 0 0 0 0 0 0 0 0 0 0 0 0 0 0 0 0 0 0 0 0 0 0 0 0 0 0 0 0 0 0 0 0 0 0 0 0 0 0 0 0 0 0 0 0 0 0 0 0 0 0 0 0 0 0 0 0 0 0 0 0 0 0 0 0 0 0 0 0 0 0 0 0 0 0 0 0 0 0 0 0 0 0 0 0 0 0 0 0 0 0 0 0 0 0 0 0 0 0 0 0 0 0 0 0 0 0 0 0 0 0 0 0 0 0 0 0 0 0 0 0 0 0 0 0 0 0 0 0 0 0 0 0 0 0 0 0 0 0 0 0 0 0 0 0 0 0 0 0 0 0 0 0 0 0 0 0 0 0 0 0 0 0 0 0 0 0 0 0 0 0 0 0 0 0 0 0 0 0 0 0 0 0 0 0 0 0 0 0 0 0 0 0 0 0 0 0 0 0 0 0 0 0 0 0 0 0 0 0 0 0 0 0 0 0 0 0 0 0 0 0 0 0 0 0 0 0 0 0 0 0 0 0 0 0 0 0 0 0 0 0 0 0 0 0 0 0 0 0 0 0 0 0 0 0 0 0 0 0 0 0 0 0 0 0 0 0 0 0 0 0 0 0 0 0 0 0 0 0 0 0 0 0 0 0 0 0 0 0 0 0 0 0 0 0 0 0 0 0 0 0 0 0 0 0 0 0 0 0 0 0 0 0 0 0 0 0 0 0 0 0 0 0 0 0 0 0 0 0 0 0 0 0 0 0 0 0 0 0 0 0 0 0 0 0 0 0 0 0 0 0 0 0 0 0 0 0 0 0 0 0 0 0 0 0 0 0 0 0 0 0 0 0 0 0 0 0 0 0 0 0 0 0 0 0 0 0 0 0 0 0 0 0 0 0 0 0 0 0 0 0 0 0 0 0 0 0 0 0 0 0 0 0 0 0 0 0 0 0 0 0 0 0 0 0 0 0 0 0 0 0 0 0 0 0 0 0 0 0 0 0 0 0 0 0 0 0 0 0 0 0 0 0 0 0 0 0 0 0 0 0 0 0 0 0 0 0 0 0 0 0 0 0 0 0 0 0 0 0 0 0 0 0 0 0 0 0 0 0 0 0 0 0 0 0 0 0 0 0 0 0 0 0 0 0 0 0 0 0 0 0 0 0 0 0 0 0 0 0 0 0 0 0 0 0 0 0 0 0 0 0 0 0 0 0 0 0 0 0 0 0 0 0 0 0 0 0 0 0 0 0 0 0 0 0 0 0 0 0 0 0 0 0 0 0 0 0 0 0 0 0 0 0 0 0 0 0 0 0 0 0 0 0 0 0 0 0 0 0 0 0 0 0 0 0 0 0 0 0 0 0 0 0 0 0 0 0 0 0 0 0 0 0 0 0 0 0 0 0 0 0 0 0 0 0 0 0 0 0 0 0 0 0 0 0 0 0 0 0 0 0 0 0 0 0 0 0 0 0 0 0 0 0 0 0 0 0 0 0 0 0 0 0 0 0 0 0 0 0 0 0 0 0 0 0 0 0 0 0 0 0 0 0 0 0 0 0 0 0 0 0 0 0 0 0 0 0 0 0 0 0 0 0 0 0 0 0 0 0 0 0 0 0 0 0 0 0 0 0 0 0 0 0 0 0 0 0 0 0 0 0 0 0 0 0 0 0 0 0 0 0 0 0 0 0 0 0 0 0 0 0 0 0 0 0 0 0 0 0 0 0 0 0 0 0
ctxt 3752183420
btime 1790630938
processes 254385
procs_running 11
procs_blocked 0
softirq 3416964839 73526 6734382 2752049 3330686036 274831 0 13556949 37056937 410 25829719
--
cpu  2405242 980 1249343 26523584 45338 0 592601 0 0 0
cpu0 85224 17 34952 835742 1035 0 18084 0 0 0
cpu1 88480 22 35582 835673 848 0 17823 0 0 0
cpu2 90621 19 36257 832907 589 0 18493 0 0 0
cpu3 114958 20 47082 787004 1323 0 27870 0 0 0
cpu4 121065 21 46849 782444 786 0 27889 0 0 0
cpu5 95702 22 37645 825816 558 0 19237 0 0 0
cpu6 97443 19 38497 822642 463 0 20375 0 0 0
cpu7 96316 17 38943 823294 273 0 20526 0 0 0
cpu8 38214 31 34760 864664 1421 0 10665 0 0 0
cpu9 43587 37 37399 847700 3329 0 11416 0 0 0
cpu10 41990 34 36315 853523 1605 0 11353 0 0 0
cpu11 38920 30 33789 866546 1054 0 10376 0 0 0
cpu12 66038 107 39349 822749 4037 0 12160 0 0 0
cpu13 63930 40 39954 823111 3957 0 12446 0 0 0
cpu14 38553 30 33206 869547 1218 0 10150 0 0 0
cpu15 36156 33 30708 879280 1018 0 9239 0 0 0
cpu16 111971 16 43433 799054 584 0 24511 0 0 0
cpu17 106677 16 42537 804804 1442 0 23860 0 0 0
cpu18 102654 16 41241 812454 324 0 22803 0 0 0
cpu19 138349 17 53961 751416 818 0 34211 0 0 0
cpu20 130165 16 52246 762680 878 0 33184 0 0 0
cpu21 99192 17 40319 816590 799 0 22211 0 0 0
cpu22 92804 20 38468 825769 497 0 20489 0 0 0
cpu23 87089 20 36435 836400 595 0 18837 0 0 0
cpu24 41716 35 34472 865152 1358 0 11042 0 0 0
cpu25 46036 39 37983 847765 2431 0 12865 0 0 0
cpu26 44342 35 37214 852279 1840 0 12516 0 0 0
cpu27 37643 24 33182 856931 1483 0 18828 0 0 0
cpu28 64505 57 42919 804935 3248 0 24516 0 0 0
cpu29 67519 93 44213 797716 3225 0 24890 0 0 0
cpu30 37026 24 34411 852083 1331 0 18698 0 0 0
cpu31 40344 23 35010 864899 953 0 11023 0 0 0
intr 2476696950 126 0 0 0 0 0 0 0 0 1 0 0 0 0 0 0 0 0 0 0 0 0 0 0 0 0 0 1 1 1 0 0 0 0 1 0 1 0 0 75045 0 0 0 0 0 0 0 0 411 0 0 0 0 0 0 0 0 87 0 0 0 0 0 0 0 0 0 0 0 0 0 0 0 262702 2 35015233 34954688 34881877 35016378 0 8181 2748 3249 1918 3400 2791 2430 2757 1682 11522 20217 11674 9002 15369 16610 11817 7994 2984 2062 1677 3150 2419 2220 1742 1741 9821 8862 6562 6806 8470 7690 7001 8519 0 0 0 0 616669 3722 1036 0 264 0 0 0 0 0 0 0 0 0 0 0 0 0 0 0 0 0 0 0 0 0 0 0 0 0 0 0 0 0 0 0 0 0 0 0 0 0 0 0 0 0 0 0 0 0 0 0 0 0 0 0 0 0 0 0 0 0 0 0 0 0 0 0 0 0 0 0 0 0 0 0 0 0 0 0 0 0 0 0 0 0 0 0 0 0 0 0 0 0 0 0 0 0 0 0 0 0 0 0 0 0 0 0 0 0 0 0 0 0 0 0 0 0 0 0 0 0 0 0 0 0 0 0 0 0 0 0 0 0 0 0 0 0 0 0 0 0 0 0 0 0 0 0 0 0 0 0 0 0 0 0 0 0 0 0 0 0 0 0 0 0 0 0 0 0 0 0 0 0 0 0 0 0 0 0 0 0 0 0 0 0 0 0 0 0 0 0 0 0 0 0 0 0 0 0 0 0 0 0 0 0 0 0 0 0 0 0 0 0 0 0 0 0 0 0 0 0 0 0 0 0 0 0 0 0 0 0 0 0 0 0 0 0 0 0 0 0 0 0 0 0 0 0 0 0 0 0 0 0 0 0 0 0 0 0 0 0 0 0 0 0 0 0 0 0 0 0 0 0 0 0 0 0 0 0 0 0 0 0 0 0 0 0 0 0 0 0 0 0 0 0 0 0 0 0 0 0 0 0 0 0 0 0 0 0 0 0 0 0 0 0 0 0 0 0 0 0 0 0 0 0 0 0 0 0 0 0 0 0 0 0 0 0 0 0 0 0 0 0 0 0 0 0 0 0 0 0 0 0 0 0 0 0 0 0 0 0 0 0 0 0 0 0 0 0 0 0 0 0 0 0 0 0 0 0 0 0 0 0 0 0 0 0 0 0 0 0 0 0 0 0 0 0 0 0 0 0 0 0 0 0 0 0 0 0 0 0 0 0 0 0 0 0 0 0 0 0 0 0 0 0 0 0 0 0 0 0 0 0 0 0 0 0 0 0 0 0 0 0 0 0 0 0 0 0 0 0 0 0 0 0 0 0 0 0 0 0 0 0 0 0 0 0 0 0 0 0 0 0 0 0 0 0 0 0 0 0 0 0 0 0 0 0 0 0 0 0 0 0 0 0 0 0 0 0 0 0 0 0 0 0 0 0 0 0 0 0 0 0 0 0 0 0 0 0 0 0 0 0 0 0 0 0 0 0 0 0 0 0 0 0 0 0 0 0 0 0 0 0 0 0 0 0 0 0 0 0 0 0 0 0 0 0 0 0 0 0 0 0 0 0 0 0 0 0 0 0 0 0 0 0 0 0 0 0 0 0 0 0 0 0 0 0 0 0 0 0 0 0 0 0 0 0 0 0 0 0 0 0 0 0 0 0 0 0 0 0 0 0 0 0 0 0 0 0 0 0 0 0 0 0 0 0 0 0 0 0 0 0 0 0 0 0 0 0 0 0 0 0 0 0 0 0 0 0 0 0 0 0 0 0 0 0 0 0 0 0 0 0 0 0 0 0 0 0 0 0 0 0 0 0 0 0 0 0 0 0 0 0 0 0 0 0 0 0 0 0 0 0 0 0 0 0 0 0 0 0 0 0 0 0 0 0 0 0 0 0 0 0 0 0 0 0 0 0 0 0 0 0 0 0 0 0 0 0 0 0 0 0 0 0 0 0 0 0 0 0 0 0 0 0 0 0 0 0 0 0 0 0 0 0 0 0 0 0 0 0 0 0 0 0 0 0 0 0 0 0 0 0 0 0 0 0 0 0 0 0 0 0 0 0 0 0 0 0 0 0 0 0 0 0 0 0 0 0 0 0 0 0 0 0 0 0 0 0 0 0 0 0 0 0 0 0 0 0 0 0 0 0 0 0 0 0 0 0 0 0 0 0 0 0 0 0 0 0 0 0 0 0 0 0 0 0 0 0 0 0 0 0 0 0 0 0 0 0 0 0 0 0 0 0 0 0 0 0 0 0 0 0 0 0 0 0 0 0 0 0 0 0 0 0 0 0 0 0 0 0 0 0 0 0 0 0 0 0 0 0 0 0 0 0 0 0 0 0 0 0 0 0 0 0 0 0 0 0 0 0 0 0 0 0 0 0 0 0 0 0 0 0 0 0 0 0 0 0 0 0 0 0 0 0 0 0 0 0 0 0 0 0 0 0 0 0 0 0 0 0 0 0 0 0 0 0 0 0 0 0 0 0 0 0 0 0 0 0 0 0 0 0 0 0 0 0 0 0 0 0 0 0 0 0 0 0 0 0 0 0 0 0 0 0 0 0 0 0 0 0 0 0 0 0 0 0 0 0 0 0 0 0 0 0 0 0 0 0 0 0 0 0 0 0 0 0 0 0 0 0 0 0 0 0 0 0 0 0 0 0 0 0 0 0 0 0 0 0 0 0 0 0 0 0 0 0 0 0 0 0 0 0 0 0 0 0 0 0 0 0 0 0 0 0 0 0 0 0 0 0 0 0 0 0 0 0 0 0 0 0 0 0 0 0 0
ctxt 3756308722
btime 1790630938
processes 254453
procs_running 9
procs_blocked 0
softirq 3423845380 73526 6759553 2752049 3337497753 275008 0 13556949 37074233 410 25855899
