Running 10s test @ http://127.0.0.1:18500/
  16 threads and 32 connections
  Thread Stats   Avg      Stdev     Max   +/- Stdev
    Latency   395.11us   63.85us   1.18ms   94.93%
    Req/Sec     5.09k    72.38     5.27k    66.09%
  Latency Distribution
     50%  384.00us
     75%  405.00us
     90%  429.00us
     99%  761.00us
  818079 requests in 10.10s, 97.52MB read
Requests/sec:  80997.16
Transfer/sec:      9.66MB
## server-stat
cpu  2439058 996 1261800 27010749 45886 0 602836 0 0 0
cpu0 85968 18 35232 851832 1035 0 18351 0 0 0
cpu1 90271 22 36031 850636 851 0 18163 0 0 0
cpu2 91801 19 36467 848893 590 0 18662 0 0 0
cpu3 118149 20 48061 799405 1324 0 28823 0 0 0
cpu4 125178 22 48082 793519 787 0 29027 0 0 0
cpu5 96850 22 37823 841903 591 0 19352 0 0 0
cpu6 99245 19 38934 837636 469 0 20704 0 0 0
cpu7 98236 18 39436 838018 302 0 20928 0 0 0
cpu8 38264 32 34923 880964 1436 0 10770 0 0 0
cpu9 43676 38 37584 863499 3378 0 11535 0 0 0
cpu10 42062 35 36490 869365 1609 0 11468 0 0 0
cpu11 38973 31 33955 882675 1069 0 10485 0 0 0
cpu12 66354 108 39598 838053 4088 0 12295 0 0 0
cpu13 64158 40 40195 838328 3960 0 12585 0 0 0
cpu14 38604 31 33381 885443 1221 0 10263 0 0 0
cpu15 36197 34 30868 895451 1023 0 9349 0 0 0
cpu16 114055 16 43951 813601 585 0 24919 0 0 0
cpu17 107653 16 42902 820694 1443 0 24179 0 0 0
cpu18 104286 16 41810 827325 325 0 23289 0 0 0
cpu19 142957 17 55369 761680 818 0 35484 0 0 0
cpu20 133753 17 53368 774439 879 0 34260 0 0 0
cpu21 100845 18 40929 831331 802 0 22755 0 0 0
cpu22 93717 21 38831 841736 498 0 20808 0 0 0
cpu23 87864 20 36750 852618 596 0 19095 0 0 0
cpu24 41764 35 34630 881482 1362 0 11152 0 0 0
cpu25 46105 39 38158 863972 2436 0 12975 0 0 0
cpu26 44396 35 37391 868613 1853 0 12622 0 0 0
cpu27 37682 25 33335 873486 1486 0 18932 0 0 0
cpu28 64774 57 43130 820884 3293 0 24636 0 0 0
cpu29 67744 94 44441 813326 3411 0 25017 0 0 0
cpu30 37078 24 34572 868485 1355 0 18812 0 0 0
cpu31 40384 23 35158 881442 995 0 11128 0 0 0
intr 2508088025 126 0 0 0 0 0 0 0 0 1 0 0 0 0 0 0 0 0 0 0 0 0 0 0 0 0 0 1 1 1 0 0 0 0 1 0 1 0 0 75045 0 0 0 0 0 0 0 0 411 0 0 0 0 0 0 0 0 87 0 0 0 0 0 0 0 0 0 0 0 0 0 0 0 267066 2 35016100 34956217 34882458 35017106 0 8324 2749 3251 1919 3402 2793 2430 2759 1682 11552 20249 11710 9087 15501 16683 11827 8054 2985 2064 1677 3150 2422 2243 1742 1741 9880 8893 6645 6848 8480 7703 7005 8528 0 0 0 0 616681 3738 1036 0 264 0 0 0 0 0 0 0 0 0 0 0 0 0 0 0 0 0 0 0 0 0 0 0 0 0 0 0 0 0 0 0 0 0 0 0 0 0 0 0 0 0 0 0 0 0 0 0 0 0 0 0 0 0 0 0 0 0 0 0 0 0 0 0 0 0 0 0 0 0 0 0 0 0 0 0 0 0 0 0 0 0 0 0 0 0 0 0 0 0 0 0 0 0 0 0 0 0 0 0 0 0 0 0 0 0 0 0 0 0 0 0 0 0 0 0 0 0 0 0 0 0 0 0 0 0 0 0 0 0 0 0 0 0 0 0 0 0 0 0 0 0 0 0 0 0 0 0 0 0 0 0 0 0 0 0 0 0 0 0 0 0 0 0 0 0 0 0 0 0 0 0 0 0 0 0 0 0 0 0 0 0 0 0 0 0 0 0 0 0 0 0 0 0 0 0 0 0 0 0 0 0 0 0 0 0 0 0 0 0 0 0 0 0 0 0 0 0 0 0 0 0 0 0 0 0 0 0 0 0 0 0 0 0 0 0 0 0 0 0 0 0 0 0 0 0 0 0 0 0 0 0 0 0 0 0 0 0 0 0 0 0 0 0 0 0 0 0 0 0 0 0 0 0 0 0 0 0 0 0 0 0 0 0 0 0 0 0 0 0 0 0 0 0 0 0 0 0 0 0 0 0 0 0 0 0 0 0 0 0 0 0 0 0 0 0 0 0 0 0 0 0 0 0 0 0 0 0 0 0 0 0 0 0 0 0 0 0 0 0 0 0 0 0 0 0 0 0 0 0 0 0 0 0 0 0 0 0 0 0 0 0 0 0 0 0 0 0 0 0 0 0 0 0 0 0 0 0 0 0 0 0 0 0 0 0 0 0 0 0 0 0 0 0 0 0 0 0 0 0 0 0 0 0 0 0 0 0 0 0 0 0 0 0 0 0 0 0 0 0 0 0 0 0 0 0 0 0 0 0 0 0 0 0 0 0 0 0 0 0 0 0 0 0 0 0 0 0 0 0 0 0 0 0 0 0 0 0 0 0 0 0 0 0 0 0 0 0 0 0 0 0 0 0 0 0 0 0 0 0 0 0 0 0 0 0 0 0 0 0 0 0 0 0 0 0 0 0 0 0 0 0 0 0 0 0 0 0 0 0 0 0 0 0 0 0 0 0 0 0 0 0 0 0 0 0 0 0 0 0 0 0 0 0 0 0 0 0 0 0 0 0 0 0 0 0 0 0 0 0 0 0 0 0 0 0 0 0 0 0 0 0 0 0 0 0 0 0 0 0 0 0 0 0 0 0 0 0 0 0 0 0 0 0 0 0 0 0 0 0 0 0 0 0 0 0 0 0 0 0 0 0 0 0 0 0 0 0 0 0 0 0 0 0 0 0 0 0 0 0 0 0 0 0 0 0 0 0 0 0 0 0 0 0 0 0 0 0 0 0 0 0 0 0 0 0 0 0 0 0 0 0 0 0 0 0 0 0 0 0 0 0 0 0 0 0 0 0 0 0 0 0 0 0 0 0 0 0 0 0 0 0 0 0 0 0 0 0 0 0 0 0 0 0 0 0 0 0 0 0 0 0 0 0 0 0 0 0 0 0 0 0 0 0 0 0 0 0 0 0 0 0 0 0 0 0 0 0 0 0 0 0 0 0 0 0 0 0 0 0 0 0 0 0 0 0 0 0 0 0 0 0 0 0 0 0 0 0 0 0 0 0 0 0 0 0 0 0 0 0 0 0 0 0 0 0 0 0 0 0 0 0 0 0 0 0 0 0 0 0 0 0 0 0 0 0 0 0 0 0 0 0 0 0 0 0 0 0 0 0 0 0 0 0 0 0 0 0 0 0 0 0 0 0 0 0 0 0 0 0 0 0 0 0 0 0 0 0 0 0 0 0 0 0 0 0 0 0 0 0 0 0 0 0 0 0 0 0 0 0 0 0 0 0 0 0 0 0 0 0 0 0 0 0 0 0 0 0 0 0 0 0 0 0 0 0 0 0 0 0 0 0 0 0 0 0 0 0 0 0 0 0 0 0 0 0 0 0 0 0 0 0 0 0 0 0 0 0 0 0 0 0 0 0 0 0 0 0 0 0 0 0 0 0 0 0 0 0 0 0 0 0 0 0 0 0 0 0 0 0 0 0 0 0 0 0 0 0 0 0 0 0 0 0 0 0 0 0 0 0 0 0 0 0 0 0 0 0 0 0 0 0 0 0 0 0 0 0 0 0 0 0 0 0 0 0 0 0 0 0 0 0 0 0 0 0 0 0 0 0 0 0 0 0 0 0 0 0 0 0 0 0 0 0 0 0 0 0 0 0 0 0 0 0 0 0 0 0 0 0 0 0 0 0 0 0 0 0 0 0 0 0 0 0 0 0 0 0 0 0 0 0 0 0 0 0 0 0 0 0 0 0 0 0 0 0 0 0 0 0 0 0 0 0 0 0 0 0 0 0 0 0 0 0 0 0 0 0 0 0 0 0 0
ctxt 3816332357
btime 1790630938
processes 258427
procs_running 6
procs_blocked 0
softirq 3490650129 73526 6835424 2752075 3403690804 279589 0 13557027 37338004 410 26123270
--
cpu  2439821 996 1262234 27033314 45899 0 603192 0 0 0
cpu0 86014 18 35264 852454 1035 0 18373 0 0 0
cpu1 90322 22 36062 851266 851 0 18188 0 0 0
cpu2 91845 19 36490 849537 590 0 18687 0 0 0
cpu3 118207 20 48091 800021 1324 0 28853 0 0 0
cpu4 125234 22 48116 794125 787 0 29055 0 0 0
cpu5 96892 22 37847 842560 591 0 19375 0 0 0
cpu6 99276 19 38952 838333 469 0 20720 0 0 0
cpu7 98258 18 39449 838748 302 0 20939 0 0 0
cpu8 38265 32 34924 881741 1436 0 10771 0 0 0
cpu9 43679 38 37587 864212 3390 0 11537 0 0 0
cpu10 42064 35 36493 870105 1609 0 11470 0 0 0
cpu11 38974 31 33958 883442 1069 0 10486 0 0 0
cpu12 66363 108 39605 838740 4088 0 12301 0 0 0
cpu13 64175 41 40207 839014 3960 0 12592 0 0 0
cpu14 38608 31 33385 886173 1221 0 10264 0 0 0
cpu15 36198 34 30869 896219 1024 0 9349 0 0 0
cpu16 114105 16 43978 814252 585 0 24940 0 0 0
cpu17 107698 16 42928 821345 1443 0 24200 0 0 0
cpu18 104324 16 41828 827998 325 0 23305 0 0 0
cpu19 143017 17 55400 762290 818 0 35512 0 0 0
cpu20 133811 17 53396 775042 879 0 34286 0 0 0
cpu21 100884 18 40950 831998 802 0 22771 0 0 0
cpu22 93745 21 38849 842442 498 0 20821 0 0 0
cpu23 87883 20 36762 853357 596 0 19103 0 0 0
cpu24 41767 35 34631 882260 1362 0 11153 0 0 0
cpu25 46107 39 38159 864751 2436 0 12975 0 0 0
cpu26 44399 35 37392 869396 1853 0 12622 0 0 0
cpu27 37685 25 33336 874276 1486 0 18933 0 0 0
cpu28 64784 57 43134 821649 3293 0 24638 0 0 0
cpu29 67758 94 44447 814061 3411 0 25019 0 0 0
cpu30 37081 24 34574 869262 1355 0 18813 0 0 0
cpu31 40386 23 35158 882231 995 0 11128 0 0 0
intr 2510686298 126 0 0 0 0 0 0 0 0 1 0 0 0 0 0 0 0 0 0 0 0 0 0 0 0 0 0 1 1 1 0 0 0 0 1 0 1 0 0 75045 0 0 0 0 0 0 0 0 411 0 0 0 0 0 0 0 0 87 0 0 0 0 0 0 0 0 0 0 0 0 0 0 0 267193 2 35016115 34956249 34882473 35017122 0 8328 2749 3251 1919 3402 2793 2430 2759 1682 11553 20249 11710 9087 15501 16683 11827 8054 2985 2064 1677 3150 2422 2243 1742 1741 9880 8896 6647 6848 8480 7703 7005 8528 0 0 0 0 616681 3738 1036 0 264 0 0 0 0 0 0 0 0 0 0 0 0 0 0 0 0 0 0 0 0 0 0 0 0 0 0 0 0 0 0 0 0 0 0 0 0 0 0 0 0 0 0 0 0 0 0 0 0 0 0 0 0 0 0 0 0 0 0 0 0 0 0 0 0 0 0 0 0 0 0 0 0 0 0 0 0 0 0 0 0 0 0 0 0 0 0 0 0 0 0 0 0 0 0 0 0 0 0 0 0 0 0 0 0 0 0 0 0 0 0 0 0 0 0 0 0 0 0 0 0 0 0 0 0 0 0 0 0 0 0 0 0 0 0 0 0 0 0 0 0 0 0 0 0 0 0 0 0 0 0 0 0 0 0 0 0 0 0 0 0 0 0 0 0 0 0 0 0 0 0 0 0 0 0 0 0 0 0 0 0 0 0 0 0 0 0 0 0 0 0 0 0 0 0 0 0 0 0 0 0 0 0 0 0 0 0 0 0 0 0 0 0 0 0 0 0 0 0 0 0 0 0 0 0 0 0 0 0 0 0 0 0 0 0 0 0 0 0 0 0 0 0 0 0 0 0 0 0 0 0 0 0 0 0 0 0 0 0 0 0 0 0 0 0 0 0 0 0 0 0 0 0 0 0 0 0 0 0 0 0 0 0 0 0 0 0 0 0 0 0 0 0 0 0 0 0 0 0 0 0 0 0 0 0 0 0 0 0 0 0 0 0 0 0 0 0 0 0 0 0 0 0 0 0 0 0 0 0 0 0 0 0 0 0 0 0 0 0 0 0 0 0 0 0 0 0 0 0 0 0 0 0 0 0 0 0 0 0 0 0 0 0 0 0 0 0 0 0 0 0 0 0 0 0 0 0 0 0 0 0 0 0 0 0 0 0 0 0 0 0 0 0 0 0 0 0 0 0 0 0 0 0 0 0 0 0 0 0 0 0 0 0 0 0 0 0 0 0 0 0 0 0 0 0 0 0 0 0 0 0 0 0 0 0 0 0 0 0 0 0 0 0 0 0 0 0 0 0 0 0 0 0 0 0 0 0 0 0 0 0 0 0 0 0 0 0 0 0 0 0 0 0 0 0 0 0 0 0 0 0 0 0 0 0 0 0 0 0 0 0 0 0 0 0 0 0 0 0 0 0 0 0 0 0 0 0 0 0 0 0 0 0 0 0 0 0 0 0 0 0 0 0 0 0 0 0 0 0 0 0 0 0 0 0 0 0 0 0 0 0 0 0 0 0 0 0 0 0 0 0 0 0 0 0 0 0 0 0 0 0 0 0 0 0 0 0 0 0 0 0 0 0 0 0 0 0 0 0 0 0 0 0 0 0 0 0 0 0 0 0 0 0 0 0 0 0 0 0 0 0 0 0 0 0 0 0 0 0 0 0 0 0 0 0 0 0 0 0 0 0 0 0 0 0 0 0 0 0 0 0 0 0 0 0 0 0 0 0 0 0 0 0 0 0 0 0 0 0 0 0 0 0 0 0 0 0 0 0 0 0 0 0 0 0 0 0 0 0 0 0 0 0 0 0 0 0 0 0 0 0 0 0 0 0 0 0 0 0 0 0 0 0 0 0 0 0 0 0 0 0 0 0 0 0 0 0 0 0 0 0 0 0 0 0 0 0 0 0 0 0 0 0 0 0 0 0 0 0 0 0 0 0 0 0 0 0 0 0 0 0 0 0 0 0 0 0 0 0 0 0 0 0 0 0 0 0 0 0 0 0 0 0 0 0 0 0 0 0 0 0 0 0 0 0 0 0 0 0 0 0 0 0 0 0 0 0 0 0 0 0 0 0 0 0 0 0 0 0 0 0 0 0 0 0 0 0 0 0 0 0 0 0 0 0 0 0 0 0 0 0 0 0 0 0 0 0 0 0 0 0 0 0 0 0 0 0 0 0 0 0 0 0 0 0 0 0 0 0 0 0 0 0 0 0 0 0 0 0 0 0 0 0 0 0 0 0 0 0 0 0 0 0 0 0 0 0 0 0 0 0 0 0 0 0 0 0 0 0 0 0 0 0 0 0 0 0 0 0 0 0 0 0 0 0 0 0 0 0 0 0 0 0 0 0 0 0 0 0 0 0 0 0 0 0 0 0 0 0 0 0 0 0 0 0 0 0 0 0 0 0 0 0 0 0 0 0 0 0 0 0 0 0 0 0 0 0 0 0 0 0 0 0 0 0 0 0 0 0 0 0 0 0 0 0 0 0 0 0 0 0 0 0 0 0 0 0 0 0 0 0 0 0 0 0 0 0 0 0 0 0 0 0 0 0 0 0 0 0 0 0 0 0 0 0 0 0 0 0 0 0 0 0 0 0 0 0 0 0 0 0 0 0 0 0 0 0 0 0 0 0 0 0 0 0 0 0 0 0 0 0 0 0 0 0 0 0 0 0 0 0 0 0 0 0 0 0 0 0 0 0 0 0 0 0 0 0 0 0 0 0 0 0 0 0 0 0 0 0 0 0 0 0 0 0 0 0 0 0 0 0 0 0
ctxt 3821469376
btime 1790630938
processes 258461
procs_running 6
procs_blocked 0
softirq 3493283389 73526 6842687 2752075 3406281730 279721 0 13557027 37357321 410 26138892
