Running 10s test @ http://127.0.0.1:18500/json
  16 threads and 32 connections
  Thread Stats   Avg      Stdev     Max   +/- Stdev
    Latency   397.32us   63.36us   1.17ms   93.88%
    Req/Sec     5.06k   159.81     6.74k    96.96%
  Latency Distribution
     50%  387.00us
     75%  408.00us
     90%  434.00us
     99%  755.00us
  811256 requests in 10.10s, 111.41MB read
Requests/sec:  80325.36
Transfer/sec:     11.03MB
## server-stat
cpu  2440329 997 1262512 27048955 45917 0 603428 0 0 0
cpu0 86049 18 35282 852895 1035 0 18385 0 0 0
cpu1 90352 22 36082 851702 851 0 18208 0 0 0
cpu2 91872 19 36506 849998 590 0 18700 0 0 0
cpu3 118248 20 48111 800445 1324 0 28873 0 0 0
cpu4 125273 22 48139 794554 787 0 29077 0 0 0
cpu5 96920 22 37863 843021 591 0 19388 0 0 0
cpu6 99297 19 38964 838817 469 0 20729 0 0 0
cpu7 98276 18 39457 839251 302 0 20946 0 0 0
cpu8 38265 32 34925 882276 1437 0 10771 0 0 0
cpu9 43680 38 37589 864724 3390 0 11538 0 0 0
cpu10 42064 35 36496 870614 1611 0 11471 0 0 0
cpu11 38976 31 33959 883962 1082 0 10487 0 0 0
cpu12 66370 108 39612 839218 4088 0 12305 0 0 0
cpu13 64179 41 40214 839494 3960 0 12596 0 0 0
cpu14 38610 31 33387 886682 1222 0 10266 0 0 0
cpu15 36198 34 30870 896750 1025 0 9350 0 0 0
cpu16 114146 16 43995 814687 585 0 24954 0 0 0
cpu17 107731 16 42940 821794 1443 0 24213 0 0 0
cpu18 104349 16 41840 828462 325 0 23318 0 0 0
cpu19 143058 17 55418 762716 818 0 35529 0 0 0
cpu20 133849 17 53414 775472 879 0 34304 0 0 0
cpu21 100905 18 40962 832469 802 0 22782 0 0 0
cpu22 93761 21 38860 842931 498 0 20830 0 0 0
cpu23 87895 20 36769 853870 596 0 19108 0 0 0
cpu24 41768 35 34632 882797 1362 0 11153 0 0 0
cpu25 46108 39 38161 865282 2438 0 12976 0 0 0
cpu26 44400 35 37394 869923 1853 0 12623 0 0 0
cpu27 37685 25 33337 874818 1487 0 18933 0 0 0
cpu28 64793 57 43137 822169 3293 0 24639 0 0 0
cpu29 67768 94 44450 814571 3411 0 25022 0 0 0
cpu30 37082 24 34575 869798 1355 0 18814 0 0 0
cpu31 40387 23 35159 882775 995 0 11128 0 0 0
intr 2512377848 126 0 0 0 0 0 0 0 0 1 0 0 0 0 0 0 0 0 0 0 0 0 0 0 0 0 0 1 1 1 0 0 0 0 1 0 1 0 0 75045 0 0 0 0 0 0 0 0 411 0 0 0 0 0 0 0 0 87 0 0 0 0 0 0 0 0 0 0 0 0 0 0 0 267412 2 35016126 34956330 34882478 35017127 0 8336 2750 3251 1919 3402 2793 2430 2759 1682 11553 20250 11710 9089 15503 16683 11827 8054 2985 2064 1677 3150 2422 2243 1742 1741 9880 8939 6647 6933 8481 7703 7005 8528 0 0 0 0 616681 3738 1036 0 264 0 0 0 0 0 0 0 0 0 0 0 0 0 0 0 0 0 0 0 0 0 0 0 0 0 0 0 0 0 0 0 0 0 0 0 0 0 0 0 0 0 0 0 0 0 0 0 0 0 0 0 0 0 0 0 0 0 0 0 0 0 0 0 0 0 0 0 0 0 0 0 0 0 0 0 0 0 0 0 0 0 0 0 0 0 0 0 0 0 0 0 0 0 0 0 0 0 0 0 0 0 0 0 0 0 0 0 0 0 0 0 0 0 0 0 0 0 0 0 0 0 0 0 0 0 0 0 0 0 0 0 0 0 0 0 0 0 0 0 0 0 0 0 0 0 0 0 0 0 0 0 0 0 0 0 0 0 0 0 0 0 0 0 0 0 0 0 0 0 0 0 0 0 0 0 0 0 0 0 0 0 0 0 0 0 0 0 0 0 0 0 0 0 0 0 0 0 0 0 0 0 0 0 0 0 0 0 0 0 0 0 0 0 0 0 0 0 0 0 0 0 0 0 0 0 0 0 0 0 0 0 0 0 0 0 0 0 0 0 0 0 0 0 0 0 0 0 0 0 0 0 0 0 0 0 0 0 0 0 0 0 0 0 0 0 0 0 0 0 0 0 0 0 0 0 0 0 0 0 0 0 0 0 0 0 0 0 0 0 0 0 0 0 0 0 0 0 0 0 0 0 0 0 0 0 0 0 0 0 0 0 0 0 0 0 0 0 0 0 0 0 0 0 0 0 0 0 0 0 0 0 0 0 0 0 0 0 0 0 0 0 0 0 0 0 0 0 0 0 0 0 0 0 0 0 0 0 0 0 0 0 0 0 0 0 0 0 0 0 0 0 0 0 0 0 0 0 0 0 0 0 0 0 0 0 0 0 0 0 0 0 0 0 0 0 0 0 0 0 0 0 0 0 0 0 0 0 0 0 0 0 0 0 0 0 0 0 0 0 0 0 0 0 0 0 0 0 0 0 0 0 0 0 0 0 0 0 0 0 0 0 0 0 0 0 0 0 0 0 0 0 0 0 0 0 0 0 0 0 0 0 0 0 0 0 0 0 0 0 0 0 0 0 0 0 0 0 0 0 0 0 0 0 0 0 0 0 0 0 0 0 0 0 0 0 0 0 0 0 0 0 0 0 0 0 0 0 0 0 0 0 0 0 0 0 0 0 0 0 0 0 0 0 0 0 0 0 0 0 0 0 0 0 0 0 0 0 0 0 0 0 0 0 0 0 0 0 0 0 0 0 0 0 0 0 0 0 0 0 0 0 0 0 0 0 0 0 0 0 0 0 0 0 0 0 0 0 0 0 0 0 0 0 0 0 0 0 0 0 0 0 0 0 0 0 0 0 0 0 0 0 0 0 0 0 0 0 0 0 0 0 0 0 0 0 0 0 0 0 0 0 0 0 0 0 0 0 0 0 0 0 0 0 0 0 0 0 0 0 0 0 0 0 0 0 0 0 0 0 0 0 0 0 0 0 0 0 0 0 0 0 0 0 0 0 0 0 0 0 0 0 0 0 0 0 0 0 0 0 0 0 0 0 0 0 0 0 0 0 0 0 0 0 0 0 0 0 0 0 0 0 0 0 0 0 0 0 0 0 0 0 0 0 0 0 0 0 0 0 0 0 0 0 0 0 0 0 0 0 0 0 0 0 0 0 0 0 0 0 0 0 0 0 0 0 0 0 0 0 0 0 0 0 0 0 0 0 0 0 0 0 0 0 0 0 0 0 0 0 0 0 0 0 0 0 0 0 0 0 0 0 0 0 0 0 0 0 0 0 0 0 0 0 0 0 0 0 0 0 0 0 0 0 0 0 0 0 0 0 0 0 0 0 0 0 0 0 0 0 0 0 0 0 0 0 0 0 0 0 0 0 0 0 0 0 0 0 0 0 0 0 0 0 0 0 0 0 0 0 0 0 0 0 0 0 0 0 0 0 0 0 0 0 0 0 0 0 0 0 0 0 0 0 0 0 0 0 0 0 0 0 0 0 0 0 0 0 0 0 0 0 0 0 0 0 0 0 0 0 0 0 0 0 0 0 0 0 0 0 0 0 0 0 0 0 0 0 0 0 0 0 0 0 0 0 0 0 0 0 0 0 0 0 0 0 0 0 0 0 0 0 0 0 0 0 0 0 0 0 0 0 0 0 0 0 0 0 0 0 0 0 0 0 0 0 0 0 0 0 0 0 0 0 0 0 0 0 0 0 0 0 0 0 0 0 0 0 0 0 0 0 0 0 0 0 0 0 0 0 0 0 0 0 0 0 0 0 0 0 0 0 0 0 0 0 0 0 0 0 0 0 0 0 0 0 0 0 0 0 0 0 0 0 0 0 0 0 0 0 0 0 0 0 0 0 0 0 0 0 0 0 0 0 0 0 0 0 0 0 0 0 0 0 0 0 0 0 0 0 0 0 0 0 0 0 0 0 0 0 0 0 0 0 0 0 0 0 0 0 0 0 0 0 0 0 0 0 0 0 0 0 0
ctxt 3824807067
btime 1790630938
processes 258646
procs_running 8
procs_blocked 1
softirq 3494987402 73526 6847459 2752077 3407956585 279955 0 13557029 37370764 410 26149597
--
cpu  2441112 997 1262936 27071524 45930 0 603780 0 0 0
cpu0 86100 18 35309 853517 1035 0 18408 0 0 0
cpu1 90404 22 36109 852328 851 0 18236 0 0 0
cpu2 91918 19 36531 850646 590 0 18723 0 0 0
cpu3 118310 20 48145 801045 1324 0 28899 0 0 0
cpu4 125339 22 48174 795146 787 0 29107 0 0 0
cpu5 96959 22 37887 843681 591 0 19410 0 0 0
cpu6 99329 19 38986 839508 469 0 20743 0 0 0
cpu7 98295 18 39468 839981 302 0 20956 0 0 0
cpu8 38266 32 34926 883053 1437 0 10772 0 0 0
cpu9 43683 38 37592 865464 3390 0 11540 0 0 0
cpu10 42069 35 36498 871351 1623 0 11472 0 0 0
cpu11 38977 31 33960 884732 1082 0 10488 0 0 0
cpu12 66382 108 39622 839907 4088 0 12310 0 0 0
cpu13 64187 41 40226 840176 3960 0 12604 0 0 0
cpu14 38612 31 33392 887411 1222 0 10269 0 0 0
cpu15 36200 34 30872 897508 1025 0 9351 0 0 0
cpu16 114202 16 44021 815332 585 0 24974 0 0 0
cpu17 107779 16 42963 822440 1443 0 24236 0 0 0
cpu18 104391 16 41860 829138 325 0 23337 0 0 0
cpu19 143112 17 55444 763340 818 0 35553 0 0 0
cpu20 133912 17 53446 776083 879 0 34330 0 0 0
cpu21 100938 18 40980 833149 802 0 22797 0 0 0
cpu22 93788 21 38874 843644 498 0 20842 0 0 0
cpu23 87912 20 36780 854613 596 0 19116 0 0 0
cpu24 41770 36 34633 883576 1362 0 11154 0 0 0
cpu25 46110 39 38162 866060 2438 0 12977 0 0 0
cpu26 44403 35 37394 870715 1853 0 12623 0 0 0
cpu27 37687 25 33337 875613 1487 0 18933 0 0 0
cpu28 64807 57 43140 822916 3294 0 24640 0 0 0
cpu29 67784 94 44457 815294 3411 0 25025 0 0 0
cpu30 37084 24 34576 870577 1355 0 18815 0 0 0
cpu31 40390 23 35159 883566 995 0 11129 0 0 0
intr 2514958607 126 0 0 0 0 0 0 0 0 1 0 0 0 0 0 0 0 0 0 0 0 0 0 0 0 0 0 1 1 1 0 0 0 0 1 0 1 0 0 75045 0 0 0 0 0 0 0 0 411 0 0 0 0 0 0 0 0 87 0 0 0 0 0 0 0 0 0 0 0 0 0 0 0 267468 2 35016142 34956354 34882482 35017138 0 8340 2750 3251 1919 3402 2793 2430 2759 1682 11553 20251 11711 9089 15503 16683 11827 8054 2985 2064 1677 3150 2422 2243 1742 1741 9880 8942 6647 6933 8481 7703 7005 8528 0 0 0 0 616683 3738 1036 0 264 0 0 0 0 0 0 0 0 0 0 0 0 0 0 0 0 0 0 0 0 0 0 0 0 0 0 0 0 0 0 0 0 0 0 0 0 0 0 0 0 0 0 0 0 0 0 0 0 0 0 0 0 0 0 0 0 0 0 0 0 0 0 0 0 0 0 0 0 0 0 0 0 0 0 0 0 0 0 0 0 0 0 0 0 0 0 0 0 0 0 0 0 0 0 0 0 0 0 0 0 0 0 0 0 0 0 0 0 0 0 0 0 0 0 0 0 0 0 0 0 0 0 0 0 0 0 0 0 0 0 0 0 0 0 0 0 0 0 0 0 0 0 0 0 0 0 0 0 0 0 0 0 0 0 0 0 0 0 0 0 0 0 0 0 0 0 0 0 0 0 0 0 0 0 0 0 0 0 0 0 0 0 0 0 0 0 0 0 0 0 0 0 0 0 0 0 0 0 0 0 0 0 0 0 0 0 0 0 0 0 0 0 0 0 0 0 0 0 0 0 0 0 0 0 0 0 0 0 0 0 0 0 0 0 0 0 0 0 0 0 0 0 0 0 0 0 0 0 0 0 0 0 0 0 0 0 0 0 0 0 0 0 0 0 0 0 0 0 0 0 0 0 0 0 0 0 0 0 0 0 0 0 0 0 0 0 0 0 0 0 0 0 0 0 0 0 0 0 0 0 0 0 0 0 0 0 0 0 0 0 0 0 0 0 0 0 0 0 0 0 0 0 0 0 0 0 0 0 0 0 0 0 0 0 0 0 0 0 0 0 0 0 0 0 0 0 0 0 0 0 0 0 0 0 0 0 0 0 0 0 0 0 0 0 0 0 0 0 0 0 0 0 0 0 0 0 0 0 0 0 0 0 0 0 0 0 0 0 0 0 0 0 0 0 0 0 0 0 0 0 0 0 0 0 0 0 0 0 0 0 0 0 0 0 0 0 0 0 0 0 0 0 0 0 0 0 0 0 0 0 0 0 0 0 0 0 0 0 0 0 0 0 0 0 0 0 0 0 0 0 0 0 0 0 0 0 0 0 0 0 0 0 0 0 0 0 0 0 0 0 0 0 0 0 0 0 0 0 0 0 0 0 0 0 0 0 0 0 0 0 0 0 0 0 0 0 0 0 0 0 0 0 0 0 0 0 0 0 0 0 0 0 0 0 0 0 0 0 0 0 0 0 0 0 0 0 0 0 0 0 0 0 0 0 0 0 0 0 0 0 0 0 0 0 0 0 0 0 0 0 0 0 0 0 0 0 0 0 0 0 0 0 0 0 0 0 0 0 0 0 0 0 0 0 0 0 0 0 0 0 0 0 0 0 0 0 0 0 0 0 0 0 0 0 0 0 0 0 0 0 0 0 0 0 0 0 0 0 0 0 0 0 0 0 0 0 0 0 0 0 0 0 0 0 0 0 0 0 0 0 0 0 0 0 0 0 0 0 0 0 0 0 0 0 0 0 0 0 0 0 0 0 0 0 0 0 0 0 0 0 0 0 0 0 0 0 0 0 0 0 0 0 0 0 0 0 0 0 0 0 0 0 0 0 0 0 0 0 0 0 0 0 0 0 0 0 0 0 0 0 0 0 0 0 0 0 0 0 0 0 0 0 0 0 0 0 0 0 0 0 0 0 0 0 0 0 0 0 0 0 0 0 0 0 0 0 0 0 0 0 0 0 0 0 0 0 0 0 0 0 0 0 0 0 0 0 0 0 0 0 0 0 0 0 0 0 0 0 0 0 0 0 0 0 0 0 0 0 0 0 0 0 0 0 0 0 0 0 0 0 0 0 0 0 0 0 0 0 0 0 0 0 0 0 0 0 0 0 0 0 0 0 0 0 0 0 0 0 0 0 0 0 0 0 0 0 0 0 0 0 0 0 0 0 0 0 0 0 0 0 0 0 0 0 0 0 0 0 0 0 0 0 0 0 0 0 0 0 0 0 0 0 0 0 0 0 0 0 0 0 0 0 0 0 0 0 0 0 0 0 0 0 0 0 0 0 0 0 0 0 0 0 0 0 0 0 0 0 0 0 0 0 0 0 0 0 0 0 0 0 0 0 0 0 0 0 0 0 0 0 0 0 0 0 0 0 0 0 0 0 0 0 0 0 0 0 0 0 0 0 0 0 0 0 0 0 0 0 0 0 0 0 0 0 0 0 0 0 0 0 0 0 0 0 0 0 0 0 0 0 0 0 0 0 0 0 0 0 0 0 0 0 0 0 0 0 0 0 0 0 0 0 0 0 0 0 0 0 0 0 0 0 0 0 0 0 0 0 0 0 0 0 0 0 0 0 0 0 0 0 0 0 0 0 0 0 0 0 0 0 0 0 0 0 0 0 0 0 0 0 0 0 0 0 0 0 0 0 0 0 0 0 0 0 0 0 0 0 0 0 0 0 0 0 0 0 0 0 0 0 0 0 0 0 0 0 0 0 0 0 0 0 0 0 0 0 0 0 0 0 0 0 0 0 0 0 0 0 0 0 0 0
ctxt 3829921657
btime 1790630938
processes 258683
procs_running 5
procs_blocked 0
softirq 3497599444 73526 6854098 2752077 3410528408 280017 0 13557029 37389782 410 26164097
