Running 10s test @ http://127.0.0.1:18500/json
  16 threads and 128 connections
  Thread Stats   Avg      Stdev     Max   +/- Stdev
    Latency     0.90ms  103.98us   2.12ms   89.08%
    Req/Sec     8.92k   283.60    11.86k    98.88%
  Latency Distribution
     50%    0.88ms
     75%    0.92ms
     90%    0.97ms
     99%    1.36ms
  1430980 requests in 10.10s, 196.52MB read
Requests/sec: 141687.46
Transfer/sec:     19.46MB
## server-stat
cpu  2526040 1030 1298279 28107451 46825 0 630363 0 0 0
cpu0 88112 18 35807 888295 1046 0 18742 0 0 0
cpu1 94683 22 37467 883604 862 0 19311 0 0 0
cpu2 95917 20 37754 882512 600 0 19627 0 0 0
cpu3 125431 20 50078 828359 1334 0 30516 0 0 0
cpu4 134248 22 50748 819468 788 0 31373 0 0 0
cpu5 99873 23 38672 877518 596 0 19873 0 0 0
cpu6 103399 20 40259 871242 469 0 21699 0 0 0
cpu7 104096 19 41484 868600 304 0 22575 0 0 0
cpu8 38429 33 35518 918117 1452 0 11119 0 0 0
cpu9 43910 40 38275 899677 3454 0 11920 0 0 0
cpu10 42242 36 37166 905629 1677 0 11844 0 0 0
cpu11 39105 33 34531 919700 1098 0 10820 0 0 0
cpu12 66975 110 40401 873471 4153 0 12741 0 0 0
cpu13 64777 42 41030 873628 4021 0 13038 0 0 0
cpu14 38745 32 33965 922318 1231 0 10591 0 0 0
cpu15 36320 35 31387 932808 1032 0 9651 0 0 0
cpu16 120839 17 45890 843303 621 0 26534 0 0 0
cpu17 111652 16 44042 854673 1444 0 25072 0 0 0
cpu18 108169 17 43118 861106 336 0 24354 0 0 0
cpu19 152773 17 58559 785672 818 0 38558 0 0 0
cpu20 141610 17 55907 801680 880 0 36678 0 0 0
cpu21 105732 18 42665 863235 856 0 24234 0 0 0
cpu22 97263 22 40069 876058 514 0 21801 0 0 0
cpu23 89460 21 37251 890370 608 0 19375 0 0 0
cpu24 41913 38 35199 918753 1399 0 11482 0 0 0
cpu25 46348 41 38799 900866 2491 0 13331 0 0 0
cpu26 44581 37 38005 905755 1879 0 12976 0 0 0
cpu27 37823 26 33903 911071 1501 0 19264 0 0 0
cpu28 65464 59 44010 856651 3345 0 25103 0 0 0
cpu29 68388 96 45379 848704 3576 0 25500 0 0 0
cpu30 37227 25 35189 905645 1396 0 19180 0 0 0
cpu31 40526 24 35740 918947 1029 0 11468 0 0 0
intr 2605756190 126 0 0 0 0 0 0 0 0 1 0 0 0 0 0 0 0 0 0 0 0 0 0 0 0 0 0 1 1 1 0 0 0 0 1 0 1 0 0 75045 0 0 0 0 0 0 0 0 411 0 0 0 0 0 0 0 0 87 0 0 0 0 0 0 0 0 0 0 0 0 0 0 0 275563 2 35017615 34958367 34884663 35018842 0 8658 2752 3255 1920 3446 2797 2567 2763 1844 11698 20316 11966 9118 15521 16826 11886 8134 2986 2066 1679 3185 2422 2245 1744 1835 9977 9026 6671 6948 8520 7798 7092 8619 0 0 0 0 616709 3789 1036 0 264 0 0 0 0 0 0 0 0 0 0 0 0 0 0 0 0 0 0 0 0 0 0 0 0 0 0 0 0 0 0 0 0 0 0 0 0 0 0 0 0 0 0 0 0 0 0 0 0 0 0 0 0 0 0 0 0 0 0 0 0 0 0 0 0 0 0 0 0 0 0 0 0 0 0 0 0 0 0 0 0 0 0 0 0 0 0 0 0 0 0 0 0 0 0 0 0 0 0 0 0 0 0 0 0 0 0 0 0 0 0 0 0 0 0 0 0 0 0 0 0 0 0 0 0 0 0 0 0 0 0 0 0 0 0 0 0 0 0 0 0 0 0 0 0 0 0 0 0 0 0 0 0 0 0 0 0 0 0 0 0 0 0 0 0 0 0 0 0 0 0 0 0 0 0 0 0 0 0 0 0 0 0 0 0 0 0 0 0 0 0 0 0 0 0 0 0 0 0 0 0 0 0 0 0 0 0 0 0 0 0 0 0 0 0 0 0 0 0 0 0 0 0 0 0 0 0 0 0 0 0 0 0 0 0 0 0 0 0 0 0 0 0 0 0 0 0 0 0 0 0 0 0 0 0 0 0 0 0 0 0 0 0 0 0 0 0 0 0 0 0 0 0 0 0 0 0 0 0 0 0 0 0 0 0 0 0 0 0 0 0 0 0 0 0 0 0 0 0 0 0 0 0 0 0 0 0 0 0 0 0 0 0 0 0 0 0 0 0 0 0 0 0 0 0 0 0 0 0 0 0 0 0 0 0 0 0 0 0 0 0 0 0 0 0 0 0 0 0 0 0 0 0 0 0 0 0 0 0 0 0 0 0 0 0 0 0 0 0 0 0 0 0 0 0 0 0 0 0 0 0 0 0 0 0 0 0 0 0 0 0 0 0 0 0 0 0 0 0 0 0 0 0 0 0 0 0 0 0 0 0 0 0 0 0 0 0 0 0 0 0 0 0 0 0 0 0 0 0 0 0 0 0 0 0 0 0 0 0 0 0 0 0 0 0 0 0 0 0 0 0 0 0 0 0 0 0 0 0 0 0 0 0 0 0 0 0 0 0 0 0 0 0 0 0 0 0 0 0 0 0 0 0 0 0 0 0 0 0 0 0 0 0 0 0 0 0 0 0 0 0 0 0 0 0 0 0 0 0 0 0 0 0 0 0 0 0 0 0 0 0 0 0 0 0 0 0 0 0 0 0 0 0 0 0 0 0 0 0 0 0 0 0 0 0 0 0 0 0 0 0 0 0 0 0 0 0 0 0 0 0 0 0 0 0 0 0 0 0 0 0 0 0 0 0 0 0 0 0 0 0 0 0 0 0 0 0 0 0 0 0 0 0 0 0 0 0 0 0 0 0 0 0 0 0 0 0 0 0 0 0 0 0 0 0 0 0 0 0 0 0 0 0 0 0 0 0 0 0 0 0 0 0 0 0 0 0 0 0 0 0 0 0 0 0 0 0 0 0 0 0 0 0 0 0 0 0 0 0 0 0 0 0 0 0 0 0 0 0 0 0 0 0 0 0 0 0 0 0 0 0 0 0 0 0 0 0 0 0 0 0 0 0 0 0 0 0 0 0 0 0 0 0 0 0 0 0 0 0 0 0 0 0 0 0 0 0 0 0 0 0 0 0 0 0 0 0 0 0 0 0 0 0 0 0 0 0 0 0 0 0 0 0 0 0 0 0 0 0 0 0 0 0 0 0 0 0 0 0 0 0 0 0 0 0 0 0 0 0 0 0 0 0 0 0 0 0 0 0 0 0 0 0 0 0 0 0 0 0 0 0 0 0 0 0 0 0 0 0 0 0 0 0 0 0 0 0 0 0 0 0 0 0 0 0 0 0 0 0 0 0 0 0 0 0 0 0 0 0 0 0 0 0 0 0 0 0 0 0 0 0 0 0 0 0 0 0 0 0 0 0 0 0 0 0 0 0 0 0 0 0 0 0 0 0 0 0 0 0 0 0 0 0 0 0 0 0 0 0 0 0 0 0 0 0 0 0 0 0 0 0 0 0 0 0 0 0 0 0 0 0 0 0 0 0 0 0 0 0 0 0 0 0 0 0 0 0 0 0 0 0 0 0 0 0 0 0 0 0 0 0 0 0 0 0 0 0 0 0 0 0 0 0 0 0 0 0 0 0 0 0 0 0 0 0 0 0 0 0 0 0 0 0 0 0 0 0 0 0 0 0 0 0 0 0 0 0 0 0 0 0 0 0 0 0 0 0 0 0 0 0 0 0 0 0 0 0 0 0 0 0 0 0 0 0 0 0 0 0 0 0 0 0 0 0 0 0 0 0 0 0 0 0 0 0 0 0 0 0 0 0 0 0 0 0 0 0 0 0 0 0 0 0 0 0 0 0 0 0 0 0 0 0 0 0 0 0 0 0 0 0 0 0 0 0 0 0 0 0 0 0 0 0 0 0 0 0 0 0 0 0 0 0 0 0 0 0 0 0 0 0 0 0 0 0 0 0 0 0 0 0 0 0
ctxt 4002107602
btime 1790630938
processes 266709
procs_running 16
procs_blocked 0
softirq 3669705078 73526 7050559 2752129 3580735701 288585 0 13557237 38292448 410 26954483
--
cpu  2531356 1030 1299859 28122490 46846 0 631252 0 0 0
cpu0 88427 18 35886 888555 1046 0 18783 0 0 0
cpu1 95010 22 37545 883861 862 0 19355 0 0 0
cpu2 96232 20 37827 882765 600 0 19673 0 0 0
cpu3 125759 20 50154 828607 1334 0 30561 0 0 0
cpu4 134571 22 50826 819710 788 0 31421 0 0 0
cpu5 100194 23 38747 877763 596 0 19920 0 0 0
cpu6 103710 20 40341 871497 469 0 21744 0 0 0
cpu7 104386 19 41566 868874 304 0 22615 0 0 0
cpu8 38431 33 35539 918816 1456 0 11126 0 0 0
cpu9 43917 40 38308 900316 3454 0 11931 0 0 0
cpu10 42246 36 37190 906308 1677 0 11853 0 0 0
cpu11 39107 33 34541 920450 1098 0 10823 0 0 0
cpu12 66980 110 40426 874173 4153 0 12757 0 0 0
cpu13 64781 42 41048 874336 4021 0 13053 0 0 0
cpu14 38745 32 33970 923085 1231 0 10593 0 0 0
cpu15 36320 35 31391 933583 1039 0 9654 0 0 0
cpu16 121181 17 45964 843534 621 0 26584 0 0 0
cpu17 111992 16 44122 854903 1444 0 25117 0 0 0
cpu18 108503 17 43192 861343 336 0 24402 0 0 0
cpu19 153119 17 58634 785901 818 0 38602 0 0 0
cpu20 141947 17 55983 801910 880 0 36726 0 0 0
cpu21 106065 18 42743 863471 856 0 24281 0 0 0
cpu22 97594 22 40143 876295 514 0 21846 0 0 0
cpu23 89774 21 37325 890621 608 0 19419 0 0 0
cpu24 41913 38 35202 919534 1403 0 11483 0 0 0
cpu25 46349 41 38806 901622 2492 0 13335 0 0 0
cpu26 44582 37 38010 906525 1879 0 12980 0 0 0
cpu27 37824 26 33904 911859 1501 0 19264 0 0 0
cpu28 65501 59 44077 857164 3350 0 25134 0 0 0
cpu29 68422 96 45453 849181 3577 0 25535 0 0 0
cpu30 37232 25 35217 906282 1396 0 19192 0 0 0
cpu31 40530 24 35763 919628 1029 0 11478 0 0 0
intr 2611896270 126 0 0 0 0 0 0 0 0 1 0 0 0 0 0 0 0 0 0 0 0 0 0 0 0 0 0 1 1 1 0 0 0 0 1 0 1 0 0 75045 0 0 0 0 0 0 0 0 411 0 0 0 0 0 0 0 0 87 0 0 0 0 0 0 0 0 0 0 0 0 0 0 0 275795 2 35017637 34958396 34884695 35018853 0 8662 2752 3255 1920 3446 2797 2567 2763 1844 11698 20316 11967 9118 15521 16826 11886 8134 2986 2066 1679 3185 2422 2245 1744 1835 9977 9026 6671 6948 8526 7798 7092 8619 0 0 0 0 616709 3789 1036 0 264 0 0 0 0 0 0 0 0 0 0 0 0 0 0 0 0 0 0 0 0 0 0 0 0 0 0 0 0 0 0 0 0 0 0 0 0 0 0 0 0 0 0 0 0 0 0 0 0 0 0 0 0 0 0 0 0 0 0 0 0 0 0 0 0 0 0 0 0 0 0 0 0 0 0 0 0 0 0 0 0 0 0 0 0 0 0 0 0 0 0 0 0 0 0 0 0 0 0 0 0 0 0 0 0 0 0 0 0 0 0 0 0 0 0 0 0 0 0 0 0 0 0 0 0 0 0 0 0 0 0 0 0 0 0 0 0 0 0 0 0 0 0 0 0 0 0 0 0 0 0 0 0 0 0 0 0 0 0 0 0 0 0 0 0 0 0 0 0 0 0 0 0 0 0 0 0 0 0 0 0 0 0 0 0 0 0 0 0 0 0 0 0 0 0 0 0 0 0 0 0 0 0 0 0 0 0 0 0 0 0 0 0 0 0 0 0 0 0 0 0 0 0 0 0 0 0 0 0 0 0 0 0 0 0 0 0 0 0 0 0 0 0 0 0 0 0 0 0 0 0 0 0 0 0 0 0 0 0 0 0 0 0 0 0 0 0 0 0 0 0 0 0 0 0 0 0 0 0 0 0 0 0 0 0 0 0 0 0 0 0 0 0 0 0 0 0 0 0 0 0 0 0 0 0 0 0 0 0 0 0 0 0 0 0 0 0 0 0 0 0 0 0 0 0 0 0 0 0 0 0 0 0 0 0 0 0 0 0 0 0 0 0 0 0 0 0 0 0 0 0 0 0 0 0 0 0 0 0 0 0 0 0 0 0 0 0 0 0 0 0 0 0 0 0 0 0 0 0 0 0 0 0 0 0 0 0 0 0 0 0 0 0 0 0 0 0 0 0 0 0 0 0 0 0 0 0 0 0 0 0 0 0 0 0 0 0 0 0 0 0 0 0 0 0 0 0 0 0 0 0 0 0 0 0 0 0 0 0 0 0 0 0 0 0 0 0 0 0 0 0 0 0 0 0 0 0 0 0 0 0 0 0 0 0 0 0 0 0 0 0 0 0 0 0 0 0 0 0 0 0 0 0 0 0 0 0 0 0 0 0 0 0 0 0 0 0 0 0 0 0 0 0 0 0 0 0 0 0 0 0 0 0 0 0 0 0 0 0 0 0 0 0 0 0 0 0 0 0 0 0 0 0 0 0 0 0 0 0 0 0 0 0 0 0 0 0 0 0 0 0 0 0 0 0 0 0 0 0 0 0 0 0 0 0 0 0 0 0 0 0 0 0 0 0 0 0 0 0 0 0 0 0 0 0 0 0 0 0 0 0 0 0 0 0 0 0 0 0 0 0 0 0 0 0 0 0 0 0 0 0 0 0 0 0 0 0 0 0 0 0 0 0 0 0 0 0 0 0 0 0 0 0 0 0 0 0 0 0 0 0 0 0 0 0 0 0 0 0 0 0 0 0 0 0 0 0 0 0 0 0 0 0 0 0 0 0 0 0 0 0 0 0 0 0 0 0 0 0 0 0 0 0 0 0 0 0 0 0 0 0 0 0 0 0 0 0 0 0 0 0 0 0 0 0 0 0 0 0 0 0 0 0 0 0 0 0 0 0 0 0 0 0 0 0 0 0 0 0 0 0 0 0 0 0 0 0 0 0 0 0 0 0 0 0 0 0 0 0 0 0 0 0 0 0 0 0 0 0 0 0 0 0 0 0 0 0 0 0 0 0 0 0 0 0 0 0 0 0 0 0 0 0 0 0 0 0 0 0 0 0 0 0 0 0 0 0 0 0 0 0 0 0 0 0 0 0 0 0 0 0 0 0 0 0 0 0 0 0 0 0 0 0 0 0 0 0 0 0 0 0 0 0 0 0 0 0 0 0 0 0 0 0 0 0 0 0 0 0 0 0 0 0 0 0 0 0 0 0 0 0 0 0 0 0 0 0 0 0 0 0 0 0 0 0 0 0 0 0 0 0 0 0 0 0 0 0 0 0 0 0 0 0 0 0 0 0 0 0 0 0 0 0 0 0 0 0 0 0 0 0 0 0 0 0 0 0 0 0 0 0 0 0 0 0 0 0 0 0 0 0 0 0 0 0 0 0 0 0 0 0 0 0 0 0 0 0 0 0 0 0 0 0 0 0 0 0 0 0 0 0 0 0 0 0 0 0 0 0 0 0 0 0 0 0 0 0 0 0 0 0 0 0 0 0 0 0 0 0 0 0 0 0 0 0 0 0 0 0 0 0 0 0 0 0 0 0 0 0 0 0 0 0 0 0 0 0 0 0 0 0 0 0 0 0 0 0 0 0 0 0 0 0 0 0 0 0 0 0 0 0 0 0 0 0 0 0 0 0 0 0 0 0 0 0 0 0 0 0 0 0 0 0 0 0 0 0 0 0 0 0 0 0 0 0 0 0 0 0 0 0 0 0 0 0 0 0 0 0 0 0 0 0 0 0 0 0 0 0 0 0 0 0
ctxt 4013233542
btime 1790630938
processes 266746
procs_running 18
procs_blocked 0
softirq 3674372027 73526 7057602 2752129 3585265425 288826 0 13557237 38383514 410 26993358
