Running 10s test @ http://127.0.0.1:18500/
  16 threads and 32 connections
  Thread Stats   Avg      Stdev     Max   +/- Stdev
    Latency   145.53us   45.89us   0.92ms   54.70%
    Req/Sec    13.77k     3.25k   20.28k    62.62%
  Latency Distribution
     50%  178.00us
     75%  191.00us
     90%  193.00us
     99%  198.00us
  2213788 requests in 10.10s, 223.79MB read
Requests/sec: 219190.73
Transfer/sec:     22.16MB
## server-stat
cpu  2428357 986 1258178 26677896 45522 0 599653 0 0 0
cpu0 85925 17 35207 840837 1035 0 18322 0 0 0
cpu1 90235 22 36011 839519 848 0 18148 0 0 0
cpu2 91776 19 36450 837757 590 0 18650 0 0 0
cpu3 115567 20 47234 792436 1324 0 28022 0 0 0
cpu4 123262 22 47434 785541 786 0 28373 0 0 0
cpu5 96820 22 37805 830773 584 0 19340 0 0 0
cpu6 99227 19 38921 826478 463 0 20697 0 0 0
cpu7 98224 18 39427 826843 301 0 20922 0 0 0
cpu8 38246 31 34905 870137 1422 0 10765 0 0 0
cpu9 43633 37 37550 853115 3335 0 11524 0 0 0
cpu10 42033 34 36463 858925 1606 0 11459 0 0 0
cpu11 38953 30 33936 871983 1057 0 10481 0 0 0
cpu12 66130 107 39520 828064 4038 0 12269 0 0 0
cpu13 64010 40 40122 828423 3958 0 12556 0 0 0
cpu14 38582 31 33349 875022 1218 0 10251 0 0 0
cpu15 36184 33 30846 884784 1020 0 9344 0 0 0
cpu16 114016 16 43930 802480 585 0 24906 0 0 0
cpu17 107622 16 42886 809566 1442 0 24167 0 0 0
cpu18 104264 16 41797 816173 324 0 23282 0 0 0
cpu19 140798 17 54689 753982 818 0 34834 0 0 0
cpu20 130942 17 52552 767684 879 0 33458 0 0 0
cpu21 100820 17 40917 820193 799 0 22746 0 0 0
cpu22 93701 20 38820 830567 497 0 20802 0 0 0
cpu23 87852 20 36740 841435 595 0 19091 0 0 0
cpu24 41747 35 34615 870612 1360 0 11149 0 0 0
cpu25 46078 39 38140 853188 2433 0 12971 0 0 0
cpu26 44382 35 37377 857702 1851 0 12619 0 0 0
cpu27 37670 25 33329 862404 1485 0 18931 0 0 0
cpu28 64593 57 43095 810280 3261 0 24627 0 0 0
cpu29 67622 94 44389 802997 3294 0 25001 0 0 0
cpu30 37057 24 34558 857578 1335 0 18808 0 0 0
cpu31 40373 23 35149 870403 964 0 11125 0 0 0
intr 2493754271 126 0 0 0 0 0 0 0 0 1 0 0 0 0 0 0 0 0 0 0 0 0 0 0 0 0 0 1 1 1 0 0 0 0 1 0 1 0 0 75045 0 0 0 0 0 0 0 0 411 0 0 0 0 0 0 0 0 87 0 0 0 0 0 0 0 0 0 0 0 0 0 0 0 264298 2 35015611 34955327 34882104 35016660 0 8234 2748 3249 1919 3400 2792 2430 2757 1682 11522 20230 11679 9084 15370 16614 11822 8049 2984 2063 1677 3150 2420 2220 1742 1741 9842 8865 6564 6843 8470 7696 7002 8527 0 0 0 0 616673 3725 1036 0 264 0 0 0 0 0 0 0 0 0 0 0 0 0 0 0 0 0 0 0 0 0 0 0 0 0 0 0 0 0 0 0 0 0 0 0 0 0 0 0 0 0 0 0 0 0 0 0 0 0 0 0 0 0 0 0 0 0 0 0 0 0 0 0 0 0 0 0 0 0 0 0 0 0 0 0 0 0 0 0 0 0 0 0 0 0 0 0 0 0 0 0 0 0 0 0 0 0 0 0 0 0 0 0 0 0 0 0 0 0 0 0 0 0 0 0 0 0 0 0 0 0 0 0 0 0 0 0 0 0 0 0 0 0 0 0 0 0 0 0 0 0 0 0 0 0 0 0 0 0 0 0 0 0 0 0 0 0 0 0 0 0 0 0 0 0 0 0 0 0 0 0 0 0 0 0 0 0 0 0 0 0 0 0 0 0 0 0 0 0 0 0 0 0 0 0 0 0 0 0 0 0 0 0 0 0 0 0 0 0 0 0 0 0 0 0 0 0 0 0 0 0 0 0 0 0 0 0 0 0 0 0 0 0 0 0 0 0 0 0 0 0 0 0 0 0 0 0 0 0 0 0 0 0 0 0 0 0 0 0 0 0 0 0 0 0 0 0 0 0 0 0 0 0 0 0 0 0 0 0 0 0 0 0 0 0 0 0 0 0 0 0 0 0 0 0 0 0 0 0 0 0 0 0 0 0 0 0 0 0 0 0 0 0 0 0 0 0 0 0 0 0 0 0 0 0 0 0 0 0 0 0 0 0 0 0 0 0 0 0 0 0 0 0 0 0 0 0 0 0 0 0 0 0 0 0 0 0 0 0 0 0 0 0 0 0 0 0 0 0 0 0 0 0 0 0 0 0 0 0 0 0 0 0 0 0 0 0 0 0 0 0 0 0 0 0 0 0 0 0 0 0 0 0 0 0 0 0 0 0 0 0 0 0 0 0 0 0 0 0 0 0 0 0 0 0 0 0 0 0 0 0 0 0 0 0 0 0 0 0 0 0 0 0 0 0 0 0 0 0 0 0 0 0 0 0 0 0 0 0 0 0 0 0 0 0 0 0 0 0 0 0 0 0 0 0 0 0 0 0 0 0 0 0 0 0 0 0 0 0 0 0 0 0 0 0 0 0 0 0 0 0 0 0 0 0 0 0 0 0 0 0 0 0 0 0 0 0 0 0 0 0 0 0 0 0 0 0 0 0 0 0 0 0 0 0 0 0 0 0 0 0 0 0 0 0 0 0 0 0 0 0 0 0 0 0 0 0 0 0 0 0 0 0 0 0 0 0 0 0 0 0 0 0 0 0 0 0 0 0 0 0 0 0 0 0 0 0 0 0 0 0 0 0 0 0 0 0 0 0 0 0 0 0 0 0 0 0 0 0 0 0 0 0 0 0 0 0 0 0 0 0 0 0 0 0 0 0 0 0 0 0 0 0 0 0 0 0 0 0 0 0 0 0 0 0 0 0 0 0 0 0 0 0 0 0 0 0 0 0 0 0 0 0 0 0 0 0 0 0 0 0 0 0 0 0 0 0 0 0 0 0 0 0 0 0 0 0 0 0 0 0 0 0 0 0 0 0 0 0 0 0 0 0 0 0 0 0 0 0 0 0 0 0 0 0 0 0 0 0 0 0 0 0 0 0 0 0 0 0 0 0 0 0 0 0 0 0 0 0 0 0 0 0 0 0 0 0 0 0 0 0 0 0 0 0 0 0 0 0 0 0 0 0 0 0 0 0 0 0 0 0 0 0 0 0 0 0 0 0 0 0 0 0 0 0 0 0 0 0 0 0 0 0 0 0 0 0 0 0 0 0 0 0 0 0 0 0 0 0 0 0 0 0 0 0 0 0 0 0 0 0 0 0 0 0 0 0 0 0 0 0 0 0 0 0 0 0 0 0 0 0 0 0 0 0 0 0 0 0 0 0 0 0 0 0 0 0 0 0 0 0 0 0 0 0 0 0 0 0 0 0 0 0 0 0 0 0 0 0 0 0 0 0 0 0 0 0 0 0 0 0 0 0 0 0 0 0 0 0 0 0 0 0 0 0 0 0 0 0 0 0 0 0 0 0 0 0 0 0 0 0 0 0 0 0 0 0 0 0 0 0 0 0 0 0 0 0 0 0 0 0 0 0 0 0 0 0 0 0 0 0 0 0 0 0 0 0 0 0 0 0 0 0 0 0 0 0 0 0 0 0 0 0 0 0 0 0 0 0 0 0 0 0 0 0 0 0 0 0 0 0 0 0 0 0 0 0 0 0 0 0 0 0 0 0 0 0 0 0 0 0 0 0 0 0 0 0 0 0 0 0 0 0 0 0 0 0 0 0 0 0 0 0 0 0 0 0 0 0 0 0 0 0 0 0 0 0 0 0 0 0 0 0 0 0 0 0 0 0 0 0 0 0 0 0 0 0 0 0 0 0 0 0 0 0 0 0 0 0 0 0 0 0 0 0 0 0 0 0 0 0 0 0 0 0 0 0 0 0 0 0 0
ctxt 3788881887
btime 1790630938
processes 256079
procs_running 4
procs_blocked 0
softirq 3464886371 73526 6792875 2752059 3378221128 276689 0 13556973 37197976 410 26014735
--
cpu  2429252 987 1258594 26700637 45543 0 600088 0 0 0
cpu0 85926 17 35208 841625 1035 0 18325 0 0 0
cpu1 90235 22 36011 840318 848 0 18148 0 0 0
cpu2 91776 19 36451 838556 590 0 18650 0 0 0
cpu3 115757 20 47325 792859 1324 0 28118 0 0 0
cpu4 123493 22 47537 785888 786 0 28491 0 0 0
cpu5 96821 22 37805 831572 584 0 19340 0 0 0
cpu6 99227 19 38921 827276 463 0 20697 0 0 0
cpu7 98224 18 39427 827642 301 0 20922 0 0 0
cpu8 38247 31 34906 870884 1433 0 10766 0 0 0
cpu9 43636 37 37553 853813 3335 0 11525 0 0 0
cpu10 42036 34 36465 859624 1607 0 11459 0 0 0
cpu11 38953 30 33938 872710 1057 0 10481 0 0 0
cpu12 66140 107 39528 828729 4038 0 12272 0 0 0
cpu13 64016 40 40131 829066 3958 0 12558 0 0 0
cpu14 38584 31 33353 875721 1218 0 10252 0 0 0
cpu15 36186 33 30847 885513 1020 0 9344 0 0 0
cpu16 114018 16 43931 803276 585 0 24907 0 0 0
cpu17 107622 16 42886 810365 1442 0 24167 0 0 0
cpu18 104264 16 41797 816972 324 0 23282 0 0 0
cpu19 141011 17 54786 754364 818 0 34942 0 0 0
cpu20 131118 17 52627 768137 879 0 33554 0 0 0
cpu21 100820 17 40917 820992 799 0 22746 0 0 0
cpu22 93701 20 38820 831365 497 0 20802 0 0 0
cpu23 87853 20 36741 842234 595 0 19091 0 0 0
cpu24 41750 35 34616 871359 1360 0 11149 0 0 0
cpu25 46085 39 38142 853940 2433 0 12971 0 0 0
cpu26 44383 35 37379 858452 1851 0 12619 0 0 0
cpu27 37672 25 33329 863182 1485 0 18931 0 0 0
cpu28 64611 57 43097 811000 3261 0 24628 0 0 0
cpu29 67640 94 44395 803678 3301 0 25003 0 0 0
cpu30 37061 24 34560 858331 1335 0 18809 0 0 0
cpu31 40373 23 35150 871178 964 0 11126 0 0 0
intr 2495556154 126 0 0 0 0 0 0 0 0 1 0 0 0 0 0 0 0 0 0 0 0 0 0 0 0 0 0 1 1 1 0 0 0 0 1 0 1 0 0 75045 0 0 0 0 0 0 0 0 411 0 0 0 0 0 0 0 0 87 0 0 0 0 0 0 0 0 0 0 0 0 0 0 0 264572 2 35015627 34955375 34882117 35016677 0 8238 2748 3249 1919 3400 2792 2430 2757 1682 11522 20241 11679 9084 15370 16682 11822 8050 2984 2063 1677 3150 2422 2220 1742 1741 9845 8865 6564 6843 8470 7696 7002 8527 0 0 0 0 616673 3725 1036 0 264 0 0 0 0 0 0 0 0 0 0 0 0 0 0 0 0 0 0 0 0 0 0 0 0 0 0 0 0 0 0 0 0 0 0 0 0 0 0 0 0 0 0 0 0 0 0 0 0 0 0 0 0 0 0 0 0 0 0 0 0 0 0 0 0 0 0 0 0 0 0 0 0 0 0 0 0 0 0 0 0 0 0 0 0 0 0 0 0 0 0 0 0 0 0 0 0 0 0 0 0 0 0 0 0 0 0 0 0 0 0 0 0 0 0 0 0 0 0 0 0 0 0 0 0 0 0 0 0 0 0 0 0 0 0 0 0 0 0 0 0 0 0 0 0 0 0 0 0 0 0 0 0 0 0 0 0 0 0 0 0 0 0 0 0 0 0 0 0 0 0 0 0 0 0 0 0 0 0 0 0 0 0 0 0 0 0 0 0 0 0 0 0 0 0 0 0 0 0 0 0 0 0 0 0 0 0 0 0 0 0 0 0 0 0 0 0 0 0 0 0 0 0 0 0 0 0 0 0 0 0 0 0 0 0 0 0 0 0 0 0 0 0 0 0 0 0 0 0 0 0 0 0 0 0 0 0 0 0 0 0 0 0 0 0 0 0 0 0 0 0 0 0 0 0 0 0 0 0 0 0 0 0 0 0 0 0 0 0 0 0 0 0 0 0 0 0 0 0 0 0 0 0 0 0 0 0 0 0 0 0 0 0 0 0 0 0 0 0 0 0 0 0 0 0 0 0 0 0 0 0 0 0 0 0 0 0 0 0 0 0 0 0 0 0 0 0 0 0 0 0 0 0 0 0 0 0 0 0 0 0 0 0 0 0 0 0 0 0 0 0 0 0 0 0 0 0 0 0 0 0 0 0 0 0 0 0 0 0 0 0 0 0 0 0 0 0 0 0 0 0 0 0 0 0 0 0 0 0 0 0 0 0 0 0 0 0 0 0 0 0 0 0 0 0 0 0 0 0 0 0 0 0 0 0 0 0 0 0 0 0 0 0 0 0 0 0 0 0 0 0 0 0 0 0 0 0 0 0 0 0 0 0 0 0 0 0 0 0 0 0 0 0 0 0 0 0 0 0 0 0 0 0 0 0 0 0 0 0 0 0 0 0 0 0 0 0 0 0 0 0 0 0 0 0 0 0 0 0 0 0 0 0 0 0 0 0 0 0 0 0 0 0 0 0 0 0 0 0 0 0 0 0 0 0 0 0 0 0 0 0 0 0 0 0 0 0 0 0 0 0 0 0 0 0 0 0 0 0 0 0 0 0 0 0 0 0 0 0 0 0 0 0 0 0 0 0 0 0 0 0 0 0 0 0 0 0 0 0 0 0 0 0 0 0 0 0 0 0 0 0 0 0 0 0 0 0 0 0 0 0 0 0 0 0 0 0 0 0 0 0 0 0 0 0 0 0 0 0 0 0 0 0 0 0 0 0 0 0 0 0 0 0 0 0 0 0 0 0 0 0 0 0 0 0 0 0 0 0 0 0 0 0 0 0 0 0 0 0 0 0 0 0 0 0 0 0 0 0 0 0 0 0 0 0 0 0 0 0 0 0 0 0 0 0 0 0 0 0 0 0 0 0 0 0 0 0 0 0 0 0 0 0 0 0 0 0 0 0 0 0 0 0 0 0 0 0 0 0 0 0 0 0 0 0 0 0 0 0 0 0 0 0 0 0 0 0 0 0 0 0 0 0 0 0 0 0 0 0 0 0 0 0 0 0 0 0 0 0 0 0 0 0 0 0 0 0 0 0 0 0 0 0 0 0 0 0 0 0 0 0 0 0 0 0 0 0 0 0 0 0 0 0 0 0 0 0 0 0 0 0 0 0 0 0 0 0 0 0 0 0 0 0 0 0 0 0 0 0 0 0 0 0 0 0 0 0 0 0 0 0 0 0 0 0 0 0 0 0 0 0 0 0 0 0 0 0 0 0 0 0 0 0 0 0 0 0 0 0 0 0 0 0 0 0 0 0 0 0 0 0 0 0 0 0 0 0 0 0 0 0 0 0 0 0 0 0 0 0 0 0 0 0 0 0 0 0 0 0 0 0 0 0 0 0 0 0 0 0 0 0 0 0 0 0 0 0 0 0 0 0 0 0 0 0 0 0 0 0 0 0 0 0 0 0 0 0 0 0 0 0 0 0 0 0 0 0 0 0 0 0 0 0 0 0 0 0 0 0 0 0 0 0 0 0 0 0 0 0 0 0 0 0 0 0 0 0 0 0 0 0 0 0 0 0 0 0 0 0 0 0 0 0 0 0 0 0 0 0 0 0 0 0 0 0 0 0 0 0 0 0 0 0 0 0 0 0 0 0 0 0 0 0 0 0 0 0 0 0 0 0 0 0 0 0 0 0 0 0 0 0 0 0 0 0 0 0 0 0 0 0 0 0 0 0 0 0 0 0 0 0 0 0 0 0 0 0 0 0 0 0 0 0 0 0 0 0 0 0 0 0 0 0 0 0 0 0 0 0 0 0 0 0
ctxt 3792389054
btime 1790630938
processes 256132
procs_running 5
procs_blocked 0
softirq 3468418169 73526 6796017 2752059 3381730069 276964 0 13556973 37209442 410 26022709
