Running 10s test @ http://127.0.0.1:18500/page
  16 threads and 32 connections
  Thread Stats   Avg      Stdev     Max   +/- Stdev
    Latency   603.59us   85.94us   4.27ms   86.62%
    Req/Sec     3.33k   377.05     3.88k    37.31%
  Latency Distribution
     50%  648.00us
     75%  682.00us
     90%  686.00us
     99%  697.00us
  535080 requests in 10.10s, 5.15GB read
Requests/sec:  52979.19
Transfer/sec:    522.43MB
## server-stat
cpu  2472324 1018 1272995 27779919 46500 0 611519 0 0 0
cpu0 87133 18 35544 875978 1037 0 18562 0 0 0
cpu1 91311 22 36341 875120 862 0 18355 0 0 0
cpu2 92731 20 36759 873569 591 0 18824 0 0 0
cpu3 122670 20 49401 818342 1324 0 30069 0 0 0
cpu4 130389 22 49753 811112 787 0 30635 0 0 0
cpu5 97717 23 38119 866672 592 0 19508 0 0 0
cpu6 100022 19 39209 862587 469 0 20838 0 0 0
cpu7 98924 19 39682 863167 303 0 21054 0 0 0
cpu8 38322 32 34994 906392 1445 0 10817 0 0 0
cpu9 43782 40 37709 888152 3449 0 11602 0 0 0
cpu10 42140 35 36613 893996 1675 0 11535 0 0 0
cpu11 39019 32 34034 907838 1091 0 10531 0 0 0
cpu12 66781 109 39835 861884 4133 0 12412 0 0 0
cpu13 64515 42 40442 862109 4012 0 12709 0 0 0
cpu14 38661 32 33490 910322 1229 0 10325 0 0 0
cpu15 36240 35 30940 920716 1029 0 9393 0 0 0
cpu16 115433 17 44229 837877 617 0 25071 0 0 0
cpu17 108711 16 43172 845278 1443 0 24335 0 0 0
cpu18 105191 17 42076 852099 335 0 23437 0 0 0
cpu19 148429 17 57060 778953 818 0 37172 0 0 0
cpu20 138456 17 54745 793124 879 0 35601 0 0 0
cpu21 101676 18 41190 856156 847 0 22893 0 0 0
cpu22 94471 21 39091 866747 514 0 20931 0 0 0
cpu23 88566 21 36991 877793 597 0 19204 0 0 0
cpu24 41818 37 34698 906893 1366 0 11197 0 0 0
cpu25 46201 40 38249 889127 2486 0 13029 0 0 0
cpu26 44461 37 37470 894012 1856 0 12668 0 0 0
cpu27 37722 25 33391 899191 1493 0 18968 0 0 0
cpu28 65187 58 43283 845578 3319 0 24712 0 0 0
cpu29 68082 94 44626 837770 3508 0 25105 0 0 0
cpu30 37125 25 34638 894072 1370 0 18853 0 0 0
cpu31 40424 24 35207 907277 1009 0 11159 0 0 0
intr 2554205963 126 0 0 0 0 0 0 0 0 1 0 0 0 0 0 0 0 0 0 0 0 0 0 0 0 0 0 1 1 1 0 0 0 0 1 0 1 0 0 75045 0 0 0 0 0 0 0 0 411 0 0 0 0 0 0 0 0 87 0 0 0 0 0 0 0 0 0 0 0 0 0 0 0 272390 2 35017086 34957422 34883643 35018373 0 8540 2752 3254 1919 3405 2796 2517 2762 1838 11653 20272 11858 9109 15508 16775 11866 8097 2986 2066 1679 3183 2422 2243 1743 1741 9954 8997 6656 6938 8492 7755 7022 8614 0 0 0 0 616701 3765 1036 0 264 0 0 0 0 0 0 0 0 0 0 0 0 0 0 0 0 0 0 0 0 0 0 0 0 0 0 0 0 0 0 0 0 0 0 0 0 0 0 0 0 0 0 0 0 0 0 0 0 0 0 0 0 0 0 0 0 0 0 0 0 0 0 0 0 0 0 0 0 0 0 0 0 0 0 0 0 0 0 0 0 0 0 0 0 0 0 0 0 0 0 0 0 0 0 0 0 0 0 0 0 0 0 0 0 0 0 0 0 0 0 0 0 0 0 0 0 0 0 0 0 0 0 0 0 0 0 0 0 0 0 0 0 0 0 0 0 0 0 0 0 0 0 0 0 0 0 0 0 0 0 0 0 0 0 0 0 0 0 0 0 0 0 0 0 0 0 0 0 0 0 0 0 0 0 0 0 0 0 0 0 0 0 0 0 0 0 0 0 0 0 0 0 0 0 0 0 0 0 0 0 0 0 0 0 0 0 0 0 0 0 0 0 0 0 0 0 0 0 0 0 0 0 0 0 0 0 0 0 0 0 0 0 0 0 0 0 0 0 0 0 0 0 0 0 0 0 0 0 0 0 0 0 0 0 0 0 0 0 0 0 0 0 0 0 0 0 0 0 0 0 0 0 0 0 0 0 0 0 0 0 0 0 0 0 0 0 0 0 0 0 0 0 0 0 0 0 0 0 0 0 0 0 0 0 0 0 0 0 0 0 0 0 0 0 0 0 0 0 0 0 0 0 0 0 0 0 0 0 0 0 0 0 0 0 0 0 0 0 0 0 0 0 0 0 0 0 0 0 0 0 0 0 0 0 0 0 0 0 0 0 0 0 0 0 0 0 0 0 0 0 0 0 0 0 0 0 0 0 0 0 0 0 0 0 0 0 0 0 0 0 0 0 0 0 0 0 0 0 0 0 0 0 0 0 0 0 0 0 0 0 0 0 0 0 0 0 0 0 0 0 0 0 0 0 0 0 0 0 0 0 0 0 0 0 0 0 0 0 0 0 0 0 0 0 0 0 0 0 0 0 0 0 0 0 0 0 0 0 0 0 0 0 0 0 0 0 0 0 0 0 0 0 0 0 0 0 0 0 0 0 0 0 0 0 0 0 0 0 0 0 0 0 0 0 0 0 0 0 0 0 0 0 0 0 0 0 0 0 0 0 0 0 0 0 0 0 0 0 0 0 0 0 0 0 0 0 0 0 0 0 0 0 0 0 0 0 0 0 0 0 0 0 0 0 0 0 0 0 0 0 0 0 0 0 0 0 0 0 0 0 0 0 0 0 0 0 0 0 0 0 0 0 0 0 0 0 0 0 0 0 0 0 0 0 0 0 0 0 0 0 0 0 0 0 0 0 0 0 0 0 0 0 0 0 0 0 0 0 0 0 0 0 0 0 0 0 0 0 0 0 0 0 0 0 0 0 0 0 0 0 0 0 0 0 0 0 0 0 0 0 0 0 0 0 0 0 0 0 0 0 0 0 0 0 0 0 0 0 0 0 0 0 0 0 0 0 0 0 0 0 0 0 0 0 0 0 0 0 0 0 0 0 0 0 0 0 0 0 0 0 0 0 0 0 0 0 0 0 0 0 0 0 0 0 0 0 0 0 0 0 0 0 0 0 0 0 0 0 0 0 0 0 0 0 0 0 0 0 0 0 0 0 0 0 0 0 0 0 0 0 0 0 0 0 0 0 0 0 0 0 0 0 0 0 0 0 0 0 0 0 0 0 0 0 0 0 0 0 0 0 0 0 0 0 0 0 0 0 0 0 0 0 0 0 0 0 0 0 0 0 0 0 0 0 0 0 0 0 0 0 0 0 0 0 0 0 0 0 0 0 0 0 0 0 0 0 0 0 0 0 0 0 0 0 0 0 0 0 0 0 0 0 0 0 0 0 0 0 0 0 0 0 0 0 0 0 0 0 0 0 0 0 0 0 0 0 0 0 0 0 0 0 0 0 0 0 0 0 0 0 0 0 0 0 0 0 0 0 0 0 0 0 0 0 0 0 0 0 0 0 0 0 0 0 0 0 0 0 0 0 0 0 0 0 0 0 0 0 0 0 0 0 0 0 0 0 0 0 0 0 0 0 0 0 0 0 0 0 0 0 0 0 0 0 0 0 0 0 0 0 0 0 0 0 0 0 0 0 0 0 0 0 0 0 0 0 0 0 0 0 0 0 0 0 0 0 0 0 0 0 0 0 0 0 0 0 0 0 0 0 0 0 0 0 0 0 0 0 0 0 0 0 0 0 0 0 0 0 0 0 0 0 0 0 0 0 0 0 0 0 0 0 0 0 0 0 0 0 0 0 0 0 0 0 0 0 0 0 0 0 0 0 0 0 0 0 0 0 0 0 0 0 0 0 0 0 0 0 0 0 0 0 0 0 0 0 0 0 0 0 0 0 0 0 0 0 0 0 0 0 0 0 0 0 0 0 0 0 0 0 0 0 0 0 0 0 0 0 0 0 0 0 0 0 0 0 0 0 0 0 0 0
ctxt 3904038803
btime 1790630938
processes 263567
procs_running 3
procs_blocked 0
softirq 3556465201 73526 6974522 2752111 3468502033 285235 0 13557154 37816053 410 26504157
--
cpu  2473705 1019 1273212 27803449 46503 0 611652 0 0 0
cpu0 87134 18 35544 876766 1037 0 18562 0 0 0
cpu1 91312 22 36341 875918 862 0 18355 0 0 0
cpu2 92731 20 36759 874367 591 0 18824 0 0 0
cpu3 122982 20 49445 818754 1324 0 30101 0 0 0
cpu4 130832 22 49811 811374 787 0 30673 0 0 0
cpu5 97717 23 38119 867471 592 0 19508 0 0 0
cpu6 100022 20 39209 863386 469 0 20838 0 0 0
cpu7 98925 19 39682 863966 303 0 21054 0 0 0
cpu8 38324 32 34995 907173 1445 0 10817 0 0 0
cpu9 43792 40 37711 888917 3449 0 11603 0 0 0
cpu10 42142 35 36616 894768 1675 0 11536 0 0 0
cpu11 39021 32 34036 908610 1091 0 10532 0 0 0
cpu12 66797 109 39839 862640 4133 0 12414 0 0 0
cpu13 64529 42 40447 862863 4012 0 12710 0 0 0
cpu14 38662 32 33492 911093 1229 0 10326 0 0 0
cpu15 36242 35 30943 921492 1029 0 9394 0 0 0
cpu16 115437 17 44229 838673 617 0 25071 0 0 0
cpu17 108713 16 43173 846075 1443 0 24335 0 0 0
cpu18 105193 17 42076 852897 335 0 23437 0 0 0
cpu19 148763 17 57106 779340 818 0 37204 0 0 0
cpu20 138669 17 54774 793662 879 0 35622 0 0 0
cpu21 101678 18 41190 856953 847 0 22893 0 0 0
cpu22 94471 21 39091 867545 514 0 20931 0 0 0
cpu23 88566 21 36991 878591 597 0 19204 0 0 0
cpu24 41819 37 34701 907667 1367 0 11198 0 0 0
cpu25 46201 40 38250 889906 2486 0 13030 0 0 0
cpu26 44462 37 37473 894789 1856 0 12669 0 0 0
cpu27 37723 26 33392 899977 1493 0 18968 0 0 0
cpu28 65190 58 43285 846349 3319 0 24713 0 0 0
cpu29 68091 94 44630 838535 3508 0 25107 0 0 0
cpu30 37127 25 34640 894850 1370 0 18853 0 0 0
cpu31 40425 24 35209 908063 1009 0 11159 0 0 0
intr 2554709350 126 0 0 0 0 0 0 0 0 1 0 0 0 0 0 0 0 0 0 0 0 0 0 0 0 0 0 1 1 1 0 0 0 0 1 0 1 0 0 75045 0 0 0 0 0 0 0 0 411 0 0 0 0 0 0 0 0 87 0 0 0 0 0 0 0 0 0 0 0 0 0 0 0 272390 2 35017105 34957444 34883673 35018380 0 8548 2752 3254 1919 3405 2796 2517 2762 1838 11693 20272 11859 9109 15508 16775 11867 8097 2986 2066 1679 3183 2422 2243 1743 1741 9954 8997 6656 6938 8492 7755 7022 8614 0 0 0 0 616701 3765 1036 0 264 0 0 0 0 0 0 0 0 0 0 0 0 0 0 0 0 0 0 0 0 0 0 0 0 0 0 0 0 0 0 0 0 0 0 0 0 0 0 0 0 0 0 0 0 0 0 0 0 0 0 0 0 0 0 0 0 0 0 0 0 0 0 0 0 0 0 0 0 0 0 0 0 0 0 0 0 0 0 0 0 0 0 0 0 0 0 0 0 0 0 0 0 0 0 0 0 0 0 0 0 0 0 0 0 0 0 0 0 0 0 0 0 0 0 0 0 0 0 0 0 0 0 0 0 0 0 0 0 0 0 0 0 0 0 0 0 0 0 0 0 0 0 0 0 0 0 0 0 0 0 0 0 0 0 0 0 0 0 0 0 0 0 0 0 0 0 0 0 0 0 0 0 0 0 0 0 0 0 0 0 0 0 0 0 0 0 0 0 0 0 0 0 0 0 0 0 0 0 0 0 0 0 0 0 0 0 0 0 0 0 0 0 0 0 0 0 0 0 0 0 0 0 0 0 0 0 0 0 0 0 0 0 0 0 0 0 0 0 0 0 0 0 0 0 0 0 0 0 0 0 0 0 0 0 0 0 0 0 0 0 0 0 0 0 0 0 0 0 0 0 0 0 0 0 0 0 0 0 0 0 0 0 0 0 0 0 0 0 0 0 0 0 0 0 0 0 0 0 0 0 0 0 0 0 0 0 0 0 0 0 0 0 0 0 0 0 0 0 0 0 0 0 0 0 0 0 0 0 0 0 0 0 0 0 0 0 0 0 0 0 0 0 0 0 0 0 0 0 0 0 0 0 0 0 0 0 0 0 0 0 0 0 0 0 0 0 0 0 0 0 0 0 0 0 0 0 0 0 0 0 0 0 0 0 0 0 0 0 0 0 0 0 0 0 0 0 0 0 0 0 0 0 0 0 0 0 0 0 0 0 0 0 0 0 0 0 0 0 0 0 0 0 0 0 0 0 0 0 0 0 0 0 0 0 0 0 0 0 0 0 0 0 0 0 0 0 0 0 0 0 0 0 0 0 0 0 0 0 0 0 0 0 0 0 0 0 0 0 0 0 0 0 0 0 0 0 0 0 0 0 0 0 0 0 0 0 0 0 0 0 0 0 0 0 0 0 0 0 0 0 0 0 0 0 0 0 0 0 0 0 0 0 0 0 0 0 0 0 0 0 0 0 0 0 0 0 0 0 0 0 0 0 0 0 0 0 0 0 0 0 0 0 0 0 0 0 0 0 0 0 0 0 0 0 0 0 0 0 0 0 0 0 0 0 0 0 0 0 0 0 0 0 0 0 0 0 0 0 0 0 0 0 0 0 0 0 0 0 0 0 0 0 0 0 0 0 0 0 0 0 0 0 0 0 0 0 0 0 0 0 0 0 0 0 0 0 0 0 0 0 0 0 0 0 0 0 0 0 0 0 0 0 0 0 0 0 0 0 0 0 0 0 0 0 0 0 0 0 0 0 0 0 0 0 0 0 0 0 0 0 0 0 0 0 0 0 0 0 0 0 0 0 0 0 0 0 0 0 0 0 0 0 0 0 0 0 0 0 0 0 0 0 0 0 0 0 0 0 0 0 0 0 0 0 0 0 0 0 0 0 0 0 0 0 0 0 0 0 0 0 0 0 0 0 0 0 0 0 0 0 0 0 0 0 0 0 0 0 0 0 0 0 0 0 0 0 0 0 0 0 0 0 0 0 0 0 0 0 0 0 0 0 0 0 0 0 0 0 0 0 0 0 0 0 0 0 0 0 0 0 0 0 0 0 0 0 0 0 0 0 0 0 0 0 0 0 0 0 0 0 0 0 0 0 0 0 0 0 0 0 0 0 0 0 0 0 0 0 0 0 0 0 0 0 0 0 0 0 0 0 0 0 0 0 0 0 0 0 0 0 0 0 0 0 0 0 0 0 0 0 0 0 0 0 0 0 0 0 0 0 0 0 0 0 0 0 0 0 0 0 0 0 0 0 0 0 0 0 0 0 0 0 0 0 0 0 0 0 0 0 0 0 0 0 0 0 0 0 0 0 0 0 0 0 0 0 0 0 0 0 0 0 0 0 0 0 0 0 0 0 0 0 0 0 0 0 0 0 0 0 0 0 0 0 0 0 0 0 0 0 0 0 0 0 0 0 0 0 0 0 0 0 0 0 0 0 0 0 0 0 0 0 0 0 0 0 0 0 0 0 0 0 0 0 0 0 0 0 0 0 0 0 0 0 0 0 0 0 0 0 0 0 0 0 0 0 0 0 0 0 0 0 0 0 0 0 0 0 0 0 0 0 0 0 0 0 0 0 0 0 0 0 0 0 0 0 0 0 0 0 0 0 0 0 0 0 0 0 0 0 0 0 0 0 0 0 0 0 0 0 0 0 0 0 0 0 0 0 0 0 0 0 0 0 0 0 0 0 0 0 0 0 0 0 0 0 0 0 0 0 0 0 0 0 0 0 0 0 0 0 0 0 0 0 0 0 0 0 0 0 0 0
ctxt 3904929505
btime 1790630938
processes 263632
procs_running 3
procs_blocked 0
softirq 3557336126 73526 6977563 2752111 3469350390 285243 0 13557154 37826923 410 26512806
