Running 10s test @ http://127.0.0.1:18500/
  16 threads and 32 connections
  Thread Stats   Avg      Stdev     Max   +/- Stdev
    Latency   125.32us   31.95us 403.00us   93.80%
    Req/Sec    16.03k     2.90k   19.87k    52.35%
  Latency Distribution
     50%  131.00us
     75%  133.00us
     90%  140.00us
     99%  266.00us
  2578537 requests in 10.10s, 388.54MB read
Requests/sec: 255308.05
Transfer/sec:     38.47MB
## server-stat
cpu  2458895 1005 1267579 27328414 46140 0 606428 0 0 0
cpu0 87107 18 35534 860930 1035 0 18548 0 0 0
cpu1 91306 22 36336 859918 851 0 18353 0 0 0
cpu2 92727 20 36756 858352 590 0 18823 0 0 0
cpu3 119639 20 48419 808126 1324 0 29082 0 0 0
cpu4 126918 22 48551 801778 787 0 29404 0 0 0
cpu5 97711 22 38115 851457 591 0 19508 0 0 0
cpu6 100017 19 39206 847369 469 0 20837 0 0 0
cpu7 98922 18 39679 847946 302 0 21054 0 0 0
cpu8 38288 32 34963 891748 1438 0 10803 0 0 0
cpu9 43716 38 37645 874058 3391 0 11577 0 0 0
cpu10 42090 35 36552 879915 1650 0 11510 0 0 0
cpu11 38991 31 34000 893427 1086 0 10519 0 0 0
cpu12 66499 109 39710 848287 4091 0 12363 0 0 0
cpu13 64289 41 40314 848522 4009 0 12653 0 0 0
cpu14 38625 31 33435 896087 1226 0 10302 0 0 0
cpu15 36215 34 30905 906251 1028 0 9378 0 0 0
cpu16 115412 16 44225 822708 585 0 25071 0 0 0
cpu17 108700 16 43167 830070 1443 0 24334 0 0 0
cpu18 105185 16 42071 836893 325 0 23437 0 0 0
cpu19 145378 17 55799 769392 818 0 35808 0 0 0
cpu20 135930 17 53700 782583 879 0 34477 0 0 0
cpu21 101674 18 41185 840981 802 0 22893 0 0 0
cpu22 94468 21 39088 851541 498 0 20931 0 0 0
cpu23 88562 20 36987 862574 596 0 19203 0 0 0
cpu24 41788 37 34666 892307 1364 0 11183 0 0 0
cpu25 46147 39 38204 874674 2482 0 13010 0 0 0
cpu26 44429 36 37434 879416 1855 0 12649 0 0 0
cpu27 37700 25 33370 884375 1488 0 18959 0 0 0
cpu28 65004 57 43215 831351 3305 0 24684 0 0 0
cpu29 67938 94 44534 823716 3450 0 25066 0 0 0
cpu30 37101 25 34610 879307 1367 0 18842 0 0 0
cpu31 40405 24 35192 892336 999 0 11153 0 0 0
intr 2535095542 126 0 0 0 0 0 0 0 0 1 0 0 0 0 0 0 0 0 0 0 0 0 0 0 0 0 0 1 1 1 0 0 0 0 1 0 1 0 0 75045 0 0 0 0 0 0 0 0 411 0 0 0 0 0 0 0 0 87 0 0 0 0 0 0 0 0 0 0 0 0 0 0 0 269293 2 35016503 34956848 34882756 35017368 0 8417 2751 3252 1919 3402 2793 2430 2759 1682 11568 20261 11713 9093 15507 16770 11862 8094 2986 2066 1677 3150 2422 2243 1742 1741 9950 8986 6650 6935 8486 7720 7008 8601 0 0 0 0 616689 3750 1036 0 264 0 0 0 0 0 0 0 0 0 0 0 0 0 0 0 0 0 0 0 0 0 0 0 0 0 0 0 0 0 0 0 0 0 0 0 0 0 0 0 0 0 0 0 0 0 0 0 0 0 0 0 0 0 0 0 0 0 0 0 0 0 0 0 0 0 0 0 0 0 0 0 0 0 0 0 0 0 0 0 0 0 0 0 0 0 0 0 0 0 0 0 0 0 0 0 0 0 0 0 0 0 0 0 0 0 0 0 0 0 0 0 0 0 0 0 0 0 0 0 0 0 0 0 0 0 0 0 0 0 0 0 0 0 0 0 0 0 0 0 0 0 0 0 0 0 0 0 0 0 0 0 0 0 0 0 0 0 0 0 0 0 0 0 0 0 0 0 0 0 0 0 0 0 0 0 0 0 0 0 0 0 0 0 0 0 0 0 0 0 0 0 0 0 0 0 0 0 0 0 0 0 0 0 0 0 0 0 0 0 0 0 0 0 0 0 0 0 0 0 0 0 0 0 0 0 0 0 0 0 0 0 0 0 0 0 0 0 0 0 0 0 0 0 0 0 0 0 0 0 0 0 0 0 0 0 0 0 0 0 0 0 0 0 0 0 0 0 0 0 0 0 0 0 0 0 0 0 0 0 0 0 0 0 0 0 0 0 0 0 0 0 0 0 0 0 0 0 0 0 0 0 0 0 0 0 0 0 0 0 0 0 0 0 0 0 0 0 0 0 0 0 0 0 0 0 0 0 0 0 0 0 0 0 0 0 0 0 0 0 0 0 0 0 0 0 0 0 0 0 0 0 0 0 0 0 0 0 0 0 0 0 0 0 0 0 0 0 0 0 0 0 0 0 0 0 0 0 0 0 0 0 0 0 0 0 0 0 0 0 0 0 0 0 0 0 0 0 0 0 0 0 0 0 0 0 0 0 0 0 0 0 0 0 0 0 0 0 0 0 0 0 0 0 0 0 0 0 0 0 0 0 0 0 0 0 0 0 0 0 0 0 0 0 0 0 0 0 0 0 0 0 0 0 0 0 0 0 0 0 0 0 0 0 0 0 0 0 0 0 0 0 0 0 0 0 0 0 0 0 0 0 0 0 0 0 0 0 0 0 0 0 0 0 0 0 0 0 0 0 0 0 0 0 0 0 0 0 0 0 0 0 0 0 0 0 0 0 0 0 0 0 0 0 0 0 0 0 0 0 0 0 0 0 0 0 0 0 0 0 0 0 0 0 0 0 0 0 0 0 0 0 0 0 0 0 0 0 0 0 0 0 0 0 0 0 0 0 0 0 0 0 0 0 0 0 0 0 0 0 0 0 0 0 0 0 0 0 0 0 0 0 0 0 0 0 0 0 0 0 0 0 0 0 0 0 0 0 0 0 0 0 0 0 0 0 0 0 0 0 0 0 0 0 0 0 0 0 0 0 0 0 0 0 0 0 0 0 0 0 0 0 0 0 0 0 0 0 0 0 0 0 0 0 0 0 0 0 0 0 0 0 0 0 0 0 0 0 0 0 0 0 0 0 0 0 0 0 0 0 0 0 0 0 0 0 0 0 0 0 0 0 0 0 0 0 0 0 0 0 0 0 0 0 0 0 0 0 0 0 0 0 0 0 0 0 0 0 0 0 0 0 0 0 0 0 0 0 0 0 0 0 0 0 0 0 0 0 0 0 0 0 0 0 0 0 0 0 0 0 0 0 0 0 0 0 0 0 0 0 0 0 0 0 0 0 0 0 0 0 0 0 0 0 0 0 0 0 0 0 0 0 0 0 0 0 0 0 0 0 0 0 0 0 0 0 0 0 0 0 0 0 0 0 0 0 0 0 0 0 0 0 0 0 0 0 0 0 0 0 0 0 0 0 0 0 0 0 0 0 0 0 0 0 0 0 0 0 0 0 0 0 0 0 0 0 0 0 0 0 0 0 0 0 0 0 0 0 0 0 0 0 0 0 0 0 0 0 0 0 0 0 0 0 0 0 0 0 0 0 0 0 0 0 0 0 0 0 0 0 0 0 0 0 0 0 0 0 0 0 0 0 0 0 0 0 0 0 0 0 0 0 0 0 0 0 0 0 0 0 0 0 0 0 0 0 0 0 0 0 0 0 0 0 0 0 0 0 0 0 0 0 0 0 0 0 0 0 0 0 0 0 0 0 0 0 0 0 0 0 0 0 0 0 0 0 0 0 0 0 0 0 0 0 0 0 0 0 0 0 0 0 0 0 0 0 0 0 0 0 0 0 0 0 0 0 0 0 0 0 0 0 0 0 0 0 0 0 0 0 0 0 0 0 0 0 0 0 0 0 0 0 0 0 0 0 0 0 0 0 0 0 0 0 0 0 0 0 0 0 0 0 0 0 0 0 0 0 0 0 0 0 0 0 0 0 0 0 0 0 0 0 0 0 0 0 0 0 0 0 0 0 0 0 0 0 0 0 0 0 0 0 0 0 0 0 0 0 0 0 0 0 0 0 0 0 0 0 0 0 0 0 0
ctxt 3866866992
btime 1790630938
processes 260677
procs_running 5
procs_blocked 0
softirq 3518176406 73526 6912285 2752090 3430614733 281964 0 13557088 37627602 410 26356708
--
cpu  2459661 1006 1268100 27350916 46159 0 606979 0 0 0
cpu0 87107 18 35534 861719 1035 0 18549 0 0 0
cpu1 91306 22 36336 860718 851 0 18353 0 0 0
cpu2 92727 20 36756 859152 590 0 18823 0 0 0
cpu3 119639 20 48419 808926 1324 0 29082 0 0 0
cpu4 127052 22 48631 802265 787 0 29503 0 0 0
cpu5 97712 22 38115 852256 591 0 19508 0 0 0
cpu6 100018 19 39206 848168 469 0 20837 0 0 0
cpu7 98923 19 39679 848746 302 0 21054 0 0 0
cpu8 38289 32 34965 892503 1438 0 10805 0 0 0
cpu9 43718 38 37651 874772 3391 0 11579 0 0 0
cpu10 42093 35 36558 880611 1650 0 11512 0 0 0
cpu11 38995 31 34004 894151 1087 0 10520 0 0 0
cpu12 66507 109 39721 848939 4091 0 12369 0 0 0
cpu13 64296 41 40329 849150 4009 0 12658 0 0 0
cpu14 38628 31 33442 896788 1226 0 10306 0 0 0
cpu15 36216 34 30908 906977 1028 0 9380 0 0 0
cpu16 115428 16 44226 823490 585 0 25071 0 0 0
cpu17 108702 16 43168 830866 1443 0 24334 0 0 0
cpu18 105185 16 42071 837691 326 0 23437 0 0 0
cpu19 145720 17 56005 769392 818 0 36060 0 0 0
cpu20 136135 17 53827 782896 879 0 34632 0 0 0
cpu21 101674 18 41186 841780 802 0 22893 0 0 0
cpu22 94468 21 39088 852325 514 0 20931 0 0 0
cpu23 88562 20 36987 863373 596 0 19203 0 0 0
cpu24 41792 37 34669 893022 1364 0 11184 0 0 0
cpu25 46155 39 38214 875358 2482 0 13014 0 0 0
cpu26 44433 36 37441 880128 1855 0 12653 0 0 0
cpu27 37703 25 33373 885128 1488 0 18960 0 0 0
cpu28 65015 57 43224 832044 3305 0 24687 0 0 0
cpu29 67942 94 44547 824383 3451 0 25071 0 0 0
cpu30 37102 25 34613 880067 1367 0 18842 0 0 0
cpu31 40407 24 35193 893115 1000 0 11153 0 0 0
intr 2537017029 126 0 0 0 0 0 0 0 0 1 0 0 0 0 0 0 0 0 0 0 0 0 0 0 0 0 0 1 1 1 0 0 0 0 1 0 1 0 0 75045 0 0 0 0 0 0 0 0 411 0 0 0 0 0 0 0 0 87 0 0 0 0 0 0 0 0 0 0 0 0 0 0 0 269425 2 35016509 34956868 34882779 35017373 0 8425 2751 3252 1919 3402 2793 2430 2759 1682 11568 20261 11713 9093 15507 16770 11862 8095 2986 2066 1678 3150 2422 2243 1742 1741 9950 8986 6650 6935 8486 7720 7008 8607 0 0 0 0 616689 3750 1036 0 264 0 0 0 0 0 0 0 0 0 0 0 0 0 0 0 0 0 0 0 0 0 0 0 0 0 0 0 0 0 0 0 0 0 0 0 0 0 0 0 0 0 0 0 0 0 0 0 0 0 0 0 0 0 0 0 0 0 0 0 0 0 0 0 0 0 0 0 0 0 0 0 0 0 0 0 0 0 0 0 0 0 0 0 0 0 0 0 0 0 0 0 0 0 0 0 0 0 0 0 0 0 0 0 0 0 0 0 0 0 0 0 0 0 0 0 0 0 0 0 0 0 0 0 0 0 0 0 0 0 0 0 0 0 0 0 0 0 0 0 0 0 0 0 0 0 0 0 0 0 0 0 0 0 0 0 0 0 0 0 0 0 0 0 0 0 0 0 0 0 0 0 0 0 0 0 0 0 0 0 0 0 0 0 0 0 0 0 0 0 0 0 0 0 0 0 0 0 0 0 0 0 0 0 0 0 0 0 0 0 0 0 0 0 0 0 0 0 0 0 0 0 0 0 0 0 0 0 0 0 0 0 0 0 0 0 0 0 0 0 0 0 0 0 0 0 0 0 0 0 0 0 0 0 0 0 0 0 0 0 0 0 0 0 0 0 0 0 0 0 0 0 0 0 0 0 0 0 0 0 0 0 0 0 0 0 0 0 0 0 0 0 0 0 0 0 0 0 0 0 0 0 0 0 0 0 0 0 0 0 0 0 0 0 0 0 0 0 0 0 0 0 0 0 0 0 0 0 0 0 0 0 0 0 0 0 0 0 0 0 0 0 0 0 0 0 0 0 0 0 0 0 0 0 0 0 0 0 0 0 0 0 0 0 0 0 0 0 0 0 0 0 0 0 0 0 0 0 0 0 0 0 0 0 0 0 0 0 0 0 0 0 0 0 0 0 0 0 0 0 0 0 0 0 0 0 0 0 0 0 0 0 0 0 0 0 0 0 0 0 0 0 0 0 0 0 0 0 0 0 0 0 0 0 0 0 0 0 0 0 0 0 0 0 0 0 0 0 0 0 0 0 0 0 0 0 0 0 0 0 0 0 0 0 0 0 0 0 0 0 0 0 0 0 0 0 0 0 0 0 0 0 0 0 0 0 0 0 0 0 0 0 0 0 0 0 0 0 0 0 0 0 0 0 0 0 0 0 0 0 0 0 0 0 0 0 0 0 0 0 0 0 0 0 0 0 0 0 0 0 0 0 0 0 0 0 0 0 0 0 0 0 0 0 0 0 0 0 0 0 0 0 0 0 0 0 0 0 0 0 0 0 0 0 0 0 0 0 0 0 0 0 0 0 0 0 0 0 0 0 0 0 0 0 0 0 0 0 0 0 0 0 0 0 0 0 0 0 0 0 0 0 0 0 0 0 0 0 0 0 0 0 0 0 0 0 0 0 0 0 0 0 0 0 0 0 0 0 0 0 0 0 0 0 0 0 0 0 0 0 0 0 0 0 0 0 0 0 0 0 0 0 0 0 0 0 0 0 0 0 0 0 0 0 0 0 0 0 0 0 0 0 0 0 0 0 0 0 0 0 0 0 0 0 0 0 0 0 0 0 0 0 0 0 0 0 0 0 0 0 0 0 0 0 0 0 0 0 0 0 0 0 0 0 0 0 0 0 0 0 0 0 0 0 0 0 0 0 0 0 0 0 0 0 0 0 0 0 0 0 0 0 0 0 0 0 0 0 0 0 0 0 0 0 0 0 0 0 0 0 0 0 0 0 0 0 0 0 0 0 0 0 0 0 0 0 0 0 0 0 0 0 0 0 0 0 0 0 0 0 0 0 0 0 0 0 0 0 0 0 0 0 0 0 0 0 0 0 0 0 0 0 0 0 0 0 0 0 0 0 0 0 0 0 0 0 0 0 0 0 0 0 0 0 0 0 0 0 0 0 0 0 0 0 0 0 0 0 0 0 0 0 0 0 0 0 0 0 0 0 0 0 0 0 0 0 0 0 0 0 0 0 0 0 0 0 0 0 0 0 0 0 0 0 0 0 0 0 0 0 0 0 0 0 0 0 0 0 0 0 0 0 0 0 0 0 0 0 0 0 0 0 0 0 0 0 0 0 0 0 0 0 0 0 0 0 0 0 0 0 0 0 0 0 0 0 0 0 0 0 0 0 0 0 0 0 0 0 0 0 0 0 0 0 0 0 0 0 0 0 0 0 0 0 0 0 0 0 0 0 0 0 0 0 0 0 0 0 0 0 0 0 0 0 0 0 0 0 0 0 0 0 0 0 0 0 0 0 0 0 0 0 0 0 0 0 0 0 0 0 0 0 0 0 0 0 0 0 0 0 0 0 0 0 0 0 0 0 0 0 0 0 0 0 0 0 0 0 0 0 0 0 0 0 0 0 0 0 0 0 0 0 0 0 0 0 0 0 0 0 0 0 0 0 0 0 0 0 0 0 0 0 0 0 0 0 0 0 0 0 0 0 0 0 0 0 0 0 0 0 0 0 0 0 0 0 0 0 0 0 0 0 0
ctxt 3870791938
btime 1790630938
processes 260750
procs_running 5
procs_blocked 0
softirq 3522283800 73526 6915017 2752090 3434699068 282106 0 13557088 37639173 410 26365322
