Running 10s test @ http://127.0.0.1:18500/wait
  16 threads and 128 connections
  Thread Stats   Avg      Stdev     Max   +/- Stdev
    Latency    10.17ms   48.23us  10.36ms   63.77%
    Req/Sec   789.68     17.16   808.00     66.04%
  Latency Distribution
     50%   10.18ms
     75%   10.20ms
     90%   10.24ms
     99%   10.28ms
  126188 requests in 10.09s, 12.88MB read
Requests/sec:  12509.19
Transfer/sec:      1.28MB
## server-stat
cpu  2486111 1022 1281877 27876555 46583 0 618642 0 0 0
cpu0 87138 18 35547 880136 1038 0 18567 0 0 0
cpu1 92170 22 36707 877786 862 0 18710 0 0 0
cpu2 93730 20 37189 875936 591 0 19275 0 0 0
cpu3 123173 20 49529 821844 1329 0 30173 0 0 0
cpu4 131480 22 50066 813669 788 0 30920 0 0 0
cpu5 97791 23 38153 870777 592 0 19538 0 0 0
cpu6 100566 20 39450 865801 469 0 21083 0 0 0
cpu7 100317 19 40311 864775 303 0 21674 0 0 0
cpu8 38362 33 35221 909664 1447 0 10940 0 0 0
cpu9 43834 40 37929 891401 3451 0 11726 0 0 0
cpu10 42179 36 36844 897252 1675 0 11660 0 0 0
cpu11 39057 33 34262 911108 1097 0 10659 0 0 0
cpu12 66849 109 40071 865112 4134 0 12544 0 0 0
cpu13 64592 42 40687 865310 4017 0 12844 0 0 0
cpu14 38696 32 33702 913634 1229 0 10439 0 0 0
cpu15 36276 35 31147 924062 1029 0 9499 0 0 0
cpu16 116942 17 44785 839470 621 0 25659 0 0 0
cpu17 109289 16 43421 848444 1443 0 24587 0 0 0
cpu18 105616 17 42260 855555 336 0 23617 0 0 0
cpu19 150100 17 57671 780324 818 0 37766 0 0 0
cpu20 139548 17 55147 795471 880 0 36009 0 0 0
cpu21 103020 18 41777 857873 856 0 23483 0 0 0
cpu22 95333 21 39474 869366 514 0 21312 0 0 0
cpu23 88593 21 36993 882003 597 0 19204 0 0 0
cpu24 41856 37 34932 910142 1372 0 11324 0 0 0
cpu25 46262 40 38503 892357 2487 0 13158 0 0 0
cpu26 44514 37 37714 897235 1857 0 12795 0 0 0
cpu27 37761 26 33626 902449 1493 0 19098 0 0 0
cpu28 65259 58 43548 848769 3320 0 24852 0 0 0
cpu29 68161 94 44894 840955 3512 0 25240 0 0 0
cpu30 37169 25 34870 897321 1391 0 18984 0 0 0
cpu31 40466 24 35433 910537 1022 0 11287 0 0 0
intr 2570846910 126 0 0 0 0 0 0 0 0 1 0 0 0 0 0 0 0 0 0 0 0 0 0 0 0 0 0 1 1 1 0 0 0 0 1 0 1 0 0 75045 0 0 0 0 0 0 0 0 411 0 0 0 0 0 0 0 0 87 0 0 0 0 0 0 0 0 0 0 0 0 0 0 0 273238 2 35017259 34957677 34883973 35018479 0 8576 2752 3254 1919 3406 2796 2518 2762 1838 11697 20281 11860 9117 15514 16782 11868 8097 2986 2066 1679 3184 2422 2243 1744 1742 9976 9022 6667 6943 8513 7760 7039 8619 0 0 0 0 616701 3776 1036 0 264 0 0 0 0 0 0 0 0 0 0 0 0 0 0 0 0 0 0 0 0 0 0 0 0 0 0 0 0 0 0 0 0 0 0 0 0 0 0 0 0 0 0 0 0 0 0 0 0 0 0 0 0 0 0 0 0 0 0 0 0 0 0 0 0 0 0 0 0 0 0 0 0 0 0 0 0 0 0 0 0 0 0 0 0 0 0 0 0 0 0 0 0 0 0 0 0 0 0 0 0 0 0 0 0 0 0 0 0 0 0 0 0 0 0 0 0 0 0 0 0 0 0 0 0 0 0 0 0 0 0 0 0 0 0 0 0 0 0 0 0 0 0 0 0 0 0 0 0 0 0 0 0 0 0 0 0 0 0 0 0 0 0 0 0 0 0 0 0 0 0 0 0 0 0 0 0 0 0 0 0 0 0 0 0 0 0 0 0 0 0 0 0 0 0 0 0 0 0 0 0 0 0 0 0 0 0 0 0 0 0 0 0 0 0 0 0 0 0 0 0 0 0 0 0 0 0 0 0 0 0 0 0 0 0 0 0 0 0 0 0 0 0 0 0 0 0 0 0 0 0 0 0 0 0 0 0 0 0 0 0 0 0 0 0 0 0 0 0 0 0 0 0 0 0 0 0 0 0 0 0 0 0 0 0 0 0 0 0 0 0 0 0 0 0 0 0 0 0 0 0 0 0 0 0 0 0 0 0 0 0 0 0 0 0 0 0 0 0 0 0 0 0 0 0 0 0 0 0 0 0 0 0 0 0 0 0 0 0 0 0 0 0 0 0 0 0 0 0 0 0 0 0 0 0 0 0 0 0 0 0 0 0 0 0 0 0 0 0 0 0 0 0 0 0 0 0 0 0 0 0 0 0 0 0 0 0 0 0 0 0 0 0 0 0 0 0 0 0 0 0 0 0 0 0 0 0 0 0 0 0 0 0 0 0 0 0 0 0 0 0 0 0 0 0 0 0 0 0 0 0 0 0 0 0 0 0 0 0 0 0 0 0 0 0 0 0 0 0 0 0 0 0 0 0 0 0 0 0 0 0 0 0 0 0 0 0 0 0 0 0 0 0 0 0 0 0 0 0 0 0 0 0 0 0 0 0 0 0 0 0 0 0 0 0 0 0 0 0 0 0 0 0 0 0 0 0 0 0 0 0 0 0 0 0 0 0 0 0 0 0 0 0 0 0 0 0 0 0 0 0 0 0 0 0 0 0 0 0 0 0 0 0 0 0 0 0 0 0 0 0 0 0 0 0 0 0 0 0 0 0 0 0 0 0 0 0 0 0 0 0 0 0 0 0 0 0 0 0 0 0 0 0 0 0 0 0 0 0 0 0 0 0 0 0 0 0 0 0 0 0 0 0 0 0 0 0 0 0 0 0 0 0 0 0 0 0 0 0 0 0 0 0 0 0 0 0 0 0 0 0 0 0 0 0 0 0 0 0 0 0 0 0 0 0 0 0 0 0 0 0 0 0 0 0 0 0 0 0 0 0 0 0 0 0 0 0 0 0 0 0 0 0 0 0 0 0 0 0 0 0 0 0 0 0 0 0 0 0 0 0 0 0 0 0 0 0 0 0 0 0 0 0 0 0 0 0 0 0 0 0 0 0 0 0 0 0 0 0 0 0 0 0 0 0 0 0 0 0 0 0 0 0 0 0 0 0 0 0 0 0 0 0 0 0 0 0 0 0 0 0 0 0 0 0 0 0 0 0 0 0 0 0 0 0 0 0 0 0 0 0 0 0 0 0 0 0 0 0 0 0 0 0 0 0 0 0 0 0 0 0 0 0 0 0 0 0 0 0 0 0 0 0 0 0 0 0 0 0 0 0 0 0 0 0 0 0 0 0 0 0 0 0 0 0 0 0 0 0 0 0 0 0 0 0 0 0 0 0 0 0 0 0 0 0 0 0 0 0 0 0 0 0 0 0 0 0 0 0 0 0 0 0 0 0 0 0 0 0 0 0 0 0 0 0 0 0 0 0 0 0 0 0 0 0 0 0 0 0 0 0 0 0 0 0 0 0 0 0 0 0 0 0 0 0 0 0 0 0 0 0 0 0 0 0 0 0 0 0 0 0 0 0 0 0 0 0 0 0 0 0 0 0 0 0 0 0 0 0 0 0 0 0 0 0 0 0 0 0 0 0 0 0 0 0 0 0 0 0 0 0 0 0 0 0 0 0 0 0 0 0 0 0 0 0 0 0 0 0 0 0 0 0 0 0 0 0 0 0 0 0 0 0 0 0 0 0 0 0 0 0 0 0 0 0 0 0 0 0 0 0 0 0 0 0 0 0 0 0 0 0 0 0 0 0 0 0 0 0 0 0 0 0 0 0 0 0 0 0 0 0 0 0 0 0 0 0 0 0 0 0 0 0 0 0 0 0 0 0 0 0 0 0 0 0 0 0 0 0 0 0 0 0 0 0 0 0 0 0 0 0 0 0 0 0 0 0 0 0 0 0 0 0 0 0 0 0 0 0 0 0 0 0
ctxt 3936521289
btime 1790630938
processes 264483
procs_running 1
procs_blocked 0
softirq 3602890767 73526 6995339 2752117 3514663146 286131 0 13557187 37927097 410 26635814
--
cpu  2486227 1022 1281925 27901848 46611 0 618673 0 0 0
cpu0 87140 18 35548 880928 1038 0 18568 0 0 0
cpu1 92172 22 36707 878582 862 0 18711 0 0 0
cpu2 93730 20 37189 876726 600 0 19276 0 0 0
cpu3 123208 20 49545 822568 1333 0 30187 0 0 0
cpu4 131499 22 50074 814434 788 0 30927 0 0 0
cpu5 97794 23 38155 871571 592 0 19540 0 0 0
cpu6 100567 20 39451 866598 469 0 21084 0 0 0
cpu7 100317 19 40311 865574 303 0 21674 0 0 0
cpu8 38364 33 35222 910459 1447 0 10940 0 0 0
cpu9 43837 40 37931 892189 3451 0 11727 0 0 0
cpu10 42180 36 36844 898044 1675 0 11660 0 0 0
cpu11 39057 33 34262 911904 1097 0 10659 0 0 0
cpu12 66862 109 40074 865874 4148 0 12545 0 0 0
cpu13 64619 42 40691 866073 4017 0 12845 0 0 0
cpu14 38696 32 33704 914426 1229 0 10440 0 0 0
cpu15 36276 35 31147 924856 1029 0 9500 0 0 0
cpu16 116942 17 44785 840269 621 0 25659 0 0 0
cpu17 109289 16 43421 849244 1443 0 24587 0 0 0
cpu18 105616 17 42260 856354 336 0 23617 0 0 0
cpu19 150102 17 57672 781117 818 0 37768 0 0 0
cpu20 139548 17 55147 796269 880 0 36009 0 0 0
cpu21 103020 18 41777 858672 856 0 23483 0 0 0
cpu22 95333 21 39475 870165 514 0 21312 0 0 0
cpu23 88593 21 36994 882802 597 0 19204 0 0 0
cpu24 41856 37 34932 910940 1372 0 11324 0 0 0
cpu25 46264 40 38503 893155 2487 0 13158 0 0 0
cpu26 44514 37 37714 898033 1857 0 12795 0 0 0
cpu27 37761 26 33627 903248 1493 0 19098 0 0 0
cpu28 65259 58 43550 849560 3320 0 24853 0 0 0
cpu29 68161 94 44895 841745 3513 0 25241 0 0 0
cpu30 37169 25 34870 898119 1391 0 18984 0 0 0
cpu31 40466 24 35433 911335 1022 0 11287 0 0 0
intr 2571008728 126 0 0 0 0 0 0 0 0 1 0 0 0 0 0 0 0 0 0 0 0 0 0 0 0 0 0 1 1 1 0 0 0 0 1 0 1 0 0 75045 0 0 0 0 0 0 0 0 411 0 0 0 0 0 0 0 0 87 0 0 0 0 0 0 0 0 0 0 0 0 0 0 0 273504 2 35017276 34957697 34884004 35018486 0 8580 2752 3254 1919 3406 2797 2518 2762 1838 11697 20281 11900 9117 15514 16785 11868 8097 2986 2066 1679 3184 2422 2243 1744 1742 9976 9022 6667 6943 8514 7770 7039 8619 0 0 0 0 616701 3776 1036 0 264 0 0 0 0 0 0 0 0 0 0 0 0 0 0 0 0 0 0 0 0 0 0 0 0 0 0 0 0 0 0 0 0 0 0 0 0 0 0 0 0 0 0 0 0 0 0 0 0 0 0 0 0 0 0 0 0 0 0 0 0 0 0 0 0 0 0 0 0 0 0 0 0 0 0 0 0 0 0 0 0 0 0 0 0 0 0 0 0 0 0 0 0 0 0 0 0 0 0 0 0 0 0 0 0 0 0 0 0 0 0 0 0 0 0 0 0 0 0 0 0 0 0 0 0 0 0 0 0 0 0 0 0 0 0 0 0 0 0 0 0 0 0 0 0 0 0 0 0 0 0 0 0 0 0 0 0 0 0 0 0 0 0 0 0 0 0 0 0 0 0 0 0 0 0 0 0 0 0 0 0 0 0 0 0 0 0 0 0 0 0 0 0 0 0 0 0 0 0 0 0 0 0 0 0 0 0 0 0 0 0 0 0 0 0 0 0 0 0 0 0 0 0 0 0 0 0 0 0 0 0 0 0 0 0 0 0 0 0 0 0 0 0 0 0 0 0 0 0 0 0 0 0 0 0 0 0 0 0 0 0 0 0 0 0 0 0 0 0 0 0 0 0 0 0 0 0 0 0 0 0 0 0 0 0 0 0 0 0 0 0 0 0 0 0 0 0 0 0 0 0 0 0 0 0 0 0 0 0 0 0 0 0 0 0 0 0 0 0 0 0 0 0 0 0 0 0 0 0 0 0 0 0 0 0 0 0 0 0 0 0 0 0 0 0 0 0 0 0 0 0 0 0 0 0 0 0 0 0 0 0 0 0 0 0 0 0 0 0 0 0 0 0 0 0 0 0 0 0 0 0 0 0 0 0 0 0 0 0 0 0 0 0 0 0 0 0 0 0 0 0 0 0 0 0 0 0 0 0 0 0 0 0 0 0 0 0 0 0 0 0 0 0 0 0 0 0 0 0 0 0 0 0 0 0 0 0 0 0 0 0 0 0 0 0 0 0 0 0 0 0 0 0 0 0 0 0 0 0 0 0 0 0 0 0 0 0 0 0 0 0 0 0 0 0 0 0 0 0 0 0 0 0 0 0 0 0 0 0 0 0 0 0 0 0 0 0 0 0 0 0 0 0 0 0 0 0 0 0 0 0 0 0 0 0 0 0 0 0 0 0 0 0 0 0 0 0 0 0 0 0 0 0 0 0 0 0 0 0 0 0 0 0 0 0 0 0 0 0 0 0 0 0 0 0 0 0 0 0 0 0 0 0 0 0 0 0 0 0 0 0 0 0 0 0 0 0 0 0 0 0 0 0 0 0 0 0 0 0 0 0 0 0 0 0 0 0 0 0 0 0 0 0 0 0 0 0 0 0 0 0 0 0 0 0 0 0 0 0 0 0 0 0 0 0 0 0 0 0 0 0 0 0 0 0 0 0 0 0 0 0 0 0 0 0 0 0 0 0 0 0 0 0 0 0 0 0 0 0 0 0 0 0 0 0 0 0 0 0 0 0 0 0 0 0 0 0 0 0 0 0 0 0 0 0 0 0 0 0 0 0 0 0 0 0 0 0 0 0 0 0 0 0 0 0 0 0 0 0 0 0 0 0 0 0 0 0 0 0 0 0 0 0 0 0 0 0 0 0 0 0 0 0 0 0 0 0 0 0 0 0 0 0 0 0 0 0 0 0 0 0 0 0 0 0 0 0 0 0 0 0 0 0 0 0 0 0 0 0 0 0 0 0 0 0 0 0 0 0 0 0 0 0 0 0 0 0 0 0 0 0 0 0 0 0 0 0 0 0 0 0 0 0 0 0 0 0 0 0 0 0 0 0 0 0 0 0 0 0 0 0 0 0 0 0 0 0 0 0 0 0 0 0 0 0 0 0 0 0 0 0 0 0 0 0 0 0 0 0 0 0 0 0 0 0 0 0 0 0 0 0 0 0 0 0 0 0 0 0 0 0 0 0 0 0 0 0 0 0 0 0 0 0 0 0 0 0 0 0 0 0 0 0 0 0 0 0 0 0 0 0 0 0 0 0 0 0 0 0 0 0 0 0 0 0 0 0 0 0 0 0 0 0 0 0 0 0 0 0 0 0 0 0 0 0 0 0 0 0 0 0 0 0 0 0 0 0 0 0 0 0 0 0 0 0 0 0 0 0 0 0 0 0 0 0 0 0 0 0 0 0 0 0 0 0 0 0 0 0 0 0 0 0 0 0 0 0 0 0 0 0 0 0 0 0 0 0 0 0 0 0 0 0 0 0 0 0 0 0 0 0 0 0 0 0 0 0 0 0 0 0 0 0 0 0 0 0 0 0 0 0 0 0 0 0 0 0 0 0 0 0 0 0 0 0 0 0 0 0 0 0 0 0 0 0 0 0 0 0 0 0 0 0 0 0 0 0 0 0 0 0 0 0 0 0 0 0 0 0 0 0 0 0 0 0 0 0 0 0 0 0 0 0 0 0 0 0 0 0 0 0 0 0
ctxt 3936806871
btime 1790630938
processes 264543
procs_running 1
procs_blocked 0
softirq 3603105816 73526 6997837 2752117 3514864441 286405 0 13557187 37932972 410 26640921
