Running 10s test @ http://127.0.0.1:18500/
  16 threads and 32 connections
  Thread Stats   Avg      Stdev     Max   +/- Stdev
    Latency   129.56us   31.07us 346.00us   93.50%
    Req/Sec    15.46k     2.07k   17.96k    52.60%
  Latency Distribution
     50%  128.00us
     75%  130.00us
     90%  133.00us
     99%  261.00us
  2486784 requests in 10.10s, 308.31MB read
Requests/sec: 246221.94
Transfer/sec:     30.53MB
## server-stat
cpu  2463755 1010 1269704 27493517 46278 0 608492 0 0 0
cpu0 87117 18 35538 866454 1037 0 18553 0 0 0
cpu1 91306 22 36338 865494 862 0 18353 0 0 0
cpu2 92729 20 36757 863936 591 0 18824 0 0 0
cpu3 120861 20 48779 811771 1324 0 29444 0 0 0
cpu4 127976 22 48990 805373 787 0 29904 0 0 0
cpu5 97714 23 38116 857042 592 0 19508 0 0 0
cpu6 100019 19 39207 852956 469 0 20837 0 0 0
cpu7 98923 19 39680 853534 302 0 21054 0 0 0
cpu8 38305 32 34976 897111 1441 0 10809 0 0 0
cpu9 43746 39 37677 879179 3448 0 11588 0 0 0
cpu10 42108 35 36583 885010 1675 0 11522 0 0 0
cpu11 39003 31 34017 898700 1088 0 10524 0 0 0
cpu12 66573 109 39769 853221 4091 0 12389 0 0 0
cpu13 64359 41 40372 853409 4012 0 12675 0 0 0
cpu14 38642 31 33460 901271 1227 0 10312 0 0 0
cpu15 36225 34 30919 911542 1028 0 9383 0 0 0
cpu16 115429 16 44227 828280 585 0 25071 0 0 0
cpu17 108703 16 43169 835653 1443 0 24334 0 0 0
cpu18 105186 16 42072 842479 326 0 23437 0 0 0
cpu19 146337 17 56294 772937 818 0 36403 0 0 0
cpu20 137045 17 54107 786212 879 0 34921 0 0 0
cpu21 101675 18 41188 846566 802 0 22893 0 0 0
cpu22 94469 21 39089 857114 514 0 20931 0 0 0
cpu23 88563 20 36988 868162 596 0 19203 0 0 0
cpu24 41802 37 34680 897652 1364 0 11189 0 0 0
cpu25 46169 39 38226 879932 2484 0 13019 0 0 0
cpu26 44443 36 37451 884755 1855 0 12658 0 0 0
cpu27 37709 25 33379 889823 1491 0 18963 0 0 0
cpu28 65075 57 43246 836546 3307 0 24693 0 0 0
cpu29 68014 94 44579 828801 3457 0 25083 0 0 0
cpu30 37108 25 34621 884742 1369 0 18846 0 0 0
cpu31 40409 24 35197 897844 1000 0 11155 0 0 0
intr 2542639730 126 0 0 0 0 0 0 0 0 1 0 0 0 0 0 0 0 0 0 0 0 0 0 0 0 0 0 1 1 1 0 0 0 0 1 0 1 0 0 75045 0 0 0 0 0 0 0 0 411 0 0 0 0 0 0 0 0 87 0 0 0 0 0 0 0 0 0 0 0 0 0 0 0 270392 2 35016704 34956987 34883122 35017615 0 8462 2751 3252 1919 3402 2795 2470 2759 1682 11591 20269 11764 9107 15507 16771 11862 8096 2986 2066 1678 3150 2422 2243 1742 1741 9952 8991 6652 6936 8491 7743 7009 8613 0 0 0 0 616693 3759 1036 0 264 0 0 0 0 0 0 0 0 0 0 0 0 0 0 0 0 0 0 0 0 0 0 0 0 0 0 0 0 0 0 0 0 0 0 0 0 0 0 0 0 0 0 0 0 0 0 0 0 0 0 0 0 0 0 0 0 0 0 0 0 0 0 0 0 0 0 0 0 0 0 0 0 0 0 0 0 0 0 0 0 0 0 0 0 0 0 0 0 0 0 0 0 0 0 0 0 0 0 0 0 0 0 0 0 0 0 0 0 0 0 0 0 0 0 0 0 0 0 0 0 0 0 0 0 0 0 0 0 0 0 0 0 0 0 0 0 0 0 0 0 0 0 0 0 0 0 0 0 0 0 0 0 0 0 0 0 0 0 0 0 0 0 0 0 0 0 0 0 0 0 0 0 0 0 0 0 0 0 0 0 0 0 0 0 0 0 0 0 0 0 0 0 0 0 0 0 0 0 0 0 0 0 0 0 0 0 0 0 0 0 0 0 0 0 0 0 0 0 0 0 0 0 0 0 0 0 0 0 0 0 0 0 0 0 0 0 0 0 0 0 0 0 0 0 0 0 0 0 0 0 0 0 0 0 0 0 0 0 0 0 0 0 0 0 0 0 0 0 0 0 0 0 0 0 0 0 0 0 0 0 0 0 0 0 0 0 0 0 0 0 0 0 0 0 0 0 0 0 0 0 0 0 0 0 0 0 0 0 0 0 0 0 0 0 0 0 0 0 0 0 0 0 0 0 0 0 0 0 0 0 0 0 0 0 0 0 0 0 0 0 0 0 0 0 0 0 0 0 0 0 0 0 0 0 0 0 0 0 0 0 0 0 0 0 0 0 0 0 0 0 0 0 0 0 0 0 0 0 0 0 0 0 0 0 0 0 0 0 0 0 0 0 0 0 0 0 0 0 0 0 0 0 0 0 0 0 0 0 0 0 0 0 0 0 0 0 0 0 0 0 0 0 0 0 0 0 0 0 0 0 0 0 0 0 0 0 0 0 0 0 0 0 0 0 0 0 0 0 0 0 0 0 0 0 0 0 0 0 0 0 0 0 0 0 0 0 0 0 0 0 0 0 0 0 0 0 0 0 0 0 0 0 0 0 0 0 0 0 0 0 0 0 0 0 0 0 0 0 0 0 0 0 0 0 0 0 0 0 0 0 0 0 0 0 0 0 0 0 0 0 0 0 0 0 0 0 0 0 0 0 0 0 0 0 0 0 0 0 0 0 0 0 0 0 0 0 0 0 0 0 0 0 0 0 0 0 0 0 0 0 0 0 0 0 0 0 0 0 0 0 0 0 0 0 0 0 0 0 0 0 0 0 0 0 0 0 0 0 0 0 0 0 0 0 0 0 0 0 0 0 0 0 0 0 0 0 0 0 0 0 0 0 0 0 0 0 0 0 0 0 0 0 0 0 0 0 0 0 0 0 0 0 0 0 0 0 0 0 0 0 0 0 0 0 0 0 0 0 0 0 0 0 0 0 0 0 0 0 0 0 0 0 0 0 0 0 0 0 0 0 0 0 0 0 0 0 0 0 0 0 0 0 0 0 0 0 0 0 0 0 0 0 0 0 0 0 0 0 0 0 0 0 0 0 0 0 0 0 0 0 0 0 0 0 0 0 0 0 0 0 0 0 0 0 0 0 0 0 0 0 0 0 0 0 0 0 0 0 0 0 0 0 0 0 0 0 0 0 0 0 0 0 0 0 0 0 0 0 0 0 0 0 0 0 0 0 0 0 0 0 0 0 0 0 0 0 0 0 0 0 0 0 0 0 0 0 0 0 0 0 0 0 0 0 0 0 0 0 0 0 0 0 0 0 0 0 0 0 0 0 0 0 0 0 0 0 0 0 0 0 0 0 0 0 0 0 0 0 0 0 0 0 0 0 0 0 0 0 0 0 0 0 0 0 0 0 0 0 0 0 0 0 0 0 0 0 0 0 0 0 0 0 0 0 0 0 0 0 0 0 0 0 0 0 0 0 0 0 0 0 0 0 0 0 0 0 0 0 0 0 0 0 0 0 0 0 0 0 0 0 0 0 0 0 0 0 0 0 0 0 0 0 0 0 0 0 0 0 0 0 0 0 0 0 0 0 0 0 0 0 0 0 0 0 0 0 0 0 0 0 0 0 0 0 0 0 0 0 0 0 0 0 0 0 0 0 0 0 0 0 0 0 0 0 0 0 0 0 0 0 0 0 0 0 0 0 0 0 0 0 0 0 0 0 0 0 0 0 0 0 0 0 0 0 0 0 0 0 0 0 0 0 0 0 0 0 0 0 0 0 0 0 0 0 0 0 0 0 0 0 0 0 0 0 0 0 0 0 0 0 0 0 0 0 0 0 0 0 0 0 0 0 0 0 0 0 0 0 0 0 0 0 0 0 0 0 0 0 0 0 0 0 0 0 0 0 0 0 0 0 0 0 0 0 0 0 0 0 0 0 0 0 0 0 0 0 0 0 0 0 0 0 0 0 0 0 0 0 0 0 0 0
ctxt 3881836494
btime 1790630938
processes 261802
procs_running 5
procs_blocked 0
softirq 3533340594 73526 6932195 2752098 3445631889 283125 0 13557121 37698358 410 26411872
--
cpu  2464539 1010 1270167 27516105 46290 0 608992 0 0 0
cpu0 87117 18 35538 867243 1037 0 18553 0 0 0
cpu1 91306 22 36338 866293 862 0 18353 0 0 0
cpu2 92729 20 36757 864735 591 0 18824 0 0 0
cpu3 121087 20 48900 812080 1324 0 29587 0 0 0
cpu4 128133 22 49075 805825 787 0 30009 0 0 0
cpu5 97714 23 38117 857841 592 0 19508 0 0 0
cpu6 100019 19 39207 853755 469 0 20837 0 0 0
cpu7 98923 19 39680 854333 302 0 21054 0 0 0
cpu8 38306 32 34977 897853 1441 0 10809 0 0 0
cpu9 43750 39 37679 879864 3448 0 11590 0 0 0
cpu10 42111 35 36587 885683 1675 0 11523 0 0 0
cpu11 39004 31 34019 899398 1088 0 10524 0 0 0
cpu12 66580 109 39777 853875 4091 0 12392 0 0 0
cpu13 64368 41 40381 854072 4012 0 12678 0 0 0
cpu14 38644 31 33463 901979 1227 0 10313 0 0 0
cpu15 36228 34 30921 912270 1028 0 9384 0 0 0
cpu16 115429 16 44227 829079 585 0 25071 0 0 0
cpu17 108703 16 43170 836451 1443 0 24334 0 0 0
cpu18 105186 16 42072 843278 327 0 23437 0 0 0
cpu19 146475 17 56370 773427 818 0 36497 0 0 0
cpu20 137247 17 54223 786559 879 0 35054 0 0 0
cpu21 101675 18 41189 847365 802 0 22893 0 0 0
cpu22 94469 21 39089 857913 514 0 20931 0 0 0
cpu23 88563 21 36988 868960 597 0 19203 0 0 0
cpu24 41804 37 34683 898387 1364 0 11190 0 0 0
cpu25 46171 39 38229 880658 2484 0 13020 0 0 0
cpu26 44444 36 37454 885510 1855 0 12660 0 0 0
cpu27 37710 25 33380 890598 1492 0 18963 0 0 0
cpu28 65088 57 43253 837239 3307 0 24695 0 0 0
cpu29 68025 94 44588 829479 3457 0 25087 0 0 0
cpu30 37110 25 34624 885486 1369 0 18846 0 0 0
cpu31 40410 24 35198 898600 1009 0 11155 0 0 0
intr 2544615299 126 0 0 0 0 0 0 0 0 1 0 0 0 0 0 0 0 0 0 0 0 0 0 0 0 0 0 1 1 1 0 0 0 0 1 0 1 0 0 75045 0 0 0 0 0 0 0 0 411 0 0 0 0 0 0 0 0 87 0 0 0 0 0 0 0 0 0 0 0 0 0 0 0 270534 2 35016719 34957004 34883142 35017661 0 8470 2751 3252 1919 3402 2795 2470 2759 1764 11597 20269 11764 9107 15507 16771 11862 8096 2986 2066 1679 3150 2422 2243 1742 1741 9952 8991 6652 6936 8491 7744 7009 8613 0 0 0 0 616693 3759 1036 0 264 0 0 0 0 0 0 0 0 0 0 0 0 0 0 0 0 0 0 0 0 0 0 0 0 0 0 0 0 0 0 0 0 0 0 0 0 0 0 0 0 0 0 0 0 0 0 0 0 0 0 0 0 0 0 0 0 0 0 0 0 0 0 0 0 0 0 0 0 0 0 0 0 0 0 0 0 0 0 0 0 0 0 0 0 0 0 0 0 0 0 0 0 0 0 0 0 0 0 0 0 0 0 0 0 0 0 0 0 0 0 0 0 0 0 0 0 0 0 0 0 0 0 0 0 0 0 0 0 0 0 0 0 0 0 0 0 0 0 0 0 0 0 0 0 0 0 0 0 0 0 0 0 0 0 0 0 0 0 0 0 0 0 0 0 0 0 0 0 0 0 0 0 0 0 0 0 0 0 0 0 0 0 0 0 0 0 0 0 0 0 0 0 0 0 0 0 0 0 0 0 0 0 0 0 0 0 0 0 0 0 0 0 0 0 0 0 0 0 0 0 0 0 0 0 0 0 0 0 0 0 0 0 0 0 0 0 0 0 0 0 0 0 0 0 0 0 0 0 0 0 0 0 0 0 0 0 0 0 0 0 0 0 0 0 0 0 0 0 0 0 0 0 0 0 0 0 0 0 0 0 0 0 0 0 0 0 0 0 0 0 0 0 0 0 0 0 0 0 0 0 0 0 0 0 0 0 0 0 0 0 0 0 0 0 0 0 0 0 0 0 0 0 0 0 0 0 0 0 0 0 0 0 0 0 0 0 0 0 0 0 0 0 0 0 0 0 0 0 0 0 0 0 0 0 0 0 0 0 0 0 0 0 0 0 0 0 0 0 0 0 0 0 0 0 0 0 0 0 0 0 0 0 0 0 0 0 0 0 0 0 0 0 0 0 0 0 0 0 0 0 0 0 0 0 0 0 0 0 0 0 0 0 0 0 0 0 0 0 0 0 0 0 0 0 0 0 0 0 0 0 0 0 0 0 0 0 0 0 0 0 0 0 0 0 0 0 0 0 0 0 0 0 0 0 0 0 0 0 0 0 0 0 0 0 0 0 0 0 0 0 0 0 0 0 0 0 0 0 0 0 0 0 0 0 0 0 0 0 0 0 0 0 0 0 0 0 0 0 0 0 0 0 0 0 0 0 0 0 0 0 0 0 0 0 0 0 0 0 0 0 0 0 0 0 0 0 0 0 0 0 0 0 0 0 0 0 0 0 0 0 0 0 0 0 0 0 0 0 0 0 0 0 0 0 0 0 0 0 0 0 0 0 0 0 0 0 0 0 0 0 0 0 0 0 0 0 0 0 0 0 0 0 0 0 0 0 0 0 0 0 0 0 0 0 0 0 0 0 0 0 0 0 0 0 0 0 0 0 0 0 0 0 0 0 0 0 0 0 0 0 0 0 0 0 0 0 0 0 0 0 0 0 0 0 0 0 0 0 0 0 0 0 0 0 0 0 0 0 0 0 0 0 0 0 0 0 0 0 0 0 0 0 0 0 0 0 0 0 0 0 0 0 0 0 0 0 0 0 0 0 0 0 0 0 0 0 0 0 0 0 0 0 0 0 0 0 0 0 0 0 0 0 0 0 0 0 0 0 0 0 0 0 0 0 0 0 0 0 0 0 0 0 0 0 0 0 0 0 0 0 0 0 0 0 0 0 0 0 0 0 0 0 0 0 0 0 0 0 0 0 0 0 0 0 0 0 0 0 0 0 0 0 0 0 0 0 0 0 0 0 0 0 0 0 0 0 0 0 0 0 0 0 0 0 0 0 0 0 0 0 0 0 0 0 0 0 0 0 0 0 0 0 0 0 0 0 0 0 0 0 0 0 0 0 0 0 0 0 0 0 0 0 0 0 0 0 0 0 0 0 0 0 0 0 0 0 0 0 0 0 0 0 0 0 0 0 0 0 0 0 0 0 0 0 0 0 0 0 0 0 0 0 0 0 0 0 0 0 0 0 0 0 0 0 0 0 0 0 0 0 0 0 0 0 0 0 0 0 0 0 0 0 0 0 0 0 0 0 0 0 0 0 0 0 0 0 0 0 0 0 0 0 0 0 0 0 0 0 0 0 0 0 0 0 0 0 0 0 0 0 0 0 0 0 0 0 0 0 0 0 0 0 0 0 0 0 0 0 0 0 0 0 0 0 0 0 0 0 0 0 0 0 0 0 0 0 0 0 0 0 0 0 0 0 0 0 0 0 0 0 0 0 0 0 0 0 0 0 0 0 0 0 0 0 0 0 0 0 0 0 0 0 0 0 0 0 0 0 0 0 0 0 0 0 0 0 0 0 0 0 0 0 0 0 0 0 0 0 0 0 0 0 0 0 0 0 0 0 0 0 0 0 0 0 0 0 0 0 0 0 0 0 0 0 0 0 0 0 0 0 0 0 0 0 0 0 0 0 0 0 0 0 0 0 0 0 0 0 0 0 0 0 0 0 0 0 0 0 0 0 0 0 0 0 0 0 0 0 0 0 0 0
ctxt 3885778059
btime 1790630938
processes 261865
procs_running 5
procs_blocked 0
softirq 3537301580 73526 6934800 2752098 3449571811 283272 0 13557121 37709453 410 26419089
