Running 10s test @ http://127.0.0.1:18500/wait
  16 threads and 32 connections
  Thread Stats   Avg      Stdev     Max   +/- Stdev
    Latency    10.40ms   36.24us  10.94ms   76.63%
    Req/Sec   192.96      9.42   202.00     66.19%
  Latency Distribution
     50%   10.40ms
     75%   10.42ms
     90%   10.44ms
     99%   10.50ms
  30762 requests in 10.01s, 3.73MB read
Requests/sec:   3072.83
Transfer/sec:    381.10KB
## server-stat
cpu  2471519 1017 1272859 27737870 46486 0 611441 0 0 0
cpu0 87132 18 35544 874634 1037 0 18562 0 0 0
cpu1 91310 22 36341 873769 862 0 18355 0 0 0
cpu2 92731 20 36759 872217 591 0 18824 0 0 0
cpu3 122360 20 49352 817390 1324 0 30034 0 0 0
cpu4 130045 22 49699 810183 787 0 30604 0 0 0
cpu5 97716 23 38119 865321 592 0 19508 0 0 0
cpu6 100022 19 39209 861235 469 0 20838 0 0 0
cpu7 98924 19 39682 861815 302 0 21054 0 0 0
cpu8 38322 32 34993 905050 1444 0 10817 0 0 0
cpu9 43780 40 37706 886821 3449 0 11602 0 0 0
cpu10 42136 35 36611 892663 1675 0 11535 0 0 0
cpu11 39018 32 34033 906498 1091 0 10531 0 0 0
cpu12 66731 109 39830 860600 4133 0 12411 0 0 0
cpu13 64480 42 40437 860812 4012 0 12708 0 0 0
cpu14 38659 32 33488 908988 1229 0 10325 0 0 0
cpu15 36240 35 30939 919377 1028 0 9393 0 0 0
cpu16 115433 17 44229 836537 605 0 25071 0 0 0
cpu17 108711 16 43172 843926 1443 0 24335 0 0 0
cpu18 105191 17 42076 850748 335 0 23437 0 0 0
cpu19 148383 17 57054 777658 818 0 37166 0 0 0
cpu20 138456 17 54745 791773 879 0 35601 0 0 0
cpu21 101676 18 41190 854804 847 0 22893 0 0 0
cpu22 94471 21 39091 865395 514 0 20931 0 0 0
cpu23 88566 21 36990 876441 597 0 19204 0 0 0
cpu24 41818 37 34696 905560 1365 0 11197 0 0 0
cpu25 46199 40 38248 887791 2486 0 13029 0 0 0
cpu26 44460 37 37469 892677 1856 0 12668 0 0 0
cpu27 37722 25 33391 897850 1493 0 18968 0 0 0
cpu28 65185 58 43281 844242 3319 0 24711 0 0 0
cpu29 68079 94 44626 836429 3508 0 25105 0 0 0
cpu30 37125 25 34637 892723 1370 0 18853 0 0 0
cpu31 40423 24 35207 905928 1009 0 11159 0 0 0
intr 2553837258 126 0 0 0 0 0 0 0 0 1 0 0 0 0 0 0 0 0 0 0 0 0 0 0 0 0 0 1 1 1 0 0 0 0 1 0 1 0 0 75045 0 0 0 0 0 0 0 0 411 0 0 0 0 0 0 0 0 87 0 0 0 0 0 0 0 0 0 0 0 0 0 0 0 272283 2 35017038 34957349 34883572 35018341 0 8531 2752 3252 1919 3404 2795 2517 2762 1838 11646 20272 11773 9109 15508 16774 11866 8097 2986 2066 1679 3183 2422 2243 1743 1741 9953 8993 6656 6938 8492 7755 7022 8614 0 0 0 0 616697 3762 1036 0 264 0 0 0 0 0 0 0 0 0 0 0 0 0 0 0 0 0 0 0 0 0 0 0 0 0 0 0 0 0 0 0 0 0 0 0 0 0 0 0 0 0 0 0 0 0 0 0 0 0 0 0 0 0 0 0 0 0 0 0 0 0 0 0 0 0 0 0 0 0 0 0 0 0 0 0 0 0 0 0 0 0 0 0 0 0 0 0 0 0 0 0 0 0 0 0 0 0 0 0 0 0 0 0 0 0 0 0 0 0 0 0 0 0 0 0 0 0 0 0 0 0 0 0 0 0 0 0 0 0 0 0 0 0 0 0 0 0 0 0 0 0 0 0 0 0 0 0 0 0 0 0 0 0 0 0 0 0 0 0 0 0 0 0 0 0 0 0 0 0 0 0 0 0 0 0 0 0 0 0 0 0 0 0 0 0 0 0 0 0 0 0 0 0 0 0 0 0 0 0 0 0 0 0 0 0 0 0 0 0 0 0 0 0 0 0 0 0 0 0 0 0 0 0 0 0 0 0 0 0 0 0 0 0 0 0 0 0 0 0 0 0 0 0 0 0 0 0 0 0 0 0 0 0 0 0 0 0 0 0 0 0 0 0 0 0 0 0 0 0 0 0 0 0 0 0 0 0 0 0 0 0 0 0 0 0 0 0 0 0 0 0 0 0 0 0 0 0 0 0 0 0 0 0 0 0 0 0 0 0 0 0 0 0 0 0 0 0 0 0 0 0 0 0 0 0 0 0 0 0 0 0 0 0 0 0 0 0 0 0 0 0 0 0 0 0 0 0 0 0 0 0 0 0 0 0 0 0 0 0 0 0 0 0 0 0 0 0 0 0 0 0 0 0 0 0 0 0 0 0 0 0 0 0 0 0 0 0 0 0 0 0 0 0 0 0 0 0 0 0 0 0 0 0 0 0 0 0 0 0 0 0 0 0 0 0 0 0 0 0 0 0 0 0 0 0 0 0 0 0 0 0 0 0 0 0 0 0 0 0 0 0 0 0 0 0 0 0 0 0 0 0 0 0 0 0 0 0 0 0 0 0 0 0 0 0 0 0 0 0 0 0 0 0 0 0 0 0 0 0 0 0 0 0 0 0 0 0 0 0 0 0 0 0 0 0 0 0 0 0 0 0 0 0 0 0 0 0 0 0 0 0 0 0 0 0 0 0 0 0 0 0 0 0 0 0 0 0 0 0 0 0 0 0 0 0 0 0 0 0 0 0 0 0 0 0 0 0 0 0 0 0 0 0 0 0 0 0 0 0 0 0 0 0 0 0 0 0 0 0 0 0 0 0 0 0 0 0 0 0 0 0 0 0 0 0 0 0 0 0 0 0 0 0 0 0 0 0 0 0 0 0 0 0 0 0 0 0 0 0 0 0 0 0 0 0 0 0 0 0 0 0 0 0 0 0 0 0 0 0 0 0 0 0 0 0 0 0 0 0 0 0 0 0 0 0 0 0 0 0 0 0 0 0 0 0 0 0 0 0 0 0 0 0 0 0 0 0 0 0 0 0 0 0 0 0 0 0 0 0 0 0 0 0 0 0 0 0 0 0 0 0 0 0 0 0 0 0 0 0 0 0 0 0 0 0 0 0 0 0 0 0 0 0 0 0 0 0 0 0 0 0 0 0 0 0 0 0 0 0 0 0 0 0 0 0 0 0 0 0 0 0 0 0 0 0 0 0 0 0 0 0 0 0 0 0 0 0 0 0 0 0 0 0 0 0 0 0 0 0 0 0 0 0 0 0 0 0 0 0 0 0 0 0 0 0 0 0 0 0 0 0 0 0 0 0 0 0 0 0 0 0 0 0 0 0 0 0 0 0 0 0 0 0 0 0 0 0 0 0 0 0 0 0 0 0 0 0 0 0 0 0 0 0 0 0 0 0 0 0 0 0 0 0 0 0 0 0 0 0 0 0 0 0 0 0 0 0 0 0 0 0 0 0 0 0 0 0 0 0 0 0 0 0 0 0 0 0 0 0 0 0 0 0 0 0 0 0 0 0 0 0 0 0 0 0 0 0 0 0 0 0 0 0 0 0 0 0 0 0 0 0 0 0 0 0 0 0 0 0 0 0 0 0 0 0 0 0 0 0 0 0 0 0 0 0 0 0 0 0 0 0 0 0 0 0 0 0 0 0 0 0 0 0 0 0 0 0 0 0 0 0 0 0 0 0 0 0 0 0 0 0 0 0 0 0 0 0 0 0 0 0 0 0 0 0 0 0 0 0 0 0 0 0 0 0 0 0 0 0 0 0 0 0 0 0 0 0 0 0 0 0 0 0 0 0 0 0 0 0 0 0 0 0 0 0 0 0 0 0 0 0 0 0 0 0 0 0 0 0 0 0 0 0 0 0 0 0 0 0 0 0 0 0 0 0 0 0 0 0 0 0 0 0 0 0 0 0 0 0 0 0 0 0 0 0 0 0 0 0 0 0 0 0 0 0 0 0 0 0 0 0 0 0 0 0 0 0 0 0 0 0 0
ctxt 3903405341
btime 1790630938
processes 263375
procs_running 1
procs_blocked 0
softirq 3555954279 73526 6970493 2752109 3468014963 285118 0 13557144 37805018 410 26495498
--
cpu  2471608 1018 1272877 27763310 46487 0 611450 0 0 0
cpu0 87133 18 35544 875431 1037 0 18562 0 0 0
cpu1 91310 22 36341 874568 862 0 18355 0 0 0
cpu2 92731 20 36759 873016 591 0 18824 0 0 0
cpu3 122384 20 49359 818147 1324 0 30039 0 0 0
cpu4 130058 22 49702 810970 787 0 30606 0 0 0
cpu5 97717 23 38119 866120 592 0 19508 0 0 0
cpu6 100022 19 39209 862035 469 0 20838 0 0 0
cpu7 98924 19 39682 862615 302 0 21054 0 0 0
cpu8 38322 32 34993 905847 1444 0 10817 0 0 0
cpu9 43780 40 37706 887618 3449 0 11602 0 0 0
cpu10 42138 35 36611 893459 1675 0 11535 0 0 0
cpu11 39018 32 34033 907296 1091 0 10531 0 0 0
cpu12 66754 109 39833 861373 4133 0 12412 0 0 0
cpu13 64503 42 40440 861584 4012 0 12709 0 0 0
cpu14 38660 32 33489 909784 1229 0 10325 0 0 0
cpu15 36240 35 30939 920173 1029 0 9393 0 0 0
cpu16 115433 17 44229 837336 605 0 25071 0 0 0
cpu17 108711 16 43172 844725 1443 0 24335 0 0 0
cpu18 105191 17 42076 851547 335 0 23437 0 0 0
cpu19 148383 17 57054 778457 818 0 37166 0 0 0
cpu20 138456 17 54745 792572 879 0 35601 0 0 0
cpu21 101676 18 41190 855603 847 0 22893 0 0 0
cpu22 94471 21 39091 866194 514 0 20931 0 0 0
cpu23 88566 21 36990 877241 597 0 19204 0 0 0
cpu24 41818 37 34696 906357 1366 0 11197 0 0 0
cpu25 46199 40 38248 888589 2486 0 13029 0 0 0
cpu26 44461 37 37469 893475 1856 0 12668 0 0 0
cpu27 37722 25 33391 898648 1493 0 18968 0 0 0
cpu28 65187 58 43282 845039 3319 0 24711 0 0 0
cpu29 68081 94 44626 837226 3508 0 25105 0 0 0
cpu30 37125 25 34638 893522 1370 0 18853 0 0 0
cpu31 40423 24 35207 906727 1009 0 11159 0 0 0
intr 2553926910 126 0 0 0 0 0 0 0 0 1 0 0 0 0 0 0 0 0 0 0 0 0 0 0 0 0 0 1 1 1 0 0 0 0 1 0 1 0 0 75045 0 0 0 0 0 0 0 0 411 0 0 0 0 0 0 0 0 87 0 0 0 0 0 0 0 0 0 0 0 0 0 0 0 272283 2 35017067 34957371 34883605 35018349 0 8535 2752 3252 1919 3405 2795 2517 2762 1838 11649 20272 11858 9109 15508 16774 11866 8097 2986 2066 1679 3183 2422 2243 1743 1741 9954 8997 6656 6938 8492 7755 7022 8614 0 0 0 0 616697 3762 1036 0 264 0 0 0 0 0 0 0 0 0 0 0 0 0 0 0 0 0 0 0 0 0 0 0 0 0 0 0 0 0 0 0 0 0 0 0 0 0 0 0 0 0 0 0 0 0 0 0 0 0 0 0 0 0 0 0 0 0 0 0 0 0 0 0 0 0 0 0 0 0 0 0 0 0 0 0 0 0 0 0 0 0 0 0 0 0 0 0 0 0 0 0 0 0 0 0 0 0 0 0 0 0 0 0 0 0 0 0 0 0 0 0 0 0 0 0 0 0 0 0 0 0 0 0 0 0 0 0 0 0 0 0 0 0 0 0 0 0 0 0 0 0 0 0 0 0 0 0 0 0 0 0 0 0 0 0 0 0 0 0 0 0 0 0 0 0 0 0 0 0 0 0 0 0 0 0 0 0 0 0 0 0 0 0 0 0 0 0 0 0 0 0 0 0 0 0 0 0 0 0 0 0 0 0 0 0 0 0 0 0 0 0 0 0 0 0 0 0 0 0 0 0 0 0 0 0 0 0 0 0 0 0 0 0 0 0 0 0 0 0 0 0 0 0 0 0 0 0 0 0 0 0 0 0 0 0 0 0 0 0 0 0 0 0 0 0 0 0 0 0 0 0 0 0 0 0 0 0 0 0 0 0 0 0 0 0 0 0 0 0 0 0 0 0 0 0 0 0 0 0 0 0 0 0 0 0 0 0 0 0 0 0 0 0 0 0 0 0 0 0 0 0 0 0 0 0 0 0 0 0 0 0 0 0 0 0 0 0 0 0 0 0 0 0 0 0 0 0 0 0 0 0 0 0 0 0 0 0 0 0 0 0 0 0 0 0 0 0 0 0 0 0 0 0 0 0 0 0 0 0 0 0 0 0 0 0 0 0 0 0 0 0 0 0 0 0 0 0 0 0 0 0 0 0 0 0 0 0 0 0 0 0 0 0 0 0 0 0 0 0 0 0 0 0 0 0 0 0 0 0 0 0 0 0 0 0 0 0 0 0 0 0 0 0 0 0 0 0 0 0 0 0 0 0 0 0 0 0 0 0 0 0 0 0 0 0 0 0 0 0 0 0 0 0 0 0 0 0 0 0 0 0 0 0 0 0 0 0 0 0 0 0 0 0 0 0 0 0 0 0 0 0 0 0 0 0 0 0 0 0 0 0 0 0 0 0 0 0 0 0 0 0 0 0 0 0 0 0 0 0 0 0 0 0 0 0 0 0 0 0 0 0 0 0 0 0 0 0 0 0 0 0 0 0 0 0 0 0 0 0 0 0 0 0 0 0 0 0 0 0 0 0 0 0 0 0 0 0 0 0 0 0 0 0 0 0 0 0 0 0 0 0 0 0 0 0 0 0 0 0 0 0 0 0 0 0 0 0 0 0 0 0 0 0 0 0 0 0 0 0 0 0 0 0 0 0 0 0 0 0 0 0 0 0 0 0 0 0 0 0 0 0 0 0 0 0 0 0 0 0 0 0 0 0 0 0 0 0 0 0 0 0 0 0 0 0 0 0 0 0 0 0 0 0 0 0 0 0 0 0 0 0 0 0 0 0 0 0 0 0 0 0 0 0 0 0 0 0 0 0 0 0 0 0 0 0 0 0 0 0 0 0 0 0 0 0 0 0 0 0 0 0 0 0 0 0 0 0 0 0 0 0 0 0 0 0 0 0 0 0 0 0 0 0 0 0 0 0 0 0 0 0 0 0 0 0 0 0 0 0 0 0 0 0 0 0 0 0 0 0 0 0 0 0 0 0 0 0 0 0 0 0 0 0 0 0 0 0 0 0 0 0 0 0 0 0 0 0 0 0 0 0 0 0 0 0 0 0 0 0 0 0 0 0 0 0 0 0 0 0 0 0 0 0 0 0 0 0 0 0 0 0 0 0 0 0 0 0 0 0 0 0 0 0 0 0 0 0 0 0 0 0 0 0 0 0 0 0 0 0 0 0 0 0 0 0 0 0 0 0 0 0 0 0 0 0 0 0 0 0 0 0 0 0 0 0 0 0 0 0 0 0 0 0 0 0 0 0 0 0 0 0 0 0 0 0 0 0 0 0 0 0 0 0 0 0 0 0 0 0 0 0 0 0 0 0 0 0 0 0 0 0 0 0 0 0 0 0 0 0 0 0 0 0 0 0 0 0 0 0 0 0 0 0 0 0 0 0 0 0 0 0 0 0 0 0 0 0 0 0 0 0 0 0 0 0 0 0 0 0 0 0 0 0 0 0 0 0 0 0 0 0 0 0 0 0 0 0 0 0 0 0 0 0 0 0 0 0 0 0 0 0 0 0 0 0 0 0 0 0 0 0 0 0 0 0 0 0 0 0 0 0 0 0 0 0 0 0 0 0 0 0 0 0 0 0 0 0 0 0 0 0 0 0 0 0 0 0 0 0 0 0 0 0 0 0 0 0 0 0 0 0 0 0 0 0 0 0 0 0 0 0 0 0 0 0 0 0 0 0 0 0 0 0 0 0 0 0 0 0 0 0 0
ctxt 3903550758
btime 1790630938
processes 263418
procs_running 1
procs_blocked 0
softirq 3556013654 73526 6972723 2752109 3468064315 285122 0 13557144 37809330 410 26498975
