Running 10s test @ http://127.0.0.1:18500/page
  16 threads and 32 connections
  Thread Stats   Avg      Stdev     Max   +/- Stdev
    Latency     0.99ms  138.58us   1.91ms   80.97%
    Req/Sec     2.03k    70.37     2.78k    92.99%
  Latency Distribution
     50%    0.95ms
     75%    1.03ms
     90%    1.20ms
     99%    1.44ms
  326276 requests in 10.10s, 3.14GB read
Requests/sec:  32304.29
Transfer/sec:    318.50MB
## server-stat
cpu  2441933 999 1263209 27129727 45992 0 603957 0 0 0
cpu0 86158 18 35324 855279 1035 0 18422 0 0 0
cpu1 90450 22 36124 854105 851 0 18250 0 0 0
cpu2 91959 20 36549 852433 590 0 18733 0 0 0
cpu3 118387 20 48161 802788 1324 0 28909 0 0 0
cpu4 125410 22 48192 796893 787 0 29120 0 0 0
cpu5 96998 22 37901 845478 591 0 19419 0 0 0
cpu6 99355 19 38997 841326 469 0 20751 0 0 0
cpu7 98316 18 39477 841812 302 0 20962 0 0 0
cpu8 38268 32 34928 884906 1437 0 10774 0 0 0
cpu9 43685 38 37596 867303 3390 0 11544 0 0 0
cpu10 42071 35 36502 873181 1637 0 11476 0 0 0
cpu11 38978 31 33963 886591 1083 0 10489 0 0 0
cpu12 66442 108 39633 841676 4088 0 12314 0 0 0
cpu13 64204 41 40235 841941 4000 0 12608 0 0 0
cpu14 38613 31 33396 889262 1222 0 10270 0 0 0
cpu15 36201 34 30873 899374 1027 0 9351 0 0 0
cpu16 114245 16 44033 817125 585 0 24983 0 0 0
cpu17 107817 16 42974 824239 1443 0 24244 0 0 0
cpu18 104424 16 41874 830945 325 0 23344 0 0 0
cpu19 143165 17 55461 765114 818 0 35564 0 0 0
cpu20 133980 17 53460 777841 879 0 34340 0 0 0
cpu21 100970 18 40992 834960 802 0 22806 0 0 0
cpu22 93814 21 38884 845469 498 0 20849 0 0 0
cpu23 87929 20 36788 856453 596 0 19122 0 0 0
cpu24 41771 36 34634 885449 1362 0 11154 0 0 0
cpu25 46111 39 38164 867916 2440 0 12978 0 0 0
cpu26 44406 36 37396 872580 1854 0 12624 0 0 0
cpu27 37688 25 33338 877486 1487 0 18934 0 0 0
cpu28 64822 57 43143 824766 3294 0 24641 0 0 0
cpu29 67808 94 44461 817132 3411 0 25026 0 0 0
cpu30 37085 24 34578 872448 1355 0 18816 0 0 0
cpu31 40390 23 35160 885440 995 0 11129 0 0 0
intr 2516265298 126 0 0 0 0 0 0 0 0 1 0 0 0 0 0 0 0 0 0 0 0 0 0 0 0 0 0 1 1 1 0 0 0 0 1 0 1 0 0 75045 0 0 0 0 0 0 0 0 411 0 0 0 0 0 0 0 0 87 0 0 0 0 0 0 0 0 0 0 0 0 0 0 0 267963 2 35016196 34956464 34882516 35017182 0 8356 2750 3252 1919 3402 2793 2430 2759 1682 11553 20254 11712 9092 15505 16683 11827 8054 2986 2064 1677 3150 2422 2243 1742 1741 9880 8954 6647 6933 8481 7704 7005 8528 0 0 0 0 616685 3747 1036 0 264 0 0 0 0 0 0 0 0 0 0 0 0 0 0 0 0 0 0 0 0 0 0 0 0 0 0 0 0 0 0 0 0 0 0 0 0 0 0 0 0 0 0 0 0 0 0 0 0 0 0 0 0 0 0 0 0 0 0 0 0 0 0 0 0 0 0 0 0 0 0 0 0 0 0 0 0 0 0 0 0 0 0 0 0 0 0 0 0 0 0 0 0 0 0 0 0 0 0 0 0 0 0 0 0 0 0 0 0 0 0 0 0 0 0 0 0 0 0 0 0 0 0 0 0 0 0 0 0 0 0 0 0 0 0 0 0 0 0 0 0 0 0 0 0 0 0 0 0 0 0 0 0 0 0 0 0 0 0 0 0 0 0 0 0 0 0 0 0 0 0 0 0 0 0 0 0 0 0 0 0 0 0 0 0 0 0 0 0 0 0 0 0 0 0 0 0 0 0 0 0 0 0 0 0 0 0 0 0 0 0 0 0 0 0 0 0 0 0 0 0 0 0 0 0 0 0 0 0 0 0 0 0 0 0 0 0 0 0 0 0 0 0 0 0 0 0 0 0 0 0 0 0 0 0 0 0 0 0 0 0 0 0 0 0 0 0 0 0 0 0 0 0 0 0 0 0 0 0 0 0 0 0 0 0 0 0 0 0 0 0 0 0 0 0 0 0 0 0 0 0 0 0 0 0 0 0 0 0 0 0 0 0 0 0 0 0 0 0 0 0 0 0 0 0 0 0 0 0 0 0 0 0 0 0 0 0 0 0 0 0 0 0 0 0 0 0 0 0 0 0 0 0 0 0 0 0 0 0 0 0 0 0 0 0 0 0 0 0 0 0 0 0 0 0 0 0 0 0 0 0 0 0 0 0 0 0 0 0 0 0 0 0 0 0 0 0 0 0 0 0 0 0 0 0 0 0 0 0 0 0 0 0 0 0 0 0 0 0 0 0 0 0 0 0 0 0 0 0 0 0 0 0 0 0 0 0 0 0 0 0 0 0 0 0 0 0 0 0 0 0 0 0 0 0 0 0 0 0 0 0 0 0 0 0 0 0 0 0 0 0 0 0 0 0 0 0 0 0 0 0 0 0 0 0 0 0 0 0 0 0 0 0 0 0 0 0 0 0 0 0 0 0 0 0 0 0 0 0 0 0 0 0 0 0 0 0 0 0 0 0 0 0 0 0 0 0 0 0 0 0 0 0 0 0 0 0 0 0 0 0 0 0 0 0 0 0 0 0 0 0 0 0 0 0 0 0 0 0 0 0 0 0 0 0 0 0 0 0 0 0 0 0 0 0 0 0 0 0 0 0 0 0 0 0 0 0 0 0 0 0 0 0 0 0 0 0 0 0 0 0 0 0 0 0 0 0 0 0 0 0 0 0 0 0 0 0 0 0 0 0 0 0 0 0 0 0 0 0 0 0 0 0 0 0 0 0 0 0 0 0 0 0 0 0 0 0 0 0 0 0 0 0 0 0 0 0 0 0 0 0 0 0 0 0 0 0 0 0 0 0 0 0 0 0 0 0 0 0 0 0 0 0 0 0 0 0 0 0 0 0 0 0 0 0 0 0 0 0 0 0 0 0 0 0 0 0 0 0 0 0 0 0 0 0 0 0 0 0 0 0 0 0 0 0 0 0 0 0 0 0 0 0 0 0 0 0 0 0 0 0 0 0 0 0 0 0 0 0 0 0 0 0 0 0 0 0 0 0 0 0 0 0 0 0 0 0 0 0 0 0 0 0 0 0 0 0 0 0 0 0 0 0 0 0 0 0 0 0 0 0 0 0 0 0 0 0 0 0 0 0 0 0 0 0 0 0 0 0 0 0 0 0 0 0 0 0 0 0 0 0 0 0 0 0 0 0 0 0 0 0 0 0 0 0 0 0 0 0 0 0 0 0 0 0 0 0 0 0 0 0 0 0 0 0 0 0 0 0 0 0 0 0 0 0 0 0 0 0 0 0 0 0 0 0 0 0 0 0 0 0 0 0 0 0 0 0 0 0 0 0 0 0 0 0 0 0 0 0 0 0 0 0 0 0 0 0 0 0 0 0 0 0 0 0 0 0 0 0 0 0 0 0 0 0 0 0 0 0 0 0 0 0 0 0 0 0 0 0 0 0 0 0 0 0 0 0 0 0 0 0 0 0 0 0 0 0 0 0 0 0 0 0 0 0 0 0 0 0 0 0 0 0 0 0 0 0 0 0 0 0 0 0 0 0 0 0 0 0 0 0 0 0 0 0 0 0 0 0 0 0 0 0 0 0 0 0 0 0 0 0 0 0 0 0 0 0 0 0 0 0 0 0 0 0 0 0 0 0 0 0 0 0 0 0 0 0 0 0 0 0 0 0 0 0 0 0 0 0 0 0 0 0 0 0 0 0 0 0 0 0 0 0 0 0 0 0 0 0 0 0 0 0 0 0 0 0 0 0 0 0 0 0 0 0 0 0 0 0 0 0 0 0 0 0 0 0 0 0 0 0 0 0
ctxt 3832372905
btime 1790630938
processes 259064
procs_running 4
procs_blocked 0
softirq 3498939898 73526 6870741 2752080 3411804223 280548 0 13557064 37414784 410 26186522
--
cpu  2443202 999 1263594 27152698 46004 0 604191 0 0 0
cpu0 86255 18 35351 855902 1035 0 18438 0 0 0
cpu1 90545 22 36148 854739 851 0 18265 0 0 0
cpu2 92027 20 36570 853102 590 0 18746 0 0 0
cpu3 118503 20 48186 803396 1324 0 28924 0 0 0
cpu4 125534 22 48219 797497 787 0 29135 0 0 0
cpu5 97068 22 37922 846154 591 0 19429 0 0 0
cpu6 99399 19 39015 842034 469 0 20760 0 0 0
cpu7 98347 18 39490 842543 302 0 20973 0 0 0
cpu8 38272 32 34931 885674 1437 0 10777 0 0 0
cpu9 43688 38 37600 868059 3390 0 11547 0 0 0
cpu10 42074 35 36506 873940 1637 0 11478 0 0 0
cpu11 38980 31 33966 887370 1084 0 10491 0 0 0
cpu12 66446 108 39648 842384 4088 0 12323 0 0 0
cpu13 64214 41 40251 842642 4007 0 12616 0 0 0
cpu14 38615 31 33403 890021 1226 0 10273 0 0 0
cpu15 36202 34 30875 900160 1027 0 9352 0 0 0
cpu16 114337 16 44054 817778 585 0 24998 0 0 0
cpu17 107878 16 42992 824921 1443 0 24256 0 0 0
cpu18 104474 16 41892 831641 325 0 23357 0 0 0
cpu19 143273 17 55484 765741 818 0 35578 0 0 0
cpu20 134093 17 53481 778463 879 0 34353 0 0 0
cpu21 101021 18 41007 835664 802 0 22815 0 0 0
cpu22 93855 21 38900 846184 498 0 20860 0 0 0
cpu23 87958 20 36800 857191 596 0 19131 0 0 0
cpu24 41772 36 34635 886243 1363 0 11154 0 0 0
cpu25 46114 39 38165 868707 2440 0 12978 0 0 0
cpu26 44406 36 37396 873375 1854 0 12624 0 0 0
cpu27 37688 25 33339 878284 1487 0 18934 0 0 0
cpu28 64836 57 43149 825515 3294 0 24644 0 0 0
cpu29 67836 94 44465 817888 3411 0 25027 0 0 0
cpu30 37087 24 34579 873237 1355 0 18816 0 0 0
cpu31 40392 24 35162 886233 995 0 11129 0 0 0
intr 2517796711 126 0 0 0 0 0 0 0 0 1 0 0 0 0 0 0 0 0 0 0 0 0 0 0 0 0 0 1 1 1 0 0 0 0 1 0 1 0 0 75045 0 0 0 0 0 0 0 0 411 0 0 0 0 0 0 0 0 87 0 0 0 0 0 0 0 0 0 0 0 0 0 0 0 268096 2 35016211 34956491 34882519 35017191 0 8360 2750 3252 1919 3402 2793 2430 2759 1682 11553 20256 11712 9092 15505 16683 11827 8054 2986 2064 1677 3150 2422 2243 1742 1741 9880 8957 6647 6933 8481 7704 7005 8528 0 0 0 0 616685 3747 1036 0 264 0 0 0 0 0 0 0 0 0 0 0 0 0 0 0 0 0 0 0 0 0 0 0 0 0 0 0 0 0 0 0 0 0 0 0 0 0 0 0 0 0 0 0 0 0 0 0 0 0 0 0 0 0 0 0 0 0 0 0 0 0 0 0 0 0 0 0 0 0 0 0 0 0 0 0 0 0 0 0 0 0 0 0 0 0 0 0 0 0 0 0 0 0 0 0 0 0 0 0 0 0 0 0 0 0 0 0 0 0 0 0 0 0 0 0 0 0 0 0 0 0 0 0 0 0 0 0 0 0 0 0 0 0 0 0 0 0 0 0 0 0 0 0 0 0 0 0 0 0 0 0 0 0 0 0 0 0 0 0 0 0 0 0 0 0 0 0 0 0 0 0 0 0 0 0 0 0 0 0 0 0 0 0 0 0 0 0 0 0 0 0 0 0 0 0 0 0 0 0 0 0 0 0 0 0 0 0 0 0 0 0 0 0 0 0 0 0 0 0 0 0 0 0 0 0 0 0 0 0 0 0 0 0 0 0 0 0 0 0 0 0 0 0 0 0 0 0 0 0 0 0 0 0 0 0 0 0 0 0 0 0 0 0 0 0 0 0 0 0 0 0 0 0 0 0 0 0 0 0 0 0 0 0 0 0 0 0 0 0 0 0 0 0 0 0 0 0 0 0 0 0 0 0 0 0 0 0 0 0 0 0 0 0 0 0 0 0 0 0 0 0 0 0 0 0 0 0 0 0 0 0 0 0 0 0 0 0 0 0 0 0 0 0 0 0 0 0 0 0 0 0 0 0 0 0 0 0 0 0 0 0 0 0 0 0 0 0 0 0 0 0 0 0 0 0 0 0 0 0 0 0 0 0 0 0 0 0 0 0 0 0 0 0 0 0 0 0 0 0 0 0 0 0 0 0 0 0 0 0 0 0 0 0 0 0 0 0 0 0 0 0 0 0 0 0 0 0 0 0 0 0 0 0 0 0 0 0 0 0 0 0 0 0 0 0 0 0 0 0 0 0 0 0 0 0 0 0 0 0 0 0 0 0 0 0 0 0 0 0 0 0 0 0 0 0 0 0 0 0 0 0 0 0 0 0 0 0 0 0 0 0 0 0 0 0 0 0 0 0 0 0 0 0 0 0 0 0 0 0 0 0 0 0 0 0 0 0 0 0 0 0 0 0 0 0 0 0 0 0 0 0 0 0 0 0 0 0 0 0 0 0 0 0 0 0 0 0 0 0 0 0 0 0 0 0 0 0 0 0 0 0 0 0 0 0 0 0 0 0 0 0 0 0 0 0 0 0 0 0 0 0 0 0 0 0 0 0 0 0 0 0 0 0 0 0 0 0 0 0 0 0 0 0 0 0 0 0 0 0 0 0 0 0 0 0 0 0 0 0 0 0 0 0 0 0 0 0 0 0 0 0 0 0 0 0 0 0 0 0 0 0 0 0 0 0 0 0 0 0 0 0 0 0 0 0 0 0 0 0 0 0 0 0 0 0 0 0 0 0 0 0 0 0 0 0 0 0 0 0 0 0 0 0 0 0 0 0 0 0 0 0 0 0 0 0 0 0 0 0 0 0 0 0 0 0 0 0 0 0 0 0 0 0 0 0 0 0 0 0 0 0 0 0 0 0 0 0 0 0 0 0 0 0 0 0 0 0 0 0 0 0 0 0 0 0 0 0 0 0 0 0 0 0 0 0 0 0 0 0 0 0 0 0 0 0 0 0 0 0 0 0 0 0 0 0 0 0 0 0 0 0 0 0 0 0 0 0 0 0 0 0 0 0 0 0 0 0 0 0 0 0 0 0 0 0 0 0 0 0 0 0 0 0 0 0 0 0 0 0 0 0 0 0 0 0 0 0 0 0 0 0 0 0 0 0 0 0 0 0 0 0 0 0 0 0 0 0 0 0 0 0 0 0 0 0 0 0 0 0 0 0 0 0 0 0 0 0 0 0 0 0 0 0 0 0 0 0 0 0 0 0 0 0 0 0 0 0 0 0 0 0 0 0 0 0 0 0 0 0 0 0 0 0 0 0 0 0 0 0 0 0 0 0 0 0 0 0 0 0 0 0 0 0 0 0 0 0 0 0 0 0 0 0 0 0 0 0 0 0 0 0 0 0 0 0 0 0 0 0 0 0 0 0 0 0 0 0 0 0 0 0 0 0 0 0 0 0 0 0 0 0 0 0 0 0 0 0 0 0 0 0 0 0 0 0 0 0 0 0 0 0 0 0 0 0 0 0 0 0 0 0 0 0 0 0 0 0 0 0 0 0 0 0 0 0 0 0 0 0 0 0 0 0 0 0 0 0 0 0 0 0 0 0 0 0 0 0 0 0 0 0 0 0 0 0 0 0 0 0 0 0 0 0 0 0 0 0 0 0 0 0 0 0 0 0 0 0 0 0 0 0 0 0 0 0 0 0 0 0 0 0 0 0 0 0 0 0 0 0 0 0 0 0 0 0 0 0 0 0 0 0 0
ctxt 3835327231
btime 1790630938
processes 259110
procs_running 2
procs_blocked 0
softirq 3500753385 73526 6878633 2752080 3413572870 280685 0 13557064 37435782 410 26202335
