Running 10s test @ http://127.0.0.1:18500/json
  16 threads and 32 connections
  Thread Stats   Avg      Stdev     Max   +/- Stdev
    Latency   147.98us   28.36us 684.00us   61.02%
    Req/Sec    13.54k     1.39k   16.87k    68.75%
  Latency Distribution
     50%  149.00us
     75%  175.00us
     90%  178.00us
     99%  183.00us
  2176706 requests in 10.10s, 259.48MB read
Requests/sec: 215519.14
Transfer/sec:     25.69MB
## server-stat
cpu  2429831 987 1258874 26716368 45557 0 600364 0 0 0
cpu0 85929 17 35209 842161 1035 0 18327 0 0 0
cpu1 90236 22 36011 840865 848 0 18149 0 0 0
cpu2 91776 19 36451 839104 590 0 18650 0 0 0
cpu3 115941 20 47408 793052 1324 0 28206 0 0 0
cpu4 123684 22 47628 786060 786 0 28588 0 0 0
cpu5 96821 22 37806 832120 584 0 19340 0 0 0
cpu6 99227 19 38921 827825 463 0 20697 0 0 0
cpu7 98224 18 39427 828189 301 0 20922 0 0 0
cpu8 38249 31 34907 871405 1433 0 10766 0 0 0
cpu9 43637 37 37556 854298 3335 0 11526 0 0 0
cpu10 42038 34 36467 860110 1607 0 11460 0 0 0
cpu11 38955 30 33939 873208 1057 0 10482 0 0 0
cpu12 66145 107 39535 829185 4038 0 12274 0 0 0
cpu13 64020 40 40135 829510 3958 0 12561 0 0 0
cpu14 38585 31 33355 876200 1218 0 10253 0 0 0
cpu15 36186 33 30849 886012 1020 0 9344 0 0 0
cpu16 114019 16 43932 803821 585 0 24908 0 0 0
cpu17 107622 16 42886 810913 1442 0 24167 0 0 0
cpu18 104264 16 41797 817521 324 0 23282 0 0 0
cpu19 141093 17 54820 754756 818 0 34983 0 0 0
cpu20 131190 17 52661 768545 879 0 33589 0 0 0
cpu21 100820 17 40918 821540 799 0 22746 0 0 0
cpu22 93701 20 38820 831914 497 0 20802 0 0 0
cpu23 87853 20 36741 842782 595 0 19091 0 0 0
cpu24 41750 35 34617 871875 1361 0 11149 0 0 0
cpu25 46087 39 38143 854438 2433 0 12971 0 0 0
cpu26 44383 35 37380 858975 1851 0 12619 0 0 0
cpu27 37672 25 33330 863724 1485 0 18931 0 0 0
cpu28 64624 57 43099 811521 3261 0 24628 0 0 0
cpu29 67649 94 44398 804154 3314 0 25004 0 0 0
cpu30 37063 24 34562 858858 1335 0 18809 0 0 0
cpu31 40375 23 35150 871713 964 0 11126 0 0 0
intr 2496711942 126 0 0 0 0 0 0 0 0 1 0 0 0 0 0 0 0 0 0 0 0 0 0 0 0 0 0 1 1 1 0 0 0 0 1 0 1 0 0 75045 0 0 0 0 0 0 0 0 411 0 0 0 0 0 0 0 0 87 0 0 0 0 0 0 0 0 0 0 0 0 0 0 0 264677 2 35015671 34955436 34882130 35016716 0 8242 2748 3249 1919 3400 2792 2430 2757 1682 11522 20241 11679 9084 15371 16682 11822 8050 2984 2063 1677 3150 2422 2220 1742 1741 9853 8865 6564 6843 8470 7697 7002 8527 0 0 0 0 616675 3725 1036 0 264 0 0 0 0 0 0 0 0 0 0 0 0 0 0 0 0 0 0 0 0 0 0 0 0 0 0 0 0 0 0 0 0 0 0 0 0 0 0 0 0 0 0 0 0 0 0 0 0 0 0 0 0 0 0 0 0 0 0 0 0 0 0 0 0 0 0 0 0 0 0 0 0 0 0 0 0 0 0 0 0 0 0 0 0 0 0 0 0 0 0 0 0 0 0 0 0 0 0 0 0 0 0 0 0 0 0 0 0 0 0 0 0 0 0 0 0 0 0 0 0 0 0 0 0 0 0 0 0 0 0 0 0 0 0 0 0 0 0 0 0 0 0 0 0 0 0 0 0 0 0 0 0 0 0 0 0 0 0 0 0 0 0 0 0 0 0 0 0 0 0 0 0 0 0 0 0 0 0 0 0 0 0 0 0 0 0 0 0 0 0 0 0 0 0 0 0 0 0 0 0 0 0 0 0 0 0 0 0 0 0 0 0 0 0 0 0 0 0 0 0 0 0 0 0 0 0 0 0 0 0 0 0 0 0 0 0 0 0 0 0 0 0 0 0 0 0 0 0 0 0 0 0 0 0 0 0 0 0 0 0 0 0 0 0 0 0 0 0 0 0 0 0 0 0 0 0 0 0 0 0 0 0 0 0 0 0 0 0 0 0 0 0 0 0 0 0 0 0 0 0 0 0 0 0 0 0 0 0 0 0 0 0 0 0 0 0 0 0 0 0 0 0 0 0 0 0 0 0 0 0 0 0 0 0 0 0 0 0 0 0 0 0 0 0 0 0 0 0 0 0 0 0 0 0 0 0 0 0 0 0 0 0 0 0 0 0 0 0 0 0 0 0 0 0 0 0 0 0 0 0 0 0 0 0 0 0 0 0 0 0 0 0 0 0 0 0 0 0 0 0 0 0 0 0 0 0 0 0 0 0 0 0 0 0 0 0 0 0 0 0 0 0 0 0 0 0 0 0 0 0 0 0 0 0 0 0 0 0 0 0 0 0 0 0 0 0 0 0 0 0 0 0 0 0 0 0 0 0 0 0 0 0 0 0 0 0 0 0 0 0 0 0 0 0 0 0 0 0 0 0 0 0 0 0 0 0 0 0 0 0 0 0 0 0 0 0 0 0 0 0 0 0 0 0 0 0 0 0 0 0 0 0 0 0 0 0 0 0 0 0 0 0 0 0 0 0 0 0 0 0 0 0 0 0 0 0 0 0 0 0 0 0 0 0 0 0 0 0 0 0 0 0 0 0 0 0 0 0 0 0 0 0 0 0 0 0 0 0 0 0 0 0 0 0 0 0 0 0 0 0 0 0 0 0 0 0 0 0 0 0 0 0 0 0 0 0 0 0 0 0 0 0 0 0 0 0 0 0 0 0 0 0 0 0 0 0 0 0 0 0 0 0 0 0 0 0 0 0 0 0 0 0 0 0 0 0 0 0 0 0 0 0 0 0 0 0 0 0 0 0 0 0 0 0 0 0 0 0 0 0 0 0 0 0 0 0 0 0 0 0 0 0 0 0 0 0 0 0 0 0 0 0 0 0 0 0 0 0 0 0 0 0 0 0 0 0 0 0 0 0 0 0 0 0 0 0 0 0 0 0 0 0 0 0 0 0 0 0 0 0 0 0 0 0 0 0 0 0 0 0 0 0 0 0 0 0 0 0 0 0 0 0 0 0 0 0 0 0 0 0 0 0 0 0 0 0 0 0 0 0 0 0 0 0 0 0 0 0 0 0 0 0 0 0 0 0 0 0 0 0 0 0 0 0 0 0 0 0 0 0 0 0 0 0 0 0 0 0 0 0 0 0 0 0 0 0 0 0 0 0 0 0 0 0 0 0 0 0 0 0 0 0 0 0 0 0 0 0 0 0 0 0 0 0 0 0 0 0 0 0 0 0 0 0 0 0 0 0 0 0 0 0 0 0 0 0 0 0 0 0 0 0 0 0 0 0 0 0 0 0 0 0 0 0 0 0 0 0 0 0 0 0 0 0 0 0 0 0 0 0 0 0 0 0 0 0 0 0 0 0 0 0 0 0 0 0 0 0 0 0 0 0 0 0 0 0 0 0 0 0 0 0 0 0 0 0 0 0 0 0 0 0 0 0 0 0 0 0 0 0 0 0 0 0 0 0 0 0 0 0 0 0 0 0 0 0 0 0 0 0 0 0 0 0 0 0 0 0 0 0 0 0 0 0 0 0 0 0 0 0 0 0 0 0 0 0 0 0 0 0 0 0 0 0 0 0 0 0 0 0 0 0 0 0 0 0 0 0 0 0 0 0 0 0 0 0 0 0 0 0 0 0 0 0 0 0 0 0 0 0 0 0 0 0 0 0 0 0 0 0 0 0 0 0 0 0 0 0 0 0 0 0 0 0 0 0 0 0 0 0 0 0 0 0 0 0 0 0 0 0 0 0 0 0 0 0 0 0 0 0 0 0 0 0 0 0 0 0 0 0 0 0 0 0 0 0 0 0 0 0 0 0
ctxt 3794632283
btime 1790630938
processes 256280
procs_running 4
procs_blocked 0
softirq 3470678685 73526 6798262 2752061 3383974326 277075 0 13556975 37217512 410 26028538
--
cpu  2430742 988 1259280 26739142 45559 0 600783 0 0 0
cpu0 85933 17 35211 842943 1035 0 18328 0 0 0
cpu1 90238 22 36012 841661 848 0 18149 0 0 0
cpu2 91777 19 36452 839900 590 0 18651 0 0 0
cpu3 116322 20 47571 793125 1324 0 28389 0 0 0
cpu4 123735 22 47653 786755 786 0 28616 0 0 0
cpu5 96822 22 37806 832918 584 0 19340 0 0 0
cpu6 99230 19 38922 828620 463 0 20697 0 0 0
cpu7 98224 18 39427 828987 301 0 20922 0 0 0
cpu8 38252 31 34908 872163 1433 0 10767 0 0 0
cpu9 43640 37 37561 854997 3335 0 11527 0 0 0
cpu10 42040 34 36469 860802 1607 0 11461 0 0 0
cpu11 38955 30 33941 873932 1057 0 10482 0 0 0
cpu12 66154 107 39541 829847 4038 0 12277 0 0 0
cpu13 64027 40 40142 830150 3959 0 12563 0 0 0
cpu14 38587 31 33358 876885 1218 0 10254 0 0 0
cpu15 36187 33 30851 886733 1020 0 9345 0 0 0
cpu16 114019 16 43933 804620 585 0 24908 0 0 0
cpu17 107622 16 42886 811712 1442 0 24167 0 0 0
cpu18 104265 16 41797 818319 324 0 23282 0 0 0
cpu19 141129 17 54835 755486 818 0 35002 0 0 0
cpu20 131550 17 52817 768654 879 0 33763 0 0 0
cpu21 100821 17 40918 822337 799 0 22746 0 0 0
cpu22 93702 20 38820 832712 497 0 20802 0 0 0
cpu23 87853 20 36741 843581 595 0 19091 0 0 0
cpu24 41753 35 34619 872623 1361 0 11150 0 0 0
cpu25 46093 39 38145 855161 2433 0 12972 0 0 0
cpu26 44384 35 37382 859729 1851 0 12620 0 0 0
cpu27 37674 25 33330 864504 1485 0 18931 0 0 0
cpu28 64636 57 43101 812269 3261 0 24628 0 0 0
cpu29 67665 94 44401 804871 3314 0 25005 0 0 0
cpu30 37064 24 34563 859630 1335 0 18809 0 0 0
cpu31 40375 23 35151 872501 964 0 11126 0 0 0
intr 2498475028 126 0 0 0 0 0 0 0 0 1 0 0 0 0 0 0 0 0 0 0 0 0 0 0 0 0 0 1 1 1 0 0 0 0 1 0 1 0 0 75045 0 0 0 0 0 0 0 0 411 0 0 0 0 0 0 0 0 87 0 0 0 0 0 0 0 0 0 0 0 0 0 0 0 264677 2 35015695 34955485 34882142 35016740 0 8250 2748 3249 1919 3400 2792 2430 2757 1682 11522 20241 11679 9084 15371 16682 11823 8050 2985 2063 1677 3150 2422 2220 1742 1741 9857 8867 6564 6843 8470 7697 7002 8527 0 0 0 0 616677 3725 1036 0 264 0 0 0 0 0 0 0 0 0 0 0 0 0 0 0 0 0 0 0 0 0 0 0 0 0 0 0 0 0 0 0 0 0 0 0 0 0 0 0 0 0 0 0 0 0 0 0 0 0 0 0 0 0 0 0 0 0 0 0 0 0 0 0 0 0 0 0 0 0 0 0 0 0 0 0 0 0 0 0 0 0 0 0 0 0 0 0 0 0 0 0 0 0 0 0 0 0 0 0 0 0 0 0 0 0 0 0 0 0 0 0 0 0 0 0 0 0 0 0 0 0 0 0 0 0 0 0 0 0 0 0 0 0 0 0 0 0 0 0 0 0 0 0 0 0 0 0 0 0 0 0 0 0 0 0 0 0 0 0 0 0 0 0 0 0 0 0 0 0 0 0 0 0 0 0 0 0 0 0 0 0 0 0 0 0 0 0 0 0 0 0 0 0 0 0 0 0 0 0 0 0 0 0 0 0 0 0 0 0 0 0 0 0 0 0 0 0 0 0 0 0 0 0 0 0 0 0 0 0 0 0 0 0 0 0 0 0 0 0 0 0 0 0 0 0 0 0 0 0 0 0 0 0 0 0 0 0 0 0 0 0 0 0 0 0 0 0 0 0 0 0 0 0 0 0 0 0 0 0 0 0 0 0 0 0 0 0 0 0 0 0 0 0 0 0 0 0 0 0 0 0 0 0 0 0 0 0 0 0 0 0 0 0 0 0 0 0 0 0 0 0 0 0 0 0 0 0 0 0 0 0 0 0 0 0 0 0 0 0 0 0 0 0 0 0 0 0 0 0 0 0 0 0 0 0 0 0 0 0 0 0 0 0 0 0 0 0 0 0 0 0 0 0 0 0 0 0 0 0 0 0 0 0 0 0 0 0 0 0 0 0 0 0 0 0 0 0 0 0 0 0 0 0 0 0 0 0 0 0 0 0 0 0 0 0 0 0 0 0 0 0 0 0 0 0 0 0 0 0 0 0 0 0 0 0 0 0 0 0 0 0 0 0 0 0 0 0 0 0 0 0 0 0 0 0 0 0 0 0 0 0 0 0 0 0 0 0 0 0 0 0 0 0 0 0 0 0 0 0 0 0 0 0 0 0 0 0 0 0 0 0 0 0 0 0 0 0 0 0 0 0 0 0 0 0 0 0 0 0 0 0 0 0 0 0 0 0 0 0 0 0 0 0 0 0 0 0 0 0 0 0 0 0 0 0 0 0 0 0 0 0 0 0 0 0 0 0 0 0 0 0 0 0 0 0 0 0 0 0 0 0 0 0 0 0 0 0 0 0 0 0 0 0 0 0 0 0 0 0 0 0 0 0 0 0 0 0 0 0 0 0 0 0 0 0 0 0 0 0 0 0 0 0 0 0 0 0 0 0 0 0 0 0 0 0 0 0 0 0 0 0 0 0 0 0 0 0 0 0 0 0 0 0 0 0 0 0 0 0 0 0 0 0 0 0 0 0 0 0 0 0 0 0 0 0 0 0 0 0 0 0 0 0 0 0 0 0 0 0 0 0 0 0 0 0 0 0 0 0 0 0 0 0 0 0 0 0 0 0 0 0 0 0 0 0 0 0 0 0 0 0 0 0 0 0 0 0 0 0 0 0 0 0 0 0 0 0 0 0 0 0 0 0 0 0 0 0 0 0 0 0 0 0 0 0 0 0 0 0 0 0 0 0 0 0 0 0 0 0 0 0 0 0 0 0 0 0 0 0 0 0 0 0 0 0 0 0 0 0 0 0 0 0 0 0 0 0 0 0 0 0 0 0 0 0 0 0 0 0 0 0 0 0 0 0 0 0 0 0 0 0 0 0 0 0 0 0 0 0 0 0 0 0 0 0 0 0 0 0 0 0 0 0 0 0 0 0 0 0 0 0 0 0 0 0 0 0 0 0 0 0 0 0 0 0 0 0 0 0 0 0 0 0 0 0 0 0 0 0 0 0 0 0 0 0 0 0 0 0 0 0 0 0 0 0 0 0 0 0 0 0 0 0 0 0 0 0 0 0 0 0 0 0 0 0 0 0 0 0 0 0 0 0 0 0 0 0 0 0 0 0 0 0 0 0 0 0 0 0 0 0 0 0 0 0 0 0 0 0 0 0 0 0 0 0 0 0 0 0 0 0 0 0 0 0 0 0 0 0 0 0 0 0 0 0 0 0 0 0 0 0 0 0 0 0 0 0 0 0 0 0 0 0 0 0 0 0 0 0 0 0 0 0 0 0 0 0 0 0 0 0 0 0 0 0 0 0 0 0 0 0 0 0 0 0 0 0 0 0 0 0 0 0 0 0 0 0 0 0 0 0 0 0 0 0 0 0 0 0 0 0 0 0 0 0 0 0 0 0 0 0 0 0 0 0 0 0 0 0 0 0 0 0 0 0 0 0 0 0 0 0 0 0 0 0 0 0 0 0 0 0 0 0 0 0 0 0 0 0 0 0 0 0 0 0 0 0 0 0 0 0 0 0 0 0 0 0 0 0 0 0 0
ctxt 3798056274
btime 1790630938
processes 256339
procs_running 5
procs_blocked 0
softirq 3474148420 73526 6801287 2752061 3387421742 277083 0 13556975 37228978 410 26036358
