Running 10s test @ http://127.0.0.1:18500/json
  16 threads and 32 connections
  Thread Stats   Avg      Stdev     Max   +/- Stdev
    Latency   151.50us   61.44us 731.00us   53.09%
    Req/Sec    13.25k     3.93k   23.81k    92.14%
  Latency Distribution
     50%  190.00us
     75%  208.00us
     90%  210.00us
     99%  215.00us
  2130605 requests in 10.10s, 253.99MB read
Requests/sec: 210954.31
Transfer/sec:     25.15MB
## server-stat
cpu  2435229 993 1260650 26882916 45676 0 601964 0 0 0
cpu0 85940 18 35215 847702 1035 0 18333 0 0 0
cpu1 90241 22 36013 846466 848 0 18150 0 0 0
cpu2 91780 19 36453 844706 590 0 18651 0 0 0
cpu3 117608 20 47921 795976 1324 0 28713 0 0 0
cpu4 124645 22 47948 790067 786 0 28911 0 0 0
cpu5 96827 22 37807 837722 584 0 19340 0 0 0
cpu6 99232 19 38924 833426 463 0 20697 0 0 0
cpu7 98225 18 39429 833796 301 0 20922 0 0 0
cpu8 38257 32 34917 876811 1433 0 10768 0 0 0
cpu9 43658 37 37572 859508 3337 0 11531 0 0 0
cpu10 42051 34 36480 865302 1607 0 11465 0 0 0
cpu11 38963 31 33948 878553 1058 0 10484 0 0 0
cpu12 66242 107 39570 834163 4085 0 12288 0 0 0
cpu13 64091 40 40170 834456 3959 0 12574 0 0 0
cpu14 38594 31 33370 881418 1220 0 10258 0 0 0
cpu15 36191 34 30859 891345 1022 0 9346 0 0 0
cpu16 114030 16 43937 809412 585 0 24910 0 0 0
cpu17 107629 16 42887 816515 1442 0 24167 0 0 0
cpu18 104267 16 41798 823127 324 0 23282 0 0 0
cpu19 141885 17 55078 759059 818 0 35240 0 0 0
cpu20 132668 17 53100 771811 879 0 34020 0 0 0
cpu21 100822 18 40919 827141 801 0 22746 0 0 0
cpu22 93703 21 38823 837518 498 0 20802 0 0 0
cpu23 87854 20 36742 848389 595 0 19092 0 0 0
cpu24 41760 35 34624 877314 1362 0 11151 0 0 0
cpu25 46098 39 38150 859828 2434 0 12973 0 0 0
cpu26 44388 35 37387 864436 1851 0 12620 0 0 0
cpu27 37677 25 33333 869260 1485 0 18932 0 0 0
cpu28 64729 57 43119 816817 3261 0 24633 0 0 0
cpu29 67711 94 44421 809339 3346 0 25012 0 0 0
cpu30 37071 24 34567 864292 1346 0 18811 0 0 0
cpu31 40378 23 35155 877225 977 0 11127 0 0 0
intr 2503660995 126 0 0 0 0 0 0 0 0 1 0 0 0 0 0 0 0 0 0 0 0 0 0 0 0 0 0 1 1 1 0 0 0 0 1 0 1 0 0 75045 0 0 0 0 0 0 0 0 411 0 0 0 0 0 0 0 0 87 0 0 0 0 0 0 0 0 0 0 0 0 0 0 0 265814 2 35015923 34955880 34882303 35016948 0 8287 2749 3250 1919 3401 2792 2430 2757 1682 11522 20249 11704 9085 15373 16683 11824 8054 2985 2063 1677 3150 2422 2232 1742 1741 9874 8890 6644 6845 8472 7699 7002 8527 0 0 0 0 616677 3735 1036 0 264 0 0 0 0 0 0 0 0 0 0 0 0 0 0 0 0 0 0 0 0 0 0 0 0 0 0 0 0 0 0 0 0 0 0 0 0 0 0 0 0 0 0 0 0 0 0 0 0 0 0 0 0 0 0 0 0 0 0 0 0 0 0 0 0 0 0 0 0 0 0 0 0 0 0 0 0 0 0 0 0 0 0 0 0 0 0 0 0 0 0 0 0 0 0 0 0 0 0 0 0 0 0 0 0 0 0 0 0 0 0 0 0 0 0 0 0 0 0 0 0 0 0 0 0 0 0 0 0 0 0 0 0 0 0 0 0 0 0 0 0 0 0 0 0 0 0 0 0 0 0 0 0 0 0 0 0 0 0 0 0 0 0 0 0 0 0 0 0 0 0 0 0 0 0 0 0 0 0 0 0 0 0 0 0 0 0 0 0 0 0 0 0 0 0 0 0 0 0 0 0 0 0 0 0 0 0 0 0 0 0 0 0 0 0 0 0 0 0 0 0 0 0 0 0 0 0 0 0 0 0 0 0 0 0 0 0 0 0 0 0 0 0 0 0 0 0 0 0 0 0 0 0 0 0 0 0 0 0 0 0 0 0 0 0 0 0 0 0 0 0 0 0 0 0 0 0 0 0 0 0 0 0 0 0 0 0 0 0 0 0 0 0 0 0 0 0 0 0 0 0 0 0 0 0 0 0 0 0 0 0 0 0 0 0 0 0 0 0 0 0 0 0 0 0 0 0 0 0 0 0 0 0 0 0 0 0 0 0 0 0 0 0 0 0 0 0 0 0 0 0 0 0 0 0 0 0 0 0 0 0 0 0 0 0 0 0 0 0 0 0 0 0 0 0 0 0 0 0 0 0 0 0 0 0 0 0 0 0 0 0 0 0 0 0 0 0 0 0 0 0 0 0 0 0 0 0 0 0 0 0 0 0 0 0 0 0 0 0 0 0 0 0 0 0 0 0 0 0 0 0 0 0 0 0 0 0 0 0 0 0 0 0 0 0 0 0 0 0 0 0 0 0 0 0 0 0 0 0 0 0 0 0 0 0 0 0 0 0 0 0 0 0 0 0 0 0 0 0 0 0 0 0 0 0 0 0 0 0 0 0 0 0 0 0 0 0 0 0 0 0 0 0 0 0 0 0 0 0 0 0 0 0 0 0 0 0 0 0 0 0 0 0 0 0 0 0 0 0 0 0 0 0 0 0 0 0 0 0 0 0 0 0 0 0 0 0 0 0 0 0 0 0 0 0 0 0 0 0 0 0 0 0 0 0 0 0 0 0 0 0 0 0 0 0 0 0 0 0 0 0 0 0 0 0 0 0 0 0 0 0 0 0 0 0 0 0 0 0 0 0 0 0 0 0 0 0 0 0 0 0 0 0 0 0 0 0 0 0 0 0 0 0 0 0 0 0 0 0 0 0 0 0 0 0 0 0 0 0 0 0 0 0 0 0 0 0 0 0 0 0 0 0 0 0 0 0 0 0 0 0 0 0 0 0 0 0 0 0 0 0 0 0 0 0 0 0 0 0 0 0 0 0 0 0 0 0 0 0 0 0 0 0 0 0 0 0 0 0 0 0 0 0 0 0 0 0 0 0 0 0 0 0 0 0 0 0 0 0 0 0 0 0 0 0 0 0 0 0 0 0 0 0 0 0 0 0 0 0 0 0 0 0 0 0 0 0 0 0 0 0 0 0 0 0 0 0 0 0 0 0 0 0 0 0 0 0 0 0 0 0 0 0 0 0 0 0 0 0 0 0 0 0 0 0 0 0 0 0 0 0 0 0 0 0 0 0 0 0 0 0 0 0 0 0 0 0 0 0 0 0 0 0 0 0 0 0 0 0 0 0 0 0 0 0 0 0 0 0 0 0 0 0 0 0 0 0 0 0 0 0 0 0 0 0 0 0 0 0 0 0 0 0 0 0 0 0 0 0 0 0 0 0 0 0 0 0 0 0 0 0 0 0 0 0 0 0 0 0 0 0 0 0 0 0 0 0 0 0 0 0 0 0 0 0 0 0 0 0 0 0 0 0 0 0 0 0 0 0 0 0 0 0 0 0 0 0 0 0 0 0 0 0 0 0 0 0 0 0 0 0 0 0 0 0 0 0 0 0 0 0 0 0 0 0 0 0 0 0 0 0 0 0 0 0 0 0 0 0 0 0 0 0 0 0 0 0 0 0 0 0 0 0 0 0 0 0 0 0 0 0 0 0 0 0 0 0 0 0 0 0 0 0 0 0 0 0 0 0 0 0 0 0 0 0 0 0 0 0 0 0 0 0 0 0 0 0 0 0 0 0 0 0 0 0 0 0 0 0 0 0 0 0 0 0 0 0 0 0 0 0 0 0 0 0 0 0 0 0 0 0 0 0 0 0 0 0 0 0 0 0 0 0 0 0 0 0 0 0 0 0 0 0 0 0 0 0 0 0 0 0 0 0 0 0 0 0 0 0 0 0 0 0 0 0 0 0 0 0 0 0 0 0
ctxt 3807920753
btime 1790630938
processes 257384
procs_running 4
procs_blocked 0
softirq 3483765933 73526 6818633 2752069 3396921099 278274 0 13557010 37285136 410 26079776
--
cpu  2436162 993 1261106 26905562 45785 0 602348 0 0 0
cpu0 85942 18 35215 848488 1035 0 18335 0 0 0
cpu1 90242 22 36014 847261 851 0 18150 0 0 0
cpu2 91780 19 36453 845505 590 0 18652 0 0 0
cpu3 117740 20 47981 796533 1324 0 28764 0 0 0
cpu4 124725 22 47981 790717 786 0 28948 0 0 0
cpu5 96827 22 37808 838515 590 0 19340 0 0 0
cpu6 99232 19 38924 834220 468 0 20697 0 0 0
cpu7 98225 18 39429 834595 302 0 20922 0 0 0
cpu8 38261 32 34920 877561 1434 0 10769 0 0 0
cpu9 43662 37 37577 860180 3355 0 11531 0 0 0
cpu10 42054 34 36484 866007 1608 0 11466 0 0 0
cpu11 38965 31 33950 879283 1069 0 10484 0 0 0
cpu12 66248 107 39577 834822 4087 0 12291 0 0 0
cpu13 64095 40 40177 835089 3959 0 12577 0 0 0
cpu14 38596 31 33373 882106 1221 0 10259 0 0 0
cpu15 36193 34 30862 892066 1022 0 9347 0 0 0
cpu16 114031 16 43937 810211 585 0 24910 0 0 0
cpu17 107629 16 42887 817313 1443 0 24167 0 0 0
cpu18 104267 16 41800 823924 325 0 23282 0 0 0
cpu19 142176 17 55219 759302 818 0 35366 0 0 0
cpu20 133012 17 53253 771963 879 0 34171 0 0 0
cpu21 100822 18 40919 827938 802 0 22746 0 0 0
cpu22 93704 21 38823 838316 498 0 20802 0 0 0
cpu23 87854 20 36742 849187 596 0 19092 0 0 0
cpu24 41762 35 34626 878072 1362 0 11151 0 0 0
cpu25 46102 39 38153 860573 2436 0 12973 0 0 0
cpu26 44392 35 37389 865194 1852 0 12621 0 0 0
cpu27 37679 25 33334 870041 1485 0 18932 0 0 0
cpu28 64749 57 43124 817498 3293 0 24634 0 0 0
cpu29 67730 94 44435 810016 3359 0 25014 0 0 0
cpu30 37075 24 34570 865049 1355 0 18811 0 0 0
cpu31 40381 23 35157 878002 982 0 11128 0 0 0
intr 2505392657 126 0 0 0 0 0 0 0 0 1 0 0 0 0 0 0 0 0 0 0 0 0 0 0 0 0 0 1 1 1 0 0 0 0 1 0 1 0 0 75045 0 0 0 0 0 0 0 0 411 0 0 0 0 0 0 0 0 87 0 0 0 0 0 0 0 0 0 0 0 0 0 0 0 266240 2 35015959 34955915 34882317 35016990 0 8295 2749 3251 1919 3401 2792 2430 2759 1682 11528 20249 11705 9086 15373 16683 11825 8054 2985 2063 1677 3150 2422 2243 1742 1741 9877 8890 6644 6846 8477 7703 7003 8528 0 0 0 0 616681 3735 1036 0 264 0 0 0 0 0 0 0 0 0 0 0 0 0 0 0 0 0 0 0 0 0 0 0 0 0 0 0 0 0 0 0 0 0 0 0 0 0 0 0 0 0 0 0 0 0 0 0 0 0 0 0 0 0 0 0 0 0 0 0 0 0 0 0 0 0 0 0 0 0 0 0 0 0 0 0 0 0 0 0 0 0 0 0 0 0 0 0 0 0 0 0 0 0 0 0 0 0 0 0 0 0 0 0 0 0 0 0 0 0 0 0 0 0 0 0 0 0 0 0 0 0 0 0 0 0 0 0 0 0 0 0 0 0 0 0 0 0 0 0 0 0 0 0 0 0 0 0 0 0 0 0 0 0 0 0 0 0 0 0 0 0 0 0 0 0 0 0 0 0 0 0 0 0 0 0 0 0 0 0 0 0 0 0 0 0 0 0 0 0 0 0 0 0 0 0 0 0 0 0 0 0 0 0 0 0 0 0 0 0 0 0 0 0 0 0 0 0 0 0 0 0 0 0 0 0 0 0 0 0 0 0 0 0 0 0 0 0 0 0 0 0 0 0 0 0 0 0 0 0 0 0 0 0 0 0 0 0 0 0 0 0 0 0 0 0 0 0 0 0 0 0 0 0 0 0 0 0 0 0 0 0 0 0 0 0 0 0 0 0 0 0 0 0 0 0 0 0 0 0 0 0 0 0 0 0 0 0 0 0 0 0 0 0 0 0 0 0 0 0 0 0 0 0 0 0 0 0 0 0 0 0 0 0 0 0 0 0 0 0 0 0 0 0 0 0 0 0 0 0 0 0 0 0 0 0 0 0 0 0 0 0 0 0 0 0 0 0 0 0 0 0 0 0 0 0 0 0 0 0 0 0 0 0 0 0 0 0 0 0 0 0 0 0 0 0 0 0 0 0 0 0 0 0 0 0 0 0 0 0 0 0 0 0 0 0 0 0 0 0 0 0 0 0 0 0 0 0 0 0 0 0 0 0 0 0 0 0 0 0 0 0 0 0 0 0 0 0 0 0 0 0 0 0 0 0 0 0 0 0 0 0 0 0 0 0 0 0 0 0 0 0 0 0 0 0 0 0 0 0 0 0 0 0 0 0 0 0 0 0 0 0 0 0 0 0 0 0 0 0 0 0 0 0 0 0 0 0 0 0 0 0 0 0 0 0 0 0 0 0 0 0 0 0 0 0 0 0 0 0 0 0 0 0 0 0 0 0 0 0 0 0 0 0 0 0 0 0 0 0 0 0 0 0 0 0 0 0 0 0 0 0 0 0 0 0 0 0 0 0 0 0 0 0 0 0 0 0 0 0 0 0 0 0 0 0 0 0 0 0 0 0 0 0 0 0 0 0 0 0 0 0 0 0 0 0 0 0 0 0 0 0 0 0 0 0 0 0 0 0 0 0 0 0 0 0 0 0 0 0 0 0 0 0 0 0 0 0 0 0 0 0 0 0 0 0 0 0 0 0 0 0 0 0 0 0 0 0 0 0 0 0 0 0 0 0 0 0 0 0 0 0 0 0 0 0 0 0 0 0 0 0 0 0 0 0 0 0 0 0 0 0 0 0 0 0 0 0 0 0 0 0 0 0 0 0 0 0 0 0 0 0 0 0 0 0 0 0 0 0 0 0 0 0 0 0 0 0 0 0 0 0 0 0 0 0 0 0 0 0 0 0 0 0 0 0 0 0 0 0 0 0 0 0 0 0 0 0 0 0 0 0 0 0 0 0 0 0 0 0 0 0 0 0 0 0 0 0 0 0 0 0 0 0 0 0 0 0 0 0 0 0 0 0 0 0 0 0 0 0 0 0 0 0 0 0 0 0 0 0 0 0 0 0 0 0 0 0 0 0 0 0 0 0 0 0 0 0 0 0 0 0 0 0 0 0 0 0 0 0 0 0 0 0 0 0 0 0 0 0 0 0 0 0 0 0 0 0 0 0 0 0 0 0 0 0 0 0 0 0 0 0 0 0 0 0 0 0 0 0 0 0 0 0 0 0 0 0 0 0 0 0 0 0 0 0 0 0 0 0 0 0 0 0 0 0 0 0 0 0 0 0 0 0 0 0 0 0 0 0 0 0 0 0 0 0 0 0 0 0 0 0 0 0 0 0 0 0 0 0 0 0 0 0 0 0 0 0 0 0 0 0 0 0 0 0 0 0 0 0 0 0 0 0 0 0 0 0 0 0 0 0 0 0 0 0 0 0 0 0 0 0 0 0 0 0 0 0 0 0 0 0 0 0 0 0 0 0 0 0 0 0 0 0 0 0 0 0 0 0 0 0 0 0 0 0 0 0 0 0 0 0 0 0 0 0 0 0 0 0 0 0 0 0 0 0 0 0 0 0 0 0 0 0 0 0 0 0 0 0 0 0 0 0 0 0 0 0 0 0 0 0 0 0 0 0 0 0 0 0 0 0 0 0 0 0 0 0 0 0 0 0 0 0 0 0 0 0 0 0 0 0 0 0 0 0 0 0 0 0 0 0 0
ctxt 3811291381
btime 1790630938
processes 257548
procs_running 5
procs_blocked 0
softirq 3487166165 73526 6821414 2752069 3400298725 278718 0 13557010 37296701 410 26087592
