Running 10s test @ http://127.0.0.1:18500/json
  16 threads and 128 connections
  Thread Stats   Avg      Stdev     Max   +/- Stdev
    Latency   207.54us   35.78us   0.91ms   75.89%
    Req/Sec    38.57k     2.63k   57.64k    69.62%
  Latency Distribution
     50%  221.00us
     75%  232.00us
     90%  244.00us
     99%  267.00us
  6190132 requests in 10.10s, 855.99MB read
Requests/sec: 612924.89
Transfer/sec:     84.76MB
## server-stat
cpu  2625004 1050 1344523 28607008 47236 0 662280 0 0 0
cpu0 93760 18 37500 901801 1050 0 19987 0 0 0
cpu1 100576 23 39274 896687 862 0 20684 0 0 0
cpu2 101636 21 39457 895933 602 0 20923 0 0 0
cpu3 131692 21 52001 840714 1336 0 32106 0 0 0
cpu4 138716 23 51990 835045 791 0 32254 0 0 0
cpu5 105749 24 40496 890514 597 0 21363 0 0 0
cpu6 109113 20 41815 884996 469 0 22848 0 0 0
cpu7 111456 19 43916 878908 304 0 24634 0 0 0
cpu8 38623 34 36562 936532 1458 0 11656 0 0 0
cpu9 44138 41 39353 917895 3459 0 12474 0 0 0
cpu10 42455 37 38225 923973 1685 0 12383 0 0 0
cpu11 39281 34 35495 938432 1100 0 11308 0 0 0
cpu12 67315 111 41534 891588 4159 0 13294 0 0 0
cpu13 65131 43 42188 891631 4040 0 13579 0 0 0
cpu14 38912 33 34882 941252 1233 0 11058 0 0 0
cpu15 36471 36 32238 951980 1045 0 10108 0 0 0
cpu16 127220 17 47758 855768 621 0 28013 0 0 0
cpu17 117616 16 45809 867644 1444 0 26557 0 0 0
cpu18 114173 17 44988 873787 347 0 25974 0 0 0
cpu19 158492 17 60270 799047 845 0 39908 0 0 0
cpu20 149103 17 58292 811921 886 0 38742 0 0 0
cpu21 111747 18 44400 876241 857 0 25659 0 0 0
cpu22 103242 22 42109 888467 514 0 23567 0 0 0
cpu23 93488 22 38365 906552 609 0 20212 0 0 0
cpu24 42109 38 36225 937355 1441 0 11983 0 0 0
cpu25 46622 42 39991 918806 2528 0 13926 0 0 0
cpu26 44833 39 39142 923800 1904 0 13554 0 0 0
cpu27 38021 27 34935 929543 1508 0 19799 0 0 0
cpu28 66116 61 45446 873593 3403 0 25790 0 0 0
cpu29 69033 98 46830 865479 3673 0 26200 0 0 0
cpu30 37432 25 36244 923826 1407 0 19714 0 0 0
cpu31 40722 25 36780 937283 1042 0 12009 0 0 0
intr 2693361540 126 0 0 0 0 0 0 0 0 1 0 0 0 0 0 0 0 0 0 0 0 0 0 0 0 0 0 1 1 1 0 0 0 0 1 0 1 0 0 75045 0 0 0 0 0 0 0 0 411 0 0 0 0 0 0 0 0 87 0 0 0 0 0 0 0 0 0 0 0 0 0 0 0 279791 2 35018826 34959429 34885870 35019594 0 8837 2841 3256 1951 3449 2905 2568 2766 1852 11726 20373 11974 9132 15567 16853 11935 8136 2986 2067 1681 3186 2432 2254 1761 1838 10018 9137 6758 6972 8643 7892 7118 8657 0 0 0 0 616725 3806 1036 0 264 0 0 0 0 0 0 0 0 0 0 0 0 0 0 0 0 0 0 0 0 0 0 0 0 0 0 0 0 0 0 0 0 0 0 0 0 0 0 0 0 0 0 0 0 0 0 0 0 0 0 0 0 0 0 0 0 0 0 0 0 0 0 0 0 0 0 0 0 0 0 0 0 0 0 0 0 0 0 0 0 0 0 0 0 0 0 0 0 0 0 0 0 0 0 0 0 0 0 0 0 0 0 0 0 0 0 0 0 0 0 0 0 0 0 0 0 0 0 0 0 0 0 0 0 0 0 0 0 0 0 0 0 0 0 0 0 0 0 0 0 0 0 0 0 0 0 0 0 0 0 0 0 0 0 0 0 0 0 0 0 0 0 0 0 0 0 0 0 0 0 0 0 0 0 0 0 0 0 0 0 0 0 0 0 0 0 0 0 0 0 0 0 0 0 0 0 0 0 0 0 0 0 0 0 0 0 0 0 0 0 0 0 0 0 0 0 0 0 0 0 0 0 0 0 0 0 0 0 0 0 0 0 0 0 0 0 0 0 0 0 0 0 0 0 0 0 0 0 0 0 0 0 0 0 0 0 0 0 0 0 0 0 0 0 0 0 0 0 0 0 0 0 0 0 0 0 0 0 0 0 0 0 0 0 0 0 0 0 0 0 0 0 0 0 0 0 0 0 0 0 0 0 0 0 0 0 0 0 0 0 0 0 0 0 0 0 0 0 0 0 0 0 0 0 0 0 0 0 0 0 0 0 0 0 0 0 0 0 0 0 0 0 0 0 0 0 0 0 0 0 0 0 0 0 0 0 0 0 0 0 0 0 0 0 0 0 0 0 0 0 0 0 0 0 0 0 0 0 0 0 0 0 0 0 0 0 0 0 0 0 0 0 0 0 0 0 0 0 0 0 0 0 0 0 0 0 0 0 0 0 0 0 0 0 0 0 0 0 0 0 0 0 0 0 0 0 0 0 0 0 0 0 0 0 0 0 0 0 0 0 0 0 0 0 0 0 0 0 0 0 0 0 0 0 0 0 0 0 0 0 0 0 0 0 0 0 0 0 0 0 0 0 0 0 0 0 0 0 0 0 0 0 0 0 0 0 0 0 0 0 0 0 0 0 0 0 0 0 0 0 0 0 0 0 0 0 0 0 0 0 0 0 0 0 0 0 0 0 0 0 0 0 0 0 0 0 0 0 0 0 0 0 0 0 0 0 0 0 0 0 0 0 0 0 0 0 0 0 0 0 0 0 0 0 0 0 0 0 0 0 0 0 0 0 0 0 0 0 0 0 0 0 0 0 0 0 0 0 0 0 0 0 0 0 0 0 0 0 0 0 0 0 0 0 0 0 0 0 0 0 0 0 0 0 0 0 0 0 0 0 0 0 0 0 0 0 0 0 0 0 0 0 0 0 0 0 0 0 0 0 0 0 0 0 0 0 0 0 0 0 0 0 0 0 0 0 0 0 0 0 0 0 0 0 0 0 0 0 0 0 0 0 0 0 0 0 0 0 0 0 0 0 0 0 0 0 0 0 0 0 0 0 0 0 0 0 0 0 0 0 0 0 0 0 0 0 0 0 0 0 0 0 0 0 0 0 0 0 0 0 0 0 0 0 0 0 0 0 0 0 0 0 0 0 0 0 0 0 0 0 0 0 0 0 0 0 0 0 0 0 0 0 0 0 0 0 0 0 0 0 0 0 0 0 0 0 0 0 0 0 0 0 0 0 0 0 0 0 0 0 0 0 0 0 0 0 0 0 0 0 0 0 0 0 0 0 0 0 0 0 0 0 0 0 0 0 0 0 0 0 0 0 0 0 0 0 0 0 0 0 0 0 0 0 0 0 0 0 0 0 0 0 0 0 0 0 0 0 0 0 0 0 0 0 0 0 0 0 0 0 0 0 0 0 0 0 0 0 0 0 0 0 0 0 0 0 0 0 0 0 0 0 0 0 0 0 0 0 0 0 0 0 0 0 0 0 0 0 0 0 0 0 0 0 0 0 0 0 0 0 0 0 0 0 0 0 0 0 0 0 0 0 0 0 0 0 0 0 0 0 0 0 0 0 0 0 0 0 0 0 0 0 0 0 0 0 0 0 0 0 0 0 0 0 0 0 0 0 0 0 0 0 0 0 0 0 0 0 0 0 0 0 0 0 0 0 0 0 0 0 0 0 0 0 0 0 0 0 0 0 0 0 0 0 0 0 0 0 0 0 0 0 0 0 0 0 0 0 0 0 0 0 0 0 0 0 0 0 0 0 0 0 0 0 0 0 0 0 0 0 0 0 0 0 0 0 0 0 0 0 0 0 0 0 0 0 0 0 0 0 0 0 0 0 0 0 0 0 0 0 0 0 0 0 0 0 0 0 0 0 0 0 0 0 0 0 0 0 0 0 0 0 0 0 0 0 0 0 0 0 0 0 0 0 0 0 0 0 0 0 0 0 0 0 0 0 0 0 0 0 0 0 0 0 0 0 0 0 0 0 0 0
ctxt 4160090246
btime 1790630938
processes 271318
procs_running 16
procs_blocked 0
softirq 3855619590 73526 7222378 2752161 3764456974 293055 0 13557334 39470650 410 27793102
--
cpu  2628895 1051 1346564 28622648 47258 0 663989 0 0 0
cpu0 93761 18 37501 902582 1050 0 19992 0 0 0
cpu1 100576 23 39274 897486 862 0 20684 0 0 0
cpu2 101636 21 39457 896733 602 0 20923 0 0 0
cpu3 132168 21 52175 840714 1336 0 32255 0 0 0
cpu4 138716 23 51990 835844 791 0 32254 0 0 0
cpu5 106227 24 40670 890514 597 0 21511 0 0 0
cpu6 109303 20 41891 885465 469 0 22913 0 0 0
cpu7 111671 19 44003 879335 304 0 24705 0 0 0
cpu8 38632 34 36600 937110 1463 0 11683 0 0 0
cpu9 44145 41 39391 918475 3460 0 12506 0 0 0
cpu10 42460 37 38263 924555 1685 0 12411 0 0 0
cpu11 39286 34 35528 939019 1100 0 11339 0 0 0
cpu12 67322 111 41574 892169 4159 0 13325 0 0 0
cpu13 65141 43 42231 892208 4040 0 13610 0 0 0
cpu14 38917 33 34917 941845 1233 0 11087 0 0 0
cpu15 36476 36 32272 952573 1050 0 10133 0 0 0
cpu16 127707 17 47924 855768 621 0 28159 0 0 0
cpu17 118080 16 45995 867644 1444 0 26707 0 0 0
cpu18 114644 17 45161 873787 347 0 26130 0 0 0
cpu19 158493 17 60270 799845 845 0 39908 0 0 0
cpu20 149556 17 58480 811921 886 0 38901 0 0 0
cpu21 111765 18 44401 877021 858 0 25659 0 0 0
cpu22 103518 22 42206 888797 514 0 23663 0 0 0
cpu23 93724 22 38466 906924 609 0 20303 0 0 0
cpu24 42116 38 36260 937937 1441 0 12009 0 0 0
cpu25 46630 42 40028 919381 2528 0 13956 0 0 0
cpu26 44841 39 39183 924375 1904 0 13583 0 0 0
cpu27 38027 27 34972 930124 1508 0 19831 0 0 0
cpu28 66128 61 45490 874163 3403 0 25822 0 0 0
cpu29 69049 98 46879 866046 3673 0 26231 0 0 0
cpu30 37439 25 36284 924412 1407 0 19744 0 0 0
cpu31 40727 25 36816 937859 1051 0 12038 0 0 0
intr 2697244821 126 0 0 0 0 0 0 0 0 1 0 0 0 0 0 0 0 0 0 0 0 0 0 0 0 0 0 1 1 1 0 0 0 0 1 0 1 0 0 75045 0 0 0 0 0 0 0 0 411 0 0 0 0 0 0 0 0 87 0 0 0 0 0 0 0 0 0 0 0 0 0 0 0 280085 2 35018831 34959439 34885877 35019598 0 8845 2841 3256 1951 3449 2905 2568 2766 1852 11726 20384 11974 9132 15567 16853 11935 8137 2986 2067 1681 3186 2432 2254 1761 1838 10019 9139 6758 6972 8643 7892 7118 8657 0 0 0 0 616725 3806 1036 0 264 0 0 0 0 0 0 0 0 0 0 0 0 0 0 0 0 0 0 0 0 0 0 0 0 0 0 0 0 0 0 0 0 0 0 0 0 0 0 0 0 0 0 0 0 0 0 0 0 0 0 0 0 0 0 0 0 0 0 0 0 0 0 0 0 0 0 0 0 0 0 0 0 0 0 0 0 0 0 0 0 0 0 0 0 0 0 0 0 0 0 0 0 0 0 0 0 0 0 0 0 0 0 0 0 0 0 0 0 0 0 0 0 0 0 0 0 0 0 0 0 0 0 0 0 0 0 0 0 0 0 0 0 0 0 0 0 0 0 0 0 0 0 0 0 0 0 0 0 0 0 0 0 0 0 0 0 0 0 0 0 0 0 0 0 0 0 0 0 0 0 0 0 0 0 0 0 0 0 0 0 0 0 0 0 0 0 0 0 0 0 0 0 0 0 0 0 0 0 0 0 0 0 0 0 0 0 0 0 0 0 0 0 0 0 0 0 0 0 0 0 0 0 0 0 0 0 0 0 0 0 0 0 0 0 0 0 0 0 0 0 0 0 0 0 0 0 0 0 0 0 0 0 0 0 0 0 0 0 0 0 0 0 0 0 0 0 0 0 0 0 0 0 0 0 0 0 0 0 0 0 0 0 0 0 0 0 0 0 0 0 0 0 0 0 0 0 0 0 0 0 0 0 0 0 0 0 0 0 0 0 0 0 0 0 0 0 0 0 0 0 0 0 0 0 0 0 0 0 0 0 0 0 0 0 0 0 0 0 0 0 0 0 0 0 0 0 0 0 0 0 0 0 0 0 0 0 0 0 0 0 0 0 0 0 0 0 0 0 0 0 0 0 0 0 0 0 0 0 0 0 0 0 0 0 0 0 0 0 0 0 0 0 0 0 0 0 0 0 0 0 0 0 0 0 0 0 0 0 0 0 0 0 0 0 0 0 0 0 0 0 0 0 0 0 0 0 0 0 0 0 0 0 0 0 0 0 0 0 0 0 0 0 0 0 0 0 0 0 0 0 0 0 0 0 0 0 0 0 0 0 0 0 0 0 0 0 0 0 0 0 0 0 0 0 0 0 0 0 0 0 0 0 0 0 0 0 0 0 0 0 0 0 0 0 0 0 0 0 0 0 0 0 0 0 0 0 0 0 0 0 0 0 0 0 0 0 0 0 0 0 0 0 0 0 0 0 0 0 0 0 0 0 0 0 0 0 0 0 0 0 0 0 0 0 0 0 0 0 0 0 0 0 0 0 0 0 0 0 0 0 0 0 0 0 0 0 0 0 0 0 0 0 0 0 0 0 0 0 0 0 0 0 0 0 0 0 0 0 0 0 0 0 0 0 0 0 0 0 0 0 0 0 0 0 0 0 0 0 0 0 0 0 0 0 0 0 0 0 0 0 0 0 0 0 0 0 0 0 0 0 0 0 0 0 0 0 0 0 0 0 0 0 0 0 0 0 0 0 0 0 0 0 0 0 0 0 0 0 0 0 0 0 0 0 0 0 0 0 0 0 0 0 0 0 0 0 0 0 0 0 0 0 0 0 0 0 0 0 0 0 0 0 0 0 0 0 0 0 0 0 0 0 0 0 0 0 0 0 0 0 0 0 0 0 0 0 0 0 0 0 0 0 0 0 0 0 0 0 0 0 0 0 0 0 0 0 0 0 0 0 0 0 0 0 0 0 0 0 0 0 0 0 0 0 0 0 0 0 0 0 0 0 0 0 0 0 0 0 0 0 0 0 0 0 0 0 0 0 0 0 0 0 0 0 0 0 0 0 0 0 0 0 0 0 0 0 0 0 0 0 0 0 0 0 0 0 0 0 0 0 0 0 0 0 0 0 0 0 0 0 0 0 0 0 0 0 0 0 0 0 0 0 0 0 0 0 0 0 0 0 0 0 0 0 0 0 0 0 0 0 0 0 0 0 0 0 0 0 0 0 0 0 0 0 0 0 0 0 0 0 0 0 0 0 0 0 0 0 0 0 0 0 0 0 0 0 0 0 0 0 0 0 0 0 0 0 0 0 0 0 0 0 0 0 0 0 0 0 0 0 0 0 0 0 0 0 0 0 0 0 0 0 0 0 0 0 0 0 0 0 0 0 0 0 0 0 0 0 0 0 0 0 0 0 0 0 0 0 0 0 0 0 0 0 0 0 0 0 0 0 0 0 0 0 0 0 0 0 0 0 0 0 0 0 0 0 0 0 0 0 0 0 0 0 0 0 0 0 0 0 0 0 0 0 0 0 0 0 0 0 0 0 0 0 0 0 0 0 0 0 0 0 0 0 0 0 0 0 0 0 0 0 0 0 0 0 0 0 0 0 0 0 0 0 0 0 0 0 0 0 0 0 0 0 0 0 0 0 0 0 0 0 0 0 0 0 0 0 0 0 0 0 0 0 0 0 0 0 0 0 0 0 0 0 0 0 0 0 0 0 0 0 0 0 0 0 0 0 0 0 0 0 0 0 0 0 0 0 0 0 0 0
ctxt 4167611743
btime 1790630938
processes 271393
procs_running 13
procs_blocked 0
softirq 3865468768 73526 7226468 2752161 3774254633 293363 0 13557334 39491917 410 27818956
