Running 10s test @ http://127.0.0.1:18500/json
  16 threads and 32 connections
  Thread Stats   Avg      Stdev     Max   +/- Stdev
    Latency   126.53us   29.47us 370.00us   93.46%
    Req/Sec    15.83k     1.90k   17.24k    79.76%
  Latency Distribution
     50%  118.00us
     75%  120.00us
     90%  123.00us
     99%  240.00us
  2545532 requests in 10.10s, 429.69MB read
Requests/sec: 252035.69
Transfer/sec:     42.54MB
## server-stat
cpu  2460178 1006 1268481 27366953 46173 0 607347 0 0 0
cpu0 87108 18 35535 862273 1037 0 18549 0 0 0
cpu1 91306 22 36336 861280 851 0 18353 0 0 0
cpu2 92727 20 36756 859714 590 0 18823 0 0 0
cpu3 119699 20 48456 809345 1324 0 29130 0 0 0
cpu4 127093 22 48654 802737 787 0 29531 0 0 0
cpu5 97712 22 38115 852819 591 0 19508 0 0 0
cpu6 100018 19 39206 848731 469 0 20837 0 0 0
cpu7 98923 19 39679 849309 302 0 21054 0 0 0
cpu8 38294 32 34968 893030 1438 0 10806 0 0 0
cpu9 43723 38 37659 875257 3391 0 11583 0 0 0
cpu10 42095 35 36568 881075 1660 0 11516 0 0 0
cpu11 38996 31 34008 894661 1087 0 10521 0 0 0
cpu12 66516 109 39738 849391 4091 0 12379 0 0 0
cpu13 64308 41 40346 849589 4010 0 12665 0 0 0
cpu14 38631 31 33450 897281 1226 0 10309 0 0 0
cpu15 36219 34 30911 907493 1028 0 9381 0 0 0
cpu16 115428 16 44226 824054 585 0 25071 0 0 0
cpu17 108702 16 43168 831428 1443 0 24334 0 0 0
cpu18 105185 16 42072 838254 326 0 23437 0 0 0
cpu19 145882 17 56103 769581 818 0 36176 0 0 0
cpu20 136325 17 53940 783032 879 0 34758 0 0 0
cpu21 101674 18 41186 842343 802 0 22893 0 0 0
cpu22 94468 21 39088 852888 514 0 20931 0 0 0
cpu23 88562 20 36988 863936 596 0 19203 0 0 0
cpu24 41795 37 34674 893545 1364 0 11187 0 0 0
cpu25 46158 39 38219 875862 2482 0 13016 0 0 0
cpu26 44434 36 37444 880658 1855 0 12656 0 0 0
cpu27 37703 25 33375 885674 1488 0 18962 0 0 0
cpu28 65027 57 43230 832563 3306 0 24689 0 0 0
cpu29 67944 94 44558 824871 3451 0 25076 0 0 0
cpu30 37103 25 34617 880594 1367 0 18844 0 0 0
cpu31 40407 24 35194 893668 1000 0 11154 0 0 0
intr 2538193122 126 0 0 0 0 0 0 0 0 1 0 0 0 0 0 0 0 0 0 0 0 0 0 0 0 0 0 1 1 1 0 0 0 0 1 0 1 0 0 75045 0 0 0 0 0 0 0 0 411 0 0 0 0 0 0 0 0 87 0 0 0 0 0 0 0 0 0 0 0 0 0 0 0 269549 2 35016548 34956886 34882803 35017413 0 8430 2751 3252 1919 3402 2793 2430 2759 1682 11571 20266 11756 9107 15507 16770 11862 8095 2986 2066 1678 3150 2422 2243 1742 1741 9950 8991 6650 6935 8490 7738 7009 8609 0 0 0 0 616689 3753 1036 0 264 0 0 0 0 0 0 0 0 0 0 0 0 0 0 0 0 0 0 0 0 0 0 0 0 0 0 0 0 0 0 0 0 0 0 0 0 0 0 0 0 0 0 0 0 0 0 0 0 0 0 0 0 0 0 0 0 0 0 0 0 0 0 0 0 0 0 0 0 0 0 0 0 0 0 0 0 0 0 0 0 0 0 0 0 0 0 0 0 0 0 0 0 0 0 0 0 0 0 0 0 0 0 0 0 0 0 0 0 0 0 0 0 0 0 0 0 0 0 0 0 0 0 0 0 0 0 0 0 0 0 0 0 0 0 0 0 0 0 0 0 0 0 0 0 0 0 0 0 0 0 0 0 0 0 0 0 0 0 0 0 0 0 0 0 0 0 0 0 0 0 0 0 0 0 0 0 0 0 0 0 0 0 0 0 0 0 0 0 0 0 0 0 0 0 0 0 0 0 0 0 0 0 0 0 0 0 0 0 0 0 0 0 0 0 0 0 0 0 0 0 0 0 0 0 0 0 0 0 0 0 0 0 0 0 0 0 0 0 0 0 0 0 0 0 0 0 0 0 0 0 0 0 0 0 0 0 0 0 0 0 0 0 0 0 0 0 0 0 0 0 0 0 0 0 0 0 0 0 0 0 0 0 0 0 0 0 0 0 0 0 0 0 0 0 0 0 0 0 0 0 0 0 0 0 0 0 0 0 0 0 0 0 0 0 0 0 0 0 0 0 0 0 0 0 0 0 0 0 0 0 0 0 0 0 0 0 0 0 0 0 0 0 0 0 0 0 0 0 0 0 0 0 0 0 0 0 0 0 0 0 0 0 0 0 0 0 0 0 0 0 0 0 0 0 0 0 0 0 0 0 0 0 0 0 0 0 0 0 0 0 0 0 0 0 0 0 0 0 0 0 0 0 0 0 0 0 0 0 0 0 0 0 0 0 0 0 0 0 0 0 0 0 0 0 0 0 0 0 0 0 0 0 0 0 0 0 0 0 0 0 0 0 0 0 0 0 0 0 0 0 0 0 0 0 0 0 0 0 0 0 0 0 0 0 0 0 0 0 0 0 0 0 0 0 0 0 0 0 0 0 0 0 0 0 0 0 0 0 0 0 0 0 0 0 0 0 0 0 0 0 0 0 0 0 0 0 0 0 0 0 0 0 0 0 0 0 0 0 0 0 0 0 0 0 0 0 0 0 0 0 0 0 0 0 0 0 0 0 0 0 0 0 0 0 0 0 0 0 0 0 0 0 0 0 0 0 0 0 0 0 0 0 0 0 0 0 0 0 0 0 0 0 0 0 0 0 0 0 0 0 0 0 0 0 0 0 0 0 0 0 0 0 0 0 0 0 0 0 0 0 0 0 0 0 0 0 0 0 0 0 0 0 0 0 0 0 0 0 0 0 0 0 0 0 0 0 0 0 0 0 0 0 0 0 0 0 0 0 0 0 0 0 0 0 0 0 0 0 0 0 0 0 0 0 0 0 0 0 0 0 0 0 0 0 0 0 0 0 0 0 0 0 0 0 0 0 0 0 0 0 0 0 0 0 0 0 0 0 0 0 0 0 0 0 0 0 0 0 0 0 0 0 0 0 0 0 0 0 0 0 0 0 0 0 0 0 0 0 0 0 0 0 0 0 0 0 0 0 0 0 0 0 0 0 0 0 0 0 0 0 0 0 0 0 0 0 0 0 0 0 0 0 0 0 0 0 0 0 0 0 0 0 0 0 0 0 0 0 0 0 0 0 0 0 0 0 0 0 0 0 0 0 0 0 0 0 0 0 0 0 0 0 0 0 0 0 0 0 0 0 0 0 0 0 0 0 0 0 0 0 0 0 0 0 0 0 0 0 0 0 0 0 0 0 0 0 0 0 0 0 0 0 0 0 0 0 0 0 0 0 0 0 0 0 0 0 0 0 0 0 0 0 0 0 0 0 0 0 0 0 0 0 0 0 0 0 0 0 0 0 0 0 0 0 0 0 0 0 0 0 0 0 0 0 0 0 0 0 0 0 0 0 0 0 0 0 0 0 0 0 0 0 0 0 0 0 0 0 0 0 0 0 0 0 0 0 0 0 0 0 0 0 0 0 0 0 0 0 0 0 0 0 0 0 0 0 0 0 0 0 0 0 0 0 0 0 0 0 0 0 0 0 0 0 0 0 0 0 0 0 0 0 0 0 0 0 0 0 0 0 0 0 0 0 0 0 0 0 0 0 0 0 0 0 0 0 0 0 0 0 0 0 0 0 0 0 0 0 0 0 0 0 0 0 0 0 0 0 0 0 0 0 0 0 0 0 0 0 0 0 0 0 0 0 0 0 0 0 0 0 0 0 0 0 0 0 0 0 0 0 0 0 0 0 0 0 0 0 0 0 0 0 0 0 0 0 0 0 0 0 0 0 0 0 0 0 0 0 0 0 0 0 0 0 0 0 0 0 0 0 0 0 0 0 0 0 0 0 0 0 0 0 0 0 0 0 0 0 0 0 0 0
ctxt 3873251938
btime 1790630938
processes 260903
procs_running 6
procs_blocked 0
softirq 3524943501 73526 6917531 2752092 3437339719 282234 0 13557098 37648164 410 26372727
--
cpu  2460915 1007 1268971 27389515 46174 0 607885 0 0 0
cpu0 87108 18 35535 863062 1037 0 18549 0 0 0
cpu1 91306 22 36336 862079 851 0 18353 0 0 0
cpu2 92727 20 36756 860513 590 0 18823 0 0 0
cpu3 119818 20 48530 809866 1324 0 29216 0 0 0
cpu4 127301 22 48787 803036 787 0 29690 0 0 0
cpu5 97712 22 38115 853618 591 0 19508 0 0 0
cpu6 100018 19 39206 849530 469 0 20837 0 0 0
cpu7 98923 19 39679 850108 302 0 21054 0 0 0
cpu8 38295 32 34971 893764 1439 0 10807 0 0 0
cpu9 43726 39 37664 875954 3391 0 11585 0 0 0
cpu10 42097 35 36575 881758 1660 0 11518 0 0 0
cpu11 38998 31 34011 895386 1087 0 10522 0 0 0
cpu12 66524 109 39749 850045 4091 0 12385 0 0 0
cpu13 64313 41 40354 850226 4010 0 12669 0 0 0
cpu14 38632 31 33454 897968 1226 0 10310 0 0 0
cpu15 36220 34 30915 908206 1028 0 9382 0 0 0
cpu16 115428 16 44226 824853 585 0 25071 0 0 0
cpu17 108702 16 43168 832226 1443 0 24334 0 0 0
cpu18 105185 16 42072 839053 326 0 23437 0 0 0
cpu19 146105 17 56233 769860 818 0 36343 0 0 0
cpu20 136451 17 54017 783533 879 0 34853 0 0 0
cpu21 101674 18 41186 843142 802 0 22893 0 0 0
cpu22 94468 21 39088 853687 514 0 20931 0 0 0
cpu23 88563 20 36988 864735 596 0 19203 0 0 0
cpu24 41797 37 34676 894281 1364 0 11188 0 0 0
cpu25 46163 39 38222 876570 2482 0 13018 0 0 0
cpu26 44436 36 37448 881390 1855 0 12657 0 0 0
cpu27 37705 25 33377 886433 1488 0 18962 0 0 0
cpu28 65042 57 43237 833264 3306 0 24691 0 0 0
cpu29 67952 94 44567 825556 3451 0 25080 0 0 0
cpu30 37106 25 34619 881354 1367 0 18845 0 0 0
cpu31 40408 24 35195 894441 1000 0 11154 0 0 0
intr 2540179157 126 0 0 0 0 0 0 0 0 1 0 0 0 0 0 0 0 0 0 0 0 0 0 0 0 0 0 1 1 1 0 0 0 0 1 0 1 0 0 75045 0 0 0 0 0 0 0 0 411 0 0 0 0 0 0 0 0 87 0 0 0 0 0 0 0 0 0 0 0 0 0 0 0 269549 2 35016580 34956894 34882829 35017440 0 8434 2751 3252 1919 3402 2793 2430 2759 1682 11571 20266 11756 9107 15507 16770 11862 8095 2986 2066 1678 3150 2422 2243 1742 1741 9951 8991 6650 6935 8490 7738 7009 8612 0 0 0 0 616689 3753 1036 0 264 0 0 0 0 0 0 0 0 0 0 0 0 0 0 0 0 0 0 0 0 0 0 0 0 0 0 0 0 0 0 0 0 0 0 0 0 0 0 0 0 0 0 0 0 0 0 0 0 0 0 0 0 0 0 0 0 0 0 0 0 0 0 0 0 0 0 0 0 0 0 0 0 0 0 0 0 0 0 0 0 0 0 0 0 0 0 0 0 0 0 0 0 0 0 0 0 0 0 0 0 0 0 0 0 0 0 0 0 0 0 0 0 0 0 0 0 0 0 0 0 0 0 0 0 0 0 0 0 0 0 0 0 0 0 0 0 0 0 0 0 0 0 0 0 0 0 0 0 0 0 0 0 0 0 0 0 0 0 0 0 0 0 0 0 0 0 0 0 0 0 0 0 0 0 0 0 0 0 0 0 0 0 0 0 0 0 0 0 0 0 0 0 0 0 0 0 0 0 0 0 0 0 0 0 0 0 0 0 0 0 0 0 0 0 0 0 0 0 0 0 0 0 0 0 0 0 0 0 0 0 0 0 0 0 0 0 0 0 0 0 0 0 0 0 0 0 0 0 0 0 0 0 0 0 0 0 0 0 0 0 0 0 0 0 0 0 0 0 0 0 0 0 0 0 0 0 0 0 0 0 0 0 0 0 0 0 0 0 0 0 0 0 0 0 0 0 0 0 0 0 0 0 0 0 0 0 0 0 0 0 0 0 0 0 0 0 0 0 0 0 0 0 0 0 0 0 0 0 0 0 0 0 0 0 0 0 0 0 0 0 0 0 0 0 0 0 0 0 0 0 0 0 0 0 0 0 0 0 0 0 0 0 0 0 0 0 0 0 0 0 0 0 0 0 0 0 0 0 0 0 0 0 0 0 0 0 0 0 0 0 0 0 0 0 0 0 0 0 0 0 0 0 0 0 0 0 0 0 0 0 0 0 0 0 0 0 0 0 0 0 0 0 0 0 0 0 0 0 0 0 0 0 0 0 0 0 0 0 0 0 0 0 0 0 0 0 0 0 0 0 0 0 0 0 0 0 0 0 0 0 0 0 0 0 0 0 0 0 0 0 0 0 0 0 0 0 0 0 0 0 0 0 0 0 0 0 0 0 0 0 0 0 0 0 0 0 0 0 0 0 0 0 0 0 0 0 0 0 0 0 0 0 0 0 0 0 0 0 0 0 0 0 0 0 0 0 0 0 0 0 0 0 0 0 0 0 0 0 0 0 0 0 0 0 0 0 0 0 0 0 0 0 0 0 0 0 0 0 0 0 0 0 0 0 0 0 0 0 0 0 0 0 0 0 0 0 0 0 0 0 0 0 0 0 0 0 0 0 0 0 0 0 0 0 0 0 0 0 0 0 0 0 0 0 0 0 0 0 0 0 0 0 0 0 0 0 0 0 0 0 0 0 0 0 0 0 0 0 0 0 0 0 0 0 0 0 0 0 0 0 0 0 0 0 0 0 0 0 0 0 0 0 0 0 0 0 0 0 0 0 0 0 0 0 0 0 0 0 0 0 0 0 0 0 0 0 0 0 0 0 0 0 0 0 0 0 0 0 0 0 0 0 0 0 0 0 0 0 0 0 0 0 0 0 0 0 0 0 0 0 0 0 0 0 0 0 0 0 0 0 0 0 0 0 0 0 0 0 0 0 0 0 0 0 0 0 0 0 0 0 0 0 0 0 0 0 0 0 0 0 0 0 0 0 0 0 0 0 0 0 0 0 0 0 0 0 0 0 0 0 0 0 0 0 0 0 0 0 0 0 0 0 0 0 0 0 0 0 0 0 0 0 0 0 0 0 0 0 0 0 0 0 0 0 0 0 0 0 0 0 0 0 0 0 0 0 0 0 0 0 0 0 0 0 0 0 0 0 0 0 0 0 0 0 0 0 0 0 0 0 0 0 0 0 0 0 0 0 0 0 0 0 0 0 0 0 0 0 0 0 0 0 0 0 0 0 0 0 0 0 0 0 0 0 0 0 0 0 0 0 0 0 0 0 0 0 0 0 0 0 0 0 0 0 0 0 0 0 0 0 0 0 0 0 0 0 0 0 0 0 0 0 0 0 0 0 0 0 0 0 0 0 0 0 0 0 0 0 0 0 0 0 0 0 0 0 0 0 0 0 0 0 0 0 0 0 0 0 0 0 0 0 0 0 0 0 0 0 0 0 0 0 0 0 0 0 0 0 0 0 0 0 0 0 0 0 0 0 0 0 0 0 0 0 0 0 0 0 0 0 0 0 0 0 0 0 0 0 0 0 0 0 0 0 0 0 0 0 0 0 0 0 0 0 0 0 0 0 0 0 0 0 0 0 0 0 0 0 0 0 0 0 0 0 0 0 0 0 0 0 0 0 0 0 0 0 0 0 0 0 0 0 0 0 0 0 0 0 0 0 0 0 0 0 0 0 0 0 0 0 0 0 0 0 0 0 0 0 0 0 0 0 0 0 0 0 0 0 0 0 0 0 0 0 0 0 0 0 0 0 0 0
ctxt 3877237623
btime 1790630938
processes 260949
procs_running 5
procs_blocked 0
softirq 3528995987 73526 6920056 2752092 3441372057 282238 0 13557098 37658989 410 26379521
