Running 10s test @ http://127.0.0.1:18500/page
  16 threads and 32 connections
  Thread Stats   Avg      Stdev     Max   +/- Stdev
    Latency   552.38us    6.14us   1.13ms   86.99%
    Req/Sec     3.63k    16.94     3.68k    67.88%
  Latency Distribution
     50%  552.00us
     75%  555.00us
     90%  557.00us
     99%  563.00us
  584479 requests in 10.10s, 5.62GB read
Requests/sec:  57870.18
Transfer/sec:    569.55MB
## server-stat
cpu  2431684 990 1259478 26798377 45601 0 600927 0 0 0
cpu0 85933 18 35212 844837 1035 0 18330 0 0 0
cpu1 90239 22 36012 843561 848 0 18149 0 0 0
cpu2 91779 19 36452 841801 590 0 18651 0 0 0
cpu3 116683 20 47634 794557 1324 0 28436 0 0 0
cpu4 124024 22 47694 788295 786 0 28649 0 0 0
cpu5 96824 22 37806 834819 584 0 19340 0 0 0
cpu6 99230 19 38923 830522 463 0 20697 0 0 0
cpu7 98225 18 39428 830890 301 0 20922 0 0 0
cpu8 38253 31 34910 874048 1433 0 10767 0 0 0
cpu9 43643 37 37563 856872 3337 0 11527 0 0 0
cpu10 42043 34 36472 862675 1607 0 11461 0 0 0
cpu11 38959 30 33944 875806 1058 0 10483 0 0 0
cpu12 66202 107 39547 831631 4071 0 12278 0 0 0
cpu13 64049 40 40147 831971 3959 0 12565 0 0 0
cpu14 38587 31 33359 878757 1219 0 10254 0 0 0
cpu15 36188 33 30852 888613 1020 0 9345 0 0 0
cpu16 114022 16 43933 806519 585 0 24908 0 0 0
cpu17 107622 16 42886 813615 1442 0 24167 0 0 0
cpu18 104265 16 41797 820223 324 0 23282 0 0 0
cpu19 141179 17 54855 757297 818 0 35023 0 0 0
cpu20 131648 17 52848 770398 879 0 33795 0 0 0
cpu21 100821 17 40918 824239 799 0 22746 0 0 0
cpu22 93702 20 38821 834615 497 0 20802 0 0 0
cpu23 87853 20 36741 845484 595 0 19091 0 0 0
cpu24 41753 35 34620 874513 1361 0 11150 0 0 0
cpu25 46094 39 38146 857048 2434 0 12972 0 0 0
cpu26 44385 35 37383 861617 1851 0 12620 0 0 0
cpu27 37674 25 33331 866395 1485 0 18931 0 0 0
cpu28 64673 57 43109 814103 3261 0 24630 0 0 0
cpu29 67676 94 44405 806725 3318 0 25006 0 0 0
cpu30 37066 24 34564 861521 1335 0 18809 0 0 0
cpu31 40375 23 35151 874395 965 0 11126 0 0 0
intr 2499168590 126 0 0 0 0 0 0 0 0 1 0 0 0 0 0 0 0 0 0 0 0 0 0 0 0 0 0 1 1 1 0 0 0 0 1 0 1 0 0 75045 0 0 0 0 0 0 0 0 411 0 0 0 0 0 0 0 0 87 0 0 0 0 0 0 0 0 0 0 0 0 0 0 0 265067 2 35015786 34955680 34882177 35016791 0 8267 2748 3250 1919 3401 2792 2430 2757 1682 11522 20247 11704 9084 15371 16682 11823 8053 2985 2063 1677 3150 2422 2220 1742 1741 9861 8883 6644 6844 8470 7699 7002 8527 0 0 0 0 616677 3735 1036 0 264 0 0 0 0 0 0 0 0 0 0 0 0 0 0 0 0 0 0 0 0 0 0 0 0 0 0 0 0 0 0 0 0 0 0 0 0 0 0 0 0 0 0 0 0 0 0 0 0 0 0 0 0 0 0 0 0 0 0 0 0 0 0 0 0 0 0 0 0 0 0 0 0 0 0 0 0 0 0 0 0 0 0 0 0 0 0 0 0 0 0 0 0 0 0 0 0 0 0 0 0 0 0 0 0 0 0 0 0 0 0 0 0 0 0 0 0 0 0 0 0 0 0 0 0 0 0 0 0 0 0 0 0 0 0 0 0 0 0 0 0 0 0 0 0 0 0 0 0 0 0 0 0 0 0 0 0 0 0 0 0 0 0 0 0 0 0 0 0 0 0 0 0 0 0 0 0 0 0 0 0 0 0 0 0 0 0 0 0 0 0 0 0 0 0 0 0 0 0 0 0 0 0 0 0 0 0 0 0 0 0 0 0 0 0 0 0 0 0 0 0 0 0 0 0 0 0 0 0 0 0 0 0 0 0 0 0 0 0 0 0 0 0 0 0 0 0 0 0 0 0 0 0 0 0 0 0 0 0 0 0 0 0 0 0 0 0 0 0 0 0 0 0 0 0 0 0 0 0 0 0 0 0 0 0 0 0 0 0 0 0 0 0 0 0 0 0 0 0 0 0 0 0 0 0 0 0 0 0 0 0 0 0 0 0 0 0 0 0 0 0 0 0 0 0 0 0 0 0 0 0 0 0 0 0 0 0 0 0 0 0 0 0 0 0 0 0 0 0 0 0 0 0 0 0 0 0 0 0 0 0 0 0 0 0 0 0 0 0 0 0 0 0 0 0 0 0 0 0 0 0 0 0 0 0 0 0 0 0 0 0 0 0 0 0 0 0 0 0 0 0 0 0 0 0 0 0 0 0 0 0 0 0 0 0 0 0 0 0 0 0 0 0 0 0 0 0 0 0 0 0 0 0 0 0 0 0 0 0 0 0 0 0 0 0 0 0 0 0 0 0 0 0 0 0 0 0 0 0 0 0 0 0 0 0 0 0 0 0 0 0 0 0 0 0 0 0 0 0 0 0 0 0 0 0 0 0 0 0 0 0 0 0 0 0 0 0 0 0 0 0 0 0 0 0 0 0 0 0 0 0 0 0 0 0 0 0 0 0 0 0 0 0 0 0 0 0 0 0 0 0 0 0 0 0 0 0 0 0 0 0 0 0 0 0 0 0 0 0 0 0 0 0 0 0 0 0 0 0 0 0 0 0 0 0 0 0 0 0 0 0 0 0 0 0 0 0 0 0 0 0 0 0 0 0 0 0 0 0 0 0 0 0 0 0 0 0 0 0 0 0 0 0 0 0 0 0 0 0 0 0 0 0 0 0 0 0 0 0 0 0 0 0 0 0 0 0 0 0 0 0 0 0 0 0 0 0 0 0 0 0 0 0 0 0 0 0 0 0 0 0 0 0 0 0 0 0 0 0 0 0 0 0 0 0 0 0 0 0 0 0 0 0 0 0 0 0 0 0 0 0 0 0 0 0 0 0 0 0 0 0 0 0 0 0 0 0 0 0 0 0 0 0 0 0 0 0 0 0 0 0 0 0 0 0 0 0 0 0 0 0 0 0 0 0 0 0 0 0 0 0 0 0 0 0 0 0 0 0 0 0 0 0 0 0 0 0 0 0 0 0 0 0 0 0 0 0 0 0 0 0 0 0 0 0 0 0 0 0 0 0 0 0 0 0 0 0 0 0 0 0 0 0 0 0 0 0 0 0 0 0 0 0 0 0 0 0 0 0 0 0 0 0 0 0 0 0 0 0 0 0 0 0 0 0 0 0 0 0 0 0 0 0 0 0 0 0 0 0 0 0 0 0 0 0 0 0 0 0 0 0 0 0 0 0 0 0 0 0 0 0 0 0 0 0 0 0 0 0 0 0 0 0 0 0 0 0 0 0 0 0 0 0 0 0 0 0 0 0 0 0 0 0 0 0 0 0 0 0 0 0 0 0 0 0 0 0 0 0 0 0 0 0 0 0 0 0 0 0 0 0 0 0 0 0 0 0 0 0 0 0 0 0 0 0 0 0 0 0 0 0 0 0 0 0 0 0 0 0 0 0 0 0 0 0 0 0 0 0 0 0 0 0 0 0 0 0 0 0 0 0 0 0 0 0 0 0 0 0 0 0 0 0 0 0 0 0 0 0 0 0 0 0 0 0 0 0 0 0 0 0 0 0 0 0 0 0 0 0 0 0 0 0 0 0 0 0 0 0 0 0 0 0 0 0 0 0 0 0 0 0 0 0 0 0 0 0 0 0 0 0 0 0 0 0 0 0 0 0 0 0 0 0 0 0 0 0 0 0 0 0 0 0 0 0 0 0 0 0 0 0 0 0 0 0 0 0 0 0 0 0 0 0 0 0 0 0 0 0 0 0 0 0 0 0 0 0 0 0 0 0 0 0 0 0 0 0 0 0 0 0 0 0
ctxt 3799293445
btime 1790630938
processes 256726
procs_running 4
procs_blocked 0
softirq 3475218958 73526 6807583 2752065 3388455788 277496 0 13557003 37244932 410 26050155
--
cpu  2433028 991 1259693 26821916 45616 0 601077 0 0 0
cpu0 85939 18 35212 845622 1035 0 18330 0 0 0
cpu1 90240 22 36012 844360 848 0 18149 0 0 0
cpu2 91779 19 36452 842600 590 0 18651 0 0 0
cpu3 117069 20 47694 794868 1324 0 28478 0 0 0
cpu4 124074 22 47701 789033 786 0 28655 0 0 0
cpu5 96824 22 37806 835618 584 0 19340 0 0 0
cpu6 99230 19 38923 831321 463 0 20697 0 0 0
cpu7 98225 18 39428 831689 301 0 20922 0 0 0
cpu8 38255 32 34911 874823 1433 0 10768 0 0 0
cpu9 43645 37 37565 857629 3337 0 11529 0 0 0
cpu10 42045 34 36474 863430 1607 0 11462 0 0 0
cpu11 38959 30 33944 876590 1058 0 10483 0 0 0
cpu12 66208 107 39551 832366 4071 0 12282 0 0 0
cpu13 64061 40 40150 832702 3959 0 12568 0 0 0
cpu14 38588 31 33361 879519 1219 0 10255 0 0 0
cpu15 36188 33 30853 889388 1020 0 9346 0 0 0
cpu16 114023 16 43933 807318 585 0 24908 0 0 0
cpu17 107625 16 42886 814411 1442 0 24167 0 0 0
cpu18 104265 16 41797 821022 324 0 23282 0 0 0
cpu19 141423 17 54895 757785 818 0 35051 0 0 0
cpu20 132236 17 52935 770462 879 0 33855 0 0 0
cpu21 100822 17 40918 825037 799 0 22746 0 0 0
cpu22 93702 20 38821 835414 497 0 20802 0 0 0
cpu23 87853 20 36741 846283 595 0 19091 0 0 0
cpu24 41756 35 34620 875304 1361 0 11150 0 0 0
cpu25 46096 39 38147 857833 2434 0 12972 0 0 0
cpu26 44385 35 37383 862416 1851 0 12620 0 0 0
cpu27 37676 25 33331 867190 1485 0 18931 0 0 0
cpu28 64698 57 43110 814874 3261 0 24630 0 0 0
cpu29 67683 94 44407 807485 3332 0 25007 0 0 0
cpu30 37067 24 34564 862313 1335 0 18809 0 0 0
cpu31 40376 23 35152 875194 965 0 11126 0 0 0
intr 2499717286 126 0 0 0 0 0 0 0 0 1 0 0 0 0 0 0 0 0 0 0 0 0 0 0 0 0 0 1 1 1 0 0 0 0 1 0 1 0 0 75045 0 0 0 0 0 0 0 0 411 0 0 0 0 0 0 0 0 87 0 0 0 0 0 0 0 0 0 0 0 0 0 0 0 265199 2 35015802 34955737 34882193 35016810 0 8271 2748 3250 1919 3401 2792 2430 2757 1682 11522 20248 11704 9084 15373 16682 11824 8053 2985 2063 1677 3150 2422 2220 1742 1741 9861 8886 6644 6844 8472 7699 7002 8527 0 0 0 0 616677 3735 1036 0 264 0 0 0 0 0 0 0 0 0 0 0 0 0 0 0 0 0 0 0 0 0 0 0 0 0 0 0 0 0 0 0 0 0 0 0 0 0 0 0 0 0 0 0 0 0 0 0 0 0 0 0 0 0 0 0 0 0 0 0 0 0 0 0 0 0 0 0 0 0 0 0 0 0 0 0 0 0 0 0 0 0 0 0 0 0 0 0 0 0 0 0 0 0 0 0 0 0 0 0 0 0 0 0 0 0 0 0 0 0 0 0 0 0 0 0 0 0 0 0 0 0 0 0 0 0 0 0 0 0 0 0 0 0 0 0 0 0 0 0 0 0 0 0 0 0 0 0 0 0 0 0 0 0 0 0 0 0 0 0 0 0 0 0 0 0 0 0 0 0 0 0 0 0 0 0 0 0 0 0 0 0 0 0 0 0 0 0 0 0 0 0 0 0 0 0 0 0 0 0 0 0 0 0 0 0 0 0 0 0 0 0 0 0 0 0 0 0 0 0 0 0 0 0 0 0 0 0 0 0 0 0 0 0 0 0 0 0 0 0 0 0 0 0 0 0 0 0 0 0 0 0 0 0 0 0 0 0 0 0 0 0 0 0 0 0 0 0 0 0 0 0 0 0 0 0 0 0 0 0 0 0 0 0 0 0 0 0 0 0 0 0 0 0 0 0 0 0 0 0 0 0 0 0 0 0 0 0 0 0 0 0 0 0 0 0 0 0 0 0 0 0 0 0 0 0 0 0 0 0 0 0 0 0 0 0 0 0 0 0 0 0 0 0 0 0 0 0 0 0 0 0 0 0 0 0 0 0 0 0 0 0 0 0 0 0 0 0 0 0 0 0 0 0 0 0 0 0 0 0 0 0 0 0 0 0 0 0 0 0 0 0 0 0 0 0 0 0 0 0 0 0 0 0 0 0 0 0 0 0 0 0 0 0 0 0 0 0 0 0 0 0 0 0 0 0 0 0 0 0 0 0 0 0 0 0 0 0 0 0 0 0 0 0 0 0 0 0 0 0 0 0 0 0 0 0 0 0 0 0 0 0 0 0 0 0 0 0 0 0 0 0 0 0 0 0 0 0 0 0 0 0 0 0 0 0 0 0 0 0 0 0 0 0 0 0 0 0 0 0 0 0 0 0 0 0 0 0 0 0 0 0 0 0 0 0 0 0 0 0 0 0 0 0 0 0 0 0 0 0 0 0 0 0 0 0 0 0 0 0 0 0 0 0 0 0 0 0 0 0 0 0 0 0 0 0 0 0 0 0 0 0 0 0 0 0 0 0 0 0 0 0 0 0 0 0 0 0 0 0 0 0 0 0 0 0 0 0 0 0 0 0 0 0 0 0 0 0 0 0 0 0 0 0 0 0 0 0 0 0 0 0 0 0 0 0 0 0 0 0 0 0 0 0 0 0 0 0 0 0 0 0 0 0 0 0 0 0 0 0 0 0 0 0 0 0 0 0 0 0 0 0 0 0 0 0 0 0 0 0 0 0 0 0 0 0 0 0 0 0 0 0 0 0 0 0 0 0 0 0 0 0 0 0 0 0 0 0 0 0 0 0 0 0 0 0 0 0 0 0 0 0 0 0 0 0 0 0 0 0 0 0 0 0 0 0 0 0 0 0 0 0 0 0 0 0 0 0 0 0 0 0 0 0 0 0 0 0 0 0 0 0 0 0 0 0 0 0 0 0 0 0 0 0 0 0 0 0 0 0 0 0 0 0 0 0 0 0 0 0 0 0 0 0 0 0 0 0 0 0 0 0 0 0 0 0 0 0 0 0 0 0 0 0 0 0 0 0 0 0 0 0 0 0 0 0 0 0 0 0 0 0 0 0 0 0 0 0 0 0 0 0 0 0 0 0 0 0 0 0 0 0 0 0 0 0 0 0 0 0 0 0 0 0 0 0 0 0 0 0 0 0 0 0 0 0 0 0 0 0 0 0 0 0 0 0 0 0 0 0 0 0 0 0 0 0 0 0 0 0 0 0 0 0 0 0 0 0 0 0 0 0 0 0 0 0 0 0 0 0 0 0 0 0 0 0 0 0 0 0 0 0 0 0 0 0 0 0 0 0 0 0 0 0 0 0 0 0 0 0 0 0 0 0 0 0 0 0 0 0 0 0 0 0 0 0 0 0 0 0 0 0 0 0 0 0 0 0 0 0 0 0 0 0 0 0 0 0 0 0 0 0 0 0 0 0 0 0 0 0 0 0 0 0 0 0 0 0 0 0 0 0 0 0 0 0 0 0 0 0 0 0 0 0 0 0 0 0 0 0 0 0 0 0 0 0 0 0 0 0 0 0 0 0 0 0 0 0 0 0 0 0 0 0 0 0 0 0 0 0 0 0 0 0 0 0 0 0 0 0 0 0 0 0 0 0 0 0 0 0 0 0 0 0 0 0 0 0 0 0 0 0 0 0 0 0 0 0 0 0 0 0 0 0 0 0 0 0 0 0 0 0 0 0 0 0 0 0 0 0 0 0 0
ctxt 3800276427
btime 1790630938
processes 256759
procs_running 4
procs_blocked 0
softirq 3476166290 73526 6810449 2752065 3389381981 277635 0 13557003 37255529 410 26057692
