Running 10s test @ http://127.0.0.1:18500/wait
  16 threads and 32 connections
  Thread Stats   Avg      Stdev     Max   +/- Stdev
    Latency   161.21ms    6.11ms 248.88ms   98.48%
    Req/Sec    13.78      4.94    20.00     60.91%
  Latency Distribution
     50%  161.00ms
     75%  161.03ms
     90%  161.08ms
     99%  161.17ms
  1972 requests in 10.10s, 333.16KB read
Requests/sec:    195.24
Transfer/sec:     32.99KB
## server-stat
cpu  2455768 1003 1266762 27242928 46075 0 605735 0 0 0
cpu0 86953 18 35508 858329 1035 0 18522 0 0 0
cpu1 91226 22 36318 857206 851 0 18338 0 0 0
cpu2 92666 20 36742 855613 590 0 18813 0 0 0
cpu3 119289 20 48343 805762 1324 0 29011 0 0 0
cpu4 126350 22 48376 799838 787 0 29225 0 0 0
cpu5 97663 22 38102 848697 591 0 19499 0 0 0
cpu6 99976 19 39192 844602 469 0 20830 0 0 0
cpu7 98893 18 39669 845147 302 0 21047 0 0 0
cpu8 38284 32 34957 888938 1437 0 10802 0 0 0
cpu9 43702 38 37635 871294 3391 0 11574 0 0 0
cpu10 42085 35 36542 877168 1649 0 11504 0 0 0
cpu11 38987 31 33995 890642 1085 0 10516 0 0 0
cpu12 66476 108 39691 845591 4089 0 12352 0 0 0
cpu13 64257 41 40296 845837 4008 0 12644 0 0 0
cpu14 38623 31 33429 893312 1226 0 10298 0 0 0
cpu15 36210 34 30900 903459 1028 0 9374 0 0 0
cpu16 115322 16 44205 819997 585 0 25059 0 0 0
cpu17 108644 16 43152 827321 1443 0 24323 0 0 0
cpu18 105141 16 42060 834128 325 0 23430 0 0 0
cpu19 144591 17 55625 767667 818 0 35629 0 0 0
cpu20 135436 17 53624 780366 879 0 34409 0 0 0
cpu21 101639 18 41175 838194 802 0 22885 0 0 0
cpu22 94437 21 39076 848748 498 0 20925 0 0 0
cpu23 88535 20 36979 859768 596 0 19197 0 0 0
cpu24 41784 36 34662 889505 1364 0 11181 0 0 0
cpu25 46137 39 38197 871920 2454 0 13005 0 0 0
cpu26 44422 36 37428 876613 1854 0 12647 0 0 0
cpu27 37697 25 33367 881544 1487 0 18958 0 0 0
cpu28 64919 57 43195 828663 3305 0 24676 0 0 0
cpu29 67910 94 44515 821034 3425 0 25056 0 0 0
cpu30 37098 25 34605 876503 1367 0 18839 0 0 0
cpu31 40404 24 35188 889508 996 0 11151 0 0 0
intr 2531030552 126 0 0 0 0 0 0 0 0 1 0 0 0 0 0 0 0 0 0 0 0 0 0 0 0 0 0 1 1 1 0 0 0 0 1 0 1 0 0 75045 0 0 0 0 0 0 0 0 411 0 0 0 0 0 0 0 0 87 0 0 0 0 0 0 0 0 0 0 0 0 0 0 0 268779 2 35016366 34956653 34882672 35017268 0 8389 2750 3252 1919 3402 2793 2430 2759 1682 11565 20259 11713 9092 15505 16766 11862 8094 2986 2064 1677 3150 2422 2243 1742 1741 9950 8986 6649 6934 8486 7719 7008 8545 0 0 0 0 616689 3750 1036 0 264 0 0 0 0 0 0 0 0 0 0 0 0 0 0 0 0 0 0 0 0 0 0 0 0 0 0 0 0 0 0 0 0 0 0 0 0 0 0 0 0 0 0 0 0 0 0 0 0 0 0 0 0 0 0 0 0 0 0 0 0 0 0 0 0 0 0 0 0 0 0 0 0 0 0 0 0 0 0 0 0 0 0 0 0 0 0 0 0 0 0 0 0 0 0 0 0 0 0 0 0 0 0 0 0 0 0 0 0 0 0 0 0 0 0 0 0 0 0 0 0 0 0 0 0 0 0 0 0 0 0 0 0 0 0 0 0 0 0 0 0 0 0 0 0 0 0 0 0 0 0 0 0 0 0 0 0 0 0 0 0 0 0 0 0 0 0 0 0 0 0 0 0 0 0 0 0 0 0 0 0 0 0 0 0 0 0 0 0 0 0 0 0 0 0 0 0 0 0 0 0 0 0 0 0 0 0 0 0 0 0 0 0 0 0 0 0 0 0 0 0 0 0 0 0 0 0 0 0 0 0 0 0 0 0 0 0 0 0 0 0 0 0 0 0 0 0 0 0 0 0 0 0 0 0 0 0 0 0 0 0 0 0 0 0 0 0 0 0 0 0 0 0 0 0 0 0 0 0 0 0 0 0 0 0 0 0 0 0 0 0 0 0 0 0 0 0 0 0 0 0 0 0 0 0 0 0 0 0 0 0 0 0 0 0 0 0 0 0 0 0 0 0 0 0 0 0 0 0 0 0 0 0 0 0 0 0 0 0 0 0 0 0 0 0 0 0 0 0 0 0 0 0 0 0 0 0 0 0 0 0 0 0 0 0 0 0 0 0 0 0 0 0 0 0 0 0 0 0 0 0 0 0 0 0 0 0 0 0 0 0 0 0 0 0 0 0 0 0 0 0 0 0 0 0 0 0 0 0 0 0 0 0 0 0 0 0 0 0 0 0 0 0 0 0 0 0 0 0 0 0 0 0 0 0 0 0 0 0 0 0 0 0 0 0 0 0 0 0 0 0 0 0 0 0 0 0 0 0 0 0 0 0 0 0 0 0 0 0 0 0 0 0 0 0 0 0 0 0 0 0 0 0 0 0 0 0 0 0 0 0 0 0 0 0 0 0 0 0 0 0 0 0 0 0 0 0 0 0 0 0 0 0 0 0 0 0 0 0 0 0 0 0 0 0 0 0 0 0 0 0 0 0 0 0 0 0 0 0 0 0 0 0 0 0 0 0 0 0 0 0 0 0 0 0 0 0 0 0 0 0 0 0 0 0 0 0 0 0 0 0 0 0 0 0 0 0 0 0 0 0 0 0 0 0 0 0 0 0 0 0 0 0 0 0 0 0 0 0 0 0 0 0 0 0 0 0 0 0 0 0 0 0 0 0 0 0 0 0 0 0 0 0 0 0 0 0 0 0 0 0 0 0 0 0 0 0 0 0 0 0 0 0 0 0 0 0 0 0 0 0 0 0 0 0 0 0 0 0 0 0 0 0 0 0 0 0 0 0 0 0 0 0 0 0 0 0 0 0 0 0 0 0 0 0 0 0 0 0 0 0 0 0 0 0 0 0 0 0 0 0 0 0 0 0 0 0 0 0 0 0 0 0 0 0 0 0 0 0 0 0 0 0 0 0 0 0 0 0 0 0 0 0 0 0 0 0 0 0 0 0 0 0 0 0 0 0 0 0 0 0 0 0 0 0 0 0 0 0 0 0 0 0 0 0 0 0 0 0 0 0 0 0 0 0 0 0 0 0 0 0 0 0 0 0 0 0 0 0 0 0 0 0 0 0 0 0 0 0 0 0 0 0 0 0 0 0 0 0 0 0 0 0 0 0 0 0 0 0 0 0 0 0 0 0 0 0 0 0 0 0 0 0 0 0 0 0 0 0 0 0 0 0 0 0 0 0 0 0 0 0 0 0 0 0 0 0 0 0 0 0 0 0 0 0 0 0 0 0 0 0 0 0 0 0 0 0 0 0 0 0 0 0 0 0 0 0 0 0 0 0 0 0 0 0 0 0 0 0 0 0 0 0 0 0 0 0 0 0 0 0 0 0 0 0 0 0 0 0 0 0 0 0 0 0 0 0 0 0 0 0 0 0 0 0 0 0 0 0 0 0 0 0 0 0 0 0 0 0 0 0 0 0 0 0 0 0 0 0 0 0 0 0 0 0 0 0 0 0 0 0 0 0 0 0 0 0 0 0 0 0 0 0 0 0 0 0 0 0 0 0 0 0 0 0 0 0 0 0 0 0 0 0 0 0 0 0 0 0 0 0 0 0 0 0 0 0 0 0 0 0 0 0 0 0 0 0 0 0 0 0 0 0 0 0 0 0 0 0 0 0 0 0 0 0 0 0 0 0 0 0 0 0 0 0 0 0 0 0 0 0 0 0 0 0 0 0 0 0 0 0 0 0 0 0 0 0 0 0 0 0 0 0 0 0 0 0 0 0 0 0 0 0 0 0 0 0 0 0 0 0 0 0
ctxt 3858974119
btime 1790630938
processes 260013
procs_running 1
procs_blocked 0
softirq 3512997212 73526 6893775 2752086 3425534786 281409 0 13557081 37584370 410 26319769
--
cpu  2455825 1003 1266771 27268415 46090 0 605736 0 0 0
cpu0 86954 18 35508 859127 1035 0 18523 0 0 0
cpu1 91226 22 36318 858005 851 0 18338 0 0 0
cpu2 92666 20 36742 856412 590 0 18813 0 0 0
cpu3 119289 20 48343 806561 1324 0 29011 0 0 0
cpu4 126351 22 48376 800637 787 0 29225 0 0 0
cpu5 97663 22 38102 849496 591 0 19499 0 0 0
cpu6 99976 19 39193 845401 469 0 20830 0 0 0
cpu7 98893 18 39669 845946 302 0 21047 0 0 0
cpu8 38284 32 34958 889736 1437 0 10802 0 0 0
cpu9 43702 38 37636 872092 3391 0 11574 0 0 0
cpu10 42085 35 36542 877966 1649 0 11504 0 0 0
cpu11 38987 31 33995 891440 1085 0 10516 0 0 0
cpu12 66477 108 39693 846384 4089 0 12352 0 0 0
cpu13 64263 41 40297 846628 4009 0 12644 0 0 0
cpu14 38623 31 33429 894110 1226 0 10298 0 0 0
cpu15 36210 34 30900 904257 1028 0 9374 0 0 0
cpu16 115322 16 44205 820797 585 0 25059 0 0 0
cpu17 108644 16 43152 828117 1443 0 24323 0 0 0
cpu18 105141 16 42060 834928 325 0 23430 0 0 0
cpu19 144592 17 55625 768466 818 0 35629 0 0 0
cpu20 135436 17 53624 781164 879 0 34409 0 0 0
cpu21 101639 18 41175 838994 802 0 22885 0 0 0
cpu22 94437 21 39076 849548 498 0 20925 0 0 0
cpu23 88535 20 36979 860568 596 0 19197 0 0 0
cpu24 41784 36 34662 890303 1364 0 11181 0 0 0
cpu25 46137 39 38197 872718 2454 0 13005 0 0 0
cpu26 44422 36 37428 877412 1854 0 12647 0 0 0
cpu27 37697 25 33367 882342 1487 0 18958 0 0 0
cpu28 64959 57 43197 829418 3305 0 24676 0 0 0
cpu29 67914 94 44515 821817 3437 0 25056 0 0 0
cpu30 37098 25 34605 877301 1367 0 18839 0 0 0
cpu31 40404 24 35188 890307 997 0 11151 0 0 0
intr 2531140912 126 0 0 0 0 0 0 0 0 1 0 0 0 0 0 0 0 0 0 0 0 0 0 0 0 0 0 1 1 1 0 0 0 0 1 0 1 0 0 75045 0 0 0 0 0 0 0 0 411 0 0 0 0 0 0 0 0 87 0 0 0 0 0 0 0 0 0 0 0 0 0 0 0 268897 2 35016396 34956701 34882679 35017276 0 8397 2750 3252 1919 3402 2793 2430 2759 1682 11568 20259 11713 9092 15505 16766 11862 8094 2986 2066 1677 3150 2422 2243 1742 1741 9950 8986 6649 6934 8486 7720 7008 8551 0 0 0 0 616689 3750 1036 0 264 0 0 0 0 0 0 0 0 0 0 0 0 0 0 0 0 0 0 0 0 0 0 0 0 0 0 0 0 0 0 0 0 0 0 0 0 0 0 0 0 0 0 0 0 0 0 0 0 0 0 0 0 0 0 0 0 0 0 0 0 0 0 0 0 0 0 0 0 0 0 0 0 0 0 0 0 0 0 0 0 0 0 0 0 0 0 0 0 0 0 0 0 0 0 0 0 0 0 0 0 0 0 0 0 0 0 0 0 0 0 0 0 0 0 0 0 0 0 0 0 0 0 0 0 0 0 0 0 0 0 0 0 0 0 0 0 0 0 0 0 0 0 0 0 0 0 0 0 0 0 0 0 0 0 0 0 0 0 0 0 0 0 0 0 0 0 0 0 0 0 0 0 0 0 0 0 0 0 0 0 0 0 0 0 0 0 0 0 0 0 0 0 0 0 0 0 0 0 0 0 0 0 0 0 0 0 0 0 0 0 0 0 0 0 0 0 0 0 0 0 0 0 0 0 0 0 0 0 0 0 0 0 0 0 0 0 0 0 0 0 0 0 0 0 0 0 0 0 0 0 0 0 0 0 0 0 0 0 0 0 0 0 0 0 0 0 0 0 0 0 0 0 0 0 0 0 0 0 0 0 0 0 0 0 0 0 0 0 0 0 0 0 0 0 0 0 0 0 0 0 0 0 0 0 0 0 0 0 0 0 0 0 0 0 0 0 0 0 0 0 0 0 0 0 0 0 0 0 0 0 0 0 0 0 0 0 0 0 0 0 0 0 0 0 0 0 0 0 0 0 0 0 0 0 0 0 0 0 0 0 0 0 0 0 0 0 0 0 0 0 0 0 0 0 0 0 0 0 0 0 0 0 0 0 0 0 0 0 0 0 0 0 0 0 0 0 0 0 0 0 0 0 0 0 0 0 0 0 0 0 0 0 0 0 0 0 0 0 0 0 0 0 0 0 0 0 0 0 0 0 0 0 0 0 0 0 0 0 0 0 0 0 0 0 0 0 0 0 0 0 0 0 0 0 0 0 0 0 0 0 0 0 0 0 0 0 0 0 0 0 0 0 0 0 0 0 0 0 0 0 0 0 0 0 0 0 0 0 0 0 0 0 0 0 0 0 0 0 0 0 0 0 0 0 0 0 0 0 0 0 0 0 0 0 0 0 0 0 0 0 0 0 0 0 0 0 0 0 0 0 0 0 0 0 0 0 0 0 0 0 0 0 0 0 0 0 0 0 0 0 0 0 0 0 0 0 0 0 0 0 0 0 0 0 0 0 0 0 0 0 0 0 0 0 0 0 0 0 0 0 0 0 0 0 0 0 0 0 0 0 0 0 0 0 0 0 0 0 0 0 0 0 0 0 0 0 0 0 0 0 0 0 0 0 0 0 0 0 0 0 0 0 0 0 0 0 0 0 0 0 0 0 0 0 0 0 0 0 0 0 0 0 0 0 0 0 0 0 0 0 0 0 0 0 0 0 0 0 0 0 0 0 0 0 0 0 0 0 0 0 0 0 0 0 0 0 0 0 0 0 0 0 0 0 0 0 0 0 0 0 0 0 0 0 0 0 0 0 0 0 0 0 0 0 0 0 0 0 0 0 0 0 0 0 0 0 0 0 0 0 0 0 0 0 0 0 0 0 0 0 0 0 0 0 0 0 0 0 0 0 0 0 0 0 0 0 0 0 0 0 0 0 0 0 0 0 0 0 0 0 0 0 0 0 0 0 0 0 0 0 0 0 0 0 0 0 0 0 0 0 0 0 0 0 0 0 0 0 0 0 0 0 0 0 0 0 0 0 0 0 0 0 0 0 0 0 0 0 0 0 0 0 0 0 0 0 0 0 0 0 0 0 0 0 0 0 0 0 0 0 0 0 0 0 0 0 0 0 0 0 0 0 0 0 0 0 0 0 0 0 0 0 0 0 0 0 0 0 0 0 0 0 0 0 0 0 0 0 0 0 0 0 0 0 0 0 0 0 0 0 0 0 0 0 0 0 0 0 0 0 0 0 0 0 0 0 0 0 0 0 0 0 0 0 0 0 0 0 0 0 0 0 0 0 0 0 0 0 0 0 0 0 0 0 0 0 0 0 0 0 0 0 0 0 0 0 0 0 0 0 0 0 0 0 0 0 0 0 0 0 0 0 0 0 0 0 0 0 0 0 0 0 0 0 0 0 0 0 0 0 0 0 0 0 0 0 0 0 0 0 0 0 0 0 0 0 0 0 0 0 0 0 0 0 0 0 0 0 0 0 0 0 0 0 0 0 0 0 0 0 0 0 0 0 0 0 0 0 0 0 0 0 0 0 0 0 0 0 0 0 0 0 0 0 0 0 0 0 0 0 0 0 0 0 0 0 0 0 0 0 0 0 0 0 0 0 0 0 0 0 0 0 0 0 0 0 0 0 0 0 0 0 0 0 0 0 0 0 0 0 0 0 0 0 0 0 0 0 0 0 0 0 0 0 0 0 0 0 0 0 0 0
ctxt 3859150627
btime 1790630938
processes 260079
procs_running 1
procs_blocked 0
softirq 3513019479 73526 6899009 2752086 3425539387 281538 0 13557081 37590685 410 26325757
