Running 10s test @ http://127.0.0.1:18500/json
  16 threads and 128 connections
  Thread Stats   Avg      Stdev     Max   +/- Stdev
    Latency   149.80us   36.27us   2.08ms   68.02%
    Req/Sec    53.28k     4.18k   96.89k    69.93%
  Latency Distribution
     50%  154.00us
     75%  178.00us
     90%  194.00us
     99%  205.00us
  8550824 requests in 10.10s, 1.00GB read
Requests/sec: 846669.30
Transfer/sec:    100.93MB
## server-stat
cpu  2481842 1020 1278929 27846090 46555 0 616273 0 0 0
cpu0 87136 18 35546 878813 1038 0 18564 0 0 0
cpu1 91671 22 36492 877350 862 0 18508 0 0 0
cpu2 93543 20 37108 874931 591 0 19197 0 0 0
cpu3 122987 20 49446 820842 1324 0 30101 0 0 0
cpu4 130981 22 49850 813246 788 0 30704 0 0 0
cpu5 97720 23 38121 869559 592 0 19508 0 0 0
cpu6 100563 20 39450 864454 469 0 21083 0 0 0
cpu7 99833 19 40096 864334 303 0 21461 0 0 0
cpu8 38349 32 35144 908642 1446 0 10900 0 0 0
cpu9 43823 40 37856 890381 3449 0 11686 0 0 0
cpu10 42168 35 36767 896230 1675 0 11616 0 0 0
cpu11 39044 32 34189 910079 1096 0 10615 0 0 0
cpu12 66830 109 39997 864098 4134 0 12498 0 0 0
cpu13 64567 42 40607 864307 4016 0 12798 0 0 0
cpu14 38684 32 33627 912594 1229 0 10399 0 0 0
cpu15 36265 35 31078 923011 1029 0 9465 0 0 0
cpu16 116419 17 44595 839032 621 0 25457 0 0 0
cpu17 109287 16 43420 847098 1443 0 24587 0 0 0
cpu18 105301 17 42124 854787 336 0 23484 0 0 0
cpu19 149768 17 57523 779595 818 0 37625 0 0 0
cpu20 139542 17 55146 794129 879 0 36009 0 0 0
cpu21 102593 18 41592 857309 856 0 23309 0 0 0
cpu22 94849 21 39259 868927 514 0 21098 0 0 0
cpu23 88575 21 36992 880674 597 0 19204 0 0 0
cpu24 41844 37 34858 909120 1372 0 11280 0 0 0
cpu25 46242 40 38423 891345 2487 0 13112 0 0 0
cpu26 44499 37 37636 896222 1857 0 12754 0 0 0
cpu27 37750 26 33551 901428 1493 0 19052 0 0 0
cpu28 65238 58 43459 847765 3320 0 24806 0 0 0
cpu29 68143 94 44812 839949 3511 0 25196 0 0 0
cpu30 37157 25 34792 896300 1385 0 18939 0 0 0
cpu31 40455 24 35359 909524 1010 0 11247 0 0 0
intr 2565258864 126 0 0 0 0 0 0 0 0 1 0 0 0 0 0 0 0 0 0 0 0 0 0 0 0 0 0 1 1 1 0 0 0 0 1 0 1 0 0 75045 0 0 0 0 0 0 0 0 411 0 0 0 0 0 0 0 0 87 0 0 0 0 0 0 0 0 0 0 0 0 0 0 0 272956 2 35017197 34957617 34883900 35018469 0 8564 2752 3254 1919 3405 2796 2518 2762 1838 11697 20281 11859 9116 15511 16777 11868 8097 2986 2066 1679 3183 2422 2243 1744 1742 9976 9022 6667 6943 8511 7760 7039 8618 0 0 0 0 616701 3776 1036 0 264 0 0 0 0 0 0 0 0 0 0 0 0 0 0 0 0 0 0 0 0 0 0 0 0 0 0 0 0 0 0 0 0 0 0 0 0 0 0 0 0 0 0 0 0 0 0 0 0 0 0 0 0 0 0 0 0 0 0 0 0 0 0 0 0 0 0 0 0 0 0 0 0 0 0 0 0 0 0 0 0 0 0 0 0 0 0 0 0 0 0 0 0 0 0 0 0 0 0 0 0 0 0 0 0 0 0 0 0 0 0 0 0 0 0 0 0 0 0 0 0 0 0 0 0 0 0 0 0 0 0 0 0 0 0 0 0 0 0 0 0 0 0 0 0 0 0 0 0 0 0 0 0 0 0 0 0 0 0 0 0 0 0 0 0 0 0 0 0 0 0 0 0 0 0 0 0 0 0 0 0 0 0 0 0 0 0 0 0 0 0 0 0 0 0 0 0 0 0 0 0 0 0 0 0 0 0 0 0 0 0 0 0 0 0 0 0 0 0 0 0 0 0 0 0 0 0 0 0 0 0 0 0 0 0 0 0 0 0 0 0 0 0 0 0 0 0 0 0 0 0 0 0 0 0 0 0 0 0 0 0 0 0 0 0 0 0 0 0 0 0 0 0 0 0 0 0 0 0 0 0 0 0 0 0 0 0 0 0 0 0 0 0 0 0 0 0 0 0 0 0 0 0 0 0 0 0 0 0 0 0 0 0 0 0 0 0 0 0 0 0 0 0 0 0 0 0 0 0 0 0 0 0 0 0 0 0 0 0 0 0 0 0 0 0 0 0 0 0 0 0 0 0 0 0 0 0 0 0 0 0 0 0 0 0 0 0 0 0 0 0 0 0 0 0 0 0 0 0 0 0 0 0 0 0 0 0 0 0 0 0 0 0 0 0 0 0 0 0 0 0 0 0 0 0 0 0 0 0 0 0 0 0 0 0 0 0 0 0 0 0 0 0 0 0 0 0 0 0 0 0 0 0 0 0 0 0 0 0 0 0 0 0 0 0 0 0 0 0 0 0 0 0 0 0 0 0 0 0 0 0 0 0 0 0 0 0 0 0 0 0 0 0 0 0 0 0 0 0 0 0 0 0 0 0 0 0 0 0 0 0 0 0 0 0 0 0 0 0 0 0 0 0 0 0 0 0 0 0 0 0 0 0 0 0 0 0 0 0 0 0 0 0 0 0 0 0 0 0 0 0 0 0 0 0 0 0 0 0 0 0 0 0 0 0 0 0 0 0 0 0 0 0 0 0 0 0 0 0 0 0 0 0 0 0 0 0 0 0 0 0 0 0 0 0 0 0 0 0 0 0 0 0 0 0 0 0 0 0 0 0 0 0 0 0 0 0 0 0 0 0 0 0 0 0 0 0 0 0 0 0 0 0 0 0 0 0 0 0 0 0 0 0 0 0 0 0 0 0 0 0 0 0 0 0 0 0 0 0 0 0 0 0 0 0 0 0 0 0 0 0 0 0 0 0 0 0 0 0 0 0 0 0 0 0 0 0 0 0 0 0 0 0 0 0 0 0 0 0 0 0 0 0 0 0 0 0 0 0 0 0 0 0 0 0 0 0 0 0 0 0 0 0 0 0 0 0 0 0 0 0 0 0 0 0 0 0 0 0 0 0 0 0 0 0 0 0 0 0 0 0 0 0 0 0 0 0 0 0 0 0 0 0 0 0 0 0 0 0 0 0 0 0 0 0 0 0 0 0 0 0 0 0 0 0 0 0 0 0 0 0 0 0 0 0 0 0 0 0 0 0 0 0 0 0 0 0 0 0 0 0 0 0 0 0 0 0 0 0 0 0 0 0 0 0 0 0 0 0 0 0 0 0 0 0 0 0 0 0 0 0 0 0 0 0 0 0 0 0 0 0 0 0 0 0 0 0 0 0 0 0 0 0 0 0 0 0 0 0 0 0 0 0 0 0 0 0 0 0 0 0 0 0 0 0 0 0 0 0 0 0 0 0 0 0 0 0 0 0 0 0 0 0 0 0 0 0 0 0 0 0 0 0 0 0 0 0 0 0 0 0 0 0 0 0 0 0 0 0 0 0 0 0 0 0 0 0 0 0 0 0 0 0 0 0 0 0 0 0 0 0 0 0 0 0 0 0 0 0 0 0 0 0 0 0 0 0 0 0 0 0 0 0 0 0 0 0 0 0 0 0 0 0 0 0 0 0 0 0 0 0 0 0 0 0 0 0 0 0 0 0 0 0 0 0 0 0 0 0 0 0 0 0 0 0 0 0 0 0 0 0 0 0 0 0 0 0 0 0 0 0 0 0 0 0 0 0 0 0 0 0 0 0 0 0 0 0 0 0 0 0 0 0 0 0 0 0 0 0 0 0 0 0 0 0 0 0 0 0 0 0 0 0 0 0 0 0 0 0 0 0 0 0 0 0 0 0 0 0 0 0 0 0 0 0 0 0 0 0 0 0 0 0 0 0 0 0 0 0 0 0 0 0 0 0 0 0 0 0 0 0 0 0
ctxt 3925588816
btime 1790630938
processes 264269
procs_running 16
procs_blocked 0
softirq 3587292858 73526 6988839 2752115 3499149370 285834 0 13557185 37892382 410 26593197
--
cpu  2485520 1021 1281498 27860591 46569 0 618344 0 0 0
cpu0 87137 18 35546 879591 1038 0 18566 0 0 0
cpu1 92106 22 36679 877350 862 0 18686 0 0 0
cpu2 93670 20 37163 875498 591 0 19247 0 0 0
cpu3 123098 20 49497 821433 1329 0 30141 0 0 0
cpu4 131406 22 50037 813246 788 0 30892 0 0 0
cpu5 97789 23 38152 870227 592 0 19538 0 0 0
cpu6 100565 20 39450 865250 469 0 21083 0 0 0
cpu7 100255 19 40286 864334 303 0 21649 0 0 0
cpu8 38360 33 35210 909156 1447 0 10935 0 0 0
cpu9 43832 40 37921 890893 3451 0 11722 0 0 0
cpu10 42178 35 36833 896744 1675 0 11655 0 0 0
cpu11 39055 33 34253 910596 1097 0 10655 0 0 0
cpu12 66840 109 40060 864612 4134 0 12538 0 0 0
cpu13 64577 42 40676 864818 4016 0 12837 0 0 0
cpu14 38693 32 33692 913121 1229 0 10435 0 0 0
cpu15 36274 35 31138 923547 1029 0 9496 0 0 0
cpu16 116875 17 44765 839032 621 0 25632 0 0 0
cpu17 109289 16 43420 847894 1443 0 24587 0 0 0
cpu18 105616 17 42259 855004 336 0 23617 0 0 0
cpu19 150096 17 57669 779781 818 0 37764 0 0 0
cpu20 139545 17 55146 794923 880 0 36009 0 0 0
cpu21 102956 18 41751 857436 856 0 23459 0 0 0
cpu22 95273 21 39445 868927 514 0 21288 0 0 0
cpu23 88583 21 36992 881463 597 0 19204 0 0 0
cpu24 41854 37 34924 909630 1372 0 11319 0 0 0
cpu25 46261 40 38491 891850 2487 0 13152 0 0 0
cpu26 44512 37 37705 896725 1857 0 12789 0 0 0
cpu27 37760 26 33616 901938 1493 0 19093 0 0 0
cpu28 65258 58 43536 848263 3320 0 24846 0 0 0
cpu29 68160 94 44885 840447 3511 0 25236 0 0 0
cpu30 37168 25 34860 896808 1391 0 18978 0 0 0
cpu31 40466 24 35425 910036 1010 0 11283 0 0 0
intr 2570081568 126 0 0 0 0 0 0 0 0 1 0 0 0 0 0 0 0 0 0 0 0 0 0 0 0 0 0 1 1 1 0 0 0 0 1 0 1 0 0 75045 0 0 0 0 0 0 0 0 411 0 0 0 0 0 0 0 0 87 0 0 0 0 0 0 0 0 0 0 0 0 0 0 0 273115 2 35017213 34957643 34883931 35018474 0 8572 2752 3254 1919 3406 2796 2518 2762 1838 11697 20281 11860 9117 15514 16779 11868 8097 2986 2066 1679 3183 2422 2243 1744 1742 9976 9022 6667 6943 8512 7760 7039 8619 0 0 0 0 616701 3776 1036 0 264 0 0 0 0 0 0 0 0 0 0 0 0 0 0 0 0 0 0 0 0 0 0 0 0 0 0 0 0 0 0 0 0 0 0 0 0 0 0 0 0 0 0 0 0 0 0 0 0 0 0 0 0 0 0 0 0 0 0 0 0 0 0 0 0 0 0 0 0 0 0 0 0 0 0 0 0 0 0 0 0 0 0 0 0 0 0 0 0 0 0 0 0 0 0 0 0 0 0 0 0 0 0 0 0 0 0 0 0 0 0 0 0 0 0 0 0 0 0 0 0 0 0 0 0 0 0 0 0 0 0 0 0 0 0 0 0 0 0 0 0 0 0 0 0 0 0 0 0 0 0 0 0 0 0 0 0 0 0 0 0 0 0 0 0 0 0 0 0 0 0 0 0 0 0 0 0 0 0 0 0 0 0 0 0 0 0 0 0 0 0 0 0 0 0 0 0 0 0 0 0 0 0 0 0 0 0 0 0 0 0 0 0 0 0 0 0 0 0 0 0 0 0 0 0 0 0 0 0 0 0 0 0 0 0 0 0 0 0 0 0 0 0 0 0 0 0 0 0 0 0 0 0 0 0 0 0 0 0 0 0 0 0 0 0 0 0 0 0 0 0 0 0 0 0 0 0 0 0 0 0 0 0 0 0 0 0 0 0 0 0 0 0 0 0 0 0 0 0 0 0 0 0 0 0 0 0 0 0 0 0 0 0 0 0 0 0 0 0 0 0 0 0 0 0 0 0 0 0 0 0 0 0 0 0 0 0 0 0 0 0 0 0 0 0 0 0 0 0 0 0 0 0 0 0 0 0 0 0 0 0 0 0 0 0 0 0 0 0 0 0 0 0 0 0 0 0 0 0 0 0 0 0 0 0 0 0 0 0 0 0 0 0 0 0 0 0 0 0 0 0 0 0 0 0 0 0 0 0 0 0 0 0 0 0 0 0 0 0 0 0 0 0 0 0 0 0 0 0 0 0 0 0 0 0 0 0 0 0 0 0 0 0 0 0 0 0 0 0 0 0 0 0 0 0 0 0 0 0 0 0 0 0 0 0 0 0 0 0 0 0 0 0 0 0 0 0 0 0 0 0 0 0 0 0 0 0 0 0 0 0 0 0 0 0 0 0 0 0 0 0 0 0 0 0 0 0 0 0 0 0 0 0 0 0 0 0 0 0 0 0 0 0 0 0 0 0 0 0 0 0 0 0 0 0 0 0 0 0 0 0 0 0 0 0 0 0 0 0 0 0 0 0 0 0 0 0 0 0 0 0 0 0 0 0 0 0 0 0 0 0 0 0 0 0 0 0 0 0 0 0 0 0 0 0 0 0 0 0 0 0 0 0 0 0 0 0 0 0 0 0 0 0 0 0 0 0 0 0 0 0 0 0 0 0 0 0 0 0 0 0 0 0 0 0 0 0 0 0 0 0 0 0 0 0 0 0 0 0 0 0 0 0 0 0 0 0 0 0 0 0 0 0 0 0 0 0 0 0 0 0 0 0 0 0 0 0 0 0 0 0 0 0 0 0 0 0 0 0 0 0 0 0 0 0 0 0 0 0 0 0 0 0 0 0 0 0 0 0 0 0 0 0 0 0 0 0 0 0 0 0 0 0 0 0 0 0 0 0 0 0 0 0 0 0 0 0 0 0 0 0 0 0 0 0 0 0 0 0 0 0 0 0 0 0 0 0 0 0 0 0 0 0 0 0 0 0 0 0 0 0 0 0 0 0 0 0 0 0 0 0 0 0 0 0 0 0 0 0 0 0 0 0 0 0 0 0 0 0 0 0 0 0 0 0 0 0 0 0 0 0 0 0 0 0 0 0 0 0 0 0 0 0 0 0 0 0 0 0 0 0 0 0 0 0 0 0 0 0 0 0 0 0 0 0 0 0 0 0 0 0 0 0 0 0 0 0 0 0 0 0 0 0 0 0 0 0 0 0 0 0 0 0 0 0 0 0 0 0 0 0 0 0 0 0 0 0 0 0 0 0 0 0 0 0 0 0 0 0 0 0 0 0 0 0 0 0 0 0 0 0 0 0 0 0 0 0 0 0 0 0 0 0 0 0 0 0 0 0 0 0 0 0 0 0 0 0 0 0 0 0 0 0 0 0 0 0 0 0 0 0 0 0 0 0 0 0 0 0 0 0 0 0 0 0 0 0 0 0 0 0 0 0 0 0 0 0 0 0 0 0 0 0 0 0 0 0 0 0 0 0 0 0 0 0 0 0 0 0 0 0 0 0 0 0 0 0 0 0 0 0 0 0 0 0 0 0 0 0 0 0 0 0 0 0 0 0 0 0 0 0 0 0 0 0 0 0 0 0 0 0 0 0 0 0 0 0 0 0 0 0 0 0 0 0 0 0 0 0 0 0 0 0 0 0 0 0 0 0 0 0 0 0 0 0 0 0 0 0 0 0 0 0 0 0 0 0 0 0 0 0 0 0 0 0 0 0 0 0 0 0 0 0 0 0 0 0 0 0 0 0 0 0
ctxt 3935045948
btime 1790630938
processes 264334
procs_running 13
procs_blocked 0
softirq 3600873002 73526 6993347 2752115 3512664320 286000 0 13557185 37919355 410 26626744
