Running 10s test @ http://127.0.0.1:18500/page
  16 threads and 128 connections
  Thread Stats   Avg      Stdev     Max   +/- Stdev
    Latency   592.90us  270.02us   2.91ms   62.81%
    Req/Sec    13.69k     4.09k   31.44k    65.59%
  Latency Distribution
     50%  553.00us
     75%  803.00us
     90%    0.89ms
     99%    1.47ms
  2196672 requests in 10.10s, 21.16GB read
Requests/sec: 217502.42
Transfer/sec:      2.10GB
## server-stat
cpu  2610958 1048 1338747 28544940 47190 0 657404 0 0 0
cpu0 93127 18 37286 899962 1050 0 19790 0 0 0
cpu1 99987 23 39138 894622 862 0 20572 0 0 0
cpu2 100601 20 39135 894666 602 0 20632 0 0 0
cpu3 130008 21 51490 840446 1336 0 31651 0 0 0
cpu4 138675 23 51988 832174 790 0 32254 0 0 0
cpu5 104525 23 40073 889617 597 0 20988 0 0 0
cpu6 108380 20 41662 883095 469 0 22717 0 0 0
cpu7 110183 19 43556 877941 304 0 24314 0 0 0
cpu8 38602 34 36459 934216 1458 0 11584 0 0 0
cpu9 44113 41 39246 915603 3459 0 12394 0 0 0
cpu10 42435 37 38122 921676 1681 0 12299 0 0 0
cpu11 39260 33 35398 936111 1099 0 11231 0 0 0
cpu12 67268 111 41418 889319 4158 0 13213 0 0 0
cpu13 65101 43 42074 889363 4038 0 13498 0 0 0
cpu14 38893 33 34780 938902 1233 0 10986 0 0 0
cpu15 36453 36 32140 949623 1045 0 10034 0 0 0
cpu16 126158 17 47460 854466 621 0 27757 0 0 0
cpu17 116503 16 45430 866549 1444 0 26227 0 0 0
cpu18 113510 17 44803 871881 347 0 25810 0 0 0
cpu19 158446 17 60267 796180 845 0 39908 0 0 0
cpu20 147419 17 57787 811648 886 0 38286 0 0 0
cpu21 111232 18 44315 873994 857 0 25589 0 0 0
cpu22 102300 22 41744 887189 514 0 23233 0 0 0
cpu23 93081 22 38210 904331 609 0 20079 0 0 0
cpu24 42092 38 36125 935031 1441 0 11908 0 0 0
cpu25 46597 42 39881 916520 2528 0 13848 0 0 0
cpu26 44807 38 39035 921514 1904 0 13474 0 0 0
cpu27 38003 27 34837 927230 1507 0 19721 0 0 0
cpu28 66081 61 45324 871354 3390 0 25704 0 0 0
cpu29 68990 98 46719 863244 3656 0 26116 0 0 0
cpu30 37411 25 36142 921503 1404 0 19641 0 0 0
cpu31 40704 25 36685 934956 1041 0 11932 0 0 0
intr 2682361459 126 0 0 0 0 0 0 0 0 1 0 0 0 0 0 0 0 0 0 0 0 0 0 0 0 0 0 1 1 1 0 0 0 0 1 0 1 0 0 75045 0 0 0 0 0 0 0 0 411 0 0 0 0 0 0 0 0 87 0 0 0 0 0 0 0 0 0 0 0 0 0 0 0 279272 2 35018705 34959287 34885799 35019487 0 8816 2841 3256 1921 3449 2826 2568 2763 1852 11725 20370 11971 9131 15567 16850 11933 8136 2986 2066 1681 3186 2432 2254 1761 1838 10018 9137 6757 6971 8643 7885 7118 8645 0 0 0 0 616721 3803 1036 0 264 0 0 0 0 0 0 0 0 0 0 0 0 0 0 0 0 0 0 0 0 0 0 0 0 0 0 0 0 0 0 0 0 0 0 0 0 0 0 0 0 0 0 0 0 0 0 0 0 0 0 0 0 0 0 0 0 0 0 0 0 0 0 0 0 0 0 0 0 0 0 0 0 0 0 0 0 0 0 0 0 0 0 0 0 0 0 0 0 0 0 0 0 0 0 0 0 0 0 0 0 0 0 0 0 0 0 0 0 0 0 0 0 0 0 0 0 0 0 0 0 0 0 0 0 0 0 0 0 0 0 0 0 0 0 0 0 0 0 0 0 0 0 0 0 0 0 0 0 0 0 0 0 0 0 0 0 0 0 0 0 0 0 0 0 0 0 0 0 0 0 0 0 0 0 0 0 0 0 0 0 0 0 0 0 0 0 0 0 0 0 0 0 0 0 0 0 0 0 0 0 0 0 0 0 0 0 0 0 0 0 0 0 0 0 0 0 0 0 0 0 0 0 0 0 0 0 0 0 0 0 0 0 0 0 0 0 0 0 0 0 0 0 0 0 0 0 0 0 0 0 0 0 0 0 0 0 0 0 0 0 0 0 0 0 0 0 0 0 0 0 0 0 0 0 0 0 0 0 0 0 0 0 0 0 0 0 0 0 0 0 0 0 0 0 0 0 0 0 0 0 0 0 0 0 0 0 0 0 0 0 0 0 0 0 0 0 0 0 0 0 0 0 0 0 0 0 0 0 0 0 0 0 0 0 0 0 0 0 0 0 0 0 0 0 0 0 0 0 0 0 0 0 0 0 0 0 0 0 0 0 0 0 0 0 0 0 0 0 0 0 0 0 0 0 0 0 0 0 0 0 0 0 0 0 0 0 0 0 0 0 0 0 0 0 0 0 0 0 0 0 0 0 0 0 0 0 0 0 0 0 0 0 0 0 0 0 0 0 0 0 0 0 0 0 0 0 0 0 0 0 0 0 0 0 0 0 0 0 0 0 0 0 0 0 0 0 0 0 0 0 0 0 0 0 0 0 0 0 0 0 0 0 0 0 0 0 0 0 0 0 0 0 0 0 0 0 0 0 0 0 0 0 0 0 0 0 0 0 0 0 0 0 0 0 0 0 0 0 0 0 0 0 0 0 0 0 0 0 0 0 0 0 0 0 0 0 0 0 0 0 0 0 0 0 0 0 0 0 0 0 0 0 0 0 0 0 0 0 0 0 0 0 0 0 0 0 0 0 0 0 0 0 0 0 0 0 0 0 0 0 0 0 0 0 0 0 0 0 0 0 0 0 0 0 0 0 0 0 0 0 0 0 0 0 0 0 0 0 0 0 0 0 0 0 0 0 0 0 0 0 0 0 0 0 0 0 0 0 0 0 0 0 0 0 0 0 0 0 0 0 0 0 0 0 0 0 0 0 0 0 0 0 0 0 0 0 0 0 0 0 0 0 0 0 0 0 0 0 0 0 0 0 0 0 0 0 0 0 0 0 0 0 0 0 0 0 0 0 0 0 0 0 0 0 0 0 0 0 0 0 0 0 0 0 0 0 0 0 0 0 0 0 0 0 0 0 0 0 0 0 0 0 0 0 0 0 0 0 0 0 0 0 0 0 0 0 0 0 0 0 0 0 0 0 0 0 0 0 0 0 0 0 0 0 0 0 0 0 0 0 0 0 0 0 0 0 0 0 0 0 0 0 0 0 0 0 0 0 0 0 0 0 0 0 0 0 0 0 0 0 0 0 0 0 0 0 0 0 0 0 0 0 0 0 0 0 0 0 0 0 0 0 0 0 0 0 0 0 0 0 0 0 0 0 0 0 0 0 0 0 0 0 0 0 0 0 0 0 0 0 0 0 0 0 0 0 0 0 0 0 0 0 0 0 0 0 0 0 0 0 0 0 0 0 0 0 0 0 0 0 0 0 0 0 0 0 0 0 0 0 0 0 0 0 0 0 0 0 0 0 0 0 0 0 0 0 0 0 0 0 0 0 0 0 0 0 0 0 0 0 0 0 0 0 0 0 0 0 0 0 0 0 0 0 0 0 0 0 0 0 0 0 0 0 0 0 0 0 0 0 0 0 0 0 0 0 0 0 0 0 0 0 0 0 0 0 0 0 0 0 0 0 0 0 0 0 0 0 0 0 0 0 0 0 0 0 0 0 0 0 0 0 0 0 0 0 0 0 0 0 0 0 0 0 0 0 0 0 0 0 0 0 0 0 0 0 0 0 0 0 0 0 0 0 0 0 0 0 0 0 0 0 0 0 0 0 0 0 0 0 0 0 0 0 0 0 0 0 0 0 0 0 0 0 0 0 0 0 0 0 0 0 0 0 0 0 0 0 0 0 0 0 0 0 0 0 0 0 0 0 0 0 0 0 0 0 0 0 0 0 0 0 0 0 0 0 0 0 0 0 0 0 0 0 0 0 0 0 0 0 0 0 0 0 0 0 0 0 0 0 0 0 0 0 0 0 0 0 0 0 0 0
ctxt 4138984463
btime 1790630938
processes 270622
procs_running 11
procs_blocked 0
softirq 3826200259 73526 7184051 2752157 3735244827 292506 0 13557319 39401223 410 27694240
--
cpu  2615878 1049 1340008 28562074 47206 0 658391 0 0 0
cpu0 93277 18 37311 900551 1050 0 19814 0 0 0
cpu1 100456 23 39224 894796 862 0 20642 0 0 0
cpu2 100847 20 39183 895129 602 0 20672 0 0 0
cpu3 130603 21 51595 840446 1336 0 31751 0 0 0
cpu4 138677 23 51988 832972 790 0 32254 0 0 0
cpu5 104690 23 40104 890194 597 0 21015 0 0 0
cpu6 108971 20 41775 883095 469 0 22814 0 0 0
cpu7 110779 19 43664 877941 304 0 24411 0 0 0
cpu8 38611 34 36480 934900 1458 0 11594 0 0 0
cpu9 44123 41 39271 916270 3459 0 12409 0 0 0
cpu10 42443 37 38148 922349 1681 0 12313 0 0 0
cpu11 39267 33 35421 936789 1099 0 11245 0 0 0
cpu12 67281 111 41444 889984 4158 0 13231 0 0 0
cpu13 65113 43 42103 890019 4040 0 13516 0 0 0
cpu14 38899 33 34802 939588 1233 0 10998 0 0 0
cpu15 36459 36 32160 950312 1045 0 10045 0 0 0
cpu16 126604 17 47548 854661 621 0 27828 0 0 0
cpu17 116636 16 45458 867170 1444 0 26245 0 0 0
cpu18 113852 17 44869 872211 347 0 25872 0 0 0
cpu19 158446 17 60267 796980 845 0 39908 0 0 0
cpu20 148012 17 57892 811648 886 0 38387 0 0 0
cpu21 111672 18 44390 874214 857 0 25653 0 0 0
cpu22 102302 22 41744 887987 514 0 23233 0 0 0
cpu23 93081 22 38210 905131 609 0 20079 0 0 0
cpu24 42098 38 36146 935716 1441 0 11920 0 0 0
cpu25 46605 42 39908 917188 2528 0 13861 0 0 0
cpu26 44817 38 39063 922185 1904 0 13487 0 0 0
cpu27 38008 27 34858 927911 1507 0 19734 0 0 0
cpu28 66097 61 45354 872008 3390 0 25720 0 0 0
cpu29 69008 98 46746 863883 3669 0 26132 0 0 0
cpu30 37418 25 36163 922191 1404 0 19652 0 0 0
cpu31 40712 25 36705 935642 1041 0 11945 0 0 0
intr 2684595025 126 0 0 0 0 0 0 0 0 1 0 0 0 0 0 0 0 0 0 0 0 0 0 0 0 0 0 1 1 1 0 0 0 0 1 0 1 0 0 75045 0 0 0 0 0 0 0 0 411 0 0 0 0 0 0 0 0 87 0 0 0 0 0 0 0 0 0 0 0 0 0 0 0 279394 2 35018712 34959298 34885801 35019497 0 8820 2841 3256 1951 3449 2829 2568 2763 1852 11725 20372 11971 9131 15567 16850 11934 8136 2986 2066 1681 3186 2432 2254 1761 1838 10018 9137 6758 6972 8643 7889 7118 8648 0 0 0 0 616721 3803 1036 0 264 0 0 0 0 0 0 0 0 0 0 0 0 0 0 0 0 0 0 0 0 0 0 0 0 0 0 0 0 0 0 0 0 0 0 0 0 0 0 0 0 0 0 0 0 0 0 0 0 0 0 0 0 0 0 0 0 0 0 0 0 0 0 0 0 0 0 0 0 0 0 0 0 0 0 0 0 0 0 0 0 0 0 0 0 0 0 0 0 0 0 0 0 0 0 0 0 0 0 0 0 0 0 0 0 0 0 0 0 0 0 0 0 0 0 0 0 0 0 0 0 0 0 0 0 0 0 0 0 0 0 0 0 0 0 0 0 0 0 0 0 0 0 0 0 0 0 0 0 0 0 0 0 0 0 0 0 0 0 0 0 0 0 0 0 0 0 0 0 0 0 0 0 0 0 0 0 0 0 0 0 0 0 0 0 0 0 0 0 0 0 0 0 0 0 0 0 0 0 0 0 0 0 0 0 0 0 0 0 0 0 0 0 0 0 0 0 0 0 0 0 0 0 0 0 0 0 0 0 0 0 0 0 0 0 0 0 0 0 0 0 0 0 0 0 0 0 0 0 0 0 0 0 0 0 0 0 0 0 0 0 0 0 0 0 0 0 0 0 0 0 0 0 0 0 0 0 0 0 0 0 0 0 0 0 0 0 0 0 0 0 0 0 0 0 0 0 0 0 0 0 0 0 0 0 0 0 0 0 0 0 0 0 0 0 0 0 0 0 0 0 0 0 0 0 0 0 0 0 0 0 0 0 0 0 0 0 0 0 0 0 0 0 0 0 0 0 0 0 0 0 0 0 0 0 0 0 0 0 0 0 0 0 0 0 0 0 0 0 0 0 0 0 0 0 0 0 0 0 0 0 0 0 0 0 0 0 0 0 0 0 0 0 0 0 0 0 0 0 0 0 0 0 0 0 0 0 0 0 0 0 0 0 0 0 0 0 0 0 0 0 0 0 0 0 0 0 0 0 0 0 0 0 0 0 0 0 0 0 0 0 0 0 0 0 0 0 0 0 0 0 0 0 0 0 0 0 0 0 0 0 0 0 0 0 0 0 0 0 0 0 0 0 0 0 0 0 0 0 0 0 0 0 0 0 0 0 0 0 0 0 0 0 0 0 0 0 0 0 0 0 0 0 0 0 0 0 0 0 0 0 0 0 0 0 0 0 0 0 0 0 0 0 0 0 0 0 0 0 0 0 0 0 0 0 0 0 0 0 0 0 0 0 0 0 0 0 0 0 0 0 0 0 0 0 0 0 0 0 0 0 0 0 0 0 0 0 0 0 0 0 0 0 0 0 0 0 0 0 0 0 0 0 0 0 0 0 0 0 0 0 0 0 0 0 0 0 0 0 0 0 0 0 0 0 0 0 0 0 0 0 0 0 0 0 0 0 0 0 0 0 0 0 0 0 0 0 0 0 0 0 0 0 0 0 0 0 0 0 0 0 0 0 0 0 0 0 0 0 0 0 0 0 0 0 0 0 0 0 0 0 0 0 0 0 0 0 0 0 0 0 0 0 0 0 0 0 0 0 0 0 0 0 0 0 0 0 0 0 0 0 0 0 0 0 0 0 0 0 0 0 0 0 0 0 0 0 0 0 0 0 0 0 0 0 0 0 0 0 0 0 0 0 0 0 0 0 0 0 0 0 0 0 0 0 0 0 0 0 0 0 0 0 0 0 0 0 0 0 0 0 0 0 0 0 0 0 0 0 0 0 0 0 0 0 0 0 0 0 0 0 0 0 0 0 0 0 0 0 0 0 0 0 0 0 0 0 0 0 0 0 0 0 0 0 0 0 0 0 0 0 0 0 0 0 0 0 0 0 0 0 0 0 0 0 0 0 0 0 0 0 0 0 0 0 0 0 0 0 0 0 0 0 0 0 0 0 0 0 0 0 0 0 0 0 0 0 0 0 0 0 0 0 0 0 0 0 0 0 0 0 0 0 0 0 0 0 0 0 0 0 0 0 0 0 0 0 0 0 0 0 0 0 0 0 0 0 0 0 0 0 0 0 0 0 0 0 0 0 0 0 0 0 0 0 0 0 0 0 0 0 0 0 0 0 0 0 0 0 0 0 0 0 0 0 0 0 0 0 0 0 0 0 0 0 0 0 0 0 0 0 0 0 0 0 0 0 0 0 0 0 0 0 0 0 0 0 0 0 0 0 0 0 0 0 0 0 0 0 0 0 0 0 0 0 0 0 0 0 0 0 0 0 0 0 0 0 0 0 0 0 0 0 0 0 0 0 0 0 0 0 0 0 0 0 0 0 0 0 0 0 0 0 0 0 0 0 0 0 0 0 0 0 0 0 0 0 0 0 0 0 0 0 0 0 0 0 0 0 0 0 0 0 0 0 0 0 0 0 0 0 0 0 0 0 0 0 0 0 0 0 0 0 0 0 0 0 0 0 0 0 0 0 0 0 0 0 0 0 0 0 0 0 0 0 0 0 0 0 0 0 0 0 0 0 0 0 0 0 0 0 0 0
ctxt 4143156633
btime 1790630938
processes 270664
procs_running 11
procs_blocked 0
softirq 3833230453 73526 7209449 2752157 3742204258 292634 0 13557319 39418686 410 27722014
