Running 10s test @ http://127.0.0.1:18500/
  16 threads and 128 connections
  Thread Stats   Avg      Stdev     Max   +/- Stdev
    Latency   356.73us  220.08us   3.41ms   75.23%
    Req/Sec    23.51k   712.29    30.55k    94.67%
  Latency Distribution
     50%  309.00us
     75%  459.00us
     90%  644.00us
     99%    1.10ms
  3772755 requests in 10.10s, 618.85MB read
Requests/sec: 373566.51
Transfer/sec:     61.28MB
## server-stat
cpu  2545687 1035 1303680 28211274 46923 0 633211 0 0 0
cpu0 89285 18 36069 890848 1046 0 18888 0 0 0
cpu1 95871 22 37717 886151 862 0 19459 0 0 0
cpu2 97079 20 38006 885060 600 0 19772 0 0 0
cpu3 126620 20 50334 830888 1335 0 30666 0 0 0
cpu4 135449 22 51008 821984 788 0 31525 0 0 0
cpu5 101075 23 38923 880047 596 0 20016 0 0 0
cpu6 104551 20 40520 873795 469 0 21853 0 0 0
cpu7 105207 19 41749 871198 304 0 22714 0 0 0
cpu8 38440 33 35586 922135 1456 0 11144 0 0 0
cpu9 43935 40 38371 903565 3454 0 11949 0 0 0
cpu10 42258 36 37243 909605 1677 0 11870 0 0 0
cpu11 39114 33 34575 923841 1098 0 10831 0 0 0
cpu12 67024 110 40501 877392 4153 0 12782 0 0 0
cpu13 64828 42 41122 877536 4022 0 13077 0 0 0
cpu14 38752 32 34002 926482 1231 0 10603 0 0 0
cpu15 36323 36 31412 937032 1039 0 9661 0 0 0
cpu16 122072 17 46146 845790 621 0 26683 0 0 0
cpu17 112880 16 44300 857160 1444 0 25221 0 0 0
cpu18 109386 17 43369 863606 336 0 24500 0 0 0
cpu19 154013 17 58816 788151 818 0 38707 0 0 0
cpu20 142848 17 56159 804163 880 0 36825 0 0 0
cpu21 106938 18 42917 865741 856 0 24384 0 0 0
cpu22 98475 22 40317 878567 514 0 21953 0 0 0
cpu23 90625 21 37504 892905 608 0 19523 0 0 0
cpu24 41921 38 35241 922942 1407 0 11493 0 0 0
cpu25 46363 41 38867 904926 2493 0 13357 0 0 0
cpu26 44591 37 38061 909849 1886 0 12996 0 0 0
cpu27 37834 26 33940 915253 1505 0 19276 0 0 0
cpu28 65619 60 44210 860111 3380 0 25179 0 0 0
cpu29 68511 96 45595 852102 3603 0 25585 0 0 0
cpu30 37244 25 35273 909514 1396 0 19211 0 0 0
cpu31 40541 24 35814 922920 1029 0 11494 0 0 0
intr 2622617039 126 0 0 0 0 0 0 0 0 1 0 0 0 0 0 0 0 0 0 0 0 0 0 0 0 0 0 1 1 1 0 0 0 0 1 0 1 0 0 75045 0 0 0 0 0 0 0 0 411 0 0 0 0 0 0 0 0 87 0 0 0 0 0 0 0 0 0 0 0 0 0 0 0 276569 2 35017861 34958555 34884907 35018986 0 8690 2752 3255 1920 3446 2799 2567 2763 1852 11698 20350 11967 9119 15521 16833 11886 8134 2986 2066 1679 3185 2422 2254 1761 1837 9977 9034 6673 6948 8617 7866 7102 8620 0 0 0 0 616713 3789 1036 0 264 0 0 0 0 0 0 0 0 0 0 0 0 0 0 0 0 0 0 0 0 0 0 0 0 0 0 0 0 0 0 0 0 0 0 0 0 0 0 0 0 0 0 0 0 0 0 0 0 0 0 0 0 0 0 0 0 0 0 0 0 0 0 0 0 0 0 0 0 0 0 0 0 0 0 0 0 0 0 0 0 0 0 0 0 0 0 0 0 0 0 0 0 0 0 0 0 0 0 0 0 0 0 0 0 0 0 0 0 0 0 0 0 0 0 0 0 0 0 0 0 0 0 0 0 0 0 0 0 0 0 0 0 0 0 0 0 0 0 0 0 0 0 0 0 0 0 0 0 0 0 0 0 0 0 0 0 0 0 0 0 0 0 0 0 0 0 0 0 0 0 0 0 0 0 0 0 0 0 0 0 0 0 0 0 0 0 0 0 0 0 0 0 0 0 0 0 0 0 0 0 0 0 0 0 0 0 0 0 0 0 0 0 0 0 0 0 0 0 0 0 0 0 0 0 0 0 0 0 0 0 0 0 0 0 0 0 0 0 0 0 0 0 0 0 0 0 0 0 0 0 0 0 0 0 0 0 0 0 0 0 0 0 0 0 0 0 0 0 0 0 0 0 0 0 0 0 0 0 0 0 0 0 0 0 0 0 0 0 0 0 0 0 0 0 0 0 0 0 0 0 0 0 0 0 0 0 0 0 0 0 0 0 0 0 0 0 0 0 0 0 0 0 0 0 0 0 0 0 0 0 0 0 0 0 0 0 0 0 0 0 0 0 0 0 0 0 0 0 0 0 0 0 0 0 0 0 0 0 0 0 0 0 0 0 0 0 0 0 0 0 0 0 0 0 0 0 0 0 0 0 0 0 0 0 0 0 0 0 0 0 0 0 0 0 0 0 0 0 0 0 0 0 0 0 0 0 0 0 0 0 0 0 0 0 0 0 0 0 0 0 0 0 0 0 0 0 0 0 0 0 0 0 0 0 0 0 0 0 0 0 0 0 0 0 0 0 0 0 0 0 0 0 0 0 0 0 0 0 0 0 0 0 0 0 0 0 0 0 0 0 0 0 0 0 0 0 0 0 0 0 0 0 0 0 0 0 0 0 0 0 0 0 0 0 0 0 0 0 0 0 0 0 0 0 0 0 0 0 0 0 0 0 0 0 0 0 0 0 0 0 0 0 0 0 0 0 0 0 0 0 0 0 0 0 0 0 0 0 0 0 0 0 0 0 0 0 0 0 0 0 0 0 0 0 0 0 0 0 0 0 0 0 0 0 0 0 0 0 0 0 0 0 0 0 0 0 0 0 0 0 0 0 0 0 0 0 0 0 0 0 0 0 0 0 0 0 0 0 0 0 0 0 0 0 0 0 0 0 0 0 0 0 0 0 0 0 0 0 0 0 0 0 0 0 0 0 0 0 0 0 0 0 0 0 0 0 0 0 0 0 0 0 0 0 0 0 0 0 0 0 0 0 0 0 0 0 0 0 0 0 0 0 0 0 0 0 0 0 0 0 0 0 0 0 0 0 0 0 0 0 0 0 0 0 0 0 0 0 0 0 0 0 0 0 0 0 0 0 0 0 0 0 0 0 0 0 0 0 0 0 0 0 0 0 0 0 0 0 0 0 0 0 0 0 0 0 0 0 0 0 0 0 0 0 0 0 0 0 0 0 0 0 0 0 0 0 0 0 0 0 0 0 0 0 0 0 0 0 0 0 0 0 0 0 0 0 0 0 0 0 0 0 0 0 0 0 0 0 0 0 0 0 0 0 0 0 0 0 0 0 0 0 0 0 0 0 0 0 0 0 0 0 0 0 0 0 0 0 0 0 0 0 0 0 0 0 0 0 0 0 0 0 0 0 0 0 0 0 0 0 0 0 0 0 0 0 0 0 0 0 0 0 0 0 0 0 0 0 0 0 0 0 0 0 0 0 0 0 0 0 0 0 0 0 0 0 0 0 0 0 0 0 0 0 0 0 0 0 0 0 0 0 0 0 0 0 0 0 0 0 0 0 0 0 0 0 0 0 0 0 0 0 0 0 0 0 0 0 0 0 0 0 0 0 0 0 0 0 0 0 0 0 0 0 0 0 0 0 0 0 0 0 0 0 0 0 0 0 0 0 0 0 0 0 0 0 0 0 0 0 0 0 0 0 0 0 0 0 0 0 0 0 0 0 0 0 0 0 0 0 0 0 0 0 0 0 0 0 0 0 0 0 0 0 0 0 0 0 0 0 0 0 0 0 0 0 0 0 0 0 0 0 0 0 0 0 0 0 0 0 0 0 0 0 0 0 0 0 0 0 0 0 0 0 0 0 0 0 0 0 0 0 0 0 0 0 0 0 0 0 0 0 0 0 0 0 0 0 0 0 0 0 0 0 0 0 0 0 0 0 0 0 0 0 0 0 0 0 0 0 0 0 0 0 0 0 0 0 0 0 0 0 0 0 0 0 0 0 0 0 0 0 0 0 0 0 0 0 0 0 0 0
ctxt 4031015872
btime 1790630938
processes 267689
procs_running 11
procs_blocked 0
softirq 3685935932 73526 7091186 2752135 3596469733 289637 0 13557246 38593760 410 27108299
--
cpu  2553558 1036 1306362 28222377 46934 0 634485 0 0 0
cpu0 89762 18 36177 890963 1046 0 18949 0 0 0
cpu1 96346 22 37828 886265 862 0 19523 0 0 0
cpu2 97551 20 38115 885175 600 0 19835 0 0 0
cpu3 127100 20 50440 830999 1335 0 30727 0 0 0
cpu4 135930 22 51118 822099 788 0 31586 0 0 0
cpu5 101551 23 39032 880163 596 0 20078 0 0 0
cpu6 105033 20 40630 873910 469 0 21916 0 0 0
cpu7 105682 19 41854 871317 304 0 22773 0 0 0
cpu8 38446 33 35644 922733 1456 0 11163 0 0 0
cpu9 43941 40 38421 904176 3454 0 11965 0 0 0
cpu10 42265 36 37292 910222 1677 0 11885 0 0 0
cpu11 39119 33 34615 924492 1098 0 10842 0 0 0
cpu12 67029 110 40554 878008 4153 0 12796 0 0 0
cpu13 64835 42 41180 878134 4022 0 13090 0 0 0
cpu14 38756 32 34033 927169 1231 0 10610 0 0 0
cpu15 36326 36 31436 937745 1039 0 9667 0 0 0
cpu16 122559 17 46249 845899 621 0 26745 0 0 0
cpu17 113365 16 44406 857270 1444 0 25284 0 0 0
cpu18 109874 17 43475 863717 336 0 24563 0 0 0
cpu19 154496 17 58928 788262 818 0 38769 0 0 0
cpu20 143332 17 56269 804274 880 0 36884 0 0 0
cpu21 107426 18 43027 865850 856 0 24444 0 0 0
cpu22 98959 22 40428 878680 514 0 22012 0 0 0
cpu23 91106 21 37612 893018 608 0 19585 0 0 0
cpu24 41929 38 35293 923551 1411 0 11510 0 0 0
cpu25 46377 41 38950 905415 2493 0 13386 0 0 0
cpu26 44604 37 38139 910353 1886 0 13025 0 0 0
cpu27 37841 26 33998 915823 1505 0 19293 0 0 0
cpu28 65659 60 44314 860544 3381 0 25213 0 0 0
cpu29 68548 96 45696 852526 3609 0 25623 0 0 0
cpu30 37250 25 35322 910096 1396 0 19223 0 0 0
cpu31 40547 24 35872 923514 1029 0 11509 0 0 0
intr 2628706563 126 0 0 0 0 0 0 0 0 1 0 0 0 0 0 0 0 0 0 0 0 0 0 0 0 0 0 1 1 1 0 0 0 0 1 0 1 0 0 75045 0 0 0 0 0 0 0 0 411 0 0 0 0 0 0 0 0 87 0 0 0 0 0 0 0 0 0 0 0 0 0 0 0 276687 2 35017887 34958593 34884939 35018995 0 8698 2752 3255 1920 3446 2799 2567 2763 1852 11698 20350 11967 9119 15521 16833 11886 8134 2986 2066 1679 3185 2422 2254 1761 1837 9977 9036 6678 6948 8617 7868 7102 8620 0 0 0 0 616713 3789 1036 0 264 0 0 0 0 0 0 0 0 0 0 0 0 0 0 0 0 0 0 0 0 0 0 0 0 0 0 0 0 0 0 0 0 0 0 0 0 0 0 0 0 0 0 0 0 0 0 0 0 0 0 0 0 0 0 0 0 0 0 0 0 0 0 0 0 0 0 0 0 0 0 0 0 0 0 0 0 0 0 0 0 0 0 0 0 0 0 0 0 0 0 0 0 0 0 0 0 0 0 0 0 0 0 0 0 0 0 0 0 0 0 0 0 0 0 0 0 0 0 0 0 0 0 0 0 0 0 0 0 0 0 0 0 0 0 0 0 0 0 0 0 0 0 0 0 0 0 0 0 0 0 0 0 0 0 0 0 0 0 0 0 0 0 0 0 0 0 0 0 0 0 0 0 0 0 0 0 0 0 0 0 0 0 0 0 0 0 0 0 0 0 0 0 0 0 0 0 0 0 0 0 0 0 0 0 0 0 0 0 0 0 0 0 0 0 0 0 0 0 0 0 0 0 0 0 0 0 0 0 0 0 0 0 0 0 0 0 0 0 0 0 0 0 0 0 0 0 0 0 0 0 0 0 0 0 0 0 0 0 0 0 0 0 0 0 0 0 0 0 0 0 0 0 0 0 0 0 0 0 0 0 0 0 0 0 0 0 0 0 0 0 0 0 0 0 0 0 0 0 0 0 0 0 0 0 0 0 0 0 0 0 0 0 0 0 0 0 0 0 0 0 0 0 0 0 0 0 0 0 0 0 0 0 0 0 0 0 0 0 0 0 0 0 0 0 0 0 0 0 0 0 0 0 0 0 0 0 0 0 0 0 0 0 0 0 0 0 0 0 0 0 0 0 0 0 0 0 0 0 0 0 0 0 0 0 0 0 0 0 0 0 0 0 0 0 0 0 0 0 0 0 0 0 0 0 0 0 0 0 0 0 0 0 0 0 0 0 0 0 0 0 0 0 0 0 0 0 0 0 0 0 0 0 0 0 0 0 0 0 0 0 0 0 0 0 0 0 0 0 0 0 0 0 0 0 0 0 0 0 0 0 0 0 0 0 0 0 0 0 0 0 0 0 0 0 0 0 0 0 0 0 0 0 0 0 0 0 0 0 0 0 0 0 0 0 0 0 0 0 0 0 0 0 0 0 0 0 0 0 0 0 0 0 0 0 0 0 0 0 0 0 0 0 0 0 0 0 0 0 0 0 0 0 0 0 0 0 0 0 0 0 0 0 0 0 0 0 0 0 0 0 0 0 0 0 0 0 0 0 0 0 0 0 0 0 0 0 0 0 0 0 0 0 0 0 0 0 0 0 0 0 0 0 0 0 0 0 0 0 0 0 0 0 0 0 0 0 0 0 0 0 0 0 0 0 0 0 0 0 0 0 0 0 0 0 0 0 0 0 0 0 0 0 0 0 0 0 0 0 0 0 0 0 0 0 0 0 0 0 0 0 0 0 0 0 0 0 0 0 0 0 0 0 0 0 0 0 0 0 0 0 0 0 0 0 0 0 0 0 0 0 0 0 0 0 0 0 0 0 0 0 0 0 0 0 0 0 0 0 0 0 0 0 0 0 0 0 0 0 0 0 0 0 0 0 0 0 0 0 0 0 0 0 0 0 0 0 0 0 0 0 0 0 0 0 0 0 0 0 0 0 0 0 0 0 0 0 0 0 0 0 0 0 0 0 0 0 0 0 0 0 0 0 0 0 0 0 0 0 0 0 0 0 0 0 0 0 0 0 0 0 0 0 0 0 0 0 0 0 0 0 0 0 0 0 0 0 0 0 0 0 0 0 0 0 0 0 0 0 0 0 0 0 0 0 0 0 0 0 0 0 0 0 0 0 0 0 0 0 0 0 0 0 0 0 0 0 0 0 0 0 0 0 0 0 0 0 0 0 0 0 0 0 0 0 0 0 0 0 0 0 0 0 0 0 0 0 0 0 0 0 0 0 0 0 0 0 0 0 0 0 0 0 0 0 0 0 0 0 0 0 0 0 0 0 0 0 0 0 0 0 0 0 0 0 0 0 0 0 0 0 0 0 0 0 0 0 0 0 0 0 0 0 0 0 0 0 0 0 0 0 0 0 0 0 0 0 0 0 0 0 0 0 0 0 0 0 0 0 0 0 0 0 0 0 0 0 0 0 0 0 0 0 0 0 0 0 0 0 0 0 0 0 0 0 0 0 0 0 0 0 0 0 0 0 0 0 0 0 0 0 0 0 0 0 0 0 0 0 0 0 0 0 0 0 0 0 0 0 0 0 0 0 0 0 0 0 0 0 0 0 0 0 0 0 0 0 0 0 0 0 0 0 0 0 0 0 0 0 0 0 0 0 0 0 0 0 0 0 0 0 0 0 0 0 0 0 0 0 0 0 0 0 0 0 0 0 0 0 0 0 0 0 0 0 0 0 0 0 0 0 0 0 0 0 0 0 0 0 0 0 0 0 0 0 0 0 0 0 0 0 0 0 0 0 0 0 0 0 0 0 0 0
ctxt 4039782453
btime 1790630938
processes 267750
procs_running 15
procs_blocked 0
softirq 3692086276 73526 7094014 2752135 3602444113 289764 0 13557246 38717658 410 27157410
