Running 10s test @ http://127.0.0.1:18500/
  16 threads and 32 connections
  Thread Stats   Avg      Stdev     Max   +/- Stdev
    Latency   148.41us   36.20us   1.06ms   93.45%
    Req/Sec    13.51k     1.80k   15.68k    58.60%
  Latency Distribution
     50%  146.00us
     75%  148.00us
     90%  152.00us
     99%  298.00us
  2172531 requests in 10.10s, 219.62MB read
Requests/sec: 215105.08
Transfer/sec:     21.74MB
## server-stat
cpu  2433707 991 1259955 26844460 45631 0 601310 0 0 0
cpu0 85939 18 35214 846373 1035 0 18331 0 0 0
cpu1 90240 22 36013 845119 848 0 18150 0 0 0
cpu2 91779 19 36452 843359 590 0 18651 0 0 0
cpu3 117129 20 47709 795539 1324 0 28491 0 0 0
cpu4 124272 22 47787 789416 786 0 28748 0 0 0
cpu5 96824 22 37807 836377 584 0 19340 0 0 0
cpu6 99230 19 38924 832080 463 0 20697 0 0 0
cpu7 98225 18 39428 832448 301 0 20922 0 0 0
cpu8 38256 32 34913 875553 1433 0 10768 0 0 0
cpu9 43649 37 37569 858322 3337 0 11529 0 0 0
cpu10 42047 34 36476 864116 1607 0 11463 0 0 0
cpu11 38961 30 33947 877304 1058 0 10483 0 0 0
cpu12 66221 107 39558 833025 4083 0 12284 0 0 0
cpu13 64075 40 40156 833368 3959 0 12570 0 0 0
cpu14 38588 31 33364 880227 1219 0 10256 0 0 0
cpu15 36189 33 30855 890110 1021 0 9346 0 0 0
cpu16 114027 16 43935 808072 585 0 24908 0 0 0
cpu17 107627 16 42886 815169 1442 0 24167 0 0 0
cpu18 104265 16 41798 821781 324 0 23282 0 0 0
cpu19 141673 17 54982 758113 818 0 35146 0 0 0
cpu20 132339 17 52959 771078 879 0 33873 0 0 0
cpu21 100822 17 40918 825796 799 0 22746 0 0 0
cpu22 93703 21 38822 836172 498 0 20802 0 0 0
cpu23 87853 20 36742 847042 595 0 19091 0 0 0
cpu24 41758 35 34622 876046 1362 0 11151 0 0 0
cpu25 46096 39 38148 858570 2434 0 12972 0 0 0
cpu26 44386 35 37385 863154 1851 0 12620 0 0 0
cpu27 37677 25 33331 867944 1485 0 18931 0 0 0
cpu28 64703 57 43113 815591 3261 0 24631 0 0 0
cpu29 67697 94 44412 808193 3332 0 25009 0 0 0
cpu30 37067 24 34564 863050 1335 0 18810 0 0 0
cpu31 40377 23 35153 875936 965 0 11127 0 0 0
intr 2500732457 126 0 0 0 0 0 0 0 0 1 0 0 0 0 0 0 0 0 0 0 0 0 0 0 0 0 0 1 1 1 0 0 0 0 1 0 1 0 0 75045 0 0 0 0 0 0 0 0 411 0 0 0 0 0 0 0 0 87 0 0 0 0 0 0 0 0 0 0 0 0 0 0 0 265366 2 35015869 34955812 34882249 35016912 0 8279 2748 3250 1919 3401 2792 2430 2757 1682 11522 20249 11704 9084 15373 16683 11824 8054 2985 2063 1677 3150 2422 2220 1742 1741 9866 8890 6644 6845 8472 7699 7002 8527 0 0 0 0 616677 3735 1036 0 264 0 0 0 0 0 0 0 0 0 0 0 0 0 0 0 0 0 0 0 0 0 0 0 0 0 0 0 0 0 0 0 0 0 0 0 0 0 0 0 0 0 0 0 0 0 0 0 0 0 0 0 0 0 0 0 0 0 0 0 0 0 0 0 0 0 0 0 0 0 0 0 0 0 0 0 0 0 0 0 0 0 0 0 0 0 0 0 0 0 0 0 0 0 0 0 0 0 0 0 0 0 0 0 0 0 0 0 0 0 0 0 0 0 0 0 0 0 0 0 0 0 0 0 0 0 0 0 0 0 0 0 0 0 0 0 0 0 0 0 0 0 0 0 0 0 0 0 0 0 0 0 0 0 0 0 0 0 0 0 0 0 0 0 0 0 0 0 0 0 0 0 0 0 0 0 0 0 0 0 0 0 0 0 0 0 0 0 0 0 0 0 0 0 0 0 0 0 0 0 0 0 0 0 0 0 0 0 0 0 0 0 0 0 0 0 0 0 0 0 0 0 0 0 0 0 0 0 0 0 0 0 0 0 0 0 0 0 0 0 0 0 0 0 0 0 0 0 0 0 0 0 0 0 0 0 0 0 0 0 0 0 0 0 0 0 0 0 0 0 0 0 0 0 0 0 0 0 0 0 0 0 0 0 0 0 0 0 0 0 0 0 0 0 0 0 0 0 0 0 0 0 0 0 0 0 0 0 0 0 0 0 0 0 0 0 0 0 0 0 0 0 0 0 0 0 0 0 0 0 0 0 0 0 0 0 0 0 0 0 0 0 0 0 0 0 0 0 0 0 0 0 0 0 0 0 0 0 0 0 0 0 0 0 0 0 0 0 0 0 0 0 0 0 0 0 0 0 0 0 0 0 0 0 0 0 0 0 0 0 0 0 0 0 0 0 0 0 0 0 0 0 0 0 0 0 0 0 0 0 0 0 0 0 0 0 0 0 0 0 0 0 0 0 0 0 0 0 0 0 0 0 0 0 0 0 0 0 0 0 0 0 0 0 0 0 0 0 0 0 0 0 0 0 0 0 0 0 0 0 0 0 0 0 0 0 0 0 0 0 0 0 0 0 0 0 0 0 0 0 0 0 0 0 0 0 0 0 0 0 0 0 0 0 0 0 0 0 0 0 0 0 0 0 0 0 0 0 0 0 0 0 0 0 0 0 0 0 0 0 0 0 0 0 0 0 0 0 0 0 0 0 0 0 0 0 0 0 0 0 0 0 0 0 0 0 0 0 0 0 0 0 0 0 0 0 0 0 0 0 0 0 0 0 0 0 0 0 0 0 0 0 0 0 0 0 0 0 0 0 0 0 0 0 0 0 0 0 0 0 0 0 0 0 0 0 0 0 0 0 0 0 0 0 0 0 0 0 0 0 0 0 0 0 0 0 0 0 0 0 0 0 0 0 0 0 0 0 0 0 0 0 0 0 0 0 0 0 0 0 0 0 0 0 0 0 0 0 0 0 0 0 0 0 0 0 0 0 0 0 0 0 0 0 0 0 0 0 0 0 0 0 0 0 0 0 0 0 0 0 0 0 0 0 0 0 0 0 0 0 0 0 0 0 0 0 0 0 0 0 0 0 0 0 0 0 0 0 0 0 0 0 0 0 0 0 0 0 0 0 0 0 0 0 0 0 0 0 0 0 0 0 0 0 0 0 0 0 0 0 0 0 0 0 0 0 0 0 0 0 0 0 0 0 0 0 0 0 0 0 0 0 0 0 0 0 0 0 0 0 0 0 0 0 0 0 0 0 0 0 0 0 0 0 0 0 0 0 0 0 0 0 0 0 0 0 0 0 0 0 0 0 0 0 0 0 0 0 0 0 0 0 0 0 0 0 0 0 0 0 0 0 0 0 0 0 0 0 0 0 0 0 0 0 0 0 0 0 0 0 0 0 0 0 0 0 0 0 0 0 0 0 0 0 0 0 0 0 0 0 0 0 0 0 0 0 0 0 0 0 0 0 0 0 0 0 0 0 0 0 0 0 0 0 0 0 0 0 0 0 0 0 0 0 0 0 0 0 0 0 0 0 0 0 0 0 0 0 0 0 0 0 0 0 0 0 0 0 0 0 0 0 0 0 0 0 0 0 0 0 0 0 0 0 0 0 0 0 0 0 0 0 0 0 0 0 0 0 0 0 0 0 0 0 0 0 0 0 0 0 0 0 0 0 0 0 0 0 0 0 0 0 0 0 0 0 0 0 0 0 0 0 0 0 0 0 0 0 0 0 0 0 0 0 0 0 0 0 0 0 0 0 0 0 0 0 0 0 0 0 0 0 0 0 0 0 0 0 0 0 0 0 0 0 0 0 0 0 0 0 0 0 0 0 0 0 0 0 0 0 0 0 0 0 0 0 0 0 0 0 0 0 0 0 0 0 0 0 0 0 0 0 0 0 0 0 0 0 0 0 0 0 0 0 0 0 0 0 0 0 0 0 0 0 0 0 0 0 0 0 0 0 0 0 0 0 0 0 0 0 0 0 0
ctxt 3802214945
btime 1790630938
processes 257167
procs_running 3
procs_blocked 0
softirq 3478077667 73526 6813529 2752067 3391270612 277816 0 13557008 37266054 410 26066645
--
cpu  2434627 992 1260370 26867184 45662 0 601714 0 0 0
cpu0 85939 18 35214 847162 1035 0 18332 0 0 0
cpu1 90240 22 36013 845918 848 0 18150 0 0 0
cpu2 91780 19 36452 844157 590 0 18651 0 0 0
cpu3 117411 20 47837 795794 1324 0 28627 0 0 0
cpu4 124475 22 47870 789837 786 0 28841 0 0 0
cpu5 96827 22 37807 837173 584 0 19340 0 0 0
cpu6 99232 19 38924 832877 463 0 20697 0 0 0
cpu7 98225 18 39428 833247 301 0 20922 0 0 0
cpu8 38256 32 34915 876291 1433 0 10768 0 0 0
cpu9 43654 37 37571 859026 3337 0 11531 0 0 0
cpu10 42049 34 36478 864816 1607 0 11464 0 0 0
cpu11 38963 31 33948 878042 1058 0 10484 0 0 0
cpu12 66228 107 39564 833679 4085 0 12286 0 0 0
cpu13 64083 40 40165 833996 3959 0 12573 0 0 0
cpu14 38592 31 33368 880920 1220 0 10257 0 0 0
cpu15 36190 33 30856 890834 1022 0 9346 0 0 0
cpu16 114030 16 43937 808863 585 0 24910 0 0 0
cpu17 107629 16 42887 815966 1442 0 24167 0 0 0
cpu18 104267 16 41798 822578 324 0 23282 0 0 0
cpu19 141804 17 55043 758662 818 0 35206 0 0 0
cpu20 132563 17 53054 771459 879 0 33972 0 0 0
cpu21 100822 17 40918 826593 801 0 22746 0 0 0
cpu22 93703 21 38823 836969 498 0 20802 0 0 0
cpu23 87854 20 36742 847841 595 0 19091 0 0 0
cpu24 41758 35 34622 876791 1362 0 11151 0 0 0
cpu25 46097 39 38149 859332 2434 0 12972 0 0 0
cpu26 44387 35 37386 863921 1851 0 12620 0 0 0
cpu27 37677 25 33332 868726 1485 0 18932 0 0 0
cpu28 64725 57 43116 816323 3261 0 24631 0 0 0
cpu29 67706 94 44419 808874 3345 0 25011 0 0 0
cpu30 37070 24 34566 863792 1346 0 18810 0 0 0
cpu31 40378 23 35154 876709 965 0 11127 0 0 0
intr 2502519228 126 0 0 0 0 0 0 0 0 1 0 0 0 0 0 0 0 0 0 0 0 0 0 0 0 0 0 1 1 1 0 0 0 0 1 0 1 0 0 75045 0 0 0 0 0 0 0 0 411 0 0 0 0 0 0 0 0 87 0 0 0 0 0 0 0 0 0 0 0 0 0 0 0 265700 2 35015885 34955850 34882266 35016926 0 8283 2748 3250 1919 3401 2792 2430 2757 1682 11522 20249 11704 9085 15373 16683 11824 8054 2985 2063 1677 3150 2422 2231 1742 1741 9869 8890 6644 6845 8472 7699 7002 8527 0 0 0 0 616677 3735 1036 0 264 0 0 0 0 0 0 0 0 0 0 0 0 0 0 0 0 0 0 0 0 0 0 0 0 0 0 0 0 0 0 0 0 0 0 0 0 0 0 0 0 0 0 0 0 0 0 0 0 0 0 0 0 0 0 0 0 0 0 0 0 0 0 0 0 0 0 0 0 0 0 0 0 0 0 0 0 0 0 0 0 0 0 0 0 0 0 0 0 0 0 0 0 0 0 0 0 0 0 0 0 0 0 0 0 0 0 0 0 0 0 0 0 0 0 0 0 0 0 0 0 0 0 0 0 0 0 0 0 0 0 0 0 0 0 0 0 0 0 0 0 0 0 0 0 0 0 0 0 0 0 0 0 0 0 0 0 0 0 0 0 0 0 0 0 0 0 0 0 0 0 0 0 0 0 0 0 0 0 0 0 0 0 0 0 0 0 0 0 0 0 0 0 0 0 0 0 0 0 0 0 0 0 0 0 0 0 0 0 0 0 0 0 0 0 0 0 0 0 0 0 0 0 0 0 0 0 0 0 0 0 0 0 0 0 0 0 0 0 0 0 0 0 0 0 0 0 0 0 0 0 0 0 0 0 0 0 0 0 0 0 0 0 0 0 0 0 0 0 0 0 0 0 0 0 0 0 0 0 0 0 0 0 0 0 0 0 0 0 0 0 0 0 0 0 0 0 0 0 0 0 0 0 0 0 0 0 0 0 0 0 0 0 0 0 0 0 0 0 0 0 0 0 0 0 0 0 0 0 0 0 0 0 0 0 0 0 0 0 0 0 0 0 0 0 0 0 0 0 0 0 0 0 0 0 0 0 0 0 0 0 0 0 0 0 0 0 0 0 0 0 0 0 0 0 0 0 0 0 0 0 0 0 0 0 0 0 0 0 0 0 0 0 0 0 0 0 0 0 0 0 0 0 0 0 0 0 0 0 0 0 0 0 0 0 0 0 0 0 0 0 0 0 0 0 0 0 0 0 0 0 0 0 0 0 0 0 0 0 0 0 0 0 0 0 0 0 0 0 0 0 0 0 0 0 0 0 0 0 0 0 0 0 0 0 0 0 0 0 0 0 0 0 0 0 0 0 0 0 0 0 0 0 0 0 0 0 0 0 0 0 0 0 0 0 0 0 0 0 0 0 0 0 0 0 0 0 0 0 0 0 0 0 0 0 0 0 0 0 0 0 0 0 0 0 0 0 0 0 0 0 0 0 0 0 0 0 0 0 0 0 0 0 0 0 0 0 0 0 0 0 0 0 0 0 0 0 0 0 0 0 0 0 0 0 0 0 0 0 0 0 0 0 0 0 0 0 0 0 0 0 0 0 0 0 0 0 0 0 0 0 0 0 0 0 0 0 0 0 0 0 0 0 0 0 0 0 0 0 0 0 0 0 0 0 0 0 0 0 0 0 0 0 0 0 0 0 0 0 0 0 0 0 0 0 0 0 0 0 0 0 0 0 0 0 0 0 0 0 0 0 0 0 0 0 0 0 0 0 0 0 0 0 0 0 0 0 0 0 0 0 0 0 0 0 0 0 0 0 0 0 0 0 0 0 0 0 0 0 0 0 0 0 0 0 0 0 0 0 0 0 0 0 0 0 0 0 0 0 0 0 0 0 0 0 0 0 0 0 0 0 0 0 0 0 0 0 0 0 0 0 0 0 0 0 0 0 0 0 0 0 0 0 0 0 0 0 0 0 0 0 0 0 0 0 0 0 0 0 0 0 0 0 0 0 0 0 0 0 0 0 0 0 0 0 0 0 0 0 0 0 0 0 0 0 0 0 0 0 0 0 0 0 0 0 0 0 0 0 0 0 0 0 0 0 0 0 0 0 0 0 0 0 0 0 0 0 0 0 0 0 0 0 0 0 0 0 0 0 0 0 0 0 0 0 0 0 0 0 0 0 0 0 0 0 0 0 0 0 0 0 0 0 0 0 0 0 0 0 0 0 0 0 0 0 0 0 0 0 0 0 0 0 0 0 0 0 0 0 0 0 0 0 0 0 0 0 0 0 0 0 0 0 0 0 0 0 0 0 0 0 0 0 0 0 0 0 0 0 0 0 0 0 0 0 0 0 0 0 0 0 0 0 0 0 0 0 0 0 0 0 0 0 0 0 0 0 0 0 0 0 0 0 0 0 0 0 0 0 0 0 0 0 0 0 0 0 0 0 0 0 0 0 0 0 0 0 0 0 0 0 0 0 0 0 0 0 0 0 0 0 0 0 0 0 0 0 0 0 0 0 0 0 0 0 0 0 0 0 0 0 0 0 0 0 0 0 0 0 0 0 0 0 0 0 0 0 0 0 0 0 0 0 0 0 0 0 0 0 0 0 0 0 0 0 0 0 0 0 0 0 0 0 0 0 0 0 0 0 0 0 0 0 0 0 0 0 0 0 0 0 0 0 0 0 0 0 0 0 0 0 0 0 0 0 0 0 0 0 0 0 0 0 0 0 0 0 0 0 0 0 0 0 0 0 0 0 0 0 0 0 0 0
ctxt 3805702320
btime 1790630938
processes 257232
procs_running 3
procs_blocked 0
softirq 3481543390 73526 6816615 2752067 3394713950 278153 0 13557008 37277293 410 26074368
