Running 10s test @ http://127.0.0.1:18500/
  16 threads and 128 connections
  Thread Stats   Avg      Stdev     Max   +/- Stdev
    Latency     0.89ms  104.36us   2.27ms   89.51%
    Req/Sec     9.03k   353.78    13.64k    98.88%
  Latency Distribution
     50%    0.87ms
     75%    0.91ms
     90%    0.96ms
     99%    1.35ms
  1449769 requests in 10.10s, 172.83MB read
Requests/sec: 143550.27
Transfer/sec:     17.11MB
## server-stat
cpu  2517219 1029 1295605 28081201 46802 0 628877 0 0 0
cpu0 87600 18 35678 887819 1046 0 18666 0 0 0
cpu1 94155 22 37340 883138 862 0 19237 0 0 0
cpu2 95399 20 37624 882044 600 0 19557 0 0 0
cpu3 124902 20 49949 827905 1334 0 30436 0 0 0
cpu4 133701 22 50620 819022 788 0 31296 0 0 0
cpu5 99342 23 38546 877069 596 0 19796 0 0 0
cpu6 102875 20 40133 870775 469 0 21629 0 0 0
cpu7 103617 19 41353 868100 304 0 22510 0 0 0
cpu8 38423 33 35487 916912 1452 0 11106 0 0 0
cpu9 43897 40 38218 898580 3454 0 11896 0 0 0
cpu10 42233 36 37126 904463 1677 0 11828 0 0 0
cpu11 39102 33 34516 918412 1098 0 10815 0 0 0
cpu12 66966 110 40362 872254 4152 0 12718 0 0 0
cpu13 64762 42 40993 872410 4020 0 13018 0 0 0
cpu14 38742 32 33955 920999 1231 0 10585 0 0 0
cpu15 36318 35 31381 931469 1032 0 9649 0 0 0
cpu16 120273 17 45765 842880 621 0 26451 0 0 0
cpu17 111092 16 43915 854249 1444 0 24993 0 0 0
cpu18 107621 17 42989 860674 336 0 24272 0 0 0
cpu19 152207 17 58426 785252 818 0 38478 0 0 0
cpu20 141052 17 55767 801259 880 0 36600 0 0 0
cpu21 105185 18 42532 862795 856 0 24157 0 0 0
cpu22 96702 22 39945 875624 514 0 21723 0 0 0
cpu23 88934 21 37117 889920 608 0 19303 0 0 0
cpu24 41909 38 35194 917411 1399 0 11480 0 0 0
cpu25 46344 41 38786 899569 2491 0 13324 0 0 0
cpu26 44576 37 37994 904443 1879 0 12971 0 0 0
cpu27 37821 26 33898 909728 1501 0 19262 0 0 0
cpu28 65398 58 43900 855785 3329 0 25050 0 0 0
cpu29 68318 96 45245 847889 3571 0 25444 0 0 0
cpu30 37220 25 35139 904554 1396 0 19158 0 0 0
cpu31 40519 24 35699 917782 1029 0 11455 0 0 0
intr 2595467782 126 0 0 0 0 0 0 0 0 1 0 0 0 0 0 0 0 0 0 0 0 0 0 0 0 0 0 1 1 1 0 0 0 0 1 0 1 0 0 75045 0 0 0 0 0 0 0 0 411 0 0 0 0 0 0 0 0 87 0 0 0 0 0 0 0 0 0 0 0 0 0 0 0 275297 2 35017579 34958280 34884598 35018751 0 8645 2752 3255 1920 3446 2797 2567 2763 1844 11698 20315 11966 9117 15519 16817 11886 8134 2986 2066 1679 3185 2422 2245 1744 1833 9977 9025 6671 6948 8518 7786 7091 8619 0 0 0 0 616709 3779 1036 0 264 0 0 0 0 0 0 0 0 0 0 0 0 0 0 0 0 0 0 0 0 0 0 0 0 0 0 0 0 0 0 0 0 0 0 0 0 0 0 0 0 0 0 0 0 0 0 0 0 0 0 0 0 0 0 0 0 0 0 0 0 0 0 0 0 0 0 0 0 0 0 0 0 0 0 0 0 0 0 0 0 0 0 0 0 0 0 0 0 0 0 0 0 0 0 0 0 0 0 0 0 0 0 0 0 0 0 0 0 0 0 0 0 0 0 0 0 0 0 0 0 0 0 0 0 0 0 0 0 0 0 0 0 0 0 0 0 0 0 0 0 0 0 0 0 0 0 0 0 0 0 0 0 0 0 0 0 0 0 0 0 0 0 0 0 0 0 0 0 0 0 0 0 0 0 0 0 0 0 0 0 0 0 0 0 0 0 0 0 0 0 0 0 0 0 0 0 0 0 0 0 0 0 0 0 0 0 0 0 0 0 0 0 0 0 0 0 0 0 0 0 0 0 0 0 0 0 0 0 0 0 0 0 0 0 0 0 0 0 0 0 0 0 0 0 0 0 0 0 0 0 0 0 0 0 0 0 0 0 0 0 0 0 0 0 0 0 0 0 0 0 0 0 0 0 0 0 0 0 0 0 0 0 0 0 0 0 0 0 0 0 0 0 0 0 0 0 0 0 0 0 0 0 0 0 0 0 0 0 0 0 0 0 0 0 0 0 0 0 0 0 0 0 0 0 0 0 0 0 0 0 0 0 0 0 0 0 0 0 0 0 0 0 0 0 0 0 0 0 0 0 0 0 0 0 0 0 0 0 0 0 0 0 0 0 0 0 0 0 0 0 0 0 0 0 0 0 0 0 0 0 0 0 0 0 0 0 0 0 0 0 0 0 0 0 0 0 0 0 0 0 0 0 0 0 0 0 0 0 0 0 0 0 0 0 0 0 0 0 0 0 0 0 0 0 0 0 0 0 0 0 0 0 0 0 0 0 0 0 0 0 0 0 0 0 0 0 0 0 0 0 0 0 0 0 0 0 0 0 0 0 0 0 0 0 0 0 0 0 0 0 0 0 0 0 0 0 0 0 0 0 0 0 0 0 0 0 0 0 0 0 0 0 0 0 0 0 0 0 0 0 0 0 0 0 0 0 0 0 0 0 0 0 0 0 0 0 0 0 0 0 0 0 0 0 0 0 0 0 0 0 0 0 0 0 0 0 0 0 0 0 0 0 0 0 0 0 0 0 0 0 0 0 0 0 0 0 0 0 0 0 0 0 0 0 0 0 0 0 0 0 0 0 0 0 0 0 0 0 0 0 0 0 0 0 0 0 0 0 0 0 0 0 0 0 0 0 0 0 0 0 0 0 0 0 0 0 0 0 0 0 0 0 0 0 0 0 0 0 0 0 0 0 0 0 0 0 0 0 0 0 0 0 0 0 0 0 0 0 0 0 0 0 0 0 0 0 0 0 0 0 0 0 0 0 0 0 0 0 0 0 0 0 0 0 0 0 0 0 0 0 0 0 0 0 0 0 0 0 0 0 0 0 0 0 0 0 0 0 0 0 0 0 0 0 0 0 0 0 0 0 0 0 0 0 0 0 0 0 0 0 0 0 0 0 0 0 0 0 0 0 0 0 0 0 0 0 0 0 0 0 0 0 0 0 0 0 0 0 0 0 0 0 0 0 0 0 0 0 0 0 0 0 0 0 0 0 0 0 0 0 0 0 0 0 0 0 0 0 0 0 0 0 0 0 0 0 0 0 0 0 0 0 0 0 0 0 0 0 0 0 0 0 0 0 0 0 0 0 0 0 0 0 0 0 0 0 0 0 0 0 0 0 0 0 0 0 0 0 0 0 0 0 0 0 0 0 0 0 0 0 0 0 0 0 0 0 0 0 0 0 0 0 0 0 0 0 0 0 0 0 0 0 0 0 0 0 0 0 0 0 0 0 0 0 0 0 0 0 0 0 0 0 0 0 0 0 0 0 0 0 0 0 0 0 0 0 0 0 0 0 0 0 0 0 0 0 0 0 0 0 0 0 0 0 0 0 0 0 0 0 0 0 0 0 0 0 0 0 0 0 0 0 0 0 0 0 0 0 0 0 0 0 0 0 0 0 0 0 0 0 0 0 0 0 0 0 0 0 0 0 0 0 0 0 0 0 0 0 0 0 0 0 0 0 0 0 0 0 0 0 0 0 0 0 0 0 0 0 0 0 0 0 0 0 0 0 0 0 0 0 0 0 0 0 0 0 0 0 0 0 0 0 0 0 0 0 0 0 0 0 0 0 0 0 0 0 0 0 0 0 0 0 0 0 0 0 0 0 0 0 0 0 0 0 0 0 0 0 0 0 0 0 0 0 0 0 0 0 0 0 0 0 0 0 0 0 0 0 0 0 0 0 0 0 0 0 0 0 0 0 0 0 0 0 0 0 0 0 0 0 0 0 0 0 0 0 0 0 0 0 0 0 0 0 0 0 0 0 0 0 0 0
ctxt 3983513339
btime 1790630938
processes 266461
procs_running 14
procs_blocked 0
softirq 3661922253 73526 7038878 2752127 3573186295 288298 0 13557213 38139999 410 26885507
--
cpu  2522511 1029 1297220 28096198 46811 0 629783 0 0 0
cpu0 87908 18 35758 888079 1046 0 18713 0 0 0
cpu1 94473 22 37417 883391 862 0 19284 0 0 0
cpu2 95713 20 37699 882299 600 0 19599 0 0 0
cpu3 125223 20 50025 828151 1334 0 30486 0 0 0
cpu4 134027 22 50700 819264 788 0 31345 0 0 0
cpu5 99659 23 38624 877313 596 0 19842 0 0 0
cpu6 103190 20 40208 871029 469 0 21672 0 0 0
cpu7 103907 19 41433 868372 304 0 22549 0 0 0
cpu8 38426 33 35506 917613 1452 0 11114 0 0 0
cpu9 43904 40 38254 899215 3454 0 11910 0 0 0
cpu10 42239 36 37150 905139 1677 0 11838 0 0 0
cpu11 39104 33 34525 919163 1098 0 10818 0 0 0
cpu12 66970 110 40387 872958 4153 0 12732 0 0 0
cpu13 64766 42 41014 873123 4020 0 13030 0 0 0
cpu14 38743 32 33961 921768 1231 0 10588 0 0 0
cpu15 36319 35 31385 932250 1032 0 9650 0 0 0
cpu16 120616 17 45840 843107 621 0 26501 0 0 0
cpu17 111427 16 43991 854477 1444 0 25041 0 0 0
cpu18 107949 17 43068 860906 336 0 24322 0 0 0
cpu19 152550 17 58504 785478 818 0 38529 0 0 0
cpu20 141385 17 55852 801485 880 0 36648 0 0 0
cpu21 105513 18 42614 863034 856 0 24204 0 0 0
cpu22 97044 22 40020 875859 514 0 21770 0 0 0
cpu23 89250 21 37197 890164 608 0 19346 0 0 0
cpu24 41910 38 35197 918195 1399 0 11481 0 0 0
cpu25 46345 41 38794 900329 2491 0 13327 0 0 0
cpu26 44578 37 38000 905211 1879 0 12974 0 0 0
cpu27 37821 26 33900 910515 1501 0 19263 0 0 0
cpu28 65436 58 43969 856292 3332 0 25083 0 0 0
cpu29 68355 96 45324 848357 3575 0 25476 0 0 0
cpu30 37223 25 35167 905187 1396 0 19171 0 0 0
cpu31 40523 24 35723 918460 1029 0 11463 0 0 0
intr 2601692813 126 0 0 0 0 0 0 0 0 1 0 0 0 0 0 0 0 0 0 0 0 0 0 0 0 0 0 1 1 1 0 0 0 0 1 0 1 0 0 75045 0 0 0 0 0 0 0 0 411 0 0 0 0 0 0 0 0 87 0 0 0 0 0 0 0 0 0 0 0 0 0 0 0 275422 2 35017601 34958299 34884627 35018797 0 8649 2752 3255 1920 3446 2797 2567 2763 1844 11698 20316 11966 9118 15521 16825 11886 8134 2986 2066 1679 3185 2422 2245 1744 1835 9977 9025 6671 6948 8519 7789 7091 8619 0 0 0 0 616709 3785 1036 0 264 0 0 0 0 0 0 0 0 0 0 0 0 0 0 0 0 0 0 0 0 0 0 0 0 0 0 0 0 0 0 0 0 0 0 0 0 0 0 0 0 0 0 0 0 0 0 0 0 0 0 0 0 0 0 0 0 0 0 0 0 0 0 0 0 0 0 0 0 0 0 0 0 0 0 0 0 0 0 0 0 0 0 0 0 0 0 0 0 0 0 0 0 0 0 0 0 0 0 0 0 0 0 0 0 0 0 0 0 0 0 0 0 0 0 0 0 0 0 0 0 0 0 0 0 0 0 0 0 0 0 0 0 0 0 0 0 0 0 0 0 0 0 0 0 0 0 0 0 0 0 0 0 0 0 0 0 0 0 0 0 0 0 0 0 0 0 0 0 0 0 0 0 0 0 0 0 0 0 0 0 0 0 0 0 0 0 0 0 0 0 0 0 0 0 0 0 0 0 0 0 0 0 0 0 0 0 0 0 0 0 0 0 0 0 0 0 0 0 0 0 0 0 0 0 0 0 0 0 0 0 0 0 0 0 0 0 0 0 0 0 0 0 0 0 0 0 0 0 0 0 0 0 0 0 0 0 0 0 0 0 0 0 0 0 0 0 0 0 0 0 0 0 0 0 0 0 0 0 0 0 0 0 0 0 0 0 0 0 0 0 0 0 0 0 0 0 0 0 0 0 0 0 0 0 0 0 0 0 0 0 0 0 0 0 0 0 0 0 0 0 0 0 0 0 0 0 0 0 0 0 0 0 0 0 0 0 0 0 0 0 0 0 0 0 0 0 0 0 0 0 0 0 0 0 0 0 0 0 0 0 0 0 0 0 0 0 0 0 0 0 0 0 0 0 0 0 0 0 0 0 0 0 0 0 0 0 0 0 0 0 0 0 0 0 0 0 0 0 0 0 0 0 0 0 0 0 0 0 0 0 0 0 0 0 0 0 0 0 0 0 0 0 0 0 0 0 0 0 0 0 0 0 0 0 0 0 0 0 0 0 0 0 0 0 0 0 0 0 0 0 0 0 0 0 0 0 0 0 0 0 0 0 0 0 0 0 0 0 0 0 0 0 0 0 0 0 0 0 0 0 0 0 0 0 0 0 0 0 0 0 0 0 0 0 0 0 0 0 0 0 0 0 0 0 0 0 0 0 0 0 0 0 0 0 0 0 0 0 0 0 0 0 0 0 0 0 0 0 0 0 0 0 0 0 0 0 0 0 0 0 0 0 0 0 0 0 0 0 0 0 0 0 0 0 0 0 0 0 0 0 0 0 0 0 0 0 0 0 0 0 0 0 0 0 0 0 0 0 0 0 0 0 0 0 0 0 0 0 0 0 0 0 0 0 0 0 0 0 0 0 0 0 0 0 0 0 0 0 0 0 0 0 0 0 0 0 0 0 0 0 0 0 0 0 0 0 0 0 0 0 0 0 0 0 0 0 0 0 0 0 0 0 0 0 0 0 0 0 0 0 0 0 0 0 0 0 0 0 0 0 0 0 0 0 0 0 0 0 0 0 0 0 0 0 0 0 0 0 0 0 0 0 0 0 0 0 0 0 0 0 0 0 0 0 0 0 0 0 0 0 0 0 0 0 0 0 0 0 0 0 0 0 0 0 0 0 0 0 0 0 0 0 0 0 0 0 0 0 0 0 0 0 0 0 0 0 0 0 0 0 0 0 0 0 0 0 0 0 0 0 0 0 0 0 0 0 0 0 0 0 0 0 0 0 0 0 0 0 0 0 0 0 0 0 0 0 0 0 0 0 0 0 0 0 0 0 0 0 0 0 0 0 0 0 0 0 0 0 0 0 0 0 0 0 0 0 0 0 0 0 0 0 0 0 0 0 0 0 0 0 0 0 0 0 0 0 0 0 0 0 0 0 0 0 0 0 0 0 0 0 0 0 0 0 0 0 0 0 0 0 0 0 0 0 0 0 0 0 0 0 0 0 0 0 0 0 0 0 0 0 0 0 0 0 0 0 0 0 0 0 0 0 0 0 0 0 0 0 0 0 0 0 0 0 0 0 0 0 0 0 0 0 0 0 0 0 0 0 0 0 0 0 0 0 0 0 0 0 0 0 0 0 0 0 0 0 0 0 0 0 0 0 0 0 0 0 0 0 0 0 0 0 0 0 0 0 0 0 0 0 0 0 0 0 0 0 0 0 0 0 0 0 0 0 0 0 0 0 0 0 0 0 0 0 0 0 0 0 0 0 0 0 0 0 0 0 0 0 0 0 0 0 0 0 0 0 0 0 0 0 0 0 0 0 0 0 0 0 0 0 0 0 0 0 0 0 0 0 0 0 0 0 0 0 0 0 0 0 0 0 0 0 0 0 0 0 0 0 0 0 0 0 0 0 0 0 0 0 0 0 0 0 0 0 0 0 0 0 0 0 0 0 0 0 0 0 0 0 0 0 0 0 0 0 0 0 0 0 0 0 0 0 0 0 0 0 0 0 0 0 0 0 0 0 0 0 0 0 0 0 0 0
ctxt 3994792354
btime 1790630938
processes 266505
procs_running 15
procs_blocked 0
softirq 3666647421 73526 7045599 2752127 3577773138 288431 0 13557227 38231322 410 26925641
