Running 10s test @ http://127.0.0.1:18500/wait
  16 threads and 32 connections
  Thread Stats   Avg      Stdev     Max   +/- Stdev
    Latency    10.20ms  355.84us  11.67ms   85.90%
    Req/Sec   196.76      7.02   212.00     88.81%
  Latency Distribution
     50%   10.33ms
     75%   10.40ms
     90%   10.46ms
     99%   10.58ms
  31372 requests in 10.01s, 3.92MB read
Requests/sec:   3134.42
Transfer/sec:    400.99KB
## server-stat
cpu  2465998 1012 1271055 27571843 46345 0 609914 0 0 0
cpu0 87121 18 35540 869128 1037 0 18556 0 0 0
cpu1 91307 22 36339 868201 862 0 18354 0 0 0
cpu2 92729 20 36758 866646 591 0 18824 0 0 0
cpu3 121286 20 49009 813554 1324 0 29717 0 0 0
cpu4 128336 22 49195 807278 787 0 30146 0 0 0
cpu5 97715 23 38117 859750 592 0 19508 0 0 0
cpu6 100020 19 39208 855664 469 0 20837 0 0 0
cpu7 98924 19 39681 856243 302 0 21054 0 0 0
cpu8 38309 32 34981 899685 1442 0 10811 0 0 0
cpu9 43758 39 37689 881568 3448 0 11593 0 0 0
cpu10 42117 35 36594 887389 1675 0 11526 0 0 0
cpu11 39008 32 34023 901160 1088 0 10525 0 0 0
cpu12 66608 109 39796 855505 4093 0 12397 0 0 0
cpu13 64406 41 40405 855686 4012 0 12690 0 0 0
cpu14 38648 32 33473 903704 1228 0 10317 0 0 0
cpu15 36231 34 30928 914038 1028 0 9386 0 0 0
cpu16 115431 16 44227 830988 585 0 25071 0 0 0
cpu17 108707 16 43171 838357 1443 0 24335 0 0 0
cpu18 105189 16 42073 845186 327 0 23437 0 0 0
cpu19 146920 17 56629 774343 818 0 36792 0 0 0
cpu20 137678 17 54466 787497 879 0 35355 0 0 0
cpu21 101675 18 41189 849250 828 0 22893 0 0 0
cpu22 94469 21 39090 859824 514 0 20931 0 0 0
cpu23 88564 21 36989 870870 597 0 19203 0 0 0
cpu24 41807 37 34688 900177 1364 0 11192 0 0 0
cpu25 46178 40 38238 882450 2484 0 13023 0 0 0
cpu26 44450 36 37460 887319 1856 0 12662 0 0 0
cpu27 37711 25 33383 892447 1493 0 18965 0 0 0
cpu28 65115 58 43264 838999 3307 0 24699 0 0 0
cpu29 68040 94 44608 831147 3480 0 25094 0 0 0
cpu30 37113 25 34629 887309 1369 0 18849 0 0 0
cpu31 40415 24 35201 900468 1009 0 11156 0 0 0
intr 2548140725 126 0 0 0 0 0 0 0 0 1 0 0 0 0 0 0 0 0 0 0 0 0 0 0 0 0 0 1 1 1 0 0 0 0 1 0 1 0 0 75045 0 0 0 0 0 0 0 0 411 0 0 0 0 0 0 0 0 87 0 0 0 0 0 0 0 0 0 0 0 0 0 0 0 270997 2 35016787 34957078 34883239 35017889 0 8487 2752 3252 1919 3403 2795 2517 2759 1764 11606 20269 11768 9108 15507 16771 11863 8097 2986 2066 1679 3150 2422 2243 1742 1741 9953 8992 6655 6936 8491 7745 7009 8613 0 0 0 0 616693 3762 1036 0 264 0 0 0 0 0 0 0 0 0 0 0 0 0 0 0 0 0 0 0 0 0 0 0 0 0 0 0 0 0 0 0 0 0 0 0 0 0 0 0 0 0 0 0 0 0 0 0 0 0 0 0 0 0 0 0 0 0 0 0 0 0 0 0 0 0 0 0 0 0 0 0 0 0 0 0 0 0 0 0 0 0 0 0 0 0 0 0 0 0 0 0 0 0 0 0 0 0 0 0 0 0 0 0 0 0 0 0 0 0 0 0 0 0 0 0 0 0 0 0 0 0 0 0 0 0 0 0 0 0 0 0 0 0 0 0 0 0 0 0 0 0 0 0 0 0 0 0 0 0 0 0 0 0 0 0 0 0 0 0 0 0 0 0 0 0 0 0 0 0 0 0 0 0 0 0 0 0 0 0 0 0 0 0 0 0 0 0 0 0 0 0 0 0 0 0 0 0 0 0 0 0 0 0 0 0 0 0 0 0 0 0 0 0 0 0 0 0 0 0 0 0 0 0 0 0 0 0 0 0 0 0 0 0 0 0 0 0 0 0 0 0 0 0 0 0 0 0 0 0 0 0 0 0 0 0 0 0 0 0 0 0 0 0 0 0 0 0 0 0 0 0 0 0 0 0 0 0 0 0 0 0 0 0 0 0 0 0 0 0 0 0 0 0 0 0 0 0 0 0 0 0 0 0 0 0 0 0 0 0 0 0 0 0 0 0 0 0 0 0 0 0 0 0 0 0 0 0 0 0 0 0 0 0 0 0 0 0 0 0 0 0 0 0 0 0 0 0 0 0 0 0 0 0 0 0 0 0 0 0 0 0 0 0 0 0 0 0 0 0 0 0 0 0 0 0 0 0 0 0 0 0 0 0 0 0 0 0 0 0 0 0 0 0 0 0 0 0 0 0 0 0 0 0 0 0 0 0 0 0 0 0 0 0 0 0 0 0 0 0 0 0 0 0 0 0 0 0 0 0 0 0 0 0 0 0 0 0 0 0 0 0 0 0 0 0 0 0 0 0 0 0 0 0 0 0 0 0 0 0 0 0 0 0 0 0 0 0 0 0 0 0 0 0 0 0 0 0 0 0 0 0 0 0 0 0 0 0 0 0 0 0 0 0 0 0 0 0 0 0 0 0 0 0 0 0 0 0 0 0 0 0 0 0 0 0 0 0 0 0 0 0 0 0 0 0 0 0 0 0 0 0 0 0 0 0 0 0 0 0 0 0 0 0 0 0 0 0 0 0 0 0 0 0 0 0 0 0 0 0 0 0 0 0 0 0 0 0 0 0 0 0 0 0 0 0 0 0 0 0 0 0 0 0 0 0 0 0 0 0 0 0 0 0 0 0 0 0 0 0 0 0 0 0 0 0 0 0 0 0 0 0 0 0 0 0 0 0 0 0 0 0 0 0 0 0 0 0 0 0 0 0 0 0 0 0 0 0 0 0 0 0 0 0 0 0 0 0 0 0 0 0 0 0 0 0 0 0 0 0 0 0 0 0 0 0 0 0 0 0 0 0 0 0 0 0 0 0 0 0 0 0 0 0 0 0 0 0 0 0 0 0 0 0 0 0 0 0 0 0 0 0 0 0 0 0 0 0 0 0 0 0 0 0 0 0 0 0 0 0 0 0 0 0 0 0 0 0 0 0 0 0 0 0 0 0 0 0 0 0 0 0 0 0 0 0 0 0 0 0 0 0 0 0 0 0 0 0 0 0 0 0 0 0 0 0 0 0 0 0 0 0 0 0 0 0 0 0 0 0 0 0 0 0 0 0 0 0 0 0 0 0 0 0 0 0 0 0 0 0 0 0 0 0 0 0 0 0 0 0 0 0 0 0 0 0 0 0 0 0 0 0 0 0 0 0 0 0 0 0 0 0 0 0 0 0 0 0 0 0 0 0 0 0 0 0 0 0 0 0 0 0 0 0 0 0 0 0 0 0 0 0 0 0 0 0 0 0 0 0 0 0 0 0 0 0 0 0 0 0 0 0 0 0 0 0 0 0 0 0 0 0 0 0 0 0 0 0 0 0 0 0 0 0 0 0 0 0 0 0 0 0 0 0 0 0 0 0 0 0 0 0 0 0 0 0 0 0 0 0 0 0 0 0 0 0 0 0 0 0 0 0 0 0 0 0 0 0 0 0 0 0 0 0 0 0 0 0 0 0 0 0 0 0 0 0 0 0 0 0 0 0 0 0 0 0 0 0 0 0 0 0 0 0 0 0 0 0 0 0 0 0 0 0 0 0 0 0 0 0 0 0 0 0 0 0 0 0 0 0 0 0 0 0 0 0 0 0 0 0 0 0 0 0 0 0 0 0 0 0 0 0 0 0 0 0 0 0 0 0 0 0 0 0 0 0 0 0 0 0 0 0 0 0 0 0 0 0 0 0 0 0 0 0 0 0 0 0 0 0 0 0 0 0 0 0 0 0 0 0 0 0 0 0 0 0 0 0 0 0 0 0 0 0 0 0 0 0 0 0 0 0 0
ctxt 3892697040
btime 1790630938
processes 262269
procs_running 2
procs_blocked 0
softirq 3544330652 73526 6942294 2752101 3456545969 283760 0 13557133 37735654 410 26439805
--
cpu  2466062 1012 1271071 27597284 46371 0 609921 0 0 0
cpu0 87121 18 35540 869927 1037 0 18557 0 0 0
cpu1 91307 22 36339 869000 862 0 18354 0 0 0
cpu2 92729 20 36758 867445 591 0 18824 0 0 0
cpu3 121297 20 49015 814329 1324 0 29720 0 0 0
cpu4 128338 22 49197 808070 787 0 30148 0 0 0
cpu5 97715 23 38117 860550 592 0 19508 0 0 0
cpu6 100020 19 39208 856463 469 0 20837 0 0 0
cpu7 98924 19 39681 857043 302 0 21054 0 0 0
cpu8 38309 32 34981 900482 1442 0 10811 0 0 0
cpu9 43760 39 37690 882361 3449 0 11593 0 0 0
cpu10 42117 35 36595 888185 1675 0 11526 0 0 0
cpu11 39008 32 34023 901957 1088 0 10525 0 0 0
cpu12 66638 109 39799 856270 4093 0 12398 0 0 0
cpu13 64418 41 40407 856470 4012 0 12690 0 0 0
cpu14 38648 32 33474 904501 1228 0 10317 0 0 0
cpu15 36231 34 30928 914837 1028 0 9386 0 0 0
cpu16 115431 16 44227 831787 585 0 25071 0 0 0
cpu17 108708 16 43171 839156 1443 0 24335 0 0 0
cpu18 105189 16 42073 845985 327 0 23437 0 0 0
cpu19 146920 17 56629 775142 818 0 36792 0 0 0
cpu20 137678 17 54466 788296 879 0 35355 0 0 0
cpu21 101675 18 41189 850049 828 0 22893 0 0 0
cpu22 94469 21 39090 860623 514 0 20931 0 0 0
cpu23 88564 21 36989 871669 597 0 19203 0 0 0
cpu24 41807 37 34688 900976 1364 0 11192 0 0 0
cpu25 46178 40 38238 883249 2484 0 13023 0 0 0
cpu26 44450 36 37460 888118 1856 0 12662 0 0 0
cpu27 37711 25 33383 893246 1493 0 18965 0 0 0
cpu28 65116 58 43264 839795 3307 0 24699 0 0 0
cpu29 68044 94 44609 831914 3505 0 25094 0 0 0
cpu30 37113 25 34629 888108 1369 0 18849 0 0 0
cpu31 40415 24 35201 901267 1009 0 11156 0 0 0
intr 2548243582 126 0 0 0 0 0 0 0 0 1 0 0 0 0 0 0 0 0 0 0 0 0 0 0 0 0 0 1 1 1 0 0 0 0 1 0 1 0 0 75045 0 0 0 0 0 0 0 0 411 0 0 0 0 0 0 0 0 87 0 0 0 0 0 0 0 0 0 0 0 0 0 0 0 271246 2 35016803 34957105 34883269 35017935 0 8491 2752 3252 1919 3403 2795 2517 2759 1765 11609 20269 11768 9108 15507 16771 11863 8097 2986 2066 1679 3150 2422 2243 1743 1741 9953 8992 6655 6936 8492 7754 7009 8613 0 0 0 0 616697 3762 1036 0 264 0 0 0 0 0 0 0 0 0 0 0 0 0 0 0 0 0 0 0 0 0 0 0 0 0 0 0 0 0 0 0 0 0 0 0 0 0 0 0 0 0 0 0 0 0 0 0 0 0 0 0 0 0 0 0 0 0 0 0 0 0 0 0 0 0 0 0 0 0 0 0 0 0 0 0 0 0 0 0 0 0 0 0 0 0 0 0 0 0 0 0 0 0 0 0 0 0 0 0 0 0 0 0 0 0 0 0 0 0 0 0 0 0 0 0 0 0 0 0 0 0 0 0 0 0 0 0 0 0 0 0 0 0 0 0 0 0 0 0 0 0 0 0 0 0 0 0 0 0 0 0 0 0 0 0 0 0 0 0 0 0 0 0 0 0 0 0 0 0 0 0 0 0 0 0 0 0 0 0 0 0 0 0 0 0 0 0 0 0 0 0 0 0 0 0 0 0 0 0 0 0 0 0 0 0 0 0 0 0 0 0 0 0 0 0 0 0 0 0 0 0 0 0 0 0 0 0 0 0 0 0 0 0 0 0 0 0 0 0 0 0 0 0 0 0 0 0 0 0 0 0 0 0 0 0 0 0 0 0 0 0 0 0 0 0 0 0 0 0 0 0 0 0 0 0 0 0 0 0 0 0 0 0 0 0 0 0 0 0 0 0 0 0 0 0 0 0 0 0 0 0 0 0 0 0 0 0 0 0 0 0 0 0 0 0 0 0 0 0 0 0 0 0 0 0 0 0 0 0 0 0 0 0 0 0 0 0 0 0 0 0 0 0 0 0 0 0 0 0 0 0 0 0 0 0 0 0 0 0 0 0 0 0 0 0 0 0 0 0 0 0 0 0 0 0 0 0 0 0 0 0 0 0 0 0 0 0 0 0 0 0 0 0 0 0 0 0 0 0 0 0 0 0 0 0 0 0 0 0 0 0 0 0 0 0 0 0 0 0 0 0 0 0 0 0 0 0 0 0 0 0 0 0 0 0 0 0 0 0 0 0 0 0 0 0 0 0 0 0 0 0 0 0 0 0 0 0 0 0 0 0 0 0 0 0 0 0 0 0 0 0 0 0 0 0 0 0 0 0 0 0 0 0 0 0 0 0 0 0 0 0 0 0 0 0 0 0 0 0 0 0 0 0 0 0 0 0 0 0 0 0 0 0 0 0 0 0 0 0 0 0 0 0 0 0 0 0 0 0 0 0 0 0 0 0 0 0 0 0 0 0 0 0 0 0 0 0 0 0 0 0 0 0 0 0 0 0 0 0 0 0 0 0 0 0 0 0 0 0 0 0 0 0 0 0 0 0 0 0 0 0 0 0 0 0 0 0 0 0 0 0 0 0 0 0 0 0 0 0 0 0 0 0 0 0 0 0 0 0 0 0 0 0 0 0 0 0 0 0 0 0 0 0 0 0 0 0 0 0 0 0 0 0 0 0 0 0 0 0 0 0 0 0 0 0 0 0 0 0 0 0 0 0 0 0 0 0 0 0 0 0 0 0 0 0 0 0 0 0 0 0 0 0 0 0 0 0 0 0 0 0 0 0 0 0 0 0 0 0 0 0 0 0 0 0 0 0 0 0 0 0 0 0 0 0 0 0 0 0 0 0 0 0 0 0 0 0 0 0 0 0 0 0 0 0 0 0 0 0 0 0 0 0 0 0 0 0 0 0 0 0 0 0 0 0 0 0 0 0 0 0 0 0 0 0 0 0 0 0 0 0 0 0 0 0 0 0 0 0 0 0 0 0 0 0 0 0 0 0 0 0 0 0 0 0 0 0 0 0 0 0 0 0 0 0 0 0 0 0 0 0 0 0 0 0 0 0 0 0 0 0 0 0 0 0 0 0 0 0 0 0 0 0 0 0 0 0 0 0 0 0 0 0 0 0 0 0 0 0 0 0 0 0 0 0 0 0 0 0 0 0 0 0 0 0 0 0 0 0 0 0 0 0 0 0 0 0 0 0 0 0 0 0 0 0 0 0 0 0 0 0 0 0 0 0 0 0 0 0 0 0 0 0 0 0 0 0 0 0 0 0 0 0 0 0 0 0 0 0 0 0 0 0 0 0 0 0 0 0 0 0 0 0 0 0 0 0 0 0 0 0 0 0 0 0 0 0 0 0 0 0 0 0 0 0 0 0 0 0 0 0 0 0 0 0 0 0 0 0 0 0 0 0 0 0 0 0 0 0 0 0 0 0 0 0 0 0 0 0 0 0 0 0 0 0 0 0 0 0 0 0 0 0 0 0 0 0 0 0 0 0 0 0 0 0 0 0 0 0 0 0 0 0 0 0 0 0 0 0 0 0 0 0 0 0 0 0 0 0 0 0 0 0 0 0 0 0 0 0 0 0 0 0 0 0 0 0 0 0 0 0 0 0 0 0 0 0 0 0 0 0 0 0 0 0 0 0 0 0 0 0 0 0 0 0 0 0 0 0 0 0 0 0 0 0 0 0 0 0 0 0 0 0 0 0 0 0 0 0 0 0 0
ctxt 3892849369
btime 1790630938
processes 262318
procs_running 1
procs_blocked 0
softirq 3544395433 73526 6945051 2752101 3456596358 284016 0 13557133 37741387 410 26445451
