Running 10s test @ http://127.0.0.1:18500/page
  16 threads and 256 connections
  Thread Stats   Avg      Stdev     Max   +/- Stdev
    Latency     1.84ms    0.94ms   9.50ms   68.99%
    Req/Sec     8.86k   467.25    19.69k    98.57%
  Latency Distribution
     50%    1.75ms
     75%    2.39ms
     90%    3.07ms
     99%    4.50ms
  1423114 requests in 10.10s, 13.77GB read
Requests/sec: 140910.29
Transfer/sec:      1.36GB
## server-stat
cpu  958857 353 542456 6746339 28316 0 213677 0 0 0
cpu0 33519 6 16313 209331 743 0 7491 0 0 0
cpu1 33804 8 16278 209824 554 0 7260 0 0 0
cpu2 34132 6 16192 209894 353 0 7179 0 0 0
cpu3 34677 7 16651 208071 1141 0 7241 0 0 0
cpu4 34949 6 16511 208376 705 0 7270 0 0 0
cpu5 34727 8 16419 209012 349 0 7175 0 0 0
cpu6 34310 6 16349 209487 331 0 7182 0 0 0
cpu7 33698 5 16176 210434 159 0 7044 0 0 0
cpu8 20196 9 16487 220551 958 0 4614 0 0 0
cpu9 21800 10 16686 217437 2207 0 4689 0 0 0
cpu10 21254 10 16756 218941 1134 0 4889 0 0 0
cpu11 20723 8 16605 220627 545 0 4761 0 0 0
cpu12 35197 78 17487 202730 2857 0 4969 0 0 0
cpu13 34204 11 17758 204091 2153 0 5106 0 0 0
cpu14 20994 8 16555 220656 769 0 4768 0 0 0
cpu15 20171 8 15644 223088 609 0 4368 0 0 0
cpu16 36951 4 17096 206252 338 0 7307 0 0 0
cpu17 36824 4 17079 205452 1187 0 7365 0 0 0
cpu18 36648 4 16935 206757 262 0 7301 0 0 0
cpu19 37491 5 17353 204938 598 0 7468 0 0 0
cpu20 37561 7 17313 205049 648 0 7451 0 0 0
cpu21 36424 4 16860 206733 496 0 7345 0 0 0
cpu22 35666 5 16967 206086 317 0 7316 0 0 0
cpu23 34794 7 16690 208542 274 0 7222 0 0 0
cpu24 22852 10 17550 217518 770 0 5137 0 0 0
cpu25 24080 11 18392 213467 1408 0 5579 0 0 0
cpu26 23578 8 18230 214616 1036 0 5522 0 0 0
cpu27 20634 5 16738 215125 982 0 8994 0 0 0
cpu28 32237 13 18252 200079 1648 0 9887 0 0 0
cpu29 33272 48 18241 199083 1370 0 9879 0 0 0
cpu30 19509 6 16496 216144 701 0 8803 0 0 0
cpu31 21966 6 17383 217931 699 0 5081 0 0 0
intr 662091968 126 0 0 0 0 0 0 0 0 1 0 0 0 0 0 0 0 0 0 0 0 0 0 0 0 0 0 1 1 1 0 0 0 0 1 0 1 0 0 75045 0 0 0 0 0 0 0 0 411 0 0 0 0 0 0 0 0 87 0 0 0 0 0 0 0 0 0 0 0 0 0 0 0 108708 2 10243946 10204264 10180141 10274625 0 2296 2222 2838 1467 3023 2617 2044 2517 1387 10081 17756 9809 8030 12972 14340 11084 7221 2658 1756 1401 2301 2181 1877 1506 1567 8751 6782 4788 5397 6045 5411 5849 7712 0 0 0 0 608774 2877 858 0 264 0 0 0 0 0 0 0 0 0 0 0 0 0 0 0 0 0 0 0 0 0 0 0 0 0 0 0 0 0 0 0 0 0 0 0 0 0 0 0 0 0 0 0 0 0 0 0 0 0 0 0 0 0 0 0 0 0 0 0 0 0 0 0 0 0 0 0 0 0 0 0 0 0 0 0 0 0 0 0 0 0 0 0 0 0 0 0 0 0 0 0 0 0 0 0 0 0 0 0 0 0 0 0 0 0 0 0 0 0 0 0 0 0 0 0 0 0 0 0 0 0 0 0 0 0 0 0 0 0 0 0 0 0 0 0 0 0 0 0 0 0 0 0 0 0 0 0 0 0 0 0 0 0 0 0 0 0 0 0 0 0 0 0 0 0 0 0 0 0 0 0 0 0 0 0 0 0 0 0 0 0 0 0 0 0 0 0 0 0 0 0 0 0 0 0 0 0 0 0 0 0 0 0 0 0 0 0 0 0 0 0 0 0 0 0 0 0 0 0 0 0 0 0 0 0 0 0 0 0 0 0 0 0 0 0 0 0 0 0 0 0 0 0 0 0 0 0 0 0 0 0 0 0 0 0 0 0 0 0 0 0 0 0 0 0 0 0 0 0 0 0 0 0 0 0 0 0 0 0 0 0 0 0 0 0 0 0 0 0 0 0 0 0 0 0 0 0 0 0 0 0 0 0 0 0 0 0 0 0 0 0 0 0 0 0 0 0 0 0 0 0 0 0 0 0 0 0 0 0 0 0 0 0 0 0 0 0 0 0 0 0 0 0 0 0 0 0 0 0 0 0 0 0 0 0 0 0 0 0 0 0 0 0 0 0 0 0 0 0 0 0 0 0 0 0 0 0 0 0 0 0 0 0 0 0 0 0 0 0 0 0 0 0 0 0 0 0 0 0 0 0 0 0 0 0 0 0 0 0 0 0 0 0 0 0 0 0 0 0 0 0 0 0 0 0 0 0 0 0 0 0 0 0 0 0 0 0 0 0 0 0 0 0 0 0 0 0 0 0 0 0 0 0 0 0 0 0 0 0 0 0 0 0 0 0 0 0 0 0 0 0 0 0 0 0 0 0 0 0 0 0 0 0 0 0 0 0 0 0 0 0 0 0 0 0 0 0 0 0 0 0 0 0 0 0 0 0 0 0 0 0 0 0 0 0 0 0 0 0 0 0 0 0 0 0 0 0 0 0 0 0 0 0 0 0 0 0 0 0 0 0 0 0 0 0 0 0 0 0 0 0 0 0 0 0 0 0 0 0 0 0 0 0 0 0 0 0 0 0 0 0 0 0 0 0 0 0 0 0 0 0 0 0 0 0 0 0 0 0 0 0 0 0 0 0 0 0 0 0 0 0 0 0 0 0 0 0 0 0 0 0 0 0 0 0 0 0 0 0 0 0 0 0 0 0 0 0 0 0 0 0 0 0 0 0 0 0 0 0 0 0 0 0 0 0 0 0 0 0 0 0 0 0 0 0 0 0 0 0 0 0 0 0 0 0 0 0 0 0 0 0 0 0 0 0 0 0 0 0 0 0 0 0 0 0 0 0 0 0 0 0 0 0 0 0 0 0 0 0 0 0 0 0 0 0 0 0 0 0 0 0 0 0 0 0 0 0 0 0 0 0 0 0 0 0 0 0 0 0 0 0 0 0 0 0 0 0 0 0 0 0 0 0 0 0 0 0 0 0 0 0 0 0 0 0 0 0 0 0 0 0 0 0 0 0 0 0 0 0 0 0 0 0 0 0 0 0 0 0 0 0 0 0 0 0 0 0 0 0 0 0 0 0 0 0 0 0 0 0 0 0 0 0 0 0 0 0 0 0 0 0 0 0 0 0 0 0 0 0 0 0 0 0 0 0 0 0 0 0 0 0 0 0 0 0 0 0 0 0 0 0 0 0 0 0 0 0 0 0 0 0 0 0 0 0 0 0 0 0 0 0 0 0 0 0 0 0 0 0 0 0 0 0 0 0 0 0 0 0 0 0 0 0 0 0 0 0 0 0 0 0 0 0 0 0 0 0 0 0 0 0 0 0 0 0 0 0 0 0 0 0 0 0 0 0 0 0 0 0 0 0 0 0 0 0 0 0 0 0 0 0 0 0 0 0 0 0 0 0 0 0 0 0 0 0 0 0 0 0 0 0 0 0 0 0 0 0 0 0 0 0 0 0 0 0 0 0 0 0 0 0 0 0 0 0 0 0 0 0 0 0 0 0 0 0 0 0 0 0 0 0 0 0 0 0 0 0 0 0 0 0 0 0 0 0 0 0 0 0 0 0 0 0 0 0 0 0 0 0 0 0 0 0 0 0 0 0 0 0 0 0 0 0 0 0 0 0 0 0 0 0 0 0 0 0 0 0 0 0 0 0 0 0 0 0 0 0 0 0 0 0 0 0 0 0 0 0 0 0 0 0 0 0 0 0 0 0 0 0 0 0 0 0 0 0 0 0 0 0 0 0 0 0 0 0 0 0 0 0 0 0 0
ctxt 907782411
btime 1790630938
processes 77979
procs_running 22
procs_blocked 0
softirq 1037205017 73526 1628203 263811 1010100377 113161 0 3043191 13355183 410 8627155
--
cpu  966293 353 545465 6757861 28317 0 214776 0 0 0
cpu0 33976 6 16461 209407 743 0 7546 0 0 0
cpu1 34259 8 16431 209902 554 0 7312 0 0 0
cpu2 34592 6 16338 209970 353 0 7233 0 0 0
cpu3 35132 7 16801 208146 1141 0 7300 0 0 0
cpu4 35402 6 16662 208452 705 0 7326 0 0 0
cpu5 35179 8 16572 209090 349 0 7231 0 0 0
cpu6 34761 6 16502 209565 331 0 7241 0 0 0
cpu7 34152 5 16326 210514 159 0 7096 0 0 0
cpu8 20200 9 16521 221203 958 0 4627 0 0 0
cpu9 21804 10 16722 218085 2207 0 4701 0 0 0
cpu10 21257 10 16786 219608 1134 0 4899 0 0 0
cpu11 20725 8 16626 221339 545 0 4769 0 0 0
cpu12 35202 78 17521 203405 2857 0 4979 0 0 0
cpu13 34208 11 17792 204754 2153 0 5115 0 0 0
cpu14 20996 8 16568 221397 770 0 4772 0 0 0
cpu15 20173 8 15654 223847 609 0 4371 0 0 0
cpu16 37414 4 17245 206324 338 0 7366 0 0 0
cpu17 37274 4 17234 205525 1187 0 7425 0 0 0
cpu18 37107 4 17090 206830 262 0 7358 0 0 0
cpu19 37950 5 17509 205010 598 0 7524 0 0 0
cpu20 38028 7 17457 205121 648 0 7509 0 0 0
cpu21 36878 4 17012 206809 496 0 7399 0 0 0
cpu22 36126 5 17122 206157 317 0 7371 0 0 0
cpu23 35255 7 16839 208618 274 0 7279 0 0 0
cpu24 22855 10 17569 218245 770 0 5143 0 0 0
cpu25 24087 11 18448 214049 1408 0 5600 0 0 0
cpu26 23585 8 18274 215220 1036 0 5541 0 0 0
cpu27 20637 5 16766 215802 982 0 9003 0 0 0
cpu28 32275 13 18339 200556 1648 0 9916 0 0 0
cpu29 33307 48 18324 199547 1370 0 9906 0 0 0
cpu30 19513 6 16527 216763 702 0 8813 0 0 0
cpu31 21969 6 17412 218587 699 0 5090 0 0 0
intr 666459954 126 0 0 0 0 0 0 0 0 1 0 0 0 0 0 0 0 0 0 0 0 0 0 0 0 0 0 1 1 1 0 0 0 0 1 0 1 0 0 75045 0 0 0 0 0 0 0 0 411 0 0 0 0 0 0 0 0 87 0 0 0 0 0 0 0 0 0 0 0 0 0 0 0 108708 2 10244011 10204277 10180197 10274649 0 2300 2222 2838 1467 3023 2617 2044 2517 1387 10081 17756 9811 8030 12973 14340 11084 7221 2658 1756 1401 2301 2181 1877 1506 1567 8751 6782 4788 5397 6046 5411 5851 7712 0 0 0 0 610374 2877 858 0 264 0 0 0 0 0 0 0 0 0 0 0 0 0 0 0 0 0 0 0 0 0 0 0 0 0 0 0 0 0 0 0 0 0 0 0 0 0 0 0 0 0 0 0 0 0 0 0 0 0 0 0 0 0 0 0 0 0 0 0 0 0 0 0 0 0 0 0 0 0 0 0 0 0 0 0 0 0 0 0 0 0 0 0 0 0 0 0 0 0 0 0 0 0 0 0 0 0 0 0 0 0 0 0 0 0 0 0 0 0 0 0 0 0 0 0 0 0 0 0 0 0 0 0 0 0 0 0 0 0 0 0 0 0 0 0 0 0 0 0 0 0 0 0 0 0 0 0 0 0 0 0 0 0 0 0 0 0 0 0 0 0 0 0 0 0 0 0 0 0 0 0 0 0 0 0 0 0 0 0 0 0 0 0 0 0 0 0 0 0 0 0 0 0 0 0 0 0 0 0 0 0 0 0 0 0 0 0 0 0 0 0 0 0 0 0 0 0 0 0 0 0 0 0 0 0 0 0 0 0 0 0 0 0 0 0 0 0 0 0 0 0 0 0 0 0 0 0 0 0 0 0 0 0 0 0 0 0 0 0 0 0 0 0 0 0 0 0 0 0 0 0 0 0 0 0 0 0 0 0 0 0 0 0 0 0 0 0 0 0 0 0 0 0 0 0 0 0 0 0 0 0 0 0 0 0 0 0 0 0 0 0 0 0 0 0 0 0 0 0 0 0 0 0 0 0 0 0 0 0 0 0 0 0 0 0 0 0 0 0 0 0 0 0 0 0 0 0 0 0 0 0 0 0 0 0 0 0 0 0 0 0 0 0 0 0 0 0 0 0 0 0 0 0 0 0 0 0 0 0 0 0 0 0 0 0 0 0 0 0 0 0 0 0 0 0 0 0 0 0 0 0 0 0 0 0 0 0 0 0 0 0 0 0 0 0 0 0 0 0 0 0 0 0 0 0 0 0 0 0 0 0 0 0 0 0 0 0 0 0 0 0 0 0 0 0 0 0 0 0 0 0 0 0 0 0 0 0 0 0 0 0 0 0 0 0 0 0 0 0 0 0 0 0 0 0 0 0 0 0 0 0 0 0 0 0 0 0 0 0 0 0 0 0 0 0 0 0 0 0 0 0 0 0 0 0 0 0 0 0 0 0 0 0 0 0 0 0 0 0 0 0 0 0 0 0 0 0 0 0 0 0 0 0 0 0 0 0 0 0 0 0 0 0 0 0 0 0 0 0 0 0 0 0 0 0 0 0 0 0 0 0 0 0 0 0 0 0 0 0 0 0 0 0 0 0 0 0 0 0 0 0 0 0 0 0 0 0 0 0 0 0 0 0 0 0 0 0 0 0 0 0 0 0 0 0 0 0 0 0 0 0 0 0 0 0 0 0 0 0 0 0 0 0 0 0 0 0 0 0 0 0 0 0 0 0 0 0 0 0 0 0 0 0 0 0 0 0 0 0 0 0 0 0 0 0 0 0 0 0 0 0 0 0 0 0 0 0 0 0 0 0 0 0 0 0 0 0 0 0 0 0 0 0 0 0 0 0 0 0 0 0 0 0 0 0 0 0 0 0 0 0 0 0 0 0 0 0 0 0 0 0 0 0 0 0 0 0 0 0 0 0 0 0 0 0 0 0 0 0 0 0 0 0 0 0 0 0 0 0 0 0 0 0 0 0 0 0 0 0 0 0 0 0 0 0 0 0 0 0 0 0 0 0 0 0 0 0 0 0 0 0 0 0 0 0 0 0 0 0 0 0 0 0 0 0 0 0 0 0 0 0 0 0 0 0 0 0 0 0 0 0 0 0 0 0 0 0 0 0 0 0 0 0 0 0 0 0 0 0 0 0 0 0 0 0 0 0 0 0 0 0 0 0 0 0 0 0 0 0 0 0 0 0 0 0 0 0 0 0 0 0 0 0 0 0 0 0 0 0 0 0 0 0 0 0 0 0 0 0 0 0 0 0 0 0 0 0 0 0 0 0 0 0 0 0 0 0 0 0 0 0 0 0 0 0 0 0 0 0 0 0 0 0 0 0 0 0 0 0 0 0 0 0 0 0 0 0 0 0 0 0 0 0 0 0 0 0 0 0 0 0 0 0 0 0 0 0 0 0 0 0 0 0 0 0 0 0 0 0 0 0 0 0 0 0 0 0 0 0 0 0 0 0 0 0 0 0 0 0 0 0 0 0 0 0 0 0 0 0 0 0 0 0 0 0 0 0 0 0 0 0 0 0 0 0 0 0 0 0 0 0 0 0 0 0 0 0 0 0 0 0 0 0 0 0 0 0 0 0 0 0 0 0 0 0 0 0 0 0 0 0 0 0 0 0 0 0 0 0 0 0 0 0 0 0 0 0 0 0 0 0 0 0 0 0 0 0 0 0 0 0 0 0 0 0 0 0 0 0 0 0 0 0 0 0 0 0 0 0 0 0 0 0 0 0 0 0 0 0 0 0 0 0 0 0 0 0 0 0 0 0 0
ctxt 918062757
btime 1790630938
processes 78025
procs_running 22
procs_blocked 0
softirq 1043006120 73526 1636092 263811 1015722966 113165 0 3043191 13476298 410 8676661
