Running 10s test @ http://127.0.0.1:18500/page
  16 threads and 256 connections
  Thread Stats   Avg      Stdev     Max   +/- Stdev
    Latency     2.64ms  310.24us   4.00ms   77.22%
    Req/Sec     6.08k   532.80    17.94k    99.07%
  Latency Distribution
     50%    2.56ms
     75%    2.87ms
     90%    3.06ms
     99%    3.28ms
  973669 requests in 10.10s, 9.37GB read
Requests/sec:  96407.01
Transfer/sec:      0.93GB
## server-stat
cpu  935343 350 532066 6696742 28186 0 210439 0 0 0
cpu0 32091 6 15854 208614 743 0 7334 0 0 0
cpu1 32379 8 15806 209108 554 0 7108 0 0 0
cpu2 32705 6 15726 209187 345 0 7027 0 0 0
cpu3 33278 7 16170 207350 1141 0 7092 0 0 0
cpu4 33513 6 16043 207656 705 0 7125 0 0 0
cpu5 33311 8 15947 208290 349 0 7025 0 0 0
cpu6 32884 6 15888 208758 331 0 7035 0 0 0
cpu7 32285 5 15693 209717 159 0 6893 0 0 0
cpu8 20173 9 16272 218256 948 0 4550 0 0 0
cpu9 21776 10 16487 215068 2199 0 4636 0 0 0
cpu10 21235 10 16584 216503 1129 0 4839 0 0 0
cpu11 20712 8 16488 218010 544 0 4738 0 0 0
cpu12 35171 78 17383 200086 2850 0 4942 0 0 0
cpu13 34185 10 17647 201467 2141 0 5080 0 0 0
cpu14 20987 8 16512 217820 769 0 4760 0 0 0
cpu15 20166 8 15610 220192 609 0 4362 0 0 0
cpu16 35513 4 16619 205558 338 0 7158 0 0 0
cpu17 35383 4 16603 204760 1183 0 7211 0 0 0
cpu18 35198 4 16467 206058 262 0 7152 0 0 0
cpu19 36061 5 16882 204252 588 0 7320 0 0 0
cpu20 36114 7 16838 204354 648 0 7302 0 0 0
cpu21 34973 4 16396 206036 496 0 7191 0 0 0
cpu22 34228 5 16483 205390 317 0 7160 0 0 0
cpu23 33356 7 16233 207836 270 0 7075 0 0 0
cpu24 22839 9 17469 214754 770 0 5116 0 0 0
cpu25 24037 10 18134 211324 1405 0 5497 0 0 0
cpu26 23547 8 18000 212403 1033 0 5449 0 0 0
cpu27 20618 5 16597 212640 976 0 8963 0 0 0
cpu28 32085 12 17839 198396 1638 0 9741 0 0 0
cpu29 33085 47 17833 197482 1333 0 9727 0 0 0
cpu30 19494 6 16338 213856 701 0 8771 0 0 0
cpu31 21947 6 17212 215545 699 0 5047 0 0 0
intr 640715495 126 0 0 0 0 0 0 0 0 1 0 0 0 0 0 0 0 0 0 0 0 0 0 0 0 0 0 1 1 1 0 0 0 0 1 0 1 0 0 75045 0 0 0 0 0 0 0 0 411 0 0 0 0 0 0 0 0 87 0 0 0 0 0 0 0 0 0 0 0 0 0 0 0 107886 2 10243668 10204089 10179927 10274531 0 2269 2222 2838 1467 3023 2617 2044 2517 1387 10051 17713 9701 8030 12737 14228 11057 7205 2658 1756 1401 2301 2181 1877 1504 1567 8747 6774 4779 5396 6006 5282 5842 7706 0 0 0 0 602724 2874 858 0 264 0 0 0 0 0 0 0 0 0 0 0 0 0 0 0 0 0 0 0 0 0 0 0 0 0 0 0 0 0 0 0 0 0 0 0 0 0 0 0 0 0 0 0 0 0 0 0 0 0 0 0 0 0 0 0 0 0 0 0 0 0 0 0 0 0 0 0 0 0 0 0 0 0 0 0 0 0 0 0 0 0 0 0 0 0 0 0 0 0 0 0 0 0 0 0 0 0 0 0 0 0 0 0 0 0 0 0 0 0 0 0 0 0 0 0 0 0 0 0 0 0 0 0 0 0 0 0 0 0 0 0 0 0 0 0 0 0 0 0 0 0 0 0 0 0 0 0 0 0 0 0 0 0 0 0 0 0 0 0 0 0 0 0 0 0 0 0 0 0 0 0 0 0 0 0 0 0 0 0 0 0 0 0 0 0 0 0 0 0 0 0 0 0 0 0 0 0 0 0 0 0 0 0 0 0 0 0 0 0 0 0 0 0 0 0 0 0 0 0 0 0 0 0 0 0 0 0 0 0 0 0 0 0 0 0 0 0 0 0 0 0 0 0 0 0 0 0 0 0 0 0 0 0 0 0 0 0 0 0 0 0 0 0 0 0 0 0 0 0 0 0 0 0 0 0 0 0 0 0 0 0 0 0 0 0 0 0 0 0 0 0 0 0 0 0 0 0 0 0 0 0 0 0 0 0 0 0 0 0 0 0 0 0 0 0 0 0 0 0 0 0 0 0 0 0 0 0 0 0 0 0 0 0 0 0 0 0 0 0 0 0 0 0 0 0 0 0 0 0 0 0 0 0 0 0 0 0 0 0 0 0 0 0 0 0 0 0 0 0 0 0 0 0 0 0 0 0 0 0 0 0 0 0 0 0 0 0 0 0 0 0 0 0 0 0 0 0 0 0 0 0 0 0 0 0 0 0 0 0 0 0 0 0 0 0 0 0 0 0 0 0 0 0 0 0 0 0 0 0 0 0 0 0 0 0 0 0 0 0 0 0 0 0 0 0 0 0 0 0 0 0 0 0 0 0 0 0 0 0 0 0 0 0 0 0 0 0 0 0 0 0 0 0 0 0 0 0 0 0 0 0 0 0 0 0 0 0 0 0 0 0 0 0 0 0 0 0 0 0 0 0 0 0 0 0 0 0 0 0 0 0 0 0 0 0 0 0 0 0 0 0 0 0 0 0 0 0 0 0 0 0 0 0 0 0 0 0 0 0 0 0 0 0 0 0 0 0 0 0 0 0 0 0 0 0 0 0 0 0 0 0 0 0 0 0 0 0 0 0 0 0 0 0 0 0 0 0 0 0 0 0 0 0 0 0 0 0 0 0 0 0 0 0 0 0 0 0 0 0 0 0 0 0 0 0 0 0 0 0 0 0 0 0 0 0 0 0 0 0 0 0 0 0 0 0 0 0 0 0 0 0 0 0 0 0 0 0 0 0 0 0 0 0 0 0 0 0 0 0 0 0 0 0 0 0 0 0 0 0 0 0 0 0 0 0 0 0 0 0 0 0 0 0 0 0 0 0 0 0 0 0 0 0 0 0 0 0 0 0 0 0 0 0 0 0 0 0 0 0 0 0 0 0 0 0 0 0 0 0 0 0 0 0 0 0 0 0 0 0 0 0 0 0 0 0 0 0 0 0 0 0 0 0 0 0 0 0 0 0 0 0 0 0 0 0 0 0 0 0 0 0 0 0 0 0 0 0 0 0 0 0 0 0 0 0 0 0 0 0 0 0 0 0 0 0 0 0 0 0 0 0 0 0 0 0 0 0 0 0 0 0 0 0 0 0 0 0 0 0 0 0 0 0 0 0 0 0 0 0 0 0 0 0 0 0 0 0 0 0 0 0 0 0 0 0 0 0 0 0 0 0 0 0 0 0 0 0 0 0 0 0 0 0 0 0 0 0 0 0 0 0 0 0 0 0 0 0 0 0 0 0 0 0 0 0 0 0 0 0 0 0 0 0 0 0 0 0 0 0 0 0 0 0 0 0 0 0 0 0 0 0 0 0 0 0 0 0 0 0 0 0 0 0 0 0 0 0 0 0 0 0 0 0 0 0 0 0 0 0 0 0 0 0 0 0 0 0 0 0 0 0 0 0 0 0 0 0 0 0 0 0 0 0 0 0 0 0 0 0 0 0 0 0 0 0 0 0 0 0 0 0 0 0 0 0 0 0 0 0 0 0 0 0 0 0 0 0 0 0 0 0 0 0 0 0 0 0 0 0 0 0 0 0 0 0 0 0 0 0 0 0 0 0 0 0 0 0 0 0 0 0 0 0 0 0 0 0 0 0 0 0 0 0 0 0 0 0 0 0 0 0 0 0 0 0 0 0 0 0 0 0 0 0 0 0 0 0 0 0 0 0 0 0 0 0 0 0 0 0 0 0 0 0 0 0 0 0 0 0 0 0 0 0 0 0 0 0 0 0 0 0 0 0 0 0 0 0 0 0 0 0 0 0 0 0 0 0 0 0 0 0 0
ctxt 867105433
btime 1790630938
processes 77035
procs_running 32
procs_blocked 0
softirq 1018102945 73526 1588606 263807 991657646 112293 0 3043176 12927222 410 8436259
--
cpu  943483 350 534813 6708782 28198 0 211420 0 0 0
cpu0 32596 6 15977 208704 743 0 7383 0 0 0
cpu1 32881 8 15933 209196 554 0 7155 0 0 0
cpu2 33208 6 15847 209276 345 0 7075 0 0 0
cpu3 33765 7 16302 207440 1141 0 7141 0 0 0
cpu4 34014 6 16168 207744 705 0 7174 0 0 0
cpu5 33809 8 16078 208378 349 0 7075 0 0 0
cpu6 33377 6 16018 208848 331 0 7084 0 0 0
cpu7 32777 5 15822 209809 159 0 6939 0 0 0
cpu8 20179 9 16327 218895 948 0 4564 0 0 0
cpu9 21782 10 16551 215699 2199 0 4653 0 0 0
cpu10 21240 10 16634 217154 1129 0 4853 0 0 0
cpu11 20714 8 16515 218719 544 0 4744 0 0 0
cpu12 35173 78 17398 200839 2850 0 4946 0 0 0
cpu13 34187 10 17662 202208 2149 0 5084 0 0 0
cpu14 20988 8 16519 218593 769 0 4762 0 0 0
cpu15 20167 8 15614 220975 609 0 4363 0 0 0
cpu16 36014 4 16746 205642 338 0 7204 0 0 0
cpu17 35883 4 16729 204843 1183 0 7264 0 0 0
cpu18 35706 4 16594 206143 262 0 7202 0 0 0
cpu19 36563 5 17007 204337 588 0 7369 0 0 0
cpu20 36615 7 16970 204437 648 0 7350 0 0 0
cpu21 35486 4 16514 206122 496 0 7237 0 0 0
cpu22 34727 5 16612 205475 317 0 7211 0 0 0
cpu23 33858 7 16355 207923 270 0 7125 0 0 0
cpu24 22839 9 17479 215523 770 0 5119 0 0 0
cpu25 24044 10 18196 211964 1405 0 5514 0 0 0
cpu26 23554 8 18051 213072 1033 0 5463 0 0 0
cpu27 20620 5 16616 213377 976 0 8966 0 0 0
cpu28 32124 12 17968 198834 1639 0 9781 0 0 0
cpu29 33129 48 17961 197902 1337 0 9771 0 0 0
cpu30 19498 6 16380 214486 701 0 8780 0 0 0
cpu31 21951 6 17254 216209 699 0 5056 0 0 0
intr 644692090 126 0 0 0 0 0 0 0 0 1 0 0 0 0 0 0 0 0 0 0 0 0 0 0 0 0 0 1 1 1 0 0 0 0 1 0 1 0 0 75045 0 0 0 0 0 0 0 0 411 0 0 0 0 0 0 0 0 87 0 0 0 0 0 0 0 0 0 0 0 0 0 0 0 108013 2 10243739 10204103 10179964 10274562 0 2273 2222 2838 1467 3023 2617 2044 2517 1387 10051 17713 9701 8030 12737 14228 11057 7205 2658 1756 1401 2301 2181 1877 1504 1567 8747 6776 4779 5396 6009 5284 5842 7706 0 0 0 0 604324 2874 858 0 264 0 0 0 0 0 0 0 0 0 0 0 0 0 0 0 0 0 0 0 0 0 0 0 0 0 0 0 0 0 0 0 0 0 0 0 0 0 0 0 0 0 0 0 0 0 0 0 0 0 0 0 0 0 0 0 0 0 0 0 0 0 0 0 0 0 0 0 0 0 0 0 0 0 0 0 0 0 0 0 0 0 0 0 0 0 0 0 0 0 0 0 0 0 0 0 0 0 0 0 0 0 0 0 0 0 0 0 0 0 0 0 0 0 0 0 0 0 0 0 0 0 0 0 0 0 0 0 0 0 0 0 0 0 0 0 0 0 0 0 0 0 0 0 0 0 0 0 0 0 0 0 0 0 0 0 0 0 0 0 0 0 0 0 0 0 0 0 0 0 0 0 0 0 0 0 0 0 0 0 0 0 0 0 0 0 0 0 0 0 0 0 0 0 0 0 0 0 0 0 0 0 0 0 0 0 0 0 0 0 0 0 0 0 0 0 0 0 0 0 0 0 0 0 0 0 0 0 0 0 0 0 0 0 0 0 0 0 0 0 0 0 0 0 0 0 0 0 0 0 0 0 0 0 0 0 0 0 0 0 0 0 0 0 0 0 0 0 0 0 0 0 0 0 0 0 0 0 0 0 0 0 0 0 0 0 0 0 0 0 0 0 0 0 0 0 0 0 0 0 0 0 0 0 0 0 0 0 0 0 0 0 0 0 0 0 0 0 0 0 0 0 0 0 0 0 0 0 0 0 0 0 0 0 0 0 0 0 0 0 0 0 0 0 0 0 0 0 0 0 0 0 0 0 0 0 0 0 0 0 0 0 0 0 0 0 0 0 0 0 0 0 0 0 0 0 0 0 0 0 0 0 0 0 0 0 0 0 0 0 0 0 0 0 0 0 0 0 0 0 0 0 0 0 0 0 0 0 0 0 0 0 0 0 0 0 0 0 0 0 0 0 0 0 0 0 0 0 0 0 0 0 0 0 0 0 0 0 0 0 0 0 0 0 0 0 0 0 0 0 0 0 0 0 0 0 0 0 0 0 0 0 0 0 0 0 0 0 0 0 0 0 0 0 0 0 0 0 0 0 0 0 0 0 0 0 0 0 0 0 0 0 0 0 0 0 0 0 0 0 0 0 0 0 0 0 0 0 0 0 0 0 0 0 0 0 0 0 0 0 0 0 0 0 0 0 0 0 0 0 0 0 0 0 0 0 0 0 0 0 0 0 0 0 0 0 0 0 0 0 0 0 0 0 0 0 0 0 0 0 0 0 0 0 0 0 0 0 0 0 0 0 0 0 0 0 0 0 0 0 0 0 0 0 0 0 0 0 0 0 0 0 0 0 0 0 0 0 0 0 0 0 0 0 0 0 0 0 0 0 0 0 0 0 0 0 0 0 0 0 0 0 0 0 0 0 0 0 0 0 0 0 0 0 0 0 0 0 0 0 0 0 0 0 0 0 0 0 0 0 0 0 0 0 0 0 0 0 0 0 0 0 0 0 0 0 0 0 0 0 0 0 0 0 0 0 0 0 0 0 0 0 0 0 0 0 0 0 0 0 0 0 0 0 0 0 0 0 0 0 0 0 0 0 0 0 0 0 0 0 0 0 0 0 0 0 0 0 0 0 0 0 0 0 0 0 0 0 0 0 0 0 0 0 0 0 0 0 0 0 0 0 0 0 0 0 0 0 0 0 0 0 0 0 0 0 0 0 0 0 0 0 0 0 0 0 0 0 0 0 0 0 0 0 0 0 0 0 0 0 0 0 0 0 0 0 0 0 0 0 0 0 0 0 0 0 0 0 0 0 0 0 0 0 0 0 0 0 0 0 0 0 0 0 0 0 0 0 0 0 0 0 0 0 0 0 0 0 0 0 0 0 0 0 0 0 0 0 0 0 0 0 0 0 0 0 0 0 0 0 0 0 0 0 0 0 0 0 0 0 0 0 0 0 0 0 0 0 0 0 0 0 0 0 0 0 0 0 0 0 0 0 0 0 0 0 0 0 0 0 0 0 0 0 0 0 0 0 0 0 0 0 0 0 0 0 0 0 0 0 0 0 0 0 0 0 0 0 0 0 0 0 0 0 0 0 0 0 0 0 0 0 0 0 0 0 0 0 0 0 0 0 0 0 0 0 0 0 0 0 0 0 0 0 0 0 0 0 0 0 0 0 0 0 0 0 0 0 0 0 0 0 0 0 0 0 0 0 0 0 0 0 0 0 0 0 0 0 0 0 0 0 0 0 0 0 0 0 0 0 0 0 0 0 0 0 0 0 0 0 0 0 0 0 0 0 0 0 0 0 0 0 0 0 0 0 0 0 0 0 0 0 0 0 0 0 0 0 0 0 0 0 0 0 0 0 0 0 0 0 0 0 0 0 0 0 0 0 0 0 0 0 0 0 0 0 0 0 0 0 0 0 0 0 0 0 0 0 0 0 0 0 0 0 0 0 0 0 0 0 0 0 0 0 0 0 0 0 0 0 0 0 0
ctxt 874123696
btime 1790630938
processes 77086
procs_running 16
procs_blocked 0
softirq 1023491804 73526 1613227 263807 996838432 112425 0 3043176 13057442 410 8489359
