Running 10s test @ http://127.0.0.1:18500/page
  16 threads and 256 connections
  Thread Stats   Avg      Stdev     Max   +/- Stdev
    Latency     0.95ms  152.56us   4.89ms   74.01%
    Req/Sec    16.85k     1.21k   44.34k    92.50%
  Latency Distribution
     50%    0.95ms
     75%    1.08ms
     90%    1.13ms
     99%    1.21ms
  2703702 requests in 10.10s, 25.99GB read
Requests/sec: 267710.63
Transfer/sec:      2.57GB
## server-stat
cpu  876480 344 511223 6613808 28057 0 197711 0 0 0
cpu0 28523 6 15028 207834 743 0 6744 0 0 0
cpu1 28790 8 14977 208331 554 0 6534 0 0 0
cpu2 29117 6 14902 208408 345 0 6447 0 0 0
cpu3 29685 7 15337 206576 1141 0 6519 0 0 0
cpu4 29939 6 15207 206887 705 0 6539 0 0 0
cpu5 29728 8 15110 207517 349 0 6454 0 0 0
cpu6 29314 6 15051 207974 331 0 6463 0 0 0
cpu7 28731 5 14854 208922 159 0 6328 0 0 0
cpu8 20102 9 15763 213923 946 0 4321 0 0 0
cpu9 21700 10 16002 210712 2165 0 4413 0 0 0
cpu10 21162 10 16113 212066 1128 0 4622 0 0 0
cpu11 20651 8 16078 213415 544 0 4547 0 0 0
cpu12 35066 77 16982 195477 2849 0 4740 0 0 0
cpu13 34103 10 17230 196889 2116 0 4874 0 0 0
cpu14 20934 8 16164 213017 768 0 4593 0 0 0
cpu15 20114 7 15280 215326 608 0 4195 0 0 0
cpu16 31922 4 15789 204792 338 0 6586 0 0 0
cpu17 31798 4 15766 203996 1183 0 6632 0 0 0
cpu18 31584 4 15655 205291 262 0 6571 0 0 0
cpu19 32470 5 16042 203487 588 0 6746 0 0 0
cpu20 32537 7 16003 203587 648 0 6713 0 0 0
cpu21 31386 4 15565 205269 496 0 6611 0 0 0
cpu22 30642 5 15651 204624 317 0 6579 0 0 0
cpu23 29759 7 15407 207061 270 0 6506 0 0 0
cpu24 22764 9 17078 210023 768 0 4940 0 0 0
cpu25 23932 10 17597 207114 1396 0 5234 0 0 0
cpu26 23453 8 17468 208121 1030 0 5208 0 0 0
cpu27 20544 5 16166 208108 975 0 8758 0 0 0
cpu28 31853 11 17171 194609 1614 0 9445 0 0 0
cpu29 32854 46 17176 193738 1309 0 9422 0 0 0
cpu30 19427 6 15860 209552 701 0 8572 0 0 0
cpu31 21883 6 16736 211144 697 0 4843 0 0 0
intr 614454554 126 0 0 0 0 0 0 0 0 1 0 0 0 0 0 0 0 0 0 0 0 0 0 0 0 0 0 1 1 1 0 0 0 0 1 0 1 0 0 75045 0 0 0 0 0 0 0 0 411 0 0 0 0 0 0 0 0 87 0 0 0 0 0 0 0 0 0 0 0 0 0 0 0 106464 2 10242996 10203730 10179457 10274296 0 2220 2222 2838 1467 3023 2617 2044 2517 1387 10046 17708 9701 8023 12725 14164 11054 7202 2658 1756 1401 2301 2181 1877 1504 1567 8744 6753 4754 5373 5958 5247 5823 7701 0 0 0 0 590953 2863 858 0 264 0 0 0 0 0 0 0 0 0 0 0 0 0 0 0 0 0 0 0 0 0 0 0 0 0 0 0 0 0 0 0 0 0 0 0 0 0 0 0 0 0 0 0 0 0 0 0 0 0 0 0 0 0 0 0 0 0 0 0 0 0 0 0 0 0 0 0 0 0 0 0 0 0 0 0 0 0 0 0 0 0 0 0 0 0 0 0 0 0 0 0 0 0 0 0 0 0 0 0 0 0 0 0 0 0 0 0 0 0 0 0 0 0 0 0 0 0 0 0 0 0 0 0 0 0 0 0 0 0 0 0 0 0 0 0 0 0 0 0 0 0 0 0 0 0 0 0 0 0 0 0 0 0 0 0 0 0 0 0 0 0 0 0 0 0 0 0 0 0 0 0 0 0 0 0 0 0 0 0 0 0 0 0 0 0 0 0 0 0 0 0 0 0 0 0 0 0 0 0 0 0 0 0 0 0 0 0 0 0 0 0 0 0 0 0 0 0 0 0 0 0 0 0 0 0 0 0 0 0 0 0 0 0 0 0 0 0 0 0 0 0 0 0 0 0 0 0 0 0 0 0 0 0 0 0 0 0 0 0 0 0 0 0 0 0 0 0 0 0 0 0 0 0 0 0 0 0 0 0 0 0 0 0 0 0 0 0 0 0 0 0 0 0 0 0 0 0 0 0 0 0 0 0 0 0 0 0 0 0 0 0 0 0 0 0 0 0 0 0 0 0 0 0 0 0 0 0 0 0 0 0 0 0 0 0 0 0 0 0 0 0 0 0 0 0 0 0 0 0 0 0 0 0 0 0 0 0 0 0 0 0 0 0 0 0 0 0 0 0 0 0 0 0 0 0 0 0 0 0 0 0 0 0 0 0 0 0 0 0 0 0 0 0 0 0 0 0 0 0 0 0 0 0 0 0 0 0 0 0 0 0 0 0 0 0 0 0 0 0 0 0 0 0 0 0 0 0 0 0 0 0 0 0 0 0 0 0 0 0 0 0 0 0 0 0 0 0 0 0 0 0 0 0 0 0 0 0 0 0 0 0 0 0 0 0 0 0 0 0 0 0 0 0 0 0 0 0 0 0 0 0 0 0 0 0 0 0 0 0 0 0 0 0 0 0 0 0 0 0 0 0 0 0 0 0 0 0 0 0 0 0 0 0 0 0 0 0 0 0 0 0 0 0 0 0 0 0 0 0 0 0 0 0 0 0 0 0 0 0 0 0 0 0 0 0 0 0 0 0 0 0 0 0 0 0 0 0 0 0 0 0 0 0 0 0 0 0 0 0 0 0 0 0 0 0 0 0 0 0 0 0 0 0 0 0 0 0 0 0 0 0 0 0 0 0 0 0 0 0 0 0 0 0 0 0 0 0 0 0 0 0 0 0 0 0 0 0 0 0 0 0 0 0 0 0 0 0 0 0 0 0 0 0 0 0 0 0 0 0 0 0 0 0 0 0 0 0 0 0 0 0 0 0 0 0 0 0 0 0 0 0 0 0 0 0 0 0 0 0 0 0 0 0 0 0 0 0 0 0 0 0 0 0 0 0 0 0 0 0 0 0 0 0 0 0 0 0 0 0 0 0 0 0 0 0 0 0 0 0 0 0 0 0 0 0 0 0 0 0 0 0 0 0 0 0 0 0 0 0 0 0 0 0 0 0 0 0 0 0 0 0 0 0 0 0 0 0 0 0 0 0 0 0 0 0 0 0 0 0 0 0 0 0 0 0 0 0 0 0 0 0 0 0 0 0 0 0 0 0 0 0 0 0 0 0 0 0 0 0 0 0 0 0 0 0 0 0 0 0 0 0 0 0 0 0 0 0 0 0 0 0 0 0 0 0 0 0 0 0 0 0 0 0 0 0 0 0 0 0 0 0 0 0 0 0 0 0 0 0 0 0 0 0 0 0 0 0 0 0 0 0 0 0 0 0 0 0 0 0 0 0 0 0 0 0 0 0 0 0 0 0 0 0 0 0 0 0 0 0 0 0 0 0 0 0 0 0 0 0 0 0 0 0 0 0 0 0 0 0 0 0 0 0 0 0 0 0 0 0 0 0 0 0 0 0 0 0 0 0 0 0 0 0 0 0 0 0 0 0 0 0 0 0 0 0 0 0 0 0 0 0 0 0 0 0 0 0 0 0 0 0 0 0 0 0 0 0 0 0 0 0 0 0 0 0 0 0 0 0 0 0 0 0 0 0 0 0 0 0 0 0 0 0 0 0 0 0 0 0 0 0 0 0 0 0 0 0 0 0 0 0 0 0 0 0 0 0 0 0 0 0 0 0 0 0 0 0 0 0 0 0 0 0 0 0 0 0 0 0 0 0 0 0 0 0 0 0 0 0 0 0 0 0 0 0 0 0 0 0 0 0 0 0 0 0 0 0 0 0 0 0 0 0 0 0 0 0 0 0 0 0 0 0 0 0 0 0 0 0 0 0 0 0 0 0 0 0 0 0 0 0 0 0 0 0 0 0 0 0 0 0 0
ctxt 818642557
btime 1790630938
processes 75307
procs_running 19
procs_blocked 0
softirq 957348337 73526 1530043 263799 931792111 110786 0 3043136 12486791 410 8047735
--
cpu  887414 344 512688 6624778 28085 0 198679 0 0 0
cpu0 29201 6 15096 207834 743 0 6797 0 0 0
cpu1 29467 8 15048 208331 554 0 6587 0 0 0
cpu2 29796 6 14971 208408 345 0 6499 0 0 0
cpu3 30364 7 15408 206576 1141 0 6570 0 0 0
cpu4 30617 6 15278 206887 705 0 6590 0 0 0
cpu5 30405 8 15182 207517 349 0 6505 0 0 0
cpu6 29998 6 15121 207974 331 0 6509 0 0 0
cpu7 29404 5 14928 208922 159 0 6381 0 0 0
cpu8 20107 9 15782 214611 946 0 4331 0 0 0
cpu9 21705 10 16022 211374 2186 0 4422 0 0 0
cpu10 21168 10 16135 212752 1128 0 4630 0 0 0
cpu11 20655 8 16096 214111 544 0 4554 0 0 0
cpu12 35073 77 17006 196156 2849 0 4751 0 0 0
cpu13 34110 10 17252 197563 2119 0 4882 0 0 0
cpu14 20936 8 16180 213720 768 0 4599 0 0 0
cpu15 20118 7 15294 216034 608 0 4203 0 0 0
cpu16 32600 4 15860 204792 338 0 6637 0 0 0
cpu17 32474 4 15839 203996 1183 0 6682 0 0 0
cpu18 32266 4 15724 205291 262 0 6621 0 0 0
cpu19 33140 5 16114 203487 588 0 6804 0 0 0
cpu20 33213 7 16074 203587 648 0 6766 0 0 0
cpu21 32062 4 15638 205269 496 0 6663 0 0 0
cpu22 31318 5 15722 204624 317 0 6634 0 0 0
cpu23 30428 7 15481 207061 270 0 6563 0 0 0
cpu24 22769 9 17096 210719 768 0 4947 0 0 0
cpu25 23938 10 17619 207794 1396 0 5242 0 0 0
cpu26 23458 8 17490 208803 1031 0 5218 0 0 0
cpu27 20549 5 16183 208799 975 0 8765 0 0 0
cpu28 31873 11 17198 195278 1615 0 9455 0 0 0
cpu29 32872 46 17204 194401 1309 0 9431 0 0 0
cpu30 19430 6 15879 210248 701 0 8579 0 0 0
cpu31 21887 6 16754 211841 697 0 4848 0 0 0
intr 616549437 126 0 0 0 0 0 0 0 0 1 0 0 0 0 0 0 0 0 0 0 0 0 0 0 0 0 0 1 1 1 0 0 0 0 1 0 1 0 0 75045 0 0 0 0 0 0 0 0 411 0 0 0 0 0 0 0 0 87 0 0 0 0 0 0 0 0 0 0 0 0 0 0 0 106698 2 10243077 10203754 10179497 10274308 0 2228 2222 2838 1467 3023 2617 2044 2517 1387 10047 17708 9701 8027 12728 14165 11054 7202 2658 1756 1401 2301 2181 1877 1504 1567 8745 6753 4755 5376 5965 5247 5824 7701 0 0 0 0 592552 2863 858 0 264 0 0 0 0 0 0 0 0 0 0 0 0 0 0 0 0 0 0 0 0 0 0 0 0 0 0 0 0 0 0 0 0 0 0 0 0 0 0 0 0 0 0 0 0 0 0 0 0 0 0 0 0 0 0 0 0 0 0 0 0 0 0 0 0 0 0 0 0 0 0 0 0 0 0 0 0 0 0 0 0 0 0 0 0 0 0 0 0 0 0 0 0 0 0 0 0 0 0 0 0 0 0 0 0 0 0 0 0 0 0 0 0 0 0 0 0 0 0 0 0 0 0 0 0 0 0 0 0 0 0 0 0 0 0 0 0 0 0 0 0 0 0 0 0 0 0 0 0 0 0 0 0 0 0 0 0 0 0 0 0 0 0 0 0 0 0 0 0 0 0 0 0 0 0 0 0 0 0 0 0 0 0 0 0 0 0 0 0 0 0 0 0 0 0 0 0 0 0 0 0 0 0 0 0 0 0 0 0 0 0 0 0 0 0 0 0 0 0 0 0 0 0 0 0 0 0 0 0 0 0 0 0 0 0 0 0 0 0 0 0 0 0 0 0 0 0 0 0 0 0 0 0 0 0 0 0 0 0 0 0 0 0 0 0 0 0 0 0 0 0 0 0 0 0 0 0 0 0 0 0 0 0 0 0 0 0 0 0 0 0 0 0 0 0 0 0 0 0 0 0 0 0 0 0 0 0 0 0 0 0 0 0 0 0 0 0 0 0 0 0 0 0 0 0 0 0 0 0 0 0 0 0 0 0 0 0 0 0 0 0 0 0 0 0 0 0 0 0 0 0 0 0 0 0 0 0 0 0 0 0 0 0 0 0 0 0 0 0 0 0 0 0 0 0 0 0 0 0 0 0 0 0 0 0 0 0 0 0 0 0 0 0 0 0 0 0 0 0 0 0 0 0 0 0 0 0 0 0 0 0 0 0 0 0 0 0 0 0 0 0 0 0 0 0 0 0 0 0 0 0 0 0 0 0 0 0 0 0 0 0 0 0 0 0 0 0 0 0 0 0 0 0 0 0 0 0 0 0 0 0 0 0 0 0 0 0 0 0 0 0 0 0 0 0 0 0 0 0 0 0 0 0 0 0 0 0 0 0 0 0 0 0 0 0 0 0 0 0 0 0 0 0 0 0 0 0 0 0 0 0 0 0 0 0 0 0 0 0 0 0 0 0 0 0 0 0 0 0 0 0 0 0 0 0 0 0 0 0 0 0 0 0 0 0 0 0 0 0 0 0 0 0 0 0 0 0 0 0 0 0 0 0 0 0 0 0 0 0 0 0 0 0 0 0 0 0 0 0 0 0 0 0 0 0 0 0 0 0 0 0 0 0 0 0 0 0 0 0 0 0 0 0 0 0 0 0 0 0 0 0 0 0 0 0 0 0 0 0 0 0 0 0 0 0 0 0 0 0 0 0 0 0 0 0 0 0 0 0 0 0 0 0 0 0 0 0 0 0 0 0 0 0 0 0 0 0 0 0 0 0 0 0 0 0 0 0 0 0 0 0 0 0 0 0 0 0 0 0 0 0 0 0 0 0 0 0 0 0 0 0 0 0 0 0 0 0 0 0 0 0 0 0 0 0 0 0 0 0 0 0 0 0 0 0 0 0 0 0 0 0 0 0 0 0 0 0 0 0 0 0 0 0 0 0 0 0 0 0 0 0 0 0 0 0 0 0 0 0 0 0 0 0 0 0 0 0 0 0 0 0 0 0 0 0 0 0 0 0 0 0 0 0 0 0 0 0 0 0 0 0 0 0 0 0 0 0 0 0 0 0 0 0 0 0 0 0 0 0 0 0 0 0 0 0 0 0 0 0 0 0 0 0 0 0 0 0 0 0 0 0 0 0 0 0 0 0 0 0 0 0 0 0 0 0 0 0 0 0 0 0 0 0 0 0 0 0 0 0 0 0 0 0 0 0 0 0 0 0 0 0 0 0 0 0 0 0 0 0 0 0 0 0 0 0 0 0 0 0 0 0 0 0 0 0 0 0 0 0 0 0 0 0 0 0 0 0 0 0 0 0 0 0 0 0 0 0 0 0 0 0 0 0 0 0 0 0 0 0 0 0 0 0 0 0 0 0 0 0 0 0 0 0 0 0 0 0 0 0 0 0 0 0 0 0 0 0 0 0 0 0 0 0 0 0 0 0 0 0 0 0 0 0 0 0 0 0 0 0 0 0 0 0 0 0 0 0 0 0 0 0 0 0 0 0 0 0 0 0 0 0 0 0 0 0 0 0 0 0 0 0 0 0 0 0 0 0 0 0 0 0 0 0 0 0 0 0 0 0 0 0 0 0 0 0 0 0 0 0 0 0 0 0 0 0 0 0 0 0 0 0 0 0 0 0 0 0 0 0 0 0 0 0 0 0 0 0 0 0 0 0 0 0 0 0 0 0 0 0 0 0 0 0 0 0 0 0 0 0 0 0 0 0 0 0 0 0 0 0 0 0 0 0 0 0 0 0 0 0 0 0 0 0
ctxt 822306157
btime 1790630938
processes 75384
procs_running 19
procs_blocked 0
softirq 961694526 73526 1536411 263799 936065946 111040 0 3043136 12503843 410 8096415
