Running 10s test @ http://127.0.0.1:18500/
  16 threads and 256 connections
  Thread Stats   Avg      Stdev     Max   +/- Stdev
    Latency     1.12ms  156.96us   2.78ms   88.27%
    Req/Sec    14.32k   602.83    26.16k    97.83%
  Latency Distribution
     50%    1.09ms
     75%    1.14ms
     90%    1.24ms
     99%    1.73ms
  2299843 requests in 10.10s, 274.16MB read
Requests/sec: 227718.46
Transfer/sec:     27.15MB
## server-stat
cpu  923045 348 526645 6677159 28165 0 208354 0 0 0
cpu0 31347 6 15613 208435 743 0 7235 0 0 0
cpu1 31625 8 15566 208930 554 0 7012 0 0 0
cpu2 31951 6 15481 209011 345 0 6930 0 0 0
cpu3 32526 7 15927 207174 1141 0 6993 0 0 0
cpu4 32769 6 15795 207482 705 0 7025 0 0 0
cpu5 32561 8 15701 208115 349 0 6928 0 0 0
cpu6 32147 6 15639 208577 331 0 6937 0 0 0
cpu7 31557 5 15450 209528 159 0 6800 0 0 0
cpu8 20161 9 16131 217288 948 0 4514 0 0 0
cpu9 21763 10 16374 214049 2199 0 4597 0 0 0
cpu10 21225 10 16485 215455 1129 0 4804 0 0 0
cpu11 20706 8 16421 216860 544 0 4722 0 0 0
cpu12 35166 78 17343 198862 2850 0 4927 0 0 0
cpu13 34178 10 17602 200260 2131 0 5063 0 0 0
cpu14 20986 8 16493 216532 769 0 4756 0 0 0
cpu15 20166 8 15599 218881 609 0 4359 0 0 0
cpu16 34760 4 16375 205389 338 0 7065 0 0 0
cpu17 34618 4 16367 204590 1183 0 7114 0 0 0
cpu18 34435 4 16230 205887 262 0 7052 0 0 0
cpu19 35308 5 16632 204085 588 0 7220 0 0 0
cpu20 35357 7 16597 204184 648 0 7200 0 0 0
cpu21 34218 4 16152 205866 496 0 7092 0 0 0
cpu22 33473 5 16241 205217 317 0 7061 0 0 0
cpu23 32594 7 15997 207659 270 0 6982 0 0 0
cpu24 22836 9 17447 213472 768 0 5108 0 0 0
cpu25 24018 10 17995 210386 1405 0 5436 0 0 0
cpu26 23530 8 17875 211420 1032 0 5405 0 0 0
cpu27 20610 5 16530 211502 976 0 8943 0 0 0
cpu28 32009 11 17617 197746 1638 0 9653 0 0 0
cpu29 33006 47 17615 196867 1326 0 9634 0 0 0
cpu30 19485 6 16232 212907 701 0 8749 0 0 0
cpu31 21940 6 17109 214526 698 0 5024 0 0 0
intr 631867223 126 0 0 0 0 0 0 0 0 1 0 0 0 0 0 0 0 0 0 0 0 0 0 0 0 0 0 1 1 1 0 0 0 0 1 0 1 0 0 75045 0 0 0 0 0 0 0 0 411 0 0 0 0 0 0 0 0 87 0 0 0 0 0 0 0 0 0 0 0 0 0 0 0 107623 2 10243505 10204028 10179863 10274491 0 2257 2222 2838 1467 3023 2617 2044 2517 1387 10049 17710 9701 8030 12735 14228 11057 7205 2658 1756 1401 2301 2181 1877 1504 1567 8747 6774 4774 5393 6000 5259 5840 7703 0 0 0 0 600017 2874 858 0 264 0 0 0 0 0 0 0 0 0 0 0 0 0 0 0 0 0 0 0 0 0 0 0 0 0 0 0 0 0 0 0 0 0 0 0 0 0 0 0 0 0 0 0 0 0 0 0 0 0 0 0 0 0 0 0 0 0 0 0 0 0 0 0 0 0 0 0 0 0 0 0 0 0 0 0 0 0 0 0 0 0 0 0 0 0 0 0 0 0 0 0 0 0 0 0 0 0 0 0 0 0 0 0 0 0 0 0 0 0 0 0 0 0 0 0 0 0 0 0 0 0 0 0 0 0 0 0 0 0 0 0 0 0 0 0 0 0 0 0 0 0 0 0 0 0 0 0 0 0 0 0 0 0 0 0 0 0 0 0 0 0 0 0 0 0 0 0 0 0 0 0 0 0 0 0 0 0 0 0 0 0 0 0 0 0 0 0 0 0 0 0 0 0 0 0 0 0 0 0 0 0 0 0 0 0 0 0 0 0 0 0 0 0 0 0 0 0 0 0 0 0 0 0 0 0 0 0 0 0 0 0 0 0 0 0 0 0 0 0 0 0 0 0 0 0 0 0 0 0 0 0 0 0 0 0 0 0 0 0 0 0 0 0 0 0 0 0 0 0 0 0 0 0 0 0 0 0 0 0 0 0 0 0 0 0 0 0 0 0 0 0 0 0 0 0 0 0 0 0 0 0 0 0 0 0 0 0 0 0 0 0 0 0 0 0 0 0 0 0 0 0 0 0 0 0 0 0 0 0 0 0 0 0 0 0 0 0 0 0 0 0 0 0 0 0 0 0 0 0 0 0 0 0 0 0 0 0 0 0 0 0 0 0 0 0 0 0 0 0 0 0 0 0 0 0 0 0 0 0 0 0 0 0 0 0 0 0 0 0 0 0 0 0 0 0 0 0 0 0 0 0 0 0 0 0 0 0 0 0 0 0 0 0 0 0 0 0 0 0 0 0 0 0 0 0 0 0 0 0 0 0 0 0 0 0 0 0 0 0 0 0 0 0 0 0 0 0 0 0 0 0 0 0 0 0 0 0 0 0 0 0 0 0 0 0 0 0 0 0 0 0 0 0 0 0 0 0 0 0 0 0 0 0 0 0 0 0 0 0 0 0 0 0 0 0 0 0 0 0 0 0 0 0 0 0 0 0 0 0 0 0 0 0 0 0 0 0 0 0 0 0 0 0 0 0 0 0 0 0 0 0 0 0 0 0 0 0 0 0 0 0 0 0 0 0 0 0 0 0 0 0 0 0 0 0 0 0 0 0 0 0 0 0 0 0 0 0 0 0 0 0 0 0 0 0 0 0 0 0 0 0 0 0 0 0 0 0 0 0 0 0 0 0 0 0 0 0 0 0 0 0 0 0 0 0 0 0 0 0 0 0 0 0 0 0 0 0 0 0 0 0 0 0 0 0 0 0 0 0 0 0 0 0 0 0 0 0 0 0 0 0 0 0 0 0 0 0 0 0 0 0 0 0 0 0 0 0 0 0 0 0 0 0 0 0 0 0 0 0 0 0 0 0 0 0 0 0 0 0 0 0 0 0 0 0 0 0 0 0 0 0 0 0 0 0 0 0 0 0 0 0 0 0 0 0 0 0 0 0 0 0 0 0 0 0 0 0 0 0 0 0 0 0 0 0 0 0 0 0 0 0 0 0 0 0 0 0 0 0 0 0 0 0 0 0 0 0 0 0 0 0 0 0 0 0 0 0 0 0 0 0 0 0 0 0 0 0 0 0 0 0 0 0 0 0 0 0 0 0 0 0 0 0 0 0 0 0 0 0 0 0 0 0 0 0 0 0 0 0 0 0 0 0 0 0 0 0 0 0 0 0 0 0 0 0 0 0 0 0 0 0 0 0 0 0 0 0 0 0 0 0 0 0 0 0 0 0 0 0 0 0 0 0 0 0 0 0 0 0 0 0 0 0 0 0 0 0 0 0 0 0 0 0 0 0 0 0 0 0 0 0 0 0 0 0 0 0 0 0 0 0 0 0 0 0 0 0 0 0 0 0 0 0 0 0 0 0 0 0 0 0 0 0 0 0 0 0 0 0 0 0 0 0 0 0 0 0 0 0 0 0 0 0 0 0 0 0 0 0 0 0 0 0 0 0 0 0 0 0 0 0 0 0 0 0 0 0 0 0 0 0 0 0 0 0 0 0 0 0 0 0 0 0 0 0 0 0 0 0 0 0 0 0 0 0 0 0 0 0 0 0 0 0 0 0 0 0 0 0 0 0 0 0 0 0 0 0 0 0 0 0 0 0 0 0 0 0 0 0 0 0 0 0 0 0 0 0 0 0 0 0 0 0 0 0 0 0 0 0 0 0 0 0 0 0 0 0 0 0 0 0 0 0 0 0 0 0 0 0 0 0 0 0 0 0 0 0 0 0 0 0 0 0 0 0 0 0 0 0 0 0 0 0 0 0 0 0 0 0 0 0 0 0 0 0 0 0 0 0 0 0 0 0 0 0 0 0 0 0 0 0 0
ctxt 850637178
btime 1790630938
processes 76814
procs_running 28
procs_blocked 0
softirq 1006790430 73526 1566146 263805 980682082 112016 0 3043174 12703416 410 8345855
--
cpu  930131 349 530157 6688065 28174 0 209734 0 0 0
cpu0 31773 6 15769 208527 743 0 7298 0 0 0
cpu1 32059 8 15720 209021 554 0 7072 0 0 0
cpu2 32389 6 15636 209101 345 0 6991 0 0 0
cpu3 32961 7 16083 207263 1141 0 7058 0 0 0
cpu4 33194 6 15956 207569 705 0 7090 0 0 0
cpu5 32992 8 15859 208203 349 0 6991 0 0 0
cpu6 32572 6 15798 208669 331 0 6999 0 0 0
cpu7 31973 5 15606 209627 159 0 6861 0 0 0
cpu8 20170 9 16229 217822 948 0 4539 0 0 0
cpu9 21772 10 16444 214632 2199 0 4622 0 0 0
cpu10 21232 10 16548 216053 1129 0 4828 0 0 0
cpu11 20710 8 16465 217521 544 0 4734 0 0 0
cpu12 35169 78 17372 199570 2850 0 4938 0 0 0
cpu13 34182 10 17632 200958 2135 0 5076 0 0 0
cpu14 20987 8 16507 217286 769 0 4759 0 0 0
cpu15 20166 8 15606 219651 609 0 4361 0 0 0
cpu16 35189 4 16534 205474 338 0 7128 0 0 0
cpu17 35058 4 16520 204676 1183 0 7177 0 0 0
cpu18 34871 4 16385 205973 262 0 7118 0 0 0
cpu19 35738 5 16796 204168 588 0 7285 0 0 0
cpu20 35791 7 16757 204268 648 0 7264 0 0 0
cpu21 34653 4 16303 205951 496 0 7157 0 0 0
cpu22 33909 5 16396 205304 317 0 7125 0 0 0
cpu23 33034 7 16147 207749 270 0 7041 0 0 0
cpu24 22838 9 17462 214222 769 0 5114 0 0 0
cpu25 24031 10 18090 210891 1405 0 5482 0 0 0
cpu26 23542 8 17964 211949 1033 0 5439 0 0 0
cpu27 20616 5 16582 212138 976 0 8958 0 0 0
cpu28 32056 12 17749 198096 1638 0 9710 0 0 0
cpu29 33055 47 17744 197194 1329 0 9698 0 0 0
cpu30 19491 6 16305 213430 701 0 8764 0 0 0
cpu31 21944 6 17180 215094 699 0 5040 0 0 0
intr 637810350 126 0 0 0 0 0 0 0 0 1 0 0 0 0 0 0 0 0 0 0 0 0 0 0 0 0 0 1 1 1 0 0 0 0 1 0 1 0 0 75045 0 0 0 0 0 0 0 0 411 0 0 0 0 0 0 0 0 87 0 0 0 0 0 0 0 0 0 0 0 0 0 0 0 107777 2 10243576 10204053 10179898 10274492 0 2265 2222 2838 1467 3023 2617 2044 2517 1387 10049 17713 9701 8030 12736 14228 11057 7205 2658 1756 1401 2301 2181 1877 1504 1567 8747 6774 4776 5396 6001 5260 5840 7704 0 0 0 0 601616 2874 858 0 264 0 0 0 0 0 0 0 0 0 0 0 0 0 0 0 0 0 0 0 0 0 0 0 0 0 0 0 0 0 0 0 0 0 0 0 0 0 0 0 0 0 0 0 0 0 0 0 0 0 0 0 0 0 0 0 0 0 0 0 0 0 0 0 0 0 0 0 0 0 0 0 0 0 0 0 0 0 0 0 0 0 0 0 0 0 0 0 0 0 0 0 0 0 0 0 0 0 0 0 0 0 0 0 0 0 0 0 0 0 0 0 0 0 0 0 0 0 0 0 0 0 0 0 0 0 0 0 0 0 0 0 0 0 0 0 0 0 0 0 0 0 0 0 0 0 0 0 0 0 0 0 0 0 0 0 0 0 0 0 0 0 0 0 0 0 0 0 0 0 0 0 0 0 0 0 0 0 0 0 0 0 0 0 0 0 0 0 0 0 0 0 0 0 0 0 0 0 0 0 0 0 0 0 0 0 0 0 0 0 0 0 0 0 0 0 0 0 0 0 0 0 0 0 0 0 0 0 0 0 0 0 0 0 0 0 0 0 0 0 0 0 0 0 0 0 0 0 0 0 0 0 0 0 0 0 0 0 0 0 0 0 0 0 0 0 0 0 0 0 0 0 0 0 0 0 0 0 0 0 0 0 0 0 0 0 0 0 0 0 0 0 0 0 0 0 0 0 0 0 0 0 0 0 0 0 0 0 0 0 0 0 0 0 0 0 0 0 0 0 0 0 0 0 0 0 0 0 0 0 0 0 0 0 0 0 0 0 0 0 0 0 0 0 0 0 0 0 0 0 0 0 0 0 0 0 0 0 0 0 0 0 0 0 0 0 0 0 0 0 0 0 0 0 0 0 0 0 0 0 0 0 0 0 0 0 0 0 0 0 0 0 0 0 0 0 0 0 0 0 0 0 0 0 0 0 0 0 0 0 0 0 0 0 0 0 0 0 0 0 0 0 0 0 0 0 0 0 0 0 0 0 0 0 0 0 0 0 0 0 0 0 0 0 0 0 0 0 0 0 0 0 0 0 0 0 0 0 0 0 0 0 0 0 0 0 0 0 0 0 0 0 0 0 0 0 0 0 0 0 0 0 0 0 0 0 0 0 0 0 0 0 0 0 0 0 0 0 0 0 0 0 0 0 0 0 0 0 0 0 0 0 0 0 0 0 0 0 0 0 0 0 0 0 0 0 0 0 0 0 0 0 0 0 0 0 0 0 0 0 0 0 0 0 0 0 0 0 0 0 0 0 0 0 0 0 0 0 0 0 0 0 0 0 0 0 0 0 0 0 0 0 0 0 0 0 0 0 0 0 0 0 0 0 0 0 0 0 0 0 0 0 0 0 0 0 0 0 0 0 0 0 0 0 0 0 0 0 0 0 0 0 0 0 0 0 0 0 0 0 0 0 0 0 0 0 0 0 0 0 0 0 0 0 0 0 0 0 0 0 0 0 0 0 0 0 0 0 0 0 0 0 0 0 0 0 0 0 0 0 0 0 0 0 0 0 0 0 0 0 0 0 0 0 0 0 0 0 0 0 0 0 0 0 0 0 0 0 0 0 0 0 0 0 0 0 0 0 0 0 0 0 0 0 0 0 0 0 0 0 0 0 0 0 0 0 0 0 0 0 0 0 0 0 0 0 0 0 0 0 0 0 0 0 0 0 0 0 0 0 0 0 0 0 0 0 0 0 0 0 0 0 0 0 0 0 0 0 0 0 0 0 0 0 0 0 0 0 0 0 0 0 0 0 0 0 0 0 0 0 0 0 0 0 0 0 0 0 0 0 0 0 0 0 0 0 0 0 0 0 0 0 0 0 0 0 0 0 0 0 0 0 0 0 0 0 0 0 0 0 0 0 0 0 0 0 0 0 0 0 0 0 0 0 0 0 0 0 0 0 0 0 0 0 0 0 0 0 0 0 0 0 0 0 0 0 0 0 0 0 0 0 0 0 0 0 0 0 0 0 0 0 0 0 0 0 0 0 0 0 0 0 0 0 0 0 0 0 0 0 0 0 0 0 0 0 0 0 0 0 0 0 0 0 0 0 0 0 0 0 0 0 0 0 0 0 0 0 0 0 0 0 0 0 0 0 0 0 0 0 0 0 0 0 0 0 0 0 0 0 0 0 0 0 0 0 0 0 0 0 0 0 0 0 0 0 0 0 0 0 0 0 0 0 0 0 0 0 0 0 0 0 0 0 0 0 0 0 0 0 0 0 0 0 0 0 0 0 0 0 0 0 0 0 0 0 0 0 0 0 0 0 0 0 0 0 0 0 0 0 0 0 0 0 0 0 0 0 0 0 0 0 0 0 0 0 0 0 0 0 0 0 0 0 0 0 0 0 0 0 0 0 0 0 0 0 0 0 0 0 0 0 0 0 0 0 0 0 0 0 0 0 0 0 0 0 0 0 0 0 0 0 0 0 0 0 0 0 0 0 0 0 0 0 0 0 0 0 0 0 0 0 0 0 0 0 0 0 0 0 0 0 0
ctxt 861931570
btime 1790630938
processes 76885
procs_running 12
procs_blocked 0
softirq 1014263255 73526 1574824 263805 987955683 112179 0 3043174 12839793 410 8399861
