Running 10s test @ http://127.0.0.1:18500/
  16 threads and 256 connections
  Thread Stats   Avg      Stdev     Max   +/- Stdev
    Latency   592.50us  290.60us   3.38ms   72.75%
    Req/Sec    27.55k     1.58k   75.47k    98.88%
  Latency Distribution
     50%  595.00us
     75%  749.00us
     90%    0.91ms
     99%    1.58ms
  4421636 requests in 10.10s, 725.29MB read
Requests/sec: 437813.79
Transfer/sec:     71.82MB
## server-stat
cpu  1026438 359 568746 6873921 28479 0 225760 0 0 0
cpu0 37534 6 17485 211187 743 0 8047 0 0 0
cpu1 37819 8 17425 211687 554 0 7821 0 0 0
cpu2 38150 6 17343 211762 353 0 7743 0 0 0
cpu3 38686 7 17819 209917 1141 0 7794 0 0 0
cpu4 38969 6 17663 210220 705 0 7845 0 0 0
cpu5 38748 8 17572 210862 349 0 7739 0 0 0
cpu6 38321 6 17506 211346 331 0 7745 0 0 0
cpu7 37698 5 17335 212302 160 0 7604 0 0 0
cpu8 20275 10 17005 226683 974 0 4826 0 0 0
cpu9 21935 10 17167 223640 2217 0 4878 0 0 0
cpu10 21333 10 17223 225284 1136 0 5061 0 0 0
cpu11 20787 8 16981 227235 547 0 4910 0 0 0
cpu12 35396 79 17906 209138 2866 0 5130 0 0 0
cpu13 34454 11 18197 210387 2159 0 5270 0 0 0
cpu14 21043 8 16853 227564 770 0 4896 0 0 0
cpu15 20219 8 15911 230120 610 0 4491 0 0 0
cpu16 41001 4 18255 208079 338 0 7874 0 0 0
cpu17 40859 4 18237 207284 1187 0 7921 0 0 0
cpu18 40690 4 18100 208599 262 0 7856 0 0 0
cpu19 41536 5 18497 206769 598 0 8034 0 0 0
cpu20 41624 7 18451 206881 648 0 8022 0 0 0
cpu21 40476 4 18008 208571 496 0 7894 0 0 0
cpu22 39705 5 18129 207930 317 0 7870 0 0 0
cpu23 38812 7 17837 210389 274 0 7796 0 0 0
cpu24 22943 10 17955 224162 774 0 5282 0 0 0
cpu25 24454 11 19027 218953 1418 0 5828 0 0 0
cpu26 23784 9 18811 220339 1044 0 5763 0 0 0
cpu27 20712 5 17206 221374 984 0 9173 0 0 0
cpu28 32939 14 19025 204949 1695 0 10202 0 0 0
cpu29 33912 50 19014 203925 1409 0 10203 0 0 0
cpu30 19577 7 16937 222211 702 0 8970 0 0 0
cpu31 22033 7 17853 224157 700 0 5258 0 0 0
intr 705417939 126 0 0 0 0 0 0 0 0 1 0 0 0 0 0 0 0 0 0 0 0 0 0 0 0 0 0 1 1 1 0 0 0 0 1 0 1 0 0 75045 0 0 0 0 0 0 0 0 411 0 0 0 0 0 0 0 0 87 0 0 0 0 0 0 0 0 0 0 0 0 0 0 0 110838 2 10244536 10204651 10180683 10275011 0 2361 2222 2838 1467 3023 2617 2044 2517 1387 10098 17853 9817 8030 13006 14420 11116 7224 2658 1756 1401 2301 2182 1877 1506 1568 8753 6791 4815 5405 6062 5426 5876 7719 0 0 0 0 616192 2889 1036 0 264 0 0 0 0 0 0 0 0 0 0 0 0 0 0 0 0 0 0 0 0 0 0 0 0 0 0 0 0 0 0 0 0 0 0 0 0 0 0 0 0 0 0 0 0 0 0 0 0 0 0 0 0 0 0 0 0 0 0 0 0 0 0 0 0 0 0 0 0 0 0 0 0 0 0 0 0 0 0 0 0 0 0 0 0 0 0 0 0 0 0 0 0 0 0 0 0 0 0 0 0 0 0 0 0 0 0 0 0 0 0 0 0 0 0 0 0 0 0 0 0 0 0 0 0 0 0 0 0 0 0 0 0 0 0 0 0 0 0 0 0 0 0 0 0 0 0 0 0 0 0 0 0 0 0 0 0 0 0 0 0 0 0 0 0 0 0 0 0 0 0 0 0 0 0 0 0 0 0 0 0 0 0 0 0 0 0 0 0 0 0 0 0 0 0 0 0 0 0 0 0 0 0 0 0 0 0 0 0 0 0 0 0 0 0 0 0 0 0 0 0 0 0 0 0 0 0 0 0 0 0 0 0 0 0 0 0 0 0 0 0 0 0 0 0 0 0 0 0 0 0 0 0 0 0 0 0 0 0 0 0 0 0 0 0 0 0 0 0 0 0 0 0 0 0 0 0 0 0 0 0 0 0 0 0 0 0 0 0 0 0 0 0 0 0 0 0 0 0 0 0 0 0 0 0 0 0 0 0 0 0 0 0 0 0 0 0 0 0 0 0 0 0 0 0 0 0 0 0 0 0 0 0 0 0 0 0 0 0 0 0 0 0 0 0 0 0 0 0 0 0 0 0 0 0 0 0 0 0 0 0 0 0 0 0 0 0 0 0 0 0 0 0 0 0 0 0 0 0 0 0 0 0 0 0 0 0 0 0 0 0 0 0 0 0 0 0 0 0 0 0 0 0 0 0 0 0 0 0 0 0 0 0 0 0 0 0 0 0 0 0 0 0 0 0 0 0 0 0 0 0 0 0 0 0 0 0 0 0 0 0 0 0 0 0 0 0 0 0 0 0 0 0 0 0 0 0 0 0 0 0 0 0 0 0 0 0 0 0 0 0 0 0 0 0 0 0 0 0 0 0 0 0 0 0 0 0 0 0 0 0 0 0 0 0 0 0 0 0 0 0 0 0 0 0 0 0 0 0 0 0 0 0 0 0 0 0 0 0 0 0 0 0 0 0 0 0 0 0 0 0 0 0 0 0 0 0 0 0 0 0 0 0 0 0 0 0 0 0 0 0 0 0 0 0 0 0 0 0 0 0 0 0 0 0 0 0 0 0 0 0 0 0 0 0 0 0 0 0 0 0 0 0 0 0 0 0 0 0 0 0 0 0 0 0 0 0 0 0 0 0 0 0 0 0 0 0 0 0 0 0 0 0 0 0 0 0 0 0 0 0 0 0 0 0 0 0 0 0 0 0 0 0 0 0 0 0 0 0 0 0 0 0 0 0 0 0 0 0 0 0 0 0 0 0 0 0 0 0 0 0 0 0 0 0 0 0 0 0 0 0 0 0 0 0 0 0 0 0 0 0 0 0 0 0 0 0 0 0 0 0 0 0 0 0 0 0 0 0 0 0 0 0 0 0 0 0 0 0 0 0 0 0 0 0 0 0 0 0 0 0 0 0 0 0 0 0 0 0 0 0 0 0 0 0 0 0 0 0 0 0 0 0 0 0 0 0 0 0 0 0 0 0 0 0 0 0 0 0 0 0 0 0 0 0 0 0 0 0 0 0 0 0 0 0 0 0 0 0 0 0 0 0 0 0 0 0 0 0 0 0 0 0 0 0 0 0 0 0 0 0 0 0 0 0 0 0 0 0 0 0 0 0 0 0 0 0 0 0 0 0 0 0 0 0 0 0 0 0 0 0 0 0 0 0 0 0 0 0 0 0 0 0 0 0 0 0 0 0 0 0 0 0 0 0 0 0 0 0 0 0 0 0 0 0 0 0 0 0 0 0 0 0 0 0 0 0 0 0 0 0 0 0 0 0 0 0 0 0 0 0 0 0 0 0 0 0 0 0 0 0 0 0 0 0 0 0 0 0 0 0 0 0 0 0 0 0 0 0 0 0 0 0 0 0 0 0 0 0 0 0 0 0 0 0 0 0 0 0 0 0 0 0 0 0 0 0 0 0 0 0 0 0 0 0 0 0 0 0 0 0 0 0 0 0 0 0 0 0 0 0 0 0 0 0 0 0 0 0 0 0 0 0 0 0 0 0 0 0 0 0 0 0 0 0 0 0 0 0 0 0 0 0 0 0 0 0 0 0 0 0 0 0 0 0 0 0 0 0 0 0 0 0 0 0 0 0 0 0 0 0 0 0 0 0 0 0 0 0 0 0 0 0 0 0 0 0 0 0 0 0 0 0 0 0 0 0 0 0 0 0 0 0 0 0 0 0 0 0 0 0 0 0 0 0 0 0 0 0 0 0 0 0 0 0 0 0 0 0 0 0 0 0 0 0 0 0 0 0 0 0 0 0
ctxt 992901826
btime 1790630938
processes 80274
procs_running 22
procs_blocked 0
softirq 1100901948 73526 1683960 263821 1072534346 115413 0 3043237 14092675 410 9094560
--
cpu  1032442 359 572470 6884193 28484 0 226719 0 0 0
cpu0 37890 6 17645 211298 743 0 8086 0 0 0
cpu1 38183 8 17587 211801 554 0 7858 0 0 0
cpu2 38505 6 17504 211880 353 0 7781 0 0 0
cpu3 39049 7 17978 210030 1141 0 7833 0 0 0
cpu4 39328 6 17820 210331 705 0 7884 0 0 0
cpu5 39109 8 17731 210976 349 0 7775 0 0 0
cpu6 38681 6 17663 211459 331 0 7789 0 0 0
cpu7 38057 5 17501 212413 160 0 7641 0 0 0
cpu8 20284 10 17086 227163 974 0 4853 0 0 0
cpu9 21942 10 17244 224188 2217 0 4897 0 0 0
cpu10 21341 10 17291 225851 1136 0 5076 0 0 0
cpu11 20792 8 17033 227853 547 0 4919 0 0 0
cpu12 35402 79 17957 209773 2866 0 5140 0 0 0
cpu13 34461 11 18249 211010 2159 0 5280 0 0 0
cpu14 21045 8 16875 228274 770 0 4899 0 0 0
cpu15 20221 8 15928 230859 610 0 4493 0 0 0
cpu16 41372 4 18414 208189 338 0 7910 0 0 0
cpu17 41227 4 18395 207396 1187 0 7958 0 0 0
cpu18 41046 4 18263 208710 262 0 7894 0 0 0
cpu19 41892 5 18664 206877 598 0 8073 0 0 0
cpu20 41988 7 18615 206992 648 0 8056 0 0 0
cpu21 40840 4 18172 208678 496 0 7934 0 0 0
cpu22 40075 5 18287 208037 317 0 7909 0 0 0
cpu23 39173 7 18003 210497 274 0 7834 0 0 0
cpu24 22950 10 17997 224823 774 0 5292 0 0 0
cpu25 24476 11 19128 219345 1419 0 5870 0 0 0
cpu26 23802 9 18902 220738 1047 0 5801 0 0 0
cpu27 20723 5 17286 221872 984 0 9193 0 0 0
cpu28 32990 14 19160 205263 1697 0 10261 0 0 0
cpu29 33963 50 19144 204235 1409 0 10262 0 0 0
cpu30 19581 7 17006 222694 702 0 8984 0 0 0
cpu31 22041 7 17927 224669 700 0 5272 0 0 0
intr 714316582 126 0 0 0 0 0 0 0 0 1 0 0 0 0 0 0 0 0 0 0 0 0 0 0 0 0 0 1 1 1 0 0 0 0 1 0 1 0 0 75045 0 0 0 0 0 0 0 0 411 0 0 0 0 0 0 0 0 87 0 0 0 0 0 0 0 0 0 0 0 0 0 0 0 110958 2 10244575 10204665 10180720 10275017 0 2365 2222 2838 1467 3023 2617 2044 2517 1387 10098 17854 9818 8032 13006 14420 11116 7224 2658 1756 1401 2301 2182 1877 1506 1568 8755 6791 4815 5407 6062 5429 5876 7719 0 0 0 0 616192 2889 1036 0 264 0 0 0 0 0 0 0 0 0 0 0 0 0 0 0 0 0 0 0 0 0 0 0 0 0 0 0 0 0 0 0 0 0 0 0 0 0 0 0 0 0 0 0 0 0 0 0 0 0 0 0 0 0 0 0 0 0 0 0 0 0 0 0 0 0 0 0 0 0 0 0 0 0 0 0 0 0 0 0 0 0 0 0 0 0 0 0 0 0 0 0 0 0 0 0 0 0 0 0 0 0 0 0 0 0 0 0 0 0 0 0 0 0 0 0 0 0 0 0 0 0 0 0 0 0 0 0 0 0 0 0 0 0 0 0 0 0 0 0 0 0 0 0 0 0 0 0 0 0 0 0 0 0 0 0 0 0 0 0 0 0 0 0 0 0 0 0 0 0 0 0 0 0 0 0 0 0 0 0 0 0 0 0 0 0 0 0 0 0 0 0 0 0 0 0 0 0 0 0 0 0 0 0 0 0 0 0 0 0 0 0 0 0 0 0 0 0 0 0 0 0 0 0 0 0 0 0 0 0 0 0 0 0 0 0 0 0 0 0 0 0 0 0 0 0 0 0 0 0 0 0 0 0 0 0 0 0 0 0 0 0 0 0 0 0 0 0 0 0 0 0 0 0 0 0 0 0 0 0 0 0 0 0 0 0 0 0 0 0 0 0 0 0 0 0 0 0 0 0 0 0 0 0 0 0 0 0 0 0 0 0 0 0 0 0 0 0 0 0 0 0 0 0 0 0 0 0 0 0 0 0 0 0 0 0 0 0 0 0 0 0 0 0 0 0 0 0 0 0 0 0 0 0 0 0 0 0 0 0 0 0 0 0 0 0 0 0 0 0 0 0 0 0 0 0 0 0 0 0 0 0 0 0 0 0 0 0 0 0 0 0 0 0 0 0 0 0 0 0 0 0 0 0 0 0 0 0 0 0 0 0 0 0 0 0 0 0 0 0 0 0 0 0 0 0 0 0 0 0 0 0 0 0 0 0 0 0 0 0 0 0 0 0 0 0 0 0 0 0 0 0 0 0 0 0 0 0 0 0 0 0 0 0 0 0 0 0 0 0 0 0 0 0 0 0 0 0 0 0 0 0 0 0 0 0 0 0 0 0 0 0 0 0 0 0 0 0 0 0 0 0 0 0 0 0 0 0 0 0 0 0 0 0 0 0 0 0 0 0 0 0 0 0 0 0 0 0 0 0 0 0 0 0 0 0 0 0 0 0 0 0 0 0 0 0 0 0 0 0 0 0 0 0 0 0 0 0 0 0 0 0 0 0 0 0 0 0 0 0 0 0 0 0 0 0 0 0 0 0 0 0 0 0 0 0 0 0 0 0 0 0 0 0 0 0 0 0 0 0 0 0 0 0 0 0 0 0 0 0 0 0 0 0 0 0 0 0 0 0 0 0 0 0 0 0 0 0 0 0 0 0 0 0 0 0 0 0 0 0 0 0 0 0 0 0 0 0 0 0 0 0 0 0 0 0 0 0 0 0 0 0 0 0 0 0 0 0 0 0 0 0 0 0 0 0 0 0 0 0 0 0 0 0 0 0 0 0 0 0 0 0 0 0 0 0 0 0 0 0 0 0 0 0 0 0 0 0 0 0 0 0 0 0 0 0 0 0 0 0 0 0 0 0 0 0 0 0 0 0 0 0 0 0 0 0 0 0 0 0 0 0 0 0 0 0 0 0 0 0 0 0 0 0 0 0 0 0 0 0 0 0 0 0 0 0 0 0 0 0 0 0 0 0 0 0 0 0 0 0 0 0 0 0 0 0 0 0 0 0 0 0 0 0 0 0 0 0 0 0 0 0 0 0 0 0 0 0 0 0 0 0 0 0 0 0 0 0 0 0 0 0 0 0 0 0 0 0 0 0 0 0 0 0 0 0 0 0 0 0 0 0 0 0 0 0 0 0 0 0 0 0 0 0 0 0 0 0 0 0 0 0 0 0 0 0 0 0 0 0 0 0 0 0 0 0 0 0 0 0 0 0 0 0 0 0 0 0 0 0 0 0 0 0 0 0 0 0 0 0 0 0 0 0 0 0 0 0 0 0 0 0 0 0 0 0 0 0 0 0 0 0 0 0 0 0 0 0 0 0 0 0 0 0 0 0 0 0 0 0 0 0 0 0 0 0 0 0 0 0 0 0 0 0 0 0 0 0 0 0 0 0 0 0 0 0 0 0 0 0 0 0 0 0 0 0 0 0 0 0 0 0 0 0 0 0 0 0 0 0 0 0 0 0 0 0 0 0 0 0 0 0 0 0 0 0 0 0 0 0 0 0 0 0 0 0 0 0 0 0 0 0 0 0 0 0 0 0 0 0 0 0 0 0 0 0 0 0 0 0 0 0 0 0 0 0 0 0 0 0 0 0 0 0 0 0 0 0 0 0 0 0 0 0 0 0 0 0 0 0 0 0 0 0 0 0 0 0 0 0 0 0 0 0 0 0 0 0 0 0 0 0 0 0 0 0 0 0 0 0 0 0 0
ctxt 1012082832
btime 1790630938
processes 80314
procs_running 23
procs_blocked 0
softirq 1108080649 73526 1687315 263821 1079521158 115541 0 3043237 14223285 410 9152356
