Running 10s test @ http://127.0.0.1:18500/
  16 threads and 256 connections
  Thread Stats   Avg      Stdev     Max   +/- Stdev
    Latency     1.09ms  113.18us   4.05ms   90.09%
    Req/Sec    14.71k   793.49    29.48k    98.51%
  Latency Distribution
     50%    1.08ms
     75%    1.13ms
     90%    1.17ms
     99%    1.60ms
  2359972 requests in 10.10s, 281.33MB read
Requests/sec: 233675.40
Transfer/sec:     27.86MB
## server-stat
cpu  1049445 361 579760 6918916 28527 0 229400 0 0 0
cpu0 38928 6 17979 211774 743 0 8217 0 0 0
cpu1 39225 8 17930 212275 554 0 7981 0 0 0
cpu2 39536 6 17845 212360 353 0 7913 0 0 0
cpu3 40091 7 18313 210512 1141 0 7958 0 0 0
cpu4 40358 6 18160 210802 705 0 8013 0 0 0
cpu5 40122 8 18075 211453 349 0 7906 0 0 0
cpu6 39733 6 17996 211929 331 0 7915 0 0 0
cpu7 39080 5 17841 212892 160 0 7775 0 0 0
cpu8 20299 10 17225 228827 975 0 4891 0 0 0
cpu9 21959 10 17366 225884 2217 0 4938 0 0 0
cpu10 21355 10 17400 227600 1137 0 5108 0 0 0
cpu11 20800 8 17101 229735 547 0 4937 0 0 0
cpu12 35416 79 18037 211638 2866 0 5161 0 0 0
cpu13 34473 11 18323 212849 2174 0 5305 0 0 0
cpu14 21048 8 16910 230282 771 0 4908 0 0 0
cpu15 20223 8 15950 232904 611 0 4500 0 0 0
cpu16 42426 4 18747 208652 338 0 8042 0 0 0
cpu17 42264 4 18750 207861 1187 0 8086 0 0 0
cpu18 42088 4 18614 209176 262 0 8014 0 0 0
cpu19 42951 5 18997 207334 598 0 8199 0 0 0
cpu20 43027 7 18957 207453 648 0 8189 0 0 0
cpu21 41892 4 18510 209143 496 0 8062 0 0 0
cpu22 41112 5 18626 208500 317 0 8041 0 0 0
cpu23 40216 7 18335 210964 274 0 7960 0 0 0
cpu24 22957 10 18048 226796 775 0 5306 0 0 0
cpu25 24503 11 19302 220851 1422 0 5936 0 0 0
cpu26 23820 9 19060 222309 1047 0 5856 0 0 0
cpu27 20732 5 17377 223661 987 0 9220 0 0 0
cpu28 33092 14 19423 206443 1712 0 10361 0 0 0
cpu29 34066 50 19387 205405 1411 0 10376 0 0 0
cpu30 19591 7 17120 224280 702 0 9013 0 0 0
cpu31 22051 7 18041 226358 701 0 5300 0 0 0
intr 726429346 126 0 0 0 0 0 0 0 0 1 0 0 0 0 0 0 0 0 0 0 0 0 0 0 0 0 0 1 1 1 0 0 0 0 1 0 1 0 0 75045 0 0 0 0 0 0 0 0 411 0 0 0 0 0 0 0 0 87 0 0 0 0 0 0 0 0 0 0 0 0 0 0 0 111537 2 10244850 10204759 10180823 10275093 0 2381 2222 2838 1467 3023 2618 2044 2517 1387 10099 17870 9825 8034 13006 14423 11116 7224 2658 1756 1401 2301 2182 1877 1506 1568 8755 6795 4817 5408 6067 5443 5888 7725 0 0 0 0 616196 2889 1036 0 264 0 0 0 0 0 0 0 0 0 0 0 0 0 0 0 0 0 0 0 0 0 0 0 0 0 0 0 0 0 0 0 0 0 0 0 0 0 0 0 0 0 0 0 0 0 0 0 0 0 0 0 0 0 0 0 0 0 0 0 0 0 0 0 0 0 0 0 0 0 0 0 0 0 0 0 0 0 0 0 0 0 0 0 0 0 0 0 0 0 0 0 0 0 0 0 0 0 0 0 0 0 0 0 0 0 0 0 0 0 0 0 0 0 0 0 0 0 0 0 0 0 0 0 0 0 0 0 0 0 0 0 0 0 0 0 0 0 0 0 0 0 0 0 0 0 0 0 0 0 0 0 0 0 0 0 0 0 0 0 0 0 0 0 0 0 0 0 0 0 0 0 0 0 0 0 0 0 0 0 0 0 0 0 0 0 0 0 0 0 0 0 0 0 0 0 0 0 0 0 0 0 0 0 0 0 0 0 0 0 0 0 0 0 0 0 0 0 0 0 0 0 0 0 0 0 0 0 0 0 0 0 0 0 0 0 0 0 0 0 0 0 0 0 0 0 0 0 0 0 0 0 0 0 0 0 0 0 0 0 0 0 0 0 0 0 0 0 0 0 0 0 0 0 0 0 0 0 0 0 0 0 0 0 0 0 0 0 0 0 0 0 0 0 0 0 0 0 0 0 0 0 0 0 0 0 0 0 0 0 0 0 0 0 0 0 0 0 0 0 0 0 0 0 0 0 0 0 0 0 0 0 0 0 0 0 0 0 0 0 0 0 0 0 0 0 0 0 0 0 0 0 0 0 0 0 0 0 0 0 0 0 0 0 0 0 0 0 0 0 0 0 0 0 0 0 0 0 0 0 0 0 0 0 0 0 0 0 0 0 0 0 0 0 0 0 0 0 0 0 0 0 0 0 0 0 0 0 0 0 0 0 0 0 0 0 0 0 0 0 0 0 0 0 0 0 0 0 0 0 0 0 0 0 0 0 0 0 0 0 0 0 0 0 0 0 0 0 0 0 0 0 0 0 0 0 0 0 0 0 0 0 0 0 0 0 0 0 0 0 0 0 0 0 0 0 0 0 0 0 0 0 0 0 0 0 0 0 0 0 0 0 0 0 0 0 0 0 0 0 0 0 0 0 0 0 0 0 0 0 0 0 0 0 0 0 0 0 0 0 0 0 0 0 0 0 0 0 0 0 0 0 0 0 0 0 0 0 0 0 0 0 0 0 0 0 0 0 0 0 0 0 0 0 0 0 0 0 0 0 0 0 0 0 0 0 0 0 0 0 0 0 0 0 0 0 0 0 0 0 0 0 0 0 0 0 0 0 0 0 0 0 0 0 0 0 0 0 0 0 0 0 0 0 0 0 0 0 0 0 0 0 0 0 0 0 0 0 0 0 0 0 0 0 0 0 0 0 0 0 0 0 0 0 0 0 0 0 0 0 0 0 0 0 0 0 0 0 0 0 0 0 0 0 0 0 0 0 0 0 0 0 0 0 0 0 0 0 0 0 0 0 0 0 0 0 0 0 0 0 0 0 0 0 0 0 0 0 0 0 0 0 0 0 0 0 0 0 0 0 0 0 0 0 0 0 0 0 0 0 0 0 0 0 0 0 0 0 0 0 0 0 0 0 0 0 0 0 0 0 0 0 0 0 0 0 0 0 0 0 0 0 0 0 0 0 0 0 0 0 0 0 0 0 0 0 0 0 0 0 0 0 0 0 0 0 0 0 0 0 0 0 0 0 0 0 0 0 0 0 0 0 0 0 0 0 0 0 0 0 0 0 0 0 0 0 0 0 0 0 0 0 0 0 0 0 0 0 0 0 0 0 0 0 0 0 0 0 0 0 0 0 0 0 0 0 0 0 0 0 0 0 0 0 0 0 0 0 0 0 0 0 0 0 0 0 0 0 0 0 0 0 0 0 0 0 0 0 0 0 0 0 0 0 0 0 0 0 0 0 0 0 0 0 0 0 0 0 0 0 0 0 0 0 0 0 0 0 0 0 0 0 0 0 0 0 0 0 0 0 0 0 0 0 0 0 0 0 0 0 0 0 0 0 0 0 0 0 0 0 0 0 0 0 0 0 0 0 0 0 0 0 0 0 0 0 0 0 0 0 0 0 0 0 0 0 0 0 0 0 0 0 0 0 0 0 0 0 0 0 0 0 0 0 0 0 0 0 0 0 0 0 0 0 0 0 0 0 0 0 0 0 0 0 0 0 0 0 0 0 0 0 0 0 0 0 0 0 0 0 0 0 0 0 0 0 0 0 0 0 0 0 0 0 0 0 0 0 0 0 0 0 0 0 0 0 0 0 0 0 0 0 0 0 0 0 0 0 0 0 0 0 0 0 0 0 0 0 0 0 0 0 0 0 0 0 0 0 0 0 0 0 0 0 0 0 0 0 0 0 0 0 0 0 0 0 0 0 0 0 0 0 0 0 0 0 0 0 0 0 0 0 0 0 0 0 0 0 0 0 0 0 0
ctxt 1037343548
btime 1790630938
processes 81101
procs_running 31
procs_blocked 0
softirq 1123424996 73526 1706984 263825 1094415277 116140 0 3043244 14525438 410 9280152
--
cpu  1056671 362 583290 6929635 28528 0 230812 0 0 0
cpu0 39358 6 18144 211861 743 0 8281 0 0 0
cpu1 39665 8 18083 212358 554 0 8044 0 0 0
cpu2 39977 6 18004 212444 353 0 7976 0 0 0
cpu3 40519 7 18477 210594 1141 0 8021 0 0 0
cpu4 40802 6 18313 210883 705 0 8081 0 0 0
cpu5 40555 8 18234 211536 349 0 7974 0 0 0
cpu6 40167 6 18149 212014 331 0 7982 0 0 0
cpu7 39508 5 17999 212982 160 0 7836 0 0 0
cpu8 20308 10 17315 229356 975 0 4917 0 0 0
cpu9 21969 10 17436 226464 2217 0 4967 0 0 0
cpu10 21363 10 17466 228199 1137 0 5132 0 0 0
cpu11 20805 8 17140 230395 547 0 4948 0 0 0
cpu12 35420 79 18064 212344 2867 0 5173 0 0 0
cpu13 34477 11 18348 213556 2174 0 5315 0 0 0
cpu14 21050 8 16919 231035 771 0 4911 0 0 0
cpu15 20224 8 15961 233675 611 0 4503 0 0 0
cpu16 42866 4 18912 208730 338 0 8106 0 0 0
cpu17 42701 4 18908 207939 1187 0 8152 0 0 0
cpu18 42535 4 18771 209255 262 0 8079 0 0 0
cpu19 43397 5 19153 207410 598 0 8264 0 0 0
cpu20 43469 7 19122 207530 648 0 8251 0 0 0
cpu21 42330 4 18673 209223 496 0 8124 0 0 0
cpu22 41557 5 18782 208581 317 0 8103 0 0 0
cpu23 40655 7 18485 211048 274 0 8024 0 0 0
cpu24 22962 10 18063 227544 775 0 5313 0 0 0
cpu25 24519 11 19398 221341 1422 0 5981 0 0 0
cpu26 23833 9 19148 222825 1047 0 5895 0 0 0
cpu27 20738 5 17429 224290 987 0 9238 0 0 0
cpu28 33149 14 19552 206780 1712 0 10419 0 0 0
cpu29 34123 50 19520 205720 1411 0 10441 0 0 0
cpu30 19597 7 17194 224792 702 0 9030 0 0 0
cpu31 22058 7 18114 226917 701 0 5316 0 0 0
intr 732463524 126 0 0 0 0 0 0 0 0 1 0 0 0 0 0 0 0 0 0 0 0 0 0 0 0 0 0 1 1 1 0 0 0 0 1 0 1 0 0 75045 0 0 0 0 0 0 0 0 411 0 0 0 0 0 0 0 0 87 0 0 0 0 0 0 0 0 0 0 0 0 0 0 0 111537 2 10244903 10204772 10180856 10275104 0 2389 2222 2838 1467 3023 2618 2044 2517 1387 10107 17874 9825 8034 13007 14423 11116 7224 2658 1756 1401 2301 2182 1877 1506 1568 8755 6795 4817 5408 6075 5463 5888 7727 0 0 0 0 616196 2889 1036 0 264 0 0 0 0 0 0 0 0 0 0 0 0 0 0 0 0 0 0 0 0 0 0 0 0 0 0 0 0 0 0 0 0 0 0 0 0 0 0 0 0 0 0 0 0 0 0 0 0 0 0 0 0 0 0 0 0 0 0 0 0 0 0 0 0 0 0 0 0 0 0 0 0 0 0 0 0 0 0 0 0 0 0 0 0 0 0 0 0 0 0 0 0 0 0 0 0 0 0 0 0 0 0 0 0 0 0 0 0 0 0 0 0 0 0 0 0 0 0 0 0 0 0 0 0 0 0 0 0 0 0 0 0 0 0 0 0 0 0 0 0 0 0 0 0 0 0 0 0 0 0 0 0 0 0 0 0 0 0 0 0 0 0 0 0 0 0 0 0 0 0 0 0 0 0 0 0 0 0 0 0 0 0 0 0 0 0 0 0 0 0 0 0 0 0 0 0 0 0 0 0 0 0 0 0 0 0 0 0 0 0 0 0 0 0 0 0 0 0 0 0 0 0 0 0 0 0 0 0 0 0 0 0 0 0 0 0 0 0 0 0 0 0 0 0 0 0 0 0 0 0 0 0 0 0 0 0 0 0 0 0 0 0 0 0 0 0 0 0 0 0 0 0 0 0 0 0 0 0 0 0 0 0 0 0 0 0 0 0 0 0 0 0 0 0 0 0 0 0 0 0 0 0 0 0 0 0 0 0 0 0 0 0 0 0 0 0 0 0 0 0 0 0 0 0 0 0 0 0 0 0 0 0 0 0 0 0 0 0 0 0 0 0 0 0 0 0 0 0 0 0 0 0 0 0 0 0 0 0 0 0 0 0 0 0 0 0 0 0 0 0 0 0 0 0 0 0 0 0 0 0 0 0 0 0 0 0 0 0 0 0 0 0 0 0 0 0 0 0 0 0 0 0 0 0 0 0 0 0 0 0 0 0 0 0 0 0 0 0 0 0 0 0 0 0 0 0 0 0 0 0 0 0 0 0 0 0 0 0 0 0 0 0 0 0 0 0 0 0 0 0 0 0 0 0 0 0 0 0 0 0 0 0 0 0 0 0 0 0 0 0 0 0 0 0 0 0 0 0 0 0 0 0 0 0 0 0 0 0 0 0 0 0 0 0 0 0 0 0 0 0 0 0 0 0 0 0 0 0 0 0 0 0 0 0 0 0 0 0 0 0 0 0 0 0 0 0 0 0 0 0 0 0 0 0 0 0 0 0 0 0 0 0 0 0 0 0 0 0 0 0 0 0 0 0 0 0 0 0 0 0 0 0 0 0 0 0 0 0 0 0 0 0 0 0 0 0 0 0 0 0 0 0 0 0 0 0 0 0 0 0 0 0 0 0 0 0 0 0 0 0 0 0 0 0 0 0 0 0 0 0 0 0 0 0 0 0 0 0 0 0 0 0 0 0 0 0 0 0 0 0 0 0 0 0 0 0 0 0 0 0 0 0 0 0 0 0 0 0 0 0 0 0 0 0 0 0 0 0 0 0 0 0 0 0 0 0 0 0 0 0 0 0 0 0 0 0 0 0 0 0 0 0 0 0 0 0 0 0 0 0 0 0 0 0 0 0 0 0 0 0 0 0 0 0 0 0 0 0 0 0 0 0 0 0 0 0 0 0 0 0 0 0 0 0 0 0 0 0 0 0 0 0 0 0 0 0 0 0 0 0 0 0 0 0 0 0 0 0 0 0 0 0 0 0 0 0 0 0 0 0 0 0 0 0 0 0 0 0 0 0 0 0 0 0 0 0 0 0 0 0 0 0 0 0 0 0 0 0 0 0 0 0 0 0 0 0 0 0 0 0 0 0 0 0 0 0 0 0 0 0 0 0 0 0 0 0 0 0 0 0 0 0 0 0 0 0 0 0 0 0 0 0 0 0 0 0 0 0 0 0 0 0 0 0 0 0 0 0 0 0 0 0 0 0 0 0 0 0 0 0 0 0 0 0 0 0 0 0 0 0 0 0 0 0 0 0 0 0 0 0 0 0 0 0 0 0 0 0 0 0 0 0 0 0 0 0 0 0 0 0 0 0 0 0 0 0 0 0 0 0 0 0 0 0 0 0 0 0 0 0 0 0 0 0 0 0 0 0 0 0 0 0 0 0 0 0 0 0 0 0 0 0 0 0 0 0 0 0 0 0 0 0 0 0 0 0 0 0 0 0 0 0 0 0 0 0 0 0 0 0 0 0 0 0 0 0 0 0 0 0 0 0 0 0 0 0 0 0 0 0 0 0 0 0 0 0 0 0 0 0 0 0 0 0 0 0 0 0 0 0 0 0 0 0 0 0 0 0 0 0 0 0 0 0 0 0 0 0 0 0 0 0 0 0 0 0 0 0 0 0 0 0 0 0 0 0 0 0 0 0 0 0 0 0 0 0 0 0 0 0 0 0 0 0 0 0 0 0 0 0 0 0 0 0 0 0 0 0 0 0 0 0 0 0 0 0 0 0 0 0 0 0 0 0 0 0 0 0 0 0 0 0
ctxt 1048843615
btime 1790630938
processes 81165
procs_running 18
procs_blocked 0
softirq 1131092722 73526 1715903 263825 1101876216 116148 0 3043244 14664557 410 9338893
