Running 10s test @ http://127.0.0.1:18500/page
  16 threads and 256 connections
  Thread Stats   Avg      Stdev     Max   +/- Stdev
    Latency     1.69ms    0.86ms   8.69ms   65.80%
    Req/Sec     9.56k   456.14    18.99k    97.40%
  Latency Distribution
     50%    1.67ms
     75%    2.27ms
     90%    2.85ms
     99%    3.84ms
  1535685 requests in 10.10s, 14.86GB read
Requests/sec: 152055.44
Transfer/sec:      1.47GB
## server-stat
cpu  1037195 360 574537 6892491 28496 0 227430 0 0 0
cpu0 38180 6 17741 211387 743 0 8123 0 0 0
cpu1 38471 8 17682 211890 554 0 7890 0 0 0
cpu2 38795 6 17598 211970 353 0 7817 0 0 0
cpu3 39341 7 18074 210121 1141 0 7863 0 0 0
cpu4 39618 6 17916 210418 705 0 7916 0 0 0
cpu5 39390 8 17828 211065 349 0 7810 0 0 0
cpu6 38981 6 17755 211545 331 0 7821 0 0 0
cpu7 38346 5 17595 212502 160 0 7676 0 0 0
cpu8 20288 10 17119 227588 975 0 4864 0 0 0
cpu9 21945 10 17277 224625 2217 0 4907 0 0 0
cpu10 21344 10 17319 226302 1136 0 5086 0 0 0
cpu11 20794 8 17054 228339 547 0 4924 0 0 0
cpu12 35404 79 17980 210248 2866 0 5147 0 0 0
cpu13 34464 11 18274 211476 2160 0 5286 0 0 0
cpu14 21045 8 16886 228792 771 0 4901 0 0 0
cpu15 20221 8 15935 231388 610 0 4496 0 0 0
cpu16 41666 4 18511 208275 338 0 7947 0 0 0
cpu17 41514 4 18501 207481 1187 0 7991 0 0 0
cpu18 41334 4 18363 208795 262 0 7927 0 0 0
cpu19 42195 5 18756 206960 598 0 8102 0 0 0
cpu20 42275 7 18712 207077 648 0 8093 0 0 0
cpu21 41130 4 18270 208764 496 0 7967 0 0 0
cpu22 40367 5 18383 208122 317 0 7943 0 0 0
cpu23 39466 7 18100 210584 274 0 7868 0 0 0
cpu24 22953 10 18016 225325 775 0 5297 0 0 0
cpu25 24485 11 19179 219715 1421 0 5886 0 0 0
cpu26 23807 9 18943 221126 1047 0 5816 0 0 0
cpu27 20726 5 17315 222319 984 0 9201 0 0 0
cpu28 33018 14 19233 205556 1702 0 10287 0 0 0
cpu29 33991 50 19214 204525 1410 0 10293 0 0 0
cpu30 19584 7 17036 223097 702 0 8991 0 0 0
cpu31 22043 7 17958 225099 701 0 5280 0 0 0
intr 717955951 126 0 0 0 0 0 0 0 0 1 0 0 0 0 0 0 0 0 0 0 0 0 0 0 0 0 0 1 1 1 0 0 0 0 1 0 1 0 0 75045 0 0 0 0 0 0 0 0 411 0 0 0 0 0 0 0 0 87 0 0 0 0 0 0 0 0 0 0 0 0 0 0 0 111119 2 10244653 10204689 10180740 10275039 0 2369 2222 2838 1467 3023 2617 2044 2517 1387 10099 17854 9818 8033 13006 14423 11116 7224 2658 1756 1401 2301 2182 1877 1506 1568 8755 6791 4817 5407 6063 5430 5878 7719 0 0 0 0 616192 2889 1036 0 264 0 0 0 0 0 0 0 0 0 0 0 0 0 0 0 0 0 0 0 0 0 0 0 0 0 0 0 0 0 0 0 0 0 0 0 0 0 0 0 0 0 0 0 0 0 0 0 0 0 0 0 0 0 0 0 0 0 0 0 0 0 0 0 0 0 0 0 0 0 0 0 0 0 0 0 0 0 0 0 0 0 0 0 0 0 0 0 0 0 0 0 0 0 0 0 0 0 0 0 0 0 0 0 0 0 0 0 0 0 0 0 0 0 0 0 0 0 0 0 0 0 0 0 0 0 0 0 0 0 0 0 0 0 0 0 0 0 0 0 0 0 0 0 0 0 0 0 0 0 0 0 0 0 0 0 0 0 0 0 0 0 0 0 0 0 0 0 0 0 0 0 0 0 0 0 0 0 0 0 0 0 0 0 0 0 0 0 0 0 0 0 0 0 0 0 0 0 0 0 0 0 0 0 0 0 0 0 0 0 0 0 0 0 0 0 0 0 0 0 0 0 0 0 0 0 0 0 0 0 0 0 0 0 0 0 0 0 0 0 0 0 0 0 0 0 0 0 0 0 0 0 0 0 0 0 0 0 0 0 0 0 0 0 0 0 0 0 0 0 0 0 0 0 0 0 0 0 0 0 0 0 0 0 0 0 0 0 0 0 0 0 0 0 0 0 0 0 0 0 0 0 0 0 0 0 0 0 0 0 0 0 0 0 0 0 0 0 0 0 0 0 0 0 0 0 0 0 0 0 0 0 0 0 0 0 0 0 0 0 0 0 0 0 0 0 0 0 0 0 0 0 0 0 0 0 0 0 0 0 0 0 0 0 0 0 0 0 0 0 0 0 0 0 0 0 0 0 0 0 0 0 0 0 0 0 0 0 0 0 0 0 0 0 0 0 0 0 0 0 0 0 0 0 0 0 0 0 0 0 0 0 0 0 0 0 0 0 0 0 0 0 0 0 0 0 0 0 0 0 0 0 0 0 0 0 0 0 0 0 0 0 0 0 0 0 0 0 0 0 0 0 0 0 0 0 0 0 0 0 0 0 0 0 0 0 0 0 0 0 0 0 0 0 0 0 0 0 0 0 0 0 0 0 0 0 0 0 0 0 0 0 0 0 0 0 0 0 0 0 0 0 0 0 0 0 0 0 0 0 0 0 0 0 0 0 0 0 0 0 0 0 0 0 0 0 0 0 0 0 0 0 0 0 0 0 0 0 0 0 0 0 0 0 0 0 0 0 0 0 0 0 0 0 0 0 0 0 0 0 0 0 0 0 0 0 0 0 0 0 0 0 0 0 0 0 0 0 0 0 0 0 0 0 0 0 0 0 0 0 0 0 0 0 0 0 0 0 0 0 0 0 0 0 0 0 0 0 0 0 0 0 0 0 0 0 0 0 0 0 0 0 0 0 0 0 0 0 0 0 0 0 0 0 0 0 0 0 0 0 0 0 0 0 0 0 0 0 0 0 0 0 0 0 0 0 0 0 0 0 0 0 0 0 0 0 0 0 0 0 0 0 0 0 0 0 0 0 0 0 0 0 0 0 0 0 0 0 0 0 0 0 0 0 0 0 0 0 0 0 0 0 0 0 0 0 0 0 0 0 0 0 0 0 0 0 0 0 0 0 0 0 0 0 0 0 0 0 0 0 0 0 0 0 0 0 0 0 0 0 0 0 0 0 0 0 0 0 0 0 0 0 0 0 0 0 0 0 0 0 0 0 0 0 0 0 0 0 0 0 0 0 0 0 0 0 0 0 0 0 0 0 0 0 0 0 0 0 0 0 0 0 0 0 0 0 0 0 0 0 0 0 0 0 0 0 0 0 0 0 0 0 0 0 0 0 0 0 0 0 0 0 0 0 0 0 0 0 0 0 0 0 0 0 0 0 0 0 0 0 0 0 0 0 0 0 0 0 0 0 0 0 0 0 0 0 0 0 0 0 0 0 0 0 0 0 0 0 0 0 0 0 0 0 0 0 0 0 0 0 0 0 0 0 0 0 0 0 0 0 0 0 0 0 0 0 0 0 0 0 0 0 0 0 0 0 0 0 0 0 0 0 0 0 0 0 0 0 0 0 0 0 0 0 0 0 0 0 0 0 0 0 0 0 0 0 0 0 0 0 0 0 0 0 0 0 0 0 0 0 0 0 0 0 0 0 0 0 0 0 0 0 0 0 0 0 0 0 0 0 0 0 0 0 0 0 0 0 0 0 0 0 0 0 0 0 0 0 0 0 0 0 0 0 0 0 0 0 0 0 0 0 0 0 0 0 0 0 0 0 0 0 0 0 0 0 0 0 0 0 0 0 0 0 0 0 0 0 0 0 0 0 0 0 0 0 0 0 0 0 0 0 0 0 0 0 0 0 0 0 0 0 0 0 0 0 0 0 0 0 0 0 0 0 0 0 0 0 0 0 0 0 0 0 0 0 0 0 0 0 0 0 0 0 0 0 0 0 0 0 0 0 0 0 0 0 0 0 0 0 0 0 0
ctxt 1019940988
btime 1790630938
processes 80468
procs_running 21
procs_blocked 0
softirq 1112359877 73526 1692291 263823 1083673977 115703 0 3043239 14307611 410 9189297
--
cpu  1044642 361 577469 6903953 28506 0 228506 0 0 0
cpu0 38640 6 17880 211476 743 0 8172 0 0 0
cpu1 38930 8 17822 211977 554 0 7942 0 0 0
cpu2 39248 6 17739 212061 353 0 7872 0 0 0
cpu3 39796 7 18211 210215 1141 0 7916 0 0 0
cpu4 40071 6 18052 210506 705 0 7969 0 0 0
cpu5 39837 8 17968 211156 349 0 7865 0 0 0
cpu6 39441 6 17894 211629 331 0 7875 0 0 0
cpu7 38794 5 17735 212592 160 0 7734 0 0 0
cpu8 20293 10 17168 228216 975 0 4877 0 0 0
cpu9 21951 10 17322 225256 2217 0 4921 0 0 0
cpu10 21349 10 17360 226952 1136 0 5097 0 0 0
cpu11 20797 8 17078 229045 547 0 4930 0 0 0
cpu12 35407 79 18011 210938 2866 0 5155 0 0 0
cpu13 34468 11 18305 212158 2160 0 5297 0 0 0
cpu14 21047 8 16900 229542 771 0 4905 0 0 0
cpu15 20222 8 15945 232153 610 0 4499 0 0 0
cpu16 42129 4 18647 208356 338 0 7999 0 0 0
cpu17 41970 4 18644 207565 1187 0 8045 0 0 0
cpu18 41790 4 18514 208879 262 0 7975 0 0 0
cpu19 42659 5 18896 207038 598 0 8158 0 0 0
cpu20 42733 7 18852 207157 648 0 8146 0 0 0
cpu21 41594 4 18410 208848 496 0 8021 0 0 0
cpu22 40825 5 18525 208203 317 0 7995 0 0 0
cpu23 39921 7 18237 210666 274 0 7921 0 0 0
cpu24 22955 10 18036 226059 775 0 5302 0 0 0
cpu25 24494 11 19240 220269 1422 0 5909 0 0 0
cpu26 23813 9 18998 221712 1047 0 5833 0 0 0
cpu27 20729 5 17347 222991 987 0 9209 0 0 0
cpu28 33056 14 19338 205975 1707 0 10325 0 0 0
cpu29 34032 50 19308 204935 1410 0 10336 0 0 0
cpu30 19587 7 17076 223683 702 0 9002 0 0 0
cpu31 22047 7 17997 225730 701 0 5289 0 0 0
intr 722690133 126 0 0 0 0 0 0 0 0 1 0 0 0 0 0 0 0 0 0 0 0 0 0 0 0 0 0 1 1 1 0 0 0 0 1 0 1 0 0 75045 0 0 0 0 0 0 0 0 411 0 0 0 0 0 0 0 0 87 0 0 0 0 0 0 0 0 0 0 0 0 0 0 0 111297 2 10244704 10204703 10180775 10275047 0 2377 2222 2838 1467 3023 2617 2044 2517 1387 10099 17854 9821 8033 13006 14423 11116 7224 2658 1756 1401 2301 2182 1877 1506 1568 8755 6793 4817 5407 6067 5432 5878 7721 0 0 0 0 616192 2889 1036 0 264 0 0 0 0 0 0 0 0 0 0 0 0 0 0 0 0 0 0 0 0 0 0 0 0 0 0 0 0 0 0 0 0 0 0 0 0 0 0 0 0 0 0 0 0 0 0 0 0 0 0 0 0 0 0 0 0 0 0 0 0 0 0 0 0 0 0 0 0 0 0 0 0 0 0 0 0 0 0 0 0 0 0 0 0 0 0 0 0 0 0 0 0 0 0 0 0 0 0 0 0 0 0 0 0 0 0 0 0 0 0 0 0 0 0 0 0 0 0 0 0 0 0 0 0 0 0 0 0 0 0 0 0 0 0 0 0 0 0 0 0 0 0 0 0 0 0 0 0 0 0 0 0 0 0 0 0 0 0 0 0 0 0 0 0 0 0 0 0 0 0 0 0 0 0 0 0 0 0 0 0 0 0 0 0 0 0 0 0 0 0 0 0 0 0 0 0 0 0 0 0 0 0 0 0 0 0 0 0 0 0 0 0 0 0 0 0 0 0 0 0 0 0 0 0 0 0 0 0 0 0 0 0 0 0 0 0 0 0 0 0 0 0 0 0 0 0 0 0 0 0 0 0 0 0 0 0 0 0 0 0 0 0 0 0 0 0 0 0 0 0 0 0 0 0 0 0 0 0 0 0 0 0 0 0 0 0 0 0 0 0 0 0 0 0 0 0 0 0 0 0 0 0 0 0 0 0 0 0 0 0 0 0 0 0 0 0 0 0 0 0 0 0 0 0 0 0 0 0 0 0 0 0 0 0 0 0 0 0 0 0 0 0 0 0 0 0 0 0 0 0 0 0 0 0 0 0 0 0 0 0 0 0 0 0 0 0 0 0 0 0 0 0 0 0 0 0 0 0 0 0 0 0 0 0 0 0 0 0 0 0 0 0 0 0 0 0 0 0 0 0 0 0 0 0 0 0 0 0 0 0 0 0 0 0 0 0 0 0 0 0 0 0 0 0 0 0 0 0 0 0 0 0 0 0 0 0 0 0 0 0 0 0 0 0 0 0 0 0 0 0 0 0 0 0 0 0 0 0 0 0 0 0 0 0 0 0 0 0 0 0 0 0 0 0 0 0 0 0 0 0 0 0 0 0 0 0 0 0 0 0 0 0 0 0 0 0 0 0 0 0 0 0 0 0 0 0 0 0 0 0 0 0 0 0 0 0 0 0 0 0 0 0 0 0 0 0 0 0 0 0 0 0 0 0 0 0 0 0 0 0 0 0 0 0 0 0 0 0 0 0 0 0 0 0 0 0 0 0 0 0 0 0 0 0 0 0 0 0 0 0 0 0 0 0 0 0 0 0 0 0 0 0 0 0 0 0 0 0 0 0 0 0 0 0 0 0 0 0 0 0 0 0 0 0 0 0 0 0 0 0 0 0 0 0 0 0 0 0 0 0 0 0 0 0 0 0 0 0 0 0 0 0 0 0 0 0 0 0 0 0 0 0 0 0 0 0 0 0 0 0 0 0 0 0 0 0 0 0 0 0 0 0 0 0 0 0 0 0 0 0 0 0 0 0 0 0 0 0 0 0 0 0 0 0 0 0 0 0 0 0 0 0 0 0 0 0 0 0 0 0 0 0 0 0 0 0 0 0 0 0 0 0 0 0 0 0 0 0 0 0 0 0 0 0 0 0 0 0 0 0 0 0 0 0 0 0 0 0 0 0 0 0 0 0 0 0 0 0 0 0 0 0 0 0 0 0 0 0 0 0 0 0 0 0 0 0 0 0 0 0 0 0 0 0 0 0 0 0 0 0 0 0 0 0 0 0 0 0 0 0 0 0 0 0 0 0 0 0 0 0 0 0 0 0 0 0 0 0 0 0 0 0 0 0 0 0 0 0 0 0 0 0 0 0 0 0 0 0 0 0 0 0 0 0 0 0 0 0 0 0 0 0 0 0 0 0 0 0 0 0 0 0 0 0 0 0 0 0 0 0 0 0 0 0 0 0 0 0 0 0 0 0 0 0 0 0 0 0 0 0 0 0 0 0 0 0 0 0 0 0 0 0 0 0 0 0 0 0 0 0 0 0 0 0 0 0 0 0 0 0 0 0 0 0 0 0 0 0 0 0 0 0 0 0 0 0 0 0 0 0 0 0 0 0 0 0 0 0 0 0 0 0 0 0 0 0 0 0 0 0 0 0 0 0 0 0 0 0 0 0 0 0 0 0 0 0 0 0 0 0 0 0 0 0 0 0 0 0 0 0 0 0 0 0 0 0 0 0 0 0 0 0 0 0 0 0 0 0 0 0 0 0 0 0 0 0 0 0 0 0 0 0 0 0 0 0 0 0 0 0 0 0 0 0 0 0 0 0 0 0 0 0 0 0 0 0 0 0 0 0 0 0 0 0 0 0 0 0 0 0 0 0 0 0 0 0 0 0 0 0 0 0 0 0 0 0 0 0 0 0 0 0 0 0 0 0 0 0 0 0 0 0 0 0 0 0 0 0 0 0 0 0 0 0 0 0 0 0 0 0 0 0
ctxt 1030060694
btime 1790630938
processes 80541
procs_running 22
procs_blocked 0
softirq 1118584988 73526 1700100 263823 1089715746 115891 0 3043239 14432289 410 9239964
