Running 10s test @ http://127.0.0.1:18500/api/json
  16 threads and 32 connections
  Thread Stats   Avg      Stdev     Max   +/- Stdev
    Latency    11.97ms   16.54ms 161.05ms   86.70%
    Req/Sec   305.74    294.46     2.35k    86.62%
  Latency Distribution
     50%    6.93ms
     75%   14.75ms
     90%   34.07ms
     99%   79.18ms
  48743 requests in 10.01s, 8.88MB read
Requests/sec:   4868.57
Transfer/sec:      0.89MB
## server-stat
cpu  3131896 1319 1556860 37742963 78553 0 771187 0 0 0
cpu0 116696 25 43666 1182488 1468 0 24010 0 0 0
cpu1 121617 29 45111 1180793 1413 0 24306 0 0 0
cpu2 122953 28 45323 1180089 1060 0 24505 0 0 0
cpu3 165900 27 61857 1104632 1641 0 39073 0 0 0
cpu4 172664 29 61581 1100092 1116 0 39092 0 0 0
cpu5 129750 29 47239 1170688 1066 0 25567 0 0 0
cpu6 130484 27 47528 1169915 867 0 26282 0 0 0
cpu7 137771 23 51099 1156543 743 0 29161 0 0 0
cpu8 39935 46 41561 1237277 2742 0 13209 0 0 0
cpu9 46055 51 45235 1214687 4979 0 14303 0 0 0
cpu10 43904 50 43693 1222430 2939 0 14144 0 0 0
cpu11 40349 45 40065 1240519 2092 0 12711 0 0 0
cpu12 75008 125 48596 1179972 6353 0 15424 0 0 0
cpu13 72291 56 49431 1179561 6595 0 15751 0 0 0
cpu14 40051 44 39450 1243685 2191 0 12436 0 0 0
cpu15 37368 46 36198 1256547 2127 0 11296 0 0 0
cpu16 157829 23 55288 1127973 1146 0 32991 0 0 0
cpu17 147887 22 53479 1139916 2138 0 31454 0 0 0
cpu18 142444 22 52408 1148666 972 0 30723 0 0 0
cpu19 210064 22 72912 1041353 1272 0 48696 0 0 0
cpu20 196817 21 69859 1060040 1370 0 46647 0 0 0
cpu21 137478 25 51222 1154364 1706 0 29890 0 0 0
cpu22 130021 28 49460 1165090 1167 0 28201 0 0 0
cpu23 113855 27 43902 1192754 1288 0 23517 0 0 0
cpu24 43209 49 40853 1239637 2606 0 13414 0 0 0
cpu25 48260 52 45617 1216763 3974 0 15832 0 0 0
cpu26 46263 49 44534 1222631 3304 0 15393 0 0 0
cpu27 39087 36 39614 1231567 2662 0 21289 0 0 0
cpu28 71127 73 52800 1164330 4983 0 28325 0 0 0
cpu29 74398 111 54726 1153542 5969 0 28840 0 0 0
cpu30 38579 32 41133 1224620 2528 0 21265 0 0 0
cpu31 41769 35 41408 1239786 2059 0 13427 0 0 0
intr 3117336274 126 0 0 0 0 0 0 0 0 1 0 0 0 0 0 0 0 0 0 0 0 0 0 0 0 0 0 1 1 1 0 0 0 0 1 0 1 0 0 75045 0 0 0 0 0 0 0 0 411 0 0 0 0 0 0 0 0 87 0 0 0 0 0 0 0 0 0 0 0 0 0 0 0 363829 2 35041435 34983834 34903257 35041339 0 11437 3617 4292 3126 4016 4033 3291 3929 2657 15709 24879 14997 11685 19966 21067 14065 9884 3931 3338 2750 3520 3296 3580 2967 2538 12868 12768 10220 9591 12942 11914 8794 10499 0 0 0 0 616937 4179 1036 0 264 0 0 0 0 0 0 0 0 0 0 0 0 0 0 0 0 0 0 0 0 0 0 0 0 0 0 0 0 0 0 0 0 0 0 0 0 0 0 0 0 0 0 0 0 0 0 0 0 0 0 0 0 0 0 0 0 0 0 0 0 0 0 0 0 0 0 0 0 0 0 0 0 0 0 0 0 0 0 0 0 0 0 0 0 0 0 0 0 0 0 0 0 0 0 0 0 0 0 0 0 0 0 0 0 0 0 0 0 0 0 0 0 0 0 0 0 0 0 0 0 0 0 0 0 0 0 0 0 0 0 0 0 0 0 0 0 0 0 0 0 0 0 0 0 0 0 0 0 0 0 0 0 0 0 0 0 0 0 0 0 0 0 0 0 0 0 0 0 0 0 0 0 0 0 0 0 0 0 0 0 0 0 0 0 0 0 0 0 0 0 0 0 0 0 0 0 0 0 0 0 0 0 0 0 0 0 0 0 0 0 0 0 0 0 0 0 0 0 0 0 0 0 0 0 0 0 0 0 0 0 0 0 0 0 0 0 0 0 0 0 0 0 0 0 0 0 0 0 0 0 0 0 0 0 0 0 0 0 0 0 0 0 0 0 0 0 0 0 0 0 0 0 0 0 0 0 0 0 0 0 0 0 0 0 0 0 0 0 0 0 0 0 0 0 0 0 0 0 0 0 0 0 0 0 0 0 0 0 0 0 0 0 0 0 0 0 0 0 0 0 0 0 0 0 0 0 0 0 0 0 0 0 0 0 0 0 0 0 0 0 0 0 0 0 0 0 0 0 0 0 0 0 0 0 0 0 0 0 0 0 0 0 0 0 0 0 0 0 0 0 0 0 0 0 0 0 0 0 0 0 0 0 0 0 0 0 0 0 0 0 0 0 0 0 0 0 0 0 0 0 0 0 0 0 0 0 0 0 0 0 0 0 0 0 0 0 0 0 0 0 0 0 0 0 0 0 0 0 0 0 0 0 0 0 0 0 0 0 0 0 0 0 0 0 0 0 0 0 0 0 0 0 0 0 0 0 0 0 0 0 0 0 0 0 0 0 0 0 0 0 0 0 0 0 0 0 0 0 0 0 0 0 0 0 0 0 0 0 0 0 0 0 0 0 0 0 0 0 0 0 0 0 0 0 0 0 0 0 0 0 0 0 0 0 0 0 0 0 0 0 0 0 0 0 0 0 0 0 0 0 0 0 0 0 0 0 0 0 0 0 0 0 0 0 0 0 0 0 0 0 0 0 0 0 0 0 0 0 0 0 0 0 0 0 0 0 0 0 0 0 0 0 0 0 0 0 0 0 0 0 0 0 0 0 0 0 0 0 0 0 0 0 0 0 0 0 0 0 0 0 0 0 0 0 0 0 0 0 0 0 0 0 0 0 0 0 0 0 0 0 0 0 0 0 0 0 0 0 0 0 0 0 0 0 0 0 0 0 0 0 0 0 0 0 0 0 0 0 0 0 0 0 0 0 0 0 0 0 0 0 0 0 0 0 0 0 0 0 0 0 0 0 0 0 0 0 0 0 0 0 0 0 0 0 0 0 0 0 0 0 0 0 0 0 0 0 0 0 0 0 0 0 0 0 0 0 0 0 0 0 0 0 0 0 0 0 0 0 0 0 0 0 0 0 0 0 0 0 0 0 0 0 0 0 0 0 0 0 0 0 0 0 0 0 0 0 0 0 0 0 0 0 0 0 0 0 0 0 0 0 0 0 0 0 0 0 0 0 0 0 0 0 0 0 0 0 0 0 0 0 0 0 0 0 0 0 0 0 0 0 0 0 0 0 0 0 0 0 0 0 0 0 0 0 0 0 0 0 0 0 0 0 0 0 0 0 0 0 0 0 0 0 0 0 0 0 0 0 0 0 0 0 0 0 0 0 0 0 0 0 0 0 0 0 0 0 0 0 0 0 0 0 0 0 0 0 0 0 0 0 0 0 0 0 0 0 0 0 0 0 0 0 0 0 0 0 0 0 0 0 0 0 0 0 0 0 0 0 0 0 0 0 0 0 0 0 0 0 0 0 0 0 0 0 0 0 0 0 0 0 0 0 0 0 0 0 0 0 0 0 0 0 0 0 0 0 0 0 0 0 0 0 0 0 0 0 0 0 0 0 0 0 0 0 0 0 0 0 0 0 0 0 0 0 0 0 0 0 0 0 0 0 0 0 0 0 0 0 0 0 0 0 0 0 0 0 0 0 0 0 0 0 0 0 0 0 0 0 0 0 0 0 0 0 0 0 0 0 0 0 0 0 0 0 0 0 0 0 0 0 0 0 0 0 0 0 0 0 0 0 0 0 0 0 0 0 0 0 0 0 0 0 0 0 0 0 0 0 0 0 0 0 0 0 0 0 0 0 0 0 0 0 0 0 0 0 0 0 0 0 0 0 0 0 0 0 0 0 0 0 0 0 0 0 0 0 0 0 0 0 0 0 0 0 0 0 0 0 0 0 0 0 0 0 0 0 0 0 0 0 0 0
ctxt 4917804973
btime 1790630938
processes 379085
procs_running 3
procs_blocked 0
softirq 4522403840 73526 10476788 2753086 118583920 380877 0 13559223 47115372 421 34493331
--
cpu  3133404 1320 1557007 37766798 78570 0 771216 0 0 0
cpu0 116696 25 43666 1183279 1468 0 24010 0 0 0
cpu1 121619 29 45111 1181590 1413 0 24306 0 0 0
cpu2 122953 28 45323 1180887 1060 0 24505 0 0 0
cpu3 165900 27 61857 1105431 1641 0 39073 0 0 0
cpu4 172728 29 61588 1100819 1116 0 39093 0 0 0
cpu5 129750 29 47239 1171487 1066 0 25567 0 0 0
cpu6 130484 27 47528 1170714 867 0 26282 0 0 0
cpu7 137771 23 51099 1157342 743 0 29161 0 0 0
cpu8 39936 46 41561 1238075 2742 0 13209 0 0 0
cpu9 46058 51 45235 1215466 4995 0 14303 0 0 0
cpu10 43905 50 43694 1223226 2939 0 14144 0 0 0
cpu11 40350 45 40066 1241314 2092 0 12711 0 0 0
cpu12 75025 125 48598 1180748 6353 0 15424 0 0 0
cpu13 72320 56 49434 1180327 6595 0 15751 0 0 0
cpu14 40052 44 39451 1244480 2191 0 12436 0 0 0
cpu15 37369 46 36198 1257343 2127 0 11296 0 0 0
cpu16 157832 23 55288 1128767 1146 0 32991 0 0 0
cpu17 147887 22 53479 1140715 2138 0 31454 0 0 0
cpu18 142446 22 52408 1149462 972 0 30723 0 0 0
cpu19 210784 22 72978 1041353 1272 0 48710 0 0 0
cpu20 197467 21 69922 1060115 1370 0 46659 0 0 0
cpu21 137480 25 51222 1155161 1706 0 29890 0 0 0
cpu22 130021 28 49460 1165889 1167 0 28201 0 0 0
cpu23 113855 27 43902 1193553 1288 0 23517 0 0 0
cpu24 43209 49 40853 1240426 2606 0 13414 0 0 0
cpu25 48262 52 45618 1217559 3974 0 15832 0 0 0
cpu26 46265 49 44534 1223426 3304 0 15393 0 0 0
cpu27 39087 36 39614 1232366 2662 0 21289 0 0 0
cpu28 71128 73 52801 1165125 4983 0 28326 0 0 0
cpu29 74400 111 54726 1154339 5969 0 28840 0 0 0
cpu30 38580 32 41133 1225417 2528 0 21265 0 0 0
cpu31 41771 35 41408 1240583 2059 0 13427 0 0 0
intr 3117488178 126 0 0 0 0 0 0 0 0 1 0 0 0 0 0 0 0 0 0 0 0 0 0 0 0 0 0 1 1 1 0 0 0 0 1 0 1 0 0 75045 0 0 0 0 0 0 0 0 411 0 0 0 0 0 0 0 0 87 0 0 0 0 0 0 0 0 0 0 0 0 0 0 0 363986 2 35041458 34983862 34903292 35041375 0 11445 3617 4292 3126 4016 4033 3291 3929 2657 15709 24880 14998 11685 19966 21067 14065 9890 3931 3338 2750 3520 3296 3580 2967 2538 12868 12768 10220 9591 12942 11914 8795 10499 0 0 0 0 616937 4179 1036 0 264 0 0 0 0 0 0 0 0 0 0 0 0 0 0 0 0 0 0 0 0 0 0 0 0 0 0 0 0 0 0 0 0 0 0 0 0 0 0 0 0 0 0 0 0 0 0 0 0 0 0 0 0 0 0 0 0 0 0 0 0 0 0 0 0 0 0 0 0 0 0 0 0 0 0 0 0 0 0 0 0 0 0 0 0 0 0 0 0 0 0 0 0 0 0 0 0 0 0 0 0 0 0 0 0 0 0 0 0 0 0 0 0 0 0 0 0 0 0 0 0 0 0 0 0 0 0 0 0 0 0 0 0 0 0 0 0 0 0 0 0 0 0 0 0 0 0 0 0 0 0 0 0 0 0 0 0 0 0 0 0 0 0 0 0 0 0 0 0 0 0 0 0 0 0 0 0 0 0 0 0 0 0 0 0 0 0 0 0 0 0 0 0 0 0 0 0 0 0 0 0 0 0 0 0 0 0 0 0 0 0 0 0 0 0 0 0 0 0 0 0 0 0 0 0 0 0 0 0 0 0 0 0 0 0 0 0 0 0 0 0 0 0 0 0 0 0 0 0 0 0 0 0 0 0 0 0 0 0 0 0 0 0 0 0 0 0 0 0 0 0 0 0 0 0 0 0 0 0 0 0 0 0 0 0 0 0 0 0 0 0 0 0 0 0 0 0 0 0 0 0 0 0 0 0 0 0 0 0 0 0 0 0 0 0 0 0 0 0 0 0 0 0 0 0 0 0 0 0 0 0 0 0 0 0 0 0 0 0 0 0 0 0 0 0 0 0 0 0 0 0 0 0 0 0 0 0 0 0 0 0 0 0 0 0 0 0 0 0 0 0 0 0 0 0 0 0 0 0 0 0 0 0 0 0 0 0 0 0 0 0 0 0 0 0 0 0 0 0 0 0 0 0 0 0 0 0 0 0 0 0 0 0 0 0 0 0 0 0 0 0 0 0 0 0 0 0 0 0 0 0 0 0 0 0 0 0 0 0 0 0 0 0 0 0 0 0 0 0 0 0 0 0 0 0 0 0 0 0 0 0 0 0 0 0 0 0 0 0 0 0 0 0 0 0 0 0 0 0 0 0 0 0 0 0 0 0 0 0 0 0 0 0 0 0 0 0 0 0 0 0 0 0 0 0 0 0 0 0 0 0 0 0 0 0 0 0 0 0 0 0 0 0 0 0 0 0 0 0 0 0 0 0 0 0 0 0 0 0 0 0 0 0 0 0 0 0 0 0 0 0 0 0 0 0 0 0 0 0 0 0 0 0 0 0 0 0 0 0 0 0 0 0 0 0 0 0 0 0 0 0 0 0 0 0 0 0 0 0 0 0 0 0 0 0 0 0 0 0 0 0 0 0 0 0 0 0 0 0 0 0 0 0 0 0 0 0 0 0 0 0 0 0 0 0 0 0 0 0 0 0 0 0 0 0 0 0 0 0 0 0 0 0 0 0 0 0 0 0 0 0 0 0 0 0 0 0 0 0 0 0 0 0 0 0 0 0 0 0 0 0 0 0 0 0 0 0 0 0 0 0 0 0 0 0 0 0 0 0 0 0 0 0 0 0 0 0 0 0 0 0 0 0 0 0 0 0 0 0 0 0 0 0 0 0 0 0 0 0 0 0 0 0 0 0 0 0 0 0 0 0 0 0 0 0 0 0 0 0 0 0 0 0 0 0 0 0 0 0 0 0 0 0 0 0 0 0 0 0 0 0 0 0 0 0 0 0 0 0 0 0 0 0 0 0 0 0 0 0 0 0 0 0 0 0 0 0 0 0 0 0 0 0 0 0 0 0 0 0 0 0 0 0 0 0 0 0 0 0 0 0 0 0 0 0 0 0 0 0 0 0 0 0 0 0 0 0 0 0 0 0 0 0 0 0 0 0 0 0 0 0 0 0 0 0 0 0 0 0 0 0 0 0 0 0 0 0 0 0 0 0 0 0 0 0 0 0 0 0 0 0 0 0 0 0 0 0 0 0 0 0 0 0 0 0 0 0 0 0 0 0 0 0 0 0 0 0 0 0 0 0 0 0 0 0 0 0 0 0 0 0 0 0 0 0 0 0 0 0 0 0 0 0 0 0 0 0 0 0 0 0 0 0 0 0 0 0 0 0 0 0 0 0 0 0 0 0 0 0 0 0 0 0 0 0 0 0 0 0 0 0 0 0 0 0 0 0 0 0 0 0 0 0 0 0 0 0 0 0 0 0 0 0 0 0 0 0 0 0 0 0 0 0 0 0 0 0 0 0 0 0 0 0 0 0 0 0 0 0 0 0 0 0 0 0 0 0 0 0 0 0 0 0 0 0 0 0 0 0 0 0 0 0 0 0 0 0 0 0 0 0 0 0 0 0 0 0 0 0 0 0 0 0 0 0 0 0 0 0 0 0 0 0 0 0 0 0 0 0 0 0 0 0 0 0 0 0 0 0 0 0 0 0 0 0 0 0 0 0 0 0 0 0 0 0 0 0 0 0 0 0 0 0
ctxt 4918011018
btime 1790630938
processes 379151
procs_running 3
procs_blocked 0
softirq 4522521783 73526 10481287 2753086 118663940 381042 0 13559223 47125721 421 34516241
