Running 10s test @ http://127.0.0.1:18500/json
  16 threads and 32 connections
  Thread Stats   Avg      Stdev     Max   +/- Stdev
    Latency     1.25ms  185.24us   3.47ms   96.42%
    Req/Sec     1.61k   280.08     8.27k    99.81%
  Latency Distribution
     50%    1.24ms
     75%    1.27ms
     90%    1.29ms
     99%    2.22ms
  256675 requests in 10.10s, 45.04MB read
Requests/sec:  25414.35
Transfer/sec:      4.46MB
## server-stat
cpu  3155068 1344 1561958 38672585 95822 0 771585 0 0 0
cpu0 117193 25 43796 1212028 1633 0 24136 0 0 0
cpu1 121843 29 45229 1210712 1619 0 24324 0 0 0
cpu2 123105 28 45429 1210095 1277 0 24512 0 0 0
cpu3 170021 28 62266 1130434 1732 0 39099 0 0 0
cpu4 175834 30 61942 1126911 1261 0 39112 0 0 0
cpu5 129861 29 47340 1200735 1301 0 25570 0 0 0
cpu6 130578 27 47616 1199974 1119 0 26283 0 0 0
cpu7 137843 24 51183 1186697 945 0 29162 0 0 0
cpu8 40023 47 41669 1266831 3448 0 13213 0 0 0
cpu9 46178 52 45355 1244131 5742 0 14307 0 0 0
cpu10 44007 51 43801 1251820 3801 0 14146 0 0 0
cpu11 40420 47 40167 1270131 2781 0 12713 0 0 0
cpu12 75719 126 48744 1208673 7219 0 15432 0 0 0
cpu13 72929 58 49595 1208296 7488 0 15756 0 0 0
cpu14 40121 46 39553 1273425 2774 0 12437 0 0 0
cpu15 37434 47 36303 1286257 2746 0 11298 0 0 0
cpu16 158053 23 55397 1157793 1476 0 32997 0 0 0
cpu17 148013 22 53585 1169768 2535 0 31458 0 0 0
cpu18 142553 23 52508 1178543 1366 0 30726 0 0 0
cpu19 216631 22 73600 1064389 1396 0 48766 0 0 0
cpu20 201044 22 70305 1085431 1761 0 46697 0 0 0
cpu21 137587 25 51339 1184141 2197 0 29893 0 0 0
cpu22 130111 29 49567 1194926 1640 0 28204 0 0 0
cpu23 113924 28 43996 1222808 1575 0 23519 0 0 0
cpu24 43295 49 40966 1269144 3396 0 13415 0 0 0
cpu25 48377 53 45736 1245890 5098 0 15835 0 0 0
cpu26 46362 49 44652 1251971 4238 0 15396 0 0 0
cpu27 39165 37 39728 1261007 3542 0 21290 0 0 0
cpu28 71501 74 52945 1193394 5861 0 28331 0 0 0
cpu29 74844 111 54864 1182483 6923 0 28843 0 0 0
cpu30 38646 33 41245 1254265 3213 0 21267 0 0 0
cpu31 41838 35 41522 1269466 2704 0 13430 0 0 0
intr 3124286843 126 0 0 0 0 0 0 0 0 1 0 0 0 0 0 0 0 0 0 0 0 0 0 0 0 0 0 1 1 1 0 0 0 0 1 0 1 0 0 75045 0 0 0 0 0 0 0 0 411 0 0 0 0 0 0 0 0 87 0 0 0 0 0 0 0 0 0 0 0 0 0 0 0 373761 2 35042614 34984614 34904029 35042376 0 11682 4273 5006 3914 4256 4453 4141 4768 3311 19080 28541 19050 14756 23508 24639 16507 12673 5022 4810 4318 3788 4541 5445 4907 3746 16089 17148 15065 13644 16918 16899 11849 13614 0 0 0 0 616957 4200 1036 0 264 0 0 0 0 0 0 0 0 0 0 0 0 0 0 0 0 0 0 0 0 0 0 0 0 0 0 0 0 0 0 0 0 0 0 0 0 0 0 0 0 0 0 0 0 0 0 0 0 0 0 0 0 0 0 0 0 0 0 0 0 0 0 0 0 0 0 0 0 0 0 0 0 0 0 0 0 0 0 0 0 0 0 0 0 0 0 0 0 0 0 0 0 0 0 0 0 0 0 0 0 0 0 0 0 0 0 0 0 0 0 0 0 0 0 0 0 0 0 0 0 0 0 0 0 0 0 0 0 0 0 0 0 0 0 0 0 0 0 0 0 0 0 0 0 0 0 0 0 0 0 0 0 0 0 0 0 0 0 0 0 0 0 0 0 0 0 0 0 0 0 0 0 0 0 0 0 0 0 0 0 0 0 0 0 0 0 0 0 0 0 0 0 0 0 0 0 0 0 0 0 0 0 0 0 0 0 0 0 0 0 0 0 0 0 0 0 0 0 0 0 0 0 0 0 0 0 0 0 0 0 0 0 0 0 0 0 0 0 0 0 0 0 0 0 0 0 0 0 0 0 0 0 0 0 0 0 0 0 0 0 0 0 0 0 0 0 0 0 0 0 0 0 0 0 0 0 0 0 0 0 0 0 0 0 0 0 0 0 0 0 0 0 0 0 0 0 0 0 0 0 0 0 0 0 0 0 0 0 0 0 0 0 0 0 0 0 0 0 0 0 0 0 0 0 0 0 0 0 0 0 0 0 0 0 0 0 0 0 0 0 0 0 0 0 0 0 0 0 0 0 0 0 0 0 0 0 0 0 0 0 0 0 0 0 0 0 0 0 0 0 0 0 0 0 0 0 0 0 0 0 0 0 0 0 0 0 0 0 0 0 0 0 0 0 0 0 0 0 0 0 0 0 0 0 0 0 0 0 0 0 0 0 0 0 0 0 0 0 0 0 0 0 0 0 0 0 0 0 0 0 0 0 0 0 0 0 0 0 0 0 0 0 0 0 0 0 0 0 0 0 0 0 0 0 0 0 0 0 0 0 0 0 0 0 0 0 0 0 0 0 0 0 0 0 0 0 0 0 0 0 0 0 0 0 0 0 0 0 0 0 0 0 0 0 0 0 0 0 0 0 0 0 0 0 0 0 0 0 0 0 0 0 0 0 0 0 0 0 0 0 0 0 0 0 0 0 0 0 0 0 0 0 0 0 0 0 0 0 0 0 0 0 0 0 0 0 0 0 0 0 0 0 0 0 0 0 0 0 0 0 0 0 0 0 0 0 0 0 0 0 0 0 0 0 0 0 0 0 0 0 0 0 0 0 0 0 0 0 0 0 0 0 0 0 0 0 0 0 0 0 0 0 0 0 0 0 0 0 0 0 0 0 0 0 0 0 0 0 0 0 0 0 0 0 0 0 0 0 0 0 0 0 0 0 0 0 0 0 0 0 0 0 0 0 0 0 0 0 0 0 0 0 0 0 0 0 0 0 0 0 0 0 0 0 0 0 0 0 0 0 0 0 0 0 0 0 0 0 0 0 0 0 0 0 0 0 0 0 0 0 0 0 0 0 0 0 0 0 0 0 0 0 0 0 0 0 0 0 0 0 0 0 0 0 0 0 0 0 0 0 0 0 0 0 0 0 0 0 0 0 0 0 0 0 0 0 0 0 0 0 0 0 0 0 0 0 0 0 0 0 0 0 0 0 0 0 0 0 0 0 0 0 0 0 0 0 0 0 0 0 0 0 0 0 0 0 0 0 0 0 0 0 0 0 0 0 0 0 0 0 0 0 0 0 0 0 0 0 0 0 0 0 0 0 0 0 0 0 0 0 0 0 0 0 0 0 0 0 0 0 0 0 0 0 0 0 0 0 0 0 0 0 0 0 0 0 0 0 0 0 0 0 0 0 0 0 0 0 0 0 0 0 0 0 0 0 0 0 0 0 0 0 0 0 0 0 0 0 0 0 0 0 0 0 0 0 0 0 0 0 0 0 0 0 0 0 0 0 0 0 0 0 0 0 0 0 0 0 0 0 0 0 0 0 0 0 0 0 0 0 0 0 0 0 0 0 0 0 0 0 0 0 0 0 0 0 0 0 0 0 0 0 0 0 0 0 0 0 0 0 0 0 0 0 0 0 0 0 0 0 0 0 0 0 0 0 0 0 0 0 0 0 0 0 0 0 0 0 0 0 0 0 0 0 0 0 0 0 0 0 0 0 0 0 0 0 0 0 0 0 0 0 0 0 0 0 0 0 0 0 0 0 0 0 0 0 0 0 0 0 0 0 0 0 0 0 0 0 0 0 0 0 0 0 0 0 0 0 0 0 0 0 0 0 0 0 0 0 0 0 0 0 0 0 0 0 0 0 0 0 0 0 0 0 0 0 0 0 0 0 0 0 0 0 0 0 0 0 0 0 0 0 0 0 0 0 0 0 0 0 0 0 0 0 0 0 0 0 0 0 0 0 0 0 0 0 0 0 0 0 0 0
ctxt 4927854378
btime 1790630938
processes 435544
procs_running 4
procs_blocked 0
softirq 4524885010 73526 10644967 2753090 119658671 391164 0 13559277 47547899 421 35288699
--
cpu  3156397 1344 1562215 38696349 95825 0 771669 0 0 0
cpu0 117193 25 43796 1212818 1633 0 24143 0 0 0
cpu1 121843 29 45229 1211510 1619 0 24325 0 0 0
cpu2 123105 28 45429 1210894 1277 0 24512 0 0 0
cpu3 170072 28 62275 1131171 1732 0 39102 0 0 0
cpu4 175935 30 61963 1127584 1261 0 39117 0 0 0
cpu5 129861 29 47340 1201534 1301 0 25570 0 0 0
cpu6 130578 27 47616 1200772 1119 0 26283 0 0 0
cpu7 137843 24 51183 1187496 945 0 29162 0 0 0
cpu8 40023 47 41670 1267622 3448 0 13213 0 0 0
cpu9 46178 52 45356 1244906 5742 0 14308 0 0 0
cpu10 44009 51 43803 1252600 3802 0 14147 0 0 0
cpu11 40421 47 40168 1270923 2782 0 12713 0 0 0
cpu12 75731 127 48746 1209435 7219 0 15432 0 0 0
cpu13 72943 58 49597 1209054 7488 0 15757 0 0 0
cpu14 40122 46 39553 1274206 2774 0 12437 0 0 0
cpu15 37435 47 36304 1287051 2746 0 11298 0 0 0
cpu16 158053 23 55397 1158592 1476 0 32997 0 0 0
cpu17 148014 22 53586 1170566 2535 0 31458 0 0 0
cpu18 142553 23 52508 1179342 1366 0 30726 0 0 0
cpu19 217219 22 73714 1064453 1396 0 48801 0 0 0
cpu20 201583 22 70407 1085558 1761 0 46729 0 0 0
cpu21 137587 25 51339 1184940 2197 0 29893 0 0 0
cpu22 130111 29 49567 1195725 1640 0 28204 0 0 0
cpu23 113924 28 43996 1223607 1575 0 23519 0 0 0
cpu24 43295 49 40966 1269942 3396 0 13415 0 0 0
cpu25 48377 53 45736 1246688 5098 0 15835 0 0 0
cpu26 46362 49 44652 1252769 4238 0 15396 0 0 0
cpu27 39165 37 39728 1261806 3542 0 21290 0 0 0
cpu28 71503 74 52945 1194190 5861 0 28331 0 0 0
cpu29 74861 111 54865 1183257 6923 0 28843 0 0 0
cpu30 38647 33 41245 1255064 3213 0 21267 0 0 0
cpu31 41838 35 41522 1270263 2704 0 13430 0 0 0
intr 3124601547 126 0 0 0 0 0 0 0 0 1 0 0 0 0 0 0 0 0 0 0 0 0 0 0 0 0 0 1 1 1 0 0 0 0 1 0 1 0 0 75045 0 0 0 0 0 0 0 0 411 0 0 0 0 0 0 0 0 87 0 0 0 0 0 0 0 0 0 0 0 0 0 0 0 373761 2 35042637 34984631 34904047 35042395 0 11690 4273 5006 3914 4256 4453 4141 4768 3311 19080 28541 19051 14757 23508 24639 16507 12679 5022 4810 4318 3788 4541 5445 4907 3746 16089 17150 15065 13644 16918 16901 11849 13614 0 0 0 0 616957 4200 1036 0 264 0 0 0 0 0 0 0 0 0 0 0 0 0 0 0 0 0 0 0 0 0 0 0 0 0 0 0 0 0 0 0 0 0 0 0 0 0 0 0 0 0 0 0 0 0 0 0 0 0 0 0 0 0 0 0 0 0 0 0 0 0 0 0 0 0 0 0 0 0 0 0 0 0 0 0 0 0 0 0 0 0 0 0 0 0 0 0 0 0 0 0 0 0 0 0 0 0 0 0 0 0 0 0 0 0 0 0 0 0 0 0 0 0 0 0 0 0 0 0 0 0 0 0 0 0 0 0 0 0 0 0 0 0 0 0 0 0 0 0 0 0 0 0 0 0 0 0 0 0 0 0 0 0 0 0 0 0 0 0 0 0 0 0 0 0 0 0 0 0 0 0 0 0 0 0 0 0 0 0 0 0 0 0 0 0 0 0 0 0 0 0 0 0 0 0 0 0 0 0 0 0 0 0 0 0 0 0 0 0 0 0 0 0 0 0 0 0 0 0 0 0 0 0 0 0 0 0 0 0 0 0 0 0 0 0 0 0 0 0 0 0 0 0 0 0 0 0 0 0 0 0 0 0 0 0 0 0 0 0 0 0 0 0 0 0 0 0 0 0 0 0 0 0 0 0 0 0 0 0 0 0 0 0 0 0 0 0 0 0 0 0 0 0 0 0 0 0 0 0 0 0 0 0 0 0 0 0 0 0 0 0 0 0 0 0 0 0 0 0 0 0 0 0 0 0 0 0 0 0 0 0 0 0 0 0 0 0 0 0 0 0 0 0 0 0 0 0 0 0 0 0 0 0 0 0 0 0 0 0 0 0 0 0 0 0 0 0 0 0 0 0 0 0 0 0 0 0 0 0 0 0 0 0 0 0 0 0 0 0 0 0 0 0 0 0 0 0 0 0 0 0 0 0 0 0 0 0 0 0 0 0 0 0 0 0 0 0 0 0 0 0 0 0 0 0 0 0 0 0 0 0 0 0 0 0 0 0 0 0 0 0 0 0 0 0 0 0 0 0 0 0 0 0 0 0 0 0 0 0 0 0 0 0 0 0 0 0 0 0 0 0 0 0 0 0 0 0 0 0 0 0 0 0 0 0 0 0 0 0 0 0 0 0 0 0 0 0 0 0 0 0 0 0 0 0 0 0 0 0 0 0 0 0 0 0 0 0 0 0 0 0 0 0 0 0 0 0 0 0 0 0 0 0 0 0 0 0 0 0 0 0 0 0 0 0 0 0 0 0 0 0 0 0 0 0 0 0 0 0 0 0 0 0 0 0 0 0 0 0 0 0 0 0 0 0 0 0 0 0 0 0 0 0 0 0 0 0 0 0 0 0 0 0 0 0 0 0 0 0 0 0 0 0 0 0 0 0 0 0 0 0 0 0 0 0 0 0 0 0 0 0 0 0 0 0 0 0 0 0 0 0 0 0 0 0 0 0 0 0 0 0 0 0 0 0 0 0 0 0 0 0 0 0 0 0 0 0 0 0 0 0 0 0 0 0 0 0 0 0 0 0 0 0 0 0 0 0 0 0 0 0 0 0 0 0 0 0 0 0 0 0 0 0 0 0 0 0 0 0 0 0 0 0 0 0 0 0 0 0 0 0 0 0 0 0 0 0 0 0 0 0 0 0 0 0 0 0 0 0 0 0 0 0 0 0 0 0 0 0 0 0 0 0 0 0 0 0 0 0 0 0 0 0 0 0 0 0 0 0 0 0 0 0 0 0 0 0 0 0 0 0 0 0 0 0 0 0 0 0 0 0 0 0 0 0 0 0 0 0 0 0 0 0 0 0 0 0 0 0 0 0 0 0 0 0 0 0 0 0 0 0 0 0 0 0 0 0 0 0 0 0 0 0 0 0 0 0 0 0 0 0 0 0 0 0 0 0 0 0 0 0 0 0 0 0 0 0 0 0 0 0 0 0 0 0 0 0 0 0 0 0 0 0 0 0 0 0 0 0 0 0 0 0 0 0 0 0 0 0 0 0 0 0 0 0 0 0 0 0 0 0 0 0 0 0 0 0 0 0 0 0 0 0 0 0 0 0 0 0 0 0 0 0 0 0 0 0 0 0 0 0 0 0 0 0 0 0 0 0 0 0 0 0 0 0 0 0 0 0 0 0 0 0 0 0 0 0 0 0 0 0 0 0 0 0 0 0 0 0 0 0 0 0 0 0 0 0 0 0 0 0 0 0 0 0 0 0 0 0 0 0 0 0 0 0 0 0 0 0 0 0 0 0 0 0 0 0 0 0 0 0 0 0 0 0 0 0 0 0 0 0 0 0 0 0 0 0 0 0 0 0 0 0 0 0 0 0 0 0 0 0 0 0 0 0 0 0 0 0 0 0 0 0 0 0 0 0 0 0 0 0 0 0 0 0 0 0 0 0 0 0 0 0 0 0 0 0 0 0 0 0 0 0 0 0 0 0 0 0 0 0 0 0 0 0 0 0 0 0 0 0 0 0 0 0 0 0 0 0 0 0 0
ctxt 4928386706
btime 1790630938
processes 435603
procs_running 3
procs_blocked 0
softirq 4525379258 73526 10648500 2753090 120065442 391172 0 13559277 47558677 421 35361857
