Running 10s test @ http://127.0.0.1:18500/api/usleep?ms=10
  16 threads and 1000 connections
  Thread Stats   Avg      Stdev     Max   +/- Stdev
    Latency     3.62s     2.87s   10.00s    62.98%
    Req/Sec    18.15     13.12   120.00     83.53%
  Latency Distribution
     50%    2.02s 
     75%    6.38s 
     90%    7.61s 
     99%    9.88s 
  1129 requests in 10.09s, 263.51KB read
  Socket errors: connect 0, read 529, write 0, timeout 0
Requests/sec:    111.89
Transfer/sec:     26.12KB
## server-stat
cpu  3154182 1342 1561771 38625842 95794 0 771539 0 0 0
cpu0 117188 25 43793 1210545 1633 0 24132 0 0 0
cpu1 121842 29 45228 1209215 1619 0 24324 0 0 0
cpu2 123104 28 45428 1208599 1277 0 24512 0 0 0
cpu3 169883 28 62247 1129099 1732 0 39094 0 0 0
cpu4 175738 30 61927 1125525 1261 0 39108 0 0 0
cpu5 129860 29 47338 1199239 1301 0 25570 0 0 0
cpu6 130578 27 47616 1198477 1119 0 26283 0 0 0
cpu7 137841 24 51181 1185202 945 0 29162 0 0 0
cpu8 40020 47 41668 1265351 3448 0 13212 0 0 0
cpu9 46173 52 45353 1242647 5742 0 14307 0 0 0
cpu10 44005 51 43799 1250330 3801 0 14146 0 0 0
cpu11 40418 47 40163 1268644 2781 0 12713 0 0 0
cpu12 75666 126 48737 1207246 7219 0 15431 0 0 0
cpu13 72897 57 49586 1206847 7488 0 15756 0 0 0
cpu14 40119 46 39551 1271936 2773 0 12437 0 0 0
cpu15 37432 47 36301 1284766 2745 0 11298 0 0 0
cpu16 158052 23 55396 1156296 1476 0 32997 0 0 0
cpu17 148013 22 53584 1168272 2534 0 31458 0 0 0
cpu18 142553 23 52507 1177046 1366 0 30726 0 0 0
cpu19 216374 22 73551 1063213 1395 0 48750 0 0 0
cpu20 200782 22 70255 1084259 1761 0 46684 0 0 0
cpu21 137586 25 51338 1182657 2185 0 29893 0 0 0
cpu22 130111 29 49566 1193441 1627 0 28204 0 0 0
cpu23 113923 28 43995 1221311 1575 0 23519 0 0 0
cpu24 43293 49 40966 1267647 3396 0 13415 0 0 0
cpu25 48376 53 45735 1244397 5098 0 15835 0 0 0
cpu26 46358 49 44651 1250481 4238 0 15396 0 0 0
cpu27 39163 37 39728 1259509 3542 0 21290 0 0 0
cpu28 71499 74 52944 1191898 5861 0 28331 0 0 0
cpu29 74839 111 54862 1180992 6923 0 28843 0 0 0
cpu30 38645 33 41244 1252769 3213 0 21267 0 0 0
cpu31 41837 35 41522 1267969 2704 0 13429 0 0 0
intr 3123995833 126 0 0 0 0 0 0 0 0 1 0 0 0 0 0 0 0 0 0 0 0 0 0 0 0 0 0 1 1 1 0 0 0 0 1 0 1 0 0 75045 0 0 0 0 0 0 0 0 411 0 0 0 0 0 0 0 0 87 0 0 0 0 0 0 0 0 0 0 0 0 0 0 0 373467 2 35042566 34984583 34904001 35042328 0 11670 4273 5006 3914 4256 4453 4141 4768 3311 19080 28541 19050 14755 23507 24639 16506 12664 5022 4809 4318 3788 4541 5445 4907 3746 16087 17148 15065 13644 16918 16899 11849 13614 0 0 0 0 616957 4200 1036 0 264 0 0 0 0 0 0 0 0 0 0 0 0 0 0 0 0 0 0 0 0 0 0 0 0 0 0 0 0 0 0 0 0 0 0 0 0 0 0 0 0 0 0 0 0 0 0 0 0 0 0 0 0 0 0 0 0 0 0 0 0 0 0 0 0 0 0 0 0 0 0 0 0 0 0 0 0 0 0 0 0 0 0 0 0 0 0 0 0 0 0 0 0 0 0 0 0 0 0 0 0 0 0 0 0 0 0 0 0 0 0 0 0 0 0 0 0 0 0 0 0 0 0 0 0 0 0 0 0 0 0 0 0 0 0 0 0 0 0 0 0 0 0 0 0 0 0 0 0 0 0 0 0 0 0 0 0 0 0 0 0 0 0 0 0 0 0 0 0 0 0 0 0 0 0 0 0 0 0 0 0 0 0 0 0 0 0 0 0 0 0 0 0 0 0 0 0 0 0 0 0 0 0 0 0 0 0 0 0 0 0 0 0 0 0 0 0 0 0 0 0 0 0 0 0 0 0 0 0 0 0 0 0 0 0 0 0 0 0 0 0 0 0 0 0 0 0 0 0 0 0 0 0 0 0 0 0 0 0 0 0 0 0 0 0 0 0 0 0 0 0 0 0 0 0 0 0 0 0 0 0 0 0 0 0 0 0 0 0 0 0 0 0 0 0 0 0 0 0 0 0 0 0 0 0 0 0 0 0 0 0 0 0 0 0 0 0 0 0 0 0 0 0 0 0 0 0 0 0 0 0 0 0 0 0 0 0 0 0 0 0 0 0 0 0 0 0 0 0 0 0 0 0 0 0 0 0 0 0 0 0 0 0 0 0 0 0 0 0 0 0 0 0 0 0 0 0 0 0 0 0 0 0 0 0 0 0 0 0 0 0 0 0 0 0 0 0 0 0 0 0 0 0 0 0 0 0 0 0 0 0 0 0 0 0 0 0 0 0 0 0 0 0 0 0 0 0 0 0 0 0 0 0 0 0 0 0 0 0 0 0 0 0 0 0 0 0 0 0 0 0 0 0 0 0 0 0 0 0 0 0 0 0 0 0 0 0 0 0 0 0 0 0 0 0 0 0 0 0 0 0 0 0 0 0 0 0 0 0 0 0 0 0 0 0 0 0 0 0 0 0 0 0 0 0 0 0 0 0 0 0 0 0 0 0 0 0 0 0 0 0 0 0 0 0 0 0 0 0 0 0 0 0 0 0 0 0 0 0 0 0 0 0 0 0 0 0 0 0 0 0 0 0 0 0 0 0 0 0 0 0 0 0 0 0 0 0 0 0 0 0 0 0 0 0 0 0 0 0 0 0 0 0 0 0 0 0 0 0 0 0 0 0 0 0 0 0 0 0 0 0 0 0 0 0 0 0 0 0 0 0 0 0 0 0 0 0 0 0 0 0 0 0 0 0 0 0 0 0 0 0 0 0 0 0 0 0 0 0 0 0 0 0 0 0 0 0 0 0 0 0 0 0 0 0 0 0 0 0 0 0 0 0 0 0 0 0 0 0 0 0 0 0 0 0 0 0 0 0 0 0 0 0 0 0 0 0 0 0 0 0 0 0 0 0 0 0 0 0 0 0 0 0 0 0 0 0 0 0 0 0 0 0 0 0 0 0 0 0 0 0 0 0 0 0 0 0 0 0 0 0 0 0 0 0 0 0 0 0 0 0 0 0 0 0 0 0 0 0 0 0 0 0 0 0 0 0 0 0 0 0 0 0 0 0 0 0 0 0 0 0 0 0 0 0 0 0 0 0 0 0 0 0 0 0 0 0 0 0 0 0 0 0 0 0 0 0 0 0 0 0 0 0 0 0 0 0 0 0 0 0 0 0 0 0 0 0 0 0 0 0 0 0 0 0 0 0 0 0 0 0 0 0 0 0 0 0 0 0 0 0 0 0 0 0 0 0 0 0 0 0 0 0 0 0 0 0 0 0 0 0 0 0 0 0 0 0 0 0 0 0 0 0 0 0 0 0 0 0 0 0 0 0 0 0 0 0 0 0 0 0 0 0 0 0 0 0 0 0 0 0 0 0 0 0 0 0 0 0 0 0 0 0 0 0 0 0 0 0 0 0 0 0 0 0 0 0 0 0 0 0 0 0 0 0 0 0 0 0 0 0 0 0 0 0 0 0 0 0 0 0 0 0 0 0 0 0 0 0 0 0 0 0 0 0 0 0 0 0 0 0 0 0 0 0 0 0 0 0 0 0 0 0 0 0 0 0 0 0 0 0 0 0 0 0 0 0 0 0 0 0 0 0 0 0 0 0 0 0 0 0 0 0 0 0 0 0 0 0 0 0 0 0 0 0 0 0 0 0 0 0 0 0 0 0 0 0 0 0 0 0 0 0 0 0 0 0 0 0 0 0 0 0 0 0 0 0 0 0 0 0 0 0 0 0 0 0 0 0 0 0 0 0 0 0 0 0 0 0 0 0 0 0 0 0 0 0 0 0 0 0 0 0 0 0 0 0 0 0 0 0 0 0
ctxt 4927405043
btime 1790630938
processes 435199
procs_running 2
procs_blocked 0
softirq 4524606529 73526 10638341 2753090 119450472 390858 0 13559277 47533143 421 35240105
--
cpu  3154329 1343 1561785 38651248 95796 0 771540 0 0 0
cpu0 117190 25 43794 1211338 1633 0 24132 0 0 0
cpu1 121843 29 45228 1210014 1619 0 24324 0 0 0
cpu2 123105 28 45428 1209397 1277 0 24512 0 0 0
cpu3 169934 28 62249 1129843 1732 0 39094 0 0 0
cpu4 175763 30 61927 1126301 1261 0 39108 0 0 0
cpu5 129861 29 47338 1200038 1301 0 25570 0 0 0
cpu6 130578 27 47616 1199276 1119 0 26283 0 0 0
cpu7 137841 24 51181 1186001 945 0 29162 0 0 0
cpu8 40022 47 41668 1266148 3448 0 13212 0 0 0
cpu9 46176 52 45353 1243443 5742 0 14307 0 0 0
cpu10 44005 51 43799 1251129 3801 0 14146 0 0 0
cpu11 40419 47 40164 1269442 2781 0 12713 0 0 0
cpu12 75703 126 48740 1208005 7219 0 15431 0 0 0
cpu13 72906 58 49587 1207635 7488 0 15756 0 0 0
cpu14 40120 46 39552 1272733 2773 0 12437 0 0 0
cpu15 37433 47 36301 1285563 2746 0 11298 0 0 0
cpu16 158053 23 55397 1157095 1476 0 32997 0 0 0
cpu17 148013 22 53585 1169070 2535 0 31458 0 0 0
cpu18 142553 23 52507 1177845 1366 0 30726 0 0 0
cpu19 216374 22 73552 1064011 1396 0 48750 0 0 0
cpu20 200782 22 70255 1085058 1761 0 46684 0 0 0
cpu21 137586 25 51338 1183456 2185 0 29893 0 0 0
cpu22 130111 29 49566 1194240 1627 0 28204 0 0 0
cpu23 113924 28 43996 1222110 1575 0 23519 0 0 0
cpu24 43294 49 40966 1268446 3396 0 13415 0 0 0
cpu25 48376 53 45735 1245196 5098 0 15835 0 0 0
cpu26 46361 49 44651 1251277 4238 0 15396 0 0 0
cpu27 39164 37 39728 1260307 3542 0 21290 0 0 0
cpu28 71501 74 52945 1192695 5861 0 28331 0 0 0
cpu29 74842 111 54862 1181787 6923 0 28843 0 0 0
cpu30 38646 33 41244 1253567 3213 0 21267 0 0 0
cpu31 41837 35 41522 1268768 2704 0 13429 0 0 0
intr 3124085966 126 0 0 0 0 0 0 0 0 1 0 0 0 0 0 0 0 0 0 0 0 0 0 0 0 0 0 1 1 1 0 0 0 0 1 0 1 0 0 75045 0 0 0 0 0 0 0 0 411 0 0 0 0 0 0 0 0 87 0 0 0 0 0 0 0 0 0 0 0 0 0 0 0 373467 2 35042590 34984601 34904013 35042350 0 11678 4273 5006 3914 4256 4453 4141 4768 3311 19080 28541 19050 14756 23507 24639 16506 12670 5022 4810 4318 3788 4541 5445 4907 3746 16087 17148 15065 13644 16918 16899 11849 13614 0 0 0 0 616957 4200 1036 0 264 0 0 0 0 0 0 0 0 0 0 0 0 0 0 0 0 0 0 0 0 0 0 0 0 0 0 0 0 0 0 0 0 0 0 0 0 0 0 0 0 0 0 0 0 0 0 0 0 0 0 0 0 0 0 0 0 0 0 0 0 0 0 0 0 0 0 0 0 0 0 0 0 0 0 0 0 0 0 0 0 0 0 0 0 0 0 0 0 0 0 0 0 0 0 0 0 0 0 0 0 0 0 0 0 0 0 0 0 0 0 0 0 0 0 0 0 0 0 0 0 0 0 0 0 0 0 0 0 0 0 0 0 0 0 0 0 0 0 0 0 0 0 0 0 0 0 0 0 0 0 0 0 0 0 0 0 0 0 0 0 0 0 0 0 0 0 0 0 0 0 0 0 0 0 0 0 0 0 0 0 0 0 0 0 0 0 0 0 0 0 0 0 0 0 0 0 0 0 0 0 0 0 0 0 0 0 0 0 0 0 0 0 0 0 0 0 0 0 0 0 0 0 0 0 0 0 0 0 0 0 0 0 0 0 0 0 0 0 0 0 0 0 0 0 0 0 0 0 0 0 0 0 0 0 0 0 0 0 0 0 0 0 0 0 0 0 0 0 0 0 0 0 0 0 0 0 0 0 0 0 0 0 0 0 0 0 0 0 0 0 0 0 0 0 0 0 0 0 0 0 0 0 0 0 0 0 0 0 0 0 0 0 0 0 0 0 0 0 0 0 0 0 0 0 0 0 0 0 0 0 0 0 0 0 0 0 0 0 0 0 0 0 0 0 0 0 0 0 0 0 0 0 0 0 0 0 0 0 0 0 0 0 0 0 0 0 0 0 0 0 0 0 0 0 0 0 0 0 0 0 0 0 0 0 0 0 0 0 0 0 0 0 0 0 0 0 0 0 0 0 0 0 0 0 0 0 0 0 0 0 0 0 0 0 0 0 0 0 0 0 0 0 0 0 0 0 0 0 0 0 0 0 0 0 0 0 0 0 0 0 0 0 0 0 0 0 0 0 0 0 0 0 0 0 0 0 0 0 0 0 0 0 0 0 0 0 0 0 0 0 0 0 0 0 0 0 0 0 0 0 0 0 0 0 0 0 0 0 0 0 0 0 0 0 0 0 0 0 0 0 0 0 0 0 0 0 0 0 0 0 0 0 0 0 0 0 0 0 0 0 0 0 0 0 0 0 0 0 0 0 0 0 0 0 0 0 0 0 0 0 0 0 0 0 0 0 0 0 0 0 0 0 0 0 0 0 0 0 0 0 0 0 0 0 0 0 0 0 0 0 0 0 0 0 0 0 0 0 0 0 0 0 0 0 0 0 0 0 0 0 0 0 0 0 0 0 0 0 0 0 0 0 0 0 0 0 0 0 0 0 0 0 0 0 0 0 0 0 0 0 0 0 0 0 0 0 0 0 0 0 0 0 0 0 0 0 0 0 0 0 0 0 0 0 0 0 0 0 0 0 0 0 0 0 0 0 0 0 0 0 0 0 0 0 0 0 0 0 0 0 0 0 0 0 0 0 0 0 0 0 0 0 0 0 0 0 0 0 0 0 0 0 0 0 0 0 0 0 0 0 0 0 0 0 0 0 0 0 0 0 0 0 0 0 0 0 0 0 0 0 0 0 0 0 0 0 0 0 0 0 0 0 0 0 0 0 0 0 0 0 0 0 0 0 0 0 0 0 0 0 0 0 0 0 0 0 0 0 0 0 0 0 0 0 0 0 0 0 0 0 0 0 0 0 0 0 0 0 0 0 0 0 0 0 0 0 0 0 0 0 0 0 0 0 0 0 0 0 0 0 0 0 0 0 0 0 0 0 0 0 0 0 0 0 0 0 0 0 0 0 0 0 0 0 0 0 0 0 0 0 0 0 0 0 0 0 0 0 0 0 0 0 0 0 0 0 0 0 0 0 0 0 0 0 0 0 0 0 0 0 0 0 0 0 0 0 0 0 0 0 0 0 0 0 0 0 0 0 0 0 0 0 0 0 0 0 0 0 0 0 0 0 0 0 0 0 0 0 0 0 0 0 0 0 0 0 0 0 0 0 0 0 0 0 0 0 0 0 0 0 0 0 0 0 0 0 0 0 0 0 0 0 0 0 0 0 0 0 0 0 0 0 0 0 0 0 0 0 0 0 0 0 0 0 0 0 0 0 0 0 0 0 0 0 0 0 0 0 0 0 0 0 0 0 0 0 0 0 0 0 0 0 0 0 0 0 0 0 0 0 0 0 0 0 0 0 0 0 0 0 0 0 0 0 0 0 0 0 0 0 0 0 0 0 0 0 0 0 0 0 0 0 0 0 0 0 0 0 0 0 0 0 0 0 0 0 0 0 0 0 0 0 0 0 0 0 0 0 0 0 0 0 0 0 0 0 0 0 0 0 0 0 0 0 0 0 0 0 0 0 0 0 0 0 0 0 0 0 0 0 0 0 0 0 0 0 0 0 0 0 0 0 0 0 0 0 0 0 0 0 0 0
ctxt 4927537343
btime 1790630938
processes 435269
procs_running 1
procs_blocked 0
softirq 4524624670 73526 10641889 2753090 119454095 390866 0 13559277 47538868 421 35245342
