Running 10s test @ http://127.0.0.1:18500/api/usleep?ms=10
  16 threads and 32 connections
  Thread Stats   Avg      Stdev     Max   +/- Stdev
    Latency   176.31ms   21.67ms 346.17ms   92.34%
    Req/Sec    12.24      4.42    20.00     72.85%
  Latency Distribution
     50%  168.70ms
     75%  173.90ms
     90%  179.73ms
     99%  265.97ms
  1801 requests in 10.01s, 360.55KB read
Requests/sec:    179.84
Transfer/sec:     36.00KB
## server-stat
cpu  3146496 1332 1560092 38209657 90191 0 771460 0 0 0
cpu0 117004 25 43745 1197419 1574 0 24102 0 0 0
cpu1 121739 29 45179 1195954 1566 0 24321 0 0 0
cpu2 123043 28 45384 1195308 1206 0 24511 0 0 0
cpu3 168118 27 62114 1117579 1687 0 39087 0 0 0
cpu4 174713 30 61842 1113212 1192 0 39106 0 0 0
cpu5 129810 29 47296 1185929 1229 0 25569 0 0 0
cpu6 130534 27 47578 1185161 1043 0 26283 0 0 0
cpu7 137808 24 51146 1171863 867 0 29162 0 0 0
cpu8 39987 46 41625 1252172 3236 0 13211 0 0 0
cpu9 46125 51 45301 1229501 5525 0 14306 0 0 0
cpu10 43958 51 43754 1237199 3555 0 14145 0 0 0
cpu11 40388 46 40123 1255453 2566 0 12712 0 0 0
cpu12 75351 125 48675 1194425 6963 0 15427 0 0 0
cpu13 72607 57 49514 1194104 7139 0 15753 0 0 0
cpu14 40092 45 39510 1258706 2587 0 12437 0 0 0
cpu15 37405 47 36262 1271541 2554 0 11297 0 0 0
cpu16 157964 23 55353 1143067 1368 0 32996 0 0 0
cpu17 147963 22 53545 1155025 2403 0 31457 0 0 0
cpu18 142501 22 52463 1163814 1226 0 30725 0 0 0
cpu19 214664 22 73436 1051616 1338 0 48747 0 0 0
cpu20 199755 22 70183 1072015 1631 0 46681 0 0 0
cpu21 137538 25 51288 1169386 2074 0 29892 0 0 0
cpu22 130068 29 49523 1180184 1489 0 28203 0 0 0
cpu23 113888 27 43960 1207980 1499 0 23519 0 0 0
cpu24 43256 49 40919 1254465 3171 0 13414 0 0 0
cpu25 48326 53 45691 1231482 4625 0 15834 0 0 0
cpu26 46321 49 44606 1237399 3918 0 15394 0 0 0
cpu27 39136 36 39684 1246380 3253 0 21290 0 0 0
cpu28 71379 74 52891 1178871 5589 0 28329 0 0 0
cpu29 74613 111 54811 1168131 6588 0 28842 0 0 0
cpu30 38618 33 41199 1239571 2993 0 21266 0 0 0
cpu31 41811 35 41477 1254733 2521 0 13429 0 0 0
intr 3120862053 126 0 0 0 0 0 0 0 0 1 0 0 0 0 0 0 0 0 0 0 0 0 0 0 0 0 0 1 1 1 0 0 0 0 1 0 1 0 0 75045 0 0 0 0 0 0 0 0 411 0 0 0 0 0 0 0 0 87 0 0 0 0 0 0 0 0 0 0 0 0 0 0 0 369168 2 35042085 34984265 34903718 35041899 0 11562 4029 4788 3631 4146 4246 3872 4488 3097 18073 27360 17851 13753 22443 23392 15531 11805 4710 4331 3705 3674 4211 5065 4329 3355 15172 15877 13667 12466 15716 15408 10843 12760 0 0 0 0 616945 4192 1036 0 264 0 0 0 0 0 0 0 0 0 0 0 0 0 0 0 0 0 0 0 0 0 0 0 0 0 0 0 0 0 0 0 0 0 0 0 0 0 0 0 0 0 0 0 0 0 0 0 0 0 0 0 0 0 0 0 0 0 0 0 0 0 0 0 0 0 0 0 0 0 0 0 0 0 0 0 0 0 0 0 0 0 0 0 0 0 0 0 0 0 0 0 0 0 0 0 0 0 0 0 0 0 0 0 0 0 0 0 0 0 0 0 0 0 0 0 0 0 0 0 0 0 0 0 0 0 0 0 0 0 0 0 0 0 0 0 0 0 0 0 0 0 0 0 0 0 0 0 0 0 0 0 0 0 0 0 0 0 0 0 0 0 0 0 0 0 0 0 0 0 0 0 0 0 0 0 0 0 0 0 0 0 0 0 0 0 0 0 0 0 0 0 0 0 0 0 0 0 0 0 0 0 0 0 0 0 0 0 0 0 0 0 0 0 0 0 0 0 0 0 0 0 0 0 0 0 0 0 0 0 0 0 0 0 0 0 0 0 0 0 0 0 0 0 0 0 0 0 0 0 0 0 0 0 0 0 0 0 0 0 0 0 0 0 0 0 0 0 0 0 0 0 0 0 0 0 0 0 0 0 0 0 0 0 0 0 0 0 0 0 0 0 0 0 0 0 0 0 0 0 0 0 0 0 0 0 0 0 0 0 0 0 0 0 0 0 0 0 0 0 0 0 0 0 0 0 0 0 0 0 0 0 0 0 0 0 0 0 0 0 0 0 0 0 0 0 0 0 0 0 0 0 0 0 0 0 0 0 0 0 0 0 0 0 0 0 0 0 0 0 0 0 0 0 0 0 0 0 0 0 0 0 0 0 0 0 0 0 0 0 0 0 0 0 0 0 0 0 0 0 0 0 0 0 0 0 0 0 0 0 0 0 0 0 0 0 0 0 0 0 0 0 0 0 0 0 0 0 0 0 0 0 0 0 0 0 0 0 0 0 0 0 0 0 0 0 0 0 0 0 0 0 0 0 0 0 0 0 0 0 0 0 0 0 0 0 0 0 0 0 0 0 0 0 0 0 0 0 0 0 0 0 0 0 0 0 0 0 0 0 0 0 0 0 0 0 0 0 0 0 0 0 0 0 0 0 0 0 0 0 0 0 0 0 0 0 0 0 0 0 0 0 0 0 0 0 0 0 0 0 0 0 0 0 0 0 0 0 0 0 0 0 0 0 0 0 0 0 0 0 0 0 0 0 0 0 0 0 0 0 0 0 0 0 0 0 0 0 0 0 0 0 0 0 0 0 0 0 0 0 0 0 0 0 0 0 0 0 0 0 0 0 0 0 0 0 0 0 0 0 0 0 0 0 0 0 0 0 0 0 0 0 0 0 0 0 0 0 0 0 0 0 0 0 0 0 0 0 0 0 0 0 0 0 0 0 0 0 0 0 0 0 0 0 0 0 0 0 0 0 0 0 0 0 0 0 0 0 0 0 0 0 0 0 0 0 0 0 0 0 0 0 0 0 0 0 0 0 0 0 0 0 0 0 0 0 0 0 0 0 0 0 0 0 0 0 0 0 0 0 0 0 0 0 0 0 0 0 0 0 0 0 0 0 0 0 0 0 0 0 0 0 0 0 0 0 0 0 0 0 0 0 0 0 0 0 0 0 0 0 0 0 0 0 0 0 0 0 0 0 0 0 0 0 0 0 0 0 0 0 0 0 0 0 0 0 0 0 0 0 0 0 0 0 0 0 0 0 0 0 0 0 0 0 0 0 0 0 0 0 0 0 0 0 0 0 0 0 0 0 0 0 0 0 0 0 0 0 0 0 0 0 0 0 0 0 0 0 0 0 0 0 0 0 0 0 0 0 0 0 0 0 0 0 0 0 0 0 0 0 0 0 0 0 0 0 0 0 0 0 0 0 0 0 0 0 0 0 0 0 0 0 0 0 0 0 0 0 0 0 0 0 0 0 0 0 0 0 0 0 0 0 0 0 0 0 0 0 0 0 0 0 0 0 0 0 0 0 0 0 0 0 0 0 0 0 0 0 0 0 0 0 0 0 0 0 0 0 0 0 0 0 0 0 0 0 0 0 0 0 0 0 0 0 0 0 0 0 0 0 0 0 0 0 0 0 0 0 0 0 0 0 0 0 0 0 0 0 0 0 0 0 0 0 0 0 0 0 0 0 0 0 0 0 0 0 0 0 0 0 0 0 0 0 0 0 0 0 0 0 0 0 0 0 0 0 0 0 0 0 0 0 0 0 0 0 0 0 0 0 0 0 0 0 0 0 0 0 0 0 0 0 0 0 0 0 0 0 0 0 0 0 0 0 0 0 0 0 0 0 0 0 0 0 0 0 0 0 0 0 0 0 0 0 0 0 0 0 0 0 0 0 0 0 0 0 0 0 0 0 0 0 0 0 0 0 0 0 0 0 0 0 0 0 0 0 0 0 0 0 0 0 0 0 0 0 0 0 0 0 0 0 0
ctxt 4922563028
btime 1790630938
processes 412467
procs_running 1
procs_blocked 0
softirq 4523817930 73526 10578208 2753090 119142008 386406 0 13559258 47371767 421 34985950
--
cpu  3146662 1333 1560111 38234993 90229 0 771464 0 0 0
cpu0 117007 25 43746 1198210 1574 0 24105 0 0 0
cpu1 121740 29 45179 1196751 1566 0 24321 0 0 0
cpu2 123043 28 45384 1196106 1206 0 24511 0 0 0
cpu3 168184 27 62119 1118305 1687 0 39087 0 0 0
cpu4 174732 30 61843 1113990 1192 0 39106 0 0 0
cpu5 129810 29 47297 1186727 1229 0 25569 0 0 0
cpu6 130535 27 47579 1185960 1043 0 26283 0 0 0
cpu7 137808 24 51146 1172661 867 0 29162 0 0 0
cpu8 39987 46 41625 1252971 3236 0 13211 0 0 0
cpu9 46126 51 45301 1230297 5525 0 14306 0 0 0
cpu10 43959 51 43756 1237995 3555 0 14145 0 0 0
cpu11 40388 46 40123 1256251 2566 0 12712 0 0 0
cpu12 75356 126 48676 1195193 6988 0 15427 0 0 0
cpu13 72628 57 49515 1194879 7140 0 15754 0 0 0
cpu14 40092 45 39510 1259504 2588 0 12437 0 0 0
cpu15 37405 47 36263 1272338 2556 0 11297 0 0 0
cpu16 157964 23 55353 1143865 1369 0 32996 0 0 0
cpu17 147963 22 53545 1155823 2403 0 31457 0 0 0
cpu18 142502 22 52463 1164611 1227 0 30725 0 0 0
cpu19 214685 22 73437 1052392 1338 0 48747 0 0 0
cpu20 199755 22 70183 1072813 1631 0 46681 0 0 0
cpu21 137538 25 51288 1170185 2074 0 29892 0 0 0
cpu22 130068 29 49523 1180982 1489 0 28203 0 0 0
cpu23 113888 27 43960 1208778 1499 0 23519 0 0 0
cpu24 43256 49 40920 1255264 3171 0 13414 0 0 0
cpu25 48326 53 45691 1232281 4625 0 15834 0 0 0
cpu26 46321 49 44606 1238192 3924 0 15394 0 0 0
cpu27 39136 37 39685 1247176 3255 0 21290 0 0 0
cpu28 71379 74 52891 1179670 5589 0 28329 0 0 0
cpu29 74637 111 54812 1168905 6588 0 28842 0 0 0
cpu30 38618 33 41199 1240369 2993 0 21266 0 0 0
cpu31 41811 35 41477 1255532 2521 0 13429 0 0 0
intr 3120974239 126 0 0 0 0 0 0 0 0 1 0 0 0 0 0 0 0 0 0 0 0 0 0 0 0 0 0 1 1 1 0 0 0 0 1 0 1 0 0 75045 0 0 0 0 0 0 0 0 411 0 0 0 0 0 0 0 0 87 0 0 0 0 0 0 0 0 0 0 0 0 0 0 0 369420 2 35042110 34984287 34903737 35041922 0 11570 4030 4788 3631 4147 4246 3872 4488 3097 18073 27360 17851 13753 22443 23396 15531 11809 4710 4331 3705 3674 4211 5065 4329 3355 15172 15877 13667 12466 15716 15408 10843 12760 0 0 0 0 616949 4192 1036 0 264 0 0 0 0 0 0 0 0 0 0 0 0 0 0 0 0 0 0 0 0 0 0 0 0 0 0 0 0 0 0 0 0 0 0 0 0 0 0 0 0 0 0 0 0 0 0 0 0 0 0 0 0 0 0 0 0 0 0 0 0 0 0 0 0 0 0 0 0 0 0 0 0 0 0 0 0 0 0 0 0 0 0 0 0 0 0 0 0 0 0 0 0 0 0 0 0 0 0 0 0 0 0 0 0 0 0 0 0 0 0 0 0 0 0 0 0 0 0 0 0 0 0 0 0 0 0 0 0 0 0 0 0 0 0 0 0 0 0 0 0 0 0 0 0 0 0 0 0 0 0 0 0 0 0 0 0 0 0 0 0 0 0 0 0 0 0 0 0 0 0 0 0 0 0 0 0 0 0 0 0 0 0 0 0 0 0 0 0 0 0 0 0 0 0 0 0 0 0 0 0 0 0 0 0 0 0 0 0 0 0 0 0 0 0 0 0 0 0 0 0 0 0 0 0 0 0 0 0 0 0 0 0 0 0 0 0 0 0 0 0 0 0 0 0 0 0 0 0 0 0 0 0 0 0 0 0 0 0 0 0 0 0 0 0 0 0 0 0 0 0 0 0 0 0 0 0 0 0 0 0 0 0 0 0 0 0 0 0 0 0 0 0 0 0 0 0 0 0 0 0 0 0 0 0 0 0 0 0 0 0 0 0 0 0 0 0 0 0 0 0 0 0 0 0 0 0 0 0 0 0 0 0 0 0 0 0 0 0 0 0 0 0 0 0 0 0 0 0 0 0 0 0 0 0 0 0 0 0 0 0 0 0 0 0 0 0 0 0 0 0 0 0 0 0 0 0 0 0 0 0 0 0 0 0 0 0 0 0 0 0 0 0 0 0 0 0 0 0 0 0 0 0 0 0 0 0 0 0 0 0 0 0 0 0 0 0 0 0 0 0 0 0 0 0 0 0 0 0 0 0 0 0 0 0 0 0 0 0 0 0 0 0 0 0 0 0 0 0 0 0 0 0 0 0 0 0 0 0 0 0 0 0 0 0 0 0 0 0 0 0 0 0 0 0 0 0 0 0 0 0 0 0 0 0 0 0 0 0 0 0 0 0 0 0 0 0 0 0 0 0 0 0 0 0 0 0 0 0 0 0 0 0 0 0 0 0 0 0 0 0 0 0 0 0 0 0 0 0 0 0 0 0 0 0 0 0 0 0 0 0 0 0 0 0 0 0 0 0 0 0 0 0 0 0 0 0 0 0 0 0 0 0 0 0 0 0 0 0 0 0 0 0 0 0 0 0 0 0 0 0 0 0 0 0 0 0 0 0 0 0 0 0 0 0 0 0 0 0 0 0 0 0 0 0 0 0 0 0 0 0 0 0 0 0 0 0 0 0 0 0 0 0 0 0 0 0 0 0 0 0 0 0 0 0 0 0 0 0 0 0 0 0 0 0 0 0 0 0 0 0 0 0 0 0 0 0 0 0 0 0 0 0 0 0 0 0 0 0 0 0 0 0 0 0 0 0 0 0 0 0 0 0 0 0 0 0 0 0 0 0 0 0 0 0 0 0 0 0 0 0 0 0 0 0 0 0 0 0 0 0 0 0 0 0 0 0 0 0 0 0 0 0 0 0 0 0 0 0 0 0 0 0 0 0 0 0 0 0 0 0 0 0 0 0 0 0 0 0 0 0 0 0 0 0 0 0 0 0 0 0 0 0 0 0 0 0 0 0 0 0 0 0 0 0 0 0 0 0 0 0 0 0 0 0 0 0 0 0 0 0 0 0 0 0 0 0 0 0 0 0 0 0 0 0 0 0 0 0 0 0 0 0 0 0 0 0 0 0 0 0 0 0 0 0 0 0 0 0 0 0 0 0 0 0 0 0 0 0 0 0 0 0 0 0 0 0 0 0 0 0 0 0 0 0 0 0 0 0 0 0 0 0 0 0 0 0 0 0 0 0 0 0 0 0 0 0 0 0 0 0 0 0 0 0 0 0 0 0 0 0 0 0 0 0 0 0 0 0 0 0 0 0 0 0 0 0 0 0 0 0 0 0 0 0 0 0 0 0 0 0 0 0 0 0 0 0 0 0 0 0 0 0 0 0 0 0 0 0 0 0 0 0 0 0 0 0 0 0 0 0 0 0 0 0 0 0 0 0 0 0 0 0 0 0 0 0 0 0 0 0 0 0 0 0 0 0 0 0 0 0 0 0 0 0 0 0 0 0 0 0 0 0 0 0 0 0 0 0 0 0 0 0 0 0 0 0 0 0 0 0 0 0 0 0 0 0 0 0 0 0 0 0 0 0 0 0 0 0 0 0 0 0 0 0 0 0 0 0 0 0 0 0 0 0 0 0 0 0 0 0 0 0 0 0 0 0 0 0 0 0 0 0 0 0 0 0 0 0 0 0 0 0 0 0 0 0 0 0 0 0 0 0 0 0 0 0 0 0 0 0 0 0 0 0 0 0 0 0 0 0 0 0
ctxt 4922721631
btime 1790630938
processes 412542
procs_running 2
procs_blocked 0
softirq 4523844788 73526 10583598 2753090 119148363 386667 0 13559258 47379380 421 34993189
