Running 10s test @ http://127.0.0.1:18500/api/usleep?ms=10
  16 threads and 32 connections
  Thread Stats   Avg      Stdev     Max   +/- Stdev
    Latency   168.21ms   89.27ms 392.84ms   68.25%
    Req/Sec    12.66      8.44    90.00     92.84%
  Latency Distribution
     50%  189.40ms
     75%  221.14ms
     90%  262.72ms
     99%  316.55ms
  1889 requests in 10.01s, 344.96KB read
Requests/sec:    188.63
Transfer/sec:     34.45KB
## server-stat
cpu  3135676 1321 1557822 37823731 82229 0 771259 0 0 0
cpu0 116802 25 43693 1185086 1507 0 24028 0 0 0
cpu1 121647 29 45131 1183487 1457 0 24308 0 0 0
cpu2 122983 28 45340 1182800 1094 0 24506 0 0 0
cpu3 166124 27 61892 1107147 1652 0 39075 0 0 0
cpu4 173093 29 61648 1102359 1139 0 39097 0 0 0
cpu5 129766 29 47257 1173382 1130 0 25567 0 0 0
cpu6 130494 27 47544 1172641 908 0 26282 0 0 0
cpu7 137780 23 51113 1159266 790 0 29161 0 0 0
cpu8 39949 46 41580 1239871 2903 0 13209 0 0 0
cpu9 46075 51 45258 1217195 5218 0 14303 0 0 0
cpu10 43919 50 43714 1224915 3204 0 14144 0 0 0
cpu11 40360 45 40086 1243102 2265 0 12711 0 0 0
cpu12 75069 125 48619 1182500 6521 0 15424 0 0 0
cpu13 72371 56 49455 1182099 6737 0 15751 0 0 0
cpu14 40060 44 39468 1246329 2310 0 12436 0 0 0
cpu15 37378 47 36216 1259149 2286 0 11297 0 0 0
cpu16 157862 23 55305 1130662 1198 0 32992 0 0 0
cpu17 147902 22 53495 1142616 2197 0 31454 0 0 0
cpu18 142460 22 52425 1151359 1037 0 30723 0 0 0
cpu19 211613 22 73092 1042381 1279 0 48718 0 0 0
cpu20 197681 21 69958 1061782 1445 0 46662 0 0 0
cpu21 137490 25 51238 1157012 1820 0 29890 0 0 0
cpu22 130036 28 49480 1167767 1249 0 28201 0 0 0
cpu23 113861 27 43919 1195470 1342 0 23517 0 0 0
cpu24 43225 49 40876 1242195 2787 0 13414 0 0 0
cpu25 48282 53 45642 1219307 4166 0 15833 0 0 0
cpu26 46284 49 44556 1225171 3506 0 15393 0 0 0
cpu27 39105 36 39636 1234129 2850 0 21289 0 0 0
cpu28 71165 73 52828 1166882 5150 0 28326 0 0 0
cpu29 74450 111 54756 1156041 6176 0 28840 0 0 0
cpu30 38593 32 41156 1227234 2666 0 21265 0 0 0
cpu31 41783 35 41432 1242376 2223 0 13428 0 0 0
intr 3118062991 126 0 0 0 0 0 0 0 0 1 0 0 0 0 0 0 0 0 0 0 0 0 0 0 0 0 0 1 1 1 0 0 0 0 1 0 1 0 0 75045 0 0 0 0 0 0 0 0 411 0 0 0 0 0 0 0 0 87 0 0 0 0 0 0 0 0 0 0 0 0 0 0 0 364951 2 35041572 34983956 34903407 35041454 0 11462 3764 4444 3237 4045 4071 3466 4110 2849 16542 25863 16317 12614 21039 21926 14717 10770 4132 3596 3024 3545 3610 4131 3467 2820 13812 13946 11637 10716 13830 13122 9475 11270 0 0 0 0 616937 4182 1036 0 264 0 0 0 0 0 0 0 0 0 0 0 0 0 0 0 0 0 0 0 0 0 0 0 0 0 0 0 0 0 0 0 0 0 0 0 0 0 0 0 0 0 0 0 0 0 0 0 0 0 0 0 0 0 0 0 0 0 0 0 0 0 0 0 0 0 0 0 0 0 0 0 0 0 0 0 0 0 0 0 0 0 0 0 0 0 0 0 0 0 0 0 0 0 0 0 0 0 0 0 0 0 0 0 0 0 0 0 0 0 0 0 0 0 0 0 0 0 0 0 0 0 0 0 0 0 0 0 0 0 0 0 0 0 0 0 0 0 0 0 0 0 0 0 0 0 0 0 0 0 0 0 0 0 0 0 0 0 0 0 0 0 0 0 0 0 0 0 0 0 0 0 0 0 0 0 0 0 0 0 0 0 0 0 0 0 0 0 0 0 0 0 0 0 0 0 0 0 0 0 0 0 0 0 0 0 0 0 0 0 0 0 0 0 0 0 0 0 0 0 0 0 0 0 0 0 0 0 0 0 0 0 0 0 0 0 0 0 0 0 0 0 0 0 0 0 0 0 0 0 0 0 0 0 0 0 0 0 0 0 0 0 0 0 0 0 0 0 0 0 0 0 0 0 0 0 0 0 0 0 0 0 0 0 0 0 0 0 0 0 0 0 0 0 0 0 0 0 0 0 0 0 0 0 0 0 0 0 0 0 0 0 0 0 0 0 0 0 0 0 0 0 0 0 0 0 0 0 0 0 0 0 0 0 0 0 0 0 0 0 0 0 0 0 0 0 0 0 0 0 0 0 0 0 0 0 0 0 0 0 0 0 0 0 0 0 0 0 0 0 0 0 0 0 0 0 0 0 0 0 0 0 0 0 0 0 0 0 0 0 0 0 0 0 0 0 0 0 0 0 0 0 0 0 0 0 0 0 0 0 0 0 0 0 0 0 0 0 0 0 0 0 0 0 0 0 0 0 0 0 0 0 0 0 0 0 0 0 0 0 0 0 0 0 0 0 0 0 0 0 0 0 0 0 0 0 0 0 0 0 0 0 0 0 0 0 0 0 0 0 0 0 0 0 0 0 0 0 0 0 0 0 0 0 0 0 0 0 0 0 0 0 0 0 0 0 0 0 0 0 0 0 0 0 0 0 0 0 0 0 0 0 0 0 0 0 0 0 0 0 0 0 0 0 0 0 0 0 0 0 0 0 0 0 0 0 0 0 0 0 0 0 0 0 0 0 0 0 0 0 0 0 0 0 0 0 0 0 0 0 0 0 0 0 0 0 0 0 0 0 0 0 0 0 0 0 0 0 0 0 0 0 0 0 0 0 0 0 0 0 0 0 0 0 0 0 0 0 0 0 0 0 0 0 0 0 0 0 0 0 0 0 0 0 0 0 0 0 0 0 0 0 0 0 0 0 0 0 0 0 0 0 0 0 0 0 0 0 0 0 0 0 0 0 0 0 0 0 0 0 0 0 0 0 0 0 0 0 0 0 0 0 0 0 0 0 0 0 0 0 0 0 0 0 0 0 0 0 0 0 0 0 0 0 0 0 0 0 0 0 0 0 0 0 0 0 0 0 0 0 0 0 0 0 0 0 0 0 0 0 0 0 0 0 0 0 0 0 0 0 0 0 0 0 0 0 0 0 0 0 0 0 0 0 0 0 0 0 0 0 0 0 0 0 0 0 0 0 0 0 0 0 0 0 0 0 0 0 0 0 0 0 0 0 0 0 0 0 0 0 0 0 0 0 0 0 0 0 0 0 0 0 0 0 0 0 0 0 0 0 0 0 0 0 0 0 0 0 0 0 0 0 0 0 0 0 0 0 0 0 0 0 0 0 0 0 0 0 0 0 0 0 0 0 0 0 0 0 0 0 0 0 0 0 0 0 0 0 0 0 0 0 0 0 0 0 0 0 0 0 0 0 0 0 0 0 0 0 0 0 0 0 0 0 0 0 0 0 0 0 0 0 0 0 0 0 0 0 0 0 0 0 0 0 0 0 0 0 0 0 0 0 0 0 0 0 0 0 0 0 0 0 0 0 0 0 0 0 0 0 0 0 0 0 0 0 0 0 0 0 0 0 0 0 0 0 0 0 0 0 0 0 0 0 0 0 0 0 0 0 0 0 0 0 0 0 0 0 0 0 0 0 0 0 0 0 0 0 0 0 0 0 0 0 0 0 0 0 0 0 0 0 0 0 0 0 0 0 0 0 0 0 0 0 0 0 0 0 0 0 0 0 0 0 0 0 0 0 0 0 0 0 0 0 0 0 0 0 0 0 0 0 0 0 0 0 0 0 0 0 0 0 0 0 0 0 0 0 0 0 0 0 0 0 0 0 0 0 0 0 0 0 0 0 0 0 0 0 0 0 0 0 0 0 0 0 0 0 0 0 0 0 0 0 0 0 0 0 0 0 0 0 0 0 0 0 0 0 0 0 0 0 0 0 0 0 0 0 0 0 0 0 0 0 0 0 0 0 0 0 0 0 0
ctxt 4918779073
btime 1790630938
processes 389757
procs_running 1
procs_blocked 0
softirq 4522761687 73526 10495364 2753090 118728508 382029 0 13559233 47173598 421 34628622
--
cpu  3135793 1322 1557837 37849128 82258 0 771259 0 0 0
cpu0 116805 25 43693 1185880 1507 0 24028 0 0 0
cpu1 121647 29 45131 1184286 1457 0 24308 0 0 0
cpu2 122983 28 45340 1183598 1094 0 24506 0 0 0
cpu3 166153 27 61895 1107912 1652 0 39075 0 0 0
cpu4 173124 29 61651 1103121 1139 0 39097 0 0 0
cpu5 129766 29 47257 1174181 1130 0 25567 0 0 0
cpu6 130494 27 47544 1173428 920 0 26282 0 0 0
cpu7 137781 23 51113 1160065 790 0 29161 0 0 0
cpu8 39950 46 41580 1240669 2903 0 13209 0 0 0
cpu9 46077 51 45258 1217986 5223 0 14303 0 0 0
cpu10 43919 50 43714 1225703 3214 0 14144 0 0 0
cpu11 40360 45 40086 1243901 2265 0 12711 0 0 0
cpu12 75087 125 48621 1183278 6521 0 15424 0 0 0
cpu13 72396 56 49458 1182869 6737 0 15751 0 0 0
cpu14 40062 44 39468 1247126 2310 0 12436 0 0 0
cpu15 37379 47 36216 1259948 2287 0 11297 0 0 0
cpu16 157862 23 55305 1131461 1198 0 32992 0 0 0
cpu17 147903 22 53495 1143415 2197 0 31454 0 0 0
cpu18 142460 22 52425 1152157 1038 0 30723 0 0 0
cpu19 211614 22 73092 1043177 1279 0 48718 0 0 0
cpu20 197681 21 69958 1062581 1445 0 46662 0 0 0
cpu21 137490 25 51239 1157811 1820 0 29890 0 0 0
cpu22 130036 28 49480 1168565 1249 0 28201 0 0 0
cpu23 113861 27 43919 1196269 1342 0 23517 0 0 0
cpu24 43225 49 40876 1242994 2787 0 13414 0 0 0
cpu25 48282 53 45642 1220106 4166 0 15833 0 0 0
cpu26 46284 49 44556 1225969 3506 0 15393 0 0 0
cpu27 39105 36 39637 1234928 2850 0 21289 0 0 0
cpu28 71165 73 52828 1167680 5151 0 28326 0 0 0
cpu29 74450 111 54757 1156838 6176 0 28840 0 0 0
cpu30 38593 32 41157 1228033 2667 0 21265 0 0 0
cpu31 41783 35 41432 1243175 2223 0 13428 0 0 0
intr 3118176772 126 0 0 0 0 0 0 0 0 1 0 0 0 0 0 0 0 0 0 0 0 0 0 0 0 0 0 1 1 1 0 0 0 0 1 0 1 0 0 75045 0 0 0 0 0 0 0 0 411 0 0 0 0 0 0 0 0 87 0 0 0 0 0 0 0 0 0 0 0 0 0 0 0 365213 2 35041629 34983982 34903483 35041502 0 11466 3764 4444 3237 4045 4071 3466 4110 2849 16542 25863 16317 12614 21039 21926 14717 10774 4132 3600 3024 3546 3610 4131 3467 2820 13812 13946 11637 10716 13831 13122 9475 11270 0 0 0 0 616939 4182 1036 0 264 0 0 0 0 0 0 0 0 0 0 0 0 0 0 0 0 0 0 0 0 0 0 0 0 0 0 0 0 0 0 0 0 0 0 0 0 0 0 0 0 0 0 0 0 0 0 0 0 0 0 0 0 0 0 0 0 0 0 0 0 0 0 0 0 0 0 0 0 0 0 0 0 0 0 0 0 0 0 0 0 0 0 0 0 0 0 0 0 0 0 0 0 0 0 0 0 0 0 0 0 0 0 0 0 0 0 0 0 0 0 0 0 0 0 0 0 0 0 0 0 0 0 0 0 0 0 0 0 0 0 0 0 0 0 0 0 0 0 0 0 0 0 0 0 0 0 0 0 0 0 0 0 0 0 0 0 0 0 0 0 0 0 0 0 0 0 0 0 0 0 0 0 0 0 0 0 0 0 0 0 0 0 0 0 0 0 0 0 0 0 0 0 0 0 0 0 0 0 0 0 0 0 0 0 0 0 0 0 0 0 0 0 0 0 0 0 0 0 0 0 0 0 0 0 0 0 0 0 0 0 0 0 0 0 0 0 0 0 0 0 0 0 0 0 0 0 0 0 0 0 0 0 0 0 0 0 0 0 0 0 0 0 0 0 0 0 0 0 0 0 0 0 0 0 0 0 0 0 0 0 0 0 0 0 0 0 0 0 0 0 0 0 0 0 0 0 0 0 0 0 0 0 0 0 0 0 0 0 0 0 0 0 0 0 0 0 0 0 0 0 0 0 0 0 0 0 0 0 0 0 0 0 0 0 0 0 0 0 0 0 0 0 0 0 0 0 0 0 0 0 0 0 0 0 0 0 0 0 0 0 0 0 0 0 0 0 0 0 0 0 0 0 0 0 0 0 0 0 0 0 0 0 0 0 0 0 0 0 0 0 0 0 0 0 0 0 0 0 0 0 0 0 0 0 0 0 0 0 0 0 0 0 0 0 0 0 0 0 0 0 0 0 0 0 0 0 0 0 0 0 0 0 0 0 0 0 0 0 0 0 0 0 0 0 0 0 0 0 0 0 0 0 0 0 0 0 0 0 0 0 0 0 0 0 0 0 0 0 0 0 0 0 0 0 0 0 0 0 0 0 0 0 0 0 0 0 0 0 0 0 0 0 0 0 0 0 0 0 0 0 0 0 0 0 0 0 0 0 0 0 0 0 0 0 0 0 0 0 0 0 0 0 0 0 0 0 0 0 0 0 0 0 0 0 0 0 0 0 0 0 0 0 0 0 0 0 0 0 0 0 0 0 0 0 0 0 0 0 0 0 0 0 0 0 0 0 0 0 0 0 0 0 0 0 0 0 0 0 0 0 0 0 0 0 0 0 0 0 0 0 0 0 0 0 0 0 0 0 0 0 0 0 0 0 0 0 0 0 0 0 0 0 0 0 0 0 0 0 0 0 0 0 0 0 0 0 0 0 0 0 0 0 0 0 0 0 0 0 0 0 0 0 0 0 0 0 0 0 0 0 0 0 0 0 0 0 0 0 0 0 0 0 0 0 0 0 0 0 0 0 0 0 0 0 0 0 0 0 0 0 0 0 0 0 0 0 0 0 0 0 0 0 0 0 0 0 0 0 0 0 0 0 0 0 0 0 0 0 0 0 0 0 0 0 0 0 0 0 0 0 0 0 0 0 0 0 0 0 0 0 0 0 0 0 0 0 0 0 0 0 0 0 0 0 0 0 0 0 0 0 0 0 0 0 0 0 0 0 0 0 0 0 0 0 0 0 0 0 0 0 0 0 0 0 0 0 0 0 0 0 0 0 0 0 0 0 0 0 0 0 0 0 0 0 0 0 0 0 0 0 0 0 0 0 0 0 0 0 0 0 0 0 0 0 0 0 0 0 0 0 0 0 0 0 0 0 0 0 0 0 0 0 0 0 0 0 0 0 0 0 0 0 0 0 0 0 0 0 0 0 0 0 0 0 0 0 0 0 0 0 0 0 0 0 0 0 0 0 0 0 0 0 0 0 0 0 0 0 0 0 0 0 0 0 0 0 0 0 0 0 0 0 0 0 0 0 0 0 0 0 0 0 0 0 0 0 0 0 0 0 0 0 0 0 0 0 0 0 0 0 0 0 0 0 0 0 0 0 0 0 0 0 0 0 0 0 0 0 0 0 0 0 0 0 0 0 0 0 0 0 0 0 0 0 0 0 0 0 0 0 0 0 0 0 0 0 0 0 0 0 0 0 0 0 0 0 0 0 0 0 0 0 0 0 0 0 0 0 0 0 0 0 0 0 0 0 0 0 0 0 0 0 0 0 0 0 0 0 0 0 0 0 0 0 0 0 0 0 0 0 0 0 0 0 0 0 0 0 0 0 0 0 0 0 0 0 0 0 0 0 0 0 0 0 0 0 0 0 0 0 0 0 0 0 0 0 0 0 0 0 0 0 0 0 0 0 0 0 0 0 0 0 0 0 0 0 0 0 0 0 0 0 0 0 0 0 0 0 0 0 0 0 0 0 0 0 0 0 0 0 0 0
ctxt 4918918455
btime 1790630938
processes 389943
procs_running 1
procs_blocked 0
softirq 4522787580 73526 10500085 2753090 118731983 382300 0 13559235 47182469 421 34637175
