Running 10s test @ http://127.0.0.1:18500/counter
  16 threads and 32 connections
  Thread Stats   Avg      Stdev     Max   +/- Stdev
    Latency    24.03ms   14.32ms 104.47ms   82.33%
    Req/Sec    87.66     26.37   313.00     77.30%
  Latency Distribution
     50%   22.48ms
     75%   27.01ms
     90%   39.73ms
     99%   79.81ms
  14077 requests in 10.10s, 14.51MB read
Requests/sec:   1393.81
Transfer/sec:      1.44MB
## server-stat
cpu  3134532 1320 1557615 37785013 80129 0 771235 0 0 0
cpu0 116742 25 43683 1183871 1481 0 24014 0 0 0
cpu1 121634 29 45128 1182213 1429 0 24307 0 0 0
cpu2 122967 28 45337 1181514 1079 0 24505 0 0 0
cpu3 166009 27 61876 1105971 1644 0 39074 0 0 0
cpu4 172885 29 61619 1101292 1128 0 39095 0 0 0
cpu5 129761 29 47255 1172094 1105 0 25567 0 0 0
cpu6 130491 27 47542 1171347 887 0 26282 0 0 0
cpu7 137776 23 51111 1157977 765 0 29161 0 0 0
cpu8 39946 46 41577 1238638 2824 0 13209 0 0 0
cpu9 46072 51 45255 1215998 5101 0 14303 0 0 0
cpu10 43917 50 43712 1223784 3022 0 14144 0 0 0
cpu11 40359 45 40084 1241886 2165 0 12711 0 0 0
cpu12 75044 125 48614 1181293 6442 0 15424 0 0 0
cpu13 72348 56 49451 1180910 6639 0 15751 0 0 0
cpu14 40059 44 39466 1245088 2235 0 12436 0 0 0
cpu15 37377 46 36214 1257925 2195 0 11297 0 0 0
cpu16 157855 23 55303 1129389 1161 0 32992 0 0 0
cpu17 147900 22 53494 1141329 2168 0 31454 0 0 0
cpu18 142460 22 52424 1150073 1005 0 30723 0 0 0
cpu19 211115 22 73022 1041643 1276 0 48714 0 0 0
cpu20 197592 21 69943 1060613 1397 0 46661 0 0 0
cpu21 137489 25 51236 1155766 1750 0 29890 0 0 0
cpu22 130032 28 49478 1166515 1187 0 28201 0 0 0
cpu23 113861 27 43917 1194189 1306 0 23517 0 0 0
cpu24 43224 49 40873 1240971 2696 0 13414 0 0 0
cpu25 48277 53 45640 1218119 4047 0 15833 0 0 0
cpu26 46280 49 44553 1223983 3381 0 15393 0 0 0
cpu27 39103 36 39635 1232923 2742 0 21289 0 0 0
cpu28 71148 73 52825 1165683 5053 0 28326 0 0 0
cpu29 74421 111 54751 1154877 6056 0 28840 0 0 0
cpu30 38591 32 41155 1225990 2595 0 21265 0 0 0
cpu31 41782 35 41430 1241129 2154 0 13428 0 0 0
intr 3117758021 126 0 0 0 0 0 0 0 0 1 0 0 0 0 0 0 0 0 0 0 0 0 0 0 0 0 0 1 1 1 0 0 0 0 1 0 1 0 0 75045 0 0 0 0 0 0 0 0 411 0 0 0 0 0 0 0 0 87 0 0 0 0 0 0 0 0 0 0 0 0 0 0 0 364294 2 35041486 34983887 34903322 35041404 0 11449 3638 4322 3161 4025 4041 3366 4029 2735 15999 25217 15432 12075 20428 21261 14186 10200 3957 3462 2828 3528 3434 3699 3104 2586 13285 13054 10636 9977 13237 12273 9100 10887 0 0 0 0 616937 4179 1036 0 264 0 0 0 0 0 0 0 0 0 0 0 0 0 0 0 0 0 0 0 0 0 0 0 0 0 0 0 0 0 0 0 0 0 0 0 0 0 0 0 0 0 0 0 0 0 0 0 0 0 0 0 0 0 0 0 0 0 0 0 0 0 0 0 0 0 0 0 0 0 0 0 0 0 0 0 0 0 0 0 0 0 0 0 0 0 0 0 0 0 0 0 0 0 0 0 0 0 0 0 0 0 0 0 0 0 0 0 0 0 0 0 0 0 0 0 0 0 0 0 0 0 0 0 0 0 0 0 0 0 0 0 0 0 0 0 0 0 0 0 0 0 0 0 0 0 0 0 0 0 0 0 0 0 0 0 0 0 0 0 0 0 0 0 0 0 0 0 0 0 0 0 0 0 0 0 0 0 0 0 0 0 0 0 0 0 0 0 0 0 0 0 0 0 0 0 0 0 0 0 0 0 0 0 0 0 0 0 0 0 0 0 0 0 0 0 0 0 0 0 0 0 0 0 0 0 0 0 0 0 0 0 0 0 0 0 0 0 0 0 0 0 0 0 0 0 0 0 0 0 0 0 0 0 0 0 0 0 0 0 0 0 0 0 0 0 0 0 0 0 0 0 0 0 0 0 0 0 0 0 0 0 0 0 0 0 0 0 0 0 0 0 0 0 0 0 0 0 0 0 0 0 0 0 0 0 0 0 0 0 0 0 0 0 0 0 0 0 0 0 0 0 0 0 0 0 0 0 0 0 0 0 0 0 0 0 0 0 0 0 0 0 0 0 0 0 0 0 0 0 0 0 0 0 0 0 0 0 0 0 0 0 0 0 0 0 0 0 0 0 0 0 0 0 0 0 0 0 0 0 0 0 0 0 0 0 0 0 0 0 0 0 0 0 0 0 0 0 0 0 0 0 0 0 0 0 0 0 0 0 0 0 0 0 0 0 0 0 0 0 0 0 0 0 0 0 0 0 0 0 0 0 0 0 0 0 0 0 0 0 0 0 0 0 0 0 0 0 0 0 0 0 0 0 0 0 0 0 0 0 0 0 0 0 0 0 0 0 0 0 0 0 0 0 0 0 0 0 0 0 0 0 0 0 0 0 0 0 0 0 0 0 0 0 0 0 0 0 0 0 0 0 0 0 0 0 0 0 0 0 0 0 0 0 0 0 0 0 0 0 0 0 0 0 0 0 0 0 0 0 0 0 0 0 0 0 0 0 0 0 0 0 0 0 0 0 0 0 0 0 0 0 0 0 0 0 0 0 0 0 0 0 0 0 0 0 0 0 0 0 0 0 0 0 0 0 0 0 0 0 0 0 0 0 0 0 0 0 0 0 0 0 0 0 0 0 0 0 0 0 0 0 0 0 0 0 0 0 0 0 0 0 0 0 0 0 0 0 0 0 0 0 0 0 0 0 0 0 0 0 0 0 0 0 0 0 0 0 0 0 0 0 0 0 0 0 0 0 0 0 0 0 0 0 0 0 0 0 0 0 0 0 0 0 0 0 0 0 0 0 0 0 0 0 0 0 0 0 0 0 0 0 0 0 0 0 0 0 0 0 0 0 0 0 0 0 0 0 0 0 0 0 0 0 0 0 0 0 0 0 0 0 0 0 0 0 0 0 0 0 0 0 0 0 0 0 0 0 0 0 0 0 0 0 0 0 0 0 0 0 0 0 0 0 0 0 0 0 0 0 0 0 0 0 0 0 0 0 0 0 0 0 0 0 0 0 0 0 0 0 0 0 0 0 0 0 0 0 0 0 0 0 0 0 0 0 0 0 0 0 0 0 0 0 0 0 0 0 0 0 0 0 0 0 0 0 0 0 0 0 0 0 0 0 0 0 0 0 0 0 0 0 0 0 0 0 0 0 0 0 0 0 0 0 0 0 0 0 0 0 0 0 0 0 0 0 0 0 0 0 0 0 0 0 0 0 0 0 0 0 0 0 0 0 0 0 0 0 0 0 0 0 0 0 0 0 0 0 0 0 0 0 0 0 0 0 0 0 0 0 0 0 0 0 0 0 0 0 0 0 0 0 0 0 0 0 0 0 0 0 0 0 0 0 0 0 0 0 0 0 0 0 0 0 0 0 0 0 0 0 0 0 0 0 0 0 0 0 0 0 0 0 0 0 0 0 0 0 0 0 0 0 0 0 0 0 0 0 0 0 0 0 0 0 0 0 0 0 0 0 0 0 0 0 0 0 0 0 0 0 0 0 0 0 0 0 0 0 0 0 0 0 0 0 0 0 0 0 0 0 0 0 0 0 0 0 0 0 0 0 0 0 0 0 0 0 0 0 0 0 0 0 0 0 0 0 0 0 0 0 0 0 0 0 0 0 0 0 0 0 0 0 0 0 0 0 0 0 0 0 0 0 0 0 0 0 0 0 0 0 0 0 0 0 0 0 0 0 0 0 0 0 0 0 0 0 0 0 0 0 0 0 0 0 0 0 0 0 0 0 0 0 0 0 0 0 0 0 0 0 0 0 0
ctxt 4918341371
btime 1790630938
processes 389529
procs_running 3
procs_blocked 0
softirq 4522678379 73526 10485975 2753086 118698977 381357 0 13559223 47149690 421 34608828
--
cpu  3135455 1321 1557772 37807588 81976 0 771253 0 0 0
cpu0 116794 25 43691 1184577 1507 0 24026 0 0 0
cpu1 121644 29 45130 1182972 1455 0 24308 0 0 0
cpu2 122980 28 45340 1182282 1094 0 24505 0 0 0
cpu3 166092 27 61888 1106665 1652 0 39074 0 0 0
cpu4 173066 29 61645 1101869 1139 0 39097 0 0 0
cpu5 129763 29 47256 1172865 1130 0 25567 0 0 0
cpu6 130493 27 47543 1172123 907 0 26282 0 0 0
cpu7 137780 23 51112 1158747 789 0 29161 0 0 0
cpu8 39947 46 41578 1239371 2887 0 13209 0 0 0
cpu9 46073 51 45257 1216688 5206 0 14303 0 0 0
cpu10 43918 50 43713 1224451 3149 0 14144 0 0 0
cpu11 40359 45 40085 1242601 2246 0 12711 0 0 0
cpu12 75058 125 48617 1182001 6514 0 15424 0 0 0
cpu13 72352 56 49453 1181612 6726 0 15751 0 0 0
cpu14 40059 44 39467 1245812 2308 0 12436 0 0 0
cpu15 37377 47 36215 1258640 2277 0 11297 0 0 0
cpu16 157860 23 55304 1130147 1195 0 32992 0 0 0
cpu17 147902 22 53494 1142098 2195 0 31454 0 0 0
cpu18 142460 22 52424 1150839 1037 0 30723 0 0 0
cpu19 211549 22 73083 1041937 1278 0 48717 0 0 0
cpu20 197672 21 69956 1061275 1440 0 46662 0 0 0
cpu21 137490 25 51237 1156503 1810 0 29890 0 0 0
cpu22 130035 28 49479 1167250 1247 0 28201 0 0 0
cpu23 113861 27 43918 1194953 1339 0 23517 0 0 0
cpu24 43224 49 40875 1241689 2775 0 13414 0 0 0
cpu25 48278 53 45640 1218808 4151 0 15833 0 0 0
cpu26 46281 49 44555 1224668 3492 0 15393 0 0 0
cpu27 39103 36 39636 1233621 2840 0 21289 0 0 0
cpu28 71154 73 52826 1166386 5138 0 28326 0 0 0
cpu29 74446 111 54755 1155538 6164 0 28840 0 0 0
cpu30 38592 32 41155 1226719 2662 0 21265 0 0 0
cpu31 41782 35 41431 1241867 2213 0 13428 0 0 0
intr 3117965304 126 0 0 0 0 0 0 0 0 1 0 0 0 0 0 0 0 0 0 0 0 0 0 0 0 0 0 1 1 1 0 0 0 0 1 0 1 0 0 75045 0 0 0 0 0 0 0 0 411 0 0 0 0 0 0 0 0 87 0 0 0 0 0 0 0 0 0 0 0 0 0 0 0 364612 2 35041518 34983913 34903349 35041427 0 11457 3761 4419 3235 4045 4070 3466 4097 2846 16392 25801 16215 12470 21031 21851 14681 10718 4106 3586 3014 3543 3588 4039 3449 2791 13712 13678 11529 10642 13736 13031 9460 11211 0 0 0 0 616937 4179 1036 0 264 0 0 0 0 0 0 0 0 0 0 0 0 0 0 0 0 0 0 0 0 0 0 0 0 0 0 0 0 0 0 0 0 0 0 0 0 0 0 0 0 0 0 0 0 0 0 0 0 0 0 0 0 0 0 0 0 0 0 0 0 0 0 0 0 0 0 0 0 0 0 0 0 0 0 0 0 0 0 0 0 0 0 0 0 0 0 0 0 0 0 0 0 0 0 0 0 0 0 0 0 0 0 0 0 0 0 0 0 0 0 0 0 0 0 0 0 0 0 0 0 0 0 0 0 0 0 0 0 0 0 0 0 0 0 0 0 0 0 0 0 0 0 0 0 0 0 0 0 0 0 0 0 0 0 0 0 0 0 0 0 0 0 0 0 0 0 0 0 0 0 0 0 0 0 0 0 0 0 0 0 0 0 0 0 0 0 0 0 0 0 0 0 0 0 0 0 0 0 0 0 0 0 0 0 0 0 0 0 0 0 0 0 0 0 0 0 0 0 0 0 0 0 0 0 0 0 0 0 0 0 0 0 0 0 0 0 0 0 0 0 0 0 0 0 0 0 0 0 0 0 0 0 0 0 0 0 0 0 0 0 0 0 0 0 0 0 0 0 0 0 0 0 0 0 0 0 0 0 0 0 0 0 0 0 0 0 0 0 0 0 0 0 0 0 0 0 0 0 0 0 0 0 0 0 0 0 0 0 0 0 0 0 0 0 0 0 0 0 0 0 0 0 0 0 0 0 0 0 0 0 0 0 0 0 0 0 0 0 0 0 0 0 0 0 0 0 0 0 0 0 0 0 0 0 0 0 0 0 0 0 0 0 0 0 0 0 0 0 0 0 0 0 0 0 0 0 0 0 0 0 0 0 0 0 0 0 0 0 0 0 0 0 0 0 0 0 0 0 0 0 0 0 0 0 0 0 0 0 0 0 0 0 0 0 0 0 0 0 0 0 0 0 0 0 0 0 0 0 0 0 0 0 0 0 0 0 0 0 0 0 0 0 0 0 0 0 0 0 0 0 0 0 0 0 0 0 0 0 0 0 0 0 0 0 0 0 0 0 0 0 0 0 0 0 0 0 0 0 0 0 0 0 0 0 0 0 0 0 0 0 0 0 0 0 0 0 0 0 0 0 0 0 0 0 0 0 0 0 0 0 0 0 0 0 0 0 0 0 0 0 0 0 0 0 0 0 0 0 0 0 0 0 0 0 0 0 0 0 0 0 0 0 0 0 0 0 0 0 0 0 0 0 0 0 0 0 0 0 0 0 0 0 0 0 0 0 0 0 0 0 0 0 0 0 0 0 0 0 0 0 0 0 0 0 0 0 0 0 0 0 0 0 0 0 0 0 0 0 0 0 0 0 0 0 0 0 0 0 0 0 0 0 0 0 0 0 0 0 0 0 0 0 0 0 0 0 0 0 0 0 0 0 0 0 0 0 0 0 0 0 0 0 0 0 0 0 0 0 0 0 0 0 0 0 0 0 0 0 0 0 0 0 0 0 0 0 0 0 0 0 0 0 0 0 0 0 0 0 0 0 0 0 0 0 0 0 0 0 0 0 0 0 0 0 0 0 0 0 0 0 0 0 0 0 0 0 0 0 0 0 0 0 0 0 0 0 0 0 0 0 0 0 0 0 0 0 0 0 0 0 0 0 0 0 0 0 0 0 0 0 0 0 0 0 0 0 0 0 0 0 0 0 0 0 0 0 0 0 0 0 0 0 0 0 0 0 0 0 0 0 0 0 0 0 0 0 0 0 0 0 0 0 0 0 0 0 0 0 0 0 0 0 0 0 0 0 0 0 0 0 0 0 0 0 0 0 0 0 0 0 0 0 0 0 0 0 0 0 0 0 0 0 0 0 0 0 0 0 0 0 0 0 0 0 0 0 0 0 0 0 0 0 0 0 0 0 0 0 0 0 0 0 0 0 0 0 0 0 0 0 0 0 0 0 0 0 0 0 0 0 0 0 0 0 0 0 0 0 0 0 0 0 0 0 0 0 0 0 0 0 0 0 0 0 0 0 0 0 0 0 0 0 0 0 0 0 0 0 0 0 0 0 0 0 0 0 0 0 0 0 0 0 0 0 0 0 0 0 0 0 0 0 0 0 0 0 0 0 0 0 0 0 0 0 0 0 0 0 0 0 0 0 0 0 0 0 0 0 0 0 0 0 0 0 0 0 0 0 0 0 0 0 0 0 0 0 0 0 0 0 0 0 0 0 0 0 0 0 0 0 0 0 0 0 0 0 0 0 0 0 0 0 0 0 0 0 0 0 0 0 0 0 0 0 0 0 0 0 0 0 0 0 0 0 0 0 0 0 0 0 0 0 0 0 0 0 0 0 0 0 0 0 0 0 0 0 0 0 0 0 0 0 0 0 0 0 0 0 0 0 0 0 0 0 0 0 0 0 0 0 0 0 0 0 0 0 0 0 0 0 0 0 0 0 0 0 0 0 0 0 0 0 0 0 0 0 0 0 0 0 0 0
ctxt 4918654622
btime 1790630938
processes 389594
procs_running 3
procs_blocked 1
softirq 4522737370 73526 10492021 2753086 118723048 381682 0 13559223 47165671 421 34621396
