Running 10s test @ http://127.0.0.1:18500/api/json
  16 threads and 32 connections
  Thread Stats   Avg      Stdev     Max   +/- Stdev
    Latency    31.79ms   45.54ms 184.49ms   83.57%
    Req/Sec   169.84    124.56   370.00     45.03%
  Latency Distribution
     50%    6.52ms
     75%   30.10ms
     90%  115.45ms
     99%  170.58ms
  24345 requests in 10.01s, 4.88MB read
Requests/sec:   2432.00
Transfer/sec:    498.75KB
## server-stat
cpu  3142169 1331 1559123 38129371 86600 0 771378 0 0 0
cpu0 116915 25 43721 1194804 1540 0 24058 0 0 0
cpu1 121703 29 45156 1193273 1525 0 24313 0 0 0
cpu2 123015 28 45363 1192602 1175 0 24507 0 0 0
cpu3 167108 27 62003 1115931 1670 0 39086 0 0 0
cpu4 173931 30 61748 1111323 1168 0 39105 0 0 0
cpu5 129787 29 47277 1183215 1195 0 25568 0 0 0
cpu6 130517 27 47562 1182434 1015 0 26282 0 0 0
cpu7 137792 24 51129 1169137 836 0 29161 0 0 0
cpu8 39971 46 41606 1249605 3056 0 13210 0 0 0
cpu9 46104 51 45281 1226910 5376 0 14304 0 0 0
cpu10 43944 51 43737 1234602 3398 0 14145 0 0 0
cpu11 40376 46 40103 1252852 2412 0 12711 0 0 0
cpu12 75311 125 48654 1191874 6789 0 15426 0 0 0
cpu13 72546 57 49495 1191583 6955 0 15752 0 0 0
cpu14 40082 45 39490 1256083 2448 0 12436 0 0 0
cpu15 37394 47 36245 1268919 2412 0 11297 0 0 0
cpu16 157909 23 55329 1140413 1319 0 32993 0 0 0
cpu17 147923 22 53518 1152388 2321 0 31455 0 0 0
cpu18 142476 22 52442 1161152 1150 0 30723 0 0 0
cpu19 213697 22 73327 1049928 1311 0 48747 0 0 0
cpu20 198976 22 70098 1070160 1560 0 46680 0 0 0
cpu21 137511 25 51265 1166770 1954 0 29890 0 0 0
cpu22 130053 28 49505 1177551 1366 0 28202 0 0 0
cpu23 113875 27 43943 1205302 1418 0 23517 0 0 0
cpu24 43243 49 40900 1251883 2995 0 13414 0 0 0
cpu25 48306 53 45669 1228932 4425 0 15834 0 0 0
cpu26 46304 49 44585 1234844 3720 0 15394 0 0 0
cpu27 39123 36 39665 1243784 3089 0 21289 0 0 0
cpu28 71317 74 52870 1176358 5404 0 28328 0 0 0
cpu29 74539 111 54785 1165634 6396 0 28841 0 0 0
cpu30 38606 33 41181 1236973 2829 0 21266 0 0 0
cpu31 41798 35 41457 1252138 2357 0 13428 0 0 0
intr 3119879691 126 0 0 0 0 0 0 0 0 1 0 0 0 0 0 0 0 0 0 0 0 0 0 0 0 0 0 1 1 1 0 0 0 0 1 0 1 0 0 75045 0 0 0 0 0 0 0 0 411 0 0 0 0 0 0 0 0 87 0 0 0 0 0 0 0 0 0 0 0 0 0 0 0 368545 2 35041987 34984192 34903664 35041804 0 11542 3936 4667 3538 4106 4150 3738 4353 2995 17394 26753 17345 13247 21903 22893 15182 11341 4549 4144 3448 3605 3981 4689 3990 3158 14709 15147 12885 11871 15012 14627 10277 12198 0 0 0 0 616945 4192 1036 0 264 0 0 0 0 0 0 0 0 0 0 0 0 0 0 0 0 0 0 0 0 0 0 0 0 0 0 0 0 0 0 0 0 0 0 0 0 0 0 0 0 0 0 0 0 0 0 0 0 0 0 0 0 0 0 0 0 0 0 0 0 0 0 0 0 0 0 0 0 0 0 0 0 0 0 0 0 0 0 0 0 0 0 0 0 0 0 0 0 0 0 0 0 0 0 0 0 0 0 0 0 0 0 0 0 0 0 0 0 0 0 0 0 0 0 0 0 0 0 0 0 0 0 0 0 0 0 0 0 0 0 0 0 0 0 0 0 0 0 0 0 0 0 0 0 0 0 0 0 0 0 0 0 0 0 0 0 0 0 0 0 0 0 0 0 0 0 0 0 0 0 0 0 0 0 0 0 0 0 0 0 0 0 0 0 0 0 0 0 0 0 0 0 0 0 0 0 0 0 0 0 0 0 0 0 0 0 0 0 0 0 0 0 0 0 0 0 0 0 0 0 0 0 0 0 0 0 0 0 0 0 0 0 0 0 0 0 0 0 0 0 0 0 0 0 0 0 0 0 0 0 0 0 0 0 0 0 0 0 0 0 0 0 0 0 0 0 0 0 0 0 0 0 0 0 0 0 0 0 0 0 0 0 0 0 0 0 0 0 0 0 0 0 0 0 0 0 0 0 0 0 0 0 0 0 0 0 0 0 0 0 0 0 0 0 0 0 0 0 0 0 0 0 0 0 0 0 0 0 0 0 0 0 0 0 0 0 0 0 0 0 0 0 0 0 0 0 0 0 0 0 0 0 0 0 0 0 0 0 0 0 0 0 0 0 0 0 0 0 0 0 0 0 0 0 0 0 0 0 0 0 0 0 0 0 0 0 0 0 0 0 0 0 0 0 0 0 0 0 0 0 0 0 0 0 0 0 0 0 0 0 0 0 0 0 0 0 0 0 0 0 0 0 0 0 0 0 0 0 0 0 0 0 0 0 0 0 0 0 0 0 0 0 0 0 0 0 0 0 0 0 0 0 0 0 0 0 0 0 0 0 0 0 0 0 0 0 0 0 0 0 0 0 0 0 0 0 0 0 0 0 0 0 0 0 0 0 0 0 0 0 0 0 0 0 0 0 0 0 0 0 0 0 0 0 0 0 0 0 0 0 0 0 0 0 0 0 0 0 0 0 0 0 0 0 0 0 0 0 0 0 0 0 0 0 0 0 0 0 0 0 0 0 0 0 0 0 0 0 0 0 0 0 0 0 0 0 0 0 0 0 0 0 0 0 0 0 0 0 0 0 0 0 0 0 0 0 0 0 0 0 0 0 0 0 0 0 0 0 0 0 0 0 0 0 0 0 0 0 0 0 0 0 0 0 0 0 0 0 0 0 0 0 0 0 0 0 0 0 0 0 0 0 0 0 0 0 0 0 0 0 0 0 0 0 0 0 0 0 0 0 0 0 0 0 0 0 0 0 0 0 0 0 0 0 0 0 0 0 0 0 0 0 0 0 0 0 0 0 0 0 0 0 0 0 0 0 0 0 0 0 0 0 0 0 0 0 0 0 0 0 0 0 0 0 0 0 0 0 0 0 0 0 0 0 0 0 0 0 0 0 0 0 0 0 0 0 0 0 0 0 0 0 0 0 0 0 0 0 0 0 0 0 0 0 0 0 0 0 0 0 0 0 0 0 0 0 0 0 0 0 0 0 0 0 0 0 0 0 0 0 0 0 0 0 0 0 0 0 0 0 0 0 0 0 0 0 0 0 0 0 0 0 0 0 0 0 0 0 0 0 0 0 0 0 0 0 0 0 0 0 0 0 0 0 0 0 0 0 0 0 0 0 0 0 0 0 0 0 0 0 0 0 0 0 0 0 0 0 0 0 0 0 0 0 0 0 0 0 0 0 0 0 0 0 0 0 0 0 0 0 0 0 0 0 0 0 0 0 0 0 0 0 0 0 0 0 0 0 0 0 0 0 0 0 0 0 0 0 0 0 0 0 0 0 0 0 0 0 0 0 0 0 0 0 0 0 0 0 0 0 0 0 0 0 0 0 0 0 0 0 0 0 0 0 0 0 0 0 0 0 0 0 0 0 0 0 0 0 0 0 0 0 0 0 0 0 0 0 0 0 0 0 0 0 0 0 0 0 0 0 0 0 0 0 0 0 0 0 0 0 0 0 0 0 0 0 0 0 0 0 0 0 0 0 0 0 0 0 0 0 0 0 0 0 0 0 0 0 0 0 0 0 0 0 0 0 0 0 0 0 0 0 0 0 0 0 0 0 0 0 0 0 0 0 0 0 0 0 0 0 0 0 0 0 0 0 0 0 0 0 0 0 0 0 0 0 0 0 0 0 0 0 0 0 0 0 0 0 0 0 0 0 0 0 0 0 0 0 0 0 0 0 0 0 0 0 0 0 0 0 0 0 0 0 0 0 0 0 0 0 0 0 0 0 0 0 0 0 0 0 0 0 0 0 0 0 0 0 0 0 0 0
ctxt 4921151179
btime 1790630938
processes 401835
procs_running 3
procs_blocked 0
softirq 4523439274 73526 10548553 2753090 118988959 385748 0 13559258 47312051 421 34850372
--
cpu  3143735 1331 1559271 38153136 86613 0 771404 0 0 0
cpu0 116928 25 43724 1195576 1540 0 24072 0 0 0
cpu1 121711 29 45159 1194054 1525 0 24315 0 0 0
cpu2 123018 28 45364 1193392 1175 0 24510 0 0 0
cpu3 167498 27 62039 1116302 1670 0 39086 0 0 0
cpu4 174203 30 61775 1111823 1168 0 39106 0 0 0
cpu5 129791 29 47278 1184007 1195 0 25568 0 0 0
cpu6 130520 27 47563 1183226 1015 0 26282 0 0 0
cpu7 137796 24 51131 1169928 836 0 29161 0 0 0
cpu8 39972 46 41607 1250396 3056 0 13210 0 0 0
cpu9 46107 51 45281 1227702 5376 0 14305 0 0 0
cpu10 43945 51 43737 1235397 3398 0 14145 0 0 0
cpu11 40377 46 40103 1253648 2412 0 12711 0 0 0
cpu12 75317 125 48655 1192665 6789 0 15426 0 0 0
cpu13 72564 57 49497 1192359 6956 0 15752 0 0 0
cpu14 40083 45 39490 1256881 2448 0 12436 0 0 0
cpu15 37395 47 36245 1269716 2412 0 11297 0 0 0
cpu16 157922 23 55332 1141192 1319 0 32994 0 0 0
cpu17 147932 22 53520 1153172 2321 0 31455 0 0 0
cpu18 142481 22 52444 1161943 1150 0 30724 0 0 0
cpu19 214008 22 73349 1050392 1311 0 48747 0 0 0
cpu20 199430 22 70130 1070473 1560 0 46680 0 0 0
cpu21 137520 25 51268 1167555 1954 0 29891 0 0 0
cpu22 130056 28 49507 1178345 1366 0 28203 0 0 0
cpu23 113877 27 43943 1206097 1418 0 23518 0 0 0
cpu24 43244 49 40900 1252681 2995 0 13414 0 0 0
cpu25 48308 53 45670 1229728 4425 0 15834 0 0 0
cpu26 46306 49 44585 1235641 3720 0 15394 0 0 0
cpu27 39123 36 39665 1244582 3089 0 21289 0 0 0
cpu28 71344 74 52872 1177127 5404 0 28328 0 0 0
cpu29 74541 111 54785 1166417 6408 0 28841 0 0 0
cpu30 38607 33 41182 1237770 2829 0 21266 0 0 0
cpu31 41799 35 41458 1252933 2357 0 13428 0 0 0
intr 3120158323 126 0 0 0 0 0 0 0 0 1 0 0 0 0 0 0 0 0 0 0 0 0 0 0 0 0 0 1 1 1 0 0 0 0 1 0 1 0 0 75045 0 0 0 0 0 0 0 0 411 0 0 0 0 0 0 0 0 87 0 0 0 0 0 0 0 0 0 0 0 0 0 0 0 368682 2 35042010 34984214 34903677 35041823 0 11546 3936 4667 3538 4106 4150 3738 4353 2995 17394 26753 17345 13247 21903 22896 15182 11341 4549 4145 3448 3605 3981 4689 3990 3158 14709 15147 12885 11871 15014 14768 10278 12198 0 0 0 0 616945 4192 1036 0 264 0 0 0 0 0 0 0 0 0 0 0 0 0 0 0 0 0 0 0 0 0 0 0 0 0 0 0 0 0 0 0 0 0 0 0 0 0 0 0 0 0 0 0 0 0 0 0 0 0 0 0 0 0 0 0 0 0 0 0 0 0 0 0 0 0 0 0 0 0 0 0 0 0 0 0 0 0 0 0 0 0 0 0 0 0 0 0 0 0 0 0 0 0 0 0 0 0 0 0 0 0 0 0 0 0 0 0 0 0 0 0 0 0 0 0 0 0 0 0 0 0 0 0 0 0 0 0 0 0 0 0 0 0 0 0 0 0 0 0 0 0 0 0 0 0 0 0 0 0 0 0 0 0 0 0 0 0 0 0 0 0 0 0 0 0 0 0 0 0 0 0 0 0 0 0 0 0 0 0 0 0 0 0 0 0 0 0 0 0 0 0 0 0 0 0 0 0 0 0 0 0 0 0 0 0 0 0 0 0 0 0 0 0 0 0 0 0 0 0 0 0 0 0 0 0 0 0 0 0 0 0 0 0 0 0 0 0 0 0 0 0 0 0 0 0 0 0 0 0 0 0 0 0 0 0 0 0 0 0 0 0 0 0 0 0 0 0 0 0 0 0 0 0 0 0 0 0 0 0 0 0 0 0 0 0 0 0 0 0 0 0 0 0 0 0 0 0 0 0 0 0 0 0 0 0 0 0 0 0 0 0 0 0 0 0 0 0 0 0 0 0 0 0 0 0 0 0 0 0 0 0 0 0 0 0 0 0 0 0 0 0 0 0 0 0 0 0 0 0 0 0 0 0 0 0 0 0 0 0 0 0 0 0 0 0 0 0 0 0 0 0 0 0 0 0 0 0 0 0 0 0 0 0 0 0 0 0 0 0 0 0 0 0 0 0 0 0 0 0 0 0 0 0 0 0 0 0 0 0 0 0 0 0 0 0 0 0 0 0 0 0 0 0 0 0 0 0 0 0 0 0 0 0 0 0 0 0 0 0 0 0 0 0 0 0 0 0 0 0 0 0 0 0 0 0 0 0 0 0 0 0 0 0 0 0 0 0 0 0 0 0 0 0 0 0 0 0 0 0 0 0 0 0 0 0 0 0 0 0 0 0 0 0 0 0 0 0 0 0 0 0 0 0 0 0 0 0 0 0 0 0 0 0 0 0 0 0 0 0 0 0 0 0 0 0 0 0 0 0 0 0 0 0 0 0 0 0 0 0 0 0 0 0 0 0 0 0 0 0 0 0 0 0 0 0 0 0 0 0 0 0 0 0 0 0 0 0 0 0 0 0 0 0 0 0 0 0 0 0 0 0 0 0 0 0 0 0 0 0 0 0 0 0 0 0 0 0 0 0 0 0 0 0 0 0 0 0 0 0 0 0 0 0 0 0 0 0 0 0 0 0 0 0 0 0 0 0 0 0 0 0 0 0 0 0 0 0 0 0 0 0 0 0 0 0 0 0 0 0 0 0 0 0 0 0 0 0 0 0 0 0 0 0 0 0 0 0 0 0 0 0 0 0 0 0 0 0 0 0 0 0 0 0 0 0 0 0 0 0 0 0 0 0 0 0 0 0 0 0 0 0 0 0 0 0 0 0 0 0 0 0 0 0 0 0 0 0 0 0 0 0 0 0 0 0 0 0 0 0 0 0 0 0 0 0 0 0 0 0 0 0 0 0 0 0 0 0 0 0 0 0 0 0 0 0 0 0 0 0 0 0 0 0 0 0 0 0 0 0 0 0 0 0 0 0 0 0 0 0 0 0 0 0 0 0 0 0 0 0 0 0 0 0 0 0 0 0 0 0 0 0 0 0 0 0 0 0 0 0 0 0 0 0 0 0 0 0 0 0 0 0 0 0 0 0 0 0 0 0 0 0 0 0 0 0 0 0 0 0 0 0 0 0 0 0 0 0 0 0 0 0 0 0 0 0 0 0 0 0 0 0 0 0 0 0 0 0 0 0 0 0 0 0 0 0 0 0 0 0 0 0 0 0 0 0 0 0 0 0 0 0 0 0 0 0 0 0 0 0 0 0 0 0 0 0 0 0 0 0 0 0 0 0 0 0 0 0 0 0 0 0 0 0 0 0 0 0 0 0 0 0 0 0 0 0 0 0 0 0 0 0 0 0 0 0 0 0 0 0 0 0 0 0 0 0 0 0 0 0 0 0 0 0 0 0 0 0 0 0 0 0 0 0 0 0 0 0 0 0 0 0 0 0 0 0 0 0 0 0 0 0 0 0 0 0 0 0 0 0 0 0 0 0 0 0 0 0 0 0 0 0 0 0 0 0 0 0 0 0 0 0 0 0 0 0 0 0 0 0 0 0 0 0 0 0 0 0 0 0 0 0 0 0 0 0 0 0 0 0 0 0 0 0 0 0 0 0 0 0 0 0 0 0 0 0 0 0 0 0 0 0 0 0 0 0 0 0 0 0 0 0 0 0 0 0 0 0 0 0 0 0 0 0 0 0 0 0 0 0 0 0 0
ctxt 4921577959
btime 1790630938
processes 401911
procs_running 3
procs_blocked 0
softirq 4523565039 73526 10557272 2753090 119068423 385891 0 13559258 47324921 421 34874941
