Running 10s test @ http://127.0.0.1:18500/api/usleep?ms=10
  16 threads and 1000 connections
  Thread Stats   Avg      Stdev     Max   +/- Stdev
    Latency     7.65s     1.35s   10.00s    57.31%
    Req/Sec    23.15     19.76   191.00     86.67%
  Latency Distribution
     50%    7.61s 
     75%    8.84s 
     90%    9.54s 
     99%    9.95s 
  864 requests in 10.10s, 172.97KB read
  Socket errors: connect 0, read 0, write 0, timeout 2
Requests/sec:     85.57
Transfer/sec:     17.13KB
## server-stat
cpu  3146786 1334 1560126 38251256 90244 0 771471 0 0 0
cpu0 117009 25 43747 1198719 1574 0 24110 0 0 0
cpu1 121740 29 45180 1197263 1566 0 24321 0 0 0
cpu2 123044 28 45384 1196618 1206 0 24511 0 0 0
cpu3 168251 27 62125 1118745 1687 0 39087 0 0 0
cpu4 174747 30 61845 1114488 1192 0 39106 0 0 0
cpu5 129811 29 47297 1187240 1229 0 25569 0 0 0
cpu6 130536 27 47579 1186472 1043 0 26283 0 0 0
cpu7 137808 24 51146 1173174 867 0 29162 0 0 0
cpu8 39987 46 41626 1253484 3236 0 13211 0 0 0
cpu9 46127 51 45301 1230809 5525 0 14306 0 0 0
cpu10 43960 51 43756 1238506 3555 0 14145 0 0 0
cpu11 40389 46 40123 1256764 2566 0 12712 0 0 0
cpu12 75357 126 48677 1195701 6988 0 15427 0 0 0
cpu13 72636 57 49515 1195382 7140 0 15754 0 0 0
cpu14 40092 45 39510 1260017 2588 0 12437 0 0 0
cpu15 37406 47 36263 1272850 2556 0 11297 0 0 0
cpu16 157964 23 55353 1144378 1369 0 32996 0 0 0
cpu17 147963 22 53545 1156336 2403 0 31457 0 0 0
cpu18 142502 22 52463 1165124 1227 0 30725 0 0 0
cpu19 214686 22 73437 1052905 1338 0 48747 0 0 0
cpu20 199756 22 70183 1073325 1631 0 46681 0 0 0
cpu21 137539 25 51288 1170696 2074 0 29892 0 0 0
cpu22 130069 29 49523 1181495 1489 0 28204 0 0 0
cpu23 113889 27 43960 1209291 1499 0 23519 0 0 0
cpu24 43256 49 40920 1255777 3171 0 13414 0 0 0
cpu25 48328 53 45691 1232792 4625 0 15834 0 0 0
cpu26 46321 49 44607 1238691 3937 0 15395 0 0 0
cpu27 39136 37 39685 1247690 3255 0 21290 0 0 0
cpu28 71379 74 52892 1180182 5589 0 28329 0 0 0
cpu29 74655 111 54813 1169397 6588 0 28842 0 0 0
cpu30 38619 33 41199 1240882 2993 0 21266 0 0 0
cpu31 41811 35 41477 1256046 2521 0 13429 0 0 0
intr 3121055448 126 0 0 0 0 0 0 0 0 1 0 0 0 0 0 0 0 0 0 0 0 0 0 0 0 0 0 1 1 1 0 0 0 0 1 0 1 0 0 75045 0 0 0 0 0 0 0 0 411 0 0 0 0 0 0 0 0 87 0 0 0 0 0 0 0 0 0 0 0 0 0 0 0 369536 2 35042130 34984297 34903750 35041939 0 11574 4030 4788 3631 4147 4246 3872 4489 3097 18073 27360 17851 13753 22443 23410 15531 11809 4710 4331 3705 3674 4211 5065 4329 3355 15172 15877 13667 12466 15716 15408 10843 12760 0 0 0 0 616949 4192 1036 0 264 0 0 0 0 0 0 0 0 0 0 0 0 0 0 0 0 0 0 0 0 0 0 0 0 0 0 0 0 0 0 0 0 0 0 0 0 0 0 0 0 0 0 0 0 0 0 0 0 0 0 0 0 0 0 0 0 0 0 0 0 0 0 0 0 0 0 0 0 0 0 0 0 0 0 0 0 0 0 0 0 0 0 0 0 0 0 0 0 0 0 0 0 0 0 0 0 0 0 0 0 0 0 0 0 0 0 0 0 0 0 0 0 0 0 0 0 0 0 0 0 0 0 0 0 0 0 0 0 0 0 0 0 0 0 0 0 0 0 0 0 0 0 0 0 0 0 0 0 0 0 0 0 0 0 0 0 0 0 0 0 0 0 0 0 0 0 0 0 0 0 0 0 0 0 0 0 0 0 0 0 0 0 0 0 0 0 0 0 0 0 0 0 0 0 0 0 0 0 0 0 0 0 0 0 0 0 0 0 0 0 0 0 0 0 0 0 0 0 0 0 0 0 0 0 0 0 0 0 0 0 0 0 0 0 0 0 0 0 0 0 0 0 0 0 0 0 0 0 0 0 0 0 0 0 0 0 0 0 0 0 0 0 0 0 0 0 0 0 0 0 0 0 0 0 0 0 0 0 0 0 0 0 0 0 0 0 0 0 0 0 0 0 0 0 0 0 0 0 0 0 0 0 0 0 0 0 0 0 0 0 0 0 0 0 0 0 0 0 0 0 0 0 0 0 0 0 0 0 0 0 0 0 0 0 0 0 0 0 0 0 0 0 0 0 0 0 0 0 0 0 0 0 0 0 0 0 0 0 0 0 0 0 0 0 0 0 0 0 0 0 0 0 0 0 0 0 0 0 0 0 0 0 0 0 0 0 0 0 0 0 0 0 0 0 0 0 0 0 0 0 0 0 0 0 0 0 0 0 0 0 0 0 0 0 0 0 0 0 0 0 0 0 0 0 0 0 0 0 0 0 0 0 0 0 0 0 0 0 0 0 0 0 0 0 0 0 0 0 0 0 0 0 0 0 0 0 0 0 0 0 0 0 0 0 0 0 0 0 0 0 0 0 0 0 0 0 0 0 0 0 0 0 0 0 0 0 0 0 0 0 0 0 0 0 0 0 0 0 0 0 0 0 0 0 0 0 0 0 0 0 0 0 0 0 0 0 0 0 0 0 0 0 0 0 0 0 0 0 0 0 0 0 0 0 0 0 0 0 0 0 0 0 0 0 0 0 0 0 0 0 0 0 0 0 0 0 0 0 0 0 0 0 0 0 0 0 0 0 0 0 0 0 0 0 0 0 0 0 0 0 0 0 0 0 0 0 0 0 0 0 0 0 0 0 0 0 0 0 0 0 0 0 0 0 0 0 0 0 0 0 0 0 0 0 0 0 0 0 0 0 0 0 0 0 0 0 0 0 0 0 0 0 0 0 0 0 0 0 0 0 0 0 0 0 0 0 0 0 0 0 0 0 0 0 0 0 0 0 0 0 0 0 0 0 0 0 0 0 0 0 0 0 0 0 0 0 0 0 0 0 0 0 0 0 0 0 0 0 0 0 0 0 0 0 0 0 0 0 0 0 0 0 0 0 0 0 0 0 0 0 0 0 0 0 0 0 0 0 0 0 0 0 0 0 0 0 0 0 0 0 0 0 0 0 0 0 0 0 0 0 0 0 0 0 0 0 0 0 0 0 0 0 0 0 0 0 0 0 0 0 0 0 0 0 0 0 0 0 0 0 0 0 0 0 0 0 0 0 0 0 0 0 0 0 0 0 0 0 0 0 0 0 0 0 0 0 0 0 0 0 0 0 0 0 0 0 0 0 0 0 0 0 0 0 0 0 0 0 0 0 0 0 0 0 0 0 0 0 0 0 0 0 0 0 0 0 0 0 0 0 0 0 0 0 0 0 0 0 0 0 0 0 0 0 0 0 0 0 0 0 0 0 0 0 0 0 0 0 0 0 0 0 0 0 0 0 0 0 0 0 0 0 0 0 0 0 0 0 0 0 0 0 0 0 0 0 0 0 0 0 0 0 0 0 0 0 0 0 0 0 0 0 0 0 0 0 0 0 0 0 0 0 0 0 0 0 0 0 0 0 0 0 0 0 0 0 0 0 0 0 0 0 0 0 0 0 0 0 0 0 0 0 0 0 0 0 0 0 0 0 0 0 0 0 0 0 0 0 0 0 0 0 0 0 0 0 0 0 0 0 0 0 0 0 0 0 0 0 0 0 0 0 0 0 0 0 0 0 0 0 0 0 0 0 0 0 0 0 0 0 0 0 0 0 0 0 0 0 0 0 0 0 0 0 0 0 0 0 0 0 0 0 0 0 0 0 0 0 0 0 0 0 0 0 0 0 0 0 0 0 0 0 0 0 0 0 0 0 0 0 0 0 0 0 0 0 0 0 0 0 0 0 0 0 0 0 0 0 0 0 0 0 0 0 0 0 0 0 0 0 0 0 0 0 0 0 0 0 0 0 0 0
ctxt 4922828240
btime 1790630938
processes 412629
procs_running 1
procs_blocked 0
softirq 4523868306 73526 10586388 2753090 119158219 386788 0 13559258 47384878 421 34998442
--
cpu  3146985 1335 1560150 38276585 90256 0 771480 0 0 0
cpu0 117010 25 43747 1199514 1574 0 24118 0 0 0
cpu1 121743 29 45180 1198060 1566 0 24321 0 0 0
cpu2 123044 28 45384 1197417 1206 0 24511 0 0 0
cpu3 168346 27 62136 1119437 1687 0 39087 0 0 0
cpu4 174772 30 61846 1115263 1192 0 39106 0 0 0
cpu5 129811 29 47297 1188038 1229 0 25569 0 0 0
cpu6 130536 27 47579 1187271 1043 0 26283 0 0 0
cpu7 137808 24 51147 1173973 867 0 29162 0 0 0
cpu8 39988 46 41626 1254282 3236 0 13211 0 0 0
cpu9 46129 51 45301 1231606 5525 0 14306 0 0 0
cpu10 43960 51 43756 1239304 3556 0 14145 0 0 0
cpu11 40389 46 40124 1257562 2566 0 12712 0 0 0
cpu12 75360 126 48678 1196496 6988 0 15427 0 0 0
cpu13 72652 57 49517 1196163 7140 0 15754 0 0 0
cpu14 40092 45 39511 1260816 2588 0 12437 0 0 0
cpu15 37407 47 36263 1273648 2556 0 11297 0 0 0
cpu16 157965 23 55353 1145176 1369 0 32996 0 0 0
cpu17 147963 22 53546 1157135 2403 0 31457 0 0 0
cpu18 142502 22 52463 1165923 1227 0 30725 0 0 0
cpu19 214690 22 73437 1053699 1338 0 48747 0 0 0
cpu20 199759 22 70184 1074121 1631 0 46681 0 0 0
cpu21 137539 25 51289 1171494 2074 0 29892 0 0 0
cpu22 130069 29 49524 1182294 1489 0 28204 0 0 0
cpu23 113889 27 43961 1210090 1499 0 23519 0 0 0
cpu24 43259 49 40920 1256573 3171 0 13414 0 0 0
cpu25 48329 53 45691 1233578 4637 0 15834 0 0 0
cpu26 46321 49 44607 1239490 3937 0 15395 0 0 0
cpu27 39137 37 39685 1248487 3255 0 21290 0 0 0
cpu28 71399 74 52893 1180960 5589 0 28329 0 0 0
cpu29 74671 111 54815 1170177 6588 0 28842 0 0 0
cpu30 38620 33 41199 1241679 2993 0 21266 0 0 0
cpu31 41811 35 41477 1256845 2521 0 13429 0 0 0
intr 3121168920 126 0 0 0 0 0 0 0 0 1 0 0 0 0 0 0 0 0 0 0 0 0 0 0 0 0 0 1 1 1 0 0 0 0 1 0 1 0 0 75045 0 0 0 0 0 0 0 0 411 0 0 0 0 0 0 0 0 87 0 0 0 0 0 0 0 0 0 0 0 0 0 0 0 369686 2 35042161 34984315 34903764 35041961 0 11578 4030 4788 3631 4148 4246 3872 4489 3097 18073 27360 17851 13753 22443 23413 15531 11809 4710 4331 3705 3674 4211 5065 4329 3355 15172 15877 13667 12466 15716 15408 10843 12760 0 0 0 0 616949 4192 1036 0 264 0 0 0 0 0 0 0 0 0 0 0 0 0 0 0 0 0 0 0 0 0 0 0 0 0 0 0 0 0 0 0 0 0 0 0 0 0 0 0 0 0 0 0 0 0 0 0 0 0 0 0 0 0 0 0 0 0 0 0 0 0 0 0 0 0 0 0 0 0 0 0 0 0 0 0 0 0 0 0 0 0 0 0 0 0 0 0 0 0 0 0 0 0 0 0 0 0 0 0 0 0 0 0 0 0 0 0 0 0 0 0 0 0 0 0 0 0 0 0 0 0 0 0 0 0 0 0 0 0 0 0 0 0 0 0 0 0 0 0 0 0 0 0 0 0 0 0 0 0 0 0 0 0 0 0 0 0 0 0 0 0 0 0 0 0 0 0 0 0 0 0 0 0 0 0 0 0 0 0 0 0 0 0 0 0 0 0 0 0 0 0 0 0 0 0 0 0 0 0 0 0 0 0 0 0 0 0 0 0 0 0 0 0 0 0 0 0 0 0 0 0 0 0 0 0 0 0 0 0 0 0 0 0 0 0 0 0 0 0 0 0 0 0 0 0 0 0 0 0 0 0 0 0 0 0 0 0 0 0 0 0 0 0 0 0 0 0 0 0 0 0 0 0 0 0 0 0 0 0 0 0 0 0 0 0 0 0 0 0 0 0 0 0 0 0 0 0 0 0 0 0 0 0 0 0 0 0 0 0 0 0 0 0 0 0 0 0 0 0 0 0 0 0 0 0 0 0 0 0 0 0 0 0 0 0 0 0 0 0 0 0 0 0 0 0 0 0 0 0 0 0 0 0 0 0 0 0 0 0 0 0 0 0 0 0 0 0 0 0 0 0 0 0 0 0 0 0 0 0 0 0 0 0 0 0 0 0 0 0 0 0 0 0 0 0 0 0 0 0 0 0 0 0 0 0 0 0 0 0 0 0 0 0 0 0 0 0 0 0 0 0 0 0 0 0 0 0 0 0 0 0 0 0 0 0 0 0 0 0 0 0 0 0 0 0 0 0 0 0 0 0 0 0 0 0 0 0 0 0 0 0 0 0 0 0 0 0 0 0 0 0 0 0 0 0 0 0 0 0 0 0 0 0 0 0 0 0 0 0 0 0 0 0 0 0 0 0 0 0 0 0 0 0 0 0 0 0 0 0 0 0 0 0 0 0 0 0 0 0 0 0 0 0 0 0 0 0 0 0 0 0 0 0 0 0 0 0 0 0 0 0 0 0 0 0 0 0 0 0 0 0 0 0 0 0 0 0 0 0 0 0 0 0 0 0 0 0 0 0 0 0 0 0 0 0 0 0 0 0 0 0 0 0 0 0 0 0 0 0 0 0 0 0 0 0 0 0 0 0 0 0 0 0 0 0 0 0 0 0 0 0 0 0 0 0 0 0 0 0 0 0 0 0 0 0 0 0 0 0 0 0 0 0 0 0 0 0 0 0 0 0 0 0 0 0 0 0 0 0 0 0 0 0 0 0 0 0 0 0 0 0 0 0 0 0 0 0 0 0 0 0 0 0 0 0 0 0 0 0 0 0 0 0 0 0 0 0 0 0 0 0 0 0 0 0 0 0 0 0 0 0 0 0 0 0 0 0 0 0 0 0 0 0 0 0 0 0 0 0 0 0 0 0 0 0 0 0 0 0 0 0 0 0 0 0 0 0 0 0 0 0 0 0 0 0 0 0 0 0 0 0 0 0 0 0 0 0 0 0 0 0 0 0 0 0 0 0 0 0 0 0 0 0 0 0 0 0 0 0 0 0 0 0 0 0 0 0 0 0 0 0 0 0 0 0 0 0 0 0 0 0 0 0 0 0 0 0 0 0 0 0 0 0 0 0 0 0 0 0 0 0 0 0 0 0 0 0 0 0 0 0 0 0 0 0 0 0 0 0 0 0 0 0 0 0 0 0 0 0 0 0 0 0 0 0 0 0 0 0 0 0 0 0 0 0 0 0 0 0 0 0 0 0 0 0 0 0 0 0 0 0 0 0 0 0 0 0 0 0 0 0 0 0 0 0 0 0 0 0 0 0 0 0 0 0 0 0 0 0 0 0 0 0 0 0 0 0 0 0 0 0 0 0 0 0 0 0 0 0 0 0 0 0 0 0 0 0 0 0 0 0 0 0 0 0 0 0 0 0 0 0 0 0 0 0 0 0 0 0 0 0 0 0 0 0 0 0 0 0 0 0 0 0 0 0 0 0 0 0 0 0 0 0 0 0 0 0 0 0 0 0 0 0 0 0 0 0 0 0 0 0 0 0 0 0 0 0 0 0 0 0 0 0 0 0 0 0 0 0 0 0 0 0 0 0 0 0 0 0 0 0 0 0 0 0 0 0 0 0 0 0 0 0 0 0 0 0 0 0 0 0 0 0 0 0 0 0 0 0 0 0 0 0 0 0 0 0 0 0 0 0 0 0 0 0 0 0 0 0 0 0 0 0 0 0 0 0 0 0 0 0 0 0 0 0 0 0 0 0 0 0 0
ctxt 4922980970
btime 1790630938
processes 412674
procs_running 1
procs_blocked 0
softirq 4523890384 73526 10589604 2753090 119161286 386940 0 13559258 47392845 421 35006118
