Running 10s test @ http://127.0.0.1:18500/
  16 threads and 256 connections
  Thread Stats   Avg      Stdev     Max   +/- Stdev
    Latency   720.68us  414.20us   3.61ms   70.81%
    Req/Sec    23.01k     1.26k   52.86k    98.70%
  Latency Distribution
     50%  669.00us
     75%    0.91ms
     90%    1.29ms
     99%    1.98ms
  3694656 requests in 10.10s, 606.04MB read
Requests/sec: 365835.05
Transfer/sec:     60.01MB
## server-stat
cpu  1003272 356 558090 6808921 28395 0 222335 0 0 0
cpu0 36146 6 16991 209961 743 0 7887 0 0 0
cpu1 36433 8 16947 210457 554 0 7656 0 0 0
cpu2 36758 6 16855 210529 353 0 7586 0 0 0
cpu3 37306 7 17332 208697 1141 0 7635 0 0 0
cpu4 37571 6 17185 209002 705 0 7678 0 0 0
cpu5 37352 8 17090 209645 349 0 7581 0 0 0
cpu6 36935 6 17025 210121 331 0 7583 0 0 0
cpu7 36329 5 16849 211069 159 0 7442 0 0 0
cpu8 20249 10 16787 223898 971 0 4767 0 0 0
cpu9 21906 10 16984 220767 2208 0 4827 0 0 0
cpu10 21315 10 17053 222334 1135 0 5022 0 0 0
cpu11 20775 8 16866 224117 546 0 4887 0 0 0
cpu12 35354 78 17770 206073 2865 0 5099 0 0 0
cpu13 34407 11 18049 207363 2158 0 5240 0 0 0
cpu14 21037 8 16793 224254 770 0 4884 0 0 0
cpu15 20213 8 15866 226747 609 0 4482 0 0 0
cpu16 39581 4 17774 206874 338 0 7715 0 0 0
cpu17 39448 4 17760 206073 1187 0 7765 0 0 0
cpu18 39288 4 17615 207379 262 0 7697 0 0 0
cpu19 40133 5 18017 205557 598 0 7876 0 0 0
cpu20 40208 7 17970 205669 648 0 7862 0 0 0
cpu21 39057 4 17533 207361 496 0 7741 0 0 0
cpu22 38308 5 17641 206711 317 0 7714 0 0 0
cpu23 37426 7 17354 209172 274 0 7632 0 0 0
cpu24 22928 10 17846 220981 773 0 5252 0 0 0
cpu25 24406 11 18758 216426 1409 0 5732 0 0 0
cpu26 23746 9 18572 217750 1041 0 5678 0 0 0
cpu27 20690 5 17031 218492 983 0 9126 0 0 0
cpu28 32699 13 18661 202825 1660 0 10063 0 0 0
cpu29 33672 49 18648 201826 1393 0 10065 0 0 0
cpu30 19562 7 16776 219471 702 0 8935 0 0 0
cpu31 22017 7 17677 221305 700 0 5216 0 0 0
intr 683101500 126 0 0 0 0 0 0 0 0 1 0 0 0 0 0 0 0 0 0 0 0 0 0 0 0 0 0 1 1 1 0 0 0 0 1 0 1 0 0 75045 0 0 0 0 0 0 0 0 411 0 0 0 0 0 0 0 0 87 0 0 0 0 0 0 0 0 0 0 0 0 0 0 0 109601 2 10244284 10204475 10180489 10274882 0 2332 2222 2838 1467 3023 2617 2044 2517 1387 10094 17843 9814 8030 12993 14347 11116 7224 2658 1756 1401 2301 2181 1877 1506 1568 8752 6786 4812 5404 6049 5420 5876 7715 0 0 0 0 616188 2877 1036 0 264 0 0 0 0 0 0 0 0 0 0 0 0 0 0 0 0 0 0 0 0 0 0 0 0 0 0 0 0 0 0 0 0 0 0 0 0 0 0 0 0 0 0 0 0 0 0 0 0 0 0 0 0 0 0 0 0 0 0 0 0 0 0 0 0 0 0 0 0 0 0 0 0 0 0 0 0 0 0 0 0 0 0 0 0 0 0 0 0 0 0 0 0 0 0 0 0 0 0 0 0 0 0 0 0 0 0 0 0 0 0 0 0 0 0 0 0 0 0 0 0 0 0 0 0 0 0 0 0 0 0 0 0 0 0 0 0 0 0 0 0 0 0 0 0 0 0 0 0 0 0 0 0 0 0 0 0 0 0 0 0 0 0 0 0 0 0 0 0 0 0 0 0 0 0 0 0 0 0 0 0 0 0 0 0 0 0 0 0 0 0 0 0 0 0 0 0 0 0 0 0 0 0 0 0 0 0 0 0 0 0 0 0 0 0 0 0 0 0 0 0 0 0 0 0 0 0 0 0 0 0 0 0 0 0 0 0 0 0 0 0 0 0 0 0 0 0 0 0 0 0 0 0 0 0 0 0 0 0 0 0 0 0 0 0 0 0 0 0 0 0 0 0 0 0 0 0 0 0 0 0 0 0 0 0 0 0 0 0 0 0 0 0 0 0 0 0 0 0 0 0 0 0 0 0 0 0 0 0 0 0 0 0 0 0 0 0 0 0 0 0 0 0 0 0 0 0 0 0 0 0 0 0 0 0 0 0 0 0 0 0 0 0 0 0 0 0 0 0 0 0 0 0 0 0 0 0 0 0 0 0 0 0 0 0 0 0 0 0 0 0 0 0 0 0 0 0 0 0 0 0 0 0 0 0 0 0 0 0 0 0 0 0 0 0 0 0 0 0 0 0 0 0 0 0 0 0 0 0 0 0 0 0 0 0 0 0 0 0 0 0 0 0 0 0 0 0 0 0 0 0 0 0 0 0 0 0 0 0 0 0 0 0 0 0 0 0 0 0 0 0 0 0 0 0 0 0 0 0 0 0 0 0 0 0 0 0 0 0 0 0 0 0 0 0 0 0 0 0 0 0 0 0 0 0 0 0 0 0 0 0 0 0 0 0 0 0 0 0 0 0 0 0 0 0 0 0 0 0 0 0 0 0 0 0 0 0 0 0 0 0 0 0 0 0 0 0 0 0 0 0 0 0 0 0 0 0 0 0 0 0 0 0 0 0 0 0 0 0 0 0 0 0 0 0 0 0 0 0 0 0 0 0 0 0 0 0 0 0 0 0 0 0 0 0 0 0 0 0 0 0 0 0 0 0 0 0 0 0 0 0 0 0 0 0 0 0 0 0 0 0 0 0 0 0 0 0 0 0 0 0 0 0 0 0 0 0 0 0 0 0 0 0 0 0 0 0 0 0 0 0 0 0 0 0 0 0 0 0 0 0 0 0 0 0 0 0 0 0 0 0 0 0 0 0 0 0 0 0 0 0 0 0 0 0 0 0 0 0 0 0 0 0 0 0 0 0 0 0 0 0 0 0 0 0 0 0 0 0 0 0 0 0 0 0 0 0 0 0 0 0 0 0 0 0 0 0 0 0 0 0 0 0 0 0 0 0 0 0 0 0 0 0 0 0 0 0 0 0 0 0 0 0 0 0 0 0 0 0 0 0 0 0 0 0 0 0 0 0 0 0 0 0 0 0 0 0 0 0 0 0 0 0 0 0 0 0 0 0 0 0 0 0 0 0 0 0 0 0 0 0 0 0 0 0 0 0 0 0 0 0 0 0 0 0 0 0 0 0 0 0 0 0 0 0 0 0 0 0 0 0 0 0 0 0 0 0 0 0 0 0 0 0 0 0 0 0 0 0 0 0 0 0 0 0 0 0 0 0 0 0 0 0 0 0 0 0 0 0 0 0 0 0 0 0 0 0 0 0 0 0 0 0 0 0 0 0 0 0 0 0 0 0 0 0 0 0 0 0 0 0 0 0 0 0 0 0 0 0 0 0 0 0 0 0 0 0 0 0 0 0 0 0 0 0 0 0 0 0 0 0 0 0 0 0 0 0 0 0 0 0 0 0 0 0 0 0 0 0 0 0 0 0 0 0 0 0 0 0 0 0 0 0 0 0 0 0 0 0 0 0 0 0 0 0 0 0 0 0 0 0 0 0 0 0 0 0 0 0 0 0 0 0 0 0 0 0 0 0 0 0 0 0 0 0 0 0 0 0 0 0 0 0 0 0 0 0 0 0 0 0 0 0 0 0 0 0 0 0 0 0 0 0 0 0 0 0 0 0 0 0 0 0 0 0 0 0 0 0 0 0 0 0 0 0 0 0 0 0 0 0 0 0 0 0 0 0 0 0 0 0 0 0 0 0 0 0 0 0 0 0 0 0 0 0 0 0 0 0 0 0 0 0 0 0 0 0 0 0 0 0 0 0 0 0 0 0 0 0 0 0 0 0 0 0 0 0 0 0 0 0 0 0
ctxt 949012613
btime 1790630938
processes 79364
procs_running 24
procs_blocked 0
softirq 1080253340 73526 1662407 263817 1052518576 114114 0 3043202 13668399 410 8908889
--
cpu  1009631 357 561513 6819744 28434 0 223243 0 0 0
cpu0 36526 6 17145 210084 743 0 7925 0 0 0
cpu1 36803 8 17099 210580 554 0 7701 0 0 0
cpu2 37135 6 17003 210656 353 0 7626 0 0 0
cpu3 37677 7 17488 208816 1141 0 7672 0 0 0
cpu4 37945 6 17337 209122 705 0 7719 0 0 0
cpu5 37727 8 17239 209764 349 0 7619 0 0 0
cpu6 37303 6 17176 210244 331 0 7626 0 0 0
cpu7 36698 5 17004 211194 159 0 7481 0 0 0
cpu8 20256 10 16872 224420 974 0 4787 0 0 0
cpu9 21914 10 17051 221341 2209 0 4843 0 0 0
cpu10 21321 10 17111 222926 1136 0 5035 0 0 0
cpu11 20780 8 16910 224756 547 0 4893 0 0 0
cpu12 35365 78 17811 206726 2866 0 5107 0 0 0
cpu13 34416 11 18091 208016 2158 0 5246 0 0 0
cpu14 21039 8 16815 224974 770 0 4886 0 0 0
cpu15 20214 8 15880 227488 610 0 4483 0 0 0
cpu16 39969 4 17919 206992 338 0 7752 0 0 0
cpu17 39827 4 17907 206193 1187 0 7800 0 0 0
cpu18 39667 4 17767 207500 262 0 7733 0 0 0
cpu19 40510 5 18165 205675 598 0 7914 0 0 0
cpu20 40593 7 18116 205791 648 0 7902 0 0 0
cpu21 39435 4 17681 207479 496 0 7779 0 0 0
cpu22 38685 5 17794 206832 317 0 7749 0 0 0
cpu23 37799 7 17499 209294 274 0 7672 0 0 0
cpu24 22934 10 17889 221640 774 0 5263 0 0 0
cpu25 24424 11 18857 216858 1417 0 5769 0 0 0
cpu26 23760 9 18659 218198 1044 0 5707 0 0 0
cpu27 20698 5 17099 219034 984 0 9143 0 0 0
cpu28 32813 14 18775 203145 1669 0 10111 0 0 0
cpu29 33796 49 18768 202132 1403 0 10109 0 0 0
cpu30 19565 7 16834 219997 702 0 8945 0 0 0
cpu31 22022 7 17740 221859 700 0 5229 0 0 0
intr 691846488 126 0 0 0 0 0 0 0 0 1 0 0 0 0 0 0 0 0 0 0 0 0 0 0 0 0 0 1 1 1 0 0 0 0 1 0 1 0 0 75045 0 0 0 0 0 0 0 0 411 0 0 0 0 0 0 0 0 87 0 0 0 0 0 0 0 0 0 0 0 0 0 0 0 110291 2 10244337 10204487 10180523 10274891 0 2336 2222 2838 1467 3023 2617 2044 2517 1387 10097 17844 9817 8030 12993 14349 11116 7224 2658 1756 1401 2301 2181 1877 1506 1568 8753 6789 4812 5405 6049 5421 5876 7718 0 0 0 0 616192 2877 1036 0 264 0 0 0 0 0 0 0 0 0 0 0 0 0 0 0 0 0 0 0 0 0 0 0 0 0 0 0 0 0 0 0 0 0 0 0 0 0 0 0 0 0 0 0 0 0 0 0 0 0 0 0 0 0 0 0 0 0 0 0 0 0 0 0 0 0 0 0 0 0 0 0 0 0 0 0 0 0 0 0 0 0 0 0 0 0 0 0 0 0 0 0 0 0 0 0 0 0 0 0 0 0 0 0 0 0 0 0 0 0 0 0 0 0 0 0 0 0 0 0 0 0 0 0 0 0 0 0 0 0 0 0 0 0 0 0 0 0 0 0 0 0 0 0 0 0 0 0 0 0 0 0 0 0 0 0 0 0 0 0 0 0 0 0 0 0 0 0 0 0 0 0 0 0 0 0 0 0 0 0 0 0 0 0 0 0 0 0 0 0 0 0 0 0 0 0 0 0 0 0 0 0 0 0 0 0 0 0 0 0 0 0 0 0 0 0 0 0 0 0 0 0 0 0 0 0 0 0 0 0 0 0 0 0 0 0 0 0 0 0 0 0 0 0 0 0 0 0 0 0 0 0 0 0 0 0 0 0 0 0 0 0 0 0 0 0 0 0 0 0 0 0 0 0 0 0 0 0 0 0 0 0 0 0 0 0 0 0 0 0 0 0 0 0 0 0 0 0 0 0 0 0 0 0 0 0 0 0 0 0 0 0 0 0 0 0 0 0 0 0 0 0 0 0 0 0 0 0 0 0 0 0 0 0 0 0 0 0 0 0 0 0 0 0 0 0 0 0 0 0 0 0 0 0 0 0 0 0 0 0 0 0 0 0 0 0 0 0 0 0 0 0 0 0 0 0 0 0 0 0 0 0 0 0 0 0 0 0 0 0 0 0 0 0 0 0 0 0 0 0 0 0 0 0 0 0 0 0 0 0 0 0 0 0 0 0 0 0 0 0 0 0 0 0 0 0 0 0 0 0 0 0 0 0 0 0 0 0 0 0 0 0 0 0 0 0 0 0 0 0 0 0 0 0 0 0 0 0 0 0 0 0 0 0 0 0 0 0 0 0 0 0 0 0 0 0 0 0 0 0 0 0 0 0 0 0 0 0 0 0 0 0 0 0 0 0 0 0 0 0 0 0 0 0 0 0 0 0 0 0 0 0 0 0 0 0 0 0 0 0 0 0 0 0 0 0 0 0 0 0 0 0 0 0 0 0 0 0 0 0 0 0 0 0 0 0 0 0 0 0 0 0 0 0 0 0 0 0 0 0 0 0 0 0 0 0 0 0 0 0 0 0 0 0 0 0 0 0 0 0 0 0 0 0 0 0 0 0 0 0 0 0 0 0 0 0 0 0 0 0 0 0 0 0 0 0 0 0 0 0 0 0 0 0 0 0 0 0 0 0 0 0 0 0 0 0 0 0 0 0 0 0 0 0 0 0 0 0 0 0 0 0 0 0 0 0 0 0 0 0 0 0 0 0 0 0 0 0 0 0 0 0 0 0 0 0 0 0 0 0 0 0 0 0 0 0 0 0 0 0 0 0 0 0 0 0 0 0 0 0 0 0 0 0 0 0 0 0 0 0 0 0 0 0 0 0 0 0 0 0 0 0 0 0 0 0 0 0 0 0 0 0 0 0 0 0 0 0 0 0 0 0 0 0 0 0 0 0 0 0 0 0 0 0 0 0 0 0 0 0 0 0 0 0 0 0 0 0 0 0 0 0 0 0 0 0 0 0 0 0 0 0 0 0 0 0 0 0 0 0 0 0 0 0 0 0 0 0 0 0 0 0 0 0 0 0 0 0 0 0 0 0 0 0 0 0 0 0 0 0 0 0 0 0 0 0 0 0 0 0 0 0 0 0 0 0 0 0 0 0 0 0 0 0 0 0 0 0 0 0 0 0 0 0 0 0 0 0 0 0 0 0 0 0 0 0 0 0 0 0 0 0 0 0 0 0 0 0 0 0 0 0 0 0 0 0 0 0 0 0 0 0 0 0 0 0 0 0 0 0 0 0 0 0 0 0 0 0 0 0 0 0 0 0 0 0 0 0 0 0 0 0 0 0 0 0 0 0 0 0 0 0 0 0 0 0 0 0 0 0 0 0 0 0 0 0 0 0 0 0 0 0 0 0 0 0 0 0 0 0 0 0 0 0 0 0 0 0 0 0 0 0 0 0 0 0 0 0 0 0 0 0 0 0 0 0 0 0 0 0 0 0 0 0 0 0 0 0 0 0 0 0 0 0 0 0 0 0 0 0 0 0 0 0 0 0 0 0 0 0 0 0 0 0 0 0 0 0 0 0 0 0 0 0 0 0 0 0 0 0 0 0 0 0 0 0 0 0 0 0 0 0 0 0 0 0 0 0 0 0 0 0 0 0 0 0 0 0 0 0 0 0 0 0 0 0 0 0 0 0 0 0 0 0 0 0 0 0 0 0 0 0 0 0 0 0 0 0 0 0 0 0 0 0 0 0 0 0 0 0 0 0 0
ctxt 965521926
btime 1790630938
processes 79500
procs_running 21
procs_blocked 0
softirq 1086278572 73526 1665780 263817 1058356580 114830 0 3043202 13794759 410 8965668
