Running 10s test @ http://127.0.0.1:18500/page
  16 threads and 256 connections
  Thread Stats   Avg      Stdev     Max   +/- Stdev
    Latency     0.92ms  363.40us   5.84ms   72.02%
    Req/Sec    17.57k     3.38k   34.63k    74.71%
  Latency Distribution
     50%  805.00us
     75%    1.05ms
     90%    1.49ms
     99%    1.97ms
  2820365 requests in 10.10s, 27.17GB read
Requests/sec: 279262.28
Transfer/sec:      2.69GB
## server-stat
cpu  804348 333 460549 6359941 27782 0 171192 0 0 0
cpu0 24253 6 13198 201823 742 0 5636 0 0 0
cpu1 24526 7 13150 202314 553 0 5459 0 0 0
cpu2 24854 6 13075 202381 344 0 5381 0 0 0
cpu3 25392 7 13477 200680 1128 0 5425 0 0 0
cpu4 25664 6 13295 201056 658 0 5442 0 0 0
cpu5 25452 8 13273 201535 348 0 5378 0 0 0
cpu6 25044 6 13199 201971 330 0 5385 0 0 0
cpu7 24428 4 12983 202934 159 0 5279 0 0 0
cpu8 19911 8 14560 203779 939 0 3821 0 0 0
cpu9 21498 9 14801 200550 2156 0 3919 0 0 0
cpu10 20956 9 14927 201894 1126 0 4120 0 0 0
cpu11 20472 8 14969 203050 536 0 4091 0 0 0
cpu12 34762 77 15798 185337 2839 0 4232 0 0 0
cpu13 33753 10 15984 186910 2093 0 4342 0 0 0
cpu14 20763 7 15128 202406 766 0 4173 0 0 0
cpu15 19973 7 14361 204383 601 0 3815 0 0 0
cpu16 27685 4 13875 198888 330 0 5437 0 0 0
cpu17 27576 4 13838 198067 1183 0 5492 0 0 0
cpu18 27350 4 13740 199354 262 0 5437 0 0 0
cpu19 28246 5 14095 197651 587 0 5571 0 0 0
cpu20 28314 6 14084 197682 647 0 5563 0 0 0
cpu21 27179 4 13646 199344 495 0 5457 0 0 0
cpu22 26420 5 13747 198687 317 0 5463 0 0 0
cpu23 25616 7 13512 201033 270 0 5386 0 0 0
cpu24 22534 9 15843 199849 756 0 4376 0 0 0
cpu25 23620 9 16062 197773 1384 0 4555 0 0 0
cpu26 23183 7 15987 198643 1029 0 4569 0 0 0
cpu27 20322 4 14891 198183 962 0 8198 0 0 0
cpu28 31338 9 15472 185817 1578 0 8709 0 0 0
cpu29 32331 44 15495 185020 1260 0 8685 0 0 0
cpu30 19233 6 14612 199728 693 0 8072 0 0 0
cpu31 21685 6 15458 201205 696 0 4311 0 0 0
intr 565261032 126 0 0 0 0 0 0 0 0 1 0 0 0 0 0 0 0 0 0 0 0 0 0 0 0 0 0 1 1 1 0 0 0 0 1 0 1 0 0 75045 0 0 0 0 0 0 0 0 411 0 0 0 0 0 0 0 0 87 0 0 0 0 0 0 0 0 0 0 0 0 0 0 0 103736 2 10241485 10202799 10178679 10273523 0 2114 2222 2838 1466 3022 2616 2044 2516 1387 10044 17698 9696 8015 12623 14146 11045 7170 2658 1756 1399 2300 2179 1877 1504 1567 8703 6727 4720 5358 5941 5199 5807 7689 0 0 0 0 564237 2851 858 0 264 0 0 0 0 0 0 0 0 0 0 0 0 0 0 0 0 0 0 0 0 0 0 0 0 0 0 0 0 0 0 0 0 0 0 0 0 0 0 0 0 0 0 0 0 0 0 0 0 0 0 0 0 0 0 0 0 0 0 0 0 0 0 0 0 0 0 0 0 0 0 0 0 0 0 0 0 0 0 0 0 0 0 0 0 0 0 0 0 0 0 0 0 0 0 0 0 0 0 0 0 0 0 0 0 0 0 0 0 0 0 0 0 0 0 0 0 0 0 0 0 0 0 0 0 0 0 0 0 0 0 0 0 0 0 0 0 0 0 0 0 0 0 0 0 0 0 0 0 0 0 0 0 0 0 0 0 0 0 0 0 0 0 0 0 0 0 0 0 0 0 0 0 0 0 0 0 0 0 0 0 0 0 0 0 0 0 0 0 0 0 0 0 0 0 0 0 0 0 0 0 0 0 0 0 0 0 0 0 0 0 0 0 0 0 0 0 0 0 0 0 0 0 0 0 0 0 0 0 0 0 0 0 0 0 0 0 0 0 0 0 0 0 0 0 0 0 0 0 0 0 0 0 0 0 0 0 0 0 0 0 0 0 0 0 0 0 0 0 0 0 0 0 0 0 0 0 0 0 0 0 0 0 0 0 0 0 0 0 0 0 0 0 0 0 0 0 0 0 0 0 0 0 0 0 0 0 0 0 0 0 0 0 0 0 0 0 0 0 0 0 0 0 0 0 0 0 0 0 0 0 0 0 0 0 0 0 0 0 0 0 0 0 0 0 0 0 0 0 0 0 0 0 0 0 0 0 0 0 0 0 0 0 0 0 0 0 0 0 0 0 0 0 0 0 0 0 0 0 0 0 0 0 0 0 0 0 0 0 0 0 0 0 0 0 0 0 0 0 0 0 0 0 0 0 0 0 0 0 0 0 0 0 0 0 0 0 0 0 0 0 0 0 0 0 0 0 0 0 0 0 0 0 0 0 0 0 0 0 0 0 0 0 0 0 0 0 0 0 0 0 0 0 0 0 0 0 0 0 0 0 0 0 0 0 0 0 0 0 0 0 0 0 0 0 0 0 0 0 0 0 0 0 0 0 0 0 0 0 0 0 0 0 0 0 0 0 0 0 0 0 0 0 0 0 0 0 0 0 0 0 0 0 0 0 0 0 0 0 0 0 0 0 0 0 0 0 0 0 0 0 0 0 0 0 0 0 0 0 0 0 0 0 0 0 0 0 0 0 0 0 0 0 0 0 0 0 0 0 0 0 0 0 0 0 0 0 0 0 0 0 0 0 0 0 0 0 0 0 0 0 0 0 0 0 0 0 0 0 0 0 0 0 0 0 0 0 0 0 0 0 0 0 0 0 0 0 0 0 0 0 0 0 0 0 0 0 0 0 0 0 0 0 0 0 0 0 0 0 0 0 0 0 0 0 0 0 0 0 0 0 0 0 0 0 0 0 0 0 0 0 0 0 0 0 0 0 0 0 0 0 0 0 0 0 0 0 0 0 0 0 0 0 0 0 0 0 0 0 0 0 0 0 0 0 0 0 0 0 0 0 0 0 0 0 0 0 0 0 0 0 0 0 0 0 0 0 0 0 0 0 0 0 0 0 0 0 0 0 0 0 0 0 0 0 0 0 0 0 0 0 0 0 0 0 0 0 0 0 0 0 0 0 0 0 0 0 0 0 0 0 0 0 0 0 0 0 0 0 0 0 0 0 0 0 0 0 0 0 0 0 0 0 0 0 0 0 0 0 0 0 0 0 0 0 0 0 0 0 0 0 0 0 0 0 0 0 0 0 0 0 0 0 0 0 0 0 0 0 0 0 0 0 0 0 0 0 0 0 0 0 0 0 0 0 0 0 0 0 0 0 0 0 0 0 0 0 0 0 0 0 0 0 0 0 0 0 0 0 0 0 0 0 0 0 0 0 0 0 0 0 0 0 0 0 0 0 0 0 0 0 0 0 0 0 0 0 0 0 0 0 0 0 0 0 0 0 0 0 0 0 0 0 0 0 0 0 0 0 0 0 0 0 0 0 0 0 0 0 0 0 0 0 0 0 0 0 0 0 0 0 0 0 0 0 0 0 0 0 0 0 0 0 0 0 0 0 0 0 0 0 0 0 0 0 0 0 0 0 0 0 0 0 0 0 0 0 0 0 0 0 0 0 0 0 0 0 0 0 0 0 0 0 0 0 0 0 0 0 0 0 0 0 0 0 0 0 0 0 0 0 0 0 0 0 0 0 0 0 0 0 0 0 0 0 0 0 0 0 0 0 0 0 0 0 0 0 0 0 0 0 0 0 0 0 0 0 0 0 0 0 0 0 0 0 0 0 0 0 0 0 0 0 0 0 0 0 0 0 0 0 0 0 0 0 0 0 0 0 0 0 0 0 0 0 0 0 0 0 0 0 0 0 0 0 0 0 0 0 0 0 0 0 0 0 0 0 0 0 0 0 0 0 0 0 0 0 0 0 0 0 0 0
ctxt 728968015
btime 1790630938
processes 72158
procs_running 21
procs_blocked 0
softirq 821757888 73526 1366742 263781 797962206 107886 0 3043078 11636617 410 7303642
--
cpu  814806 333 462694 6370112 27796 0 172819 0 0 0
cpu0 24897 6 13278 201823 742 0 5711 0 0 0
cpu1 25167 7 13232 202314 553 0 5536 0 0 0
cpu2 25496 6 13161 202381 344 0 5454 0 0 0
cpu3 26032 7 13561 200680 1128 0 5500 0 0 0
cpu4 26307 6 13379 201056 658 0 5514 0 0 0
cpu5 26099 8 13352 201535 348 0 5453 0 0 0
cpu6 25692 6 13278 201971 330 0 5458 0 0 0
cpu7 25068 4 13066 202934 159 0 5356 0 0 0
cpu8 19921 8 14610 204415 939 0 3849 0 0 0
cpu9 21509 9 14855 201179 2156 0 3947 0 0 0
cpu10 20964 9 14983 202527 1126 0 4150 0 0 0
cpu11 20480 8 15011 203695 538 0 4115 0 0 0
cpu12 34776 77 15853 185965 2840 0 4259 0 0 0
cpu13 33763 10 16040 187537 2094 0 4370 0 0 0
cpu14 20770 8 15171 203065 766 0 4195 0 0 0
cpu15 19980 7 14403 205054 601 0 3836 0 0 0
cpu16 28328 4 13959 198888 330 0 5511 0 0 0
cpu17 28222 4 13920 198067 1183 0 5564 0 0 0
cpu18 27988 4 13828 199354 262 0 5512 0 0 0
cpu19 28888 5 14175 197651 587 0 5650 0 0 0
cpu20 28956 6 14165 197682 647 0 5640 0 0 0
cpu21 27823 4 13728 199344 495 0 5532 0 0 0
cpu22 27056 5 13832 198687 317 0 5542 0 0 0
cpu23 26252 7 13597 201033 270 0 5465 0 0 0
cpu24 22545 9 15894 200498 756 0 4402 0 0 0
cpu25 23634 9 16118 198397 1384 0 4585 0 0 0
cpu26 23197 7 16041 199270 1029 0 4596 0 0 0
cpu27 20332 4 14940 198816 969 0 8221 0 0 0
cpu28 31360 9 15532 186425 1582 0 8737 0 0 0
cpu29 32353 44 15554 185627 1260 0 8714 0 0 0
cpu30 19242 6 14660 200373 693 0 8098 0 0 0
cpu31 21696 6 15506 201854 696 0 4333 0 0 0
intr 567945831 126 0 0 0 0 0 0 0 0 1 0 0 0 0 0 0 0 0 0 0 0 0 0 0 0 0 0 1 1 1 0 0 0 0 1 0 1 0 0 75045 0 0 0 0 0 0 0 0 411 0 0 0 0 0 0 0 0 87 0 0 0 0 0 0 0 0 0 0 0 0 0 0 0 103909 2 10241555 10202829 10178710 10273547 0 2118 2222 2838 1466 3022 2616 2044 2516 1387 10044 17698 9696 8015 12626 14146 11045 7170 2658 1756 1399 2300 2179 1877 1504 1567 8703 6728 4720 5358 5942 5199 5807 7689 0 0 0 0 565837 2851 858 0 264 0 0 0 0 0 0 0 0 0 0 0 0 0 0 0 0 0 0 0 0 0 0 0 0 0 0 0 0 0 0 0 0 0 0 0 0 0 0 0 0 0 0 0 0 0 0 0 0 0 0 0 0 0 0 0 0 0 0 0 0 0 0 0 0 0 0 0 0 0 0 0 0 0 0 0 0 0 0 0 0 0 0 0 0 0 0 0 0 0 0 0 0 0 0 0 0 0 0 0 0 0 0 0 0 0 0 0 0 0 0 0 0 0 0 0 0 0 0 0 0 0 0 0 0 0 0 0 0 0 0 0 0 0 0 0 0 0 0 0 0 0 0 0 0 0 0 0 0 0 0 0 0 0 0 0 0 0 0 0 0 0 0 0 0 0 0 0 0 0 0 0 0 0 0 0 0 0 0 0 0 0 0 0 0 0 0 0 0 0 0 0 0 0 0 0 0 0 0 0 0 0 0 0 0 0 0 0 0 0 0 0 0 0 0 0 0 0 0 0 0 0 0 0 0 0 0 0 0 0 0 0 0 0 0 0 0 0 0 0 0 0 0 0 0 0 0 0 0 0 0 0 0 0 0 0 0 0 0 0 0 0 0 0 0 0 0 0 0 0 0 0 0 0 0 0 0 0 0 0 0 0 0 0 0 0 0 0 0 0 0 0 0 0 0 0 0 0 0 0 0 0 0 0 0 0 0 0 0 0 0 0 0 0 0 0 0 0 0 0 0 0 0 0 0 0 0 0 0 0 0 0 0 0 0 0 0 0 0 0 0 0 0 0 0 0 0 0 0 0 0 0 0 0 0 0 0 0 0 0 0 0 0 0 0 0 0 0 0 0 0 0 0 0 0 0 0 0 0 0 0 0 0 0 0 0 0 0 0 0 0 0 0 0 0 0 0 0 0 0 0 0 0 0 0 0 0 0 0 0 0 0 0 0 0 0 0 0 0 0 0 0 0 0 0 0 0 0 0 0 0 0 0 0 0 0 0 0 0 0 0 0 0 0 0 0 0 0 0 0 0 0 0 0 0 0 0 0 0 0 0 0 0 0 0 0 0 0 0 0 0 0 0 0 0 0 0 0 0 0 0 0 0 0 0 0 0 0 0 0 0 0 0 0 0 0 0 0 0 0 0 0 0 0 0 0 0 0 0 0 0 0 0 0 0 0 0 0 0 0 0 0 0 0 0 0 0 0 0 0 0 0 0 0 0 0 0 0 0 0 0 0 0 0 0 0 0 0 0 0 0 0 0 0 0 0 0 0 0 0 0 0 0 0 0 0 0 0 0 0 0 0 0 0 0 0 0 0 0 0 0 0 0 0 0 0 0 0 0 0 0 0 0 0 0 0 0 0 0 0 0 0 0 0 0 0 0 0 0 0 0 0 0 0 0 0 0 0 0 0 0 0 0 0 0 0 0 0 0 0 0 0 0 0 0 0 0 0 0 0 0 0 0 0 0 0 0 0 0 0 0 0 0 0 0 0 0 0 0 0 0 0 0 0 0 0 0 0 0 0 0 0 0 0 0 0 0 0 0 0 0 0 0 0 0 0 0 0 0 0 0 0 0 0 0 0 0 0 0 0 0 0 0 0 0 0 0 0 0 0 0 0 0 0 0 0 0 0 0 0 0 0 0 0 0 0 0 0 0 0 0 0 0 0 0 0 0 0 0 0 0 0 0 0 0 0 0 0 0 0 0 0 0 0 0 0 0 0 0 0 0 0 0 0 0 0 0 0 0 0 0 0 0 0 0 0 0 0 0 0 0 0 0 0 0 0 0 0 0 0 0 0 0 0 0 0 0 0 0 0 0 0 0 0 0 0 0 0 0 0 0 0 0 0 0 0 0 0 0 0 0 0 0 0 0 0 0 0 0 0 0 0 0 0 0 0 0 0 0 0 0 0 0 0 0 0 0 0 0 0 0 0 0 0 0 0 0 0 0 0 0 0 0 0 0 0 0 0 0 0 0 0 0 0 0 0 0 0 0 0 0 0 0 0 0 0 0 0 0 0 0 0 0 0 0 0 0 0 0 0 0 0 0 0 0 0 0 0 0 0 0 0 0 0 0 0 0 0 0 0 0 0 0 0 0 0 0 0 0 0 0 0 0 0 0 0 0 0 0 0 0 0 0 0 0 0 0 0 0 0 0 0 0 0 0 0 0 0 0 0 0 0 0 0 0 0 0 0 0 0 0 0 0 0 0 0 0 0 0 0 0 0 0 0 0 0 0 0 0 0 0 0 0 0 0 0 0 0 0 0 0 0 0 0 0 0 0 0 0 0 0 0 0 0 0 0 0 0 0 0 0 0 0 0 0 0 0 0 0 0 0 0 0 0 0 0 0 0 0 0 0 0 0 0 0 0 0 0 0 0 0 0 0 0 0 0 0 0 0 0 0 0 0 0 0 0 0 0 0 0 0 0 0 0 0 0 0 0 0 0 0 0 0 0 0 0 0 0 0 0 0 0 0 0 0 0 0 0 0 0 0 0 0
ctxt 733782361
btime 1790630938
processes 72201
procs_running 18
procs_blocked 0
softirq 830811875 73526 1422168 263781 806881980 108062 0 3043078 11661435 410 7357435
