Running 10s test @ http://127.0.0.1:18500/wait
  16 threads and 256 connections
  Thread Stats   Avg      Stdev     Max   +/- Stdev
    Latency    10.15ms  298.28us  11.56ms   90.49%
    Req/Sec     1.58k    23.75     1.63k    83.65%
  Latency Distribution
     50%   10.21ms
     75%   10.26ms
     90%   10.31ms
     99%   10.45ms
  252515 requests in 10.09s, 31.55MB read
Requests/sec:  25014.82
Transfer/sec:      3.13MB
## server-stat
cpu  816351 334 463045 6385894 27811 0 173096 0 0 0
cpu0 24991 6 13294 202267 742 0 5732 0 0 0
cpu1 25259 8 13248 202759 554 0 5556 0 0 0
cpu2 25589 6 13174 202831 344 0 5470 0 0 0
cpu3 26127 7 13581 201117 1128 0 5515 0 0 0
cpu4 26402 6 13396 201495 658 0 5529 0 0 0
cpu5 26192 8 13366 201985 348 0 5465 0 0 0
cpu6 25784 6 13289 202426 330 0 5470 0 0 0
cpu7 25160 4 13078 203389 159 0 5367 0 0 0
cpu8 19924 8 14617 204955 939 0 3853 0 0 0
cpu9 21514 9 14862 201713 2156 0 3952 0 0 0
cpu10 20967 9 14991 203064 1126 0 4154 0 0 0
cpu11 20482 8 15017 204237 539 0 4118 0 0 0
cpu12 34798 77 15862 186481 2840 0 4264 0 0 0
cpu13 33771 10 16049 188066 2094 0 4375 0 0 0
cpu14 20772 8 15177 203608 766 0 4198 0 0 0
cpu15 19982 7 14409 205599 601 0 3839 0 0 0
cpu16 28418 4 13971 199341 330 0 5524 0 0 0
cpu17 28312 4 13935 198521 1183 0 5574 0 0 0
cpu18 28080 4 13840 199809 262 0 5522 0 0 0
cpu19 28981 5 14189 198098 587 0 5663 0 0 0
cpu20 29049 6 14178 198133 647 0 5650 0 0 0
cpu21 27914 4 13739 199798 495 0 5544 0 0 0
cpu22 27148 5 13844 199137 317 0 5553 0 0 0
cpu23 26342 7 13610 201486 270 0 5477 0 0 0
cpu24 22547 9 15901 201042 756 0 4406 0 0 0
cpu25 23637 9 16127 198934 1384 0 4590 0 0 0
cpu26 23199 7 16050 199809 1029 0 4600 0 0 0
cpu27 20334 4 14948 199358 969 0 8225 0 0 0
cpu28 31362 9 15543 186948 1595 0 8743 0 0 0
cpu29 32360 44 15562 186160 1260 0 8719 0 0 0
cpu30 19244 6 14668 200916 693 0 8100 0 0 0
cpu31 21698 6 15514 202398 696 0 4336 0 0 0
intr 568500031 126 0 0 0 0 0 0 0 0 1 0 0 0 0 0 0 0 0 0 0 0 0 0 0 0 0 0 1 1 1 0 0 0 0 1 0 1 0 0 75045 0 0 0 0 0 0 0 0 411 0 0 0 0 0 0 0 0 87 0 0 0 0 0 0 0 0 0 0 0 0 0 0 0 104024 2 10241599 10202871 10178729 10273619 0 2123 2222 2838 1466 3022 2616 2044 2516 1387 10044 17699 9696 8016 12626 14146 11045 7170 2658 1756 1399 2300 2179 1877 1504 1567 8703 6729 4720 5358 5942 5199 5810 7689 0 0 0 0 566975 2854 858 0 264 0 0 0 0 0 0 0 0 0 0 0 0 0 0 0 0 0 0 0 0 0 0 0 0 0 0 0 0 0 0 0 0 0 0 0 0 0 0 0 0 0 0 0 0 0 0 0 0 0 0 0 0 0 0 0 0 0 0 0 0 0 0 0 0 0 0 0 0 0 0 0 0 0 0 0 0 0 0 0 0 0 0 0 0 0 0 0 0 0 0 0 0 0 0 0 0 0 0 0 0 0 0 0 0 0 0 0 0 0 0 0 0 0 0 0 0 0 0 0 0 0 0 0 0 0 0 0 0 0 0 0 0 0 0 0 0 0 0 0 0 0 0 0 0 0 0 0 0 0 0 0 0 0 0 0 0 0 0 0 0 0 0 0 0 0 0 0 0 0 0 0 0 0 0 0 0 0 0 0 0 0 0 0 0 0 0 0 0 0 0 0 0 0 0 0 0 0 0 0 0 0 0 0 0 0 0 0 0 0 0 0 0 0 0 0 0 0 0 0 0 0 0 0 0 0 0 0 0 0 0 0 0 0 0 0 0 0 0 0 0 0 0 0 0 0 0 0 0 0 0 0 0 0 0 0 0 0 0 0 0 0 0 0 0 0 0 0 0 0 0 0 0 0 0 0 0 0 0 0 0 0 0 0 0 0 0 0 0 0 0 0 0 0 0 0 0 0 0 0 0 0 0 0 0 0 0 0 0 0 0 0 0 0 0 0 0 0 0 0 0 0 0 0 0 0 0 0 0 0 0 0 0 0 0 0 0 0 0 0 0 0 0 0 0 0 0 0 0 0 0 0 0 0 0 0 0 0 0 0 0 0 0 0 0 0 0 0 0 0 0 0 0 0 0 0 0 0 0 0 0 0 0 0 0 0 0 0 0 0 0 0 0 0 0 0 0 0 0 0 0 0 0 0 0 0 0 0 0 0 0 0 0 0 0 0 0 0 0 0 0 0 0 0 0 0 0 0 0 0 0 0 0 0 0 0 0 0 0 0 0 0 0 0 0 0 0 0 0 0 0 0 0 0 0 0 0 0 0 0 0 0 0 0 0 0 0 0 0 0 0 0 0 0 0 0 0 0 0 0 0 0 0 0 0 0 0 0 0 0 0 0 0 0 0 0 0 0 0 0 0 0 0 0 0 0 0 0 0 0 0 0 0 0 0 0 0 0 0 0 0 0 0 0 0 0 0 0 0 0 0 0 0 0 0 0 0 0 0 0 0 0 0 0 0 0 0 0 0 0 0 0 0 0 0 0 0 0 0 0 0 0 0 0 0 0 0 0 0 0 0 0 0 0 0 0 0 0 0 0 0 0 0 0 0 0 0 0 0 0 0 0 0 0 0 0 0 0 0 0 0 0 0 0 0 0 0 0 0 0 0 0 0 0 0 0 0 0 0 0 0 0 0 0 0 0 0 0 0 0 0 0 0 0 0 0 0 0 0 0 0 0 0 0 0 0 0 0 0 0 0 0 0 0 0 0 0 0 0 0 0 0 0 0 0 0 0 0 0 0 0 0 0 0 0 0 0 0 0 0 0 0 0 0 0 0 0 0 0 0 0 0 0 0 0 0 0 0 0 0 0 0 0 0 0 0 0 0 0 0 0 0 0 0 0 0 0 0 0 0 0 0 0 0 0 0 0 0 0 0 0 0 0 0 0 0 0 0 0 0 0 0 0 0 0 0 0 0 0 0 0 0 0 0 0 0 0 0 0 0 0 0 0 0 0 0 0 0 0 0 0 0 0 0 0 0 0 0 0 0 0 0 0 0 0 0 0 0 0 0 0 0 0 0 0 0 0 0 0 0 0 0 0 0 0 0 0 0 0 0 0 0 0 0 0 0 0 0 0 0 0 0 0 0 0 0 0 0 0 0 0 0 0 0 0 0 0 0 0 0 0 0 0 0 0 0 0 0 0 0 0 0 0 0 0 0 0 0 0 0 0 0 0 0 0 0 0 0 0 0 0 0 0 0 0 0 0 0 0 0 0 0 0 0 0 0 0 0 0 0 0 0 0 0 0 0 0 0 0 0 0 0 0 0 0 0 0 0 0 0 0 0 0 0 0 0 0 0 0 0 0 0 0 0 0 0 0 0 0 0 0 0 0 0 0 0 0 0 0 0 0 0 0 0 0 0 0 0 0 0 0 0 0 0 0 0 0 0 0 0 0 0 0 0 0 0 0 0 0 0 0 0 0 0 0 0 0 0 0 0 0 0 0 0 0 0 0 0 0 0 0 0 0 0 0 0 0 0 0 0 0 0 0 0 0 0 0 0 0 0 0 0 0 0 0 0 0 0 0 0 0 0 0 0 0 0 0 0 0 0 0 0 0 0 0 0 0 0 0 0 0 0 0 0 0 0 0 0 0 0 0 0 0 0 0 0 0 0 0 0 0 0 0 0 0 0 0 0 0 0 0 0 0 0 0 0 0 0 0 0 0 0 0 0 0 0 0 0 0 0 0 0 0 0 0 0 0 0 0 0 0 0 0
ctxt 734709310
btime 1790630938
processes 72364
procs_running 1
procs_blocked 0
softirq 832321128 73526 1432470 263783 808346521 108183 0 3043088 11675826 410 7377321
--
cpu  816460 334 463124 6411043 27840 0 173164 0 0 0
cpu0 24994 6 13298 203052 742 0 5747 0 0 0
cpu1 25263 8 13253 203541 554 0 5565 0 0 0
cpu2 25590 6 13174 203626 344 0 5472 0 0 0
cpu3 26136 7 13594 201880 1128 0 5525 0 0 0
cpu4 26410 6 13410 202256 658 0 5538 0 0 0
cpu5 26194 8 13369 202774 349 0 5467 0 0 0
cpu6 25784 6 13290 203226 330 0 5470 0 0 0
cpu7 25160 4 13078 204188 159 0 5367 0 0 0
cpu8 19927 8 14619 205744 939 0 3853 0 0 0
cpu9 21518 9 14864 202496 2156 0 3953 0 0 0
cpu10 20971 9 14991 203846 1126 0 4155 0 0 0
cpu11 20485 8 15017 205022 539 0 4119 0 0 0
cpu12 34808 77 15864 187254 2840 0 4265 0 0 0
cpu13 33795 10 16054 188828 2094 0 4376 0 0 0
cpu14 20775 8 15178 204394 766 0 4199 0 0 0
cpu15 19984 7 14410 206387 601 0 3840 0 0 0
cpu16 28418 4 13971 200140 330 0 5524 0 0 0
cpu17 28312 4 13935 199321 1183 0 5574 0 0 0
cpu18 28080 4 13840 200608 262 0 5522 0 0 0
cpu19 28991 5 14200 198866 587 0 5670 0 0 0
cpu20 29052 6 14184 198916 647 0 5655 0 0 0
cpu21 27914 4 13740 200597 495 0 5545 0 0 0
cpu22 27148 5 13845 199930 317 0 5553 0 0 0
cpu23 26342 7 13610 202286 270 0 5478 0 0 0
cpu24 22547 9 15902 201832 756 0 4406 0 0 0
cpu25 23639 9 16129 199721 1385 0 4590 0 0 0
cpu26 23199 7 16051 200598 1029 0 4601 0 0 0
cpu27 20334 4 14948 200152 969 0 8225 0 0 0
cpu28 31363 9 15545 187723 1606 0 8743 0 0 0
cpu29 32372 44 15565 186927 1270 0 8720 0 0 0
cpu30 19245 6 14669 201704 699 0 8101 0 0 0
cpu31 21698 6 15514 203195 697 0 4336 0 0 0
intr 568815373 126 0 0 0 0 0 0 0 0 1 0 0 0 0 0 0 0 0 0 0 0 0 0 0 0 0 0 1 1 1 0 0 0 0 1 0 1 0 0 75045 0 0 0 0 0 0 0 0 411 0 0 0 0 0 0 0 0 87 0 0 0 0 0 0 0 0 0 0 0 0 0 0 0 104233 2 10241650 10202912 10178780 10273663 0 2131 2222 2838 1466 3022 2616 2044 2516 1387 10044 17700 9696 8016 12626 14146 11045 7170 2658 1756 1399 2301 2179 1877 1504 1567 8703 6731 4720 5358 5942 5199 5816 7689 0 0 0 0 568574 2854 858 0 264 0 0 0 0 0 0 0 0 0 0 0 0 0 0 0 0 0 0 0 0 0 0 0 0 0 0 0 0 0 0 0 0 0 0 0 0 0 0 0 0 0 0 0 0 0 0 0 0 0 0 0 0 0 0 0 0 0 0 0 0 0 0 0 0 0 0 0 0 0 0 0 0 0 0 0 0 0 0 0 0 0 0 0 0 0 0 0 0 0 0 0 0 0 0 0 0 0 0 0 0 0 0 0 0 0 0 0 0 0 0 0 0 0 0 0 0 0 0 0 0 0 0 0 0 0 0 0 0 0 0 0 0 0 0 0 0 0 0 0 0 0 0 0 0 0 0 0 0 0 0 0 0 0 0 0 0 0 0 0 0 0 0 0 0 0 0 0 0 0 0 0 0 0 0 0 0 0 0 0 0 0 0 0 0 0 0 0 0 0 0 0 0 0 0 0 0 0 0 0 0 0 0 0 0 0 0 0 0 0 0 0 0 0 0 0 0 0 0 0 0 0 0 0 0 0 0 0 0 0 0 0 0 0 0 0 0 0 0 0 0 0 0 0 0 0 0 0 0 0 0 0 0 0 0 0 0 0 0 0 0 0 0 0 0 0 0 0 0 0 0 0 0 0 0 0 0 0 0 0 0 0 0 0 0 0 0 0 0 0 0 0 0 0 0 0 0 0 0 0 0 0 0 0 0 0 0 0 0 0 0 0 0 0 0 0 0 0 0 0 0 0 0 0 0 0 0 0 0 0 0 0 0 0 0 0 0 0 0 0 0 0 0 0 0 0 0 0 0 0 0 0 0 0 0 0 0 0 0 0 0 0 0 0 0 0 0 0 0 0 0 0 0 0 0 0 0 0 0 0 0 0 0 0 0 0 0 0 0 0 0 0 0 0 0 0 0 0 0 0 0 0 0 0 0 0 0 0 0 0 0 0 0 0 0 0 0 0 0 0 0 0 0 0 0 0 0 0 0 0 0 0 0 0 0 0 0 0 0 0 0 0 0 0 0 0 0 0 0 0 0 0 0 0 0 0 0 0 0 0 0 0 0 0 0 0 0 0 0 0 0 0 0 0 0 0 0 0 0 0 0 0 0 0 0 0 0 0 0 0 0 0 0 0 0 0 0 0 0 0 0 0 0 0 0 0 0 0 0 0 0 0 0 0 0 0 0 0 0 0 0 0 0 0 0 0 0 0 0 0 0 0 0 0 0 0 0 0 0 0 0 0 0 0 0 0 0 0 0 0 0 0 0 0 0 0 0 0 0 0 0 0 0 0 0 0 0 0 0 0 0 0 0 0 0 0 0 0 0 0 0 0 0 0 0 0 0 0 0 0 0 0 0 0 0 0 0 0 0 0 0 0 0 0 0 0 0 0 0 0 0 0 0 0 0 0 0 0 0 0 0 0 0 0 0 0 0 0 0 0 0 0 0 0 0 0 0 0 0 0 0 0 0 0 0 0 0 0 0 0 0 0 0 0 0 0 0 0 0 0 0 0 0 0 0 0 0 0 0 0 0 0 0 0 0 0 0 0 0 0 0 0 0 0 0 0 0 0 0 0 0 0 0 0 0 0 0 0 0 0 0 0 0 0 0 0 0 0 0 0 0 0 0 0 0 0 0 0 0 0 0 0 0 0 0 0 0 0 0 0 0 0 0 0 0 0 0 0 0 0 0 0 0 0 0 0 0 0 0 0 0 0 0 0 0 0 0 0 0 0 0 0 0 0 0 0 0 0 0 0 0 0 0 0 0 0 0 0 0 0 0 0 0 0 0 0 0 0 0 0 0 0 0 0 0 0 0 0 0 0 0 0 0 0 0 0 0 0 0 0 0 0 0 0 0 0 0 0 0 0 0 0 0 0 0 0 0 0 0 0 0 0 0 0 0 0 0 0 0 0 0 0 0 0 0 0 0 0 0 0 0 0 0 0 0 0 0 0 0 0 0 0 0 0 0 0 0 0 0 0 0 0 0 0 0 0 0 0 0 0 0 0 0 0 0 0 0 0 0 0 0 0 0 0 0 0 0 0 0 0 0 0 0 0 0 0 0 0 0 0 0 0 0 0 0 0 0 0 0 0 0 0 0 0 0 0 0 0 0 0 0 0 0 0 0 0 0 0 0 0 0 0 0 0 0 0 0 0 0 0 0 0 0 0 0 0 0 0 0 0 0 0 0 0 0 0 0 0 0 0 0 0 0 0 0 0 0 0 0 0 0 0 0 0 0 0 0 0 0 0 0 0 0 0 0 0 0 0 0 0 0 0 0 0 0 0 0 0 0 0 0 0 0 0 0 0 0 0 0 0 0 0 0 0 0 0 0 0 0 0 0 0 0 0 0 0 0 0 0 0 0 0 0 0 0 0 0 0 0 0 0 0 0 0 0 0 0 0 0 0 0 0 0 0 0 0 0 0 0 0 0 0 0 0 0 0 0 0 0 0 0 0 0 0 0 0 0 0 0 0 0 0 0 0 0 0 0 0 0 0 0 0 0
ctxt 735180813
btime 1790630938
processes 72442
procs_running 3
procs_blocked 0
softirq 832766663 73526 1436835 263783 808750564 108409 0 3043088 11693607 410 7396441
