Running 10s test @ http://192.168.10.15:18500/
  32 threads and 512 connections
  Thread Stats   Avg      Stdev     Max   +/- Stdev
    Latency     1.13ms  129.77us   8.06ms   74.83%
    Req/Sec    13.92k   681.54    21.94k    82.28%
  Latency Distribution
     50%    1.13ms
     75%    1.20ms
     90%    1.28ms
     99%    1.47ms
  4469448 requests in 10.10s, 537.06MB read
Requests/sec: 442548.57
Transfer/sec:     53.18MB
## drops 0 0
## server-stat
cpu  1350641 485 702026 10713858 31937 0 266973 0 0 0
cpu0 46109 8 20902 335672 830 0 9072 0 0 0
cpu1 46625 10 20785 336812 572 0 8662 0 0 0
cpu2 46951 8 20693 336921 376 0 8588 0 0 0
cpu3 47803 11 21172 334744 1184 0 8629 0 0 0
cpu4 48147 10 20971 335023 723 0 8720 0 0 0
cpu5 47773 10 20861 335869 360 0 8592 0 0 0
cpu6 47202 8 20767 336541 354 0 8576 0 0 0
cpu7 46157 7 20536 337856 226 0 8392 0 0 0
cpu8 29927 14 21919 344678 1068 0 5636 0 0 0
cpu9 33131 16 22462 339089 2417 0 5857 0 0 0
cpu10 32313 15 22348 341518 1203 0 5967 0 0 0
cpu11 30723 12 21619 345792 657 0 5640 0 0 0
cpu12 48527 84 23082 323554 3073 0 6085 0 0 0
cpu13 47341 15 23344 324948 2454 0 6229 0 0 0
cpu14 30580 11 21219 347659 871 0 5512 0 0 0
cpu15 29074 11 19948 351610 653 0 5030 0 0 0
cpu16 50770 6 21645 332203 368 0 8802 0 0 0
cpu17 50664 6 21660 331295 1260 0 8840 0 0 0
cpu18 50400 7 21534 332704 287 0 8739 0 0 0
cpu19 51741 8 22029 330122 665 0 8993 0 0 0
cpu20 51971 10 21959 330205 698 0 8970 0 0 0
cpu21 50228 7 21477 332404 606 0 8803 0 0 0
cpu22 49185 8 21463 332267 338 0 8729 0 0 0
cpu23 47866 10 21152 335157 303 0 8627 0 0 0
cpu24 33152 14 22383 343181 858 0 6083 0 0 0
cpu25 35721 16 24228 334542 1612 0 7030 0 0 0
cpu26 34709 15 23876 336560 1267 0 6867 0 0 0
cpu27 29833 8 21385 336527 1128 0 12423 0 0 0
cpu28 46755 23 25054 311317 1957 0 15242 0 0 0
cpu29 48490 63 25343 308496 1936 0 15358 0 0 0
cpu30 28793 9 21594 336140 841 0 12234 0 0 0
cpu31 31962 9 22601 342438 776 0 6033 0 0 0
intr 1177751113 126 0 0 0 0 0 0 0 0 1 0 0 0 0 0 0 0 0 0 0 0 0 0 0 0 0 0 1 1 1 0 0 0 0 1 0 1 0 0 75045 0 0 0 0 0 0 0 0 411 0 0 0 0 0 0 0 0 87 0 0 0 0 0 0 0 0 0 0 0 0 0 0 0 144042 2 24925374 24867657 24830170 24949854 0 3504 2406 2946 1581 3093 2652 2075 2562 1481 10363 18292 10247 8270 13316 14937 11351 7432 2699 1796 1460 2369 2249 1936 1622 1627 8947 7238 5105 5823 6512 5837 6131 7982 0 0 0 0 616284 3045 1036 0 264 0 0 0 0 0 0 0 0 0 0 0 0 0 0 0 0 0 0 0 0 0 0 0 0 0 0 0 0 0 0 0 0 0 0 0 0 0 0 0 0 0 0 0 0 0 0 0 0 0 0 0 0 0 0 0 0 0 0 0 0 0 0 0 0 0 0 0 0 0 0 0 0 0 0 0 0 0 0 0 0 0 0 0 0 0 0 0 0 0 0 0 0 0 0 0 0 0 0 0 0 0 0 0 0 0 0 0 0 0 0 0 0 0 0 0 0 0 0 0 0 0 0 0 0 0 0 0 0 0 0 0 0 0 0 0 0 0 0 0 0 0 0 0 0 0 0 0 0 0 0 0 0 0 0 0 0 0 0 0 0 0 0 0 0 0 0 0 0 0 0 0 0 0 0 0 0 0 0 0 0 0 0 0 0 0 0 0 0 0 0 0 0 0 0 0 0 0 0 0 0 0 0 0 0 0 0 0 0 0 0 0 0 0 0 0 0 0 0 0 0 0 0 0 0 0 0 0 0 0 0 0 0 0 0 0 0 0 0 0 0 0 0 0 0 0 0 0 0 0 0 0 0 0 0 0 0 0 0 0 0 0 0 0 0 0 0 0 0 0 0 0 0 0 0 0 0 0 0 0 0 0 0 0 0 0 0 0 0 0 0 0 0 0 0 0 0 0 0 0 0 0 0 0 0 0 0 0 0 0 0 0 0 0 0 0 0 0 0 0 0 0 0 0 0 0 0 0 0 0 0 0 0 0 0 0 0 0 0 0 0 0 0 0 0 0 0 0 0 0 0 0 0 0 0 0 0 0 0 0 0 0 0 0 0 0 0 0 0 0 0 0 0 0 0 0 0 0 0 0 0 0 0 0 0 0 0 0 0 0 0 0 0 0 0 0 0 0 0 0 0 0 0 0 0 0 0 0 0 0 0 0 0 0 0 0 0 0 0 0 0 0 0 0 0 0 0 0 0 0 0 0 0 0 0 0 0 0 0 0 0 0 0 0 0 0 0 0 0 0 0 0 0 0 0 0 0 0 0 0 0 0 0 0 0 0 0 0 0 0 0 0 0 0 0 0 0 0 0 0 0 0 0 0 0 0 0 0 0 0 0 0 0 0 0 0 0 0 0 0 0 0 0 0 0 0 0 0 0 0 0 0 0 0 0 0 0 0 0 0 0 0 0 0 0 0 0 0 0 0 0 0 0 0 0 0 0 0 0 0 0 0 0 0 0 0 0 0 0 0 0 0 0 0 0 0 0 0 0 0 0 0 0 0 0 0 0 0 0 0 0 0 0 0 0 0 0 0 0 0 0 0 0 0 0 0 0 0 0 0 0 0 0 0 0 0 0 0 0 0 0 0 0 0 0 0 0 0 0 0 0 0 0 0 0 0 0 0 0 0 0 0 0 0 0 0 0 0 0 0 0 0 0 0 0 0 0 0 0 0 0 0 0 0 0 0 0 0 0 0 0 0 0 0 0 0 0 0 0 0 0 0 0 0 0 0 0 0 0 0 0 0 0 0 0 0 0 0 0 0 0 0 0 0 0 0 0 0 0 0 0 0 0 0 0 0 0 0 0 0 0 0 0 0 0 0 0 0 0 0 0 0 0 0 0 0 0 0 0 0 0 0 0 0 0 0 0 0 0 0 0 0 0 0 0 0 0 0 0 0 0 0 0 0 0 0 0 0 0 0 0 0 0 0 0 0 0 0 0 0 0 0 0 0 0 0 0 0 0 0 0 0 0 0 0 0 0 0 0 0 0 0 0 0 0 0 0 0 0 0 0 0 0 0 0 0 0 0 0 0 0 0 0 0 0 0 0 0 0 0 0 0 0 0 0 0 0 0 0 0 0 0 0 0 0 0 0 0 0 0 0 0 0 0 0 0 0 0 0 0 0 0 0 0 0 0 0 0 0 0 0 0 0 0 0 0 0 0 0 0 0 0 0 0 0 0 0 0 0 0 0 0 0 0 0 0 0 0 0 0 0 0 0 0 0 0 0 0 0 0 0 0 0 0 0 0 0 0 0 0 0 0 0 0 0 0 0 0 0 0 0 0 0 0 0 0 0 0 0 0 0 0 0 0 0 0 0 0 0 0 0 0 0 0 0 0 0 0 0 0 0 0 0 0 0 0 0 0 0 0 0 0 0 0 0 0 0 0 0 0 0 0 0 0 0 0 0 0 0 0 0 0 0 0 0 0 0 0 0 0 0 0 0 0 0 0 0 0 0 0 0 0 0 0 0 0 0 0 0 0 0 0 0 0 0 0 0 0 0 0 0 0 0 0 0 0 0 0 0 0 0 0 0 0 0 0 0 0 0 0 0 0 0 0 0 0 0 0 0 0 0 0 0 0 0 0 0 0 0 0 0 0 0 0 0 0 0 0 0 0 0 0 0 0 0 0 0 0 0 0 0 0 0 0 0 0 0 0 0 0 0 0 0 0 0 0 0 0 0 0 0 0 0 0 0 0 0 0 0 0 0 0 0
ctxt 1565225598
btime 1790630938
processes 120376
procs_running 15
procs_blocked 0
softirq 1380987971 73526 2881286 1735584 1333567668 149953 0 9423266 20226060 410 12930218
--
cpu  1357491 486 704048 10728364 31938 0 267721 0 0 0
cpu0 46228 8 20962 336234 830 0 9078 0 0 0
cpu1 46718 10 20823 337444 572 0 8667 0 0 0
cpu2 47022 8 20724 337592 376 0 8590 0 0 0
cpu3 47854 11 21192 335454 1184 0 8630 0 0 0
cpu4 48191 10 20987 335745 723 0 8721 0 0 0
cpu5 47805 10 20874 336606 360 0 8593 0 0 0
cpu6 47227 8 20778 337290 354 0 8576 0 0 0
cpu7 46172 7 20543 338626 226 0 8392 0 0 0
cpu8 30160 14 21979 345137 1068 0 5645 0 0 0
cpu9 33381 16 22523 339534 2417 0 5868 0 0 0
cpu10 32574 15 22411 341945 1204 0 5981 0 0 0
cpu11 30988 12 21682 346217 657 0 5653 0 0 0
cpu12 48789 84 23150 323967 3074 0 6097 0 0 0
cpu13 47629 15 23410 325338 2454 0 6244 0 0 0
cpu14 30841 11 21285 348074 871 0 5526 0 0 0
cpu15 29307 11 20006 352064 653 0 5044 0 0 0
cpu16 50883 6 21691 332795 368 0 8808 0 0 0
cpu17 50841 6 21732 331786 1260 0 8851 0 0 0
cpu18 50590 7 21610 333171 287 0 8752 0 0 0
cpu19 52026 8 22131 330439 665 0 9024 0 0 0
cpu20 52274 10 22070 330493 698 0 9003 0 0 0
cpu21 50475 7 21569 332789 606 0 8819 0 0 0
cpu22 49375 8 21537 332741 338 0 8738 0 0 0
cpu23 47982 10 21205 335739 303 0 8632 0 0 0
cpu24 33512 14 22475 343443 858 0 6114 0 0 0
cpu25 36087 16 24318 334793 1612 0 7065 0 0 0
cpu26 35069 15 23969 336814 1267 0 6905 0 0 0
cpu27 30165 8 21464 336748 1128 0 12506 0 0 0
cpu28 47089 23 25139 311520 1957 0 15346 0 0 0
cpu29 48830 63 25424 308707 1936 0 15456 0 0 0
cpu30 29085 9 21675 336395 841 0 12320 0 0 0
cpu31 32307 9 22694 342710 776 0 6062 0 0 0
intr 1183505241 126 0 0 0 0 0 0 0 0 1 0 0 0 0 0 0 0 0 0 0 0 0 0 0 0 0 0 1 1 1 0 0 0 0 1 0 1 0 0 75045 0 0 0 0 0 0 0 0 411 0 0 0 0 0 0 0 0 87 0 0 0 0 0 0 0 0 0 0 0 0 0 0 0 144042 2 25088668 25030944 24993464 25113148 0 3512 2406 2946 1581 3093 2652 2075 2562 1481 10363 18292 10248 8270 13316 14937 11352 7435 2699 1796 1460 2370 2249 1940 1622 1627 8947 7238 5105 5823 6512 5837 6134 7984 0 0 0 0 616288 3045 1036 0 264 0 0 0 0 0 0 0 0 0 0 0 0 0 0 0 0 0 0 0 0 0 0 0 0 0 0 0 0 0 0 0 0 0 0 0 0 0 0 0 0 0 0 0 0 0 0 0 0 0 0 0 0 0 0 0 0 0 0 0 0 0 0 0 0 0 0 0 0 0 0 0 0 0 0 0 0 0 0 0 0 0 0 0 0 0 0 0 0 0 0 0 0 0 0 0 0 0 0 0 0 0 0 0 0 0 0 0 0 0 0 0 0 0 0 0 0 0 0 0 0 0 0 0 0 0 0 0 0 0 0 0 0 0 0 0 0 0 0 0 0 0 0 0 0 0 0 0 0 0 0 0 0 0 0 0 0 0 0 0 0 0 0 0 0 0 0 0 0 0 0 0 0 0 0 0 0 0 0 0 0 0 0 0 0 0 0 0 0 0 0 0 0 0 0 0 0 0 0 0 0 0 0 0 0 0 0 0 0 0 0 0 0 0 0 0 0 0 0 0 0 0 0 0 0 0 0 0 0 0 0 0 0 0 0 0 0 0 0 0 0 0 0 0 0 0 0 0 0 0 0 0 0 0 0 0 0 0 0 0 0 0 0 0 0 0 0 0 0 0 0 0 0 0 0 0 0 0 0 0 0 0 0 0 0 0 0 0 0 0 0 0 0 0 0 0 0 0 0 0 0 0 0 0 0 0 0 0 0 0 0 0 0 0 0 0 0 0 0 0 0 0 0 0 0 0 0 0 0 0 0 0 0 0 0 0 0 0 0 0 0 0 0 0 0 0 0 0 0 0 0 0 0 0 0 0 0 0 0 0 0 0 0 0 0 0 0 0 0 0 0 0 0 0 0 0 0 0 0 0 0 0 0 0 0 0 0 0 0 0 0 0 0 0 0 0 0 0 0 0 0 0 0 0 0 0 0 0 0 0 0 0 0 0 0 0 0 0 0 0 0 0 0 0 0 0 0 0 0 0 0 0 0 0 0 0 0 0 0 0 0 0 0 0 0 0 0 0 0 0 0 0 0 0 0 0 0 0 0 0 0 0 0 0 0 0 0 0 0 0 0 0 0 0 0 0 0 0 0 0 0 0 0 0 0 0 0 0 0 0 0 0 0 0 0 0 0 0 0 0 0 0 0 0 0 0 0 0 0 0 0 0 0 0 0 0 0 0 0 0 0 0 0 0 0 0 0 0 0 0 0 0 0 0 0 0 0 0 0 0 0 0 0 0 0 0 0 0 0 0 0 0 0 0 0 0 0 0 0 0 0 0 0 0 0 0 0 0 0 0 0 0 0 0 0 0 0 0 0 0 0 0 0 0 0 0 0 0 0 0 0 0 0 0 0 0 0 0 0 0 0 0 0 0 0 0 0 0 0 0 0 0 0 0 0 0 0 0 0 0 0 0 0 0 0 0 0 0 0 0 0 0 0 0 0 0 0 0 0 0 0 0 0 0 0 0 0 0 0 0 0 0 0 0 0 0 0 0 0 0 0 0 0 0 0 0 0 0 0 0 0 0 0 0 0 0 0 0 0 0 0 0 0 0 0 0 0 0 0 0 0 0 0 0 0 0 0 0 0 0 0 0 0 0 0 0 0 0 0 0 0 0 0 0 0 0 0 0 0 0 0 0 0 0 0 0 0 0 0 0 0 0 0 0 0 0 0 0 0 0 0 0 0 0 0 0 0 0 0 0 0 0 0 0 0 0 0 0 0 0 0 0 0 0 0 0 0 0 0 0 0 0 0 0 0 0 0 0 0 0 0 0 0 0 0 0 0 0 0 0 0 0 0 0 0 0 0 0 0 0 0 0 0 0 0 0 0 0 0 0 0 0 0 0 0 0 0 0 0 0 0 0 0 0 0 0 0 0 0 0 0 0 0 0 0 0 0 0 0 0 0 0 0 0 0 0 0 0 0 0 0 0 0 0 0 0 0 0 0 0 0 0 0 0 0 0 0 0 0 0 0 0 0 0 0 0 0 0 0 0 0 0 0 0 0 0 0 0 0 0 0 0 0 0 0 0 0 0 0 0 0 0 0 0 0 0 0 0 0 0 0 0 0 0 0 0 0 0 0 0 0 0 0 0 0 0 0 0 0 0 0 0 0 0 0 0 0 0 0 0 0 0 0 0 0 0 0 0 0 0 0 0 0 0 0 0 0 0 0 0 0 0 0 0 0 0 0 0 0 0 0 0 0 0 0 0 0 0 0 0 0 0 0 0 0 0 0 0 0 0 0 0 0 0 0 0 0 0 0 0 0 0 0 0 0 0 0 0 0 0 0 0 0 0 0 0 0 0 0 0 0 0 0 0 0 0 0 0 0 0 0 0 0 0 0 0 0 0 0 0 0 0 0 0 0 0 0 0 0 0 0 0 0 0 0 0 0 0 0 0 0 0 0 0 0 0 0 0 0 0 0 0 0 0 0 0 0 0 0 0 0 0 0 0 0 0 0 0 0 0 0 0 0 0 0 0 0 0 0 0 0 0 0
ctxt 1570465616
btime 1790630938
processes 120433
procs_running 13
procs_blocked 0
softirq 1384154642 73526 2886699 1735842 1336604137 149961 0 9423266 20298985 410 12981816
## client-stat
cpu  803001677 23598936 303563300 93438270407 610724181 0 8919533 0 0 0
cpu0 29447861 224394 7364514 1619942951 8331310 0 166647 0 0 0
cpu1 29267495 432889 7647097 1649274164 11021848 0 56709 0 0 0
cpu2 28201067 463108 7596139 1652813297 10878661 0 37592 0 0 0
cpu3 25944591 484906 6796104 1656267460 11039616 0 31749 0 0 0
cpu4 22370628 490414 6377706 1660330127 11076977 0 31274 0 0 0
cpu5 19971011 494023 5983079 1662932794 11317629 0 29447 0 0 0
cpu6 17828815 497511 5642450 1665560481 11192203 0 29624 0 0 0
cpu7 16615194 487783 5481808 1666995280 11171453 0 27656 0 0 0
cpu8 15341720 485635 5289186 1668216915 11408768 0 27697 0 0 0
cpu9 14908102 489844 5258440 1668708915 11338852 0 27845 0 0 0
cpu10 14409219 472357 5139980 1669218217 11495529 0 27083 0 0 0
cpu11 14134088 465792 5151866 1669220404 11700096 0 28237 0 0 0
cpu12 14190137 458188 5274707 1669333211 11397678 0 27310 0 0 0
cpu13 12800810 425511 5437278 1668777908 9922644 0 1898673 0 0 0
cpu14 31525341 477236 7841248 1650111255 10085346 0 177411 0 0 0
cpu15 21119359 503934 6809150 1660886101 10896839 0 175735 0 0 0
cpu16 17756286 491819 6319746 1664602821 11133854 0 176084 0 0 0
cpu17 14933550 500066 5677386 1668370890 10904781 0 171112 0 0 0
cpu18 13594186 505884 5525947 1670086223 10640621 0 175421 0 0 0
cpu19 12938404 472687 5422923 1670854248 10655462 0 174422 0 0 0
cpu20 13089709 493492 5356685 1670740105 10658132 0 175667 0 0 0
cpu21 12212023 482428 5344212 1671506183 10771623 0 173983 0 0 0
cpu22 11983419 482914 5346118 1671429093 11081842 0 175852 0 0 0
cpu23 11695734 471865 5196011 1672175613 10734821 0 174895 0 0 0
cpu24 11732784 448076 5199048 1671893555 11042010 0 173218 0 0 0
cpu25 11558643 450839 5262781 1672364978 10684724 0 180456 0 0 0
cpu26 12011355 478046 5303274 1671794081 10628141 0 182357 0 0 0
cpu27 13883462 464459 5491452 1669456296 10979949 0 179583 0 0 0
cpu28 18769358 361854 5861675 1658285547 9964387 0 1275621 0 0 0
cpu29 13428273 381424 5534020 1669073388 11673678 0 64702 0 0 0
cpu30 12753164 342093 5331685 1670914970 11247342 0 27943 0 0 0
cpu31 11677901 306256 5013126 1672860327 10869053 0 25288 0 0 0
cpu32 10895780 292303 4887985 1673274673 11397190 0 25133 0 0 0
cpu33 10507973 294659 4792278 1673078548 12114904 0 24690 0 0 0
cpu34 10108768 300801 4688445 1673735757 11872747 0 23816 0 0 0
cpu35 9691330 288349 4582260 1674437494 11825323 0 25465 0 0 0
cpu36 9562223 287721 4481527 1674958390 11575512 0 23714 0 0 0
cpu37 9403344 302139 4461931 1675132521 11595892 0 23446 0 0 0
cpu38 9342158 311327 4414642 1675499673 11334855 0 23602 0 0 0
cpu39 9403817 310554 4507668 1675270922 11304792 0 24378 0 0 0
cpu40 9357943 306218 4534849 1675501196 11111713 0 25207 0 0 0
cpu41 9761294 317785 4535909 1674805410 11289888 0 24796 0 0 0
cpu42 13911590 443034 5481609 1670153319 10332018 0 172920 0 0 0
cpu43 11931618 434858 5194507 1672285347 10395175 0 169404 0 0 0
cpu44 11768372 425576 5252711 1672617024 10306631 0 169685 0 0 0
cpu45 11246475 430940 5016923 1673288397 10415014 0 163256 0 0 0
cpu46 11128752 431394 5011343 1673314498 10520815 0 164845 0 0 0
cpu47 10944170 452452 5034614 1673342322 10626265 0 165725 0 0 0
cpu48 11672283 439673 5003677 1672748394 10596941 0 164986 0 0 0
cpu49 11121993 416764 5036951 1673468815 10393380 0 168085 0 0 0
cpu50 11067673 440746 5002291 1673171084 10735971 0 166714 0 0 0
cpu51 11323563 447564 5007482 1673074315 10531576 0 169285 0 0 0
cpu52 11034832 446614 4997398 1673200505 10709927 0 169507 0 0 0
cpu53 11096655 432568 5079103 1673219185 10559406 0 176373 0 0 0
cpu54 11463650 425131 5054268 1672806051 10642493 0 173660 0 0 0
cpu55 13161709 432016 5226061 1670888742 10589855 0 173521 0 0 0
intr 106392679043 74 4 0 0 0 0 0 0 0 0 0 0 6 0 0 0 0 360 213 2556274163 0 0 0 0 0 0 0 0 0 0 0 0 0 0 0 0 0 2396174580 426520695 8318616 677 278 24496490 0 0 0 0 0 0 0 0 0 0 0 0 0 0 0 0 0 0 0 0 0 0 0 0 0 0 0 0 0 0 0 0 0 0 0 0 0 0 0 0 0 0 0 0 0 0 0 0 0 0 0 0 0 0 0 0 0 0 0 0 0 0 0 0 0 0 0 0 0 0 0 0 0 0 0 0 0 0 0 0 0 0 0 0 0 0 0 0 0 0 0 0 0 0 0 0 0 0 0 0 0 0 0 0 0 0 0 0 0 0 0 0 0 0 0 0 0 0 0 0 0 0 0 0 0 0 0 0 0 0 0 0 0 0 0 0 0 0 0 0 0 0 0 0 0 0 0 0 0 0 0 0 0 0 0 0 0 0 0 0 0 0 0 0 0 0 0 0 0 0 0 0 0 0 0 0 0 0 0 0 0 0 0 0 0 0 0 0 0 0 0 0 0 0 0 0 0 0 0 0 0 0 0 0 0 0 0 0 0 0 0 0 0 0 0 0 0 0 0 0 0 0 0 0 0 0 0 0 0 0 0 0 0 0 0 0 0 0 0 0 0 0 0 0 0 0 0 0 0 0 0 0 0 0 0 0 0 0 0 0 0 0 0 0 0 0 0 0 0 0 0 0 0 0 0 0 0 0 0 0 0 0 0 0 0 0 0 0 0 0 0 0 0 0 0 0 0 0 0 0 0 0 0 0 0 0 0 0 0 0 0 0 0 0 0 0 0 0 0 0 0 0 0 0 0 0 0 0 0 0 0 0 0 0 0 0 0 0 0 0 0 0 0 0 0 0 0 0 0 0 0 0 0 0 0 0 0 0 0 0 0 0 0 0 0 0 0 0 0 0 0 0 0 0 0 0 0 0 0 0 0 0 0 0 0 0 0 0 0 0 0 0 0 0 0 0 0 0 0 0 0 0 0 0 0 0 0 0 0 0 0 0 0 0 0 0 0 0 0 0 0 0 0 0 0 0 0 0 0 0 0 0 0 0 0 0 0 0 0 0 0 0 0 0 0 0 0 0 0 0 0 0 0 0 0 0 0 0 0 0 0 0 0 0 0 0 0 0 0 0 0 0 0 0 0 0 0 0 0 0 0 0 0 0 0 0 0 0 0 0 0 0 0 0 0 0 0 0 0 0 0 0 0 0 0 0 0 0 0 0 0 0 0 0 0 0 0 0 0 0 0 0 0 0 0 0 0 0 0 0 0 0 0 0 0 0 0 0 0 0 0 0 0 0 0 0 0 0 0 0 0 0 0 0 0 0 0 0 0 0 0 0 0 0 0 0 0 0 0 0 0 0 0 0 0 0 0 0 0 0 0 0 0 0 0 0 0 0 0 0 0 0 0 0 0 0 0 0 0 0 0 0 0 0 0 0 0 0 0 0 0 0 0 0 0 0 0 0 0 0 0 0 0 0 0 0 0 0 0 0 0 0 0 0 0 0 0 0 0 0 0 0 0 0 0 0 0 0 0 0 0 0 0 0 0 0 0 0 0 0 0 0 0 0 0 0 0 0 0 0 0 0 0 0 0 0 0 0 0 0 0 0 0 0 0 0 0 0 0 0 0 0 0 0 0 0 0 0 0 0 0 0 0 0 0 0 0 0 0 0 0 0 0 0 0 0 0 0 0 0 0 0 0 0 0 0 0 0 0 0 0 0 0 0 0 0 0 0 0 0 0 0 0 0 0 0 0 0 0 0 0 0 0 0 0 0 0 0 0 0 0 0 0 0 0 0 0 0 0 0 0 0 0 0 0 0 0 0 0 0 0 0 0 0 0 0 0 0 0 0 0 0 0 0 0 0 0 0 0 0 0 0 0 0 0 0 0 0 0 0 0 0 0 0 0 0 0 0 0 0 0 0 0 0 0 0 0 0 0 0 0 0 0 0 0 0 0 0 0 0 0 0 0 0 0 0 0 0 0 0 0 0 0 0 0 0 0 0 0 0 0 0 0 0 0 0 0 0 0 0 0 0 0 0 0 0 0 0 0 0 0 0 0 0 0 0 0 0 0 0 0 0 0 0 0 0 0 0 0 0 0 0 0 0 0 0 0 0 0 0 0 0 0 0 0 0 0 0 0 0 0 0 0 0 0 0 0 0 0 0 0 0 0 0 0 0 0 0 0 0 0 0 0 0 0 0 0 0 0 0 0 0 0 0 0 0 0 0 0 0 0 0 0 0 0 0 0 0 0 0 0 0 0 0 0 0 0 0 0 0 0 0 0 0 0 0 0 0 0 0 0 0 0 0 0 0 0 0 0 0 0 0 0 0 0 0 0 0 0 0 0 0 0 0 0 0 0 0 0 0 0 0 0 0 0 0 0 0 0 0 0 0 0 0 0 0 0 0 0 0 0 0 0 0 0 0 0 0 0 0 0 0 0 0 0 0 0 0 0 0 0 0 0 0 0 0 0 0 0 0 0 0 0 0 0 0 0 0 0 0 0 0 0 0 0 0 0 0 0 0 0 0 0 0 0 0 0 0 0 0 0 0 0 0 0 0 0 0 0 0 0 0 0 0 0 0 0 0 0 0 0 0 0 0 0 0 0 0 0 0 0 0 0 0 0 0 0 0 0 0 0 0 0 0 0 0 0 0 0 0 0 0 0 0 0 0 0 0 0 0 0 0 0 0 0 0 0 0 0 0 0 0 0 0 0 0 0 0 0 0 0 0 0 0 0 0 0 0 0 0 0 0 0 0 0 0 0 0 0 0 0 0 0 0 0 0 0 0 0 0 0 0 0 0 0 0 0 0 0 0 0 0 0 0 0 0 0 0 0 0 0 0 0 0 0 0 0 0 0 0 0 0 0 0 0 0 0 0 0 0 0 0 0 0 0 0 0 0 0 0 0 0 0 0 0 0 0 0 0 0 0 0 0 0 0 0 0 0 0 0 0 0 0 0 0 0 0 0 0 0 0 0 0 0 0 0 0 0 0 0 0 0 0 0 0 0 0 0 0 0 0 0 0 0 0 0 0 0 0 0 0 0 0 0 0 0 0 0 0 0 0 0 0 0 0 0 0 0 0 0 0 0 0 0 0 0 0 0 0 0 0 0 0 0 0 0 0 0 0 0 0 0 0 0 0 0 0 0 0 0 0 0 0 0 0 0 0 0 0 0 0 0 0 0 0 0 0 0 0 0 0 0 0 0 0 0 0 0 0 0 0 0 0 0 0 0 0 0 0 0 0 0 0 0 0 0 0 0 0 0 0 0 0 0 0 0 0 0 0 0 0 0 0 0 0 0 0 0 0 0 0 0 0 0 0 0 0 0 0 0 0 0 0 0 0 0 0 0 0 0 0 0 0 0 0 0 0 0 0 0 0 0 0 0 0 0 0 0 0 0 0 0 0 0 0 0 0 0 0 0 0 0 0 0 0 0 0 0 0 0 0 0 0 0 0 0 0 0 0 0 0 0 0 0 0 0 0 0 0 0 0 0 0 0 0 0 0 0 0 0 0 0 0 0 0 0 0 0 0 0 0 0 0 0 0 0 0 0 0 0 0 0 0 0 0 0 0 0 0 0 0 0 0 0 0 0 0 0 0 0 0 0 0 0 0 0 0 0 0 0 0 0 0 0 0 0 0 0 0 0 0 0 0 0 0 0 0 0 0 0 0 0 0 0 0 0 0 0 0 0 0 0 0 0 0 0 0 0 0 0 0 0 0 0 0 0 0 0 0 0 0 0 0 0 0 0 0 0 0 0 0 0 0 0 0
ctxt 208402245912
btime 1773600682
processes 94932355
procs_running 29
procs_blocked 1
softirq 43083855669 256 2278943477 38943438 927891453 1476344198 0 2936472696 576723847 5109161 483688775
--
cpu  803004240 23598936 303572844 93438297832 610724516 0 8923002 0 0 0
cpu0 29447889 224394 7364638 1619943501 8331310 0 166682 0 0 0
cpu1 29267558 432889 7647270 1649274646 11021854 0 56754 0 0 0
cpu2 28201114 463108 7596315 1652813800 10878662 0 37636 0 0 0
cpu3 25944635 484906 6796268 1656267939 11039651 0 31799 0 0 0
cpu4 22370666 490414 6377879 1660330635 11076985 0 31322 0 0 0
cpu5 19971064 494023 5983252 1662933291 11317633 0 29493 0 0 0
cpu6 17828865 497511 5642625 1665560968 11192222 0 29667 0 0 0
cpu7 16615239 487783 5481977 1666995783 11171464 0 27701 0 0 0
cpu8 15341765 485635 5289356 1668217413 11408782 0 27742 0 0 0
cpu9 14908148 489844 5258617 1668709411 11338863 0 27891 0 0 0
cpu10 14409262 472357 5140156 1669218731 11495529 0 27132 0 0 0
cpu11 14134130 465792 5152038 1669220908 11700101 0 28281 0 0 0
cpu12 14190176 458188 5274882 1669333710 11397690 0 27358 0 0 0
cpu13 12800851 425511 5437452 1668778412 9922648 0 1898721 0 0 0
cpu14 31525388 477236 7841421 1650111749 10085346 0 177466 0 0 0
cpu15 21119407 503934 6809329 1660886596 10896840 0 175787 0 0 0
cpu16 17756338 491819 6319924 1664603311 11133854 0 176131 0 0 0
cpu17 14933597 500066 5677562 1668371390 10904781 0 171164 0 0 0
cpu18 13594226 505884 5526124 1670086728 10640621 0 175473 0 0 0
cpu19 12938447 472687 5423093 1670854746 10655471 0 174469 0 0 0
cpu20 13089752 493492 5356862 1670740604 10658137 0 175719 0 0 0
cpu21 12212074 482428 5344383 1671506686 10771624 0 174032 0 0 0
cpu22 11983468 482914 5346288 1671429595 11081843 0 175904 0 0 0
cpu23 11695780 471865 5196183 1672176119 10734821 0 174944 0 0 0
cpu24 11732827 448076 5199218 1671894061 11042010 0 173266 0 0 0
cpu25 11558683 450839 5262945 1672365481 10684733 0 180514 0 0 0
cpu26 12011405 478046 5303468 1671794560 10628141 0 182410 0 0 0
cpu27 13883511 464459 5491620 1669456795 10979955 0 179638 0 0 0
cpu28 18769358 361854 5861675 1658285547 9964387 0 1276421 0 0 0
cpu29 13428316 381424 5534187 1669073868 11673713 0 64747 0 0 0
cpu30 12753206 342093 5331859 1670915481 11247345 0 27990 0 0 0
cpu31 11677950 306256 5013299 1672860829 10869060 0 25332 0 0 0
cpu32 10895827 292303 4888155 1673275185 11397194 0 25177 0 0 0
cpu33 10508023 294659 4792453 1673079041 12114919 0 24733 0 0 0
cpu34 10108823 300801 4688617 1673736247 11872762 0 23861 0 0 0
cpu35 9691377 288349 4582443 1674437992 11825333 0 25511 0 0 0
cpu36 9562277 287721 4481694 1674958893 11575519 0 23760 0 0 0
cpu37 9403387 302139 4462107 1675133023 11595905 0 23492 0 0 0
cpu38 9342206 311327 4414820 1675500171 11334865 0 23650 0 0 0
cpu39 9403897 310554 4507850 1675271396 11304792 0 24421 0 0 0
cpu40 9357988 306218 4535023 1675501690 11111731 0 25254 0 0 0
cpu41 9761331 317785 4536084 1674805911 11289899 0 24842 0 0 0
cpu42 13911632 443034 5481784 1670153813 10332025 0 172973 0 0 0
cpu43 11931662 434858 5194681 1672285849 10395175 0 169458 0 0 0
cpu44 11768416 425576 5252887 1672617521 10306632 0 169737 0 0 0
cpu45 11246519 430940 5017094 1673288892 10415025 0 163307 0 0 0
cpu46 11128794 431394 5011521 1673314997 10520815 0 164894 0 0 0
cpu47 10944214 452452 5034794 1673342823 10626266 0 165774 0 0 0
cpu48 11672329 439673 5003851 1672748897 10596941 0 165038 0 0 0
cpu49 11122052 416764 5037119 1673469309 10393383 0 168134 0 0 0
cpu50 11067728 440746 5002469 1673171578 10735971 0 166765 0 0 0
cpu51 11323609 447564 5007659 1673074817 10531576 0 169337 0 0 0
cpu52 11034881 446614 4997570 1673201006 10709927 0 169556 0 0 0
cpu53 11096701 432568 5079288 1673219674 10559409 0 176425 0 0 0
cpu54 11463690 425131 5054451 1672806551 10642493 0 173713 0 0 0
cpu55 13161757 432016 5226240 1670889235 10589855 0 173578 0 0 0
intr 106393386813 74 4 0 0 0 0 0 0 0 0 0 0 6 0 0 0 0 360 213 2556275589 0 0 0 0 0 0 0 0 0 0 0 0 0 0 0 0 0 2396174580 426521197 8318620 677 278 24496490 0 0 0 0 0 0 0 0 0 0 0 0 0 0 0 0 0 0 0 0 0 0 0 0 0 0 0 0 0 0 0 0 0 0 0 0 0 0 0 0 0 0 0 0 0 0 0 0 0 0 0 0 0 0 0 0 0 0 0 0 0 0 0 0 0 0 0 0 0 0 0 0 0 0 0 0 0 0 0 0 0 0 0 0 0 0 0 0 0 0 0 0 0 0 0 0 0 0 0 0 0 0 0 0 0 0 0 0 0 0 0 0 0 0 0 0 0 0 0 0 0 0 0 0 0 0 0 0 0 0 0 0 0 0 0 0 0 0 0 0 0 0 0 0 0 0 0 0 0 0 0 0 0 0 0 0 0 0 0 0 0 0 0 0 0 0 0 0 0 0 0 0 0 0 0 0 0 0 0 0 0 0 0 0 0 0 0 0 0 0 0 0 0 0 0 0 0 0 0 0 0 0 0 0 0 0 0 0 0 0 0 0 0 0 0 0 0 0 0 0 0 0 0 0 0 0 0 0 0 0 0 0 0 0 0 0 0 0 0 0 0 0 0 0 0 0 0 0 0 0 0 0 0 0 0 0 0 0 0 0 0 0 0 0 0 0 0 0 0 0 0 0 0 0 0 0 0 0 0 0 0 0 0 0 0 0 0 0 0 0 0 0 0 0 0 0 0 0 0 0 0 0 0 0 0 0 0 0 0 0 0 0 0 0 0 0 0 0 0 0 0 0 0 0 0 0 0 0 0 0 0 0 0 0 0 0 0 0 0 0 0 0 0 0 0 0 0 0 0 0 0 0 0 0 0 0 0 0 0 0 0 0 0 0 0 0 0 0 0 0 0 0 0 0 0 0 0 0 0 0 0 0 0 0 0 0 0 0 0 0 0 0 0 0 0 0 0 0 0 0 0 0 0 0 0 0 0 0 0 0 0 0 0 0 0 0 0 0 0 0 0 0 0 0 0 0 0 0 0 0 0 0 0 0 0 0 0 0 0 0 0 0 0 0 0 0 0 0 0 0 0 0 0 0 0 0 0 0 0 0 0 0 0 0 0 0 0 0 0 0 0 0 0 0 0 0 0 0 0 0 0 0 0 0 0 0 0 0 0 0 0 0 0 0 0 0 0 0 0 0 0 0 0 0 0 0 0 0 0 0 0 0 0 0 0 0 0 0 0 0 0 0 0 0 0 0 0 0 0 0 0 0 0 0 0 0 0 0 0 0 0 0 0 0 0 0 0 0 0 0 0 0 0 0 0 0 0 0 0 0 0 0 0 0 0 0 0 0 0 0 0 0 0 0 0 0 0 0 0 0 0 0 0 0 0 0 0 0 0 0 0 0 0 0 0 0 0 0 0 0 0 0 0 0 0 0 0 0 0 0 0 0 0 0 0 0 0 0 0 0 0 0 0 0 0 0 0 0 0 0 0 0 0 0 0 0 0 0 0 0 0 0 0 0 0 0 0 0 0 0 0 0 0 0 0 0 0 0 0 0 0 0 0 0 0 0 0 0 0 0 0 0 0 0 0 0 0 0 0 0 0 0 0 0 0 0 0 0 0 0 0 0 0 0 0 0 0 0 0 0 0 0 0 0 0 0 0 0 0 0 0 0 0 0 0 0 0 0 0 0 0 0 0 0 0 0 0 0 0 0 0 0 0 0 0 0 0 0 0 0 0 0 0 0 0 0 0 0 0 0 0 0 0 0 0 0 0 0 0 0 0 0 0 0 0 0 0 0 0 0 0 0 0 0 0 0 0 0 0 0 0 0 0 0 0 0 0 0 0 0 0 0 0 0 0 0 0 0 0 0 0 0 0 0 0 0 0 0 0 0 0 0 0 0 0 0 0 0 0 0 0 0 0 0 0 0 0 0 0 0 0 0 0 0 0 0 0 0 0 0 0 0 0 0 0 0 0 0 0 0 0 0 0 0 0 0 0 0 0 0 0 0 0 0 0 0 0 0 0 0 0 0 0 0 0 0 0 0 0 0 0 0 0 0 0 0 0 0 0 0 0 0 0 0 0 0 0 0 0 0 0 0 0 0 0 0 0 0 0 0 0 0 0 0 0 0 0 0 0 0 0 0 0 0 0 0 0 0 0 0 0 0 0 0 0 0 0 0 0 0 0 0 0 0 0 0 0 0 0 0 0 0 0 0 0 0 0 0 0 0 0 0 0 0 0 0 0 0 0 0 0 0 0 0 0 0 0 0 0 0 0 0 0 0 0 0 0 0 0 0 0 0 0 0 0 0 0 0 0 0 0 0 0 0 0 0 0 0 0 0 0 0 0 0 0 0 0 0 0 0 0 0 0 0 0 0 0 0 0 0 0 0 0 0 0 0 0 0 0 0 0 0 0 0 0 0 0 0 0 0 0 0 0 0 0 0 0 0 0 0 0 0 0 0 0 0 0 0 0 0 0 0 0 0 0 0 0 0 0 0 0 0 0 0 0 0 0 0 0 0 0 0 0 0 0 0 0 0 0 0 0 0 0 0 0 0 0 0 0 0 0 0 0 0 0 0 0 0 0 0 0 0 0 0 0 0 0 0 0 0 0 0 0 0 0 0 0 0 0 0 0 0 0 0 0 0 0 0 0 0 0 0 0 0 0 0 0 0 0 0 0 0 0 0 0 0 0 0 0 0 0 0 0 0 0 0 0 0 0 0 0 0 0 0 0 0 0 0 0 0 0 0 0 0 0 0 0 0 0 0 0 0 0 0 0 0 0 0 0 0 0 0 0 0 0 0 0 0 0 0 0 0 0 0 0 0 0 0 0 0 0 0 0 0 0 0 0 0 0 0 0 0 0 0 0 0 0 0 0 0 0 0 0 0 0 0 0 0 0 0 0 0 0 0 0 0 0 0 0 0 0 0 0 0 0 0 0 0 0 0 0 0 0 0 0 0 0 0 0 0 0 0 0 0 0 0 0 0 0 0 0 0 0 0 0 0 0 0 0 0 0 0 0 0 0 0 0 0 0 0 0 0 0 0 0 0 0 0 0 0 0 0 0 0 0 0 0 0 0 0 0 0 0 0 0 0 0 0 0 0 0 0 0 0 0 0 0 0 0 0 0 0 0 0 0 0 0 0 0 0 0 0 0 0 0 0 0 0 0 0 0 0 0 0 0 0 0 0 0 0 0 0 0 0 0 0 0 0 0 0 0 0 0 0 0 0 0 0 0 0 0 0 0 0 0 0 0 0 0 0 0 0 0 0 0 0 0 0 0 0 0 0 0 0 0 0 0 0 0 0 0 0 0 0 0 0 0 0 0 0 0 0 0 0 0 0 0 0 0 0 0 0 0 0 0 0 0 0 0 0 0 0 0 0 0 0 0 0 0 0 0 0 0 0 0 0 0 0 0 0 0 0 0 0 0 0 0 0 0 0 0 0 0 0 0 0 0 0 0 0 0 0 0 0 0 0 0 0 0 0 0 0 0 0 0 0 0 0 0 0 0 0 0 0 0 0 0 0 0 0 0 0 0 0 0 0 0 0 0 0 0 0 0 0 0 0 0 0 0 0 0 0 0 0 0 0 0 0 0 0 0 0 0 0 0 0 0 0 0 0 0 0 0 0 0 0 0 0 0 0 0 0 0 0 0 0 0 0 0 0 0 0 0 0 0 0 0 0 0 0 0 0 0 0 0 0 0 0 0 0 0 0 0 0 0 0 0 0 0 0 0 0 0 0 0 0 0 0 0 0 0 0 0 0 0
ctxt 208407384572
btime 1773600682
processes 94933345
procs_running 21
procs_blocked 0
softirq 43085637545 256 2278945881 38953538 929392395 1476345252 0 2936474527 576878299 5109161 483799868
