Running 10s test @ http://192.168.10.15:18500/page
  32 threads and 512 connections
  Thread Stats   Avg      Stdev     Max   +/- Stdev
    Latency    45.45ms    4.68ms 118.19ms   94.76%
    Req/Sec   352.70     39.24   580.00     81.98%
  Latency Distribution
     50%   45.73ms
     75%   46.13ms
     90%   46.50ms
     99%   57.44ms
  113097 requests in 10.10s, 1.09GB read
Requests/sec:  11196.22
Transfer/sec:    110.45MB
## drops 0 0
## server-stat
cpu  1346505 484 700831 10668210 31903 0 266551 0 0 0
cpu0 46038 8 20871 334170 830 0 9060 0 0 0
cpu1 46571 10 20762 335274 572 0 8660 0 0 0
cpu2 46907 8 20677 335356 376 0 8586 0 0 0
cpu3 47770 11 21157 333166 1184 0 8626 0 0 0
cpu4 48115 10 20957 333437 723 0 8719 0 0 0
cpu5 47750 10 20850 334271 360 0 8591 0 0 0
cpu6 47184 8 20757 334933 354 0 8575 0 0 0
cpu7 46142 7 20529 336240 226 0 8391 0 0 0
cpu8 29785 14 21881 343264 1068 0 5630 0 0 0
cpu9 32971 16 22424 337688 2417 0 5849 0 0 0
cpu10 32150 15 22307 340125 1203 0 5958 0 0 0
cpu11 30563 12 21580 344396 657 0 5633 0 0 0
cpu12 48341 84 23040 322196 3073 0 6074 0 0 0
cpu13 47154 15 23299 323593 2454 0 6217 0 0 0
cpu14 30425 11 21178 346256 871 0 5505 0 0 0
cpu15 28932 11 19911 350193 652 0 5025 0 0 0
cpu16 50700 6 21615 330690 368 0 8799 0 0 0
cpu17 50565 6 21622 329827 1260 0 8834 0 0 0
cpu18 50291 7 21489 331255 287 0 8733 0 0 0
cpu19 51581 8 21971 328753 664 0 8979 0 0 0
cpu20 51792 10 21899 328851 696 0 8955 0 0 0
cpu21 50095 7 21426 330998 606 0 8796 0 0 0
cpu22 49080 8 21429 330811 338 0 8724 0 0 0
cpu23 47803 10 21123 333641 303 0 8625 0 0 0
cpu24 32947 14 22329 341858 856 0 6067 0 0 0
cpu25 35513 16 24176 333221 1612 0 7011 0 0 0
cpu26 34501 15 23826 335244 1255 0 6849 0 0 0
cpu27 29649 8 21336 335223 1128 0 12376 0 0 0
cpu28 46524 23 25001 310089 1947 0 15181 0 0 0
cpu29 48272 62 25294 307246 1931 0 15295 0 0 0
cpu30 28614 9 21547 334830 841 0 12196 0 0 0
cpu31 31765 9 22552 341099 776 0 6020 0 0 0
intr 1173773036 126 0 0 0 0 0 0 0 0 1 0 0 0 0 0 0 0 0 0 0 0 0 0 0 0 0 0 1 1 1 0 0 0 0 1 0 1 0 0 75045 0 0 0 0 0 0 0 0 411 0 0 0 0 0 0 0 0 87 0 0 0 0 0 0 0 0 0 0 0 0 0 0 0 143648 2 24739539 24679683 24642915 24761088 0 3491 2405 2946 1581 3093 2651 2075 2562 1481 10363 18290 10246 8270 13313 14937 11351 7426 2698 1796 1460 2369 2249 1936 1622 1627 8941 7237 5105 5823 6512 5837 6131 7982 0 0 0 0 616284 3042 1036 0 264 0 0 0 0 0 0 0 0 0 0 0 0 0 0 0 0 0 0 0 0 0 0 0 0 0 0 0 0 0 0 0 0 0 0 0 0 0 0 0 0 0 0 0 0 0 0 0 0 0 0 0 0 0 0 0 0 0 0 0 0 0 0 0 0 0 0 0 0 0 0 0 0 0 0 0 0 0 0 0 0 0 0 0 0 0 0 0 0 0 0 0 0 0 0 0 0 0 0 0 0 0 0 0 0 0 0 0 0 0 0 0 0 0 0 0 0 0 0 0 0 0 0 0 0 0 0 0 0 0 0 0 0 0 0 0 0 0 0 0 0 0 0 0 0 0 0 0 0 0 0 0 0 0 0 0 0 0 0 0 0 0 0 0 0 0 0 0 0 0 0 0 0 0 0 0 0 0 0 0 0 0 0 0 0 0 0 0 0 0 0 0 0 0 0 0 0 0 0 0 0 0 0 0 0 0 0 0 0 0 0 0 0 0 0 0 0 0 0 0 0 0 0 0 0 0 0 0 0 0 0 0 0 0 0 0 0 0 0 0 0 0 0 0 0 0 0 0 0 0 0 0 0 0 0 0 0 0 0 0 0 0 0 0 0 0 0 0 0 0 0 0 0 0 0 0 0 0 0 0 0 0 0 0 0 0 0 0 0 0 0 0 0 0 0 0 0 0 0 0 0 0 0 0 0 0 0 0 0 0 0 0 0 0 0 0 0 0 0 0 0 0 0 0 0 0 0 0 0 0 0 0 0 0 0 0 0 0 0 0 0 0 0 0 0 0 0 0 0 0 0 0 0 0 0 0 0 0 0 0 0 0 0 0 0 0 0 0 0 0 0 0 0 0 0 0 0 0 0 0 0 0 0 0 0 0 0 0 0 0 0 0 0 0 0 0 0 0 0 0 0 0 0 0 0 0 0 0 0 0 0 0 0 0 0 0 0 0 0 0 0 0 0 0 0 0 0 0 0 0 0 0 0 0 0 0 0 0 0 0 0 0 0 0 0 0 0 0 0 0 0 0 0 0 0 0 0 0 0 0 0 0 0 0 0 0 0 0 0 0 0 0 0 0 0 0 0 0 0 0 0 0 0 0 0 0 0 0 0 0 0 0 0 0 0 0 0 0 0 0 0 0 0 0 0 0 0 0 0 0 0 0 0 0 0 0 0 0 0 0 0 0 0 0 0 0 0 0 0 0 0 0 0 0 0 0 0 0 0 0 0 0 0 0 0 0 0 0 0 0 0 0 0 0 0 0 0 0 0 0 0 0 0 0 0 0 0 0 0 0 0 0 0 0 0 0 0 0 0 0 0 0 0 0 0 0 0 0 0 0 0 0 0 0 0 0 0 0 0 0 0 0 0 0 0 0 0 0 0 0 0 0 0 0 0 0 0 0 0 0 0 0 0 0 0 0 0 0 0 0 0 0 0 0 0 0 0 0 0 0 0 0 0 0 0 0 0 0 0 0 0 0 0 0 0 0 0 0 0 0 0 0 0 0 0 0 0 0 0 0 0 0 0 0 0 0 0 0 0 0 0 0 0 0 0 0 0 0 0 0 0 0 0 0 0 0 0 0 0 0 0 0 0 0 0 0 0 0 0 0 0 0 0 0 0 0 0 0 0 0 0 0 0 0 0 0 0 0 0 0 0 0 0 0 0 0 0 0 0 0 0 0 0 0 0 0 0 0 0 0 0 0 0 0 0 0 0 0 0 0 0 0 0 0 0 0 0 0 0 0 0 0 0 0 0 0 0 0 0 0 0 0 0 0 0 0 0 0 0 0 0 0 0 0 0 0 0 0 0 0 0 0 0 0 0 0 0 0 0 0 0 0 0 0 0 0 0 0 0 0 0 0 0 0 0 0 0 0 0 0 0 0 0 0 0 0 0 0 0 0 0 0 0 0 0 0 0 0 0 0 0 0 0 0 0 0 0 0 0 0 0 0 0 0 0 0 0 0 0 0 0 0 0 0 0 0 0 0 0 0 0 0 0 0 0 0 0 0 0 0 0 0 0 0 0 0 0 0 0 0 0 0 0 0 0 0 0 0 0 0 0 0 0 0 0 0 0 0 0 0 0 0 0 0 0 0 0 0 0 0 0 0 0 0 0 0 0 0 0 0 0 0 0 0 0 0 0 0 0 0 0 0 0 0 0 0 0 0 0 0 0 0 0 0 0 0 0 0 0 0 0 0 0 0 0 0 0 0 0 0 0 0 0 0 0 0 0 0 0 0 0 0 0 0 0 0 0 0 0 0 0 0 0 0 0 0 0 0 0 0 0 0 0 0 0 0 0 0 0 0 0 0 0 0 0 0 0 0 0 0 0 0 0 0 0 0 0 0 0 0 0 0 0 0 0 0 0 0 0 0 0 0 0 0 0 0 0 0 0 0 0 0 0 0 0 0 0 0 0 0 0 0 0 0 0 0 0 0 0 0 0 0 0 0 0 0 0 0 0 0 0 0 0 0 0 0 0 0 0 0 0 0 0
ctxt 1562033917
btime 1790630938
processes 119521
procs_running 1
procs_blocked 0
softirq 1378507300 73526 2834512 1690017 1331310483 149542 0 9423169 20157834 410 12867807
--
cpu  1346764 484 700866 10693357 31916 0 266597 0 0 0
cpu0 46040 8 20871 334961 830 0 9068 0 0 0
cpu1 46573 10 20762 336069 572 0 8660 0 0 0
cpu2 46909 8 20677 336152 376 0 8586 0 0 0
cpu3 47773 11 21158 333959 1184 0 8627 0 0 0
cpu4 48118 10 20957 334231 723 0 8719 0 0 0
cpu5 47750 10 20850 335070 360 0 8592 0 0 0
cpu6 47184 8 20758 335732 354 0 8575 0 0 0
cpu7 46143 7 20530 337036 226 0 8391 0 0 0
cpu8 29800 14 21884 344039 1068 0 5632 0 0 0
cpu9 32995 16 22428 338456 2417 0 5852 0 0 0
cpu10 32168 15 22310 340897 1203 0 5960 0 0 0
cpu11 30579 12 21582 345171 657 0 5635 0 0 0
cpu12 48370 84 23043 322955 3073 0 6076 0 0 0
cpu13 47180 15 23302 324356 2454 0 6219 0 0 0
cpu14 30437 11 21179 347039 871 0 5507 0 0 0
cpu15 28943 11 19912 350974 652 0 5026 0 0 0
cpu16 50701 6 21616 331488 368 0 8799 0 0 0
cpu17 50567 6 21622 330625 1260 0 8834 0 0 0
cpu18 50291 7 21489 332054 287 0 8733 0 0 0
cpu19 51582 8 21972 329550 665 0 8979 0 0 0
cpu20 51793 10 21899 329649 696 0 8955 0 0 0
cpu21 50096 7 21427 331795 606 0 8796 0 0 0
cpu22 49082 8 21430 331609 338 0 8724 0 0 0
cpu23 47804 10 21123 334440 303 0 8625 0 0 0
cpu24 32954 14 22330 342648 856 0 6067 0 0 0
cpu25 35519 16 24176 334011 1612 0 7011 0 0 0
cpu26 34504 15 23826 336027 1267 0 6850 0 0 0
cpu27 29651 8 21336 336010 1128 0 12378 0 0 0
cpu28 46550 23 25004 310842 1947 0 15189 0 0 0
cpu29 48298 62 25298 307998 1931 0 15304 0 0 0
cpu30 28626 9 21549 335604 841 0 12199 0 0 0
cpu31 31767 9 22552 341893 776 0 6020 0 0 0
intr 1174474567 126 0 0 0 0 0 0 0 0 1 0 0 0 0 0 0 0 0 0 0 0 0 0 0 0 0 0 1 1 1 0 0 0 0 1 0 1 0 0 75045 0 0 0 0 0 0 0 0 411 0 0 0 0 0 0 0 0 87 0 0 0 0 0 0 0 0 0 0 0 0 0 0 0 143752 2 24825798 24767906 24730418 24849945 0 3495 2405 2946 1581 3093 2651 2075 2562 1481 10363 18290 10246 8270 13314 14937 11351 7429 2698 1796 1460 2369 2249 1936 1622 1627 8941 7238 5105 5823 6512 5837 6131 7982 0 0 0 0 616284 3042 1036 0 264 0 0 0 0 0 0 0 0 0 0 0 0 0 0 0 0 0 0 0 0 0 0 0 0 0 0 0 0 0 0 0 0 0 0 0 0 0 0 0 0 0 0 0 0 0 0 0 0 0 0 0 0 0 0 0 0 0 0 0 0 0 0 0 0 0 0 0 0 0 0 0 0 0 0 0 0 0 0 0 0 0 0 0 0 0 0 0 0 0 0 0 0 0 0 0 0 0 0 0 0 0 0 0 0 0 0 0 0 0 0 0 0 0 0 0 0 0 0 0 0 0 0 0 0 0 0 0 0 0 0 0 0 0 0 0 0 0 0 0 0 0 0 0 0 0 0 0 0 0 0 0 0 0 0 0 0 0 0 0 0 0 0 0 0 0 0 0 0 0 0 0 0 0 0 0 0 0 0 0 0 0 0 0 0 0 0 0 0 0 0 0 0 0 0 0 0 0 0 0 0 0 0 0 0 0 0 0 0 0 0 0 0 0 0 0 0 0 0 0 0 0 0 0 0 0 0 0 0 0 0 0 0 0 0 0 0 0 0 0 0 0 0 0 0 0 0 0 0 0 0 0 0 0 0 0 0 0 0 0 0 0 0 0 0 0 0 0 0 0 0 0 0 0 0 0 0 0 0 0 0 0 0 0 0 0 0 0 0 0 0 0 0 0 0 0 0 0 0 0 0 0 0 0 0 0 0 0 0 0 0 0 0 0 0 0 0 0 0 0 0 0 0 0 0 0 0 0 0 0 0 0 0 0 0 0 0 0 0 0 0 0 0 0 0 0 0 0 0 0 0 0 0 0 0 0 0 0 0 0 0 0 0 0 0 0 0 0 0 0 0 0 0 0 0 0 0 0 0 0 0 0 0 0 0 0 0 0 0 0 0 0 0 0 0 0 0 0 0 0 0 0 0 0 0 0 0 0 0 0 0 0 0 0 0 0 0 0 0 0 0 0 0 0 0 0 0 0 0 0 0 0 0 0 0 0 0 0 0 0 0 0 0 0 0 0 0 0 0 0 0 0 0 0 0 0 0 0 0 0 0 0 0 0 0 0 0 0 0 0 0 0 0 0 0 0 0 0 0 0 0 0 0 0 0 0 0 0 0 0 0 0 0 0 0 0 0 0 0 0 0 0 0 0 0 0 0 0 0 0 0 0 0 0 0 0 0 0 0 0 0 0 0 0 0 0 0 0 0 0 0 0 0 0 0 0 0 0 0 0 0 0 0 0 0 0 0 0 0 0 0 0 0 0 0 0 0 0 0 0 0 0 0 0 0 0 0 0 0 0 0 0 0 0 0 0 0 0 0 0 0 0 0 0 0 0 0 0 0 0 0 0 0 0 0 0 0 0 0 0 0 0 0 0 0 0 0 0 0 0 0 0 0 0 0 0 0 0 0 0 0 0 0 0 0 0 0 0 0 0 0 0 0 0 0 0 0 0 0 0 0 0 0 0 0 0 0 0 0 0 0 0 0 0 0 0 0 0 0 0 0 0 0 0 0 0 0 0 0 0 0 0 0 0 0 0 0 0 0 0 0 0 0 0 0 0 0 0 0 0 0 0 0 0 0 0 0 0 0 0 0 0 0 0 0 0 0 0 0 0 0 0 0 0 0 0 0 0 0 0 0 0 0 0 0 0 0 0 0 0 0 0 0 0 0 0 0 0 0 0 0 0 0 0 0 0 0 0 0 0 0 0 0 0 0 0 0 0 0 0 0 0 0 0 0 0 0 0 0 0 0 0 0 0 0 0 0 0 0 0 0 0 0 0 0 0 0 0 0 0 0 0 0 0 0 0 0 0 0 0 0 0 0 0 0 0 0 0 0 0 0 0 0 0 0 0 0 0 0 0 0 0 0 0 0 0 0 0 0 0 0 0 0 0 0 0 0 0 0 0 0 0 0 0 0 0 0 0 0 0 0 0 0 0 0 0 0 0 0 0 0 0 0 0 0 0 0 0 0 0 0 0 0 0 0 0 0 0 0 0 0 0 0 0 0 0 0 0 0 0 0 0 0 0 0 0 0 0 0 0 0 0 0 0 0 0 0 0 0 0 0 0 0 0 0 0 0 0 0 0 0 0 0 0 0 0 0 0 0 0 0 0 0 0 0 0 0 0 0 0 0 0 0 0 0 0 0 0 0 0 0 0 0 0 0 0 0 0 0 0 0 0 0 0 0 0 0 0 0 0 0 0 0 0 0 0 0 0 0 0 0 0 0 0 0 0 0 0 0 0 0 0 0 0 0 0 0 0 0 0 0 0 0 0 0 0 0 0 0 0 0 0 0 0 0 0 0 0 0 0 0 0 0 0 0 0 0 0 0 0 0 0 0 0 0 0 0 0 0 0 0 0 0 0 0 0 0 0 0 0 0 0 0 0 0 0 0 0 0 0 0 0 0 0 0 0 0 0 0 0 0 0 0 0 0 0 0 0 0 0 0 0 0 0 0 0 0 0 0 0 0 0 0 0 0 0 0 0 0 0 0 0 0
ctxt 1562251951
btime 1790630938
processes 119568
procs_running 1
procs_blocked 0
softirq 1379180731 73526 2873365 1731567 1331861208 149652 0 9423239 20178957 410 12888807
## client-stat
cpu  802999788 23598936 303557482 93438190722 610723836 0 8917099 0 0 0
cpu0 29447830 224394 7364443 1619941654 8331310 0 166625 0 0 0
cpu1 29267465 432889 7647005 1649272709 11021848 0 56683 0 0 0
cpu2 28201041 463108 7596044 1652811831 10878658 0 37565 0 0 0
cpu3 25944559 484906 6795998 1656266120 11039500 0 31724 0 0 0
cpu4 22370599 490414 6377607 1660328659 11076977 0 31247 0 0 0
cpu5 19970980 494023 5982983 1662931392 11317562 0 29419 0 0 0
cpu6 17828783 497511 5642357 1665559018 11192199 0 29600 0 0 0
cpu7 16615149 487783 5481708 1666993829 11171453 0 27628 0 0 0
cpu8 15341684 485635 5289088 1668215466 11408756 0 27667 0 0 0
cpu9 14908076 489844 5258346 1668707442 11338847 0 27815 0 0 0
cpu10 14409191 472357 5139874 1669216763 11495525 0 27056 0 0 0
cpu11 14134056 465792 5151764 1669218942 11700096 0 28208 0 0 0
cpu12 14190110 458188 5274610 1669331746 11397676 0 27282 0 0 0
cpu13 12800780 425511 5437179 1668776449 9922644 0 1898642 0 0 0
cpu14 31525308 477236 7841135 1650109832 10085345 0 177375 0 0 0
cpu15 21119322 503934 6809035 1660884679 10896838 0 175695 0 0 0
cpu16 17756251 491819 6319629 1664601399 11133854 0 176045 0 0 0
cpu17 14933507 500066 5677272 1668369468 10904781 0 171075 0 0 0
cpu18 13594142 505884 5525838 1670084811 10640615 0 175381 0 0 0
cpu19 12938357 472687 5422813 1670852832 10655462 0 174383 0 0 0
cpu20 13089677 493492 5356575 1670738676 10658132 0 175632 0 0 0
cpu21 12211987 482428 5344099 1671504761 10771622 0 173945 0 0 0
cpu22 11983362 482914 5346003 1671427691 11081842 0 175818 0 0 0
cpu23 11695704 471865 5195905 1672174182 10734821 0 174857 0 0 0
cpu24 11732732 448076 5198930 1671892144 11042010 0 173181 0 0 0
cpu25 11558616 450839 5262665 1672363554 10684716 0 180416 0 0 0
cpu26 12011325 478046 5303155 1671792663 10628133 0 182322 0 0 0
cpu27 13883431 464459 5491337 1669454871 10979949 0 179546 0 0 0
cpu28 18769336 361854 5861612 1658284791 9964386 0 1274958 0 0 0
cpu29 13428250 381424 5533925 1669071914 11673677 0 64675 0 0 0
cpu30 12753131 342093 5331577 1670913514 11247338 0 27917 0 0 0
cpu31 11677869 306256 5013032 1672858853 10869051 0 25262 0 0 0
cpu32 10895754 292303 4887891 1673273203 11397184 0 25109 0 0 0
cpu33 10507943 294659 4792186 1673077075 12114902 0 24664 0 0 0
cpu34 10108740 300801 4688352 1673734279 11872747 0 23787 0 0 0
cpu35 9691304 288349 4582168 1674436021 11825317 0 25440 0 0 0
cpu36 9562187 287721 4481439 1674956925 11575506 0 23686 0 0 0
cpu37 9403297 302139 4461838 1675131065 11595892 0 23418 0 0 0
cpu38 9342117 311327 4414553 1675498208 11334855 0 23581 0 0 0
cpu39 9403792 310554 4507573 1675269454 11304786 0 24351 0 0 0
cpu40 9357919 306218 4534753 1675499725 11111711 0 25180 0 0 0
cpu41 9761266 317785 4535809 1674803952 11289879 0 24766 0 0 0
cpu42 13911558 443034 5481492 1670151904 10332014 0 172881 0 0 0
cpu43 11931585 434858 5194385 1672283939 10395168 0 169365 0 0 0
cpu44 11768341 425576 5252596 1672615599 10306628 0 169648 0 0 0
cpu45 11246445 430940 5016813 1673286982 10414998 0 163220 0 0 0
cpu46 11128723 431394 5011232 1673313062 10520815 0 164809 0 0 0
cpu47 10944141 452452 5034502 1673340894 10626260 0 165687 0 0 0
cpu48 11672241 439673 5003567 1672746974 10596941 0 164949 0 0 0
cpu49 11121964 416764 5036838 1673467383 10393380 0 168050 0 0 0
cpu50 11067643 440746 5002179 1673169657 10735963 0 166681 0 0 0
cpu51 11323532 447564 5007376 1673072896 10531561 0 169251 0 0 0
cpu52 11034794 446614 4997288 1673199080 10709927 0 169471 0 0 0
cpu53 11096615 432568 5078987 1673217770 10559403 0 176334 0 0 0
cpu54 11463590 425131 5054148 1672804660 10642493 0 173622 0 0 0
cpu55 13161662 432016 5225946 1670887333 10589855 0 173481 0 0 0
intr 106392017279 74 4 0 0 0 0 0 0 0 0 0 0 6 0 0 0 0 360 213 2556271359 0 0 0 0 0 0 0 0 0 0 0 0 0 0 0 0 0 2396134265 426520303 8318608 677 278 24496490 0 0 0 0 0 0 0 0 0 0 0 0 0 0 0 0 0 0 0 0 0 0 0 0 0 0 0 0 0 0 0 0 0 0 0 0 0 0 0 0 0 0 0 0 0 0 0 0 0 0 0 0 0 0 0 0 0 0 0 0 0 0 0 0 0 0 0 0 0 0 0 0 0 0 0 0 0 0 0 0 0 0 0 0 0 0 0 0 0 0 0 0 0 0 0 0 0 0 0 0 0 0 0 0 0 0 0 0 0 0 0 0 0 0 0 0 0 0 0 0 0 0 0 0 0 0 0 0 0 0 0 0 0 0 0 0 0 0 0 0 0 0 0 0 0 0 0 0 0 0 0 0 0 0 0 0 0 0 0 0 0 0 0 0 0 0 0 0 0 0 0 0 0 0 0 0 0 0 0 0 0 0 0 0 0 0 0 0 0 0 0 0 0 0 0 0 0 0 0 0 0 0 0 0 0 0 0 0 0 0 0 0 0 0 0 0 0 0 0 0 0 0 0 0 0 0 0 0 0 0 0 0 0 0 0 0 0 0 0 0 0 0 0 0 0 0 0 0 0 0 0 0 0 0 0 0 0 0 0 0 0 0 0 0 0 0 0 0 0 0 0 0 0 0 0 0 0 0 0 0 0 0 0 0 0 0 0 0 0 0 0 0 0 0 0 0 0 0 0 0 0 0 0 0 0 0 0 0 0 0 0 0 0 0 0 0 0 0 0 0 0 0 0 0 0 0 0 0 0 0 0 0 0 0 0 0 0 0 0 0 0 0 0 0 0 0 0 0 0 0 0 0 0 0 0 0 0 0 0 0 0 0 0 0 0 0 0 0 0 0 0 0 0 0 0 0 0 0 0 0 0 0 0 0 0 0 0 0 0 0 0 0 0 0 0 0 0 0 0 0 0 0 0 0 0 0 0 0 0 0 0 0 0 0 0 0 0 0 0 0 0 0 0 0 0 0 0 0 0 0 0 0 0 0 0 0 0 0 0 0 0 0 0 0 0 0 0 0 0 0 0 0 0 0 0 0 0 0 0 0 0 0 0 0 0 0 0 0 0 0 0 0 0 0 0 0 0 0 0 0 0 0 0 0 0 0 0 0 0 0 0 0 0 0 0 0 0 0 0 0 0 0 0 0 0 0 0 0 0 0 0 0 0 0 0 0 0 0 0 0 0 0 0 0 0 0 0 0 0 0 0 0 0 0 0 0 0 0 0 0 0 0 0 0 0 0 0 0 0 0 0 0 0 0 0 0 0 0 0 0 0 0 0 0 0 0 0 0 0 0 0 0 0 0 0 0 0 0 0 0 0 0 0 0 0 0 0 0 0 0 0 0 0 0 0 0 0 0 0 0 0 0 0 0 0 0 0 0 0 0 0 0 0 0 0 0 0 0 0 0 0 0 0 0 0 0 0 0 0 0 0 0 0 0 0 0 0 0 0 0 0 0 0 0 0 0 0 0 0 0 0 0 0 0 0 0 0 0 0 0 0 0 0 0 0 0 0 0 0 0 0 0 0 0 0 0 0 0 0 0 0 0 0 0 0 0 0 0 0 0 0 0 0 0 0 0 0 0 0 0 0 0 0 0 0 0 0 0 0 0 0 0 0 0 0 0 0 0 0 0 0 0 0 0 0 0 0 0 0 0 0 0 0 0 0 0 0 0 0 0 0 0 0 0 0 0 0 0 0 0 0 0 0 0 0 0 0 0 0 0 0 0 0 0 0 0 0 0 0 0 0 0 0 0 0 0 0 0 0 0 0 0 0 0 0 0 0 0 0 0 0 0 0 0 0 0 0 0 0 0 0 0 0 0 0 0 0 0 0 0 0 0 0 0 0 0 0 0 0 0 0 0 0 0 0 0 0 0 0 0 0 0 0 0 0 0 0 0 0 0 0 0 0 0 0 0 0 0 0 0 0 0 0 0 0 0 0 0 0 0 0 0 0 0 0 0 0 0 0 0 0 0 0 0 0 0 0 0 0 0 0 0 0 0 0 0 0 0 0 0 0 0 0 0 0 0 0 0 0 0 0 0 0 0 0 0 0 0 0 0 0 0 0 0 0 0 0 0 0 0 0 0 0 0 0 0 0 0 0 0 0 0 0 0 0 0 0 0 0 0 0 0 0 0 0 0 0 0 0 0 0 0 0 0 0 0 0 0 0 0 0 0 0 0 0 0 0 0 0 0 0 0 0 0 0 0 0 0 0 0 0 0 0 0 0 0 0 0 0 0 0 0 0 0 0 0 0 0 0 0 0 0 0 0 0 0 0 0 0 0 0 0 0 0 0 0 0 0 0 0 0 0 0 0 0 0 0 0 0 0 0 0 0 0 0 0 0 0 0 0 0 0 0 0 0 0 0 0 0 0 0 0 0 0 0 0 0 0 0 0 0 0 0 0 0 0 0 0 0 0 0 0 0 0 0 0 0 0 0 0 0 0 0 0 0 0 0 0 0 0 0 0 0 0 0 0 0 0 0 0 0 0 0 0 0 0 0 0 0 0 0 0 0 0 0 0 0 0 0 0 0 0 0 0 0 0 0 0 0 0 0 0 0 0 0 0 0 0 0 0 0 0 0 0 0 0 0 0 0 0 0 0 0 0 0 0 0 0 0 0 0 0 0 0 0 0 0 0 0 0 0 0 0 0 0 0 0 0 0 0 0 0 0 0 0 0 0 0 0 0 0 0 0 0 0 0 0 0 0 0 0 0 0 0 0 0 0 0 0 0 0 0 0 0 0 0 0 0 0 0 0 0 0 0 0 0 0 0 0 0 0 0 0 0 0 0 0 0 0 0 0 0 0 0 0 0 0 0 0 0 0 0 0 0 0 0 0 0 0 0 0 0 0 0 0 0 0 0 0 0 0 0 0 0 0 0 0 0 0 0 0 0 0 0 0 0 0 0 0 0 0 0 0 0 0 0 0 0 0 0 0 0 0 0 0 0 0 0 0 0 0 0 0 0 0 0 0 0 0 0 0 0 0 0 0 0 0 0 0 0 0 0 0 0 0 0 0 0 0 0 0 0 0 0 0 0 0 0 0 0 0 0 0 0 0 0 0 0 0 0 0 0 0 0 0 0 0 0 0 0 0 0 0 0 0 0 0 0 0 0 0 0 0 0 0 0 0 0 0 0 0 0 0 0 0 0 0 0 0 0 0 0 0 0 0 0 0 0 0 0 0 0 0 0 0 0 0 0 0 0 0 0 0 0 0 0 0 0 0 0 0 0 0 0 0 0 0 0 0 0 0 0 0 0 0 0 0 0 0 0 0 0 0 0 0 0 0 0 0 0 0 0 0 0 0 0 0 0 0 0 0 0 0 0 0 0 0 0 0 0 0 0 0 0 0 0 0 0 0 0 0 0 0 0 0 0 0 0 0 0 0 0 0 0 0 0 0 0 0 0 0 0 0 0 0 0 0 0 0 0 0 0 0 0 0 0 0 0 0 0 0 0 0 0 0 0 0 0 0 0 0 0 0 0 0 0 0 0 0 0 0 0 0 0 0 0 0 0 0 0 0 0 0 0 0 0 0 0 0 0 0 0 0 0 0 0 0 0 0 0 0 0 0 0 0 0 0 0 0 0 0 0 0 0 0 0 0 0 0 0 0 0 0 0 0 0 0 0 0 0 0 0 0 0 0 0 0 0 0 0 0 0 0 0 0 0 0 0 0 0 0 0 0 0 0 0 0 0 0 0 0 0 0 0 0
ctxt 208398773123
btime 1773600682
processes 94932203
procs_running 1
procs_blocked 0
softirq 43082539061 256 2278867787 38935798 926901041 1476342593 0 2936468734 576572964 5109161 483602359
--
cpu  803000280 23598936 303558385 93438232313 610724010 0 8917682 0 0 0
cpu0 29447837 224394 7364455 1619942276 8331310 0 166630 0 0 0
cpu1 29267473 432889 7647015 1649273471 11021848 0 56688 0 0 0
cpu2 28201045 463108 7596052 1652812604 10878658 0 37570 0 0 0
cpu3 25944563 484906 6796007 1656266849 11039543 0 31727 0 0 0
cpu4 22370604 490414 6377617 1660329430 11076977 0 31251 0 0 0
cpu5 19970983 494023 5982991 1662932108 11317622 0 29423 0 0 0
cpu6 17828789 497511 5642366 1665559787 11192203 0 29604 0 0 0
cpu7 16615166 487783 5481719 1666994588 11171453 0 27632 0 0 0
cpu8 15341688 485635 5289097 1668216240 11408756 0 27672 0 0 0
cpu9 14908082 489844 5258355 1668708214 11338847 0 27820 0 0 0
cpu10 14409195 472357 5139884 1669217532 11495525 0 27062 0 0 0
cpu11 14134058 465792 5151775 1669219712 11700096 0 28214 0 0 0
cpu12 14190115 458188 5274621 1669332514 11397677 0 27286 0 0 0
cpu13 12800791 425511 5437189 1668777210 9922644 0 1898647 0 0 0
cpu14 31525319 477236 7841156 1650110573 10085345 0 177384 0 0 0
cpu15 21119327 503934 6809056 1660885426 10896838 0 175705 0 0 0
cpu16 17756265 491819 6319651 1664602136 11133854 0 176054 0 0 0
cpu17 14933524 500066 5677293 1668370205 10904781 0 171085 0 0 0
cpu18 13594155 505884 5525859 1670085541 10640621 0 175391 0 0 0
cpu19 12938372 472687 5422836 1670853566 10655462 0 174392 0 0 0
cpu20 13089686 493492 5356595 1670739418 10658132 0 175640 0 0 0
cpu21 12211994 482428 5344121 1671505502 10771622 0 173955 0 0 0
cpu22 11983372 482914 5346025 1671428430 11081842 0 175826 0 0 0
cpu23 11695710 471865 5195926 1672174926 10734821 0 174867 0 0 0
cpu24 11732758 448076 5198955 1671892870 11042010 0 173188 0 0 0
cpu25 11558622 450839 5262687 1672364289 10684724 0 180426 0 0 0
cpu26 12011331 478046 5303176 1671793408 10628133 0 182329 0 0 0
cpu27 13883439 464459 5491360 1669455613 10979949 0 179554 0 0 0
cpu28 18769356 361854 5861668 1658285173 9964386 0 1275174 0 0 0
cpu29 13428254 381424 5533934 1669072689 11673677 0 64678 0 0 0
cpu30 12753141 342093 5331597 1670914274 11247338 0 27922 0 0 0
cpu31 11677875 306256 5013038 1672859629 10869052 0 25266 0 0 0
cpu32 10895758 292303 4887900 1673273979 11397184 0 25111 0 0 0
cpu33 10507948 294659 4792194 1673077845 12114904 0 24668 0 0 0
cpu34 10108744 300801 4688361 1673735054 11872747 0 23791 0 0 0
cpu35 9691311 288349 4582174 1674436789 11825323 0 25443 0 0 0
cpu36 9562201 287721 4481446 1674957689 11575509 0 23689 0 0 0
cpu37 9403313 302139 4461847 1675131830 11595892 0 23422 0 0 0
cpu38 9342126 311327 4414561 1675498978 11334855 0 23584 0 0 0
cpu39 9403794 310554 4507583 1675270228 11304788 0 24355 0 0 0
cpu40 9357923 306218 4534761 1675500496 11111712 0 25184 0 0 0
cpu41 9761270 317785 4535817 1674804717 11289887 0 24771 0 0 0
cpu42 13911565 443034 5481515 1670152644 10332015 0 172892 0 0 0
cpu43 11931592 434858 5194407 1672284678 10395173 0 169374 0 0 0
cpu44 11768350 425576 5252615 1672616342 10306628 0 169657 0 0 0
cpu45 11246455 430940 5016834 1673287714 10415011 0 163229 0 0 0
cpu46 11128729 431394 5011251 1673313808 10520815 0 164819 0 0 0
cpu47 10944148 452452 5034524 1673341636 10626265 0 165695 0 0 0
cpu48 11672250 439673 5003588 1672747716 10596941 0 164959 0 0 0
cpu49 11121972 416764 5036859 1673468125 10393380 0 168059 0 0 0
cpu50 11067651 440746 5002200 1673170402 10735963 0 166689 0 0 0
cpu51 11323541 447564 5007393 1673073643 10531561 0 169259 0 0 0
cpu52 11034801 446614 4997308 1673199825 10709927 0 169480 0 0 0
cpu53 11096633 432568 5079008 1673218500 10559406 0 176343 0 0 0
cpu54 11463622 425131 5054175 1672805373 10642493 0 173631 0 0 0
cpu55 13161673 432016 5225966 1670888071 10589855 0 173492 0 0 0
intr 106392263742 74 4 0 0 0 0 0 0 0 0 0 0 6 0 0 0 0 360 213 2556272664 0 0 0 0 0 0 0 0 0 0 0 0 0 0 0 0 0 2396166962 426520545 8318612 677 278 24496490 0 0 0 0 0 0 0 0 0 0 0 0 0 0 0 0 0 0 0 0 0 0 0 0 0 0 0 0 0 0 0 0 0 0 0 0 0 0 0 0 0 0 0 0 0 0 0 0 0 0 0 0 0 0 0 0 0 0 0 0 0 0 0 0 0 0 0 0 0 0 0 0 0 0 0 0 0 0 0 0 0 0 0 0 0 0 0 0 0 0 0 0 0 0 0 0 0 0 0 0 0 0 0 0 0 0 0 0 0 0 0 0 0 0 0 0 0 0 0 0 0 0 0 0 0 0 0 0 0 0 0 0 0 0 0 0 0 0 0 0 0 0 0 0 0 0 0 0 0 0 0 0 0 0 0 0 0 0 0 0 0 0 0 0 0 0 0 0 0 0 0 0 0 0 0 0 0 0 0 0 0 0 0 0 0 0 0 0 0 0 0 0 0 0 0 0 0 0 0 0 0 0 0 0 0 0 0 0 0 0 0 0 0 0 0 0 0 0 0 0 0 0 0 0 0 0 0 0 0 0 0 0 0 0 0 0 0 0 0 0 0 0 0 0 0 0 0 0 0 0 0 0 0 0 0 0 0 0 0 0 0 0 0 0 0 0 0 0 0 0 0 0 0 0 0 0 0 0 0 0 0 0 0 0 0 0 0 0 0 0 0 0 0 0 0 0 0 0 0 0 0 0 0 0 0 0 0 0 0 0 0 0 0 0 0 0 0 0 0 0 0 0 0 0 0 0 0 0 0 0 0 0 0 0 0 0 0 0 0 0 0 0 0 0 0 0 0 0 0 0 0 0 0 0 0 0 0 0 0 0 0 0 0 0 0 0 0 0 0 0 0 0 0 0 0 0 0 0 0 0 0 0 0 0 0 0 0 0 0 0 0 0 0 0 0 0 0 0 0 0 0 0 0 0 0 0 0 0 0 0 0 0 0 0 0 0 0 0 0 0 0 0 0 0 0 0 0 0 0 0 0 0 0 0 0 0 0 0 0 0 0 0 0 0 0 0 0 0 0 0 0 0 0 0 0 0 0 0 0 0 0 0 0 0 0 0 0 0 0 0 0 0 0 0 0 0 0 0 0 0 0 0 0 0 0 0 0 0 0 0 0 0 0 0 0 0 0 0 0 0 0 0 0 0 0 0 0 0 0 0 0 0 0 0 0 0 0 0 0 0 0 0 0 0 0 0 0 0 0 0 0 0 0 0 0 0 0 0 0 0 0 0 0 0 0 0 0 0 0 0 0 0 0 0 0 0 0 0 0 0 0 0 0 0 0 0 0 0 0 0 0 0 0 0 0 0 0 0 0 0 0 0 0 0 0 0 0 0 0 0 0 0 0 0 0 0 0 0 0 0 0 0 0 0 0 0 0 0 0 0 0 0 0 0 0 0 0 0 0 0 0 0 0 0 0 0 0 0 0 0 0 0 0 0 0 0 0 0 0 0 0 0 0 0 0 0 0 0 0 0 0 0 0 0 0 0 0 0 0 0 0 0 0 0 0 0 0 0 0 0 0 0 0 0 0 0 0 0 0 0 0 0 0 0 0 0 0 0 0 0 0 0 0 0 0 0 0 0 0 0 0 0 0 0 0 0 0 0 0 0 0 0 0 0 0 0 0 0 0 0 0 0 0 0 0 0 0 0 0 0 0 0 0 0 0 0 0 0 0 0 0 0 0 0 0 0 0 0 0 0 0 0 0 0 0 0 0 0 0 0 0 0 0 0 0 0 0 0 0 0 0 0 0 0 0 0 0 0 0 0 0 0 0 0 0 0 0 0 0 0 0 0 0 0 0 0 0 0 0 0 0 0 0 0 0 0 0 0 0 0 0 0 0 0 0 0 0 0 0 0 0 0 0 0 0 0 0 0 0 0 0 0 0 0 0 0 0 0 0 0 0 0 0 0 0 0 0 0 0 0 0 0 0 0 0 0 0 0 0 0 0 0 0 0 0 0 0 0 0 0 0 0 0 0 0 0 0 0 0 0 0 0 0 0 0 0 0 0 0 0 0 0 0 0 0 0 0 0 0 0 0 0 0 0 0 0 0 0 0 0 0 0 0 0 0 0 0 0 0 0 0 0 0 0 0 0 0 0 0 0 0 0 0 0 0 0 0 0 0 0 0 0 0 0 0 0 0 0 0 0 0 0 0 0 0 0 0 0 0 0 0 0 0 0 0 0 0 0 0 0 0 0 0 0 0 0 0 0 0 0 0 0 0 0 0 0 0 0 0 0 0 0 0 0 0 0 0 0 0 0 0 0 0 0 0 0 0 0 0 0 0 0 0 0 0 0 0 0 0 0 0 0 0 0 0 0 0 0 0 0 0 0 0 0 0 0 0 0 0 0 0 0 0 0 0 0 0 0 0 0 0 0 0 0 0 0 0 0 0 0 0 0 0 0 0 0 0 0 0 0 0 0 0 0 0 0 0 0 0 0 0 0 0 0 0 0 0 0 0 0 0 0 0 0 0 0 0 0 0 0 0 0 0 0 0 0 0 0 0 0 0 0 0 0 0 0 0 0 0 0 0 0 0 0 0 0 0 0 0 0 0 0 0 0 0 0 0 0 0 0 0 0 0 0 0 0 0 0 0 0 0 0 0 0 0 0 0 0 0 0 0 0 0 0 0 0 0 0 0 0 0 0 0 0 0 0 0 0 0 0 0 0 0 0 0 0 0 0 0 0 0 0 0 0 0 0 0 0 0 0 0 0 0 0 0 0 0 0 0 0 0 0 0 0 0 0 0 0 0 0 0 0 0 0 0 0 0 0 0 0 0 0 0 0 0 0 0 0 0 0 0 0 0 0 0 0 0 0 0 0 0 0 0 0 0 0 0 0 0 0 0 0 0 0 0 0 0 0 0 0 0 0 0 0 0 0 0 0 0 0 0 0 0 0 0 0 0 0 0 0 0 0 0 0 0 0 0 0 0 0 0 0 0 0 0 0 0 0 0 0 0 0 0 0 0 0 0 0 0 0 0 0 0 0 0 0 0 0 0 0 0 0 0 0 0 0 0 0 0 0 0 0 0 0 0 0 0 0 0 0 0 0 0 0 0 0 0 0 0 0 0 0 0 0 0 0 0 0 0 0 0 0 0 0 0 0 0 0 0 0 0 0 0 0 0 0 0 0 0 0 0 0 0 0 0 0 0 0 0 0 0 0 0 0 0 0 0 0 0 0 0 0 0 0 0 0 0 0 0 0 0 0 0 0 0 0 0 0 0 0 0 0 0 0 0 0 0 0 0 0 0 0 0 0 0 0 0 0 0 0 0 0 0 0 0 0 0 0 0 0 0 0 0 0 0 0 0 0 0 0 0 0 0 0 0 0 0 0 0 0 0 0 0 0 0 0 0 0 0 0 0 0 0 0 0 0 0 0 0 0 0 0 0 0 0 0 0 0 0 0 0 0 0 0 0 0 0 0 0 0 0 0 0 0 0 0 0 0 0 0 0 0 0 0 0 0 0 0 0 0 0 0 0 0 0 0 0 0 0 0 0 0 0 0 0 0 0 0 0 0 0 0 0 0 0 0 0 0 0 0 0 0 0 0 0 0 0 0 0 0 0 0 0 0 0 0 0 0 0 0 0 0 0 0 0 0 0 0 0 0 0 0 0 0 0 0 0 0 0 0 0 0 0 0 0 0 0 0 0 0 0 0 0 0 0 0 0 0 0 0 0 0 0 0 0 0 0 0 0 0 0 0 0 0 0
ctxt 208399517132
btime 1773600682
processes 94932232
procs_running 4
procs_blocked 0
softirq 43082906996 256 2278932522 38937284 927102312 1476343417 0 2936470676 576632850 5109161 483640150
