Running 10s test @ http://192.168.10.15:18500/
  32 threads and 256 connections
  Thread Stats   Avg      Stdev     Max   +/- Stdev
    Latency   541.62us   94.21us  10.22ms   80.42%
    Req/Sec    14.20k   614.01    21.01k    81.19%
  Latency Distribution
     50%  538.00us
     75%  587.00us
     90%  635.00us
     99%  749.00us
  4566077 requests in 10.10s, 688.02MB read
Requests/sec: 452084.64
Transfer/sec:     68.12MB
## drops 0 0
## server-stat
cpu  1222568 437 649591 9304919 30830 0 251189 0 0 0
cpu0 43694 7 19864 288231 811 0 8823 0 0 0
cpu1 44157 9 19759 289084 564 0 8501 0 0 0
cpu2 44500 8 19671 289160 360 0 8439 0 0 0
cpu3 45226 10 20155 287090 1181 0 8480 0 0 0
cpu4 45550 9 19961 287384 719 0 8562 0 0 0
cpu5 45240 9 19880 288135 358 0 8440 0 0 0
cpu6 44736 7 19777 288747 349 0 8435 0 0 0
cpu7 43813 6 19571 289925 224 0 8261 0 0 0
cpu8 25033 12 19717 302936 1043 0 5297 0 0 0
cpu9 27853 13 20160 298052 2325 0 5460 0 0 0
cpu10 27030 13 20046 300365 1168 0 5586 0 0 0
cpu11 25680 11 19438 304158 611 0 5291 0 0 0
cpu12 42499 82 20705 283295 2998 0 5635 0 0 0
cpu13 41293 13 20909 284794 2398 0 5768 0 0 0
cpu14 25607 10 19049 305773 822 0 5192 0 0 0
cpu15 24374 11 17875 309282 638 0 4739 0 0 0
cpu16 48009 5 20622 284754 363 0 8623 0 0 0
cpu17 47873 5 20647 283873 1248 0 8664 0 0 0
cpu18 47642 6 20489 285306 280 0 8564 0 0 0
cpu19 48776 6 20951 283026 626 0 8798 0 0 0
cpu20 48952 9 20887 283115 680 0 8771 0 0 0
cpu21 47421 7 20422 285151 530 0 8627 0 0 0
cpu22 46479 6 20445 284814 328 0 8576 0 0 0
cpu23 45319 9 20146 287500 301 0 8481 0 0 0
cpu24 27800 13 20129 301990 839 0 5659 0 0 0
cpu25 29969 14 21855 294092 1550 0 6504 0 0 0
cpu26 29110 12 21518 295926 1181 0 6378 0 0 0
cpu27 25051 7 19373 296950 1044 0 10648 0 0 0
cpu28 40651 19 22681 273653 1888 0 12849 0 0 0
cpu29 42210 57 22928 271191 1821 0 12917 0 0 0
cpu30 24160 9 19540 296316 807 0 10531 0 0 0
cpu31 26846 8 20404 300835 759 0 5676 0 0 0
intr 970584501 126 0 0 0 0 0 0 0 0 1 0 0 0 0 0 0 0 0 0 0 0 0 0 0 0 0 0 1 1 1 0 0 0 0 1 0 1 0 0 75045 0 0 0 0 0 0 0 0 411 0 0 0 0 0 0 0 0 87 0 0 0 0 0 0 0 0 0 0 0 0 0 0 0 131308 2 17883268 17842149 17820383 17903566 0 3084 2361 2920 1563 3079 2640 2056 2549 1470 10243 18130 10134 8149 13093 14634 11258 7271 2692 1791 1457 2354 2233 1933 1581 1606 8902 7138 4953 5477 6463 5716 6112 7949 0 0 0 0 616252 2986 1036 0 264 0 0 0 0 0 0 0 0 0 0 0 0 0 0 0 0 0 0 0 0 0 0 0 0 0 0 0 0 0 0 0 0 0 0 0 0 0 0 0 0 0 0 0 0 0 0 0 0 0 0 0 0 0 0 0 0 0 0 0 0 0 0 0 0 0 0 0 0 0 0 0 0 0 0 0 0 0 0 0 0 0 0 0 0 0 0 0 0 0 0 0 0 0 0 0 0 0 0 0 0 0 0 0 0 0 0 0 0 0 0 0 0 0 0 0 0 0 0 0 0 0 0 0 0 0 0 0 0 0 0 0 0 0 0 0 0 0 0 0 0 0 0 0 0 0 0 0 0 0 0 0 0 0 0 0 0 0 0 0 0 0 0 0 0 0 0 0 0 0 0 0 0 0 0 0 0 0 0 0 0 0 0 0 0 0 0 0 0 0 0 0 0 0 0 0 0 0 0 0 0 0 0 0 0 0 0 0 0 0 0 0 0 0 0 0 0 0 0 0 0 0 0 0 0 0 0 0 0 0 0 0 0 0 0 0 0 0 0 0 0 0 0 0 0 0 0 0 0 0 0 0 0 0 0 0 0 0 0 0 0 0 0 0 0 0 0 0 0 0 0 0 0 0 0 0 0 0 0 0 0 0 0 0 0 0 0 0 0 0 0 0 0 0 0 0 0 0 0 0 0 0 0 0 0 0 0 0 0 0 0 0 0 0 0 0 0 0 0 0 0 0 0 0 0 0 0 0 0 0 0 0 0 0 0 0 0 0 0 0 0 0 0 0 0 0 0 0 0 0 0 0 0 0 0 0 0 0 0 0 0 0 0 0 0 0 0 0 0 0 0 0 0 0 0 0 0 0 0 0 0 0 0 0 0 0 0 0 0 0 0 0 0 0 0 0 0 0 0 0 0 0 0 0 0 0 0 0 0 0 0 0 0 0 0 0 0 0 0 0 0 0 0 0 0 0 0 0 0 0 0 0 0 0 0 0 0 0 0 0 0 0 0 0 0 0 0 0 0 0 0 0 0 0 0 0 0 0 0 0 0 0 0 0 0 0 0 0 0 0 0 0 0 0 0 0 0 0 0 0 0 0 0 0 0 0 0 0 0 0 0 0 0 0 0 0 0 0 0 0 0 0 0 0 0 0 0 0 0 0 0 0 0 0 0 0 0 0 0 0 0 0 0 0 0 0 0 0 0 0 0 0 0 0 0 0 0 0 0 0 0 0 0 0 0 0 0 0 0 0 0 0 0 0 0 0 0 0 0 0 0 0 0 0 0 0 0 0 0 0 0 0 0 0 0 0 0 0 0 0 0 0 0 0 0 0 0 0 0 0 0 0 0 0 0 0 0 0 0 0 0 0 0 0 0 0 0 0 0 0 0 0 0 0 0 0 0 0 0 0 0 0 0 0 0 0 0 0 0 0 0 0 0 0 0 0 0 0 0 0 0 0 0 0 0 0 0 0 0 0 0 0 0 0 0 0 0 0 0 0 0 0 0 0 0 0 0 0 0 0 0 0 0 0 0 0 0 0 0 0 0 0 0 0 0 0 0 0 0 0 0 0 0 0 0 0 0 0 0 0 0 0 0 0 0 0 0 0 0 0 0 0 0 0 0 0 0 0 0 0 0 0 0 0 0 0 0 0 0 0 0 0 0 0 0 0 0 0 0 0 0 0 0 0 0 0 0 0 0 0 0 0 0 0 0 0 0 0 0 0 0 0 0 0 0 0 0 0 0 0 0 0 0 0 0 0 0 0 0 0 0 0 0 0 0 0 0 0 0 0 0 0 0 0 0 0 0 0 0 0 0 0 0 0 0 0 0 0 0 0 0 0 0 0 0 0 0 0 0 0 0 0 0 0 0 0 0 0 0 0 0 0 0 0 0 0 0 0 0 0 0 0 0 0 0 0 0 0 0 0 0 0 0 0 0 0 0 0 0 0 0 0 0 0 0 0 0 0 0 0 0 0 0 0 0 0 0 0 0 0 0 0 0 0 0 0 0 0 0 0 0 0 0 0 0 0 0 0 0 0 0 0 0 0 0 0 0 0 0 0 0 0 0 0 0 0 0 0 0 0 0 0 0 0 0 0 0 0 0 0 0 0 0 0 0 0 0 0 0 0 0 0 0 0 0 0 0 0 0 0 0 0 0 0 0 0 0 0 0 0 0 0 0 0 0 0 0 0 0 0 0 0 0 0 0 0 0 0 0 0 0 0 0 0 0 0 0 0 0 0 0 0 0 0 0 0 0 0 0 0 0 0 0 0 0 0 0 0 0 0 0 0 0 0 0 0 0 0 0 0 0 0 0 0 0 0 0 0 0 0 0 0 0 0 0 0 0 0 0 0 0 0 0 0 0 0 0 0 0 0 0 0 0 0 0 0 0 0 0 0 0 0 0 0 0 0 0 0 0 0 0 0 0 0 0 0 0 0 0 0 0 0 0 0 0 0 0 0 0 0 0 0 0 0 0 0 0 0 0 0 0 0 0
ctxt 1337233956
btime 1790630938
processes 104007
procs_running 5
procs_blocked 0
softirq 1270110028 73526 2248672 1013727 1230498103 136781 0 7165295 17731810 410 11241704
--
cpu  1222895 437 649994 9328262 30847 0 251343 0 0 0
cpu0 43694 7 19864 289024 811 0 8825 0 0 0
cpu1 44157 9 19759 289884 564 0 8501 0 0 0
cpu2 44500 8 19671 289959 360 0 8439 0 0 0
cpu3 45226 10 20155 287890 1181 0 8480 0 0 0
cpu4 45550 9 19961 288184 719 0 8562 0 0 0
cpu5 45240 9 19880 288934 358 0 8440 0 0 0
cpu6 44736 7 19778 289546 349 0 8435 0 0 0
cpu7 43813 6 19571 290724 224 0 8261 0 0 0
cpu8 25048 12 19738 303624 1043 0 5300 0 0 0
cpu9 27871 13 20188 298721 2325 0 5464 0 0 0
cpu10 27045 13 20069 301042 1169 0 5590 0 0 0
cpu11 25692 11 19456 304856 611 0 5294 0 0 0
cpu12 42521 82 20729 283965 2998 0 5640 0 0 0
cpu13 41315 13 20938 285465 2398 0 5772 0 0 0
cpu14 25616 10 19064 306487 822 0 5194 0 0 0
cpu15 24383 11 17887 310001 638 0 4740 0 0 0
cpu16 48009 5 20623 285554 363 0 8623 0 0 0
cpu17 47873 5 20647 284672 1248 0 8664 0 0 0
cpu18 47642 6 20489 286106 280 0 8564 0 0 0
cpu19 48776 6 20951 283826 626 0 8798 0 0 0
cpu20 48952 9 20887 283915 680 0 8771 0 0 0
cpu21 47421 7 20422 285951 530 0 8627 0 0 0
cpu22 46479 6 20445 285614 328 0 8576 0 0 0
cpu23 45319 9 20146 288299 301 0 8481 0 0 0
cpu24 27813 13 20147 302680 839 0 5662 0 0 0
cpu25 29996 14 21883 294742 1551 0 6511 0 0 0
cpu26 29133 12 21551 296584 1181 0 6384 0 0 0
cpu27 25066 7 19390 297572 1059 0 10659 0 0 0
cpu28 40697 19 22723 274213 1888 0 12887 0 0 0
cpu29 42262 57 22983 271726 1821 0 12963 0 0 0
cpu30 24175 9 19562 296953 807 0 10543 0 0 0
cpu31 26858 8 20424 301533 759 0 5678 0 0 0
intr 973891857 126 0 0 0 0 0 0 0 0 1 0 0 0 0 0 0 0 0 0 0 0 0 0 0 0 0 0 1 1 1 0 0 0 0 1 0 1 0 0 75045 0 0 0 0 0 0 0 0 411 0 0 0 0 0 0 0 0 87 0 0 0 0 0 0 0 0 0 0 0 0 0 0 0 131474 2 18046327 18005228 17983467 18066636 0 3088 2361 2920 1563 3079 2641 2056 2549 1470 10243 18136 10134 8149 13094 14635 11258 7271 2692 1791 1457 2354 2233 1933 1581 1607 8902 7138 4953 5477 6465 5716 6112 7949 0 0 0 0 616252 2986 1036 0 264 0 0 0 0 0 0 0 0 0 0 0 0 0 0 0 0 0 0 0 0 0 0 0 0 0 0 0 0 0 0 0 0 0 0 0 0 0 0 0 0 0 0 0 0 0 0 0 0 0 0 0 0 0 0 0 0 0 0 0 0 0 0 0 0 0 0 0 0 0 0 0 0 0 0 0 0 0 0 0 0 0 0 0 0 0 0 0 0 0 0 0 0 0 0 0 0 0 0 0 0 0 0 0 0 0 0 0 0 0 0 0 0 0 0 0 0 0 0 0 0 0 0 0 0 0 0 0 0 0 0 0 0 0 0 0 0 0 0 0 0 0 0 0 0 0 0 0 0 0 0 0 0 0 0 0 0 0 0 0 0 0 0 0 0 0 0 0 0 0 0 0 0 0 0 0 0 0 0 0 0 0 0 0 0 0 0 0 0 0 0 0 0 0 0 0 0 0 0 0 0 0 0 0 0 0 0 0 0 0 0 0 0 0 0 0 0 0 0 0 0 0 0 0 0 0 0 0 0 0 0 0 0 0 0 0 0 0 0 0 0 0 0 0 0 0 0 0 0 0 0 0 0 0 0 0 0 0 0 0 0 0 0 0 0 0 0 0 0 0 0 0 0 0 0 0 0 0 0 0 0 0 0 0 0 0 0 0 0 0 0 0 0 0 0 0 0 0 0 0 0 0 0 0 0 0 0 0 0 0 0 0 0 0 0 0 0 0 0 0 0 0 0 0 0 0 0 0 0 0 0 0 0 0 0 0 0 0 0 0 0 0 0 0 0 0 0 0 0 0 0 0 0 0 0 0 0 0 0 0 0 0 0 0 0 0 0 0 0 0 0 0 0 0 0 0 0 0 0 0 0 0 0 0 0 0 0 0 0 0 0 0 0 0 0 0 0 0 0 0 0 0 0 0 0 0 0 0 0 0 0 0 0 0 0 0 0 0 0 0 0 0 0 0 0 0 0 0 0 0 0 0 0 0 0 0 0 0 0 0 0 0 0 0 0 0 0 0 0 0 0 0 0 0 0 0 0 0 0 0 0 0 0 0 0 0 0 0 0 0 0 0 0 0 0 0 0 0 0 0 0 0 0 0 0 0 0 0 0 0 0 0 0 0 0 0 0 0 0 0 0 0 0 0 0 0 0 0 0 0 0 0 0 0 0 0 0 0 0 0 0 0 0 0 0 0 0 0 0 0 0 0 0 0 0 0 0 0 0 0 0 0 0 0 0 0 0 0 0 0 0 0 0 0 0 0 0 0 0 0 0 0 0 0 0 0 0 0 0 0 0 0 0 0 0 0 0 0 0 0 0 0 0 0 0 0 0 0 0 0 0 0 0 0 0 0 0 0 0 0 0 0 0 0 0 0 0 0 0 0 0 0 0 0 0 0 0 0 0 0 0 0 0 0 0 0 0 0 0 0 0 0 0 0 0 0 0 0 0 0 0 0 0 0 0 0 0 0 0 0 0 0 0 0 0 0 0 0 0 0 0 0 0 0 0 0 0 0 0 0 0 0 0 0 0 0 0 0 0 0 0 0 0 0 0 0 0 0 0 0 0 0 0 0 0 0 0 0 0 0 0 0 0 0 0 0 0 0 0 0 0 0 0 0 0 0 0 0 0 0 0 0 0 0 0 0 0 0 0 0 0 0 0 0 0 0 0 0 0 0 0 0 0 0 0 0 0 0 0 0 0 0 0 0 0 0 0 0 0 0 0 0 0 0 0 0 0 0 0 0 0 0 0 0 0 0 0 0 0 0 0 0 0 0 0 0 0 0 0 0 0 0 0 0 0 0 0 0 0 0 0 0 0 0 0 0 0 0 0 0 0 0 0 0 0 0 0 0 0 0 0 0 0 0 0 0 0 0 0 0 0 0 0 0 0 0 0 0 0 0 0 0 0 0 0 0 0 0 0 0 0 0 0 0 0 0 0 0 0 0 0 0 0 0 0 0 0 0 0 0 0 0 0 0 0 0 0 0 0 0 0 0 0 0 0 0 0 0 0 0 0 0 0 0 0 0 0 0 0 0 0 0 0 0 0 0 0 0 0 0 0 0 0 0 0 0 0 0 0 0 0 0 0 0 0 0 0 0 0 0 0 0 0 0 0 0 0 0 0 0 0 0 0 0 0 0 0 0 0 0 0 0 0 0 0 0 0 0 0 0 0 0 0 0 0 0 0 0 0 0 0 0 0 0 0 0 0 0 0 0 0 0 0 0 0 0 0 0 0 0 0 0 0 0 0 0 0 0 0 0 0 0 0 0 0 0 0 0 0 0 0 0 0 0 0 0 0 0 0 0 0 0 0 0 0 0 0 0 0 0 0 0 0 0 0 0 0 0 0 0 0 0 0 0 0 0 0 0 0 0 0 0 0 0 0 0 0 0 0 0 0 0 0 0 0 0 0 0 0 0 0 0 0 0 0 0 0 0 0 0 0 0 0 0 0 0 0 0 0 0 0 0 0 0 0 0 0 0 0 0 0 0 0
ctxt 1341118895
btime 1790630938
processes 104055
procs_running 1
procs_blocked 0
softirq 1272742343 73526 2253501 1016329 1233098182 136951 0 7165295 17745667 410 11252482
## client-stat
cpu  802914763 23598936 303262798 93435936510 610711539 0 8801229 0 0 0
cpu0 29446652 224394 7361059 1619903317 8331101 0 165522 0 0 0
cpu1 29265870 432889 7641800 1649232399 11021439 0 55223 0 0 0
cpu2 28199536 463108 7590925 1652770850 10878422 0 36088 0 0 0
cpu3 25942948 484906 6790772 1656225234 11039166 0 30300 0 0 0
cpu4 22369041 490414 6372446 1660287548 11076704 0 29775 0 0 0
cpu5 19969387 494023 5977812 1662890226 11317378 0 27977 0 0 0
cpu6 17827181 497511 5637202 1665517883 11191955 0 28167 0 0 0
cpu7 16613653 487783 5476606 1666952628 11171126 0 26189 0 0 0
cpu8 15340112 485635 5283914 1668174289 11408518 0 26197 0 0 0
cpu9 14906372 489844 5253203 1668666259 11338742 0 26388 0 0 0
cpu10 14407689 472357 5134725 1669175559 11495220 0 25614 0 0 0
cpu11 14132601 465792 5146536 1669177820 11699806 0 26727 0 0 0
cpu12 14188603 458188 5269412 1669290613 11397428 0 25807 0 0 0
cpu13 12799238 425511 5431903 1668735459 9922456 0 1897086 0 0 0
cpu14 31523594 477236 7835568 1650069753 10085231 0 175532 0 0 0
cpu15 21117760 503934 6803390 1660844600 10896581 0 173862 0 0 0
cpu16 17754709 491819 6314062 1664561133 11133732 0 174235 0 0 0
cpu17 14931890 500066 5671668 1668329228 10904650 0 169319 0 0 0
cpu18 13592623 505884 5520255 1670044503 10640388 0 173590 0 0 0
cpu19 12936854 472687 5417300 1670812381 10655352 0 172591 0 0 0
cpu20 13088141 493492 5351053 1670698527 10657719 0 173886 0 0 0
cpu21 12210484 482428 5338349 1671464521 10771441 0 172179 0 0 0
cpu22 11981799 482914 5340473 1671387306 11081703 0 174042 0 0 0
cpu23 11694174 471865 5190284 1672133913 10734575 0 173106 0 0 0
cpu24 11731114 448076 5193417 1671851971 11041717 0 171388 0 0 0
cpu25 11557008 450839 5257067 1672323699 10684299 0 178554 0 0 0
cpu26 12009897 478046 5297494 1671752715 10627679 0 180482 0 0 0
cpu27 13881897 464459 5485666 1669414728 10979785 0 177721 0 0 0
cpu28 18768825 361854 5860348 1658266164 9964345 0 1248287 0 0 0
cpu29 13426761 381424 5528941 1669030421 11673473 0 63265 0 0 0
cpu30 12751613 342093 5326504 1670872181 11247098 0 26495 0 0 0
cpu31 11676325 306256 5008056 1672817415 10868815 0 23835 0 0 0
cpu32 10894201 292303 4882930 1673231738 11397008 0 23661 0 0 0
cpu33 10506423 294659 4787175 1673035661 12114688 0 23252 0 0 0
cpu34 10107173 300801 4683343 1673692992 11872448 0 22345 0 0 0
cpu35 9689550 288349 4577015 1674395092 11824983 0 24000 0 0 0
cpu36 9560532 287721 4476396 1674915683 11575257 0 22300 0 0 0
cpu37 9401734 302139 4456692 1675089781 11595687 0 22026 0 0 0
cpu38 9340615 311327 4409491 1675456836 11334607 0 22154 0 0 0
cpu39 9402348 310554 4502436 1675228174 11304520 0 22875 0 0 0
cpu40 9356430 306218 4529625 1675458473 11111485 0 23693 0 0 0
cpu41 9759711 317785 4530585 1674762866 11289626 0 23286 0 0 0
cpu42 13910038 443034 5475927 1670111607 10331882 0 171018 0 0 0
cpu43 11930010 434858 5188797 1672243777 10394984 0 167533 0 0 0
cpu44 11766878 425576 5246957 1672575341 10306466 0 167796 0 0 0
cpu45 11244970 430940 5011273 1673246541 10414854 0 161459 0 0 0
cpu46 11127230 431394 5005684 1673272667 10520669 0 163035 0 0 0
cpu47 10942597 452452 5028802 1673300731 10626014 0 163912 0 0 0
cpu48 11670726 439673 4998016 1672706496 10596866 0 163181 0 0 0
cpu49 11120611 416764 5031231 1673426793 10393296 0 166283 0 0 0
cpu50 11066059 440746 4996607 1673129325 10735804 0 164914 0 0 0
cpu51 11321991 447564 5001774 1673032561 10531399 0 167482 0 0 0
cpu52 11033246 446614 4991724 1673158681 10709817 0 167691 0 0 0
cpu53 11095122 432568 5073276 1673177621 10559203 0 174505 0 0 0
cpu54 11461999 425131 5048538 1672764521 10642343 0 171736 0 0 0
cpu55 13160193 432016 5220272 1670847279 10589565 0 171636 0 0 0
intr 106365322067 74 4 0 0 0 0 0 0 0 0 0 0 6 0 0 0 0 360 213 2556194353 0 0 0 0 0 0 0 0 0 0 0 0 0 0 0 0 0 2394554306 426505898 8318361 677 278 24496490 0 0 0 0 0 0 0 0 0 0 0 0 0 0 0 0 0 0 0 0 0 0 0 0 0 0 0 0 0 0 0 0 0 0 0 0 0 0 0 0 0 0 0 0 0 0 0 0 0 0 0 0 0 0 0 0 0 0 0 0 0 0 0 0 0 0 0 0 0 0 0 0 0 0 0 0 0 0 0 0 0 0 0 0 0 0 0 0 0 0 0 0 0 0 0 0 0 0 0 0 0 0 0 0 0 0 0 0 0 0 0 0 0 0 0 0 0 0 0 0 0 0 0 0 0 0 0 0 0 0 0 0 0 0 0 0 0 0 0 0 0 0 0 0 0 0 0 0 0 0 0 0 0 0 0 0 0 0 0 0 0 0 0 0 0 0 0 0 0 0 0 0 0 0 0 0 0 0 0 0 0 0 0 0 0 0 0 0 0 0 0 0 0 0 0 0 0 0 0 0 0 0 0 0 0 0 0 0 0 0 0 0 0 0 0 0 0 0 0 0 0 0 0 0 0 0 0 0 0 0 0 0 0 0 0 0 0 0 0 0 0 0 0 0 0 0 0 0 0 0 0 0 0 0 0 0 0 0 0 0 0 0 0 0 0 0 0 0 0 0 0 0 0 0 0 0 0 0 0 0 0 0 0 0 0 0 0 0 0 0 0 0 0 0 0 0 0 0 0 0 0 0 0 0 0 0 0 0 0 0 0 0 0 0 0 0 0 0 0 0 0 0 0 0 0 0 0 0 0 0 0 0 0 0 0 0 0 0 0 0 0 0 0 0 0 0 0 0 0 0 0 0 0 0 0 0 0 0 0 0 0 0 0 0 0 0 0 0 0 0 0 0 0 0 0 0 0 0 0 0 0 0 0 0 0 0 0 0 0 0 0 0 0 0 0 0 0 0 0 0 0 0 0 0 0 0 0 0 0 0 0 0 0 0 0 0 0 0 0 0 0 0 0 0 0 0 0 0 0 0 0 0 0 0 0 0 0 0 0 0 0 0 0 0 0 0 0 0 0 0 0 0 0 0 0 0 0 0 0 0 0 0 0 0 0 0 0 0 0 0 0 0 0 0 0 0 0 0 0 0 0 0 0 0 0 0 0 0 0 0 0 0 0 0 0 0 0 0 0 0 0 0 0 0 0 0 0 0 0 0 0 0 0 0 0 0 0 0 0 0 0 0 0 0 0 0 0 0 0 0 0 0 0 0 0 0 0 0 0 0 0 0 0 0 0 0 0 0 0 0 0 0 0 0 0 0 0 0 0 0 0 0 0 0 0 0 0 0 0 0 0 0 0 0 0 0 0 0 0 0 0 0 0 0 0 0 0 0 0 0 0 0 0 0 0 0 0 0 0 0 0 0 0 0 0 0 0 0 0 0 0 0 0 0 0 0 0 0 0 0 0 0 0 0 0 0 0 0 0 0 0 0 0 0 0 0 0 0 0 0 0 0 0 0 0 0 0 0 0 0 0 0 0 0 0 0 0 0 0 0 0 0 0 0 0 0 0 0 0 0 0 0 0 0 0 0 0 0 0 0 0 0 0 0 0 0 0 0 0 0 0 0 0 0 0 0 0 0 0 0 0 0 0 0 0 0 0 0 0 0 0 0 0 0 0 0 0 0 0 0 0 0 0 0 0 0 0 0 0 0 0 0 0 0 0 0 0 0 0 0 0 0 0 0 0 0 0 0 0 0 0 0 0 0 0 0 0 0 0 0 0 0 0 0 0 0 0 0 0 0 0 0 0 0 0 0 0 0 0 0 0 0 0 0 0 0 0 0 0 0 0 0 0 0 0 0 0 0 0 0 0 0 0 0 0 0 0 0 0 0 0 0 0 0 0 0 0 0 0 0 0 0 0 0 0 0 0 0 0 0 0 0 0 0 0 0 0 0 0 0 0 0 0 0 0 0 0 0 0 0 0 0 0 0 0 0 0 0 0 0 0 0 0 0 0 0 0 0 0 0 0 0 0 0 0 0 0 0 0 0 0 0 0 0 0 0 0 0 0 0 0 0 0 0 0 0 0 0 0 0 0 0 0 0 0 0 0 0 0 0 0 0 0 0 0 0 0 0 0 0 0 0 0 0 0 0 0 0 0 0 0 0 0 0 0 0 0 0 0 0 0 0 0 0 0 0 0 0 0 0 0 0 0 0 0 0 0 0 0 0 0 0 0 0 0 0 0 0 0 0 0 0 0 0 0 0 0 0 0 0 0 0 0 0 0 0 0 0 0 0 0 0 0 0 0 0 0 0 0 0 0 0 0 0 0 0 0 0 0 0 0 0 0 0 0 0 0 0 0 0 0 0 0 0 0 0 0 0 0 0 0 0 0 0 0 0 0 0 0 0 0 0 0 0 0 0 0 0 0 0 0 0 0 0 0 0 0 0 0 0 0 0 0 0 0 0 0 0 0 0 0 0 0 0 0 0 0 0 0 0 0 0 0 0 0 0 0 0 0 0 0 0 0 0 0 0 0 0 0 0 0 0 0 0 0 0 0 0 0 0 0 0 0 0 0 0 0 0 0 0 0 0 0 0 0 0 0 0 0 0 0 0 0 0 0 0 0 0 0 0 0 0 0 0 0 0 0 0 0 0 0 0 0 0 0 0 0 0 0 0 0 0 0 0 0 0 0 0 0 0 0 0 0 0 0 0 0 0 0 0 0 0 0 0 0 0 0 0 0 0 0 0 0 0 0 0 0 0 0 0 0 0 0 0 0 0 0 0 0 0 0 0 0 0 0 0 0 0 0 0 0 0 0 0 0 0 0 0 0 0 0 0 0 0 0 0 0 0 0 0 0 0 0 0 0 0 0 0 0 0 0 0 0 0 0 0 0 0 0 0 0 0 0 0 0 0 0 0 0 0 0 0 0 0 0 0 0 0 0 0 0 0 0 0 0 0 0 0 0 0 0 0 0 0 0 0 0 0 0 0 0 0 0 0 0 0 0 0 0 0 0 0 0 0 0 0 0 0 0 0 0 0 0 0 0 0 0 0 0 0 0 0 0 0 0 0 0 0 0 0 0 0 0 0 0 0 0 0 0 0 0 0 0 0 0 0 0 0 0 0 0 0 0 0 0 0 0 0 0 0 0 0 0 0 0 0 0 0 0 0 0 0 0 0 0 0 0 0 0 0 0 0 0 0 0 0 0 0 0 0 0 0 0 0 0 0 0 0 0 0 0 0 0 0 0 0 0 0 0 0 0 0 0 0 0 0 0 0 0 0 0 0 0 0 0 0 0 0 0 0 0 0 0 0 0 0 0 0 0 0 0 0 0 0 0 0 0 0 0 0 0 0 0 0 0 0 0 0 0 0 0 0 0 0 0 0 0 0 0 0 0 0 0 0 0 0 0 0 0 0 0 0 0 0 0 0 0 0 0 0 0 0 0 0 0 0 0 0 0 0 0 0 0 0 0 0 0 0 0 0 0 0 0 0 0 0 0 0 0 0 0 0 0 0 0 0 0 0 0 0 0 0 0 0 0 0 0 0 0 0 0 0 0 0 0 0 0 0 0 0 0 0 0 0 0 0 0 0 0 0 0 0 0 0 0 0 0 0 0 0 0 0 0 0 0 0 0 0 0 0 0 0 0 0 0 0 0 0 0 0 0 0 0 0 0 0 0 0 0 0 0 0 0 0 0 0 0 0 0 0 0 0 0 0 0 0 0 0 0 0 0 0 0 0 0 0 0 0 0 0 0 0 0 0 0
ctxt 208235012986
btime 1773600682
processes 94926468
procs_running 16
procs_blocked 0
softirq 43024136632 256 2278361666 38538263 878243724 1476295476 0 2936359163 570728290 5109161 480762265
--
cpu  802917063 23598936 303272106 93435965024 610711600 0 8804618 0 0 0
cpu0 29446678 224394 7361164 1619903888 8331101 0 165552 0 0 0
cpu1 29265909 432889 7641964 1649232916 11021439 0 55265 0 0 0
cpu2 28199572 463108 7591079 1652771383 10878423 0 36138 0 0 0
cpu3 25942988 484906 6790936 1656225757 11039167 0 30342 0 0 0
cpu4 22369080 490414 6372614 1660288073 11076706 0 29820 0 0 0
cpu5 19969428 494023 5977988 1662890752 11317378 0 28018 0 0 0
cpu6 17827239 497511 5637367 1665518398 11191955 0 28211 0 0 0
cpu7 16613692 487783 5476769 1666953160 11171126 0 26232 0 0 0
cpu8 15340151 485635 5284079 1668174820 11408518 0 26242 0 0 0
cpu9 14906413 489844 5253370 1668666793 11338742 0 26432 0 0 0
cpu10 14407738 472357 5134885 1669176087 11495220 0 25656 0 0 0
cpu11 14132640 465792 5146702 1669178353 11699806 0 26769 0 0 0
cpu12 14188646 458188 5269582 1669291140 11397429 0 25849 0 0 0
cpu13 12799276 425511 5432070 1668735986 9922456 0 1897130 0 0 0
cpu14 31523635 477236 7835741 1650070256 10085231 0 175586 0 0 0
cpu15 21117801 503934 6803566 1660845109 10896581 0 173919 0 0 0
cpu16 17754759 491819 6314236 1664561634 11133732 0 174290 0 0 0
cpu17 14931931 500066 5671841 1668329742 10904650 0 169372 0 0 0
cpu18 13592664 505884 5520432 1670045011 10640388 0 173641 0 0 0
cpu19 12936896 472687 5417478 1670812884 10655359 0 172640 0 0 0
cpu20 13088184 493492 5351226 1670699040 10657719 0 173939 0 0 0
cpu21 12210523 482428 5338528 1671465032 10771441 0 172232 0 0 0
cpu22 11981837 482914 5340647 1671387815 11081703 0 174094 0 0 0
cpu23 11694210 471865 5190457 1672134427 10734575 0 173152 0 0 0
cpu24 11731152 448076 5193585 1671852488 11041717 0 171440 0 0 0
cpu25 11557047 450839 5257244 1672324207 10684299 0 178609 0 0 0
cpu26 12009945 478046 5297676 1671753216 10627679 0 180531 0 0 0
cpu27 13881939 464459 5485844 1669415233 10979785 0 177771 0 0 0
cpu28 18768825 361854 5860348 1658266165 9964345 0 1249086 0 0 0
cpu29 13426800 381424 5529103 1669030960 11673473 0 63306 0 0 0
cpu30 12751651 342093 5326678 1670872715 11247098 0 26535 0 0 0
cpu31 11676361 306256 5008221 1672817954 10868815 0 23874 0 0 0
cpu32 10894242 292303 4883091 1673232272 11397010 0 23702 0 0 0
cpu33 10506461 294659 4787340 1673036197 12114688 0 23295 0 0 0
cpu34 10107210 300801 4683495 1673693539 11872449 0 22394 0 0 0
cpu35 9689592 288349 4577180 1674395590 11825012 0 24039 0 0 0
cpu36 9560572 287721 4476565 1674916214 11575258 0 22341 0 0 0
cpu37 9401780 302139 4456878 1675090291 11595691 0 22065 0 0 0
cpu38 9340652 311327 4409651 1675457373 11334608 0 22196 0 0 0
cpu39 9402381 310554 4502573 1675228730 11304522 0 22929 0 0 0
cpu40 9356476 306218 4529800 1675458991 11111485 0 23736 0 0 0
cpu41 9759751 317785 4530761 1674763384 11289632 0 23328 0 0 0
cpu42 13910099 443034 5476104 1670112099 10331882 0 171072 0 0 0
cpu43 11930073 434858 5188969 1672244265 10394984 0 167584 0 0 0
cpu44 11766923 425576 5247133 1672575844 10306466 0 167846 0 0 0
cpu45 11245030 430940 5011446 1673247037 10414854 0 161506 0 0 0
cpu46 11127269 431394 5005855 1673273178 10520669 0 163085 0 0 0
cpu47 10942638 452452 5028973 1673301240 10626014 0 163965 0 0 0
cpu48 11670770 439673 4998192 1672707010 10596866 0 163228 0 0 0
cpu49 11120652 416764 5031404 1673427308 10393296 0 166332 0 0 0
cpu50 11066097 440746 4996777 1673129838 10735804 0 164966 0 0 0
cpu51 11322031 447564 5001956 1673033073 10531399 0 167534 0 0 0
cpu52 11033288 446614 4991890 1673159196 10709817 0 167745 0 0 0
cpu53 11095158 432568 5073464 1673178130 10559203 0 174559 0 0 0
cpu54 11462049 425131 5048714 1672765017 10642343 0 171789 0 0 0
cpu55 13160231 432016 5220451 1670847785 10589565 0 171683 0 0 0
intr 106365991259 74 4 0 0 0 0 0 0 0 0 0 0 6 0 0 0 0 360 213 2556195072 0 0 0 0 0 0 0 0 0 0 0 0 0 0 0 0 0 2394554501 426506081 8318365 677 278 24496490 0 0 0 0 0 0 0 0 0 0 0 0 0 0 0 0 0 0 0 0 0 0 0 0 0 0 0 0 0 0 0 0 0 0 0 0 0 0 0 0 0 0 0 0 0 0 0 0 0 0 0 0 0 0 0 0 0 0 0 0 0 0 0 0 0 0 0 0 0 0 0 0 0 0 0 0 0 0 0 0 0 0 0 0 0 0 0 0 0 0 0 0 0 0 0 0 0 0 0 0 0 0 0 0 0 0 0 0 0 0 0 0 0 0 0 0 0 0 0 0 0 0 0 0 0 0 0 0 0 0 0 0 0 0 0 0 0 0 0 0 0 0 0 0 0 0 0 0 0 0 0 0 0 0 0 0 0 0 0 0 0 0 0 0 0 0 0 0 0 0 0 0 0 0 0 0 0 0 0 0 0 0 0 0 0 0 0 0 0 0 0 0 0 0 0 0 0 0 0 0 0 0 0 0 0 0 0 0 0 0 0 0 0 0 0 0 0 0 0 0 0 0 0 0 0 0 0 0 0 0 0 0 0 0 0 0 0 0 0 0 0 0 0 0 0 0 0 0 0 0 0 0 0 0 0 0 0 0 0 0 0 0 0 0 0 0 0 0 0 0 0 0 0 0 0 0 0 0 0 0 0 0 0 0 0 0 0 0 0 0 0 0 0 0 0 0 0 0 0 0 0 0 0 0 0 0 0 0 0 0 0 0 0 0 0 0 0 0 0 0 0 0 0 0 0 0 0 0 0 0 0 0 0 0 0 0 0 0 0 0 0 0 0 0 0 0 0 0 0 0 0 0 0 0 0 0 0 0 0 0 0 0 0 0 0 0 0 0 0 0 0 0 0 0 0 0 0 0 0 0 0 0 0 0 0 0 0 0 0 0 0 0 0 0 0 0 0 0 0 0 0 0 0 0 0 0 0 0 0 0 0 0 0 0 0 0 0 0 0 0 0 0 0 0 0 0 0 0 0 0 0 0 0 0 0 0 0 0 0 0 0 0 0 0 0 0 0 0 0 0 0 0 0 0 0 0 0 0 0 0 0 0 0 0 0 0 0 0 0 0 0 0 0 0 0 0 0 0 0 0 0 0 0 0 0 0 0 0 0 0 0 0 0 0 0 0 0 0 0 0 0 0 0 0 0 0 0 0 0 0 0 0 0 0 0 0 0 0 0 0 0 0 0 0 0 0 0 0 0 0 0 0 0 0 0 0 0 0 0 0 0 0 0 0 0 0 0 0 0 0 0 0 0 0 0 0 0 0 0 0 0 0 0 0 0 0 0 0 0 0 0 0 0 0 0 0 0 0 0 0 0 0 0 0 0 0 0 0 0 0 0 0 0 0 0 0 0 0 0 0 0 0 0 0 0 0 0 0 0 0 0 0 0 0 0 0 0 0 0 0 0 0 0 0 0 0 0 0 0 0 0 0 0 0 0 0 0 0 0 0 0 0 0 0 0 0 0 0 0 0 0 0 0 0 0 0 0 0 0 0 0 0 0 0 0 0 0 0 0 0 0 0 0 0 0 0 0 0 0 0 0 0 0 0 0 0 0 0 0 0 0 0 0 0 0 0 0 0 0 0 0 0 0 0 0 0 0 0 0 0 0 0 0 0 0 0 0 0 0 0 0 0 0 0 0 0 0 0 0 0 0 0 0 0 0 0 0 0 0 0 0 0 0 0 0 0 0 0 0 0 0 0 0 0 0 0 0 0 0 0 0 0 0 0 0 0 0 0 0 0 0 0 0 0 0 0 0 0 0 0 0 0 0 0 0 0 0 0 0 0 0 0 0 0 0 0 0 0 0 0 0 0 0 0 0 0 0 0 0 0 0 0 0 0 0 0 0 0 0 0 0 0 0 0 0 0 0 0 0 0 0 0 0 0 0 0 0 0 0 0 0 0 0 0 0 0 0 0 0 0 0 0 0 0 0 0 0 0 0 0 0 0 0 0 0 0 0 0 0 0 0 0 0 0 0 0 0 0 0 0 0 0 0 0 0 0 0 0 0 0 0 0 0 0 0 0 0 0 0 0 0 0 0 0 0 0 0 0 0 0 0 0 0 0 0 0 0 0 0 0 0 0 0 0 0 0 0 0 0 0 0 0 0 0 0 0 0 0 0 0 0 0 0 0 0 0 0 0 0 0 0 0 0 0 0 0 0 0 0 0 0 0 0 0 0 0 0 0 0 0 0 0 0 0 0 0 0 0 0 0 0 0 0 0 0 0 0 0 0 0 0 0 0 0 0 0 0 0 0 0 0 0 0 0 0 0 0 0 0 0 0 0 0 0 0 0 0 0 0 0 0 0 0 0 0 0 0 0 0 0 0 0 0 0 0 0 0 0 0 0 0 0 0 0 0 0 0 0 0 0 0 0 0 0 0 0 0 0 0 0 0 0 0 0 0 0 0 0 0 0 0 0 0 0 0 0 0 0 0 0 0 0 0 0 0 0 0 0 0 0 0 0 0 0 0 0 0 0 0 0 0 0 0 0 0 0 0 0 0 0 0 0 0 0 0 0 0 0 0 0 0 0 0 0 0 0 0 0 0 0 0 0 0 0 0 0 0 0 0 0 0 0 0 0 0 0 0 0 0 0 0 0 0 0 0 0 0 0 0 0 0 0 0 0 0 0 0 0 0 0 0 0 0 0 0 0 0 0 0 0 0 0 0 0 0 0 0 0 0 0 0 0 0 0 0 0 0 0 0 0 0 0 0 0 0 0 0 0 0 0 0 0 0 0 0 0 0 0 0 0 0 0 0 0 0 0 0 0 0 0 0 0 0 0 0 0 0 0 0 0 0 0 0 0 0 0 0 0 0 0 0 0 0 0 0 0 0 0 0 0 0 0 0 0 0 0 0 0 0 0 0 0 0 0 0 0 0 0 0 0 0 0 0 0 0 0 0 0 0 0 0 0 0 0 0 0 0 0 0 0 0 0 0 0 0 0 0 0 0 0 0 0 0 0 0 0 0 0 0 0 0 0 0 0 0 0 0 0 0 0 0 0 0 0 0 0 0 0 0 0 0 0 0 0 0 0 0 0 0 0 0 0 0 0 0 0 0 0 0 0 0 0 0 0 0 0 0 0 0 0 0 0 0 0 0 0 0 0 0 0 0 0 0 0 0 0 0 0 0 0 0 0 0 0 0 0 0 0 0 0 0 0 0 0 0 0 0 0 0 0 0 0 0 0 0 0 0 0 0 0 0 0 0 0 0 0 0 0 0 0 0 0 0 0 0 0 0 0 0 0 0 0 0 0 0 0 0 0 0 0 0 0 0 0 0 0 0 0 0 0 0 0 0 0 0 0 0 0 0 0 0 0 0 0 0 0 0 0 0 0 0 0 0 0 0 0 0 0 0 0 0 0 0 0 0 0 0 0 0 0 0 0 0 0 0 0 0 0 0 0 0 0 0 0 0 0 0 0 0 0 0 0 0 0 0 0 0 0 0 0 0 0 0 0 0 0 0 0 0 0 0 0 0 0 0 0 0 0 0 0 0 0 0 0 0 0 0 0 0 0 0 0 0 0 0 0 0 0 0 0 0 0 0 0 0 0 0 0 0 0 0 0 0 0 0 0 0 0 0 0 0 0 0 0 0 0 0 0 0 0 0 0 0 0 0 0 0 0 0 0 0 0 0 0 0 0 0 0 0 0 0 0 0 0 0 0 0 0 0 0 0 0 0 0 0 0 0 0 0 0 0 0 0 0 0
ctxt 208239814786
btime 1773600682
processes 94926539
procs_running 22
procs_blocked 0
softirq 43025768461 256 2278363413 38550617 879644653 1476295948 0 2936360318 570880864 5109161 480824863
