Running 10s test @ http://192.168.10.15:18500/page
  32 threads and 256 connections
  Thread Stats   Avg      Stdev     Max   +/- Stdev
    Latency    22.75ms    1.72ms  39.99ms   95.33%
    Req/Sec   352.24     36.19   450.00     69.17%
  Latency Distribution
     50%   22.97ms
     75%   23.42ms
     90%   23.75ms
     99%   25.12ms
  113174 requests in 10.09s, 1.09GB read
Requests/sec:  11220.63
Transfer/sec:    110.72MB
## drops 0 0
## server-stat
cpu  1182974 428 635453 9136149 30542 0 248309 0 0 0
cpu0 42663 7 19434 282741 775 0 8758 0 0 0
cpu1 43074 9 19333 283584 559 0 8441 0 0 0
cpu2 43391 8 19251 283668 357 0 8383 0 0 0
cpu3 44072 10 19741 281629 1181 0 8425 0 0 0
cpu4 44381 8 19551 281944 718 0 8505 0 0 0
cpu5 44086 9 19468 282696 354 0 8381 0 0 0
cpu6 43597 7 19357 283275 335 0 8380 0 0 0
cpu7 42753 6 19154 284402 216 0 8213 0 0 0
cpu8 23853 12 19282 297571 1042 0 5245 0 0 0
cpu9 26636 13 19723 292758 2314 0 5406 0 0 0
cpu10 25783 12 19609 295067 1161 0 5536 0 0 0
cpu11 24460 11 18997 298844 594 0 5241 0 0 0
cpu12 41137 82 20249 278132 2990 0 5578 0 0 0
cpu13 39919 13 20464 279661 2379 0 5705 0 0 0
cpu14 24380 10 18587 300487 811 0 5141 0 0 0
cpu15 23169 10 17431 303940 637 0 4685 0 0 0
cpu16 46698 5 20171 279491 360 0 8560 0 0 0
cpu17 46583 5 20194 278590 1243 0 8601 0 0 0
cpu18 46357 6 20045 279999 279 0 8503 0 0 0
cpu19 47437 6 20493 277818 609 0 8736 0 0 0
cpu20 47588 9 20431 277882 679 0 8713 0 0 0
cpu21 46167 7 19982 279825 529 0 8565 0 0 0
cpu22 45276 6 20004 279452 321 0 8519 0 0 0
cpu23 44173 9 19718 282084 293 0 8423 0 0 0
cpu24 26441 12 19658 296832 837 0 5602 0 0 0
cpu25 28589 14 21381 288954 1549 0 6443 0 0 0
cpu26 27716 12 21059 290804 1171 0 6317 0 0 0
cpu27 23832 6 18944 291930 1043 0 10347 0 0 0
cpu28 39318 19 22227 268799 1869 0 12519 0 0 0
cpu29 40878 56 22465 266405 1762 0 12565 0 0 0
cpu30 23021 9 19107 291238 804 0 10240 0 0 0
cpu31 25531 8 19929 295629 758 0 5623 0 0 0
intr 923277779 126 0 0 0 0 0 0 0 0 1 0 0 0 0 0 0 0 0 0 0 0 0 0 0 0 0 0 1 1 1 0 0 0 0 1 0 1 0 0 75045 0 0 0 0 0 0 0 0 411 0 0 0 0 0 0 0 0 87 0 0 0 0 0 0 0 0 0 0 0 0 0 0 0 128902 2 17083075 17038441 16998537 17101425 0 3018 2298 2855 1497 3076 2640 2054 2548 1431 10234 18094 10125 8115 13091 14630 11258 7252 2691 1775 1457 2333 2230 1931 1515 1576 8890 7043 4914 5460 6389 5712 6110 7944 0 0 0 0 616248 2976 1036 0 264 0 0 0 0 0 0 0 0 0 0 0 0 0 0 0 0 0 0 0 0 0 0 0 0 0 0 0 0 0 0 0 0 0 0 0 0 0 0 0 0 0 0 0 0 0 0 0 0 0 0 0 0 0 0 0 0 0 0 0 0 0 0 0 0 0 0 0 0 0 0 0 0 0 0 0 0 0 0 0 0 0 0 0 0 0 0 0 0 0 0 0 0 0 0 0 0 0 0 0 0 0 0 0 0 0 0 0 0 0 0 0 0 0 0 0 0 0 0 0 0 0 0 0 0 0 0 0 0 0 0 0 0 0 0 0 0 0 0 0 0 0 0 0 0 0 0 0 0 0 0 0 0 0 0 0 0 0 0 0 0 0 0 0 0 0 0 0 0 0 0 0 0 0 0 0 0 0 0 0 0 0 0 0 0 0 0 0 0 0 0 0 0 0 0 0 0 0 0 0 0 0 0 0 0 0 0 0 0 0 0 0 0 0 0 0 0 0 0 0 0 0 0 0 0 0 0 0 0 0 0 0 0 0 0 0 0 0 0 0 0 0 0 0 0 0 0 0 0 0 0 0 0 0 0 0 0 0 0 0 0 0 0 0 0 0 0 0 0 0 0 0 0 0 0 0 0 0 0 0 0 0 0 0 0 0 0 0 0 0 0 0 0 0 0 0 0 0 0 0 0 0 0 0 0 0 0 0 0 0 0 0 0 0 0 0 0 0 0 0 0 0 0 0 0 0 0 0 0 0 0 0 0 0 0 0 0 0 0 0 0 0 0 0 0 0 0 0 0 0 0 0 0 0 0 0 0 0 0 0 0 0 0 0 0 0 0 0 0 0 0 0 0 0 0 0 0 0 0 0 0 0 0 0 0 0 0 0 0 0 0 0 0 0 0 0 0 0 0 0 0 0 0 0 0 0 0 0 0 0 0 0 0 0 0 0 0 0 0 0 0 0 0 0 0 0 0 0 0 0 0 0 0 0 0 0 0 0 0 0 0 0 0 0 0 0 0 0 0 0 0 0 0 0 0 0 0 0 0 0 0 0 0 0 0 0 0 0 0 0 0 0 0 0 0 0 0 0 0 0 0 0 0 0 0 0 0 0 0 0 0 0 0 0 0 0 0 0 0 0 0 0 0 0 0 0 0 0 0 0 0 0 0 0 0 0 0 0 0 0 0 0 0 0 0 0 0 0 0 0 0 0 0 0 0 0 0 0 0 0 0 0 0 0 0 0 0 0 0 0 0 0 0 0 0 0 0 0 0 0 0 0 0 0 0 0 0 0 0 0 0 0 0 0 0 0 0 0 0 0 0 0 0 0 0 0 0 0 0 0 0 0 0 0 0 0 0 0 0 0 0 0 0 0 0 0 0 0 0 0 0 0 0 0 0 0 0 0 0 0 0 0 0 0 0 0 0 0 0 0 0 0 0 0 0 0 0 0 0 0 0 0 0 0 0 0 0 0 0 0 0 0 0 0 0 0 0 0 0 0 0 0 0 0 0 0 0 0 0 0 0 0 0 0 0 0 0 0 0 0 0 0 0 0 0 0 0 0 0 0 0 0 0 0 0 0 0 0 0 0 0 0 0 0 0 0 0 0 0 0 0 0 0 0 0 0 0 0 0 0 0 0 0 0 0 0 0 0 0 0 0 0 0 0 0 0 0 0 0 0 0 0 0 0 0 0 0 0 0 0 0 0 0 0 0 0 0 0 0 0 0 0 0 0 0 0 0 0 0 0 0 0 0 0 0 0 0 0 0 0 0 0 0 0 0 0 0 0 0 0 0 0 0 0 0 0 0 0 0 0 0 0 0 0 0 0 0 0 0 0 0 0 0 0 0 0 0 0 0 0 0 0 0 0 0 0 0 0 0 0 0 0 0 0 0 0 0 0 0 0 0 0 0 0 0 0 0 0 0 0 0 0 0 0 0 0 0 0 0 0 0 0 0 0 0 0 0 0 0 0 0 0 0 0 0 0 0 0 0 0 0 0 0 0 0 0 0 0 0 0 0 0 0 0 0 0 0 0 0 0 0 0 0 0 0 0 0 0 0 0 0 0 0 0 0 0 0 0 0 0 0 0 0 0 0 0 0 0 0 0 0 0 0 0 0 0 0 0 0 0 0 0 0 0 0 0 0 0 0 0 0 0 0 0 0 0 0 0 0 0 0 0 0 0 0 0 0 0 0 0 0 0 0 0 0 0 0 0 0 0 0 0 0 0 0 0 0 0 0 0 0 0 0 0 0 0 0 0 0 0 0 0 0 0 0 0 0 0 0 0 0 0 0 0 0 0 0 0 0 0 0 0 0 0 0 0 0 0 0 0 0 0 0 0 0 0 0 0 0 0 0 0 0 0 0 0 0 0 0 0 0 0 0 0 0 0 0 0 0 0 0 0 0 0 0 0 0 0 0 0 0 0 0 0 0 0 0 0 0 0 0 0 0 0 0 0 0 0 0 0 0 0 0 0 0 0 0 0 0 0 0 0 0
ctxt 1277233141
btime 1790630938
processes 101439
procs_running 1
procs_blocked 0
softirq 1256781406 73526 2195381 884247 1218709423 134318 0 6805105 17097040 410 10881956
--
cpu  1184088 429 635755 9159854 30572 0 248362 0 0 0
cpu0 42683 7 19444 283498 775 0 8759 0 0 0
cpu1 43097 9 19343 284342 559 0 8441 0 0 0
cpu2 43415 8 19260 284426 357 0 8384 0 0 0
cpu3 44100 10 19749 282384 1181 0 8425 0 0 0
cpu4 44409 8 19560 282697 718 0 8506 0 0 0
cpu5 44114 9 19475 283451 354 0 8381 0 0 0
cpu6 43623 7 19364 284031 335 0 8381 0 0 0
cpu7 42774 6 19162 285161 216 0 8214 0 0 0
cpu8 23882 12 19292 298317 1042 0 5245 0 0 0
cpu9 26669 13 19731 293503 2314 0 5406 0 0 0
cpu10 25815 12 19619 295811 1161 0 5536 0 0 0
cpu11 24493 11 19005 299591 594 0 5243 0 0 0
cpu12 41177 82 20259 278864 2994 0 5579 0 0 0
cpu13 39961 13 20473 280393 2379 0 5706 0 0 0
cpu14 24413 10 18596 301233 811 0 5142 0 0 0
cpu15 23200 10 17440 304687 637 0 4685 0 0 0
cpu16 46735 5 20182 280233 360 0 8561 0 0 0
cpu17 46621 5 20204 279331 1244 0 8602 0 0 0
cpu18 46393 6 20054 280742 279 0 8504 0 0 0
cpu19 47475 6 20504 278556 609 0 8738 0 0 0
cpu20 47629 9 20439 278621 679 0 8715 0 0 0
cpu21 46205 7 19989 280569 529 0 8565 0 0 0
cpu22 45309 6 20013 280196 322 0 8520 0 0 0
cpu23 44200 9 19728 282834 293 0 8424 0 0 0
cpu24 26484 12 19668 297566 837 0 5603 0 0 0
cpu25 28634 14 21392 289686 1549 0 6444 0 0 0
cpu26 27761 12 21067 291536 1171 0 6319 0 0 0
cpu27 23873 6 18954 292654 1043 0 10351 0 0 0
cpu28 39366 19 22238 269503 1877 0 12525 0 0 0
cpu29 40935 56 22476 267095 1774 0 12571 0 0 0
cpu30 23054 9 19118 291963 804 0 10247 0 0 0
cpu31 25572 8 19940 296365 758 0 5624 0 0 0
intr 924581196 126 0 0 0 0 0 0 0 0 1 0 0 0 0 0 0 0 0 0 0 0 0 0 0 0 0 0 1 1 1 0 0 0 0 1 0 1 0 0 75045 0 0 0 0 0 0 0 0 411 0 0 0 0 0 0 0 0 87 0 0 0 0 0 0 0 0 0 0 0 0 0 0 0 129162 2 17138163 17094902 17061409 17157146 0 3026 2298 2855 1497 3076 2640 2054 2548 1431 10234 18094 10125 8115 13091 14630 11258 7252 2692 1784 1457 2333 2230 1931 1515 1576 8890 7043 4914 5460 6393 5713 6110 7944 0 0 0 0 616248 2976 1036 0 264 0 0 0 0 0 0 0 0 0 0 0 0 0 0 0 0 0 0 0 0 0 0 0 0 0 0 0 0 0 0 0 0 0 0 0 0 0 0 0 0 0 0 0 0 0 0 0 0 0 0 0 0 0 0 0 0 0 0 0 0 0 0 0 0 0 0 0 0 0 0 0 0 0 0 0 0 0 0 0 0 0 0 0 0 0 0 0 0 0 0 0 0 0 0 0 0 0 0 0 0 0 0 0 0 0 0 0 0 0 0 0 0 0 0 0 0 0 0 0 0 0 0 0 0 0 0 0 0 0 0 0 0 0 0 0 0 0 0 0 0 0 0 0 0 0 0 0 0 0 0 0 0 0 0 0 0 0 0 0 0 0 0 0 0 0 0 0 0 0 0 0 0 0 0 0 0 0 0 0 0 0 0 0 0 0 0 0 0 0 0 0 0 0 0 0 0 0 0 0 0 0 0 0 0 0 0 0 0 0 0 0 0 0 0 0 0 0 0 0 0 0 0 0 0 0 0 0 0 0 0 0 0 0 0 0 0 0 0 0 0 0 0 0 0 0 0 0 0 0 0 0 0 0 0 0 0 0 0 0 0 0 0 0 0 0 0 0 0 0 0 0 0 0 0 0 0 0 0 0 0 0 0 0 0 0 0 0 0 0 0 0 0 0 0 0 0 0 0 0 0 0 0 0 0 0 0 0 0 0 0 0 0 0 0 0 0 0 0 0 0 0 0 0 0 0 0 0 0 0 0 0 0 0 0 0 0 0 0 0 0 0 0 0 0 0 0 0 0 0 0 0 0 0 0 0 0 0 0 0 0 0 0 0 0 0 0 0 0 0 0 0 0 0 0 0 0 0 0 0 0 0 0 0 0 0 0 0 0 0 0 0 0 0 0 0 0 0 0 0 0 0 0 0 0 0 0 0 0 0 0 0 0 0 0 0 0 0 0 0 0 0 0 0 0 0 0 0 0 0 0 0 0 0 0 0 0 0 0 0 0 0 0 0 0 0 0 0 0 0 0 0 0 0 0 0 0 0 0 0 0 0 0 0 0 0 0 0 0 0 0 0 0 0 0 0 0 0 0 0 0 0 0 0 0 0 0 0 0 0 0 0 0 0 0 0 0 0 0 0 0 0 0 0 0 0 0 0 0 0 0 0 0 0 0 0 0 0 0 0 0 0 0 0 0 0 0 0 0 0 0 0 0 0 0 0 0 0 0 0 0 0 0 0 0 0 0 0 0 0 0 0 0 0 0 0 0 0 0 0 0 0 0 0 0 0 0 0 0 0 0 0 0 0 0 0 0 0 0 0 0 0 0 0 0 0 0 0 0 0 0 0 0 0 0 0 0 0 0 0 0 0 0 0 0 0 0 0 0 0 0 0 0 0 0 0 0 0 0 0 0 0 0 0 0 0 0 0 0 0 0 0 0 0 0 0 0 0 0 0 0 0 0 0 0 0 0 0 0 0 0 0 0 0 0 0 0 0 0 0 0 0 0 0 0 0 0 0 0 0 0 0 0 0 0 0 0 0 0 0 0 0 0 0 0 0 0 0 0 0 0 0 0 0 0 0 0 0 0 0 0 0 0 0 0 0 0 0 0 0 0 0 0 0 0 0 0 0 0 0 0 0 0 0 0 0 0 0 0 0 0 0 0 0 0 0 0 0 0 0 0 0 0 0 0 0 0 0 0 0 0 0 0 0 0 0 0 0 0 0 0 0 0 0 0 0 0 0 0 0 0 0 0 0 0 0 0 0 0 0 0 0 0 0 0 0 0 0 0 0 0 0 0 0 0 0 0 0 0 0 0 0 0 0 0 0 0 0 0 0 0 0 0 0 0 0 0 0 0 0 0 0 0 0 0 0 0 0 0 0 0 0 0 0 0 0 0 0 0 0 0 0 0 0 0 0 0 0 0 0 0 0 0 0 0 0 0 0 0 0 0 0 0 0 0 0 0 0 0 0 0 0 0 0 0 0 0 0 0 0 0 0 0 0 0 0 0 0 0 0 0 0 0 0 0 0 0 0 0 0 0 0 0 0 0 0 0 0 0 0 0 0 0 0 0 0 0 0 0 0 0 0 0 0 0 0 0 0 0 0 0 0 0 0 0 0 0 0 0 0 0 0 0 0 0 0 0 0 0 0 0 0 0 0 0 0 0 0 0 0 0 0 0 0 0 0 0 0 0 0 0 0 0 0 0 0 0 0 0 0 0 0 0 0 0 0 0 0 0 0 0 0 0 0 0 0 0 0 0 0 0 0 0 0 0 0 0 0 0 0 0 0 0 0 0 0 0 0 0 0 0 0 0 0 0 0 0 0 0 0 0 0 0 0 0 0 0 0 0 0 0 0 0 0 0 0 0 0 0 0 0 0 0 0 0 0 0 0 0 0 0 0 0 0 0 0 0 0 0 0 0 0 0 0 0 0 0 0 0 0 0 0 0 0 0 0 0 0 0 0 0 0 0 0 0 0 0 0 0 0 0 0 0
ctxt 1278506576
btime 1790630938
processes 101514
procs_running 17
procs_blocked 0
softirq 1257503078 73526 2202184 931547 1219205446 134592 0 6936328 17118865 410 10900180
## client-stat
cpu  802905436 23598936 303231173 93435586418 610710551 0 8787604 0 0 0
cpu0 29446526 224394 7360687 1619897357 8331091 0 165363 0 0 0
cpu1 29265722 432889 7641259 1649226070 11021436 0 55052 0 0 0
cpu2 28199358 463108 7590380 1652764507 10878415 0 35918 0 0 0
cpu3 25942746 484906 6790236 1656218890 11039152 0 30133 0 0 0
cpu4 22368903 490414 6371908 1660281135 11076695 0 29600 0 0 0
cpu5 19969241 494023 5977268 1662883809 11317373 0 27803 0 0 0
cpu6 17827023 497511 5636662 1665511576 11191858 0 27987 0 0 0
cpu7 16613494 487783 5476082 1666946225 11171117 0 26012 0 0 0
cpu8 15339923 485635 5283387 1668167904 11408516 0 26024 0 0 0
cpu9 14906185 489844 5252673 1668660102 11338509 0 26222 0 0 0
cpu10 14407525 472357 5134189 1669169165 11495207 0 25441 0 0 0
cpu11 14132459 465792 5145989 1669171405 11699801 0 26549 0 0 0
cpu12 14188429 458188 5268861 1669284245 11397412 0 25628 0 0 0
cpu13 12799054 425511 5431349 1668729121 9922445 0 1896906 0 0 0
cpu14 31523381 477236 7834939 1650063567 10085230 0 175315 0 0 0
cpu15 21117512 503934 6802774 1660838446 10896552 0 173659 0 0 0
cpu16 17754539 491819 6313454 1664554900 11133724 0 174011 0 0 0
cpu17 14931700 500066 5671064 1668322979 10904646 0 169102 0 0 0
cpu18 13592465 505884 5519658 1670038221 10640387 0 173371 0 0 0
cpu19 12936679 472687 5416698 1670806112 10655352 0 172377 0 0 0
cpu20 13087965 493492 5350450 1670692275 10657711 0 173669 0 0 0
cpu21 12210298 482428 5337757 1671458266 10771441 0 171968 0 0 0
cpu22 11981642 482914 5339881 1671381028 11081702 0 173826 0 0 0
cpu23 11693986 471865 5189672 1672127671 10734573 0 172895 0 0 0
cpu24 11730931 448076 5192810 1671845724 11041716 0 171173 0 0 0
cpu25 11556848 450839 5256460 1672317443 10684299 0 178338 0 0 0
cpu26 12009739 478046 5296876 1671746461 10627678 0 180258 0 0 0
cpu27 13881718 464459 5485063 1669408487 10979780 0 177511 0 0 0
cpu28 18768754 361854 5860098 1658262594 9964345 0 1245343 0 0 0
cpu29 13426610 381424 5528412 1669024001 11673461 0 63098 0 0 0
cpu30 12751447 342093 5325964 1670865769 11247090 0 26332 0 0 0
cpu31 11676178 306256 5007534 1672810988 10868798 0 23665 0 0 0
cpu32 10894053 292303 4882382 1673225325 11397002 0 23493 0 0 0
cpu33 10506265 294659 4786619 1673029268 12114684 0 23088 0 0 0
cpu34 10107016 300801 4682797 1673686671 11872359 0 22176 0 0 0
cpu35 9689352 288349 4576463 1674388739 11824978 0 23828 0 0 0
cpu36 9560366 287721 4475853 1674909482 11575047 0 22126 0 0 0
cpu37 9401574 302139 4456125 1675083438 11595641 0 21857 0 0 0
cpu38 9340475 311327 4408957 1675450410 11334592 0 21984 0 0 0
cpu39 9402207 310554 4501904 1675221770 11304499 0 22697 0 0 0
cpu40 9356275 306218 4529069 1675452094 11111466 0 23517 0 0 0
cpu41 9759559 317785 4530041 1674756483 11289609 0 23114 0 0 0
cpu42 13909860 443034 5475320 1670105364 10331878 0 170803 0 0 0
cpu43 11929831 434858 5188207 1672237521 10394984 0 167311 0 0 0
cpu44 11766704 425576 5246362 1672569079 10306465 0 167565 0 0 0
cpu45 11244796 430940 5010672 1673240280 10414850 0 161249 0 0 0
cpu46 11127038 431394 5005079 1673266426 10520668 0 162825 0 0 0
cpu47 10942441 452452 5028203 1673294444 10626014 0 163706 0 0 0
cpu48 11670564 439673 4997431 1672700218 10596865 0 162960 0 0 0
cpu49 11120468 416764 5030630 1673420506 10393288 0 166074 0 0 0
cpu50 11065859 440746 4996004 1673123081 10735804 0 164703 0 0 0
cpu51 11321822 447564 5001187 1673026274 10531399 0 167263 0 0 0
cpu52 11033072 446614 4991116 1673152422 10709814 0 167483 0 0 0
cpu53 11094956 432568 5072644 1673171378 10559203 0 174286 0 0 0
cpu54 11461839 425131 5047936 1672758257 10642342 0 171512 0 0 0
cpu55 13160041 432016 5219657 1670841018 10589562 0 171408 0 0 0
intr 106361820490 74 4 0 0 0 0 0 0 0 0 0 0 6 0 0 0 0 360 213 2556185560 0 0 0 0 0 0 0 0 0 0 0 0 0 0 0 0 0 2394213591 426504414 8318325 677 278 24496490 0 0 0 0 0 0 0 0 0 0 0 0 0 0 0 0 0 0 0 0 0 0 0 0 0 0 0 0 0 0 0 0 0 0 0 0 0 0 0 0 0 0 0 0 0 0 0 0 0 0 0 0 0 0 0 0 0 0 0 0 0 0 0 0 0 0 0 0 0 0 0 0 0 0 0 0 0 0 0 0 0 0 0 0 0 0 0 0 0 0 0 0 0 0 0 0 0 0 0 0 0 0 0 0 0 0 0 0 0 0 0 0 0 0 0 0 0 0 0 0 0 0 0 0 0 0 0 0 0 0 0 0 0 0 0 0 0 0 0 0 0 0 0 0 0 0 0 0 0 0 0 0 0 0 0 0 0 0 0 0 0 0 0 0 0 0 0 0 0 0 0 0 0 0 0 0 0 0 0 0 0 0 0 0 0 0 0 0 0 0 0 0 0 0 0 0 0 0 0 0 0 0 0 0 0 0 0 0 0 0 0 0 0 0 0 0 0 0 0 0 0 0 0 0 0 0 0 0 0 0 0 0 0 0 0 0 0 0 0 0 0 0 0 0 0 0 0 0 0 0 0 0 0 0 0 0 0 0 0 0 0 0 0 0 0 0 0 0 0 0 0 0 0 0 0 0 0 0 0 0 0 0 0 0 0 0 0 0 0 0 0 0 0 0 0 0 0 0 0 0 0 0 0 0 0 0 0 0 0 0 0 0 0 0 0 0 0 0 0 0 0 0 0 0 0 0 0 0 0 0 0 0 0 0 0 0 0 0 0 0 0 0 0 0 0 0 0 0 0 0 0 0 0 0 0 0 0 0 0 0 0 0 0 0 0 0 0 0 0 0 0 0 0 0 0 0 0 0 0 0 0 0 0 0 0 0 0 0 0 0 0 0 0 0 0 0 0 0 0 0 0 0 0 0 0 0 0 0 0 0 0 0 0 0 0 0 0 0 0 0 0 0 0 0 0 0 0 0 0 0 0 0 0 0 0 0 0 0 0 0 0 0 0 0 0 0 0 0 0 0 0 0 0 0 0 0 0 0 0 0 0 0 0 0 0 0 0 0 0 0 0 0 0 0 0 0 0 0 0 0 0 0 0 0 0 0 0 0 0 0 0 0 0 0 0 0 0 0 0 0 0 0 0 0 0 0 0 0 0 0 0 0 0 0 0 0 0 0 0 0 0 0 0 0 0 0 0 0 0 0 0 0 0 0 0 0 0 0 0 0 0 0 0 0 0 0 0 0 0 0 0 0 0 0 0 0 0 0 0 0 0 0 0 0 0 0 0 0 0 0 0 0 0 0 0 0 0 0 0 0 0 0 0 0 0 0 0 0 0 0 0 0 0 0 0 0 0 0 0 0 0 0 0 0 0 0 0 0 0 0 0 0 0 0 0 0 0 0 0 0 0 0 0 0 0 0 0 0 0 0 0 0 0 0 0 0 0 0 0 0 0 0 0 0 0 0 0 0 0 0 0 0 0 0 0 0 0 0 0 0 0 0 0 0 0 0 0 0 0 0 0 0 0 0 0 0 0 0 0 0 0 0 0 0 0 0 0 0 0 0 0 0 0 0 0 0 0 0 0 0 0 0 0 0 0 0 0 0 0 0 0 0 0 0 0 0 0 0 0 0 0 0 0 0 0 0 0 0 0 0 0 0 0 0 0 0 0 0 0 0 0 0 0 0 0 0 0 0 0 0 0 0 0 0 0 0 0 0 0 0 0 0 0 0 0 0 0 0 0 0 0 0 0 0 0 0 0 0 0 0 0 0 0 0 0 0 0 0 0 0 0 0 0 0 0 0 0 0 0 0 0 0 0 0 0 0 0 0 0 0 0 0 0 0 0 0 0 0 0 0 0 0 0 0 0 0 0 0 0 0 0 0 0 0 0 0 0 0 0 0 0 0 0 0 0 0 0 0 0 0 0 0 0 0 0 0 0 0 0 0 0 0 0 0 0 0 0 0 0 0 0 0 0 0 0 0 0 0 0 0 0 0 0 0 0 0 0 0 0 0 0 0 0 0 0 0 0 0 0 0 0 0 0 0 0 0 0 0 0 0 0 0 0 0 0 0 0 0 0 0 0 0 0 0 0 0 0 0 0 0 0 0 0 0 0 0 0 0 0 0 0 0 0 0 0 0 0 0 0 0 0 0 0 0 0 0 0 0 0 0 0 0 0 0 0 0 0 0 0 0 0 0 0 0 0 0 0 0 0 0 0 0 0 0 0 0 0 0 0 0 0 0 0 0 0 0 0 0 0 0 0 0 0 0 0 0 0 0 0 0 0 0 0 0 0 0 0 0 0 0 0 0 0 0 0 0 0 0 0 0 0 0 0 0 0 0 0 0 0 0 0 0 0 0 0 0 0 0 0 0 0 0 0 0 0 0 0 0 0 0 0 0 0 0 0 0 0 0 0 0 0 0 0 0 0 0 0 0 0 0 0 0 0 0 0 0 0 0 0 0 0 0 0 0 0 0 0 0 0 0 0 0 0 0 0 0 0 0 0 0 0 0 0 0 0 0 0 0 0 0 0 0 0 0 0 0 0 0 0 0 0 0 0 0 0 0 0 0 0 0 0 0 0 0 0 0 0 0 0 0 0 0 0 0 0 0 0 0 0 0 0 0 0 0 0 0 0 0 0 0 0 0 0 0 0 0 0 0 0 0 0 0 0 0 0 0 0 0 0 0 0 0 0 0 0 0 0 0 0 0 0 0 0 0 0 0 0 0 0 0 0 0 0 0 0 0 0 0 0 0 0 0 0 0 0 0 0 0 0 0 0 0 0 0 0 0 0 0 0 0 0 0 0 0 0 0 0 0 0 0 0 0 0 0 0 0 0 0 0 0 0 0 0 0 0 0 0 0 0 0 0 0 0 0 0 0 0 0 0 0 0 0 0 0 0 0 0 0 0 0 0 0 0 0 0 0 0 0 0 0 0 0 0 0 0 0 0 0 0 0 0 0 0 0 0 0 0 0 0 0 0 0 0 0 0 0 0 0 0 0 0 0 0 0 0 0 0 0 0 0 0 0 0 0 0 0 0 0 0 0 0 0 0 0 0 0 0 0 0 0 0 0 0 0 0 0 0 0 0 0 0 0 0 0 0 0 0 0 0 0 0 0 0 0 0 0 0 0 0 0 0 0 0 0 0 0 0 0 0 0 0 0 0 0 0 0 0 0 0 0 0 0 0 0 0 0 0 0 0 0 0 0 0 0 0 0 0 0 0 0 0 0 0 0 0 0 0 0 0 0 0 0 0 0 0 0 0 0 0 0 0 0 0 0 0 0 0 0 0 0 0 0 0 0 0 0 0 0 0 0 0 0 0 0 0 0 0 0 0 0 0 0 0 0 0 0 0 0 0 0 0 0 0 0 0 0 0 0 0 0 0 0 0 0 0 0 0 0 0 0 0 0 0 0 0 0 0 0 0 0 0 0 0 0 0 0 0 0 0 0 0 0 0 0 0 0 0 0 0 0 0 0 0 0 0 0 0 0 0 0 0 0 0 0 0 0 0 0 0 0 0 0 0 0 0 0 0 0 0 0 0 0 0 0 0 0 0 0 0 0 0 0 0 0 0 0 0 0 0 0 0 0 0 0 0 0 0 0 0 0 0 0 0 0 0 0 0 0 0 0 0 0 0 0 0 0 0 0 0 0 0 0 0 0 0 0 0 0 0 0 0 0 0 0 0 0 0 0 0 0 0 0 0 0 0
ctxt 208212957169
btime 1773600682
processes 94925745
procs_running 4
procs_blocked 0
softirq 43016383503 256 2278337070 38505194 871660238 1476290232 0 2936345060 569988159 5109161 480409765
--
cpu  802905947 23598936 303232689 93435626939 610710666 0 8788390 0 0 0
cpu0 29446531 224394 7360710 1619897979 8331091 0 165374 0 0 0
cpu1 29265731 432889 7641285 1649226795 11021436 0 55063 0 0 0
cpu2 28199364 463108 7590405 1652765241 10878415 0 35930 0 0 0
cpu3 25942762 484906 6790261 1656219621 11039154 0 30143 0 0 0
cpu4 22368909 490414 6371935 1660281870 11076698 0 29610 0 0 0
cpu5 19969249 494023 5977297 1662884543 11317376 0 27814 0 0 0
cpu6 17827032 497511 5636688 1665512231 11191938 0 27997 0 0 0
cpu7 16613501 487783 5476106 1666946965 11171117 0 26022 0 0 0
cpu8 15339930 485635 5283412 1668168642 11408518 0 26036 0 0 0
cpu9 14906193 489844 5252699 1668660840 11338511 0 26233 0 0 0
cpu10 14407538 472357 5134212 1669169896 11495210 0 25452 0 0 0
cpu11 14132466 465792 5146018 1669172142 11699801 0 26560 0 0 0
cpu12 14188437 458188 5268889 1669284981 11397412 0 25638 0 0 0
cpu13 12799078 425511 5431376 1668729840 9922445 0 1896917 0 0 0
cpu14 31523392 477236 7834967 1650064295 10085230 0 175327 0 0 0
cpu15 21117519 503934 6802802 1660839179 10896552 0 173670 0 0 0
cpu16 17754546 491819 6313485 1664555620 11133731 0 174024 0 0 0
cpu17 14931714 500066 5671092 1668323708 10904646 0 169112 0 0 0
cpu18 13592473 505884 5519687 1670038954 10640387 0 173382 0 0 0
cpu19 12936686 472687 5416727 1670806845 10655352 0 172389 0 0 0
cpu20 13087975 493492 5350475 1670693007 10657711 0 173682 0 0 0
cpu21 12210307 482428 5337783 1671458998 10771441 0 171981 0 0 0
cpu22 11981656 482914 5339909 1671381752 11081702 0 173840 0 0 0
cpu23 11694000 471865 5189698 1672128398 10734573 0 172907 0 0 0
cpu24 11730937 448076 5192834 1671846457 11041716 0 171187 0 0 0
cpu25 11556853 450839 5256486 1672318178 10684299 0 178350 0 0 0
cpu26 12009746 478046 5296903 1671747194 10627678 0 180271 0 0 0
cpu27 13881725 464459 5485089 1669409222 10979780 0 177522 0 0 0
cpu28 18768761 361854 5860127 1658263018 9964345 0 1245483 0 0 0
cpu29 13426620 381424 5528440 1669024736 11673462 0 63107 0 0 0
cpu30 12751455 342093 5325990 1670866509 11247090 0 26341 0 0 0
cpu31 11676185 306256 5007556 1672811729 10868800 0 23676 0 0 0
cpu32 10894060 292303 4882408 1673226064 11397002 0 23505 0 0 0
cpu33 10506278 294659 4786644 1673030004 12114684 0 23098 0 0 0
cpu34 10107023 300801 4682825 1673687410 11872359 0 22187 0 0 0
cpu35 9689363 288349 4576486 1674389476 11824978 0 23840 0 0 0
cpu36 9560376 287721 4475877 1674910218 11575048 0 22136 0 0 0
cpu37 9401583 302139 4456150 1675084168 11595649 0 21869 0 0 0
cpu38 9340482 311327 4408981 1675451151 11334592 0 21997 0 0 0
cpu39 9402213 310554 4501931 1675222508 11304499 0 22708 0 0 0
cpu40 9356294 306218 4529106 1675452812 11111466 0 23528 0 0 0
cpu41 9759567 317785 4530067 1674757221 11289609 0 23126 0 0 0
cpu42 13909868 443034 5475347 1670106096 10331878 0 170817 0 0 0
cpu43 11929837 434858 5188234 1672238256 10394984 0 167324 0 0 0
cpu44 11766712 425576 5246392 1672569811 10306465 0 167580 0 0 0
cpu45 11244806 430940 5010702 1673241013 10414850 0 161261 0 0 0
cpu46 11127043 431394 5005106 1673267158 10520668 0 162838 0 0 0
cpu47 10942447 452452 5028228 1673295180 10626014 0 163716 0 0 0
cpu48 11670571 439673 4997458 1672700952 10596866 0 162972 0 0 0
cpu49 11120474 416764 5030656 1673421239 10393288 0 166087 0 0 0
cpu50 11065885 440746 4996035 1673123791 10735804 0 164716 0 0 0
cpu51 11321829 447564 5001215 1673027010 10531399 0 167276 0 0 0
cpu52 11033083 446614 4991153 1673153142 10709814 0 167496 0 0 0
cpu53 11094964 432568 5072671 1673172109 10559203 0 174300 0 0 0
cpu54 11461846 425131 5047963 1672758989 10642342 0 171526 0 0 0
cpu55 13160048 432016 5219685 1670841750 10589562 0 171422 0 0 0
intr 106362048068 74 4 0 0 0 0 0 0 0 0 0 0 6 0 0 0 0 360 213 2556186522 0 0 0 0 0 0 0 0 0 0 0 0 0 0 0 0 0 2394244824 426504572 8318329 677 278 24496490 0 0 0 0 0 0 0 0 0 0 0 0 0 0 0 0 0 0 0 0 0 0 0 0 0 0 0 0 0 0 0 0 0 0 0 0 0 0 0 0 0 0 0 0 0 0 0 0 0 0 0 0 0 0 0 0 0 0 0 0 0 0 0 0 0 0 0 0 0 0 0 0 0 0 0 0 0 0 0 0 0 0 0 0 0 0 0 0 0 0 0 0 0 0 0 0 0 0 0 0 0 0 0 0 0 0 0 0 0 0 0 0 0 0 0 0 0 0 0 0 0 0 0 0 0 0 0 0 0 0 0 0 0 0 0 0 0 0 0 0 0 0 0 0 0 0 0 0 0 0 0 0 0 0 0 0 0 0 0 0 0 0 0 0 0 0 0 0 0 0 0 0 0 0 0 0 0 0 0 0 0 0 0 0 0 0 0 0 0 0 0 0 0 0 0 0 0 0 0 0 0 0 0 0 0 0 0 0 0 0 0 0 0 0 0 0 0 0 0 0 0 0 0 0 0 0 0 0 0 0 0 0 0 0 0 0 0 0 0 0 0 0 0 0 0 0 0 0 0 0 0 0 0 0 0 0 0 0 0 0 0 0 0 0 0 0 0 0 0 0 0 0 0 0 0 0 0 0 0 0 0 0 0 0 0 0 0 0 0 0 0 0 0 0 0 0 0 0 0 0 0 0 0 0 0 0 0 0 0 0 0 0 0 0 0 0 0 0 0 0 0 0 0 0 0 0 0 0 0 0 0 0 0 0 0 0 0 0 0 0 0 0 0 0 0 0 0 0 0 0 0 0 0 0 0 0 0 0 0 0 0 0 0 0 0 0 0 0 0 0 0 0 0 0 0 0 0 0 0 0 0 0 0 0 0 0 0 0 0 0 0 0 0 0 0 0 0 0 0 0 0 0 0 0 0 0 0 0 0 0 0 0 0 0 0 0 0 0 0 0 0 0 0 0 0 0 0 0 0 0 0 0 0 0 0 0 0 0 0 0 0 0 0 0 0 0 0 0 0 0 0 0 0 0 0 0 0 0 0 0 0 0 0 0 0 0 0 0 0 0 0 0 0 0 0 0 0 0 0 0 0 0 0 0 0 0 0 0 0 0 0 0 0 0 0 0 0 0 0 0 0 0 0 0 0 0 0 0 0 0 0 0 0 0 0 0 0 0 0 0 0 0 0 0 0 0 0 0 0 0 0 0 0 0 0 0 0 0 0 0 0 0 0 0 0 0 0 0 0 0 0 0 0 0 0 0 0 0 0 0 0 0 0 0 0 0 0 0 0 0 0 0 0 0 0 0 0 0 0 0 0 0 0 0 0 0 0 0 0 0 0 0 0 0 0 0 0 0 0 0 0 0 0 0 0 0 0 0 0 0 0 0 0 0 0 0 0 0 0 0 0 0 0 0 0 0 0 0 0 0 0 0 0 0 0 0 0 0 0 0 0 0 0 0 0 0 0 0 0 0 0 0 0 0 0 0 0 0 0 0 0 0 0 0 0 0 0 0 0 0 0 0 0 0 0 0 0 0 0 0 0 0 0 0 0 0 0 0 0 0 0 0 0 0 0 0 0 0 0 0 0 0 0 0 0 0 0 0 0 0 0 0 0 0 0 0 0 0 0 0 0 0 0 0 0 0 0 0 0 0 0 0 0 0 0 0 0 0 0 0 0 0 0 0 0 0 0 0 0 0 0 0 0 0 0 0 0 0 0 0 0 0 0 0 0 0 0 0 0 0 0 0 0 0 0 0 0 0 0 0 0 0 0 0 0 0 0 0 0 0 0 0 0 0 0 0 0 0 0 0 0 0 0 0 0 0 0 0 0 0 0 0 0 0 0 0 0 0 0 0 0 0 0 0 0 0 0 0 0 0 0 0 0 0 0 0 0 0 0 0 0 0 0 0 0 0 0 0 0 0 0 0 0 0 0 0 0 0 0 0 0 0 0 0 0 0 0 0 0 0 0 0 0 0 0 0 0 0 0 0 0 0 0 0 0 0 0 0 0 0 0 0 0 0 0 0 0 0 0 0 0 0 0 0 0 0 0 0 0 0 0 0 0 0 0 0 0 0 0 0 0 0 0 0 0 0 0 0 0 0 0 0 0 0 0 0 0 0 0 0 0 0 0 0 0 0 0 0 0 0 0 0 0 0 0 0 0 0 0 0 0 0 0 0 0 0 0 0 0 0 0 0 0 0 0 0 0 0 0 0 0 0 0 0 0 0 0 0 0 0 0 0 0 0 0 0 0 0 0 0 0 0 0 0 0 0 0 0 0 0 0 0 0 0 0 0 0 0 0 0 0 0 0 0 0 0 0 0 0 0 0 0 0 0 0 0 0 0 0 0 0 0 0 0 0 0 0 0 0 0 0 0 0 0 0 0 0 0 0 0 0 0 0 0 0 0 0 0 0 0 0 0 0 0 0 0 0 0 0 0 0 0 0 0 0 0 0 0 0 0 0 0 0 0 0 0 0 0 0 0 0 0 0 0 0 0 0 0 0 0 0 0 0 0 0 0 0 0 0 0 0 0 0 0 0 0 0 0 0 0 0 0 0 0 0 0 0 0 0 0 0 0 0 0 0 0 0 0 0 0 0 0 0 0 0 0 0 0 0 0 0 0 0 0 0 0 0 0 0 0 0 0 0 0 0 0 0 0 0 0 0 0 0 0 0 0 0 0 0 0 0 0 0 0 0 0 0 0 0 0 0 0 0 0 0 0 0 0 0 0 0 0 0 0 0 0 0 0 0 0 0 0 0 0 0 0 0 0 0 0 0 0 0 0 0 0 0 0 0 0 0 0 0 0 0 0 0 0 0 0 0 0 0 0 0 0 0 0 0 0 0 0 0 0 0 0 0 0 0 0 0 0 0 0 0 0 0 0 0 0 0 0 0 0 0 0 0 0 0 0 0 0 0 0 0 0 0 0 0 0 0 0 0 0 0 0 0 0 0 0 0 0 0 0 0 0 0 0 0 0 0 0 0 0 0 0 0 0 0 0 0 0 0 0 0 0 0 0 0 0 0 0 0 0 0 0 0 0 0 0 0 0 0 0 0 0 0 0 0 0 0 0 0 0 0 0 0 0 0 0 0 0 0 0 0 0 0 0 0 0 0 0 0 0 0 0 0 0 0 0 0 0 0 0 0 0 0 0 0 0 0 0 0 0 0 0 0 0 0 0 0 0 0 0 0 0 0 0 0 0 0 0 0 0 0 0 0 0 0 0 0 0 0 0 0 0 0 0 0 0 0 0 0 0 0 0 0 0 0 0 0 0 0 0 0 0 0 0 0 0 0 0 0 0 0 0 0 0 0 0 0 0 0 0 0 0 0 0 0 0 0 0 0 0 0 0 0 0 0 0 0 0 0 0 0 0 0 0 0 0 0 0 0 0 0 0 0 0 0 0 0 0 0 0 0 0 0 0 0 0 0 0 0 0 0 0 0 0 0 0 0 0 0 0 0 0 0 0 0 0 0 0 0 0 0 0 0 0 0 0 0 0 0 0 0 0 0 0 0 0 0 0 0 0 0 0 0 0 0 0 0 0 0 0 0 0 0 0 0 0 0 0 0 0 0 0 0 0 0 0 0 0 0 0 0 0 0 0 0 0 0 0 0 0 0 0 0 0 0 0 0 0 0 0 0 0 0 0 0 0 0 0 0 0 0 0 0 0 0 0 0 0 0 0 0 0 0 0 0 0 0 0 0 0 0
ctxt 208214103693
btime 1773600682
processes 94925769
procs_running 4
procs_blocked 0
softirq 43016791484 256 2278338721 38506690 871967428 1476290809 0 2936346691 570048495 5109161 480444865
