Running 10s test @ http://192.168.10.15:18500/wait
  32 threads and 64 connections
  Thread Stats   Avg      Stdev     Max   +/- Stdev
    Latency   159.75ms   11.39ms 161.69ms   98.49%
    Req/Sec    13.84      4.88    20.00     61.40%
  Latency Distribution
     50%  160.96ms
     75%  161.12ms
     90%  161.26ms
     99%  161.41ms
  3976 requests in 10.01s, 671.73KB read
Requests/sec:    397.01
Transfer/sec:     67.07KB
## drops 0 0
## server-stat
cpu  1128245 397 611211 8106791 29656 0 241193 0 0 0
cpu0 41969 6 19007 248746 756 0 8681 0 0 0
cpu1 42294 8 18927 249423 558 0 8394 0 0 0
cpu2 42576 7 18839 249554 355 0 8337 0 0 0
cpu3 43147 8 19335 247620 1178 0 8372 0 0 0
cpu4 43429 7 19163 247948 714 0 8442 0 0 0
cpu5 43151 9 19079 248657 353 0 8327 0 0 0
cpu6 42724 7 18964 249203 332 0 8330 0 0 0
cpu7 42002 5 18791 250252 168 0 8177 0 0 0
cpu8 21751 12 18207 266434 1013 0 5112 0 0 0
cpu9 23964 12 18450 262692 2266 0 5210 0 0 0
cpu10 23244 11 18384 264730 1150 0 5351 0 0 0
cpu11 22286 10 17896 267799 557 0 5098 0 0 0
cpu12 38028 80 18945 248488 2911 0 5363 0 0 0
cpu13 36864 12 19206 249910 2271 0 5493 0 0 0
cpu14 22324 9 17513 269183 794 0 5012 0 0 0
cpu15 21332 9 16483 272184 631 0 4579 0 0 0
cpu16 45604 4 19774 245631 358 0 8472 0 0 0
cpu17 45478 4 19791 244767 1220 0 8512 0 0 0
cpu18 45293 5 19658 246116 269 0 8430 0 0 0
cpu19 46267 6 20095 244030 605 0 8639 0 0 0
cpu20 46402 8 20049 244114 650 0 8623 0 0 0
cpu21 45101 5 19594 245970 501 0 8493 0 0 0
cpu22 44276 6 19658 245450 319 0 8463 0 0 0
cpu23 43268 8 19345 248053 278 0 8375 0 0 0
cpu24 24296 11 18679 265457 801 0 5443 0 0 0
cpu25 26176 12 20324 258027 1508 0 6235 0 0 0
cpu26 25367 10 20023 259733 1132 0 6128 0 0 0
cpu27 21959 6 18083 261434 1000 0 9594 0 0 0
cpu28 35992 17 20963 240708 1804 0 11256 0 0 0
cpu29 37303 54 21046 238834 1724 0 11329 0 0 0
cpu30 20977 8 18041 261269 747 0 9432 0 0 0
cpu31 23385 8 18880 264358 716 0 5476 0 0 0
intr 825092223 126 0 0 0 0 0 0 0 0 1 0 0 0 0 0 0 0 0 0 0 0 0 0 0 0 0 0 1 1 1 0 0 0 0 1 0 1 0 0 75045 0 0 0 0 0 0 0 0 411 0 0 0 0 0 0 0 0 87 0 0 0 0 0 0 0 0 0 0 0 0 0 0 0 120658 2 12797616 12746396 12713392 12819156 0 2728 2271 2843 1475 3042 2628 2049 2519 1389 10128 18003 9958 8097 13038 14539 11226 7240 2666 1758 1419 2307 2183 1886 1510 1570 8805 6880 4879 5414 6268 5584 5971 7899 0 0 0 0 616224 2934 1036 0 264 0 0 0 0 0 0 0 0 0 0 0 0 0 0 0 0 0 0 0 0 0 0 0 0 0 0 0 0 0 0 0 0 0 0 0 0 0 0 0 0 0 0 0 0 0 0 0 0 0 0 0 0 0 0 0 0 0 0 0 0 0 0 0 0 0 0 0 0 0 0 0 0 0 0 0 0 0 0 0 0 0 0 0 0 0 0 0 0 0 0 0 0 0 0 0 0 0 0 0 0 0 0 0 0 0 0 0 0 0 0 0 0 0 0 0 0 0 0 0 0 0 0 0 0 0 0 0 0 0 0 0 0 0 0 0 0 0 0 0 0 0 0 0 0 0 0 0 0 0 0 0 0 0 0 0 0 0 0 0 0 0 0 0 0 0 0 0 0 0 0 0 0 0 0 0 0 0 0 0 0 0 0 0 0 0 0 0 0 0 0 0 0 0 0 0 0 0 0 0 0 0 0 0 0 0 0 0 0 0 0 0 0 0 0 0 0 0 0 0 0 0 0 0 0 0 0 0 0 0 0 0 0 0 0 0 0 0 0 0 0 0 0 0 0 0 0 0 0 0 0 0 0 0 0 0 0 0 0 0 0 0 0 0 0 0 0 0 0 0 0 0 0 0 0 0 0 0 0 0 0 0 0 0 0 0 0 0 0 0 0 0 0 0 0 0 0 0 0 0 0 0 0 0 0 0 0 0 0 0 0 0 0 0 0 0 0 0 0 0 0 0 0 0 0 0 0 0 0 0 0 0 0 0 0 0 0 0 0 0 0 0 0 0 0 0 0 0 0 0 0 0 0 0 0 0 0 0 0 0 0 0 0 0 0 0 0 0 0 0 0 0 0 0 0 0 0 0 0 0 0 0 0 0 0 0 0 0 0 0 0 0 0 0 0 0 0 0 0 0 0 0 0 0 0 0 0 0 0 0 0 0 0 0 0 0 0 0 0 0 0 0 0 0 0 0 0 0 0 0 0 0 0 0 0 0 0 0 0 0 0 0 0 0 0 0 0 0 0 0 0 0 0 0 0 0 0 0 0 0 0 0 0 0 0 0 0 0 0 0 0 0 0 0 0 0 0 0 0 0 0 0 0 0 0 0 0 0 0 0 0 0 0 0 0 0 0 0 0 0 0 0 0 0 0 0 0 0 0 0 0 0 0 0 0 0 0 0 0 0 0 0 0 0 0 0 0 0 0 0 0 0 0 0 0 0 0 0 0 0 0 0 0 0 0 0 0 0 0 0 0 0 0 0 0 0 0 0 0 0 0 0 0 0 0 0 0 0 0 0 0 0 0 0 0 0 0 0 0 0 0 0 0 0 0 0 0 0 0 0 0 0 0 0 0 0 0 0 0 0 0 0 0 0 0 0 0 0 0 0 0 0 0 0 0 0 0 0 0 0 0 0 0 0 0 0 0 0 0 0 0 0 0 0 0 0 0 0 0 0 0 0 0 0 0 0 0 0 0 0 0 0 0 0 0 0 0 0 0 0 0 0 0 0 0 0 0 0 0 0 0 0 0 0 0 0 0 0 0 0 0 0 0 0 0 0 0 0 0 0 0 0 0 0 0 0 0 0 0 0 0 0 0 0 0 0 0 0 0 0 0 0 0 0 0 0 0 0 0 0 0 0 0 0 0 0 0 0 0 0 0 0 0 0 0 0 0 0 0 0 0 0 0 0 0 0 0 0 0 0 0 0 0 0 0 0 0 0 0 0 0 0 0 0 0 0 0 0 0 0 0 0 0 0 0 0 0 0 0 0 0 0 0 0 0 0 0 0 0 0 0 0 0 0 0 0 0 0 0 0 0 0 0 0 0 0 0 0 0 0 0 0 0 0 0 0 0 0 0 0 0 0 0 0 0 0 0 0 0 0 0 0 0 0 0 0 0 0 0 0 0 0 0 0 0 0 0 0 0 0 0 0 0 0 0 0 0 0 0 0 0 0 0 0 0 0 0 0 0 0 0 0 0 0 0 0 0 0 0 0 0 0 0 0 0 0 0 0 0 0 0 0 0 0 0 0 0 0 0 0 0 0 0 0 0 0 0 0 0 0 0 0 0 0 0 0 0 0 0 0 0 0 0 0 0 0 0 0 0 0 0 0 0 0 0 0 0 0 0 0 0 0 0 0 0 0 0 0 0 0 0 0 0 0 0 0 0 0 0 0 0 0 0 0 0 0 0 0 0 0 0 0 0 0 0 0 0 0 0 0 0 0 0 0 0 0 0 0 0 0 0 0 0 0 0 0 0 0 0 0 0 0 0 0 0 0 0 0 0 0 0 0 0 0 0 0 0 0 0 0 0 0 0 0 0 0 0 0 0 0 0 0 0 0 0 0 0 0 0 0 0 0 0 0 0 0 0 0 0 0 0 0 0 0 0 0 0 0 0 0 0 0 0 0 0 0 0 0 0 0 0 0 0 0 0 0 0 0 0 0 0 0 0 0 0 0 0 0 0 0 0 0 0 0 0 0 0 0 0 0 0 0 0
ctxt 1172432852
btime 1790630938
processes 91068
procs_running 1
procs_blocked 0
softirq 1199435632 73526 1952178 478099 1165894619 125714 0 4767220 15997482 410 10146384
--
cpu  1128326 398 611223 8132241 29685 0 241194 0 0 0
cpu0 41970 6 19007 249545 756 0 8681 0 0 0
cpu1 42295 8 18928 250223 558 0 8394 0 0 0
cpu2 42576 7 18839 250354 355 0 8337 0 0 0
cpu3 43147 8 19335 248420 1178 0 8372 0 0 0
cpu4 43429 7 19163 248747 714 0 8442 0 0 0
cpu5 43151 9 19079 249457 353 0 8327 0 0 0
cpu6 42724 7 18964 250003 332 0 8330 0 0 0
cpu7 42002 5 18791 251051 168 0 8177 0 0 0
cpu8 21752 12 18207 267231 1013 0 5112 0 0 0
cpu9 23967 12 18451 263474 2278 0 5210 0 0 0
cpu10 23244 11 18384 265528 1150 0 5351 0 0 0
cpu11 22289 10 17896 268594 557 0 5098 0 0 0
cpu12 38049 80 18947 249262 2911 0 5363 0 0 0
cpu13 36880 13 19208 250692 2271 0 5493 0 0 0
cpu14 22325 9 17514 269981 794 0 5012 0 0 0
cpu15 21334 9 16484 272981 631 0 4579 0 0 0
cpu16 45604 4 19774 246431 358 0 8472 0 0 0
cpu17 45478 4 19791 245556 1230 0 8512 0 0 0
cpu18 45293 5 19659 246909 275 0 8430 0 0 0
cpu19 46267 6 20095 244830 605 0 8639 0 0 0
cpu20 46402 8 20049 244914 650 0 8623 0 0 0
cpu21 45101 5 19595 246769 502 0 8493 0 0 0
cpu22 44276 6 19658 246250 319 0 8463 0 0 0
cpu23 43268 8 19345 248852 278 0 8375 0 0 0
cpu24 24298 11 18680 266254 801 0 5443 0 0 0
cpu25 26180 12 20324 258822 1508 0 6235 0 0 0
cpu26 25371 10 20024 260528 1133 0 6128 0 0 0
cpu27 21961 6 18083 262231 1000 0 9594 0 0 0
cpu28 36006 17 20965 241491 1804 0 11256 0 0 0
cpu29 37307 54 21046 239627 1724 0 11329 0 0 0
cpu30 20977 8 18042 262063 748 0 9432 0 0 0
cpu31 23387 8 18880 265155 716 0 5476 0 0 0
intr 825210846 126 0 0 0 0 0 0 0 0 1 0 0 0 0 0 0 0 0 0 0 0 0 0 0 0 0 0 1 1 1 0 0 0 0 1 0 1 0 0 75045 0 0 0 0 0 0 0 0 411 0 0 0 0 0 0 0 0 87 0 0 0 0 0 0 0 0 0 0 0 0 0 0 0 120910 2 12801151 12749399 12716380 12823135 0 2732 2271 2843 1475 3045 2628 2049 2519 1389 10128 18003 9958 8097 13038 14540 11226 7240 2666 1758 1419 2307 2183 1887 1510 1570 8806 6881 4879 5414 6268 5584 5971 7901 0 0 0 0 616224 2934 1036 0 264 0 0 0 0 0 0 0 0 0 0 0 0 0 0 0 0 0 0 0 0 0 0 0 0 0 0 0 0 0 0 0 0 0 0 0 0 0 0 0 0 0 0 0 0 0 0 0 0 0 0 0 0 0 0 0 0 0 0 0 0 0 0 0 0 0 0 0 0 0 0 0 0 0 0 0 0 0 0 0 0 0 0 0 0 0 0 0 0 0 0 0 0 0 0 0 0 0 0 0 0 0 0 0 0 0 0 0 0 0 0 0 0 0 0 0 0 0 0 0 0 0 0 0 0 0 0 0 0 0 0 0 0 0 0 0 0 0 0 0 0 0 0 0 0 0 0 0 0 0 0 0 0 0 0 0 0 0 0 0 0 0 0 0 0 0 0 0 0 0 0 0 0 0 0 0 0 0 0 0 0 0 0 0 0 0 0 0 0 0 0 0 0 0 0 0 0 0 0 0 0 0 0 0 0 0 0 0 0 0 0 0 0 0 0 0 0 0 0 0 0 0 0 0 0 0 0 0 0 0 0 0 0 0 0 0 0 0 0 0 0 0 0 0 0 0 0 0 0 0 0 0 0 0 0 0 0 0 0 0 0 0 0 0 0 0 0 0 0 0 0 0 0 0 0 0 0 0 0 0 0 0 0 0 0 0 0 0 0 0 0 0 0 0 0 0 0 0 0 0 0 0 0 0 0 0 0 0 0 0 0 0 0 0 0 0 0 0 0 0 0 0 0 0 0 0 0 0 0 0 0 0 0 0 0 0 0 0 0 0 0 0 0 0 0 0 0 0 0 0 0 0 0 0 0 0 0 0 0 0 0 0 0 0 0 0 0 0 0 0 0 0 0 0 0 0 0 0 0 0 0 0 0 0 0 0 0 0 0 0 0 0 0 0 0 0 0 0 0 0 0 0 0 0 0 0 0 0 0 0 0 0 0 0 0 0 0 0 0 0 0 0 0 0 0 0 0 0 0 0 0 0 0 0 0 0 0 0 0 0 0 0 0 0 0 0 0 0 0 0 0 0 0 0 0 0 0 0 0 0 0 0 0 0 0 0 0 0 0 0 0 0 0 0 0 0 0 0 0 0 0 0 0 0 0 0 0 0 0 0 0 0 0 0 0 0 0 0 0 0 0 0 0 0 0 0 0 0 0 0 0 0 0 0 0 0 0 0 0 0 0 0 0 0 0 0 0 0 0 0 0 0 0 0 0 0 0 0 0 0 0 0 0 0 0 0 0 0 0 0 0 0 0 0 0 0 0 0 0 0 0 0 0 0 0 0 0 0 0 0 0 0 0 0 0 0 0 0 0 0 0 0 0 0 0 0 0 0 0 0 0 0 0 0 0 0 0 0 0 0 0 0 0 0 0 0 0 0 0 0 0 0 0 0 0 0 0 0 0 0 0 0 0 0 0 0 0 0 0 0 0 0 0 0 0 0 0 0 0 0 0 0 0 0 0 0 0 0 0 0 0 0 0 0 0 0 0 0 0 0 0 0 0 0 0 0 0 0 0 0 0 0 0 0 0 0 0 0 0 0 0 0 0 0 0 0 0 0 0 0 0 0 0 0 0 0 0 0 0 0 0 0 0 0 0 0 0 0 0 0 0 0 0 0 0 0 0 0 0 0 0 0 0 0 0 0 0 0 0 0 0 0 0 0 0 0 0 0 0 0 0 0 0 0 0 0 0 0 0 0 0 0 0 0 0 0 0 0 0 0 0 0 0 0 0 0 0 0 0 0 0 0 0 0 0 0 0 0 0 0 0 0 0 0 0 0 0 0 0 0 0 0 0 0 0 0 0 0 0 0 0 0 0 0 0 0 0 0 0 0 0 0 0 0 0 0 0 0 0 0 0 0 0 0 0 0 0 0 0 0 0 0 0 0 0 0 0 0 0 0 0 0 0 0 0 0 0 0 0 0 0 0 0 0 0 0 0 0 0 0 0 0 0 0 0 0 0 0 0 0 0 0 0 0 0 0 0 0 0 0 0 0 0 0 0 0 0 0 0 0 0 0 0 0 0 0 0 0 0 0 0 0 0 0 0 0 0 0 0 0 0 0 0 0 0 0 0 0 0 0 0 0 0 0 0 0 0 0 0 0 0 0 0 0 0 0 0 0 0 0 0 0 0 0 0 0 0 0 0 0 0 0 0 0 0 0 0 0 0 0 0 0 0 0 0 0 0 0 0 0 0 0 0 0 0 0 0 0 0 0 0 0 0 0 0 0 0 0 0 0 0 0 0 0 0 0 0 0 0 0 0 0 0 0 0 0 0 0 0 0 0 0 0 0 0 0 0 0 0 0 0 0 0 0 0 0 0 0 0 0 0 0 0 0 0 0 0 0 0 0 0 0 0 0 0 0 0 0 0 0 0 0 0 0 0 0 0 0 0 0 0 0 0 0 0 0 0 0 0 0 0 0 0 0 0 0 0 0 0 0 0 0 0 0 0 0 0 0 0 0 0 0 0 0 0 0 0 0 0 0 0 0 0
ctxt 1172593225
btime 1790630938
processes 91120
procs_running 1
procs_blocked 0
softirq 1199471661 73526 1958582 478101 1165911200 125973 0 4767220 16003853 410 10152796
## client-stat
cpu  802845480 23598936 303065617 93433930586 610702858 0 8719751 0 0 0
cpu0 29445862 224394 7358689 1619869445 8330842 0 164643 0 0 0
cpu1 29264867 432889 7638411 1649195989 11021333 0 54192 0 0 0
cpu2 28198385 463108 7587519 1652734342 10878288 0 35053 0 0 0
cpu3 25941824 484906 6787409 1656188524 11039061 0 29287 0 0 0
cpu4 22367997 490414 6369074 1660250734 11076587 0 28753 0 0 0
cpu5 19968407 494023 5974419 1662853540 11317028 0 26958 0 0 0
cpu6 17826022 497511 5633877 1665481215 11191732 0 27144 0 0 0
cpu7 16612653 487783 5473288 1666915709 11170991 0 25167 0 0 0
cpu8 15338965 485635 5280570 1668137525 11408377 0 25182 0 0 0
cpu9 14905359 489844 5249902 1668629527 11338378 0 25392 0 0 0
cpu10 14406574 472357 5131400 1669138758 11495066 0 24588 0 0 0
cpu11 14131577 465792 5143136 1669141011 11699690 0 25702 0 0 0
cpu12 14187491 458188 5265958 1669254121 11397129 0 24760 0 0 0
cpu13 12798195 425511 5428530 1668698751 9922297 0 1895994 0 0 0
cpu14 31522400 477236 7831870 1650033791 10085145 0 174238 0 0 0
cpu15 21115649 503934 6799684 1660809503 10896449 0 172632 0 0 0
cpu16 17753589 491819 6310250 1664525336 11133603 0 172898 0 0 0
cpu17 14930721 500066 5667862 1668293495 10904391 0 168072 0 0 0
cpu18 13591052 505884 5516602 1670008892 10640274 0 172329 0 0 0
cpu19 12935697 472687 5413554 1670776473 10655229 0 171323 0 0 0
cpu20 13086964 493492 5347264 1670662810 10657445 0 172610 0 0 0
cpu21 12209356 482428 5334595 1671428614 10771299 0 170919 0 0 0
cpu22 11980625 482914 5336704 1671351396 11081623 0 172754 0 0 0
cpu23 11692982 471865 5186455 1672098155 10734402 0 171835 0 0 0
cpu24 11729503 448076 5189626 1671816440 11041647 0 170130 0 0 0
cpu25 11555723 450839 5253229 1672288054 10684202 0 177242 0 0 0
cpu26 12008456 478046 5293698 1671717120 10627608 0 179148 0 0 0
cpu27 13879171 464459 5481899 1669380381 10979731 0 176398 0 0 0
cpu28 18767978 361854 5858169 1658246985 9964298 0 1230276 0 0 0
cpu29 13425715 381424 5525671 1668993468 11673353 0 62259 0 0 0
cpu30 12750465 342093 5323180 1670835358 11247007 0 25483 0 0 0
cpu31 11675324 306256 5004797 1672780388 10868707 0 22837 0 0 0
cpu32 10893102 292303 4879625 1673194971 11396798 0 22643 0 0 0
cpu33 10505171 294659 4783778 1672999033 12114555 0 22246 0 0 0
cpu34 10105996 300801 4679994 1673656371 11872197 0 21353 0 0 0
cpu35 9688341 288349 4573599 1674358478 11824831 0 22999 0 0 0
cpu36 9559351 287721 4473094 1674879139 11574866 0 21288 0 0 0
cpu37 9400338 302139 4453277 1675053544 11595292 0 21025 0 0 0
cpu38 9339608 311327 4406211 1675419858 11334486 0 21142 0 0 0
cpu39 9401319 310554 4499069 1675191332 11304388 0 21843 0 0 0
cpu40 9355452 306218 4526182 1675421613 11111385 0 22652 0 0 0
cpu41 9758692 317785 4527177 1674726261 11289300 0 22256 0 0 0
cpu42 13907348 443034 5472409 1670077020 10331656 0 169777 0 0 0
cpu43 11927781 434858 5185128 1672208891 10394790 0 166260 0 0 0
cpu44 11765679 425576 5243215 1672539444 10306439 0 166444 0 0 0
cpu45 11243817 430940 5007440 1673210685 10414718 0 160179 0 0 0
cpu46 11126038 431394 5001929 1673236745 10520563 0 161778 0 0 0
cpu47 10941470 452452 5025025 1673264810 10625909 0 162639 0 0 0
cpu48 11669556 439673 4994223 1672670575 10596801 0 161893 0 0 0
cpu49 11119527 416764 5027485 1673390882 10393112 0 164970 0 0 0
cpu50 11064863 440746 4992862 1673093422 10735697 0 163637 0 0 0
cpu51 11320806 447564 4998016 1672996595 10531333 0 166193 0 0 0
cpu52 11031926 446614 4987969 1673122914 10709685 0 166434 0 0 0
cpu53 11093916 432568 5069412 1673141843 10559145 0 173159 0 0 0
cpu54 11460741 425131 5044709 1672728801 10642248 0 170423 0 0 0
cpu55 13159069 432016 5216475 1670811483 10589423 0 170291 0 0 0
intr 106344198975 74 4 0 0 0 0 0 0 0 0 0 0 6 0 0 0 0 360 213 2556137465 0 0 0 0 0 0 0 0 0 0 0 0 0 0 0 0 0 2392223775 426496517 8318150 677 278 24496490 0 0 0 0 0 0 0 0 0 0 0 0 0 0 0 0 0 0 0 0 0 0 0 0 0 0 0 0 0 0 0 0 0 0 0 0 0 0 0 0 0 0 0 0 0 0 0 0 0 0 0 0 0 0 0 0 0 0 0 0 0 0 0 0 0 0 0 0 0 0 0 0 0 0 0 0 0 0 0 0 0 0 0 0 0 0 0 0 0 0 0 0 0 0 0 0 0 0 0 0 0 0 0 0 0 0 0 0 0 0 0 0 0 0 0 0 0 0 0 0 0 0 0 0 0 0 0 0 0 0 0 0 0 0 0 0 0 0 0 0 0 0 0 0 0 0 0 0 0 0 0 0 0 0 0 0 0 0 0 0 0 0 0 0 0 0 0 0 0 0 0 0 0 0 0 0 0 0 0 0 0 0 0 0 0 0 0 0 0 0 0 0 0 0 0 0 0 0 0 0 0 0 0 0 0 0 0 0 0 0 0 0 0 0 0 0 0 0 0 0 0 0 0 0 0 0 0 0 0 0 0 0 0 0 0 0 0 0 0 0 0 0 0 0 0 0 0 0 0 0 0 0 0 0 0 0 0 0 0 0 0 0 0 0 0 0 0 0 0 0 0 0 0 0 0 0 0 0 0 0 0 0 0 0 0 0 0 0 0 0 0 0 0 0 0 0 0 0 0 0 0 0 0 0 0 0 0 0 0 0 0 0 0 0 0 0 0 0 0 0 0 0 0 0 0 0 0 0 0 0 0 0 0 0 0 0 0 0 0 0 0 0 0 0 0 0 0 0 0 0 0 0 0 0 0 0 0 0 0 0 0 0 0 0 0 0 0 0 0 0 0 0 0 0 0 0 0 0 0 0 0 0 0 0 0 0 0 0 0 0 0 0 0 0 0 0 0 0 0 0 0 0 0 0 0 0 0 0 0 0 0 0 0 0 0 0 0 0 0 0 0 0 0 0 0 0 0 0 0 0 0 0 0 0 0 0 0 0 0 0 0 0 0 0 0 0 0 0 0 0 0 0 0 0 0 0 0 0 0 0 0 0 0 0 0 0 0 0 0 0 0 0 0 0 0 0 0 0 0 0 0 0 0 0 0 0 0 0 0 0 0 0 0 0 0 0 0 0 0 0 0 0 0 0 0 0 0 0 0 0 0 0 0 0 0 0 0 0 0 0 0 0 0 0 0 0 0 0 0 0 0 0 0 0 0 0 0 0 0 0 0 0 0 0 0 0 0 0 0 0 0 0 0 0 0 0 0 0 0 0 0 0 0 0 0 0 0 0 0 0 0 0 0 0 0 0 0 0 0 0 0 0 0 0 0 0 0 0 0 0 0 0 0 0 0 0 0 0 0 0 0 0 0 0 0 0 0 0 0 0 0 0 0 0 0 0 0 0 0 0 0 0 0 0 0 0 0 0 0 0 0 0 0 0 0 0 0 0 0 0 0 0 0 0 0 0 0 0 0 0 0 0 0 0 0 0 0 0 0 0 0 0 0 0 0 0 0 0 0 0 0 0 0 0 0 0 0 0 0 0 0 0 0 0 0 0 0 0 0 0 0 0 0 0 0 0 0 0 0 0 0 0 0 0 0 0 0 0 0 0 0 0 0 0 0 0 0 0 0 0 0 0 0 0 0 0 0 0 0 0 0 0 0 0 0 0 0 0 0 0 0 0 0 0 0 0 0 0 0 0 0 0 0 0 0 0 0 0 0 0 0 0 0 0 0 0 0 0 0 0 0 0 0 0 0 0 0 0 0 0 0 0 0 0 0 0 0 0 0 0 0 0 0 0 0 0 0 0 0 0 0 0 0 0 0 0 0 0 0 0 0 0 0 0 0 0 0 0 0 0 0 0 0 0 0 0 0 0 0 0 0 0 0 0 0 0 0 0 0 0 0 0 0 0 0 0 0 0 0 0 0 0 0 0 0 0 0 0 0 0 0 0 0 0 0 0 0 0 0 0 0 0 0 0 0 0 0 0 0 0 0 0 0 0 0 0 0 0 0 0 0 0 0 0 0 0 0 0 0 0 0 0 0 0 0 0 0 0 0 0 0 0 0 0 0 0 0 0 0 0 0 0 0 0 0 0 0 0 0 0 0 0 0 0 0 0 0 0 0 0 0 0 0 0 0 0 0 0 0 0 0 0 0 0 0 0 0 0 0 0 0 0 0 0 0 0 0 0 0 0 0 0 0 0 0 0 0 0 0 0 0 0 0 0 0 0 0 0 0 0 0 0 0 0 0 0 0 0 0 0 0 0 0 0 0 0 0 0 0 0 0 0 0 0 0 0 0 0 0 0 0 0 0 0 0 0 0 0 0 0 0 0 0 0 0 0 0 0 0 0 0 0 0 0 0 0 0 0 0 0 0 0 0 0 0 0 0 0 0 0 0 0 0 0 0 0 0 0 0 0 0 0 0 0 0 0 0 0 0 0 0 0 0 0 0 0 0 0 0 0 0 0 0 0 0 0 0 0 0 0 0 0 0 0 0 0 0 0 0 0 0 0 0 0 0 0 0 0 0 0 0 0 0 0 0 0 0 0 0 0 0 0 0 0 0 0 0 0 0 0 0 0 0 0 0 0 0 0 0 0 0 0 0 0 0 0 0 0 0 0 0 0 0 0 0 0 0 0 0 0 0 0 0 0 0 0 0 0 0 0 0 0 0 0 0 0 0 0 0 0 0 0 0 0 0 0 0 0 0 0 0 0 0 0 0 0 0 0 0 0 0 0 0 0 0 0 0 0 0 0 0 0 0 0 0 0 0 0 0 0 0 0 0 0 0 0 0 0 0 0 0 0 0 0 0 0 0 0 0 0 0 0 0 0 0 0 0 0 0 0 0 0 0 0 0 0 0 0 0 0 0 0 0 0 0 0 0 0 0 0 0 0 0 0 0 0 0 0 0 0 0 0 0 0 0 0 0 0 0 0 0 0 0 0 0 0 0 0 0 0 0 0 0 0 0 0 0 0 0 0 0 0 0 0 0 0 0 0 0 0 0 0 0 0 0 0 0 0 0 0 0 0 0 0 0 0 0 0 0 0 0 0 0 0 0 0 0 0 0 0 0 0 0 0 0 0 0 0 0 0 0 0 0 0 0 0 0 0 0 0 0 0 0 0 0 0 0 0 0 0 0 0 0 0 0 0 0 0 0 0 0 0 0 0 0 0 0 0 0 0 0 0 0 0 0 0 0 0 0 0 0 0 0 0 0 0 0 0 0 0 0 0 0 0 0 0 0 0 0 0 0 0 0 0 0 0 0 0 0 0 0 0 0 0 0 0 0 0 0 0 0 0 0 0 0 0 0 0 0 0 0 0 0 0 0 0 0 0 0 0 0 0 0 0 0 0 0 0 0 0 0 0 0 0 0 0 0 0 0 0 0 0 0 0 0 0 0 0 0 0 0 0 0 0 0 0 0 0 0 0 0 0 0 0 0 0 0 0 0 0 0 0 0 0 0 0 0 0 0 0 0 0 0 0 0 0 0 0 0 0 0 0 0 0 0 0 0 0 0 0 0 0 0 0 0 0 0 0 0 0 0 0 0 0 0 0 0 0 0 0 0 0 0 0 0 0 0 0 0 0 0 0 0 0 0 0 0 0 0 0 0 0 0 0 0 0 0 0 0 0 0 0 0 0 0 0 0 0 0 0 0 0 0 0 0 0 0 0 0 0 0 0 0 0 0 0 0 0 0 0 0 0 0 0 0
ctxt 208091292087
btime 1773600682
processes 94921431
procs_running 2
procs_blocked 0
softirq 42976063151 256 2278244419 38331061 837163602 1476262142 0 2936272164 566296519 5109161 478645459
--
cpu  802845848 23598936 303065765 93433974579 610702988 0 8719777 0 0 0
cpu0 29445864 224394 7358691 1619870210 8330842 0 164643 0 0 0
cpu1 29264868 432889 7638412 1649196783 11021333 0 54192 0 0 0
cpu2 28198405 463108 7587521 1652735116 10878291 0 35054 0 0 0
cpu3 25941827 484906 6787412 1656189316 11039061 0 29288 0 0 0
cpu4 22368006 490414 6369083 1660251508 11076594 0 28754 0 0 0
cpu5 19968408 494023 5974420 1662854336 11317028 0 26958 0 0 0
cpu6 17826045 497511 5633880 1665481983 11191735 0 27144 0 0 0
cpu7 16612653 487783 5473289 1666916506 11170991 0 25168 0 0 0
cpu8 15338966 485635 5280571 1668138319 11408379 0 25183 0 0 0
cpu9 14905360 489844 5249903 1668630322 11338380 0 25392 0 0 0
cpu10 14406575 472357 5131400 1669139551 11495070 0 24589 0 0 0
cpu11 14131580 465792 5143140 1669141804 11699690 0 25703 0 0 0
cpu12 14187492 458188 5265961 1669254913 11397132 0 24761 0 0 0
cpu13 12798195 425511 5428531 1668699547 9922297 0 1895995 0 0 0
cpu14 31522404 477236 7831872 1650034584 10085146 0 174238 0 0 0
cpu15 21115661 503934 6799684 1660810289 10896449 0 172632 0 0 0
cpu16 17753590 491819 6310251 1664526132 11133603 0 172898 0 0 0
cpu17 14930724 500066 5667864 1668294287 10904391 0 168073 0 0 0
cpu18 13591060 505884 5516604 1670009680 10640274 0 172330 0 0 0
cpu19 12935723 472687 5413562 1670777237 10655229 0 171324 0 0 0
cpu20 13086971 493492 5347266 1670663598 10657445 0 172611 0 0 0
cpu21 12209360 482428 5334597 1671429407 10771299 0 170919 0 0 0
cpu22 11980638 482914 5336705 1671352179 11081623 0 172755 0 0 0
cpu23 11692993 471865 5186455 1672098939 10734402 0 171836 0 0 0
cpu24 11729515 448076 5189627 1671817224 11041647 0 170131 0 0 0
cpu25 11555725 450839 5253230 1672288849 10684202 0 177243 0 0 0
cpu26 12008458 478046 5293700 1671717914 10627608 0 179149 0 0 0
cpu27 13879185 464459 5481905 1669381158 10979731 0 176400 0 0 0
cpu28 18767978 361854 5858169 1658247773 9964298 0 1230277 0 0 0
cpu29 13425719 381424 5525674 1668994260 11673353 0 62259 0 0 0
cpu30 12750467 342093 5323182 1670836153 11247007 0 25483 0 0 0
cpu31 11675326 306256 5004798 1672781182 10868707 0 22837 0 0 0
cpu32 10893103 292303 4879627 1673195767 11396798 0 22644 0 0 0
cpu33 10505179 294659 4783780 1672999821 12114555 0 22246 0 0 0
cpu34 10105998 300801 4679997 1673657163 11872197 0 21353 0 0 0
cpu35 9688343 288349 4573608 1674359265 11824831 0 23000 0 0 0
cpu36 9559353 287721 4473095 1674879935 11574866 0 21288 0 0 0
cpu37 9400343 302139 4453280 1675054336 11595292 0 21025 0 0 0
cpu38 9339612 311327 4406212 1675420647 11334488 0 21142 0 0 0
cpu39 9401322 310554 4499073 1675192122 11304388 0 21844 0 0 0
cpu40 9355454 306218 4526185 1675422407 11111385 0 22653 0 0 0
cpu41 9758692 317785 4527180 1674726954 11289402 0 22257 0 0 0
cpu42 13907350 443034 5472412 1670077811 10331656 0 169778 0 0 0
cpu43 11927810 434858 5185131 1672209656 10394790 0 166261 0 0 0
cpu44 11765681 425576 5243218 1672540234 10306439 0 166444 0 0 0
cpu45 11243822 430940 5007442 1673211475 10414718 0 160179 0 0 0
cpu46 11126072 431394 5001933 1673237506 10520563 0 161778 0 0 0
cpu47 10941483 452452 5025026 1673265593 10625910 0 162639 0 0 0
cpu48 11669558 439673 4994224 1672671370 10596801 0 161893 0 0 0
cpu49 11119537 416764 5027488 1673391665 10393113 0 164971 0 0 0
cpu50 11064870 440746 4992871 1673094204 10735697 0 163637 0 0 0
cpu51 11320822 447564 4998017 1672997377 10531333 0 166193 0 0 0
cpu52 11031939 446614 4987971 1673123697 10709685 0 166434 0 0 0
cpu53 11093924 432568 5069423 1673142622 10559145 0 173160 0 0 0
cpu54 11460743 425131 5044711 1672729593 10642249 0 170423 0 0 0
cpu55 13159073 432016 5216477 1670812275 10589423 0 170292 0 0 0
intr 106344279384 74 4 0 0 0 0 0 0 0 0 0 0 6 0 0 0 0 360 213 2556138544 0 0 0 0 0 0 0 0 0 0 0 0 0 0 0 0 0 2392237271 426496794 8318154 677 278 24496490 0 0 0 0 0 0 0 0 0 0 0 0 0 0 0 0 0 0 0 0 0 0 0 0 0 0 0 0 0 0 0 0 0 0 0 0 0 0 0 0 0 0 0 0 0 0 0 0 0 0 0 0 0 0 0 0 0 0 0 0 0 0 0 0 0 0 0 0 0 0 0 0 0 0 0 0 0 0 0 0 0 0 0 0 0 0 0 0 0 0 0 0 0 0 0 0 0 0 0 0 0 0 0 0 0 0 0 0 0 0 0 0 0 0 0 0 0 0 0 0 0 0 0 0 0 0 0 0 0 0 0 0 0 0 0 0 0 0 0 0 0 0 0 0 0 0 0 0 0 0 0 0 0 0 0 0 0 0 0 0 0 0 0 0 0 0 0 0 0 0 0 0 0 0 0 0 0 0 0 0 0 0 0 0 0 0 0 0 0 0 0 0 0 0 0 0 0 0 0 0 0 0 0 0 0 0 0 0 0 0 0 0 0 0 0 0 0 0 0 0 0 0 0 0 0 0 0 0 0 0 0 0 0 0 0 0 0 0 0 0 0 0 0 0 0 0 0 0 0 0 0 0 0 0 0 0 0 0 0 0 0 0 0 0 0 0 0 0 0 0 0 0 0 0 0 0 0 0 0 0 0 0 0 0 0 0 0 0 0 0 0 0 0 0 0 0 0 0 0 0 0 0 0 0 0 0 0 0 0 0 0 0 0 0 0 0 0 0 0 0 0 0 0 0 0 0 0 0 0 0 0 0 0 0 0 0 0 0 0 0 0 0 0 0 0 0 0 0 0 0 0 0 0 0 0 0 0 0 0 0 0 0 0 0 0 0 0 0 0 0 0 0 0 0 0 0 0 0 0 0 0 0 0 0 0 0 0 0 0 0 0 0 0 0 0 0 0 0 0 0 0 0 0 0 0 0 0 0 0 0 0 0 0 0 0 0 0 0 0 0 0 0 0 0 0 0 0 0 0 0 0 0 0 0 0 0 0 0 0 0 0 0 0 0 0 0 0 0 0 0 0 0 0 0 0 0 0 0 0 0 0 0 0 0 0 0 0 0 0 0 0 0 0 0 0 0 0 0 0 0 0 0 0 0 0 0 0 0 0 0 0 0 0 0 0 0 0 0 0 0 0 0 0 0 0 0 0 0 0 0 0 0 0 0 0 0 0 0 0 0 0 0 0 0 0 0 0 0 0 0 0 0 0 0 0 0 0 0 0 0 0 0 0 0 0 0 0 0 0 0 0 0 0 0 0 0 0 0 0 0 0 0 0 0 0 0 0 0 0 0 0 0 0 0 0 0 0 0 0 0 0 0 0 0 0 0 0 0 0 0 0 0 0 0 0 0 0 0 0 0 0 0 0 0 0 0 0 0 0 0 0 0 0 0 0 0 0 0 0 0 0 0 0 0 0 0 0 0 0 0 0 0 0 0 0 0 0 0 0 0 0 0 0 0 0 0 0 0 0 0 0 0 0 0 0 0 0 0 0 0 0 0 0 0 0 0 0 0 0 0 0 0 0 0 0 0 0 0 0 0 0 0 0 0 0 0 0 0 0 0 0 0 0 0 0 0 0 0 0 0 0 0 0 0 0 0 0 0 0 0 0 0 0 0 0 0 0 0 0 0 0 0 0 0 0 0 0 0 0 0 0 0 0 0 0 0 0 0 0 0 0 0 0 0 0 0 0 0 0 0 0 0 0 0 0 0 0 0 0 0 0 0 0 0 0 0 0 0 0 0 0 0 0 0 0 0 0 0 0 0 0 0 0 0 0 0 0 0 0 0 0 0 0 0 0 0 0 0 0 0 0 0 0 0 0 0 0 0 0 0 0 0 0 0 0 0 0 0 0 0 0 0 0 0 0 0 0 0 0 0 0 0 0 0 0 0 0 0 0 0 0 0 0 0 0 0 0 0 0 0 0 0 0 0 0 0 0 0 0 0 0 0 0 0 0 0 0 0 0 0 0 0 0 0 0 0 0 0 0 0 0 0 0 0 0 0 0 0 0 0 0 0 0 0 0 0 0 0 0 0 0 0 0 0 0 0 0 0 0 0 0 0 0 0 0 0 0 0 0 0 0 0 0 0 0 0 0 0 0 0 0 0 0 0 0 0 0 0 0 0 0 0 0 0 0 0 0 0 0 0 0 0 0 0 0 0 0 0 0 0 0 0 0 0 0 0 0 0 0 0 0 0 0 0 0 0 0 0 0 0 0 0 0 0 0 0 0 0 0 0 0 0 0 0 0 0 0 0 0 0 0 0 0 0 0 0 0 0 0 0 0 0 0 0 0 0 0 0 0 0 0 0 0 0 0 0 0 0 0 0 0 0 0 0 0 0 0 0 0 0 0 0 0 0 0 0 0 0 0 0 0 0 0 0 0 0 0 0 0 0 0 0 0 0 0 0 0 0 0 0 0 0 0 0 0 0 0 0 0 0 0 0 0 0 0 0 0 0 0 0 0 0 0 0 0 0 0 0 0 0 0 0 0 0 0 0 0 0 0 0 0 0 0 0 0 0 0 0 0 0 0 0 0 0 0 0 0 0 0 0 0 0 0 0 0 0 0 0 0 0 0 0 0 0 0 0 0 0 0 0 0 0 0 0 0 0 0 0 0 0 0 0 0 0 0 0 0 0 0 0 0 0 0 0 0 0 0 0 0 0 0 0 0 0 0 0 0 0 0 0 0 0 0 0 0 0 0 0 0 0 0 0 0 0 0 0 0 0 0 0 0 0 0 0 0 0 0 0 0 0 0 0 0 0 0 0 0 0 0 0 0 0 0 0 0 0 0 0 0 0 0 0 0 0 0 0 0 0 0 0 0 0 0 0 0 0 0 0 0 0 0 0 0 0 0 0 0 0 0 0 0 0 0 0 0 0 0 0 0 0 0 0 0 0 0 0 0 0 0 0 0 0 0 0 0 0 0 0 0 0 0 0 0 0 0 0 0 0 0 0 0 0 0 0 0 0 0 0 0 0 0 0 0 0 0 0 0 0 0 0 0 0 0 0 0 0 0 0 0 0 0 0 0 0 0 0 0 0 0 0 0 0 0 0 0 0 0 0 0 0 0 0 0 0 0 0 0 0 0 0 0 0 0 0 0 0 0 0 0 0 0 0 0 0 0 0 0 0 0 0 0 0 0 0 0 0 0 0 0 0 0 0 0 0 0 0 0 0 0 0 0 0 0 0 0 0 0 0 0 0 0 0 0 0 0 0 0 0 0 0 0 0 0 0 0 0 0 0 0 0 0 0 0 0 0 0 0 0 0 0 0 0 0 0 0 0 0 0 0 0 0 0 0 0 0 0 0 0 0 0 0 0 0 0 0 0 0 0 0 0 0 0 0 0 0 0 0 0 0 0 0 0 0 0 0 0 0 0 0 0 0 0 0 0 0 0 0 0 0 0 0 0 0 0 0 0 0 0 0 0 0 0 0 0 0 0 0 0 0 0 0 0 0 0 0 0 0 0 0 0 0 0 0 0 0 0 0 0 0 0 0 0 0 0 0 0 0 0 0 0 0 0 0 0 0 0 0 0 0 0 0 0 0 0 0 0 0 0 0 0 0 0 0 0 0 0 0 0 0 0 0 0 0 0 0 0 0 0 0 0 0 0 0 0 0 0 0 0 0 0 0 0 0 0 0 0 0 0 0 0 0 0 0 0 0 0 0 0 0 0 0 0 0 0 0 0 0 0 0 0 0 0 0 0 0
ctxt 208091436265
btime 1773600682
processes 94921462
procs_running 2
procs_blocked 0
softirq 42976120080 256 2278248860 38332614 837188213 1476262883 0 2936273789 566310032 5109161 478655904
