Running 10s test @ http://192.168.10.15:18500/json
  32 threads and 256 connections
  Thread Stats   Avg      Stdev     Max   +/- Stdev
    Latency   541.94us   77.13us   6.58ms   73.07%
    Req/Sec    14.16k   384.38    19.06k    80.04%
  Latency Distribution
     50%  539.00us
     75%  587.00us
     90%  633.00us
     99%  741.00us
  4552854 requests in 10.10s, 542.74MB read
Requests/sec: 450775.88
Transfer/sec:     53.74MB
## drops 0 0
## server-stat
cpu  1148520 421 622504 8929619 30343 0 244275 0 0 0
cpu0 41996 7 19024 275822 773 0 8717 0 0 0
cpu1 42314 9 18940 276672 559 0 8402 0 0 0
cpu2 42592 8 18854 276811 357 0 8339 0 0 0
cpu3 43188 9 19356 274830 1181 0 8374 0 0 0
cpu4 43454 8 19179 275188 715 0 8443 0 0 0
cpu5 43165 9 19092 275916 354 0 8328 0 0 0
cpu6 42736 7 18977 276465 334 0 8330 0 0 0
cpu7 42011 6 18800 277474 216 0 8178 0 0 0
cpu8 22789 12 18825 291154 1039 0 5194 0 0 0
cpu9 25476 13 19260 286447 2312 0 5345 0 0 0
cpu10 24567 12 19159 288780 1160 0 5469 0 0 0
cpu11 23300 10 18551 292502 583 0 5182 0 0 0
cpu12 39767 81 19812 272022 2948 0 5513 0 0 0
cpu13 38550 13 20032 273514 2365 0 5628 0 0 0
cpu14 23249 10 18135 294125 809 0 5081 0 0 0
cpu15 22080 10 16998 297496 635 0 4633 0 0 0
cpu16 45622 5 19784 272891 359 0 8473 0 0 0
cpu17 45491 5 19801 272007 1243 0 8513 0 0 0
cpu18 45304 5 19667 273375 276 0 8430 0 0 0
cpu19 46287 6 20105 271284 606 0 8640 0 0 0
cpu20 46421 8 20061 271348 670 0 8623 0 0 0
cpu21 45114 6 19607 273203 528 0 8493 0 0 0
cpu22 44290 6 19669 272712 321 0 8463 0 0 0
cpu23 43283 9 19356 275302 291 0 8376 0 0 0
cpu24 25126 12 19235 290614 805 0 5521 0 0 0
cpu25 27207 13 20931 282795 1547 0 6343 0 0 0
cpu26 26348 11 20626 284632 1160 0 6225 0 0 0
cpu27 22755 6 18575 285931 1033 0 9845 0 0 0
cpu28 38088 18 21844 263075 1840 0 11875 0 0 0
cpu29 39576 56 22072 260686 1761 0 11984 0 0 0
cpu30 22059 8 18691 285195 798 0 9746 0 0 0
cpu31 24301 8 19473 289334 754 0 5556 0 0 0
intr 874574140 126 0 0 0 0 0 0 0 0 1 0 0 0 0 0 0 0 0 0 0 0 0 0 0 0 0 0 1 1 1 0 0 0 0 1 0 1 0 0 75045 0 0 0 0 0 0 0 0 411 0 0 0 0 0 0 0 0 87 0 0 0 0 0 0 0 0 0 0 0 0 0 0 0 126698 2 16069387 16008106 15985242 16087785 0 2948 2276 2855 1493 3075 2638 2053 2532 1424 10230 18083 10033 8104 13072 14622 11245 7248 2673 1761 1431 2307 2185 1890 1512 1571 8827 7030 4899 5459 6361 5704 6013 7940 0 0 0 0 616240 2970 1036 0 264 0 0 0 0 0 0 0 0 0 0 0 0 0 0 0 0 0 0 0 0 0 0 0 0 0 0 0 0 0 0 0 0 0 0 0 0 0 0 0 0 0 0 0 0 0 0 0 0 0 0 0 0 0 0 0 0 0 0 0 0 0 0 0 0 0 0 0 0 0 0 0 0 0 0 0 0 0 0 0 0 0 0 0 0 0 0 0 0 0 0 0 0 0 0 0 0 0 0 0 0 0 0 0 0 0 0 0 0 0 0 0 0 0 0 0 0 0 0 0 0 0 0 0 0 0 0 0 0 0 0 0 0 0 0 0 0 0 0 0 0 0 0 0 0 0 0 0 0 0 0 0 0 0 0 0 0 0 0 0 0 0 0 0 0 0 0 0 0 0 0 0 0 0 0 0 0 0 0 0 0 0 0 0 0 0 0 0 0 0 0 0 0 0 0 0 0 0 0 0 0 0 0 0 0 0 0 0 0 0 0 0 0 0 0 0 0 0 0 0 0 0 0 0 0 0 0 0 0 0 0 0 0 0 0 0 0 0 0 0 0 0 0 0 0 0 0 0 0 0 0 0 0 0 0 0 0 0 0 0 0 0 0 0 0 0 0 0 0 0 0 0 0 0 0 0 0 0 0 0 0 0 0 0 0 0 0 0 0 0 0 0 0 0 0 0 0 0 0 0 0 0 0 0 0 0 0 0 0 0 0 0 0 0 0 0 0 0 0 0 0 0 0 0 0 0 0 0 0 0 0 0 0 0 0 0 0 0 0 0 0 0 0 0 0 0 0 0 0 0 0 0 0 0 0 0 0 0 0 0 0 0 0 0 0 0 0 0 0 0 0 0 0 0 0 0 0 0 0 0 0 0 0 0 0 0 0 0 0 0 0 0 0 0 0 0 0 0 0 0 0 0 0 0 0 0 0 0 0 0 0 0 0 0 0 0 0 0 0 0 0 0 0 0 0 0 0 0 0 0 0 0 0 0 0 0 0 0 0 0 0 0 0 0 0 0 0 0 0 0 0 0 0 0 0 0 0 0 0 0 0 0 0 0 0 0 0 0 0 0 0 0 0 0 0 0 0 0 0 0 0 0 0 0 0 0 0 0 0 0 0 0 0 0 0 0 0 0 0 0 0 0 0 0 0 0 0 0 0 0 0 0 0 0 0 0 0 0 0 0 0 0 0 0 0 0 0 0 0 0 0 0 0 0 0 0 0 0 0 0 0 0 0 0 0 0 0 0 0 0 0 0 0 0 0 0 0 0 0 0 0 0 0 0 0 0 0 0 0 0 0 0 0 0 0 0 0 0 0 0 0 0 0 0 0 0 0 0 0 0 0 0 0 0 0 0 0 0 0 0 0 0 0 0 0 0 0 0 0 0 0 0 0 0 0 0 0 0 0 0 0 0 0 0 0 0 0 0 0 0 0 0 0 0 0 0 0 0 0 0 0 0 0 0 0 0 0 0 0 0 0 0 0 0 0 0 0 0 0 0 0 0 0 0 0 0 0 0 0 0 0 0 0 0 0 0 0 0 0 0 0 0 0 0 0 0 0 0 0 0 0 0 0 0 0 0 0 0 0 0 0 0 0 0 0 0 0 0 0 0 0 0 0 0 0 0 0 0 0 0 0 0 0 0 0 0 0 0 0 0 0 0 0 0 0 0 0 0 0 0 0 0 0 0 0 0 0 0 0 0 0 0 0 0 0 0 0 0 0 0 0 0 0 0 0 0 0 0 0 0 0 0 0 0 0 0 0 0 0 0 0 0 0 0 0 0 0 0 0 0 0 0 0 0 0 0 0 0 0 0 0 0 0 0 0 0 0 0 0 0 0 0 0 0 0 0 0 0 0 0 0 0 0 0 0 0 0 0 0 0 0 0 0 0 0 0 0 0 0 0 0 0 0 0 0 0 0 0 0 0 0 0 0 0 0 0 0 0 0 0 0 0 0 0 0 0 0 0 0 0 0 0 0 0 0 0 0 0 0 0 0 0 0 0 0 0 0 0 0 0 0 0 0 0 0 0 0 0 0 0 0 0 0 0 0 0 0 0 0 0 0 0 0 0 0 0 0 0 0 0 0 0 0 0 0 0 0 0 0 0 0 0 0 0 0 0 0 0 0 0 0 0 0 0 0 0 0 0 0 0 0 0 0 0 0 0 0 0 0 0 0 0 0 0 0 0 0 0 0 0 0 0 0 0 0 0 0 0 0 0 0 0 0 0 0 0 0 0 0 0 0 0 0 0 0 0 0 0 0 0 0 0 0 0 0 0 0 0 0 0 0 0 0 0 0 0 0 0 0 0 0 0 0 0 0 0 0 0 0 0 0 0 0 0 0 0 0 0 0 0 0 0 0 0 0 0 0 0 0 0 0 0 0 0 0 0 0 0 0 0 0 0 0 0 0 0 0 0 0 0 0 0 0 0 0 0 0 0 0 0 0 0 0 0 0 0 0 0 0 0 0 0 0 0 0 0 0 0 0 0 0 0 0
ctxt 1216928993
btime 1790630938
processes 98929
procs_running 7
procs_blocked 0
softirq 1239280414 73526 2111853 795045 1204228365 132025 0 4885954 16496975 410 10556261
--
cpu  1150426 422 623336 8950783 30367 0 244562 0 0 0
cpu0 41997 7 19025 276611 774 0 8718 0 0 0
cpu1 42314 9 18941 277471 559 0 8402 0 0 0
cpu2 42592 8 18854 277611 357 0 8340 0 0 0
cpu3 43188 9 19357 275629 1181 0 8374 0 0 0
cpu4 43454 8 19179 275987 715 0 8443 0 0 0
cpu5 43165 9 19092 276715 354 0 8328 0 0 0
cpu6 42736 7 18977 277265 334 0 8330 0 0 0
cpu7 42011 6 18800 278274 216 0 8178 0 0 0
cpu8 22896 12 18874 291714 1039 0 5203 0 0 0
cpu9 25588 13 19311 286997 2312 0 5356 0 0 0
cpu10 24678 12 19213 289327 1160 0 5478 0 0 0
cpu11 23408 10 18599 293048 590 0 5189 0 0 0
cpu12 39889 81 19866 272562 2948 0 5522 0 0 0
cpu13 38672 13 20090 274049 2365 0 5638 0 0 0
cpu14 23352 10 18189 294688 809 0 5090 0 0 0
cpu15 22178 10 17042 298073 635 0 4641 0 0 0
cpu16 45622 5 19784 273691 359 0 8473 0 0 0
cpu17 45491 5 19801 272807 1243 0 8513 0 0 0
cpu18 45304 5 19667 274175 276 0 8430 0 0 0
cpu19 46287 6 20105 272083 606 0 8640 0 0 0
cpu20 46422 8 20061 272142 675 0 8623 0 0 0
cpu21 45114 6 19607 274003 528 0 8493 0 0 0
cpu22 44290 6 19669 273512 321 0 8463 0 0 0
cpu23 43283 9 19356 276102 291 0 8376 0 0 0
cpu24 25248 12 19291 291146 805 0 5531 0 0 0
cpu25 27338 13 20985 283308 1547 0 6361 0 0 0
cpu26 26473 11 20677 285152 1160 0 6240 0 0 0
cpu27 22878 6 18623 286396 1041 0 9884 0 0 0
cpu28 38236 18 21897 263524 1840 0 11925 0 0 0
cpu29 39719 56 22125 261136 1761 0 12026 0 0 0
cpu30 22170 8 18743 285690 798 0 9774 0 0 0
cpu31 24417 8 19522 289878 754 0 5566 0 0 0
intr 879054309 126 0 0 0 0 0 0 0 0 1 0 0 0 0 0 0 0 0 0 0 0 0 0 0 0 0 0 1 1 1 0 0 0 0 1 0 1 0 0 75045 0 0 0 0 0 0 0 0 411 0 0 0 0 0 0 0 0 87 0 0 0 0 0 0 0 0 0 0 0 0 0 0 0 127030 2 16232661 16171364 16148507 16251049 0 2956 2276 2855 1493 3075 2638 2054 2532 1424 10230 18083 10081 8104 13072 14622 11245 7248 2673 1761 1431 2307 2185 1890 1512 1571 8828 7031 4904 5459 6361 5707 6017 7940 0 0 0 0 616240 2970 1036 0 264 0 0 0 0 0 0 0 0 0 0 0 0 0 0 0 0 0 0 0 0 0 0 0 0 0 0 0 0 0 0 0 0 0 0 0 0 0 0 0 0 0 0 0 0 0 0 0 0 0 0 0 0 0 0 0 0 0 0 0 0 0 0 0 0 0 0 0 0 0 0 0 0 0 0 0 0 0 0 0 0 0 0 0 0 0 0 0 0 0 0 0 0 0 0 0 0 0 0 0 0 0 0 0 0 0 0 0 0 0 0 0 0 0 0 0 0 0 0 0 0 0 0 0 0 0 0 0 0 0 0 0 0 0 0 0 0 0 0 0 0 0 0 0 0 0 0 0 0 0 0 0 0 0 0 0 0 0 0 0 0 0 0 0 0 0 0 0 0 0 0 0 0 0 0 0 0 0 0 0 0 0 0 0 0 0 0 0 0 0 0 0 0 0 0 0 0 0 0 0 0 0 0 0 0 0 0 0 0 0 0 0 0 0 0 0 0 0 0 0 0 0 0 0 0 0 0 0 0 0 0 0 0 0 0 0 0 0 0 0 0 0 0 0 0 0 0 0 0 0 0 0 0 0 0 0 0 0 0 0 0 0 0 0 0 0 0 0 0 0 0 0 0 0 0 0 0 0 0 0 0 0 0 0 0 0 0 0 0 0 0 0 0 0 0 0 0 0 0 0 0 0 0 0 0 0 0 0 0 0 0 0 0 0 0 0 0 0 0 0 0 0 0 0 0 0 0 0 0 0 0 0 0 0 0 0 0 0 0 0 0 0 0 0 0 0 0 0 0 0 0 0 0 0 0 0 0 0 0 0 0 0 0 0 0 0 0 0 0 0 0 0 0 0 0 0 0 0 0 0 0 0 0 0 0 0 0 0 0 0 0 0 0 0 0 0 0 0 0 0 0 0 0 0 0 0 0 0 0 0 0 0 0 0 0 0 0 0 0 0 0 0 0 0 0 0 0 0 0 0 0 0 0 0 0 0 0 0 0 0 0 0 0 0 0 0 0 0 0 0 0 0 0 0 0 0 0 0 0 0 0 0 0 0 0 0 0 0 0 0 0 0 0 0 0 0 0 0 0 0 0 0 0 0 0 0 0 0 0 0 0 0 0 0 0 0 0 0 0 0 0 0 0 0 0 0 0 0 0 0 0 0 0 0 0 0 0 0 0 0 0 0 0 0 0 0 0 0 0 0 0 0 0 0 0 0 0 0 0 0 0 0 0 0 0 0 0 0 0 0 0 0 0 0 0 0 0 0 0 0 0 0 0 0 0 0 0 0 0 0 0 0 0 0 0 0 0 0 0 0 0 0 0 0 0 0 0 0 0 0 0 0 0 0 0 0 0 0 0 0 0 0 0 0 0 0 0 0 0 0 0 0 0 0 0 0 0 0 0 0 0 0 0 0 0 0 0 0 0 0 0 0 0 0 0 0 0 0 0 0 0 0 0 0 0 0 0 0 0 0 0 0 0 0 0 0 0 0 0 0 0 0 0 0 0 0 0 0 0 0 0 0 0 0 0 0 0 0 0 0 0 0 0 0 0 0 0 0 0 0 0 0 0 0 0 0 0 0 0 0 0 0 0 0 0 0 0 0 0 0 0 0 0 0 0 0 0 0 0 0 0 0 0 0 0 0 0 0 0 0 0 0 0 0 0 0 0 0 0 0 0 0 0 0 0 0 0 0 0 0 0 0 0 0 0 0 0 0 0 0 0 0 0 0 0 0 0 0 0 0 0 0 0 0 0 0 0 0 0 0 0 0 0 0 0 0 0 0 0 0 0 0 0 0 0 0 0 0 0 0 0 0 0 0 0 0 0 0 0 0 0 0 0 0 0 0 0 0 0 0 0 0 0 0 0 0 0 0 0 0 0 0 0 0 0 0 0 0 0 0 0 0 0 0 0 0 0 0 0 0 0 0 0 0 0 0 0 0 0 0 0 0 0 0 0 0 0 0 0 0 0 0 0 0 0 0 0 0 0 0 0 0 0 0 0 0 0 0 0 0 0 0 0 0 0 0 0 0 0 0 0 0 0 0 0 0 0 0 0 0 0 0 0 0 0 0 0 0 0 0 0 0 0 0 0 0 0 0 0 0 0 0 0 0 0 0 0 0 0 0 0 0 0 0 0 0 0 0 0 0 0 0 0 0 0 0 0 0 0 0 0 0 0 0 0 0 0 0 0 0 0 0 0 0 0 0 0 0 0 0 0 0 0 0 0 0 0 0 0 0 0 0 0 0 0 0 0 0 0 0 0 0 0 0 0 0 0 0 0 0 0 0 0 0 0 0 0 0 0 0 0 0 0 0 0 0 0 0 0 0 0 0 0 0 0 0 0 0 0 0 0 0 0 0 0 0 0 0 0 0 0 0 0 0 0 0 0 0 0 0 0 0 0 0 0 0 0 0 0 0 0 0 0 0 0 0 0 0 0 0 0 0 0 0 0 0 0 0 0 0 0 0 0 0 0 0 0 0 0 0 0 0 0
ctxt 1221753459
btime 1790630938
processes 99007
procs_running 15
procs_blocked 0
softirq 1242486945 73526 2116584 795120 1207377938 132363 0 4885954 16526169 410 10578881
## client-stat
cpu  802894003 23598936 303192241 93435185491 610708501 0 8771989 0 0 0
cpu0 29446410 224394 7360281 1619890661 8331075 0 165237 0 0 0
cpu1 29265568 432889 7640595 1649218794 11021376 0 54866 0 0 0
cpu2 28199134 463108 7589686 1652757226 10878393 0 35729 0 0 0
cpu3 25942590 484906 6789564 1656211511 11039128 0 29943 0 0 0
cpu4 22368707 490414 6371231 1660273769 11076691 0 29414 0 0 0
cpu5 19969072 494023 5976599 1662876427 11317343 0 27614 0 0 0
cpu6 17826845 497511 5636013 1665504190 11191838 0 27794 0 0 0
cpu7 16613337 487783 5475434 1666938813 11171103 0 25824 0 0 0
cpu8 15339728 485635 5282716 1668160543 11408499 0 25840 0 0 0
cpu9 14906025 489844 5252022 1668652706 11338471 0 26038 0 0 0
cpu10 14407354 472357 5133558 1669161745 11495193 0 25248 0 0 0
cpu11 14132302 465792 5145312 1669164025 11699780 0 26363 0 0 0
cpu12 14188220 458188 5268160 1669276955 11397366 0 25437 0 0 0
cpu13 12798881 425511 5430667 1668721779 9922422 0 1896707 0 0 0
cpu14 31523173 477236 7834200 1650056434 10085191 0 175058 0 0 0
cpu15 21117331 503934 6802006 1660831316 10896487 0 173411 0 0 0
cpu16 17754375 491819 6312717 1664547757 11133647 0 173747 0 0 0
cpu17 14931506 500066 5670324 1668315868 10904565 0 168860 0 0 0
cpu18 13592300 505884 5518918 1670031062 10640313 0 173120 0 0 0
cpu19 12936497 472687 5415974 1670798898 10655338 0 172134 0 0 0
cpu20 13087788 493492 5349703 1670685117 10657637 0 173429 0 0 0
cpu21 12210094 482428 5337016 1671451156 10771352 0 171733 0 0 0
cpu22 11981417 482914 5339133 1671373888 11081677 0 173584 0 0 0
cpu23 11693777 471865 5188949 1672120583 10734461 0 172642 0 0 0
cpu24 11730753 448076 5192031 1671838541 11041702 0 170930 0 0 0
cpu25 11556635 450839 5255688 1672310347 10684235 0 178087 0 0 0
cpu26 12009551 478046 5296131 1671739303 10627646 0 180006 0 0 0
cpu27 13881531 464459 5484316 1669401313 10979757 0 177251 0 0 0
cpu28 18768609 361854 5859798 1658258793 9964345 0 1241694 0 0 0
cpu29 13426444 381424 5527782 1669016564 11673453 0 62920 0 0 0
cpu30 12751234 342093 5325340 1670858395 11247079 0 26143 0 0 0
cpu31 11675964 306256 5006885 1672803614 10868791 0 23482 0 0 0
cpu32 10893821 292303 4881719 1673217994 11396989 0 23305 0 0 0
cpu33 10506013 294659 4785939 1673022008 12114642 0 22896 0 0 0
cpu34 10106722 300801 4682121 1673679466 11872296 0 21991 0 0 0
cpu35 9689028 288349 4575785 1674381551 11824943 0 23646 0 0 0
cpu36 9560046 287721 4475187 1674902263 11575020 0 21936 0 0 0
cpu37 9400981 302139 4455410 1675076698 11595453 0 21674 0 0 0
cpu38 9340300 311327 4408294 1675443015 11334589 0 21800 0 0 0
cpu39 9402011 310554 4501250 1675214448 11304453 0 22506 0 0 0
cpu40 9356125 306218 4528403 1675444700 11111436 0 23337 0 0 0
cpu41 9759360 317785 4529369 1674749120 11289603 0 22925 0 0 0
cpu42 13909683 443034 5474579 1670098209 10331823 0 170543 0 0 0
cpu43 11929664 434858 5187474 1672230332 10394950 0 167054 0 0 0
cpu44 11766525 425576 5245628 1672561886 10306447 0 167303 0 0 0
cpu45 11244608 430940 5009921 1673233106 10414808 0 161005 0 0 0
cpu46 11126860 431394 5004340 1673259221 10520650 0 162589 0 0 0
cpu47 10942258 452452 5027459 1673287268 10625971 0 163463 0 0 0
cpu48 11670370 439673 4996678 1672693048 10596834 0 162725 0 0 0
cpu49 11120307 416764 5029895 1673413299 10393260 0 165821 0 0 0
cpu50 11065642 440746 4995269 1673115924 10735773 0 164460 0 0 0
cpu51 11321614 447564 5000442 1673019126 10531348 0 167020 0 0 0
cpu52 11032744 446614 4990359 1673145383 10709793 0 167239 0 0 0
cpu53 11094743 432568 5071878 1673164238 10559184 0 174032 0 0 0
cpu54 11461601 425131 5047162 1672751156 10642318 0 171264 0 0 0
cpu55 13159801 432016 5218908 1670833913 10589536 0 171147 0 0 0
intr 106357990828 74 4 0 0 0 0 0 0 0 0 0 0 6 0 0 0 0 360 213 2556173794 0 0 0 0 0 0 0 0 0 0 0 0 0 0 0 0 0 2393875689 426502450 8318283 677 278 24496490 0 0 0 0 0 0 0 0 0 0 0 0 0 0 0 0 0 0 0 0 0 0 0 0 0 0 0 0 0 0 0 0 0 0 0 0 0 0 0 0 0 0 0 0 0 0 0 0 0 0 0 0 0 0 0 0 0 0 0 0 0 0 0 0 0 0 0 0 0 0 0 0 0 0 0 0 0 0 0 0 0 0 0 0 0 0 0 0 0 0 0 0 0 0 0 0 0 0 0 0 0 0 0 0 0 0 0 0 0 0 0 0 0 0 0 0 0 0 0 0 0 0 0 0 0 0 0 0 0 0 0 0 0 0 0 0 0 0 0 0 0 0 0 0 0 0 0 0 0 0 0 0 0 0 0 0 0 0 0 0 0 0 0 0 0 0 0 0 0 0 0 0 0 0 0 0 0 0 0 0 0 0 0 0 0 0 0 0 0 0 0 0 0 0 0 0 0 0 0 0 0 0 0 0 0 0 0 0 0 0 0 0 0 0 0 0 0 0 0 0 0 0 0 0 0 0 0 0 0 0 0 0 0 0 0 0 0 0 0 0 0 0 0 0 0 0 0 0 0 0 0 0 0 0 0 0 0 0 0 0 0 0 0 0 0 0 0 0 0 0 0 0 0 0 0 0 0 0 0 0 0 0 0 0 0 0 0 0 0 0 0 0 0 0 0 0 0 0 0 0 0 0 0 0 0 0 0 0 0 0 0 0 0 0 0 0 0 0 0 0 0 0 0 0 0 0 0 0 0 0 0 0 0 0 0 0 0 0 0 0 0 0 0 0 0 0 0 0 0 0 0 0 0 0 0 0 0 0 0 0 0 0 0 0 0 0 0 0 0 0 0 0 0 0 0 0 0 0 0 0 0 0 0 0 0 0 0 0 0 0 0 0 0 0 0 0 0 0 0 0 0 0 0 0 0 0 0 0 0 0 0 0 0 0 0 0 0 0 0 0 0 0 0 0 0 0 0 0 0 0 0 0 0 0 0 0 0 0 0 0 0 0 0 0 0 0 0 0 0 0 0 0 0 0 0 0 0 0 0 0 0 0 0 0 0 0 0 0 0 0 0 0 0 0 0 0 0 0 0 0 0 0 0 0 0 0 0 0 0 0 0 0 0 0 0 0 0 0 0 0 0 0 0 0 0 0 0 0 0 0 0 0 0 0 0 0 0 0 0 0 0 0 0 0 0 0 0 0 0 0 0 0 0 0 0 0 0 0 0 0 0 0 0 0 0 0 0 0 0 0 0 0 0 0 0 0 0 0 0 0 0 0 0 0 0 0 0 0 0 0 0 0 0 0 0 0 0 0 0 0 0 0 0 0 0 0 0 0 0 0 0 0 0 0 0 0 0 0 0 0 0 0 0 0 0 0 0 0 0 0 0 0 0 0 0 0 0 0 0 0 0 0 0 0 0 0 0 0 0 0 0 0 0 0 0 0 0 0 0 0 0 0 0 0 0 0 0 0 0 0 0 0 0 0 0 0 0 0 0 0 0 0 0 0 0 0 0 0 0 0 0 0 0 0 0 0 0 0 0 0 0 0 0 0 0 0 0 0 0 0 0 0 0 0 0 0 0 0 0 0 0 0 0 0 0 0 0 0 0 0 0 0 0 0 0 0 0 0 0 0 0 0 0 0 0 0 0 0 0 0 0 0 0 0 0 0 0 0 0 0 0 0 0 0 0 0 0 0 0 0 0 0 0 0 0 0 0 0 0 0 0 0 0 0 0 0 0 0 0 0 0 0 0 0 0 0 0 0 0 0 0 0 0 0 0 0 0 0 0 0 0 0 0 0 0 0 0 0 0 0 0 0 0 0 0 0 0 0 0 0 0 0 0 0 0 0 0 0 0 0 0 0 0 0 0 0 0 0 0 0 0 0 0 0 0 0 0 0 0 0 0 0 0 0 0 0 0 0 0 0 0 0 0 0 0 0 0 0 0 0 0 0 0 0 0 0 0 0 0 0 0 0 0 0 0 0 0 0 0 0 0 0 0 0 0 0 0 0 0 0 0 0 0 0 0 0 0 0 0 0 0 0 0 0 0 0 0 0 0 0 0 0 0 0 0 0 0 0 0 0 0 0 0 0 0 0 0 0 0 0 0 0 0 0 0 0 0 0 0 0 0 0 0 0 0 0 0 0 0 0 0 0 0 0 0 0 0 0 0 0 0 0 0 0 0 0 0 0 0 0 0 0 0 0 0 0 0 0 0 0 0 0 0 0 0 0 0 0 0 0 0 0 0 0 0 0 0 0 0 0 0 0 0 0 0 0 0 0 0 0 0 0 0 0 0 0 0 0 0 0 0 0 0 0 0 0 0 0 0 0 0 0 0 0 0 0 0 0 0 0 0 0 0 0 0 0 0 0 0 0 0 0 0 0 0 0 0 0 0 0 0 0 0 0 0 0 0 0 0 0 0 0 0 0 0 0 0 0 0 0 0 0 0 0 0 0 0 0 0 0 0 0 0 0 0 0 0 0 0 0 0 0 0 0 0 0 0 0 0 0 0 0 0 0 0 0 0 0 0 0 0 0 0 0 0 0 0 0 0 0 0 0 0 0 0 0 0 0 0 0 0 0 0 0 0 0 0 0 0 0 0 0 0 0 0 0 0 0 0 0 0 0 0 0 0 0 0 0 0 0 0 0 0 0 0 0 0 0 0 0 0 0 0 0 0 0 0 0 0 0 0 0 0 0 0 0 0 0 0 0 0 0 0 0 0 0 0 0 0 0 0 0 0 0 0 0 0 0 0 0 0 0 0 0 0 0 0 0 0 0 0 0 0 0 0 0 0 0 0 0 0 0 0 0 0 0 0 0 0 0 0 0 0 0 0 0 0 0 0 0 0 0 0 0 0 0 0 0 0 0 0 0 0 0 0 0 0 0 0 0 0 0 0 0 0 0 0 0 0 0 0 0 0 0 0 0 0 0 0 0 0 0 0 0 0 0 0 0 0 0 0 0 0 0 0 0 0 0 0 0 0 0 0 0 0 0 0 0 0 0 0 0 0 0 0 0 0 0 0 0 0 0 0 0 0 0 0 0 0 0 0 0 0 0 0 0 0 0 0 0 0 0 0 0 0 0 0 0 0 0 0 0 0 0 0 0 0 0 0 0 0 0 0 0 0 0 0 0 0 0 0 0 0 0 0 0 0 0 0 0 0 0 0 0 0 0 0 0 0 0 0 0 0 0 0 0 0 0 0 0 0 0 0 0 0 0 0 0 0 0 0 0 0 0 0 0 0 0 0 0 0 0 0 0 0 0 0 0 0 0 0 0 0 0 0 0 0 0 0 0 0 0 0 0 0 0 0 0 0 0 0 0 0 0 0 0 0 0 0 0 0 0 0 0 0 0 0 0 0 0 0 0 0 0 0 0 0 0 0 0 0 0 0 0 0 0 0 0 0 0 0 0 0 0 0 0 0 0 0 0 0 0 0 0 0 0 0 0 0 0 0 0 0 0 0 0 0 0 0 0 0 0 0 0 0 0 0 0 0 0 0 0 0 0 0 0 0 0 0 0 0 0 0 0 0 0 0 0 0 0 0 0 0 0 0 0 0 0 0 0 0 0 0 0 0 0 0 0 0 0 0 0 0 0 0 0 0 0 0 0 0 0 0 0 0 0 0 0 0 0 0 0 0 0 0 0 0 0 0 0 0 0 0 0 0 0 0 0 0 0 0 0 0 0 0 0 0 0 0 0 0 0 0 0 0
ctxt 208190174070
btime 1773600682
processes 94924795
procs_running 14
procs_blocked 0
softirq 43008241106 256 2278310705 38443081 864842192 1476283376 0 2936327349 569161044 5109161 480025574
--
cpu  802896042 23598936 303201808 93435214081 610708586 0 8775234 0 0 0
cpu0 29446430 224394 7360380 1619891233 8331075 0 165264 0 0 0
cpu1 29265607 432889 7640767 1649219314 11021376 0 54905 0 0 0
cpu2 28199173 463108 7589860 1652757747 10878393 0 35767 0 0 0
cpu3 25942626 484906 6789738 1656212038 11039129 0 29982 0 0 0
cpu4 22368747 490414 6371408 1660274298 11076691 0 29453 0 0 0
cpu5 19969115 494023 5976775 1662876955 11317343 0 27653 0 0 0
cpu6 17826882 497511 5636186 1665504721 11191838 0 27836 0 0 0
cpu7 16613373 487783 5475606 1666939348 11171103 0 25865 0 0 0
cpu8 15339769 485635 5282883 1668161076 11408499 0 25880 0 0 0
cpu9 14906062 489844 5252192 1668653240 11338471 0 26076 0 0 0
cpu10 14407390 472357 5133716 1669162291 11495193 0 25292 0 0 0
cpu11 14132340 465792 5145490 1669164553 11699780 0 26402 0 0 0
cpu12 14188259 458188 5268339 1669277482 11397366 0 25476 0 0 0
cpu13 12798922 425511 5430837 1668722306 9922422 0 1896748 0 0 0
cpu14 31523208 477236 7834374 1650056942 10085193 0 175111 0 0 0
cpu15 21117371 503934 6802194 1660831820 10896487 0 173460 0 0 0
cpu16 17754410 491819 6312902 1664548263 11133647 0 173797 0 0 0
cpu17 14931541 500066 5670498 1668316378 10904566 0 168907 0 0 0
cpu18 13592335 505884 5519102 1670031570 10640313 0 173171 0 0 0
cpu19 12936537 472687 5416152 1670799404 10655338 0 172178 0 0 0
cpu20 13087824 493492 5349882 1670685627 10657637 0 173478 0 0 0
cpu21 12210139 482428 5337199 1671451654 10771352 0 171780 0 0 0
cpu22 11981451 482914 5339307 1671374399 11081679 0 173630 0 0 0
cpu23 11693815 471865 5189130 1672121095 10734461 0 172692 0 0 0
cpu24 11730791 448076 5192223 1671839045 11041705 0 170976 0 0 0
cpu25 11556677 450839 5255873 1672310827 10684260 0 178134 0 0 0
cpu26 12009591 478046 5296312 1671739808 10627646 0 180052 0 0 0
cpu27 13881569 464459 5484498 1669401821 10979757 0 177302 0 0 0
cpu28 18768609 361854 5859799 1658258793 9964345 0 1242494 0 0 0
cpu29 13426482 381424 5527940 1669017101 11673454 0 62960 0 0 0
cpu30 12751268 342093 5325487 1670858943 11247080 0 26188 0 0 0
cpu31 11676002 306256 5007052 1672804147 10868792 0 23521 0 0 0
cpu32 10893859 292303 4881893 1673218525 11396993 0 23345 0 0 0
cpu33 10506049 294659 4786111 1673022543 12114642 0 22936 0 0 0
cpu34 10106758 300801 4682289 1673680000 11872297 0 22030 0 0 0
cpu35 9689058 288349 4575938 1674382097 11824944 0 23688 0 0 0
cpu36 9560084 287721 4475357 1674902799 11575020 0 21977 0 0 0
cpu37 9401020 302139 4455579 1675077232 11595453 0 21716 0 0 0
cpu38 9340336 311327 4408462 1675443550 11334590 0 21839 0 0 0
cpu39 9402045 310554 4501404 1675214993 11304455 0 22553 0 0 0
cpu40 9356161 306218 4528577 1675445229 11111436 0 23374 0 0 0
cpu41 9759397 317785 4529547 1674749647 11289603 0 22964 0 0 0
cpu42 13909720 443034 5474760 1670098687 10331852 0 170594 0 0 0
cpu43 11929700 434858 5187652 1672230840 10394950 0 167106 0 0 0
cpu44 11766562 425576 5245806 1672562395 10306448 0 167356 0 0 0
cpu45 11244642 430940 5010104 1673233617 10414808 0 161052 0 0 0
cpu46 11126898 431394 5004512 1673259734 10520650 0 162633 0 0 0
cpu47 10942294 452452 5027643 1673287780 10625971 0 163512 0 0 0
cpu48 11670408 439673 4996859 1672693557 10596836 0 162769 0 0 0
cpu49 11120341 416764 5030077 1673413815 10393260 0 165871 0 0 0
cpu50 11065676 440746 4995447 1673116435 10735775 0 164510 0 0 0
cpu51 11321652 447564 5000623 1673019638 10531348 0 167068 0 0 0
cpu52 11032784 446614 4990542 1673145885 10709794 0 167288 0 0 0
cpu53 11094783 432568 5072064 1673164739 10559186 0 174081 0 0 0
cpu54 11461637 425131 5047343 1672751656 10642320 0 171313 0 0 0
cpu55 13159837 432016 5219093 1670834420 10589536 0 171200 0 0 0
intr 106358657670 74 4 0 0 0 0 0 0 0 0 0 0 6 0 0 0 0 360 213 2556174735 0 0 0 0 0 0 0 0 0 0 0 0 0 0 0 0 0 2393875698 426502578 8318287 677 278 24496490 0 0 0 0 0 0 0 0 0 0 0 0 0 0 0 0 0 0 0 0 0 0 0 0 0 0 0 0 0 0 0 0 0 0 0 0 0 0 0 0 0 0 0 0 0 0 0 0 0 0 0 0 0 0 0 0 0 0 0 0 0 0 0 0 0 0 0 0 0 0 0 0 0 0 0 0 0 0 0 0 0 0 0 0 0 0 0 0 0 0 0 0 0 0 0 0 0 0 0 0 0 0 0 0 0 0 0 0 0 0 0 0 0 0 0 0 0 0 0 0 0 0 0 0 0 0 0 0 0 0 0 0 0 0 0 0 0 0 0 0 0 0 0 0 0 0 0 0 0 0 0 0 0 0 0 0 0 0 0 0 0 0 0 0 0 0 0 0 0 0 0 0 0 0 0 0 0 0 0 0 0 0 0 0 0 0 0 0 0 0 0 0 0 0 0 0 0 0 0 0 0 0 0 0 0 0 0 0 0 0 0 0 0 0 0 0 0 0 0 0 0 0 0 0 0 0 0 0 0 0 0 0 0 0 0 0 0 0 0 0 0 0 0 0 0 0 0 0 0 0 0 0 0 0 0 0 0 0 0 0 0 0 0 0 0 0 0 0 0 0 0 0 0 0 0 0 0 0 0 0 0 0 0 0 0 0 0 0 0 0 0 0 0 0 0 0 0 0 0 0 0 0 0 0 0 0 0 0 0 0 0 0 0 0 0 0 0 0 0 0 0 0 0 0 0 0 0 0 0 0 0 0 0 0 0 0 0 0 0 0 0 0 0 0 0 0 0 0 0 0 0 0 0 0 0 0 0 0 0 0 0 0 0 0 0 0 0 0 0 0 0 0 0 0 0 0 0 0 0 0 0 0 0 0 0 0 0 0 0 0 0 0 0 0 0 0 0 0 0 0 0 0 0 0 0 0 0 0 0 0 0 0 0 0 0 0 0 0 0 0 0 0 0 0 0 0 0 0 0 0 0 0 0 0 0 0 0 0 0 0 0 0 0 0 0 0 0 0 0 0 0 0 0 0 0 0 0 0 0 0 0 0 0 0 0 0 0 0 0 0 0 0 0 0 0 0 0 0 0 0 0 0 0 0 0 0 0 0 0 0 0 0 0 0 0 0 0 0 0 0 0 0 0 0 0 0 0 0 0 0 0 0 0 0 0 0 0 0 0 0 0 0 0 0 0 0 0 0 0 0 0 0 0 0 0 0 0 0 0 0 0 0 0 0 0 0 0 0 0 0 0 0 0 0 0 0 0 0 0 0 0 0 0 0 0 0 0 0 0 0 0 0 0 0 0 0 0 0 0 0 0 0 0 0 0 0 0 0 0 0 0 0 0 0 0 0 0 0 0 0 0 0 0 0 0 0 0 0 0 0 0 0 0 0 0 0 0 0 0 0 0 0 0 0 0 0 0 0 0 0 0 0 0 0 0 0 0 0 0 0 0 0 0 0 0 0 0 0 0 0 0 0 0 0 0 0 0 0 0 0 0 0 0 0 0 0 0 0 0 0 0 0 0 0 0 0 0 0 0 0 0 0 0 0 0 0 0 0 0 0 0 0 0 0 0 0 0 0 0 0 0 0 0 0 0 0 0 0 0 0 0 0 0 0 0 0 0 0 0 0 0 0 0 0 0 0 0 0 0 0 0 0 0 0 0 0 0 0 0 0 0 0 0 0 0 0 0 0 0 0 0 0 0 0 0 0 0 0 0 0 0 0 0 0 0 0 0 0 0 0 0 0 0 0 0 0 0 0 0 0 0 0 0 0 0 0 0 0 0 0 0 0 0 0 0 0 0 0 0 0 0 0 0 0 0 0 0 0 0 0 0 0 0 0 0 0 0 0 0 0 0 0 0 0 0 0 0 0 0 0 0 0 0 0 0 0 0 0 0 0 0 0 0 0 0 0 0 0 0 0 0 0 0 0 0 0 0 0 0 0 0 0 0 0 0 0 0 0 0 0 0 0 0 0 0 0 0 0 0 0 0 0 0 0 0 0 0 0 0 0 0 0 0 0 0 0 0 0 0 0 0 0 0 0 0 0 0 0 0 0 0 0 0 0 0 0 0 0 0 0 0 0 0 0 0 0 0 0 0 0 0 0 0 0 0 0 0 0 0 0 0 0 0 0 0 0 0 0 0 0 0 0 0 0 0 0 0 0 0 0 0 0 0 0 0 0 0 0 0 0 0 0 0 0 0 0 0 0 0 0 0 0 0 0 0 0 0 0 0 0 0 0 0 0 0 0 0 0 0 0 0 0 0 0 0 0 0 0 0 0 0 0 0 0 0 0 0 0 0 0 0 0 0 0 0 0 0 0 0 0 0 0 0 0 0 0 0 0 0 0 0 0 0 0 0 0 0 0 0 0 0 0 0 0 0 0 0 0 0 0 0 0 0 0 0 0 0 0 0 0 0 0 0 0 0 0 0 0 0 0 0 0 0 0 0 0 0 0 0 0 0 0 0 0 0 0 0 0 0 0 0 0 0 0 0 0 0 0 0 0 0 0 0 0 0 0 0 0 0 0 0 0 0 0 0 0 0 0 0 0 0 0 0 0 0 0 0 0 0 0 0 0 0 0 0 0 0 0 0 0 0 0 0 0 0 0 0 0 0 0 0 0 0 0 0 0 0 0 0 0 0 0 0 0 0 0 0 0 0 0 0 0 0 0 0 0 0 0 0 0 0 0 0 0 0 0 0 0 0 0 0 0 0 0 0 0 0 0 0 0 0 0 0 0 0 0 0 0 0 0 0 0 0 0 0 0 0 0 0 0 0 0 0 0 0 0 0 0 0 0 0 0 0 0 0 0 0 0 0 0 0 0 0 0 0 0 0 0 0 0 0 0 0 0 0 0 0 0 0 0 0 0 0 0 0 0 0 0 0 0 0 0 0 0 0 0 0 0 0 0 0 0 0 0 0 0 0 0 0 0 0 0 0 0 0 0 0 0 0 0 0 0 0 0 0 0 0 0 0 0 0 0 0 0 0 0 0 0 0 0 0 0 0 0 0 0 0 0 0 0 0 0 0 0 0 0 0 0 0 0 0 0 0 0 0 0 0 0 0 0 0 0 0 0 0 0 0 0 0 0 0 0 0 0 0 0 0 0 0 0 0 0 0 0 0 0 0 0 0 0 0 0 0 0 0 0 0 0 0 0 0 0 0 0 0 0 0 0 0 0 0 0 0 0 0 0 0 0 0 0 0 0 0 0 0 0 0 0 0 0 0 0 0 0 0 0 0 0 0 0 0 0 0 0 0 0 0 0 0 0 0 0 0 0 0 0 0 0 0 0 0 0 0 0 0 0 0 0 0 0 0 0 0 0 0 0 0 0 0 0 0 0 0 0 0 0 0 0 0 0 0 0 0 0 0 0 0 0 0 0 0 0 0 0 0 0 0 0 0 0 0 0 0 0 0 0 0 0 0 0 0 0 0 0 0 0 0 0 0 0 0 0 0 0 0 0 0 0 0 0 0 0 0 0 0 0 0 0 0 0 0 0 0 0 0 0 0 0 0 0 0 0 0 0 0 0 0 0 0 0 0 0 0 0 0 0 0 0 0 0 0 0 0 0 0 0 0 0 0 0 0 0 0 0 0 0 0 0 0 0 0 0 0 0 0 0 0 0 0 0 0 0 0 0 0 0 0 0 0 0 0 0 0 0 0 0 0 0 0 0 0 0 0 0 0 0 0 0 0 0 0 0 0 0 0
ctxt 208194904525
btime 1773600682
processes 94924806
procs_running 2
procs_blocked 0
softirq 43009857216 256 2278312311 38456398 866231499 1476283897 0 2936328654 569314138 5109161 480082534
