Running 10s test @ http://192.168.10.15:18500/page
  32 threads and 256 connections
  Thread Stats   Avg      Stdev     Max   +/- Stdev
    Latency    22.59ms    2.30ms  46.49ms   93.34%
    Req/Sec   355.07     24.19   484.00     57.98%
  Latency Distribution
     50%   22.73ms
     75%   22.99ms
     90%   23.30ms
     99%   27.41ms
  114141 requests in 10.09s, 1.10GB read
Requests/sec:  11309.88
Transfer/sec:    111.53MB
## drops 0 0
## server-stat
cpu  1240726 451 656390 9766839 31217 0 253803 0 0 0
cpu0 43710 8 19877 303760 812 0 8853 0 0 0
cpu1 44171 10 19770 304726 565 0 8506 0 0 0
cpu2 44513 8 19681 304807 360 0 8440 0 0 0
cpu3 45245 10 20168 302721 1182 0 8481 0 0 0
cpu4 45565 9 19973 303021 720 0 8564 0 0 0
cpu5 45252 10 19889 303785 359 0 8441 0 0 0
cpu6 44745 8 19787 304396 350 0 8437 0 0 0
cpu7 43821 6 19578 305583 224 0 8262 0 0 0
cpu8 26014 13 20079 316584 1046 0 5364 0 0 0
cpu9 28956 14 20583 311400 2355 0 5548 0 0 0
cpu10 28099 13 20460 313794 1188 0 5662 0 0 0
cpu11 26655 11 19775 317823 625 0 5358 0 0 0
cpu12 43823 82 21159 296432 3008 0 5745 0 0 0
cpu13 42614 14 21359 297908 2400 0 5868 0 0 0
cpu14 26578 10 19384 319540 823 0 5253 0 0 0
cpu15 25235 11 18165 323244 644 0 4786 0 0 0
cpu16 48019 5 20633 300404 364 0 8624 0 0 0
cpu17 47881 5 20654 299520 1256 0 8664 0 0 0
cpu18 47651 6 20498 300956 285 0 8565 0 0 0
cpu19 48796 7 20961 298630 656 0 8800 0 0 0
cpu20 48971 9 20900 298735 692 0 8772 0 0 0
cpu21 47435 7 20432 300762 565 0 8628 0 0 0
cpu22 46488 7 20454 300461 335 0 8577 0 0 0
cpu23 45327 9 20152 303155 302 0 8482 0 0 0
cpu24 28819 13 20509 315558 840 0 5742 0 0 0
cpu25 31126 15 22318 307296 1560 0 6623 0 0 0
cpu26 30203 13 21969 309197 1226 0 6486 0 0 0
cpu27 26048 7 19739 309951 1068 0 10925 0 0 0
cpu28 42105 20 23256 285846 1889 0 13344 0 0 0
cpu29 43825 58 23543 283035 1892 0 13436 0 0 0
cpu30 25178 9 19917 309301 836 0 10803 0 0 0
cpu31 27841 8 20755 314492 774 0 5749 0 0 0
intr 1008807536 126 0 0 0 0 0 0 0 0 1 0 0 0 0 0 0 0 0 0 0 0 0 0 0 0 0 0 1 1 1 0 0 0 0 1 0 1 0 0 75045 0 0 0 0 0 0 0 0 411 0 0 0 0 0 0 0 0 87 0 0 0 0 0 0 0 0 0 0 0 0 0 0 0 135186 2 20037929 19997755 19961434 20066999 0 3210 2361 2920 1563 3081 2642 2059 2557 1470 10251 18226 10169 8156 13222 14704 11307 7351 2694 1791 1459 2357 2247 1933 1588 1625 8913 7172 4969 5614 6467 5732 6115 7960 0 0 0 0 616260 2999 1036 0 264 0 0 0 0 0 0 0 0 0 0 0 0 0 0 0 0 0 0 0 0 0 0 0 0 0 0 0 0 0 0 0 0 0 0 0 0 0 0 0 0 0 0 0 0 0 0 0 0 0 0 0 0 0 0 0 0 0 0 0 0 0 0 0 0 0 0 0 0 0 0 0 0 0 0 0 0 0 0 0 0 0 0 0 0 0 0 0 0 0 0 0 0 0 0 0 0 0 0 0 0 0 0 0 0 0 0 0 0 0 0 0 0 0 0 0 0 0 0 0 0 0 0 0 0 0 0 0 0 0 0 0 0 0 0 0 0 0 0 0 0 0 0 0 0 0 0 0 0 0 0 0 0 0 0 0 0 0 0 0 0 0 0 0 0 0 0 0 0 0 0 0 0 0 0 0 0 0 0 0 0 0 0 0 0 0 0 0 0 0 0 0 0 0 0 0 0 0 0 0 0 0 0 0 0 0 0 0 0 0 0 0 0 0 0 0 0 0 0 0 0 0 0 0 0 0 0 0 0 0 0 0 0 0 0 0 0 0 0 0 0 0 0 0 0 0 0 0 0 0 0 0 0 0 0 0 0 0 0 0 0 0 0 0 0 0 0 0 0 0 0 0 0 0 0 0 0 0 0 0 0 0 0 0 0 0 0 0 0 0 0 0 0 0 0 0 0 0 0 0 0 0 0 0 0 0 0 0 0 0 0 0 0 0 0 0 0 0 0 0 0 0 0 0 0 0 0 0 0 0 0 0 0 0 0 0 0 0 0 0 0 0 0 0 0 0 0 0 0 0 0 0 0 0 0 0 0 0 0 0 0 0 0 0 0 0 0 0 0 0 0 0 0 0 0 0 0 0 0 0 0 0 0 0 0 0 0 0 0 0 0 0 0 0 0 0 0 0 0 0 0 0 0 0 0 0 0 0 0 0 0 0 0 0 0 0 0 0 0 0 0 0 0 0 0 0 0 0 0 0 0 0 0 0 0 0 0 0 0 0 0 0 0 0 0 0 0 0 0 0 0 0 0 0 0 0 0 0 0 0 0 0 0 0 0 0 0 0 0 0 0 0 0 0 0 0 0 0 0 0 0 0 0 0 0 0 0 0 0 0 0 0 0 0 0 0 0 0 0 0 0 0 0 0 0 0 0 0 0 0 0 0 0 0 0 0 0 0 0 0 0 0 0 0 0 0 0 0 0 0 0 0 0 0 0 0 0 0 0 0 0 0 0 0 0 0 0 0 0 0 0 0 0 0 0 0 0 0 0 0 0 0 0 0 0 0 0 0 0 0 0 0 0 0 0 0 0 0 0 0 0 0 0 0 0 0 0 0 0 0 0 0 0 0 0 0 0 0 0 0 0 0 0 0 0 0 0 0 0 0 0 0 0 0 0 0 0 0 0 0 0 0 0 0 0 0 0 0 0 0 0 0 0 0 0 0 0 0 0 0 0 0 0 0 0 0 0 0 0 0 0 0 0 0 0 0 0 0 0 0 0 0 0 0 0 0 0 0 0 0 0 0 0 0 0 0 0 0 0 0 0 0 0 0 0 0 0 0 0 0 0 0 0 0 0 0 0 0 0 0 0 0 0 0 0 0 0 0 0 0 0 0 0 0 0 0 0 0 0 0 0 0 0 0 0 0 0 0 0 0 0 0 0 0 0 0 0 0 0 0 0 0 0 0 0 0 0 0 0 0 0 0 0 0 0 0 0 0 0 0 0 0 0 0 0 0 0 0 0 0 0 0 0 0 0 0 0 0 0 0 0 0 0 0 0 0 0 0 0 0 0 0 0 0 0 0 0 0 0 0 0 0 0 0 0 0 0 0 0 0 0 0 0 0 0 0 0 0 0 0 0 0 0 0 0 0 0 0 0 0 0 0 0 0 0 0 0 0 0 0 0 0 0 0 0 0 0 0 0 0 0 0 0 0 0 0 0 0 0 0 0 0 0 0 0 0 0 0 0 0 0 0 0 0 0 0 0 0 0 0 0 0 0 0 0 0 0 0 0 0 0 0 0 0 0 0 0 0 0 0 0 0 0 0 0 0 0 0 0 0 0 0 0 0 0 0 0 0 0 0 0 0 0 0 0 0 0 0 0 0 0 0 0 0 0 0 0 0 0 0 0 0 0 0 0 0 0 0 0 0 0 0 0 0 0 0 0 0 0 0 0 0 0 0 0 0 0 0 0 0 0 0 0 0 0 0 0 0 0 0 0 0 0 0 0 0 0 0 0 0 0 0 0 0 0 0 0 0 0 0 0 0 0 0 0 0 0 0 0 0 0 0 0 0 0 0 0 0 0 0 0 0 0 0 0 0 0 0 0 0 0 0 0 0 0 0 0 0 0 0 0 0 0 0 0 0 0 0 0 0 0 0 0 0 0 0 0 0 0 0 0 0 0 0 0 0 0 0 0 0 0 0 0 0 0 0 0 0 0 0 0 0 0 0 0 0 0 0 0 0 0 0 0 0 0 0 0 0 0 0 0 0 0
ctxt 1373524023
btime 1790630938
processes 108415
procs_running 3
procs_blocked 0
softirq 1300071196 73526 2345708 1184563 1259517331 140817 0 7170829 18094140 410 11543872
--
cpu  1241118 451 656421 9791856 31241 0 253813 0 0 0
cpu0 43711 8 19877 304555 812 0 8854 0 0 0
cpu1 44171 10 19770 305525 565 0 8506 0 0 0
cpu2 44513 8 19681 305607 360 0 8440 0 0 0
cpu3 45246 10 20169 303520 1182 0 8481 0 0 0
cpu4 45566 9 19974 303820 720 0 8564 0 0 0
cpu5 45252 10 19889 304585 359 0 8441 0 0 0
cpu6 44745 8 19788 305196 350 0 8437 0 0 0
cpu7 43821 6 19578 306383 224 0 8262 0 0 0
cpu8 26034 13 20079 317358 1046 0 5365 0 0 0
cpu9 28993 14 20587 312149 2355 0 5549 0 0 0
cpu10 28128 13 20462 314556 1188 0 5662 0 0 0
cpu11 26673 11 19777 318596 625 0 5358 0 0 0
cpu12 43871 82 21162 297170 3008 0 5745 0 0 0
cpu13 42657 14 21362 298654 2400 0 5868 0 0 0
cpu14 26594 10 19385 320318 823 0 5253 0 0 0
cpu15 25246 11 18165 324029 644 0 4786 0 0 0
cpu16 48019 5 20633 301203 364 0 8624 0 0 0
cpu17 47881 5 20654 300319 1256 0 8664 0 0 0
cpu18 47651 6 20498 301756 285 0 8565 0 0 0
cpu19 48796 7 20961 299423 663 0 8800 0 0 0
cpu20 48971 9 20900 299535 692 0 8772 0 0 0
cpu21 47435 7 20432 301546 581 0 8628 0 0 0
cpu22 46488 7 20454 301261 335 0 8577 0 0 0
cpu23 45328 9 20152 303955 302 0 8482 0 0 0
cpu24 28828 13 20509 316345 840 0 5742 0 0 0
cpu25 31138 15 22319 308078 1560 0 6623 0 0 0
cpu26 30217 13 21969 309981 1226 0 6486 0 0 0
cpu27 26052 7 19739 310738 1068 0 10925 0 0 0
cpu28 42159 20 23259 286570 1889 0 13347 0 0 0
cpu29 43875 58 23548 283763 1892 0 13438 0 0 0
cpu30 25195 9 19919 310070 837 0 10804 0 0 0
cpu31 27851 8 20756 315277 774 0 5749 0 0 0
intr 1009332161 126 0 0 0 0 0 0 0 0 1 0 0 0 0 0 0 0 0 0 0 0 0 0 0 0 0 0 1 1 1 0 0 0 0 1 0 1 0 0 75045 0 0 0 0 0 0 0 0 411 0 0 0 0 0 0 0 0 87 0 0 0 0 0 0 0 0 0 0 0 0 0 0 0 135469 2 20102681 20058139 20025023 20131196 0 3214 2361 2920 1563 3081 2642 2059 2558 1470 10251 18226 10169 8156 13222 14704 11307 7352 2694 1791 1459 2357 2247 1934 1589 1625 8913 7172 4969 5617 6467 5732 6115 7960 0 0 0 0 616264 2999 1036 0 264 0 0 0 0 0 0 0 0 0 0 0 0 0 0 0 0 0 0 0 0 0 0 0 0 0 0 0 0 0 0 0 0 0 0 0 0 0 0 0 0 0 0 0 0 0 0 0 0 0 0 0 0 0 0 0 0 0 0 0 0 0 0 0 0 0 0 0 0 0 0 0 0 0 0 0 0 0 0 0 0 0 0 0 0 0 0 0 0 0 0 0 0 0 0 0 0 0 0 0 0 0 0 0 0 0 0 0 0 0 0 0 0 0 0 0 0 0 0 0 0 0 0 0 0 0 0 0 0 0 0 0 0 0 0 0 0 0 0 0 0 0 0 0 0 0 0 0 0 0 0 0 0 0 0 0 0 0 0 0 0 0 0 0 0 0 0 0 0 0 0 0 0 0 0 0 0 0 0 0 0 0 0 0 0 0 0 0 0 0 0 0 0 0 0 0 0 0 0 0 0 0 0 0 0 0 0 0 0 0 0 0 0 0 0 0 0 0 0 0 0 0 0 0 0 0 0 0 0 0 0 0 0 0 0 0 0 0 0 0 0 0 0 0 0 0 0 0 0 0 0 0 0 0 0 0 0 0 0 0 0 0 0 0 0 0 0 0 0 0 0 0 0 0 0 0 0 0 0 0 0 0 0 0 0 0 0 0 0 0 0 0 0 0 0 0 0 0 0 0 0 0 0 0 0 0 0 0 0 0 0 0 0 0 0 0 0 0 0 0 0 0 0 0 0 0 0 0 0 0 0 0 0 0 0 0 0 0 0 0 0 0 0 0 0 0 0 0 0 0 0 0 0 0 0 0 0 0 0 0 0 0 0 0 0 0 0 0 0 0 0 0 0 0 0 0 0 0 0 0 0 0 0 0 0 0 0 0 0 0 0 0 0 0 0 0 0 0 0 0 0 0 0 0 0 0 0 0 0 0 0 0 0 0 0 0 0 0 0 0 0 0 0 0 0 0 0 0 0 0 0 0 0 0 0 0 0 0 0 0 0 0 0 0 0 0 0 0 0 0 0 0 0 0 0 0 0 0 0 0 0 0 0 0 0 0 0 0 0 0 0 0 0 0 0 0 0 0 0 0 0 0 0 0 0 0 0 0 0 0 0 0 0 0 0 0 0 0 0 0 0 0 0 0 0 0 0 0 0 0 0 0 0 0 0 0 0 0 0 0 0 0 0 0 0 0 0 0 0 0 0 0 0 0 0 0 0 0 0 0 0 0 0 0 0 0 0 0 0 0 0 0 0 0 0 0 0 0 0 0 0 0 0 0 0 0 0 0 0 0 0 0 0 0 0 0 0 0 0 0 0 0 0 0 0 0 0 0 0 0 0 0 0 0 0 0 0 0 0 0 0 0 0 0 0 0 0 0 0 0 0 0 0 0 0 0 0 0 0 0 0 0 0 0 0 0 0 0 0 0 0 0 0 0 0 0 0 0 0 0 0 0 0 0 0 0 0 0 0 0 0 0 0 0 0 0 0 0 0 0 0 0 0 0 0 0 0 0 0 0 0 0 0 0 0 0 0 0 0 0 0 0 0 0 0 0 0 0 0 0 0 0 0 0 0 0 0 0 0 0 0 0 0 0 0 0 0 0 0 0 0 0 0 0 0 0 0 0 0 0 0 0 0 0 0 0 0 0 0 0 0 0 0 0 0 0 0 0 0 0 0 0 0 0 0 0 0 0 0 0 0 0 0 0 0 0 0 0 0 0 0 0 0 0 0 0 0 0 0 0 0 0 0 0 0 0 0 0 0 0 0 0 0 0 0 0 0 0 0 0 0 0 0 0 0 0 0 0 0 0 0 0 0 0 0 0 0 0 0 0 0 0 0 0 0 0 0 0 0 0 0 0 0 0 0 0 0 0 0 0 0 0 0 0 0 0 0 0 0 0 0 0 0 0 0 0 0 0 0 0 0 0 0 0 0 0 0 0 0 0 0 0 0 0 0 0 0 0 0 0 0 0 0 0 0 0 0 0 0 0 0 0 0 0 0 0 0 0 0 0 0 0 0 0 0 0 0 0 0 0 0 0 0 0 0 0 0 0 0 0 0 0 0 0 0 0 0 0 0 0 0 0 0 0 0 0 0 0 0 0 0 0 0 0 0 0 0 0 0 0 0 0 0 0 0 0 0 0 0 0 0 0 0 0 0 0 0 0 0 0 0 0 0 0 0 0 0 0 0 0 0 0 0 0 0 0 0 0 0 0 0 0 0 0 0 0 0 0 0 0 0 0 0 0 0 0 0 0 0 0 0 0 0 0 0 0 0 0 0 0 0 0 0 0 0 0 0 0 0 0 0 0 0 0 0 0 0 0 0 0 0 0 0 0 0 0 0 0 0 0 0 0 0 0 0 0 0 0 0 0 0 0 0 0 0 0 0 0 0 0 0 0 0 0 0 0 0 0 0 0 0 0 0 0 0 0 0 0 0 0 0 0 0 0 0 0 0 0 0 0 0 0 0 0 0 0 0 0 0 0 0 0 0
ctxt 1373748186
btime 1790630938
processes 108461
procs_running 1
procs_blocked 0
softirq 1300570291 73526 2350577 1222535 1259955825 141101 0 7170836 18103504 410 11551977
## client-stat
cpu  802941628 23598936 303360260 93436630420 610714761 0 8836851 0 0 0
cpu0 29447010 224394 7362195 1619915192 8331114 0 165861 0 0 0
cpu1 29266326 432889 7643507 1649244858 11021576 0 55667 0 0 0
cpu2 28199992 463108 7592601 1652783518 10878471 0 36555 0 0 0
cpu3 25943474 484906 6792500 1656237820 11039233 0 30744 0 0 0
cpu4 22369476 490414 6374176 1660300256 11076769 0 30229 0 0 0
cpu5 19969853 494023 5979564 1662902936 11317405 0 28420 0 0 0
cpu6 17827668 497511 5638904 1665530606 11191988 0 28607 0 0 0
cpu7 16614132 487783 5478309 1666965356 11171155 0 26634 0 0 0
cpu8 15340553 485635 5285619 1668187057 11408554 0 26653 0 0 0
cpu9 14906812 489844 5254917 1668679022 11338778 0 26829 0 0 0
cpu10 14408173 472357 5136468 1669188269 11495252 0 26055 0 0 0
cpu11 14133046 465792 5148268 1669190538 11699844 0 27189 0 0 0
cpu12 14189072 458188 5271155 1669303289 11397457 0 26268 0 0 0
cpu13 12799734 425511 5433663 1668748085 9922468 0 1897576 0 0 0
cpu14 31524140 477236 7837379 1650082059 10085288 0 176106 0 0 0
cpu15 21118302 503934 6805250 1660856822 10896713 0 174422 0 0 0
cpu16 17755260 491819 6315911 1664573459 11133745 0 174787 0 0 0
cpu17 14932492 500066 5673546 1668341464 10904713 0 169848 0 0 0
cpu18 13593149 505884 5522103 1670056850 10640463 0 174133 0 0 0
cpu19 12937404 472687 5419141 1670824683 10655432 0 173131 0 0 0
cpu20 13088619 493492 5352877 1670710895 10657837 0 174417 0 0 0
cpu21 12210996 482428 5340265 1671476831 10771522 0 172726 0 0 0
cpu22 11982262 482914 5342286 1671399772 11081740 0 174577 0 0 0
cpu23 11694659 471865 5192143 1672146333 10734597 0 173633 0 0 0
cpu24 11731685 448076 5195238 1671864287 11041795 0 171939 0 0 0
cpu25 11557562 450839 5258932 1672335745 10684576 0 179116 0 0 0
cpu26 12010371 478046 5299328 1671764990 10627824 0 181046 0 0 0
cpu27 13882387 464459 5487520 1669427051 10979859 0 178278 0 0 0
cpu28 18768994 361854 5860716 1658271852 9964345 0 1256572 0 0 0
cpu29 13427198 381424 5530614 1669043258 11673503 0 63694 0 0 0
cpu30 12752041 342093 5328190 1670884986 11247130 0 26938 0 0 0
cpu31 11676760 306256 5009698 1672830281 10868833 0 24280 0 0 0
cpu32 10894660 292303 4884582 1673244543 11397042 0 24102 0 0 0
cpu33 10506860 294659 4788833 1673048475 12114722 0 23684 0 0 0
cpu34 10107614 300801 4685025 1673705778 11872482 0 22788 0 0 0
cpu35 9690008 288349 4578721 1674407836 11825024 0 24438 0 0 0
cpu36 9561065 287721 4478089 1674928402 11575290 0 22722 0 0 0
cpu37 9402147 302139 4458424 1675102554 11595751 0 22453 0 0 0
cpu38 9341042 311327 4411163 1675469639 11334661 0 22600 0 0 0
cpu39 9402785 310554 4504100 1675240983 11304533 0 23338 0 0 0
cpu40 9356891 306218 4531362 1675471167 11111536 0 24149 0 0 0
cpu41 9760191 317785 4532316 1674775572 11289638 0 23736 0 0 0
cpu42 13910589 443034 5477782 1670123934 10331908 0 171581 0 0 0
cpu43 11930541 434858 5190637 1672256082 10395064 0 168087 0 0 0
cpu44 11767380 425576 5248804 1672587677 10306540 0 168348 0 0 0
cpu45 11245462 430940 5013086 1673258968 10414901 0 161995 0 0 0
cpu46 11127701 431394 5007490 1673285107 10520718 0 163579 0 0 0
cpu47 10943078 452452 5030662 1673313112 10626082 0 164458 0 0 0
cpu48 11671219 439673 4999812 1672718971 10596881 0 163729 0 0 0
cpu49 11121057 416764 5033083 1673439274 10393322 0 166814 0 0 0
cpu50 11066612 440746 4998435 1673141698 10735839 0 165450 0 0 0
cpu51 11322539 447564 5003612 1673044922 10531445 0 168029 0 0 0
cpu52 11033779 446614 4993558 1673171102 10709823 0 168239 0 0 0
cpu53 11095614 432568 5075157 1673189891 10559336 0 175072 0 0 0
cpu54 11462515 425131 5050396 1672776798 10642444 0 172315 0 0 0
cpu55 13160654 432016 5222123 1670859491 10589772 0 172191 0 0 0
intr 106373399266 74 4 0 0 0 0 0 0 0 0 0 0 6 0 0 0 0 360 213 2556216229 0 0 0 0 0 0 0 0 0 0 0 0 0 0 0 0 0 2394977402 426509715 8318438 677 278 24496490 0 0 0 0 0 0 0 0 0 0 0 0 0 0 0 0 0 0 0 0 0 0 0 0 0 0 0 0 0 0 0 0 0 0 0 0 0 0 0 0 0 0 0 0 0 0 0 0 0 0 0 0 0 0 0 0 0 0 0 0 0 0 0 0 0 0 0 0 0 0 0 0 0 0 0 0 0 0 0 0 0 0 0 0 0 0 0 0 0 0 0 0 0 0 0 0 0 0 0 0 0 0 0 0 0 0 0 0 0 0 0 0 0 0 0 0 0 0 0 0 0 0 0 0 0 0 0 0 0 0 0 0 0 0 0 0 0 0 0 0 0 0 0 0 0 0 0 0 0 0 0 0 0 0 0 0 0 0 0 0 0 0 0 0 0 0 0 0 0 0 0 0 0 0 0 0 0 0 0 0 0 0 0 0 0 0 0 0 0 0 0 0 0 0 0 0 0 0 0 0 0 0 0 0 0 0 0 0 0 0 0 0 0 0 0 0 0 0 0 0 0 0 0 0 0 0 0 0 0 0 0 0 0 0 0 0 0 0 0 0 0 0 0 0 0 0 0 0 0 0 0 0 0 0 0 0 0 0 0 0 0 0 0 0 0 0 0 0 0 0 0 0 0 0 0 0 0 0 0 0 0 0 0 0 0 0 0 0 0 0 0 0 0 0 0 0 0 0 0 0 0 0 0 0 0 0 0 0 0 0 0 0 0 0 0 0 0 0 0 0 0 0 0 0 0 0 0 0 0 0 0 0 0 0 0 0 0 0 0 0 0 0 0 0 0 0 0 0 0 0 0 0 0 0 0 0 0 0 0 0 0 0 0 0 0 0 0 0 0 0 0 0 0 0 0 0 0 0 0 0 0 0 0 0 0 0 0 0 0 0 0 0 0 0 0 0 0 0 0 0 0 0 0 0 0 0 0 0 0 0 0 0 0 0 0 0 0 0 0 0 0 0 0 0 0 0 0 0 0 0 0 0 0 0 0 0 0 0 0 0 0 0 0 0 0 0 0 0 0 0 0 0 0 0 0 0 0 0 0 0 0 0 0 0 0 0 0 0 0 0 0 0 0 0 0 0 0 0 0 0 0 0 0 0 0 0 0 0 0 0 0 0 0 0 0 0 0 0 0 0 0 0 0 0 0 0 0 0 0 0 0 0 0 0 0 0 0 0 0 0 0 0 0 0 0 0 0 0 0 0 0 0 0 0 0 0 0 0 0 0 0 0 0 0 0 0 0 0 0 0 0 0 0 0 0 0 0 0 0 0 0 0 0 0 0 0 0 0 0 0 0 0 0 0 0 0 0 0 0 0 0 0 0 0 0 0 0 0 0 0 0 0 0 0 0 0 0 0 0 0 0 0 0 0 0 0 0 0 0 0 0 0 0 0 0 0 0 0 0 0 0 0 0 0 0 0 0 0 0 0 0 0 0 0 0 0 0 0 0 0 0 0 0 0 0 0 0 0 0 0 0 0 0 0 0 0 0 0 0 0 0 0 0 0 0 0 0 0 0 0 0 0 0 0 0 0 0 0 0 0 0 0 0 0 0 0 0 0 0 0 0 0 0 0 0 0 0 0 0 0 0 0 0 0 0 0 0 0 0 0 0 0 0 0 0 0 0 0 0 0 0 0 0 0 0 0 0 0 0 0 0 0 0 0 0 0 0 0 0 0 0 0 0 0 0 0 0 0 0 0 0 0 0 0 0 0 0 0 0 0 0 0 0 0 0 0 0 0 0 0 0 0 0 0 0 0 0 0 0 0 0 0 0 0 0 0 0 0 0 0 0 0 0 0 0 0 0 0 0 0 0 0 0 0 0 0 0 0 0 0 0 0 0 0 0 0 0 0 0 0 0 0 0 0 0 0 0 0 0 0 0 0 0 0 0 0 0 0 0 0 0 0 0 0 0 0 0 0 0 0 0 0 0 0 0 0 0 0 0 0 0 0 0 0 0 0 0 0 0 0 0 0 0 0 0 0 0 0 0 0 0 0 0 0 0 0 0 0 0 0 0 0 0 0 0 0 0 0 0 0 0 0 0 0 0 0 0 0 0 0 0 0 0 0 0 0 0 0 0 0 0 0 0 0 0 0 0 0 0 0 0 0 0 0 0 0 0 0 0 0 0 0 0 0 0 0 0 0 0 0 0 0 0 0 0 0 0 0 0 0 0 0 0 0 0 0 0 0 0 0 0 0 0 0 0 0 0 0 0 0 0 0 0 0 0 0 0 0 0 0 0 0 0 0 0 0 0 0 0 0 0 0 0 0 0 0 0 0 0 0 0 0 0 0 0 0 0 0 0 0 0 0 0 0 0 0 0 0 0 0 0 0 0 0 0 0 0 0 0 0 0 0 0 0 0 0 0 0 0 0 0 0 0 0 0 0 0 0 0 0 0 0 0 0 0 0 0 0 0 0 0 0 0 0 0 0 0 0 0 0 0 0 0 0 0 0 0 0 0 0 0 0 0 0 0 0 0 0 0 0 0 0 0 0 0 0 0 0 0 0 0 0 0 0 0 0 0 0 0 0 0 0 0 0 0 0 0 0 0 0 0 0 0 0 0 0 0 0 0 0 0 0 0 0 0 0 0 0 0 0 0 0 0 0 0 0 0 0 0 0 0 0 0 0 0 0 0 0 0 0 0 0 0 0 0 0 0 0 0 0 0 0 0 0 0 0 0 0 0 0 0 0 0 0 0 0 0 0 0 0 0 0 0 0 0 0 0 0 0 0 0 0 0 0 0 0 0 0 0 0 0 0 0 0 0 0 0 0 0 0 0 0 0 0 0 0 0 0 0 0 0 0 0 0 0 0 0 0 0 0 0 0 0 0 0 0 0 0 0 0 0 0 0 0 0 0 0 0 0 0 0 0 0 0 0 0 0 0 0 0 0 0 0 0 0 0 0 0 0 0 0 0 0 0 0 0 0 0 0 0 0 0 0 0 0 0 0 0 0 0 0 0 0 0 0 0 0 0 0 0 0 0 0 0 0 0 0 0 0 0 0 0 0 0 0 0 0 0 0 0 0 0 0 0 0 0 0 0 0 0 0 0 0 0 0 0 0 0 0 0 0 0 0 0 0 0 0 0 0 0 0 0 0 0 0 0 0 0 0 0 0 0 0 0 0 0 0 0 0 0 0 0 0 0 0 0 0 0 0 0 0 0 0 0 0 0 0 0 0 0 0 0 0 0 0 0 0 0 0 0 0 0 0 0 0 0 0 0 0 0 0 0 0 0 0 0 0 0 0 0 0 0 0 0 0 0 0 0 0 0 0 0 0 0 0 0 0 0 0 0 0 0 0 0 0 0 0 0 0 0 0 0 0 0 0 0 0 0 0 0 0 0 0 0 0 0 0 0 0 0 0 0 0 0 0 0 0 0 0 0 0 0 0 0 0 0 0 0 0 0 0 0 0 0 0 0 0 0 0 0 0 0 0 0 0 0 0 0 0 0 0 0 0 0 0 0 0 0 0 0 0 0 0 0 0 0 0 0 0 0 0 0 0 0 0 0 0 0 0 0 0 0 0 0 0 0 0 0 0 0 0 0 0 0 0 0 0 0 0 0 0 0 0 0 0 0 0 0 0 0 0 0 0 0 0 0 0 0 0 0 0 0 0 0 0 0 0 0 0 0 0 0 0 0 0 0 0 0 0 0 0 0 0 0 0 0 0 0 0 0 0 0 0 0 0 0 0 0 0 0 0 0 0 0 0
ctxt 208287058385
btime 1773600682
processes 94928162
procs_running 1
procs_blocked 0
softirq 43042063977 256 2278399027 38668847 893318394 1476308458 0 2936390748 572540362 5109161 481590356
--
cpu  802942068 23598936 303361232 93436672303 610714890 0 8837332 0 0 0
cpu0 29447013 224394 7362206 1619915822 8331114 0 165868 0 0 0
cpu1 29266330 432889 7643517 1649245532 11021667 0 55672 0 0 0
cpu2 28199995 463108 7592611 1652784291 10878471 0 36560 0 0 0
cpu3 25943484 484906 6792511 1656238587 11039234 0 30749 0 0 0
cpu4 22369479 490414 6374186 1660301032 11076769 0 30235 0 0 0
cpu5 19969857 494023 5979574 1662903710 11317405 0 28423 0 0 0
cpu6 17827672 497511 5638915 1665531380 11191988 0 28613 0 0 0
cpu7 16614137 487783 5478321 1666966127 11171155 0 26637 0 0 0
cpu8 15340556 485635 5285629 1668187834 11408554 0 26657 0 0 0
cpu9 14906818 489844 5254929 1668679793 11338780 0 26834 0 0 0
cpu10 14408177 472357 5136480 1669189043 11495253 0 26060 0 0 0
cpu11 14133050 465792 5148278 1669191311 11699844 0 27194 0 0 0
cpu12 14189080 458188 5271166 1669304059 11397458 0 26272 0 0 0
cpu13 12799741 425511 5433675 1668748854 9922468 0 1897580 0 0 0
cpu14 31524159 477236 7837412 1650082787 10085288 0 176114 0 0 0
cpu15 21118310 503934 6805271 1660857569 10896713 0 174431 0 0 0
cpu16 17755268 491819 6315932 1664574207 11133745 0 174794 0 0 0
cpu17 14932498 500066 5673567 1668342216 10904713 0 169857 0 0 0
cpu18 13593155 505884 5522124 1670057598 10640463 0 174143 0 0 0
cpu19 12937411 472687 5419161 1670825435 10655432 0 173139 0 0 0
cpu20 13088624 493492 5352899 1670711644 10657840 0 174425 0 0 0
cpu21 12211003 482428 5340285 1671477581 10771522 0 172734 0 0 0
cpu22 11982274 482914 5342312 1671400515 11081740 0 174587 0 0 0
cpu23 11694667 471865 5192166 1672147079 10734597 0 173641 0 0 0
cpu24 11731692 448076 5195260 1671865027 11041801 0 171948 0 0 0
cpu25 11557570 450839 5258955 1672336491 10684576 0 179126 0 0 0
cpu26 12010390 478046 5299354 1671765720 10627825 0 181055 0 0 0
cpu27 13882398 464459 5487543 1669427796 10979859 0 178288 0 0 0
cpu28 18769010 361854 5860772 1658272277 9964345 0 1256674 0 0 0
cpu29 13427200 381424 5530621 1669044037 11673503 0 63698 0 0 0
cpu30 12752044 342093 5328198 1670885760 11247131 0 26942 0 0 0
cpu31 11676762 306256 5009707 1672831060 10868833 0 24285 0 0 0
cpu32 10894665 292303 4884593 1673245319 11397042 0 24106 0 0 0
cpu33 10506863 294659 4788842 1673049249 12114725 0 23688 0 0 0
cpu34 10107617 300801 4685035 1673706552 11872484 0 22792 0 0 0
cpu35 9690013 288349 4578734 1674408605 11825026 0 24444 0 0 0
cpu36 9561085 287721 4478098 1674929161 11575290 0 22725 0 0 0
cpu37 9402149 302139 4458434 1675103332 11595751 0 22457 0 0 0
cpu38 9341046 311327 4411173 1675470416 11334661 0 22605 0 0 0
cpu39 9402788 310554 4504111 1675241759 11304533 0 23342 0 0 0
cpu40 9356896 306218 4531374 1675471940 11111536 0 24154 0 0 0
cpu41 9760196 317785 4532329 1674776345 11289638 0 23742 0 0 0
cpu42 13910596 443034 5477801 1670124686 10331908 0 171590 0 0 0
cpu43 11930552 434858 5190659 1672256819 10395070 0 168096 0 0 0
cpu44 11767386 425576 5248823 1672588429 10306540 0 168357 0 0 0
cpu45 11245478 430940 5013106 1673259708 10414902 0 162004 0 0 0
cpu46 11127709 431394 5007509 1673285855 10520718 0 163589 0 0 0
cpu47 10943092 452452 5030693 1673313846 10626082 0 164466 0 0 0
cpu48 11671243 439673 4999836 1672719700 10596881 0 163737 0 0 0
cpu49 11121063 416764 5033107 1673440022 10393322 0 166822 0 0 0
cpu50 11066630 440746 4998458 1673142434 10735839 0 165457 0 0 0
cpu51 11322545 447564 5003636 1673045670 10531445 0 168039 0 0 0
cpu52 11033788 446614 4993580 1673171843 10709828 0 168246 0 0 0
cpu53 11095633 432568 5075181 1673190628 10559336 0 175084 0 0 0
cpu54 11462522 425131 5050417 1672777546 10642444 0 172326 0 0 0
cpu55 13160661 432016 5222142 1670860240 10589772 0 172200 0 0 0
intr 106373598176 74 4 0 0 0 0 0 0 0 0 0 0 6 0 0 0 0 360 213 2556217246 0 0 0 0 0 0 0 0 0 0 0 0 0 0 0 0 0 2395009368 426510651 8318442 677 278 24496490 0 0 0 0 0 0 0 0 0 0 0 0 0 0 0 0 0 0 0 0 0 0 0 0 0 0 0 0 0 0 0 0 0 0 0 0 0 0 0 0 0 0 0 0 0 0 0 0 0 0 0 0 0 0 0 0 0 0 0 0 0 0 0 0 0 0 0 0 0 0 0 0 0 0 0 0 0 0 0 0 0 0 0 0 0 0 0 0 0 0 0 0 0 0 0 0 0 0 0 0 0 0 0 0 0 0 0 0 0 0 0 0 0 0 0 0 0 0 0 0 0 0 0 0 0 0 0 0 0 0 0 0 0 0 0 0 0 0 0 0 0 0 0 0 0 0 0 0 0 0 0 0 0 0 0 0 0 0 0 0 0 0 0 0 0 0 0 0 0 0 0 0 0 0 0 0 0 0 0 0 0 0 0 0 0 0 0 0 0 0 0 0 0 0 0 0 0 0 0 0 0 0 0 0 0 0 0 0 0 0 0 0 0 0 0 0 0 0 0 0 0 0 0 0 0 0 0 0 0 0 0 0 0 0 0 0 0 0 0 0 0 0 0 0 0 0 0 0 0 0 0 0 0 0 0 0 0 0 0 0 0 0 0 0 0 0 0 0 0 0 0 0 0 0 0 0 0 0 0 0 0 0 0 0 0 0 0 0 0 0 0 0 0 0 0 0 0 0 0 0 0 0 0 0 0 0 0 0 0 0 0 0 0 0 0 0 0 0 0 0 0 0 0 0 0 0 0 0 0 0 0 0 0 0 0 0 0 0 0 0 0 0 0 0 0 0 0 0 0 0 0 0 0 0 0 0 0 0 0 0 0 0 0 0 0 0 0 0 0 0 0 0 0 0 0 0 0 0 0 0 0 0 0 0 0 0 0 0 0 0 0 0 0 0 0 0 0 0 0 0 0 0 0 0 0 0 0 0 0 0 0 0 0 0 0 0 0 0 0 0 0 0 0 0 0 0 0 0 0 0 0 0 0 0 0 0 0 0 0 0 0 0 0 0 0 0 0 0 0 0 0 0 0 0 0 0 0 0 0 0 0 0 0 0 0 0 0 0 0 0 0 0 0 0 0 0 0 0 0 0 0 0 0 0 0 0 0 0 0 0 0 0 0 0 0 0 0 0 0 0 0 0 0 0 0 0 0 0 0 0 0 0 0 0 0 0 0 0 0 0 0 0 0 0 0 0 0 0 0 0 0 0 0 0 0 0 0 0 0 0 0 0 0 0 0 0 0 0 0 0 0 0 0 0 0 0 0 0 0 0 0 0 0 0 0 0 0 0 0 0 0 0 0 0 0 0 0 0 0 0 0 0 0 0 0 0 0 0 0 0 0 0 0 0 0 0 0 0 0 0 0 0 0 0 0 0 0 0 0 0 0 0 0 0 0 0 0 0 0 0 0 0 0 0 0 0 0 0 0 0 0 0 0 0 0 0 0 0 0 0 0 0 0 0 0 0 0 0 0 0 0 0 0 0 0 0 0 0 0 0 0 0 0 0 0 0 0 0 0 0 0 0 0 0 0 0 0 0 0 0 0 0 0 0 0 0 0 0 0 0 0 0 0 0 0 0 0 0 0 0 0 0 0 0 0 0 0 0 0 0 0 0 0 0 0 0 0 0 0 0 0 0 0 0 0 0 0 0 0 0 0 0 0 0 0 0 0 0 0 0 0 0 0 0 0 0 0 0 0 0 0 0 0 0 0 0 0 0 0 0 0 0 0 0 0 0 0 0 0 0 0 0 0 0 0 0 0 0 0 0 0 0 0 0 0 0 0 0 0 0 0 0 0 0 0 0 0 0 0 0 0 0 0 0 0 0 0 0 0 0 0 0 0 0 0 0 0 0 0 0 0 0 0 0 0 0 0 0 0 0 0 0 0 0 0 0 0 0 0 0 0 0 0 0 0 0 0 0 0 0 0 0 0 0 0 0 0 0 0 0 0 0 0 0 0 0 0 0 0 0 0 0 0 0 0 0 0 0 0 0 0 0 0 0 0 0 0 0 0 0 0 0 0 0 0 0 0 0 0 0 0 0 0 0 0 0 0 0 0 0 0 0 0 0 0 0 0 0 0 0 0 0 0 0 0 0 0 0 0 0 0 0 0 0 0 0 0 0 0 0 0 0 0 0 0 0 0 0 0 0 0 0 0 0 0 0 0 0 0 0 0 0 0 0 0 0 0 0 0 0 0 0 0 0 0 0 0 0 0 0 0 0 0 0 0 0 0 0 0 0 0 0 0 0 0 0 0 0 0 0 0 0 0 0 0 0 0 0 0 0 0 0 0 0 0 0 0 0 0 0 0 0 0 0 0 0 0 0 0 0 0 0 0 0 0 0 0 0 0 0 0 0 0 0 0 0 0 0 0 0 0 0 0 0 0 0 0 0 0 0 0 0 0 0 0 0 0 0 0 0 0 0 0 0 0 0 0 0 0 0 0 0 0 0 0 0 0 0 0 0 0 0 0 0 0 0 0 0 0 0 0 0 0 0 0 0 0 0 0 0 0 0 0 0 0 0 0 0 0 0 0 0 0 0 0 0 0 0 0 0 0 0 0 0 0 0 0 0 0 0 0 0 0 0 0 0 0 0 0 0 0 0 0 0 0 0 0 0 0 0 0 0 0 0 0 0 0 0 0 0 0 0 0 0 0 0 0 0 0 0 0 0 0 0 0 0 0 0 0 0 0 0 0 0 0 0 0 0 0 0 0 0 0 0 0 0 0 0 0 0 0 0 0 0 0 0 0 0 0 0 0 0 0 0 0 0 0 0 0 0 0 0 0 0 0 0 0 0 0 0 0 0 0 0 0 0 0 0 0 0 0 0 0 0 0 0 0 0 0 0 0 0 0 0 0 0 0 0 0 0 0 0 0 0 0 0 0 0 0 0 0 0 0 0 0 0 0 0 0 0 0 0 0 0 0 0 0 0 0 0 0 0 0 0 0 0 0 0 0 0 0 0 0 0 0 0 0 0 0 0 0 0 0 0 0 0 0 0 0 0 0 0 0 0 0 0 0 0 0 0 0 0 0 0 0 0 0 0 0 0 0 0 0 0 0 0 0 0 0 0 0 0 0 0 0 0 0 0 0 0 0 0 0 0 0 0 0 0 0 0 0 0 0 0 0 0 0 0 0 0 0 0 0 0 0 0 0 0 0 0 0 0 0 0 0 0 0 0 0 0 0 0 0 0 0 0 0 0 0 0 0 0 0 0 0 0 0 0 0 0 0 0 0 0 0 0 0 0 0 0 0 0 0 0 0 0 0 0 0 0 0 0 0 0 0 0 0 0 0 0 0 0 0 0 0 0 0 0 0 0 0 0 0 0 0 0 0 0 0 0 0 0 0 0 0 0 0 0 0 0 0 0 0 0 0 0 0 0 0 0 0 0 0 0 0 0 0 0 0 0 0 0 0 0 0 0 0 0 0 0 0 0 0 0 0 0 0 0 0 0 0 0 0 0 0 0 0 0 0 0 0 0 0 0 0 0 0 0 0 0 0 0 0 0 0 0 0 0 0 0 0 0 0 0 0 0 0 0 0 0 0 0 0 0 0 0 0 0 0 0 0 0 0 0 0 0 0 0 0 0 0 0 0 0 0 0 0 0 0 0 0 0 0 0 0 0 0 0 0 0 0 0 0 0 0 0 0 0 0 0 0 0 0 0 0 0 0 0 0 0 0 0 0 0 0 0 0 0 0 0 0 0 0 0 0
ctxt 208287836844
btime 1773600682
processes 94928259
procs_running 2
procs_blocked 0
softirq 43042367963 256 2278402488 38670273 893519192 1476309840 0 2936392448 572585940 5109161 481639997
