Running 10s test @ http://192.168.10.15:18500/page
  32 threads and 512 connections
  Thread Stats   Avg      Stdev     Max   +/- Stdev
    Latency    45.64ms    3.33ms  79.58ms   96.88%
    Req/Sec   350.95     57.80   656.00     82.56%
  Latency Distribution
     50%   46.25ms
     75%   46.94ms
     90%   47.40ms
     99%   48.92ms
  112632 requests in 10.10s, 1.09GB read
Requests/sec:  11152.04
Transfer/sec:    110.81MB
## drops 0 0
## server-stat
cpu  1341648 475 693730 10327499 31656 0 264651 0 0 0
cpu0 45995 8 20755 322889 830 0 9020 0 0 0
cpu1 46525 10 20642 323940 571 0 8652 0 0 0
cpu2 46868 8 20557 324010 374 0 8579 0 0 0
cpu3 47727 11 21037 321820 1183 0 8622 0 0 0
cpu4 48073 10 20831 322109 722 0 8712 0 0 0
cpu5 47711 10 20736 322918 360 0 8586 0 0 0
cpu6 47148 8 20642 323577 350 0 8569 0 0 0
cpu7 46105 6 20422 324868 226 0 8387 0 0 0
cpu8 29591 13 21591 333075 1066 0 5580 0 0 0
cpu9 32730 15 22104 327671 2361 0 5783 0 0 0
cpu10 31914 14 21994 330029 1198 0 5899 0 0 0
cpu11 30374 12 21286 334200 633 0 5590 0 0 0
cpu12 47985 83 22689 312280 3072 0 5996 0 0 0
cpu13 46794 15 22932 313721 2432 0 6136 0 0 0
cpu14 30251 11 20893 335968 870 0 5466 0 0 0
cpu15 28781 11 19646 339865 645 0 4990 0 0 0
cpu16 50659 6 21489 319360 368 0 8793 0 0 0
cpu17 50523 6 21505 318481 1259 0 8828 0 0 0
cpu18 50250 7 21357 319945 287 0 8726 0 0 0
cpu19 51524 7 21823 317496 664 0 8968 0 0 0
cpu20 51734 10 21752 317600 695 0 8944 0 0 0
cpu21 50053 7 21289 319708 606 0 8788 0 0 0
cpu22 49039 8 21299 319504 337 0 8717 0 0 0
cpu23 47769 10 21005 322290 303 0 8620 0 0 0
cpu24 32758 14 22028 331676 856 0 6013 0 0 0
cpu25 35226 16 23847 323191 1610 0 6929 0 0 0
cpu26 34268 15 23503 325185 1231 0 6784 0 0 0
cpu27 29444 8 21045 325524 1098 0 12200 0 0 0
cpu28 46021 23 24603 300771 1919 0 14822 0 0 0
cpu29 47763 61 24887 297954 1899 0 14924 0 0 0
cpu30 28430 9 21253 325019 841 0 12033 0 0 0
cpu31 31600 9 22274 330837 775 0 5983 0 0 0
intr 1130552832 126 0 0 0 0 0 0 0 0 1 0 0 0 0 0 0 0 0 0 0 0 0 0 0 0 0 0 1 1 1 0 0 0 0 1 0 1 0 0 75045 0 0 0 0 0 0 0 0 411 0 0 0 0 0 0 0 0 87 0 0 0 0 0 0 0 0 0 0 0 0 0 0 0 141350 2 23043358 22996815 22955480 23072023 0 3398 2405 2939 1564 3085 2644 2065 2562 1480 10360 18235 10239 8203 13294 14894 11348 7409 2698 1795 1460 2367 2247 1935 1621 1627 8934 7227 5084 5661 6508 5778 6125 7969 0 0 0 0 616276 3032 1036 0 264 0 0 0 0 0 0 0 0 0 0 0 0 0 0 0 0 0 0 0 0 0 0 0 0 0 0 0 0 0 0 0 0 0 0 0 0 0 0 0 0 0 0 0 0 0 0 0 0 0 0 0 0 0 0 0 0 0 0 0 0 0 0 0 0 0 0 0 0 0 0 0 0 0 0 0 0 0 0 0 0 0 0 0 0 0 0 0 0 0 0 0 0 0 0 0 0 0 0 0 0 0 0 0 0 0 0 0 0 0 0 0 0 0 0 0 0 0 0 0 0 0 0 0 0 0 0 0 0 0 0 0 0 0 0 0 0 0 0 0 0 0 0 0 0 0 0 0 0 0 0 0 0 0 0 0 0 0 0 0 0 0 0 0 0 0 0 0 0 0 0 0 0 0 0 0 0 0 0 0 0 0 0 0 0 0 0 0 0 0 0 0 0 0 0 0 0 0 0 0 0 0 0 0 0 0 0 0 0 0 0 0 0 0 0 0 0 0 0 0 0 0 0 0 0 0 0 0 0 0 0 0 0 0 0 0 0 0 0 0 0 0 0 0 0 0 0 0 0 0 0 0 0 0 0 0 0 0 0 0 0 0 0 0 0 0 0 0 0 0 0 0 0 0 0 0 0 0 0 0 0 0 0 0 0 0 0 0 0 0 0 0 0 0 0 0 0 0 0 0 0 0 0 0 0 0 0 0 0 0 0 0 0 0 0 0 0 0 0 0 0 0 0 0 0 0 0 0 0 0 0 0 0 0 0 0 0 0 0 0 0 0 0 0 0 0 0 0 0 0 0 0 0 0 0 0 0 0 0 0 0 0 0 0 0 0 0 0 0 0 0 0 0 0 0 0 0 0 0 0 0 0 0 0 0 0 0 0 0 0 0 0 0 0 0 0 0 0 0 0 0 0 0 0 0 0 0 0 0 0 0 0 0 0 0 0 0 0 0 0 0 0 0 0 0 0 0 0 0 0 0 0 0 0 0 0 0 0 0 0 0 0 0 0 0 0 0 0 0 0 0 0 0 0 0 0 0 0 0 0 0 0 0 0 0 0 0 0 0 0 0 0 0 0 0 0 0 0 0 0 0 0 0 0 0 0 0 0 0 0 0 0 0 0 0 0 0 0 0 0 0 0 0 0 0 0 0 0 0 0 0 0 0 0 0 0 0 0 0 0 0 0 0 0 0 0 0 0 0 0 0 0 0 0 0 0 0 0 0 0 0 0 0 0 0 0 0 0 0 0 0 0 0 0 0 0 0 0 0 0 0 0 0 0 0 0 0 0 0 0 0 0 0 0 0 0 0 0 0 0 0 0 0 0 0 0 0 0 0 0 0 0 0 0 0 0 0 0 0 0 0 0 0 0 0 0 0 0 0 0 0 0 0 0 0 0 0 0 0 0 0 0 0 0 0 0 0 0 0 0 0 0 0 0 0 0 0 0 0 0 0 0 0 0 0 0 0 0 0 0 0 0 0 0 0 0 0 0 0 0 0 0 0 0 0 0 0 0 0 0 0 0 0 0 0 0 0 0 0 0 0 0 0 0 0 0 0 0 0 0 0 0 0 0 0 0 0 0 0 0 0 0 0 0 0 0 0 0 0 0 0 0 0 0 0 0 0 0 0 0 0 0 0 0 0 0 0 0 0 0 0 0 0 0 0 0 0 0 0 0 0 0 0 0 0 0 0 0 0 0 0 0 0 0 0 0 0 0 0 0 0 0 0 0 0 0 0 0 0 0 0 0 0 0 0 0 0 0 0 0 0 0 0 0 0 0 0 0 0 0 0 0 0 0 0 0 0 0 0 0 0 0 0 0 0 0 0 0 0 0 0 0 0 0 0 0 0 0 0 0 0 0 0 0 0 0 0 0 0 0 0 0 0 0 0 0 0 0 0 0 0 0 0 0 0 0 0 0 0 0 0 0 0 0 0 0 0 0 0 0 0 0 0 0 0 0 0 0 0 0 0 0 0 0 0 0 0 0 0 0 0 0 0 0 0 0 0 0 0 0 0 0 0 0 0 0 0 0 0 0 0 0 0 0 0 0 0 0 0 0 0 0 0 0 0 0 0 0 0 0 0 0 0 0 0 0 0 0 0 0 0 0 0 0 0 0 0 0 0 0 0 0 0 0 0 0 0 0 0 0 0 0 0 0 0 0 0 0 0 0 0 0 0 0 0 0 0 0 0 0 0 0 0 0 0 0 0 0 0 0 0 0 0 0 0 0 0 0 0 0 0 0 0 0 0 0 0 0 0 0 0 0 0 0 0 0 0 0 0 0 0 0 0 0 0 0 0 0 0 0 0 0 0 0 0 0 0 0 0 0 0 0 0 0 0 0 0 0 0 0 0 0 0 0 0 0 0 0 0 0 0 0 0 0 0 0 0 0 0 0 0 0 0 0 0 0 0 0 0 0 0 0 0 0 0 0 0 0 0 0 0 0 0 0 0 0 0 0 0 0 0 0 0 0 0 0 0 0 0 0 0 0 0
ctxt 1517119514
btime 1790630938
processes 115956
procs_running 1
procs_blocked 0
softirq 1352503208 73526 2679425 1517308 1306431823 147148 0 9264346 19834831 410 12554391
--
cpu  1342479 475 696146 10349511 31669 0 264714 0 0 0
cpu0 46020 8 20827 323581 830 0 9023 0 0 0
cpu1 46550 10 20715 324632 571 0 8654 0 0 0
cpu2 46893 8 20633 324702 374 0 8581 0 0 0
cpu3 47749 11 21116 322511 1183 0 8623 0 0 0
cpu4 48095 10 20909 322800 722 0 8713 0 0 0
cpu5 47737 10 20810 323610 360 0 8587 0 0 0
cpu6 47172 8 20718 324264 354 0 8571 0 0 0
cpu7 46130 6 20496 325561 226 0 8388 0 0 0
cpu8 29616 13 21665 333765 1066 0 5582 0 0 0
cpu9 32757 15 22178 328361 2361 0 5785 0 0 0
cpu10 31943 14 22069 330718 1198 0 5900 0 0 0
cpu11 30402 12 21360 334891 633 0 5591 0 0 0
cpu12 48024 83 22763 312957 3073 0 5998 0 0 0
cpu13 46827 15 23009 314403 2432 0 6137 0 0 0
cpu14 30276 11 20969 336658 870 0 5467 0 0 0
cpu15 28808 11 19718 340556 646 0 4992 0 0 0
cpu16 50683 6 21566 320050 368 0 8794 0 0 0
cpu17 50549 6 21580 319171 1259 0 8829 0 0 0
cpu18 50274 7 21434 320636 287 0 8726 0 0 0
cpu19 51548 7 21901 318186 664 0 8970 0 0 0
cpu20 51761 10 21828 318290 695 0 8946 0 0 0
cpu21 50076 7 21368 320399 606 0 8790 0 0 0
cpu22 49062 8 21377 320195 337 0 8718 0 0 0
cpu23 47791 10 21083 322981 303 0 8621 0 0 0
cpu24 32782 14 22106 332365 856 0 6013 0 0 0
cpu25 35252 16 23923 323881 1610 0 6930 0 0 0
cpu26 34293 15 23580 325875 1231 0 6786 0 0 0
cpu27 29472 8 21116 326203 1098 0 12205 0 0 0
cpu28 46052 23 24677 301443 1919 0 14829 0 0 0
cpu29 47793 61 24959 298624 1906 0 14929 0 0 0
cpu30 28456 9 21326 325699 841 0 12039 0 0 0
cpu31 31623 9 22351 331527 775 0 5984 0 0 0
intr 1131649065 126 0 0 0 0 0 0 0 0 1 0 0 0 0 0 0 0 0 0 0 0 0 0 0 0 0 0 1 1 1 0 0 0 0 1 0 1 0 0 75045 0 0 0 0 0 0 0 0 411 0 0 0 0 0 0 0 0 87 0 0 0 0 0 0 0 0 0 0 0 0 0 0 0 141472 2 23096595 23055118 23009128 23127222 0 3402 2405 2942 1579 3085 2645 2075 2562 1480 10360 18235 10239 8220 13295 14895 11348 7409 2698 1795 1460 2367 2247 1936 1621 1627 8934 7227 5084 5661 6508 5778 6125 7969 0 0 0 0 616276 3032 1036 0 264 0 0 0 0 0 0 0 0 0 0 0 0 0 0 0 0 0 0 0 0 0 0 0 0 0 0 0 0 0 0 0 0 0 0 0 0 0 0 0 0 0 0 0 0 0 0 0 0 0 0 0 0 0 0 0 0 0 0 0 0 0 0 0 0 0 0 0 0 0 0 0 0 0 0 0 0 0 0 0 0 0 0 0 0 0 0 0 0 0 0 0 0 0 0 0 0 0 0 0 0 0 0 0 0 0 0 0 0 0 0 0 0 0 0 0 0 0 0 0 0 0 0 0 0 0 0 0 0 0 0 0 0 0 0 0 0 0 0 0 0 0 0 0 0 0 0 0 0 0 0 0 0 0 0 0 0 0 0 0 0 0 0 0 0 0 0 0 0 0 0 0 0 0 0 0 0 0 0 0 0 0 0 0 0 0 0 0 0 0 0 0 0 0 0 0 0 0 0 0 0 0 0 0 0 0 0 0 0 0 0 0 0 0 0 0 0 0 0 0 0 0 0 0 0 0 0 0 0 0 0 0 0 0 0 0 0 0 0 0 0 0 0 0 0 0 0 0 0 0 0 0 0 0 0 0 0 0 0 0 0 0 0 0 0 0 0 0 0 0 0 0 0 0 0 0 0 0 0 0 0 0 0 0 0 0 0 0 0 0 0 0 0 0 0 0 0 0 0 0 0 0 0 0 0 0 0 0 0 0 0 0 0 0 0 0 0 0 0 0 0 0 0 0 0 0 0 0 0 0 0 0 0 0 0 0 0 0 0 0 0 0 0 0 0 0 0 0 0 0 0 0 0 0 0 0 0 0 0 0 0 0 0 0 0 0 0 0 0 0 0 0 0 0 0 0 0 0 0 0 0 0 0 0 0 0 0 0 0 0 0 0 0 0 0 0 0 0 0 0 0 0 0 0 0 0 0 0 0 0 0 0 0 0 0 0 0 0 0 0 0 0 0 0 0 0 0 0 0 0 0 0 0 0 0 0 0 0 0 0 0 0 0 0 0 0 0 0 0 0 0 0 0 0 0 0 0 0 0 0 0 0 0 0 0 0 0 0 0 0 0 0 0 0 0 0 0 0 0 0 0 0 0 0 0 0 0 0 0 0 0 0 0 0 0 0 0 0 0 0 0 0 0 0 0 0 0 0 0 0 0 0 0 0 0 0 0 0 0 0 0 0 0 0 0 0 0 0 0 0 0 0 0 0 0 0 0 0 0 0 0 0 0 0 0 0 0 0 0 0 0 0 0 0 0 0 0 0 0 0 0 0 0 0 0 0 0 0 0 0 0 0 0 0 0 0 0 0 0 0 0 0 0 0 0 0 0 0 0 0 0 0 0 0 0 0 0 0 0 0 0 0 0 0 0 0 0 0 0 0 0 0 0 0 0 0 0 0 0 0 0 0 0 0 0 0 0 0 0 0 0 0 0 0 0 0 0 0 0 0 0 0 0 0 0 0 0 0 0 0 0 0 0 0 0 0 0 0 0 0 0 0 0 0 0 0 0 0 0 0 0 0 0 0 0 0 0 0 0 0 0 0 0 0 0 0 0 0 0 0 0 0 0 0 0 0 0 0 0 0 0 0 0 0 0 0 0 0 0 0 0 0 0 0 0 0 0 0 0 0 0 0 0 0 0 0 0 0 0 0 0 0 0 0 0 0 0 0 0 0 0 0 0 0 0 0 0 0 0 0 0 0 0 0 0 0 0 0 0 0 0 0 0 0 0 0 0 0 0 0 0 0 0 0 0 0 0 0 0 0 0 0 0 0 0 0 0 0 0 0 0 0 0 0 0 0 0 0 0 0 0 0 0 0 0 0 0 0 0 0 0 0 0 0 0 0 0 0 0 0 0 0 0 0 0 0 0 0 0 0 0 0 0 0 0 0 0 0 0 0 0 0 0 0 0 0 0 0 0 0 0 0 0 0 0 0 0 0 0 0 0 0 0 0 0 0 0 0 0 0 0 0 0 0 0 0 0 0 0 0 0 0 0 0 0 0 0 0 0 0 0 0 0 0 0 0 0 0 0 0 0 0 0 0 0 0 0 0 0 0 0 0 0 0 0 0 0 0 0 0 0 0 0 0 0 0 0 0 0 0 0 0 0 0 0 0 0 0 0 0 0 0 0 0 0 0 0 0 0 0 0 0 0 0 0 0 0 0 0 0 0 0 0 0 0 0 0 0 0 0 0 0 0 0 0 0 0 0 0 0 0 0 0 0 0 0 0 0 0 0 0 0 0 0 0 0 0 0 0 0 0 0 0 0 0 0 0 0 0 0 0 0 0 0 0 0 0 0 0 0 0 0 0 0 0 0 0 0 0 0 0 0 0 0 0 0 0 0 0 0 0 0 0 0 0 0 0 0 0 0 0 0 0 0 0 0 0 0 0 0 0 0 0 0 0 0 0 0 0 0 0 0 0 0 0 0 0 0 0 0 0 0 0 0 0 0 0 0 0 0 0 0 0 0 0 0 0 0 0 0 0 0 0
ctxt 1518381955
btime 1790630938
processes 116003
procs_running 1
procs_blocked 0
softirq 1353214065 73526 2692825 1563843 1306881906 147277 0 9399303 19875941 410 12579034
## client-stat
cpu  802977965 23598936 303487766 93437681991 610721189 0 8889037 0 0 0
cpu0 29447546 224394 7363659 1619932945 8331270 0 166366 0 0 0
cpu1 29267032 432889 7645743 1649263590 11021829 0 56329 0 0 0
cpu2 28200628 463108 7594826 1652802656 10878555 0 37215 0 0 0
cpu3 25944139 484906 6794778 1656256857 11039446 0 31381 0 0 0
cpu4 22370212 490414 6376407 1660319336 11076933 0 30886 0 0 0
cpu5 19970531 494023 5981779 1662922158 11317489 0 29068 0 0 0
cpu6 17828384 497511 5641145 1665549770 11192088 0 29249 0 0 0
cpu7 16614756 487783 5480516 1666984610 11171281 0 27281 0 0 0
cpu8 15341309 485635 5287867 1668206167 11408654 0 27308 0 0 0
cpu9 14907668 489844 5257136 1668698094 11338831 0 27474 0 0 0
cpu10 14408800 472357 5138679 1669207472 11495425 0 26697 0 0 0
cpu11 14133685 465792 5150532 1669209608 11700068 0 27852 0 0 0
cpu12 14189694 458188 5273377 1669322453 11397645 0 26923 0 0 0
cpu13 12800400 425511 5435927 1668767161 9922613 0 1898266 0 0 0
cpu14 31524880 477236 7839814 1650100799 10085317 0 176922 0 0 0
cpu15 21118924 503934 6807682 1660875634 10896787 0 175246 0 0 0
cpu16 17755879 491819 6318305 1664592326 11133798 0 175606 0 0 0
cpu17 14933142 500066 5675962 1668360327 10904757 0 170643 0 0 0
cpu18 13593794 505884 5524507 1670075760 10640498 0 174941 0 0 0
cpu19 12938027 472687 5421526 1670843631 10655446 0 173936 0 0 0
cpu20 13089301 493492 5355271 1670729587 10658055 0 175210 0 0 0
cpu21 12211614 482428 5342740 1671495653 10771605 0 173522 0 0 0
cpu22 11982930 482914 5344681 1671418627 11081808 0 175389 0 0 0
cpu23 11695302 471865 5194571 1672165078 10734790 0 174432 0 0 0
cpu24 11732276 448076 5197624 1671883119 11041955 0 172742 0 0 0
cpu25 11558195 450839 5261327 1672354518 10684690 0 179963 0 0 0
cpu26 12010943 478046 5301766 1671783596 10628119 0 181873 0 0 0
cpu27 13883055 464459 5489988 1669445772 10979930 0 179106 0 0 0
cpu28 18769245 361854 5861321 1658280854 9964380 0 1268532 0 0 0
cpu29 13427891 381424 5532767 1669062504 11673622 0 64331 0 0 0
cpu30 12752721 342093 5330364 1670904186 11247311 0 27576 0 0 0
cpu31 11677374 306256 5011843 1672849630 10868964 0 24912 0 0 0
cpu32 10895351 292303 4886736 1673263884 11397097 0 24758 0 0 0
cpu33 10507535 294659 4791000 1673067762 12114835 0 24327 0 0 0
cpu34 10108288 300801 4687170 1673725018 11872655 0 23449 0 0 0
cpu35 9690896 288349 4580936 1674426744 11825231 0 25096 0 0 0
cpu36 9561714 287721 4480261 1674947684 11575417 0 23345 0 0 0
cpu37 9402916 302139 4460645 1675121695 11595856 0 23084 0 0 0
cpu38 9341727 311327 4413361 1675488846 11334824 0 23240 0 0 0
cpu39 9403398 310554 4506355 1675260178 11304708 0 24000 0 0 0
cpu40 9357542 306218 4533555 1675490381 11111669 0 24824 0 0 0
cpu41 9760866 317785 4534569 1674794650 11289840 0 24402 0 0 0
cpu42 13911179 443034 5480184 1670142773 10331995 0 172426 0 0 0
cpu43 11931181 434858 5193049 1672274867 10395147 0 168925 0 0 0
cpu44 11767988 425576 5251236 1672606512 10306593 0 169201 0 0 0
cpu45 11246087 430940 5015506 1673277828 10414967 0 162784 0 0 0
cpu46 11128326 431394 5009930 1673303931 10520801 0 164381 0 0 0
cpu47 10943729 452452 5033134 1673331816 10626241 0 165261 0 0 0
cpu48 11671819 439673 5002233 1672737865 10596934 0 164524 0 0 0
cpu49 11121594 416764 5035512 1673458237 10393366 0 167619 0 0 0
cpu50 11067282 440746 5000868 1673160494 10735940 0 166248 0 0 0
cpu51 11323148 447564 5006038 1673063832 10531489 0 168828 0 0 0
cpu52 11034422 446614 4995973 1673189941 10709901 0 169037 0 0 0
cpu53 11096218 432568 5077638 1673208703 10559381 0 175893 0 0 0
cpu54 11463186 425131 5052826 1672795575 10642489 0 173161 0 0 0
cpu55 13161271 432016 5224598 1670878271 10589827 0 173021 0 0 0
intr 106385598887 74 4 0 0 0 0 0 0 0 0 0 0 6 0 0 0 0 360 213 2556253427 0 0 0 0 0 0 0 0 0 0 0 0 0 0 0 0 0 2395726364 426516811 8318552 677 278 24496490 0 0 0 0 0 0 0 0 0 0 0 0 0 0 0 0 0 0 0 0 0 0 0 0 0 0 0 0 0 0 0 0 0 0 0 0 0 0 0 0 0 0 0 0 0 0 0 0 0 0 0 0 0 0 0 0 0 0 0 0 0 0 0 0 0 0 0 0 0 0 0 0 0 0 0 0 0 0 0 0 0 0 0 0 0 0 0 0 0 0 0 0 0 0 0 0 0 0 0 0 0 0 0 0 0 0 0 0 0 0 0 0 0 0 0 0 0 0 0 0 0 0 0 0 0 0 0 0 0 0 0 0 0 0 0 0 0 0 0 0 0 0 0 0 0 0 0 0 0 0 0 0 0 0 0 0 0 0 0 0 0 0 0 0 0 0 0 0 0 0 0 0 0 0 0 0 0 0 0 0 0 0 0 0 0 0 0 0 0 0 0 0 0 0 0 0 0 0 0 0 0 0 0 0 0 0 0 0 0 0 0 0 0 0 0 0 0 0 0 0 0 0 0 0 0 0 0 0 0 0 0 0 0 0 0 0 0 0 0 0 0 0 0 0 0 0 0 0 0 0 0 0 0 0 0 0 0 0 0 0 0 0 0 0 0 0 0 0 0 0 0 0 0 0 0 0 0 0 0 0 0 0 0 0 0 0 0 0 0 0 0 0 0 0 0 0 0 0 0 0 0 0 0 0 0 0 0 0 0 0 0 0 0 0 0 0 0 0 0 0 0 0 0 0 0 0 0 0 0 0 0 0 0 0 0 0 0 0 0 0 0 0 0 0 0 0 0 0 0 0 0 0 0 0 0 0 0 0 0 0 0 0 0 0 0 0 0 0 0 0 0 0 0 0 0 0 0 0 0 0 0 0 0 0 0 0 0 0 0 0 0 0 0 0 0 0 0 0 0 0 0 0 0 0 0 0 0 0 0 0 0 0 0 0 0 0 0 0 0 0 0 0 0 0 0 0 0 0 0 0 0 0 0 0 0 0 0 0 0 0 0 0 0 0 0 0 0 0 0 0 0 0 0 0 0 0 0 0 0 0 0 0 0 0 0 0 0 0 0 0 0 0 0 0 0 0 0 0 0 0 0 0 0 0 0 0 0 0 0 0 0 0 0 0 0 0 0 0 0 0 0 0 0 0 0 0 0 0 0 0 0 0 0 0 0 0 0 0 0 0 0 0 0 0 0 0 0 0 0 0 0 0 0 0 0 0 0 0 0 0 0 0 0 0 0 0 0 0 0 0 0 0 0 0 0 0 0 0 0 0 0 0 0 0 0 0 0 0 0 0 0 0 0 0 0 0 0 0 0 0 0 0 0 0 0 0 0 0 0 0 0 0 0 0 0 0 0 0 0 0 0 0 0 0 0 0 0 0 0 0 0 0 0 0 0 0 0 0 0 0 0 0 0 0 0 0 0 0 0 0 0 0 0 0 0 0 0 0 0 0 0 0 0 0 0 0 0 0 0 0 0 0 0 0 0 0 0 0 0 0 0 0 0 0 0 0 0 0 0 0 0 0 0 0 0 0 0 0 0 0 0 0 0 0 0 0 0 0 0 0 0 0 0 0 0 0 0 0 0 0 0 0 0 0 0 0 0 0 0 0 0 0 0 0 0 0 0 0 0 0 0 0 0 0 0 0 0 0 0 0 0 0 0 0 0 0 0 0 0 0 0 0 0 0 0 0 0 0 0 0 0 0 0 0 0 0 0 0 0 0 0 0 0 0 0 0 0 0 0 0 0 0 0 0 0 0 0 0 0 0 0 0 0 0 0 0 0 0 0 0 0 0 0 0 0 0 0 0 0 0 0 0 0 0 0 0 0 0 0 0 0 0 0 0 0 0 0 0 0 0 0 0 0 0 0 0 0 0 0 0 0 0 0 0 0 0 0 0 0 0 0 0 0 0 0 0 0 0 0 0 0 0 0 0 0 0 0 0 0 0 0 0 0 0 0 0 0 0 0 0 0 0 0 0 0 0 0 0 0 0 0 0 0 0 0 0 0 0 0 0 0 0 0 0 0 0 0 0 0 0 0 0 0 0 0 0 0 0 0 0 0 0 0 0 0 0 0 0 0 0 0 0 0 0 0 0 0 0 0 0 0 0 0 0 0 0 0 0 0 0 0 0 0 0 0 0 0 0 0 0 0 0 0 0 0 0 0 0 0 0 0 0 0 0 0 0 0 0 0 0 0 0 0 0 0 0 0 0 0 0 0 0 0 0 0 0 0 0 0 0 0 0 0 0 0 0 0 0 0 0 0 0 0 0 0 0 0 0 0 0 0 0 0 0 0 0 0 0 0 0 0 0 0 0 0 0 0 0 0 0 0 0 0 0 0 0 0 0 0 0 0 0 0 0 0 0 0 0 0 0 0 0 0 0 0 0 0 0 0 0 0 0 0 0 0 0 0 0 0 0 0 0 0 0 0 0 0 0 0 0 0 0 0 0 0 0 0 0 0 0 0 0 0 0 0 0 0 0 0 0 0 0 0 0 0 0 0 0 0 0 0 0 0 0 0 0 0 0 0 0 0 0 0 0 0 0 0 0 0 0 0 0 0 0 0 0 0 0 0 0 0 0 0 0 0 0 0 0 0 0 0 0 0 0 0 0 0 0 0 0 0 0 0 0 0 0 0 0 0 0 0 0 0 0 0 0 0 0 0 0 0 0 0 0 0 0 0 0 0 0 0 0 0 0 0 0 0 0 0 0 0 0 0 0 0 0 0 0 0 0 0 0 0 0 0 0 0 0 0 0 0 0 0 0 0 0 0 0 0 0 0 0 0 0 0 0 0 0 0 0 0 0 0 0 0 0 0 0 0 0 0 0 0 0 0 0 0 0 0 0 0 0 0 0 0 0 0 0 0 0 0 0 0 0 0 0 0 0 0 0 0 0 0 0 0 0 0 0 0 0 0 0 0 0 0 0 0 0 0 0 0 0 0 0 0 0 0 0 0 0 0 0 0 0 0 0 0 0 0 0 0 0 0 0 0 0 0 0 0 0 0 0 0 0 0 0 0 0 0 0 0 0 0 0 0 0 0 0 0 0 0 0 0 0 0 0 0 0 0 0 0 0 0 0 0 0 0 0 0 0 0 0 0 0 0 0 0 0 0 0 0 0 0 0 0 0 0 0 0 0 0 0 0 0 0 0 0 0 0 0 0 0 0 0 0 0 0 0 0 0 0 0 0 0 0 0 0 0 0 0 0 0 0 0 0 0 0 0 0 0 0 0 0 0 0 0 0 0 0 0 0 0 0 0 0 0 0 0 0 0 0 0 0 0 0 0 0 0 0 0 0 0 0 0 0 0 0 0 0 0 0 0 0 0 0 0 0 0 0 0 0 0 0 0 0 0 0 0 0 0 0 0 0 0 0 0 0 0 0 0 0 0 0 0 0 0 0 0 0 0 0 0 0 0 0 0 0 0 0 0 0 0 0 0 0 0 0 0 0 0 0 0 0 0 0 0 0 0 0 0 0 0 0 0 0 0 0 0 0 0 0 0 0 0 0 0 0 0 0 0 0 0 0 0 0 0 0 0 0 0 0 0 0 0 0 0 0 0 0 0 0 0 0 0 0 0 0 0 0 0 0 0 0 0 0 0 0 0 0 0 0 0 0 0 0 0 0 0 0 0 0 0 0 0 0 0 0 0 0 0 0 0 0 0 0 0 0 0 0 0 0 0 0 0 0 0 0 0 0 0 0 0 0 0 0
ctxt 208360676014
btime 1773600682
processes 94930617
procs_running 11
procs_blocked 0
softirq 43068920751 256 2278693984 38844841 915738951 1476331412 0 2936443179 575144200 5109161 482876399
--
cpu  802978559 23598936 303489180 93437722521 610721275 0 8889847 0 0 0
cpu0 29447561 224394 7363681 1619933564 8331270 0 166379 0 0 0
cpu1 29267038 432889 7645767 1649264315 11021832 0 56340 0 0 0
cpu2 28200635 463108 7594848 1652803395 10878555 0 37225 0 0 0
cpu3 25944144 484906 6794800 1656257599 11039448 0 31392 0 0 0
cpu4 22370220 490414 6376431 1660320075 11076933 0 30898 0 0 0
cpu5 19970538 494023 5981802 1662922899 11317489 0 29078 0 0 0
cpu6 17828391 497511 5641168 1665550512 11192088 0 29260 0 0 0
cpu7 16614764 487783 5480537 1666985350 11171281 0 27291 0 0 0
cpu8 15341316 485635 5287890 1668206908 11408654 0 27320 0 0 0
cpu9 14907679 489844 5257160 1668698831 11338831 0 27486 0 0 0
cpu10 14408809 472357 5138703 1669208213 11495425 0 26709 0 0 0
cpu11 14133692 465792 5150557 1669210346 11700071 0 27864 0 0 0
cpu12 14189700 458188 5273401 1669323191 11397645 0 26937 0 0 0
cpu13 12800412 425511 5435950 1668767895 9922613 0 1898278 0 0 0
cpu14 31524890 477236 7839841 1650101525 10085320 0 176933 0 0 0
cpu15 21118931 503934 6807708 1660876359 10896795 0 175260 0 0 0
cpu16 17755893 491819 6318333 1664593051 11133798 0 175618 0 0 0
cpu17 14933152 500066 5675987 1668361059 10904757 0 170656 0 0 0
cpu18 13593800 505884 5524532 1670076493 10640498 0 174956 0 0 0
cpu19 12938035 472687 5421554 1670844364 10655446 0 173948 0 0 0
cpu20 13089307 493492 5355298 1670730271 10658105 0 175223 0 0 0
cpu21 12211625 482428 5342779 1671496365 10771608 0 173534 0 0 0
cpu22 11982962 482914 5344710 1671419333 11081808 0 175399 0 0 0
cpu23 11695318 471865 5194597 1672165806 10734790 0 174443 0 0 0
cpu24 11732284 448076 5197653 1671883849 11041956 0 172754 0 0 0
cpu25 11558205 450839 5261349 1672355248 10684690 0 179978 0 0 0
cpu26 12010959 478046 5301805 1671784314 10628119 0 181886 0 0 0
cpu27 13883066 464459 5490011 1669446504 10979930 0 179118 0 0 0
cpu28 18769251 361854 5861342 1658281291 9964380 0 1268685 0 0 0
cpu29 13427897 381424 5532789 1669063250 11673622 0 64340 0 0 0
cpu30 12752735 342093 5330387 1670904923 11247311 0 27586 0 0 0
cpu31 11677391 306256 5011866 1672850365 10868964 0 24923 0 0 0
cpu32 10895361 292303 4886758 1673264622 11397097 0 24771 0 0 0
cpu33 10507543 294659 4791023 1673068502 12114835 0 24340 0 0 0
cpu34 10108299 300801 4687195 1673725748 11872659 0 23460 0 0 0
cpu35 9690902 288349 4580960 1674427485 11825231 0 25107 0 0 0
cpu36 9561721 287721 4480283 1674948424 11575417 0 23355 0 0 0
cpu37 9402924 302139 4460670 1675122433 11595858 0 23094 0 0 0
cpu38 9341744 311327 4413393 1675489569 11334824 0 23251 0 0 0
cpu39 9403408 310554 4506381 1675260909 11304710 0 24011 0 0 0
cpu40 9357549 306218 4533577 1675491121 11111669 0 24837 0 0 0
cpu41 9760872 317785 4534590 1674795390 11289841 0 24413 0 0 0
cpu42 13911189 443034 5480210 1670143506 10331995 0 172440 0 0 0
cpu43 11931207 434858 5193075 1672275585 10395148 0 168937 0 0 0
cpu44 11767997 425576 5251263 1672607243 10306593 0 169213 0 0 0
cpu45 11246093 430940 5015531 1673278564 10414967 0 162797 0 0 0
cpu46 11128354 431394 5009955 1673304644 10520801 0 164392 0 0 0
cpu47 10943742 452452 5033163 1673332536 10626245 0 165274 0 0 0
cpu48 11671850 439673 5002259 1672738575 10596934 0 164536 0 0 0
cpu49 11121604 416764 5035536 1673458972 10393366 0 167631 0 0 0
cpu50 11067292 440746 5000894 1673161223 10735940 0 166260 0 0 0
cpu51 11323154 447564 5006065 1673064564 10531489 0 168840 0 0 0
cpu52 11034430 446614 4995998 1673190672 10709901 0 169051 0 0 0
cpu53 11096226 432568 5077665 1673209434 10559381 0 175906 0 0 0
cpu54 11463195 425131 5052851 1672796309 10642489 0 173174 0 0 0
cpu55 13161281 432016 5224622 1670879003 10589827 0 173035 0 0 0
intr 106385827565 74 4 0 0 0 0 0 0 0 0 0 0 6 0 0 0 0 360 213 2556254170 0 0 0 0 0 0 0 0 0 0 0 0 0 0 0 0 0 2395755504 426516908 8318555 677 278 24496490 0 0 0 0 0 0 0 0 0 0 0 0 0 0 0 0 0 0 0 0 0 0 0 0 0 0 0 0 0 0 0 0 0 0 0 0 0 0 0 0 0 0 0 0 0 0 0 0 0 0 0 0 0 0 0 0 0 0 0 0 0 0 0 0 0 0 0 0 0 0 0 0 0 0 0 0 0 0 0 0 0 0 0 0 0 0 0 0 0 0 0 0 0 0 0 0 0 0 0 0 0 0 0 0 0 0 0 0 0 0 0 0 0 0 0 0 0 0 0 0 0 0 0 0 0 0 0 0 0 0 0 0 0 0 0 0 0 0 0 0 0 0 0 0 0 0 0 0 0 0 0 0 0 0 0 0 0 0 0 0 0 0 0 0 0 0 0 0 0 0 0 0 0 0 0 0 0 0 0 0 0 0 0 0 0 0 0 0 0 0 0 0 0 0 0 0 0 0 0 0 0 0 0 0 0 0 0 0 0 0 0 0 0 0 0 0 0 0 0 0 0 0 0 0 0 0 0 0 0 0 0 0 0 0 0 0 0 0 0 0 0 0 0 0 0 0 0 0 0 0 0 0 0 0 0 0 0 0 0 0 0 0 0 0 0 0 0 0 0 0 0 0 0 0 0 0 0 0 0 0 0 0 0 0 0 0 0 0 0 0 0 0 0 0 0 0 0 0 0 0 0 0 0 0 0 0 0 0 0 0 0 0 0 0 0 0 0 0 0 0 0 0 0 0 0 0 0 0 0 0 0 0 0 0 0 0 0 0 0 0 0 0 0 0 0 0 0 0 0 0 0 0 0 0 0 0 0 0 0 0 0 0 0 0 0 0 0 0 0 0 0 0 0 0 0 0 0 0 0 0 0 0 0 0 0 0 0 0 0 0 0 0 0 0 0 0 0 0 0 0 0 0 0 0 0 0 0 0 0 0 0 0 0 0 0 0 0 0 0 0 0 0 0 0 0 0 0 0 0 0 0 0 0 0 0 0 0 0 0 0 0 0 0 0 0 0 0 0 0 0 0 0 0 0 0 0 0 0 0 0 0 0 0 0 0 0 0 0 0 0 0 0 0 0 0 0 0 0 0 0 0 0 0 0 0 0 0 0 0 0 0 0 0 0 0 0 0 0 0 0 0 0 0 0 0 0 0 0 0 0 0 0 0 0 0 0 0 0 0 0 0 0 0 0 0 0 0 0 0 0 0 0 0 0 0 0 0 0 0 0 0 0 0 0 0 0 0 0 0 0 0 0 0 0 0 0 0 0 0 0 0 0 0 0 0 0 0 0 0 0 0 0 0 0 0 0 0 0 0 0 0 0 0 0 0 0 0 0 0 0 0 0 0 0 0 0 0 0 0 0 0 0 0 0 0 0 0 0 0 0 0 0 0 0 0 0 0 0 0 0 0 0 0 0 0 0 0 0 0 0 0 0 0 0 0 0 0 0 0 0 0 0 0 0 0 0 0 0 0 0 0 0 0 0 0 0 0 0 0 0 0 0 0 0 0 0 0 0 0 0 0 0 0 0 0 0 0 0 0 0 0 0 0 0 0 0 0 0 0 0 0 0 0 0 0 0 0 0 0 0 0 0 0 0 0 0 0 0 0 0 0 0 0 0 0 0 0 0 0 0 0 0 0 0 0 0 0 0 0 0 0 0 0 0 0 0 0 0 0 0 0 0 0 0 0 0 0 0 0 0 0 0 0 0 0 0 0 0 0 0 0 0 0 0 0 0 0 0 0 0 0 0 0 0 0 0 0 0 0 0 0 0 0 0 0 0 0 0 0 0 0 0 0 0 0 0 0 0 0 0 0 0 0 0 0 0 0 0 0 0 0 0 0 0 0 0 0 0 0 0 0 0 0 0 0 0 0 0 0 0 0 0 0 0 0 0 0 0 0 0 0 0 0 0 0 0 0 0 0 0 0 0 0 0 0 0 0 0 0 0 0 0 0 0 0 0 0 0 0 0 0 0 0 0 0 0 0 0 0 0 0 0 0 0 0 0 0 0 0 0 0 0 0 0 0 0 0 0 0 0 0 0 0 0 0 0 0 0 0 0 0 0 0 0 0 0 0 0 0 0 0 0 0 0 0 0 0 0 0 0 0 0 0 0 0 0 0 0 0 0 0 0 0 0 0 0 0 0 0 0 0 0 0 0 0 0 0 0 0 0 0 0 0 0 0 0 0 0 0 0 0 0 0 0 0 0 0 0 0 0 0 0 0 0 0 0 0 0 0 0 0 0 0 0 0 0 0 0 0 0 0 0 0 0 0 0 0 0 0 0 0 0 0 0 0 0 0 0 0 0 0 0 0 0 0 0 0 0 0 0 0 0 0 0 0 0 0 0 0 0 0 0 0 0 0 0 0 0 0 0 0 0 0 0 0 0 0 0 0 0 0 0 0 0 0 0 0 0 0 0 0 0 0 0 0 0 0 0 0 0 0 0 0 0 0 0 0 0 0 0 0 0 0 0 0 0 0 0 0 0 0 0 0 0 0 0 0 0 0 0 0 0 0 0 0 0 0 0 0 0 0 0 0 0 0 0 0 0 0 0 0 0 0 0 0 0 0 0 0 0 0 0 0 0 0 0 0 0 0 0 0 0 0 0 0 0 0 0 0 0 0 0 0 0 0 0 0 0 0 0 0 0 0 0 0 0 0 0 0 0 0 0 0 0 0 0 0 0 0 0 0 0 0 0 0 0 0 0 0 0 0 0 0 0 0 0 0 0 0 0 0 0 0 0 0 0 0 0 0 0 0 0 0 0 0 0 0 0 0 0 0 0 0 0 0 0 0 0 0 0 0 0 0 0 0 0 0 0 0 0 0 0 0 0 0 0 0 0 0 0 0 0 0 0 0 0 0 0 0 0 0 0 0 0 0 0 0 0 0 0 0 0 0 0 0 0 0 0 0 0 0 0 0 0 0 0 0 0 0 0 0 0 0 0 0 0 0 0 0 0 0 0 0 0 0 0 0 0 0 0 0 0 0 0 0 0 0 0 0 0 0 0 0 0 0 0 0 0 0 0 0 0 0 0 0 0 0 0 0 0 0 0 0 0 0 0 0 0 0 0 0 0 0 0 0 0 0 0 0 0 0 0 0 0 0 0 0 0 0 0 0 0 0 0 0 0 0 0 0 0 0 0 0 0 0 0 0 0 0 0 0 0 0 0 0 0 0 0 0 0 0 0 0 0 0 0 0 0 0 0 0 0 0 0 0 0 0 0 0 0 0 0 0 0 0 0 0 0 0 0 0 0 0 0 0 0 0 0 0 0 0 0 0 0 0 0 0 0 0 0 0 0 0 0 0 0 0 0 0 0 0 0 0 0 0 0 0 0 0 0 0 0 0 0 0 0 0 0 0 0 0 0 0 0 0 0 0 0 0 0 0 0 0 0 0 0 0 0 0 0 0 0 0 0 0 0 0 0 0 0 0 0 0 0 0 0 0 0 0 0 0 0 0 0 0 0 0 0 0 0 0 0 0 0 0 0 0 0 0 0 0 0 0 0 0 0 0 0 0 0 0 0 0 0 0 0 0 0 0 0 0 0 0 0 0 0 0 0 0 0 0 0 0 0 0 0 0 0 0 0 0 0 0 0 0 0 0 0 0 0 0 0 0 0 0 0 0 0 0 0 0 0 0 0 0 0 0 0 0 0 0 0 0 0 0 0 0 0 0 0 0 0 0 0 0 0 0 0 0 0 0 0 0 0 0
ctxt 208361807155
btime 1773600682
processes 94930650
procs_running 1
procs_blocked 0
softirq 43069323058 256 2278697459 38846443 916039581 1476331803 0 2936444616 575204869 5109161 482910502
