Running 10s test @ http://192.168.10.15:18500/page
  32 threads and 256 connections
  Thread Stats   Avg      Stdev     Max   +/- Stdev
    Latency    22.77ms    2.37ms  46.99ms   95.90%
    Req/Sec   352.19     25.62   480.00     58.72%
  Latency Distribution
     50%   22.88ms
     75%   23.22ms
     90%   23.50ms
     99%   34.48ms
  113225 requests in 10.09s, 1.09GB read
Requests/sec:  11220.09
Transfer/sec:    110.69MB
## drops 0 0
## server-stat
cpu  1226042 446 652397 9605796 31075 0 252321 0 0 0
cpu0 43701 8 19870 298070 811 0 8843 0 0 0
cpu1 44162 10 19764 298982 565 0 8503 0 0 0
cpu2 44506 8 19676 299058 360 0 8440 0 0 0
cpu3 45239 10 20161 296976 1182 0 8480 0 0 0
cpu4 45559 9 19968 297275 719 0 8563 0 0 0
cpu5 45245 10 19885 298035 359 0 8441 0 0 0
cpu6 44740 8 19782 298647 349 0 8436 0 0 0
cpu7 43815 6 19574 299829 224 0 8262 0 0 0
cpu8 25190 13 19859 312060 1045 0 5321 0 0 0
cpu9 28082 14 20344 307003 2330 0 5499 0 0 0
cpu10 27213 13 20209 309389 1183 0 5614 0 0 0
cpu11 25810 11 19550 313345 624 0 5311 0 0 0
cpu12 42844 82 20918 292124 3002 0 5690 0 0 0
cpu13 41612 14 21108 293649 2399 0 5808 0 0 0
cpu14 25721 10 19150 315070 822 0 5208 0 0 0
cpu15 24458 11 17952 318647 641 0 4749 0 0 0
cpu16 48013 5 20627 294655 364 0 8624 0 0 0
cpu17 47877 5 20652 293772 1248 0 8664 0 0 0
cpu18 47646 6 20494 295207 280 0 8565 0 0 0
cpu19 48785 7 20956 292918 626 0 8799 0 0 0
cpu20 48959 9 20893 293008 680 0 8772 0 0 0
cpu21 47426 7 20427 295033 549 0 8628 0 0 0
cpu22 46482 7 20448 294719 328 0 8577 0 0 0
cpu23 45322 9 20149 297404 302 0 8482 0 0 0
cpu24 27915 13 20247 311183 839 0 5679 0 0 0
cpu25 30186 14 22057 302976 1559 0 6547 0 0 0
cpu26 29288 13 21708 304844 1225 0 6418 0 0 0
cpu27 25170 7 19499 305763 1059 0 10736 0 0 0
cpu28 41067 20 22986 281878 1889 0 13110 0 0 0
cpu29 42749 58 23276 279100 1890 0 13216 0 0 0
cpu30 24303 9 19682 305085 834 0 10629 0 0 0
cpu31 26943 8 20512 310079 771 0 5693 0 0 0
intr 993261287 126 0 0 0 0 0 0 0 0 1 0 0 0 0 0 0 0 0 0 0 0 0 0 0 0 0 0 1 1 1 0 0 0 0 1 0 1 0 0 75045 0 0 0 0 0 0 0 0 411 0 0 0 0 0 0 0 0 87 0 0 0 0 0 0 0 0 0 0 0 0 0 0 0 133637 2 19224111 19180898 19155513 19246273 0 3161 2361 2920 1563 3079 2642 2058 2553 1470 10245 18196 10167 8150 13176 14696 11300 7340 2692 1791 1459 2356 2235 1933 1582 1616 8903 7150 4961 5541 6467 5729 6112 7956 0 0 0 0 616256 2996 1036 0 264 0 0 0 0 0 0 0 0 0 0 0 0 0 0 0 0 0 0 0 0 0 0 0 0 0 0 0 0 0 0 0 0 0 0 0 0 0 0 0 0 0 0 0 0 0 0 0 0 0 0 0 0 0 0 0 0 0 0 0 0 0 0 0 0 0 0 0 0 0 0 0 0 0 0 0 0 0 0 0 0 0 0 0 0 0 0 0 0 0 0 0 0 0 0 0 0 0 0 0 0 0 0 0 0 0 0 0 0 0 0 0 0 0 0 0 0 0 0 0 0 0 0 0 0 0 0 0 0 0 0 0 0 0 0 0 0 0 0 0 0 0 0 0 0 0 0 0 0 0 0 0 0 0 0 0 0 0 0 0 0 0 0 0 0 0 0 0 0 0 0 0 0 0 0 0 0 0 0 0 0 0 0 0 0 0 0 0 0 0 0 0 0 0 0 0 0 0 0 0 0 0 0 0 0 0 0 0 0 0 0 0 0 0 0 0 0 0 0 0 0 0 0 0 0 0 0 0 0 0 0 0 0 0 0 0 0 0 0 0 0 0 0 0 0 0 0 0 0 0 0 0 0 0 0 0 0 0 0 0 0 0 0 0 0 0 0 0 0 0 0 0 0 0 0 0 0 0 0 0 0 0 0 0 0 0 0 0 0 0 0 0 0 0 0 0 0 0 0 0 0 0 0 0 0 0 0 0 0 0 0 0 0 0 0 0 0 0 0 0 0 0 0 0 0 0 0 0 0 0 0 0 0 0 0 0 0 0 0 0 0 0 0 0 0 0 0 0 0 0 0 0 0 0 0 0 0 0 0 0 0 0 0 0 0 0 0 0 0 0 0 0 0 0 0 0 0 0 0 0 0 0 0 0 0 0 0 0 0 0 0 0 0 0 0 0 0 0 0 0 0 0 0 0 0 0 0 0 0 0 0 0 0 0 0 0 0 0 0 0 0 0 0 0 0 0 0 0 0 0 0 0 0 0 0 0 0 0 0 0 0 0 0 0 0 0 0 0 0 0 0 0 0 0 0 0 0 0 0 0 0 0 0 0 0 0 0 0 0 0 0 0 0 0 0 0 0 0 0 0 0 0 0 0 0 0 0 0 0 0 0 0 0 0 0 0 0 0 0 0 0 0 0 0 0 0 0 0 0 0 0 0 0 0 0 0 0 0 0 0 0 0 0 0 0 0 0 0 0 0 0 0 0 0 0 0 0 0 0 0 0 0 0 0 0 0 0 0 0 0 0 0 0 0 0 0 0 0 0 0 0 0 0 0 0 0 0 0 0 0 0 0 0 0 0 0 0 0 0 0 0 0 0 0 0 0 0 0 0 0 0 0 0 0 0 0 0 0 0 0 0 0 0 0 0 0 0 0 0 0 0 0 0 0 0 0 0 0 0 0 0 0 0 0 0 0 0 0 0 0 0 0 0 0 0 0 0 0 0 0 0 0 0 0 0 0 0 0 0 0 0 0 0 0 0 0 0 0 0 0 0 0 0 0 0 0 0 0 0 0 0 0 0 0 0 0 0 0 0 0 0 0 0 0 0 0 0 0 0 0 0 0 0 0 0 0 0 0 0 0 0 0 0 0 0 0 0 0 0 0 0 0 0 0 0 0 0 0 0 0 0 0 0 0 0 0 0 0 0 0 0 0 0 0 0 0 0 0 0 0 0 0 0 0 0 0 0 0 0 0 0 0 0 0 0 0 0 0 0 0 0 0 0 0 0 0 0 0 0 0 0 0 0 0 0 0 0 0 0 0 0 0 0 0 0 0 0 0 0 0 0 0 0 0 0 0 0 0 0 0 0 0 0 0 0 0 0 0 0 0 0 0 0 0 0 0 0 0 0 0 0 0 0 0 0 0 0 0 0 0 0 0 0 0 0 0 0 0 0 0 0 0 0 0 0 0 0 0 0 0 0 0 0 0 0 0 0 0 0 0 0 0 0 0 0 0 0 0 0 0 0 0 0 0 0 0 0 0 0 0 0 0 0 0 0 0 0 0 0 0 0 0 0 0 0 0 0 0 0 0 0 0 0 0 0 0 0 0 0 0 0 0 0 0 0 0 0 0 0 0 0 0 0 0 0 0 0 0 0 0 0 0 0 0 0 0 0 0 0 0 0 0 0 0 0 0 0 0 0 0 0 0 0 0 0 0 0 0 0 0 0 0 0 0 0 0 0 0 0 0 0 0 0 0 0 0 0 0 0 0 0 0 0 0 0 0 0 0 0 0 0 0 0 0 0 0 0 0 0 0 0 0 0 0 0 0 0 0 0 0 0 0 0 0 0 0 0 0 0 0 0 0 0 0 0 0 0 0 0 0 0 0 0 0 0 0 0 0 0 0 0 0 0 0 0 0 0 0 0 0 0 0 0 0 0 0 0 0 0 0 0 0 0 0 0 0 0 0 0 0 0 0 0 0 0 0 0 0 0 0 0 0 0 0 0 0 0 0 0 0 0 0 0 0 0 0 0 0 0 0 0 0 0
ctxt 1361256824
btime 1790630938
processes 106687
procs_running 1
procs_blocked 0
softirq 1288242214 73526 2310737 1116822 1248123004 139212 0 7169305 17905723 410 11403475
--
cpu  1226321 447 652429 9630930 31101 0 252332 0 0 0
cpu0 43701 8 19870 298867 811 0 8843 0 0 0
cpu1 44162 10 19764 299781 565 0 8503 0 0 0
cpu2 44506 8 19676 299857 360 0 8440 0 0 0
cpu3 45239 10 20162 297776 1182 0 8480 0 0 0
cpu4 45559 9 19968 298075 719 0 8563 0 0 0
cpu5 45245 10 19885 298835 359 0 8441 0 0 0
cpu6 44740 8 19782 299447 349 0 8436 0 0 0
cpu7 43815 6 19575 300629 224 0 8262 0 0 0
cpu8 25204 13 19860 312837 1045 0 5321 0 0 0
cpu9 28108 14 20347 307740 2354 0 5500 0 0 0
cpu10 27239 13 20212 310151 1183 0 5614 0 0 0
cpu11 25822 11 19553 314125 624 0 5311 0 0 0
cpu12 42882 82 20922 292878 3002 0 5690 0 0 0
cpu13 41648 14 21112 294397 2399 0 5809 0 0 0
cpu14 25737 10 19153 315846 822 0 5208 0 0 0
cpu15 24470 11 17953 319431 641 0 4749 0 0 0
cpu16 48013 5 20627 295454 364 0 8624 0 0 0
cpu17 47877 5 20652 294572 1248 0 8664 0 0 0
cpu18 47646 6 20494 296006 280 0 8565 0 0 0
cpu19 48785 7 20956 293716 626 0 8799 0 0 0
cpu20 48959 9 20894 293807 680 0 8772 0 0 0
cpu21 47426 7 20427 295833 549 0 8628 0 0 0
cpu22 46483 7 20448 295518 328 0 8577 0 0 0
cpu23 45323 9 20149 298202 302 0 8482 0 0 0
cpu24 27920 13 20248 311975 840 0 5679 0 0 0
cpu25 30191 14 22058 303768 1559 0 6547 0 0 0
cpu26 29293 13 21708 305636 1225 0 6418 0 0 0
cpu27 25172 7 19499 306549 1059 0 10737 0 0 0
cpu28 41096 20 22989 282627 1889 0 13112 0 0 0
cpu29 42783 58 23278 279846 1891 0 13219 0 0 0
cpu30 24314 9 19684 305862 834 0 10631 0 0 0
cpu31 26947 8 20513 310872 771 0 5693 0 0 0
intr 993883969 126 0 0 0 0 0 0 0 0 1 0 0 0 0 0 0 0 0 0 0 0 0 0 0 0 0 0 1 1 1 0 0 0 0 1 0 1 0 0 75045 0 0 0 0 0 0 0 0 411 0 0 0 0 0 0 0 0 87 0 0 0 0 0 0 0 0 0 0 0 0 0 0 0 133916 2 19310862 19265546 19242079 19336586 0 3169 2361 2920 1563 3079 2642 2059 2553 1470 10245 18196 10167 8150 13180 14700 11300 7340 2692 1791 1459 2357 2235 1933 1582 1616 8906 7156 4962 5541 6467 5729 6112 7956 0 0 0 0 616260 2996 1036 0 264 0 0 0 0 0 0 0 0 0 0 0 0 0 0 0 0 0 0 0 0 0 0 0 0 0 0 0 0 0 0 0 0 0 0 0 0 0 0 0 0 0 0 0 0 0 0 0 0 0 0 0 0 0 0 0 0 0 0 0 0 0 0 0 0 0 0 0 0 0 0 0 0 0 0 0 0 0 0 0 0 0 0 0 0 0 0 0 0 0 0 0 0 0 0 0 0 0 0 0 0 0 0 0 0 0 0 0 0 0 0 0 0 0 0 0 0 0 0 0 0 0 0 0 0 0 0 0 0 0 0 0 0 0 0 0 0 0 0 0 0 0 0 0 0 0 0 0 0 0 0 0 0 0 0 0 0 0 0 0 0 0 0 0 0 0 0 0 0 0 0 0 0 0 0 0 0 0 0 0 0 0 0 0 0 0 0 0 0 0 0 0 0 0 0 0 0 0 0 0 0 0 0 0 0 0 0 0 0 0 0 0 0 0 0 0 0 0 0 0 0 0 0 0 0 0 0 0 0 0 0 0 0 0 0 0 0 0 0 0 0 0 0 0 0 0 0 0 0 0 0 0 0 0 0 0 0 0 0 0 0 0 0 0 0 0 0 0 0 0 0 0 0 0 0 0 0 0 0 0 0 0 0 0 0 0 0 0 0 0 0 0 0 0 0 0 0 0 0 0 0 0 0 0 0 0 0 0 0 0 0 0 0 0 0 0 0 0 0 0 0 0 0 0 0 0 0 0 0 0 0 0 0 0 0 0 0 0 0 0 0 0 0 0 0 0 0 0 0 0 0 0 0 0 0 0 0 0 0 0 0 0 0 0 0 0 0 0 0 0 0 0 0 0 0 0 0 0 0 0 0 0 0 0 0 0 0 0 0 0 0 0 0 0 0 0 0 0 0 0 0 0 0 0 0 0 0 0 0 0 0 0 0 0 0 0 0 0 0 0 0 0 0 0 0 0 0 0 0 0 0 0 0 0 0 0 0 0 0 0 0 0 0 0 0 0 0 0 0 0 0 0 0 0 0 0 0 0 0 0 0 0 0 0 0 0 0 0 0 0 0 0 0 0 0 0 0 0 0 0 0 0 0 0 0 0 0 0 0 0 0 0 0 0 0 0 0 0 0 0 0 0 0 0 0 0 0 0 0 0 0 0 0 0 0 0 0 0 0 0 0 0 0 0 0 0 0 0 0 0 0 0 0 0 0 0 0 0 0 0 0 0 0 0 0 0 0 0 0 0 0 0 0 0 0 0 0 0 0 0 0 0 0 0 0 0 0 0 0 0 0 0 0 0 0 0 0 0 0 0 0 0 0 0 0 0 0 0 0 0 0 0 0 0 0 0 0 0 0 0 0 0 0 0 0 0 0 0 0 0 0 0 0 0 0 0 0 0 0 0 0 0 0 0 0 0 0 0 0 0 0 0 0 0 0 0 0 0 0 0 0 0 0 0 0 0 0 0 0 0 0 0 0 0 0 0 0 0 0 0 0 0 0 0 0 0 0 0 0 0 0 0 0 0 0 0 0 0 0 0 0 0 0 0 0 0 0 0 0 0 0 0 0 0 0 0 0 0 0 0 0 0 0 0 0 0 0 0 0 0 0 0 0 0 0 0 0 0 0 0 0 0 0 0 0 0 0 0 0 0 0 0 0 0 0 0 0 0 0 0 0 0 0 0 0 0 0 0 0 0 0 0 0 0 0 0 0 0 0 0 0 0 0 0 0 0 0 0 0 0 0 0 0 0 0 0 0 0 0 0 0 0 0 0 0 0 0 0 0 0 0 0 0 0 0 0 0 0 0 0 0 0 0 0 0 0 0 0 0 0 0 0 0 0 0 0 0 0 0 0 0 0 0 0 0 0 0 0 0 0 0 0 0 0 0 0 0 0 0 0 0 0 0 0 0 0 0 0 0 0 0 0 0 0 0 0 0 0 0 0 0 0 0 0 0 0 0 0 0 0 0 0 0 0 0 0 0 0 0 0 0 0 0 0 0 0 0 0 0 0 0 0 0 0 0 0 0 0 0 0 0 0 0 0 0 0 0 0 0 0 0 0 0 0 0 0 0 0 0 0 0 0 0 0 0 0 0 0 0 0 0 0 0 0 0 0 0 0 0 0 0 0 0 0 0 0 0 0 0 0 0 0 0 0 0 0 0 0 0 0 0 0 0 0 0 0 0 0 0 0 0 0 0 0 0 0 0 0 0 0 0 0 0 0 0 0 0 0 0 0 0 0 0 0 0 0 0 0 0 0 0 0 0 0 0 0 0 0 0 0 0 0 0 0 0 0 0 0 0 0 0 0 0 0 0 0 0 0 0 0 0 0 0 0 0 0 0 0 0 0 0 0 0 0 0 0 0 0 0 0 0 0 0 0 0 0 0 0 0 0 0 0 0 0 0 0 0 0 0 0 0 0 0 0 0 0 0 0 0 0 0 0 0 0 0 0 0 0 0 0 0 0 0 0 0 0 0 0 0 0 0 0 0
ctxt 1361472391
btime 1790630938
processes 106762
procs_running 1
procs_blocked 0
softirq 1288845694 73526 2315868 1158180 1248663085 139501 0 7169305 17914355 410 11411464
## client-stat
cpu  802931612 23598936 303325620 93436374600 610712971 0 8824001 0 0 0
cpu0 29446851 224394 7361790 1619910925 8331114 0 165732 0 0 0
cpu1 29266155 432889 7642920 1649240302 11021461 0 55503 0 0 0
cpu2 28199814 463108 7592021 1652778856 10878435 0 36387 0 0 0
cpu3 25943298 484906 6791883 1656233167 11039180 0 30587 0 0 0
cpu4 22369332 490414 6373562 1660295571 11076708 0 30066 0 0 0
cpu5 19969696 494023 5978948 1662898222 11317386 0 28265 0 0 0
cpu6 17827509 497511 5638308 1665525884 11191973 0 28447 0 0 0
cpu7 16613973 487783 5477710 1666960626 11171139 0 26473 0 0 0
cpu8 15340402 485635 5285024 1668182326 11408527 0 26489 0 0 0
cpu9 14906667 489844 5254317 1668674297 11338745 0 26667 0 0 0
cpu10 14408017 472357 5135861 1669183542 11495232 0 25897 0 0 0
cpu11 14132903 465792 5147667 1669185806 11699819 0 27020 0 0 0
cpu12 14188910 458188 5270531 1669298600 11397438 0 26099 0 0 0
cpu13 12799566 425511 5433053 1668743395 9922457 0 1897396 0 0 0
cpu14 31523919 477236 7836741 1650077556 10085246 0 175891 0 0 0
cpu15 21118048 503934 6804578 1660852383 10896644 0 174221 0 0 0
cpu16 17755009 491819 6315243 1664568967 11133734 0 174586 0 0 0
cpu17 14932228 500066 5672873 1668337018 10904667 0 169656 0 0 0
cpu18 13592943 505884 5521442 1670052327 10640407 0 173935 0 0 0
cpu19 12937176 472687 5418481 1670820189 10655384 0 172930 0 0 0
cpu20 13088433 493492 5352218 1670706403 10657733 0 174225 0 0 0
cpu21 12210802 482428 5339579 1671472309 10771481 0 172530 0 0 0
cpu22 11982085 482914 5341631 1671395180 11081721 0 174385 0 0 0
cpu23 11694475 471865 5191464 1672141763 10734583 0 173440 0 0 0
cpu24 11731426 448076 5194576 1671859797 11041757 0 171740 0 0 0
cpu25 11557339 450839 5258258 1672331377 10684412 0 178910 0 0 0
cpu26 12010199 478046 5298667 1671760426 10627807 0 180838 0 0 0
cpu27 13882216 464459 5486857 1669422475 10979850 0 178078 0 0 0
cpu28 18768949 361854 5860567 1658269722 9964345 0 1253628 0 0 0
cpu29 13427057 381424 5530027 1669038482 11673497 0 63538 0 0 0
cpu30 12751891 342093 5327601 1670880250 11247107 0 26773 0 0 0
cpu31 11676611 306256 5009124 1672825498 10868828 0 24117 0 0 0
cpu32 10894516 292303 4884000 1673239786 11397020 0 23951 0 0 0
cpu33 10506698 294659 4788246 1673043740 12114695 0 23533 0 0 0
cpu34 10107459 300801 4684431 1673701042 11872462 0 22633 0 0 0
cpu35 9689836 288349 4578109 1674403123 11825018 0 24277 0 0 0
cpu36 9560878 287721 4477499 1674923691 11575266 0 22572 0 0 0
cpu37 9402001 302139 4457816 1675097848 11595698 0 22294 0 0 0
cpu38 9340896 311327 4410573 1675464909 11334622 0 22445 0 0 0
cpu39 9402621 310554 4503497 1675236247 11304529 0 23177 0 0 0
cpu40 9356745 306218 4530763 1675466460 11111493 0 23979 0 0 0
cpu41 9760017 317785 4531711 1674770863 11289636 0 23573 0 0 0
cpu42 13910390 443034 5477120 1670119391 10331889 0 171383 0 0 0
cpu43 11930332 434858 5189986 1672251543 10395036 0 167886 0 0 0
cpu44 11767187 425576 5248134 1672583170 10306473 0 168148 0 0 0
cpu45 11245277 430940 5012430 1673254399 10414867 0 161799 0 0 0
cpu46 11127511 431394 5006848 1673280543 10520681 0 163379 0 0 0
cpu47 10942891 452452 5029997 1673308565 10626037 0 164266 0 0 0
cpu48 11671024 439673 4999187 1672714357 10596879 0 163519 0 0 0
cpu49 11120893 416764 5032415 1673434669 10393304 0 166620 0 0 0
cpu50 11066394 440746 4997783 1673137147 10735814 0 165262 0 0 0
cpu51 11322350 447564 5002967 1673040333 10531432 0 167822 0 0 0
cpu52 11033567 446614 4992890 1673166538 10709817 0 168046 0 0 0
cpu53 11095400 432568 5074473 1673185382 10559301 0 174868 0 0 0
cpu54 11462338 425131 5049735 1672772225 10642419 0 172106 0 0 0
cpu55 13160465 432016 5221463 1670854959 10589734 0 171991 0 0 0
intr 106370402568 74 4 0 0 0 0 0 0 0 0 0 0 6 0 0 0 0 360 213 2556206937 0 0 0 0 0 0 0 0 0 0 0 0 0 0 0 0 0 2394791894 426508433 8318410 677 278 24496490 0 0 0 0 0 0 0 0 0 0 0 0 0 0 0 0 0 0 0 0 0 0 0 0 0 0 0 0 0 0 0 0 0 0 0 0 0 0 0 0 0 0 0 0 0 0 0 0 0 0 0 0 0 0 0 0 0 0 0 0 0 0 0 0 0 0 0 0 0 0 0 0 0 0 0 0 0 0 0 0 0 0 0 0 0 0 0 0 0 0 0 0 0 0 0 0 0 0 0 0 0 0 0 0 0 0 0 0 0 0 0 0 0 0 0 0 0 0 0 0 0 0 0 0 0 0 0 0 0 0 0 0 0 0 0 0 0 0 0 0 0 0 0 0 0 0 0 0 0 0 0 0 0 0 0 0 0 0 0 0 0 0 0 0 0 0 0 0 0 0 0 0 0 0 0 0 0 0 0 0 0 0 0 0 0 0 0 0 0 0 0 0 0 0 0 0 0 0 0 0 0 0 0 0 0 0 0 0 0 0 0 0 0 0 0 0 0 0 0 0 0 0 0 0 0 0 0 0 0 0 0 0 0 0 0 0 0 0 0 0 0 0 0 0 0 0 0 0 0 0 0 0 0 0 0 0 0 0 0 0 0 0 0 0 0 0 0 0 0 0 0 0 0 0 0 0 0 0 0 0 0 0 0 0 0 0 0 0 0 0 0 0 0 0 0 0 0 0 0 0 0 0 0 0 0 0 0 0 0 0 0 0 0 0 0 0 0 0 0 0 0 0 0 0 0 0 0 0 0 0 0 0 0 0 0 0 0 0 0 0 0 0 0 0 0 0 0 0 0 0 0 0 0 0 0 0 0 0 0 0 0 0 0 0 0 0 0 0 0 0 0 0 0 0 0 0 0 0 0 0 0 0 0 0 0 0 0 0 0 0 0 0 0 0 0 0 0 0 0 0 0 0 0 0 0 0 0 0 0 0 0 0 0 0 0 0 0 0 0 0 0 0 0 0 0 0 0 0 0 0 0 0 0 0 0 0 0 0 0 0 0 0 0 0 0 0 0 0 0 0 0 0 0 0 0 0 0 0 0 0 0 0 0 0 0 0 0 0 0 0 0 0 0 0 0 0 0 0 0 0 0 0 0 0 0 0 0 0 0 0 0 0 0 0 0 0 0 0 0 0 0 0 0 0 0 0 0 0 0 0 0 0 0 0 0 0 0 0 0 0 0 0 0 0 0 0 0 0 0 0 0 0 0 0 0 0 0 0 0 0 0 0 0 0 0 0 0 0 0 0 0 0 0 0 0 0 0 0 0 0 0 0 0 0 0 0 0 0 0 0 0 0 0 0 0 0 0 0 0 0 0 0 0 0 0 0 0 0 0 0 0 0 0 0 0 0 0 0 0 0 0 0 0 0 0 0 0 0 0 0 0 0 0 0 0 0 0 0 0 0 0 0 0 0 0 0 0 0 0 0 0 0 0 0 0 0 0 0 0 0 0 0 0 0 0 0 0 0 0 0 0 0 0 0 0 0 0 0 0 0 0 0 0 0 0 0 0 0 0 0 0 0 0 0 0 0 0 0 0 0 0 0 0 0 0 0 0 0 0 0 0 0 0 0 0 0 0 0 0 0 0 0 0 0 0 0 0 0 0 0 0 0 0 0 0 0 0 0 0 0 0 0 0 0 0 0 0 0 0 0 0 0 0 0 0 0 0 0 0 0 0 0 0 0 0 0 0 0 0 0 0 0 0 0 0 0 0 0 0 0 0 0 0 0 0 0 0 0 0 0 0 0 0 0 0 0 0 0 0 0 0 0 0 0 0 0 0 0 0 0 0 0 0 0 0 0 0 0 0 0 0 0 0 0 0 0 0 0 0 0 0 0 0 0 0 0 0 0 0 0 0 0 0 0 0 0 0 0 0 0 0 0 0 0 0 0 0 0 0 0 0 0 0 0 0 0 0 0 0 0 0 0 0 0 0 0 0 0 0 0 0 0 0 0 0 0 0 0 0 0 0 0 0 0 0 0 0 0 0 0 0 0 0 0 0 0 0 0 0 0 0 0 0 0 0 0 0 0 0 0 0 0 0 0 0 0 0 0 0 0 0 0 0 0 0 0 0 0 0 0 0 0 0 0 0 0 0 0 0 0 0 0 0 0 0 0 0 0 0 0 0 0 0 0 0 0 0 0 0 0 0 0 0 0 0 0 0 0 0 0 0 0 0 0 0 0 0 0 0 0 0 0 0 0 0 0 0 0 0 0 0 0 0 0 0 0 0 0 0 0 0 0 0 0 0 0 0 0 0 0 0 0 0 0 0 0 0 0 0 0 0 0 0 0 0 0 0 0 0 0 0 0 0 0 0 0 0 0 0 0 0 0 0 0 0 0 0 0 0 0 0 0 0 0 0 0 0 0 0 0 0 0 0 0 0 0 0 0 0 0 0 0 0 0 0 0 0 0 0 0 0 0 0 0 0 0 0 0 0 0 0 0 0 0 0 0 0 0 0 0 0 0 0 0 0 0 0 0 0 0 0 0 0 0 0 0 0 0 0 0 0 0 0 0 0 0 0 0 0 0 0 0 0 0 0 0 0 0 0 0 0 0 0 0 0 0 0 0 0 0 0 0 0 0 0 0 0 0 0 0 0 0 0 0 0 0 0 0 0 0 0 0 0 0 0 0 0 0 0 0 0 0 0 0 0 0 0 0 0 0 0 0 0 0 0 0 0 0 0 0 0 0 0 0 0 0 0 0 0 0 0 0 0 0 0 0 0 0 0 0 0 0 0 0 0 0 0 0 0 0 0 0 0 0 0 0 0 0 0 0 0 0 0 0 0 0 0 0 0 0 0 0 0 0 0 0 0 0 0 0 0 0 0 0 0 0 0 0 0 0 0 0 0 0 0 0 0 0 0 0 0 0 0 0 0 0 0 0 0 0 0 0 0 0 0 0 0 0 0 0 0 0 0 0 0 0 0 0 0 0 0 0 0 0 0 0 0 0 0 0 0 0 0 0 0 0 0 0 0 0 0 0 0 0 0 0 0 0 0 0 0 0 0 0 0 0 0 0 0 0 0 0 0 0 0 0 0 0 0 0 0 0 0 0 0 0 0 0 0 0 0 0 0 0 0 0 0 0 0 0 0 0 0 0 0 0 0 0 0 0 0 0 0 0 0 0 0 0 0 0 0 0 0 0 0 0 0 0 0 0 0 0 0 0 0 0 0 0 0 0 0 0 0 0 0 0 0 0 0 0 0 0 0 0 0 0 0 0 0 0 0 0 0 0 0 0 0 0 0 0 0 0 0 0 0 0 0 0 0 0 0 0 0 0 0 0 0 0 0 0 0 0 0 0 0 0 0 0 0 0 0 0 0 0 0 0 0 0 0 0 0 0 0 0 0 0 0 0 0 0 0 0 0 0 0 0 0 0 0 0 0 0 0 0 0 0 0 0 0 0 0 0 0 0 0 0 0 0 0 0 0 0 0 0 0 0 0 0 0 0 0 0 0 0 0 0 0 0 0 0 0 0 0 0 0 0 0 0 0 0 0 0 0 0 0 0 0 0 0 0 0 0 0 0 0 0 0 0 0 0 0 0 0 0 0 0 0 0 0 0 0 0 0 0 0 0 0 0 0 0 0 0 0 0 0 0 0 0 0 0 0 0 0 0 0 0 0 0 0 0 0 0 0 0 0 0 0 0 0 0 0 0 0 0 0 0 0 0 0 0 0 0 0 0 0 0 0 0 0 0 0 0 0 0 0
ctxt 208267691059
btime 1773600682
processes 94927566
procs_running 3
procs_blocked 0
softirq 43035412072 256 2278384706 38625469 887703716 1476303252 0 2936377908 571883018 5109161 481286218
--
cpu  802932758 23598936 303326881 93436414773 610713655 0 8824590 0 0 0
cpu0 29446858 224394 7361805 1619911468 8331114 0 165740 0 0 0
cpu1 29266168 432889 7642933 1649241053 11021461 0 55510 0 0 0
cpu2 28199821 463108 7592037 1652779607 10878446 0 36393 0 0 0
cpu3 25943303 484906 6791899 1656233907 11039207 0 30594 0 0 0
cpu4 22369339 490414 6373577 1660296315 11076730 0 30073 0 0 0
cpu5 19969707 494023 5978969 1662898959 11317403 0 28272 0 0 0
cpu6 17827526 497511 5638323 1665526635 11191975 0 28453 0 0 0
cpu7 16613981 487783 5477725 1666961388 11171141 0 26479 0 0 0
cpu8 15340412 485635 5285041 1668183065 11408550 0 26495 0 0 0
cpu9 14906676 489844 5254332 1668675035 11338772 0 26674 0 0 0
cpu10 14408031 472357 5135877 1669184298 11495232 0 25903 0 0 0
cpu11 14132920 465792 5147681 1669186544 11699837 0 27025 0 0 0
cpu12 14188927 458188 5270559 1669299327 11397452 0 26106 0 0 0
cpu13 12799600 425511 5433074 1668744123 9922460 0 1897404 0 0 0
cpu14 31523973 477236 7836771 1650078226 10085268 0 175902 0 0 0
cpu15 21118098 503934 6804605 1660853070 10896659 0 174232 0 0 0
cpu16 17755091 491819 6315273 1664569626 11133740 0 174596 0 0 0
cpu17 14932280 500066 5672903 1668337682 10904698 0 169665 0 0 0
cpu18 13592984 505884 5521469 1670053025 10640420 0 173944 0 0 0
cpu19 12937217 472687 5418511 1670820870 10655408 0 172942 0 0 0
cpu20 13088463 493492 5352247 1670707116 10657741 0 174235 0 0 0
cpu21 12210827 482428 5339614 1671473000 10771509 0 172541 0 0 0
cpu22 11982100 482914 5341656 1671395912 11081727 0 174397 0 0 0
cpu23 11694492 471865 5191490 1672142499 10734583 0 173452 0 0 0
cpu24 11731491 448076 5194606 1671860480 11041760 0 171750 0 0 0
cpu25 11557364 450839 5258285 1672332002 10684514 0 178920 0 0 0
cpu26 12010219 478046 5298695 1671761147 10627815 0 180850 0 0 0
cpu27 13882233 464459 5486882 1669423204 10979854 0 178088 0 0 0
cpu28 18768967 361854 5860632 1658270096 9964345 0 1253747 0 0 0
cpu29 13427065 381424 5530041 1669039245 11673498 0 63544 0 0 0
cpu30 12751898 342093 5327616 1670881001 11247125 0 26780 0 0 0
cpu31 11676627 306256 5009143 1672826246 10868833 0 24123 0 0 0
cpu32 10894524 292303 4884016 1673240549 11397023 0 23958 0 0 0
cpu33 10506708 294659 4788257 1673044505 12114696 0 23537 0 0 0
cpu34 10107468 300801 4684446 1673701805 11872464 0 22638 0 0 0
cpu35 9689856 288349 4578125 1674403876 11825018 0 24282 0 0 0
cpu36 9560895 287721 4477512 1674924428 11575284 0 22578 0 0 0
cpu37 9402009 302139 4457834 1675098612 11595698 0 22301 0 0 0
cpu38 9340904 311327 4410590 1675465651 11334643 0 22449 0 0 0
cpu39 9402634 310554 4503511 1675237007 11304529 0 23184 0 0 0
cpu40 9356753 306218 4530779 1675467222 11111493 0 23985 0 0 0
cpu41 9760026 317785 4531726 1674771627 11289636 0 23581 0 0 0
cpu42 13910433 443034 5477147 1670120094 10331894 0 171393 0 0 0
cpu43 11930381 434858 5190016 1672252221 10395059 0 167896 0 0 0
cpu44 11767209 425576 5248160 1672583884 10306485 0 168160 0 0 0
cpu45 11245295 430940 5012458 1673255113 10414889 0 161810 0 0 0
cpu46 11127529 431394 5006873 1673281255 10520704 0 163389 0 0 0
cpu47 10942918 452452 5030023 1673309266 10626059 0 164276 0 0 0
cpu48 11671035 439673 4999212 1672715098 10596881 0 163529 0 0 0
cpu49 11120904 416764 5032441 1673435407 10393308 0 166632 0 0 0
cpu50 11066409 440746 4997807 1673137878 10735822 0 165273 0 0 0
cpu51 11322367 447564 5002991 1673041065 10531438 0 167832 0 0 0
cpu52 11033587 446614 4992916 1673167266 10709820 0 168056 0 0 0
cpu53 11095409 432568 5074495 1673186118 10559313 0 174878 0 0 0
cpu54 11462347 425131 5049761 1672772952 10642437 0 172117 0 0 0
cpu55 13160475 432016 5221487 1670855678 10589758 0 172002 0 0 0
intr 106370596904 74 4 0 0 0 0 0 0 0 0 0 0 6 0 0 0 0 360 213 2556208961 0 0 0 0 0 0 0 0 0 0 0 0 0 0 0 0 0 2394825083 426508607 8318414 677 278 24496490 0 0 0 0 0 0 0 0 0 0 0 0 0 0 0 0 0 0 0 0 0 0 0 0 0 0 0 0 0 0 0 0 0 0 0 0 0 0 0 0 0 0 0 0 0 0 0 0 0 0 0 0 0 0 0 0 0 0 0 0 0 0 0 0 0 0 0 0 0 0 0 0 0 0 0 0 0 0 0 0 0 0 0 0 0 0 0 0 0 0 0 0 0 0 0 0 0 0 0 0 0 0 0 0 0 0 0 0 0 0 0 0 0 0 0 0 0 0 0 0 0 0 0 0 0 0 0 0 0 0 0 0 0 0 0 0 0 0 0 0 0 0 0 0 0 0 0 0 0 0 0 0 0 0 0 0 0 0 0 0 0 0 0 0 0 0 0 0 0 0 0 0 0 0 0 0 0 0 0 0 0 0 0 0 0 0 0 0 0 0 0 0 0 0 0 0 0 0 0 0 0 0 0 0 0 0 0 0 0 0 0 0 0 0 0 0 0 0 0 0 0 0 0 0 0 0 0 0 0 0 0 0 0 0 0 0 0 0 0 0 0 0 0 0 0 0 0 0 0 0 0 0 0 0 0 0 0 0 0 0 0 0 0 0 0 0 0 0 0 0 0 0 0 0 0 0 0 0 0 0 0 0 0 0 0 0 0 0 0 0 0 0 0 0 0 0 0 0 0 0 0 0 0 0 0 0 0 0 0 0 0 0 0 0 0 0 0 0 0 0 0 0 0 0 0 0 0 0 0 0 0 0 0 0 0 0 0 0 0 0 0 0 0 0 0 0 0 0 0 0 0 0 0 0 0 0 0 0 0 0 0 0 0 0 0 0 0 0 0 0 0 0 0 0 0 0 0 0 0 0 0 0 0 0 0 0 0 0 0 0 0 0 0 0 0 0 0 0 0 0 0 0 0 0 0 0 0 0 0 0 0 0 0 0 0 0 0 0 0 0 0 0 0 0 0 0 0 0 0 0 0 0 0 0 0 0 0 0 0 0 0 0 0 0 0 0 0 0 0 0 0 0 0 0 0 0 0 0 0 0 0 0 0 0 0 0 0 0 0 0 0 0 0 0 0 0 0 0 0 0 0 0 0 0 0 0 0 0 0 0 0 0 0 0 0 0 0 0 0 0 0 0 0 0 0 0 0 0 0 0 0 0 0 0 0 0 0 0 0 0 0 0 0 0 0 0 0 0 0 0 0 0 0 0 0 0 0 0 0 0 0 0 0 0 0 0 0 0 0 0 0 0 0 0 0 0 0 0 0 0 0 0 0 0 0 0 0 0 0 0 0 0 0 0 0 0 0 0 0 0 0 0 0 0 0 0 0 0 0 0 0 0 0 0 0 0 0 0 0 0 0 0 0 0 0 0 0 0 0 0 0 0 0 0 0 0 0 0 0 0 0 0 0 0 0 0 0 0 0 0 0 0 0 0 0 0 0 0 0 0 0 0 0 0 0 0 0 0 0 0 0 0 0 0 0 0 0 0 0 0 0 0 0 0 0 0 0 0 0 0 0 0 0 0 0 0 0 0 0 0 0 0 0 0 0 0 0 0 0 0 0 0 0 0 0 0 0 0 0 0 0 0 0 0 0 0 0 0 0 0 0 0 0 0 0 0 0 0 0 0 0 0 0 0 0 0 0 0 0 0 0 0 0 0 0 0 0 0 0 0 0 0 0 0 0 0 0 0 0 0 0 0 0 0 0 0 0 0 0 0 0 0 0 0 0 0 0 0 0 0 0 0 0 0 0 0 0 0 0 0 0 0 0 0 0 0 0 0 0 0 0 0 0 0 0 0 0 0 0 0 0 0 0 0 0 0 0 0 0 0 0 0 0 0 0 0 0 0 0 0 0 0 0 0 0 0 0 0 0 0 0 0 0 0 0 0 0 0 0 0 0 0 0 0 0 0 0 0 0 0 0 0 0 0 0 0 0 0 0 0 0 0 0 0 0 0 0 0 0 0 0 0 0 0 0 0 0 0 0 0 0 0 0 0 0 0 0 0 0 0 0 0 0 0 0 0 0 0 0 0 0 0 0 0 0 0 0 0 0 0 0 0 0 0 0 0 0 0 0 0 0 0 0 0 0 0 0 0 0 0 0 0 0 0 0 0 0 0 0 0 0 0 0 0 0 0 0 0 0 0 0 0 0 0 0 0 0 0 0 0 0 0 0 0 0 0 0 0 0 0 0 0 0 0 0 0 0 0 0 0 0 0 0 0 0 0 0 0 0 0 0 0 0 0 0 0 0 0 0 0 0 0 0 0 0 0 0 0 0 0 0 0 0 0 0 0 0 0 0 0 0 0 0 0 0 0 0 0 0 0 0 0 0 0 0 0 0 0 0 0 0 0 0 0 0 0 0 0 0 0 0 0 0 0 0 0 0 0 0 0 0 0 0 0 0 0 0 0 0 0 0 0 0 0 0 0 0 0 0 0 0 0 0 0 0 0 0 0 0 0 0 0 0 0 0 0 0 0 0 0 0 0 0 0 0 0 0 0 0 0 0 0 0 0 0 0 0 0 0 0 0 0 0 0 0 0 0 0 0 0 0 0 0 0 0 0 0 0 0 0 0 0 0 0 0 0 0 0 0 0 0 0 0 0 0 0 0 0 0 0 0 0 0 0 0 0 0 0 0 0 0 0 0 0 0 0 0 0 0 0 0 0 0 0 0 0 0 0 0 0 0 0 0 0 0 0 0 0 0 0 0 0 0 0 0 0 0 0 0 0 0 0 0 0 0 0 0 0 0 0 0 0 0 0 0 0 0 0 0 0 0 0 0 0 0 0 0 0 0 0 0 0 0 0 0 0 0 0 0 0 0 0 0 0 0 0 0 0 0 0 0 0 0 0 0 0 0 0 0 0 0 0 0 0 0 0 0 0 0 0 0 0 0 0 0 0 0 0 0 0 0 0 0 0 0 0 0 0 0 0 0 0 0 0 0 0 0 0 0 0 0 0 0 0 0 0 0 0 0 0 0 0 0 0 0 0 0 0 0 0 0 0 0 0 0 0 0 0 0 0 0 0 0 0 0 0 0 0 0 0 0 0 0 0 0 0 0 0 0 0 0 0 0 0 0 0 0 0 0 0 0 0 0 0 0 0 0 0 0 0 0 0 0 0 0 0 0 0 0 0 0 0 0 0 0 0 0 0 0 0 0 0 0 0 0 0 0 0 0 0 0 0 0 0 0 0 0 0 0 0 0 0 0 0 0 0 0 0 0 0 0 0 0 0 0 0 0 0 0 0 0 0 0 0 0 0 0 0 0 0 0 0 0 0 0 0 0 0 0 0 0 0 0 0 0 0 0 0 0 0 0 0 0 0 0 0 0 0 0 0 0 0 0 0 0 0 0 0 0 0 0 0 0 0 0 0 0 0 0 0 0 0 0 0 0 0 0 0 0 0 0 0 0 0 0 0 0 0 0 0 0 0 0 0 0 0 0 0 0 0 0 0 0 0 0 0 0 0 0 0 0 0 0 0 0 0 0 0 0 0 0 0 0 0 0 0 0 0 0 0 0 0 0 0 0 0 0 0 0 0 0 0 0 0 0 0 0 0 0 0 0 0 0 0 0 0 0 0 0 0 0 0 0 0 0 0 0 0 0 0 0 0 0 0 0 0 0 0 0 0 0 0 0 0 0 0 0 0 0 0 0 0 0 0 0 0 0 0 0 0 0 0 0 0 0 0 0 0 0 0 0 0 0 0 0
ctxt 208268531579
btime 1773600682
processes 94927661
procs_running 8
procs_blocked 1
softirq 43035699339 256 2278386883 38626844 887909135 1476304270 0 2936380520 571928144 5109161 481315758
