Running 10s test @ http://192.168.10.15:18500/
  32 threads and 512 connections
  Thread Stats   Avg      Stdev     Max   +/- Stdev
    Latency     1.09ms  108.76us   3.64ms   75.30%
    Req/Sec    14.36k   611.43    21.07k    90.77%
  Latency Distribution
     50%    1.09ms
     75%    1.16ms
     90%    1.22ms
     99%    1.37ms
  4613820 requests in 10.10s, 466.41MB read
Requests/sec: 456839.28
Transfer/sec:     46.18MB
## drops 0 0
## server-stat
cpu  1242717 453 657348 9813404 31261 0 254060 0 0 0
cpu0 43711 8 19878 305342 812 0 8856 0 0 0
cpu1 44173 10 19773 306316 565 0 8506 0 0 0
cpu2 44513 8 19681 306400 360 0 8441 0 0 0
cpu3 45248 10 20170 304310 1182 0 8481 0 0 0
cpu4 45567 9 19975 304611 720 0 8564 0 0 0
cpu5 45253 10 19891 305377 359 0 8441 0 0 0
cpu6 44746 8 19788 305989 350 0 8437 0 0 0
cpu7 43822 6 19579 307175 224 0 8262 0 0 0
cpu8 26123 13 20136 317934 1047 0 5373 0 0 0
cpu9 29092 14 20643 312716 2355 0 5558 0 0 0
cpu10 28224 13 20519 315125 1188 0 5672 0 0 0
cpu11 26763 11 19828 319170 625 0 5368 0 0 0
cpu12 43982 82 21217 297724 3008 0 5755 0 0 0
cpu13 42764 14 21421 299202 2400 0 5879 0 0 0
cpu14 26685 10 19437 320896 823 0 5262 0 0 0
cpu15 25334 11 18216 324616 644 0 4793 0 0 0
cpu16 48020 5 20635 301995 364 0 8625 0 0 0
cpu17 47882 5 20656 301112 1256 0 8664 0 0 0
cpu18 47652 6 20500 302547 285 0 8565 0 0 0
cpu19 48798 7 20964 300213 663 0 8800 0 0 0
cpu20 48976 9 20907 300316 692 0 8772 0 0 0
cpu21 47436 7 20433 302326 594 0 8628 0 0 0
cpu22 46488 7 20455 302053 335 0 8577 0 0 0
cpu23 45329 9 20153 304748 302 0 8482 0 0 0
cpu24 28928 13 20570 316903 840 0 5754 0 0 0
cpu25 31241 15 22380 308628 1561 0 6637 0 0 0
cpu26 30320 13 22030 310533 1226 0 6497 0 0 0
cpu27 26142 7 19793 311280 1068 0 10955 0 0 0
cpu28 42266 21 23317 287093 1889 0 13378 0 0 0
cpu29 43993 59 23603 284273 1896 0 13474 0 0 0
cpu30 25287 9 19969 310618 837 0 10829 0 0 0
cpu31 27946 8 20815 315846 774 0 5760 0 0 0
intr 1012677805 126 0 0 0 0 0 0 0 0 1 0 0 0 0 0 0 0 0 0 0 0 0 0 0 0 0 0 1 1 1 0 0 0 0 1 0 1 0 0 75045 0 0 0 0 0 0 0 0 411 0 0 0 0 0 0 0 0 87 0 0 0 0 0 0 0 0 0 0 0 0 0 0 0 135765 2 20200081 20155171 20122257 20228597 0 3222 2361 2921 1563 3081 2642 2059 2559 1470 10265 18226 10169 8156 13222 14712 11307 7365 2694 1791 1459 2357 2247 1934 1589 1625 8913 7173 4969 5623 6467 5734 6118 7962 0 0 0 0 616264 2999 1036 0 264 0 0 0 0 0 0 0 0 0 0 0 0 0 0 0 0 0 0 0 0 0 0 0 0 0 0 0 0 0 0 0 0 0 0 0 0 0 0 0 0 0 0 0 0 0 0 0 0 0 0 0 0 0 0 0 0 0 0 0 0 0 0 0 0 0 0 0 0 0 0 0 0 0 0 0 0 0 0 0 0 0 0 0 0 0 0 0 0 0 0 0 0 0 0 0 0 0 0 0 0 0 0 0 0 0 0 0 0 0 0 0 0 0 0 0 0 0 0 0 0 0 0 0 0 0 0 0 0 0 0 0 0 0 0 0 0 0 0 0 0 0 0 0 0 0 0 0 0 0 0 0 0 0 0 0 0 0 0 0 0 0 0 0 0 0 0 0 0 0 0 0 0 0 0 0 0 0 0 0 0 0 0 0 0 0 0 0 0 0 0 0 0 0 0 0 0 0 0 0 0 0 0 0 0 0 0 0 0 0 0 0 0 0 0 0 0 0 0 0 0 0 0 0 0 0 0 0 0 0 0 0 0 0 0 0 0 0 0 0 0 0 0 0 0 0 0 0 0 0 0 0 0 0 0 0 0 0 0 0 0 0 0 0 0 0 0 0 0 0 0 0 0 0 0 0 0 0 0 0 0 0 0 0 0 0 0 0 0 0 0 0 0 0 0 0 0 0 0 0 0 0 0 0 0 0 0 0 0 0 0 0 0 0 0 0 0 0 0 0 0 0 0 0 0 0 0 0 0 0 0 0 0 0 0 0 0 0 0 0 0 0 0 0 0 0 0 0 0 0 0 0 0 0 0 0 0 0 0 0 0 0 0 0 0 0 0 0 0 0 0 0 0 0 0 0 0 0 0 0 0 0 0 0 0 0 0 0 0 0 0 0 0 0 0 0 0 0 0 0 0 0 0 0 0 0 0 0 0 0 0 0 0 0 0 0 0 0 0 0 0 0 0 0 0 0 0 0 0 0 0 0 0 0 0 0 0 0 0 0 0 0 0 0 0 0 0 0 0 0 0 0 0 0 0 0 0 0 0 0 0 0 0 0 0 0 0 0 0 0 0 0 0 0 0 0 0 0 0 0 0 0 0 0 0 0 0 0 0 0 0 0 0 0 0 0 0 0 0 0 0 0 0 0 0 0 0 0 0 0 0 0 0 0 0 0 0 0 0 0 0 0 0 0 0 0 0 0 0 0 0 0 0 0 0 0 0 0 0 0 0 0 0 0 0 0 0 0 0 0 0 0 0 0 0 0 0 0 0 0 0 0 0 0 0 0 0 0 0 0 0 0 0 0 0 0 0 0 0 0 0 0 0 0 0 0 0 0 0 0 0 0 0 0 0 0 0 0 0 0 0 0 0 0 0 0 0 0 0 0 0 0 0 0 0 0 0 0 0 0 0 0 0 0 0 0 0 0 0 0 0 0 0 0 0 0 0 0 0 0 0 0 0 0 0 0 0 0 0 0 0 0 0 0 0 0 0 0 0 0 0 0 0 0 0 0 0 0 0 0 0 0 0 0 0 0 0 0 0 0 0 0 0 0 0 0 0 0 0 0 0 0 0 0 0 0 0 0 0 0 0 0 0 0 0 0 0 0 0 0 0 0 0 0 0 0 0 0 0 0 0 0 0 0 0 0 0 0 0 0 0 0 0 0 0 0 0 0 0 0 0 0 0 0 0 0 0 0 0 0 0 0 0 0 0 0 0 0 0 0 0 0 0 0 0 0 0 0 0 0 0 0 0 0 0 0 0 0 0 0 0 0 0 0 0 0 0 0 0 0 0 0 0 0 0 0 0 0 0 0 0 0 0 0 0 0 0 0 0 0 0 0 0 0 0 0 0 0 0 0 0 0 0 0 0 0 0 0 0 0 0 0 0 0 0 0 0 0 0 0 0 0 0 0 0 0 0 0 0 0 0 0 0 0 0 0 0 0 0 0 0 0 0 0 0 0 0 0 0 0 0 0 0 0 0 0 0 0 0 0 0 0 0 0 0 0 0 0 0 0 0 0 0 0 0 0 0 0 0 0 0 0 0 0 0 0 0 0 0 0 0 0 0 0 0 0 0 0 0 0 0 0 0 0 0 0 0 0 0 0 0 0 0 0 0 0 0 0 0 0 0 0 0 0 0 0 0 0 0 0 0 0 0 0 0 0 0 0 0 0 0 0 0 0 0 0 0 0 0 0 0 0 0 0 0 0 0 0 0 0 0 0 0 0 0 0 0 0 0 0 0 0 0 0 0 0 0 0 0 0 0 0 0 0 0 0 0 0 0 0 0 0 0 0 0 0 0 0 0 0 0 0 0 0 0 0 0 0 0 0 0 0 0 0 0 0 0 0 0 0 0 0 0 0 0 0 0 0 0 0 0 0 0 0 0 0 0 0 0 0 0 0 0 0 0 0 0 0 0 0 0 0 0 0 0 0 0 0 0 0 0 0 0 0 0 0 0 0 0 0 0 0 0 0 0 0 0 0 0 0 0 0 0
ctxt 1377163892
btime 1790630938
processes 109203
procs_running 19
procs_blocked 0
softirq 1302458705 73526 2354814 1226329 1261777765 141407 0 7170844 18138099 410 11575511
--
cpu  1245573 454 659039 9832114 31268 0 254551 0 0 0
cpu0 43712 8 19879 306129 812 0 8856 0 0 0
cpu1 44174 10 19774 307114 565 0 8506 0 0 0
cpu2 44514 8 19681 307198 360 0 8441 0 0 0
cpu3 45249 10 20171 305108 1182 0 8481 0 0 0
cpu4 45567 9 19976 305410 720 0 8564 0 0 0
cpu5 45254 10 19891 306175 359 0 8441 0 0 0
cpu6 44746 8 19789 306787 350 0 8437 0 0 0
cpu7 43822 6 19580 307974 224 0 8262 0 0 0
cpu8 26293 13 20240 318340 1047 0 5389 0 0 0
cpu9 29267 14 20746 313108 2358 0 5574 0 0 0
cpu10 28395 13 20625 315515 1188 0 5689 0 0 0
cpu11 26934 11 19929 319568 625 0 5385 0 0 0
cpu12 44167 82 21326 298106 3008 0 5775 0 0 0
cpu13 42952 14 21532 299577 2400 0 5899 0 0 0
cpu14 26851 10 19540 321303 823 0 5278 0 0 0
cpu15 25491 11 18319 325037 644 0 4807 0 0 0
cpu16 48022 5 20635 302793 364 0 8625 0 0 0
cpu17 47883 5 20657 301909 1256 0 8664 0 0 0
cpu18 47654 6 20500 303345 285 0 8565 0 0 0
cpu19 48801 7 20966 301008 663 0 8800 0 0 0
cpu20 48978 9 20909 301112 692 0 8773 0 0 0
cpu21 47437 7 20434 303122 594 0 8628 0 0 0
cpu22 46490 7 20456 302850 335 0 8577 0 0 0
cpu23 45330 9 20154 305545 302 0 8482 0 0 0
cpu24 29110 13 20678 317272 840 0 5776 0 0 0
cpu25 31434 15 22494 308985 1561 0 6663 0 0 0
cpu26 30510 13 22145 310895 1226 0 6523 0 0 0
cpu27 26312 7 19885 311617 1068 0 11020 0 0 0
cpu28 42455 21 23421 287403 1892 0 13455 0 0 0
cpu29 44185 59 23702 284583 1896 0 13549 0 0 0
cpu30 25450 9 20065 310975 838 0 10877 0 0 0
cpu31 28122 8 20927 316232 774 0 5777 0 0 0
intr 1018692229 126 0 0 0 0 0 0 0 0 1 0 0 0 0 0 0 0 0 0 0 0 0 0 0 0 0 0 1 1 1 0 0 0 0 1 0 1 0 0 75045 0 0 0 0 0 0 0 0 411 0 0 0 0 0 0 0 0 87 0 0 0 0 0 0 0 0 0 0 0 0 0 0 0 135967 2 20363361 20318447 20285535 20391872 0 3226 2361 2921 1563 3081 2642 2059 2559 1470 10265 18226 10169 8156 13222 14712 11307 7365 2694 1791 1459 2357 2247 1934 1589 1625 8913 7175 4969 5625 6468 5734 6119 7962 0 0 0 0 616264 2999 1036 0 264 0 0 0 0 0 0 0 0 0 0 0 0 0 0 0 0 0 0 0 0 0 0 0 0 0 0 0 0 0 0 0 0 0 0 0 0 0 0 0 0 0 0 0 0 0 0 0 0 0 0 0 0 0 0 0 0 0 0 0 0 0 0 0 0 0 0 0 0 0 0 0 0 0 0 0 0 0 0 0 0 0 0 0 0 0 0 0 0 0 0 0 0 0 0 0 0 0 0 0 0 0 0 0 0 0 0 0 0 0 0 0 0 0 0 0 0 0 0 0 0 0 0 0 0 0 0 0 0 0 0 0 0 0 0 0 0 0 0 0 0 0 0 0 0 0 0 0 0 0 0 0 0 0 0 0 0 0 0 0 0 0 0 0 0 0 0 0 0 0 0 0 0 0 0 0 0 0 0 0 0 0 0 0 0 0 0 0 0 0 0 0 0 0 0 0 0 0 0 0 0 0 0 0 0 0 0 0 0 0 0 0 0 0 0 0 0 0 0 0 0 0 0 0 0 0 0 0 0 0 0 0 0 0 0 0 0 0 0 0 0 0 0 0 0 0 0 0 0 0 0 0 0 0 0 0 0 0 0 0 0 0 0 0 0 0 0 0 0 0 0 0 0 0 0 0 0 0 0 0 0 0 0 0 0 0 0 0 0 0 0 0 0 0 0 0 0 0 0 0 0 0 0 0 0 0 0 0 0 0 0 0 0 0 0 0 0 0 0 0 0 0 0 0 0 0 0 0 0 0 0 0 0 0 0 0 0 0 0 0 0 0 0 0 0 0 0 0 0 0 0 0 0 0 0 0 0 0 0 0 0 0 0 0 0 0 0 0 0 0 0 0 0 0 0 0 0 0 0 0 0 0 0 0 0 0 0 0 0 0 0 0 0 0 0 0 0 0 0 0 0 0 0 0 0 0 0 0 0 0 0 0 0 0 0 0 0 0 0 0 0 0 0 0 0 0 0 0 0 0 0 0 0 0 0 0 0 0 0 0 0 0 0 0 0 0 0 0 0 0 0 0 0 0 0 0 0 0 0 0 0 0 0 0 0 0 0 0 0 0 0 0 0 0 0 0 0 0 0 0 0 0 0 0 0 0 0 0 0 0 0 0 0 0 0 0 0 0 0 0 0 0 0 0 0 0 0 0 0 0 0 0 0 0 0 0 0 0 0 0 0 0 0 0 0 0 0 0 0 0 0 0 0 0 0 0 0 0 0 0 0 0 0 0 0 0 0 0 0 0 0 0 0 0 0 0 0 0 0 0 0 0 0 0 0 0 0 0 0 0 0 0 0 0 0 0 0 0 0 0 0 0 0 0 0 0 0 0 0 0 0 0 0 0 0 0 0 0 0 0 0 0 0 0 0 0 0 0 0 0 0 0 0 0 0 0 0 0 0 0 0 0 0 0 0 0 0 0 0 0 0 0 0 0 0 0 0 0 0 0 0 0 0 0 0 0 0 0 0 0 0 0 0 0 0 0 0 0 0 0 0 0 0 0 0 0 0 0 0 0 0 0 0 0 0 0 0 0 0 0 0 0 0 0 0 0 0 0 0 0 0 0 0 0 0 0 0 0 0 0 0 0 0 0 0 0 0 0 0 0 0 0 0 0 0 0 0 0 0 0 0 0 0 0 0 0 0 0 0 0 0 0 0 0 0 0 0 0 0 0 0 0 0 0 0 0 0 0 0 0 0 0 0 0 0 0 0 0 0 0 0 0 0 0 0 0 0 0 0 0 0 0 0 0 0 0 0 0 0 0 0 0 0 0 0 0 0 0 0 0 0 0 0 0 0 0 0 0 0 0 0 0 0 0 0 0 0 0 0 0 0 0 0 0 0 0 0 0 0 0 0 0 0 0 0 0 0 0 0 0 0 0 0 0 0 0 0 0 0 0 0 0 0 0 0 0 0 0 0 0 0 0 0 0 0 0 0 0 0 0 0 0 0 0 0 0 0 0 0 0 0 0 0 0 0 0 0 0 0 0 0 0 0 0 0 0 0 0 0 0 0 0 0 0 0 0 0 0 0 0 0 0 0 0 0 0 0 0 0 0 0 0 0 0 0 0 0 0 0 0 0 0 0 0 0 0 0 0 0 0 0 0 0 0 0 0 0 0 0 0 0 0 0 0 0 0 0 0 0 0 0 0 0 0 0 0 0 0 0 0 0 0 0 0 0 0 0 0 0 0 0 0 0 0 0 0 0 0 0 0 0 0 0 0 0 0 0 0 0 0 0 0 0 0 0 0 0 0 0 0 0 0 0 0 0 0 0 0 0 0 0 0 0 0 0 0 0 0 0 0 0 0 0 0 0 0 0 0 0 0 0 0 0 0 0 0 0 0 0 0 0 0 0 0 0 0 0 0 0 0 0 0 0 0 0 0 0 0 0 0 0 0 0 0 0 0 0 0 0 0 0 0 0 0 0 0 0 0 0 0 0 0 0 0 0 0 0 0 0 0 0 0 0 0 0 0 0 0 0 0 0 0 0
ctxt 1383372093
btime 1790630938
processes 109246
procs_running 1
procs_blocked 0
softirq 1305850885 73526 2359988 1226446 1265081689 141606 0 7170844 18190529 410 11605847
## client-stat
cpu  802943426 23598936 303366035 93436707880 610715020 0 8839192 0 0 0
cpu0 29447045 224394 7362258 1619916453 8331114 0 165883 0 0 0
cpu1 29266363 432889 7643608 1649246118 11021709 0 55695 0 0 0
cpu2 28200018 463108 7592694 1652784939 10878473 0 36580 0 0 0
cpu3 25943518 484906 6792600 1656239223 11039234 0 30772 0 0 0
cpu4 22369515 490414 6374266 1660301673 11076769 0 30258 0 0 0
cpu5 19969880 494023 5979658 1662904365 11317405 0 28446 0 0 0
cpu6 17827692 497511 5638996 1665532040 11191988 0 28636 0 0 0
cpu7 16614164 487783 5478401 1666966784 11171155 0 26660 0 0 0
cpu8 15340579 485635 5285711 1668188481 11408564 0 26678 0 0 0
cpu9 14906840 489844 5255013 1668680447 11338781 0 26854 0 0 0
cpu10 14408199 472357 5136564 1669189697 11495255 0 26084 0 0 0
cpu11 14133080 465792 5148364 1669191957 11699844 0 27216 0 0 0
cpu12 14189109 458188 5271250 1669304706 11397458 0 26295 0 0 0
cpu13 12799762 425511 5433757 1668749505 9922469 0 1897601 0 0 0
cpu14 31524186 477236 7837512 1650083414 10085288 0 176142 0 0 0
cpu15 21118336 503934 6805356 1660858206 10896713 0 174462 0 0 0
cpu16 17755289 491819 6316027 1664574844 11133745 0 174826 0 0 0
cpu17 14932528 500066 5673660 1668342843 10904713 0 169887 0 0 0
cpu18 13593188 505884 5522215 1670058230 10640463 0 174174 0 0 0
cpu19 12937431 472687 5419251 1670826075 10655432 0 173166 0 0 0
cpu20 13088642 493492 5352992 1670712283 10657840 0 174454 0 0 0
cpu21 12211026 482428 5340383 1671478216 10771522 0 172762 0 0 0
cpu22 11982300 482914 5342400 1671401148 11081745 0 174615 0 0 0
cpu23 11694685 471865 5192260 1672147720 10734597 0 173671 0 0 0
cpu24 11731713 448076 5195351 1671865659 11041807 0 171976 0 0 0
cpu25 11557593 450839 5259049 1672337128 10684576 0 179156 0 0 0
cpu26 12010420 478046 5299450 1671766334 10627836 0 181085 0 0 0
cpu27 13882420 464459 5487632 1669428426 10979867 0 178317 0 0 0
cpu28 18769012 361854 5860779 1658272608 9964345 0 1257101 0 0 0
cpu29 13427220 381424 5530698 1669044700 11673503 0 63722 0 0 0
cpu30 12752066 342093 5328283 1670886404 11247145 0 26966 0 0 0
cpu31 11676784 306256 5009790 1672831716 10868833 0 24309 0 0 0
cpu32 10894687 292303 4884670 1673245973 11397045 0 24131 0 0 0
cpu33 10506898 294659 4788927 1673049889 12114726 0 23710 0 0 0
cpu34 10107640 300801 4685114 1673707208 11872485 0 22816 0 0 0
cpu35 9690035 288349 4578818 1674409261 11825027 0 24467 0 0 0
cpu36 9561117 287721 4478176 1674929804 11575296 0 22746 0 0 0
cpu37 9402168 302139 4458518 1675103992 11595752 0 22481 0 0 0
cpu38 9341066 311327 4411257 1675471077 11334661 0 22627 0 0 0
cpu39 9402814 310554 4504191 1675242409 11304537 0 23367 0 0 0
cpu40 9356916 306218 4531458 1675472594 11111539 0 24176 0 0 0
cpu41 9760222 317785 4532415 1674776990 11289638 0 23764 0 0 0
cpu42 13910615 443034 5477892 1670125324 10331908 0 171621 0 0 0
cpu43 11930574 434858 5190753 1672257456 10395070 0 168127 0 0 0
cpu44 11767405 425576 5248919 1672589068 10306540 0 168387 0 0 0
cpu45 11245503 430940 5013211 1673260333 10414902 0 162031 0 0 0
cpu46 11127728 431394 5007601 1673286496 10520719 0 163620 0 0 0
cpu47 10943118 452452 5030786 1673314473 10626091 0 164496 0 0 0
cpu48 11671272 439673 4999922 1672720333 10596881 0 163769 0 0 0
cpu49 11121082 416764 5033196 1673440666 10393322 0 166855 0 0 0
cpu50 11066672 440746 4998547 1673143055 10735839 0 165485 0 0 0
cpu51 11322571 447564 5003721 1673046308 10531445 0 168069 0 0 0
cpu52 11033810 446614 4993672 1673172482 10709828 0 168276 0 0 0
cpu53 11095659 432568 5075271 1673191259 10559336 0 175114 0 0 0
cpu54 11462545 425131 5050510 1672778181 10642444 0 172356 0 0 0
cpu55 13160681 432016 5222237 1670860878 10589772 0 172230 0 0 0
intr 106373986665 74 4 0 0 0 0 0 0 0 0 0 0 6 0 0 0 0 360 213 2556218199 0 0 0 0 0 0 0 0 0 0 0 0 0 0 0 0 0 2395015788 426510939 8318446 677 278 24496490 0 0 0 0 0 0 0 0 0 0 0 0 0 0 0 0 0 0 0 0 0 0 0 0 0 0 0 0 0 0 0 0 0 0 0 0 0 0 0 0 0 0 0 0 0 0 0 0 0 0 0 0 0 0 0 0 0 0 0 0 0 0 0 0 0 0 0 0 0 0 0 0 0 0 0 0 0 0 0 0 0 0 0 0 0 0 0 0 0 0 0 0 0 0 0 0 0 0 0 0 0 0 0 0 0 0 0 0 0 0 0 0 0 0 0 0 0 0 0 0 0 0 0 0 0 0 0 0 0 0 0 0 0 0 0 0 0 0 0 0 0 0 0 0 0 0 0 0 0 0 0 0 0 0 0 0 0 0 0 0 0 0 0 0 0 0 0 0 0 0 0 0 0 0 0 0 0 0 0 0 0 0 0 0 0 0 0 0 0 0 0 0 0 0 0 0 0 0 0 0 0 0 0 0 0 0 0 0 0 0 0 0 0 0 0 0 0 0 0 0 0 0 0 0 0 0 0 0 0 0 0 0 0 0 0 0 0 0 0 0 0 0 0 0 0 0 0 0 0 0 0 0 0 0 0 0 0 0 0 0 0 0 0 0 0 0 0 0 0 0 0 0 0 0 0 0 0 0 0 0 0 0 0 0 0 0 0 0 0 0 0 0 0 0 0 0 0 0 0 0 0 0 0 0 0 0 0 0 0 0 0 0 0 0 0 0 0 0 0 0 0 0 0 0 0 0 0 0 0 0 0 0 0 0 0 0 0 0 0 0 0 0 0 0 0 0 0 0 0 0 0 0 0 0 0 0 0 0 0 0 0 0 0 0 0 0 0 0 0 0 0 0 0 0 0 0 0 0 0 0 0 0 0 0 0 0 0 0 0 0 0 0 0 0 0 0 0 0 0 0 0 0 0 0 0 0 0 0 0 0 0 0 0 0 0 0 0 0 0 0 0 0 0 0 0 0 0 0 0 0 0 0 0 0 0 0 0 0 0 0 0 0 0 0 0 0 0 0 0 0 0 0 0 0 0 0 0 0 0 0 0 0 0 0 0 0 0 0 0 0 0 0 0 0 0 0 0 0 0 0 0 0 0 0 0 0 0 0 0 0 0 0 0 0 0 0 0 0 0 0 0 0 0 0 0 0 0 0 0 0 0 0 0 0 0 0 0 0 0 0 0 0 0 0 0 0 0 0 0 0 0 0 0 0 0 0 0 0 0 0 0 0 0 0 0 0 0 0 0 0 0 0 0 0 0 0 0 0 0 0 0 0 0 0 0 0 0 0 0 0 0 0 0 0 0 0 0 0 0 0 0 0 0 0 0 0 0 0 0 0 0 0 0 0 0 0 0 0 0 0 0 0 0 0 0 0 0 0 0 0 0 0 0 0 0 0 0 0 0 0 0 0 0 0 0 0 0 0 0 0 0 0 0 0 0 0 0 0 0 0 0 0 0 0 0 0 0 0 0 0 0 0 0 0 0 0 0 0 0 0 0 0 0 0 0 0 0 0 0 0 0 0 0 0 0 0 0 0 0 0 0 0 0 0 0 0 0 0 0 0 0 0 0 0 0 0 0 0 0 0 0 0 0 0 0 0 0 0 0 0 0 0 0 0 0 0 0 0 0 0 0 0 0 0 0 0 0 0 0 0 0 0 0 0 0 0 0 0 0 0 0 0 0 0 0 0 0 0 0 0 0 0 0 0 0 0 0 0 0 0 0 0 0 0 0 0 0 0 0 0 0 0 0 0 0 0 0 0 0 0 0 0 0 0 0 0 0 0 0 0 0 0 0 0 0 0 0 0 0 0 0 0 0 0 0 0 0 0 0 0 0 0 0 0 0 0 0 0 0 0 0 0 0 0 0 0 0 0 0 0 0 0 0 0 0 0 0 0 0 0 0 0 0 0 0 0 0 0 0 0 0 0 0 0 0 0 0 0 0 0 0 0 0 0 0 0 0 0 0 0 0 0 0 0 0 0 0 0 0 0 0 0 0 0 0 0 0 0 0 0 0 0 0 0 0 0 0 0 0 0 0 0 0 0 0 0 0 0 0 0 0 0 0 0 0 0 0 0 0 0 0 0 0 0 0 0 0 0 0 0 0 0 0 0 0 0 0 0 0 0 0 0 0 0 0 0 0 0 0 0 0 0 0 0 0 0 0 0 0 0 0 0 0 0 0 0 0 0 0 0 0 0 0 0 0 0 0 0 0 0 0 0 0 0 0 0 0 0 0 0 0 0 0 0 0 0 0 0 0 0 0 0 0 0 0 0 0 0 0 0 0 0 0 0 0 0 0 0 0 0 0 0 0 0 0 0 0 0 0 0 0 0 0 0 0 0 0 0 0 0 0 0 0 0 0 0 0 0 0 0 0 0 0 0 0 0 0 0 0 0 0 0 0 0 0 0 0 0 0 0 0 0 0 0 0 0 0 0 0 0 0 0 0 0 0 0 0 0 0 0 0 0 0 0 0 0 0 0 0 0 0 0 0 0 0 0 0 0 0 0 0 0 0 0 0 0 0 0 0 0 0 0 0 0 0 0 0 0 0 0 0 0 0 0 0 0 0 0 0 0 0 0 0 0 0 0 0 0 0 0 0 0 0 0 0 0 0 0 0 0 0 0 0 0 0 0 0 0 0 0 0 0 0 0 0 0 0 0 0 0 0 0 0 0 0 0 0 0 0 0 0 0 0 0 0 0 0 0 0 0 0 0 0 0 0 0 0 0 0 0 0 0 0 0 0 0 0 0 0 0 0 0 0 0 0 0 0 0 0 0 0 0 0 0 0 0 0 0 0 0 0 0 0 0 0 0 0 0 0 0 0 0 0 0 0 0 0 0 0 0 0 0 0 0 0 0 0 0 0 0 0 0 0 0 0 0 0 0 0 0 0 0 0 0 0 0 0 0 0 0 0 0 0 0 0 0 0 0 0 0 0 0 0 0 0 0 0 0 0 0 0 0 0 0 0 0 0 0 0 0 0 0 0 0 0 0 0 0 0 0 0 0 0 0 0 0 0 0 0 0 0 0 0 0 0 0 0 0 0 0 0 0 0 0 0 0 0 0 0 0 0 0 0 0 0 0 0 0 0 0 0 0 0 0 0 0 0 0 0 0 0 0 0 0 0 0 0 0 0 0 0 0 0 0 0 0 0 0 0 0 0 0 0 0 0 0 0 0 0 0 0 0 0 0 0 0 0 0 0 0 0 0 0 0 0 0 0 0 0 0 0 0 0 0 0 0 0 0 0 0 0 0 0 0 0 0 0 0 0 0 0 0 0 0 0 0 0 0 0 0 0 0 0 0 0 0 0 0 0 0 0 0 0 0 0 0 0 0 0 0 0 0 0 0 0 0 0 0 0 0 0 0 0 0 0 0 0 0 0 0 0 0 0 0 0 0 0 0 0 0 0 0 0 0 0 0 0 0 0 0 0 0 0 0 0 0 0 0 0 0 0 0 0 0 0 0 0 0 0 0 0 0 0 0 0 0 0 0 0 0 0 0 0 0 0 0 0 0 0 0 0 0 0 0 0 0 0 0 0 0 0 0 0 0 0 0 0 0 0 0 0 0 0 0 0 0 0 0 0 0 0 0 0 0 0 0 0 0 0 0 0 0 0 0 0 0 0 0 0 0 0 0 0 0 0 0 0 0 0 0 0 0 0 0 0 0 0 0 0 0 0 0 0 0 0 0 0 0 0 0 0 0 0 0 0
ctxt 208290308426
btime 1773600682
processes 94928372
procs_running 3
procs_blocked 0
softirq 43043235888 256 2278404491 38677267 894239959 1476310508 0 2936393903 572671520 5109161 481690455
--
cpu  802945561 23598936 303375308 93436736337 610715345 0 8842664 0 0 0
cpu0 29447067 224394 7362347 1619917039 8331114 0 165908 0 0 0
cpu1 29266411 432889 7643770 1649246634 11021712 0 55737 0 0 0
cpu2 28200056 463108 7592854 1652785466 10878474 0 36624 0 0 0
cpu3 25943565 484906 6792762 1656239749 11039237 0 30812 0 0 0
cpu4 22369557 490414 6374434 1660302164 11076810 0 30302 0 0 0
cpu5 19969929 494023 5979826 1662904879 11317416 0 28493 0 0 0
cpu6 17827730 497511 5639166 1665532572 11191990 0 28679 0 0 0
cpu7 16614198 487783 5478566 1666967315 11171159 0 26705 0 0 0
cpu8 15340626 485635 5285876 1668189010 11408564 0 26719 0 0 0
cpu9 14906875 489844 5255174 1668680984 11338781 0 26898 0 0 0
cpu10 14408236 472357 5136726 1669190228 11495262 0 26130 0 0 0
cpu11 14133121 465792 5148534 1669192478 11699852 0 27259 0 0 0
cpu12 14189151 458188 5271416 1669305237 11397458 0 26343 0 0 0
cpu13 12799798 425511 5433926 1668750031 9922474 0 1897648 0 0 0
cpu14 31524227 477236 7837689 1650083917 10085288 0 176198 0 0 0
cpu15 21118370 503934 6805540 1660858711 10896713 0 174518 0 0 0
cpu16 17755325 491819 6316193 1664575361 11133745 0 174882 0 0 0
cpu17 14932567 500066 5673835 1668343356 10904713 0 169940 0 0 0
cpu18 13593228 505884 5522380 1670058749 10640463 0 174233 0 0 0
cpu19 12937467 472687 5419427 1670826589 10655432 0 173220 0 0 0
cpu20 13088681 493492 5353165 1670712791 10657845 0 174506 0 0 0
cpu21 12211061 482428 5340560 1671478730 10771522 0 172811 0 0 0
cpu22 11982343 482914 5342576 1671401661 11081745 0 174668 0 0 0
cpu23 11694731 471865 5192441 1672148209 10734608 0 173719 0 0 0
cpu24 11731749 448076 5195526 1671866171 11041812 0 172027 0 0 0
cpu25 11557631 450839 5259212 1672337635 10684590 0 179212 0 0 0
cpu26 12010459 478046 5299629 1671766841 10627836 0 181139 0 0 0
cpu27 13882456 464459 5487802 1669428940 10979870 0 178374 0 0 0
cpu28 18769012 361854 5860779 1658272608 9964345 0 1257902 0 0 0
cpu29 13427257 381424 5530859 1669045238 11673506 0 63766 0 0 0
cpu30 12752106 342093 5328445 1670886934 11247152 0 27008 0 0 0
cpu31 11676831 306256 5009956 1672832237 10868840 0 24350 0 0 0
cpu32 10894724 292303 4884819 1673246512 11397052 0 24180 0 0 0
cpu33 10506933 294659 4789083 1673050432 12114728 0 23759 0 0 0
cpu34 10107677 300801 4685285 1673707733 11872494 0 22861 0 0 0
cpu35 9690071 288349 4578984 1674409798 11825027 0 24510 0 0 0
cpu36 9561156 287721 4478339 1674930326 11575311 0 22785 0 0 0
cpu37 9402205 302139 4458678 1675104520 11595763 0 22526 0 0 0
cpu38 9341107 311327 4411421 1675471612 11334662 0 22669 0 0 0
cpu39 9402850 310554 4504358 1675242934 11304547 0 23411 0 0 0
cpu40 9356954 306218 4531620 1675473109 11111559 0 24220 0 0 0
cpu41 9760264 317785 4532581 1674777465 11289693 0 23808 0 0 0
cpu42 13910651 443034 5478073 1670125830 10331908 0 171675 0 0 0
cpu43 11930615 434858 5190919 1672257960 10395082 0 168184 0 0 0
cpu44 11767449 425576 5249092 1672589578 10306540 0 168448 0 0 0
cpu45 11245542 430940 5013388 1673260841 10414902 0 162081 0 0 0
cpu46 11127763 431394 5007786 1673287008 10520719 0 163674 0 0 0
cpu47 10943160 452452 5030961 1673314980 10626091 0 164547 0 0 0
cpu48 11671305 439673 5000089 1672720855 10596881 0 163825 0 0 0
cpu49 11121116 416764 5033367 1673441181 10393333 0 166908 0 0 0
cpu50 11066710 440746 4998728 1673143557 10735848 0 165538 0 0 0
cpu51 11322612 447564 5003904 1673046807 10531453 0 168117 0 0 0
cpu52 11033849 446614 4993847 1673172980 10709841 0 168327 0 0 0
cpu53 11095696 432568 5075452 1673191764 10559336 0 175167 0 0 0
cpu54 11462582 425131 5050694 1672778686 10642444 0 172413 0 0 0
cpu55 13160724 432016 5222425 1670861380 10589774 0 172280 0 0 0
intr 106374653080 74 4 0 0 0 0 0 0 0 0 0 0 6 0 0 0 0 360 213 2556220177 0 0 0 0 0 0 0 0 0 0 0 0 0 0 0 0 0 2395015788 426511176 8318450 677 278 24496490 0 0 0 0 0 0 0 0 0 0 0 0 0 0 0 0 0 0 0 0 0 0 0 0 0 0 0 0 0 0 0 0 0 0 0 0 0 0 0 0 0 0 0 0 0 0 0 0 0 0 0 0 0 0 0 0 0 0 0 0 0 0 0 0 0 0 0 0 0 0 0 0 0 0 0 0 0 0 0 0 0 0 0 0 0 0 0 0 0 0 0 0 0 0 0 0 0 0 0 0 0 0 0 0 0 0 0 0 0 0 0 0 0 0 0 0 0 0 0 0 0 0 0 0 0 0 0 0 0 0 0 0 0 0 0 0 0 0 0 0 0 0 0 0 0 0 0 0 0 0 0 0 0 0 0 0 0 0 0 0 0 0 0 0 0 0 0 0 0 0 0 0 0 0 0 0 0 0 0 0 0 0 0 0 0 0 0 0 0 0 0 0 0 0 0 0 0 0 0 0 0 0 0 0 0 0 0 0 0 0 0 0 0 0 0 0 0 0 0 0 0 0 0 0 0 0 0 0 0 0 0 0 0 0 0 0 0 0 0 0 0 0 0 0 0 0 0 0 0 0 0 0 0 0 0 0 0 0 0 0 0 0 0 0 0 0 0 0 0 0 0 0 0 0 0 0 0 0 0 0 0 0 0 0 0 0 0 0 0 0 0 0 0 0 0 0 0 0 0 0 0 0 0 0 0 0 0 0 0 0 0 0 0 0 0 0 0 0 0 0 0 0 0 0 0 0 0 0 0 0 0 0 0 0 0 0 0 0 0 0 0 0 0 0 0 0 0 0 0 0 0 0 0 0 0 0 0 0 0 0 0 0 0 0 0 0 0 0 0 0 0 0 0 0 0 0 0 0 0 0 0 0 0 0 0 0 0 0 0 0 0 0 0 0 0 0 0 0 0 0 0 0 0 0 0 0 0 0 0 0 0 0 0 0 0 0 0 0 0 0 0 0 0 0 0 0 0 0 0 0 0 0 0 0 0 0 0 0 0 0 0 0 0 0 0 0 0 0 0 0 0 0 0 0 0 0 0 0 0 0 0 0 0 0 0 0 0 0 0 0 0 0 0 0 0 0 0 0 0 0 0 0 0 0 0 0 0 0 0 0 0 0 0 0 0 0 0 0 0 0 0 0 0 0 0 0 0 0 0 0 0 0 0 0 0 0 0 0 0 0 0 0 0 0 0 0 0 0 0 0 0 0 0 0 0 0 0 0 0 0 0 0 0 0 0 0 0 0 0 0 0 0 0 0 0 0 0 0 0 0 0 0 0 0 0 0 0 0 0 0 0 0 0 0 0 0 0 0 0 0 0 0 0 0 0 0 0 0 0 0 0 0 0 0 0 0 0 0 0 0 0 0 0 0 0 0 0 0 0 0 0 0 0 0 0 0 0 0 0 0 0 0 0 0 0 0 0 0 0 0 0 0 0 0 0 0 0 0 0 0 0 0 0 0 0 0 0 0 0 0 0 0 0 0 0 0 0 0 0 0 0 0 0 0 0 0 0 0 0 0 0 0 0 0 0 0 0 0 0 0 0 0 0 0 0 0 0 0 0 0 0 0 0 0 0 0 0 0 0 0 0 0 0 0 0 0 0 0 0 0 0 0 0 0 0 0 0 0 0 0 0 0 0 0 0 0 0 0 0 0 0 0 0 0 0 0 0 0 0 0 0 0 0 0 0 0 0 0 0 0 0 0 0 0 0 0 0 0 0 0 0 0 0 0 0 0 0 0 0 0 0 0 0 0 0 0 0 0 0 0 0 0 0 0 0 0 0 0 0 0 0 0 0 0 0 0 0 0 0 0 0 0 0 0 0 0 0 0 0 0 0 0 0 0 0 0 0 0 0 0 0 0 0 0 0 0 0 0 0 0 0 0 0 0 0 0 0 0 0 0 0 0 0 0 0 0 0 0 0 0 0 0 0 0 0 0 0 0 0 0 0 0 0 0 0 0 0 0 0 0 0 0 0 0 0 0 0 0 0 0 0 0 0 0 0 0 0 0 0 0 0 0 0 0 0 0 0 0 0 0 0 0 0 0 0 0 0 0 0 0 0 0 0 0 0 0 0 0 0 0 0 0 0 0 0 0 0 0 0 0 0 0 0 0 0 0 0 0 0 0 0 0 0 0 0 0 0 0 0 0 0 0 0 0 0 0 0 0 0 0 0 0 0 0 0 0 0 0 0 0 0 0 0 0 0 0 0 0 0 0 0 0 0 0 0 0 0 0 0 0 0 0 0 0 0 0 0 0 0 0 0 0 0 0 0 0 0 0 0 0 0 0 0 0 0 0 0 0 0 0 0 0 0 0 0 0 0 0 0 0 0 0 0 0 0 0 0 0 0 0 0 0 0 0 0 0 0 0 0 0 0 0 0 0 0 0 0 0 0 0 0 0 0 0 0 0 0 0 0 0 0 0 0 0 0 0 0 0 0 0 0 0 0 0 0 0 0 0 0 0 0 0 0 0 0 0 0 0 0 0 0 0 0 0 0 0 0 0 0 0 0 0 0 0 0 0 0 0 0 0 0 0 0 0 0 0 0 0 0 0 0 0 0 0 0 0 0 0 0 0 0 0 0 0 0 0 0 0 0 0 0 0 0 0 0 0 0 0 0 0 0 0 0 0 0 0 0 0 0 0 0 0 0 0 0 0 0 0 0 0 0 0 0 0 0 0 0 0 0 0 0 0 0 0 0 0 0 0 0 0 0 0 0 0 0 0 0 0 0 0 0 0 0 0 0 0 0 0 0 0 0 0 0 0 0 0 0 0 0 0 0 0 0 0 0 0 0 0 0 0 0 0 0 0 0 0 0 0 0 0 0 0 0 0 0 0 0 0 0 0 0 0 0 0 0 0 0 0 0 0 0 0 0 0 0 0 0 0 0 0 0 0 0 0 0 0 0 0 0 0 0 0 0 0 0 0 0 0 0 0 0 0 0 0 0 0 0 0 0 0 0 0 0 0 0 0 0 0 0 0 0 0 0 0 0 0 0 0 0 0 0 0 0 0 0 0 0 0 0 0 0 0 0 0 0 0 0 0 0 0 0 0 0 0 0 0 0 0 0 0 0 0 0 0 0 0 0 0 0 0 0 0 0 0 0 0 0 0 0 0 0 0 0 0 0 0 0 0 0 0 0 0 0 0 0 0 0 0 0 0 0 0 0 0 0 0 0 0 0 0 0 0 0 0 0 0 0 0 0 0 0 0 0 0 0 0 0 0 0 0 0 0 0 0 0 0 0 0 0 0 0 0 0 0 0 0 0 0 0 0 0 0 0 0 0 0 0 0 0 0 0 0 0 0 0 0 0 0 0 0 0 0 0 0 0 0 0 0 0 0 0 0 0 0 0 0 0 0 0 0 0 0 0 0 0 0 0 0 0 0 0 0 0 0 0 0 0 0 0 0 0 0 0 0 0 0 0 0 0 0 0 0 0 0 0 0 0 0 0 0 0 0 0 0 0 0 0 0 0 0 0 0 0 0 0 0 0 0 0 0 0 0 0 0 0 0 0 0 0 0 0 0 0 0 0 0 0 0 0 0 0 0 0 0 0 0 0 0 0 0 0 0 0 0 0 0 0 0 0 0 0 0 0 0 0 0 0 0 0 0 0 0 0 0 0 0 0 0 0 0 0 0 0 0 0 0 0 0 0 0 0 0 0 0 0 0 0 0 0 0 0 0 0 0 0 0 0 0 0 0 0 0 0 0 0
ctxt 208294975925
btime 1773600682
processes 94928391
procs_running 23
procs_blocked 0
softirq 43044850197 256 2278406170 38690439 895630210 1476311574 0 2936396271 572821254 5109161 481746494
