Running 10s test @ http://192.168.10.15:18500/wait
  32 threads and 512 connections
  Thread Stats   Avg      Stdev     Max   +/- Stdev
    Latency   159.43ms   12.15ms 161.36ms   98.20%
    Req/Sec   108.88     45.27   320.00     54.82%
  Latency Distribution
     50%  160.92ms
     75%  160.97ms
     90%  161.02ms
     99%  161.17ms
  32032 requests in 10.10s, 5.28MB read
Requests/sec:   3171.94
Transfer/sec:    535.88KB
## drops 0 0
## server-stat
cpu  1341018 473 692474 10284640 31625 0 264603 0 0 0
cpu0 45979 8 20720 321542 830 0 9017 0 0 0
cpu1 46511 10 20604 322590 570 0 8651 0 0 0
cpu2 46854 8 20521 322659 374 0 8578 0 0 0
cpu3 47711 11 20999 320472 1183 0 8621 0 0 0
cpu4 48059 10 20791 320759 722 0 8712 0 0 0
cpu5 47697 10 20697 321568 360 0 8585 0 0 0
cpu6 47134 8 20605 322226 350 0 8568 0 0 0
cpu7 46093 6 20383 323517 226 0 8386 0 0 0
cpu8 29570 13 21553 331737 1066 0 5579 0 0 0
cpu9 32707 15 22065 326337 2361 0 5782 0 0 0
cpu10 31891 14 21955 328694 1198 0 5898 0 0 0
cpu11 30355 12 21246 332860 633 0 5588 0 0 0
cpu12 47934 83 22648 310976 3072 0 5994 0 0 0
cpu13 46734 15 22889 312427 2432 0 6135 0 0 0
cpu14 30231 11 20854 334642 856 0 5465 0 0 0
cpu15 28765 11 19607 338524 645 0 4989 0 0 0
cpu16 50644 6 21450 318010 368 0 8792 0 0 0
cpu17 50509 6 21466 317132 1259 0 8828 0 0 0
cpu18 50237 7 21317 318596 287 0 8725 0 0 0
cpu19 51508 7 21784 316147 664 0 8967 0 0 0
cpu20 51720 10 21712 316252 695 0 8943 0 0 0
cpu21 50037 7 21250 318358 606 0 8787 0 0 0
cpu22 49024 8 21261 318154 337 0 8716 0 0 0
cpu23 47757 10 20964 320939 303 0 8619 0 0 0
cpu24 32738 14 21987 330339 854 0 6012 0 0 0
cpu25 35205 16 23805 321855 1610 0 6928 0 0 0
cpu26 34249 15 23463 323846 1231 0 6783 0 0 0
cpu27 29425 8 21006 324205 1085 0 12195 0 0 0
cpu28 45995 22 24564 299447 1919 0 14816 0 0 0
cpu29 47735 61 24848 296633 1899 0 14918 0 0 0
cpu30 28414 9 21213 323686 841 0 12028 0 0 0
cpu31 31581 9 22234 329495 775 0 5982 0 0 0
intr 1129590459 126 0 0 0 0 0 0 0 0 1 0 0 0 0 0 0 0 0 0 0 0 0 0 0 0 0 0 1 1 1 0 0 0 0 1 0 1 0 0 75045 0 0 0 0 0 0 0 0 411 0 0 0 0 0 0 0 0 87 0 0 0 0 0 0 0 0 0 0 0 0 0 0 0 141103 2 22995656 22948616 22906842 23023087 0 3385 2404 2927 1563 3085 2644 2065 2562 1480 10359 18235 10238 8200 13294 14894 11348 7409 2698 1795 1460 2367 2247 1935 1621 1627 8934 7227 5084 5661 6508 5777 6125 7969 0 0 0 0 616276 3029 1036 0 264 0 0 0 0 0 0 0 0 0 0 0 0 0 0 0 0 0 0 0 0 0 0 0 0 0 0 0 0 0 0 0 0 0 0 0 0 0 0 0 0 0 0 0 0 0 0 0 0 0 0 0 0 0 0 0 0 0 0 0 0 0 0 0 0 0 0 0 0 0 0 0 0 0 0 0 0 0 0 0 0 0 0 0 0 0 0 0 0 0 0 0 0 0 0 0 0 0 0 0 0 0 0 0 0 0 0 0 0 0 0 0 0 0 0 0 0 0 0 0 0 0 0 0 0 0 0 0 0 0 0 0 0 0 0 0 0 0 0 0 0 0 0 0 0 0 0 0 0 0 0 0 0 0 0 0 0 0 0 0 0 0 0 0 0 0 0 0 0 0 0 0 0 0 0 0 0 0 0 0 0 0 0 0 0 0 0 0 0 0 0 0 0 0 0 0 0 0 0 0 0 0 0 0 0 0 0 0 0 0 0 0 0 0 0 0 0 0 0 0 0 0 0 0 0 0 0 0 0 0 0 0 0 0 0 0 0 0 0 0 0 0 0 0 0 0 0 0 0 0 0 0 0 0 0 0 0 0 0 0 0 0 0 0 0 0 0 0 0 0 0 0 0 0 0 0 0 0 0 0 0 0 0 0 0 0 0 0 0 0 0 0 0 0 0 0 0 0 0 0 0 0 0 0 0 0 0 0 0 0 0 0 0 0 0 0 0 0 0 0 0 0 0 0 0 0 0 0 0 0 0 0 0 0 0 0 0 0 0 0 0 0 0 0 0 0 0 0 0 0 0 0 0 0 0 0 0 0 0 0 0 0 0 0 0 0 0 0 0 0 0 0 0 0 0 0 0 0 0 0 0 0 0 0 0 0 0 0 0 0 0 0 0 0 0 0 0 0 0 0 0 0 0 0 0 0 0 0 0 0 0 0 0 0 0 0 0 0 0 0 0 0 0 0 0 0 0 0 0 0 0 0 0 0 0 0 0 0 0 0 0 0 0 0 0 0 0 0 0 0 0 0 0 0 0 0 0 0 0 0 0 0 0 0 0 0 0 0 0 0 0 0 0 0 0 0 0 0 0 0 0 0 0 0 0 0 0 0 0 0 0 0 0 0 0 0 0 0 0 0 0 0 0 0 0 0 0 0 0 0 0 0 0 0 0 0 0 0 0 0 0 0 0 0 0 0 0 0 0 0 0 0 0 0 0 0 0 0 0 0 0 0 0 0 0 0 0 0 0 0 0 0 0 0 0 0 0 0 0 0 0 0 0 0 0 0 0 0 0 0 0 0 0 0 0 0 0 0 0 0 0 0 0 0 0 0 0 0 0 0 0 0 0 0 0 0 0 0 0 0 0 0 0 0 0 0 0 0 0 0 0 0 0 0 0 0 0 0 0 0 0 0 0 0 0 0 0 0 0 0 0 0 0 0 0 0 0 0 0 0 0 0 0 0 0 0 0 0 0 0 0 0 0 0 0 0 0 0 0 0 0 0 0 0 0 0 0 0 0 0 0 0 0 0 0 0 0 0 0 0 0 0 0 0 0 0 0 0 0 0 0 0 0 0 0 0 0 0 0 0 0 0 0 0 0 0 0 0 0 0 0 0 0 0 0 0 0 0 0 0 0 0 0 0 0 0 0 0 0 0 0 0 0 0 0 0 0 0 0 0 0 0 0 0 0 0 0 0 0 0 0 0 0 0 0 0 0 0 0 0 0 0 0 0 0 0 0 0 0 0 0 0 0 0 0 0 0 0 0 0 0 0 0 0 0 0 0 0 0 0 0 0 0 0 0 0 0 0 0 0 0 0 0 0 0 0 0 0 0 0 0 0 0 0 0 0 0 0 0 0 0 0 0 0 0 0 0 0 0 0 0 0 0 0 0 0 0 0 0 0 0 0 0 0 0 0 0 0 0 0 0 0 0 0 0 0 0 0 0 0 0 0 0 0 0 0 0 0 0 0 0 0 0 0 0 0 0 0 0 0 0 0 0 0 0 0 0 0 0 0 0 0 0 0 0 0 0 0 0 0 0 0 0 0 0 0 0 0 0 0 0 0 0 0 0 0 0 0 0 0 0 0 0 0 0 0 0 0 0 0 0 0 0 0 0 0 0 0 0 0 0 0 0 0 0 0 0 0 0 0 0 0 0 0 0 0 0 0 0 0 0 0 0 0 0 0 0 0 0 0 0 0 0 0 0 0 0 0 0 0 0 0 0 0 0 0 0 0 0 0 0 0 0 0 0 0 0 0 0 0 0 0 0 0 0 0 0 0 0 0 0 0 0 0 0 0 0 0 0 0 0 0 0 0 0 0 0 0 0 0 0 0 0 0 0 0 0 0 0 0 0 0 0 0 0 0 0 0 0 0 0 0 0 0 0 0 0 0 0 0 0 0 0 0 0 0 0 0 0 0 0 0 0 0 0 0 0 0 0 0 0 0 0 0 0 0 0 0 0 0 0 0 0 0 0 0 0 0 0 0 0 0 0
ctxt 1516006832
btime 1790630938
processes 115621
procs_running 4
procs_blocked 0
softirq 1351964918 73526 2659146 1490873 1306082353 146891 0 9186671 19799546 410 12525502
--
cpu  1341144 474 692501 10309992 31639 0 264609 0 0 0
cpu0 45980 8 20720 322339 830 0 9018 0 0 0
cpu1 46512 10 20605 323388 571 0 8651 0 0 0
cpu2 46854 8 20521 323458 374 0 8578 0 0 0
cpu3 47712 11 21000 321270 1183 0 8621 0 0 0
cpu4 48061 10 20791 321557 722 0 8712 0 0 0
cpu5 47698 10 20697 322366 360 0 8585 0 0 0
cpu6 47134 8 20605 323025 350 0 8568 0 0 0
cpu7 46094 6 20384 324316 226 0 8386 0 0 0
cpu8 29574 13 21554 332527 1066 0 5579 0 0 0
cpu9 32712 15 22066 327125 2361 0 5782 0 0 0
cpu10 31895 14 21956 329484 1198 0 5899 0 0 0
cpu11 30358 12 21247 333652 633 0 5589 0 0 0
cpu12 47959 83 22651 311744 3072 0 5995 0 0 0
cpu13 46759 15 22892 313194 2432 0 6135 0 0 0
cpu14 30236 11 20855 335433 856 0 5465 0 0 0
cpu15 28768 11 19607 339316 645 0 4989 0 0 0
cpu16 50645 6 21450 318809 368 0 8792 0 0 0
cpu17 50510 6 21466 317930 1259 0 8828 0 0 0
cpu18 50237 7 21317 319395 287 0 8725 0 0 0
cpu19 51509 7 21784 316945 664 0 8967 0 0 0
cpu20 51721 10 21714 317050 695 0 8943 0 0 0
cpu21 50038 7 21250 319156 606 0 8787 0 0 0
cpu22 49025 8 21261 318952 337 0 8716 0 0 0
cpu23 47758 10 20965 321738 303 0 8619 0 0 0
cpu24 32742 14 21989 331129 854 0 6012 0 0 0
cpu25 35211 16 23806 322644 1610 0 6929 0 0 0
cpu26 34254 15 23464 324637 1231 0 6783 0 0 0
cpu27 29429 8 21008 324983 1097 0 12196 0 0 0
cpu28 46003 23 24565 300233 1919 0 14817 0 0 0
cpu29 47743 61 24850 297417 1899 0 14919 0 0 0
cpu30 28416 9 21214 324477 841 0 12028 0 0 0
cpu31 31585 9 22235 330288 775 0 5982 0 0 0
intr 1129874725 126 0 0 0 0 0 0 0 0 1 0 0 0 0 0 0 0 0 0 0 0 0 0 0 0 0 0 1 1 1 0 0 0 0 1 0 1 0 0 75045 0 0 0 0 0 0 0 0 411 0 0 0 0 0 0 0 0 87 0 0 0 0 0 0 0 0 0 0 0 0 0 0 0 141210 2 23011231 22964315 22923104 23038127 0 3393 2405 2933 1563 3085 2644 2065 2562 1480 10360 18235 10238 8200 13294 14894 11348 7409 2698 1795 1460 2367 2247 1935 1621 1627 8934 7227 5084 5661 6508 5778 6125 7969 0 0 0 0 616276 3029 1036 0 264 0 0 0 0 0 0 0 0 0 0 0 0 0 0 0 0 0 0 0 0 0 0 0 0 0 0 0 0 0 0 0 0 0 0 0 0 0 0 0 0 0 0 0 0 0 0 0 0 0 0 0 0 0 0 0 0 0 0 0 0 0 0 0 0 0 0 0 0 0 0 0 0 0 0 0 0 0 0 0 0 0 0 0 0 0 0 0 0 0 0 0 0 0 0 0 0 0 0 0 0 0 0 0 0 0 0 0 0 0 0 0 0 0 0 0 0 0 0 0 0 0 0 0 0 0 0 0 0 0 0 0 0 0 0 0 0 0 0 0 0 0 0 0 0 0 0 0 0 0 0 0 0 0 0 0 0 0 0 0 0 0 0 0 0 0 0 0 0 0 0 0 0 0 0 0 0 0 0 0 0 0 0 0 0 0 0 0 0 0 0 0 0 0 0 0 0 0 0 0 0 0 0 0 0 0 0 0 0 0 0 0 0 0 0 0 0 0 0 0 0 0 0 0 0 0 0 0 0 0 0 0 0 0 0 0 0 0 0 0 0 0 0 0 0 0 0 0 0 0 0 0 0 0 0 0 0 0 0 0 0 0 0 0 0 0 0 0 0 0 0 0 0 0 0 0 0 0 0 0 0 0 0 0 0 0 0 0 0 0 0 0 0 0 0 0 0 0 0 0 0 0 0 0 0 0 0 0 0 0 0 0 0 0 0 0 0 0 0 0 0 0 0 0 0 0 0 0 0 0 0 0 0 0 0 0 0 0 0 0 0 0 0 0 0 0 0 0 0 0 0 0 0 0 0 0 0 0 0 0 0 0 0 0 0 0 0 0 0 0 0 0 0 0 0 0 0 0 0 0 0 0 0 0 0 0 0 0 0 0 0 0 0 0 0 0 0 0 0 0 0 0 0 0 0 0 0 0 0 0 0 0 0 0 0 0 0 0 0 0 0 0 0 0 0 0 0 0 0 0 0 0 0 0 0 0 0 0 0 0 0 0 0 0 0 0 0 0 0 0 0 0 0 0 0 0 0 0 0 0 0 0 0 0 0 0 0 0 0 0 0 0 0 0 0 0 0 0 0 0 0 0 0 0 0 0 0 0 0 0 0 0 0 0 0 0 0 0 0 0 0 0 0 0 0 0 0 0 0 0 0 0 0 0 0 0 0 0 0 0 0 0 0 0 0 0 0 0 0 0 0 0 0 0 0 0 0 0 0 0 0 0 0 0 0 0 0 0 0 0 0 0 0 0 0 0 0 0 0 0 0 0 0 0 0 0 0 0 0 0 0 0 0 0 0 0 0 0 0 0 0 0 0 0 0 0 0 0 0 0 0 0 0 0 0 0 0 0 0 0 0 0 0 0 0 0 0 0 0 0 0 0 0 0 0 0 0 0 0 0 0 0 0 0 0 0 0 0 0 0 0 0 0 0 0 0 0 0 0 0 0 0 0 0 0 0 0 0 0 0 0 0 0 0 0 0 0 0 0 0 0 0 0 0 0 0 0 0 0 0 0 0 0 0 0 0 0 0 0 0 0 0 0 0 0 0 0 0 0 0 0 0 0 0 0 0 0 0 0 0 0 0 0 0 0 0 0 0 0 0 0 0 0 0 0 0 0 0 0 0 0 0 0 0 0 0 0 0 0 0 0 0 0 0 0 0 0 0 0 0 0 0 0 0 0 0 0 0 0 0 0 0 0 0 0 0 0 0 0 0 0 0 0 0 0 0 0 0 0 0 0 0 0 0 0 0 0 0 0 0 0 0 0 0 0 0 0 0 0 0 0 0 0 0 0 0 0 0 0 0 0 0 0 0 0 0 0 0 0 0 0 0 0 0 0 0 0 0 0 0 0 0 0 0 0 0 0 0 0 0 0 0 0 0 0 0 0 0 0 0 0 0 0 0 0 0 0 0 0 0 0 0 0 0 0 0 0 0 0 0 0 0 0 0 0 0 0 0 0 0 0 0 0 0 0 0 0 0 0 0 0 0 0 0 0 0 0 0 0 0 0 0 0 0 0 0 0 0 0 0 0 0 0 0 0 0 0 0 0 0 0 0 0 0 0 0 0 0 0 0 0 0 0 0 0 0 0 0 0 0 0 0 0 0 0 0 0 0 0 0 0 0 0 0 0 0 0 0 0 0 0 0 0 0 0 0 0 0 0 0 0 0 0 0 0 0 0 0 0 0 0 0 0 0 0 0 0 0 0 0 0 0 0 0 0 0 0 0 0 0 0 0 0 0 0 0 0 0 0 0 0 0 0 0 0 0 0 0 0 0 0 0 0 0 0 0 0 0 0 0 0 0 0 0 0 0 0 0 0 0 0 0 0 0 0 0 0 0 0 0 0 0 0 0 0 0 0 0 0 0 0 0 0 0 0 0 0 0 0 0 0 0 0 0 0 0 0 0 0 0 0 0 0 0 0 0 0 0 0 0 0 0 0 0 0 0 0 0 0 0 0 0 0 0 0 0 0 0 0 0 0 0 0
ctxt 1516353334
btime 1790630938
processes 115688
procs_running 1
procs_blocked 0
softirq 1352079494 73526 2668817 1490924 1306166444 147003 0 9186671 19809467 410 12536232
## client-stat
cpu  802977120 23598936 303486809 93437607279 610720640 0 8888566 0 0 0
cpu0 29447535 224394 7363645 1619931703 8331270 0 166358 0 0 0
cpu1 29267026 432889 7645727 1649262252 11021813 0 56322 0 0 0
cpu2 28200618 463108 7594813 1652801298 10878555 0 37209 0 0 0
cpu3 25944121 484906 6794764 1656255507 11039443 0 31376 0 0 0
cpu4 22370195 490414 6376383 1660317994 11076933 0 30881 0 0 0
cpu5 19970527 494023 5981762 1662920792 11317489 0 29062 0 0 0
cpu6 17828378 497511 5641131 1665548406 11192088 0 29243 0 0 0
cpu7 16614739 487783 5480503 1666983263 11171274 0 27274 0 0 0
cpu8 15341300 485635 5287850 1668204806 11408654 0 27302 0 0 0
cpu9 14907663 489844 5257122 1668696732 11338827 0 27467 0 0 0
cpu10 14408792 472357 5138663 1669206113 11495425 0 26692 0 0 0
cpu11 14133681 465792 5150520 1669208243 11700066 0 27845 0 0 0
cpu12 14189686 458188 5273362 1669321097 11397639 0 26916 0 0 0
cpu13 12800382 425511 5435910 1668765816 9922613 0 1898258 0 0 0
cpu14 31524822 477236 7839797 1650099503 10085309 0 176914 0 0 0
cpu15 21118904 503934 6807663 1660874295 10896784 0 175238 0 0 0
cpu16 17755864 491819 6318289 1664590982 11133795 0 175600 0 0 0
cpu17 14933126 500066 5675945 1668358996 10904742 0 170636 0 0 0
cpu18 13593779 505884 5524487 1670074416 10640498 0 174932 0 0 0
cpu19 12938022 472687 5421511 1670842276 10655441 0 173927 0 0 0
cpu20 13089262 493492 5355248 1670728369 10657952 0 175204 0 0 0
cpu21 12211588 482428 5342723 1671494319 10771599 0 173516 0 0 0
cpu22 11982882 482914 5344656 1671417331 11081795 0 175382 0 0 0
cpu23 11695274 471865 5194549 1672163748 10734790 0 174425 0 0 0
cpu24 11732254 448076 5197605 1671881798 11041939 0 172733 0 0 0
cpu25 11558178 450839 5261308 1672353189 10684677 0 179955 0 0 0
cpu26 12010937 478046 5301749 1671782250 10628110 0 181867 0 0 0
cpu27 13883046 464459 5489970 1669444430 10979916 0 179098 0 0 0
cpu28 18769232 361854 5861295 1658279719 9964380 0 1268428 0 0 0
cpu29 13427886 381424 5532754 1669061138 11673622 0 64326 0 0 0
cpu30 12752698 342093 5330350 1670902838 11247311 0 27571 0 0 0
cpu31 11677368 306256 5011830 1672848271 10868960 0 24907 0 0 0
cpu32 10895343 292303 4886721 1673262522 11397097 0 24752 0 0 0
cpu33 10507529 294659 4790987 1673066412 12114820 0 24322 0 0 0
cpu34 10108253 300801 4687153 1673723696 11872645 0 23444 0 0 0
cpu35 9690888 288349 4580921 1674425400 11825213 0 25091 0 0 0
cpu36 9561709 287721 4480244 1674946330 11575404 0 23340 0 0 0
cpu37 9402908 302139 4460632 1675120349 11595839 0 23078 0 0 0
cpu38 9341718 311327 4413347 1675487483 11334824 0 23236 0 0 0
cpu39 9403392 310554 4506343 1675258820 11304703 0 23994 0 0 0
cpu40 9357535 306218 4533541 1675489018 11111669 0 24818 0 0 0
cpu41 9760854 317785 4534556 1674793298 11289834 0 24396 0 0 0
cpu42 13911171 443034 5480167 1670141451 10331964 0 172419 0 0 0
cpu43 11931114 434858 5193031 1672273589 10395131 0 168916 0 0 0
cpu44 11767971 425576 5251205 1672605186 10306584 0 169193 0 0 0
cpu45 11246078 430940 5015493 1673276478 10414961 0 162776 0 0 0
cpu46 11128311 431394 5009912 1673302583 10520800 0 164372 0 0 0
cpu47 10943705 452452 5033104 1673330573 10626155 0 165254 0 0 0
cpu48 11671804 439673 5002217 1672736518 10596934 0 164519 0 0 0
cpu49 11121591 416764 5035498 1673456874 10393364 0 167612 0 0 0
cpu50 11067272 440746 5000851 1673159164 10735915 0 166242 0 0 0
cpu51 11323139 447564 5006020 1673062492 10531477 0 168820 0 0 0
cpu52 11034415 446614 4995954 1673188604 10709884 0 169030 0 0 0
cpu53 11096210 432568 5077618 1673207351 10559381 0 175886 0 0 0
cpu54 11463169 425131 5052810 1672794229 10642489 0 173153 0 0 0
cpu55 13161252 432016 5224579 1670876939 10589818 0 173013 0 0 0
intr 106385355751 74 4 0 0 0 0 0 0 0 0 0 0 6 0 0 0 0 360 213 2556250707 0 0 0 0 0 0 0 0 0 0 0 0 0 0 0 0 0 2395686239 426516452 8318545 677 278 24496490 0 0 0 0 0 0 0 0 0 0 0 0 0 0 0 0 0 0 0 0 0 0 0 0 0 0 0 0 0 0 0 0 0 0 0 0 0 0 0 0 0 0 0 0 0 0 0 0 0 0 0 0 0 0 0 0 0 0 0 0 0 0 0 0 0 0 0 0 0 0 0 0 0 0 0 0 0 0 0 0 0 0 0 0 0 0 0 0 0 0 0 0 0 0 0 0 0 0 0 0 0 0 0 0 0 0 0 0 0 0 0 0 0 0 0 0 0 0 0 0 0 0 0 0 0 0 0 0 0 0 0 0 0 0 0 0 0 0 0 0 0 0 0 0 0 0 0 0 0 0 0 0 0 0 0 0 0 0 0 0 0 0 0 0 0 0 0 0 0 0 0 0 0 0 0 0 0 0 0 0 0 0 0 0 0 0 0 0 0 0 0 0 0 0 0 0 0 0 0 0 0 0 0 0 0 0 0 0 0 0 0 0 0 0 0 0 0 0 0 0 0 0 0 0 0 0 0 0 0 0 0 0 0 0 0 0 0 0 0 0 0 0 0 0 0 0 0 0 0 0 0 0 0 0 0 0 0 0 0 0 0 0 0 0 0 0 0 0 0 0 0 0 0 0 0 0 0 0 0 0 0 0 0 0 0 0 0 0 0 0 0 0 0 0 0 0 0 0 0 0 0 0 0 0 0 0 0 0 0 0 0 0 0 0 0 0 0 0 0 0 0 0 0 0 0 0 0 0 0 0 0 0 0 0 0 0 0 0 0 0 0 0 0 0 0 0 0 0 0 0 0 0 0 0 0 0 0 0 0 0 0 0 0 0 0 0 0 0 0 0 0 0 0 0 0 0 0 0 0 0 0 0 0 0 0 0 0 0 0 0 0 0 0 0 0 0 0 0 0 0 0 0 0 0 0 0 0 0 0 0 0 0 0 0 0 0 0 0 0 0 0 0 0 0 0 0 0 0 0 0 0 0 0 0 0 0 0 0 0 0 0 0 0 0 0 0 0 0 0 0 0 0 0 0 0 0 0 0 0 0 0 0 0 0 0 0 0 0 0 0 0 0 0 0 0 0 0 0 0 0 0 0 0 0 0 0 0 0 0 0 0 0 0 0 0 0 0 0 0 0 0 0 0 0 0 0 0 0 0 0 0 0 0 0 0 0 0 0 0 0 0 0 0 0 0 0 0 0 0 0 0 0 0 0 0 0 0 0 0 0 0 0 0 0 0 0 0 0 0 0 0 0 0 0 0 0 0 0 0 0 0 0 0 0 0 0 0 0 0 0 0 0 0 0 0 0 0 0 0 0 0 0 0 0 0 0 0 0 0 0 0 0 0 0 0 0 0 0 0 0 0 0 0 0 0 0 0 0 0 0 0 0 0 0 0 0 0 0 0 0 0 0 0 0 0 0 0 0 0 0 0 0 0 0 0 0 0 0 0 0 0 0 0 0 0 0 0 0 0 0 0 0 0 0 0 0 0 0 0 0 0 0 0 0 0 0 0 0 0 0 0 0 0 0 0 0 0 0 0 0 0 0 0 0 0 0 0 0 0 0 0 0 0 0 0 0 0 0 0 0 0 0 0 0 0 0 0 0 0 0 0 0 0 0 0 0 0 0 0 0 0 0 0 0 0 0 0 0 0 0 0 0 0 0 0 0 0 0 0 0 0 0 0 0 0 0 0 0 0 0 0 0 0 0 0 0 0 0 0 0 0 0 0 0 0 0 0 0 0 0 0 0 0 0 0 0 0 0 0 0 0 0 0 0 0 0 0 0 0 0 0 0 0 0 0 0 0 0 0 0 0 0 0 0 0 0 0 0 0 0 0 0 0 0 0 0 0 0 0 0 0 0 0 0 0 0 0 0 0 0 0 0 0 0 0 0 0 0 0 0 0 0 0 0 0 0 0 0 0 0 0 0 0 0 0 0 0 0 0 0 0 0 0 0 0 0 0 0 0 0 0 0 0 0 0 0 0 0 0 0 0 0 0 0 0 0 0 0 0 0 0 0 0 0 0 0 0 0 0 0 0 0 0 0 0 0 0 0 0 0 0 0 0 0 0 0 0 0 0 0 0 0 0 0 0 0 0 0 0 0 0 0 0 0 0 0 0 0 0 0 0 0 0 0 0 0 0 0 0 0 0 0 0 0 0 0 0 0 0 0 0 0 0 0 0 0 0 0 0 0 0 0 0 0 0 0 0 0 0 0 0 0 0 0 0 0 0 0 0 0 0 0 0 0 0 0 0 0 0 0 0 0 0 0 0 0 0 0 0 0 0 0 0 0 0 0 0 0 0 0 0 0 0 0 0 0 0 0 0 0 0 0 0 0 0 0 0 0 0 0 0 0 0 0 0 0 0 0 0 0 0 0 0 0 0 0 0 0 0 0 0 0 0 0 0 0 0 0 0 0 0 0 0 0 0 0 0 0 0 0 0 0 0 0 0 0 0 0 0 0 0 0 0 0 0 0 0 0 0 0 0 0 0 0 0 0 0 0 0 0 0 0 0 0 0 0 0 0 0 0 0 0 0 0 0 0 0 0 0 0 0 0 0 0 0 0 0 0 0 0 0 0 0 0 0 0 0 0 0 0 0 0 0 0 0 0 0 0 0 0 0 0 0 0 0 0 0 0 0 0 0 0 0 0 0 0 0 0 0 0 0 0 0 0 0 0 0 0 0 0 0 0 0 0 0 0 0 0 0 0 0 0 0 0 0 0 0 0 0 0 0 0 0 0 0 0 0 0 0 0 0 0 0 0 0 0 0 0 0 0 0 0 0 0 0 0 0 0 0 0 0 0 0 0 0 0 0 0 0 0 0 0 0 0 0 0 0 0 0 0 0 0 0 0 0 0 0 0 0 0 0 0 0 0 0 0 0 0 0 0 0 0 0 0 0 0 0 0 0 0 0 0 0 0 0 0 0 0 0 0 0 0 0 0 0 0 0 0 0 0 0 0 0 0 0 0 0 0 0 0 0 0 0 0 0 0 0 0 0 0 0 0 0 0 0 0 0 0 0 0 0 0 0 0 0 0 0 0 0 0 0 0 0 0 0 0 0 0 0 0 0 0 0 0 0 0 0 0 0 0 0 0 0 0 0 0 0 0 0 0 0 0 0 0 0 0 0 0 0 0 0 0 0 0 0 0 0 0 0 0 0 0 0 0 0 0 0 0 0 0 0 0 0 0 0 0 0 0 0 0 0 0 0 0 0 0 0 0 0 0 0 0 0 0 0 0 0 0 0 0 0 0 0 0 0 0 0 0 0 0 0 0 0 0 0 0 0 0 0 0 0 0 0 0 0 0 0 0 0 0 0 0 0 0 0 0 0 0 0 0 0 0 0 0 0 0 0 0 0 0 0 0 0 0 0 0 0 0 0 0 0 0 0 0 0 0 0 0 0 0 0 0 0 0 0 0 0 0 0 0 0 0 0 0 0 0 0 0 0 0 0 0 0 0 0 0 0 0 0 0 0 0 0 0 0 0 0 0 0 0 0 0 0 0 0 0 0 0 0 0 0 0 0 0 0 0 0 0 0 0 0 0 0 0 0 0 0 0 0 0 0 0 0 0 0 0 0 0 0 0 0 0 0 0 0 0 0 0 0 0 0 0 0 0 0 0 0 0 0 0 0 0 0 0 0 0 0 0 0 0 0 0 0 0 0 0 0 0 0 0 0 0 0 0 0 0 0 0 0 0 0 0 0 0 0
ctxt 208359885628
btime 1773600682
processes 94930500
procs_running 1
procs_blocked 0
softirq 43068603884 256 2278682631 38842072 915528385 1476329916 0 2936439445 575092541 5109161 482841109
--
cpu  802977507 23598936 303487017 93437650930 610720955 0 8888640 0 0 0
cpu0 29447537 224394 7363647 1619932451 8331270 0 166359 0 0 0
cpu1 29267028 432889 7645730 1649263035 11021821 0 56322 0 0 0
cpu2 28200620 463108 7594816 1652802091 10878555 0 37209 0 0 0
cpu3 25944121 484906 6794766 1656256302 11039445 0 31376 0 0 0
cpu4 22370198 490414 6376386 1660318785 11076933 0 30881 0 0 0
cpu5 19970528 494023 5981765 1662921588 11317489 0 29062 0 0 0
cpu6 17828380 497511 5641133 1665549199 11192088 0 29243 0 0 0
cpu7 16614741 487783 5480505 1666984057 11171275 0 27275 0 0 0
cpu8 15341302 485635 5287852 1668205601 11408654 0 27302 0 0 0
cpu9 14907664 489844 5257124 1668697524 11338831 0 27468 0 0 0
cpu10 14408795 472357 5138667 1669206903 11495425 0 26692 0 0 0
cpu11 14133683 465792 5150522 1669209037 11700068 0 27846 0 0 0
cpu12 14189688 458188 5273365 1669321891 11397639 0 26917 0 0 0
cpu13 12800385 425511 5435914 1668766604 9922613 0 1898260 0 0 0
cpu14 31524865 477236 7839800 1650100252 10085309 0 176915 0 0 0
cpu15 21118917 503934 6807668 1660875072 10896787 0 175239 0 0 0
cpu16 17755876 491819 6318294 1664591760 11133798 0 175600 0 0 0
cpu17 14933137 500066 5675949 1668359762 10904757 0 170637 0 0 0
cpu18 13593788 505884 5524493 1670075197 10640498 0 174934 0 0 0
cpu19 12938023 472687 5421514 1670843064 10655446 0 173930 0 0 0
cpu20 13089265 493492 5355253 1670729101 10658009 0 175206 0 0 0
cpu21 12211601 482428 5342726 1671495092 10771605 0 173516 0 0 0
cpu22 11982915 482914 5344664 1671418075 11081808 0 175383 0 0 0
cpu23 11695285 471865 5194556 1672164527 10734790 0 174426 0 0 0
cpu24 11732259 448076 5197610 1671882568 11041955 0 172734 0 0 0
cpu25 11558188 450839 5261312 1672353963 10684683 0 179957 0 0 0
cpu26 12010939 478046 5301754 1671783038 10628110 0 181868 0 0 0
cpu27 13883049 464459 5489973 1669445207 10979930 0 179099 0 0 0
cpu28 18769238 361854 5861306 1658280457 9964380 0 1268453 0 0 0
cpu29 13427887 381424 5532757 1669061932 11673622 0 64327 0 0 0
cpu30 12752710 342093 5330353 1670903621 11247311 0 27571 0 0 0
cpu31 11677369 306256 5011832 1672849061 10868964 0 24907 0 0 0
cpu32 10895347 292303 4886724 1673263313 11397097 0 24753 0 0 0
cpu33 10507532 294659 4790989 1673067193 12114832 0 24322 0 0 0
cpu34 10108277 300801 4687156 1673724467 11872645 0 23444 0 0 0
cpu35 9690892 288349 4580924 1674426185 11825219 0 25091 0 0 0
cpu36 9561711 287721 4480247 1674947112 11575416 0 23340 0 0 0
cpu37 9402910 302139 4460633 1675121141 11595843 0 23079 0 0 0
cpu38 9341719 311327 4413349 1675488279 11334824 0 23236 0 0 0
cpu39 9403394 310554 4506344 1675259610 11304708 0 23994 0 0 0
cpu40 9357538 306218 4533544 1675489811 11111669 0 24819 0 0 0
cpu41 9760860 317785 4534557 1674794086 11289838 0 24397 0 0 0
cpu42 13911174 443034 5480170 1670142221 10331984 0 172419 0 0 0
cpu43 11931142 434858 5193036 1672274346 10395138 0 168917 0 0 0
cpu44 11767979 425576 5251211 1672605964 10306591 0 169195 0 0 0
cpu45 11246083 430940 5015496 1673277262 10414967 0 162777 0 0 0
cpu46 11128320 431394 5009915 1673303368 10520800 0 164373 0 0 0
cpu47 10943722 452452 5033118 1673331316 10626179 0 165255 0 0 0
cpu48 11671813 439673 5002221 1672737301 10596934 0 164520 0 0 0
cpu49 11121592 416764 5035500 1673457667 10393366 0 167614 0 0 0
cpu50 11067277 440746 5000855 1673159935 10735932 0 166243 0 0 0
cpu51 11323143 447564 5006025 1673063267 10531489 0 168822 0 0 0
cpu52 11034418 446614 4995957 1673189376 10709901 0 169032 0 0 0
cpu53 11096214 432568 5077622 1673208140 10559381 0 175888 0 0 0
cpu54 11463180 425131 5052813 1672795011 10642489 0 173154 0 0 0
cpu55 13161266 432016 5224583 1670877717 10589818 0 173015 0 0 0
intr 106385455565 74 4 0 0 0 0 0 0 0 0 0 0 6 0 0 0 0 360 213 2556252117 0 0 0 0 0 0 0 0 0 0 0 0 0 0 0 0 0 2395706923 426516671 8318549 677 278 24496490 0 0 0 0 0 0 0 0 0 0 0 0 0 0 0 0 0 0 0 0 0 0 0 0 0 0 0 0 0 0 0 0 0 0 0 0 0 0 0 0 0 0 0 0 0 0 0 0 0 0 0 0 0 0 0 0 0 0 0 0 0 0 0 0 0 0 0 0 0 0 0 0 0 0 0 0 0 0 0 0 0 0 0 0 0 0 0 0 0 0 0 0 0 0 0 0 0 0 0 0 0 0 0 0 0 0 0 0 0 0 0 0 0 0 0 0 0 0 0 0 0 0 0 0 0 0 0 0 0 0 0 0 0 0 0 0 0 0 0 0 0 0 0 0 0 0 0 0 0 0 0 0 0 0 0 0 0 0 0 0 0 0 0 0 0 0 0 0 0 0 0 0 0 0 0 0 0 0 0 0 0 0 0 0 0 0 0 0 0 0 0 0 0 0 0 0 0 0 0 0 0 0 0 0 0 0 0 0 0 0 0 0 0 0 0 0 0 0 0 0 0 0 0 0 0 0 0 0 0 0 0 0 0 0 0 0 0 0 0 0 0 0 0 0 0 0 0 0 0 0 0 0 0 0 0 0 0 0 0 0 0 0 0 0 0 0 0 0 0 0 0 0 0 0 0 0 0 0 0 0 0 0 0 0 0 0 0 0 0 0 0 0 0 0 0 0 0 0 0 0 0 0 0 0 0 0 0 0 0 0 0 0 0 0 0 0 0 0 0 0 0 0 0 0 0 0 0 0 0 0 0 0 0 0 0 0 0 0 0 0 0 0 0 0 0 0 0 0 0 0 0 0 0 0 0 0 0 0 0 0 0 0 0 0 0 0 0 0 0 0 0 0 0 0 0 0 0 0 0 0 0 0 0 0 0 0 0 0 0 0 0 0 0 0 0 0 0 0 0 0 0 0 0 0 0 0 0 0 0 0 0 0 0 0 0 0 0 0 0 0 0 0 0 0 0 0 0 0 0 0 0 0 0 0 0 0 0 0 0 0 0 0 0 0 0 0 0 0 0 0 0 0 0 0 0 0 0 0 0 0 0 0 0 0 0 0 0 0 0 0 0 0 0 0 0 0 0 0 0 0 0 0 0 0 0 0 0 0 0 0 0 0 0 0 0 0 0 0 0 0 0 0 0 0 0 0 0 0 0 0 0 0 0 0 0 0 0 0 0 0 0 0 0 0 0 0 0 0 0 0 0 0 0 0 0 0 0 0 0 0 0 0 0 0 0 0 0 0 0 0 0 0 0 0 0 0 0 0 0 0 0 0 0 0 0 0 0 0 0 0 0 0 0 0 0 0 0 0 0 0 0 0 0 0 0 0 0 0 0 0 0 0 0 0 0 0 0 0 0 0 0 0 0 0 0 0 0 0 0 0 0 0 0 0 0 0 0 0 0 0 0 0 0 0 0 0 0 0 0 0 0 0 0 0 0 0 0 0 0 0 0 0 0 0 0 0 0 0 0 0 0 0 0 0 0 0 0 0 0 0 0 0 0 0 0 0 0 0 0 0 0 0 0 0 0 0 0 0 0 0 0 0 0 0 0 0 0 0 0 0 0 0 0 0 0 0 0 0 0 0 0 0 0 0 0 0 0 0 0 0 0 0 0 0 0 0 0 0 0 0 0 0 0 0 0 0 0 0 0 0 0 0 0 0 0 0 0 0 0 0 0 0 0 0 0 0 0 0 0 0 0 0 0 0 0 0 0 0 0 0 0 0 0 0 0 0 0 0 0 0 0 0 0 0 0 0 0 0 0 0 0 0 0 0 0 0 0 0 0 0 0 0 0 0 0 0 0 0 0 0 0 0 0 0 0 0 0 0 0 0 0 0 0 0 0 0 0 0 0 0 0 0 0 0 0 0 0 0 0 0 0 0 0 0 0 0 0 0 0 0 0 0 0 0 0 0 0 0 0 0 0 0 0 0 0 0 0 0 0 0 0 0 0 0 0 0 0 0 0 0 0 0 0 0 0 0 0 0 0 0 0 0 0 0 0 0 0 0 0 0 0 0 0 0 0 0 0 0 0 0 0 0 0 0 0 0 0 0 0 0 0 0 0 0 0 0 0 0 0 0 0 0 0 0 0 0 0 0 0 0 0 0 0 0 0 0 0 0 0 0 0 0 0 0 0 0 0 0 0 0 0 0 0 0 0 0 0 0 0 0 0 0 0 0 0 0 0 0 0 0 0 0 0 0 0 0 0 0 0 0 0 0 0 0 0 0 0 0 0 0 0 0 0 0 0 0 0 0 0 0 0 0 0 0 0 0 0 0 0 0 0 0 0 0 0 0 0 0 0 0 0 0 0 0 0 0 0 0 0 0 0 0 0 0 0 0 0 0 0 0 0 0 0 0 0 0 0 0 0 0 0 0 0 0 0 0 0 0 0 0 0 0 0 0 0 0 0 0 0 0 0 0 0 0 0 0 0 0 0 0 0 0 0 0 0 0 0 0 0 0 0 0 0 0 0 0 0 0 0 0 0 0 0 0 0 0 0 0 0 0 0 0 0 0 0 0 0 0 0 0 0 0 0 0 0 0 0 0 0 0 0 0 0 0 0 0 0 0 0 0 0 0 0 0 0 0 0 0 0 0 0 0 0 0 0 0 0 0 0 0 0 0 0 0 0 0 0 0 0 0 0 0 0 0 0 0 0 0 0 0 0 0 0 0 0 0 0 0 0 0 0 0 0 0 0 0 0 0 0 0 0 0 0 0 0 0 0 0 0 0 0 0 0 0 0 0 0 0 0 0 0 0 0 0 0 0 0 0 0 0 0 0 0 0 0 0 0 0 0 0 0 0 0 0 0 0 0 0 0 0 0 0 0 0 0 0 0 0 0 0 0 0 0 0 0 0 0 0 0 0 0 0 0 0 0 0 0 0 0 0 0 0 0 0 0 0 0 0 0 0 0 0 0 0 0 0 0 0 0 0 0 0 0 0 0 0 0 0 0 0 0 0 0 0 0 0 0 0 0 0 0 0 0 0 0 0 0 0 0 0 0 0 0 0 0 0 0 0 0 0 0 0 0 0 0 0 0 0 0 0 0 0 0 0 0 0 0 0 0 0 0 0 0 0 0 0 0 0 0 0 0 0 0 0 0 0 0 0 0 0 0 0 0 0 0 0 0 0 0 0 0 0 0 0 0 0 0 0 0 0 0 0 0 0 0 0 0 0 0 0 0 0 0 0 0 0 0 0 0 0 0 0 0 0 0 0 0 0 0 0 0 0 0 0 0 0 0 0 0 0 0 0 0 0 0 0 0 0 0 0 0 0 0 0 0 0 0 0 0 0 0 0 0 0 0 0 0 0 0 0 0 0 0 0 0 0 0 0 0 0 0 0 0 0 0 0 0 0 0 0 0 0 0 0 0 0 0 0 0 0 0 0 0 0 0 0 0 0 0 0 0 0 0 0 0 0 0 0 0 0 0 0 0 0 0 0 0 0 0 0 0 0 0 0 0 0 0 0 0 0 0 0 0 0 0 0 0 0 0 0 0 0 0 0 0 0 0 0 0 0 0 0 0 0 0 0 0 0 0 0 0 0 0 0 0 0 0 0 0 0 0 0 0 0 0 0 0 0 0 0 0 0 0 0 0 0 0 0 0 0 0 0 0 0 0 0 0 0 0 0 0 0 0 0 0 0 0 0 0 0 0 0 0 0 0 0 0 0 0 0 0 0 0 0 0 0 0 0 0 0 0 0 0 0 0
ctxt 208360062192
btime 1773600682
processes 94930522
procs_running 2
procs_blocked 1
softirq 43068691980 256 2278690180 38843626 915575771 1476330717 0 2936441406 575109649 5109161 482852846
