Running 10s test @ http://192.168.10.15:18500/wait
  32 threads and 64 connections
  Thread Stats   Avg      Stdev     Max   +/- Stdev
    Latency    10.31ms  394.44us  11.48ms   69.68%
    Req/Sec   194.44      8.12   210.00     80.59%
  Latency Distribution
     50%   10.25ms
     75%   10.56ms
     90%   10.88ms
     99%   11.21ms
  62080 requests in 10.10s, 9.41MB read
Requests/sec:   6145.86
Transfer/sec:      0.93MB
## drops 0 0
## server-stat
cpu  1130084 402 612378 8283458 29792 0 241584 0 0 0
cpu0 41974 7 19010 254428 757 0 8688 0 0 0
cpu1 42298 8 18930 255131 558 0 8395 0 0 0
cpu2 42579 7 18842 255265 356 0 8337 0 0 0
cpu3 43151 9 19338 253322 1180 0 8373 0 0 0
cpu4 43434 7 19167 253655 714 0 8443 0 0 0
cpu5 43154 9 19082 254367 353 0 8327 0 0 0
cpu6 42726 7 18966 254915 333 0 8330 0 0 0
cpu7 42004 6 18793 255963 168 0 8177 0 0 0
cpu8 21828 12 18252 271897 1013 0 5120 0 0 0
cpu9 24083 12 18545 267946 2300 0 5228 0 0 0
cpu10 23350 11 18472 270054 1153 0 5364 0 0 0
cpu11 22360 10 17947 273235 557 0 5107 0 0 0
cpu12 38234 80 19075 253626 2913 0 5392 0 0 0
cpu13 37069 13 19320 255090 2271 0 5519 0 0 0
cpu14 22395 9 17571 274636 794 0 5020 0 0 0
cpu15 21386 9 16525 277687 631 0 4586 0 0 0
cpu16 45608 4 19776 251341 358 0 8472 0 0 0
cpu17 45481 4 19793 250455 1242 0 8512 0 0 0
cpu18 45294 5 19660 251821 275 0 8430 0 0 0
cpu19 46270 6 20097 249741 605 0 8640 0 0 0
cpu20 46406 8 20052 249814 659 0 8623 0 0 0
cpu21 45104 5 19597 251656 526 0 8493 0 0 0
cpu22 44280 6 19660 251159 320 0 8463 0 0 0
cpu23 43270 8 19347 253765 278 0 8375 0 0 0
cpu24 24356 11 18711 270979 801 0 5448 0 0 0
cpu25 26266 12 20371 263482 1510 0 6243 0 0 0
cpu26 25453 10 20069 265204 1133 0 6136 0 0 0
cpu27 22010 6 18107 266818 1007 0 9615 0 0 0
cpu28 36217 17 21079 245727 1821 0 11342 0 0 0
cpu29 37541 54 21201 243776 1725 0 11428 0 0 0
cpu30 21050 8 18091 266606 748 0 9462 0 0 0
cpu31 23441 8 18919 269882 716 0 5482 0 0 0
intr 833092209 126 0 0 0 0 0 0 0 0 1 0 0 0 0 0 0 0 0 0 0 0 0 0 0 0 0 0 1 1 1 0 0 0 0 1 0 1 0 0 75045 0 0 0 0 0 0 0 0 411 0 0 0 0 0 0 0 0 87 0 0 0 0 0 0 0 0 0 0 0 0 0 0 0 121733 2 13446093 13402768 13366915 13469800 0 2773 2272 2843 1491 3072 2630 2049 2530 1389 10134 18048 9958 8097 13038 14540 11228 7240 2666 1758 1419 2307 2183 1887 1511 1570 8809 6893 4879 5414 6270 5624 5971 7938 0 0 0 0 616228 2945 1036 0 264 0 0 0 0 0 0 0 0 0 0 0 0 0 0 0 0 0 0 0 0 0 0 0 0 0 0 0 0 0 0 0 0 0 0 0 0 0 0 0 0 0 0 0 0 0 0 0 0 0 0 0 0 0 0 0 0 0 0 0 0 0 0 0 0 0 0 0 0 0 0 0 0 0 0 0 0 0 0 0 0 0 0 0 0 0 0 0 0 0 0 0 0 0 0 0 0 0 0 0 0 0 0 0 0 0 0 0 0 0 0 0 0 0 0 0 0 0 0 0 0 0 0 0 0 0 0 0 0 0 0 0 0 0 0 0 0 0 0 0 0 0 0 0 0 0 0 0 0 0 0 0 0 0 0 0 0 0 0 0 0 0 0 0 0 0 0 0 0 0 0 0 0 0 0 0 0 0 0 0 0 0 0 0 0 0 0 0 0 0 0 0 0 0 0 0 0 0 0 0 0 0 0 0 0 0 0 0 0 0 0 0 0 0 0 0 0 0 0 0 0 0 0 0 0 0 0 0 0 0 0 0 0 0 0 0 0 0 0 0 0 0 0 0 0 0 0 0 0 0 0 0 0 0 0 0 0 0 0 0 0 0 0 0 0 0 0 0 0 0 0 0 0 0 0 0 0 0 0 0 0 0 0 0 0 0 0 0 0 0 0 0 0 0 0 0 0 0 0 0 0 0 0 0 0 0 0 0 0 0 0 0 0 0 0 0 0 0 0 0 0 0 0 0 0 0 0 0 0 0 0 0 0 0 0 0 0 0 0 0 0 0 0 0 0 0 0 0 0 0 0 0 0 0 0 0 0 0 0 0 0 0 0 0 0 0 0 0 0 0 0 0 0 0 0 0 0 0 0 0 0 0 0 0 0 0 0 0 0 0 0 0 0 0 0 0 0 0 0 0 0 0 0 0 0 0 0 0 0 0 0 0 0 0 0 0 0 0 0 0 0 0 0 0 0 0 0 0 0 0 0 0 0 0 0 0 0 0 0 0 0 0 0 0 0 0 0 0 0 0 0 0 0 0 0 0 0 0 0 0 0 0 0 0 0 0 0 0 0 0 0 0 0 0 0 0 0 0 0 0 0 0 0 0 0 0 0 0 0 0 0 0 0 0 0 0 0 0 0 0 0 0 0 0 0 0 0 0 0 0 0 0 0 0 0 0 0 0 0 0 0 0 0 0 0 0 0 0 0 0 0 0 0 0 0 0 0 0 0 0 0 0 0 0 0 0 0 0 0 0 0 0 0 0 0 0 0 0 0 0 0 0 0 0 0 0 0 0 0 0 0 0 0 0 0 0 0 0 0 0 0 0 0 0 0 0 0 0 0 0 0 0 0 0 0 0 0 0 0 0 0 0 0 0 0 0 0 0 0 0 0 0 0 0 0 0 0 0 0 0 0 0 0 0 0 0 0 0 0 0 0 0 0 0 0 0 0 0 0 0 0 0 0 0 0 0 0 0 0 0 0 0 0 0 0 0 0 0 0 0 0 0 0 0 0 0 0 0 0 0 0 0 0 0 0 0 0 0 0 0 0 0 0 0 0 0 0 0 0 0 0 0 0 0 0 0 0 0 0 0 0 0 0 0 0 0 0 0 0 0 0 0 0 0 0 0 0 0 0 0 0 0 0 0 0 0 0 0 0 0 0 0 0 0 0 0 0 0 0 0 0 0 0 0 0 0 0 0 0 0 0 0 0 0 0 0 0 0 0 0 0 0 0 0 0 0 0 0 0 0 0 0 0 0 0 0 0 0 0 0 0 0 0 0 0 0 0 0 0 0 0 0 0 0 0 0 0 0 0 0 0 0 0 0 0 0 0 0 0 0 0 0 0 0 0 0 0 0 0 0 0 0 0 0 0 0 0 0 0 0 0 0 0 0 0 0 0 0 0 0 0 0 0 0 0 0 0 0 0 0 0 0 0 0 0 0 0 0 0 0 0 0 0 0 0 0 0 0 0 0 0 0 0 0 0 0 0 0 0 0 0 0 0 0 0 0 0 0 0 0 0 0 0 0 0 0 0 0 0 0 0 0 0 0 0 0 0 0 0 0 0 0 0 0 0 0 0 0 0 0 0 0 0 0 0 0 0 0 0 0 0 0 0 0 0 0 0 0 0 0 0 0 0 0 0 0 0 0 0 0 0 0 0 0 0 0 0 0 0 0 0 0 0 0 0 0 0 0 0 0 0 0 0 0 0 0 0 0 0 0 0 0 0 0 0 0 0 0 0 0 0 0 0 0 0 0 0 0 0 0 0 0 0 0 0 0 0 0 0 0 0 0 0 0 0 0 0 0 0 0 0 0 0 0 0 0 0 0 0 0 0 0 0 0 0 0 0 0 0 0 0 0 0 0 0 0 0 0 0 0 0 0 0 0 0 0 0 0 0 0 0 0 0 0 0 0 0 0 0 0 0 0 0 0 0 0 0 0 0 0 0 0 0 0 0 0 0 0 0 0 0 0 0 0 0 0 0 0 0 0 0 0 0
ctxt 1180027783
btime 1790630938
processes 92631
procs_running 1
procs_blocked 0
softirq 1206280618 73526 1988060 551369 1172371230 126839 0 4884288 16072175 410 10212721
--
cpu  1130159 403 612395 8308904 29822 0 241590 0 0 0
cpu0 41974 7 19010 255227 757 0 8689 0 0 0
cpu1 42298 8 18930 255931 558 0 8395 0 0 0
cpu2 42579 7 18842 256064 356 0 8337 0 0 0
cpu3 43151 9 19339 254120 1180 0 8373 0 0 0
cpu4 43434 7 19168 254453 714 0 8443 0 0 0
cpu5 43154 9 19082 255167 353 0 8327 0 0 0
cpu6 42726 7 18966 255715 333 0 8330 0 0 0
cpu7 42005 6 18793 256763 168 0 8177 0 0 0
cpu8 21831 12 18252 272692 1013 0 5120 0 0 0
cpu9 24086 12 18547 268740 2300 0 5228 0 0 0
cpu10 23352 11 18472 270852 1153 0 5364 0 0 0
cpu11 22360 10 17947 274033 557 0 5107 0 0 0
cpu12 38248 80 19078 254395 2926 0 5393 0 0 0
cpu13 37089 13 19323 255862 2273 0 5520 0 0 0
cpu14 22395 9 17571 275435 794 0 5020 0 0 0
cpu15 21388 9 16525 278483 632 0 4586 0 0 0
cpu16 45608 4 19776 252140 358 0 8472 0 0 0
cpu17 45481 4 19793 251255 1242 0 8512 0 0 0
cpu18 45294 5 19660 252621 275 0 8430 0 0 0
cpu19 46272 6 20097 250538 605 0 8640 0 0 0
cpu20 46407 8 20052 250612 659 0 8623 0 0 0
cpu21 45104 5 19597 252455 526 0 8493 0 0 0
cpu22 44280 6 19660 251959 320 0 8463 0 0 0
cpu23 43270 8 19347 254565 279 0 8375 0 0 0
cpu24 24356 11 18711 271779 801 0 5448 0 0 0
cpu25 26266 13 20373 264279 1511 0 6243 0 0 0
cpu26 25453 10 20069 266004 1133 0 6136 0 0 0
cpu27 22011 6 18108 267614 1007 0 9615 0 0 0
cpu28 36236 17 21083 246489 1833 0 11344 0 0 0
cpu29 37544 54 21203 244565 1725 0 11430 0 0 0
cpu30 21050 8 18091 267402 748 0 9463 0 0 0
cpu31 23441 8 18919 270682 716 0 5482 0 0 0
intr 833246472 126 0 0 0 0 0 0 0 0 1 0 0 0 0 0 0 0 0 0 0 0 0 0 0 0 0 0 1 1 1 0 0 0 0 1 0 1 0 0 75045 0 0 0 0 0 0 0 0 411 0 0 0 0 0 0 0 0 87 0 0 0 0 0 0 0 0 0 0 0 0 0 0 0 121968 2 13464401 13421240 13385839 13490307 0 2781 2272 2843 1491 3072 2631 2049 2530 1389 10134 18048 9958 8097 13038 14540 11228 7240 2666 1758 1419 2307 2183 1887 1511 1571 8809 6899 4879 5414 6270 5624 5971 7938 0 0 0 0 616228 2945 1036 0 264 0 0 0 0 0 0 0 0 0 0 0 0 0 0 0 0 0 0 0 0 0 0 0 0 0 0 0 0 0 0 0 0 0 0 0 0 0 0 0 0 0 0 0 0 0 0 0 0 0 0 0 0 0 0 0 0 0 0 0 0 0 0 0 0 0 0 0 0 0 0 0 0 0 0 0 0 0 0 0 0 0 0 0 0 0 0 0 0 0 0 0 0 0 0 0 0 0 0 0 0 0 0 0 0 0 0 0 0 0 0 0 0 0 0 0 0 0 0 0 0 0 0 0 0 0 0 0 0 0 0 0 0 0 0 0 0 0 0 0 0 0 0 0 0 0 0 0 0 0 0 0 0 0 0 0 0 0 0 0 0 0 0 0 0 0 0 0 0 0 0 0 0 0 0 0 0 0 0 0 0 0 0 0 0 0 0 0 0 0 0 0 0 0 0 0 0 0 0 0 0 0 0 0 0 0 0 0 0 0 0 0 0 0 0 0 0 0 0 0 0 0 0 0 0 0 0 0 0 0 0 0 0 0 0 0 0 0 0 0 0 0 0 0 0 0 0 0 0 0 0 0 0 0 0 0 0 0 0 0 0 0 0 0 0 0 0 0 0 0 0 0 0 0 0 0 0 0 0 0 0 0 0 0 0 0 0 0 0 0 0 0 0 0 0 0 0 0 0 0 0 0 0 0 0 0 0 0 0 0 0 0 0 0 0 0 0 0 0 0 0 0 0 0 0 0 0 0 0 0 0 0 0 0 0 0 0 0 0 0 0 0 0 0 0 0 0 0 0 0 0 0 0 0 0 0 0 0 0 0 0 0 0 0 0 0 0 0 0 0 0 0 0 0 0 0 0 0 0 0 0 0 0 0 0 0 0 0 0 0 0 0 0 0 0 0 0 0 0 0 0 0 0 0 0 0 0 0 0 0 0 0 0 0 0 0 0 0 0 0 0 0 0 0 0 0 0 0 0 0 0 0 0 0 0 0 0 0 0 0 0 0 0 0 0 0 0 0 0 0 0 0 0 0 0 0 0 0 0 0 0 0 0 0 0 0 0 0 0 0 0 0 0 0 0 0 0 0 0 0 0 0 0 0 0 0 0 0 0 0 0 0 0 0 0 0 0 0 0 0 0 0 0 0 0 0 0 0 0 0 0 0 0 0 0 0 0 0 0 0 0 0 0 0 0 0 0 0 0 0 0 0 0 0 0 0 0 0 0 0 0 0 0 0 0 0 0 0 0 0 0 0 0 0 0 0 0 0 0 0 0 0 0 0 0 0 0 0 0 0 0 0 0 0 0 0 0 0 0 0 0 0 0 0 0 0 0 0 0 0 0 0 0 0 0 0 0 0 0 0 0 0 0 0 0 0 0 0 0 0 0 0 0 0 0 0 0 0 0 0 0 0 0 0 0 0 0 0 0 0 0 0 0 0 0 0 0 0 0 0 0 0 0 0 0 0 0 0 0 0 0 0 0 0 0 0 0 0 0 0 0 0 0 0 0 0 0 0 0 0 0 0 0 0 0 0 0 0 0 0 0 0 0 0 0 0 0 0 0 0 0 0 0 0 0 0 0 0 0 0 0 0 0 0 0 0 0 0 0 0 0 0 0 0 0 0 0 0 0 0 0 0 0 0 0 0 0 0 0 0 0 0 0 0 0 0 0 0 0 0 0 0 0 0 0 0 0 0 0 0 0 0 0 0 0 0 0 0 0 0 0 0 0 0 0 0 0 0 0 0 0 0 0 0 0 0 0 0 0 0 0 0 0 0 0 0 0 0 0 0 0 0 0 0 0 0 0 0 0 0 0 0 0 0 0 0 0 0 0 0 0 0 0 0 0 0 0 0 0 0 0 0 0 0 0 0 0 0 0 0 0 0 0 0 0 0 0 0 0 0 0 0 0 0 0 0 0 0 0 0 0 0 0 0 0 0 0 0 0 0 0 0 0 0 0 0 0 0 0 0 0 0 0 0 0 0 0 0 0 0 0 0 0 0 0 0 0 0 0 0 0 0 0 0 0 0 0 0 0 0 0 0 0 0 0 0 0 0 0 0 0 0 0 0 0 0 0 0 0 0 0 0 0 0 0 0 0 0 0 0 0 0 0 0 0 0 0 0 0 0 0 0 0 0 0 0 0 0 0 0 0 0 0 0 0 0 0 0 0 0 0 0 0 0 0 0 0 0 0 0 0 0 0 0 0 0 0 0 0 0 0 0 0 0 0 0 0 0 0 0 0 0 0 0 0 0 0 0 0 0 0 0 0 0 0 0 0 0 0 0 0 0 0 0 0 0 0 0 0 0 0 0 0 0 0 0 0 0 0 0 0 0 0 0 0 0 0 0 0 0 0 0 0 0 0 0 0 0 0 0 0 0 0 0 0 0 0 0 0 0 0 0 0 0 0 0 0 0 0 0 0 0 0 0 0 0 0 0 0 0 0 0 0 0 0 0 0 0 0 0 0 0 0 0 0 0 0 0 0 0 0 0 0
ctxt 1180111587
btime 1790630938
processes 92711
procs_running 2
procs_blocked 0
softirq 1206389267 73526 1991672 551457 1172461324 127089 0 4884288 16079392 410 10220109
## client-stat
cpu  802855854 23598936 303089493 93434195208 610703716 0 8730847 0 0 0
cpu0 29445978 224394 7359025 1619873840 8330973 0 164787 0 0 0
cpu1 29264985 432889 7638823 1649200807 11021346 0 54339 0 0 0
cpu2 28198549 463108 7587915 1652739168 10878304 0 35206 0 0 0
cpu3 25941966 484906 6787819 1656193386 11039070 0 29427 0 0 0
cpu4 22368128 490414 6369479 1660255596 11076609 0 28899 0 0 0
cpu5 19968537 494023 5974826 1662858416 11317044 0 27100 0 0 0
cpu6 17826187 497511 5634269 1665486047 11191757 0 27288 0 0 0
cpu7 16612776 487783 5473673 1666920600 11171016 0 25313 0 0 0
cpu8 15339098 485635 5280968 1668142401 11408394 0 25325 0 0 0
cpu9 14905483 489844 5250290 1668634429 11338394 0 25533 0 0 0
cpu10 14406694 472357 5131795 1669143667 11495077 0 24728 0 0 0
cpu11 14131701 465792 5143537 1669145891 11699708 0 25848 0 0 0
cpu12 14187608 458188 5266354 1669258993 11397155 0 24910 0 0 0
cpu13 12798323 425511 5428929 1668703638 9922302 0 1896148 0 0 0
cpu14 31522536 477236 7832228 1650038729 10085151 0 174376 0 0 0
cpu15 21115810 503934 6800155 1660814235 10896450 0 172812 0 0 0
cpu16 17753749 491819 6310728 1664530079 11133603 0 173083 0 0 0
cpu17 14930871 500066 5668331 1668298253 10904391 0 168243 0 0 0
cpu18 13591200 505884 5517058 1670013643 10640278 0 172505 0 0 0
cpu19 12935879 472687 5414029 1670781188 10655238 0 171497 0 0 0
cpu20 13087130 493492 5347736 1670667548 10657446 0 172785 0 0 0
cpu21 12209505 482428 5335066 1671433368 10771301 0 171091 0 0 0
cpu22 11980799 482914 5337175 1671356115 11081627 0 172933 0 0 0
cpu23 11693158 471865 5186929 1672102884 10734408 0 172004 0 0 0
cpu24 11729669 448076 5190103 1671821165 11041654 0 170307 0 0 0
cpu25 11555913 450839 5253695 1672292755 10684202 0 177430 0 0 0
cpu26 12008611 478046 5294168 1671721865 10627609 0 179333 0 0 0
cpu27 13879861 464459 5482355 1669384604 10979733 0 176583 0 0 0
cpu28 18768108 361854 5858603 1658249555 9964305 0 1232589 0 0 0
cpu29 13425843 381424 5526075 1668998363 11673354 0 62400 0 0 0
cpu30 12750595 342093 5323585 1670840244 11247010 0 25628 0 0 0
cpu31 11675450 306256 5005177 1672785299 10868711 0 22973 0 0 0
cpu32 10893239 292303 4880014 1673199848 11396818 0 22788 0 0 0
cpu33 10505314 294659 4784171 1673003902 12114581 0 22388 0 0 0
cpu34 10106153 300801 4680377 1673661246 11872203 0 21492 0 0 0
cpu35 9688464 288349 4574005 1674363355 11824847 0 23144 0 0 0
cpu36 9559482 287721 4473480 1674883988 11574926 0 21426 0 0 0
cpu37 9400464 302139 4453664 1675058459 11595295 0 21169 0 0 0
cpu38 9339761 311327 4406597 1675424740 11334489 0 21281 0 0 0
cpu39 9401447 310554 4499472 1675196222 11304392 0 21988 0 0 0
cpu40 9355571 306218 4526580 1675426515 11111387 0 22797 0 0 0
cpu41 9758826 317785 4527579 1674730950 11289500 0 22402 0 0 0
cpu42 13909019 443034 5472650 1670080644 10331656 0 169870 0 0 0
cpu43 11927968 434858 5185599 1672213607 10394790 0 166438 0 0 0
cpu44 11765817 425576 5243679 1672544203 10306439 0 166627 0 0 0
cpu45 11243979 430940 5007906 1673215429 10414727 0 160352 0 0 0
cpu46 11126243 431394 5002398 1673241425 10520586 0 161953 0 0 0
cpu47 10941666 452452 5025496 1673269525 10625911 0 162815 0 0 0
cpu48 11669705 439673 4994685 1672675337 10596801 0 162081 0 0 0
cpu49 11119720 416764 5027958 1673395537 10393169 0 165152 0 0 0
cpu50 11065013 440746 4993330 1673098178 10735697 0 163818 0 0 0
cpu51 11320965 447564 4998476 1673001349 10531341 0 166376 0 0 0
cpu52 11032083 446614 4988436 1673127665 10709685 0 166613 0 0 0
cpu53 11094073 432568 5069888 1673146558 10559151 0 173348 0 0 0
cpu54 11460942 425131 5045197 1672733480 10642250 0 170606 0 0 0
cpu55 13159214 432016 5216935 1670816247 10589424 0 170475 0 0 0
intr 106347309046 74 4 0 0 0 0 0 0 0 0 0 0 6 0 0 0 0 360 213 2556144539 0 0 0 0 0 0 0 0 0 0 0 0 0 0 0 0 0 2392699341 426497734 8318178 677 278 24496490 0 0 0 0 0 0 0 0 0 0 0 0 0 0 0 0 0 0 0 0 0 0 0 0 0 0 0 0 0 0 0 0 0 0 0 0 0 0 0 0 0 0 0 0 0 0 0 0 0 0 0 0 0 0 0 0 0 0 0 0 0 0 0 0 0 0 0 0 0 0 0 0 0 0 0 0 0 0 0 0 0 0 0 0 0 0 0 0 0 0 0 0 0 0 0 0 0 0 0 0 0 0 0 0 0 0 0 0 0 0 0 0 0 0 0 0 0 0 0 0 0 0 0 0 0 0 0 0 0 0 0 0 0 0 0 0 0 0 0 0 0 0 0 0 0 0 0 0 0 0 0 0 0 0 0 0 0 0 0 0 0 0 0 0 0 0 0 0 0 0 0 0 0 0 0 0 0 0 0 0 0 0 0 0 0 0 0 0 0 0 0 0 0 0 0 0 0 0 0 0 0 0 0 0 0 0 0 0 0 0 0 0 0 0 0 0 0 0 0 0 0 0 0 0 0 0 0 0 0 0 0 0 0 0 0 0 0 0 0 0 0 0 0 0 0 0 0 0 0 0 0 0 0 0 0 0 0 0 0 0 0 0 0 0 0 0 0 0 0 0 0 0 0 0 0 0 0 0 0 0 0 0 0 0 0 0 0 0 0 0 0 0 0 0 0 0 0 0 0 0 0 0 0 0 0 0 0 0 0 0 0 0 0 0 0 0 0 0 0 0 0 0 0 0 0 0 0 0 0 0 0 0 0 0 0 0 0 0 0 0 0 0 0 0 0 0 0 0 0 0 0 0 0 0 0 0 0 0 0 0 0 0 0 0 0 0 0 0 0 0 0 0 0 0 0 0 0 0 0 0 0 0 0 0 0 0 0 0 0 0 0 0 0 0 0 0 0 0 0 0 0 0 0 0 0 0 0 0 0 0 0 0 0 0 0 0 0 0 0 0 0 0 0 0 0 0 0 0 0 0 0 0 0 0 0 0 0 0 0 0 0 0 0 0 0 0 0 0 0 0 0 0 0 0 0 0 0 0 0 0 0 0 0 0 0 0 0 0 0 0 0 0 0 0 0 0 0 0 0 0 0 0 0 0 0 0 0 0 0 0 0 0 0 0 0 0 0 0 0 0 0 0 0 0 0 0 0 0 0 0 0 0 0 0 0 0 0 0 0 0 0 0 0 0 0 0 0 0 0 0 0 0 0 0 0 0 0 0 0 0 0 0 0 0 0 0 0 0 0 0 0 0 0 0 0 0 0 0 0 0 0 0 0 0 0 0 0 0 0 0 0 0 0 0 0 0 0 0 0 0 0 0 0 0 0 0 0 0 0 0 0 0 0 0 0 0 0 0 0 0 0 0 0 0 0 0 0 0 0 0 0 0 0 0 0 0 0 0 0 0 0 0 0 0 0 0 0 0 0 0 0 0 0 0 0 0 0 0 0 0 0 0 0 0 0 0 0 0 0 0 0 0 0 0 0 0 0 0 0 0 0 0 0 0 0 0 0 0 0 0 0 0 0 0 0 0 0 0 0 0 0 0 0 0 0 0 0 0 0 0 0 0 0 0 0 0 0 0 0 0 0 0 0 0 0 0 0 0 0 0 0 0 0 0 0 0 0 0 0 0 0 0 0 0 0 0 0 0 0 0 0 0 0 0 0 0 0 0 0 0 0 0 0 0 0 0 0 0 0 0 0 0 0 0 0 0 0 0 0 0 0 0 0 0 0 0 0 0 0 0 0 0 0 0 0 0 0 0 0 0 0 0 0 0 0 0 0 0 0 0 0 0 0 0 0 0 0 0 0 0 0 0 0 0 0 0 0 0 0 0 0 0 0 0 0 0 0 0 0 0 0 0 0 0 0 0 0 0 0 0 0 0 0 0 0 0 0 0 0 0 0 0 0 0 0 0 0 0 0 0 0 0 0 0 0 0 0 0 0 0 0 0 0 0 0 0 0 0 0 0 0 0 0 0 0 0 0 0 0 0 0 0 0 0 0 0 0 0 0 0 0 0 0 0 0 0 0 0 0 0 0 0 0 0 0 0 0 0 0 0 0 0 0 0 0 0 0 0 0 0 0 0 0 0 0 0 0 0 0 0 0 0 0 0 0 0 0 0 0 0 0 0 0 0 0 0 0 0 0 0 0 0 0 0 0 0 0 0 0 0 0 0 0 0 0 0 0 0 0 0 0 0 0 0 0 0 0 0 0 0 0 0 0 0 0 0 0 0 0 0 0 0 0 0 0 0 0 0 0 0 0 0 0 0 0 0 0 0 0 0 0 0 0 0 0 0 0 0 0 0 0 0 0 0 0 0 0 0 0 0 0 0 0 0 0 0 0 0 0 0 0 0 0 0 0 0 0 0 0 0 0 0 0 0 0 0 0 0 0 0 0 0 0 0 0 0 0 0 0 0 0 0 0 0 0 0 0 0 0 0 0 0 0 0 0 0 0 0 0 0 0 0 0 0 0 0 0 0 0 0 0 0 0 0 0 0 0 0 0 0 0 0 0 0 0 0 0 0 0 0 0 0 0 0 0 0 0 0 0 0 0 0 0 0 0 0 0 0 0 0 0 0 0 0 0 0 0 0 0 0 0 0 0 0 0 0 0 0 0 0 0 0 0 0 0 0 0 0 0 0 0 0 0 0 0 0 0 0 0 0 0 0 0 0 0 0 0 0 0 0 0 0 0 0 0 0 0 0 0 0 0 0 0 0 0 0 0 0 0 0 0 0 0 0 0 0 0 0 0 0 0 0 0 0 0 0 0 0 0 0 0 0 0 0 0 0 0 0 0 0 0 0 0 0 0 0 0 0 0 0 0 0 0 0 0 0 0 0 0 0 0 0 0 0 0 0 0 0 0 0 0 0 0 0 0 0 0 0 0 0 0 0 0 0 0 0 0 0 0 0 0 0 0 0 0 0 0 0 0 0 0 0 0 0 0 0 0 0 0 0 0 0 0 0 0 0 0 0 0 0 0 0 0 0 0 0 0 0 0 0 0 0 0 0 0 0 0 0 0 0 0 0 0 0 0 0 0 0 0 0 0 0 0 0 0 0 0 0 0 0 0 0 0 0 0 0 0 0 0 0 0 0 0 0 0 0 0 0 0 0 0 0 0 0 0 0 0 0 0 0 0 0 0 0 0 0 0 0 0 0 0 0 0 0 0 0 0 0 0 0 0 0 0 0 0 0 0 0 0 0 0 0 0 0 0 0 0 0 0 0 0 0 0 0 0 0 0 0 0 0 0 0 0 0 0 0 0 0 0 0 0 0 0 0 0 0 0 0 0 0 0 0 0 0 0 0 0 0 0 0 0 0 0 0 0 0 0 0 0 0 0 0 0 0 0 0 0 0 0 0 0 0 0 0 0 0 0 0 0 0 0 0 0 0 0 0 0 0 0 0 0 0 0 0 0 0 0 0 0 0 0 0 0 0 0 0 0 0 0 0 0 0 0 0 0 0 0 0 0 0 0 0 0 0 0 0 0 0 0 0 0 0 0 0 0 0 0 0 0 0 0 0 0 0 0 0 0 0 0 0 0 0 0 0 0 0 0 0 0 0 0 0 0 0 0 0 0 0 0 0 0 0 0 0 0 0 0 0 0 0 0 0 0 0 0 0 0 0 0 0 0 0 0 0 0 0 0 0 0 0 0 0 0 0 0 0 0 0 0 0 0 0 0 0 0 0 0 0 0 0 0 0 0 0 0
ctxt 208116281187
btime 1773600682
processes 94922039
procs_running 4
procs_blocked 0
softirq 42983894404 256 2278260052 38340703 844028580 1476266329 0 2936283327 566922350 5109161 478945278
--
cpu  802857017 23598936 303089873 93434237886 610703858 0 8730993 0 0 0
cpu0 29445983 224394 7359032 1619874504 8331018 0 164790 0 0 0
cpu1 29264987 432889 7638830 1649201590 11021346 0 54341 0 0 0
cpu2 28198553 463108 7587920 1652739951 10878304 0 35208 0 0 0
cpu3 25941976 484906 6787824 1656194161 11039075 0 29430 0 0 0
cpu4 22368132 490414 6369485 1660256381 11076609 0 28900 0 0 0
cpu5 19968549 494023 5974832 1662859194 11317044 0 27103 0 0 0
cpu6 17826200 497511 5634275 1665486821 11191757 0 27289 0 0 0
cpu7 16612780 487783 5473680 1666921384 11171017 0 25314 0 0 0
cpu8 15339109 485635 5280982 1668143172 11408394 0 25327 0 0 0
cpu9 14905487 489844 5250297 1668635204 11338402 0 25535 0 0 0
cpu10 14406696 472357 5131801 1669144454 11495077 0 24730 0 0 0
cpu11 14131711 465792 5143544 1669146669 11699708 0 25851 0 0 0
cpu12 14187620 458188 5266371 1669259709 11397205 0 24911 0 0 0
cpu13 12798329 425511 5428937 1668704419 9922302 0 1896151 0 0 0
cpu14 31522541 477236 7832234 1650039508 10085153 0 174379 0 0 0
cpu15 21115813 503934 6800165 1660815014 10896450 0 172817 0 0 0
cpu16 17753753 491819 6310735 1664530858 11133607 0 173086 0 0 0
cpu17 14930874 500066 5668337 1668299038 10904391 0 168246 0 0 0
cpu18 13591202 505884 5517065 1670014428 10640278 0 172508 0 0 0
cpu19 12935889 472687 5414035 1670781963 10655238 0 171499 0 0 0
cpu20 13087137 493492 5347742 1670668328 10657447 0 172788 0 0 0
cpu21 12209508 482428 5335074 1671434149 10771301 0 171095 0 0 0
cpu22 11980802 482914 5337181 1671356899 11081627 0 172936 0 0 0
cpu23 11693168 471865 5186935 1672103661 10734408 0 172006 0 0 0
cpu24 11729692 448076 5190111 1671821927 11041654 0 170310 0 0 0
cpu25 11555934 450839 5253703 1672293518 10684202 0 177434 0 0 0
cpu26 12008622 478046 5294174 1671722640 10627609 0 179336 0 0 0
cpu27 13880662 464459 5482355 1669384604 10979733 0 176583 0 0 0
cpu28 18768112 361854 5858614 1658250299 9964309 0 1232598 0 0 0
cpu29 13425847 381424 5526082 1668999145 11673355 0 62402 0 0 0
cpu30 12750598 342093 5323591 1670841027 11247012 0 25630 0 0 0
cpu31 11675455 306256 5005183 1672786078 10868714 0 22975 0 0 0
cpu32 10893241 292303 4880022 1673200629 11396821 0 22790 0 0 0
cpu33 10505317 294659 4784178 1673004684 12114583 0 22390 0 0 0
cpu34 10106155 300801 4680382 1673662032 11872206 0 21494 0 0 0
cpu35 9688466 288349 4574010 1674364143 11824849 0 23146 0 0 0
cpu36 9559484 287721 4473485 1674884776 11574926 0 21428 0 0 0
cpu37 9400466 302139 4453670 1675059247 11595295 0 21171 0 0 0
cpu38 9339775 311327 4406603 1675425514 11334490 0 21283 0 0 0
cpu39 9401450 310554 4499478 1675197008 11304392 0 21992 0 0 0
cpu40 9355575 306218 4526588 1675427298 11111388 0 22800 0 0 0
cpu41 9758828 317785 4527585 1674731736 11289500 0 22404 0 0 0
cpu42 13909022 443034 5472656 1670081429 10331656 0 169872 0 0 0
cpu43 11927971 434858 5185606 1672214391 10394790 0 166441 0 0 0
cpu44 11765823 425576 5243685 1672544984 10306439 0 166629 0 0 0
cpu45 11243982 430940 5007912 1673216212 10414727 0 160355 0 0 0
cpu46 11126249 431394 5002405 1673242207 10520586 0 161955 0 0 0
cpu47 10941670 452452 5025502 1673270306 10625913 0 162818 0 0 0
cpu48 11669710 439673 4994691 1672676118 10596801 0 162084 0 0 0
cpu49 11119728 416764 5027964 1673396317 10393170 0 165156 0 0 0
cpu50 11065041 440746 4993336 1673098937 10735697 0 163821 0 0 0
cpu51 11320974 447564 4998483 1673002123 10531345 0 166379 0 0 0
cpu52 11032088 446614 4988443 1673128447 10709685 0 166616 0 0 0
cpu53 11094080 432568 5069895 1673147337 10559151 0 173352 0 0 0
cpu54 11460961 425131 5045206 1672734248 10642250 0 170609 0 0 0
cpu55 13159215 432016 5216937 1670817041 10589424 0 170476 0 0 0
intr 106347410976 74 4 0 0 0 0 0 0 0 0 0 0 6 0 0 0 0 360 213 2556145725 0 0 0 0 0 0 0 0 0 0 0 0 0 0 0 0 0 2392716533 426497889 8318182 677 278 24496490 0 0 0 0 0 0 0 0 0 0 0 0 0 0 0 0 0 0 0 0 0 0 0 0 0 0 0 0 0 0 0 0 0 0 0 0 0 0 0 0 0 0 0 0 0 0 0 0 0 0 0 0 0 0 0 0 0 0 0 0 0 0 0 0 0 0 0 0 0 0 0 0 0 0 0 0 0 0 0 0 0 0 0 0 0 0 0 0 0 0 0 0 0 0 0 0 0 0 0 0 0 0 0 0 0 0 0 0 0 0 0 0 0 0 0 0 0 0 0 0 0 0 0 0 0 0 0 0 0 0 0 0 0 0 0 0 0 0 0 0 0 0 0 0 0 0 0 0 0 0 0 0 0 0 0 0 0 0 0 0 0 0 0 0 0 0 0 0 0 0 0 0 0 0 0 0 0 0 0 0 0 0 0 0 0 0 0 0 0 0 0 0 0 0 0 0 0 0 0 0 0 0 0 0 0 0 0 0 0 0 0 0 0 0 0 0 0 0 0 0 0 0 0 0 0 0 0 0 0 0 0 0 0 0 0 0 0 0 0 0 0 0 0 0 0 0 0 0 0 0 0 0 0 0 0 0 0 0 0 0 0 0 0 0 0 0 0 0 0 0 0 0 0 0 0 0 0 0 0 0 0 0 0 0 0 0 0 0 0 0 0 0 0 0 0 0 0 0 0 0 0 0 0 0 0 0 0 0 0 0 0 0 0 0 0 0 0 0 0 0 0 0 0 0 0 0 0 0 0 0 0 0 0 0 0 0 0 0 0 0 0 0 0 0 0 0 0 0 0 0 0 0 0 0 0 0 0 0 0 0 0 0 0 0 0 0 0 0 0 0 0 0 0 0 0 0 0 0 0 0 0 0 0 0 0 0 0 0 0 0 0 0 0 0 0 0 0 0 0 0 0 0 0 0 0 0 0 0 0 0 0 0 0 0 0 0 0 0 0 0 0 0 0 0 0 0 0 0 0 0 0 0 0 0 0 0 0 0 0 0 0 0 0 0 0 0 0 0 0 0 0 0 0 0 0 0 0 0 0 0 0 0 0 0 0 0 0 0 0 0 0 0 0 0 0 0 0 0 0 0 0 0 0 0 0 0 0 0 0 0 0 0 0 0 0 0 0 0 0 0 0 0 0 0 0 0 0 0 0 0 0 0 0 0 0 0 0 0 0 0 0 0 0 0 0 0 0 0 0 0 0 0 0 0 0 0 0 0 0 0 0 0 0 0 0 0 0 0 0 0 0 0 0 0 0 0 0 0 0 0 0 0 0 0 0 0 0 0 0 0 0 0 0 0 0 0 0 0 0 0 0 0 0 0 0 0 0 0 0 0 0 0 0 0 0 0 0 0 0 0 0 0 0 0 0 0 0 0 0 0 0 0 0 0 0 0 0 0 0 0 0 0 0 0 0 0 0 0 0 0 0 0 0 0 0 0 0 0 0 0 0 0 0 0 0 0 0 0 0 0 0 0 0 0 0 0 0 0 0 0 0 0 0 0 0 0 0 0 0 0 0 0 0 0 0 0 0 0 0 0 0 0 0 0 0 0 0 0 0 0 0 0 0 0 0 0 0 0 0 0 0 0 0 0 0 0 0 0 0 0 0 0 0 0 0 0 0 0 0 0 0 0 0 0 0 0 0 0 0 0 0 0 0 0 0 0 0 0 0 0 0 0 0 0 0 0 0 0 0 0 0 0 0 0 0 0 0 0 0 0 0 0 0 0 0 0 0 0 0 0 0 0 0 0 0 0 0 0 0 0 0 0 0 0 0 0 0 0 0 0 0 0 0 0 0 0 0 0 0 0 0 0 0 0 0 0 0 0 0 0 0 0 0 0 0 0 0 0 0 0 0 0 0 0 0 0 0 0 0 0 0 0 0 0 0 0 0 0 0 0 0 0 0 0 0 0 0 0 0 0 0 0 0 0 0 0 0 0 0 0 0 0 0 0 0 0 0 0 0 0 0 0 0 0 0 0 0 0 0 0 0 0 0 0 0 0 0 0 0 0 0 0 0 0 0 0 0 0 0 0 0 0 0 0 0 0 0 0 0 0 0 0 0 0 0 0 0 0 0 0 0 0 0 0 0 0 0 0 0 0 0 0 0 0 0 0 0 0 0 0 0 0 0 0 0 0 0 0 0 0 0 0 0 0 0 0 0 0 0 0 0 0 0 0 0 0 0 0 0 0 0 0 0 0 0 0 0 0 0 0 0 0 0 0 0 0 0 0 0 0 0 0 0 0 0 0 0 0 0 0 0 0 0 0 0 0 0 0 0 0 0 0 0 0 0 0 0 0 0 0 0 0 0 0 0 0 0 0 0 0 0 0 0 0 0 0 0 0 0 0 0 0 0 0 0 0 0 0 0 0 0 0 0 0 0 0 0 0 0 0 0 0 0 0 0 0 0 0 0 0 0 0 0 0 0 0 0 0 0 0 0 0 0 0 0 0 0 0 0 0 0 0 0 0 0 0 0 0 0 0 0 0 0 0 0 0 0 0 0 0 0 0 0 0 0 0 0 0 0 0 0 0 0 0 0 0 0 0 0 0 0 0 0 0 0 0 0 0 0 0 0 0 0 0 0 0 0 0 0 0 0 0 0 0 0 0 0 0 0 0 0 0 0 0 0 0 0 0 0 0 0 0 0 0 0 0 0 0 0 0 0 0 0 0 0 0 0 0 0 0 0 0 0 0 0 0 0 0 0 0 0 0 0 0 0 0 0 0 0 0 0 0 0 0 0 0 0 0 0 0 0 0 0 0 0 0 0 0 0 0 0 0 0 0 0 0 0 0 0 0 0 0 0 0 0 0 0 0 0 0 0 0 0 0 0 0 0 0 0 0 0 0 0 0 0 0 0 0 0 0 0 0 0 0 0 0 0 0 0 0 0 0 0 0 0 0 0 0 0 0 0 0 0 0 0 0 0 0 0 0 0 0 0 0 0 0 0 0 0 0 0 0 0 0 0 0 0 0 0 0 0 0 0 0 0 0 0 0 0 0 0 0 0 0 0 0 0 0 0 0 0 0 0 0 0 0 0 0 0 0 0 0 0 0 0 0 0 0 0 0 0 0 0 0 0 0 0 0 0 0 0 0 0 0 0 0 0 0 0 0 0 0 0 0 0 0 0 0 0 0 0 0 0 0 0 0 0 0 0 0 0 0 0 0 0 0 0 0 0 0 0 0 0 0 0 0 0 0 0 0 0 0 0 0 0 0 0 0 0 0 0 0 0 0 0 0 0 0 0 0 0 0 0 0 0 0 0 0 0 0 0 0 0 0 0 0 0 0 0 0 0 0 0 0 0 0 0 0 0 0 0 0 0 0 0 0 0 0 0 0 0 0 0 0 0 0 0 0 0 0 0 0 0 0 0 0 0 0 0 0 0 0 0 0 0 0 0 0 0 0 0 0 0 0 0 0 0 0 0 0 0 0 0 0 0 0 0 0 0 0 0 0 0 0 0 0 0 0 0 0 0 0 0 0 0 0 0 0 0 0 0 0 0 0 0 0 0 0 0 0 0 0 0 0 0 0 0 0 0 0 0 0 0 0 0 0 0 0 0 0 0 0 0 0 0 0 0 0 0 0 0 0 0 0 0 0 0 0 0 0 0 0 0 0 0 0 0 0 0 0 0 0 0 0 0 0 0 0 0 0 0 0 0 0 0 0 0 0 0 0 0 0 0 0 0 0 0 0 0 0 0 0 0 0 0
ctxt 208116547363
btime 1773600682
processes 94922087
procs_running 3
procs_blocked 0
softirq 42983993387 256 2278261800 38342248 844087573 1476267004 0 2936285048 566941679 5109161 478960250
