Running 10s test @ http://192.168.10.15:18500/wait
  32 threads and 64 connections
  Thread Stats   Avg      Stdev     Max   +/- Stdev
    Latency   160.13ms   11.42ms 162.00ms   98.49%
    Req/Sec    13.89      4.88    20.00     60.91%
  Latency Distribution
     50%  161.37ms
     75%  161.51ms
     90%  161.61ms
     99%  161.82ms
  3970 requests in 10.10s, 488.50KB read
Requests/sec:    393.05
Transfer/sec:     48.36KB
## drops 0 0
## server-stat
cpu  1112022 390 605287 7951635 29528 0 240280 0 0 0
cpu0 41701 6 18868 243529 749 0 8666 0 0 0
cpu1 42036 8 18799 244133 558 0 8384 0 0 0
cpu2 42313 7 18727 244239 354 0 8330 0 0 0
cpu3 42882 8 19216 242308 1177 0 8366 0 0 0
cpu4 43159 7 19057 242631 714 0 8436 0 0 0
cpu5 42899 8 18971 243316 353 0 8321 0 0 0
cpu6 42492 7 18872 243822 332 0 8324 0 0 0
cpu7 41810 5 18718 244811 164 0 8174 0 0 0
cpu8 21177 11 17985 261746 1013 0 5093 0 0 0
cpu9 23339 11 18223 258068 2264 0 5190 0 0 0
cpu10 22622 11 18163 260106 1149 0 5330 0 0 0
cpu11 21689 9 17672 263146 556 0 5078 0 0 0
cpu12 37304 80 18721 243952 2910 0 5343 0 0 0
cpu13 36129 12 18980 245400 2268 0 5469 0 0 0
cpu14 21764 9 17291 264497 794 0 4992 0 0 0
cpu15 20763 9 16265 267479 631 0 4561 0 0 0
cpu16 45249 4 19618 240486 358 0 8459 0 0 0
cpu17 45086 4 19627 239689 1209 0 8498 0 0 0
cpu18 44908 5 19498 241032 263 0 8418 0 0 0
cpu19 45751 6 19889 239154 604 0 8621 0 0 0
cpu20 45854 8 19841 239286 650 0 8601 0 0 0
cpu21 44675 5 19412 240990 498 0 8477 0 0 0
cpu22 43915 6 19500 240364 319 0 8454 0 0 0
cpu23 42987 8 19214 242840 278 0 8368 0 0 0
cpu24 23561 10 18444 260965 801 0 5418 0 0 0
cpu25 25388 12 20083 253606 1499 0 6206 0 0 0
cpu26 24578 10 19795 255283 1128 0 6100 0 0 0
cpu27 21278 6 17857 257039 998 0 9490 0 0 0
cpu28 35132 17 20719 236508 1782 0 11123 0 0 0
cpu29 36442 53 20798 234608 1712 0 11183 0 0 0
cpu30 20393 7 17806 256812 714 0 9336 0 0 0
cpu31 22732 8 18646 259772 714 0 5457 0 0 0
intr 795744675 126 0 0 0 0 0 0 0 0 1 0 0 0 0 0 0 0 0 0 0 0 0 0 0 0 0 0 1 1 1 0 0 0 0 1 0 1 0 0 75045 0 0 0 0 0 0 0 0 411 0 0 0 0 0 0 0 0 87 0 0 0 0 0 0 0 0 0 0 0 0 0 0 0 119370 2 12152723 12108294 12068969 12181138 0 2679 2269 2843 1473 3028 2628 2049 2519 1389 10128 17995 9956 8092 13029 14507 11225 7240 2664 1758 1414 2307 2183 1878 1510 1570 8804 6877 4829 5410 6228 5554 5969 7847 0 0 0 0 616220 2931 1036 0 264 0 0 0 0 0 0 0 0 0 0 0 0 0 0 0 0 0 0 0 0 0 0 0 0 0 0 0 0 0 0 0 0 0 0 0 0 0 0 0 0 0 0 0 0 0 0 0 0 0 0 0 0 0 0 0 0 0 0 0 0 0 0 0 0 0 0 0 0 0 0 0 0 0 0 0 0 0 0 0 0 0 0 0 0 0 0 0 0 0 0 0 0 0 0 0 0 0 0 0 0 0 0 0 0 0 0 0 0 0 0 0 0 0 0 0 0 0 0 0 0 0 0 0 0 0 0 0 0 0 0 0 0 0 0 0 0 0 0 0 0 0 0 0 0 0 0 0 0 0 0 0 0 0 0 0 0 0 0 0 0 0 0 0 0 0 0 0 0 0 0 0 0 0 0 0 0 0 0 0 0 0 0 0 0 0 0 0 0 0 0 0 0 0 0 0 0 0 0 0 0 0 0 0 0 0 0 0 0 0 0 0 0 0 0 0 0 0 0 0 0 0 0 0 0 0 0 0 0 0 0 0 0 0 0 0 0 0 0 0 0 0 0 0 0 0 0 0 0 0 0 0 0 0 0 0 0 0 0 0 0 0 0 0 0 0 0 0 0 0 0 0 0 0 0 0 0 0 0 0 0 0 0 0 0 0 0 0 0 0 0 0 0 0 0 0 0 0 0 0 0 0 0 0 0 0 0 0 0 0 0 0 0 0 0 0 0 0 0 0 0 0 0 0 0 0 0 0 0 0 0 0 0 0 0 0 0 0 0 0 0 0 0 0 0 0 0 0 0 0 0 0 0 0 0 0 0 0 0 0 0 0 0 0 0 0 0 0 0 0 0 0 0 0 0 0 0 0 0 0 0 0 0 0 0 0 0 0 0 0 0 0 0 0 0 0 0 0 0 0 0 0 0 0 0 0 0 0 0 0 0 0 0 0 0 0 0 0 0 0 0 0 0 0 0 0 0 0 0 0 0 0 0 0 0 0 0 0 0 0 0 0 0 0 0 0 0 0 0 0 0 0 0 0 0 0 0 0 0 0 0 0 0 0 0 0 0 0 0 0 0 0 0 0 0 0 0 0 0 0 0 0 0 0 0 0 0 0 0 0 0 0 0 0 0 0 0 0 0 0 0 0 0 0 0 0 0 0 0 0 0 0 0 0 0 0 0 0 0 0 0 0 0 0 0 0 0 0 0 0 0 0 0 0 0 0 0 0 0 0 0 0 0 0 0 0 0 0 0 0 0 0 0 0 0 0 0 0 0 0 0 0 0 0 0 0 0 0 0 0 0 0 0 0 0 0 0 0 0 0 0 0 0 0 0 0 0 0 0 0 0 0 0 0 0 0 0 0 0 0 0 0 0 0 0 0 0 0 0 0 0 0 0 0 0 0 0 0 0 0 0 0 0 0 0 0 0 0 0 0 0 0 0 0 0 0 0 0 0 0 0 0 0 0 0 0 0 0 0 0 0 0 0 0 0 0 0 0 0 0 0 0 0 0 0 0 0 0 0 0 0 0 0 0 0 0 0 0 0 0 0 0 0 0 0 0 0 0 0 0 0 0 0 0 0 0 0 0 0 0 0 0 0 0 0 0 0 0 0 0 0 0 0 0 0 0 0 0 0 0 0 0 0 0 0 0 0 0 0 0 0 0 0 0 0 0 0 0 0 0 0 0 0 0 0 0 0 0 0 0 0 0 0 0 0 0 0 0 0 0 0 0 0 0 0 0 0 0 0 0 0 0 0 0 0 0 0 0 0 0 0 0 0 0 0 0 0 0 0 0 0 0 0 0 0 0 0 0 0 0 0 0 0 0 0 0 0 0 0 0 0 0 0 0 0 0 0 0 0 0 0 0 0 0 0 0 0 0 0 0 0 0 0 0 0 0 0 0 0 0 0 0 0 0 0 0 0 0 0 0 0 0 0 0 0 0 0 0 0 0 0 0 0 0 0 0 0 0 0 0 0 0 0 0 0 0 0 0 0 0 0 0 0 0 0 0 0 0 0 0 0 0 0 0 0 0 0 0 0 0 0 0 0 0 0 0 0 0 0 0 0 0 0 0 0 0 0 0 0 0 0 0 0 0 0 0 0 0 0 0 0 0 0 0 0 0 0 0 0 0 0 0 0 0 0 0 0 0 0 0 0 0 0 0 0 0 0 0 0 0 0 0 0 0 0 0 0 0 0 0 0 0 0 0 0 0 0 0 0 0 0 0 0 0 0 0 0 0 0 0 0 0 0 0 0 0 0 0 0 0 0 0 0 0 0 0 0 0 0 0 0 0 0 0 0 0 0 0 0 0 0 0 0 0 0 0 0 0 0 0 0 0 0 0 0 0 0 0 0 0 0 0 0 0 0 0 0 0 0 0 0 0 0 0 0 0 0 0 0 0 0 0 0 0 0 0 0 0 0 0 0 0 0 0 0 0 0 0 0 0 0 0 0 0 0 0 0 0 0 0 0 0 0 0 0 0 0 0 0 0 0 0 0
ctxt 1134555536
btime 1790630938
processes 89360
procs_running 1
procs_blocked 0
softirq 1192024117 73526 1913653 403039 1159163275 124371 0 4646401 15748927 410 9950515
--
cpu  1112099 391 605299 7977117 29531 0 240282 0 0 0
cpu0 41701 6 18868 244328 749 0 8666 0 0 0
cpu1 42036 8 18799 244933 558 0 8384 0 0 0
cpu2 42313 7 18728 245039 354 0 8330 0 0 0
cpu3 42882 8 19216 243108 1177 0 8366 0 0 0
cpu4 43159 7 19057 243431 714 0 8436 0 0 0
cpu5 42900 8 18971 244116 353 0 8321 0 0 0
cpu6 42492 7 18872 244621 332 0 8324 0 0 0
cpu7 41810 5 18718 245611 164 0 8174 0 0 0
cpu8 21177 11 17986 262545 1013 0 5093 0 0 0
cpu9 23342 11 18223 258862 2264 0 5190 0 0 0
cpu10 22623 11 18164 260903 1149 0 5331 0 0 0
cpu11 21689 9 17672 263942 557 0 5078 0 0 0
cpu12 37321 80 18723 244730 2910 0 5343 0 0 0
cpu13 36152 12 18982 246172 2269 0 5469 0 0 0
cpu14 21765 9 17291 265294 794 0 4992 0 0 0
cpu15 20764 9 16266 268275 631 0 4561 0 0 0
cpu16 45249 4 19618 241285 358 0 8459 0 0 0
cpu17 45086 4 19628 240489 1209 0 8498 0 0 0
cpu18 44908 5 19498 241831 264 0 8418 0 0 0
cpu19 45752 6 19889 239954 604 0 8621 0 0 0
cpu20 45855 8 19841 240086 650 0 8601 0 0 0
cpu21 44675 5 19412 241790 498 0 8477 0 0 0
cpu22 43915 6 19500 241164 319 0 8454 0 0 0
cpu23 42987 8 19214 243640 278 0 8368 0 0 0
cpu24 23563 10 18444 261763 801 0 5418 0 0 0
cpu25 25389 12 20083 254404 1500 0 6206 0 0 0
cpu26 24580 10 19796 256080 1128 0 6101 0 0 0
cpu27 21280 6 17857 257836 998 0 9490 0 0 0
cpu28 35150 17 20720 237286 1782 0 11123 0 0 0
cpu29 36444 53 20799 235404 1712 0 11183 0 0 0
cpu30 20395 7 17806 257609 714 0 9336 0 0 0
cpu31 22732 8 18647 260571 714 0 5457 0 0 0
intr 795845011 126 0 0 0 0 0 0 0 0 1 0 0 0 0 0 0 0 0 0 0 0 0 0 0 0 0 0 1 1 1 0 0 0 0 1 0 1 0 0 75045 0 0 0 0 0 0 0 0 411 0 0 0 0 0 0 0 0 87 0 0 0 0 0 0 0 0 0 0 0 0 0 0 0 119370 2 12157492 12113456 12073718 12185969 0 2687 2269 2843 1473 3028 2628 2049 2519 1389 10128 17995 9956 8092 13029 14513 11226 7240 2665 1758 1414 2307 2183 1878 1510 1570 8804 6877 4829 5411 6262 5554 5969 7848 0 0 0 0 616220 2931 1036 0 264 0 0 0 0 0 0 0 0 0 0 0 0 0 0 0 0 0 0 0 0 0 0 0 0 0 0 0 0 0 0 0 0 0 0 0 0 0 0 0 0 0 0 0 0 0 0 0 0 0 0 0 0 0 0 0 0 0 0 0 0 0 0 0 0 0 0 0 0 0 0 0 0 0 0 0 0 0 0 0 0 0 0 0 0 0 0 0 0 0 0 0 0 0 0 0 0 0 0 0 0 0 0 0 0 0 0 0 0 0 0 0 0 0 0 0 0 0 0 0 0 0 0 0 0 0 0 0 0 0 0 0 0 0 0 0 0 0 0 0 0 0 0 0 0 0 0 0 0 0 0 0 0 0 0 0 0 0 0 0 0 0 0 0 0 0 0 0 0 0 0 0 0 0 0 0 0 0 0 0 0 0 0 0 0 0 0 0 0 0 0 0 0 0 0 0 0 0 0 0 0 0 0 0 0 0 0 0 0 0 0 0 0 0 0 0 0 0 0 0 0 0 0 0 0 0 0 0 0 0 0 0 0 0 0 0 0 0 0 0 0 0 0 0 0 0 0 0 0 0 0 0 0 0 0 0 0 0 0 0 0 0 0 0 0 0 0 0 0 0 0 0 0 0 0 0 0 0 0 0 0 0 0 0 0 0 0 0 0 0 0 0 0 0 0 0 0 0 0 0 0 0 0 0 0 0 0 0 0 0 0 0 0 0 0 0 0 0 0 0 0 0 0 0 0 0 0 0 0 0 0 0 0 0 0 0 0 0 0 0 0 0 0 0 0 0 0 0 0 0 0 0 0 0 0 0 0 0 0 0 0 0 0 0 0 0 0 0 0 0 0 0 0 0 0 0 0 0 0 0 0 0 0 0 0 0 0 0 0 0 0 0 0 0 0 0 0 0 0 0 0 0 0 0 0 0 0 0 0 0 0 0 0 0 0 0 0 0 0 0 0 0 0 0 0 0 0 0 0 0 0 0 0 0 0 0 0 0 0 0 0 0 0 0 0 0 0 0 0 0 0 0 0 0 0 0 0 0 0 0 0 0 0 0 0 0 0 0 0 0 0 0 0 0 0 0 0 0 0 0 0 0 0 0 0 0 0 0 0 0 0 0 0 0 0 0 0 0 0 0 0 0 0 0 0 0 0 0 0 0 0 0 0 0 0 0 0 0 0 0 0 0 0 0 0 0 0 0 0 0 0 0 0 0 0 0 0 0 0 0 0 0 0 0 0 0 0 0 0 0 0 0 0 0 0 0 0 0 0 0 0 0 0 0 0 0 0 0 0 0 0 0 0 0 0 0 0 0 0 0 0 0 0 0 0 0 0 0 0 0 0 0 0 0 0 0 0 0 0 0 0 0 0 0 0 0 0 0 0 0 0 0 0 0 0 0 0 0 0 0 0 0 0 0 0 0 0 0 0 0 0 0 0 0 0 0 0 0 0 0 0 0 0 0 0 0 0 0 0 0 0 0 0 0 0 0 0 0 0 0 0 0 0 0 0 0 0 0 0 0 0 0 0 0 0 0 0 0 0 0 0 0 0 0 0 0 0 0 0 0 0 0 0 0 0 0 0 0 0 0 0 0 0 0 0 0 0 0 0 0 0 0 0 0 0 0 0 0 0 0 0 0 0 0 0 0 0 0 0 0 0 0 0 0 0 0 0 0 0 0 0 0 0 0 0 0 0 0 0 0 0 0 0 0 0 0 0 0 0 0 0 0 0 0 0 0 0 0 0 0 0 0 0 0 0 0 0 0 0 0 0 0 0 0 0 0 0 0 0 0 0 0 0 0 0 0 0 0 0 0 0 0 0 0 0 0 0 0 0 0 0 0 0 0 0 0 0 0 0 0 0 0 0 0 0 0 0 0 0 0 0 0 0 0 0 0 0 0 0 0 0 0 0 0 0 0 0 0 0 0 0 0 0 0 0 0 0 0 0 0 0 0 0 0 0 0 0 0 0 0 0 0 0 0 0 0 0 0 0 0 0 0 0 0 0 0 0 0 0 0 0 0 0 0 0 0 0 0 0 0 0 0 0 0 0 0 0 0 0 0 0 0 0 0 0 0 0 0 0 0 0 0 0 0 0 0 0 0 0 0 0 0 0 0 0 0 0 0 0 0 0 0 0 0 0 0 0 0 0 0 0 0 0 0 0 0 0 0 0 0 0 0 0 0 0 0 0 0 0 0 0 0 0 0 0 0 0 0 0 0 0 0 0 0 0 0 0 0 0 0 0 0 0 0 0 0 0 0 0 0 0 0 0 0 0 0 0 0 0 0 0 0 0 0 0 0 0 0 0 0 0 0 0 0 0 0 0 0 0 0 0 0 0 0 0 0 0 0 0 0 0 0 0 0 0 0 0 0 0 0 0 0 0 0 0 0 0 0 0 0 0 0 0 0 0 0 0 0 0 0 0 0 0 0 0 0 0 0 0 0 0 0 0 0 0 0 0 0 0 0 0 0 0 0 0 0 0 0 0 0 0 0 0
ctxt 1134668578
btime 1790630938
processes 89422
procs_running 2
procs_blocked 0
softirq 1192071334 73526 1920889 403040 1159188319 124379 0 4649549 15754858 410 9956364
## client-stat
cpu  802837604 23598936 303043862 93433655482 610701715 0 8709115 0 0 0
cpu0 29445741 224394 7358324 1619864989 8330819 0 164490 0 0 0
cpu1 29264746 432889 7638022 1649191071 11021324 0 54044 0 0 0
cpu2 28198198 463108 7587135 1652729470 10878226 0 34910 0 0 0
cpu3 25941696 484906 6787035 1656183506 11039054 0 29145 0 0 0
cpu4 22367875 490414 6368706 1660245706 11076581 0 28612 0 0 0
cpu5 19968279 494023 5974051 1662848531 11317014 0 26822 0 0 0
cpu6 17825902 497511 5633502 1665476180 11191727 0 27005 0 0 0
cpu7 16612533 487783 5472929 1666910670 11170975 0 25028 0 0 0
cpu8 15338826 485635 5280191 1668132530 11408358 0 25045 0 0 0
cpu9 14905231 489844 5249531 1668624499 11338374 0 25258 0 0 0
cpu10 14406452 472357 5131032 1669133719 11495052 0 24455 0 0 0
cpu11 14131465 465792 5142766 1669135979 11699676 0 25560 0 0 0
cpu12 14187378 458188 5265587 1669249112 11397099 0 24616 0 0 0
cpu13 12798076 425511 5428149 1668693769 9922257 0 1895838 0 0 0
cpu14 31522213 477236 7831453 1650028911 10085131 0 174066 0 0 0
cpu15 21115507 503934 6799278 1660804570 10896434 0 172469 0 0 0
cpu16 17753446 491819 6309853 1664520399 11133595 0 172728 0 0 0
cpu17 14930586 500066 5667451 1668288592 10904341 0 167918 0 0 0
cpu18 13590888 505884 5516208 1670003957 10640269 0 172163 0 0 0
cpu19 12935522 472687 5413146 1670771563 10655217 0 171159 0 0 0
cpu20 13086798 493492 5346866 1670657872 10657441 0 172453 0 0 0
cpu21 12209205 482428 5334206 1671423763 10771198 0 170750 0 0 0
cpu22 11980436 482914 5336313 1671346558 11081551 0 172593 0 0 0
cpu23 11692822 471865 5186062 1672093204 10734396 0 171674 0 0 0
cpu24 11729347 448076 5189204 1671811515 11041641 0 169968 0 0 0
cpu25 11555588 450839 5252818 1672283108 10684199 0 177068 0 0 0
cpu26 12008323 478046 5293286 1671712251 10627522 0 178983 0 0 0
cpu27 13879044 464459 5481493 1669375443 10979716 0 176234 0 0 0
cpu28 18767856 361854 5857809 1658244177 9964295 0 1228079 0 0 0
cpu29 13425570 381424 5525284 1668988484 11673344 0 62118 0 0 0
cpu30 12750337 342093 5322809 1670830316 11247005 0 25340 0 0 0
cpu31 11675203 306256 5004428 1672775380 10868670 0 22707 0 0 0
cpu32 10892960 292303 4879257 1673189965 11396770 0 22500 0 0 0
cpu33 10505047 294659 4783414 1672994017 12114532 0 22106 0 0 0
cpu34 10105879 300801 4679630 1673651331 11872186 0 21211 0 0 0
cpu35 9688209 288349 4573221 1674353451 11824825 0 22866 0 0 0
cpu36 9559236 287721 4472729 1674874081 11574862 0 21146 0 0 0
cpu37 9400224 302139 4452901 1675048514 11595278 0 20888 0 0 0
cpu38 9339479 311327 4405856 1675414831 11334460 0 21000 0 0 0
cpu39 9401185 310554 4498686 1675186319 11304383 0 21697 0 0 0
cpu40 9355304 306218 4525797 1675416632 11111375 0 22506 0 0 0
cpu41 9758565 317785 4526786 1674721345 11289205 0 22108 0 0 0
cpu42 13907213 443034 5472013 1670072064 10331656 0 169605 0 0 0
cpu43 11927596 434858 5184722 1672204005 10394773 0 166095 0 0 0
cpu44 11765459 425576 5242798 1672534581 10306438 0 166276 0 0 0
cpu45 11243658 430940 5007048 1673205752 10414711 0 160015 0 0 0
cpu46 11125846 431394 5001530 1673231856 10520542 0 161619 0 0 0
cpu47 10941340 452452 5024625 1673259859 10625891 0 162483 0 0 0
cpu48 11669434 439673 4993823 1672665603 10596787 0 161722 0 0 0
cpu49 11119388 416764 5027074 1673385946 10393097 0 164808 0 0 0
cpu50 11064740 440746 4992465 1673088450 10735694 0 163475 0 0 0
cpu51 11320663 447564 4997600 1672991719 10531269 0 166032 0 0 0
cpu52 11031784 446614 4987566 1673117965 10709681 0 166271 0 0 0
cpu53 11093780 432568 5068998 1673136911 10559136 0 172988 0 0 0
cpu54 11460579 425131 5044305 1672723913 10642213 0 170258 0 0 0
cpu55 13158923 432016 5216065 1670806543 10589421 0 170119 0 0 0
intr 106341644496 74 4 0 0 0 0 0 0 0 0 0 0 6 0 0 0 0 360 213 2556129875 0 0 0 0 0 0 0 0 0 0 0 0 0 0 0 0 0 2391831974 426495290 8318121 677 278 24496490 0 0 0 0 0 0 0 0 0 0 0 0 0 0 0 0 0 0 0 0 0 0 0 0 0 0 0 0 0 0 0 0 0 0 0 0 0 0 0 0 0 0 0 0 0 0 0 0 0 0 0 0 0 0 0 0 0 0 0 0 0 0 0 0 0 0 0 0 0 0 0 0 0 0 0 0 0 0 0 0 0 0 0 0 0 0 0 0 0 0 0 0 0 0 0 0 0 0 0 0 0 0 0 0 0 0 0 0 0 0 0 0 0 0 0 0 0 0 0 0 0 0 0 0 0 0 0 0 0 0 0 0 0 0 0 0 0 0 0 0 0 0 0 0 0 0 0 0 0 0 0 0 0 0 0 0 0 0 0 0 0 0 0 0 0 0 0 0 0 0 0 0 0 0 0 0 0 0 0 0 0 0 0 0 0 0 0 0 0 0 0 0 0 0 0 0 0 0 0 0 0 0 0 0 0 0 0 0 0 0 0 0 0 0 0 0 0 0 0 0 0 0 0 0 0 0 0 0 0 0 0 0 0 0 0 0 0 0 0 0 0 0 0 0 0 0 0 0 0 0 0 0 0 0 0 0 0 0 0 0 0 0 0 0 0 0 0 0 0 0 0 0 0 0 0 0 0 0 0 0 0 0 0 0 0 0 0 0 0 0 0 0 0 0 0 0 0 0 0 0 0 0 0 0 0 0 0 0 0 0 0 0 0 0 0 0 0 0 0 0 0 0 0 0 0 0 0 0 0 0 0 0 0 0 0 0 0 0 0 0 0 0 0 0 0 0 0 0 0 0 0 0 0 0 0 0 0 0 0 0 0 0 0 0 0 0 0 0 0 0 0 0 0 0 0 0 0 0 0 0 0 0 0 0 0 0 0 0 0 0 0 0 0 0 0 0 0 0 0 0 0 0 0 0 0 0 0 0 0 0 0 0 0 0 0 0 0 0 0 0 0 0 0 0 0 0 0 0 0 0 0 0 0 0 0 0 0 0 0 0 0 0 0 0 0 0 0 0 0 0 0 0 0 0 0 0 0 0 0 0 0 0 0 0 0 0 0 0 0 0 0 0 0 0 0 0 0 0 0 0 0 0 0 0 0 0 0 0 0 0 0 0 0 0 0 0 0 0 0 0 0 0 0 0 0 0 0 0 0 0 0 0 0 0 0 0 0 0 0 0 0 0 0 0 0 0 0 0 0 0 0 0 0 0 0 0 0 0 0 0 0 0 0 0 0 0 0 0 0 0 0 0 0 0 0 0 0 0 0 0 0 0 0 0 0 0 0 0 0 0 0 0 0 0 0 0 0 0 0 0 0 0 0 0 0 0 0 0 0 0 0 0 0 0 0 0 0 0 0 0 0 0 0 0 0 0 0 0 0 0 0 0 0 0 0 0 0 0 0 0 0 0 0 0 0 0 0 0 0 0 0 0 0 0 0 0 0 0 0 0 0 0 0 0 0 0 0 0 0 0 0 0 0 0 0 0 0 0 0 0 0 0 0 0 0 0 0 0 0 0 0 0 0 0 0 0 0 0 0 0 0 0 0 0 0 0 0 0 0 0 0 0 0 0 0 0 0 0 0 0 0 0 0 0 0 0 0 0 0 0 0 0 0 0 0 0 0 0 0 0 0 0 0 0 0 0 0 0 0 0 0 0 0 0 0 0 0 0 0 0 0 0 0 0 0 0 0 0 0 0 0 0 0 0 0 0 0 0 0 0 0 0 0 0 0 0 0 0 0 0 0 0 0 0 0 0 0 0 0 0 0 0 0 0 0 0 0 0 0 0 0 0 0 0 0 0 0 0 0 0 0 0 0 0 0 0 0 0 0 0 0 0 0 0 0 0 0 0 0 0 0 0 0 0 0 0 0 0 0 0 0 0 0 0 0 0 0 0 0 0 0 0 0 0 0 0 0 0 0 0 0 0 0 0 0 0 0 0 0 0 0 0 0 0 0 0 0 0 0 0 0 0 0 0 0 0 0 0 0 0 0 0 0 0 0 0 0 0 0 0 0 0 0 0 0 0 0 0 0 0 0 0 0 0 0 0 0 0 0 0 0 0 0 0 0 0 0 0 0 0 0 0 0 0 0 0 0 0 0 0 0 0 0 0 0 0 0 0 0 0 0 0 0 0 0 0 0 0 0 0 0 0 0 0 0 0 0 0 0 0 0 0 0 0 0 0 0 0 0 0 0 0 0 0 0 0 0 0 0 0 0 0 0 0 0 0 0 0 0 0 0 0 0 0 0 0 0 0 0 0 0 0 0 0 0 0 0 0 0 0 0 0 0 0 0 0 0 0 0 0 0 0 0 0 0 0 0 0 0 0 0 0 0 0 0 0 0 0 0 0 0 0 0 0 0 0 0 0 0 0 0 0 0 0 0 0 0 0 0 0 0 0 0 0 0 0 0 0 0 0 0 0 0 0 0 0 0 0 0 0 0 0 0 0 0 0 0 0 0 0 0 0 0 0 0 0 0 0 0 0 0 0 0 0 0 0 0 0 0 0 0 0 0 0 0 0 0 0 0 0 0 0 0 0 0 0 0 0 0 0 0 0 0 0 0 0 0 0 0 0 0 0 0 0 0 0 0 0 0 0 0 0 0 0 0 0 0 0 0 0 0 0 0 0 0 0 0 0 0 0 0 0 0 0 0 0 0 0 0 0 0 0 0 0 0 0 0 0 0 0 0 0 0 0 0 0 0 0 0 0 0 0 0 0 0 0 0 0 0 0 0 0 0 0 0 0 0 0 0 0 0 0 0 0 0 0 0 0 0 0 0 0 0 0 0 0 0 0 0 0 0 0 0 0 0 0 0 0 0 0 0 0 0 0 0 0 0 0 0 0 0 0 0 0 0 0 0 0 0 0 0 0 0 0 0 0 0 0 0 0 0 0 0 0 0 0 0 0 0 0 0 0 0 0 0 0 0 0 0 0 0 0 0 0 0 0 0 0 0 0 0 0 0 0 0 0 0 0 0 0 0 0 0 0 0 0 0 0 0 0 0 0 0 0 0 0 0 0 0 0 0 0 0 0 0 0 0 0 0 0 0 0 0 0 0 0 0 0 0 0 0 0 0 0 0 0 0 0 0 0 0 0 0 0 0 0 0 0 0 0 0 0 0 0 0 0 0 0 0 0 0 0 0 0 0 0 0 0 0 0 0 0 0 0 0 0 0 0 0 0 0 0 0 0 0 0 0 0 0 0 0 0 0 0 0 0 0 0 0 0 0 0 0 0 0 0 0 0 0 0 0 0 0 0 0 0 0 0 0 0 0 0 0 0 0 0 0 0 0 0 0 0 0 0 0 0 0 0 0 0 0 0 0 0 0 0 0 0 0 0 0 0 0 0 0 0 0 0 0 0 0 0 0 0 0 0 0 0 0 0 0 0 0 0 0 0 0 0 0 0 0 0 0 0 0 0 0 0 0 0 0 0 0 0 0 0 0 0 0 0 0 0 0 0 0 0 0 0 0 0 0 0 0 0 0 0 0 0 0 0 0 0 0 0 0 0 0 0 0 0 0 0 0 0 0 0 0 0 0 0 0 0 0 0 0 0 0 0 0 0 0 0 0 0 0 0 0 0 0 0 0 0 0 0 0 0 0 0 0 0 0 0 0 0 0 0 0 0 0 0 0 0 0 0 0 0 0 0 0 0 0 0 0 0 0 0 0 0 0 0 0 0 0 0 0 0 0 0 0 0 0 0 0 0 0
ctxt 208076028235
btime 1773600682
processes 94920792
procs_running 1
procs_blocked 0
softirq 42970965576 256 2278228395 38320869 832954491 1476257735 0 2936260528 565728067 5109161 478367706
--
cpu  802837836 23598936 303043993 93433699707 610701799 0 8709138 0 0 0
cpu0 29445748 224394 7358334 1619865749 8330819 0 164491 0 0 0
cpu1 29264750 432889 7638025 1649191861 11021324 0 54044 0 0 0
cpu2 28198208 463108 7587139 1652730251 10878229 0 34911 0 0 0
cpu3 25941702 484906 6787036 1656184297 11039054 0 29145 0 0 0
cpu4 22367878 490414 6368708 1660246498 11076582 0 28613 0 0 0
cpu5 19968288 494023 5974054 1662849313 11317016 0 26823 0 0 0
cpu6 17825906 497511 5633504 1665476972 11191728 0 27005 0 0 0
cpu7 16612536 487783 5472930 1666911465 11170975 0 25028 0 0 0
cpu8 15338827 485635 5280192 1668133324 11408360 0 25045 0 0 0
cpu9 14905232 489844 5249532 1668625297 11338374 0 25258 0 0 0
cpu10 14406457 472357 5131036 1669134511 11495052 0 24455 0 0 0
cpu11 14131465 465792 5142767 1669136775 11699676 0 25560 0 0 0
cpu12 14187380 458188 5265589 1669249907 11397099 0 24617 0 0 0
cpu13 12798081 425511 5428152 1668694560 9922257 0 1895839 0 0 0
cpu14 31522214 477236 7831454 1650029706 10085131 0 174066 0 0 0
cpu15 21115508 503934 6799280 1660805366 10896434 0 172469 0 0 0
cpu16 17753448 491819 6309855 1664521193 11133595 0 172729 0 0 0
cpu17 14930593 500066 5667454 1668289380 10904341 0 167918 0 0 0
cpu18 13590903 505884 5516209 1670004739 10640269 0 172163 0 0 0
cpu19 12935522 472687 5413147 1670772361 10655217 0 171159 0 0 0
cpu20 13086799 493492 5346867 1670658669 10657441 0 172453 0 0 0
cpu21 12209210 482428 5334207 1671424555 10771198 0 170750 0 0 0
cpu22 11980444 482914 5336314 1671347343 11081554 0 172594 0 0 0
cpu23 11692823 471865 5186063 1672094000 10734396 0 171674 0 0 0
cpu24 11729347 448076 5189205 1671812313 11041641 0 169968 0 0 0
cpu25 11555590 450839 5252820 1672283901 10684199 0 177068 0 0 0
cpu26 12008325 478046 5293287 1671713046 10627522 0 178983 0 0 0
cpu27 13879051 464459 5481493 1669376234 10979716 0 176234 0 0 0
cpu28 18767860 361854 5857811 1658244959 9964295 0 1228081 0 0 0
cpu29 13425573 381424 5525285 1668989279 11673344 0 62118 0 0 0
cpu30 12750338 342093 5322811 1670831112 11247005 0 25340 0 0 0
cpu31 11675205 306256 5004430 1672776176 10868670 0 22707 0 0 0
cpu32 10892961 292303 4879258 1673190758 11396774 0 22500 0 0 0
cpu33 10505051 294659 4783415 1672994810 12114532 0 22106 0 0 0
cpu34 10105880 300801 4679631 1673652128 11872186 0 21211 0 0 0
cpu35 9688219 288349 4573223 1674354237 11824825 0 22867 0 0 0
cpu36 9559236 287721 4472731 1674874875 11574862 0 21148 0 0 0
cpu37 9400231 302139 4452912 1675049291 11595282 0 20889 0 0 0
cpu38 9339480 311327 4405856 1675415628 11334460 0 21000 0 0 0
cpu39 9401189 310554 4498689 1675187108 11304384 0 21697 0 0 0
cpu40 9355321 306218 4525800 1675417410 11111375 0 22507 0 0 0
cpu41 9758568 317785 4526789 1674722138 11289205 0 22108 0 0 0
cpu42 13907213 443034 5472014 1670072863 10331656 0 169605 0 0 0
cpu43 11927618 434858 5184729 1672204776 10394773 0 166095 0 0 0
cpu44 11765461 425576 5242799 1672535376 10306438 0 166276 0 0 0
cpu45 11243660 430940 5007049 1673206547 10414711 0 160016 0 0 0
cpu46 11125847 431394 5001531 1673232652 10520542 0 161619 0 0 0
cpu47 10941343 452452 5024627 1673260652 10625891 0 162484 0 0 0
cpu48 11669436 439673 4993824 1672666398 10596787 0 161722 0 0 0
cpu49 11119394 416764 5027077 1673386734 10393097 0 164809 0 0 0
cpu50 11064742 440746 4992468 1673089242 10735694 0 163476 0 0 0
cpu51 11320665 447564 4997603 1672992467 10531313 0 166033 0 0 0
cpu52 11031791 446614 4987576 1673118748 10709681 0 166271 0 0 0
cpu53 11093782 432568 5068999 1673137697 10559145 0 172988 0 0 0
cpu54 11460587 425131 5044307 1672724692 10642223 0 170258 0 0 0
cpu55 13158924 432016 5216066 1670807339 10589422 0 170119 0 0 0
intr 106341717979 74 4 0 0 0 0 0 0 0 0 0 0 6 0 0 0 0 360 213 2556130537 0 0 0 0 0 0 0 0 0 0 0 0 0 0 0 0 0 2391843976 426495533 8318125 677 278 24496490 0 0 0 0 0 0 0 0 0 0 0 0 0 0 0 0 0 0 0 0 0 0 0 0 0 0 0 0 0 0 0 0 0 0 0 0 0 0 0 0 0 0 0 0 0 0 0 0 0 0 0 0 0 0 0 0 0 0 0 0 0 0 0 0 0 0 0 0 0 0 0 0 0 0 0 0 0 0 0 0 0 0 0 0 0 0 0 0 0 0 0 0 0 0 0 0 0 0 0 0 0 0 0 0 0 0 0 0 0 0 0 0 0 0 0 0 0 0 0 0 0 0 0 0 0 0 0 0 0 0 0 0 0 0 0 0 0 0 0 0 0 0 0 0 0 0 0 0 0 0 0 0 0 0 0 0 0 0 0 0 0 0 0 0 0 0 0 0 0 0 0 0 0 0 0 0 0 0 0 0 0 0 0 0 0 0 0 0 0 0 0 0 0 0 0 0 0 0 0 0 0 0 0 0 0 0 0 0 0 0 0 0 0 0 0 0 0 0 0 0 0 0 0 0 0 0 0 0 0 0 0 0 0 0 0 0 0 0 0 0 0 0 0 0 0 0 0 0 0 0 0 0 0 0 0 0 0 0 0 0 0 0 0 0 0 0 0 0 0 0 0 0 0 0 0 0 0 0 0 0 0 0 0 0 0 0 0 0 0 0 0 0 0 0 0 0 0 0 0 0 0 0 0 0 0 0 0 0 0 0 0 0 0 0 0 0 0 0 0 0 0 0 0 0 0 0 0 0 0 0 0 0 0 0 0 0 0 0 0 0 0 0 0 0 0 0 0 0 0 0 0 0 0 0 0 0 0 0 0 0 0 0 0 0 0 0 0 0 0 0 0 0 0 0 0 0 0 0 0 0 0 0 0 0 0 0 0 0 0 0 0 0 0 0 0 0 0 0 0 0 0 0 0 0 0 0 0 0 0 0 0 0 0 0 0 0 0 0 0 0 0 0 0 0 0 0 0 0 0 0 0 0 0 0 0 0 0 0 0 0 0 0 0 0 0 0 0 0 0 0 0 0 0 0 0 0 0 0 0 0 0 0 0 0 0 0 0 0 0 0 0 0 0 0 0 0 0 0 0 0 0 0 0 0 0 0 0 0 0 0 0 0 0 0 0 0 0 0 0 0 0 0 0 0 0 0 0 0 0 0 0 0 0 0 0 0 0 0 0 0 0 0 0 0 0 0 0 0 0 0 0 0 0 0 0 0 0 0 0 0 0 0 0 0 0 0 0 0 0 0 0 0 0 0 0 0 0 0 0 0 0 0 0 0 0 0 0 0 0 0 0 0 0 0 0 0 0 0 0 0 0 0 0 0 0 0 0 0 0 0 0 0 0 0 0 0 0 0 0 0 0 0 0 0 0 0 0 0 0 0 0 0 0 0 0 0 0 0 0 0 0 0 0 0 0 0 0 0 0 0 0 0 0 0 0 0 0 0 0 0 0 0 0 0 0 0 0 0 0 0 0 0 0 0 0 0 0 0 0 0 0 0 0 0 0 0 0 0 0 0 0 0 0 0 0 0 0 0 0 0 0 0 0 0 0 0 0 0 0 0 0 0 0 0 0 0 0 0 0 0 0 0 0 0 0 0 0 0 0 0 0 0 0 0 0 0 0 0 0 0 0 0 0 0 0 0 0 0 0 0 0 0 0 0 0 0 0 0 0 0 0 0 0 0 0 0 0 0 0 0 0 0 0 0 0 0 0 0 0 0 0 0 0 0 0 0 0 0 0 0 0 0 0 0 0 0 0 0 0 0 0 0 0 0 0 0 0 0 0 0 0 0 0 0 0 0 0 0 0 0 0 0 0 0 0 0 0 0 0 0 0 0 0 0 0 0 0 0 0 0 0 0 0 0 0 0 0 0 0 0 0 0 0 0 0 0 0 0 0 0 0 0 0 0 0 0 0 0 0 0 0 0 0 0 0 0 0 0 0 0 0 0 0 0 0 0 0 0 0 0 0 0 0 0 0 0 0 0 0 0 0 0 0 0 0 0 0 0 0 0 0 0 0 0 0 0 0 0 0 0 0 0 0 0 0 0 0 0 0 0 0 0 0 0 0 0 0 0 0 0 0 0 0 0 0 0 0 0 0 0 0 0 0 0 0 0 0 0 0 0 0 0 0 0 0 0 0 0 0 0 0 0 0 0 0 0 0 0 0 0 0 0 0 0 0 0 0 0 0 0 0 0 0 0 0 0 0 0 0 0 0 0 0 0 0 0 0 0 0 0 0 0 0 0 0 0 0 0 0 0 0 0 0 0 0 0 0 0 0 0 0 0 0 0 0 0 0 0 0 0 0 0 0 0 0 0 0 0 0 0 0 0 0 0 0 0 0 0 0 0 0 0 0 0 0 0 0 0 0 0 0 0 0 0 0 0 0 0 0 0 0 0 0 0 0 0 0 0 0 0 0 0 0 0 0 0 0 0 0 0 0 0 0 0 0 0 0 0 0 0 0 0 0 0 0 0 0 0 0 0 0 0 0 0 0 0 0 0 0 0 0 0 0 0 0 0 0 0 0 0 0 0 0 0 0 0 0 0 0 0 0 0 0 0 0 0 0 0 0 0 0 0 0 0 0 0 0 0 0 0 0 0 0 0 0 0 0 0 0 0 0 0 0 0 0 0 0 0 0 0 0 0 0 0 0 0 0 0 0 0 0 0 0 0 0 0 0 0 0 0 0 0 0 0 0 0 0 0 0 0 0 0 0 0 0 0 0 0 0 0 0 0 0 0 0 0 0 0 0 0 0 0 0 0 0 0 0 0 0 0 0 0 0 0 0 0 0 0 0 0 0 0 0 0 0 0 0 0 0 0 0 0 0 0 0 0 0 0 0 0 0 0 0 0 0 0 0 0 0 0 0 0 0 0 0 0 0 0 0 0 0 0 0 0 0 0 0 0 0 0 0 0 0 0 0 0 0 0 0 0 0 0 0 0 0 0 0 0 0 0 0 0 0 0 0 0 0 0 0 0 0 0 0 0 0 0 0 0 0 0 0 0 0 0 0 0 0 0 0 0 0 0 0 0 0 0 0 0 0 0 0 0 0 0 0 0 0 0 0 0 0 0 0 0 0 0 0 0 0 0 0 0 0 0 0 0 0 0 0 0 0 0 0 0 0 0 0 0 0 0 0 0 0 0 0 0 0 0 0 0 0 0 0 0 0 0 0 0 0 0 0 0 0 0 0 0 0 0 0 0 0 0 0 0 0 0 0 0 0 0 0 0 0 0 0 0 0 0 0 0 0 0 0 0 0 0 0 0 0 0 0 0 0 0 0 0 0 0 0 0 0 0 0 0 0 0 0 0 0 0 0 0 0 0 0 0 0 0 0 0 0 0 0 0 0 0 0 0 0 0 0 0 0 0 0 0 0 0 0 0 0 0 0 0 0 0 0 0 0 0 0 0 0 0 0 0 0 0 0 0 0 0 0 0 0 0 0 0 0 0 0 0 0 0 0 0 0 0 0 0 0 0 0 0 0 0 0 0 0 0 0 0 0 0 0 0 0 0 0 0 0 0 0 0 0 0 0 0 0 0 0 0 0 0 0 0 0 0 0 0 0 0 0 0 0 0 0 0 0 0 0 0 0 0 0 0 0 0 0 0 0 0 0 0 0 0 0 0 0 0 0 0 0 0 0 0 0 0 0 0 0 0 0 0 0 0 0 0 0 0 0 0 0 0 0 0 0 0 0 0 0 0 0 0 0
ctxt 208076153566
btime 1773600682
processes 94920805
procs_running 1
procs_blocked 0
softirq 42971017444 256 2278232587 38322393 832977349 1476258234 0 2936261724 565740256 5109161 478377116
