Running 10s test @ http://192.168.10.15:18500/json
  32 threads and 512 connections
  Thread Stats   Avg      Stdev     Max   +/- Stdev
    Latency     2.29ms  289.93us  12.90ms   88.64%
    Req/Sec     6.95k   324.19    11.36k    92.44%
  Latency Distribution
     50%    2.27ms
     75%    2.38ms
     90%    2.50ms
     99%    3.24ms
  2229245 requests in 10.10s, 306.14MB read
Requests/sec: 220724.43
Transfer/sec:     30.31MB
## drops 0 0
## server-stat
cpu  1284481 466 675589 10143651 31516 0 259890 0 0 0
cpu0 44380 8 20164 316963 829 0 8922 0 0 0
cpu1 44868 10 20061 318027 568 0 8552 0 0 0
cpu2 45215 8 19954 318107 374 0 8489 0 0 0
cpu3 46001 11 20452 315963 1182 0 8531 0 0 0
cpu4 46322 9 20255 316265 721 0 8618 0 0 0
cpu5 45992 10 20160 317049 360 0 8493 0 0 0
cpu6 45461 8 20061 317692 350 0 8481 0 0 0
cpu7 44494 6 19843 318923 225 0 8299 0 0 0
cpu8 27848 13 21007 327271 1047 0 5503 0 0 0
cpu9 30947 15 21522 321878 2360 0 5700 0 0 0
cpu10 30073 14 21432 324259 1198 0 5822 0 0 0
cpu11 28550 12 20706 328423 630 0 5507 0 0 0
cpu12 46033 83 22113 306665 3041 0 5915 0 0 0
cpu13 44842 14 22354 308089 2419 0 6052 0 0 0
cpu14 28443 10 20306 330202 856 0 5390 0 0 0
cpu15 27005 11 19072 334064 645 0 4909 0 0 0
cpu16 48820 6 20917 313609 365 0 8690 0 0 0
cpu17 48682 6 20939 312724 1258 0 8724 0 0 0
cpu18 48450 6 20782 314162 285 0 8627 0 0 0
cpu19 49637 7 21246 311776 663 0 8867 0 0 0
cpu20 49826 9 21183 311885 694 0 8846 0 0 0
cpu21 48238 7 20714 313931 606 0 8690 0 0 0
cpu22 47258 7 20732 313691 336 0 8625 0 0 0
cpu23 46052 10 20423 316427 303 0 8529 0 0 0
cpu24 30818 14 21461 326002 846 0 5926 0 0 0
cpu25 33267 15 23275 317543 1607 0 6847 0 0 0
cpu26 32295 14 22948 319529 1230 0 6698 0 0 0
cpu27 27778 7 20558 320029 1073 0 11666 0 0 0
cpu28 44263 22 24118 295381 1919 0 14232 0 0 0
cpu29 46017 61 24401 292551 1899 0 14327 0 0 0
cpu30 26854 9 20727 319455 838 0 11500 0 0 0
cpu31 29739 9 21688 325100 775 0 5901 0 0 0
intr 1077119149 126 0 0 0 0 0 0 0 0 1 0 0 0 0 0 0 0 0 0 0 0 0 0 0 0 0 0 1 1 1 0 0 0 0 1 0 1 0 0 75045 0 0 0 0 0 0 0 0 411 0 0 0 0 0 0 0 0 87 0 0 0 0 0 0 0 0 0 0 0 0 0 0 0 139335 2 22146448 22096547 22060225 22174840 0 3328 2362 2921 1563 3082 2644 2063 2562 1476 10358 18232 10232 8198 13292 14828 11312 7405 2697 1792 1460 2366 2247 1934 1592 1626 8922 7193 5077 5650 6506 5748 6122 7968 0 0 0 0 616272 3014 1036 0 264 0 0 0 0 0 0 0 0 0 0 0 0 0 0 0 0 0 0 0 0 0 0 0 0 0 0 0 0 0 0 0 0 0 0 0 0 0 0 0 0 0 0 0 0 0 0 0 0 0 0 0 0 0 0 0 0 0 0 0 0 0 0 0 0 0 0 0 0 0 0 0 0 0 0 0 0 0 0 0 0 0 0 0 0 0 0 0 0 0 0 0 0 0 0 0 0 0 0 0 0 0 0 0 0 0 0 0 0 0 0 0 0 0 0 0 0 0 0 0 0 0 0 0 0 0 0 0 0 0 0 0 0 0 0 0 0 0 0 0 0 0 0 0 0 0 0 0 0 0 0 0 0 0 0 0 0 0 0 0 0 0 0 0 0 0 0 0 0 0 0 0 0 0 0 0 0 0 0 0 0 0 0 0 0 0 0 0 0 0 0 0 0 0 0 0 0 0 0 0 0 0 0 0 0 0 0 0 0 0 0 0 0 0 0 0 0 0 0 0 0 0 0 0 0 0 0 0 0 0 0 0 0 0 0 0 0 0 0 0 0 0 0 0 0 0 0 0 0 0 0 0 0 0 0 0 0 0 0 0 0 0 0 0 0 0 0 0 0 0 0 0 0 0 0 0 0 0 0 0 0 0 0 0 0 0 0 0 0 0 0 0 0 0 0 0 0 0 0 0 0 0 0 0 0 0 0 0 0 0 0 0 0 0 0 0 0 0 0 0 0 0 0 0 0 0 0 0 0 0 0 0 0 0 0 0 0 0 0 0 0 0 0 0 0 0 0 0 0 0 0 0 0 0 0 0 0 0 0 0 0 0 0 0 0 0 0 0 0 0 0 0 0 0 0 0 0 0 0 0 0 0 0 0 0 0 0 0 0 0 0 0 0 0 0 0 0 0 0 0 0 0 0 0 0 0 0 0 0 0 0 0 0 0 0 0 0 0 0 0 0 0 0 0 0 0 0 0 0 0 0 0 0 0 0 0 0 0 0 0 0 0 0 0 0 0 0 0 0 0 0 0 0 0 0 0 0 0 0 0 0 0 0 0 0 0 0 0 0 0 0 0 0 0 0 0 0 0 0 0 0 0 0 0 0 0 0 0 0 0 0 0 0 0 0 0 0 0 0 0 0 0 0 0 0 0 0 0 0 0 0 0 0 0 0 0 0 0 0 0 0 0 0 0 0 0 0 0 0 0 0 0 0 0 0 0 0 0 0 0 0 0 0 0 0 0 0 0 0 0 0 0 0 0 0 0 0 0 0 0 0 0 0 0 0 0 0 0 0 0 0 0 0 0 0 0 0 0 0 0 0 0 0 0 0 0 0 0 0 0 0 0 0 0 0 0 0 0 0 0 0 0 0 0 0 0 0 0 0 0 0 0 0 0 0 0 0 0 0 0 0 0 0 0 0 0 0 0 0 0 0 0 0 0 0 0 0 0 0 0 0 0 0 0 0 0 0 0 0 0 0 0 0 0 0 0 0 0 0 0 0 0 0 0 0 0 0 0 0 0 0 0 0 0 0 0 0 0 0 0 0 0 0 0 0 0 0 0 0 0 0 0 0 0 0 0 0 0 0 0 0 0 0 0 0 0 0 0 0 0 0 0 0 0 0 0 0 0 0 0 0 0 0 0 0 0 0 0 0 0 0 0 0 0 0 0 0 0 0 0 0 0 0 0 0 0 0 0 0 0 0 0 0 0 0 0 0 0 0 0 0 0 0 0 0 0 0 0 0 0 0 0 0 0 0 0 0 0 0 0 0 0 0 0 0 0 0 0 0 0 0 0 0 0 0 0 0 0 0 0 0 0 0 0 0 0 0 0 0 0 0 0 0 0 0 0 0 0 0 0 0 0 0 0 0 0 0 0 0 0 0 0 0 0 0 0 0 0 0 0 0 0 0 0 0 0 0 0 0 0 0 0 0 0 0 0 0 0 0 0 0 0 0 0 0 0 0 0 0 0 0 0 0 0 0 0 0 0 0 0 0 0 0 0 0 0 0 0 0 0 0 0 0 0 0 0 0 0 0 0 0 0 0 0 0 0 0 0 0 0 0 0 0 0 0 0 0 0 0 0 0 0 0 0 0 0 0 0 0 0 0 0 0 0 0 0 0 0 0 0 0 0 0 0 0 0 0 0 0 0 0 0 0 0 0 0 0 0 0 0 0 0 0 0 0 0 0 0 0 0 0 0 0 0 0 0 0 0 0 0 0 0 0 0 0 0 0 0 0 0 0 0 0 0 0 0 0 0 0 0 0 0 0 0 0 0 0 0 0 0 0 0 0 0 0 0 0 0 0 0 0 0 0 0 0 0 0 0 0 0 0 0 0 0 0 0 0 0 0 0 0 0 0 0 0 0 0 0 0 0 0 0 0 0 0 0 0 0 0 0 0 0 0 0 0 0 0 0 0 0 0 0 0 0 0 0 0 0 0 0 0 0 0 0 0 0 0 0 0 0 0 0 0 0 0 0 0 0 0 0 0 0 0
ctxt 1447623279
btime 1790630938
processes 113434
procs_running 17
procs_blocked 0
softirq 1335609720 73526 2578768 1356373 1292089606 145072 0 8348439 18939935 410 12077591
--
cpu  1295658 466 679324 10149547 31521 0 261269 0 0 0
cpu0 44685 8 20286 317197 829 0 8939 0 0 0
cpu1 45186 10 20178 318251 568 0 8573 0 0 0
cpu2 45538 8 20075 318331 374 0 8510 0 0 0
cpu3 46340 11 20569 316171 1182 0 8554 0 0 0
cpu4 46669 9 20380 316466 721 0 8643 0 0 0
cpu5 46331 10 20277 317258 360 0 8515 0 0 0
cpu6 45791 8 20174 317911 350 0 8502 0 0 0
cpu7 44807 6 19957 319158 225 0 8317 0 0 0
cpu8 28188 13 21132 327478 1047 0 5522 0 0 0
cpu9 31303 15 21640 322077 2360 0 5720 0 0 0
cpu10 30444 14 21548 324446 1198 0 5840 0 0 0
cpu11 28912 12 20828 328617 630 0 5525 0 0 0
cpu12 46405 83 22232 306855 3041 0 5937 0 0 0
cpu13 45226 14 22474 308269 2420 0 6074 0 0 0
cpu14 28799 10 20427 330398 856 0 5410 0 0 0
cpu15 27355 11 19195 334260 645 0 4929 0 0 0
cpu16 49180 6 21040 313789 365 0 8717 0 0 0
cpu17 49045 6 21066 312902 1259 0 8751 0 0 0
cpu18 48809 6 20909 314341 287 0 8656 0 0 0
cpu19 50019 7 21371 311943 663 0 8896 0 0 0
cpu20 50207 10 21307 312052 695 0 8873 0 0 0
cpu21 48605 7 20834 314115 606 0 8716 0 0 0
cpu22 47614 7 20848 313886 336 0 8648 0 0 0
cpu23 46386 10 20542 316634 303 0 8548 0 0 0
cpu24 31218 14 21580 326164 846 0 5951 0 0 0
cpu25 33672 15 23389 317706 1607 0 6873 0 0 0
cpu26 32696 14 23065 319690 1230 0 6722 0 0 0
cpu27 28076 7 20648 320152 1073 0 11845 0 0 0
cpu28 44577 22 24209 295488 1919 0 14425 0 0 0
cpu29 46321 61 24491 292658 1899 0 14529 0 0 0
cpu30 27126 9 20831 319589 838 0 11674 0 0 0
cpu31 30113 9 21808 325279 775 0 5923 0 0 0
intr 1087445868 126 0 0 0 0 0 0 0 0 1 0 0 0 0 0 0 0 0 0 0 0 0 0 0 0 0 0 1 1 1 0 0 0 0 1 0 1 0 0 75045 0 0 0 0 0 0 0 0 411 0 0 0 0 0 0 0 0 87 0 0 0 0 0 0 0 0 0 0 0 0 0 0 0 139596 2 22309553 22259657 22223317 22337966 0 3332 2365 2921 1563 3082 2644 2063 2562 1476 10358 18232 10232 8200 13292 14828 11312 7405 2697 1792 1460 2366 2247 1934 1594 1626 8922 7194 5077 5650 6506 5748 6122 7968 0 0 0 0 616272 3026 1036 0 264 0 0 0 0 0 0 0 0 0 0 0 0 0 0 0 0 0 0 0 0 0 0 0 0 0 0 0 0 0 0 0 0 0 0 0 0 0 0 0 0 0 0 0 0 0 0 0 0 0 0 0 0 0 0 0 0 0 0 0 0 0 0 0 0 0 0 0 0 0 0 0 0 0 0 0 0 0 0 0 0 0 0 0 0 0 0 0 0 0 0 0 0 0 0 0 0 0 0 0 0 0 0 0 0 0 0 0 0 0 0 0 0 0 0 0 0 0 0 0 0 0 0 0 0 0 0 0 0 0 0 0 0 0 0 0 0 0 0 0 0 0 0 0 0 0 0 0 0 0 0 0 0 0 0 0 0 0 0 0 0 0 0 0 0 0 0 0 0 0 0 0 0 0 0 0 0 0 0 0 0 0 0 0 0 0 0 0 0 0 0 0 0 0 0 0 0 0 0 0 0 0 0 0 0 0 0 0 0 0 0 0 0 0 0 0 0 0 0 0 0 0 0 0 0 0 0 0 0 0 0 0 0 0 0 0 0 0 0 0 0 0 0 0 0 0 0 0 0 0 0 0 0 0 0 0 0 0 0 0 0 0 0 0 0 0 0 0 0 0 0 0 0 0 0 0 0 0 0 0 0 0 0 0 0 0 0 0 0 0 0 0 0 0 0 0 0 0 0 0 0 0 0 0 0 0 0 0 0 0 0 0 0 0 0 0 0 0 0 0 0 0 0 0 0 0 0 0 0 0 0 0 0 0 0 0 0 0 0 0 0 0 0 0 0 0 0 0 0 0 0 0 0 0 0 0 0 0 0 0 0 0 0 0 0 0 0 0 0 0 0 0 0 0 0 0 0 0 0 0 0 0 0 0 0 0 0 0 0 0 0 0 0 0 0 0 0 0 0 0 0 0 0 0 0 0 0 0 0 0 0 0 0 0 0 0 0 0 0 0 0 0 0 0 0 0 0 0 0 0 0 0 0 0 0 0 0 0 0 0 0 0 0 0 0 0 0 0 0 0 0 0 0 0 0 0 0 0 0 0 0 0 0 0 0 0 0 0 0 0 0 0 0 0 0 0 0 0 0 0 0 0 0 0 0 0 0 0 0 0 0 0 0 0 0 0 0 0 0 0 0 0 0 0 0 0 0 0 0 0 0 0 0 0 0 0 0 0 0 0 0 0 0 0 0 0 0 0 0 0 0 0 0 0 0 0 0 0 0 0 0 0 0 0 0 0 0 0 0 0 0 0 0 0 0 0 0 0 0 0 0 0 0 0 0 0 0 0 0 0 0 0 0 0 0 0 0 0 0 0 0 0 0 0 0 0 0 0 0 0 0 0 0 0 0 0 0 0 0 0 0 0 0 0 0 0 0 0 0 0 0 0 0 0 0 0 0 0 0 0 0 0 0 0 0 0 0 0 0 0 0 0 0 0 0 0 0 0 0 0 0 0 0 0 0 0 0 0 0 0 0 0 0 0 0 0 0 0 0 0 0 0 0 0 0 0 0 0 0 0 0 0 0 0 0 0 0 0 0 0 0 0 0 0 0 0 0 0 0 0 0 0 0 0 0 0 0 0 0 0 0 0 0 0 0 0 0 0 0 0 0 0 0 0 0 0 0 0 0 0 0 0 0 0 0 0 0 0 0 0 0 0 0 0 0 0 0 0 0 0 0 0 0 0 0 0 0 0 0 0 0 0 0 0 0 0 0 0 0 0 0 0 0 0 0 0 0 0 0 0 0 0 0 0 0 0 0 0 0 0 0 0 0 0 0 0 0 0 0 0 0 0 0 0 0 0 0 0 0 0 0 0 0 0 0 0 0 0 0 0 0 0 0 0 0 0 0 0 0 0 0 0 0 0 0 0 0 0 0 0 0 0 0 0 0 0 0 0 0 0 0 0 0 0 0 0 0 0 0 0 0 0 0 0 0 0 0 0 0 0 0 0 0 0 0 0 0 0 0 0 0 0 0 0 0 0 0 0 0 0 0 0 0 0 0 0 0 0 0 0 0 0 0 0 0 0 0 0 0 0 0 0 0 0 0 0 0 0 0 0 0 0 0 0 0 0 0 0 0 0 0 0 0 0 0 0 0 0 0 0 0 0 0 0 0 0 0 0 0 0 0 0 0 0 0 0 0 0 0 0 0 0 0 0 0 0 0 0 0 0 0 0 0 0 0 0 0 0 0 0 0 0 0 0 0 0 0 0 0 0 0 0 0 0 0 0 0 0 0 0 0 0 0 0 0 0 0 0 0 0 0 0 0 0 0 0 0 0 0 0 0 0 0 0 0 0 0 0 0 0 0 0 0 0 0 0 0 0 0 0 0 0 0 0 0 0 0 0 0 0 0 0 0 0 0 0 0 0 0 0 0 0 0 0 0 0 0 0 0 0 0 0 0 0 0 0 0 0 0 0 0 0 0 0 0 0 0 0 0 0 0 0 0 0 0 0 0 0 0 0 0 0 0 0 0 0 0 0 0 0 0 0 0
ctxt 1460208013
btime 1790630938
processes 113481
procs_running 35
procs_blocked 1
softirq 1339542437 73526 2585695 1356903 1295230349 145329 0 8877052 19109588 410 12163585
## client-stat
cpu  802966296 23598936 303449036 93437276495 610718466 0 8872165 0 0 0
cpu0 29447401 224394 7363174 1619925968 8331252 0 166171 0 0 0
cpu1 29266837 432889 7645049 1649256320 11021766 0 56104 0 0 0
cpu2 28200414 463108 7594146 1652795293 10878543 0 36999 0 0 0
cpu3 25943952 484906 6794064 1656249499 11039404 0 31166 0 0 0
cpu4 22369979 490414 6375708 1660312023 11076873 0 30666 0 0 0
cpu5 19970339 494023 5981098 1662914748 11317475 0 28853 0 0 0
cpu6 17828167 497511 5640465 1665542403 11192056 0 29036 0 0 0
cpu7 16614546 487783 5479838 1666977234 11171239 0 27063 0 0 0
cpu8 15341103 485635 5287193 1668198788 11408613 0 27085 0 0 0
cpu9 14907450 489844 5256455 1668690702 11338818 0 27260 0 0 0
cpu10 14408595 472357 5137996 1669200086 11495400 0 26476 0 0 0
cpu11 14133483 465792 5149850 1669202240 11700029 0 27631 0 0 0
cpu12 14189498 458188 5272696 1669315077 11397598 0 26705 0 0 0
cpu13 12800165 425511 5435229 1668759835 9922580 0 1898033 0 0 0
cpu14 31524560 477236 7839088 1650093644 10085291 0 176660 0 0 0
cpu15 21118713 503934 6806942 1660868397 10896734 0 174973 0 0 0
cpu16 17755674 491819 6317577 1664585047 11133773 0 175343 0 0 0
cpu17 14932919 500066 5675232 1668353059 10904734 0 170385 0 0 0
cpu18 13593588 505884 5523772 1670068454 10640490 0 174674 0 0 0
cpu19 12937849 472687 5420811 1670836300 10655435 0 173668 0 0 0
cpu20 13089047 493492 5354556 1670722504 10657871 0 174951 0 0 0
cpu21 12211413 482428 5341992 1671488414 10771544 0 173257 0 0 0
cpu22 11982673 482914 5343956 1671411400 11081773 0 175126 0 0 0
cpu23 11695088 471865 5193847 1672157931 10734631 0 174160 0 0 0
cpu24 11732076 448076 5196893 1671875887 11041880 0 172482 0 0 0
cpu25 11557979 450839 5260604 1672347320 10684606 0 179686 0 0 0
cpu26 12010777 478046 5301037 1671776523 10627875 0 181608 0 0 0
cpu27 13882822 464459 5489242 1669438552 10979901 0 178834 0 0 0
cpu28 18769174 361854 5861119 1658276529 9964368 0 1264964 0 0 0
cpu29 13427714 381424 5532111 1669055057 11673598 0 64125 0 0 0
cpu30 12752510 342093 5329724 1670896764 11247294 0 27360 0 0 0
cpu31 11677182 306256 5011186 1672842201 10868929 0 24690 0 0 0
cpu32 10895152 292303 4886061 1673256464 11397074 0 24538 0 0 0
cpu33 10507349 294659 4790327 1673060344 12114793 0 24112 0 0 0
cpu34 10108067 300801 4686504 1673717632 11872616 0 23229 0 0 0
cpu35 9690667 288349 4580279 1674419355 11825191 0 24877 0 0 0
cpu36 9561525 287721 4479599 1674940269 11575377 0 23132 0 0 0
cpu37 9402710 302139 4459969 1675114299 11595812 0 22873 0 0 0
cpu38 9341513 311327 4412709 1675481476 11334750 0 23023 0 0 0
cpu39 9403213 310554 4505668 1675252775 11304672 0 23781 0 0 0
cpu40 9357333 306218 4532889 1675483009 11111620 0 24601 0 0 0
cpu41 9760637 317785 4533894 1674787287 11289804 0 24178 0 0 0
cpu42 13910989 443034 5479469 1670135528 10331926 0 172150 0 0 0
cpu43 11930935 434858 5192325 1672267659 10395103 0 168653 0 0 0
cpu44 11767756 425576 5250490 1672599314 10306540 0 168931 0 0 0
cpu45 11245897 430940 5014793 1673270539 10414933 0 162525 0 0 0
cpu46 11128127 431394 5009209 1673296682 10520729 0 164120 0 0 0
cpu47 10943511 452452 5032407 1673324636 10626126 0 165002 0 0 0
cpu48 11671609 439673 5001494 1672730612 10596893 0 164271 0 0 0
cpu49 11121440 416764 5034775 1673450917 10393341 0 167356 0 0 0
cpu50 11067064 440746 5000131 1673153273 10735864 0 165989 0 0 0
cpu51 11322919 447564 5005304 1673056574 10531465 0 168565 0 0 0
cpu52 11034188 446614 4995255 1673182711 10709848 0 168781 0 0 0
cpu53 11096001 432568 5076876 1673201475 10559353 0 175627 0 0 0
cpu54 11462928 425131 5052098 1672788364 10642456 0 172891 0 0 0
cpu55 13161058 432016 5223836 1670871073 10589779 0 172743 0 0 0
intr 106381462416 74 4 0 0 0 0 0 0 0 0 0 0 6 0 0 0 0 360 213 2556239156 0 0 0 0 0 0 0 0 0 0 0 0 0 0 0 0 0 2395449507 426514310 8318509 677 278 24496490 0 0 0 0 0 0 0 0 0 0 0 0 0 0 0 0 0 0 0 0 0 0 0 0 0 0 0 0 0 0 0 0 0 0 0 0 0 0 0 0 0 0 0 0 0 0 0 0 0 0 0 0 0 0 0 0 0 0 0 0 0 0 0 0 0 0 0 0 0 0 0 0 0 0 0 0 0 0 0 0 0 0 0 0 0 0 0 0 0 0 0 0 0 0 0 0 0 0 0 0 0 0 0 0 0 0 0 0 0 0 0 0 0 0 0 0 0 0 0 0 0 0 0 0 0 0 0 0 0 0 0 0 0 0 0 0 0 0 0 0 0 0 0 0 0 0 0 0 0 0 0 0 0 0 0 0 0 0 0 0 0 0 0 0 0 0 0 0 0 0 0 0 0 0 0 0 0 0 0 0 0 0 0 0 0 0 0 0 0 0 0 0 0 0 0 0 0 0 0 0 0 0 0 0 0 0 0 0 0 0 0 0 0 0 0 0 0 0 0 0 0 0 0 0 0 0 0 0 0 0 0 0 0 0 0 0 0 0 0 0 0 0 0 0 0 0 0 0 0 0 0 0 0 0 0 0 0 0 0 0 0 0 0 0 0 0 0 0 0 0 0 0 0 0 0 0 0 0 0 0 0 0 0 0 0 0 0 0 0 0 0 0 0 0 0 0 0 0 0 0 0 0 0 0 0 0 0 0 0 0 0 0 0 0 0 0 0 0 0 0 0 0 0 0 0 0 0 0 0 0 0 0 0 0 0 0 0 0 0 0 0 0 0 0 0 0 0 0 0 0 0 0 0 0 0 0 0 0 0 0 0 0 0 0 0 0 0 0 0 0 0 0 0 0 0 0 0 0 0 0 0 0 0 0 0 0 0 0 0 0 0 0 0 0 0 0 0 0 0 0 0 0 0 0 0 0 0 0 0 0 0 0 0 0 0 0 0 0 0 0 0 0 0 0 0 0 0 0 0 0 0 0 0 0 0 0 0 0 0 0 0 0 0 0 0 0 0 0 0 0 0 0 0 0 0 0 0 0 0 0 0 0 0 0 0 0 0 0 0 0 0 0 0 0 0 0 0 0 0 0 0 0 0 0 0 0 0 0 0 0 0 0 0 0 0 0 0 0 0 0 0 0 0 0 0 0 0 0 0 0 0 0 0 0 0 0 0 0 0 0 0 0 0 0 0 0 0 0 0 0 0 0 0 0 0 0 0 0 0 0 0 0 0 0 0 0 0 0 0 0 0 0 0 0 0 0 0 0 0 0 0 0 0 0 0 0 0 0 0 0 0 0 0 0 0 0 0 0 0 0 0 0 0 0 0 0 0 0 0 0 0 0 0 0 0 0 0 0 0 0 0 0 0 0 0 0 0 0 0 0 0 0 0 0 0 0 0 0 0 0 0 0 0 0 0 0 0 0 0 0 0 0 0 0 0 0 0 0 0 0 0 0 0 0 0 0 0 0 0 0 0 0 0 0 0 0 0 0 0 0 0 0 0 0 0 0 0 0 0 0 0 0 0 0 0 0 0 0 0 0 0 0 0 0 0 0 0 0 0 0 0 0 0 0 0 0 0 0 0 0 0 0 0 0 0 0 0 0 0 0 0 0 0 0 0 0 0 0 0 0 0 0 0 0 0 0 0 0 0 0 0 0 0 0 0 0 0 0 0 0 0 0 0 0 0 0 0 0 0 0 0 0 0 0 0 0 0 0 0 0 0 0 0 0 0 0 0 0 0 0 0 0 0 0 0 0 0 0 0 0 0 0 0 0 0 0 0 0 0 0 0 0 0 0 0 0 0 0 0 0 0 0 0 0 0 0 0 0 0 0 0 0 0 0 0 0 0 0 0 0 0 0 0 0 0 0 0 0 0 0 0 0 0 0 0 0 0 0 0 0 0 0 0 0 0 0 0 0 0 0 0 0 0 0 0 0 0 0 0 0 0 0 0 0 0 0 0 0 0 0 0 0 0 0 0 0 0 0 0 0 0 0 0 0 0 0 0 0 0 0 0 0 0 0 0 0 0 0 0 0 0 0 0 0 0 0 0 0 0 0 0 0 0 0 0 0 0 0 0 0 0 0 0 0 0 0 0 0 0 0 0 0 0 0 0 0 0 0 0 0 0 0 0 0 0 0 0 0 0 0 0 0 0 0 0 0 0 0 0 0 0 0 0 0 0 0 0 0 0 0 0 0 0 0 0 0 0 0 0 0 0 0 0 0 0 0 0 0 0 0 0 0 0 0 0 0 0 0 0 0 0 0 0 0 0 0 0 0 0 0 0 0 0 0 0 0 0 0 0 0 0 0 0 0 0 0 0 0 0 0 0 0 0 0 0 0 0 0 0 0 0 0 0 0 0 0 0 0 0 0 0 0 0 0 0 0 0 0 0 0 0 0 0 0 0 0 0 0 0 0 0 0 0 0 0 0 0 0 0 0 0 0 0 0 0 0 0 0 0 0 0 0 0 0 0 0 0 0 0 0 0 0 0 0 0 0 0 0 0 0 0 0 0 0 0 0 0 0 0 0 0 0 0 0 0 0 0 0 0 0 0 0 0 0 0 0 0 0 0 0 0 0 0 0 0 0 0 0 0 0 0 0 0 0 0 0 0 0 0 0 0 0 0 0 0 0 0 0 0 0 0 0 0 0 0 0 0 0 0 0 0 0 0 0 0 0 0 0 0 0 0 0 0 0 0 0 0 0 0 0 0 0 0 0 0 0 0 0 0 0 0 0 0 0 0 0 0 0 0 0 0 0 0 0 0 0 0 0 0 0 0 0 0 0 0 0 0 0 0 0 0 0 0 0 0 0 0 0 0 0 0 0 0 0 0 0 0 0 0 0 0 0 0 0 0 0 0 0 0 0 0 0 0 0 0 0 0 0 0 0 0 0 0 0 0 0 0 0 0 0 0 0 0 0 0 0 0 0 0 0 0 0 0 0 0 0 0 0 0 0 0 0 0 0 0 0 0 0 0 0 0 0 0 0 0 0 0 0 0 0 0 0 0 0 0 0 0 0 0 0 0 0 0 0 0 0 0 0 0 0 0 0 0 0 0 0 0 0 0 0 0 0 0 0 0 0 0 0 0 0 0 0 0 0 0 0 0 0 0 0 0 0 0 0 0 0 0 0 0 0 0 0 0 0 0 0 0 0 0 0 0 0 0 0 0 0 0 0 0 0 0 0 0 0 0 0 0 0 0 0 0 0 0 0 0 0 0 0 0 0 0 0 0 0 0 0 0 0 0 0 0 0 0 0 0 0 0 0 0 0 0 0 0 0 0 0 0 0 0 0 0 0 0 0 0 0 0 0 0 0 0 0 0 0 0 0 0 0 0 0 0 0 0 0 0 0 0 0 0 0 0 0 0 0 0 0 0 0 0 0 0 0 0 0 0 0 0 0 0 0 0 0 0 0 0 0 0 0 0 0 0 0 0 0 0 0 0 0 0 0 0 0 0 0 0 0 0 0 0 0 0 0 0 0 0 0 0 0 0 0 0 0 0 0 0 0 0 0 0 0 0 0 0 0 0 0 0 0 0 0 0 0 0 0 0 0 0 0 0 0 0 0 0 0 0 0 0 0 0 0 0 0 0 0 0 0 0 0 0 0 0 0 0 0 0 0 0 0 0 0 0 0 0 0 0 0 0 0 0 0 0 0 0 0 0 0 0 0 0 0 0 0 0 0 0 0 0 0 0 0 0 0 0 0 0
ctxt 208335072986
btime 1773600682
processes 94929722
procs_running 14
procs_blocked 0
softirq 43059540986 256 2278652688 38798262 907745753 1476322984 0 2936422771 574295975 5109161 482454768
--
cpu  802968241 23598936 303457591 93437305903 610718556 0 8875777 0 0 0
cpu0 29447419 224394 7363267 1619926548 8331252 0 166202 0 0 0
cpu1 29266885 432889 7645200 1649256845 11021766 0 56151 0 0 0
cpu2 28200461 463108 7594299 1652795821 10878543 0 37044 0 0 0
cpu3 25943980 484906 6794222 1656250042 11039404 0 31215 0 0 0
cpu4 22370030 490414 6375864 1660312552 11076874 0 30713 0 0 0
cpu5 19970383 494023 5981247 1662915285 11317475 0 28897 0 0 0
cpu6 17828196 497511 5640617 1665542945 11192062 0 29082 0 0 0
cpu7 16614584 487783 5479992 1666977779 11171241 0 27107 0 0 0
cpu8 15341146 485635 5287340 1668199326 11408616 0 27134 0 0 0
cpu9 14907491 489844 5256611 1668691246 11338819 0 27306 0 0 0
cpu10 14408630 472357 5138146 1669200633 11495400 0 26524 0 0 0
cpu11 14133528 465792 5150009 1669202773 11700029 0 27678 0 0 0
cpu12 14189539 458188 5272849 1669315615 11397599 0 26750 0 0 0
cpu13 12800223 425511 5435392 1668760350 9922580 0 1898079 0 0 0
cpu14 31524591 477236 7839248 1650094172 10085291 0 176716 0 0 0
cpu15 21118742 503934 6807097 1660868933 10896734 0 175033 0 0 0
cpu16 17755702 491819 6317741 1664585581 11133773 0 175398 0 0 0
cpu17 14932942 500066 5675391 1668353597 10904734 0 170443 0 0 0
cpu18 13593613 505884 5523937 1670068980 10640495 0 174733 0 0 0
cpu19 12937871 472687 5420974 1670836835 10655435 0 173725 0 0 0
cpu20 13089079 493492 5354717 1670723036 10657871 0 175004 0 0 0
cpu21 12211438 482428 5342154 1671488945 10771548 0 173313 0 0 0
cpu22 11982704 482914 5344116 1671411933 11081773 0 175180 0 0 0
cpu23 11695112 471865 5194007 1672158469 10734631 0 174221 0 0 0
cpu24 11732107 448076 5197060 1671876410 11041890 0 172534 0 0 0
cpu25 11558006 450839 5260766 1672347847 10684607 0 179745 0 0 0
cpu26 12010803 478046 5301204 1671777010 10627915 0 181666 0 0 0
cpu27 13882849 464459 5489404 1669439082 10979901 0 178889 0 0 0
cpu28 18769174 361854 5861120 1658276534 9964368 0 1265759 0 0 0
cpu29 13427755 381424 5532258 1669055604 11673598 0 64168 0 0 0
cpu30 12752548 342093 5329866 1670897311 11247294 0 27410 0 0 0
cpu31 11677240 306256 5011331 1672842735 10868930 0 24737 0 0 0
cpu32 10895185 292303 4886209 1673257017 11397074 0 24587 0 0 0
cpu33 10507387 294659 4790477 1673060894 12114793 0 24159 0 0 0
cpu34 10108108 300801 4686654 1673718176 11872616 0 23273 0 0 0
cpu35 9690739 288349 4580426 1674419875 11825193 0 24921 0 0 0
cpu36 9561570 287721 4479746 1674940812 11575377 0 23179 0 0 0
cpu37 9402751 302139 4460126 1675114845 11595814 0 22916 0 0 0
cpu38 9341584 311327 4412855 1675482000 11334754 0 23065 0 0 0
cpu39 9403248 310554 4505823 1675253319 11304672 0 23829 0 0 0
cpu40 9357395 306218 4533037 1675483531 11111621 0 24648 0 0 0
cpu41 9760689 317785 4534044 1674787821 11289804 0 24227 0 0 0
cpu42 13911013 443034 5479626 1670136058 10331927 0 172209 0 0 0
cpu43 11930958 434858 5192482 1672268194 10395103 0 168718 0 0 0
cpu44 11767782 425576 5250653 1672599844 10306540 0 168989 0 0 0
cpu45 11245922 430940 5014951 1673271073 10414933 0 162578 0 0 0
cpu46 11128158 431394 5009369 1673297214 10520729 0 164177 0 0 0
cpu47 10943534 452452 5032566 1673325170 10626128 0 165056 0 0 0
cpu48 11671635 439673 5001661 1672731148 10596893 0 164327 0 0 0
cpu49 11121461 416764 5034939 1673451452 10393341 0 167411 0 0 0
cpu50 11067092 440746 5000299 1673153806 10735864 0 166043 0 0 0
cpu51 11322947 447564 5005472 1673057108 10531465 0 168617 0 0 0
cpu52 11034211 446614 4995413 1673183246 10709851 0 168836 0 0 0
cpu53 11096029 432568 5077039 1673202004 10559353 0 175686 0 0 0
cpu54 11462958 425131 5052257 1672788894 10642456 0 172947 0 0 0
cpu55 13161088 432016 5223993 1670871601 10589779 0 172799 0 0 0
intr 106382177305 74 4 0 0 0 0 0 0 0 0 0 0 6 0 0 0 0 360 213 2556240030 0 0 0 0 0 0 0 0 0 0 0 0 0 0 0 0 0 2395450929 426514551 8318513 677 278 24496490 0 0 0 0 0 0 0 0 0 0 0 0 0 0 0 0 0 0 0 0 0 0 0 0 0 0 0 0 0 0 0 0 0 0 0 0 0 0 0 0 0 0 0 0 0 0 0 0 0 0 0 0 0 0 0 0 0 0 0 0 0 0 0 0 0 0 0 0 0 0 0 0 0 0 0 0 0 0 0 0 0 0 0 0 0 0 0 0 0 0 0 0 0 0 0 0 0 0 0 0 0 0 0 0 0 0 0 0 0 0 0 0 0 0 0 0 0 0 0 0 0 0 0 0 0 0 0 0 0 0 0 0 0 0 0 0 0 0 0 0 0 0 0 0 0 0 0 0 0 0 0 0 0 0 0 0 0 0 0 0 0 0 0 0 0 0 0 0 0 0 0 0 0 0 0 0 0 0 0 0 0 0 0 0 0 0 0 0 0 0 0 0 0 0 0 0 0 0 0 0 0 0 0 0 0 0 0 0 0 0 0 0 0 0 0 0 0 0 0 0 0 0 0 0 0 0 0 0 0 0 0 0 0 0 0 0 0 0 0 0 0 0 0 0 0 0 0 0 0 0 0 0 0 0 0 0 0 0 0 0 0 0 0 0 0 0 0 0 0 0 0 0 0 0 0 0 0 0 0 0 0 0 0 0 0 0 0 0 0 0 0 0 0 0 0 0 0 0 0 0 0 0 0 0 0 0 0 0 0 0 0 0 0 0 0 0 0 0 0 0 0 0 0 0 0 0 0 0 0 0 0 0 0 0 0 0 0 0 0 0 0 0 0 0 0 0 0 0 0 0 0 0 0 0 0 0 0 0 0 0 0 0 0 0 0 0 0 0 0 0 0 0 0 0 0 0 0 0 0 0 0 0 0 0 0 0 0 0 0 0 0 0 0 0 0 0 0 0 0 0 0 0 0 0 0 0 0 0 0 0 0 0 0 0 0 0 0 0 0 0 0 0 0 0 0 0 0 0 0 0 0 0 0 0 0 0 0 0 0 0 0 0 0 0 0 0 0 0 0 0 0 0 0 0 0 0 0 0 0 0 0 0 0 0 0 0 0 0 0 0 0 0 0 0 0 0 0 0 0 0 0 0 0 0 0 0 0 0 0 0 0 0 0 0 0 0 0 0 0 0 0 0 0 0 0 0 0 0 0 0 0 0 0 0 0 0 0 0 0 0 0 0 0 0 0 0 0 0 0 0 0 0 0 0 0 0 0 0 0 0 0 0 0 0 0 0 0 0 0 0 0 0 0 0 0 0 0 0 0 0 0 0 0 0 0 0 0 0 0 0 0 0 0 0 0 0 0 0 0 0 0 0 0 0 0 0 0 0 0 0 0 0 0 0 0 0 0 0 0 0 0 0 0 0 0 0 0 0 0 0 0 0 0 0 0 0 0 0 0 0 0 0 0 0 0 0 0 0 0 0 0 0 0 0 0 0 0 0 0 0 0 0 0 0 0 0 0 0 0 0 0 0 0 0 0 0 0 0 0 0 0 0 0 0 0 0 0 0 0 0 0 0 0 0 0 0 0 0 0 0 0 0 0 0 0 0 0 0 0 0 0 0 0 0 0 0 0 0 0 0 0 0 0 0 0 0 0 0 0 0 0 0 0 0 0 0 0 0 0 0 0 0 0 0 0 0 0 0 0 0 0 0 0 0 0 0 0 0 0 0 0 0 0 0 0 0 0 0 0 0 0 0 0 0 0 0 0 0 0 0 0 0 0 0 0 0 0 0 0 0 0 0 0 0 0 0 0 0 0 0 0 0 0 0 0 0 0 0 0 0 0 0 0 0 0 0 0 0 0 0 0 0 0 0 0 0 0 0 0 0 0 0 0 0 0 0 0 0 0 0 0 0 0 0 0 0 0 0 0 0 0 0 0 0 0 0 0 0 0 0 0 0 0 0 0 0 0 0 0 0 0 0 0 0 0 0 0 0 0 0 0 0 0 0 0 0 0 0 0 0 0 0 0 0 0 0 0 0 0 0 0 0 0 0 0 0 0 0 0 0 0 0 0 0 0 0 0 0 0 0 0 0 0 0 0 0 0 0 0 0 0 0 0 0 0 0 0 0 0 0 0 0 0 0 0 0 0 0 0 0 0 0 0 0 0 0 0 0 0 0 0 0 0 0 0 0 0 0 0 0 0 0 0 0 0 0 0 0 0 0 0 0 0 0 0 0 0 0 0 0 0 0 0 0 0 0 0 0 0 0 0 0 0 0 0 0 0 0 0 0 0 0 0 0 0 0 0 0 0 0 0 0 0 0 0 0 0 0 0 0 0 0 0 0 0 0 0 0 0 0 0 0 0 0 0 0 0 0 0 0 0 0 0 0 0 0 0 0 0 0 0 0 0 0 0 0 0 0 0 0 0 0 0 0 0 0 0 0 0 0 0 0 0 0 0 0 0 0 0 0 0 0 0 0 0 0 0 0 0 0 0 0 0 0 0 0 0 0 0 0 0 0 0 0 0 0 0 0 0 0 0 0 0 0 0 0 0 0 0 0 0 0 0 0 0 0 0 0 0 0 0 0 0 0 0 0 0 0 0 0 0 0 0 0 0 0 0 0 0 0 0 0 0 0 0 0 0 0 0 0 0 0 0 0 0 0 0 0 0 0 0 0 0 0 0 0 0 0 0 0 0 0 0 0 0 0 0 0 0 0 0 0 0 0 0 0 0 0 0 0 0 0 0 0 0 0 0 0 0 0 0 0 0 0 0 0 0 0 0 0 0 0 0 0 0 0 0 0 0 0 0 0 0 0 0 0 0 0 0 0 0 0 0 0 0 0 0 0 0 0 0 0 0 0 0 0 0 0 0 0 0 0 0 0 0 0 0 0 0 0 0 0 0 0 0 0 0 0 0 0 0 0 0 0 0 0 0 0 0 0 0 0 0 0 0 0 0 0 0 0 0 0 0 0 0 0 0 0 0 0 0 0 0 0 0 0 0 0 0 0 0 0 0 0 0 0 0 0 0 0 0 0 0 0 0 0 0 0 0 0 0 0 0 0 0 0 0 0 0 0 0 0 0 0 0 0 0 0 0 0 0 0 0 0 0 0 0 0 0 0 0 0 0 0 0 0 0 0 0 0 0 0 0 0 0 0 0 0 0 0 0 0 0 0 0 0 0 0 0 0 0 0 0 0 0 0 0 0 0 0 0 0 0 0 0 0 0 0 0 0 0 0 0 0 0 0 0 0 0 0 0 0 0 0 0 0 0 0 0 0 0 0 0 0 0 0 0 0 0 0 0 0 0 0 0 0 0 0 0 0 0 0 0 0 0 0 0 0 0 0 0 0 0 0 0 0 0 0 0 0 0 0 0 0 0 0 0 0 0 0 0 0 0 0 0 0 0 0 0 0 0 0 0 0 0 0 0 0 0 0 0 0 0 0 0 0 0 0 0 0 0 0 0 0 0 0 0 0 0 0 0 0 0 0 0 0 0 0 0 0 0 0 0 0 0 0 0 0 0 0 0 0 0 0 0 0 0 0 0 0 0 0 0 0 0 0 0 0 0 0 0 0 0 0 0 0 0 0 0 0 0 0 0 0 0 0 0 0 0 0 0 0 0 0 0 0 0 0 0 0 0 0 0 0 0 0 0 0 0 0 0 0 0 0 0 0 0 0 0 0 0 0 0 0 0 0 0 0 0 0 0 0 0 0 0 0 0 0 0 0 0 0 0 0 0 0 0 0 0 0 0 0 0 0 0
ctxt 208339946338
btime 1773600682
processes 94929750
procs_running 13
procs_blocked 0
softirq 43061314134 256 2278654547 38812938 909290744 1476323578 0 2936424122 574445059 5109161 482515361
