Running 10s test @ http://192.168.10.15:18500/
  32 threads and 512 connections
  Thread Stats   Avg      Stdev     Max   +/- Stdev
    Latency     1.11ms  107.25us   4.51ms   73.86%
    Req/Sec    14.21k   531.18    20.56k    86.31%
  Latency Distribution
     50%    1.10ms
     75%    1.17ms
     90%    1.23ms
     99%    1.37ms
  4563604 requests in 10.10s, 565.78MB read
Requests/sec: 451880.77
Transfer/sec:     56.02MB
## drops 0 0
## server-stat
cpu  1344788 480 698620 10546425 31809 0 265769 0 0 0
cpu0 46029 8 20845 330116 830 0 9038 0 0 0
cpu1 46558 10 20734 331204 571 0 8657 0 0 0
cpu2 46898 8 20650 331276 376 0 8583 0 0 0
cpu3 47761 11 21135 329078 1184 0 8625 0 0 0
cpu4 48104 10 20927 329366 722 0 8716 0 0 0
cpu5 47744 10 20826 330185 360 0 8590 0 0 0
cpu6 47178 8 20735 330841 354 0 8573 0 0 0
cpu7 46136 7 20512 332141 226 0 8390 0 0 0
cpu8 29711 13 21785 339624 1066 0 5611 0 0 0
cpu9 32885 15 22317 334099 2410 0 5822 0 0 0
cpu10 32062 15 22197 336523 1203 0 5935 0 0 0
cpu11 30494 12 21477 340749 657 0 5614 0 0 0
cpu12 48213 84 22920 318658 3073 0 6044 0 0 0
cpu13 47030 15 23170 320086 2433 0 6185 0 0 0
cpu14 30364 11 21084 342577 871 0 5490 0 0 0
cpu15 28880 11 19825 346494 651 0 5011 0 0 0
cpu16 50691 6 21584 326621 368 0 8797 0 0 0
cpu17 50557 6 21598 325742 1260 0 8832 0 0 0
cpu18 50282 7 21453 327201 287 0 8730 0 0 0
cpu19 51563 8 21927 324735 664 0 8973 0 0 0
cpu20 51775 10 21856 324835 696 0 8950 0 0 0
cpu21 50084 7 21387 326959 606 0 8793 0 0 0
cpu22 49070 8 21395 326761 338 0 8721 0 0 0
cpu23 47797 10 21101 329556 303 0 8623 0 0 0
cpu24 32874 14 22226 338231 856 0 6043 0 0 0
cpu25 35399 16 24063 329654 1612 0 6975 0 0 0
cpu26 34412 15 23711 331678 1234 0 6824 0 0 0
cpu27 29572 8 21239 331789 1118 0 12311 0 0 0
cpu28 46335 23 24857 306835 1922 0 15023 0 0 0
cpu29 48073 62 25151 303989 1927 0 15145 0 0 0
cpu30 28542 9 21452 331366 841 0 12126 0 0 0
cpu31 31702 9 22464 337440 775 0 6005 0 0 0
intr 1155993374 126 0 0 0 0 0 0 0 0 1 0 0 0 0 0 0 0 0 0 0 0 0 0 0 0 0 0 1 1 1 0 0 0 0 1 0 1 0 0 75045 0 0 0 0 0 0 0 0 411 0 0 0 0 0 0 0 0 87 0 0 0 0 0 0 0 0 0 0 0 0 0 0 0 142770 2 24045684 23991791 23948121 24066756 0 3459 2405 2945 1579 3092 2648 2075 2562 1481 10363 18278 10241 8236 13300 14897 11349 7411 2698 1796 1460 2368 2249 1936 1622 1627 8940 7234 5103 5728 6511 5834 6131 7971 0 0 0 0 616284 3042 1036 0 264 0 0 0 0 0 0 0 0 0 0 0 0 0 0 0 0 0 0 0 0 0 0 0 0 0 0 0 0 0 0 0 0 0 0 0 0 0 0 0 0 0 0 0 0 0 0 0 0 0 0 0 0 0 0 0 0 0 0 0 0 0 0 0 0 0 0 0 0 0 0 0 0 0 0 0 0 0 0 0 0 0 0 0 0 0 0 0 0 0 0 0 0 0 0 0 0 0 0 0 0 0 0 0 0 0 0 0 0 0 0 0 0 0 0 0 0 0 0 0 0 0 0 0 0 0 0 0 0 0 0 0 0 0 0 0 0 0 0 0 0 0 0 0 0 0 0 0 0 0 0 0 0 0 0 0 0 0 0 0 0 0 0 0 0 0 0 0 0 0 0 0 0 0 0 0 0 0 0 0 0 0 0 0 0 0 0 0 0 0 0 0 0 0 0 0 0 0 0 0 0 0 0 0 0 0 0 0 0 0 0 0 0 0 0 0 0 0 0 0 0 0 0 0 0 0 0 0 0 0 0 0 0 0 0 0 0 0 0 0 0 0 0 0 0 0 0 0 0 0 0 0 0 0 0 0 0 0 0 0 0 0 0 0 0 0 0 0 0 0 0 0 0 0 0 0 0 0 0 0 0 0 0 0 0 0 0 0 0 0 0 0 0 0 0 0 0 0 0 0 0 0 0 0 0 0 0 0 0 0 0 0 0 0 0 0 0 0 0 0 0 0 0 0 0 0 0 0 0 0 0 0 0 0 0 0 0 0 0 0 0 0 0 0 0 0 0 0 0 0 0 0 0 0 0 0 0 0 0 0 0 0 0 0 0 0 0 0 0 0 0 0 0 0 0 0 0 0 0 0 0 0 0 0 0 0 0 0 0 0 0 0 0 0 0 0 0 0 0 0 0 0 0 0 0 0 0 0 0 0 0 0 0 0 0 0 0 0 0 0 0 0 0 0 0 0 0 0 0 0 0 0 0 0 0 0 0 0 0 0 0 0 0 0 0 0 0 0 0 0 0 0 0 0 0 0 0 0 0 0 0 0 0 0 0 0 0 0 0 0 0 0 0 0 0 0 0 0 0 0 0 0 0 0 0 0 0 0 0 0 0 0 0 0 0 0 0 0 0 0 0 0 0 0 0 0 0 0 0 0 0 0 0 0 0 0 0 0 0 0 0 0 0 0 0 0 0 0 0 0 0 0 0 0 0 0 0 0 0 0 0 0 0 0 0 0 0 0 0 0 0 0 0 0 0 0 0 0 0 0 0 0 0 0 0 0 0 0 0 0 0 0 0 0 0 0 0 0 0 0 0 0 0 0 0 0 0 0 0 0 0 0 0 0 0 0 0 0 0 0 0 0 0 0 0 0 0 0 0 0 0 0 0 0 0 0 0 0 0 0 0 0 0 0 0 0 0 0 0 0 0 0 0 0 0 0 0 0 0 0 0 0 0 0 0 0 0 0 0 0 0 0 0 0 0 0 0 0 0 0 0 0 0 0 0 0 0 0 0 0 0 0 0 0 0 0 0 0 0 0 0 0 0 0 0 0 0 0 0 0 0 0 0 0 0 0 0 0 0 0 0 0 0 0 0 0 0 0 0 0 0 0 0 0 0 0 0 0 0 0 0 0 0 0 0 0 0 0 0 0 0 0 0 0 0 0 0 0 0 0 0 0 0 0 0 0 0 0 0 0 0 0 0 0 0 0 0 0 0 0 0 0 0 0 0 0 0 0 0 0 0 0 0 0 0 0 0 0 0 0 0 0 0 0 0 0 0 0 0 0 0 0 0 0 0 0 0 0 0 0 0 0 0 0 0 0 0 0 0 0 0 0 0 0 0 0 0 0 0 0 0 0 0 0 0 0 0 0 0 0 0 0 0 0 0 0 0 0 0 0 0 0 0 0 0 0 0 0 0 0 0 0 0 0 0 0 0 0 0 0 0 0 0 0 0 0 0 0 0 0 0 0 0 0 0 0 0 0 0 0 0 0 0 0 0 0 0 0 0 0 0 0 0 0 0 0 0 0 0 0 0 0 0 0 0 0 0 0 0 0 0 0 0 0 0 0 0 0 0 0 0 0 0 0 0 0 0 0 0 0 0 0 0 0 0 0 0 0 0 0 0 0 0 0 0 0 0 0 0 0 0 0 0 0 0 0 0 0 0 0 0 0 0 0 0 0 0 0 0 0 0 0 0 0 0 0 0 0 0 0 0 0 0 0 0 0 0 0 0 0 0 0 0 0 0 0 0 0 0 0 0 0 0 0 0 0 0 0 0 0 0 0 0 0 0 0 0 0 0 0 0 0 0 0 0 0 0 0 0 0 0 0 0 0 0 0 0 0 0 0 0 0 0 0 0 0 0 0 0 0 0 0 0 0 0 0 0 0 0 0 0 0 0 0 0 0 0 0 0 0 0 0 0 0 0 0 0 0 0 0 0 0 0 0 0 0 0 0 0 0 0 0 0 0 0 0 0 0 0 0 0 0 0
ctxt 1543713324
btime 1790630938
processes 118545
procs_running 8
procs_blocked 0
softirq 1367834291 73526 2788464 1667493 1320944752 148629 0 9417366 20043782 410 12749869
--
cpu  1345273 481 699676 10567818 31832 0 266017 0 0 0
cpu0 46033 8 20864 330850 830 0 9041 0 0 0
cpu1 46564 10 20755 331937 571 0 8658 0 0 0
cpu2 46903 8 20672 332012 376 0 8584 0 0 0
cpu3 47765 11 21153 329826 1184 0 8625 0 0 0
cpu4 48110 10 20950 330100 722 0 8717 0 0 0
cpu5 47747 10 20846 330926 360 0 8590 0 0 0
cpu6 47181 8 20753 331587 354 0 8574 0 0 0
cpu7 46140 7 20527 332891 226 0 8390 0 0 0
cpu8 29728 13 21821 340270 1067 0 5616 0 0 0
cpu9 32906 15 22359 334733 2411 0 5830 0 0 0
cpu10 32083 15 22242 337161 1203 0 5940 0 0 0
cpu11 30507 12 21516 341399 657 0 5619 0 0 0
cpu12 48236 84 22961 319287 3073 0 6052 0 0 0
cpu13 47057 15 23216 320690 2450 0 6193 0 0 0
cpu14 30376 11 21117 343246 871 0 5492 0 0 0
cpu15 28893 11 19858 347161 651 0 5014 0 0 0
cpu16 50696 6 21609 327348 368 0 8798 0 0 0
cpu17 50562 6 21617 326483 1260 0 8833 0 0 0
cpu18 50288 7 21485 327912 287 0 8732 0 0 0
cpu19 51574 8 21964 325417 664 0 8977 0 0 0
cpu20 51786 10 21892 325517 696 0 8953 0 0 0
cpu21 50092 7 21419 327658 606 0 8795 0 0 0
cpu22 49077 8 21424 327469 338 0 8723 0 0 0
cpu23 47801 10 21118 330296 303 0 8624 0 0 0
cpu24 32895 14 22269 338862 856 0 6050 0 0 0
cpu25 35432 16 24110 330260 1612 0 6986 0 0 0
cpu26 34439 15 23760 332290 1235 0 6833 0 0 0
cpu27 29597 8 21281 332346 1118 0 12333 0 0 0
cpu28 46382 23 24912 307348 1922 0 15076 0 0 0
cpu29 48123 62 25204 304497 1930 0 15197 0 0 0
cpu30 28562 9 21489 331938 841 0 12151 0 0 0
cpu31 31721 9 22501 338083 775 0 6009 0 0 0
intr 1161987774 126 0 0 0 0 0 0 0 0 1 0 0 0 0 0 0 0 0 0 0 0 0 0 0 0 0 0 1 1 1 0 0 0 0 1 0 1 0 0 75045 0 0 0 0 0 0 0 0 411 0 0 0 0 0 0 0 0 87 0 0 0 0 0 0 0 0 0 0 0 0 0 0 0 143034 2 24208943 24155061 24111390 24230029 0 3463 2405 2945 1579 3092 2648 2075 2562 1481 10363 18288 10246 8270 13300 14933 11350 7411 2698 1796 1460 2368 2249 1936 1622 1627 8941 7234 5103 5740 6512 5834 6131 7973 0 0 0 0 616284 3042 1036 0 264 0 0 0 0 0 0 0 0 0 0 0 0 0 0 0 0 0 0 0 0 0 0 0 0 0 0 0 0 0 0 0 0 0 0 0 0 0 0 0 0 0 0 0 0 0 0 0 0 0 0 0 0 0 0 0 0 0 0 0 0 0 0 0 0 0 0 0 0 0 0 0 0 0 0 0 0 0 0 0 0 0 0 0 0 0 0 0 0 0 0 0 0 0 0 0 0 0 0 0 0 0 0 0 0 0 0 0 0 0 0 0 0 0 0 0 0 0 0 0 0 0 0 0 0 0 0 0 0 0 0 0 0 0 0 0 0 0 0 0 0 0 0 0 0 0 0 0 0 0 0 0 0 0 0 0 0 0 0 0 0 0 0 0 0 0 0 0 0 0 0 0 0 0 0 0 0 0 0 0 0 0 0 0 0 0 0 0 0 0 0 0 0 0 0 0 0 0 0 0 0 0 0 0 0 0 0 0 0 0 0 0 0 0 0 0 0 0 0 0 0 0 0 0 0 0 0 0 0 0 0 0 0 0 0 0 0 0 0 0 0 0 0 0 0 0 0 0 0 0 0 0 0 0 0 0 0 0 0 0 0 0 0 0 0 0 0 0 0 0 0 0 0 0 0 0 0 0 0 0 0 0 0 0 0 0 0 0 0 0 0 0 0 0 0 0 0 0 0 0 0 0 0 0 0 0 0 0 0 0 0 0 0 0 0 0 0 0 0 0 0 0 0 0 0 0 0 0 0 0 0 0 0 0 0 0 0 0 0 0 0 0 0 0 0 0 0 0 0 0 0 0 0 0 0 0 0 0 0 0 0 0 0 0 0 0 0 0 0 0 0 0 0 0 0 0 0 0 0 0 0 0 0 0 0 0 0 0 0 0 0 0 0 0 0 0 0 0 0 0 0 0 0 0 0 0 0 0 0 0 0 0 0 0 0 0 0 0 0 0 0 0 0 0 0 0 0 0 0 0 0 0 0 0 0 0 0 0 0 0 0 0 0 0 0 0 0 0 0 0 0 0 0 0 0 0 0 0 0 0 0 0 0 0 0 0 0 0 0 0 0 0 0 0 0 0 0 0 0 0 0 0 0 0 0 0 0 0 0 0 0 0 0 0 0 0 0 0 0 0 0 0 0 0 0 0 0 0 0 0 0 0 0 0 0 0 0 0 0 0 0 0 0 0 0 0 0 0 0 0 0 0 0 0 0 0 0 0 0 0 0 0 0 0 0 0 0 0 0 0 0 0 0 0 0 0 0 0 0 0 0 0 0 0 0 0 0 0 0 0 0 0 0 0 0 0 0 0 0 0 0 0 0 0 0 0 0 0 0 0 0 0 0 0 0 0 0 0 0 0 0 0 0 0 0 0 0 0 0 0 0 0 0 0 0 0 0 0 0 0 0 0 0 0 0 0 0 0 0 0 0 0 0 0 0 0 0 0 0 0 0 0 0 0 0 0 0 0 0 0 0 0 0 0 0 0 0 0 0 0 0 0 0 0 0 0 0 0 0 0 0 0 0 0 0 0 0 0 0 0 0 0 0 0 0 0 0 0 0 0 0 0 0 0 0 0 0 0 0 0 0 0 0 0 0 0 0 0 0 0 0 0 0 0 0 0 0 0 0 0 0 0 0 0 0 0 0 0 0 0 0 0 0 0 0 0 0 0 0 0 0 0 0 0 0 0 0 0 0 0 0 0 0 0 0 0 0 0 0 0 0 0 0 0 0 0 0 0 0 0 0 0 0 0 0 0 0 0 0 0 0 0 0 0 0 0 0 0 0 0 0 0 0 0 0 0 0 0 0 0 0 0 0 0 0 0 0 0 0 0 0 0 0 0 0 0 0 0 0 0 0 0 0 0 0 0 0 0 0 0 0 0 0 0 0 0 0 0 0 0 0 0 0 0 0 0 0 0 0 0 0 0 0 0 0 0 0 0 0 0 0 0 0 0 0 0 0 0 0 0 0 0 0 0 0 0 0 0 0 0 0 0 0 0 0 0 0 0 0 0 0 0 0 0 0 0 0 0 0 0 0 0 0 0 0 0 0 0 0 0 0 0 0 0 0 0 0 0 0 0 0 0 0 0 0 0 0 0 0 0 0 0 0 0 0 0 0 0 0 0 0 0 0 0 0 0 0 0 0 0 0 0 0 0 0 0 0 0 0 0 0 0 0 0 0 0 0 0 0 0 0 0 0 0 0 0 0 0 0 0 0 0 0 0 0 0 0 0 0 0 0 0 0 0 0 0 0 0 0 0 0 0 0 0 0 0 0 0 0 0 0 0 0 0 0 0 0 0 0 0 0 0 0 0 0 0 0 0 0 0 0 0 0 0 0 0 0 0 0 0 0 0 0 0 0 0 0 0 0 0 0 0 0 0 0 0 0 0 0 0 0 0 0 0 0 0 0 0 0 0 0 0 0 0 0 0 0 0 0 0 0 0 0 0 0 0 0 0 0 0 0 0 0 0 0 0 0 0 0 0 0 0 0
ctxt 1550107051
btime 1790630938
processes 118592
procs_running 9
procs_blocked 0
softirq 1371259179 73526 2793399 1667654 1324321640 148892 0 9417366 20066087 410 12770205
## client-stat
cpu  802990362 23598936 303528611 93438015726 610722469 0 8905772 0 0 0
cpu0 29447702 224394 7364117 1619938616 8331295 0 166524 0 0 0
cpu1 29267264 432889 7646494 1649269572 11021841 0 56540 0 0 0
cpu2 28200861 463108 7595530 1652808726 10878564 0 37426 0 0 0
cpu3 25944362 484906 6795490 1656262955 11039461 0 31583 0 0 0
cpu4 22370412 490414 6377103 1660325475 11076952 0 31106 0 0 0
cpu5 19970769 494023 5982484 1662928269 11317491 0 29277 0 0 0
cpu6 17828588 497511 5641854 1665555907 11192094 0 29458 0 0 0
cpu7 16614966 487783 5481216 1666990599 11171449 0 27488 0 0 0
cpu8 15341511 485635 5288577 1668212247 11408744 0 27521 0 0 0
cpu9 14907876 489844 5257842 1668704247 11338835 0 27679 0 0 0
cpu10 14409005 472357 5139378 1669213570 11495486 0 26912 0 0 0
cpu11 14133890 465792 5151253 1669215728 11700080 0 28066 0 0 0
cpu12 14189928 458188 5274103 1669328543 11397657 0 27138 0 0 0
cpu13 12800592 425511 5436652 1668773283 9922624 0 1898487 0 0 0
cpu14 31525108 477236 7840596 1650106735 10085336 0 177191 0 0 0
cpu15 21119143 503934 6808483 1660881582 10896806 0 175511 0 0 0
cpu16 17756106 491819 6319085 1664598265 11133823 0 175867 0 0 0
cpu17 14933366 500066 5676738 1668366306 10904760 0 170901 0 0 0
cpu18 13594009 505884 5525288 1670081700 10640538 0 175203 0 0 0
cpu19 12938225 472687 5422281 1670849644 10655453 0 174194 0 0 0
cpu20 13089517 493492 5356038 1670735520 10658122 0 175469 0 0 0
cpu21 12211845 482428 5343541 1671501593 10771620 0 173770 0 0 0
cpu22 11983211 482914 5345465 1671424537 11081823 0 175644 0 0 0
cpu23 11695527 471865 5195343 1672171049 10734806 0 174687 0 0 0
cpu24 11732574 448076 5198406 1671889006 11041972 0 172996 0 0 0
cpu25 11558459 450839 5262115 1672360412 10684702 0 180229 0 0 0
cpu26 12011184 478046 5302577 1671789519 10628127 0 182146 0 0 0
cpu27 13883277 464459 5490775 1669451733 10979943 0 179370 0 0 0
cpu28 18769297 361854 5861500 1658283645 9964380 0 1272348 0 0 0
cpu29 13428085 381424 5533443 1669068694 11673635 0 64537 0 0 0
cpu30 12752946 342093 5331082 1670910305 11247315 0 27785 0 0 0
cpu31 11677629 306256 5012537 1672855705 10869007 0 25123 0 0 0
cpu32 10895569 292303 4887421 1673269979 11397159 0 24965 0 0 0
cpu33 10507744 294659 4791699 1673073916 12114846 0 24531 0 0 0
cpu34 10108549 300801 4687854 1673731066 11872731 0 23650 0 0 0
cpu35 9691114 288349 4581641 1674432859 11825270 0 25297 0 0 0
cpu36 9561986 287721 4480956 1674953781 11575422 0 23545 0 0 0
cpu37 9403119 302139 4461349 1675127844 11595872 0 23282 0 0 0
cpu38 9341925 311327 4414065 1675495002 11334835 0 23437 0 0 0
cpu39 9403594 310554 4507050 1675266312 11304738 0 24209 0 0 0
cpu40 9357735 306218 4534256 1675496519 11111691 0 25038 0 0 0
cpu41 9761078 317785 4535287 1674800753 11289867 0 24621 0 0 0
cpu42 13911403 443034 5480943 1670148761 10331997 0 172707 0 0 0
cpu43 11931451 434858 5193829 1672280780 10395156 0 169192 0 0 0
cpu44 11768201 425576 5252032 1672612454 10306611 0 169466 0 0 0
cpu45 11246298 430940 5016275 1673283807 10414987 0 163043 0 0 0
cpu46 11128583 431394 5010684 1673309884 10520815 0 164636 0 0 0
cpu47 10943995 452452 5033946 1673337730 10626250 0 165516 0 0 0
cpu48 11672089 439673 5003025 1672743796 10596941 0 164780 0 0 0
cpu49 11121822 416764 5036285 1673464215 10393373 0 167872 0 0 0
cpu50 11067500 440746 5001640 1673166481 10735949 0 166507 0 0 0
cpu51 11323363 447564 5006822 1673069751 10531541 0 169082 0 0 0
cpu52 11034643 446614 4996731 1673195918 10709925 0 169296 0 0 0
cpu53 11096456 432568 5078431 1673214621 10559401 0 176156 0 0 0
cpu54 11463388 425131 5053596 1672801560 10642493 0 173440 0 0 0
cpu55 13161499 432016 5225385 1670884225 10589829 0 173301 0 0 0
intr 106389450164 74 4 0 0 0 0 0 0 0 0 0 0 6 0 0 0 0 360 213 2556263437 0 0 0 0 0 0 0 0 0 0 0 0 0 0 0 0 0 2395969007 426519025 8318588 677 278 24496490 0 0 0 0 0 0 0 0 0 0 0 0 0 0 0 0 0 0 0 0 0 0 0 0 0 0 0 0 0 0 0 0 0 0 0 0 0 0 0 0 0 0 0 0 0 0 0 0 0 0 0 0 0 0 0 0 0 0 0 0 0 0 0 0 0 0 0 0 0 0 0 0 0 0 0 0 0 0 0 0 0 0 0 0 0 0 0 0 0 0 0 0 0 0 0 0 0 0 0 0 0 0 0 0 0 0 0 0 0 0 0 0 0 0 0 0 0 0 0 0 0 0 0 0 0 0 0 0 0 0 0 0 0 0 0 0 0 0 0 0 0 0 0 0 0 0 0 0 0 0 0 0 0 0 0 0 0 0 0 0 0 0 0 0 0 0 0 0 0 0 0 0 0 0 0 0 0 0 0 0 0 0 0 0 0 0 0 0 0 0 0 0 0 0 0 0 0 0 0 0 0 0 0 0 0 0 0 0 0 0 0 0 0 0 0 0 0 0 0 0 0 0 0 0 0 0 0 0 0 0 0 0 0 0 0 0 0 0 0 0 0 0 0 0 0 0 0 0 0 0 0 0 0 0 0 0 0 0 0 0 0 0 0 0 0 0 0 0 0 0 0 0 0 0 0 0 0 0 0 0 0 0 0 0 0 0 0 0 0 0 0 0 0 0 0 0 0 0 0 0 0 0 0 0 0 0 0 0 0 0 0 0 0 0 0 0 0 0 0 0 0 0 0 0 0 0 0 0 0 0 0 0 0 0 0 0 0 0 0 0 0 0 0 0 0 0 0 0 0 0 0 0 0 0 0 0 0 0 0 0 0 0 0 0 0 0 0 0 0 0 0 0 0 0 0 0 0 0 0 0 0 0 0 0 0 0 0 0 0 0 0 0 0 0 0 0 0 0 0 0 0 0 0 0 0 0 0 0 0 0 0 0 0 0 0 0 0 0 0 0 0 0 0 0 0 0 0 0 0 0 0 0 0 0 0 0 0 0 0 0 0 0 0 0 0 0 0 0 0 0 0 0 0 0 0 0 0 0 0 0 0 0 0 0 0 0 0 0 0 0 0 0 0 0 0 0 0 0 0 0 0 0 0 0 0 0 0 0 0 0 0 0 0 0 0 0 0 0 0 0 0 0 0 0 0 0 0 0 0 0 0 0 0 0 0 0 0 0 0 0 0 0 0 0 0 0 0 0 0 0 0 0 0 0 0 0 0 0 0 0 0 0 0 0 0 0 0 0 0 0 0 0 0 0 0 0 0 0 0 0 0 0 0 0 0 0 0 0 0 0 0 0 0 0 0 0 0 0 0 0 0 0 0 0 0 0 0 0 0 0 0 0 0 0 0 0 0 0 0 0 0 0 0 0 0 0 0 0 0 0 0 0 0 0 0 0 0 0 0 0 0 0 0 0 0 0 0 0 0 0 0 0 0 0 0 0 0 0 0 0 0 0 0 0 0 0 0 0 0 0 0 0 0 0 0 0 0 0 0 0 0 0 0 0 0 0 0 0 0 0 0 0 0 0 0 0 0 0 0 0 0 0 0 0 0 0 0 0 0 0 0 0 0 0 0 0 0 0 0 0 0 0 0 0 0 0 0 0 0 0 0 0 0 0 0 0 0 0 0 0 0 0 0 0 0 0 0 0 0 0 0 0 0 0 0 0 0 0 0 0 0 0 0 0 0 0 0 0 0 0 0 0 0 0 0 0 0 0 0 0 0 0 0 0 0 0 0 0 0 0 0 0 0 0 0 0 0 0 0 0 0 0 0 0 0 0 0 0 0 0 0 0 0 0 0 0 0 0 0 0 0 0 0 0 0 0 0 0 0 0 0 0 0 0 0 0 0 0 0 0 0 0 0 0 0 0 0 0 0 0 0 0 0 0 0 0 0 0 0 0 0 0 0 0 0 0 0 0 0 0 0 0 0 0 0 0 0 0 0 0 0 0 0 0 0 0 0 0 0 0 0 0 0 0 0 0 0 0 0 0 0 0 0 0 0 0 0 0 0 0 0 0 0 0 0 0 0 0 0 0 0 0 0 0 0 0 0 0 0 0 0 0 0 0 0 0 0 0 0 0 0 0 0 0 0 0 0 0 0 0 0 0 0 0 0 0 0 0 0 0 0 0 0 0 0 0 0 0 0 0 0 0 0 0 0 0 0 0 0 0 0 0 0 0 0 0 0 0 0 0 0 0 0 0 0 0 0 0 0 0 0 0 0 0 0 0 0 0 0 0 0 0 0 0 0 0 0 0 0 0 0 0 0 0 0 0 0 0 0 0 0 0 0 0 0 0 0 0 0 0 0 0 0 0 0 0 0 0 0 0 0 0 0 0 0 0 0 0 0 0 0 0 0 0 0 0 0 0 0 0 0 0 0 0 0 0 0 0 0 0 0 0 0 0 0 0 0 0 0 0 0 0 0 0 0 0 0 0 0 0 0 0 0 0 0 0 0 0 0 0 0 0 0 0 0 0 0 0 0 0 0 0 0 0 0 0 0 0 0 0 0 0 0 0 0 0 0 0 0 0 0 0 0 0 0 0 0 0 0 0 0 0 0 0 0 0 0 0 0 0 0 0 0 0 0 0 0 0 0 0 0 0 0 0 0 0 0 0 0 0 0 0 0 0 0 0 0 0 0 0 0 0 0 0 0 0 0 0 0 0 0 0 0 0 0 0 0 0 0 0 0 0 0 0 0 0 0 0 0 0 0 0 0 0 0 0 0 0 0 0 0 0 0 0 0 0 0 0 0 0 0 0 0 0 0 0 0 0 0 0 0 0 0 0 0 0 0 0 0 0 0 0 0 0 0 0 0 0 0 0 0 0 0 0 0 0 0 0 0 0 0 0 0 0 0 0 0 0 0 0 0 0 0 0 0 0 0 0 0 0 0 0 0 0 0 0 0 0 0 0 0 0 0 0 0 0 0 0 0 0 0 0 0 0 0 0 0 0 0 0 0 0 0 0 0 0 0 0 0 0 0 0 0 0 0 0 0 0 0 0 0 0 0 0 0 0 0 0 0 0 0 0 0 0 0 0 0 0 0 0 0 0 0 0 0 0 0 0 0 0 0 0 0 0 0 0 0 0 0 0 0 0 0 0 0 0 0 0 0 0 0 0 0 0 0 0 0 0 0 0 0 0 0 0 0 0 0 0 0 0 0 0 0 0 0 0 0 0 0 0 0 0 0 0 0 0 0 0 0 0 0 0 0 0 0 0 0 0 0 0 0 0 0 0 0 0 0 0 0 0 0 0 0 0 0 0 0 0 0 0 0 0 0 0 0 0 0 0 0 0 0 0 0 0 0 0 0 0 0 0 0 0 0 0 0 0 0 0 0 0 0 0 0 0 0 0 0 0 0 0 0 0 0 0 0 0 0 0 0 0 0 0 0 0 0 0 0 0 0 0 0 0 0 0 0 0 0 0 0 0 0 0 0 0 0 0 0 0 0 0 0 0 0 0 0 0 0 0 0 0 0 0 0 0 0 0 0 0 0 0 0 0 0 0 0 0 0 0 0 0 0 0 0 0 0 0 0 0 0 0 0 0 0 0 0 0 0 0 0 0 0 0 0 0 0 0 0 0 0 0 0 0 0 0 0 0 0 0 0 0 0 0 0 0 0 0 0 0 0 0 0 0 0 0 0 0 0 0 0 0 0 0 0 0 0 0 0 0 0 0 0 0 0 0 0 0 0 0 0 0 0 0 0 0 0
ctxt 208383380404
btime 1773600682
processes 94931492
procs_running 12
procs_blocked 0
softirq 43077088581 256 2278826648 38897948 922393728 1476337919 0 2936458248 576007688 5109161 483318617
--
cpu  802992670 23598936 303537733 93438044199 610722586 0 8909185 0 0 0
cpu0 29447726 224394 7364209 1619939196 8331299 0 166550 0 0 0
cpu1 29267313 432889 7646654 1649270089 11021843 0 56583 0 0 0
cpu2 28200907 463108 7595690 1652809241 10878570 0 37469 0 0 0
cpu3 25944409 484906 6795653 1656263470 11039469 0 31625 0 0 0
cpu4 22370458 490414 6377263 1660326001 11076952 0 31148 0 0 0
cpu5 19970819 494023 5982646 1662928791 11317491 0 29319 0 0 0
cpu6 17828633 497511 5642012 1665556412 11192126 0 29506 0 0 0
cpu7 16615017 487783 5481382 1666991123 11171449 0 27530 0 0 0
cpu8 15341554 485635 5288739 1668212775 11408744 0 27567 0 0 0
cpu9 14907925 489844 5258003 1668704774 11338835 0 27720 0 0 0
cpu10 14409053 472357 5139536 1669214099 11495486 0 26952 0 0 0
cpu11 14133933 465792 5151419 1669216254 11700080 0 28109 0 0 0
cpu12 14189972 458188 5274264 1669329072 11397657 0 27181 0 0 0
cpu13 12800639 425511 5436820 1668773806 9922624 0 1898531 0 0 0
cpu14 31525151 477236 7840768 1650107239 10085336 0 177244 0 0 0
cpu15 21119176 503934 6808650 1660882100 10896806 0 175569 0 0 0
cpu16 17756147 491819 6319258 1664598772 11133823 0 175921 0 0 0
cpu17 14933404 500066 5676912 1668366814 10904760 0 170948 0 0 0
cpu18 13594047 505884 5525464 1670082212 10640538 0 175255 0 0 0
cpu19 12938262 472687 5422448 1670850163 10655453 0 174250 0 0 0
cpu20 13089555 493492 5356209 1670736031 10658122 0 175518 0 0 0
cpu21 12211882 482428 5343717 1671502106 10771620 0 173824 0 0 0
cpu22 11983253 482914 5345632 1671425049 11081823 0 175694 0 0 0
cpu23 11695569 471865 5195516 1672171559 10734809 0 174737 0 0 0
cpu24 11732607 448076 5198563 1671889535 11041972 0 173055 0 0 0
cpu25 11558502 450839 5262298 1672360914 10684702 0 180283 0 0 0
cpu26 12011225 478046 5302758 1671790023 10628127 0 182200 0 0 0
cpu27 13883321 464459 5490952 1669452232 10979943 0 179423 0 0 0
cpu28 18769297 361854 5861500 1658283645 9964380 0 1273148 0 0 0
cpu29 13428133 381424 5533604 1669069224 11673635 0 64577 0 0 0
cpu30 12752988 342093 5331242 1670910837 11247315 0 27829 0 0 0
cpu31 11677673 306256 5012693 1672856226 10869021 0 25166 0 0 0
cpu32 10895610 292303 4887577 1673270515 11397159 0 25007 0 0 0
cpu33 10507787 294659 4791853 1673074416 12114879 0 24572 0 0 0
cpu34 10108591 300801 4688019 1673731597 11872731 0 23693 0 0 0
cpu35 9691157 288349 4581804 1674433384 11825272 0 25341 0 0 0
cpu36 9562029 287721 4481113 1674954311 11575427 0 23586 0 0 0
cpu37 9403164 302139 4461499 1675128373 11595876 0 23323 0 0 0
cpu38 9341974 311327 4414215 1675495542 11334835 0 23480 0 0 0
cpu39 9403634 310554 4507212 1675266839 11304740 0 24252 0 0 0
cpu40 9357781 306218 4534406 1675497050 11111693 0 25084 0 0 0
cpu41 9761122 317785 4535455 1674801277 11289867 0 24666 0 0 0
cpu42 13911448 443034 5481116 1670149266 10331997 0 172755 0 0 0
cpu43 11931488 434858 5194007 1672281286 10395156 0 169245 0 0 0
cpu44 11768241 425576 5252215 1672612956 10306611 0 169523 0 0 0
cpu45 11246336 430940 5016439 1673284327 10414987 0 163095 0 0 0
cpu46 11128621 431394 5010855 1673310391 10520815 0 164690 0 0 0
cpu47 10944033 452452 5034122 1673338239 10626250 0 165569 0 0 0
cpu48 11672130 439673 5003193 1672744304 10596941 0 164830 0 0 0
cpu49 11121860 416764 5036466 1673464723 10393373 0 167928 0 0 0
cpu50 11067539 440746 5001810 1673166997 10735949 0 166555 0 0 0
cpu51 11323402 447564 5006997 1673070264 10531541 0 169132 0 0 0
cpu52 11034687 446614 4996916 1673196417 10709925 0 169348 0 0 0
cpu53 11096497 432568 5078607 1673215127 10559401 0 176210 0 0 0
cpu54 11463421 425131 5053773 1672802068 10642493 0 173494 0 0 0
cpu55 13161543 432016 5225567 1670884719 10589829 0 173352 0 0 0
intr 106390118679 74 4 0 0 0 0 0 0 0 0 0 0 6 0 0 0 0 360 213 2556264702 0 0 0 0 0 0 0 0 0 0 0 0 0 0 0 0 0 2395969009 426519347 8318592 677 278 24496490 0 0 0 0 0 0 0 0 0 0 0 0 0 0 0 0 0 0 0 0 0 0 0 0 0 0 0 0 0 0 0 0 0 0 0 0 0 0 0 0 0 0 0 0 0 0 0 0 0 0 0 0 0 0 0 0 0 0 0 0 0 0 0 0 0 0 0 0 0 0 0 0 0 0 0 0 0 0 0 0 0 0 0 0 0 0 0 0 0 0 0 0 0 0 0 0 0 0 0 0 0 0 0 0 0 0 0 0 0 0 0 0 0 0 0 0 0 0 0 0 0 0 0 0 0 0 0 0 0 0 0 0 0 0 0 0 0 0 0 0 0 0 0 0 0 0 0 0 0 0 0 0 0 0 0 0 0 0 0 0 0 0 0 0 0 0 0 0 0 0 0 0 0 0 0 0 0 0 0 0 0 0 0 0 0 0 0 0 0 0 0 0 0 0 0 0 0 0 0 0 0 0 0 0 0 0 0 0 0 0 0 0 0 0 0 0 0 0 0 0 0 0 0 0 0 0 0 0 0 0 0 0 0 0 0 0 0 0 0 0 0 0 0 0 0 0 0 0 0 0 0 0 0 0 0 0 0 0 0 0 0 0 0 0 0 0 0 0 0 0 0 0 0 0 0 0 0 0 0 0 0 0 0 0 0 0 0 0 0 0 0 0 0 0 0 0 0 0 0 0 0 0 0 0 0 0 0 0 0 0 0 0 0 0 0 0 0 0 0 0 0 0 0 0 0 0 0 0 0 0 0 0 0 0 0 0 0 0 0 0 0 0 0 0 0 0 0 0 0 0 0 0 0 0 0 0 0 0 0 0 0 0 0 0 0 0 0 0 0 0 0 0 0 0 0 0 0 0 0 0 0 0 0 0 0 0 0 0 0 0 0 0 0 0 0 0 0 0 0 0 0 0 0 0 0 0 0 0 0 0 0 0 0 0 0 0 0 0 0 0 0 0 0 0 0 0 0 0 0 0 0 0 0 0 0 0 0 0 0 0 0 0 0 0 0 0 0 0 0 0 0 0 0 0 0 0 0 0 0 0 0 0 0 0 0 0 0 0 0 0 0 0 0 0 0 0 0 0 0 0 0 0 0 0 0 0 0 0 0 0 0 0 0 0 0 0 0 0 0 0 0 0 0 0 0 0 0 0 0 0 0 0 0 0 0 0 0 0 0 0 0 0 0 0 0 0 0 0 0 0 0 0 0 0 0 0 0 0 0 0 0 0 0 0 0 0 0 0 0 0 0 0 0 0 0 0 0 0 0 0 0 0 0 0 0 0 0 0 0 0 0 0 0 0 0 0 0 0 0 0 0 0 0 0 0 0 0 0 0 0 0 0 0 0 0 0 0 0 0 0 0 0 0 0 0 0 0 0 0 0 0 0 0 0 0 0 0 0 0 0 0 0 0 0 0 0 0 0 0 0 0 0 0 0 0 0 0 0 0 0 0 0 0 0 0 0 0 0 0 0 0 0 0 0 0 0 0 0 0 0 0 0 0 0 0 0 0 0 0 0 0 0 0 0 0 0 0 0 0 0 0 0 0 0 0 0 0 0 0 0 0 0 0 0 0 0 0 0 0 0 0 0 0 0 0 0 0 0 0 0 0 0 0 0 0 0 0 0 0 0 0 0 0 0 0 0 0 0 0 0 0 0 0 0 0 0 0 0 0 0 0 0 0 0 0 0 0 0 0 0 0 0 0 0 0 0 0 0 0 0 0 0 0 0 0 0 0 0 0 0 0 0 0 0 0 0 0 0 0 0 0 0 0 0 0 0 0 0 0 0 0 0 0 0 0 0 0 0 0 0 0 0 0 0 0 0 0 0 0 0 0 0 0 0 0 0 0 0 0 0 0 0 0 0 0 0 0 0 0 0 0 0 0 0 0 0 0 0 0 0 0 0 0 0 0 0 0 0 0 0 0 0 0 0 0 0 0 0 0 0 0 0 0 0 0 0 0 0 0 0 0 0 0 0 0 0 0 0 0 0 0 0 0 0 0 0 0 0 0 0 0 0 0 0 0 0 0 0 0 0 0 0 0 0 0 0 0 0 0 0 0 0 0 0 0 0 0 0 0 0 0 0 0 0 0 0 0 0 0 0 0 0 0 0 0 0 0 0 0 0 0 0 0 0 0 0 0 0 0 0 0 0 0 0 0 0 0 0 0 0 0 0 0 0 0 0 0 0 0 0 0 0 0 0 0 0 0 0 0 0 0 0 0 0 0 0 0 0 0 0 0 0 0 0 0 0 0 0 0 0 0 0 0 0 0 0 0 0 0 0 0 0 0 0 0 0 0 0 0 0 0 0 0 0 0 0 0 0 0 0 0 0 0 0 0 0 0 0 0 0 0 0 0 0 0 0 0 0 0 0 0 0 0 0 0 0 0 0 0 0 0 0 0 0 0 0 0 0 0 0 0 0 0 0 0 0 0 0 0 0 0 0 0 0 0 0 0 0 0 0 0 0 0 0 0 0 0 0 0 0 0 0 0 0 0 0 0 0 0 0 0 0 0 0 0 0 0 0 0 0 0 0 0 0 0 0 0 0 0 0 0 0 0 0 0 0 0 0 0 0 0 0 0 0 0 0 0 0 0 0 0 0 0 0 0 0 0 0 0 0 0 0 0 0 0 0 0 0 0 0 0 0 0 0 0 0 0 0 0 0 0 0 0 0 0 0 0 0 0 0 0 0 0 0 0 0 0 0 0 0 0 0 0 0 0 0 0 0 0 0 0 0 0 0 0 0 0 0 0 0 0 0 0 0 0 0 0 0 0 0 0 0 0 0 0 0 0 0 0 0 0 0 0 0 0 0 0 0 0 0 0 0 0 0 0 0 0 0 0 0 0 0 0 0 0 0 0 0 0 0 0 0 0 0 0 0 0 0 0 0 0 0 0 0 0 0 0 0 0 0 0 0 0 0 0 0 0 0 0 0 0 0 0 0 0 0 0 0 0 0 0 0 0 0 0 0 0 0 0 0 0 0 0 0 0 0 0 0 0 0 0 0 0 0 0 0 0 0 0 0 0 0 0 0 0 0 0 0 0 0 0 0 0 0 0 0 0 0 0 0 0 0 0 0 0 0 0 0 0 0 0 0 0 0 0 0 0 0 0 0 0 0 0 0 0 0 0 0 0 0 0 0 0 0 0 0 0 0 0 0 0 0 0 0 0 0 0 0 0 0 0 0 0 0 0 0 0 0 0 0 0 0 0 0 0 0 0 0 0 0 0 0 0 0 0 0 0 0 0 0 0 0 0 0 0 0 0 0 0 0 0 0 0 0 0 0 0 0 0 0 0 0 0 0 0 0 0 0 0 0 0 0 0 0 0 0 0 0 0 0 0 0 0 0 0 0 0 0 0 0 0 0 0 0 0 0 0 0 0 0 0 0 0 0 0 0 0 0 0 0 0 0 0 0 0 0 0 0 0 0 0 0 0 0 0 0 0 0 0 0 0 0 0 0 0 0 0 0 0 0 0 0 0 0 0 0 0 0 0 0 0 0 0 0 0 0 0 0 0 0 0 0 0 0 0 0 0 0 0 0 0 0 0 0 0 0 0 0 0 0 0 0 0 0 0 0 0 0 0 0 0 0 0 0 0 0 0 0 0 0 0 0 0 0 0 0 0 0 0 0 0 0 0 0 0 0 0 0 0 0 0 0 0 0 0 0 0 0 0 0 0 0 0 0 0 0 0 0 0 0 0 0 0 0 0
ctxt 208388011151
btime 1773600682
processes 94931531
procs_running 16
procs_blocked 0
softirq 43078686729 256 2278828434 38910745 923761755 1476338817 0 2936459927 576157784 5109161 483381482
