Running 10s test @ http://192.168.10.15:18500/wait
  32 threads and 512 connections
  Thread Stats   Avg      Stdev     Max   +/- Stdev
    Latency    10.80ms  218.34us  13.41ms   67.66%
    Req/Sec     1.48k    23.42     1.58k    65.67%
  Latency Distribution
     50%   10.81ms
     75%   10.94ms
     90%   11.08ms
     99%   11.37ms
  475748 requests in 10.10s, 57.62MB read
Requests/sec:  47099.36
Transfer/sec:      5.70MB
## drops 0 0
## server-stat
cpu  1370703 488 707833 10771128 31972 0 269067 0 0 0
cpu0 46462 8 21071 337790 830 0 9092 0 0 0
cpu1 46894 10 20898 339116 572 0 8677 0 0 0
cpu2 47164 8 20777 339334 376 0 8596 0 0 0
cpu3 47953 11 21228 337259 1184 0 8635 0 0 0
cpu4 48278 10 21017 337575 723 0 8724 0 0 0
cpu5 47881 10 20901 338451 360 0 8595 0 0 0
cpu6 47283 8 20799 339169 354 0 8578 0 0 0
cpu7 46204 7 20557 340539 226 0 8393 0 0 0
cpu8 30603 14 22091 346474 1068 0 5661 0 0 0
cpu9 33873 16 22630 340820 2417 0 5889 0 0 0
cpu10 33080 15 22529 343201 1207 0 6006 0 0 0
cpu11 31489 12 21798 347487 661 0 5675 0 0 0
cpu12 49319 84 23262 325190 3074 0 6127 0 0 0
cpu13 48191 15 23543 326517 2454 0 6274 0 0 0
cpu14 31339 11 21411 349326 871 0 5548 0 0 0
cpu15 29766 11 20115 353393 653 0 5062 0 0 0
cpu16 51116 6 21793 334377 369 0 8822 0 0 0
cpu17 51174 6 21864 333215 1262 0 8874 0 0 0
cpu18 50958 7 21751 334554 288 0 8777 0 0 0
cpu19 52560 8 22326 331563 665 0 9078 0 0 0
cpu20 52854 10 22267 331561 703 0 9063 0 0 0
cpu21 50949 7 21736 334030 607 0 8852 0 0 0
cpu22 49740 8 21673 334136 338 0 8754 0 0 0
cpu23 48207 10 21305 337324 303 0 8638 0 0 0
cpu24 34190 15 22644 344438 859 0 6174 0 0 0
cpu25 36782 17 24491 335766 1612 0 7127 0 0 0
cpu26 35757 15 24139 337774 1284 0 6966 0 0 0
cpu27 30770 8 21619 337680 1128 0 12662 0 0 0
cpu28 47749 24 25305 312381 1957 0 15528 0 0 0
cpu29 49497 63 25584 309562 1936 0 15633 0 0 0
cpu30 29636 10 21837 337376 842 0 12463 0 0 0
cpu31 32971 9 22860 343733 776 0 6111 0 0 0
intr 1193886561 126 0 0 0 0 0 0 0 0 1 0 0 0 0 0 0 0 0 0 0 0 0 0 0 0 0 0 1 1 1 0 0 0 0 1 0 1 0 0 75045 0 0 0 0 0 0 0 0 411 0 0 0 0 0 0 0 0 87 0 0 0 0 0 0 0 0 0 0 0 0 0 0 0 144464 2 25440442 25382557 25343637 25464545 0 3532 2406 2947 1585 3093 2652 2075 2562 1481 10375 18292 10250 8271 13316 14978 11360 7435 2700 1796 1468 2370 2249 1945 1622 1627 8961 7238 5115 5824 6512 5837 6141 7991 0 0 0 0 616288 3045 1036 0 264 0 0 0 0 0 0 0 0 0 0 0 0 0 0 0 0 0 0 0 0 0 0 0 0 0 0 0 0 0 0 0 0 0 0 0 0 0 0 0 0 0 0 0 0 0 0 0 0 0 0 0 0 0 0 0 0 0 0 0 0 0 0 0 0 0 0 0 0 0 0 0 0 0 0 0 0 0 0 0 0 0 0 0 0 0 0 0 0 0 0 0 0 0 0 0 0 0 0 0 0 0 0 0 0 0 0 0 0 0 0 0 0 0 0 0 0 0 0 0 0 0 0 0 0 0 0 0 0 0 0 0 0 0 0 0 0 0 0 0 0 0 0 0 0 0 0 0 0 0 0 0 0 0 0 0 0 0 0 0 0 0 0 0 0 0 0 0 0 0 0 0 0 0 0 0 0 0 0 0 0 0 0 0 0 0 0 0 0 0 0 0 0 0 0 0 0 0 0 0 0 0 0 0 0 0 0 0 0 0 0 0 0 0 0 0 0 0 0 0 0 0 0 0 0 0 0 0 0 0 0 0 0 0 0 0 0 0 0 0 0 0 0 0 0 0 0 0 0 0 0 0 0 0 0 0 0 0 0 0 0 0 0 0 0 0 0 0 0 0 0 0 0 0 0 0 0 0 0 0 0 0 0 0 0 0 0 0 0 0 0 0 0 0 0 0 0 0 0 0 0 0 0 0 0 0 0 0 0 0 0 0 0 0 0 0 0 0 0 0 0 0 0 0 0 0 0 0 0 0 0 0 0 0 0 0 0 0 0 0 0 0 0 0 0 0 0 0 0 0 0 0 0 0 0 0 0 0 0 0 0 0 0 0 0 0 0 0 0 0 0 0 0 0 0 0 0 0 0 0 0 0 0 0 0 0 0 0 0 0 0 0 0 0 0 0 0 0 0 0 0 0 0 0 0 0 0 0 0 0 0 0 0 0 0 0 0 0 0 0 0 0 0 0 0 0 0 0 0 0 0 0 0 0 0 0 0 0 0 0 0 0 0 0 0 0 0 0 0 0 0 0 0 0 0 0 0 0 0 0 0 0 0 0 0 0 0 0 0 0 0 0 0 0 0 0 0 0 0 0 0 0 0 0 0 0 0 0 0 0 0 0 0 0 0 0 0 0 0 0 0 0 0 0 0 0 0 0 0 0 0 0 0 0 0 0 0 0 0 0 0 0 0 0 0 0 0 0 0 0 0 0 0 0 0 0 0 0 0 0 0 0 0 0 0 0 0 0 0 0 0 0 0 0 0 0 0 0 0 0 0 0 0 0 0 0 0 0 0 0 0 0 0 0 0 0 0 0 0 0 0 0 0 0 0 0 0 0 0 0 0 0 0 0 0 0 0 0 0 0 0 0 0 0 0 0 0 0 0 0 0 0 0 0 0 0 0 0 0 0 0 0 0 0 0 0 0 0 0 0 0 0 0 0 0 0 0 0 0 0 0 0 0 0 0 0 0 0 0 0 0 0 0 0 0 0 0 0 0 0 0 0 0 0 0 0 0 0 0 0 0 0 0 0 0 0 0 0 0 0 0 0 0 0 0 0 0 0 0 0 0 0 0 0 0 0 0 0 0 0 0 0 0 0 0 0 0 0 0 0 0 0 0 0 0 0 0 0 0 0 0 0 0 0 0 0 0 0 0 0 0 0 0 0 0 0 0 0 0 0 0 0 0 0 0 0 0 0 0 0 0 0 0 0 0 0 0 0 0 0 0 0 0 0 0 0 0 0 0 0 0 0 0 0 0 0 0 0 0 0 0 0 0 0 0 0 0 0 0 0 0 0 0 0 0 0 0 0 0 0 0 0 0 0 0 0 0 0 0 0 0 0 0 0 0 0 0 0 0 0 0 0 0 0 0 0 0 0 0 0 0 0 0 0 0 0 0 0 0 0 0 0 0 0 0 0 0 0 0 0 0 0 0 0 0 0 0 0 0 0 0 0 0 0 0 0 0 0 0 0 0 0 0 0 0 0 0 0 0 0 0 0 0 0 0 0 0 0 0 0 0 0 0 0 0 0 0 0 0 0 0 0 0 0 0 0 0 0 0 0 0 0 0 0 0 0 0 0 0 0 0 0 0 0 0 0 0 0 0 0 0 0 0 0 0 0 0 0 0 0 0 0 0 0 0 0 0 0 0 0 0 0 0 0 0 0 0 0 0 0 0 0 0 0 0 0 0 0 0 0 0 0 0 0 0 0 0 0 0 0 0 0 0 0 0 0 0 0 0 0 0 0 0 0 0 0 0 0 0 0 0 0 0 0 0 0 0 0 0 0 0 0 0 0 0 0 0 0 0 0 0 0 0 0 0 0 0 0 0 0 0 0 0 0 0 0 0 0 0 0 0 0 0 0 0 0 0 0 0 0 0 0 0 0 0 0 0 0 0 0 0 0 0 0 0 0 0 0 0 0 0 0 0 0 0 0 0 0 0 0 0 0 0 0 0 0 0 0 0 0 0 0 0 0 0 0 0 0 0 0 0 0 0
ctxt 1579726489
btime 1790630938
processes 121149
procs_running 1
procs_blocked 0
softirq 1389989393 73526 2899382 1736385 1342173619 150388 0 9423277 20445335 410 13087071
--
cpu  1371462 488 707959 10795626 31989 0 269103 0 0 0
cpu0 46463 8 21071 338583 830 0 9093 0 0 0
cpu1 46894 10 20898 339915 572 0 8677 0 0 0
cpu2 47164 8 20777 340133 376 0 8596 0 0 0
cpu3 47953 11 21229 338058 1184 0 8635 0 0 0
cpu4 48279 10 21018 338374 723 0 8724 0 0 0
cpu5 47881 10 20902 339250 360 0 8595 0 0 0
cpu6 47283 8 20799 339969 354 0 8578 0 0 0
cpu7 46204 7 20557 341339 226 0 8393 0 0 0
cpu8 30648 14 22098 347215 1068 0 5663 0 0 0
cpu9 33948 16 22643 341516 2417 0 5891 0 0 0
cpu10 33144 15 22540 343913 1207 0 6008 0 0 0
cpu11 31529 12 21805 348228 661 0 5676 0 0 0
cpu12 49393 84 23273 325885 3074 0 6129 0 0 0
cpu13 48270 15 23556 327207 2454 0 6277 0 0 0
cpu14 31376 11 21416 350079 871 0 5550 0 0 0
cpu15 29797 11 20120 354151 653 0 5063 0 0 0
cpu16 51116 6 21793 335177 369 0 8822 0 0 0
cpu17 51174 6 21864 334014 1263 0 8874 0 0 0
cpu18 50958 7 21751 335354 288 0 8777 0 0 0
cpu19 52561 8 22326 332362 665 0 9078 0 0 0
cpu20 52855 10 22268 332360 703 0 9063 0 0 0
cpu21 50949 7 21736 334830 607 0 8852 0 0 0
cpu22 49741 8 21673 334918 354 0 8754 0 0 0
cpu23 48207 10 21305 338124 303 0 8638 0 0 0
cpu24 34208 15 22647 345213 859 0 6175 0 0 0
cpu25 36823 17 24495 336513 1612 0 7127 0 0 0
cpu26 35787 16 24144 338533 1285 0 6968 0 0 0
cpu27 30780 8 21621 338457 1128 0 12663 0 0 0
cpu28 47822 24 25318 313072 1957 0 15533 0 0 0
cpu29 49585 63 25596 310235 1936 0 15640 0 0 0
cpu30 29666 10 21841 338127 842 0 12465 0 0 0
cpu31 32990 9 22865 344508 776 0 6112 0 0 0
intr 1194587628 126 0 0 0 0 0 0 0 0 1 0 0 0 0 0 0 0 0 0 0 0 0 0 0 0 0 0 1 1 1 0 0 0 0 1 0 1 0 0 75045 0 0 0 0 0 0 0 0 411 0 0 0 0 0 0 0 0 87 0 0 0 0 0 0 0 0 0 0 0 0 0 0 0 144622 2 25546384 25487964 25449003 25572637 0 3536 2406 2947 1585 3093 2652 2075 2562 1481 10375 18292 10250 8271 13316 14978 11360 7435 2700 1796 1471 2370 2249 1945 1622 1627 8961 7238 5116 5824 6512 5837 6141 7992 0 0 0 0 616288 3052 1036 0 264 0 0 0 0 0 0 0 0 0 0 0 0 0 0 0 0 0 0 0 0 0 0 0 0 0 0 0 0 0 0 0 0 0 0 0 0 0 0 0 0 0 0 0 0 0 0 0 0 0 0 0 0 0 0 0 0 0 0 0 0 0 0 0 0 0 0 0 0 0 0 0 0 0 0 0 0 0 0 0 0 0 0 0 0 0 0 0 0 0 0 0 0 0 0 0 0 0 0 0 0 0 0 0 0 0 0 0 0 0 0 0 0 0 0 0 0 0 0 0 0 0 0 0 0 0 0 0 0 0 0 0 0 0 0 0 0 0 0 0 0 0 0 0 0 0 0 0 0 0 0 0 0 0 0 0 0 0 0 0 0 0 0 0 0 0 0 0 0 0 0 0 0 0 0 0 0 0 0 0 0 0 0 0 0 0 0 0 0 0 0 0 0 0 0 0 0 0 0 0 0 0 0 0 0 0 0 0 0 0 0 0 0 0 0 0 0 0 0 0 0 0 0 0 0 0 0 0 0 0 0 0 0 0 0 0 0 0 0 0 0 0 0 0 0 0 0 0 0 0 0 0 0 0 0 0 0 0 0 0 0 0 0 0 0 0 0 0 0 0 0 0 0 0 0 0 0 0 0 0 0 0 0 0 0 0 0 0 0 0 0 0 0 0 0 0 0 0 0 0 0 0 0 0 0 0 0 0 0 0 0 0 0 0 0 0 0 0 0 0 0 0 0 0 0 0 0 0 0 0 0 0 0 0 0 0 0 0 0 0 0 0 0 0 0 0 0 0 0 0 0 0 0 0 0 0 0 0 0 0 0 0 0 0 0 0 0 0 0 0 0 0 0 0 0 0 0 0 0 0 0 0 0 0 0 0 0 0 0 0 0 0 0 0 0 0 0 0 0 0 0 0 0 0 0 0 0 0 0 0 0 0 0 0 0 0 0 0 0 0 0 0 0 0 0 0 0 0 0 0 0 0 0 0 0 0 0 0 0 0 0 0 0 0 0 0 0 0 0 0 0 0 0 0 0 0 0 0 0 0 0 0 0 0 0 0 0 0 0 0 0 0 0 0 0 0 0 0 0 0 0 0 0 0 0 0 0 0 0 0 0 0 0 0 0 0 0 0 0 0 0 0 0 0 0 0 0 0 0 0 0 0 0 0 0 0 0 0 0 0 0 0 0 0 0 0 0 0 0 0 0 0 0 0 0 0 0 0 0 0 0 0 0 0 0 0 0 0 0 0 0 0 0 0 0 0 0 0 0 0 0 0 0 0 0 0 0 0 0 0 0 0 0 0 0 0 0 0 0 0 0 0 0 0 0 0 0 0 0 0 0 0 0 0 0 0 0 0 0 0 0 0 0 0 0 0 0 0 0 0 0 0 0 0 0 0 0 0 0 0 0 0 0 0 0 0 0 0 0 0 0 0 0 0 0 0 0 0 0 0 0 0 0 0 0 0 0 0 0 0 0 0 0 0 0 0 0 0 0 0 0 0 0 0 0 0 0 0 0 0 0 0 0 0 0 0 0 0 0 0 0 0 0 0 0 0 0 0 0 0 0 0 0 0 0 0 0 0 0 0 0 0 0 0 0 0 0 0 0 0 0 0 0 0 0 0 0 0 0 0 0 0 0 0 0 0 0 0 0 0 0 0 0 0 0 0 0 0 0 0 0 0 0 0 0 0 0 0 0 0 0 0 0 0 0 0 0 0 0 0 0 0 0 0 0 0 0 0 0 0 0 0 0 0 0 0 0 0 0 0 0 0 0 0 0 0 0 0 0 0 0 0 0 0 0 0 0 0 0 0 0 0 0 0 0 0 0 0 0 0 0 0 0 0 0 0 0 0 0 0 0 0 0 0 0 0 0 0 0 0 0 0 0 0 0 0 0 0 0 0 0 0 0 0 0 0 0 0 0 0 0 0 0 0 0 0 0 0 0 0 0 0 0 0 0 0 0 0 0 0 0 0 0 0 0 0 0 0 0 0 0 0 0 0 0 0 0 0 0 0 0 0 0 0 0 0 0 0 0 0 0 0 0 0 0 0 0 0 0 0 0 0 0 0 0 0 0 0 0 0 0 0 0 0 0 0 0 0 0 0 0 0 0 0 0 0 0 0 0 0 0 0 0 0 0 0 0 0 0 0 0 0 0 0 0 0 0 0 0 0 0 0 0 0 0 0 0 0 0 0 0 0 0 0 0 0 0 0 0 0 0 0 0 0 0 0 0 0 0 0 0 0 0 0 0 0 0 0 0 0 0 0 0 0 0 0 0 0 0 0 0 0 0 0 0 0 0 0 0 0 0 0 0 0 0 0 0 0 0 0 0 0 0 0 0 0 0 0 0 0 0 0 0 0 0 0 0 0 0 0 0 0 0 0 0 0 0 0 0 0 0 0 0 0 0 0 0 0 0 0 0 0 0 0 0 0 0 0 0 0 0 0 0 0 0 0 0 0 0 0 0 0 0 0 0 0 0 0 0 0 0 0 0
ctxt 1580027910
btime 1790630938
processes 121188
procs_running 1
procs_blocked 0
softirq 1390604639 73526 2903881 1736503 1342759735 150551 0 9423293 20458320 410 13098420
## client-stat
cpu  803008739 23598936 303590138 93438376378 610724784 0 8929635 0 0 0
cpu0 29447947 224394 7364871 1619944912 8331310 0 166747 0 0 0
cpu1 29267644 432889 7647582 1649276052 11021854 0 56839 0 0 0
cpu2 28201189 463108 7596623 1652815224 10878665 0 37720 0 0 0
cpu3 25944720 484906 6796578 1656269369 11039655 0 31885 0 0 0
cpu4 22370758 490414 6378199 1660332054 11076988 0 31410 0 0 0
cpu5 19971154 494023 5983567 1662934712 11317638 0 29578 0 0 0
cpu6 17828950 497511 5642937 1665562402 11192223 0 29752 0 0 0
cpu7 16615317 487783 5482299 1666997209 11171478 0 27787 0 0 0
cpu8 15341853 485635 5289659 1668218844 11408785 0 27824 0 0 0
cpu9 14908230 489844 5258932 1668710848 11338866 0 27978 0 0 0
cpu10 14409338 472357 5140466 1669220173 11495531 0 27219 0 0 0
cpu11 14134214 465792 5152361 1669222333 11700101 0 28370 0 0 0
cpu12 14190247 458188 5275205 1669335147 11397696 0 27450 0 0 0
cpu13 12800939 425511 5437759 1668779837 9922648 0 1898813 0 0 0
cpu14 31525461 477236 7841729 1650113178 10085347 0 177569 0 0 0
cpu15 21119508 503934 6809640 1660888000 10896840 0 175886 0 0 0
cpu16 17756409 491819 6320231 1664604737 11133854 0 176235 0 0 0
cpu17 14933684 500066 5677880 1668372790 10904792 0 171262 0 0 0
cpu18 13594293 505884 5526448 1670088155 10640621 0 175572 0 0 0
cpu19 12938523 472687 5423411 1670856169 10655474 0 174567 0 0 0
cpu20 13089837 493492 5357183 1670742015 10658140 0 175816 0 0 0
cpu21 12212153 482428 5344688 1671508109 10771631 0 174133 0 0 0
cpu22 11983556 482914 5346597 1671430984 11081873 0 176000 0 0 0
cpu23 11695857 471865 5196505 1672177543 10734821 0 175042 0 0 0
cpu24 11732901 448076 5199536 1671895413 11042085 0 173368 0 0 0
cpu25 11558767 450839 5263254 1672366897 10684733 0 180617 0 0 0
cpu26 12011484 478046 5303793 1671795968 10628141 0 182510 0 0 0
cpu27 13883586 464459 5491951 1669458206 10979955 0 179740 0 0 0
cpu28 18769364 361854 5861701 1658285920 9964387 0 1277937 0 0 0
cpu29 13428399 381424 5534495 1669075301 11673721 0 64838 0 0 0
cpu30 12753288 342093 5332181 1670916909 11247356 0 28078 0 0 0
cpu31 11678029 306256 5013613 1672862276 10869061 0 25418 0 0 0
cpu32 10895904 292303 4888467 1673276629 11397196 0 25261 0 0 0
cpu33 10508099 294659 4792762 1673080488 12114923 0 24820 0 0 0
cpu34 10108904 300801 4688924 1673737689 11872763 0 23952 0 0 0
cpu35 9691452 288349 4582765 1674439429 11825338 0 25600 0 0 0
cpu36 9562355 287721 4481977 1674960357 11575522 0 23856 0 0 0
cpu37 9403482 302139 4462425 1675134456 11595906 0 23576 0 0 0
cpu38 9342285 311327 4415133 1675501611 11334868 0 23734 0 0 0
cpu39 9403995 310554 4508159 1675272821 11304793 0 24513 0 0 0
cpu40 9358062 306218 4535341 1675503128 11111732 0 25340 0 0 0
cpu41 9761421 317785 4536418 1674807326 11289904 0 24929 0 0 0
cpu42 13911717 443034 5482096 1670155225 10332028 0 173077 0 0 0
cpu43 11931766 434858 5194990 1672287243 10395177 0 169553 0 0 0
cpu44 11768503 425576 5253204 1672618932 10306632 0 169836 0 0 0
cpu45 11246615 430940 5017405 1673290300 10415027 0 163406 0 0 0
cpu46 11128871 431394 5011856 1673316410 10520815 0 164989 0 0 0
cpu47 10944299 452452 5035104 1673344245 10626266 0 165872 0 0 0
cpu48 11672416 439673 5004172 1672750308 10596942 0 165137 0 0 0
cpu49 11122133 416764 5037438 1673470721 10393389 0 168234 0 0 0
cpu50 11067804 440746 5002776 1673173017 10735972 0 166869 0 0 0
cpu51 11323677 447564 5007973 1673076224 10531601 0 169430 0 0 0
cpu52 11034959 446614 4997883 1673202433 10709928 0 169654 0 0 0
cpu53 11096789 432568 5079620 1673221070 10559416 0 176522 0 0 0
cpu54 11463768 425131 5054773 1672807965 10642493 0 173812 0 0 0
cpu55 13161837 432016 5226580 1670890636 10589855 0 173679 0 0 0
intr 106394785736 74 4 0 0 0 0 0 0 0 0 0 0 6 0 0 0 0 360 213 2556278516 0 0 0 0 0 0 0 0 0 0 0 0 0 0 0 0 0 2396220001 426521553 8318630 677 278 24496490 0 0 0 0 0 0 0 0 0 0 0 0 0 0 0 0 0 0 0 0 0 0 0 0 0 0 0 0 0 0 0 0 0 0 0 0 0 0 0 0 0 0 0 0 0 0 0 0 0 0 0 0 0 0 0 0 0 0 0 0 0 0 0 0 0 0 0 0 0 0 0 0 0 0 0 0 0 0 0 0 0 0 0 0 0 0 0 0 0 0 0 0 0 0 0 0 0 0 0 0 0 0 0 0 0 0 0 0 0 0 0 0 0 0 0 0 0 0 0 0 0 0 0 0 0 0 0 0 0 0 0 0 0 0 0 0 0 0 0 0 0 0 0 0 0 0 0 0 0 0 0 0 0 0 0 0 0 0 0 0 0 0 0 0 0 0 0 0 0 0 0 0 0 0 0 0 0 0 0 0 0 0 0 0 0 0 0 0 0 0 0 0 0 0 0 0 0 0 0 0 0 0 0 0 0 0 0 0 0 0 0 0 0 0 0 0 0 0 0 0 0 0 0 0 0 0 0 0 0 0 0 0 0 0 0 0 0 0 0 0 0 0 0 0 0 0 0 0 0 0 0 0 0 0 0 0 0 0 0 0 0 0 0 0 0 0 0 0 0 0 0 0 0 0 0 0 0 0 0 0 0 0 0 0 0 0 0 0 0 0 0 0 0 0 0 0 0 0 0 0 0 0 0 0 0 0 0 0 0 0 0 0 0 0 0 0 0 0 0 0 0 0 0 0 0 0 0 0 0 0 0 0 0 0 0 0 0 0 0 0 0 0 0 0 0 0 0 0 0 0 0 0 0 0 0 0 0 0 0 0 0 0 0 0 0 0 0 0 0 0 0 0 0 0 0 0 0 0 0 0 0 0 0 0 0 0 0 0 0 0 0 0 0 0 0 0 0 0 0 0 0 0 0 0 0 0 0 0 0 0 0 0 0 0 0 0 0 0 0 0 0 0 0 0 0 0 0 0 0 0 0 0 0 0 0 0 0 0 0 0 0 0 0 0 0 0 0 0 0 0 0 0 0 0 0 0 0 0 0 0 0 0 0 0 0 0 0 0 0 0 0 0 0 0 0 0 0 0 0 0 0 0 0 0 0 0 0 0 0 0 0 0 0 0 0 0 0 0 0 0 0 0 0 0 0 0 0 0 0 0 0 0 0 0 0 0 0 0 0 0 0 0 0 0 0 0 0 0 0 0 0 0 0 0 0 0 0 0 0 0 0 0 0 0 0 0 0 0 0 0 0 0 0 0 0 0 0 0 0 0 0 0 0 0 0 0 0 0 0 0 0 0 0 0 0 0 0 0 0 0 0 0 0 0 0 0 0 0 0 0 0 0 0 0 0 0 0 0 0 0 0 0 0 0 0 0 0 0 0 0 0 0 0 0 0 0 0 0 0 0 0 0 0 0 0 0 0 0 0 0 0 0 0 0 0 0 0 0 0 0 0 0 0 0 0 0 0 0 0 0 0 0 0 0 0 0 0 0 0 0 0 0 0 0 0 0 0 0 0 0 0 0 0 0 0 0 0 0 0 0 0 0 0 0 0 0 0 0 0 0 0 0 0 0 0 0 0 0 0 0 0 0 0 0 0 0 0 0 0 0 0 0 0 0 0 0 0 0 0 0 0 0 0 0 0 0 0 0 0 0 0 0 0 0 0 0 0 0 0 0 0 0 0 0 0 0 0 0 0 0 0 0 0 0 0 0 0 0 0 0 0 0 0 0 0 0 0 0 0 0 0 0 0 0 0 0 0 0 0 0 0 0 0 0 0 0 0 0 0 0 0 0 0 0 0 0 0 0 0 0 0 0 0 0 0 0 0 0 0 0 0 0 0 0 0 0 0 0 0 0 0 0 0 0 0 0 0 0 0 0 0 0 0 0 0 0 0 0 0 0 0 0 0 0 0 0 0 0 0 0 0 0 0 0 0 0 0 0 0 0 0 0 0 0 0 0 0 0 0 0 0 0 0 0 0 0 0 0 0 0 0 0 0 0 0 0 0 0 0 0 0 0 0 0 0 0 0 0 0 0 0 0 0 0 0 0 0 0 0 0 0 0 0 0 0 0 0 0 0 0 0 0 0 0 0 0 0 0 0 0 0 0 0 0 0 0 0 0 0 0 0 0 0 0 0 0 0 0 0 0 0 0 0 0 0 0 0 0 0 0 0 0 0 0 0 0 0 0 0 0 0 0 0 0 0 0 0 0 0 0 0 0 0 0 0 0 0 0 0 0 0 0 0 0 0 0 0 0 0 0 0 0 0 0 0 0 0 0 0 0 0 0 0 0 0 0 0 0 0 0 0 0 0 0 0 0 0 0 0 0 0 0 0 0 0 0 0 0 0 0 0 0 0 0 0 0 0 0 0 0 0 0 0 0 0 0 0 0 0 0 0 0 0 0 0 0 0 0 0 0 0 0 0 0 0 0 0 0 0 0 0 0 0 0 0 0 0 0 0 0 0 0 0 0 0 0 0 0 0 0 0 0 0 0 0 0 0 0 0 0 0 0 0 0 0 0 0 0 0 0 0 0 0 0 0 0 0 0 0 0 0 0 0 0 0 0 0 0 0 0 0 0 0 0 0 0 0 0 0 0 0 0 0 0 0 0 0 0 0 0 0 0 0 0 0 0 0 0 0 0 0 0 0 0 0 0 0 0 0 0 0 0 0 0 0 0 0 0 0 0 0 0 0 0 0 0 0 0 0 0 0 0 0 0 0 0 0 0 0 0 0 0 0 0 0 0 0 0 0 0 0 0 0 0 0 0 0 0 0 0 0 0 0 0 0 0 0 0 0 0 0 0 0 0 0 0 0 0 0 0 0 0 0 0 0 0 0 0 0 0 0 0 0 0 0 0 0 0 0 0 0 0 0 0 0 0 0 0 0 0 0 0 0 0 0 0 0 0 0 0 0 0 0 0 0 0 0 0 0 0 0 0 0 0 0 0 0 0 0 0 0 0 0 0 0 0 0 0 0 0 0 0 0 0 0 0 0 0 0 0 0 0 0 0 0 0 0 0 0 0 0 0 0 0 0 0 0 0 0 0 0 0 0 0 0 0 0 0 0 0 0 0 0 0 0 0 0 0 0 0 0 0 0 0 0 0 0 0 0 0 0 0 0 0 0 0 0 0 0 0 0 0 0 0 0 0 0 0 0 0 0 0 0 0 0 0 0 0 0 0 0 0 0 0 0 0 0 0 0 0 0 0 0 0 0 0 0 0 0 0 0 0 0 0 0 0 0 0 0 0 0 0 0 0 0 0 0 0 0 0 0 0 0 0 0 0 0 0 0 0 0 0 0 0 0 0 0 0 0 0 0 0 0 0 0 0 0 0 0 0 0 0 0 0 0 0 0 0 0 0 0 0 0 0 0 0 0 0 0 0 0 0 0 0 0 0 0 0 0 0 0 0 0 0 0 0 0 0 0 0 0 0 0 0 0 0 0 0 0 0 0 0 0 0 0 0 0 0 0 0 0 0 0 0 0 0 0 0 0 0 0 0 0 0 0 0 0 0 0 0 0 0 0 0 0 0 0 0 0 0 0 0 0 0 0 0 0 0 0 0 0 0 0 0 0 0 0 0 0 0 0 0 0 0 0 0 0 0 0 0 0 0 0 0 0 0 0 0 0 0 0 0 0 0 0 0 0 0 0 0 0 0 0 0 0 0 0 0 0 0 0 0 0 0 0 0 0 0 0 0 0 0 0 0 0
ctxt 208417163086
btime 1773600682
processes 94933562
procs_running 8
procs_blocked 0
softirq 43088988634 256 2278950653 38971604 932267786 1476346885 0 2936478575 577186087 5109161 483939259
--
cpu  803009630 23598936 303592008 93438416142 610724889 0 8930528 0 0 0
cpu0 29447958 224394 7364904 1619945509 8331310 0 166762 0 0 0
cpu1 29267658 432889 7647612 1649276763 11021854 0 56852 0 0 0
cpu2 28201200 463108 7596654 1652815949 10878665 0 37731 0 0 0
cpu3 25944733 484906 6796612 1656270093 11039655 0 31898 0 0 0
cpu4 22370776 490414 6378231 1660332774 11076988 0 31424 0 0 0
cpu5 19971173 494023 5983596 1662935425 11317647 0 29593 0 0 0
cpu6 17828964 497511 5642969 1665563126 11192224 0 29764 0 0 0
cpu7 16615339 487783 5482329 1666997926 11171478 0 27799 0 0 0
cpu8 15341872 485635 5289687 1668219566 11408786 0 27835 0 0 0
cpu9 14908248 489844 5258972 1668711563 11338866 0 27990 0 0 0
cpu10 14409348 472357 5140498 1669220902 11495531 0 27230 0 0 0
cpu11 14134224 465792 5152392 1669223058 11700103 0 28382 0 0 0
cpu12 14190260 458188 5275230 1669335870 11397698 0 27463 0 0 0
cpu13 12800952 425511 5437794 1668780559 9922648 0 1898829 0 0 0
cpu14 31525484 477236 7841761 1650113884 10085347 0 177584 0 0 0
cpu15 21119519 503934 6809676 1660888719 10896840 0 175901 0 0 0
cpu16 17756424 491819 6320264 1664605454 11133854 0 176248 0 0 0
cpu17 14933698 500066 5677914 1668373509 10904793 0 171276 0 0 0
cpu18 13594316 505884 5526478 1670088863 10640621 0 175587 0 0 0
cpu19 12938548 472687 5423447 1670856875 10655474 0 174581 0 0 0
cpu20 13089849 493492 5357217 1670742738 10658140 0 175830 0 0 0
cpu21 12212169 482428 5344723 1671508825 10771631 0 174148 0 0 0
cpu22 11983585 482914 5346631 1671431684 11081877 0 176015 0 0 0
cpu23 11695870 471865 5196538 1672178262 10734821 0 175055 0 0 0
cpu24 11732916 448076 5199569 1671896075 11042135 0 173386 0 0 0
cpu25 11558783 450839 5263287 1672367613 10684733 0 180632 0 0 0
cpu26 12011499 478046 5303840 1671796670 10628141 0 182525 0 0 0
cpu27 13883598 464459 5491986 1669458918 10979963 0 179754 0 0 0
cpu28 18769387 361854 5861754 1658286399 9964387 0 1278078 0 0 0
cpu29 13428412 381424 5534527 1669076027 11673721 0 64853 0 0 0
cpu30 12753300 342093 5332213 1670917635 11247356 0 28091 0 0 0
cpu31 11678041 306256 5013642 1672863005 10869061 0 25430 0 0 0
cpu32 10895917 292303 4888497 1673277360 11397196 0 25273 0 0 0
cpu33 10508112 294659 4792793 1673081209 12114929 0 24830 0 0 0
cpu34 10108914 300801 4688953 1673738421 11872763 0 23964 0 0 0
cpu35 9691467 288349 4582806 1674440145 11825338 0 25612 0 0 0
cpu36 9562382 287721 4482009 1674961072 11575522 0 23867 0 0 0
cpu37 9403498 302139 4462458 1675135182 11595906 0 23590 0 0 0
cpu38 9342299 311327 4415163 1675502336 11334870 0 23744 0 0 0
cpu39 9404008 310554 4508188 1675273549 11304793 0 24526 0 0 0
cpu40 9358073 306218 4535368 1675503857 11111732 0 25355 0 0 0
cpu41 9761433 317785 4536447 1674808056 11289904 0 24943 0 0 0
cpu42 13911730 443034 5482132 1670155941 10332028 0 173093 0 0 0
cpu43 11931777 434858 5195021 1672287959 10395178 0 169568 0 0 0
cpu44 11768515 425576 5253242 1672619646 10306632 0 169852 0 0 0
cpu45 11246635 430940 5017441 1673291001 10415037 0 163422 0 0 0
cpu46 11128896 431394 5011894 1673317114 10520817 0 165002 0 0 0
cpu47 10944312 452452 5035138 1673344963 10626266 0 165887 0 0 0
cpu48 11672452 439673 5004206 1672751001 10596942 0 165151 0 0 0
cpu49 11122150 416764 5037469 1673471436 10393389 0 168249 0 0 0
cpu50 11067819 440746 5002811 1673173733 10735972 0 166882 0 0 0
cpu51 11323713 447564 5008011 1673076914 10531606 0 169444 0 0 0
cpu52 11034971 446614 4997917 1673203152 10709928 0 169669 0 0 0
cpu53 11096800 432568 5079652 1673221787 10559416 0 176538 0 0 0
cpu54 11463781 425131 5054805 1672808684 10642493 0 173826 0 0 0
cpu55 13161848 432016 5226613 1670891356 10589855 0 173696 0 0 0
intr 106395078277 74 4 0 0 0 0 0 0 0 0 0 0 6 0 0 0 0 360 213 2556279774 0 0 0 0 0 0 0 0 0 0 0 0 0 0 0 0 0 2396290434 426521765 8318634 677 278 24496490 0 0 0 0 0 0 0 0 0 0 0 0 0 0 0 0 0 0 0 0 0 0 0 0 0 0 0 0 0 0 0 0 0 0 0 0 0 0 0 0 0 0 0 0 0 0 0 0 0 0 0 0 0 0 0 0 0 0 0 0 0 0 0 0 0 0 0 0 0 0 0 0 0 0 0 0 0 0 0 0 0 0 0 0 0 0 0 0 0 0 0 0 0 0 0 0 0 0 0 0 0 0 0 0 0 0 0 0 0 0 0 0 0 0 0 0 0 0 0 0 0 0 0 0 0 0 0 0 0 0 0 0 0 0 0 0 0 0 0 0 0 0 0 0 0 0 0 0 0 0 0 0 0 0 0 0 0 0 0 0 0 0 0 0 0 0 0 0 0 0 0 0 0 0 0 0 0 0 0 0 0 0 0 0 0 0 0 0 0 0 0 0 0 0 0 0 0 0 0 0 0 0 0 0 0 0 0 0 0 0 0 0 0 0 0 0 0 0 0 0 0 0 0 0 0 0 0 0 0 0 0 0 0 0 0 0 0 0 0 0 0 0 0 0 0 0 0 0 0 0 0 0 0 0 0 0 0 0 0 0 0 0 0 0 0 0 0 0 0 0 0 0 0 0 0 0 0 0 0 0 0 0 0 0 0 0 0 0 0 0 0 0 0 0 0 0 0 0 0 0 0 0 0 0 0 0 0 0 0 0 0 0 0 0 0 0 0 0 0 0 0 0 0 0 0 0 0 0 0 0 0 0 0 0 0 0 0 0 0 0 0 0 0 0 0 0 0 0 0 0 0 0 0 0 0 0 0 0 0 0 0 0 0 0 0 0 0 0 0 0 0 0 0 0 0 0 0 0 0 0 0 0 0 0 0 0 0 0 0 0 0 0 0 0 0 0 0 0 0 0 0 0 0 0 0 0 0 0 0 0 0 0 0 0 0 0 0 0 0 0 0 0 0 0 0 0 0 0 0 0 0 0 0 0 0 0 0 0 0 0 0 0 0 0 0 0 0 0 0 0 0 0 0 0 0 0 0 0 0 0 0 0 0 0 0 0 0 0 0 0 0 0 0 0 0 0 0 0 0 0 0 0 0 0 0 0 0 0 0 0 0 0 0 0 0 0 0 0 0 0 0 0 0 0 0 0 0 0 0 0 0 0 0 0 0 0 0 0 0 0 0 0 0 0 0 0 0 0 0 0 0 0 0 0 0 0 0 0 0 0 0 0 0 0 0 0 0 0 0 0 0 0 0 0 0 0 0 0 0 0 0 0 0 0 0 0 0 0 0 0 0 0 0 0 0 0 0 0 0 0 0 0 0 0 0 0 0 0 0 0 0 0 0 0 0 0 0 0 0 0 0 0 0 0 0 0 0 0 0 0 0 0 0 0 0 0 0 0 0 0 0 0 0 0 0 0 0 0 0 0 0 0 0 0 0 0 0 0 0 0 0 0 0 0 0 0 0 0 0 0 0 0 0 0 0 0 0 0 0 0 0 0 0 0 0 0 0 0 0 0 0 0 0 0 0 0 0 0 0 0 0 0 0 0 0 0 0 0 0 0 0 0 0 0 0 0 0 0 0 0 0 0 0 0 0 0 0 0 0 0 0 0 0 0 0 0 0 0 0 0 0 0 0 0 0 0 0 0 0 0 0 0 0 0 0 0 0 0 0 0 0 0 0 0 0 0 0 0 0 0 0 0 0 0 0 0 0 0 0 0 0 0 0 0 0 0 0 0 0 0 0 0 0 0 0 0 0 0 0 0 0 0 0 0 0 0 0 0 0 0 0 0 0 0 0 0 0 0 0 0 0 0 0 0 0 0 0 0 0 0 0 0 0 0 0 0 0 0 0 0 0 0 0 0 0 0 0 0 0 0 0 0 0 0 0 0 0 0 0 0 0 0 0 0 0 0 0 0 0 0 0 0 0 0 0 0 0 0 0 0 0 0 0 0 0 0 0 0 0 0 0 0 0 0 0 0 0 0 0 0 0 0 0 0 0 0 0 0 0 0 0 0 0 0 0 0 0 0 0 0 0 0 0 0 0 0 0 0 0 0 0 0 0 0 0 0 0 0 0 0 0 0 0 0 0 0 0 0 0 0 0 0 0 0 0 0 0 0 0 0 0 0 0 0 0 0 0 0 0 0 0 0 0 0 0 0 0 0 0 0 0 0 0 0 0 0 0 0 0 0 0 0 0 0 0 0 0 0 0 0 0 0 0 0 0 0 0 0 0 0 0 0 0 0 0 0 0 0 0 0 0 0 0 0 0 0 0 0 0 0 0 0 0 0 0 0 0 0 0 0 0 0 0 0 0 0 0 0 0 0 0 0 0 0 0 0 0 0 0 0 0 0 0 0 0 0 0 0 0 0 0 0 0 0 0 0 0 0 0 0 0 0 0 0 0 0 0 0 0 0 0 0 0 0 0 0 0 0 0 0 0 0 0 0 0 0 0 0 0 0 0 0 0 0 0 0 0 0 0 0 0 0 0 0 0 0 0 0 0 0 0 0 0 0 0 0 0 0 0 0 0 0 0 0 0 0 0 0 0 0 0 0 0 0 0 0 0 0 0 0 0 0 0 0 0 0 0 0 0 0 0 0 0 0 0 0 0 0 0 0 0 0 0 0 0 0 0 0 0 0 0 0 0 0 0 0 0 0 0 0 0 0 0 0 0 0 0 0 0 0 0 0 0 0 0 0 0 0 0 0 0 0 0 0 0 0 0 0 0 0 0 0 0 0 0 0 0 0 0 0 0 0 0 0 0 0 0 0 0 0 0 0 0 0 0 0 0 0 0 0 0 0 0 0 0 0 0 0 0 0 0 0 0 0 0 0 0 0 0 0 0 0 0 0 0 0 0 0 0 0 0 0 0 0 0 0 0 0 0 0 0 0 0 0 0 0 0 0 0 0 0 0 0 0 0 0 0 0 0 0 0 0 0 0 0 0 0 0 0 0 0 0 0 0 0 0 0 0 0 0 0 0 0 0 0 0 0 0 0 0 0 0 0 0 0 0 0 0 0 0 0 0 0 0 0 0 0 0 0 0 0 0 0 0 0 0 0 0 0 0 0 0 0 0 0 0 0 0 0 0 0 0 0 0 0 0 0 0 0 0 0 0 0 0 0 0 0 0 0 0 0 0 0 0 0 0 0 0 0 0 0 0 0 0 0 0 0 0 0 0 0 0 0 0 0 0 0 0 0 0 0 0 0 0 0 0 0 0 0 0 0 0 0 0 0 0 0 0 0 0 0 0 0 0 0 0 0 0 0 0 0 0 0 0 0 0 0 0 0 0 0 0 0 0 0 0 0 0 0 0 0 0 0 0 0 0 0 0 0 0 0 0 0 0 0 0 0 0 0 0 0 0 0 0 0 0 0 0 0 0 0 0 0 0 0 0 0 0 0 0 0 0 0 0 0 0 0 0 0 0 0 0 0 0 0 0 0 0 0 0 0 0 0 0 0 0 0 0 0 0 0 0 0 0 0 0 0 0 0 0 0 0 0 0 0 0 0 0 0 0 0 0 0 0 0 0 0 0 0 0 0 0 0 0 0 0 0 0 0 0 0 0 0 0 0 0 0 0 0 0 0 0 0 0 0 0 0 0 0 0 0 0 0 0 0 0 0 0 0 0 0 0 0 0 0 0 0 0 0 0 0 0 0 0 0 0 0 0 0 0 0 0 0 0 0 0 0 0 0 0 0 0 0 0 0
ctxt 208418321041
btime 1773600682
processes 94933607
procs_running 1
procs_blocked 1
softirq 43089440827 256 2278952749 38973365 932607361 1476347661 0 2936480576 577249945 5109161 483981385
