Running 10s test @ http://192.168.10.15:18500/json
  32 threads and 512 connections
  Thread Stats   Avg      Stdev     Max   +/- Stdev
    Latency     1.11ms  111.49us   6.07ms   73.82%
    Req/Sec    14.20k   620.41    21.78k    80.55%
  Latency Distribution
     50%    1.10ms
     75%    1.17ms
     90%    1.24ms
     99%    1.39ms
  4560710 requests in 10.10s, 648.07MB read
Requests/sec: 451591.30
Transfer/sec:     64.17MB
## drops 0 0
## server-stat
cpu  1345621 481 700090 10584110 31842 0 266189 0 0 0
cpu0 46034 8 20868 331419 830 0 9043 0 0 0
cpu1 46565 10 20760 332511 571 0 8658 0 0 0
cpu2 46904 8 20675 332587 376 0 8585 0 0 0
cpu3 47766 11 21156 330401 1184 0 8626 0 0 0
cpu4 48112 10 20954 330673 723 0 8717 0 0 0
cpu5 47748 10 20848 331501 360 0 8591 0 0 0
cpu6 47182 8 20756 332161 354 0 8575 0 0 0
cpu7 46141 7 20529 333467 226 0 8391 0 0 0
cpu8 29742 13 21840 340735 1067 0 5619 0 0 0
cpu9 32921 15 22379 335184 2417 0 5836 0 0 0
cpu10 32100 15 22262 337620 1203 0 5945 0 0 0
cpu11 30522 12 21537 341864 657 0 5623 0 0 0
cpu12 48257 84 22985 319739 3073 0 6058 0 0 0
cpu13 47078 15 23240 321140 2450 0 6200 0 0 0
cpu14 30389 11 21136 343718 871 0 5496 0 0 0
cpu15 28904 11 19877 347636 651 0 5017 0 0 0
cpu16 50698 6 21613 327920 368 0 8798 0 0 0
cpu17 50564 6 21620 327056 1260 0 8833 0 0 0
cpu18 50290 7 21488 328483 287 0 8733 0 0 0
cpu19 51577 8 21969 325984 664 0 8978 0 0 0
cpu20 51790 10 21897 326082 696 0 8954 0 0 0
cpu21 50094 7 21424 328228 606 0 8795 0 0 0
cpu22 49078 8 21428 328040 338 0 8723 0 0 0
cpu23 47802 10 21121 330870 303 0 8624 0 0 0
cpu24 32914 14 22291 339318 856 0 6057 0 0 0
cpu25 35459 16 24132 330706 1612 0 6994 0 0 0
cpu26 34462 15 23783 332739 1235 0 6839 0 0 0
cpu27 29615 8 21303 332764 1120 0 12348 0 0 0
cpu28 46425 23 24943 307741 1923 0 15118 0 0 0
cpu29 48160 62 25232 304894 1930 0 15225 0 0 0
cpu30 28578 9 21508 332367 841 0 12163 0 0 0
cpu31 31735 9 22521 338549 776 0 6013 0 0 0
intr 1165701273 126 0 0 0 0 0 0 0 0 1 0 0 0 0 0 0 0 0 0 0 0 0 0 0 0 0 0 1 1 1 0 0 0 0 1 0 1 0 0 75045 0 0 0 0 0 0 0 0 411 0 0 0 0 0 0 0 0 87 0 0 0 0 0 0 0 0 0 0 0 0 0 0 0 143173 2 24316020 24262078 24218390 24337065 0 3467 2405 2945 1580 3092 2649 2075 2562 1481 10363 18288 10246 8270 13300 14934 11350 7411 2698 1796 1460 2368 2249 1936 1622 1627 8941 7234 5103 5740 6512 5836 6131 7979 0 0 0 0 616284 3042 1036 0 264 0 0 0 0 0 0 0 0 0 0 0 0 0 0 0 0 0 0 0 0 0 0 0 0 0 0 0 0 0 0 0 0 0 0 0 0 0 0 0 0 0 0 0 0 0 0 0 0 0 0 0 0 0 0 0 0 0 0 0 0 0 0 0 0 0 0 0 0 0 0 0 0 0 0 0 0 0 0 0 0 0 0 0 0 0 0 0 0 0 0 0 0 0 0 0 0 0 0 0 0 0 0 0 0 0 0 0 0 0 0 0 0 0 0 0 0 0 0 0 0 0 0 0 0 0 0 0 0 0 0 0 0 0 0 0 0 0 0 0 0 0 0 0 0 0 0 0 0 0 0 0 0 0 0 0 0 0 0 0 0 0 0 0 0 0 0 0 0 0 0 0 0 0 0 0 0 0 0 0 0 0 0 0 0 0 0 0 0 0 0 0 0 0 0 0 0 0 0 0 0 0 0 0 0 0 0 0 0 0 0 0 0 0 0 0 0 0 0 0 0 0 0 0 0 0 0 0 0 0 0 0 0 0 0 0 0 0 0 0 0 0 0 0 0 0 0 0 0 0 0 0 0 0 0 0 0 0 0 0 0 0 0 0 0 0 0 0 0 0 0 0 0 0 0 0 0 0 0 0 0 0 0 0 0 0 0 0 0 0 0 0 0 0 0 0 0 0 0 0 0 0 0 0 0 0 0 0 0 0 0 0 0 0 0 0 0 0 0 0 0 0 0 0 0 0 0 0 0 0 0 0 0 0 0 0 0 0 0 0 0 0 0 0 0 0 0 0 0 0 0 0 0 0 0 0 0 0 0 0 0 0 0 0 0 0 0 0 0 0 0 0 0 0 0 0 0 0 0 0 0 0 0 0 0 0 0 0 0 0 0 0 0 0 0 0 0 0 0 0 0 0 0 0 0 0 0 0 0 0 0 0 0 0 0 0 0 0 0 0 0 0 0 0 0 0 0 0 0 0 0 0 0 0 0 0 0 0 0 0 0 0 0 0 0 0 0 0 0 0 0 0 0 0 0 0 0 0 0 0 0 0 0 0 0 0 0 0 0 0 0 0 0 0 0 0 0 0 0 0 0 0 0 0 0 0 0 0 0 0 0 0 0 0 0 0 0 0 0 0 0 0 0 0 0 0 0 0 0 0 0 0 0 0 0 0 0 0 0 0 0 0 0 0 0 0 0 0 0 0 0 0 0 0 0 0 0 0 0 0 0 0 0 0 0 0 0 0 0 0 0 0 0 0 0 0 0 0 0 0 0 0 0 0 0 0 0 0 0 0 0 0 0 0 0 0 0 0 0 0 0 0 0 0 0 0 0 0 0 0 0 0 0 0 0 0 0 0 0 0 0 0 0 0 0 0 0 0 0 0 0 0 0 0 0 0 0 0 0 0 0 0 0 0 0 0 0 0 0 0 0 0 0 0 0 0 0 0 0 0 0 0 0 0 0 0 0 0 0 0 0 0 0 0 0 0 0 0 0 0 0 0 0 0 0 0 0 0 0 0 0 0 0 0 0 0 0 0 0 0 0 0 0 0 0 0 0 0 0 0 0 0 0 0 0 0 0 0 0 0 0 0 0 0 0 0 0 0 0 0 0 0 0 0 0 0 0 0 0 0 0 0 0 0 0 0 0 0 0 0 0 0 0 0 0 0 0 0 0 0 0 0 0 0 0 0 0 0 0 0 0 0 0 0 0 0 0 0 0 0 0 0 0 0 0 0 0 0 0 0 0 0 0 0 0 0 0 0 0 0 0 0 0 0 0 0 0 0 0 0 0 0 0 0 0 0 0 0 0 0 0 0 0 0 0 0 0 0 0 0 0 0 0 0 0 0 0 0 0 0 0 0 0 0 0 0 0 0 0 0 0 0 0 0 0 0 0 0 0 0 0 0 0 0 0 0 0 0 0 0 0 0 0 0 0 0 0 0 0 0 0 0 0 0 0 0 0 0 0 0 0 0 0 0 0 0 0 0 0 0 0 0 0 0 0 0 0 0 0 0 0 0 0 0 0 0 0 0 0 0 0 0 0 0 0 0 0 0 0 0 0 0 0 0 0 0 0 0 0 0 0 0 0 0 0 0 0 0 0 0 0 0 0 0 0 0 0 0 0 0 0 0 0 0 0 0 0 0 0 0 0 0 0 0 0 0 0 0 0 0 0 0 0 0 0 0 0 0 0 0 0 0 0 0 0 0 0 0 0 0 0 0 0 0 0 0 0 0 0 0 0 0 0 0 0 0 0 0 0 0 0 0 0 0 0 0 0 0 0 0 0 0 0 0 0 0 0 0 0 0 0 0 0 0 0 0 0 0 0 0 0 0 0 0 0 0 0 0 0 0 0 0 0 0 0 0 0 0 0 0 0 0 0 0 0 0 0 0 0 0 0 0 0 0 0 0 0 0 0 0 0 0 0 0 0 0 0 0 0 0 0 0 0 0 0 0 0 0 0 0 0 0 0 0 0 0 0 0 0 0 0 0 0
ctxt 1554158594
btime 1790630938
processes 118855
procs_running 1
procs_blocked 0
softirq 1373367367 73526 2797125 1667818 1326396204 149034 0 9417370 20081769 410 12784111
--
cpu  1346038 482 700562 10606394 31855 0 266389 0 0 0
cpu0 46034 8 20868 332212 830 0 9043 0 0 0
cpu1 46565 10 20760 333311 571 0 8658 0 0 0
cpu2 46904 8 20675 333387 376 0 8585 0 0 0
cpu3 47766 11 21156 331201 1184 0 8626 0 0 0
cpu4 48112 10 20954 331473 723 0 8717 0 0 0
cpu5 47748 10 20848 332301 360 0 8591 0 0 0
cpu6 47182 8 20756 332961 354 0 8575 0 0 0
cpu7 46141 7 20529 334267 226 0 8391 0 0 0
cpu8 29759 13 21869 341354 1067 0 5624 0 0 0
cpu9 32943 16 22406 335792 2417 0 5842 0 0 0
cpu10 32124 15 22289 338229 1203 0 5951 0 0 0
cpu11 30543 12 21565 342483 657 0 5628 0 0 0
cpu12 48285 84 23016 320341 3073 0 6065 0 0 0
cpu13 47104 15 23271 321735 2453 0 6209 0 0 0
cpu14 30406 11 21162 344348 871 0 5499 0 0 0
cpu15 28918 11 19898 348269 651 0 5020 0 0 0
cpu16 50698 6 21613 328720 368 0 8798 0 0 0
cpu17 50564 6 21620 327856 1260 0 8833 0 0 0
cpu18 50290 7 21488 329282 287 0 8733 0 0 0
cpu19 51577 8 21969 326783 664 0 8978 0 0 0
cpu20 51790 10 21898 326881 696 0 8954 0 0 0
cpu21 50094 7 21424 329027 606 0 8795 0 0 0
cpu22 49079 8 21428 328840 338 0 8723 0 0 0
cpu23 47802 10 21121 331670 303 0 8624 0 0 0
cpu24 32937 14 22318 339927 856 0 6064 0 0 0
cpu25 35494 16 24165 331299 1612 0 7006 0 0 0
cpu26 34489 15 23815 333337 1235 0 6846 0 0 0
cpu27 29643 8 21330 333312 1128 0 12368 0 0 0
cpu28 46473 23 24983 308265 1924 0 15159 0 0 0
cpu29 48208 62 25271 305416 1931 0 15270 0 0 0
cpu30 28599 9 21538 332931 841 0 12183 0 0 0
cpu31 31752 9 22544 339170 776 0 6017 0 0 0
intr 1171260881 126 0 0 0 0 0 0 0 0 1 0 0 0 0 0 0 0 0 0 0 0 0 0 0 0 0 0 1 1 1 0 0 0 0 1 0 1 0 0 75045 0 0 0 0 0 0 0 0 411 0 0 0 0 0 0 0 0 87 0 0 0 0 0 0 0 0 0 0 0 0 0 0 0 143302 2 24479177 24425221 24381545 24500220 0 3475 2405 2945 1580 3092 2649 2075 2562 1481 10363 18288 10246 8270 13300 14937 11351 7411 2698 1796 1460 2369 2249 1936 1622 1627 8941 7237 5103 5740 6512 5837 6131 7982 0 0 0 0 616284 3042 1036 0 264 0 0 0 0 0 0 0 0 0 0 0 0 0 0 0 0 0 0 0 0 0 0 0 0 0 0 0 0 0 0 0 0 0 0 0 0 0 0 0 0 0 0 0 0 0 0 0 0 0 0 0 0 0 0 0 0 0 0 0 0 0 0 0 0 0 0 0 0 0 0 0 0 0 0 0 0 0 0 0 0 0 0 0 0 0 0 0 0 0 0 0 0 0 0 0 0 0 0 0 0 0 0 0 0 0 0 0 0 0 0 0 0 0 0 0 0 0 0 0 0 0 0 0 0 0 0 0 0 0 0 0 0 0 0 0 0 0 0 0 0 0 0 0 0 0 0 0 0 0 0 0 0 0 0 0 0 0 0 0 0 0 0 0 0 0 0 0 0 0 0 0 0 0 0 0 0 0 0 0 0 0 0 0 0 0 0 0 0 0 0 0 0 0 0 0 0 0 0 0 0 0 0 0 0 0 0 0 0 0 0 0 0 0 0 0 0 0 0 0 0 0 0 0 0 0 0 0 0 0 0 0 0 0 0 0 0 0 0 0 0 0 0 0 0 0 0 0 0 0 0 0 0 0 0 0 0 0 0 0 0 0 0 0 0 0 0 0 0 0 0 0 0 0 0 0 0 0 0 0 0 0 0 0 0 0 0 0 0 0 0 0 0 0 0 0 0 0 0 0 0 0 0 0 0 0 0 0 0 0 0 0 0 0 0 0 0 0 0 0 0 0 0 0 0 0 0 0 0 0 0 0 0 0 0 0 0 0 0 0 0 0 0 0 0 0 0 0 0 0 0 0 0 0 0 0 0 0 0 0 0 0 0 0 0 0 0 0 0 0 0 0 0 0 0 0 0 0 0 0 0 0 0 0 0 0 0 0 0 0 0 0 0 0 0 0 0 0 0 0 0 0 0 0 0 0 0 0 0 0 0 0 0 0 0 0 0 0 0 0 0 0 0 0 0 0 0 0 0 0 0 0 0 0 0 0 0 0 0 0 0 0 0 0 0 0 0 0 0 0 0 0 0 0 0 0 0 0 0 0 0 0 0 0 0 0 0 0 0 0 0 0 0 0 0 0 0 0 0 0 0 0 0 0 0 0 0 0 0 0 0 0 0 0 0 0 0 0 0 0 0 0 0 0 0 0 0 0 0 0 0 0 0 0 0 0 0 0 0 0 0 0 0 0 0 0 0 0 0 0 0 0 0 0 0 0 0 0 0 0 0 0 0 0 0 0 0 0 0 0 0 0 0 0 0 0 0 0 0 0 0 0 0 0 0 0 0 0 0 0 0 0 0 0 0 0 0 0 0 0 0 0 0 0 0 0 0 0 0 0 0 0 0 0 0 0 0 0 0 0 0 0 0 0 0 0 0 0 0 0 0 0 0 0 0 0 0 0 0 0 0 0 0 0 0 0 0 0 0 0 0 0 0 0 0 0 0 0 0 0 0 0 0 0 0 0 0 0 0 0 0 0 0 0 0 0 0 0 0 0 0 0 0 0 0 0 0 0 0 0 0 0 0 0 0 0 0 0 0 0 0 0 0 0 0 0 0 0 0 0 0 0 0 0 0 0 0 0 0 0 0 0 0 0 0 0 0 0 0 0 0 0 0 0 0 0 0 0 0 0 0 0 0 0 0 0 0 0 0 0 0 0 0 0 0 0 0 0 0 0 0 0 0 0 0 0 0 0 0 0 0 0 0 0 0 0 0 0 0 0 0 0 0 0 0 0 0 0 0 0 0 0 0 0 0 0 0 0 0 0 0 0 0 0 0 0 0 0 0 0 0 0 0 0 0 0 0 0 0 0 0 0 0 0 0 0 0 0 0 0 0 0 0 0 0 0 0 0 0 0 0 0 0 0 0 0 0 0 0 0 0 0 0 0 0 0 0 0 0 0 0 0 0 0 0 0 0 0 0 0 0 0 0 0 0 0 0 0 0 0 0 0 0 0 0 0 0 0 0 0 0 0 0 0 0 0 0 0 0 0 0 0 0 0 0 0 0 0 0 0 0 0 0 0 0 0 0 0 0 0 0 0 0 0 0 0 0 0 0 0 0 0 0 0 0 0 0 0 0 0 0 0 0 0 0 0 0 0 0 0 0 0 0 0 0 0 0 0 0 0 0 0 0 0 0 0 0 0 0 0 0 0 0 0 0 0 0 0 0 0 0 0 0 0 0 0 0 0 0 0 0 0 0 0 0 0 0 0 0 0 0 0 0 0 0 0 0 0 0 0 0 0 0 0 0 0 0 0 0 0 0 0 0 0 0 0 0 0 0 0 0 0 0 0 0 0 0 0 0 0 0 0 0 0 0 0 0 0 0 0 0 0 0 0 0 0 0 0 0 0 0 0 0 0 0 0 0 0 0 0 0 0 0 0 0 0 0 0 0 0 0 0 0 0 0 0 0 0 0 0 0 0 0 0 0 0 0 0 0 0 0 0 0 0 0 0 0 0 0 0 0 0 0 0 0 0 0 0 0 0 0 0 0
ctxt 1560228635
btime 1790630938
processes 118927
procs_running 11
procs_blocked 0
softirq 1376583413 73526 2801987 1668379 1329575322 149170 0 9417370 20099710 410 12797539
## client-stat
cpu  802994630 23598936 303543608 93438065628 610722814 0 8911432 0 0 0
cpu0 29447750 224394 7364270 1619939614 8331307 0 166567 0 0 0
cpu1 29267357 432889 7646759 1649270471 11021847 0 56610 0 0 0
cpu2 28200953 463108 7595796 1652809614 10878583 0 37495 0 0 0
cpu3 25944464 484906 6795759 1656263847 11039470 0 31653 0 0 0
cpu4 22370503 490414 6377363 1660326375 11076964 0 31177 0 0 0
cpu5 19970865 494023 5982746 1662929175 11317497 0 29346 0 0 0
cpu6 17828677 497511 5642113 1665556760 11192170 0 29535 0 0 0
cpu7 16615064 487783 5481481 1666991515 11171451 0 27558 0 0 0
cpu8 15341595 485635 5288846 1668213168 11408750 0 27595 0 0 0
cpu9 14907973 489844 5258105 1668705150 11338847 0 27747 0 0 0
cpu10 14409097 472357 5139639 1669214492 11495492 0 26981 0 0 0
cpu11 14133972 465792 5151526 1669216636 11700091 0 28139 0 0 0
cpu12 14190011 458188 5274366 1669329462 11397663 0 27211 0 0 0
cpu13 12800680 425511 5436928 1668774195 9922625 0 1898559 0 0 0
cpu14 31525177 477236 7840878 1650107631 10085336 0 177280 0 0 0
cpu15 21119202 503934 6808761 1660882491 10896806 0 175604 0 0 0
cpu16 17756172 491819 6319365 1664599163 11133824 0 175954 0 0 0
cpu17 14933429 500066 5677021 1668367209 10904760 0 170983 0 0 0
cpu18 13594072 505884 5525577 1670082602 10640544 0 175293 0 0 0
cpu19 12938287 472687 5422565 1670850555 10655453 0 174288 0 0 0
cpu20 13089582 493492 5356321 1670736421 10658122 0 175550 0 0 0
cpu21 12211910 482428 5343832 1671502497 10771620 0 173858 0 0 0
cpu22 11983290 482914 5345733 1671425440 11081823 0 175729 0 0 0
cpu23 11695604 471865 5195637 1672171941 10734809 0 174771 0 0 0
cpu24 11732634 448076 5198672 1671889932 11041972 0 173091 0 0 0
cpu25 11558526 450839 5262403 1672361307 10684702 0 180322 0 0 0
cpu26 12011251 478046 5302879 1671790413 10628127 0 182234 0 0 0
cpu27 13883349 464459 5491063 1669452622 10979943 0 179459 0 0 0
cpu28 18769297 361854 5861501 1658283704 9964380 0 1273671 0 0 0
cpu29 13428171 381424 5533702 1669069626 11673635 0 64603 0 0 0
cpu30 12753041 342093 5331347 1670911220 11247316 0 27853 0 0 0
cpu31 11677714 306256 5012797 1672856612 10869032 0 25194 0 0 0
cpu32 10895663 292303 4887674 1673270897 11397168 0 25034 0 0 0
cpu33 10507828 294659 4791949 1673074811 12114882 0 24599 0 0 0
cpu34 10108630 300801 4688114 1673731998 11872731 0 23721 0 0 0
cpu35 9691201 288349 4581915 1674433753 11825292 0 25372 0 0 0
cpu36 9562082 287721 4481211 1674954689 11575438 0 23615 0 0 0
cpu37 9403207 302139 4461601 1675128763 11595882 0 23348 0 0 0
cpu38 9342016 311327 4414308 1675495934 11334841 0 23510 0 0 0
cpu39 9403691 310554 4507322 1675267204 11304748 0 24279 0 0 0
cpu40 9357828 306218 4534512 1675497426 11111705 0 25114 0 0 0
cpu41 9761164 317785 4535565 1674801668 11289869 0 24693 0 0 0
cpu42 13911474 443034 5481231 1670149658 10331997 0 172789 0 0 0
cpu43 11931513 434858 5194123 1672281680 10395156 0 169279 0 0 0
cpu44 11768268 425576 5252332 1672613347 10306611 0 169560 0 0 0
cpu45 11246365 430940 5016550 1673284721 10414987 0 163130 0 0 0
cpu46 11128645 431394 5010968 1673310788 10520815 0 164722 0 0 0
cpu47 10944057 452452 5034234 1673338635 10626250 0 165604 0 0 0
cpu48 11672156 439673 5003304 1672744701 10596941 0 164861 0 0 0
cpu49 11121886 416764 5036581 1673465118 10393373 0 167961 0 0 0
cpu50 11067574 440746 5001921 1673167389 10735949 0 166589 0 0 0
cpu51 11323429 447564 5007113 1673070659 10531541 0 169164 0 0 0
cpu52 11034715 446614 4997029 1673196809 10709925 0 169383 0 0 0
cpu53 11096523 432568 5078720 1673215521 10559401 0 176244 0 0 0
cpu54 11463453 425131 5053880 1672802458 10642493 0 173533 0 0 0
cpu55 13161569 432016 5225676 1670885114 10589829 0 173391 0 0 0
intr 106390570772 74 4 0 0 0 0 0 0 0 0 0 0 6 0 0 0 0 360 213 2556266125 0 0 0 0 0 0 0 0 0 0 0 0 0 0 0 0 0 2395969791 426519524 8318595 677 278 24496490 0 0 0 0 0 0 0 0 0 0 0 0 0 0 0 0 0 0 0 0 0 0 0 0 0 0 0 0 0 0 0 0 0 0 0 0 0 0 0 0 0 0 0 0 0 0 0 0 0 0 0 0 0 0 0 0 0 0 0 0 0 0 0 0 0 0 0 0 0 0 0 0 0 0 0 0 0 0 0 0 0 0 0 0 0 0 0 0 0 0 0 0 0 0 0 0 0 0 0 0 0 0 0 0 0 0 0 0 0 0 0 0 0 0 0 0 0 0 0 0 0 0 0 0 0 0 0 0 0 0 0 0 0 0 0 0 0 0 0 0 0 0 0 0 0 0 0 0 0 0 0 0 0 0 0 0 0 0 0 0 0 0 0 0 0 0 0 0 0 0 0 0 0 0 0 0 0 0 0 0 0 0 0 0 0 0 0 0 0 0 0 0 0 0 0 0 0 0 0 0 0 0 0 0 0 0 0 0 0 0 0 0 0 0 0 0 0 0 0 0 0 0 0 0 0 0 0 0 0 0 0 0 0 0 0 0 0 0 0 0 0 0 0 0 0 0 0 0 0 0 0 0 0 0 0 0 0 0 0 0 0 0 0 0 0 0 0 0 0 0 0 0 0 0 0 0 0 0 0 0 0 0 0 0 0 0 0 0 0 0 0 0 0 0 0 0 0 0 0 0 0 0 0 0 0 0 0 0 0 0 0 0 0 0 0 0 0 0 0 0 0 0 0 0 0 0 0 0 0 0 0 0 0 0 0 0 0 0 0 0 0 0 0 0 0 0 0 0 0 0 0 0 0 0 0 0 0 0 0 0 0 0 0 0 0 0 0 0 0 0 0 0 0 0 0 0 0 0 0 0 0 0 0 0 0 0 0 0 0 0 0 0 0 0 0 0 0 0 0 0 0 0 0 0 0 0 0 0 0 0 0 0 0 0 0 0 0 0 0 0 0 0 0 0 0 0 0 0 0 0 0 0 0 0 0 0 0 0 0 0 0 0 0 0 0 0 0 0 0 0 0 0 0 0 0 0 0 0 0 0 0 0 0 0 0 0 0 0 0 0 0 0 0 0 0 0 0 0 0 0 0 0 0 0 0 0 0 0 0 0 0 0 0 0 0 0 0 0 0 0 0 0 0 0 0 0 0 0 0 0 0 0 0 0 0 0 0 0 0 0 0 0 0 0 0 0 0 0 0 0 0 0 0 0 0 0 0 0 0 0 0 0 0 0 0 0 0 0 0 0 0 0 0 0 0 0 0 0 0 0 0 0 0 0 0 0 0 0 0 0 0 0 0 0 0 0 0 0 0 0 0 0 0 0 0 0 0 0 0 0 0 0 0 0 0 0 0 0 0 0 0 0 0 0 0 0 0 0 0 0 0 0 0 0 0 0 0 0 0 0 0 0 0 0 0 0 0 0 0 0 0 0 0 0 0 0 0 0 0 0 0 0 0 0 0 0 0 0 0 0 0 0 0 0 0 0 0 0 0 0 0 0 0 0 0 0 0 0 0 0 0 0 0 0 0 0 0 0 0 0 0 0 0 0 0 0 0 0 0 0 0 0 0 0 0 0 0 0 0 0 0 0 0 0 0 0 0 0 0 0 0 0 0 0 0 0 0 0 0 0 0 0 0 0 0 0 0 0 0 0 0 0 0 0 0 0 0 0 0 0 0 0 0 0 0 0 0 0 0 0 0 0 0 0 0 0 0 0 0 0 0 0 0 0 0 0 0 0 0 0 0 0 0 0 0 0 0 0 0 0 0 0 0 0 0 0 0 0 0 0 0 0 0 0 0 0 0 0 0 0 0 0 0 0 0 0 0 0 0 0 0 0 0 0 0 0 0 0 0 0 0 0 0 0 0 0 0 0 0 0 0 0 0 0 0 0 0 0 0 0 0 0 0 0 0 0 0 0 0 0 0 0 0 0 0 0 0 0 0 0 0 0 0 0 0 0 0 0 0 0 0 0 0 0 0 0 0 0 0 0 0 0 0 0 0 0 0 0 0 0 0 0 0 0 0 0 0 0 0 0 0 0 0 0 0 0 0 0 0 0 0 0 0 0 0 0 0 0 0 0 0 0 0 0 0 0 0 0 0 0 0 0 0 0 0 0 0 0 0 0 0 0 0 0 0 0 0 0 0 0 0 0 0 0 0 0 0 0 0 0 0 0 0 0 0 0 0 0 0 0 0 0 0 0 0 0 0 0 0 0 0 0 0 0 0 0 0 0 0 0 0 0 0 0 0 0 0 0 0 0 0 0 0 0 0 0 0 0 0 0 0 0 0 0 0 0 0 0 0 0 0 0 0 0 0 0 0 0 0 0 0 0 0 0 0 0 0 0 0 0 0 0 0 0 0 0 0 0 0 0 0 0 0 0 0 0 0 0 0 0 0 0 0 0 0 0 0 0 0 0 0 0 0 0 0 0 0 0 0 0 0 0 0 0 0 0 0 0 0 0 0 0 0 0 0 0 0 0 0 0 0 0 0 0 0 0 0 0 0 0 0 0 0 0 0 0 0 0 0 0 0 0 0 0 0 0 0 0 0 0 0 0 0 0 0 0 0 0 0 0 0 0 0 0 0 0 0 0 0 0 0 0 0 0 0 0 0 0 0 0 0 0 0 0 0 0 0 0 0 0 0 0 0 0 0 0 0 0 0 0 0 0 0 0 0 0 0 0 0 0 0 0 0 0 0 0 0 0 0 0 0 0 0 0 0 0 0 0 0 0 0 0 0 0 0 0 0 0 0 0 0 0 0 0 0 0 0 0 0 0 0 0 0 0 0 0 0 0 0 0 0 0 0 0 0 0 0 0 0 0 0 0 0 0 0 0 0 0 0 0 0 0 0 0 0 0 0 0 0 0 0 0 0 0 0 0 0 0 0 0 0 0 0 0 0 0 0 0 0 0 0 0 0 0 0 0 0 0 0 0 0 0 0 0 0 0 0 0 0 0 0 0 0 0 0 0 0 0 0 0 0 0 0 0 0 0 0 0 0 0 0 0 0 0 0 0 0 0 0 0 0 0 0 0 0 0 0 0 0 0 0 0 0 0 0 0 0 0 0 0 0 0 0 0 0 0 0 0 0 0 0 0 0 0 0 0 0 0 0 0 0 0 0 0 0 0 0 0 0 0 0 0 0 0 0 0 0 0 0 0 0 0 0 0 0 0 0 0 0 0 0 0 0 0 0 0 0 0 0 0 0 0 0 0 0 0 0 0 0 0 0 0 0 0 0 0 0 0 0 0 0 0 0 0 0 0 0 0 0 0 0 0 0 0 0 0 0 0 0 0 0 0 0 0 0 0 0 0 0 0 0 0 0 0 0 0 0 0 0 0 0 0 0 0 0 0 0 0 0 0 0 0 0 0 0 0 0 0 0 0 0 0 0 0 0 0 0 0 0 0 0 0 0 0 0 0 0 0 0 0 0 0 0 0 0 0 0 0 0 0 0 0 0 0 0 0 0 0 0 0 0 0 0 0 0 0 0 0 0 0 0 0 0 0 0 0 0 0 0 0 0 0 0 0 0 0 0 0 0 0 0 0 0 0 0 0 0 0 0 0 0 0 0 0 0 0 0 0 0 0 0 0 0 0 0 0 0 0 0 0 0 0 0 0 0 0 0 0 0 0 0 0 0 0 0 0 0 0 0 0 0 0 0 0 0 0 0 0 0 0 0 0 0 0 0 0 0 0 0 0 0 0 0 0 0
ctxt 208391031014
btime 1773600682
processes 94931631
procs_running 27
procs_blocked 0
softirq 43079715972 256 2278829838 38918463 924631816 1476339566 0 2936461667 576259214 5109161 483427623
--
cpu  802997448 23598936 303552676 93438093833 610722869 0 8914761 0 0 0
cpu0 29447794 224394 7364372 1619940183 8331307 0 166592 0 0 0
cpu1 29267414 432889 7646922 1649270982 11021847 0 56652 0 0 0
cpu2 28201015 463108 7595959 1652810124 10878583 0 37536 0 0 0
cpu3 25944529 484906 6795918 1656264357 11039471 0 31694 0 0 0
cpu4 22370561 490414 6377519 1660326897 11076966 0 31217 0 0 0
cpu5 19970923 494023 5982903 1662929694 11317498 0 29389 0 0 0
cpu6 17828731 497511 5642274 1665557282 11192170 0 29573 0 0 0
cpu7 16615118 487783 5481634 1666992037 11171451 0 27597 0 0 0
cpu8 15341649 485635 5289007 1668213689 11408750 0 27637 0 0 0
cpu9 14908023 489844 5258263 1668705676 11338847 0 27788 0 0 0
cpu10 14409150 472357 5139786 1669215022 11495493 0 27025 0 0 0
cpu11 14134028 465792 5151689 1669217155 11700091 0 28179 0 0 0
cpu12 14190069 458188 5274524 1669329981 11397663 0 27253 0 0 0
cpu13 12800734 425511 5437085 1668774711 9922627 0 1898602 0 0 0
cpu14 31525222 477236 7841047 1650108133 10085336 0 177334 0 0 0
cpu15 21119247 503934 6808938 1660882996 10896806 0 175656 0 0 0
cpu16 17756218 491819 6319541 1664599665 11133824 0 176007 0 0 0
cpu17 14933472 500066 5677187 1668367725 10904760 0 171038 0 0 0
cpu18 13594113 505884 5525752 1670083113 10640544 0 175344 0 0 0
cpu19 12938326 472687 5422731 1670851074 10655453 0 174346 0 0 0
cpu20 13089636 493492 5356490 1670736919 10658126 0 175597 0 0 0
cpu21 12211954 482428 5344005 1671503005 10771620 0 173908 0 0 0
cpu22 11983329 482914 5345911 1671425945 11081826 0 175780 0 0 0
cpu23 11695652 471865 5195814 1672172451 10734809 0 174822 0 0 0
cpu24 11732678 448076 5198841 1671890436 11041973 0 173144 0 0 0
cpu25 11558583 450839 5262575 1672361807 10684702 0 180378 0 0 0
cpu26 12011294 478046 5303056 1671790910 10628127 0 182284 0 0 0
cpu27 13883401 464459 5491243 1669453114 10979943 0 179511 0 0 0
cpu28 18769297 361854 5861501 1658283704 9964380 0 1274470 0 0 0
cpu29 13428224 381424 5533848 1669070159 11673637 0 64644 0 0 0
cpu30 12753099 342093 5331502 1670911745 11247316 0 27890 0 0 0
cpu31 11677772 306256 5012953 1672857138 10869032 0 25237 0 0 0
cpu32 10895719 292303 4887813 1673271433 11397168 0 25079 0 0 0
cpu33 10507884 294659 4792104 1673075331 12114883 0 24635 0 0 0
cpu34 10108685 300801 4688272 1673732521 11872735 0 23759 0 0 0
cpu35 9691256 288349 4582076 1674434277 11825292 0 25411 0 0 0
cpu36 9562141 287721 4481362 1674955189 11575468 0 23658 0 0 0
cpu37 9403264 302139 4461761 1675129283 11595882 0 23387 0 0 0
cpu38 9342075 311327 4414470 1675496447 11334841 0 23551 0 0 0
cpu39 9403757 310554 4507491 1675267711 11304749 0 24318 0 0 0
cpu40 9357887 306218 4534673 1675497945 11111706 0 25152 0 0 0
cpu41 9761225 317785 4535729 1674802180 11289872 0 24736 0 0 0
cpu42 13911528 443034 5481405 1670150155 10331997 0 172840 0 0 0
cpu43 11931558 434858 5194299 1672282182 10395156 0 169328 0 0 0
cpu44 11768309 425576 5252507 1672613851 10306611 0 169612 0 0 0
cpu45 11246415 430940 5016726 1673285223 10414987 0 163183 0 0 0
cpu46 11128688 431394 5011141 1673311295 10520815 0 164772 0 0 0
cpu47 10944103 452452 5034411 1673339142 10626250 0 165654 0 0 0
cpu48 11672196 439673 5003478 1672745212 10596941 0 164914 0 0 0
cpu49 11121926 416764 5036757 1673465629 10393373 0 168012 0 0 0
cpu50 11067613 440746 5002097 1673167899 10735949 0 166639 0 0 0
cpu51 11323484 447564 5007282 1673071161 10531541 0 169214 0 0 0
cpu52 11034755 446614 4997201 1673197321 10709925 0 169433 0 0 0
cpu53 11096567 432568 5078894 1673216027 10559401 0 176296 0 0 0
cpu54 11463523 425131 5054050 1672802944 10642493 0 173584 0 0 0
cpu55 13161609 432016 5225858 1670885618 10589829 0 173443 0 0 0
intr 106391243959 74 4 0 0 0 0 0 0 0 0 0 0 6 0 0 0 0 360 213 2556266761 0 0 0 0 0 0 0 0 0 0 0 0 0 0 0 0 0 2395969846 426519860 8318598 677 278 24496490 0 0 0 0 0 0 0 0 0 0 0 0 0 0 0 0 0 0 0 0 0 0 0 0 0 0 0 0 0 0 0 0 0 0 0 0 0 0 0 0 0 0 0 0 0 0 0 0 0 0 0 0 0 0 0 0 0 0 0 0 0 0 0 0 0 0 0 0 0 0 0 0 0 0 0 0 0 0 0 0 0 0 0 0 0 0 0 0 0 0 0 0 0 0 0 0 0 0 0 0 0 0 0 0 0 0 0 0 0 0 0 0 0 0 0 0 0 0 0 0 0 0 0 0 0 0 0 0 0 0 0 0 0 0 0 0 0 0 0 0 0 0 0 0 0 0 0 0 0 0 0 0 0 0 0 0 0 0 0 0 0 0 0 0 0 0 0 0 0 0 0 0 0 0 0 0 0 0 0 0 0 0 0 0 0 0 0 0 0 0 0 0 0 0 0 0 0 0 0 0 0 0 0 0 0 0 0 0 0 0 0 0 0 0 0 0 0 0 0 0 0 0 0 0 0 0 0 0 0 0 0 0 0 0 0 0 0 0 0 0 0 0 0 0 0 0 0 0 0 0 0 0 0 0 0 0 0 0 0 0 0 0 0 0 0 0 0 0 0 0 0 0 0 0 0 0 0 0 0 0 0 0 0 0 0 0 0 0 0 0 0 0 0 0 0 0 0 0 0 0 0 0 0 0 0 0 0 0 0 0 0 0 0 0 0 0 0 0 0 0 0 0 0 0 0 0 0 0 0 0 0 0 0 0 0 0 0 0 0 0 0 0 0 0 0 0 0 0 0 0 0 0 0 0 0 0 0 0 0 0 0 0 0 0 0 0 0 0 0 0 0 0 0 0 0 0 0 0 0 0 0 0 0 0 0 0 0 0 0 0 0 0 0 0 0 0 0 0 0 0 0 0 0 0 0 0 0 0 0 0 0 0 0 0 0 0 0 0 0 0 0 0 0 0 0 0 0 0 0 0 0 0 0 0 0 0 0 0 0 0 0 0 0 0 0 0 0 0 0 0 0 0 0 0 0 0 0 0 0 0 0 0 0 0 0 0 0 0 0 0 0 0 0 0 0 0 0 0 0 0 0 0 0 0 0 0 0 0 0 0 0 0 0 0 0 0 0 0 0 0 0 0 0 0 0 0 0 0 0 0 0 0 0 0 0 0 0 0 0 0 0 0 0 0 0 0 0 0 0 0 0 0 0 0 0 0 0 0 0 0 0 0 0 0 0 0 0 0 0 0 0 0 0 0 0 0 0 0 0 0 0 0 0 0 0 0 0 0 0 0 0 0 0 0 0 0 0 0 0 0 0 0 0 0 0 0 0 0 0 0 0 0 0 0 0 0 0 0 0 0 0 0 0 0 0 0 0 0 0 0 0 0 0 0 0 0 0 0 0 0 0 0 0 0 0 0 0 0 0 0 0 0 0 0 0 0 0 0 0 0 0 0 0 0 0 0 0 0 0 0 0 0 0 0 0 0 0 0 0 0 0 0 0 0 0 0 0 0 0 0 0 0 0 0 0 0 0 0 0 0 0 0 0 0 0 0 0 0 0 0 0 0 0 0 0 0 0 0 0 0 0 0 0 0 0 0 0 0 0 0 0 0 0 0 0 0 0 0 0 0 0 0 0 0 0 0 0 0 0 0 0 0 0 0 0 0 0 0 0 0 0 0 0 0 0 0 0 0 0 0 0 0 0 0 0 0 0 0 0 0 0 0 0 0 0 0 0 0 0 0 0 0 0 0 0 0 0 0 0 0 0 0 0 0 0 0 0 0 0 0 0 0 0 0 0 0 0 0 0 0 0 0 0 0 0 0 0 0 0 0 0 0 0 0 0 0 0 0 0 0 0 0 0 0 0 0 0 0 0 0 0 0 0 0 0 0 0 0 0 0 0 0 0 0 0 0 0 0 0 0 0 0 0 0 0 0 0 0 0 0 0 0 0 0 0 0 0 0 0 0 0 0 0 0 0 0 0 0 0 0 0 0 0 0 0 0 0 0 0 0 0 0 0 0 0 0 0 0 0 0 0 0 0 0 0 0 0 0 0 0 0 0 0 0 0 0 0 0 0 0 0 0 0 0 0 0 0 0 0 0 0 0 0 0 0 0 0 0 0 0 0 0 0 0 0 0 0 0 0 0 0 0 0 0 0 0 0 0 0 0 0 0 0 0 0 0 0 0 0 0 0 0 0 0 0 0 0 0 0 0 0 0 0 0 0 0 0 0 0 0 0 0 0 0 0 0 0 0 0 0 0 0 0 0 0 0 0 0 0 0 0 0 0 0 0 0 0 0 0 0 0 0 0 0 0 0 0 0 0 0 0 0 0 0 0 0 0 0 0 0 0 0 0 0 0 0 0 0 0 0 0 0 0 0 0 0 0 0 0 0 0 0 0 0 0 0 0 0 0 0 0 0 0 0 0 0 0 0 0 0 0 0 0 0 0 0 0 0 0 0 0 0 0 0 0 0 0 0 0 0 0 0 0 0 0 0 0 0 0 0 0 0 0 0 0 0 0 0 0 0 0 0 0 0 0 0 0 0 0 0 0 0 0 0 0 0 0 0 0 0 0 0 0 0 0 0 0 0 0 0 0 0 0 0 0 0 0 0 0 0 0 0 0 0 0 0 0 0 0 0 0 0 0 0 0 0 0 0 0 0 0 0 0 0 0 0 0 0 0 0 0 0 0 0 0 0 0 0 0 0 0 0 0 0 0 0 0 0 0 0 0 0 0 0 0 0 0 0 0 0 0 0 0 0 0 0 0 0 0 0 0 0 0 0 0 0 0 0 0 0 0 0 0 0 0 0 0 0 0 0 0 0 0 0 0 0 0 0 0 0 0 0 0 0 0 0 0 0 0 0 0 0 0 0 0 0 0 0 0 0 0 0 0 0 0 0 0 0 0 0 0 0 0 0 0 0 0 0 0 0 0 0 0 0 0 0 0 0 0 0 0 0 0 0 0 0 0 0 0 0 0 0 0 0 0 0 0 0 0 0 0 0 0 0 0 0 0 0 0 0 0 0 0 0 0 0 0 0 0 0 0 0 0 0 0 0 0 0 0 0 0 0 0 0 0 0 0 0 0 0 0 0 0 0 0 0 0 0 0 0 0 0 0 0 0 0 0 0 0 0 0 0 0 0 0 0 0 0 0 0 0 0 0 0 0 0 0 0 0 0 0 0 0 0 0 0 0 0 0 0 0 0 0 0 0 0 0 0 0 0 0 0 0 0 0 0 0 0 0 0 0 0 0 0 0 0 0 0 0 0 0 0 0 0 0 0 0 0 0 0 0 0 0 0 0 0 0 0 0 0 0 0 0 0 0 0 0 0 0 0 0 0 0 0 0 0 0 0 0 0 0 0 0 0 0 0 0 0 0 0 0 0 0 0 0 0 0 0 0 0 0 0 0 0 0 0 0 0 0 0 0 0 0 0 0 0 0 0 0 0 0 0 0 0 0 0 0 0 0 0 0 0 0 0 0 0 0 0 0 0 0 0 0 0 0 0 0 0 0 0 0 0 0 0 0 0 0 0 0 0 0 0 0 0 0 0 0 0 0 0 0 0 0 0 0 0 0 0 0 0 0 0 0 0 0 0 0 0 0 0 0 0 0 0 0 0 0 0 0 0 0 0 0 0 0 0 0 0 0 0 0 0 0 0 0 0 0 0 0 0 0 0 0 0 0 0 0 0 0 0 0 0 0 0 0
ctxt 208395683431
btime 1773600682
processes 94931681
procs_running 12
procs_blocked 0
softirq 43081292676 256 2278831658 38930434 925978236 1476340161 0 2936462702 576412168 5109161 483489532
