Running 10s test @ http://192.168.10.15:18500/
  32 threads and 512 connections
  Thread Stats   Avg      Stdev     Max   +/- Stdev
    Latency     1.11ms  107.31us   3.13ms   74.31%
    Req/Sec    14.13k   555.18    22.16k    90.86%
  Latency Distribution
     50%    1.11ms
     75%    1.17ms
     90%    1.24ms
     99%    1.36ms
  4539806 requests in 10.10s, 458.93MB read
Requests/sec: 449549.70
Transfer/sec:     45.44MB
## drops 0 0
## server-stat
cpu  1252796 458 663023 9974429 31399 0 255630 0 0 0
cpu0 43720 8 19883 311063 829 0 8873 0 0 0
cpu1 44180 10 19778 312103 565 0 8506 0 0 0
cpu2 44517 8 19685 312192 360 0 8441 0 0 0
cpu3 45264 10 20179 310085 1182 0 8481 0 0 0
cpu4 45575 9 19981 310398 720 0 8564 0 0 0
cpu5 45258 10 19895 311168 359 0 8442 0 0 0
cpu6 44749 8 19792 311782 350 0 8438 0 0 0
cpu7 43825 6 19583 312971 224 0 8262 0 0 0
cpu8 26694 13 20480 322354 1047 0 5417 0 0 0
cpu9 29709 15 20990 317060 2359 0 5612 0 0 0
cpu10 28829 14 20881 319466 1196 0 5728 0 0 0
cpu11 27354 12 20169 323565 625 0 5422 0 0 0
cpu12 44675 83 21581 301958 3038 0 5818 0 0 0
cpu13 43459 14 21796 303436 2414 0 5945 0 0 0
cpu14 27249 10 19772 325309 847 0 5310 0 0 0
cpu15 25849 11 18552 329115 645 0 4836 0 0 0
cpu16 48029 5 20639 307784 364 0 8625 0 0 0
cpu17 47888 5 20660 306903 1256 0 8665 0 0 0
cpu18 47659 6 20504 308337 285 0 8566 0 0 0
cpu19 48810 7 20971 305995 663 0 8800 0 0 0
cpu20 48987 9 20915 306099 692 0 8773 0 0 0
cpu21 47444 7 20441 308098 605 0 8629 0 0 0
cpu22 46495 7 20461 307840 336 0 8577 0 0 0
cpu23 45334 9 20159 310539 302 0 8482 0 0 0
cpu24 29531 13 20936 321234 843 0 5820 0 0 0
cpu25 31905 15 22748 312877 1569 0 6720 0 0 0
cpu26 30972 13 22404 314802 1229 0 6585 0 0 0
cpu27 26725 7 20114 315466 1072 0 11136 0 0 0
cpu28 43004 21 23660 291088 1894 0 13611 0 0 0
cpu29 44735 59 23946 288250 1898 0 13721 0 0 0
cpu30 25844 9 20282 314847 838 0 10998 0 0 0
cpu31 28515 8 21171 320232 774 0 5811 0 0 0
intr 1035363561 126 0 0 0 0 0 0 0 0 1 0 0 0 0 0 0 0 0 0 0 0 0 0 0 0 0 0 1 1 1 0 0 0 0 1 0 1 0 0 75045 0 0 0 0 0 0 0 0 411 0 0 0 0 0 0 0 0 87 0 0 0 0 0 0 0 0 0 0 0 0 0 0 0 137548 2 21029295 20983827 20949756 21059276 0 3267 2362 2921 1563 3081 2643 2059 2561 1472 10345 18228 10230 8160 13227 14742 11309 7368 2694 1791 1459 2357 2247 1934 1590 1625 8921 7179 5014 5630 6505 5737 6121 7965 0 0 0 0 616268 3011 1036 0 264 0 0 0 0 0 0 0 0 0 0 0 0 0 0 0 0 0 0 0 0 0 0 0 0 0 0 0 0 0 0 0 0 0 0 0 0 0 0 0 0 0 0 0 0 0 0 0 0 0 0 0 0 0 0 0 0 0 0 0 0 0 0 0 0 0 0 0 0 0 0 0 0 0 0 0 0 0 0 0 0 0 0 0 0 0 0 0 0 0 0 0 0 0 0 0 0 0 0 0 0 0 0 0 0 0 0 0 0 0 0 0 0 0 0 0 0 0 0 0 0 0 0 0 0 0 0 0 0 0 0 0 0 0 0 0 0 0 0 0 0 0 0 0 0 0 0 0 0 0 0 0 0 0 0 0 0 0 0 0 0 0 0 0 0 0 0 0 0 0 0 0 0 0 0 0 0 0 0 0 0 0 0 0 0 0 0 0 0 0 0 0 0 0 0 0 0 0 0 0 0 0 0 0 0 0 0 0 0 0 0 0 0 0 0 0 0 0 0 0 0 0 0 0 0 0 0 0 0 0 0 0 0 0 0 0 0 0 0 0 0 0 0 0 0 0 0 0 0 0 0 0 0 0 0 0 0 0 0 0 0 0 0 0 0 0 0 0 0 0 0 0 0 0 0 0 0 0 0 0 0 0 0 0 0 0 0 0 0 0 0 0 0 0 0 0 0 0 0 0 0 0 0 0 0 0 0 0 0 0 0 0 0 0 0 0 0 0 0 0 0 0 0 0 0 0 0 0 0 0 0 0 0 0 0 0 0 0 0 0 0 0 0 0 0 0 0 0 0 0 0 0 0 0 0 0 0 0 0 0 0 0 0 0 0 0 0 0 0 0 0 0 0 0 0 0 0 0 0 0 0 0 0 0 0 0 0 0 0 0 0 0 0 0 0 0 0 0 0 0 0 0 0 0 0 0 0 0 0 0 0 0 0 0 0 0 0 0 0 0 0 0 0 0 0 0 0 0 0 0 0 0 0 0 0 0 0 0 0 0 0 0 0 0 0 0 0 0 0 0 0 0 0 0 0 0 0 0 0 0 0 0 0 0 0 0 0 0 0 0 0 0 0 0 0 0 0 0 0 0 0 0 0 0 0 0 0 0 0 0 0 0 0 0 0 0 0 0 0 0 0 0 0 0 0 0 0 0 0 0 0 0 0 0 0 0 0 0 0 0 0 0 0 0 0 0 0 0 0 0 0 0 0 0 0 0 0 0 0 0 0 0 0 0 0 0 0 0 0 0 0 0 0 0 0 0 0 0 0 0 0 0 0 0 0 0 0 0 0 0 0 0 0 0 0 0 0 0 0 0 0 0 0 0 0 0 0 0 0 0 0 0 0 0 0 0 0 0 0 0 0 0 0 0 0 0 0 0 0 0 0 0 0 0 0 0 0 0 0 0 0 0 0 0 0 0 0 0 0 0 0 0 0 0 0 0 0 0 0 0 0 0 0 0 0 0 0 0 0 0 0 0 0 0 0 0 0 0 0 0 0 0 0 0 0 0 0 0 0 0 0 0 0 0 0 0 0 0 0 0 0 0 0 0 0 0 0 0 0 0 0 0 0 0 0 0 0 0 0 0 0 0 0 0 0 0 0 0 0 0 0 0 0 0 0 0 0 0 0 0 0 0 0 0 0 0 0 0 0 0 0 0 0 0 0 0 0 0 0 0 0 0 0 0 0 0 0 0 0 0 0 0 0 0 0 0 0 0 0 0 0 0 0 0 0 0 0 0 0 0 0 0 0 0 0 0 0 0 0 0 0 0 0 0 0 0 0 0 0 0 0 0 0 0 0 0 0 0 0 0 0 0 0 0 0 0 0 0 0 0 0 0 0 0 0 0 0 0 0 0 0 0 0 0 0 0 0 0 0 0 0 0 0 0 0 0 0 0 0 0 0 0 0 0 0 0 0 0 0 0 0 0 0 0 0 0 0 0 0 0 0 0 0 0 0 0 0 0 0 0 0 0 0 0 0 0 0 0 0 0 0 0 0 0 0 0 0 0 0 0 0 0 0 0 0 0 0 0 0 0 0 0 0 0 0 0 0 0 0 0 0 0 0 0 0 0 0 0 0 0 0 0 0 0 0 0 0 0 0 0 0 0 0 0 0 0 0 0 0 0 0 0 0 0 0 0 0 0 0 0 0 0 0 0 0 0 0 0 0 0 0 0 0 0 0 0 0 0 0 0 0 0 0 0 0 0 0 0 0 0 0 0 0 0 0 0 0 0 0 0 0 0 0 0 0 0 0 0 0 0 0 0 0 0 0 0 0 0 0 0 0 0 0 0 0 0 0 0 0 0 0 0 0 0 0 0 0 0 0 0 0 0 0 0 0 0 0 0 0 0 0 0 0 0 0 0 0 0 0 0 0 0 0 0 0 0 0 0 0 0 0 0 0 0 0 0 0 0 0 0 0 0 0 0 0 0 0 0 0 0 0 0 0 0 0 0 0 0 0 0 0 0 0 0 0 0 0 0 0 0 0 0 0
ctxt 1400310264
btime 1790630938
processes 111047
procs_running 13
procs_blocked 0
softirq 1315746922 73526 2460907 1286883 1274485165 143233 0 7174917 18375390 410 11746491
--
cpu  1254908 458 664459 9994531 31406 0 256034 0 0 0
cpu0 43720 8 19883 311854 829 0 8874 0 0 0
cpu1 44180 10 19778 312902 565 0 8506 0 0 0
cpu2 44517 8 19685 312992 360 0 8441 0 0 0
cpu3 45264 10 20179 310884 1182 0 8481 0 0 0
cpu4 45575 9 19982 311197 720 0 8564 0 0 0
cpu5 45258 10 19895 311967 359 0 8442 0 0 0
cpu6 44749 8 19793 312581 350 0 8438 0 0 0
cpu7 43825 6 19583 313771 224 0 8262 0 0 0
cpu8 26805 13 20573 322842 1047 0 5432 0 0 0
cpu9 29836 15 21081 317536 2359 0 5628 0 0 0
cpu10 28953 14 20979 319939 1196 0 5742 0 0 0
cpu11 27478 12 20264 324048 625 0 5435 0 0 0
cpu12 44810 83 21680 302424 3039 0 5835 0 0 0
cpu13 43600 14 21896 303890 2418 0 5963 0 0 0
cpu14 27368 10 19860 325804 847 0 5321 0 0 0
cpu15 25961 11 18637 329620 645 0 4847 0 0 0
cpu16 48029 5 20639 308584 364 0 8625 0 0 0
cpu17 47889 5 20661 307702 1256 0 8665 0 0 0
cpu18 47659 6 20505 309136 285 0 8566 0 0 0
cpu19 48810 7 20971 306794 663 0 8800 0 0 0
cpu20 48987 9 20916 306898 692 0 8773 0 0 0
cpu21 47444 7 20441 308898 605 0 8629 0 0 0
cpu22 46496 7 20461 308639 336 0 8577 0 0 0
cpu23 45334 9 20159 311338 302 0 8482 0 0 0
cpu24 29661 13 21028 321695 843 0 5838 0 0 0
cpu25 32057 15 22838 313322 1570 0 6743 0 0 0
cpu26 31109 13 22502 315254 1229 0 6601 0 0 0
cpu27 26856 7 20197 315886 1072 0 11186 0 0 0
cpu28 43164 21 23738 291481 1896 0 13677 0 0 0
cpu29 44892 60 24024 288640 1898 0 13783 0 0 0
cpu30 25966 9 20363 315286 838 0 11036 0 0 0
cpu31 28643 8 21256 320710 774 0 5827 0 0 0
intr 1041283450 126 0 0 0 0 0 0 0 0 1 0 0 0 0 0 0 0 0 0 0 0 0 0 0 0 0 0 1 1 1 0 0 0 0 1 0 1 0 0 75045 0 0 0 0 0 0 0 0 411 0 0 0 0 0 0 0 0 87 0 0 0 0 0 0 0 0 0 0 0 0 0 0 0 137701 2 21192564 21147091 21113024 21222540 0 3275 2362 2921 1563 3081 2643 2059 2561 1472 10345 18228 10230 8160 13228 14745 11309 7368 2694 1791 1459 2357 2247 1934 1590 1625 8921 7183 5014 5630 6505 5737 6121 7965 0 0 0 0 616268 3011 1036 0 264 0 0 0 0 0 0 0 0 0 0 0 0 0 0 0 0 0 0 0 0 0 0 0 0 0 0 0 0 0 0 0 0 0 0 0 0 0 0 0 0 0 0 0 0 0 0 0 0 0 0 0 0 0 0 0 0 0 0 0 0 0 0 0 0 0 0 0 0 0 0 0 0 0 0 0 0 0 0 0 0 0 0 0 0 0 0 0 0 0 0 0 0 0 0 0 0 0 0 0 0 0 0 0 0 0 0 0 0 0 0 0 0 0 0 0 0 0 0 0 0 0 0 0 0 0 0 0 0 0 0 0 0 0 0 0 0 0 0 0 0 0 0 0 0 0 0 0 0 0 0 0 0 0 0 0 0 0 0 0 0 0 0 0 0 0 0 0 0 0 0 0 0 0 0 0 0 0 0 0 0 0 0 0 0 0 0 0 0 0 0 0 0 0 0 0 0 0 0 0 0 0 0 0 0 0 0 0 0 0 0 0 0 0 0 0 0 0 0 0 0 0 0 0 0 0 0 0 0 0 0 0 0 0 0 0 0 0 0 0 0 0 0 0 0 0 0 0 0 0 0 0 0 0 0 0 0 0 0 0 0 0 0 0 0 0 0 0 0 0 0 0 0 0 0 0 0 0 0 0 0 0 0 0 0 0 0 0 0 0 0 0 0 0 0 0 0 0 0 0 0 0 0 0 0 0 0 0 0 0 0 0 0 0 0 0 0 0 0 0 0 0 0 0 0 0 0 0 0 0 0 0 0 0 0 0 0 0 0 0 0 0 0 0 0 0 0 0 0 0 0 0 0 0 0 0 0 0 0 0 0 0 0 0 0 0 0 0 0 0 0 0 0 0 0 0 0 0 0 0 0 0 0 0 0 0 0 0 0 0 0 0 0 0 0 0 0 0 0 0 0 0 0 0 0 0 0 0 0 0 0 0 0 0 0 0 0 0 0 0 0 0 0 0 0 0 0 0 0 0 0 0 0 0 0 0 0 0 0 0 0 0 0 0 0 0 0 0 0 0 0 0 0 0 0 0 0 0 0 0 0 0 0 0 0 0 0 0 0 0 0 0 0 0 0 0 0 0 0 0 0 0 0 0 0 0 0 0 0 0 0 0 0 0 0 0 0 0 0 0 0 0 0 0 0 0 0 0 0 0 0 0 0 0 0 0 0 0 0 0 0 0 0 0 0 0 0 0 0 0 0 0 0 0 0 0 0 0 0 0 0 0 0 0 0 0 0 0 0 0 0 0 0 0 0 0 0 0 0 0 0 0 0 0 0 0 0 0 0 0 0 0 0 0 0 0 0 0 0 0 0 0 0 0 0 0 0 0 0 0 0 0 0 0 0 0 0 0 0 0 0 0 0 0 0 0 0 0 0 0 0 0 0 0 0 0 0 0 0 0 0 0 0 0 0 0 0 0 0 0 0 0 0 0 0 0 0 0 0 0 0 0 0 0 0 0 0 0 0 0 0 0 0 0 0 0 0 0 0 0 0 0 0 0 0 0 0 0 0 0 0 0 0 0 0 0 0 0 0 0 0 0 0 0 0 0 0 0 0 0 0 0 0 0 0 0 0 0 0 0 0 0 0 0 0 0 0 0 0 0 0 0 0 0 0 0 0 0 0 0 0 0 0 0 0 0 0 0 0 0 0 0 0 0 0 0 0 0 0 0 0 0 0 0 0 0 0 0 0 0 0 0 0 0 0 0 0 0 0 0 0 0 0 0 0 0 0 0 0 0 0 0 0 0 0 0 0 0 0 0 0 0 0 0 0 0 0 0 0 0 0 0 0 0 0 0 0 0 0 0 0 0 0 0 0 0 0 0 0 0 0 0 0 0 0 0 0 0 0 0 0 0 0 0 0 0 0 0 0 0 0 0 0 0 0 0 0 0 0 0 0 0 0 0 0 0 0 0 0 0 0 0 0 0 0 0 0 0 0 0 0 0 0 0 0 0 0 0 0 0 0 0 0 0 0 0 0 0 0 0 0 0 0 0 0 0 0 0 0 0 0 0 0 0 0 0 0 0 0 0 0 0 0 0 0 0 0 0 0 0 0 0 0 0 0 0 0 0 0 0 0 0 0 0 0 0 0 0 0 0 0 0 0 0 0 0 0 0 0 0 0 0 0 0 0 0 0 0 0 0 0 0 0 0 0 0 0 0 0 0 0 0 0 0 0 0 0 0 0 0 0 0 0 0 0 0 0 0 0 0 0 0 0 0 0 0 0 0 0 0 0 0 0 0 0 0 0 0 0 0 0 0 0 0 0 0 0 0 0 0 0 0 0 0 0 0 0 0 0 0 0 0 0 0 0 0 0 0 0 0 0 0 0 0 0 0 0 0 0 0 0 0 0 0 0 0 0 0 0 0 0 0 0 0 0 0 0 0 0 0 0 0 0 0 0 0 0 0 0 0 0 0 0 0 0 0 0 0 0 0 0 0 0 0 0 0 0 0 0 0 0 0 0 0 0 0 0 0 0 0 0 0 0
ctxt 1406665530
btime 1790630938
processes 111123
procs_running 1
procs_blocked 0
softirq 1319041975 73526 2465840 1287022 1277704491 143393 0 7174917 18418732 410 11773644
## client-stat
cpu  802952316 23598936 303400227 93436968525 610716142 0 8852540 0 0 0
cpu0 29447137 224394 7362635 1619920801 8331208 0 166000 0 0 0
cpu1 29266524 432889 7644210 1649250801 11021747 0 55854 0 0 0
cpu2 28200165 463108 7593295 1652789699 10878481 0 36748 0 0 0
cpu3 25943688 484906 6793191 1656243906 11039328 0 30929 0 0 0
cpu4 22369670 490414 6374875 1660306425 11076811 0 30424 0 0 0
cpu5 19970097 494023 5980255 1662909083 11317433 0 28609 0 0 0
cpu6 17827854 497511 5639584 1665536819 11192004 0 28799 0 0 0
cpu7 16614313 487783 5478994 1666971562 11171177 0 26821 0 0 0
cpu8 15340734 485635 5286310 1668193282 11408565 0 26838 0 0 0
cpu9 14906999 489844 5255604 1668685247 11338784 0 27012 0 0 0
cpu10 14408342 472357 5137146 1669194503 11495273 0 26244 0 0 0
cpu11 14133263 465792 5148974 1669196700 11699854 0 27384 0 0 0
cpu12 14189273 458188 5271855 1669309380 11397570 0 26466 0 0 0
cpu13 12799917 425511 5434353 1668754264 9922489 0 1897775 0 0 0
cpu14 31524354 477236 7838172 1650088069 10085288 0 176348 0 0 0
cpu15 21118498 503934 6806012 1660862861 10896714 0 174666 0 0 0
cpu16 17755442 491819 6316648 1664579531 11133746 0 175035 0 0 0
cpu17 14932694 500066 5674314 1668347514 10904714 0 170083 0 0 0
cpu18 13593371 505884 5522842 1670062912 10640463 0 174375 0 0 0
cpu19 12937626 472687 5419891 1670830730 10655433 0 173363 0 0 0
cpu20 13088809 493492 5353641 1670716955 10657848 0 174650 0 0 0
cpu21 12211170 482428 5341042 1671482900 10771522 0 172961 0 0 0
cpu22 11982456 482914 5343037 1671405856 11081745 0 174819 0 0 0
cpu23 11694839 471865 5192912 1672152389 10734620 0 173866 0 0 0
cpu24 11731864 448076 5195980 1671870342 11041823 0 172177 0 0 0
cpu25 11557756 450839 5259683 1672341786 10684592 0 179373 0 0 0
cpu26 12010573 478046 5300115 1671770993 10627841 0 181295 0 0 0
cpu27 13882575 464459 5488283 1669433080 10979870 0 178532 0 0 0
cpu28 18769070 361854 5860960 1658274571 9964345 0 1260396 0 0 0
cpu29 13427376 381424 5531270 1669049497 11673521 0 63884 0 0 0
cpu30 12752215 342093 5328862 1670891157 11247226 0 27123 0 0 0
cpu31 11676939 306256 5010378 1672836473 10868893 0 24458 0 0 0
cpu32 10894862 292303 4885238 1673250777 11397052 0 24300 0 0 0
cpu33 10507060 294659 4789497 1673054709 12114729 0 23876 0 0 0
cpu34 10107814 300801 4685691 1673711950 11872550 0 22983 0 0 0
cpu35 9690181 288349 4579421 1674414030 11825067 0 24627 0 0 0
cpu36 9561272 287721 4478761 1674934596 11575318 0 22898 0 0 0
cpu37 9402317 302139 4459112 1675108769 11595787 0 22640 0 0 0
cpu38 9341229 311327 4411855 1675475852 11334678 0 22784 0 0 0
cpu39 9402963 310554 4504798 1675247199 11304550 0 23527 0 0 0
cpu40 9357065 306218 4532037 1675477374 11111562 0 24351 0 0 0
cpu41 9760386 317785 4533019 1674781678 11289721 0 23930 0 0 0
cpu42 13910776 443034 5478538 1670129986 10331908 0 171837 0 0 0
cpu43 11930728 434858 5191396 1672262113 10395082 0 168337 0 0 0
cpu44 11767568 425576 5249580 1672593721 10306540 0 168607 0 0 0
cpu45 11245673 430940 5013864 1673264999 10414903 0 162225 0 0 0
cpu46 11127895 431394 5008269 1673291149 10520719 0 163817 0 0 0
cpu47 10943304 452452 5031451 1673319107 10626092 0 164698 0 0 0
cpu48 11671414 439673 5000558 1672725032 10596881 0 163969 0 0 0
cpu49 11121227 416764 5033856 1673445342 10393333 0 167053 0 0 0
cpu50 11066862 440746 4999215 1673147686 10735848 0 165692 0 0 0
cpu51 11322725 447564 5004383 1673050957 10531465 0 168266 0 0 0
cpu52 11033968 446614 4994345 1673177133 10709843 0 168472 0 0 0
cpu53 11095811 432568 5075922 1673195924 10559337 0 175319 0 0 0
cpu54 11462735 425131 5051172 1672782804 10642444 0 172568 0 0 0
cpu55 13160852 432016 5222902 1670865526 10589774 0 172432 0 0 0
intr 106377058869 74 4 0 0 0 0 0 0 0 0 0 0 6 0 0 0 0 360 213 2556226457 0 0 0 0 0 0 0 0 0 0 0 0 0 0 0 0 0 2395235915 426512259 8318474 677 278 24496490 0 0 0 0 0 0 0 0 0 0 0 0 0 0 0 0 0 0 0 0 0 0 0 0 0 0 0 0 0 0 0 0 0 0 0 0 0 0 0 0 0 0 0 0 0 0 0 0 0 0 0 0 0 0 0 0 0 0 0 0 0 0 0 0 0 0 0 0 0 0 0 0 0 0 0 0 0 0 0 0 0 0 0 0 0 0 0 0 0 0 0 0 0 0 0 0 0 0 0 0 0 0 0 0 0 0 0 0 0 0 0 0 0 0 0 0 0 0 0 0 0 0 0 0 0 0 0 0 0 0 0 0 0 0 0 0 0 0 0 0 0 0 0 0 0 0 0 0 0 0 0 0 0 0 0 0 0 0 0 0 0 0 0 0 0 0 0 0 0 0 0 0 0 0 0 0 0 0 0 0 0 0 0 0 0 0 0 0 0 0 0 0 0 0 0 0 0 0 0 0 0 0 0 0 0 0 0 0 0 0 0 0 0 0 0 0 0 0 0 0 0 0 0 0 0 0 0 0 0 0 0 0 0 0 0 0 0 0 0 0 0 0 0 0 0 0 0 0 0 0 0 0 0 0 0 0 0 0 0 0 0 0 0 0 0 0 0 0 0 0 0 0 0 0 0 0 0 0 0 0 0 0 0 0 0 0 0 0 0 0 0 0 0 0 0 0 0 0 0 0 0 0 0 0 0 0 0 0 0 0 0 0 0 0 0 0 0 0 0 0 0 0 0 0 0 0 0 0 0 0 0 0 0 0 0 0 0 0 0 0 0 0 0 0 0 0 0 0 0 0 0 0 0 0 0 0 0 0 0 0 0 0 0 0 0 0 0 0 0 0 0 0 0 0 0 0 0 0 0 0 0 0 0 0 0 0 0 0 0 0 0 0 0 0 0 0 0 0 0 0 0 0 0 0 0 0 0 0 0 0 0 0 0 0 0 0 0 0 0 0 0 0 0 0 0 0 0 0 0 0 0 0 0 0 0 0 0 0 0 0 0 0 0 0 0 0 0 0 0 0 0 0 0 0 0 0 0 0 0 0 0 0 0 0 0 0 0 0 0 0 0 0 0 0 0 0 0 0 0 0 0 0 0 0 0 0 0 0 0 0 0 0 0 0 0 0 0 0 0 0 0 0 0 0 0 0 0 0 0 0 0 0 0 0 0 0 0 0 0 0 0 0 0 0 0 0 0 0 0 0 0 0 0 0 0 0 0 0 0 0 0 0 0 0 0 0 0 0 0 0 0 0 0 0 0 0 0 0 0 0 0 0 0 0 0 0 0 0 0 0 0 0 0 0 0 0 0 0 0 0 0 0 0 0 0 0 0 0 0 0 0 0 0 0 0 0 0 0 0 0 0 0 0 0 0 0 0 0 0 0 0 0 0 0 0 0 0 0 0 0 0 0 0 0 0 0 0 0 0 0 0 0 0 0 0 0 0 0 0 0 0 0 0 0 0 0 0 0 0 0 0 0 0 0 0 0 0 0 0 0 0 0 0 0 0 0 0 0 0 0 0 0 0 0 0 0 0 0 0 0 0 0 0 0 0 0 0 0 0 0 0 0 0 0 0 0 0 0 0 0 0 0 0 0 0 0 0 0 0 0 0 0 0 0 0 0 0 0 0 0 0 0 0 0 0 0 0 0 0 0 0 0 0 0 0 0 0 0 0 0 0 0 0 0 0 0 0 0 0 0 0 0 0 0 0 0 0 0 0 0 0 0 0 0 0 0 0 0 0 0 0 0 0 0 0 0 0 0 0 0 0 0 0 0 0 0 0 0 0 0 0 0 0 0 0 0 0 0 0 0 0 0 0 0 0 0 0 0 0 0 0 0 0 0 0 0 0 0 0 0 0 0 0 0 0 0 0 0 0 0 0 0 0 0 0 0 0 0 0 0 0 0 0 0 0 0 0 0 0 0 0 0 0 0 0 0 0 0 0 0 0 0 0 0 0 0 0 0 0 0 0 0 0 0 0 0 0 0 0 0 0 0 0 0 0 0 0 0 0 0 0 0 0 0 0 0 0 0 0 0 0 0 0 0 0 0 0 0 0 0 0 0 0 0 0 0 0 0 0 0 0 0 0 0 0 0 0 0 0 0 0 0 0 0 0 0 0 0 0 0 0 0 0 0 0 0 0 0 0 0 0 0 0 0 0 0 0 0 0 0 0 0 0 0 0 0 0 0 0 0 0 0 0 0 0 0 0 0 0 0 0 0 0 0 0 0 0 0 0 0 0 0 0 0 0 0 0 0 0 0 0 0 0 0 0 0 0 0 0 0 0 0 0 0 0 0 0 0 0 0 0 0 0 0 0 0 0 0 0 0 0 0 0 0 0 0 0 0 0 0 0 0 0 0 0 0 0 0 0 0 0 0 0 0 0 0 0 0 0 0 0 0 0 0 0 0 0 0 0 0 0 0 0 0 0 0 0 0 0 0 0 0 0 0 0 0 0 0 0 0 0 0 0 0 0 0 0 0 0 0 0 0 0 0 0 0 0 0 0 0 0 0 0 0 0 0 0 0 0 0 0 0 0 0 0 0 0 0 0 0 0 0 0 0 0 0 0 0 0 0 0 0 0 0 0 0 0 0 0 0 0 0 0 0 0 0 0 0 0 0 0 0 0 0 0 0 0 0 0 0 0 0 0 0 0 0 0 0 0 0 0 0 0 0 0 0 0 0 0 0 0 0 0 0 0 0 0 0 0 0 0 0 0 0 0 0 0 0 0 0 0 0 0 0 0 0 0 0 0 0 0 0 0 0 0 0 0 0 0 0 0 0 0 0 0 0 0 0 0 0 0 0 0 0 0 0 0 0 0 0 0 0 0 0 0 0 0 0 0 0 0 0 0 0 0 0 0 0 0 0 0 0 0 0 0 0 0 0 0 0 0 0 0 0 0 0 0 0 0 0 0 0 0 0 0 0 0 0 0 0 0 0 0 0 0 0 0 0 0 0 0 0 0 0 0 0 0 0 0 0 0 0 0 0 0 0 0 0 0 0 0 0 0 0 0 0 0 0 0 0 0 0 0 0 0 0 0 0 0 0 0 0 0 0 0 0 0 0 0 0 0 0 0 0 0 0 0 0 0 0 0 0 0 0 0 0 0 0 0 0 0 0 0 0 0 0 0 0 0 0 0 0 0 0 0 0 0 0 0 0 0 0 0 0 0 0 0 0 0 0 0 0 0 0 0 0 0 0 0 0 0 0 0 0 0 0 0 0 0 0 0 0 0 0 0 0 0 0 0 0 0 0 0 0 0 0 0 0 0 0 0 0 0 0 0 0 0 0 0 0 0 0 0 0 0 0 0 0 0 0 0 0 0 0 0 0 0 0 0 0 0 0 0 0 0 0 0 0 0 0 0 0 0 0 0 0 0 0 0 0 0 0 0 0 0 0 0 0 0 0 0 0 0 0 0 0 0 0 0 0 0 0 0 0 0 0 0 0 0 0 0 0 0 0 0 0 0 0 0 0 0 0 0 0 0 0 0 0 0 0 0 0 0 0 0 0 0 0 0 0 0 0 0 0 0 0 0 0 0 0 0 0 0 0 0 0 0 0 0 0 0 0 0 0 0 0 0 0 0 0 0 0 0 0 0 0 0 0 0 0 0 0 0 0 0 0 0 0 0 0 0 0 0 0 0 0 0 0 0 0 0 0 0 0 0 0 0 0 0 0 0 0 0 0 0 0 0 0 0 0 0 0 0 0 0
ctxt 208308297456
btime 1773600682
processes 94928978
procs_running 23
procs_blocked 0
softirq 43049813982 256 2278526440 38726130 899654798 1476315438 0 2936405739 573341133 5109161 481996519
--
cpu  802954385 23598936 303409456 93436997244 610716287 0 8855987 0 0 0
cpu0 29447159 224394 7362725 1619921379 8331214 0 166025 0 0 0
cpu1 29266561 432889 7644367 1649251333 11021749 0 55902 0 0 0
cpu2 28200201 463108 7593454 1652790232 10878481 0 36795 0 0 0
cpu3 25943730 484906 6793363 1656244435 11039328 0 30969 0 0 0
cpu4 22369707 490414 6375033 1660306958 11076819 0 30471 0 0 0
cpu5 19970138 494023 5980424 1662909605 11317439 0 28654 0 0 0
cpu6 17827890 497511 5639756 1665537343 11192013 0 28841 0 0 0
cpu7 16614347 487783 5479154 1666972101 11171180 0 26865 0 0 0
cpu8 15340775 485635 5286478 1668193814 11408567 0 26878 0 0 0
cpu9 14907035 489844 5255760 1668685783 11338789 0 27057 0 0 0
cpu10 14408383 472357 5137307 1669195035 11495273 0 26286 0 0 0
cpu11 14133299 465792 5149145 1669197227 11699857 0 27428 0 0 0
cpu12 14189311 458188 5272021 1669309901 11397578 0 26511 0 0 0
cpu13 12799957 425511 5434521 1668754790 9922489 0 1897818 0 0 0
cpu14 31524392 477236 7838350 1650088577 10085288 0 176402 0 0 0
cpu15 21118537 503934 6806186 1660863370 10896715 0 174722 0 0 0
cpu16 17755478 491819 6316827 1664580043 11133746 0 175084 0 0 0
cpu17 14932733 500066 5674490 1668348027 10904714 0 170133 0 0 0
cpu18 13593412 505884 5523021 1670063423 10640463 0 174424 0 0 0
cpu19 12937663 472687 5420058 1670831252 10655433 0 173422 0 0 0
cpu20 13088846 493492 5353821 1670717469 10657848 0 174701 0 0 0
cpu21 12211211 482428 5341216 1671483406 10771522 0 173010 0 0 0
cpu22 11982490 482914 5343212 1671406370 11081745 0 174870 0 0 0
cpu23 11694884 471865 5193085 1672152897 10734620 0 173919 0 0 0
cpu24 11731902 448076 5196159 1671870856 11041825 0 172226 0 0 0
cpu25 11557793 450839 5259860 1672342294 10684592 0 179426 0 0 0
cpu26 12010609 478046 5300291 1671771504 10627841 0 181351 0 0 0
cpu27 13882614 464459 5488461 1669433588 10979870 0 178586 0 0 0
cpu28 18769070 361854 5860960 1658274571 9964345 0 1261196 0 0 0
cpu29 13427412 381424 5531425 1669050037 11673530 0 63930 0 0 0
cpu30 12752254 342093 5329035 1670891650 11247268 0 27167 0 0 0
cpu31 11676976 306256 5010533 1672837020 10868894 0 24507 0 0 0
cpu32 10894901 292303 4885400 1673251312 11397054 0 24343 0 0 0
cpu33 10507100 294659 4789662 1673055237 12114735 0 23918 0 0 0
cpu34 10107855 300801 4685850 1673712483 11872554 0 23026 0 0 0
cpu35 9690216 288349 4579572 1674414577 11825069 0 24672 0 0 0
cpu36 9561311 287721 4478920 1674935133 11575321 0 22936 0 0 0
cpu37 9402357 302139 4459280 1675109305 11595787 0 22682 0 0 0
cpu38 9341271 311327 4412017 1675476386 11334682 0 22828 0 0 0
cpu39 9403001 310554 4504964 1675247730 11304553 0 23571 0 0 0
cpu40 9357102 306218 4532203 1675477906 11111562 0 24400 0 0 0
cpu41 9760422 317785 4533189 1674782205 11289725 0 23976 0 0 0
cpu42 13910813 443034 5478709 1670130495 10331908 0 171891 0 0 0
cpu43 11930767 434858 5191569 1672262622 10395082 0 168390 0 0 0
cpu44 11767600 425576 5249744 1672594244 10306540 0 168663 0 0 0
cpu45 11245713 430940 5014046 1673265504 10414903 0 162277 0 0 0
cpu46 11127933 431394 5008436 1673291663 10520719 0 163867 0 0 0
cpu47 10943342 452452 5031630 1673319607 10626099 0 164751 0 0 0
cpu48 11671453 439673 5000731 1672725549 10596881 0 164021 0 0 0
cpu49 11121262 416764 5034028 1673445860 10393334 0 167104 0 0 0
cpu50 11066901 440746 4999388 1673148202 10735848 0 165744 0 0 0
cpu51 11322758 447564 5004560 1673051476 10531465 0 168316 0 0 0
cpu52 11034012 446614 4994515 1673177648 10709843 0 168524 0 0 0
cpu53 11095846 432568 5076102 1673196429 10559340 0 175373 0 0 0
cpu54 11462769 425131 5051335 1672783322 10642444 0 172627 0 0 0
cpu55 13160888 432016 5223083 1670866033 10589774 0 172487 0 0 0
intr 106377719478 74 4 0 0 0 0 0 0 0 0 0 0 6 0 0 0 0 360 213 2556227583 0 0 0 0 0 0 0 0 0 0 0 0 0 0 0 0 0 2395235915 426512645 8318478 677 278 24496490 0 0 0 0 0 0 0 0 0 0 0 0 0 0 0 0 0 0 0 0 0 0 0 0 0 0 0 0 0 0 0 0 0 0 0 0 0 0 0 0 0 0 0 0 0 0 0 0 0 0 0 0 0 0 0 0 0 0 0 0 0 0 0 0 0 0 0 0 0 0 0 0 0 0 0 0 0 0 0 0 0 0 0 0 0 0 0 0 0 0 0 0 0 0 0 0 0 0 0 0 0 0 0 0 0 0 0 0 0 0 0 0 0 0 0 0 0 0 0 0 0 0 0 0 0 0 0 0 0 0 0 0 0 0 0 0 0 0 0 0 0 0 0 0 0 0 0 0 0 0 0 0 0 0 0 0 0 0 0 0 0 0 0 0 0 0 0 0 0 0 0 0 0 0 0 0 0 0 0 0 0 0 0 0 0 0 0 0 0 0 0 0 0 0 0 0 0 0 0 0 0 0 0 0 0 0 0 0 0 0 0 0 0 0 0 0 0 0 0 0 0 0 0 0 0 0 0 0 0 0 0 0 0 0 0 0 0 0 0 0 0 0 0 0 0 0 0 0 0 0 0 0 0 0 0 0 0 0 0 0 0 0 0 0 0 0 0 0 0 0 0 0 0 0 0 0 0 0 0 0 0 0 0 0 0 0 0 0 0 0 0 0 0 0 0 0 0 0 0 0 0 0 0 0 0 0 0 0 0 0 0 0 0 0 0 0 0 0 0 0 0 0 0 0 0 0 0 0 0 0 0 0 0 0 0 0 0 0 0 0 0 0 0 0 0 0 0 0 0 0 0 0 0 0 0 0 0 0 0 0 0 0 0 0 0 0 0 0 0 0 0 0 0 0 0 0 0 0 0 0 0 0 0 0 0 0 0 0 0 0 0 0 0 0 0 0 0 0 0 0 0 0 0 0 0 0 0 0 0 0 0 0 0 0 0 0 0 0 0 0 0 0 0 0 0 0 0 0 0 0 0 0 0 0 0 0 0 0 0 0 0 0 0 0 0 0 0 0 0 0 0 0 0 0 0 0 0 0 0 0 0 0 0 0 0 0 0 0 0 0 0 0 0 0 0 0 0 0 0 0 0 0 0 0 0 0 0 0 0 0 0 0 0 0 0 0 0 0 0 0 0 0 0 0 0 0 0 0 0 0 0 0 0 0 0 0 0 0 0 0 0 0 0 0 0 0 0 0 0 0 0 0 0 0 0 0 0 0 0 0 0 0 0 0 0 0 0 0 0 0 0 0 0 0 0 0 0 0 0 0 0 0 0 0 0 0 0 0 0 0 0 0 0 0 0 0 0 0 0 0 0 0 0 0 0 0 0 0 0 0 0 0 0 0 0 0 0 0 0 0 0 0 0 0 0 0 0 0 0 0 0 0 0 0 0 0 0 0 0 0 0 0 0 0 0 0 0 0 0 0 0 0 0 0 0 0 0 0 0 0 0 0 0 0 0 0 0 0 0 0 0 0 0 0 0 0 0 0 0 0 0 0 0 0 0 0 0 0 0 0 0 0 0 0 0 0 0 0 0 0 0 0 0 0 0 0 0 0 0 0 0 0 0 0 0 0 0 0 0 0 0 0 0 0 0 0 0 0 0 0 0 0 0 0 0 0 0 0 0 0 0 0 0 0 0 0 0 0 0 0 0 0 0 0 0 0 0 0 0 0 0 0 0 0 0 0 0 0 0 0 0 0 0 0 0 0 0 0 0 0 0 0 0 0 0 0 0 0 0 0 0 0 0 0 0 0 0 0 0 0 0 0 0 0 0 0 0 0 0 0 0 0 0 0 0 0 0 0 0 0 0 0 0 0 0 0 0 0 0 0 0 0 0 0 0 0 0 0 0 0 0 0 0 0 0 0 0 0 0 0 0 0 0 0 0 0 0 0 0 0 0 0 0 0 0 0 0 0 0 0 0 0 0 0 0 0 0 0 0 0 0 0 0 0 0 0 0 0 0 0 0 0 0 0 0 0 0 0 0 0 0 0 0 0 0 0 0 0 0 0 0 0 0 0 0 0 0 0 0 0 0 0 0 0 0 0 0 0 0 0 0 0 0 0 0 0 0 0 0 0 0 0 0 0 0 0 0 0 0 0 0 0 0 0 0 0 0 0 0 0 0 0 0 0 0 0 0 0 0 0 0 0 0 0 0 0 0 0 0 0 0 0 0 0 0 0 0 0 0 0 0 0 0 0 0 0 0 0 0 0 0 0 0 0 0 0 0 0 0 0 0 0 0 0 0 0 0 0 0 0 0 0 0 0 0 0 0 0 0 0 0 0 0 0 0 0 0 0 0 0 0 0 0 0 0 0 0 0 0 0 0 0 0 0 0 0 0 0 0 0 0 0 0 0 0 0 0 0 0 0 0 0 0 0 0 0 0 0 0 0 0 0 0 0 0 0 0 0 0 0 0 0 0 0 0 0 0 0 0 0 0 0 0 0 0 0 0 0 0 0 0 0 0 0 0 0 0 0 0 0 0 0 0 0 0 0 0 0 0 0 0 0 0 0 0 0 0 0 0 0 0 0 0 0 0 0 0 0 0 0 0 0 0 0 0 0 0 0 0 0 0 0 0 0 0 0 0 0 0 0 0 0 0 0 0 0 0 0 0 0 0 0 0 0 0 0 0 0 0 0 0 0 0 0 0 0 0 0 0 0 0 0 0 0 0 0 0 0 0 0 0 0 0 0 0 0 0 0 0 0 0 0 0 0 0 0 0 0 0 0 0 0 0 0 0 0 0 0 0 0 0 0 0 0 0 0 0 0 0 0 0 0 0 0 0 0 0 0 0 0 0 0 0 0 0 0 0 0 0 0 0 0 0 0 0 0 0 0 0 0 0 0 0 0 0 0 0 0 0 0 0 0 0 0 0 0 0 0 0 0 0 0 0 0 0 0 0 0 0 0 0 0 0 0 0 0 0 0 0 0 0 0 0 0 0 0 0 0 0 0 0 0 0 0 0 0 0 0 0 0 0 0 0 0 0 0 0 0 0 0 0 0 0 0 0 0 0 0 0 0 0 0 0 0 0 0 0 0 0 0 0 0 0 0 0 0 0 0 0 0 0 0 0 0 0 0 0 0 0 0 0 0 0 0 0 0 0 0 0 0 0 0 0 0 0 0 0 0 0 0 0 0 0 0 0 0 0 0 0 0 0 0 0 0 0 0 0 0 0 0 0 0 0 0 0 0 0 0 0 0 0 0 0 0 0 0 0 0 0 0 0 0 0 0 0 0 0 0 0 0 0 0 0 0 0 0 0 0 0 0 0 0 0 0 0 0 0 0 0 0 0 0 0 0 0 0 0 0 0 0 0 0 0 0 0 0 0 0 0 0 0 0 0 0 0 0 0 0 0 0 0 0 0 0 0 0 0 0 0 0 0 0 0 0 0 0 0 0 0 0 0 0 0 0 0 0 0 0 0 0 0 0 0 0 0 0 0 0 0 0 0 0 0 0 0 0 0 0 0 0 0 0 0 0 0 0 0 0 0 0 0 0 0 0 0 0 0 0 0 0 0 0 0 0 0 0 0 0 0 0 0 0 0 0 0 0 0 0 0 0 0 0 0 0 0 0 0 0 0 0 0 0 0 0 0 0 0 0 0 0 0 0 0 0 0 0 0 0 0 0 0 0 0 0 0 0 0 0 0 0 0 0 0 0 0 0 0 0 0 0 0 0 0 0 0 0 0 0 0 0 0 0 0 0 0
ctxt 208312891246
btime 1773600682
processes 94928996
procs_running 21
procs_blocked 0
softirq 43051400037 256 2278528080 38738671 901021321 1476316298 0 2936407260 573490083 5109161 482050539
