Running 10s test @ http://192.168.10.15:18500/json
  32 threads and 64 connections
  Thread Stats   Avg      Stdev     Max   +/- Stdev
    Latency   346.89us  125.30us   4.32ms   77.78%
    Req/Sec     5.54k   298.32     6.40k    69.15%
  Latency Distribution
     50%  320.00us
     75%  397.00us
     90%  506.00us
     99%  755.00us
  1782771 requests in 10.10s, 300.93MB read
Requests/sec: 176511.07
Transfer/sec:     29.80MB
## drops 0 0
## server-stat
cpu  1123284 395 609346 8072523 29615 0 240911 0 0 0
cpu0 41883 6 18962 247571 749 0 8675 0 0 0
cpu1 42208 8 18885 248223 558 0 8392 0 0 0
cpu2 42488 7 18801 248346 355 0 8334 0 0 0
cpu3 43065 8 19295 246413 1177 0 8370 0 0 0
cpu4 43347 7 19125 246738 714 0 8440 0 0 0
cpu5 43070 8 19046 247439 353 0 8325 0 0 0
cpu6 42647 7 18935 247972 332 0 8328 0 0 0
cpu7 41939 5 18767 249003 164 0 8176 0 0 0
cpu8 21584 12 18140 265404 1013 0 5106 0 0 0
cpu9 23783 11 18377 261680 2266 0 5205 0 0 0
cpu10 23055 11 18318 263721 1149 0 5345 0 0 0
cpu11 22113 10 17827 266784 557 0 5092 0 0 0
cpu12 37821 80 18875 247497 2911 0 5357 0 0 0
cpu13 36657 12 19135 248922 2271 0 5485 0 0 0
cpu14 22155 9 17443 268156 794 0 5006 0 0 0
cpu15 21161 9 16418 271152 631 0 4573 0 0 0
cpu16 45492 4 19721 244478 358 0 8468 0 0 0
cpu17 45351 4 19735 243641 1210 0 8508 0 0 0
cpu18 45169 5 19605 244986 264 0 8426 0 0 0
cpu19 46099 6 20029 242967 604 0 8634 0 0 0
cpu20 46222 8 19984 243067 650 0 8617 0 0 0
cpu21 44960 5 19536 244873 499 0 8487 0 0 0
cpu22 44161 6 19607 244318 319 0 8460 0 0 0
cpu23 43177 8 19304 246879 278 0 8373 0 0 0
cpu24 24078 11 18606 264492 801 0 5433 0 0 0
cpu25 25936 12 20254 257084 1504 0 6224 0 0 0
cpu26 25127 10 19956 258778 1132 0 6119 0 0 0
cpu27 21753 6 18014 260500 999 0 9559 0 0 0
cpu28 35728 17 20887 239823 1804 0 11216 0 0 0
cpu29 37056 54 20969 237924 1724 0 11290 0 0 0
cpu30 20799 8 17967 260307 747 0 9402 0 0 0
cpu31 23187 8 18808 263369 715 0 5471 0 0 0
intr 815935740 126 0 0 0 0 0 0 0 0 1 0 0 0 0 0 0 0 0 0 0 0 0 0 0 0 0 0 1 1 1 0 0 0 0 1 0 1 0 0 75045 0 0 0 0 0 0 0 0 411 0 0 0 0 0 0 0 0 87 0 0 0 0 0 0 0 0 0 0 0 0 0 0 0 120271 2 12617191 12566522 12533431 12638368 0 2716 2271 2843 1474 3029 2628 2049 2519 1389 10128 18003 9958 8097 13038 14538 11226 7240 2665 1758 1419 2307 2183 1886 1510 1570 8805 6880 4879 5414 6267 5582 5971 7850 0 0 0 0 616220 2934 1036 0 264 0 0 0 0 0 0 0 0 0 0 0 0 0 0 0 0 0 0 0 0 0 0 0 0 0 0 0 0 0 0 0 0 0 0 0 0 0 0 0 0 0 0 0 0 0 0 0 0 0 0 0 0 0 0 0 0 0 0 0 0 0 0 0 0 0 0 0 0 0 0 0 0 0 0 0 0 0 0 0 0 0 0 0 0 0 0 0 0 0 0 0 0 0 0 0 0 0 0 0 0 0 0 0 0 0 0 0 0 0 0 0 0 0 0 0 0 0 0 0 0 0 0 0 0 0 0 0 0 0 0 0 0 0 0 0 0 0 0 0 0 0 0 0 0 0 0 0 0 0 0 0 0 0 0 0 0 0 0 0 0 0 0 0 0 0 0 0 0 0 0 0 0 0 0 0 0 0 0 0 0 0 0 0 0 0 0 0 0 0 0 0 0 0 0 0 0 0 0 0 0 0 0 0 0 0 0 0 0 0 0 0 0 0 0 0 0 0 0 0 0 0 0 0 0 0 0 0 0 0 0 0 0 0 0 0 0 0 0 0 0 0 0 0 0 0 0 0 0 0 0 0 0 0 0 0 0 0 0 0 0 0 0 0 0 0 0 0 0 0 0 0 0 0 0 0 0 0 0 0 0 0 0 0 0 0 0 0 0 0 0 0 0 0 0 0 0 0 0 0 0 0 0 0 0 0 0 0 0 0 0 0 0 0 0 0 0 0 0 0 0 0 0 0 0 0 0 0 0 0 0 0 0 0 0 0 0 0 0 0 0 0 0 0 0 0 0 0 0 0 0 0 0 0 0 0 0 0 0 0 0 0 0 0 0 0 0 0 0 0 0 0 0 0 0 0 0 0 0 0 0 0 0 0 0 0 0 0 0 0 0 0 0 0 0 0 0 0 0 0 0 0 0 0 0 0 0 0 0 0 0 0 0 0 0 0 0 0 0 0 0 0 0 0 0 0 0 0 0 0 0 0 0 0 0 0 0 0 0 0 0 0 0 0 0 0 0 0 0 0 0 0 0 0 0 0 0 0 0 0 0 0 0 0 0 0 0 0 0 0 0 0 0 0 0 0 0 0 0 0 0 0 0 0 0 0 0 0 0 0 0 0 0 0 0 0 0 0 0 0 0 0 0 0 0 0 0 0 0 0 0 0 0 0 0 0 0 0 0 0 0 0 0 0 0 0 0 0 0 0 0 0 0 0 0 0 0 0 0 0 0 0 0 0 0 0 0 0 0 0 0 0 0 0 0 0 0 0 0 0 0 0 0 0 0 0 0 0 0 0 0 0 0 0 0 0 0 0 0 0 0 0 0 0 0 0 0 0 0 0 0 0 0 0 0 0 0 0 0 0 0 0 0 0 0 0 0 0 0 0 0 0 0 0 0 0 0 0 0 0 0 0 0 0 0 0 0 0 0 0 0 0 0 0 0 0 0 0 0 0 0 0 0 0 0 0 0 0 0 0 0 0 0 0 0 0 0 0 0 0 0 0 0 0 0 0 0 0 0 0 0 0 0 0 0 0 0 0 0 0 0 0 0 0 0 0 0 0 0 0 0 0 0 0 0 0 0 0 0 0 0 0 0 0 0 0 0 0 0 0 0 0 0 0 0 0 0 0 0 0 0 0 0 0 0 0 0 0 0 0 0 0 0 0 0 0 0 0 0 0 0 0 0 0 0 0 0 0 0 0 0 0 0 0 0 0 0 0 0 0 0 0 0 0 0 0 0 0 0 0 0 0 0 0 0 0 0 0 0 0 0 0 0 0 0 0 0 0 0 0 0 0 0 0 0 0 0 0 0 0 0 0 0 0 0 0 0 0 0 0 0 0 0 0 0 0 0 0 0 0 0 0 0 0 0 0 0 0 0 0 0 0 0 0 0 0 0 0 0 0 0 0 0 0 0 0 0 0 0 0 0 0 0 0 0 0 0 0 0 0 0 0 0 0 0 0 0 0 0 0 0 0 0 0 0 0 0 0 0 0 0 0 0 0 0 0 0 0 0 0 0 0 0 0 0 0 0 0 0 0 0 0 0 0 0 0 0 0 0 0 0 0 0 0 0 0 0 0 0 0 0 0 0 0 0 0 0 0 0 0 0 0 0 0 0 0 0 0 0 0 0 0 0 0 0 0 0 0 0 0 0 0 0 0 0 0 0 0 0 0 0 0 0 0 0 0 0 0 0 0 0 0 0 0 0 0 0 0 0 0 0 0 0 0 0 0 0 0 0 0 0 0 0 0 0 0 0 0 0 0 0 0 0 0 0 0 0 0 0 0 0 0 0 0 0 0 0 0 0 0 0 0 0 0 0 0 0 0 0 0 0 0 0 0 0 0 0 0 0 0 0 0 0 0 0 0 0 0 0 0 0 0 0 0 0 0 0 0 0 0 0 0 0 0 0 0 0 0 0 0 0 0 0 0 0 0 0 0 0 0 0 0 0 0 0 0 0 0 0 0 0 0 0 0 0 0 0 0 0 0 0 0 0
ctxt 1160403947
btime 1790630938
processes 90723
procs_running 9
procs_blocked 0
softirq 1197321765 73526 1944177 478030 1163916712 125313 0 4767216 15925109 410 10091272
--
cpu  1127713 397 611010 8089281 29639 0 241165 0 0 0
cpu0 41959 6 19003 248187 756 0 8680 0 0 0
cpu1 42286 8 18922 248862 558 0 8394 0 0 0
cpu2 42567 7 18836 248992 355 0 8336 0 0 0
cpu3 43138 8 19331 247059 1178 0 8372 0 0 0
cpu4 43420 7 19159 247385 714 0 8442 0 0 0
cpu5 43144 8 19074 248094 353 0 8327 0 0 0
cpu6 42716 7 18961 248639 332 0 8329 0 0 0
cpu7 41994 5 18788 249686 168 0 8177 0 0 0
cpu8 21734 12 18199 265888 1013 0 5111 0 0 0
cpu9 23945 11 18441 262152 2266 0 5210 0 0 0
cpu10 23224 11 18377 264188 1150 0 5351 0 0 0
cpu11 22269 10 17890 267257 557 0 5098 0 0 0
cpu12 37998 80 18937 247955 2911 0 5363 0 0 0
cpu13 36842 12 19198 249370 2271 0 5492 0 0 0
cpu14 22308 9 17506 268638 794 0 5012 0 0 0
cpu15 21315 9 16476 271638 631 0 4578 0 0 0
cpu16 45592 4 19769 245075 358 0 8472 0 0 0
cpu17 45464 4 19785 244222 1211 0 8512 0 0 0
cpu18 45280 5 19652 245568 264 0 8429 0 0 0
cpu19 46250 6 20087 243484 605 0 8639 0 0 0
cpu20 46383 8 20041 243570 650 0 8622 0 0 0
cpu21 45087 5 19588 245419 501 0 8492 0 0 0
cpu22 44265 6 19653 244896 319 0 8463 0 0 0
cpu23 43260 8 19340 247494 278 0 8375 0 0 0
cpu24 24273 11 18672 264917 801 0 5443 0 0 0
cpu25 26152 12 20318 257489 1508 0 6233 0 0 0
cpu26 25344 10 20016 259195 1132 0 6127 0 0 0
cpu27 21940 6 18075 260899 1000 0 9590 0 0 0
cpu28 35948 17 20955 240197 1804 0 11251 0 0 0
cpu29 37277 54 21039 238301 1724 0 11325 0 0 0
cpu30 20960 8 18033 260730 747 0 9430 0 0 0
cpu31 23366 8 18874 263816 715 0 5476 0 0 0
intr 824145750 126 0 0 0 0 0 0 0 0 1 0 0 0 0 0 0 0 0 0 0 0 0 0 0 0 0 0 1 1 1 0 0 0 0 1 0 1 0 0 75045 0 0 0 0 0 0 0 0 411 0 0 0 0 0 0 0 0 87 0 0 0 0 0 0 0 0 0 0 0 0 0 0 0 120547 2 12779290 12728325 12695321 12800499 0 2724 2271 2843 1475 3035 2628 2049 2519 1389 10128 18003 9958 8097 13038 14538 11226 7240 2665 1758 1419 2307 2183 1886 1510 1570 8805 6880 4879 5414 6268 5583 5971 7851 0 0 0 0 616220 2934 1036 0 264 0 0 0 0 0 0 0 0 0 0 0 0 0 0 0 0 0 0 0 0 0 0 0 0 0 0 0 0 0 0 0 0 0 0 0 0 0 0 0 0 0 0 0 0 0 0 0 0 0 0 0 0 0 0 0 0 0 0 0 0 0 0 0 0 0 0 0 0 0 0 0 0 0 0 0 0 0 0 0 0 0 0 0 0 0 0 0 0 0 0 0 0 0 0 0 0 0 0 0 0 0 0 0 0 0 0 0 0 0 0 0 0 0 0 0 0 0 0 0 0 0 0 0 0 0 0 0 0 0 0 0 0 0 0 0 0 0 0 0 0 0 0 0 0 0 0 0 0 0 0 0 0 0 0 0 0 0 0 0 0 0 0 0 0 0 0 0 0 0 0 0 0 0 0 0 0 0 0 0 0 0 0 0 0 0 0 0 0 0 0 0 0 0 0 0 0 0 0 0 0 0 0 0 0 0 0 0 0 0 0 0 0 0 0 0 0 0 0 0 0 0 0 0 0 0 0 0 0 0 0 0 0 0 0 0 0 0 0 0 0 0 0 0 0 0 0 0 0 0 0 0 0 0 0 0 0 0 0 0 0 0 0 0 0 0 0 0 0 0 0 0 0 0 0 0 0 0 0 0 0 0 0 0 0 0 0 0 0 0 0 0 0 0 0 0 0 0 0 0 0 0 0 0 0 0 0 0 0 0 0 0 0 0 0 0 0 0 0 0 0 0 0 0 0 0 0 0 0 0 0 0 0 0 0 0 0 0 0 0 0 0 0 0 0 0 0 0 0 0 0 0 0 0 0 0 0 0 0 0 0 0 0 0 0 0 0 0 0 0 0 0 0 0 0 0 0 0 0 0 0 0 0 0 0 0 0 0 0 0 0 0 0 0 0 0 0 0 0 0 0 0 0 0 0 0 0 0 0 0 0 0 0 0 0 0 0 0 0 0 0 0 0 0 0 0 0 0 0 0 0 0 0 0 0 0 0 0 0 0 0 0 0 0 0 0 0 0 0 0 0 0 0 0 0 0 0 0 0 0 0 0 0 0 0 0 0 0 0 0 0 0 0 0 0 0 0 0 0 0 0 0 0 0 0 0 0 0 0 0 0 0 0 0 0 0 0 0 0 0 0 0 0 0 0 0 0 0 0 0 0 0 0 0 0 0 0 0 0 0 0 0 0 0 0 0 0 0 0 0 0 0 0 0 0 0 0 0 0 0 0 0 0 0 0 0 0 0 0 0 0 0 0 0 0 0 0 0 0 0 0 0 0 0 0 0 0 0 0 0 0 0 0 0 0 0 0 0 0 0 0 0 0 0 0 0 0 0 0 0 0 0 0 0 0 0 0 0 0 0 0 0 0 0 0 0 0 0 0 0 0 0 0 0 0 0 0 0 0 0 0 0 0 0 0 0 0 0 0 0 0 0 0 0 0 0 0 0 0 0 0 0 0 0 0 0 0 0 0 0 0 0 0 0 0 0 0 0 0 0 0 0 0 0 0 0 0 0 0 0 0 0 0 0 0 0 0 0 0 0 0 0 0 0 0 0 0 0 0 0 0 0 0 0 0 0 0 0 0 0 0 0 0 0 0 0 0 0 0 0 0 0 0 0 0 0 0 0 0 0 0 0 0 0 0 0 0 0 0 0 0 0 0 0 0 0 0 0 0 0 0 0 0 0 0 0 0 0 0 0 0 0 0 0 0 0 0 0 0 0 0 0 0 0 0 0 0 0 0 0 0 0 0 0 0 0 0 0 0 0 0 0 0 0 0 0 0 0 0 0 0 0 0 0 0 0 0 0 0 0 0 0 0 0 0 0 0 0 0 0 0 0 0 0 0 0 0 0 0 0 0 0 0 0 0 0 0 0 0 0 0 0 0 0 0 0 0 0 0 0 0 0 0 0 0 0 0 0 0 0 0 0 0 0 0 0 0 0 0 0 0 0 0 0 0 0 0 0 0 0 0 0 0 0 0 0 0 0 0 0 0 0 0 0 0 0 0 0 0 0 0 0 0 0 0 0 0 0 0 0 0 0 0 0 0 0 0 0 0 0 0 0 0 0 0 0 0 0 0 0 0 0 0 0 0 0 0 0 0 0 0 0 0 0 0 0 0 0 0 0 0 0 0 0 0 0 0 0 0 0 0 0 0 0 0 0 0 0 0 0 0 0 0 0 0 0 0 0 0 0 0 0 0 0 0 0 0 0 0 0 0 0 0 0 0 0 0 0 0 0 0 0 0 0 0 0 0 0 0 0 0 0 0 0 0 0 0 0 0 0 0 0 0 0 0 0 0 0 0 0 0 0 0 0 0 0 0 0 0 0 0 0 0 0 0 0 0 0 0 0 0 0 0 0 0 0 0 0 0 0 0 0 0 0 0 0 0 0 0 0 0 0 0 0 0 0 0 0 0 0 0 0 0 0 0 0 0 0 0 0 0 0 0 0 0 0 0 0 0 0 0 0 0 0 0 0 0 0 0 0 0 0 0
ctxt 1171197613
btime 1790630938
processes 90806
procs_running 7
procs_blocked 0
softirq 1199219182 73526 1949304 478087 1165702133 125597 0 4767216 15986154 410 10136755
## client-stat
cpu  802843058 23598936 303058754 93433868891 610702317 0 8716468 0 0 0
cpu0 29445832 224394 7358585 1619868419 8330824 0 164598 0 0 0
cpu1 29264834 432889 7638292 1649194871 11021333 0 54148 0 0 0
cpu2 28198336 463108 7587398 1652733240 10878273 0 35007 0 0 0
cpu3 25941784 484906 6787288 1656187393 11039057 0 29245 0 0 0
cpu4 22367965 490414 6368957 1660249596 11076585 0 28709 0 0 0
cpu5 19968367 494023 5974301 1662852412 11317021 0 26917 0 0 0
cpu6 17825982 497511 5633754 1665480078 11191732 0 27103 0 0 0
cpu7 16612616 487783 5473174 1666914566 11170988 0 25124 0 0 0
cpu8 15338921 485635 5280446 1668136415 11408361 0 25140 0 0 0
cpu9 14905328 489844 5249788 1668628381 11338377 0 25348 0 0 0
cpu10 14406538 472357 5131281 1669137627 11495052 0 24548 0 0 0
cpu11 14131541 465792 5143023 1669139879 11699681 0 25656 0 0 0
cpu12 14187455 458188 5265845 1669252995 11397115 0 24716 0 0 0
cpu13 12798161 425511 5428404 1668697655 9922258 0 1895944 0 0 0
cpu14 31522335 477236 7831742 1650032713 10085131 0 174186 0 0 0
cpu15 21115601 503934 6799555 1660808398 10896446 0 172583 0 0 0
cpu16 17753550 491819 6310119 1664524222 11133603 0 172846 0 0 0
cpu17 14930682 500066 5667734 1668292391 10904379 0 168025 0 0 0
cpu18 13591011 505884 5516475 1670007773 10640274 0 172277 0 0 0
cpu19 12935631 472687 5413420 1670775389 10655219 0 171272 0 0 0
cpu20 13086885 493492 5347138 1670661725 10657445 0 172567 0 0 0
cpu21 12209314 482428 5334475 1671427504 10771290 0 170866 0 0 0
cpu22 11980549 482914 5336576 1671350330 11081612 0 172704 0 0 0
cpu23 11692928 471865 5186328 1672097052 10734396 0 171784 0 0 0
cpu24 11729449 448076 5189490 1671815340 11041647 0 170079 0 0 0
cpu25 11555680 450839 5253105 1672286943 10684199 0 177187 0 0 0
cpu26 12008403 478046 5293563 1671716022 10627602 0 179097 0 0 0
cpu27 13879130 464459 5481770 1669379284 10979716 0 176348 0 0 0
cpu28 18767948 361854 5858077 1658246395 9964298 0 1229604 0 0 0
cpu29 13425676 381424 5525542 1668992350 11673346 0 62216 0 0 0
cpu30 12750431 342093 5323064 1670834211 11247007 0 25438 0 0 0
cpu31 11675290 306256 5004680 1672779272 10868675 0 22798 0 0 0
cpu32 10893057 292303 4879500 1673193852 11396785 0 22597 0 0 0
cpu33 10505131 294659 4783660 1672997915 12114533 0 22204 0 0 0
cpu34 10105962 300801 4679881 1673655239 11872186 0 21309 0 0 0
cpu35 9688303 288349 4573479 1674357341 11824825 0 22959 0 0 0
cpu36 9559319 287721 4472976 1674877991 11574866 0 21244 0 0 0
cpu37 9400303 302139 4453161 1675052407 11595285 0 20983 0 0 0
cpu38 9339566 311327 4406094 1675418737 11334469 0 21096 0 0 0
cpu39 9401279 310554 4498951 1675190191 11304386 0 21798 0 0 0
cpu40 9355418 306218 4526066 1675420481 11111378 0 22606 0 0 0
cpu41 9758657 317785 4527058 1674725216 11289205 0 22210 0 0 0
cpu42 13907306 443034 5472284 1670075912 10331656 0 169723 0 0 0
cpu43 11927723 434858 5185002 1672207806 10394777 0 166212 0 0 0
cpu44 11765634 425576 5243083 1672538335 10306439 0 166391 0 0 0
cpu45 11243759 430940 5007319 1673209589 10414711 0 160127 0 0 0
cpu46 11125979 431394 5001802 1673235663 10520547 0 161726 0 0 0
cpu47 10941427 452452 5024892 1673263713 10625891 0 162591 0 0 0
cpu48 11669517 439673 4994099 1672669451 10596799 0 161842 0 0 0
cpu49 11119482 416764 5027357 1673389778 10393105 0 164918 0 0 0
cpu50 11064832 440746 4992740 1673092292 10735697 0 163588 0 0 0
cpu51 11320766 447564 4997888 1672995480 10531330 0 166142 0 0 0
cpu52 11031878 446614 4987845 1673121804 10709682 0 166382 0 0 0
cpu53 11093877 432568 5069281 1673140728 10559145 0 173103 0 0 0
cpu54 11460690 425131 5044577 1672727718 10642228 0 170372 0 0 0
cpu55 13159017 432016 5216345 1670810381 10589423 0 170238 0 0 0
intr 106343471685 74 4 0 0 0 0 0 0 0 0 0 0 6 0 0 0 0 360 213 2556134682 0 0 0 0 0 0 0 0 0 0 0 0 0 0 0 0 0 2392114961 426496191 8318143 677 278 24496490 0 0 0 0 0 0 0 0 0 0 0 0 0 0 0 0 0 0 0 0 0 0 0 0 0 0 0 0 0 0 0 0 0 0 0 0 0 0 0 0 0 0 0 0 0 0 0 0 0 0 0 0 0 0 0 0 0 0 0 0 0 0 0 0 0 0 0 0 0 0 0 0 0 0 0 0 0 0 0 0 0 0 0 0 0 0 0 0 0 0 0 0 0 0 0 0 0 0 0 0 0 0 0 0 0 0 0 0 0 0 0 0 0 0 0 0 0 0 0 0 0 0 0 0 0 0 0 0 0 0 0 0 0 0 0 0 0 0 0 0 0 0 0 0 0 0 0 0 0 0 0 0 0 0 0 0 0 0 0 0 0 0 0 0 0 0 0 0 0 0 0 0 0 0 0 0 0 0 0 0 0 0 0 0 0 0 0 0 0 0 0 0 0 0 0 0 0 0 0 0 0 0 0 0 0 0 0 0 0 0 0 0 0 0 0 0 0 0 0 0 0 0 0 0 0 0 0 0 0 0 0 0 0 0 0 0 0 0 0 0 0 0 0 0 0 0 0 0 0 0 0 0 0 0 0 0 0 0 0 0 0 0 0 0 0 0 0 0 0 0 0 0 0 0 0 0 0 0 0 0 0 0 0 0 0 0 0 0 0 0 0 0 0 0 0 0 0 0 0 0 0 0 0 0 0 0 0 0 0 0 0 0 0 0 0 0 0 0 0 0 0 0 0 0 0 0 0 0 0 0 0 0 0 0 0 0 0 0 0 0 0 0 0 0 0 0 0 0 0 0 0 0 0 0 0 0 0 0 0 0 0 0 0 0 0 0 0 0 0 0 0 0 0 0 0 0 0 0 0 0 0 0 0 0 0 0 0 0 0 0 0 0 0 0 0 0 0 0 0 0 0 0 0 0 0 0 0 0 0 0 0 0 0 0 0 0 0 0 0 0 0 0 0 0 0 0 0 0 0 0 0 0 0 0 0 0 0 0 0 0 0 0 0 0 0 0 0 0 0 0 0 0 0 0 0 0 0 0 0 0 0 0 0 0 0 0 0 0 0 0 0 0 0 0 0 0 0 0 0 0 0 0 0 0 0 0 0 0 0 0 0 0 0 0 0 0 0 0 0 0 0 0 0 0 0 0 0 0 0 0 0 0 0 0 0 0 0 0 0 0 0 0 0 0 0 0 0 0 0 0 0 0 0 0 0 0 0 0 0 0 0 0 0 0 0 0 0 0 0 0 0 0 0 0 0 0 0 0 0 0 0 0 0 0 0 0 0 0 0 0 0 0 0 0 0 0 0 0 0 0 0 0 0 0 0 0 0 0 0 0 0 0 0 0 0 0 0 0 0 0 0 0 0 0 0 0 0 0 0 0 0 0 0 0 0 0 0 0 0 0 0 0 0 0 0 0 0 0 0 0 0 0 0 0 0 0 0 0 0 0 0 0 0 0 0 0 0 0 0 0 0 0 0 0 0 0 0 0 0 0 0 0 0 0 0 0 0 0 0 0 0 0 0 0 0 0 0 0 0 0 0 0 0 0 0 0 0 0 0 0 0 0 0 0 0 0 0 0 0 0 0 0 0 0 0 0 0 0 0 0 0 0 0 0 0 0 0 0 0 0 0 0 0 0 0 0 0 0 0 0 0 0 0 0 0 0 0 0 0 0 0 0 0 0 0 0 0 0 0 0 0 0 0 0 0 0 0 0 0 0 0 0 0 0 0 0 0 0 0 0 0 0 0 0 0 0 0 0 0 0 0 0 0 0 0 0 0 0 0 0 0 0 0 0 0 0 0 0 0 0 0 0 0 0 0 0 0 0 0 0 0 0 0 0 0 0 0 0 0 0 0 0 0 0 0 0 0 0 0 0 0 0 0 0 0 0 0 0 0 0 0 0 0 0 0 0 0 0 0 0 0 0 0 0 0 0 0 0 0 0 0 0 0 0 0 0 0 0 0 0 0 0 0 0 0 0 0 0 0 0 0 0 0 0 0 0 0 0 0 0 0 0 0 0 0 0 0 0 0 0 0 0 0 0 0 0 0 0 0 0 0 0 0 0 0 0 0 0 0 0 0 0 0 0 0 0 0 0 0 0 0 0 0 0 0 0 0 0 0 0 0 0 0 0 0 0 0 0 0 0 0 0 0 0 0 0 0 0 0 0 0 0 0 0 0 0 0 0 0 0 0 0 0 0 0 0 0 0 0 0 0 0 0 0 0 0 0 0 0 0 0 0 0 0 0 0 0 0 0 0 0 0 0 0 0 0 0 0 0 0 0 0 0 0 0 0 0 0 0 0 0 0 0 0 0 0 0 0 0 0 0 0 0 0 0 0 0 0 0 0 0 0 0 0 0 0 0 0 0 0 0 0 0 0 0 0 0 0 0 0 0 0 0 0 0 0 0 0 0 0 0 0 0 0 0 0 0 0 0 0 0 0 0 0 0 0 0 0 0 0 0 0 0 0 0 0 0 0 0 0 0 0 0 0 0 0 0 0 0 0 0 0 0 0 0 0 0 0 0 0 0 0 0 0 0 0 0 0 0 0 0 0 0 0 0 0 0 0 0 0 0 0 0 0 0 0 0 0 0 0 0 0 0 0 0 0 0 0 0 0 0 0 0 0 0 0 0 0 0 0 0 0 0 0 0 0 0 0 0 0 0 0 0 0 0 0 0 0 0 0 0 0 0 0 0 0 0 0 0 0 0 0 0 0 0 0 0 0 0 0 0 0 0 0 0 0 0 0 0 0 0 0 0 0 0 0 0 0 0 0 0 0 0 0 0 0 0 0 0 0 0 0 0 0 0 0 0 0 0 0 0 0 0 0 0 0 0 0 0 0 0 0 0 0 0 0 0 0 0 0 0 0 0 0 0 0 0 0 0 0 0 0 0 0 0 0 0 0 0 0 0 0 0 0 0 0 0 0 0 0 0 0 0 0 0 0 0 0 0 0 0 0 0 0 0 0 0 0 0 0 0 0 0 0 0 0 0 0 0 0 0 0 0 0 0 0 0 0 0 0 0 0 0 0 0 0 0 0 0 0 0 0 0 0 0 0 0 0 0 0 0 0 0 0 0 0 0 0 0 0 0 0 0 0 0 0 0 0 0 0 0 0 0 0 0 0 0 0 0 0 0 0 0 0 0 0 0 0 0 0 0 0 0 0 0 0 0 0 0 0 0 0 0 0 0 0 0 0 0 0 0 0 0 0 0 0 0 0 0 0 0 0 0 0 0 0 0 0 0 0 0 0 0 0 0 0 0 0 0 0 0 0 0 0 0 0 0 0 0 0 0 0 0 0 0 0 0 0 0 0 0 0 0 0 0 0 0 0 0 0 0 0 0 0 0 0 0 0 0 0 0 0 0 0 0 0 0 0 0 0 0 0 0 0 0 0 0 0 0 0 0 0 0 0 0 0 0 0 0 0 0 0 0 0 0 0 0 0 0 0 0 0 0 0 0 0 0 0 0 0 0 0 0 0 0 0 0 0 0 0 0 0 0 0 0 0 0 0 0 0 0 0 0 0 0 0 0 0 0 0 0 0 0 0 0 0 0 0 0 0 0 0 0 0 0 0 0 0 0 0 0 0 0 0 0 0 0 0 0 0 0 0 0 0 0 0 0 0 0 0 0 0 0 0 0 0 0 0 0 0 0 0 0 0 0 0 0 0 0 0 0 0 0 0 0 0 0 0 0 0 0 0 0 0 0
ctxt 208086812846
btime 1773600682
processes 94921204
procs_running 27
procs_blocked 0
softirq 42974578974 256 2278240655 38328791 835920096 1476260634 0 2936268458 566136742 5109161 478575813
--
cpu  802844967 23598936 303064726 93433900355 610702775 0 8719365 0 0 0
cpu0 29445857 224394 7358676 1619868928 8330840 0 164637 0 0 0
cpu1 29264863 432889 7638396 1649195443 11021333 0 54186 0 0 0
cpu2 28198372 463108 7587507 1652733803 10878287 0 35048 0 0 0
cpu3 25941817 484906 6787392 1656187981 11039057 0 29283 0 0 0
cpu4 22367992 490414 6369059 1660250188 11076585 0 28747 0 0 0
cpu5 19968397 494023 5974403 1662852997 11317027 0 26952 0 0 0
cpu6 17826010 497511 5633863 1665480675 11191732 0 27140 0 0 0
cpu7 16612649 487783 5473275 1666915159 11170989 0 25161 0 0 0
cpu8 15338957 485635 5280553 1668136982 11408375 0 25177 0 0 0
cpu9 14905354 489844 5249888 1668628979 11338377 0 25387 0 0 0
cpu10 14406569 472357 5131385 1669138209 11495066 0 24584 0 0 0
cpu11 14131572 465792 5143123 1669140464 11699690 0 25695 0 0 0
cpu12 14187485 458188 5265941 1669253575 11397129 0 24755 0 0 0
cpu13 12798190 425511 5428513 1668698204 9922297 0 1895987 0 0 0
cpu14 31522377 477236 7831852 1650033265 10085145 0 174233 0 0 0
cpu15 21115637 503934 6799668 1660808964 10896449 0 172627 0 0 0
cpu16 17753582 491819 6310236 1664524790 11133603 0 172892 0 0 0
cpu17 14930715 500066 5667849 1668292948 10904391 0 168066 0 0 0
cpu18 13591046 505884 5516586 1670008344 10640274 0 172323 0 0 0
cpu19 12935677 472687 5413532 1670775944 10655229 0 171318 0 0 0
cpu20 13086925 493492 5347250 1670662291 10657445 0 172607 0 0 0
cpu21 12209349 482428 5334581 1671428067 10771299 0 170912 0 0 0
cpu22 11980602 482914 5336689 1671350868 11081623 0 172747 0 0 0
cpu23 11692965 471865 5186439 1672097619 10734402 0 171830 0 0 0
cpu24 11729487 448076 5189610 1671815903 11041647 0 170124 0 0 0
cpu25 11555719 450839 5253215 1672287507 10684202 0 177236 0 0 0
cpu26 12008450 478046 5293683 1671716572 10627608 0 179143 0 0 0
cpu27 13879164 464459 5481881 1669379843 10979728 0 176391 0 0 0
cpu28 18767974 361854 5858159 1658246503 9964298 0 1230197 0 0 0
cpu29 13425704 381424 5525644 1668992936 11673353 0 62254 0 0 0
cpu30 12750460 342093 5323165 1670834807 11247007 0 25477 0 0 0
cpu31 11675319 306256 5004780 1672779844 10868701 0 22833 0 0 0
cpu32 10893091 292303 4879602 1673194436 11396798 0 22638 0 0 0
cpu33 10505163 294659 4783762 1672998488 12114555 0 22241 0 0 0
cpu34 10105990 300801 4679979 1673655824 11872197 0 21348 0 0 0
cpu35 9688335 288349 4573582 1674357931 11824831 0 22995 0 0 0
cpu36 9559344 287721 4473078 1674878592 11574866 0 21283 0 0 0
cpu37 9400333 302139 4453261 1675052997 11595292 0 21019 0 0 0
cpu38 9339600 311327 4406195 1675419313 11334486 0 21137 0 0 0
cpu39 9401314 310554 4499055 1675190782 11304388 0 21838 0 0 0
cpu40 9355450 306218 4526166 1675421064 11111385 0 22646 0 0 0
cpu41 9758687 317785 4527161 1674725764 11289249 0 22250 0 0 0
cpu42 13907342 443034 5472394 1670076477 10331656 0 169771 0 0 0
cpu43 11927765 434858 5185111 1672208354 10394790 0 166256 0 0 0
cpu44 11765673 425576 5243198 1672538899 10306439 0 166438 0 0 0
cpu45 11243803 430940 5007425 1673210146 10414718 0 160172 0 0 0
cpu46 11126013 431394 5001912 1673236220 10520563 0 161772 0 0 0
cpu47 10941462 452452 5025008 1673264270 10625905 0 162633 0 0 0
cpu48 11669551 439673 4994210 1672670025 10596801 0 161887 0 0 0
cpu49 11119518 416764 5027468 1673390341 10393111 0 164963 0 0 0
cpu50 11064858 440746 4992847 1673092873 10735697 0 163632 0 0 0
cpu51 11320798 447564 4998000 1672996050 10531333 0 166188 0 0 0
cpu52 11031918 446614 4987951 1673122373 10709684 0 166428 0 0 0
cpu53 11093911 432568 5069394 1673141298 10559145 0 173153 0 0 0
cpu54 11460724 425131 5044690 1672728272 10642246 0 170417 0 0 0
cpu55 13159064 432016 5216458 1670810939 10589423 0 170284 0 0 0
intr 106344066568 74 4 0 0 0 0 0 0 0 0 0 0 6 0 0 0 0 360 213 2556136769 0 0 0 0 0 0 0 0 0 0 0 0 0 0 0 0 0 2392204941 426496390 8318147 677 278 24496490 0 0 0 0 0 0 0 0 0 0 0 0 0 0 0 0 0 0 0 0 0 0 0 0 0 0 0 0 0 0 0 0 0 0 0 0 0 0 0 0 0 0 0 0 0 0 0 0 0 0 0 0 0 0 0 0 0 0 0 0 0 0 0 0 0 0 0 0 0 0 0 0 0 0 0 0 0 0 0 0 0 0 0 0 0 0 0 0 0 0 0 0 0 0 0 0 0 0 0 0 0 0 0 0 0 0 0 0 0 0 0 0 0 0 0 0 0 0 0 0 0 0 0 0 0 0 0 0 0 0 0 0 0 0 0 0 0 0 0 0 0 0 0 0 0 0 0 0 0 0 0 0 0 0 0 0 0 0 0 0 0 0 0 0 0 0 0 0 0 0 0 0 0 0 0 0 0 0 0 0 0 0 0 0 0 0 0 0 0 0 0 0 0 0 0 0 0 0 0 0 0 0 0 0 0 0 0 0 0 0 0 0 0 0 0 0 0 0 0 0 0 0 0 0 0 0 0 0 0 0 0 0 0 0 0 0 0 0 0 0 0 0 0 0 0 0 0 0 0 0 0 0 0 0 0 0 0 0 0 0 0 0 0 0 0 0 0 0 0 0 0 0 0 0 0 0 0 0 0 0 0 0 0 0 0 0 0 0 0 0 0 0 0 0 0 0 0 0 0 0 0 0 0 0 0 0 0 0 0 0 0 0 0 0 0 0 0 0 0 0 0 0 0 0 0 0 0 0 0 0 0 0 0 0 0 0 0 0 0 0 0 0 0 0 0 0 0 0 0 0 0 0 0 0 0 0 0 0 0 0 0 0 0 0 0 0 0 0 0 0 0 0 0 0 0 0 0 0 0 0 0 0 0 0 0 0 0 0 0 0 0 0 0 0 0 0 0 0 0 0 0 0 0 0 0 0 0 0 0 0 0 0 0 0 0 0 0 0 0 0 0 0 0 0 0 0 0 0 0 0 0 0 0 0 0 0 0 0 0 0 0 0 0 0 0 0 0 0 0 0 0 0 0 0 0 0 0 0 0 0 0 0 0 0 0 0 0 0 0 0 0 0 0 0 0 0 0 0 0 0 0 0 0 0 0 0 0 0 0 0 0 0 0 0 0 0 0 0 0 0 0 0 0 0 0 0 0 0 0 0 0 0 0 0 0 0 0 0 0 0 0 0 0 0 0 0 0 0 0 0 0 0 0 0 0 0 0 0 0 0 0 0 0 0 0 0 0 0 0 0 0 0 0 0 0 0 0 0 0 0 0 0 0 0 0 0 0 0 0 0 0 0 0 0 0 0 0 0 0 0 0 0 0 0 0 0 0 0 0 0 0 0 0 0 0 0 0 0 0 0 0 0 0 0 0 0 0 0 0 0 0 0 0 0 0 0 0 0 0 0 0 0 0 0 0 0 0 0 0 0 0 0 0 0 0 0 0 0 0 0 0 0 0 0 0 0 0 0 0 0 0 0 0 0 0 0 0 0 0 0 0 0 0 0 0 0 0 0 0 0 0 0 0 0 0 0 0 0 0 0 0 0 0 0 0 0 0 0 0 0 0 0 0 0 0 0 0 0 0 0 0 0 0 0 0 0 0 0 0 0 0 0 0 0 0 0 0 0 0 0 0 0 0 0 0 0 0 0 0 0 0 0 0 0 0 0 0 0 0 0 0 0 0 0 0 0 0 0 0 0 0 0 0 0 0 0 0 0 0 0 0 0 0 0 0 0 0 0 0 0 0 0 0 0 0 0 0 0 0 0 0 0 0 0 0 0 0 0 0 0 0 0 0 0 0 0 0 0 0 0 0 0 0 0 0 0 0 0 0 0 0 0 0 0 0 0 0 0 0 0 0 0 0 0 0 0 0 0 0 0 0 0 0 0 0 0 0 0 0 0 0 0 0 0 0 0 0 0 0 0 0 0 0 0 0 0 0 0 0 0 0 0 0 0 0 0 0 0 0 0 0 0 0 0 0 0 0 0 0 0 0 0 0 0 0 0 0 0 0 0 0 0 0 0 0 0 0 0 0 0 0 0 0 0 0 0 0 0 0 0 0 0 0 0 0 0 0 0 0 0 0 0 0 0 0 0 0 0 0 0 0 0 0 0 0 0 0 0 0 0 0 0 0 0 0 0 0 0 0 0 0 0 0 0 0 0 0 0 0 0 0 0 0 0 0 0 0 0 0 0 0 0 0 0 0 0 0 0 0 0 0 0 0 0 0 0 0 0 0 0 0 0 0 0 0 0 0 0 0 0 0 0 0 0 0 0 0 0 0 0 0 0 0 0 0 0 0 0 0 0 0 0 0 0 0 0 0 0 0 0 0 0 0 0 0 0 0 0 0 0 0 0 0 0 0 0 0 0 0 0 0 0 0 0 0 0 0 0 0 0 0 0 0 0 0 0 0 0 0 0 0 0 0 0 0 0 0 0 0 0 0 0 0 0 0 0 0 0 0 0 0 0 0 0 0 0 0 0 0 0 0 0 0 0 0 0 0 0 0 0 0 0 0 0 0 0 0 0 0 0 0 0 0 0 0 0 0 0 0 0 0 0 0 0 0 0 0 0 0 0 0 0 0 0 0 0 0 0 0 0 0 0 0 0 0 0 0 0 0 0 0 0 0 0 0 0 0 0 0 0 0 0 0 0 0 0 0 0 0 0 0 0 0 0 0 0 0 0 0 0 0 0 0 0 0 0 0 0 0 0 0 0 0 0 0 0 0 0 0 0 0 0 0 0 0 0 0 0 0 0 0 0 0 0 0 0 0 0 0 0 0 0 0 0 0 0 0 0 0 0 0 0 0 0 0 0 0 0 0 0 0 0 0 0 0 0 0 0 0 0 0 0 0 0 0 0 0 0 0 0 0 0 0 0 0 0 0 0 0 0 0 0 0 0 0 0 0 0 0 0 0 0 0 0 0 0 0 0 0 0 0 0 0 0 0 0 0 0 0 0 0 0 0 0 0 0 0 0 0 0 0 0 0 0 0 0 0 0 0 0 0 0 0 0 0 0 0 0 0 0 0 0 0 0 0 0 0 0 0 0 0 0 0 0 0 0 0 0 0 0 0 0 0 0 0 0 0 0 0 0 0 0 0 0 0 0 0 0 0 0 0 0 0 0 0 0 0 0 0 0 0 0 0 0 0 0 0 0 0 0 0 0 0 0 0 0 0 0 0 0 0 0 0 0 0 0 0 0 0 0 0 0 0 0 0 0 0 0 0 0 0 0 0 0 0 0 0 0 0 0 0 0 0 0 0 0 0 0 0 0 0 0 0 0 0 0 0 0 0 0 0 0 0 0 0 0 0 0 0 0 0 0 0 0 0 0 0 0 0 0 0 0 0 0 0 0 0 0 0 0 0 0 0 0 0 0 0 0 0 0 0 0 0 0 0 0 0 0 0 0 0 0 0 0 0 0 0 0 0 0 0 0 0 0 0 0 0 0 0 0 0 0 0 0 0 0 0 0 0 0 0 0 0 0 0 0 0 0 0 0 0 0 0 0 0 0 0 0 0 0 0 0 0 0 0 0 0 0 0 0 0 0 0 0 0 0 0 0 0 0 0 0 0 0 0 0 0 0 0 0 0 0 0 0 0 0 0 0 0 0 0 0 0 0 0 0 0 0 0 0 0 0 0 0 0 0 0 0 0 0 0 0 0 0 0 0 0 0 0 0 0 0 0 0 0 0 0 0 0 0 0 0 0 0 0
ctxt 208090674774
btime 1773600682
processes 94921251
procs_running 21
procs_blocked 0
softirq 42975850580 256 2278242272 38329954 836999926 1476261734 0 2936271078 566270520 5109161 478627311
