Running 10s test @ http://192.168.10.15:18500/json
  32 threads and 64 connections
  Thread Stats   Avg      Stdev     Max   +/- Stdev
    Latency   208.61us   59.47us   2.97ms   74.80%
    Req/Sec     9.12k   446.08    11.08k    63.49%
  Latency Distribution
     50%  202.00us
     75%  238.00us
     90%  278.00us
     99%  385.00us
  2932340 requests in 10.10s, 349.56MB read
Requests/sec: 290344.89
Transfer/sec:     34.61MB
## drops 0 0
## server-stat
cpu  1098855 381 600710 7568754 29207 0 238669 0 0 0
cpu0 41688 6 18860 230761 744 0 8640 0 0 0
cpu1 42025 8 18790 231278 556 0 8380 0 0 0
cpu2 42309 7 18722 231371 354 0 8328 0 0 0
cpu3 42868 8 19207 229453 1177 0 8365 0 0 0
cpu4 43151 7 19049 229769 713 0 8436 0 0 0
cpu5 42892 8 18965 230450 352 0 8321 0 0 0
cpu6 42486 6 18866 230953 331 0 8324 0 0 0
cpu7 41806 5 18712 231941 162 0 8174 0 0 0
cpu8 20485 11 17730 250396 1012 0 5052 0 0 0
cpu9 22267 11 17872 247360 2258 0 5120 0 0 0
cpu10 21626 10 17841 249271 1145 0 5262 0 0 0
cpu11 20979 9 17410 251854 550 0 5036 0 0 0
cpu12 36128 79 18369 233267 2906 0 5274 0 0 0
cpu13 35132 12 18669 234445 2261 0 5415 0 0 0
cpu14 21160 9 17056 252952 785 0 4961 0 0 0
cpu15 20302 9 16070 255754 616 0 4539 0 0 0
cpu16 45243 4 19614 227630 342 0 8459 0 0 0
cpu17 45079 4 19623 226818 1209 0 8498 0 0 0
cpu18 44901 4 19492 228163 263 0 8418 0 0 0
cpu19 45741 5 19881 226294 603 0 8620 0 0 0
cpu20 45846 8 19835 226423 648 0 8601 0 0 0
cpu21 44668 5 19406 228123 498 0 8477 0 0 0
cpu22 43909 6 19493 227497 318 0 8454 0 0 0
cpu23 42982 7 19208 229972 275 0 8368 0 0 0
cpu24 23037 10 18242 249368 776 0 5390 0 0 0
cpu25 24707 11 19847 242252 1452 0 6163 0 0 0
cpu26 23986 9 19566 243855 1060 0 6064 0 0 0
cpu27 20816 5 17679 245726 994 0 9354 0 0 0
cpu28 33845 16 20317 226397 1765 0 10776 0 0 0
cpu29 34852 52 20315 225022 1648 0 10802 0 0 0
cpu30 19755 7 17557 245744 710 0 9162 0 0 0
cpu31 22169 7 18430 248182 709 0 5425 0 0 0
intr 764424450 126 0 0 0 0 0 0 0 0 1 0 0 0 0 0 0 0 0 0 0 0 0 0 0 0 0 0 1 1 1 0 0 0 0 1 0 1 0 0 75045 0 0 0 0 0 0 0 0 411 0 0 0 0 0 0 0 0 87 0 0 0 0 0 0 0 0 0 0 0 0 0 0 0 116572 2 10605597 10565199 10541063 10635148 0 2577 2223 2841 1472 3026 2628 2047 2518 1388 10127 17992 9920 8045 13024 14435 11210 7237 2664 1758 1414 2307 2183 1878 1508 1568 8755 6812 4822 5409 6216 5546 5889 7828 0 0 0 0 616208 2919 1036 0 264 0 0 0 0 0 0 0 0 0 0 0 0 0 0 0 0 0 0 0 0 0 0 0 0 0 0 0 0 0 0 0 0 0 0 0 0 0 0 0 0 0 0 0 0 0 0 0 0 0 0 0 0 0 0 0 0 0 0 0 0 0 0 0 0 0 0 0 0 0 0 0 0 0 0 0 0 0 0 0 0 0 0 0 0 0 0 0 0 0 0 0 0 0 0 0 0 0 0 0 0 0 0 0 0 0 0 0 0 0 0 0 0 0 0 0 0 0 0 0 0 0 0 0 0 0 0 0 0 0 0 0 0 0 0 0 0 0 0 0 0 0 0 0 0 0 0 0 0 0 0 0 0 0 0 0 0 0 0 0 0 0 0 0 0 0 0 0 0 0 0 0 0 0 0 0 0 0 0 0 0 0 0 0 0 0 0 0 0 0 0 0 0 0 0 0 0 0 0 0 0 0 0 0 0 0 0 0 0 0 0 0 0 0 0 0 0 0 0 0 0 0 0 0 0 0 0 0 0 0 0 0 0 0 0 0 0 0 0 0 0 0 0 0 0 0 0 0 0 0 0 0 0 0 0 0 0 0 0 0 0 0 0 0 0 0 0 0 0 0 0 0 0 0 0 0 0 0 0 0 0 0 0 0 0 0 0 0 0 0 0 0 0 0 0 0 0 0 0 0 0 0 0 0 0 0 0 0 0 0 0 0 0 0 0 0 0 0 0 0 0 0 0 0 0 0 0 0 0 0 0 0 0 0 0 0 0 0 0 0 0 0 0 0 0 0 0 0 0 0 0 0 0 0 0 0 0 0 0 0 0 0 0 0 0 0 0 0 0 0 0 0 0 0 0 0 0 0 0 0 0 0 0 0 0 0 0 0 0 0 0 0 0 0 0 0 0 0 0 0 0 0 0 0 0 0 0 0 0 0 0 0 0 0 0 0 0 0 0 0 0 0 0 0 0 0 0 0 0 0 0 0 0 0 0 0 0 0 0 0 0 0 0 0 0 0 0 0 0 0 0 0 0 0 0 0 0 0 0 0 0 0 0 0 0 0 0 0 0 0 0 0 0 0 0 0 0 0 0 0 0 0 0 0 0 0 0 0 0 0 0 0 0 0 0 0 0 0 0 0 0 0 0 0 0 0 0 0 0 0 0 0 0 0 0 0 0 0 0 0 0 0 0 0 0 0 0 0 0 0 0 0 0 0 0 0 0 0 0 0 0 0 0 0 0 0 0 0 0 0 0 0 0 0 0 0 0 0 0 0 0 0 0 0 0 0 0 0 0 0 0 0 0 0 0 0 0 0 0 0 0 0 0 0 0 0 0 0 0 0 0 0 0 0 0 0 0 0 0 0 0 0 0 0 0 0 0 0 0 0 0 0 0 0 0 0 0 0 0 0 0 0 0 0 0 0 0 0 0 0 0 0 0 0 0 0 0 0 0 0 0 0 0 0 0 0 0 0 0 0 0 0 0 0 0 0 0 0 0 0 0 0 0 0 0 0 0 0 0 0 0 0 0 0 0 0 0 0 0 0 0 0 0 0 0 0 0 0 0 0 0 0 0 0 0 0 0 0 0 0 0 0 0 0 0 0 0 0 0 0 0 0 0 0 0 0 0 0 0 0 0 0 0 0 0 0 0 0 0 0 0 0 0 0 0 0 0 0 0 0 0 0 0 0 0 0 0 0 0 0 0 0 0 0 0 0 0 0 0 0 0 0 0 0 0 0 0 0 0 0 0 0 0 0 0 0 0 0 0 0 0 0 0 0 0 0 0 0 0 0 0 0 0 0 0 0 0 0 0 0 0 0 0 0 0 0 0 0 0 0 0 0 0 0 0 0 0 0 0 0 0 0 0 0 0 0 0 0 0 0 0 0 0 0 0 0 0 0 0 0 0 0 0 0 0 0 0 0 0 0 0 0 0 0 0 0 0 0 0 0 0 0 0 0 0 0 0 0 0 0 0 0 0 0 0 0 0 0 0 0 0 0 0 0 0 0 0 0 0 0 0 0 0 0 0 0 0 0 0 0 0 0 0 0 0 0 0 0 0 0 0 0 0 0 0 0 0 0 0 0 0 0 0 0 0 0 0 0 0 0 0 0 0 0 0 0 0 0 0 0 0 0 0 0 0 0 0 0 0 0 0 0 0 0 0 0 0 0 0 0 0 0 0 0 0 0 0 0 0 0 0 0 0 0 0 0 0 0 0 0 0 0 0 0 0 0 0 0 0 0 0 0 0 0 0 0 0 0 0 0 0 0 0 0 0 0 0 0 0 0 0 0 0 0 0 0 0 0 0 0 0 0 0 0 0 0 0 0 0 0 0 0 0 0 0 0 0 0 0 0 0 0 0 0 0 0 0 0 0 0 0 0 0 0 0 0 0 0 0 0 0 0 0 0 0 0 0 0 0 0 0 0 0 0 0 0 0 0 0 0 0 0 0 0 0 0 0 0 0 0 0 0 0 0 0 0 0 0 0 0 0 0 0
ctxt 1101219641
btime 1790630938
processes 85678
procs_running 4
procs_blocked 0
softirq 1174427203 73526 1832372 264093 1143877467 121462 0 3043378 15467653 410 9746842
--
cpu  1100000 382 601194 7592129 29221 0 238845 0 0 0
cpu0 41690 6 18861 231551 744 0 8641 0 0 0
cpu1 42026 8 18791 232076 556 0 8382 0 0 0
cpu2 42309 7 18722 232171 354 0 8328 0 0 0
cpu3 42868 8 19207 230253 1177 0 8365 0 0 0
cpu4 43151 7 19049 230569 713 0 8436 0 0 0
cpu5 42892 8 18965 231250 352 0 8321 0 0 0
cpu6 42486 6 18866 231753 331 0 8324 0 0 0
cpu7 41806 5 18712 232741 162 0 8174 0 0 0
cpu8 20542 11 17754 251085 1012 0 5057 0 0 0
cpu9 22388 11 17917 247939 2258 0 5133 0 0 0
cpu10 21743 10 17886 249858 1145 0 5276 0 0 0
cpu11 21051 9 17440 252516 551 0 5042 0 0 0
cpu12 36234 79 18419 233879 2906 0 5285 0 0 0
cpu13 35201 12 18704 235118 2261 0 5424 0 0 0
cpu14 21199 9 17077 253679 789 0 4964 0 0 0
cpu15 20323 9 16079 256514 616 0 4541 0 0 0
cpu16 45243 4 19614 228430 342 0 8459 0 0 0
cpu17 45079 4 19623 227618 1209 0 8498 0 0 0
cpu18 44901 4 19492 228963 263 0 8418 0 0 0
cpu19 45741 5 19881 227094 603 0 8620 0 0 0
cpu20 45846 8 19835 227223 648 0 8601 0 0 0
cpu21 44668 5 19406 228923 498 0 8477 0 0 0
cpu22 43909 6 19493 228297 318 0 8454 0 0 0
cpu23 42982 7 19208 230772 275 0 8368 0 0 0
cpu24 23057 10 18249 250133 776 0 5391 0 0 0
cpu25 24743 11 19862 242984 1452 0 6167 0 0 0
cpu26 24016 9 19578 244589 1069 0 6066 0 0 0
cpu27 20834 5 17686 246450 994 0 9361 0 0 0
cpu28 33979 16 20370 226929 1765 0 10808 0 0 0
cpu29 35058 52 20397 225441 1648 0 10848 0 0 0
cpu30 19813 7 17585 246405 710 0 9175 0 0 0
cpu31 22209 7 18448 248913 709 0 5429 0 0 0
intr 766249902 126 0 0 0 0 0 0 0 0 1 0 0 0 0 0 0 0 0 0 0 0 0 0 0 0 0 0 1 1 1 0 0 0 0 1 0 1 0 0 75045 0 0 0 0 0 0 0 0 411 0 0 0 0 0 0 0 0 87 0 0 0 0 0 0 0 0 0 0 0 0 0 0 0 116692 2 10768788 10728409 10704238 10798283 0 2581 2223 2841 1472 3026 2628 2047 2518 1388 10127 17992 9926 8045 13024 14435 11210 7237 2664 1758 1414 2307 2183 1878 1508 1569 8755 6812 4822 5409 6216 5546 5889 7828 0 0 0 0 616212 2919 1036 0 264 0 0 0 0 0 0 0 0 0 0 0 0 0 0 0 0 0 0 0 0 0 0 0 0 0 0 0 0 0 0 0 0 0 0 0 0 0 0 0 0 0 0 0 0 0 0 0 0 0 0 0 0 0 0 0 0 0 0 0 0 0 0 0 0 0 0 0 0 0 0 0 0 0 0 0 0 0 0 0 0 0 0 0 0 0 0 0 0 0 0 0 0 0 0 0 0 0 0 0 0 0 0 0 0 0 0 0 0 0 0 0 0 0 0 0 0 0 0 0 0 0 0 0 0 0 0 0 0 0 0 0 0 0 0 0 0 0 0 0 0 0 0 0 0 0 0 0 0 0 0 0 0 0 0 0 0 0 0 0 0 0 0 0 0 0 0 0 0 0 0 0 0 0 0 0 0 0 0 0 0 0 0 0 0 0 0 0 0 0 0 0 0 0 0 0 0 0 0 0 0 0 0 0 0 0 0 0 0 0 0 0 0 0 0 0 0 0 0 0 0 0 0 0 0 0 0 0 0 0 0 0 0 0 0 0 0 0 0 0 0 0 0 0 0 0 0 0 0 0 0 0 0 0 0 0 0 0 0 0 0 0 0 0 0 0 0 0 0 0 0 0 0 0 0 0 0 0 0 0 0 0 0 0 0 0 0 0 0 0 0 0 0 0 0 0 0 0 0 0 0 0 0 0 0 0 0 0 0 0 0 0 0 0 0 0 0 0 0 0 0 0 0 0 0 0 0 0 0 0 0 0 0 0 0 0 0 0 0 0 0 0 0 0 0 0 0 0 0 0 0 0 0 0 0 0 0 0 0 0 0 0 0 0 0 0 0 0 0 0 0 0 0 0 0 0 0 0 0 0 0 0 0 0 0 0 0 0 0 0 0 0 0 0 0 0 0 0 0 0 0 0 0 0 0 0 0 0 0 0 0 0 0 0 0 0 0 0 0 0 0 0 0 0 0 0 0 0 0 0 0 0 0 0 0 0 0 0 0 0 0 0 0 0 0 0 0 0 0 0 0 0 0 0 0 0 0 0 0 0 0 0 0 0 0 0 0 0 0 0 0 0 0 0 0 0 0 0 0 0 0 0 0 0 0 0 0 0 0 0 0 0 0 0 0 0 0 0 0 0 0 0 0 0 0 0 0 0 0 0 0 0 0 0 0 0 0 0 0 0 0 0 0 0 0 0 0 0 0 0 0 0 0 0 0 0 0 0 0 0 0 0 0 0 0 0 0 0 0 0 0 0 0 0 0 0 0 0 0 0 0 0 0 0 0 0 0 0 0 0 0 0 0 0 0 0 0 0 0 0 0 0 0 0 0 0 0 0 0 0 0 0 0 0 0 0 0 0 0 0 0 0 0 0 0 0 0 0 0 0 0 0 0 0 0 0 0 0 0 0 0 0 0 0 0 0 0 0 0 0 0 0 0 0 0 0 0 0 0 0 0 0 0 0 0 0 0 0 0 0 0 0 0 0 0 0 0 0 0 0 0 0 0 0 0 0 0 0 0 0 0 0 0 0 0 0 0 0 0 0 0 0 0 0 0 0 0 0 0 0 0 0 0 0 0 0 0 0 0 0 0 0 0 0 0 0 0 0 0 0 0 0 0 0 0 0 0 0 0 0 0 0 0 0 0 0 0 0 0 0 0 0 0 0 0 0 0 0 0 0 0 0 0 0 0 0 0 0 0 0 0 0 0 0 0 0 0 0 0 0 0 0 0 0 0 0 0 0 0 0 0 0 0 0 0 0 0 0 0 0 0 0 0 0 0 0 0 0 0 0 0 0 0 0 0 0 0 0 0 0 0 0 0 0 0 0 0 0 0 0 0 0 0 0 0 0 0 0 0 0 0 0 0 0 0 0 0 0 0 0 0 0 0 0 0 0 0 0 0 0 0 0 0 0 0 0 0 0 0 0 0 0 0 0 0 0 0 0 0 0 0 0 0 0 0 0 0 0 0 0 0 0 0 0 0 0 0 0 0 0 0 0 0 0 0 0 0 0 0 0 0 0 0 0 0 0 0 0 0 0 0 0 0 0 0 0 0 0 0 0 0 0 0 0 0 0 0 0 0 0 0 0 0 0 0 0 0 0 0 0 0 0 0 0 0 0 0 0 0 0 0 0 0 0 0 0 0 0 0 0 0 0 0 0 0 0 0 0 0 0 0 0 0 0 0 0 0 0 0 0 0 0 0 0 0 0 0 0 0 0 0 0 0 0 0 0 0 0 0 0 0 0 0 0 0 0 0 0 0 0 0 0 0 0 0 0 0 0 0 0 0 0 0 0 0 0 0 0 0 0 0 0 0 0 0 0 0 0 0 0 0 0 0 0 0 0 0 0 0 0 0 0 0 0 0 0 0 0 0 0 0 0 0 0 0 0 0 0 0 0 0 0 0 0 0 0 0 0 0 0 0 0 0 0 0 0 0 0 0 0 0 0 0 0 0 0 0 0 0 0 0 0 0 0 0 0 0 0 0 0 0 0 0
ctxt 1102288900
btime 1790630938
processes 85718
procs_running 5
procs_blocked 0
softirq 1176147298 73526 1836895 264197 1145558152 121587 0 3043378 15489206 410 9759947
## client-stat
cpu  802818385 23598936 302989343 93433057192 610696496 0 8684950 0 0 0
cpu0 29445403 224394 7357579 1619855149 8330767 0 164217 0 0 0
cpu1 29264435 432889 7637107 1649180290 11021210 0 53743 0 0 0
cpu2 28197897 463108 7586216 1652718520 10878177 0 34599 0 0 0
cpu3 25941108 484906 6786109 1656172844 11038990 0 28843 0 0 0
cpu4 22367554 490414 6367786 1660234839 11076407 0 28306 0 0 0
cpu5 19967929 494023 5973134 1662837604 11316936 0 26526 0 0 0
cpu6 17825607 497511 5632615 1665465235 11191562 0 26700 0 0 0
cpu7 16612225 487783 5472002 1666899730 11170850 0 24731 0 0 0
cpu8 15338411 485635 5279292 1668121657 11408251 0 24750 0 0 0
cpu9 14904952 489844 5248652 1668613445 11338308 0 24955 0 0 0
cpu10 14406154 472357 5130148 1669122712 11494955 0 24160 0 0 0
cpu11 14131177 465792 5141866 1669124951 11699605 0 25254 0 0 0
cpu12 14187100 458188 5264694 1669238074 11397033 0 24303 0 0 0
cpu13 12797733 425511 5427229 1668682856 9922183 0 1895512 0 0 0
cpu14 31521848 477236 7830417 1650018298 10085020 0 173676 0 0 0
cpu15 21115158 503934 6798234 1660793918 10896344 0 172078 0 0 0
cpu16 17753114 491819 6308774 1664509695 11133569 0 172330 0 0 0
cpu17 14930254 500066 5666396 1668277867 10904288 0 167548 0 0 0
cpu18 13590572 505884 5515162 1669993303 10640130 0 171777 0 0 0
cpu19 12935177 472687 5412115 1670760895 10655114 0 170768 0 0 0
cpu20 13086372 493492 5345822 1670647235 10657388 0 172079 0 0 0
cpu21 12208881 482428 5333153 1671413207 10770973 0 170369 0 0 0
cpu22 11980095 482914 5335263 1671335854 11081474 0 172225 0 0 0
cpu23 11692504 471865 5185014 1672082453 10734350 0 171300 0 0 0
cpu24 11729015 448076 5188166 1671800805 11041556 0 169601 0 0 0
cpu25 11555261 450839 5251778 1672272446 10684115 0 176672 0 0 0
cpu26 12007993 478046 5292233 1671701568 10627474 0 178585 0 0 0
cpu27 13878724 464459 5480434 1669364874 10979538 0 175837 0 0 0
cpu28 18767580 361854 5856909 1658238490 9964279 0 1222769 0 0 0
cpu29 13425133 381424 5524385 1668977654 11673221 0 61829 0 0 0
cpu30 12749905 342093 5321915 1670819408 11246944 0 25049 0 0 0
cpu31 11674824 306256 5003525 1672764442 10868582 0 22419 0 0 0
cpu32 10892591 292303 4878348 1673179105 11396622 0 22203 0 0 0
cpu33 10504717 294659 4782515 1672983067 12114400 0 21810 0 0 0
cpu34 10105536 300801 4678741 1673640343 11872108 0 20917 0 0 0
cpu35 9687903 288349 4572323 1674342445 11824737 0 22575 0 0 0
cpu36 9558920 287721 4471863 1674863049 11574785 0 20850 0 0 0
cpu37 9399815 302139 4451991 1675037623 11595189 0 20589 0 0 0
cpu38 9339034 311327 4404958 1675403930 11334417 0 20706 0 0 0
cpu39 9400904 310554 4497780 1675175341 11304275 0 21390 0 0 0
cpu40 9355005 306218 4524885 1675405617 11111302 0 22200 0 0 0
cpu41 9758200 317785 4525876 1674710400 11289147 0 21805 0 0 0
cpu42 13906889 443034 5470970 1670061353 10331606 0 169205 0 0 0
cpu43 11927227 434858 5183654 1672193352 10394703 0 165711 0 0 0
cpu44 11765150 425576 5241739 1672523890 10306356 0 165881 0 0 0
cpu45 11243373 430940 5006003 1673195005 10414634 0 159639 0 0 0
cpu46 11125477 431394 5000463 1673221256 10520415 0 161228 0 0 0
cpu47 10941002 452452 5023569 1673249162 10625819 0 162103 0 0 0
cpu48 11669102 439673 4992788 1672654862 10596728 0 161346 0 0 0
cpu49 11119079 416764 5026024 1673375321 10392915 0 164423 0 0 0
cpu50 11064396 440746 4991428 1673077822 10735532 0 163099 0 0 0
cpu51 11320273 447564 4996560 1672981123 10531154 0 165652 0 0 0
cpu52 11031450 446614 4986533 1673107216 10709627 0 165892 0 0 0
cpu53 11093453 432568 5067940 1673126309 10558990 0 172602 0 0 0
cpu54 11460241 425131 5043254 1672713283 10642096 0 169869 0 0 0
cpu55 13158534 432016 5214989 1670795973 10589319 0 169719 0 0 0
intr 106335463261 74 4 0 0 0 0 0 0 0 0 0 0 6 0 0 0 0 360 213 2556108744 0 0 0 0 0 0 0 0 0 0 0 0 0 0 0 0 0 2390940505 426490208 8318059 677 278 24496490 0 0 0 0 0 0 0 0 0 0 0 0 0 0 0 0 0 0 0 0 0 0 0 0 0 0 0 0 0 0 0 0 0 0 0 0 0 0 0 0 0 0 0 0 0 0 0 0 0 0 0 0 0 0 0 0 0 0 0 0 0 0 0 0 0 0 0 0 0 0 0 0 0 0 0 0 0 0 0 0 0 0 0 0 0 0 0 0 0 0 0 0 0 0 0 0 0 0 0 0 0 0 0 0 0 0 0 0 0 0 0 0 0 0 0 0 0 0 0 0 0 0 0 0 0 0 0 0 0 0 0 0 0 0 0 0 0 0 0 0 0 0 0 0 0 0 0 0 0 0 0 0 0 0 0 0 0 0 0 0 0 0 0 0 0 0 0 0 0 0 0 0 0 0 0 0 0 0 0 0 0 0 0 0 0 0 0 0 0 0 0 0 0 0 0 0 0 0 0 0 0 0 0 0 0 0 0 0 0 0 0 0 0 0 0 0 0 0 0 0 0 0 0 0 0 0 0 0 0 0 0 0 0 0 0 0 0 0 0 0 0 0 0 0 0 0 0 0 0 0 0 0 0 0 0 0 0 0 0 0 0 0 0 0 0 0 0 0 0 0 0 0 0 0 0 0 0 0 0 0 0 0 0 0 0 0 0 0 0 0 0 0 0 0 0 0 0 0 0 0 0 0 0 0 0 0 0 0 0 0 0 0 0 0 0 0 0 0 0 0 0 0 0 0 0 0 0 0 0 0 0 0 0 0 0 0 0 0 0 0 0 0 0 0 0 0 0 0 0 0 0 0 0 0 0 0 0 0 0 0 0 0 0 0 0 0 0 0 0 0 0 0 0 0 0 0 0 0 0 0 0 0 0 0 0 0 0 0 0 0 0 0 0 0 0 0 0 0 0 0 0 0 0 0 0 0 0 0 0 0 0 0 0 0 0 0 0 0 0 0 0 0 0 0 0 0 0 0 0 0 0 0 0 0 0 0 0 0 0 0 0 0 0 0 0 0 0 0 0 0 0 0 0 0 0 0 0 0 0 0 0 0 0 0 0 0 0 0 0 0 0 0 0 0 0 0 0 0 0 0 0 0 0 0 0 0 0 0 0 0 0 0 0 0 0 0 0 0 0 0 0 0 0 0 0 0 0 0 0 0 0 0 0 0 0 0 0 0 0 0 0 0 0 0 0 0 0 0 0 0 0 0 0 0 0 0 0 0 0 0 0 0 0 0 0 0 0 0 0 0 0 0 0 0 0 0 0 0 0 0 0 0 0 0 0 0 0 0 0 0 0 0 0 0 0 0 0 0 0 0 0 0 0 0 0 0 0 0 0 0 0 0 0 0 0 0 0 0 0 0 0 0 0 0 0 0 0 0 0 0 0 0 0 0 0 0 0 0 0 0 0 0 0 0 0 0 0 0 0 0 0 0 0 0 0 0 0 0 0 0 0 0 0 0 0 0 0 0 0 0 0 0 0 0 0 0 0 0 0 0 0 0 0 0 0 0 0 0 0 0 0 0 0 0 0 0 0 0 0 0 0 0 0 0 0 0 0 0 0 0 0 0 0 0 0 0 0 0 0 0 0 0 0 0 0 0 0 0 0 0 0 0 0 0 0 0 0 0 0 0 0 0 0 0 0 0 0 0 0 0 0 0 0 0 0 0 0 0 0 0 0 0 0 0 0 0 0 0 0 0 0 0 0 0 0 0 0 0 0 0 0 0 0 0 0 0 0 0 0 0 0 0 0 0 0 0 0 0 0 0 0 0 0 0 0 0 0 0 0 0 0 0 0 0 0 0 0 0 0 0 0 0 0 0 0 0 0 0 0 0 0 0 0 0 0 0 0 0 0 0 0 0 0 0 0 0 0 0 0 0 0 0 0 0 0 0 0 0 0 0 0 0 0 0 0 0 0 0 0 0 0 0 0 0 0 0 0 0 0 0 0 0 0 0 0 0 0 0 0 0 0 0 0 0 0 0 0 0 0 0 0 0 0 0 0 0 0 0 0 0 0 0 0 0 0 0 0 0 0 0 0 0 0 0 0 0 0 0 0 0 0 0 0 0 0 0 0 0 0 0 0 0 0 0 0 0 0 0 0 0 0 0 0 0 0 0 0 0 0 0 0 0 0 0 0 0 0 0 0 0 0 0 0 0 0 0 0 0 0 0 0 0 0 0 0 0 0 0 0 0 0 0 0 0 0 0 0 0 0 0 0 0 0 0 0 0 0 0 0 0 0 0 0 0 0 0 0 0 0 0 0 0 0 0 0 0 0 0 0 0 0 0 0 0 0 0 0 0 0 0 0 0 0 0 0 0 0 0 0 0 0 0 0 0 0 0 0 0 0 0 0 0 0 0 0 0 0 0 0 0 0 0 0 0 0 0 0 0 0 0 0 0 0 0 0 0 0 0 0 0 0 0 0 0 0 0 0 0 0 0 0 0 0 0 0 0 0 0 0 0 0 0 0 0 0 0 0 0 0 0 0 0 0 0 0 0 0 0 0 0 0 0 0 0 0 0 0 0 0 0 0 0 0 0 0 0 0 0 0 0 0 0 0 0 0 0 0 0 0 0 0 0 0 0 0 0 0 0 0 0 0 0 0 0 0 0 0 0 0 0 0 0 0 0 0 0 0 0 0 0 0 0 0 0 0 0 0 0 0 0 0 0 0 0 0 0 0 0 0 0 0 0 0 0 0 0 0 0 0 0 0 0 0 0 0 0 0 0 0 0 0 0 0 0 0 0 0 0 0 0 0 0 0 0 0 0 0 0 0 0 0 0 0 0 0 0 0 0 0 0 0 0 0 0 0 0 0 0 0 0 0 0 0 0 0 0 0 0 0 0 0 0 0 0 0 0 0 0 0 0 0 0 0 0 0 0 0 0 0 0 0 0 0 0 0 0 0 0 0 0 0 0 0 0 0 0 0 0 0 0 0 0 0 0 0 0 0 0 0 0 0 0 0 0 0 0 0 0 0 0 0 0 0 0 0 0 0 0 0 0 0 0 0 0 0 0 0 0 0 0 0 0 0 0 0 0 0 0 0 0 0 0 0 0 0 0 0 0 0 0 0 0 0 0 0 0 0 0 0 0 0 0 0 0 0 0 0 0 0 0 0 0 0 0 0 0 0 0 0 0 0 0 0 0 0 0 0 0 0 0 0 0 0 0 0 0 0 0 0 0 0 0 0 0 0 0 0 0 0 0 0 0 0 0 0 0 0 0 0 0 0 0 0 0 0 0 0 0 0 0 0 0 0 0 0 0 0 0 0 0 0 0 0 0 0 0 0 0 0 0 0 0 0 0 0 0 0 0 0 0 0 0 0 0 0 0 0 0 0 0 0 0 0 0 0 0 0 0 0 0 0 0 0 0 0 0 0 0 0 0 0 0 0 0 0 0 0 0 0 0 0 0 0 0 0 0 0 0 0 0 0 0 0 0 0 0 0 0 0 0 0 0 0 0 0 0 0 0 0 0 0 0 0 0 0 0 0 0 0 0 0 0 0 0 0 0 0 0 0 0 0 0 0 0 0 0 0 0 0 0 0 0 0 0 0 0 0 0 0 0 0 0 0 0 0 0 0 0 0 0 0 0 0 0 0 0 0 0 0 0 0 0 0 0 0 0 0 0 0 0 0 0 0 0 0 0 0 0 0 0 0 0 0 0 0 0 0 0 0 0 0 0 0 0 0 0 0 0 0 0 0 0 0 0 0
ctxt 208031533834
btime 1773600682
processes 94919013
procs_running 25
procs_blocked 1
softirq 42956719901 256 2278199397 38286644 820726032 1476243834 0 2936230166 564405536 5109161 477780507
--
cpu  802820157 23598936 302996126 93433088707 610696579 0 8687788 0 0 0
cpu0 29445427 224394 7357673 1619855726 8330767 0 164249 0 0 0
cpu1 29264466 432889 7637222 1649180867 11021210 0 53778 0 0 0
cpu2 28197927 463108 7586328 1652719105 10878177 0 34636 0 0 0
cpu3 25941140 484906 6786220 1656173431 11038991 0 28880 0 0 0
cpu4 22367585 490414 6367902 1660235428 11076407 0 28339 0 0 0
cpu5 19967961 494023 5973246 1662838195 11316936 0 26559 0 0 0
cpu6 17825636 497511 5632731 1665465830 11191562 0 26736 0 0 0
cpu7 16612253 487783 5472109 1666900325 11170851 0 24765 0 0 0
cpu8 15338442 485635 5279404 1668122252 11408252 0 24784 0 0 0
cpu9 14904978 489844 5248766 1668614040 11338308 0 24987 0 0 0
cpu10 14406184 472357 5130259 1669123305 11494956 0 24198 0 0 0
cpu11 14131210 465792 5141980 1669125531 11699612 0 25288 0 0 0
cpu12 14187128 458188 5264810 1669238665 11397033 0 24342 0 0 0
cpu13 12797762 425511 5427337 1668683446 9922183 0 1895550 0 0 0
cpu14 31521883 477236 7830550 1650018851 10085020 0 173723 0 0 0
cpu15 21115190 503934 6798364 1660794473 10896344 0 172123 0 0 0
cpu16 17753145 491819 6308905 1664510250 11133569 0 172376 0 0 0
cpu17 14930284 500066 5666531 1668278426 10904288 0 167591 0 0 0
cpu18 13590605 505884 5515295 1669993863 10640130 0 171819 0 0 0
cpu19 12935216 472687 5412246 1670761448 10655114 0 170812 0 0 0
cpu20 13086402 493492 5345952 1670647795 10657388 0 172124 0 0 0
cpu21 12208912 482428 5333287 1671413767 10770973 0 170416 0 0 0
cpu22 11980131 482914 5335399 1671336411 11081474 0 172266 0 0 0
cpu23 11692536 471865 5185141 1672083012 10734350 0 171346 0 0 0
cpu24 11729045 448076 5188293 1671801365 11041556 0 169649 0 0 0
cpu25 11555294 450839 5251906 1672273000 10684115 0 176716 0 0 0
cpu26 12008025 478046 5292362 1671702124 10627474 0 178628 0 0 0
cpu27 13878755 464459 5480561 1669365428 10979538 0 175883 0 0 0
cpu28 18767623 361854 5857000 1658238547 9964279 0 1223403 0 0 0
cpu29 13425163 381424 5524500 1668978244 11673223 0 61863 0 0 0
cpu30 12749933 342093 5322026 1670820001 11246944 0 25086 0 0 0
cpu31 11674853 306256 5003635 1672765038 10868583 0 22455 0 0 0
cpu32 10892619 292303 4878458 1673179700 11396622 0 22237 0 0 0
cpu33 10504751 294659 4782628 1672983657 12114401 0 21844 0 0 0
cpu34 10105565 300801 4678852 1673640937 11872108 0 20951 0 0 0
cpu35 9687932 288349 4572432 1674343038 11824737 0 22607 0 0 0
cpu36 9558951 287721 4471976 1674863643 11574786 0 20887 0 0 0
cpu37 9399885 302139 4452108 1675038179 11595191 0 20622 0 0 0
cpu38 9339062 311327 4405066 1675404524 11334418 0 20741 0 0 0
cpu39 9400930 310554 4497890 1675175934 11304276 0 21428 0 0 0
cpu40 9355037 306218 4525001 1675406211 11111302 0 22234 0 0 0
cpu41 9758229 317785 4525993 1674710991 11289147 0 21842 0 0 0
cpu42 13906922 443034 5471110 1670061906 10331606 0 169250 0 0 0
cpu43 11927260 434858 5183787 1672193907 10394703 0 165758 0 0 0
cpu44 11765179 425576 5241875 1672524446 10306356 0 165924 0 0 0
cpu45 11243401 430940 5006131 1673195567 10414634 0 159684 0 0 0
cpu46 11125507 431394 5000591 1673221815 10520415 0 161272 0 0 0
cpu47 10941033 452452 5023701 1673249723 10625819 0 162145 0 0 0
cpu48 11669133 439673 4992913 1672655419 10596732 0 161392 0 0 0
cpu49 11119114 416764 5026154 1673375869 10392924 0 164468 0 0 0
cpu50 11064426 440746 4991556 1673078338 10735576 0 163142 0 0 0
cpu51 11320302 447564 4996689 1672981686 10531154 0 165698 0 0 0
cpu52 11031479 446614 4986665 1673107775 10709629 0 165937 0 0 0
cpu53 11093486 432568 5068071 1673126864 10558990 0 172647 0 0 0
cpu54 11460272 425131 5043387 1672713832 10642099 0 169915 0 0 0
cpu55 13158566 432016 5215124 1670796526 10589319 0 169767 0 0 0
intr 106336170982 74 4 0 0 0 0 0 0 0 0 0 0 6 0 0 0 0 360 213 2556109483 0 0 0 0 0 0 0 0 0 0 0 0 0 0 0 0 0 2391042817 426490368 8318062 677 278 24496490 0 0 0 0 0 0 0 0 0 0 0 0 0 0 0 0 0 0 0 0 0 0 0 0 0 0 0 0 0 0 0 0 0 0 0 0 0 0 0 0 0 0 0 0 0 0 0 0 0 0 0 0 0 0 0 0 0 0 0 0 0 0 0 0 0 0 0 0 0 0 0 0 0 0 0 0 0 0 0 0 0 0 0 0 0 0 0 0 0 0 0 0 0 0 0 0 0 0 0 0 0 0 0 0 0 0 0 0 0 0 0 0 0 0 0 0 0 0 0 0 0 0 0 0 0 0 0 0 0 0 0 0 0 0 0 0 0 0 0 0 0 0 0 0 0 0 0 0 0 0 0 0 0 0 0 0 0 0 0 0 0 0 0 0 0 0 0 0 0 0 0 0 0 0 0 0 0 0 0 0 0 0 0 0 0 0 0 0 0 0 0 0 0 0 0 0 0 0 0 0 0 0 0 0 0 0 0 0 0 0 0 0 0 0 0 0 0 0 0 0 0 0 0 0 0 0 0 0 0 0 0 0 0 0 0 0 0 0 0 0 0 0 0 0 0 0 0 0 0 0 0 0 0 0 0 0 0 0 0 0 0 0 0 0 0 0 0 0 0 0 0 0 0 0 0 0 0 0 0 0 0 0 0 0 0 0 0 0 0 0 0 0 0 0 0 0 0 0 0 0 0 0 0 0 0 0 0 0 0 0 0 0 0 0 0 0 0 0 0 0 0 0 0 0 0 0 0 0 0 0 0 0 0 0 0 0 0 0 0 0 0 0 0 0 0 0 0 0 0 0 0 0 0 0 0 0 0 0 0 0 0 0 0 0 0 0 0 0 0 0 0 0 0 0 0 0 0 0 0 0 0 0 0 0 0 0 0 0 0 0 0 0 0 0 0 0 0 0 0 0 0 0 0 0 0 0 0 0 0 0 0 0 0 0 0 0 0 0 0 0 0 0 0 0 0 0 0 0 0 0 0 0 0 0 0 0 0 0 0 0 0 0 0 0 0 0 0 0 0 0 0 0 0 0 0 0 0 0 0 0 0 0 0 0 0 0 0 0 0 0 0 0 0 0 0 0 0 0 0 0 0 0 0 0 0 0 0 0 0 0 0 0 0 0 0 0 0 0 0 0 0 0 0 0 0 0 0 0 0 0 0 0 0 0 0 0 0 0 0 0 0 0 0 0 0 0 0 0 0 0 0 0 0 0 0 0 0 0 0 0 0 0 0 0 0 0 0 0 0 0 0 0 0 0 0 0 0 0 0 0 0 0 0 0 0 0 0 0 0 0 0 0 0 0 0 0 0 0 0 0 0 0 0 0 0 0 0 0 0 0 0 0 0 0 0 0 0 0 0 0 0 0 0 0 0 0 0 0 0 0 0 0 0 0 0 0 0 0 0 0 0 0 0 0 0 0 0 0 0 0 0 0 0 0 0 0 0 0 0 0 0 0 0 0 0 0 0 0 0 0 0 0 0 0 0 0 0 0 0 0 0 0 0 0 0 0 0 0 0 0 0 0 0 0 0 0 0 0 0 0 0 0 0 0 0 0 0 0 0 0 0 0 0 0 0 0 0 0 0 0 0 0 0 0 0 0 0 0 0 0 0 0 0 0 0 0 0 0 0 0 0 0 0 0 0 0 0 0 0 0 0 0 0 0 0 0 0 0 0 0 0 0 0 0 0 0 0 0 0 0 0 0 0 0 0 0 0 0 0 0 0 0 0 0 0 0 0 0 0 0 0 0 0 0 0 0 0 0 0 0 0 0 0 0 0 0 0 0 0 0 0 0 0 0 0 0 0 0 0 0 0 0 0 0 0 0 0 0 0 0 0 0 0 0 0 0 0 0 0 0 0 0 0 0 0 0 0 0 0 0 0 0 0 0 0 0 0 0 0 0 0 0 0 0 0 0 0 0 0 0 0 0 0 0 0 0 0 0 0 0 0 0 0 0 0 0 0 0 0 0 0 0 0 0 0 0 0 0 0 0 0 0 0 0 0 0 0 0 0 0 0 0 0 0 0 0 0 0 0 0 0 0 0 0 0 0 0 0 0 0 0 0 0 0 0 0 0 0 0 0 0 0 0 0 0 0 0 0 0 0 0 0 0 0 0 0 0 0 0 0 0 0 0 0 0 0 0 0 0 0 0 0 0 0 0 0 0 0 0 0 0 0 0 0 0 0 0 0 0 0 0 0 0 0 0 0 0 0 0 0 0 0 0 0 0 0 0 0 0 0 0 0 0 0 0 0 0 0 0 0 0 0 0 0 0 0 0 0 0 0 0 0 0 0 0 0 0 0 0 0 0 0 0 0 0 0 0 0 0 0 0 0 0 0 0 0 0 0 0 0 0 0 0 0 0 0 0 0 0 0 0 0 0 0 0 0 0 0 0 0 0 0 0 0 0 0 0 0 0 0 0 0 0 0 0 0 0 0 0 0 0 0 0 0 0 0 0 0 0 0 0 0 0 0 0 0 0 0 0 0 0 0 0 0 0 0 0 0 0 0 0 0 0 0 0 0 0 0 0 0 0 0 0 0 0 0 0 0 0 0 0 0 0 0 0 0 0 0 0 0 0 0 0 0 0 0 0 0 0 0 0 0 0 0 0 0 0 0 0 0 0 0 0 0 0 0 0 0 0 0 0 0 0 0 0 0 0 0 0 0 0 0 0 0 0 0 0 0 0 0 0 0 0 0 0 0 0 0 0 0 0 0 0 0 0 0 0 0 0 0 0 0 0 0 0 0 0 0 0 0 0 0 0 0 0 0 0 0 0 0 0 0 0 0 0 0 0 0 0 0 0 0 0 0 0 0 0 0 0 0 0 0 0 0 0 0 0 0 0 0 0 0 0 0 0 0 0 0 0 0 0 0 0 0 0 0 0 0 0 0 0 0 0 0 0 0 0 0 0 0 0 0 0 0 0 0 0 0 0 0 0 0 0 0 0 0 0 0 0 0 0 0 0 0 0 0 0 0 0 0 0 0 0 0 0 0 0 0 0 0 0 0 0 0 0 0 0 0 0 0 0 0 0 0 0 0 0 0 0 0 0 0 0 0 0 0 0 0 0 0 0 0 0 0 0 0 0 0 0 0 0 0 0 0 0 0 0 0 0 0 0 0 0 0 0 0 0 0 0 0 0 0 0 0 0 0 0 0 0 0 0 0 0 0 0 0 0 0 0 0 0 0 0 0 0 0 0 0 0 0 0 0 0 0 0 0 0 0 0 0 0 0 0 0 0 0 0 0 0 0 0 0 0 0 0 0 0 0 0 0 0 0 0 0 0 0 0 0 0 0 0 0 0 0 0 0 0 0 0 0 0 0 0 0 0 0 0 0 0 0 0 0 0 0 0 0 0 0 0 0 0 0 0 0 0 0 0 0 0 0 0 0 0 0 0 0 0 0 0 0 0 0 0 0 0 0 0 0 0 0 0 0 0 0 0 0 0 0 0 0 0 0 0 0 0 0 0 0 0 0 0 0 0 0 0 0 0 0 0 0 0 0 0 0 0 0 0 0 0 0 0 0 0 0 0 0 0 0 0 0 0 0 0 0 0 0 0 0 0 0 0 0 0 0 0 0 0 0 0 0 0 0 0 0 0 0 0 0 0 0 0 0 0 0 0 0 0 0 0 0 0 0 0 0 0 0 0 0 0 0 0 0 0 0 0 0 0 0 0 0 0 0 0 0 0 0 0 0 0 0 0 0 0 0 0
ctxt 208037628747
btime 1773600682
processes 94919112
procs_running 18
procs_blocked 0
softirq 42958626880 256 2278201063 38287836 822423001 1476244276 0 2936231421 564552847 5109161 477838651
