Running 10s test @ http://192.168.10.15:18500/page
  32 threads and 256 connections
  Thread Stats   Avg      Stdev     Max   +/- Stdev
    Latency    22.86ms    2.04ms  38.28ms   95.57%
    Req/Sec   350.41     34.89   434.00     73.32%
  Latency Distribution
     50%   23.16ms
     75%   23.61ms
     90%   23.92ms
     99%   25.23ms
  112596 requests in 10.08s, 1.09GB read
Requests/sec:  11168.16
Transfer/sec:    110.80MB
## drops 0 0
## server-stat
cpu  1221446 435 648310 9257752 30766 0 251043 0 0 0
cpu0 43673 7 19847 286702 808 0 8820 0 0 0
cpu1 44138 9 19741 287548 560 0 8499 0 0 0
cpu2 44483 8 19654 287615 360 0 8437 0 0 0
cpu3 45208 10 20141 285543 1181 0 8479 0 0 0
cpu4 45532 9 19943 285837 719 0 8561 0 0 0
cpu5 45220 9 19862 286596 358 0 8440 0 0 0
cpu6 44717 7 19758 287208 349 0 8434 0 0 0
cpu7 43797 6 19555 288380 224 0 8260 0 0 0
cpu8 25001 12 19692 301455 1043 0 5294 0 0 0
cpu9 27817 13 20131 296586 2324 0 5456 0 0 0
cpu10 26994 12 20012 298897 1168 0 5583 0 0 0
cpu11 25647 11 19406 302697 594 0 5288 0 0 0
cpu12 42431 82 20664 281868 2998 0 5630 0 0 0
cpu13 41237 13 20870 283362 2397 0 5763 0 0 0
cpu14 25574 10 19010 304315 811 0 5190 0 0 0
cpu15 24340 11 17844 307801 638 0 4736 0 0 0
cpu16 47977 5 20579 283253 363 0 8622 0 0 0
cpu17 47843 5 20602 282370 1248 0 8663 0 0 0
cpu18 47611 6 20447 283801 280 0 8564 0 0 0
cpu19 48740 6 20898 281541 624 0 8797 0 0 0
cpu20 48919 9 20829 281626 680 0 8771 0 0 0
cpu21 47393 7 20382 283640 530 0 8626 0 0 0
cpu22 46454 6 20414 283297 324 0 8576 0 0 0
cpu23 45297 9 20123 285969 299 0 8480 0 0 0
cpu24 27756 13 20066 300559 839 0 5658 0 0 0
cpu25 29916 14 21778 292694 1549 0 6498 0 0 0
cpu26 29059 12 21448 294516 1179 0 6373 0 0 0
cpu27 25010 7 19314 295558 1044 0 10634 0 0 0
cpu28 40583 19 22603 272317 1888 0 12823 0 0 0
cpu29 42141 57 22844 269880 1806 0 12885 0 0 0
cpu30 24119 9 19487 294915 807 0 10516 0 0 0
cpu31 26804 8 20350 299392 759 0 5673 0 0 0
intr 967126217 126 0 0 0 0 0 0 0 0 1 0 0 0 0 0 0 0 0 0 0 0 0 0 0 0 0 0 1 1 1 0 0 0 0 1 0 1 0 0 75045 0 0 0 0 0 0 0 0 411 0 0 0 0 0 0 0 0 87 0 0 0 0 0 0 0 0 0 0 0 0 0 0 0 130919 2 17732065 17689048 17660447 17752509 0 3071 2307 2856 1551 3079 2640 2056 2549 1469 10241 18124 10128 8141 13093 14634 11258 7270 2692 1790 1457 2334 2233 1933 1523 1577 8902 7073 4923 5476 6433 5715 6112 7949 0 0 0 0 616252 2983 1036 0 264 0 0 0 0 0 0 0 0 0 0 0 0 0 0 0 0 0 0 0 0 0 0 0 0 0 0 0 0 0 0 0 0 0 0 0 0 0 0 0 0 0 0 0 0 0 0 0 0 0 0 0 0 0 0 0 0 0 0 0 0 0 0 0 0 0 0 0 0 0 0 0 0 0 0 0 0 0 0 0 0 0 0 0 0 0 0 0 0 0 0 0 0 0 0 0 0 0 0 0 0 0 0 0 0 0 0 0 0 0 0 0 0 0 0 0 0 0 0 0 0 0 0 0 0 0 0 0 0 0 0 0 0 0 0 0 0 0 0 0 0 0 0 0 0 0 0 0 0 0 0 0 0 0 0 0 0 0 0 0 0 0 0 0 0 0 0 0 0 0 0 0 0 0 0 0 0 0 0 0 0 0 0 0 0 0 0 0 0 0 0 0 0 0 0 0 0 0 0 0 0 0 0 0 0 0 0 0 0 0 0 0 0 0 0 0 0 0 0 0 0 0 0 0 0 0 0 0 0 0 0 0 0 0 0 0 0 0 0 0 0 0 0 0 0 0 0 0 0 0 0 0 0 0 0 0 0 0 0 0 0 0 0 0 0 0 0 0 0 0 0 0 0 0 0 0 0 0 0 0 0 0 0 0 0 0 0 0 0 0 0 0 0 0 0 0 0 0 0 0 0 0 0 0 0 0 0 0 0 0 0 0 0 0 0 0 0 0 0 0 0 0 0 0 0 0 0 0 0 0 0 0 0 0 0 0 0 0 0 0 0 0 0 0 0 0 0 0 0 0 0 0 0 0 0 0 0 0 0 0 0 0 0 0 0 0 0 0 0 0 0 0 0 0 0 0 0 0 0 0 0 0 0 0 0 0 0 0 0 0 0 0 0 0 0 0 0 0 0 0 0 0 0 0 0 0 0 0 0 0 0 0 0 0 0 0 0 0 0 0 0 0 0 0 0 0 0 0 0 0 0 0 0 0 0 0 0 0 0 0 0 0 0 0 0 0 0 0 0 0 0 0 0 0 0 0 0 0 0 0 0 0 0 0 0 0 0 0 0 0 0 0 0 0 0 0 0 0 0 0 0 0 0 0 0 0 0 0 0 0 0 0 0 0 0 0 0 0 0 0 0 0 0 0 0 0 0 0 0 0 0 0 0 0 0 0 0 0 0 0 0 0 0 0 0 0 0 0 0 0 0 0 0 0 0 0 0 0 0 0 0 0 0 0 0 0 0 0 0 0 0 0 0 0 0 0 0 0 0 0 0 0 0 0 0 0 0 0 0 0 0 0 0 0 0 0 0 0 0 0 0 0 0 0 0 0 0 0 0 0 0 0 0 0 0 0 0 0 0 0 0 0 0 0 0 0 0 0 0 0 0 0 0 0 0 0 0 0 0 0 0 0 0 0 0 0 0 0 0 0 0 0 0 0 0 0 0 0 0 0 0 0 0 0 0 0 0 0 0 0 0 0 0 0 0 0 0 0 0 0 0 0 0 0 0 0 0 0 0 0 0 0 0 0 0 0 0 0 0 0 0 0 0 0 0 0 0 0 0 0 0 0 0 0 0 0 0 0 0 0 0 0 0 0 0 0 0 0 0 0 0 0 0 0 0 0 0 0 0 0 0 0 0 0 0 0 0 0 0 0 0 0 0 0 0 0 0 0 0 0 0 0 0 0 0 0 0 0 0 0 0 0 0 0 0 0 0 0 0 0 0 0 0 0 0 0 0 0 0 0 0 0 0 0 0 0 0 0 0 0 0 0 0 0 0 0 0 0 0 0 0 0 0 0 0 0 0 0 0 0 0 0 0 0 0 0 0 0 0 0 0 0 0 0 0 0 0 0 0 0 0 0 0 0 0 0 0 0 0 0 0 0 0 0 0 0 0 0 0 0 0 0 0 0 0 0 0 0 0 0 0 0 0 0 0 0 0 0 0 0 0 0 0 0 0 0 0 0 0 0 0 0 0 0 0 0 0 0 0 0 0 0 0 0 0 0 0 0 0 0 0 0 0 0 0 0 0 0 0 0 0 0 0 0 0 0 0 0 0 0 0 0 0 0 0 0 0 0 0 0 0 0 0 0 0 0 0 0 0 0 0 0 0 0 0 0 0 0 0 0 0 0 0 0 0 0 0 0 0 0 0 0 0 0 0 0 0 0 0 0 0 0 0 0 0 0 0 0 0 0 0 0 0 0 0 0 0 0 0 0 0 0 0 0 0 0 0 0 0 0 0 0 0 0 0 0 0 0 0 0 0 0 0 0 0 0 0 0 0 0 0 0 0 0 0 0 0 0 0 0 0 0 0 0 0 0 0 0 0 0 0 0 0 0 0 0 0 0 0 0 0 0 0 0 0 0 0 0 0 0 0 0 0 0 0 0 0 0 0 0 0 0 0 0 0 0 0 0 0 0 0 0 0 0 0 0 0 0 0 0 0 0 0 0 0 0 0 0 0 0 0 0 0 0 0 0 0 0 0 0 0 0 0
ctxt 1332948081
btime 1790630938
processes 103336
procs_running 9
procs_blocked 0
softirq 1267838757 73526 2237976 963056 1228506100 136379 0 7019781 17693950 410 11207579
--
cpu  1222258 436 649244 9281122 30778 0 251081 0 0 0
cpu0 43691 7 19861 287455 808 0 8822 0 0 0
cpu1 44155 9 19756 288303 560 0 8500 0 0 0
cpu2 44497 8 19669 288374 360 0 8438 0 0 0
cpu3 45222 10 20153 286306 1181 0 8480 0 0 0
cpu4 45548 9 19956 286599 719 0 8562 0 0 0
cpu5 45238 9 19878 287348 358 0 8440 0 0 0
cpu6 44733 7 19774 287960 349 0 8435 0 0 0
cpu7 43812 6 19569 289137 224 0 8261 0 0 0
cpu8 25022 12 19708 302206 1043 0 5295 0 0 0
cpu9 27838 13 20145 297335 2325 0 5457 0 0 0
cpu10 27018 12 20028 299645 1168 0 5584 0 0 0
cpu11 25668 11 19426 303444 594 0 5289 0 0 0
cpu12 42465 82 20684 282600 2998 0 5631 0 0 0
cpu13 41268 13 20890 284098 2397 0 5763 0 0 0
cpu14 25598 10 19035 305040 822 0 5191 0 0 0
cpu15 24366 11 17865 308542 638 0 4737 0 0 0
cpu16 48006 5 20618 283972 363 0 8623 0 0 0
cpu17 47871 5 20642 283089 1248 0 8664 0 0 0
cpu18 47639 6 20485 284521 280 0 8564 0 0 0
cpu19 48773 6 20946 282245 624 0 8798 0 0 0
cpu20 48949 9 20880 282333 680 0 8771 0 0 0
cpu21 47418 7 20419 284367 530 0 8627 0 0 0
cpu22 46477 6 20441 284035 324 0 8576 0 0 0
cpu23 45316 9 20142 286716 299 0 8481 0 0 0
cpu24 27789 13 20115 301265 839 0 5658 0 0 0
cpu25 29952 14 21827 293395 1550 0 6499 0 0 0
cpu26 29094 12 21498 295221 1179 0 6373 0 0 0
cpu27 25041 7 19359 296256 1044 0 10638 0 0 0
cpu28 40623 19 22650 273004 1888 0 12828 0 0 0
cpu29 42176 57 22897 270564 1806 0 12889 0 0 0
cpu30 24146 9 19525 295623 807 0 10521 0 0 0
cpu31 26836 8 20391 300108 759 0 5673 0 0 0
intr 968547498 126 0 0 0 0 0 0 0 0 1 0 0 0 0 0 0 0 0 0 0 0 0 0 0 0 0 0 1 1 1 0 0 0 0 1 0 1 0 0 75045 0 0 0 0 0 0 0 0 411 0 0 0 0 0 0 0 0 87 0 0 0 0 0 0 0 0 0 0 0 0 0 0 0 131038 2 17787311 17746044 17723581 17807628 0 3075 2307 2856 1551 3079 2640 2056 2549 1469 10241 18125 10129 8141 13093 14634 11258 7271 2692 1791 1457 2334 2233 1933 1523 1577 8902 7129 4923 5476 6463 5715 6112 7949 0 0 0 0 616252 2983 1036 0 264 0 0 0 0 0 0 0 0 0 0 0 0 0 0 0 0 0 0 0 0 0 0 0 0 0 0 0 0 0 0 0 0 0 0 0 0 0 0 0 0 0 0 0 0 0 0 0 0 0 0 0 0 0 0 0 0 0 0 0 0 0 0 0 0 0 0 0 0 0 0 0 0 0 0 0 0 0 0 0 0 0 0 0 0 0 0 0 0 0 0 0 0 0 0 0 0 0 0 0 0 0 0 0 0 0 0 0 0 0 0 0 0 0 0 0 0 0 0 0 0 0 0 0 0 0 0 0 0 0 0 0 0 0 0 0 0 0 0 0 0 0 0 0 0 0 0 0 0 0 0 0 0 0 0 0 0 0 0 0 0 0 0 0 0 0 0 0 0 0 0 0 0 0 0 0 0 0 0 0 0 0 0 0 0 0 0 0 0 0 0 0 0 0 0 0 0 0 0 0 0 0 0 0 0 0 0 0 0 0 0 0 0 0 0 0 0 0 0 0 0 0 0 0 0 0 0 0 0 0 0 0 0 0 0 0 0 0 0 0 0 0 0 0 0 0 0 0 0 0 0 0 0 0 0 0 0 0 0 0 0 0 0 0 0 0 0 0 0 0 0 0 0 0 0 0 0 0 0 0 0 0 0 0 0 0 0 0 0 0 0 0 0 0 0 0 0 0 0 0 0 0 0 0 0 0 0 0 0 0 0 0 0 0 0 0 0 0 0 0 0 0 0 0 0 0 0 0 0 0 0 0 0 0 0 0 0 0 0 0 0 0 0 0 0 0 0 0 0 0 0 0 0 0 0 0 0 0 0 0 0 0 0 0 0 0 0 0 0 0 0 0 0 0 0 0 0 0 0 0 0 0 0 0 0 0 0 0 0 0 0 0 0 0 0 0 0 0 0 0 0 0 0 0 0 0 0 0 0 0 0 0 0 0 0 0 0 0 0 0 0 0 0 0 0 0 0 0 0 0 0 0 0 0 0 0 0 0 0 0 0 0 0 0 0 0 0 0 0 0 0 0 0 0 0 0 0 0 0 0 0 0 0 0 0 0 0 0 0 0 0 0 0 0 0 0 0 0 0 0 0 0 0 0 0 0 0 0 0 0 0 0 0 0 0 0 0 0 0 0 0 0 0 0 0 0 0 0 0 0 0 0 0 0 0 0 0 0 0 0 0 0 0 0 0 0 0 0 0 0 0 0 0 0 0 0 0 0 0 0 0 0 0 0 0 0 0 0 0 0 0 0 0 0 0 0 0 0 0 0 0 0 0 0 0 0 0 0 0 0 0 0 0 0 0 0 0 0 0 0 0 0 0 0 0 0 0 0 0 0 0 0 0 0 0 0 0 0 0 0 0 0 0 0 0 0 0 0 0 0 0 0 0 0 0 0 0 0 0 0 0 0 0 0 0 0 0 0 0 0 0 0 0 0 0 0 0 0 0 0 0 0 0 0 0 0 0 0 0 0 0 0 0 0 0 0 0 0 0 0 0 0 0 0 0 0 0 0 0 0 0 0 0 0 0 0 0 0 0 0 0 0 0 0 0 0 0 0 0 0 0 0 0 0 0 0 0 0 0 0 0 0 0 0 0 0 0 0 0 0 0 0 0 0 0 0 0 0 0 0 0 0 0 0 0 0 0 0 0 0 0 0 0 0 0 0 0 0 0 0 0 0 0 0 0 0 0 0 0 0 0 0 0 0 0 0 0 0 0 0 0 0 0 0 0 0 0 0 0 0 0 0 0 0 0 0 0 0 0 0 0 0 0 0 0 0 0 0 0 0 0 0 0 0 0 0 0 0 0 0 0 0 0 0 0 0 0 0 0 0 0 0 0 0 0 0 0 0 0 0 0 0 0 0 0 0 0 0 0 0 0 0 0 0 0 0 0 0 0 0 0 0 0 0 0 0 0 0 0 0 0 0 0 0 0 0 0 0 0 0 0 0 0 0 0 0 0 0 0 0 0 0 0 0 0 0 0 0 0 0 0 0 0 0 0 0 0 0 0 0 0 0 0 0 0 0 0 0 0 0 0 0 0 0 0 0 0 0 0 0 0 0 0 0 0 0 0 0 0 0 0 0 0 0 0 0 0 0 0 0 0 0 0 0 0 0 0 0 0 0 0 0 0 0 0 0 0 0 0 0 0 0 0 0 0 0 0 0 0 0 0 0 0 0 0 0 0 0 0 0 0 0 0 0 0 0 0 0 0 0 0 0 0 0 0 0 0 0 0 0 0 0 0 0 0 0 0 0 0 0 0 0 0 0 0 0 0 0 0 0 0 0 0 0 0 0 0 0 0 0 0 0 0 0 0 0 0 0 0 0 0 0 0 0 0 0 0 0 0 0 0 0 0 0 0 0 0 0 0 0 0 0 0 0 0 0 0 0 0 0 0 0 0 0 0 0 0 0 0 0 0 0 0 0 0 0 0 0 0 0 0 0 0 0 0 0 0 0 0 0 0 0 0 0 0 0 0 0 0 0 0 0 0
ctxt 1334835743
btime 1790630938
processes 103386
procs_running 1
procs_blocked 0
softirq 1268552645 73526 2244388 1008751 1228993125 136502 0 7152125 17716726 410 11227092
## client-stat
cpu  802912882 23598936 303256444 93435860689 610711280 0 8798664 0 0 0
cpu0 29446628 224394 7360979 1619902062 8331099 0 165493 0 0 0
cpu1 29265842 432889 7641692 1649231033 11021436 0 55190 0 0 0
cpu2 28199500 463108 7590816 1652769484 10878418 0 36055 0 0 0
cpu3 25942903 484906 6790659 1656223877 11039158 0 30266 0 0 0
cpu4 22369014 490414 6372334 1660286164 11076704 0 29745 0 0 0
cpu5 19969362 494023 5977697 1662888837 11317378 0 27943 0 0 0
cpu6 17827139 497511 5637087 1665516511 11191954 0 28132 0 0 0
cpu7 16613622 487783 5476498 1666951249 11171118 0 26154 0 0 0
cpu8 15340080 485635 5283803 1668172902 11408518 0 26162 0 0 0
cpu9 14906332 489844 5253093 1668665015 11338612 0 26356 0 0 0
cpu10 14407648 472357 5134620 1669174184 11495217 0 25579 0 0 0
cpu11 14132574 465792 5146423 1669176432 11699804 0 26693 0 0 0
cpu12 14188554 458188 5269301 1669289255 11397420 0 25771 0 0 0
cpu13 12799209 425511 5431788 1668734081 9922455 0 1897052 0 0 0
cpu14 31523551 477236 7835447 1650068397 10085231 0 175494 0 0 0
cpu15 21117698 503934 6803268 1660843293 10896553 0 173826 0 0 0
cpu16 17754676 491819 6313936 1664559771 11133732 0 174195 0 0 0
cpu17 14931839 500066 5671547 1668327882 10904650 0 169279 0 0 0
cpu18 13592590 505884 5520141 1670043133 10640388 0 173551 0 0 0
cpu19 12936816 472687 5417185 1670811015 10655352 0 172551 0 0 0
cpu20 13088111 493492 5350932 1670697163 10657717 0 173849 0 0 0
cpu21 12210456 482428 5338233 1671463148 10771441 0 172143 0 0 0
cpu22 11981771 482914 5340359 1671385931 11081703 0 174004 0 0 0
cpu23 11694142 471865 5190162 1672132546 10734575 0 173068 0 0 0
cpu24 11731081 448076 5193291 1671850609 11041716 0 171350 0 0 0
cpu25 11556969 450839 5256935 1672322351 10684299 0 178516 0 0 0
cpu26 12009868 478046 5297372 1671751355 10627678 0 180440 0 0 0
cpu27 13881854 464459 5485543 1669413380 10979782 0 177683 0 0 0
cpu28 18768819 361854 5860316 1658265411 9964345 0 1247709 0 0 0
cpu29 13426732 381424 5528827 1669029037 11673466 0 63233 0 0 0
cpu30 12751575 342093 5326394 1670870799 11247098 0 26464 0 0 0
cpu31 11676299 306256 5007947 1672816027 10868812 0 23798 0 0 0
cpu32 10894172 292303 4882819 1673230354 11397004 0 23628 0 0 0
cpu33 10506388 294659 4787050 1673034292 12114684 0 23221 0 0 0
cpu34 10107146 300801 4683235 1673691598 11872448 0 22312 0 0 0
cpu35 9689514 288349 4576892 1674393729 11824979 0 23966 0 0 0
cpu36 9560493 287721 4476286 1674914305 11575253 0 22268 0 0 0
cpu37 9401705 302139 4456579 1675088391 11595687 0 21991 0 0 0
cpu38 9340589 311327 4409382 1675455448 11334603 0 22120 0 0 0
cpu39 9402321 310554 4502321 1675226796 11304512 0 22840 0 0 0
cpu40 9356402 306218 4529520 1675457092 11111479 0 23659 0 0 0
cpu41 9759680 317785 4530483 1674761487 11289621 0 23250 0 0 0
cpu42 13910010 443034 5475807 1670110239 10331882 0 170980 0 0 0
cpu43 11929977 434858 5188680 1672242412 10394984 0 167495 0 0 0
cpu44 11766839 425576 5246838 1672573981 10306466 0 167756 0 0 0
cpu45 11244932 430940 5011155 1673245180 10414852 0 161423 0 0 0
cpu46 11127184 431394 5005558 1673271322 10520669 0 162997 0 0 0
cpu47 10942570 452452 5028685 1673299357 10626014 0 163872 0 0 0
cpu48 11670695 439673 4997900 1672705125 10596866 0 163141 0 0 0
cpu49 11120584 416764 5031112 1673425419 10393296 0 166246 0 0 0
cpu50 11066011 440746 4996490 1673127973 10735804 0 164877 0 0 0
cpu51 11321963 447564 5001663 1673031183 10531399 0 167442 0 0 0
cpu52 11033205 446614 4991611 1673157320 10709817 0 167653 0 0 0
cpu53 11095093 432568 5073154 1673176254 10559203 0 174466 0 0 0
cpu54 11461970 425131 5048420 1672763153 10642342 0 171694 0 0 0
cpu55 13160163 432016 5220153 1670845918 10589562 0 171597 0 0 0
intr 106364699200 74 4 0 0 0 0 0 0 0 0 0 0 6 0 0 0 0 360 213 2556192290 0 0 0 0 0 0 0 0 0 0 0 0 0 0 0 0 0 2394515484 426505399 8318354 677 278 24496490 0 0 0 0 0 0 0 0 0 0 0 0 0 0 0 0 0 0 0 0 0 0 0 0 0 0 0 0 0 0 0 0 0 0 0 0 0 0 0 0 0 0 0 0 0 0 0 0 0 0 0 0 0 0 0 0 0 0 0 0 0 0 0 0 0 0 0 0 0 0 0 0 0 0 0 0 0 0 0 0 0 0 0 0 0 0 0 0 0 0 0 0 0 0 0 0 0 0 0 0 0 0 0 0 0 0 0 0 0 0 0 0 0 0 0 0 0 0 0 0 0 0 0 0 0 0 0 0 0 0 0 0 0 0 0 0 0 0 0 0 0 0 0 0 0 0 0 0 0 0 0 0 0 0 0 0 0 0 0 0 0 0 0 0 0 0 0 0 0 0 0 0 0 0 0 0 0 0 0 0 0 0 0 0 0 0 0 0 0 0 0 0 0 0 0 0 0 0 0 0 0 0 0 0 0 0 0 0 0 0 0 0 0 0 0 0 0 0 0 0 0 0 0 0 0 0 0 0 0 0 0 0 0 0 0 0 0 0 0 0 0 0 0 0 0 0 0 0 0 0 0 0 0 0 0 0 0 0 0 0 0 0 0 0 0 0 0 0 0 0 0 0 0 0 0 0 0 0 0 0 0 0 0 0 0 0 0 0 0 0 0 0 0 0 0 0 0 0 0 0 0 0 0 0 0 0 0 0 0 0 0 0 0 0 0 0 0 0 0 0 0 0 0 0 0 0 0 0 0 0 0 0 0 0 0 0 0 0 0 0 0 0 0 0 0 0 0 0 0 0 0 0 0 0 0 0 0 0 0 0 0 0 0 0 0 0 0 0 0 0 0 0 0 0 0 0 0 0 0 0 0 0 0 0 0 0 0 0 0 0 0 0 0 0 0 0 0 0 0 0 0 0 0 0 0 0 0 0 0 0 0 0 0 0 0 0 0 0 0 0 0 0 0 0 0 0 0 0 0 0 0 0 0 0 0 0 0 0 0 0 0 0 0 0 0 0 0 0 0 0 0 0 0 0 0 0 0 0 0 0 0 0 0 0 0 0 0 0 0 0 0 0 0 0 0 0 0 0 0 0 0 0 0 0 0 0 0 0 0 0 0 0 0 0 0 0 0 0 0 0 0 0 0 0 0 0 0 0 0 0 0 0 0 0 0 0 0 0 0 0 0 0 0 0 0 0 0 0 0 0 0 0 0 0 0 0 0 0 0 0 0 0 0 0 0 0 0 0 0 0 0 0 0 0 0 0 0 0 0 0 0 0 0 0 0 0 0 0 0 0 0 0 0 0 0 0 0 0 0 0 0 0 0 0 0 0 0 0 0 0 0 0 0 0 0 0 0 0 0 0 0 0 0 0 0 0 0 0 0 0 0 0 0 0 0 0 0 0 0 0 0 0 0 0 0 0 0 0 0 0 0 0 0 0 0 0 0 0 0 0 0 0 0 0 0 0 0 0 0 0 0 0 0 0 0 0 0 0 0 0 0 0 0 0 0 0 0 0 0 0 0 0 0 0 0 0 0 0 0 0 0 0 0 0 0 0 0 0 0 0 0 0 0 0 0 0 0 0 0 0 0 0 0 0 0 0 0 0 0 0 0 0 0 0 0 0 0 0 0 0 0 0 0 0 0 0 0 0 0 0 0 0 0 0 0 0 0 0 0 0 0 0 0 0 0 0 0 0 0 0 0 0 0 0 0 0 0 0 0 0 0 0 0 0 0 0 0 0 0 0 0 0 0 0 0 0 0 0 0 0 0 0 0 0 0 0 0 0 0 0 0 0 0 0 0 0 0 0 0 0 0 0 0 0 0 0 0 0 0 0 0 0 0 0 0 0 0 0 0 0 0 0 0 0 0 0 0 0 0 0 0 0 0 0 0 0 0 0 0 0 0 0 0 0 0 0 0 0 0 0 0 0 0 0 0 0 0 0 0 0 0 0 0 0 0 0 0 0 0 0 0 0 0 0 0 0 0 0 0 0 0 0 0 0 0 0 0 0 0 0 0 0 0 0 0 0 0 0 0 0 0 0 0 0 0 0 0 0 0 0 0 0 0 0 0 0 0 0 0 0 0 0 0 0 0 0 0 0 0 0 0 0 0 0 0 0 0 0 0 0 0 0 0 0 0 0 0 0 0 0 0 0 0 0 0 0 0 0 0 0 0 0 0 0 0 0 0 0 0 0 0 0 0 0 0 0 0 0 0 0 0 0 0 0 0 0 0 0 0 0 0 0 0 0 0 0 0 0 0 0 0 0 0 0 0 0 0 0 0 0 0 0 0 0 0 0 0 0 0 0 0 0 0 0 0 0 0 0 0 0 0 0 0 0 0 0 0 0 0 0 0 0 0 0 0 0 0 0 0 0 0 0 0 0 0 0 0 0 0 0 0 0 0 0 0 0 0 0 0 0 0 0 0 0 0 0 0 0 0 0 0 0 0 0 0 0 0 0 0 0 0 0 0 0 0 0 0 0 0 0 0 0 0 0 0 0 0 0 0 0 0 0 0 0 0 0 0 0 0 0 0 0 0 0 0 0 0 0 0 0 0 0 0 0 0 0 0 0 0 0 0 0 0 0 0 0 0 0 0 0 0 0 0 0 0 0 0 0 0 0 0 0 0 0 0 0 0 0 0 0 0 0 0 0 0 0 0 0 0 0 0 0 0 0 0 0 0 0 0 0 0 0 0 0 0 0 0 0 0 0 0 0 0 0 0 0 0 0 0 0 0 0 0 0 0 0 0 0 0 0 0 0 0 0 0 0 0 0 0 0 0 0 0 0 0 0 0 0 0 0 0 0 0 0 0 0 0 0 0 0 0 0 0 0 0 0 0 0 0 0 0 0 0 0 0 0 0 0 0 0 0 0 0 0 0 0 0 0 0 0 0 0 0 0 0 0 0 0 0 0 0 0 0 0 0 0 0 0 0 0 0 0 0 0 0 0 0 0 0 0 0 0 0 0 0 0 0 0 0 0 0 0 0 0 0 0 0 0 0 0 0 0 0 0 0 0 0 0 0 0 0 0 0 0 0 0 0 0 0 0 0 0 0 0 0 0 0 0 0 0 0 0 0 0 0 0 0 0 0 0 0 0 0 0 0 0 0 0 0 0 0 0 0 0 0 0 0 0 0 0 0 0 0 0 0 0 0 0 0 0 0 0 0 0 0 0 0 0 0 0 0 0 0 0 0 0 0 0 0 0 0 0 0 0 0 0 0 0 0 0 0 0 0 0 0 0 0 0 0 0 0 0 0 0 0 0 0 0 0 0 0 0 0 0 0 0 0 0 0 0 0 0 0 0 0 0 0 0 0 0 0 0 0 0 0 0 0 0 0 0 0 0 0 0 0 0 0 0 0 0 0 0 0 0 0 0 0 0 0 0 0 0 0 0 0 0 0 0 0 0 0 0 0 0 0 0 0 0 0 0 0 0 0 0 0 0 0 0 0 0 0 0 0 0 0 0 0 0 0 0 0 0 0 0 0 0 0 0 0 0 0 0 0 0 0 0 0 0 0 0 0 0 0 0 0 0 0 0 0 0 0 0 0 0 0 0 0 0 0 0 0 0 0 0 0 0 0 0 0 0 0 0 0 0 0 0 0 0 0 0 0 0 0 0 0 0 0 0 0 0 0 0 0 0 0 0 0 0 0 0 0 0 0 0 0 0 0 0 0 0 0 0 0 0 0 0 0 0 0 0 0 0 0 0 0
ctxt 208231308915
btime 1773600682
processes 94926339
procs_running 19
procs_blocked 1
softirq 43022853129 256 2278358113 38529865 877202271 1476294114 0 2936355909 570579309 5109161 480685763
--
cpu  802913470 23598936 303257913 93435901144 610711386 0 8799450 0 0 0
cpu0 29446635 224394 7361002 1619902679 8331099 0 165506 0 0 0
cpu1 29265849 432889 7641715 1649231761 11021436 0 55201 0 0 0
cpu2 28199510 463108 7590839 1652770213 10878420 0 36065 0 0 0
cpu3 25942916 484906 6790684 1656224608 11039159 0 30278 0 0 0
cpu4 22369021 490414 6372356 1660286903 11076704 0 29755 0 0 0
cpu5 19969368 494023 5977722 1662889578 11317378 0 27955 0 0 0
cpu6 17827154 497511 5637113 1665517242 11191955 0 28143 0 0 0
cpu7 16613631 487783 5476520 1666951982 11171124 0 26166 0 0 0
cpu8 15340088 485635 5283828 1668173641 11408518 0 26174 0 0 0
cpu9 14906341 489844 5253116 1668665673 11338690 0 26366 0 0 0
cpu10 14407656 472357 5134641 1669174923 11495217 0 25591 0 0 0
cpu11 14132582 465792 5146445 1669177173 11699804 0 26704 0 0 0
cpu12 14188561 458188 5269324 1669289995 11397420 0 25783 0 0 0
cpu13 12799218 425511 5431813 1668734816 9922455 0 1897064 0 0 0
cpu14 31523568 477236 7835473 1650069121 10085231 0 175505 0 0 0
cpu15 21117740 503934 6803298 1660843991 10896553 0 173837 0 0 0
cpu16 17754689 491819 6313966 1664560497 11133732 0 174208 0 0 0
cpu17 14931869 500066 5671576 1668328590 10904650 0 169293 0 0 0
cpu18 13592597 505884 5520164 1670043871 10640388 0 173561 0 0 0
cpu19 12936821 472687 5417214 1670811753 10655352 0 172564 0 0 0
cpu20 13088119 493492 5350960 1670697889 10657719 0 173862 0 0 0
cpu21 12210466 482428 5338260 1671463882 10771441 0 172154 0 0 0
cpu22 11981777 482914 5340384 1671386668 11081703 0 174016 0 0 0
cpu23 11694152 471865 5190191 1672133274 10734575 0 173079 0 0 0
cpu24 11731091 448076 5193323 1671851336 11041717 0 171363 0 0 0
cpu25 11556986 450839 5256972 1672323065 10684299 0 178528 0 0 0
cpu26 12009878 478046 5297402 1671752082 10627679 0 180453 0 0 0
cpu27 13881863 464459 5485572 1669414109 10979782 0 177695 0 0 0
cpu28 18768824 361854 5860345 1658265835 9964345 0 1247857 0 0 0
cpu29 13426738 381424 5528850 1669029781 11673466 0 63243 0 0 0
cpu30 12751590 342093 5326417 1670871532 11247098 0 26474 0 0 0
cpu31 11676305 306256 5007970 1672816764 10868815 0 23810 0 0 0
cpu32 10894180 292303 4882843 1673231091 11397004 0 23640 0 0 0
cpu33 10506402 294659 4787084 1673035015 12114687 0 23232 0 0 0
cpu34 10107153 300801 4683258 1673692339 11872448 0 22322 0 0 0
cpu35 9689523 288349 4576924 1674394455 11824983 0 23978 0 0 0
cpu36 9560505 287721 4476308 1674915038 11575255 0 22279 0 0 0
cpu37 9401712 302139 4456605 1675089131 11595687 0 22003 0 0 0
cpu38 9340596 311327 4409408 1675456186 11334603 0 22132 0 0 0
cpu39 9402329 310554 4502347 1675227533 11304512 0 22851 0 0 0
cpu40 9356409 306218 4529545 1675457828 11111481 0 23670 0 0 0
cpu41 9759691 317785 4530509 1674762220 11289621 0 23262 0 0 0
cpu42 13910017 443034 5475833 1670110972 10331882 0 170991 0 0 0
cpu43 11929987 434858 5188708 1672243143 10394984 0 167507 0 0 0
cpu44 11766849 425576 5246864 1672574712 10306466 0 167769 0 0 0
cpu45 11244949 430940 5011181 1673245906 10414852 0 161433 0 0 0
cpu46 11127207 431394 5005593 1673272032 10520669 0 163008 0 0 0
cpu47 10942576 452452 5028710 1673300092 10626014 0 163886 0 0 0
cpu48 11670706 439673 4997926 1672705857 10596866 0 163154 0 0 0
cpu49 11120592 416764 5031139 1673426155 10393296 0 166256 0 0 0
cpu50 11066020 440746 4996518 1673128702 10735804 0 164888 0 0 0
cpu51 11321969 447564 5001688 1673031919 10531399 0 167453 0 0 0
cpu52 11033225 446614 4991636 1673158042 10709817 0 167666 0 0 0
cpu53 11095099 432568 5073182 1673176987 10559203 0 174478 0 0 0
cpu54 11461978 425131 5048444 1672763887 10642342 0 171706 0 0 0
cpu55 13160171 432016 5220181 1670846649 10589562 0 171609 0 0 0
intr 106364931312 74 4 0 0 0 0 0 0 0 0 0 0 6 0 0 0 0 360 213 2556193000 0 0 0 0 0 0 0 0 0 0 0 0 0 0 0 0 0 2394547503 426505750 8318357 677 278 24496490 0 0 0 0 0 0 0 0 0 0 0 0 0 0 0 0 0 0 0 0 0 0 0 0 0 0 0 0 0 0 0 0 0 0 0 0 0 0 0 0 0 0 0 0 0 0 0 0 0 0 0 0 0 0 0 0 0 0 0 0 0 0 0 0 0 0 0 0 0 0 0 0 0 0 0 0 0 0 0 0 0 0 0 0 0 0 0 0 0 0 0 0 0 0 0 0 0 0 0 0 0 0 0 0 0 0 0 0 0 0 0 0 0 0 0 0 0 0 0 0 0 0 0 0 0 0 0 0 0 0 0 0 0 0 0 0 0 0 0 0 0 0 0 0 0 0 0 0 0 0 0 0 0 0 0 0 0 0 0 0 0 0 0 0 0 0 0 0 0 0 0 0 0 0 0 0 0 0 0 0 0 0 0 0 0 0 0 0 0 0 0 0 0 0 0 0 0 0 0 0 0 0 0 0 0 0 0 0 0 0 0 0 0 0 0 0 0 0 0 0 0 0 0 0 0 0 0 0 0 0 0 0 0 0 0 0 0 0 0 0 0 0 0 0 0 0 0 0 0 0 0 0 0 0 0 0 0 0 0 0 0 0 0 0 0 0 0 0 0 0 0 0 0 0 0 0 0 0 0 0 0 0 0 0 0 0 0 0 0 0 0 0 0 0 0 0 0 0 0 0 0 0 0 0 0 0 0 0 0 0 0 0 0 0 0 0 0 0 0 0 0 0 0 0 0 0 0 0 0 0 0 0 0 0 0 0 0 0 0 0 0 0 0 0 0 0 0 0 0 0 0 0 0 0 0 0 0 0 0 0 0 0 0 0 0 0 0 0 0 0 0 0 0 0 0 0 0 0 0 0 0 0 0 0 0 0 0 0 0 0 0 0 0 0 0 0 0 0 0 0 0 0 0 0 0 0 0 0 0 0 0 0 0 0 0 0 0 0 0 0 0 0 0 0 0 0 0 0 0 0 0 0 0 0 0 0 0 0 0 0 0 0 0 0 0 0 0 0 0 0 0 0 0 0 0 0 0 0 0 0 0 0 0 0 0 0 0 0 0 0 0 0 0 0 0 0 0 0 0 0 0 0 0 0 0 0 0 0 0 0 0 0 0 0 0 0 0 0 0 0 0 0 0 0 0 0 0 0 0 0 0 0 0 0 0 0 0 0 0 0 0 0 0 0 0 0 0 0 0 0 0 0 0 0 0 0 0 0 0 0 0 0 0 0 0 0 0 0 0 0 0 0 0 0 0 0 0 0 0 0 0 0 0 0 0 0 0 0 0 0 0 0 0 0 0 0 0 0 0 0 0 0 0 0 0 0 0 0 0 0 0 0 0 0 0 0 0 0 0 0 0 0 0 0 0 0 0 0 0 0 0 0 0 0 0 0 0 0 0 0 0 0 0 0 0 0 0 0 0 0 0 0 0 0 0 0 0 0 0 0 0 0 0 0 0 0 0 0 0 0 0 0 0 0 0 0 0 0 0 0 0 0 0 0 0 0 0 0 0 0 0 0 0 0 0 0 0 0 0 0 0 0 0 0 0 0 0 0 0 0 0 0 0 0 0 0 0 0 0 0 0 0 0 0 0 0 0 0 0 0 0 0 0 0 0 0 0 0 0 0 0 0 0 0 0 0 0 0 0 0 0 0 0 0 0 0 0 0 0 0 0 0 0 0 0 0 0 0 0 0 0 0 0 0 0 0 0 0 0 0 0 0 0 0 0 0 0 0 0 0 0 0 0 0 0 0 0 0 0 0 0 0 0 0 0 0 0 0 0 0 0 0 0 0 0 0 0 0 0 0 0 0 0 0 0 0 0 0 0 0 0 0 0 0 0 0 0 0 0 0 0 0 0 0 0 0 0 0 0 0 0 0 0 0 0 0 0 0 0 0 0 0 0 0 0 0 0 0 0 0 0 0 0 0 0 0 0 0 0 0 0 0 0 0 0 0 0 0 0 0 0 0 0 0 0 0 0 0 0 0 0 0 0 0 0 0 0 0 0 0 0 0 0 0 0 0 0 0 0 0 0 0 0 0 0 0 0 0 0 0 0 0 0 0 0 0 0 0 0 0 0 0 0 0 0 0 0 0 0 0 0 0 0 0 0 0 0 0 0 0 0 0 0 0 0 0 0 0 0 0 0 0 0 0 0 0 0 0 0 0 0 0 0 0 0 0 0 0 0 0 0 0 0 0 0 0 0 0 0 0 0 0 0 0 0 0 0 0 0 0 0 0 0 0 0 0 0 0 0 0 0 0 0 0 0 0 0 0 0 0 0 0 0 0 0 0 0 0 0 0 0 0 0 0 0 0 0 0 0 0 0 0 0 0 0 0 0 0 0 0 0 0 0 0 0 0 0 0 0 0 0 0 0 0 0 0 0 0 0 0 0 0 0 0 0 0 0 0 0 0 0 0 0 0 0 0 0 0 0 0 0 0 0 0 0 0 0 0 0 0 0 0 0 0 0 0 0 0 0 0 0 0 0 0 0 0 0 0 0 0 0 0 0 0 0 0 0 0 0 0 0 0 0 0 0 0 0 0 0 0 0 0 0 0 0 0 0 0 0 0 0 0 0 0 0 0 0 0 0 0 0 0 0 0 0 0 0 0 0 0 0 0 0 0 0 0 0 0 0 0 0 0 0 0 0 0 0 0 0 0 0 0 0 0 0 0 0 0 0 0 0 0 0 0 0 0 0 0 0 0 0 0 0 0 0 0 0 0 0 0 0 0 0 0 0 0 0 0 0 0 0 0 0 0 0 0 0 0 0 0 0 0 0 0 0 0 0 0 0 0 0 0 0 0 0 0 0 0 0 0 0 0 0 0 0 0 0 0 0 0 0 0 0 0 0 0 0 0 0 0 0 0 0 0 0 0 0 0 0 0 0 0 0 0 0 0 0 0 0 0 0 0 0 0 0 0 0 0 0 0 0 0 0 0 0 0 0 0 0 0 0 0 0 0 0 0 0 0 0 0 0 0 0 0 0 0 0 0 0 0 0 0 0 0 0 0 0 0 0 0 0 0 0 0 0 0 0 0 0 0 0 0 0 0 0 0 0 0 0 0 0 0 0 0 0 0 0 0 0 0 0 0 0 0 0 0 0 0 0 0 0 0 0 0 0 0 0 0 0 0 0 0 0 0 0 0 0 0 0 0 0 0 0 0 0 0 0 0 0 0 0 0 0 0 0 0 0 0 0 0 0 0 0 0 0 0 0 0 0 0 0 0 0 0 0 0 0 0 0 0 0 0 0 0 0 0 0 0 0 0 0 0 0 0 0 0 0 0 0 0 0 0 0 0 0 0 0 0 0 0 0 0 0 0 0 0 0 0 0 0 0 0 0 0 0 0 0 0 0 0 0 0 0 0 0 0 0 0 0 0 0 0 0 0 0 0 0 0 0 0 0 0 0 0 0 0 0 0 0 0 0 0 0 0 0 0 0 0 0 0 0 0 0 0 0 0 0 0 0 0 0 0 0 0 0 0 0 0 0 0 0 0 0 0 0 0 0 0 0 0 0 0 0 0 0 0 0 0 0 0 0 0 0 0 0 0 0 0 0 0 0 0 0 0 0 0 0 0 0 0 0 0 0 0 0 0 0 0 0 0 0 0 0 0 0 0 0 0 0 0 0 0 0 0 0 0 0 0 0 0 0 0 0 0 0 0 0 0 0 0 0 0 0 0 0 0 0 0 0 0 0 0 0 0 0
ctxt 208232465044
btime 1773600682
processes 94926378
procs_running 8
procs_blocked 0
softirq 43023269470 256 2278359939 38531410 877513232 1476294735 0 2936357298 570639666 5109161 480725405
