Running 10s test @ http://192.168.10.15:18500/
  32 threads and 256 connections
  Thread Stats   Avg      Stdev     Max   +/- Stdev
    Latency   844.60us  515.66us   7.01ms   82.88%
    Req/Sec     9.79k   434.53    14.12k    78.74%
  Latency Distribution
     50%  671.00us
     75%    0.98ms
     90%    1.57ms
     99%    2.71ms
  3148218 requests in 10.10s, 516.41MB read
Requests/sec: 311705.83
Transfer/sec:     51.13MB
## drops 0 0
## server-stat
cpu  1190418 430 637814 9177537 30580 0 248809 0 0 0
cpu0 42848 7 19515 284081 775 0 8769 0 0 0
cpu1 43272 9 19412 284915 559 0 8451 0 0 0
cpu2 43598 8 19325 284999 357 0 8393 0 0 0
cpu3 44286 10 19816 282951 1181 0 8436 0 0 0
cpu4 44605 8 19623 283264 718 0 8514 0 0 0
cpu5 44302 9 19540 284014 357 0 8391 0 0 0
cpu6 43814 7 19426 284603 335 0 8389 0 0 0
cpu7 42947 6 19228 285739 216 0 8222 0 0 0
cpu8 24073 12 19361 298877 1042 0 5256 0 0 0
cpu9 26865 13 19803 294055 2314 0 5414 0 0 0
cpu10 26016 12 19686 296368 1161 0 5543 0 0 0
cpu11 24689 11 19075 300149 594 0 5249 0 0 0
cpu12 41381 82 20327 279408 2994 0 5590 0 0 0
cpu13 40174 13 20541 280931 2381 0 5715 0 0 0
cpu14 24608 10 18665 301790 811 0 5148 0 0 0
cpu15 23393 10 17505 305247 637 0 4695 0 0 0
cpu16 46946 5 20244 280778 360 0 8573 0 0 0
cpu17 46827 5 20264 279884 1244 0 8612 0 0 0
cpu18 46600 6 20117 281295 279 0 8514 0 0 0
cpu19 47684 6 20562 279103 609 0 8747 0 0 0
cpu20 47853 9 20500 279164 679 0 8723 0 0 0
cpu21 46407 7 20052 281122 530 0 8576 0 0 0
cpu22 45502 6 20081 280755 322 0 8529 0 0 0
cpu23 44382 9 19798 283399 293 0 8434 0 0 0
cpu24 26702 12 19733 298107 837 0 5611 0 0 0
cpu25 28847 14 21452 290232 1549 0 6453 0 0 0
cpu26 27979 12 21128 292078 1171 0 6328 0 0 0
cpu27 24063 6 19012 293184 1043 0 10402 0 0 0
cpu28 39579 19 22297 270013 1878 0 12578 0 0 0
cpu29 41146 56 22536 267603 1774 0 12622 0 0 0
cpu30 23234 9 19178 292503 804 0 10290 0 0 0
cpu31 25783 8 20003 296915 759 0 5632 0 0 0
intr 931656199 126 0 0 0 0 0 0 0 0 1 0 0 0 0 0 0 0 0 0 0 0 0 0 0 0 0 0 1 1 1 0 0 0 0 1 0 1 0 0 75045 0 0 0 0 0 0 0 0 411 0 0 0 0 0 0 0 0 87 0 0 0 0 0 0 0 0 0 0 0 0 0 0 0 129306 2 17233659 17190444 17157742 17252704 0 3034 2298 2855 1497 3078 2640 2054 2548 1432 10237 18094 10127 8115 13093 14631 11258 7253 2692 1790 1457 2333 2230 1933 1515 1576 8893 7044 4918 5460 6424 5714 6111 7944 0 0 0 0 616248 2976 1036 0 264 0 0 0 0 0 0 0 0 0 0 0 0 0 0 0 0 0 0 0 0 0 0 0 0 0 0 0 0 0 0 0 0 0 0 0 0 0 0 0 0 0 0 0 0 0 0 0 0 0 0 0 0 0 0 0 0 0 0 0 0 0 0 0 0 0 0 0 0 0 0 0 0 0 0 0 0 0 0 0 0 0 0 0 0 0 0 0 0 0 0 0 0 0 0 0 0 0 0 0 0 0 0 0 0 0 0 0 0 0 0 0 0 0 0 0 0 0 0 0 0 0 0 0 0 0 0 0 0 0 0 0 0 0 0 0 0 0 0 0 0 0 0 0 0 0 0 0 0 0 0 0 0 0 0 0 0 0 0 0 0 0 0 0 0 0 0 0 0 0 0 0 0 0 0 0 0 0 0 0 0 0 0 0 0 0 0 0 0 0 0 0 0 0 0 0 0 0 0 0 0 0 0 0 0 0 0 0 0 0 0 0 0 0 0 0 0 0 0 0 0 0 0 0 0 0 0 0 0 0 0 0 0 0 0 0 0 0 0 0 0 0 0 0 0 0 0 0 0 0 0 0 0 0 0 0 0 0 0 0 0 0 0 0 0 0 0 0 0 0 0 0 0 0 0 0 0 0 0 0 0 0 0 0 0 0 0 0 0 0 0 0 0 0 0 0 0 0 0 0 0 0 0 0 0 0 0 0 0 0 0 0 0 0 0 0 0 0 0 0 0 0 0 0 0 0 0 0 0 0 0 0 0 0 0 0 0 0 0 0 0 0 0 0 0 0 0 0 0 0 0 0 0 0 0 0 0 0 0 0 0 0 0 0 0 0 0 0 0 0 0 0 0 0 0 0 0 0 0 0 0 0 0 0 0 0 0 0 0 0 0 0 0 0 0 0 0 0 0 0 0 0 0 0 0 0 0 0 0 0 0 0 0 0 0 0 0 0 0 0 0 0 0 0 0 0 0 0 0 0 0 0 0 0 0 0 0 0 0 0 0 0 0 0 0 0 0 0 0 0 0 0 0 0 0 0 0 0 0 0 0 0 0 0 0 0 0 0 0 0 0 0 0 0 0 0 0 0 0 0 0 0 0 0 0 0 0 0 0 0 0 0 0 0 0 0 0 0 0 0 0 0 0 0 0 0 0 0 0 0 0 0 0 0 0 0 0 0 0 0 0 0 0 0 0 0 0 0 0 0 0 0 0 0 0 0 0 0 0 0 0 0 0 0 0 0 0 0 0 0 0 0 0 0 0 0 0 0 0 0 0 0 0 0 0 0 0 0 0 0 0 0 0 0 0 0 0 0 0 0 0 0 0 0 0 0 0 0 0 0 0 0 0 0 0 0 0 0 0 0 0 0 0 0 0 0 0 0 0 0 0 0 0 0 0 0 0 0 0 0 0 0 0 0 0 0 0 0 0 0 0 0 0 0 0 0 0 0 0 0 0 0 0 0 0 0 0 0 0 0 0 0 0 0 0 0 0 0 0 0 0 0 0 0 0 0 0 0 0 0 0 0 0 0 0 0 0 0 0 0 0 0 0 0 0 0 0 0 0 0 0 0 0 0 0 0 0 0 0 0 0 0 0 0 0 0 0 0 0 0 0 0 0 0 0 0 0 0 0 0 0 0 0 0 0 0 0 0 0 0 0 0 0 0 0 0 0 0 0 0 0 0 0 0 0 0 0 0 0 0 0 0 0 0 0 0 0 0 0 0 0 0 0 0 0 0 0 0 0 0 0 0 0 0 0 0 0 0 0 0 0 0 0 0 0 0 0 0 0 0 0 0 0 0 0 0 0 0 0 0 0 0 0 0 0 0 0 0 0 0 0 0 0 0 0 0 0 0 0 0 0 0 0 0 0 0 0 0 0 0 0 0 0 0 0 0 0 0 0 0 0 0 0 0 0 0 0 0 0 0 0 0 0 0 0 0 0 0 0 0 0 0 0 0 0 0 0 0 0 0 0 0 0 0 0 0 0 0 0 0 0 0 0 0 0 0 0 0 0 0 0 0 0 0 0 0 0 0 0 0 0 0 0 0 0 0 0 0 0 0 0 0 0 0 0 0 0 0 0 0 0 0 0 0 0 0 0 0 0 0 0 0 0 0 0 0 0 0 0 0 0 0 0 0 0 0 0 0 0 0 0 0 0 0 0 0 0 0 0 0 0 0 0 0 0 0 0 0 0 0 0 0 0 0 0 0 0 0 0 0 0 0 0 0 0 0 0 0 0 0 0 0 0 0 0 0 0 0 0 0 0 0 0 0 0 0 0 0 0 0 0 0 0 0 0 0 0 0 0 0 0 0 0 0 0 0 0 0 0 0 0 0 0 0 0 0 0 0 0 0 0 0 0 0 0 0 0 0 0 0 0 0 0 0 0 0 0 0 0 0 0 0 0 0 0 0 0 0 0 0 0 0 0 0 0 0 0 0 0 0 0 0 0 0 0 0 0 0 0 0 0 0 0 0 0 0 0 0 0 0 0 0 0
ctxt 1287490101
btime 1790630938
processes 102185
procs_running 35
procs_blocked 0
softirq 1259206647 73526 2207119 936358 1220731312 134744 0 6948973 17217213 410 10956992
--
cpu  1201495 431 641441 9184602 30590 0 249612 0 0 0
cpu0 43139 7 19636 284348 775 0 8786 0 0 0
cpu1 43583 9 19530 285169 559 0 8468 0 0 0
cpu2 43909 8 19443 285252 357 0 8409 0 0 0
cpu3 44622 10 19930 283193 1181 0 8452 0 0 0
cpu4 44939 8 19735 283500 718 0 8532 0 0 0
cpu5 44633 9 19652 284254 357 0 8408 0 0 0
cpu6 44137 7 19546 284855 335 0 8404 0 0 0
cpu7 43256 6 19343 286001 216 0 8233 0 0 0
cpu8 24406 12 19479 299113 1042 0 5271 0 0 0
cpu9 27200 13 19915 294287 2316 0 5429 0 0 0
cpu10 26364 12 19806 296591 1161 0 5558 0 0 0
cpu11 25036 11 19193 300381 594 0 5263 0 0 0
cpu12 41741 82 20443 279626 2995 0 5605 0 0 0
cpu13 40537 13 20659 281145 2381 0 5731 0 0 0
cpu14 24951 10 18786 302014 811 0 5164 0 0 0
cpu15 23728 10 17626 305479 637 0 4711 0 0 0
cpu16 47314 5 20359 280986 362 0 8589 0 0 0
cpu17 47190 5 20381 280096 1245 0 8629 0 0 0
cpu18 46961 6 20230 281511 279 0 8531 0 0 0
cpu19 48063 6 20666 279308 609 0 8767 0 0 0
cpu20 48232 9 20613 279370 679 0 8738 0 0 0
cpu21 46760 7 20171 281341 530 0 8597 0 0 0
cpu22 45847 6 20198 280983 323 0 8546 0 0 0
cpu23 44715 9 19910 283637 293 0 8451 0 0 0
cpu24 27084 13 19842 298306 838 0 5629 0 0 0
cpu25 29226 14 21557 290443 1549 0 6469 0 0 0
cpu26 28368 12 21237 292277 1173 0 6342 0 0 0
cpu27 24397 7 19113 293362 1043 0 10489 0 0 0
cpu28 39937 19 22399 270171 1879 0 12667 0 0 0
cpu29 41506 57 22635 267764 1775 0 12710 0 0 0
cpu30 23554 9 19279 292694 806 0 10371 0 0 0
cpu31 26146 8 20118 297128 759 0 5647 0 0 0
intr 944148771 126 0 0 0 0 0 0 0 0 1 0 0 0 0 0 0 0 0 0 0 0 0 0 0 0 0 0 1 1 1 0 0 0 0 1 0 1 0 0 75045 0 0 0 0 0 0 0 0 411 0 0 0 0 0 0 0 0 87 0 0 0 0 0 0 0 0 0 0 0 0 0 0 0 129658 2 17396088 17352916 17320274 17415094 0 3042 2300 2856 1497 3078 2640 2055 2549 1432 10239 18094 10127 8115 13093 14631 11258 7254 2692 1790 1457 2334 2233 1933 1522 1577 8894 7057 4918 5469 6424 5714 6112 7946 0 0 0 0 616248 2983 1036 0 264 0 0 0 0 0 0 0 0 0 0 0 0 0 0 0 0 0 0 0 0 0 0 0 0 0 0 0 0 0 0 0 0 0 0 0 0 0 0 0 0 0 0 0 0 0 0 0 0 0 0 0 0 0 0 0 0 0 0 0 0 0 0 0 0 0 0 0 0 0 0 0 0 0 0 0 0 0 0 0 0 0 0 0 0 0 0 0 0 0 0 0 0 0 0 0 0 0 0 0 0 0 0 0 0 0 0 0 0 0 0 0 0 0 0 0 0 0 0 0 0 0 0 0 0 0 0 0 0 0 0 0 0 0 0 0 0 0 0 0 0 0 0 0 0 0 0 0 0 0 0 0 0 0 0 0 0 0 0 0 0 0 0 0 0 0 0 0 0 0 0 0 0 0 0 0 0 0 0 0 0 0 0 0 0 0 0 0 0 0 0 0 0 0 0 0 0 0 0 0 0 0 0 0 0 0 0 0 0 0 0 0 0 0 0 0 0 0 0 0 0 0 0 0 0 0 0 0 0 0 0 0 0 0 0 0 0 0 0 0 0 0 0 0 0 0 0 0 0 0 0 0 0 0 0 0 0 0 0 0 0 0 0 0 0 0 0 0 0 0 0 0 0 0 0 0 0 0 0 0 0 0 0 0 0 0 0 0 0 0 0 0 0 0 0 0 0 0 0 0 0 0 0 0 0 0 0 0 0 0 0 0 0 0 0 0 0 0 0 0 0 0 0 0 0 0 0 0 0 0 0 0 0 0 0 0 0 0 0 0 0 0 0 0 0 0 0 0 0 0 0 0 0 0 0 0 0 0 0 0 0 0 0 0 0 0 0 0 0 0 0 0 0 0 0 0 0 0 0 0 0 0 0 0 0 0 0 0 0 0 0 0 0 0 0 0 0 0 0 0 0 0 0 0 0 0 0 0 0 0 0 0 0 0 0 0 0 0 0 0 0 0 0 0 0 0 0 0 0 0 0 0 0 0 0 0 0 0 0 0 0 0 0 0 0 0 0 0 0 0 0 0 0 0 0 0 0 0 0 0 0 0 0 0 0 0 0 0 0 0 0 0 0 0 0 0 0 0 0 0 0 0 0 0 0 0 0 0 0 0 0 0 0 0 0 0 0 0 0 0 0 0 0 0 0 0 0 0 0 0 0 0 0 0 0 0 0 0 0 0 0 0 0 0 0 0 0 0 0 0 0 0 0 0 0 0 0 0 0 0 0 0 0 0 0 0 0 0 0 0 0 0 0 0 0 0 0 0 0 0 0 0 0 0 0 0 0 0 0 0 0 0 0 0 0 0 0 0 0 0 0 0 0 0 0 0 0 0 0 0 0 0 0 0 0 0 0 0 0 0 0 0 0 0 0 0 0 0 0 0 0 0 0 0 0 0 0 0 0 0 0 0 0 0 0 0 0 0 0 0 0 0 0 0 0 0 0 0 0 0 0 0 0 0 0 0 0 0 0 0 0 0 0 0 0 0 0 0 0 0 0 0 0 0 0 0 0 0 0 0 0 0 0 0 0 0 0 0 0 0 0 0 0 0 0 0 0 0 0 0 0 0 0 0 0 0 0 0 0 0 0 0 0 0 0 0 0 0 0 0 0 0 0 0 0 0 0 0 0 0 0 0 0 0 0 0 0 0 0 0 0 0 0 0 0 0 0 0 0 0 0 0 0 0 0 0 0 0 0 0 0 0 0 0 0 0 0 0 0 0 0 0 0 0 0 0 0 0 0 0 0 0 0 0 0 0 0 0 0 0 0 0 0 0 0 0 0 0 0 0 0 0 0 0 0 0 0 0 0 0 0 0 0 0 0 0 0 0 0 0 0 0 0 0 0 0 0 0 0 0 0 0 0 0 0 0 0 0 0 0 0 0 0 0 0 0 0 0 0 0 0 0 0 0 0 0 0 0 0 0 0 0 0 0 0 0 0 0 0 0 0 0 0 0 0 0 0 0 0 0 0 0 0 0 0 0 0 0 0 0 0 0 0 0 0 0 0 0 0 0 0 0 0 0 0 0 0 0 0 0 0 0 0 0 0 0 0 0 0 0 0 0 0 0 0 0 0 0 0 0 0 0 0 0 0 0 0 0 0 0 0 0 0 0 0 0 0 0 0 0 0 0 0 0 0 0 0 0 0 0 0 0 0 0 0 0 0 0 0 0 0 0 0 0 0 0 0 0 0 0 0 0 0 0 0 0 0 0 0 0 0 0 0 0 0 0 0 0 0 0 0 0 0 0 0 0 0 0 0 0 0 0 0 0 0 0 0 0 0 0 0 0 0 0 0 0 0 0 0 0 0 0 0 0 0 0 0 0 0 0 0 0 0 0 0 0 0 0 0 0 0 0 0 0 0 0 0 0 0 0 0 0 0 0 0 0 0 0 0 0 0 0 0 0 0 0 0 0 0 0 0 0 0 0 0 0 0 0 0 0 0 0 0 0 0 0 0 0 0 0 0 0 0 0 0 0 0 0 0 0 0 0 0
ctxt 1303447892
btime 1790630938
processes 102263
procs_running 33
procs_blocked 0
softirq 1262140250 73526 2211995 936764 1223418088 135092 0 6949000 17380202 410 11035173
## client-stat
cpu  802907048 23598936 303236540 93435668790 610710748 0 8790060 0 0 0
cpu0 29446545 224394 7360754 1619898714 8331091 0 165394 0 0 0
cpu1 29265749 432889 7641351 1649227551 11021436 0 55083 0 0 0
cpu2 28199396 463108 7590473 1652765990 10878415 0 35953 0 0 0
cpu3 25942787 484906 6790326 1656220375 11039158 0 30163 0 0 0
cpu4 22368922 490414 6371997 1660282640 11076698 0 29632 0 0 0
cpu5 19969266 494023 5977364 1662885309 11317376 0 27835 0 0 0
cpu6 17827050 497511 5636756 1665512987 11191947 0 28019 0 0 0
cpu7 16613518 487783 5476167 1666947733 11171117 0 26044 0 0 0
cpu8 15339947 485635 5283477 1668169410 11408518 0 26056 0 0 0
cpu9 14906208 489844 5252761 1668661608 11338513 0 26252 0 0 0
cpu10 14407555 472357 5134278 1669170660 11495210 0 25473 0 0 0
cpu11 14132481 465792 5146087 1669172908 11699802 0 26583 0 0 0
cpu12 14188454 458188 5268957 1669285744 11397412 0 25659 0 0 0
cpu13 12799102 425511 5431441 1668730600 9922445 0 1896940 0 0 0
cpu14 31523411 477236 7835042 1650065040 10085231 0 175356 0 0 0
cpu15 21117547 503934 6802877 1660839916 10896553 0 173697 0 0 0
cpu16 17754568 491819 6313559 1664556362 11133731 0 174050 0 0 0
cpu17 14931729 500066 5671168 1668324457 10904646 0 169139 0 0 0
cpu18 13592489 505884 5519759 1670039702 10640388 0 173411 0 0 0
cpu19 12936702 472687 5416799 1670807597 10655352 0 172418 0 0 0
cpu20 13087995 493492 5350552 1670693753 10657712 0 173708 0 0 0
cpu21 12210326 482428 5337857 1671459744 10771441 0 172006 0 0 0
cpu22 11981677 482914 5339980 1671382495 11081703 0 173867 0 0 0
cpu23 11694052 471865 5189772 1672129116 10734574 0 172934 0 0 0
cpu24 11730965 448076 5192904 1671847198 11041716 0 171214 0 0 0
cpu25 11556872 450839 5256557 1672318927 10684299 0 178376 0 0 0
cpu26 12009764 478046 5296978 1671747943 10627678 0 180298 0 0 0
cpu27 13881749 464459 5485161 1669409966 10979780 0 177547 0 0 0
cpu28 18768769 361854 5860156 1658263483 9964345 0 1245832 0 0 0
cpu29 13426642 381424 5528501 1669025498 11673464 0 63128 0 0 0
cpu30 12751472 342093 5326056 1670867279 11247090 0 26359 0 0 0
cpu31 11676205 306256 5007622 1672812494 10868802 0 23697 0 0 0
cpu32 10894079 292303 4882483 1673226820 11397002 0 23526 0 0 0
cpu33 10506294 294659 4786708 1673030771 12114684 0 23117 0 0 0
cpu34 10107038 300801 4682891 1673688168 11872369 0 22207 0 0 0
cpu35 9689378 288349 4576548 1674390245 11824978 0 23861 0 0 0
cpu36 9560392 287721 4475945 1674910985 11575051 0 22157 0 0 0
cpu37 9401606 302139 4456222 1675084884 11595687 0 21888 0 0 0
cpu38 9340499 311327 4409045 1675451918 11334592 0 22018 0 0 0
cpu39 9402229 310554 4501994 1675223274 11304499 0 22730 0 0 0
cpu40 9356312 306218 4529173 1675453579 11111466 0 23547 0 0 0
cpu41 9759589 317785 4530140 1674757976 11289609 0 23146 0 0 0
cpu42 13909892 443034 5475420 1670106831 10331882 0 170846 0 0 0
cpu43 11929853 434858 5188309 1672239007 10394984 0 167350 0 0 0
cpu44 11766735 425576 5246466 1672570557 10306466 0 167608 0 0 0
cpu45 11244823 430940 5010772 1673241763 10414850 0 161289 0 0 0
cpu46 11127061 431394 5005179 1673267908 10520669 0 162863 0 0 0
cpu47 10942468 452452 5028305 1673295923 10626014 0 163744 0 0 0
cpu48 11670585 439673 4997531 1672701704 10596866 0 162998 0 0 0
cpu49 11120491 416764 5030729 1673421990 10393288 0 166112 0 0 0
cpu50 11065913 440746 4996111 1673124529 10735804 0 164742 0 0 0
cpu51 11321848 447564 5001286 1673027760 10531399 0 167302 0 0 0
cpu52 11033108 446614 4991228 1673153882 10709814 0 167521 0 0 0
cpu53 11094984 432568 5072749 1673172852 10559203 0 174331 0 0 0
cpu54 11461863 425131 5048037 1672759738 10642342 0 171554 0 0 0
cpu55 13160066 432016 5219757 1670842499 10589562 0 171453 0 0 0
intr 106362460580 74 4 0 0 0 0 0 0 0 0 0 0 6 0 0 0 0 360 213 2556187210 0 0 0 0 0 0 0 0 0 0 0 0 0 0 0 0 0 2394283423 426504765 8318333 677 278 24496490 0 0 0 0 0 0 0 0 0 0 0 0 0 0 0 0 0 0 0 0 0 0 0 0 0 0 0 0 0 0 0 0 0 0 0 0 0 0 0 0 0 0 0 0 0 0 0 0 0 0 0 0 0 0 0 0 0 0 0 0 0 0 0 0 0 0 0 0 0 0 0 0 0 0 0 0 0 0 0 0 0 0 0 0 0 0 0 0 0 0 0 0 0 0 0 0 0 0 0 0 0 0 0 0 0 0 0 0 0 0 0 0 0 0 0 0 0 0 0 0 0 0 0 0 0 0 0 0 0 0 0 0 0 0 0 0 0 0 0 0 0 0 0 0 0 0 0 0 0 0 0 0 0 0 0 0 0 0 0 0 0 0 0 0 0 0 0 0 0 0 0 0 0 0 0 0 0 0 0 0 0 0 0 0 0 0 0 0 0 0 0 0 0 0 0 0 0 0 0 0 0 0 0 0 0 0 0 0 0 0 0 0 0 0 0 0 0 0 0 0 0 0 0 0 0 0 0 0 0 0 0 0 0 0 0 0 0 0 0 0 0 0 0 0 0 0 0 0 0 0 0 0 0 0 0 0 0 0 0 0 0 0 0 0 0 0 0 0 0 0 0 0 0 0 0 0 0 0 0 0 0 0 0 0 0 0 0 0 0 0 0 0 0 0 0 0 0 0 0 0 0 0 0 0 0 0 0 0 0 0 0 0 0 0 0 0 0 0 0 0 0 0 0 0 0 0 0 0 0 0 0 0 0 0 0 0 0 0 0 0 0 0 0 0 0 0 0 0 0 0 0 0 0 0 0 0 0 0 0 0 0 0 0 0 0 0 0 0 0 0 0 0 0 0 0 0 0 0 0 0 0 0 0 0 0 0 0 0 0 0 0 0 0 0 0 0 0 0 0 0 0 0 0 0 0 0 0 0 0 0 0 0 0 0 0 0 0 0 0 0 0 0 0 0 0 0 0 0 0 0 0 0 0 0 0 0 0 0 0 0 0 0 0 0 0 0 0 0 0 0 0 0 0 0 0 0 0 0 0 0 0 0 0 0 0 0 0 0 0 0 0 0 0 0 0 0 0 0 0 0 0 0 0 0 0 0 0 0 0 0 0 0 0 0 0 0 0 0 0 0 0 0 0 0 0 0 0 0 0 0 0 0 0 0 0 0 0 0 0 0 0 0 0 0 0 0 0 0 0 0 0 0 0 0 0 0 0 0 0 0 0 0 0 0 0 0 0 0 0 0 0 0 0 0 0 0 0 0 0 0 0 0 0 0 0 0 0 0 0 0 0 0 0 0 0 0 0 0 0 0 0 0 0 0 0 0 0 0 0 0 0 0 0 0 0 0 0 0 0 0 0 0 0 0 0 0 0 0 0 0 0 0 0 0 0 0 0 0 0 0 0 0 0 0 0 0 0 0 0 0 0 0 0 0 0 0 0 0 0 0 0 0 0 0 0 0 0 0 0 0 0 0 0 0 0 0 0 0 0 0 0 0 0 0 0 0 0 0 0 0 0 0 0 0 0 0 0 0 0 0 0 0 0 0 0 0 0 0 0 0 0 0 0 0 0 0 0 0 0 0 0 0 0 0 0 0 0 0 0 0 0 0 0 0 0 0 0 0 0 0 0 0 0 0 0 0 0 0 0 0 0 0 0 0 0 0 0 0 0 0 0 0 0 0 0 0 0 0 0 0 0 0 0 0 0 0 0 0 0 0 0 0 0 0 0 0 0 0 0 0 0 0 0 0 0 0 0 0 0 0 0 0 0 0 0 0 0 0 0 0 0 0 0 0 0 0 0 0 0 0 0 0 0 0 0 0 0 0 0 0 0 0 0 0 0 0 0 0 0 0 0 0 0 0 0 0 0 0 0 0 0 0 0 0 0 0 0 0 0 0 0 0 0 0 0 0 0 0 0 0 0 0 0 0 0 0 0 0 0 0 0 0 0 0 0 0 0 0 0 0 0 0 0 0 0 0 0 0 0 0 0 0 0 0 0 0 0 0 0 0 0 0 0 0 0 0 0 0 0 0 0 0 0 0 0 0 0 0 0 0 0 0 0 0 0 0 0 0 0 0 0 0 0 0 0 0 0 0 0 0 0 0 0 0 0 0 0 0 0 0 0 0 0 0 0 0 0 0 0 0 0 0 0 0 0 0 0 0 0 0 0 0 0 0 0 0 0 0 0 0 0 0 0 0 0 0 0 0 0 0 0 0 0 0 0 0 0 0 0 0 0 0 0 0 0 0 0 0 0 0 0 0 0 0 0 0 0 0 0 0 0 0 0 0 0 0 0 0 0 0 0 0 0 0 0 0 0 0 0 0 0 0 0 0 0 0 0 0 0 0 0 0 0 0 0 0 0 0 0 0 0 0 0 0 0 0 0 0 0 0 0 0 0 0 0 0 0 0 0 0 0 0 0 0 0 0 0 0 0 0 0 0 0 0 0 0 0 0 0 0 0 0 0 0 0 0 0 0 0 0 0 0 0 0 0 0 0 0 0 0 0 0 0 0 0 0 0 0 0 0 0 0 0 0 0 0 0 0 0 0 0 0 0 0 0 0 0 0 0 0 0 0 0 0 0 0 0 0 0 0 0 0 0 0 0 0 0 0 0 0 0 0 0 0 0 0 0 0 0 0 0 0 0 0 0 0 0 0 0 0 0 0 0 0 0 0 0 0 0 0 0 0 0 0 0 0 0 0 0 0 0 0 0 0 0 0 0 0 0 0 0 0 0 0 0 0 0 0 0 0 0 0 0 0 0 0 0 0 0 0 0 0 0 0 0 0 0 0 0 0 0 0 0 0 0 0 0 0 0 0 0 0 0 0 0 0 0 0 0 0 0 0 0 0 0 0 0 0 0 0 0 0 0 0 0 0 0 0 0 0 0 0 0 0 0 0 0 0 0 0 0 0 0 0 0 0 0 0 0 0 0 0 0 0 0 0 0 0 0 0 0 0 0 0 0 0 0 0 0 0 0 0 0 0 0 0 0 0 0 0 0 0 0 0 0 0 0 0 0 0 0 0 0 0 0 0 0 0 0 0 0 0 0 0 0 0 0 0 0 0 0 0 0 0 0 0 0 0 0 0 0 0 0 0 0 0 0 0 0 0 0 0 0 0 0 0 0 0 0 0 0 0 0 0 0 0 0 0 0 0 0 0 0 0 0 0 0 0 0 0 0 0 0 0 0 0 0 0 0 0 0 0 0 0 0 0 0 0 0 0 0 0 0 0 0 0 0 0 0 0 0 0 0 0 0 0 0 0 0 0 0 0 0 0 0 0 0 0 0 0 0 0 0 0 0 0 0 0 0 0 0 0 0 0 0 0 0 0 0 0 0 0 0 0 0 0 0 0 0 0 0 0 0 0 0 0 0 0 0 0 0 0 0 0 0 0 0 0 0 0 0 0 0 0 0 0 0 0 0 0 0 0 0 0 0 0 0 0 0 0 0 0 0 0 0 0 0 0 0 0 0 0 0 0 0 0 0 0 0 0 0 0 0 0 0 0 0 0 0 0 0 0 0 0 0 0 0 0 0 0 0 0 0 0 0 0 0 0 0 0 0 0 0 0 0 0 0 0 0 0 0 0 0 0 0 0 0 0 0 0 0 0 0 0 0 0 0 0 0 0 0 0 0 0 0 0 0 0 0 0 0 0 0 0 0 0 0 0 0 0 0 0 0 0 0 0 0 0 0 0 0 0 0 0 0
ctxt 208216770438
btime 1773600682
processes 94925863
procs_running 19
procs_blocked 0
softirq 43017726698 256 2278340472 38510504 872771187 1476291269 0 2936347969 570132471 5109161 480485041
--
cpu  802908765 23598936 303243336 93435700423 610710854 0 8792934 0 0 0
cpu0 29446564 224394 7360825 1619899294 8331091 0 165426 0 0 0
cpu1 29265777 432889 7641467 1649228133 11021436 0 55120 0 0 0
cpu2 28199426 463108 7590591 1652766575 10878418 0 35983 0 0 0
cpu3 25942821 484906 6790438 1656220966 11039158 0 30198 0 0 0
cpu4 22368954 490414 6372118 1660283227 11076702 0 29666 0 0 0
cpu5 19969298 494023 5977478 1662885902 11317376 0 27872 0 0 0
cpu6 17827080 497511 5636868 1665513582 11191948 0 28057 0 0 0
cpu7 16613546 487783 5476281 1666948326 11171118 0 26079 0 0 0
cpu8 15339978 485635 5283590 1668170007 11408518 0 26088 0 0 0
cpu9 14906240 489844 5252869 1668662204 11338514 0 26290 0 0 0
cpu10 14407582 472357 5134394 1669171254 11495212 0 25508 0 0 0
cpu11 14132515 465792 5146202 1669173499 11699802 0 26617 0 0 0
cpu12 14188483 458188 5269073 1669286336 11397412 0 25697 0 0 0
cpu13 12799139 425511 5431562 1668731177 9922445 0 1896977 0 0 0
cpu14 31523442 477236 7835175 1650065596 10085231 0 175404 0 0 0
cpu15 21117576 503934 6803015 1660840478 10896553 0 173738 0 0 0
cpu16 17754596 491819 6313688 1664556923 11133732 0 174098 0 0 0
cpu17 14931761 500066 5671296 1668325017 10904650 0 169187 0 0 0
cpu18 13592519 505884 5519890 1670040264 10640388 0 173459 0 0 0
cpu19 12936735 472687 5416925 1670808157 10655352 0 172464 0 0 0
cpu20 13088029 493492 5350681 1670694312 10657713 0 173754 0 0 0
cpu21 12210357 482428 5337986 1671460304 10771441 0 172054 0 0 0
cpu22 11981706 482914 5340111 1671383057 11081703 0 173912 0 0 0
cpu23 11694082 471865 5189905 1672129678 10734574 0 172977 0 0 0
cpu24 11731001 448076 5193041 1671847752 11041716 0 171261 0 0 0
cpu25 11556904 450839 5256687 1672319481 10684299 0 178425 0 0 0
cpu26 12009794 478046 5297110 1671748501 10627678 0 180345 0 0 0
cpu27 13881785 464459 5485291 1669410517 10979782 0 177593 0 0 0
cpu28 18768785 361854 5860204 1658263578 9964345 0 1246473 0 0 0
cpu29 13426671 381424 5528611 1669026094 11673464 0 63164 0 0 0
cpu30 12751501 342093 5326173 1670867868 11247096 0 26395 0 0 0
cpu31 11676233 306256 5007735 1672813093 10868802 0 23727 0 0 0
cpu32 10894106 292303 4882598 1673227417 11397003 0 23558 0 0 0
cpu33 10506325 294659 4786819 1673031368 12114684 0 23151 0 0 0
cpu34 10107065 300801 4682999 1673688691 11872444 0 22242 0 0 0
cpu35 9689408 288349 4576662 1674390841 11824978 0 23896 0 0 0
cpu36 9560419 287721 4476062 1674911581 11575053 0 22193 0 0 0
cpu37 9401637 302139 4456342 1675085472 11595687 0 21921 0 0 0
cpu38 9340530 311327 4409162 1675452514 11334592 0 22052 0 0 0
cpu39 9402268 310554 4502106 1675223863 11304499 0 22766 0 0 0
cpu40 9356341 306218 4529291 1675454173 11111466 0 23584 0 0 0
cpu41 9759615 317785 4530258 1674758569 11289609 0 23181 0 0 0
cpu42 13909933 443034 5475552 1670107382 10331882 0 170890 0 0 0
cpu43 11929893 434858 5188441 1672239556 10394984 0 167395 0 0 0
cpu44 11766767 425576 5246596 1672571113 10306466 0 167656 0 0 0
cpu45 11244856 430940 5010906 1673242321 10414850 0 161334 0 0 0
cpu46 11127095 431394 5005309 1673268468 10520669 0 162908 0 0 0
cpu47 10942499 452452 5028440 1673296483 10626014 0 163788 0 0 0
cpu48 11670615 439673 4997662 1672702267 10596866 0 163044 0 0 0
cpu49 11120521 416764 5030859 1673422550 10393288 0 166158 0 0 0
cpu50 11065944 440746 4996242 1673125091 10735804 0 164786 0 0 0
cpu51 11321881 447564 5001412 1673028320 10531399 0 167350 0 0 0
cpu52 11033138 446614 4991360 1673154442 10709817 0 167564 0 0 0
cpu53 11095015 432568 5072887 1673173409 10559203 0 174379 0 0 0
cpu54 11461894 425131 5048168 1672760293 10642342 0 171602 0 0 0
cpu55 13160095 432016 5219897 1670843058 10589562 0 171503 0 0 0
intr 106363154339 74 4 0 0 0 0 0 0 0 0 0 0 6 0 0 0 0 360 213 2556188305 0 0 0 0 0 0 0 0 0 0 0 0 0 0 0 0 0 2394345586 426504856 8318337 677 278 24496490 0 0 0 0 0 0 0 0 0 0 0 0 0 0 0 0 0 0 0 0 0 0 0 0 0 0 0 0 0 0 0 0 0 0 0 0 0 0 0 0 0 0 0 0 0 0 0 0 0 0 0 0 0 0 0 0 0 0 0 0 0 0 0 0 0 0 0 0 0 0 0 0 0 0 0 0 0 0 0 0 0 0 0 0 0 0 0 0 0 0 0 0 0 0 0 0 0 0 0 0 0 0 0 0 0 0 0 0 0 0 0 0 0 0 0 0 0 0 0 0 0 0 0 0 0 0 0 0 0 0 0 0 0 0 0 0 0 0 0 0 0 0 0 0 0 0 0 0 0 0 0 0 0 0 0 0 0 0 0 0 0 0 0 0 0 0 0 0 0 0 0 0 0 0 0 0 0 0 0 0 0 0 0 0 0 0 0 0 0 0 0 0 0 0 0 0 0 0 0 0 0 0 0 0 0 0 0 0 0 0 0 0 0 0 0 0 0 0 0 0 0 0 0 0 0 0 0 0 0 0 0 0 0 0 0 0 0 0 0 0 0 0 0 0 0 0 0 0 0 0 0 0 0 0 0 0 0 0 0 0 0 0 0 0 0 0 0 0 0 0 0 0 0 0 0 0 0 0 0 0 0 0 0 0 0 0 0 0 0 0 0 0 0 0 0 0 0 0 0 0 0 0 0 0 0 0 0 0 0 0 0 0 0 0 0 0 0 0 0 0 0 0 0 0 0 0 0 0 0 0 0 0 0 0 0 0 0 0 0 0 0 0 0 0 0 0 0 0 0 0 0 0 0 0 0 0 0 0 0 0 0 0 0 0 0 0 0 0 0 0 0 0 0 0 0 0 0 0 0 0 0 0 0 0 0 0 0 0 0 0 0 0 0 0 0 0 0 0 0 0 0 0 0 0 0 0 0 0 0 0 0 0 0 0 0 0 0 0 0 0 0 0 0 0 0 0 0 0 0 0 0 0 0 0 0 0 0 0 0 0 0 0 0 0 0 0 0 0 0 0 0 0 0 0 0 0 0 0 0 0 0 0 0 0 0 0 0 0 0 0 0 0 0 0 0 0 0 0 0 0 0 0 0 0 0 0 0 0 0 0 0 0 0 0 0 0 0 0 0 0 0 0 0 0 0 0 0 0 0 0 0 0 0 0 0 0 0 0 0 0 0 0 0 0 0 0 0 0 0 0 0 0 0 0 0 0 0 0 0 0 0 0 0 0 0 0 0 0 0 0 0 0 0 0 0 0 0 0 0 0 0 0 0 0 0 0 0 0 0 0 0 0 0 0 0 0 0 0 0 0 0 0 0 0 0 0 0 0 0 0 0 0 0 0 0 0 0 0 0 0 0 0 0 0 0 0 0 0 0 0 0 0 0 0 0 0 0 0 0 0 0 0 0 0 0 0 0 0 0 0 0 0 0 0 0 0 0 0 0 0 0 0 0 0 0 0 0 0 0 0 0 0 0 0 0 0 0 0 0 0 0 0 0 0 0 0 0 0 0 0 0 0 0 0 0 0 0 0 0 0 0 0 0 0 0 0 0 0 0 0 0 0 0 0 0 0 0 0 0 0 0 0 0 0 0 0 0 0 0 0 0 0 0 0 0 0 0 0 0 0 0 0 0 0 0 0 0 0 0 0 0 0 0 0 0 0 0 0 0 0 0 0 0 0 0 0 0 0 0 0 0 0 0 0 0 0 0 0 0 0 0 0 0 0 0 0 0 0 0 0 0 0 0 0 0 0 0 0 0 0 0 0 0 0 0 0 0 0 0 0 0 0 0 0 0 0 0 0 0 0 0 0 0 0 0 0 0 0 0 0 0 0 0 0 0 0 0 0 0 0 0 0 0 0 0 0 0 0 0 0 0 0 0 0 0 0 0 0 0 0 0 0 0 0 0 0 0 0 0 0 0 0 0 0 0 0 0 0 0 0 0 0 0 0 0 0 0 0 0 0 0 0 0 0 0 0 0 0 0 0 0 0 0 0 0 0 0 0 0 0 0 0 0 0 0 0 0 0 0 0 0 0 0 0 0 0 0 0 0 0 0 0 0 0 0 0 0 0 0 0 0 0 0 0 0 0 0 0 0 0 0 0 0 0 0 0 0 0 0 0 0 0 0 0 0 0 0 0 0 0 0 0 0 0 0 0 0 0 0 0 0 0 0 0 0 0 0 0 0 0 0 0 0 0 0 0 0 0 0 0 0 0 0 0 0 0 0 0 0 0 0 0 0 0 0 0 0 0 0 0 0 0 0 0 0 0 0 0 0 0 0 0 0 0 0 0 0 0 0 0 0 0 0 0 0 0 0 0 0 0 0 0 0 0 0 0 0 0 0 0 0 0 0 0 0 0 0 0 0 0 0 0 0 0 0 0 0 0 0 0 0 0 0 0 0 0 0 0 0 0 0 0 0 0 0 0 0 0 0 0 0 0 0 0 0 0 0 0 0 0 0 0 0 0 0 0 0 0 0 0 0 0 0 0 0 0 0 0 0 0 0 0 0 0 0 0 0 0 0 0 0 0 0 0 0 0 0 0 0 0 0 0 0 0 0 0 0 0 0 0 0 0 0 0 0 0 0 0 0 0 0 0 0 0 0 0 0 0 0 0 0 0 0 0 0 0 0 0 0 0 0 0 0 0 0 0 0 0 0 0 0 0 0 0 0 0 0 0 0 0 0 0 0 0 0 0 0 0 0 0 0 0 0 0 0 0 0 0 0 0 0 0 0 0 0 0 0 0 0 0 0 0 0 0 0 0 0 0 0 0 0 0 0 0 0 0 0 0 0 0 0 0 0 0 0 0 0 0 0 0 0 0 0 0 0 0 0 0 0 0 0 0 0 0 0 0 0 0 0 0 0 0 0 0 0 0 0 0 0 0 0 0 0 0 0 0 0 0 0 0 0 0 0 0 0 0 0 0 0 0 0 0 0 0 0 0 0 0 0 0 0 0 0 0 0 0 0 0 0 0 0 0 0 0 0 0 0 0 0 0 0 0 0 0 0 0 0 0 0 0 0 0 0 0 0 0 0 0 0 0 0 0 0 0 0 0 0 0 0 0 0 0 0 0 0 0 0 0 0 0 0 0 0 0 0 0 0 0 0 0 0 0 0 0 0 0 0 0 0 0 0 0 0 0 0 0 0 0 0 0 0 0 0 0 0 0 0 0 0 0 0 0 0 0 0 0 0 0 0 0 0 0 0 0 0 0 0 0 0 0 0 0 0 0 0 0 0 0 0 0 0 0 0 0 0 0 0 0 0 0 0 0 0 0 0 0 0 0 0 0 0 0 0 0 0 0 0 0 0 0 0 0 0 0 0 0 0 0 0 0 0 0 0 0 0 0 0 0 0 0 0 0 0 0 0 0 0 0 0 0 0 0 0 0 0 0 0 0 0 0 0 0 0 0 0 0 0 0 0 0 0 0 0 0 0 0 0 0 0 0 0 0 0 0 0 0 0 0 0 0 0 0 0 0 0 0 0 0 0 0 0 0 0 0 0 0 0 0 0 0 0 0 0 0 0 0 0 0 0 0 0 0 0 0 0 0 0 0 0 0 0 0 0 0 0 0 0 0 0 0 0 0 0 0 0 0 0 0 0 0 0 0 0 0 0 0 0 0 0 0 0 0 0 0 0 0 0 0 0 0 0 0 0 0 0 0 0 0 0 0 0 0 0 0 0 0 0 0 0 0 0 0 0 0 0
ctxt 208221634534
btime 1773600682
processes 94925906
procs_running 1
procs_blocked 0
softirq 43019419790 256 2278342030 38516103 874261364 1476291847 0 2936349612 570271512 5109161 480539537
