Running 10s test @ http://192.168.10.15:18500/json
  32 threads and 256 connections
  Thread Stats   Avg      Stdev     Max   +/- Stdev
    Latency   549.39us   85.14us   7.68ms   73.58%
    Req/Sec    14.02k   466.76    19.73k    83.32%
  Latency Distribution
     50%  547.00us
     75%  598.00us
     90%  648.00us
     99%  767.00us
  4506842 requests in 10.10s, 623.22MB read
Requests/sec: 446224.01
Transfer/sec:     61.71MB
## drops 0 0
## server-stat
cpu  1235379 449 655003 9686443 31143 0 253290 0 0 0
cpu0 43708 8 19874 301013 811 0 8850 0 0 0
cpu1 44169 10 19768 301954 565 0 8504 0 0 0
cpu2 44510 8 19679 302035 360 0 8440 0 0 0
cpu3 45242 10 20165 299952 1182 0 8481 0 0 0
cpu4 45562 9 19971 300250 720 0 8564 0 0 0
cpu5 45249 10 19888 301013 359 0 8441 0 0 0
cpu6 44744 8 19786 301623 349 0 8437 0 0 0
cpu7 43819 6 19577 302809 224 0 8262 0 0 0
cpu8 25717 13 20000 314254 1046 0 5350 0 0 0
cpu9 28623 14 20498 309136 2354 0 5530 0 0 0
cpu10 27769 13 20368 311526 1183 0 5646 0 0 0
cpu11 26351 11 19697 315510 624 0 5343 0 0 0
cpu12 43442 82 21070 294215 3008 0 5725 0 0 0
cpu13 42219 14 21269 295708 2400 0 5847 0 0 0
cpu14 26268 10 19304 317226 822 0 5237 0 0 0
cpu15 24956 11 18095 320882 641 0 4772 0 0 0
cpu16 48016 5 20632 297631 364 0 8624 0 0 0
cpu17 47879 5 20653 296747 1256 0 8664 0 0 0
cpu18 47649 6 20496 298182 285 0 8565 0 0 0
cpu19 48793 7 20960 295889 626 0 8800 0 0 0
cpu20 48967 9 20898 295977 681 0 8772 0 0 0
cpu21 47432 7 20430 298008 549 0 8628 0 0 0
cpu22 46485 7 20451 297691 333 0 8577 0 0 0
cpu23 45326 9 20151 300382 302 0 8482 0 0 0
cpu24 28508 13 20423 313252 840 0 5721 0 0 0
cpu25 30798 15 22233 305014 1560 0 6600 0 0 0
cpu26 29897 13 21880 306896 1226 0 6463 0 0 0
cpu27 25751 7 19656 307717 1066 0 10860 0 0 0
cpu28 41704 20 23160 283744 1889 0 13264 0 0 0
cpu29 43414 58 23447 280946 1892 0 13358 0 0 0
cpu30 24865 9 19838 307068 836 0 10743 0 0 0
cpu31 27534 8 20671 312180 774 0 5729 0 0 0
intr 1003077612 126 0 0 0 0 0 0 0 0 1 0 0 0 0 0 0 0 0 0 0 0 0 0 0 0 0 0 1 1 1 0 0 0 0 1 0 1 0 0 75045 0 0 0 0 0 0 0 0 411 0 0 0 0 0 0 0 0 87 0 0 0 0 0 0 0 0 0 0 0 0 0 0 0 134551 2 19680333 19634776 19611529 19706421 0 3186 2361 2920 1563 3079 2642 2059 2555 1470 10251 18226 10167 8150 13217 14702 11307 7351 2693 1791 1459 2357 2247 1933 1587 1616 8913 7172 4968 5543 6467 5730 6115 7956 0 0 0 0 616260 2999 1036 0 264 0 0 0 0 0 0 0 0 0 0 0 0 0 0 0 0 0 0 0 0 0 0 0 0 0 0 0 0 0 0 0 0 0 0 0 0 0 0 0 0 0 0 0 0 0 0 0 0 0 0 0 0 0 0 0 0 0 0 0 0 0 0 0 0 0 0 0 0 0 0 0 0 0 0 0 0 0 0 0 0 0 0 0 0 0 0 0 0 0 0 0 0 0 0 0 0 0 0 0 0 0 0 0 0 0 0 0 0 0 0 0 0 0 0 0 0 0 0 0 0 0 0 0 0 0 0 0 0 0 0 0 0 0 0 0 0 0 0 0 0 0 0 0 0 0 0 0 0 0 0 0 0 0 0 0 0 0 0 0 0 0 0 0 0 0 0 0 0 0 0 0 0 0 0 0 0 0 0 0 0 0 0 0 0 0 0 0 0 0 0 0 0 0 0 0 0 0 0 0 0 0 0 0 0 0 0 0 0 0 0 0 0 0 0 0 0 0 0 0 0 0 0 0 0 0 0 0 0 0 0 0 0 0 0 0 0 0 0 0 0 0 0 0 0 0 0 0 0 0 0 0 0 0 0 0 0 0 0 0 0 0 0 0 0 0 0 0 0 0 0 0 0 0 0 0 0 0 0 0 0 0 0 0 0 0 0 0 0 0 0 0 0 0 0 0 0 0 0 0 0 0 0 0 0 0 0 0 0 0 0 0 0 0 0 0 0 0 0 0 0 0 0 0 0 0 0 0 0 0 0 0 0 0 0 0 0 0 0 0 0 0 0 0 0 0 0 0 0 0 0 0 0 0 0 0 0 0 0 0 0 0 0 0 0 0 0 0 0 0 0 0 0 0 0 0 0 0 0 0 0 0 0 0 0 0 0 0 0 0 0 0 0 0 0 0 0 0 0 0 0 0 0 0 0 0 0 0 0 0 0 0 0 0 0 0 0 0 0 0 0 0 0 0 0 0 0 0 0 0 0 0 0 0 0 0 0 0 0 0 0 0 0 0 0 0 0 0 0 0 0 0 0 0 0 0 0 0 0 0 0 0 0 0 0 0 0 0 0 0 0 0 0 0 0 0 0 0 0 0 0 0 0 0 0 0 0 0 0 0 0 0 0 0 0 0 0 0 0 0 0 0 0 0 0 0 0 0 0 0 0 0 0 0 0 0 0 0 0 0 0 0 0 0 0 0 0 0 0 0 0 0 0 0 0 0 0 0 0 0 0 0 0 0 0 0 0 0 0 0 0 0 0 0 0 0 0 0 0 0 0 0 0 0 0 0 0 0 0 0 0 0 0 0 0 0 0 0 0 0 0 0 0 0 0 0 0 0 0 0 0 0 0 0 0 0 0 0 0 0 0 0 0 0 0 0 0 0 0 0 0 0 0 0 0 0 0 0 0 0 0 0 0 0 0 0 0 0 0 0 0 0 0 0 0 0 0 0 0 0 0 0 0 0 0 0 0 0 0 0 0 0 0 0 0 0 0 0 0 0 0 0 0 0 0 0 0 0 0 0 0 0 0 0 0 0 0 0 0 0 0 0 0 0 0 0 0 0 0 0 0 0 0 0 0 0 0 0 0 0 0 0 0 0 0 0 0 0 0 0 0 0 0 0 0 0 0 0 0 0 0 0 0 0 0 0 0 0 0 0 0 0 0 0 0 0 0 0 0 0 0 0 0 0 0 0 0 0 0 0 0 0 0 0 0 0 0 0 0 0 0 0 0 0 0 0 0 0 0 0 0 0 0 0 0 0 0 0 0 0 0 0 0 0 0 0 0 0 0 0 0 0 0 0 0 0 0 0 0 0 0 0 0 0 0 0 0 0 0 0 0 0 0 0 0 0 0 0 0 0 0 0 0 0 0 0 0 0 0 0 0 0 0 0 0 0 0 0 0 0 0 0 0 0 0 0 0 0 0 0 0 0 0 0 0 0 0 0 0 0 0 0 0 0 0 0 0 0 0 0 0 0 0 0 0 0 0 0 0 0 0 0 0 0 0 0 0 0 0 0 0 0 0 0 0 0 0 0 0 0 0 0 0 0 0 0 0 0 0 0 0 0 0 0 0 0 0 0 0 0 0 0 0 0 0 0 0 0 0 0 0 0 0 0 0 0 0 0 0 0 0 0 0 0 0 0 0 0 0 0 0 0 0 0 0 0 0 0 0 0 0 0 0 0 0 0 0 0 0 0 0 0 0 0 0 0 0 0 0 0 0 0 0 0 0 0 0 0 0 0 0 0 0 0 0 0 0 0 0 0 0 0 0 0 0 0 0 0 0 0 0 0 0 0 0 0 0 0 0 0 0 0 0 0 0 0 0 0 0 0 0 0 0 0 0 0 0 0 0 0 0 0 0 0 0 0 0 0 0 0 0 0 0 0 0 0 0 0 0 0 0 0 0 0 0 0 0 0 0 0 0 0 0 0 0 0 0 0 0 0 0 0 0 0 0 0 0 0 0 0 0 0 0 0 0 0 0 0 0 0 0 0 0
ctxt 1369085666
btime 1790630938
processes 107743
procs_running 7
procs_blocked 0
softirq 1295653423 73526 2328611 1162480 1255272268 140145 0 7169457 18019834 410 11486692
--
cpu  1239487 450 656129 9705569 31168 0 253717 0 0 0
cpu0 43709 8 19876 301798 811 0 8850 0 0 0
cpu1 44170 10 19769 302751 565 0 8504 0 0 0
cpu2 44511 8 19680 302834 360 0 8440 0 0 0
cpu3 45243 10 20166 300750 1182 0 8481 0 0 0
cpu4 45564 9 19972 301047 720 0 8564 0 0 0
cpu5 45251 10 19888 301810 359 0 8441 0 0 0
cpu6 44744 8 19787 302421 349 0 8437 0 0 0
cpu7 43820 6 19578 303607 224 0 8262 0 0 0
cpu8 25953 13 20064 314707 1046 0 5362 0 0 0
cpu9 28854 14 20564 309578 2354 0 5544 0 0 0
cpu10 28009 13 20440 311956 1188 0 5659 0 0 0
cpu11 26589 11 19761 315946 625 0 5356 0 0 0
cpu12 43691 82 21137 294642 3008 0 5740 0 0 0
cpu13 42481 14 21337 296119 2400 0 5863 0 0 0
cpu14 26516 10 19369 317660 822 0 5250 0 0 0
cpu15 25182 11 18151 321346 644 0 4784 0 0 0
cpu16 48018 5 20633 298429 364 0 8624 0 0 0
cpu17 47881 5 20654 297543 1256 0 8664 0 0 0
cpu18 47651 6 20497 298979 285 0 8565 0 0 0
cpu19 48795 7 20961 296684 627 0 8800 0 0 0
cpu20 48970 9 20899 296764 688 0 8772 0 0 0
cpu21 47434 7 20430 298799 555 0 8628 0 0 0
cpu22 46486 7 20453 298488 333 0 8577 0 0 0
cpu23 45327 9 20151 301180 302 0 8482 0 0 0
cpu24 28780 13 20498 313642 840 0 5740 0 0 0
cpu25 31079 15 22306 305393 1560 0 6620 0 0 0
cpu26 30166 13 21958 307279 1226 0 6484 0 0 0
cpu27 26012 7 19730 308053 1067 0 10916 0 0 0
cpu28 41982 20 23235 284067 1889 0 13329 0 0 0
cpu29 43690 58 23521 281270 1892 0 13423 0 0 0
cpu30 25118 9 19904 307430 836 0 10794 0 0 0
cpu31 27796 8 20744 312582 774 0 5747 0 0 0
intr 1007138093 126 0 0 0 0 0 0 0 0 1 0 0 0 0 0 0 0 0 0 0 0 0 0 0 0 0 0 1 1 1 0 0 0 0 1 0 1 0 0 75045 0 0 0 0 0 0 0 0 411 0 0 0 0 0 0 0 0 87 0 0 0 0 0 0 0 0 0 0 0 0 0 0 0 134837 2 19843613 19798050 19774807 19869694 0 3194 2361 2920 1563 3079 2642 2059 2555 1470 10251 18226 10167 8150 13218 14702 11307 7351 2693 1791 1459 2357 2247 1933 1588 1616 8913 7172 4969 5549 6467 5730 6115 7956 0 0 0 0 616260 2999 1036 0 264 0 0 0 0 0 0 0 0 0 0 0 0 0 0 0 0 0 0 0 0 0 0 0 0 0 0 0 0 0 0 0 0 0 0 0 0 0 0 0 0 0 0 0 0 0 0 0 0 0 0 0 0 0 0 0 0 0 0 0 0 0 0 0 0 0 0 0 0 0 0 0 0 0 0 0 0 0 0 0 0 0 0 0 0 0 0 0 0 0 0 0 0 0 0 0 0 0 0 0 0 0 0 0 0 0 0 0 0 0 0 0 0 0 0 0 0 0 0 0 0 0 0 0 0 0 0 0 0 0 0 0 0 0 0 0 0 0 0 0 0 0 0 0 0 0 0 0 0 0 0 0 0 0 0 0 0 0 0 0 0 0 0 0 0 0 0 0 0 0 0 0 0 0 0 0 0 0 0 0 0 0 0 0 0 0 0 0 0 0 0 0 0 0 0 0 0 0 0 0 0 0 0 0 0 0 0 0 0 0 0 0 0 0 0 0 0 0 0 0 0 0 0 0 0 0 0 0 0 0 0 0 0 0 0 0 0 0 0 0 0 0 0 0 0 0 0 0 0 0 0 0 0 0 0 0 0 0 0 0 0 0 0 0 0 0 0 0 0 0 0 0 0 0 0 0 0 0 0 0 0 0 0 0 0 0 0 0 0 0 0 0 0 0 0 0 0 0 0 0 0 0 0 0 0 0 0 0 0 0 0 0 0 0 0 0 0 0 0 0 0 0 0 0 0 0 0 0 0 0 0 0 0 0 0 0 0 0 0 0 0 0 0 0 0 0 0 0 0 0 0 0 0 0 0 0 0 0 0 0 0 0 0 0 0 0 0 0 0 0 0 0 0 0 0 0 0 0 0 0 0 0 0 0 0 0 0 0 0 0 0 0 0 0 0 0 0 0 0 0 0 0 0 0 0 0 0 0 0 0 0 0 0 0 0 0 0 0 0 0 0 0 0 0 0 0 0 0 0 0 0 0 0 0 0 0 0 0 0 0 0 0 0 0 0 0 0 0 0 0 0 0 0 0 0 0 0 0 0 0 0 0 0 0 0 0 0 0 0 0 0 0 0 0 0 0 0 0 0 0 0 0 0 0 0 0 0 0 0 0 0 0 0 0 0 0 0 0 0 0 0 0 0 0 0 0 0 0 0 0 0 0 0 0 0 0 0 0 0 0 0 0 0 0 0 0 0 0 0 0 0 0 0 0 0 0 0 0 0 0 0 0 0 0 0 0 0 0 0 0 0 0 0 0 0 0 0 0 0 0 0 0 0 0 0 0 0 0 0 0 0 0 0 0 0 0 0 0 0 0 0 0 0 0 0 0 0 0 0 0 0 0 0 0 0 0 0 0 0 0 0 0 0 0 0 0 0 0 0 0 0 0 0 0 0 0 0 0 0 0 0 0 0 0 0 0 0 0 0 0 0 0 0 0 0 0 0 0 0 0 0 0 0 0 0 0 0 0 0 0 0 0 0 0 0 0 0 0 0 0 0 0 0 0 0 0 0 0 0 0 0 0 0 0 0 0 0 0 0 0 0 0 0 0 0 0 0 0 0 0 0 0 0 0 0 0 0 0 0 0 0 0 0 0 0 0 0 0 0 0 0 0 0 0 0 0 0 0 0 0 0 0 0 0 0 0 0 0 0 0 0 0 0 0 0 0 0 0 0 0 0 0 0 0 0 0 0 0 0 0 0 0 0 0 0 0 0 0 0 0 0 0 0 0 0 0 0 0 0 0 0 0 0 0 0 0 0 0 0 0 0 0 0 0 0 0 0 0 0 0 0 0 0 0 0 0 0 0 0 0 0 0 0 0 0 0 0 0 0 0 0 0 0 0 0 0 0 0 0 0 0 0 0 0 0 0 0 0 0 0 0 0 0 0 0 0 0 0 0 0 0 0 0 0 0 0 0 0 0 0 0 0 0 0 0 0 0 0 0 0 0 0 0 0 0 0 0 0 0 0 0 0 0 0 0 0 0 0 0 0 0 0 0 0 0 0 0 0 0 0 0 0 0 0 0 0 0 0 0 0 0 0 0 0 0 0 0 0 0 0 0 0 0 0 0 0 0 0 0 0 0 0 0 0 0 0 0 0 0 0 0 0 0 0 0 0 0 0 0 0 0 0 0 0 0 0 0 0 0 0 0 0 0 0 0 0 0 0 0 0 0 0 0 0 0 0 0 0 0 0 0 0 0 0 0 0 0 0 0 0 0 0 0 0 0 0 0 0 0 0 0 0 0 0 0 0 0 0 0 0 0 0 0 0 0 0 0 0 0 0 0 0 0 0 0 0 0 0 0 0 0 0 0 0 0 0 0 0 0 0 0 0 0 0 0 0 0 0 0 0 0 0 0 0 0 0 0 0 0 0 0 0 0 0 0 0 0 0 0 0 0 0 0 0 0 0 0 0 0 0 0 0 0 0 0 0 0 0 0 0 0 0 0 0 0 0 0 0 0 0 0 0 0 0 0 0 0 0 0 0 0 0 0
ctxt 1372486260
btime 1790630938
processes 107808
procs_running 11
procs_blocked 0
softirq 1298666020 73526 2333510 1162556 1258203935 140436 0 7169457 18064936 410 11517254
## client-stat
cpu  802938214 23598936 303347644 93436499604 610714367 0 8832088 0 0 0
cpu0 29446960 224394 7362051 1619913029 8331114 0 165810 0 0 0
cpu1 29266270 432889 7643298 1649242579 11021478 0 55605 0 0 0
cpu2 28199932 463108 7592377 1652781141 10878467 0 36497 0 0 0
cpu3 25943416 484906 6792281 1656235429 11039228 0 30690 0 0 0
cpu4 22369420 490414 6373952 1660297870 11076759 0 30168 0 0 0
cpu5 19969796 494023 5979341 1662900542 11317405 0 28363 0 0 0
cpu6 17827610 497511 5638695 1665528213 11191988 0 28547 0 0 0
cpu7 16614077 487783 5478097 1666962949 11171154 0 26576 0 0 0
cpu8 15340500 485635 5285402 1668184653 11408553 0 26589 0 0 0
cpu9 14906759 489844 5254702 1668676623 11338775 0 26769 0 0 0
cpu10 14408122 472357 5136251 1669185870 11495243 0 25997 0 0 0
cpu11 14132997 465792 5148058 1669188132 11699837 0 27124 0 0 0
cpu12 14189014 458188 5270937 1669300902 11397453 0 26206 0 0 0
cpu13 12799683 425511 5433443 1668745698 9922462 0 1897510 0 0 0
cpu14 31524079 477236 7837159 1650079713 10085288 0 176020 0 0 0
cpu15 21118233 503934 6805001 1660854509 10896702 0 174346 0 0 0
cpu16 17755199 491819 6315668 1664571130 11133742 0 174713 0 0 0
cpu17 14932417 500066 5673304 1668339144 10904707 0 169775 0 0 0
cpu18 13593088 505884 5521862 1670054512 10640459 0 174059 0 0 0
cpu19 12937331 472687 5418897 1670822351 10655430 0 173054 0 0 0
cpu20 13088563 493492 5352632 1670708626 10657764 0 174347 0 0 0
cpu21 12210925 482428 5340007 1671474510 10771522 0 172653 0 0 0
cpu22 11982202 482914 5342047 1671397422 11081740 0 174505 0 0 0
cpu23 11694582 471865 5191875 1672144022 10734597 0 173564 0 0 0
cpu24 11731609 448076 5194990 1671861968 11041790 0 171864 0 0 0
cpu25 11557499 450839 5258682 1672333443 10684547 0 179033 0 0 0
cpu26 12010304 478046 5299087 1671762665 10627822 0 180972 0 0 0
cpu27 13882325 464459 5487279 1669424716 10979858 0 178203 0 0 0
cpu28 18768971 361854 5860644 1658270487 9964345 0 1255493 0 0 0
cpu29 13427145 381424 5530402 1669040845 11673500 0 63639 0 0 0
cpu30 12751987 342093 5327976 1670882590 11247126 0 26879 0 0 0
cpu31 11676712 306256 5009508 1672827851 10868833 0 24217 0 0 0
cpu32 10894610 292303 4884375 1673242138 11397034 0 24048 0 0 0
cpu33 10506804 294659 4788617 1673046082 12114713 0 23627 0 0 0
cpu34 10107551 300801 4684808 1673703388 11872474 0 22732 0 0 0
cpu35 9689946 288349 4578498 1674405456 11825019 0 24378 0 0 0
cpu36 9560991 287721 4477874 1674926023 11575284 0 22669 0 0 0
cpu37 9402092 302139 4458199 1675100170 11595738 0 22395 0 0 0
cpu38 9340993 311327 4410950 1675467226 11334661 0 22546 0 0 0
cpu39 9402733 310554 4503883 1675238577 11304533 0 23280 0 0 0
cpu40 9356836 306218 4531151 1675468805 11111495 0 24084 0 0 0
cpu41 9760126 317785 4532101 1674773191 11289638 0 23677 0 0 0
cpu42 13910529 443034 5477535 1670121604 10331908 0 171505 0 0 0
cpu43 11930481 434858 5190399 1672253742 10395063 0 168011 0 0 0
cpu44 11767314 425576 5248561 1672585343 10306535 0 168273 0 0 0
cpu45 11245405 430940 5012845 1673256619 10414900 0 161923 0 0 0
cpu46 11127634 431394 5007255 1673282766 10520718 0 163501 0 0 0
cpu47 10943012 452452 5030416 1673310773 10626082 0 164387 0 0 0
cpu48 11671138 439673 4999598 1672716629 10596881 0 163646 0 0 0
cpu49 11120999 416764 5032842 1673436927 10393322 0 166743 0 0 0
cpu50 11066543 440746 4998191 1673139369 10735839 0 165378 0 0 0
cpu51 11322466 447564 5003360 1673042600 10531445 0 167959 0 0 0
cpu52 11033702 446614 4993323 1673168774 10709823 0 168165 0 0 0
cpu53 11095522 432568 5074904 1673187592 10559336 0 174996 0 0 0
cpu54 11462449 425131 5050153 1672774471 10642437 0 172239 0 0 0
cpu55 13160584 432016 5221876 1670857175 10589772 0 172116 0 0 0
intr 106372156321 74 4 0 0 0 0 0 0 0 0 0 0 6 0 0 0 0 360 213 2556212860 0 0 0 0 0 0 0 0 0 0 0 0 0 0 0 0 0 2394833541 426509240 8318424 677 278 24496490 0 0 0 0 0 0 0 0 0 0 0 0 0 0 0 0 0 0 0 0 0 0 0 0 0 0 0 0 0 0 0 0 0 0 0 0 0 0 0 0 0 0 0 0 0 0 0 0 0 0 0 0 0 0 0 0 0 0 0 0 0 0 0 0 0 0 0 0 0 0 0 0 0 0 0 0 0 0 0 0 0 0 0 0 0 0 0 0 0 0 0 0 0 0 0 0 0 0 0 0 0 0 0 0 0 0 0 0 0 0 0 0 0 0 0 0 0 0 0 0 0 0 0 0 0 0 0 0 0 0 0 0 0 0 0 0 0 0 0 0 0 0 0 0 0 0 0 0 0 0 0 0 0 0 0 0 0 0 0 0 0 0 0 0 0 0 0 0 0 0 0 0 0 0 0 0 0 0 0 0 0 0 0 0 0 0 0 0 0 0 0 0 0 0 0 0 0 0 0 0 0 0 0 0 0 0 0 0 0 0 0 0 0 0 0 0 0 0 0 0 0 0 0 0 0 0 0 0 0 0 0 0 0 0 0 0 0 0 0 0 0 0 0 0 0 0 0 0 0 0 0 0 0 0 0 0 0 0 0 0 0 0 0 0 0 0 0 0 0 0 0 0 0 0 0 0 0 0 0 0 0 0 0 0 0 0 0 0 0 0 0 0 0 0 0 0 0 0 0 0 0 0 0 0 0 0 0 0 0 0 0 0 0 0 0 0 0 0 0 0 0 0 0 0 0 0 0 0 0 0 0 0 0 0 0 0 0 0 0 0 0 0 0 0 0 0 0 0 0 0 0 0 0 0 0 0 0 0 0 0 0 0 0 0 0 0 0 0 0 0 0 0 0 0 0 0 0 0 0 0 0 0 0 0 0 0 0 0 0 0 0 0 0 0 0 0 0 0 0 0 0 0 0 0 0 0 0 0 0 0 0 0 0 0 0 0 0 0 0 0 0 0 0 0 0 0 0 0 0 0 0 0 0 0 0 0 0 0 0 0 0 0 0 0 0 0 0 0 0 0 0 0 0 0 0 0 0 0 0 0 0 0 0 0 0 0 0 0 0 0 0 0 0 0 0 0 0 0 0 0 0 0 0 0 0 0 0 0 0 0 0 0 0 0 0 0 0 0 0 0 0 0 0 0 0 0 0 0 0 0 0 0 0 0 0 0 0 0 0 0 0 0 0 0 0 0 0 0 0 0 0 0 0 0 0 0 0 0 0 0 0 0 0 0 0 0 0 0 0 0 0 0 0 0 0 0 0 0 0 0 0 0 0 0 0 0 0 0 0 0 0 0 0 0 0 0 0 0 0 0 0 0 0 0 0 0 0 0 0 0 0 0 0 0 0 0 0 0 0 0 0 0 0 0 0 0 0 0 0 0 0 0 0 0 0 0 0 0 0 0 0 0 0 0 0 0 0 0 0 0 0 0 0 0 0 0 0 0 0 0 0 0 0 0 0 0 0 0 0 0 0 0 0 0 0 0 0 0 0 0 0 0 0 0 0 0 0 0 0 0 0 0 0 0 0 0 0 0 0 0 0 0 0 0 0 0 0 0 0 0 0 0 0 0 0 0 0 0 0 0 0 0 0 0 0 0 0 0 0 0 0 0 0 0 0 0 0 0 0 0 0 0 0 0 0 0 0 0 0 0 0 0 0 0 0 0 0 0 0 0 0 0 0 0 0 0 0 0 0 0 0 0 0 0 0 0 0 0 0 0 0 0 0 0 0 0 0 0 0 0 0 0 0 0 0 0 0 0 0 0 0 0 0 0 0 0 0 0 0 0 0 0 0 0 0 0 0 0 0 0 0 0 0 0 0 0 0 0 0 0 0 0 0 0 0 0 0 0 0 0 0 0 0 0 0 0 0 0 0 0 0 0 0 0 0 0 0 0 0 0 0 0 0 0 0 0 0 0 0 0 0 0 0 0 0 0 0 0 0 0 0 0 0 0 0 0 0 0 0 0 0 0 0 0 0 0 0 0 0 0 0 0 0 0 0 0 0 0 0 0 0 0 0 0 0 0 0 0 0 0 0 0 0 0 0 0 0 0 0 0 0 0 0 0 0 0 0 0 0 0 0 0 0 0 0 0 0 0 0 0 0 0 0 0 0 0 0 0 0 0 0 0 0 0 0 0 0 0 0 0 0 0 0 0 0 0 0 0 0 0 0 0 0 0 0 0 0 0 0 0 0 0 0 0 0 0 0 0 0 0 0 0 0 0 0 0 0 0 0 0 0 0 0 0 0 0 0 0 0 0 0 0 0 0 0 0 0 0 0 0 0 0 0 0 0 0 0 0 0 0 0 0 0 0 0 0 0 0 0 0 0 0 0 0 0 0 0 0 0 0 0 0 0 0 0 0 0 0 0 0 0 0 0 0 0 0 0 0 0 0 0 0 0 0 0 0 0 0 0 0 0 0 0 0 0 0 0 0 0 0 0 0 0 0 0 0 0 0 0 0 0 0 0 0 0 0 0 0 0 0 0 0 0 0 0 0 0 0 0 0 0 0 0 0 0 0 0 0 0 0 0 0 0 0 0 0 0 0 0 0 0 0 0 0 0 0 0 0 0 0 0 0 0 0 0 0 0 0 0 0 0 0 0 0 0 0 0 0 0 0 0 0 0 0 0 0 0 0 0 0 0 0 0 0 0 0 0 0 0 0 0 0 0 0 0 0 0 0 0 0 0 0 0 0 0 0 0 0 0 0 0 0 0 0 0 0 0 0 0 0 0 0 0 0 0 0 0 0 0 0 0 0 0 0 0 0 0 0 0 0 0 0 0 0 0 0 0 0 0 0 0 0 0 0 0 0 0 0 0 0 0 0 0 0 0 0 0 0 0 0 0 0 0 0 0 0 0 0 0 0 0 0 0 0 0 0 0 0 0 0 0 0 0 0 0 0 0 0 0 0 0 0 0 0 0 0 0 0 0 0 0 0 0 0 0 0 0 0 0 0 0 0 0 0 0 0 0 0 0 0 0 0 0 0 0 0 0 0 0 0 0 0 0 0 0 0 0 0 0 0 0 0 0 0 0 0 0 0 0 0 0 0 0 0 0 0 0 0 0 0 0 0 0 0 0 0 0 0 0 0 0 0 0 0 0 0 0 0 0 0 0 0 0 0 0 0 0 0 0 0 0 0 0 0 0 0 0 0 0 0 0 0 0 0 0 0 0 0 0 0 0 0 0 0 0 0 0 0 0 0 0 0 0 0 0 0 0 0 0 0 0 0 0 0 0 0 0 0 0 0 0 0 0 0 0 0 0 0 0 0 0 0 0 0 0 0 0 0 0 0 0 0 0 0 0 0 0 0 0 0 0 0 0 0 0 0 0 0 0 0 0 0 0 0 0 0 0 0 0 0 0 0 0 0 0 0 0 0 0 0 0 0 0 0 0 0 0 0 0 0 0 0 0 0 0 0 0 0 0 0 0 0 0 0 0 0 0 0 0 0 0 0 0 0 0 0 0 0 0 0 0 0 0 0 0 0 0 0 0 0 0 0 0 0 0 0 0 0 0 0 0 0 0 0 0 0 0 0 0 0 0 0 0 0 0 0 0 0 0 0 0 0 0 0 0 0 0 0 0 0 0 0 0 0 0 0 0 0 0 0 0 0 0 0 0 0 0 0 0 0 0 0 0 0 0 0 0 0 0 0 0 0 0 0 0 0 0 0 0 0 0 0 0 0 0 0 0 0 0 0 0 0 0 0 0
ctxt 208279772126
btime 1773600682
processes 94927905
procs_running 15
procs_blocked 0
softirq 43039469040 256 2278391764 38652550 891148971 1476306510 0 2936385649 572278498 5109161 481457313
--
cpu  802940310 23598936 303357165 93436527951 610714418 0 8835449 0 0 0
cpu0 29446984 224394 7362155 1619913593 8331114 0 165841 0 0 0
cpu1 29266302 432889 7643460 1649243110 11021479 0 55651 0 0 0
cpu2 28199969 463108 7592554 1652781659 10878468 0 36537 0 0 0
cpu3 25943457 484906 6792452 1656235952 11039228 0 30729 0 0 0
cpu4 22369460 490414 6374127 1660298392 11076761 0 30212 0 0 0
cpu5 19969836 494023 5979515 1662901066 11317405 0 28403 0 0 0
cpu6 17827645 497511 5638855 1665528740 11191988 0 28591 0 0 0
cpu7 16614113 487783 5478263 1666963480 11171155 0 26616 0 0 0
cpu8 15340536 485635 5285576 1668185184 11408554 0 26634 0 0 0
cpu9 14906796 489844 5254869 1668677153 11338775 0 26812 0 0 0
cpu10 14408160 472357 5136419 1669186398 11495243 0 26039 0 0 0
cpu11 14133030 465792 5148220 1669188669 11699837 0 27171 0 0 0
cpu12 14189057 458188 5271108 1669301423 11397453 0 26250 0 0 0
cpu13 12799719 425511 5433615 1668746220 9922463 0 1897554 0 0 0
cpu14 31524114 477236 7837321 1650080226 10085288 0 176081 0 0 0
cpu15 21118273 503934 6805186 1660855008 10896702 0 174396 0 0 0
cpu16 17755236 491819 6315850 1664571626 11133745 0 174764 0 0 0
cpu17 14932464 500066 5673486 1668339641 10904707 0 169825 0 0 0
cpu18 13593125 505884 5522045 1670055015 10640459 0 174111 0 0 0
cpu19 12937371 472687 5419076 1670822854 10655430 0 173106 0 0 0
cpu20 13088600 493492 5352815 1670709131 10657765 0 174394 0 0 0
cpu21 12210967 482428 5340199 1671475003 10771522 0 172700 0 0 0
cpu22 11982243 482914 5342226 1671397930 11081740 0 174550 0 0 0
cpu23 11694616 471865 5192060 1672144527 10734597 0 173613 0 0 0
cpu24 11731653 448076 5195169 1671862471 11041790 0 171913 0 0 0
cpu25 11557540 450839 5258867 1672333941 10684548 0 179089 0 0 0
cpu26 12010349 478046 5299267 1671763159 10627822 0 181021 0 0 0
cpu27 13882367 464459 5487464 1669425210 10979859 0 178255 0 0 0
cpu28 18768971 361854 5860645 1658270487 9964345 0 1256293 0 0 0
cpu29 13427183 381424 5530570 1669041380 11673501 0 63679 0 0 0
cpu30 12752023 342093 5328142 1670883120 11247126 0 26923 0 0 0
cpu31 11676747 306256 5009657 1672828397 10868833 0 24261 0 0 0
cpu32 10894644 292303 4884539 1673242671 11397035 0 24088 0 0 0
cpu33 10506841 294659 4788789 1673046611 12114714 0 23668 0 0 0
cpu34 10107587 300801 4684979 1673703920 11872475 0 22774 0 0 0
cpu35 9689981 288349 4578667 1674405987 11825021 0 24422 0 0 0
cpu36 9561027 287721 4478044 1674926555 11575284 0 22708 0 0 0
cpu37 9402126 302139 4458366 1675100703 11595740 0 22436 0 0 0
cpu38 9341029 311327 4411116 1675467760 11334661 0 22586 0 0 0
cpu39 9402769 310554 4504054 1675239106 11304533 0 23324 0 0 0
cpu40 9356876 306218 4531314 1675469304 11111524 0 24131 0 0 0
cpu41 9760160 317785 4532268 1674773717 11289638 0 23717 0 0 0
cpu42 13910565 443034 5477716 1670122106 10331908 0 171558 0 0 0
cpu43 11930523 434858 5190576 1672254242 10395063 0 168063 0 0 0
cpu44 11767362 425576 5248744 1672585838 10306536 0 168322 0 0 0
cpu45 11245444 430940 5013026 1673257125 10414900 0 161971 0 0 0
cpu46 11127676 431394 5007428 1673283271 10520718 0 163555 0 0 0
cpu47 10943050 452452 5030601 1673311278 10626082 0 164437 0 0 0
cpu48 11671178 439673 4999756 1672717150 10596881 0 163703 0 0 0
cpu49 11121040 416764 5033024 1673437430 10393322 0 166789 0 0 0
cpu50 11066585 440746 4998377 1673139864 10735839 0 165427 0 0 0
cpu51 11322503 447564 5003541 1673043106 10531445 0 168008 0 0 0
cpu52 11033737 446614 4993499 1673169282 10709823 0 168215 0 0 0
cpu53 11095559 432568 5075088 1673188094 10559336 0 175047 0 0 0
cpu54 11462494 425131 5050340 1672774966 10642437 0 172291 0 0 0
cpu55 13160623 432016 5222056 1670857674 10589772 0 172167 0 0 0
intr 106372845975 74 4 0 0 0 0 0 0 0 0 0 0 6 0 0 0 0 360 213 2556213474 0 0 0 0 0 0 0 0 0 0 0 0 0 0 0 0 0 2394833544 426509423 8318428 677 278 24496490 0 0 0 0 0 0 0 0 0 0 0 0 0 0 0 0 0 0 0 0 0 0 0 0 0 0 0 0 0 0 0 0 0 0 0 0 0 0 0 0 0 0 0 0 0 0 0 0 0 0 0 0 0 0 0 0 0 0 0 0 0 0 0 0 0 0 0 0 0 0 0 0 0 0 0 0 0 0 0 0 0 0 0 0 0 0 0 0 0 0 0 0 0 0 0 0 0 0 0 0 0 0 0 0 0 0 0 0 0 0 0 0 0 0 0 0 0 0 0 0 0 0 0 0 0 0 0 0 0 0 0 0 0 0 0 0 0 0 0 0 0 0 0 0 0 0 0 0 0 0 0 0 0 0 0 0 0 0 0 0 0 0 0 0 0 0 0 0 0 0 0 0 0 0 0 0 0 0 0 0 0 0 0 0 0 0 0 0 0 0 0 0 0 0 0 0 0 0 0 0 0 0 0 0 0 0 0 0 0 0 0 0 0 0 0 0 0 0 0 0 0 0 0 0 0 0 0 0 0 0 0 0 0 0 0 0 0 0 0 0 0 0 0 0 0 0 0 0 0 0 0 0 0 0 0 0 0 0 0 0 0 0 0 0 0 0 0 0 0 0 0 0 0 0 0 0 0 0 0 0 0 0 0 0 0 0 0 0 0 0 0 0 0 0 0 0 0 0 0 0 0 0 0 0 0 0 0 0 0 0 0 0 0 0 0 0 0 0 0 0 0 0 0 0 0 0 0 0 0 0 0 0 0 0 0 0 0 0 0 0 0 0 0 0 0 0 0 0 0 0 0 0 0 0 0 0 0 0 0 0 0 0 0 0 0 0 0 0 0 0 0 0 0 0 0 0 0 0 0 0 0 0 0 0 0 0 0 0 0 0 0 0 0 0 0 0 0 0 0 0 0 0 0 0 0 0 0 0 0 0 0 0 0 0 0 0 0 0 0 0 0 0 0 0 0 0 0 0 0 0 0 0 0 0 0 0 0 0 0 0 0 0 0 0 0 0 0 0 0 0 0 0 0 0 0 0 0 0 0 0 0 0 0 0 0 0 0 0 0 0 0 0 0 0 0 0 0 0 0 0 0 0 0 0 0 0 0 0 0 0 0 0 0 0 0 0 0 0 0 0 0 0 0 0 0 0 0 0 0 0 0 0 0 0 0 0 0 0 0 0 0 0 0 0 0 0 0 0 0 0 0 0 0 0 0 0 0 0 0 0 0 0 0 0 0 0 0 0 0 0 0 0 0 0 0 0 0 0 0 0 0 0 0 0 0 0 0 0 0 0 0 0 0 0 0 0 0 0 0 0 0 0 0 0 0 0 0 0 0 0 0 0 0 0 0 0 0 0 0 0 0 0 0 0 0 0 0 0 0 0 0 0 0 0 0 0 0 0 0 0 0 0 0 0 0 0 0 0 0 0 0 0 0 0 0 0 0 0 0 0 0 0 0 0 0 0 0 0 0 0 0 0 0 0 0 0 0 0 0 0 0 0 0 0 0 0 0 0 0 0 0 0 0 0 0 0 0 0 0 0 0 0 0 0 0 0 0 0 0 0 0 0 0 0 0 0 0 0 0 0 0 0 0 0 0 0 0 0 0 0 0 0 0 0 0 0 0 0 0 0 0 0 0 0 0 0 0 0 0 0 0 0 0 0 0 0 0 0 0 0 0 0 0 0 0 0 0 0 0 0 0 0 0 0 0 0 0 0 0 0 0 0 0 0 0 0 0 0 0 0 0 0 0 0 0 0 0 0 0 0 0 0 0 0 0 0 0 0 0 0 0 0 0 0 0 0 0 0 0 0 0 0 0 0 0 0 0 0 0 0 0 0 0 0 0 0 0 0 0 0 0 0 0 0 0 0 0 0 0 0 0 0 0 0 0 0 0 0 0 0 0 0 0 0 0 0 0 0 0 0 0 0 0 0 0 0 0 0 0 0 0 0 0 0 0 0 0 0 0 0 0 0 0 0 0 0 0 0 0 0 0 0 0 0 0 0 0 0 0 0 0 0 0 0 0 0 0 0 0 0 0 0 0 0 0 0 0 0 0 0 0 0 0 0 0 0 0 0 0 0 0 0 0 0 0 0 0 0 0 0 0 0 0 0 0 0 0 0 0 0 0 0 0 0 0 0 0 0 0 0 0 0 0 0 0 0 0 0 0 0 0 0 0 0 0 0 0 0 0 0 0 0 0 0 0 0 0 0 0 0 0 0 0 0 0 0 0 0 0 0 0 0 0 0 0 0 0 0 0 0 0 0 0 0 0 0 0 0 0 0 0 0 0 0 0 0 0 0 0 0 0 0 0 0 0 0 0 0 0 0 0 0 0 0 0 0 0 0 0 0 0 0 0 0 0 0 0 0 0 0 0 0 0 0 0 0 0 0 0 0 0 0 0 0 0 0 0 0 0 0 0 0 0 0 0 0 0 0 0 0 0 0 0 0 0 0 0 0 0 0 0 0 0 0 0 0 0 0 0 0 0 0 0 0 0 0 0 0 0 0 0 0 0 0 0 0 0 0 0 0 0 0 0 0 0 0 0 0 0 0 0 0 0 0 0 0 0 0 0 0 0 0 0 0 0 0 0 0 0 0 0 0 0 0 0 0 0 0 0 0 0 0 0 0 0 0 0 0 0 0 0 0 0 0 0 0 0 0 0 0 0 0 0 0 0 0 0 0 0 0 0 0 0 0 0 0 0 0 0 0 0 0 0 0 0 0 0 0 0 0 0 0 0 0 0 0 0 0 0 0 0 0 0 0 0 0 0 0 0 0 0 0 0 0 0 0 0 0 0 0 0 0 0 0 0 0 0 0 0 0 0 0 0 0 0 0 0 0 0 0 0 0 0 0 0 0 0 0 0 0 0 0 0 0 0 0 0 0 0 0 0 0 0 0 0 0 0 0 0 0 0 0 0 0 0 0 0 0 0 0 0 0 0 0 0 0 0 0 0 0 0 0 0 0 0 0 0 0 0 0 0 0 0 0 0 0 0 0 0 0 0 0 0 0 0 0 0 0 0 0 0 0 0 0 0 0 0 0 0 0 0 0 0 0 0 0 0 0 0 0 0 0 0 0 0 0 0 0 0 0 0 0 0 0 0 0 0 0 0 0 0 0 0 0 0 0 0 0 0 0 0 0 0 0 0 0 0 0 0 0 0 0 0 0 0 0 0 0 0 0 0 0 0 0 0 0 0 0 0 0 0 0 0 0 0 0 0 0 0 0 0 0 0 0 0 0 0 0 0 0 0 0 0 0 0 0 0 0 0 0 0 0 0 0 0 0 0 0 0 0 0 0 0 0 0 0 0 0 0 0 0 0 0 0 0 0 0 0 0 0 0 0 0 0 0 0 0 0 0 0 0 0 0 0 0 0 0 0 0 0 0 0 0 0 0 0 0 0 0 0 0 0 0 0 0 0 0 0 0 0 0 0 0 0 0 0 0 0 0 0 0 0 0 0 0 0 0 0 0 0 0 0 0 0 0 0 0 0 0 0 0 0 0 0 0 0 0 0 0 0 0 0 0 0 0 0 0 0 0 0 0 0 0 0 0 0 0 0 0 0 0 0 0 0 0 0 0 0 0 0 0 0 0 0 0 0 0 0 0 0 0 0 0 0 0 0 0 0 0 0 0 0 0 0 0 0 0 0 0 0 0 0 0 0 0 0 0 0 0 0 0 0 0 0 0 0 0 0 0 0 0 0 0 0 0
ctxt 208284843999
btime 1773600682
processes 94927953
procs_running 3
procs_blocked 0
softirq 43041185657 256 2278393422 38663873 892640598 1476306955 0 2936386666 572432718 5109161 481513640
