Running 10s test @ http://192.168.10.15:18500/wait
  32 threads and 512 connections
  Thread Stats   Avg      Stdev     Max   +/- Stdev
    Latency    10.30ms  434.04us  11.88ms   63.68%
    Req/Sec     1.56k    25.37     1.62k    70.11%
  Latency Distribution
     50%   10.32ms
     75%   10.62ms
     90%   10.86ms
     99%   11.17ms
  498923 requests in 10.10s, 75.65MB read
Requests/sec:  49395.97
Transfer/sec:      7.49MB
## drops 0 0
## server-stat
cpu  1343913 478 698000 10452644 31749 0 265501 0 0 0
cpu0 46024 8 20837 327116 830 0 9030 0 0 0
cpu1 46555 10 20726 328188 571 0 8655 0 0 0
cpu2 46897 8 20645 328258 375 0 8582 0 0 0
cpu3 47755 11 21129 326064 1183 0 8624 0 0 0
cpu4 48100 10 20921 326354 722 0 8715 0 0 0
cpu5 47741 10 20822 327167 360 0 8588 0 0 0
cpu6 47176 8 20729 327822 354 0 8572 0 0 0
cpu7 46134 6 20507 329121 226 0 8389 0 0 0
cpu8 29673 13 21759 336742 1066 0 5603 0 0 0
cpu9 32827 15 22282 331289 2376 0 5810 0 0 0
cpu10 32011 15 22165 333668 1198 0 5924 0 0 0
cpu11 30461 12 21451 337856 656 0 5609 0 0 0
cpu12 48128 84 22879 315854 3073 0 6028 0 0 0
cpu13 46932 15 23123 317292 2432 0 6170 0 0 0
cpu14 30329 11 21058 339678 870 0 5483 0 0 0
cpu15 28857 11 19801 343580 651 0 5005 0 0 0
cpu16 50688 6 21576 323606 368 0 8796 0 0 0
cpu17 50554 6 21592 322726 1260 0 8831 0 0 0
cpu18 50279 7 21447 324191 287 0 8729 0 0 0
cpu19 51556 7 21915 321734 664 0 8971 0 0 0
cpu20 51768 10 21842 321838 695 0 8948 0 0 0
cpu21 50081 7 21378 323951 606 0 8792 0 0 0
cpu22 49067 8 21389 323748 337 0 8720 0 0 0
cpu23 47795 10 21094 326537 303 0 8623 0 0 0
cpu24 32850 14 22200 335323 856 0 6037 0 0 0
cpu25 35353 16 24032 326786 1612 0 6964 0 0 0
cpu26 34378 15 23685 328792 1234 0 6816 0 0 0
cpu27 29544 8 21214 328939 1116 0 12290 0 0 0
cpu28 46215 23 24814 304112 1921 0 14983 0 0 0
cpu29 47976 62 25109 301254 1915 0 15098 0 0 0
cpu30 28517 9 21428 328518 841 0 12102 0 0 0
cpu31 31678 9 22438 334525 775 0 6000 0 0 0
intr 1150876600 126 0 0 0 0 0 0 0 0 1 0 0 0 0 0 0 0 0 0 0 0 0 0 0 0 0 0 1 1 1 0 0 0 0 1 0 1 0 0 75045 0 0 0 0 0 0 0 0 411 0 0 0 0 0 0 0 0 87 0 0 0 0 0 0 0 0 0 0 0 0 0 0 0 142295 2 23710990 23668052 23621553 23740883 0 3434 2405 2945 1579 3092 2646 2075 2562 1480 10360 18277 10241 8220 13298 14897 11349 7409 2698 1795 1460 2367 2248 1936 1622 1627 8934 7234 5100 5670 6508 5834 6131 7969 0 0 0 0 616280 3039 1036 0 264 0 0 0 0 0 0 0 0 0 0 0 0 0 0 0 0 0 0 0 0 0 0 0 0 0 0 0 0 0 0 0 0 0 0 0 0 0 0 0 0 0 0 0 0 0 0 0 0 0 0 0 0 0 0 0 0 0 0 0 0 0 0 0 0 0 0 0 0 0 0 0 0 0 0 0 0 0 0 0 0 0 0 0 0 0 0 0 0 0 0 0 0 0 0 0 0 0 0 0 0 0 0 0 0 0 0 0 0 0 0 0 0 0 0 0 0 0 0 0 0 0 0 0 0 0 0 0 0 0 0 0 0 0 0 0 0 0 0 0 0 0 0 0 0 0 0 0 0 0 0 0 0 0 0 0 0 0 0 0 0 0 0 0 0 0 0 0 0 0 0 0 0 0 0 0 0 0 0 0 0 0 0 0 0 0 0 0 0 0 0 0 0 0 0 0 0 0 0 0 0 0 0 0 0 0 0 0 0 0 0 0 0 0 0 0 0 0 0 0 0 0 0 0 0 0 0 0 0 0 0 0 0 0 0 0 0 0 0 0 0 0 0 0 0 0 0 0 0 0 0 0 0 0 0 0 0 0 0 0 0 0 0 0 0 0 0 0 0 0 0 0 0 0 0 0 0 0 0 0 0 0 0 0 0 0 0 0 0 0 0 0 0 0 0 0 0 0 0 0 0 0 0 0 0 0 0 0 0 0 0 0 0 0 0 0 0 0 0 0 0 0 0 0 0 0 0 0 0 0 0 0 0 0 0 0 0 0 0 0 0 0 0 0 0 0 0 0 0 0 0 0 0 0 0 0 0 0 0 0 0 0 0 0 0 0 0 0 0 0 0 0 0 0 0 0 0 0 0 0 0 0 0 0 0 0 0 0 0 0 0 0 0 0 0 0 0 0 0 0 0 0 0 0 0 0 0 0 0 0 0 0 0 0 0 0 0 0 0 0 0 0 0 0 0 0 0 0 0 0 0 0 0 0 0 0 0 0 0 0 0 0 0 0 0 0 0 0 0 0 0 0 0 0 0 0 0 0 0 0 0 0 0 0 0 0 0 0 0 0 0 0 0 0 0 0 0 0 0 0 0 0 0 0 0 0 0 0 0 0 0 0 0 0 0 0 0 0 0 0 0 0 0 0 0 0 0 0 0 0 0 0 0 0 0 0 0 0 0 0 0 0 0 0 0 0 0 0 0 0 0 0 0 0 0 0 0 0 0 0 0 0 0 0 0 0 0 0 0 0 0 0 0 0 0 0 0 0 0 0 0 0 0 0 0 0 0 0 0 0 0 0 0 0 0 0 0 0 0 0 0 0 0 0 0 0 0 0 0 0 0 0 0 0 0 0 0 0 0 0 0 0 0 0 0 0 0 0 0 0 0 0 0 0 0 0 0 0 0 0 0 0 0 0 0 0 0 0 0 0 0 0 0 0 0 0 0 0 0 0 0 0 0 0 0 0 0 0 0 0 0 0 0 0 0 0 0 0 0 0 0 0 0 0 0 0 0 0 0 0 0 0 0 0 0 0 0 0 0 0 0 0 0 0 0 0 0 0 0 0 0 0 0 0 0 0 0 0 0 0 0 0 0 0 0 0 0 0 0 0 0 0 0 0 0 0 0 0 0 0 0 0 0 0 0 0 0 0 0 0 0 0 0 0 0 0 0 0 0 0 0 0 0 0 0 0 0 0 0 0 0 0 0 0 0 0 0 0 0 0 0 0 0 0 0 0 0 0 0 0 0 0 0 0 0 0 0 0 0 0 0 0 0 0 0 0 0 0 0 0 0 0 0 0 0 0 0 0 0 0 0 0 0 0 0 0 0 0 0 0 0 0 0 0 0 0 0 0 0 0 0 0 0 0 0 0 0 0 0 0 0 0 0 0 0 0 0 0 0 0 0 0 0 0 0 0 0 0 0 0 0 0 0 0 0 0 0 0 0 0 0 0 0 0 0 0 0 0 0 0 0 0 0 0 0 0 0 0 0 0 0 0 0 0 0 0 0 0 0 0 0 0 0 0 0 0 0 0 0 0 0 0 0 0 0 0 0 0 0 0 0 0 0 0 0 0 0 0 0 0 0 0 0 0 0 0 0 0 0 0 0 0 0 0 0 0 0 0 0 0 0 0 0 0 0 0 0 0 0 0 0 0 0 0 0 0 0 0 0 0 0 0 0 0 0 0 0 0 0 0 0 0 0 0 0 0 0 0 0 0 0 0 0 0 0 0 0 0 0 0 0 0 0 0 0 0 0 0 0 0 0 0 0 0 0 0 0 0 0 0 0 0 0 0 0 0 0 0 0 0 0 0 0 0 0 0 0 0 0 0 0 0 0 0 0 0 0 0 0 0 0 0 0 0 0 0 0 0 0 0 0 0 0 0 0 0 0 0 0 0 0 0 0 0 0 0 0 0 0 0 0 0 0 0 0 0 0 0 0 0 0 0 0 0 0 0 0 0 0 0 0 0 0 0 0 0 0 0 0 0 0 0 0
ctxt 1539251652
btime 1790630938
processes 117363
procs_running 1
procs_blocked 0
softirq 1364309288 73526 2715716 1608030 1317725682 148123 0 9412591 19964467 410 12660743
--
cpu  1344027 478 698095 10477854 31765 0 265554 0 0 0
cpu0 46024 8 20838 327912 830 0 9032 0 0 0
cpu1 46555 10 20726 328988 571 0 8655 0 0 0
cpu2 46897 8 20645 329057 375 0 8582 0 0 0
cpu3 47755 11 21129 326863 1184 0 8624 0 0 0
cpu4 48100 10 20921 327153 722 0 8715 0 0 0
cpu5 47741 10 20822 327966 360 0 8588 0 0 0
cpu6 47176 8 20729 328622 354 0 8572 0 0 0
cpu7 46134 6 20507 329921 226 0 8389 0 0 0
cpu8 29677 13 21763 337525 1066 0 5606 0 0 0
cpu9 32834 15 22289 332050 2389 0 5813 0 0 0
cpu10 32020 15 22172 334443 1198 0 5926 0 0 0
cpu11 30465 12 21455 338639 656 0 5610 0 0 0
cpu12 48141 84 22888 316621 3073 0 6033 0 0 0
cpu13 46946 15 23135 318058 2433 0 6175 0 0 0
cpu14 30333 11 21064 340461 870 0 5485 0 0 0
cpu15 28859 11 19806 344366 651 0 5007 0 0 0
cpu16 50688 6 21576 324406 368 0 8796 0 0 0
cpu17 50554 6 21592 323525 1260 0 8831 0 0 0
cpu18 50279 7 21447 324990 287 0 8729 0 0 0
cpu19 51556 7 21916 322533 664 0 8971 0 0 0
cpu20 51768 10 21842 322637 696 0 8948 0 0 0
cpu21 50081 7 21378 324751 606 0 8792 0 0 0
cpu22 49068 8 21389 324548 338 0 8720 0 0 0
cpu23 47795 10 21094 327337 303 0 8623 0 0 0
cpu24 32852 14 22205 336109 856 0 6039 0 0 0
cpu25 35361 16 24039 327564 1612 0 6965 0 0 0
cpu26 34380 15 23687 329581 1234 0 6816 0 0 0
cpu27 29545 8 21216 329723 1117 0 12293 0 0 0
cpu28 46239 23 24824 304859 1921 0 14992 0 0 0
cpu29 47989 62 25118 302010 1916 0 15108 0 0 0
cpu30 28519 9 21430 329299 841 0 12106 0 0 0
cpu31 31680 9 22440 335318 775 0 6000 0 0 0
intr 1151762935 126 0 0 0 0 0 0 0 0 1 0 0 0 0 0 0 0 0 0 0 0 0 0 0 0 0 0 1 1 1 0 0 0 0 1 0 1 0 0 75045 0 0 0 0 0 0 0 0 411 0 0 0 0 0 0 0 0 87 0 0 0 0 0 0 0 0 0 0 0 0 0 0 0 142410 2 23833569 23786818 23742211 23860326 0 3438 2405 2945 1579 3092 2646 2075 2562 1481 10360 18277 10241 8234 13298 14897 11349 7409 2698 1795 1460 2367 2248 1936 1622 1627 8934 7234 5103 5712 6508 5834 6131 7969 0 0 0 0 616280 3039 1036 0 264 0 0 0 0 0 0 0 0 0 0 0 0 0 0 0 0 0 0 0 0 0 0 0 0 0 0 0 0 0 0 0 0 0 0 0 0 0 0 0 0 0 0 0 0 0 0 0 0 0 0 0 0 0 0 0 0 0 0 0 0 0 0 0 0 0 0 0 0 0 0 0 0 0 0 0 0 0 0 0 0 0 0 0 0 0 0 0 0 0 0 0 0 0 0 0 0 0 0 0 0 0 0 0 0 0 0 0 0 0 0 0 0 0 0 0 0 0 0 0 0 0 0 0 0 0 0 0 0 0 0 0 0 0 0 0 0 0 0 0 0 0 0 0 0 0 0 0 0 0 0 0 0 0 0 0 0 0 0 0 0 0 0 0 0 0 0 0 0 0 0 0 0 0 0 0 0 0 0 0 0 0 0 0 0 0 0 0 0 0 0 0 0 0 0 0 0 0 0 0 0 0 0 0 0 0 0 0 0 0 0 0 0 0 0 0 0 0 0 0 0 0 0 0 0 0 0 0 0 0 0 0 0 0 0 0 0 0 0 0 0 0 0 0 0 0 0 0 0 0 0 0 0 0 0 0 0 0 0 0 0 0 0 0 0 0 0 0 0 0 0 0 0 0 0 0 0 0 0 0 0 0 0 0 0 0 0 0 0 0 0 0 0 0 0 0 0 0 0 0 0 0 0 0 0 0 0 0 0 0 0 0 0 0 0 0 0 0 0 0 0 0 0 0 0 0 0 0 0 0 0 0 0 0 0 0 0 0 0 0 0 0 0 0 0 0 0 0 0 0 0 0 0 0 0 0 0 0 0 0 0 0 0 0 0 0 0 0 0 0 0 0 0 0 0 0 0 0 0 0 0 0 0 0 0 0 0 0 0 0 0 0 0 0 0 0 0 0 0 0 0 0 0 0 0 0 0 0 0 0 0 0 0 0 0 0 0 0 0 0 0 0 0 0 0 0 0 0 0 0 0 0 0 0 0 0 0 0 0 0 0 0 0 0 0 0 0 0 0 0 0 0 0 0 0 0 0 0 0 0 0 0 0 0 0 0 0 0 0 0 0 0 0 0 0 0 0 0 0 0 0 0 0 0 0 0 0 0 0 0 0 0 0 0 0 0 0 0 0 0 0 0 0 0 0 0 0 0 0 0 0 0 0 0 0 0 0 0 0 0 0 0 0 0 0 0 0 0 0 0 0 0 0 0 0 0 0 0 0 0 0 0 0 0 0 0 0 0 0 0 0 0 0 0 0 0 0 0 0 0 0 0 0 0 0 0 0 0 0 0 0 0 0 0 0 0 0 0 0 0 0 0 0 0 0 0 0 0 0 0 0 0 0 0 0 0 0 0 0 0 0 0 0 0 0 0 0 0 0 0 0 0 0 0 0 0 0 0 0 0 0 0 0 0 0 0 0 0 0 0 0 0 0 0 0 0 0 0 0 0 0 0 0 0 0 0 0 0 0 0 0 0 0 0 0 0 0 0 0 0 0 0 0 0 0 0 0 0 0 0 0 0 0 0 0 0 0 0 0 0 0 0 0 0 0 0 0 0 0 0 0 0 0 0 0 0 0 0 0 0 0 0 0 0 0 0 0 0 0 0 0 0 0 0 0 0 0 0 0 0 0 0 0 0 0 0 0 0 0 0 0 0 0 0 0 0 0 0 0 0 0 0 0 0 0 0 0 0 0 0 0 0 0 0 0 0 0 0 0 0 0 0 0 0 0 0 0 0 0 0 0 0 0 0 0 0 0 0 0 0 0 0 0 0 0 0 0 0 0 0 0 0 0 0 0 0 0 0 0 0 0 0 0 0 0 0 0 0 0 0 0 0 0 0 0 0 0 0 0 0 0 0 0 0 0 0 0 0 0 0 0 0 0 0 0 0 0 0 0 0 0 0 0 0 0 0 0 0 0 0 0 0 0 0 0 0 0 0 0 0 0 0 0 0 0 0 0 0 0 0 0 0 0 0 0 0 0 0 0 0 0 0 0 0 0 0 0 0 0 0 0 0 0 0 0 0 0 0 0 0 0 0 0 0 0 0 0 0 0 0 0 0 0 0 0 0 0 0 0 0 0 0 0 0 0 0 0 0 0 0 0 0 0 0 0 0 0 0 0 0 0 0 0 0 0 0 0 0 0 0 0 0 0 0 0 0 0 0 0 0 0 0 0 0 0 0 0 0 0 0 0 0 0 0 0 0 0 0 0 0 0 0 0 0 0 0 0 0 0 0 0 0 0 0 0 0 0 0 0 0 0 0 0 0 0 0 0 0 0 0 0 0 0 0 0 0 0 0 0 0 0 0 0 0 0 0 0 0 0 0 0 0 0 0 0 0 0 0 0 0 0 0 0 0 0 0 0 0 0 0 0 0 0 0 0 0 0 0 0 0 0 0 0 0 0 0 0 0 0 0 0 0 0 0 0 0 0 0 0 0 0 0 0 0 0 0 0 0 0 0 0 0 0 0 0 0 0 0 0 0 0 0 0
ctxt 1539821194
btime 1790630938
processes 117408
procs_running 2
procs_blocked 0
softirq 1365046322 73526 2721138 1608153 1318403946 148245 0 9412591 19987803 410 12690510
## client-stat
cpu  802987329 23598936 303520226 93437865145 610722021 0 8901935 0 0 0
cpu0 29447649 224394 7364016 1619936244 8331284 0 166485 0 0 0
cpu1 29267191 432889 7646355 1649266883 11021835 0 56494 0 0 0
cpu2 28200793 463108 7595396 1652806001 10878558 0 37379 0 0 0
cpu3 25944296 484906 6795359 1656260223 11039453 0 31540 0 0 0
cpu4 22370371 490414 6376963 1660322716 11076944 0 31060 0 0 0
cpu5 19970702 494023 5982360 1662925515 11317491 0 29233 0 0 0
cpu6 17828535 497511 5641707 1665553163 11192090 0 29414 0 0 0
cpu7 16614917 487783 5481077 1666988001 11171283 0 27446 0 0 0
cpu8 15341467 485635 5288439 1668209521 11408700 0 27479 0 0 0
cpu9 14907833 489844 5257706 1668701475 11338831 0 27639 0 0 0
cpu10 14408959 472357 5139236 1669210869 11495425 0 26865 0 0 0
cpu11 14133838 465792 5151107 1669212983 11700075 0 28024 0 0 0
cpu12 14189842 458188 5273963 1669325818 11397656 0 27093 0 0 0
cpu13 12800553 425511 5436512 1668770512 9922624 0 1898440 0 0 0
cpu14 31525048 477236 7840425 1650104056 10085336 0 177125 0 0 0
cpu15 21119090 503934 6808317 1660878893 10896806 0 175446 0 0 0
cpu16 17756060 491819 6318922 1664595564 11133821 0 175802 0 0 0
cpu17 14933310 500066 5676571 1668363613 10904760 0 170836 0 0 0
cpu18 13593950 505884 5525123 1670079012 10640538 0 175141 0 0 0
cpu19 12938179 472687 5422122 1670846943 10655453 0 174135 0 0 0
cpu20 13089466 493492 5355870 1670732832 10658119 0 175406 0 0 0
cpu21 12211783 482428 5343380 1671498902 10771620 0 173711 0 0 0
cpu22 11983140 482914 5345304 1671421858 11081823 0 175581 0 0 0
cpu23 11695480 471865 5195175 1672168359 10734798 0 174626 0 0 0
cpu24 11732471 448076 5198233 1671886374 11041967 0 172935 0 0 0
cpu25 11558369 450839 5261940 1672357767 10684702 0 180160 0 0 0
cpu26 12011122 478046 5302398 1671786846 10628127 0 182081 0 0 0
cpu27 13883231 464459 5490615 1669449036 10979941 0 179305 0 0 0
cpu28 18769259 361854 5861373 1658281999 9964380 0 1271442 0 0 0
cpu29 13428046 381424 5533315 1669065919 11673627 0 64496 0 0 0
cpu30 12752900 342093 5330952 1670907543 11247312 0 27742 0 0 0
cpu31 11677594 306256 5012401 1672852926 10869007 0 25077 0 0 0
cpu32 10895526 292303 4887291 1673267219 11397146 0 24922 0 0 0
cpu33 10507703 294659 4791573 1673071146 12114839 0 24487 0 0 0
cpu34 10108503 300801 4687721 1673728321 11872703 0 23609 0 0 0
cpu35 9691047 288349 4581500 1674430110 11825266 0 25257 0 0 0
cpu36 9561901 287721 4480823 1674951044 11575422 0 23504 0 0 0
cpu37 9403070 302139 4461215 1675125083 11595866 0 23241 0 0 0
cpu38 9341881 311327 4413940 1675492227 11334831 0 23397 0 0 0
cpu39 9403557 310554 4506918 1675263546 11304726 0 24168 0 0 0
cpu40 9357684 306218 4534128 1675493755 11111689 0 24995 0 0 0
cpu41 9761032 317785 4535151 1674797999 11289860 0 24574 0 0 0
cpu42 13911353 443034 5480773 1670146069 10331997 0 172642 0 0 0
cpu43 11931397 434858 5193670 1672278093 10395156 0 169127 0 0 0
cpu44 11768149 425576 5251859 1672609769 10306611 0 169405 0 0 0
cpu45 11246245 430940 5016114 1673281112 10414987 0 162981 0 0 0
cpu46 11128532 431394 5010523 1673307183 10520815 0 164578 0 0 0
cpu47 10943944 452452 5033778 1673335035 10626250 0 165458 0 0 0
cpu48 11672042 439673 5002857 1672741099 10596941 0 164715 0 0 0
cpu49 11121776 416764 5036124 1673461513 10393373 0 167808 0 0 0
cpu50 11067442 440746 5001478 1673163793 10735944 0 166449 0 0 0
cpu51 11323309 447564 5006656 1673067066 10531539 0 169018 0 0 0
cpu52 11034599 446614 4996568 1673193213 10709925 0 169234 0 0 0
cpu53 11096387 432568 5078267 1673211945 10559401 0 176090 0 0 0
cpu54 11463337 425131 5053428 1672798870 10642493 0 173374 0 0 0
cpu55 13161444 432016 5225213 1670881542 10589829 0 173237 0 0 0
intr 106388308170 74 4 0 0 0 0 0 0 0 0 0 0 6 0 0 0 0 360 213 2556259628 0 0 0 0 0 0 0 0 0 0 0 0 0 0 0 0 0 2395811022 426518381 8318573 677 278 24496490 0 0 0 0 0 0 0 0 0 0 0 0 0 0 0 0 0 0 0 0 0 0 0 0 0 0 0 0 0 0 0 0 0 0 0 0 0 0 0 0 0 0 0 0 0 0 0 0 0 0 0 0 0 0 0 0 0 0 0 0 0 0 0 0 0 0 0 0 0 0 0 0 0 0 0 0 0 0 0 0 0 0 0 0 0 0 0 0 0 0 0 0 0 0 0 0 0 0 0 0 0 0 0 0 0 0 0 0 0 0 0 0 0 0 0 0 0 0 0 0 0 0 0 0 0 0 0 0 0 0 0 0 0 0 0 0 0 0 0 0 0 0 0 0 0 0 0 0 0 0 0 0 0 0 0 0 0 0 0 0 0 0 0 0 0 0 0 0 0 0 0 0 0 0 0 0 0 0 0 0 0 0 0 0 0 0 0 0 0 0 0 0 0 0 0 0 0 0 0 0 0 0 0 0 0 0 0 0 0 0 0 0 0 0 0 0 0 0 0 0 0 0 0 0 0 0 0 0 0 0 0 0 0 0 0 0 0 0 0 0 0 0 0 0 0 0 0 0 0 0 0 0 0 0 0 0 0 0 0 0 0 0 0 0 0 0 0 0 0 0 0 0 0 0 0 0 0 0 0 0 0 0 0 0 0 0 0 0 0 0 0 0 0 0 0 0 0 0 0 0 0 0 0 0 0 0 0 0 0 0 0 0 0 0 0 0 0 0 0 0 0 0 0 0 0 0 0 0 0 0 0 0 0 0 0 0 0 0 0 0 0 0 0 0 0 0 0 0 0 0 0 0 0 0 0 0 0 0 0 0 0 0 0 0 0 0 0 0 0 0 0 0 0 0 0 0 0 0 0 0 0 0 0 0 0 0 0 0 0 0 0 0 0 0 0 0 0 0 0 0 0 0 0 0 0 0 0 0 0 0 0 0 0 0 0 0 0 0 0 0 0 0 0 0 0 0 0 0 0 0 0 0 0 0 0 0 0 0 0 0 0 0 0 0 0 0 0 0 0 0 0 0 0 0 0 0 0 0 0 0 0 0 0 0 0 0 0 0 0 0 0 0 0 0 0 0 0 0 0 0 0 0 0 0 0 0 0 0 0 0 0 0 0 0 0 0 0 0 0 0 0 0 0 0 0 0 0 0 0 0 0 0 0 0 0 0 0 0 0 0 0 0 0 0 0 0 0 0 0 0 0 0 0 0 0 0 0 0 0 0 0 0 0 0 0 0 0 0 0 0 0 0 0 0 0 0 0 0 0 0 0 0 0 0 0 0 0 0 0 0 0 0 0 0 0 0 0 0 0 0 0 0 0 0 0 0 0 0 0 0 0 0 0 0 0 0 0 0 0 0 0 0 0 0 0 0 0 0 0 0 0 0 0 0 0 0 0 0 0 0 0 0 0 0 0 0 0 0 0 0 0 0 0 0 0 0 0 0 0 0 0 0 0 0 0 0 0 0 0 0 0 0 0 0 0 0 0 0 0 0 0 0 0 0 0 0 0 0 0 0 0 0 0 0 0 0 0 0 0 0 0 0 0 0 0 0 0 0 0 0 0 0 0 0 0 0 0 0 0 0 0 0 0 0 0 0 0 0 0 0 0 0 0 0 0 0 0 0 0 0 0 0 0 0 0 0 0 0 0 0 0 0 0 0 0 0 0 0 0 0 0 0 0 0 0 0 0 0 0 0 0 0 0 0 0 0 0 0 0 0 0 0 0 0 0 0 0 0 0 0 0 0 0 0 0 0 0 0 0 0 0 0 0 0 0 0 0 0 0 0 0 0 0 0 0 0 0 0 0 0 0 0 0 0 0 0 0 0 0 0 0 0 0 0 0 0 0 0 0 0 0 0 0 0 0 0 0 0 0 0 0 0 0 0 0 0 0 0 0 0 0 0 0 0 0 0 0 0 0 0 0 0 0 0 0 0 0 0 0 0 0 0 0 0 0 0 0 0 0 0 0 0 0 0 0 0 0 0 0 0 0 0 0 0 0 0 0 0 0 0 0 0 0 0 0 0 0 0 0 0 0 0 0 0 0 0 0 0 0 0 0 0 0 0 0 0 0 0 0 0 0 0 0 0 0 0 0 0 0 0 0 0 0 0 0 0 0 0 0 0 0 0 0 0 0 0 0 0 0 0 0 0 0 0 0 0 0 0 0 0 0 0 0 0 0 0 0 0 0 0 0 0 0 0 0 0 0 0 0 0 0 0 0 0 0 0 0 0 0 0 0 0 0 0 0 0 0 0 0 0 0 0 0 0 0 0 0 0 0 0 0 0 0 0 0 0 0 0 0 0 0 0 0 0 0 0 0 0 0 0 0 0 0 0 0 0 0 0 0 0 0 0 0 0 0 0 0 0 0 0 0 0 0 0 0 0 0 0 0 0 0 0 0 0 0 0 0 0 0 0 0 0 0 0 0 0 0 0 0 0 0 0 0 0 0 0 0 0 0 0 0 0 0 0 0 0 0 0 0 0 0 0 0 0 0 0 0 0 0 0 0 0 0 0 0 0 0 0 0 0 0 0 0 0 0 0 0 0 0 0 0 0 0 0 0 0 0 0 0 0 0 0 0 0 0 0 0 0 0 0 0 0 0 0 0 0 0 0 0 0 0 0 0 0 0 0 0 0 0 0 0 0 0 0 0 0 0 0 0 0 0 0 0 0 0 0 0 0 0 0 0 0 0 0 0 0 0 0 0 0 0 0 0 0 0 0 0 0 0 0 0 0 0 0 0 0 0 0 0 0 0 0 0 0 0 0 0 0 0 0 0 0 0 0 0 0 0 0 0 0 0 0 0 0 0 0 0 0 0 0 0 0 0 0 0 0 0 0 0 0 0 0 0 0 0 0 0 0 0 0 0 0 0 0 0 0 0 0 0 0 0 0 0 0 0 0 0 0 0 0 0 0 0 0 0 0 0 0 0 0 0 0 0 0 0 0 0 0 0 0 0 0 0 0 0 0 0 0 0 0 0 0 0 0 0 0 0 0 0 0 0 0 0 0 0 0 0 0 0 0 0 0 0 0 0 0 0 0 0 0 0 0 0 0 0 0 0 0 0 0 0 0 0 0 0 0 0 0 0 0 0 0 0 0 0 0 0 0 0 0 0 0 0 0 0 0 0 0 0 0 0 0 0 0 0 0 0 0 0 0 0 0 0 0 0 0 0 0 0 0 0 0 0 0 0 0 0 0 0 0 0 0 0 0 0 0 0 0 0 0 0 0 0 0 0 0 0 0 0 0 0 0 0 0 0 0 0 0 0 0 0 0 0 0 0 0 0 0 0 0 0 0 0 0 0 0 0 0 0 0 0 0 0 0 0 0 0 0 0 0 0 0 0 0 0 0 0 0 0 0 0 0 0 0 0 0 0 0 0 0 0 0 0 0 0 0 0 0 0 0 0 0 0 0 0 0 0 0 0 0 0 0 0 0 0 0 0 0 0 0 0 0 0 0 0 0 0 0 0 0 0 0 0 0 0 0 0 0 0 0 0 0 0 0 0 0 0 0 0 0 0 0 0 0 0 0 0 0 0 0 0 0 0 0 0 0 0 0 0 0 0 0 0 0 0 0 0 0 0 0 0 0 0 0 0 0 0 0 0 0 0 0 0 0 0 0 0 0 0 0 0 0 0 0 0 0 0 0 0 0 0 0 0 0 0 0 0 0 0 0 0 0 0 0 0 0 0 0 0 0 0 0 0 0 0
ctxt 208378367032
btime 1773600682
processes 94931178
procs_running 1
procs_blocked 0
softirq 43075096146 256 2278706711 38886962 920942188 1476335587 0 2936452252 575751144 5109161 483173517
--
cpu  802988161 23598936 303522210 93437904943 610722160 0 8902958 0 0 0
cpu0 29447663 224394 7364048 1619936827 8331284 0 166500 0 0 0
cpu1 29267205 432889 7646388 1649267591 11021835 0 56508 0 0 0
cpu2 28200808 463108 7595429 1652806727 10878558 0 37394 0 0 0
cpu3 25944314 484906 6795390 1656260944 11039455 0 31552 0 0 0
cpu4 22370382 490414 6377002 1660323434 11076949 0 31075 0 0 0
cpu5 19970711 494023 5982390 1662926248 11317491 0 29245 0 0 0
cpu6 17828548 497511 5641739 1665553888 11192093 0 29428 0 0 0
cpu7 16614929 487783 5481109 1666988725 11171289 0 27458 0 0 0
cpu8 15341478 485635 5288472 1668210213 11408740 0 27491 0 0 0
cpu9 14907849 489844 5257739 1668702201 11338831 0 27651 0 0 0
cpu10 14408971 472357 5139271 1669211555 11495467 0 26878 0 0 0
cpu11 14133849 465792 5151137 1669213712 11700075 0 28038 0 0 0
cpu12 14189866 458188 5274004 1669326530 11397656 0 27108 0 0 0
cpu13 12800564 425511 5436546 1668771241 9922624 0 1898455 0 0 0
cpu14 31525065 477236 7840461 1650104769 10085336 0 177144 0 0 0
cpu15 21119102 503934 6808353 1660879611 10896806 0 175464 0 0 0
cpu16 17756076 491819 6318957 1664596283 11133821 0 175819 0 0 0
cpu17 14933330 500066 5676607 1668364325 10904760 0 170855 0 0 0
cpu18 13593963 505884 5525160 1670079731 10640538 0 175158 0 0 0
cpu19 12938193 472687 5422159 1670847662 10655453 0 174153 0 0 0
cpu20 13089480 493492 5355909 1670733544 10658120 0 175423 0 0 0
cpu21 12211800 482428 5343414 1671499617 10771620 0 173729 0 0 0
cpu22 11983159 482914 5345340 1671422570 11081823 0 175597 0 0 0
cpu23 11695493 471865 5195211 1672169076 10734799 0 174643 0 0 0
cpu24 11732499 448076 5198266 1671887076 11041968 0 172954 0 0 0
cpu25 11558397 450839 5261981 1672358466 10684702 0 180180 0 0 0
cpu26 12011134 478046 5302438 1671787562 10628127 0 182100 0 0 0
cpu27 13883246 464459 5490654 1669449748 10979943 0 179323 0 0 0
cpu28 18769277 361854 5861422 1658282464 9964380 0 1271612 0 0 0
cpu29 13428058 381424 5533350 1669066650 11673627 0 64508 0 0 0
cpu30 12752911 342093 5330982 1670908271 11247315 0 27755 0 0 0
cpu31 11677603 306256 5012432 1672853662 10869007 0 25092 0 0 0
cpu32 10895536 292303 4887321 1673267939 11397158 0 24935 0 0 0
cpu33 10507715 294659 4791603 1673071874 12114841 0 24501 0 0 0
cpu34 10108520 300801 4687753 1673729045 11872703 0 23623 0 0 0
cpu35 9691066 288349 4581541 1674430822 11825270 0 25269 0 0 0
cpu36 9561924 287721 4480854 1674951764 11575422 0 23517 0 0 0
cpu37 9403080 302139 4461248 1675125812 11595868 0 23253 0 0 0
cpu38 9341893 311327 4413971 1675492954 11334832 0 23410 0 0 0
cpu39 9403567 310554 4506952 1675264268 11304733 0 24180 0 0 0
cpu40 9357701 306218 4534162 1675494477 11111689 0 25008 0 0 0
cpu41 9761047 317785 4535184 1674798723 11289860 0 24590 0 0 0
cpu42 13911367 443034 5480810 1670146784 10331997 0 172660 0 0 0
cpu43 11931420 434858 5193705 1672278800 10395156 0 169145 0 0 0
cpu44 11768166 425576 5251907 1672610472 10306611 0 169421 0 0 0
cpu45 11246258 430940 5016151 1673281833 10414987 0 162997 0 0 0
cpu46 11128551 431394 5010560 1673307898 10520815 0 164593 0 0 0
cpu47 10943957 452452 5033814 1673335753 10626250 0 165474 0 0 0
cpu48 11672055 439673 5002896 1672741817 10596941 0 164733 0 0 0
cpu49 11121788 416764 5036161 1673462233 10393373 0 167828 0 0 0
cpu50 11067456 440746 5001514 1673164506 10735949 0 166464 0 0 0
cpu51 11323322 447564 5006694 1673067783 10531539 0 169037 0 0 0
cpu52 11034612 446614 4996603 1673193936 10709925 0 169250 0 0 0
cpu53 11096401 432568 5078301 1673212662 10559401 0 176109 0 0 0
cpu54 11463351 425131 5053467 1672799584 10642493 0 173393 0 0 0
cpu55 13161460 432016 5225252 1670882254 10589829 0 173253 0 0 0
intr 106388622861 74 4 0 0 0 0 0 0 0 0 0 0 6 0 0 0 0 360 213 2556260841 0 0 0 0 0 0 0 0 0 0 0 0 0 0 0 0 0 2395899953 426518532 8318577 677 278 24496490 0 0 0 0 0 0 0 0 0 0 0 0 0 0 0 0 0 0 0 0 0 0 0 0 0 0 0 0 0 0 0 0 0 0 0 0 0 0 0 0 0 0 0 0 0 0 0 0 0 0 0 0 0 0 0 0 0 0 0 0 0 0 0 0 0 0 0 0 0 0 0 0 0 0 0 0 0 0 0 0 0 0 0 0 0 0 0 0 0 0 0 0 0 0 0 0 0 0 0 0 0 0 0 0 0 0 0 0 0 0 0 0 0 0 0 0 0 0 0 0 0 0 0 0 0 0 0 0 0 0 0 0 0 0 0 0 0 0 0 0 0 0 0 0 0 0 0 0 0 0 0 0 0 0 0 0 0 0 0 0 0 0 0 0 0 0 0 0 0 0 0 0 0 0 0 0 0 0 0 0 0 0 0 0 0 0 0 0 0 0 0 0 0 0 0 0 0 0 0 0 0 0 0 0 0 0 0 0 0 0 0 0 0 0 0 0 0 0 0 0 0 0 0 0 0 0 0 0 0 0 0 0 0 0 0 0 0 0 0 0 0 0 0 0 0 0 0 0 0 0 0 0 0 0 0 0 0 0 0 0 0 0 0 0 0 0 0 0 0 0 0 0 0 0 0 0 0 0 0 0 0 0 0 0 0 0 0 0 0 0 0 0 0 0 0 0 0 0 0 0 0 0 0 0 0 0 0 0 0 0 0 0 0 0 0 0 0 0 0 0 0 0 0 0 0 0 0 0 0 0 0 0 0 0 0 0 0 0 0 0 0 0 0 0 0 0 0 0 0 0 0 0 0 0 0 0 0 0 0 0 0 0 0 0 0 0 0 0 0 0 0 0 0 0 0 0 0 0 0 0 0 0 0 0 0 0 0 0 0 0 0 0 0 0 0 0 0 0 0 0 0 0 0 0 0 0 0 0 0 0 0 0 0 0 0 0 0 0 0 0 0 0 0 0 0 0 0 0 0 0 0 0 0 0 0 0 0 0 0 0 0 0 0 0 0 0 0 0 0 0 0 0 0 0 0 0 0 0 0 0 0 0 0 0 0 0 0 0 0 0 0 0 0 0 0 0 0 0 0 0 0 0 0 0 0 0 0 0 0 0 0 0 0 0 0 0 0 0 0 0 0 0 0 0 0 0 0 0 0 0 0 0 0 0 0 0 0 0 0 0 0 0 0 0 0 0 0 0 0 0 0 0 0 0 0 0 0 0 0 0 0 0 0 0 0 0 0 0 0 0 0 0 0 0 0 0 0 0 0 0 0 0 0 0 0 0 0 0 0 0 0 0 0 0 0 0 0 0 0 0 0 0 0 0 0 0 0 0 0 0 0 0 0 0 0 0 0 0 0 0 0 0 0 0 0 0 0 0 0 0 0 0 0 0 0 0 0 0 0 0 0 0 0 0 0 0 0 0 0 0 0 0 0 0 0 0 0 0 0 0 0 0 0 0 0 0 0 0 0 0 0 0 0 0 0 0 0 0 0 0 0 0 0 0 0 0 0 0 0 0 0 0 0 0 0 0 0 0 0 0 0 0 0 0 0 0 0 0 0 0 0 0 0 0 0 0 0 0 0 0 0 0 0 0 0 0 0 0 0 0 0 0 0 0 0 0 0 0 0 0 0 0 0 0 0 0 0 0 0 0 0 0 0 0 0 0 0 0 0 0 0 0 0 0 0 0 0 0 0 0 0 0 0 0 0 0 0 0 0 0 0 0 0 0 0 0 0 0 0 0 0 0 0 0 0 0 0 0 0 0 0 0 0 0 0 0 0 0 0 0 0 0 0 0 0 0 0 0 0 0 0 0 0 0 0 0 0 0 0 0 0 0 0 0 0 0 0 0 0 0 0 0 0 0 0 0 0 0 0 0 0 0 0 0 0 0 0 0 0 0 0 0 0 0 0 0 0 0 0 0 0 0 0 0 0 0 0 0 0 0 0 0 0 0 0 0 0 0 0 0 0 0 0 0 0 0 0 0 0 0 0 0 0 0 0 0 0 0 0 0 0 0 0 0 0 0 0 0 0 0 0 0 0 0 0 0 0 0 0 0 0 0 0 0 0 0 0 0 0 0 0 0 0 0 0 0 0 0 0 0 0 0 0 0 0 0 0 0 0 0 0 0 0 0 0 0 0 0 0 0 0 0 0 0 0 0 0 0 0 0 0 0 0 0 0 0 0 0 0 0 0 0 0 0 0 0 0 0 0 0 0 0 0 0 0 0 0 0 0 0 0 0 0 0 0 0 0 0 0 0 0 0 0 0 0 0 0 0 0 0 0 0 0 0 0 0 0 0 0 0 0 0 0 0 0 0 0 0 0 0 0 0 0 0 0 0 0 0 0 0 0 0 0 0 0 0 0 0 0 0 0 0 0 0 0 0 0 0 0 0 0 0 0 0 0 0 0 0 0 0 0 0 0 0 0 0 0 0 0 0 0 0 0 0 0 0 0 0 0 0 0 0 0 0 0 0 0 0 0 0 0 0 0 0 0 0 0 0 0 0 0 0 0 0 0 0 0 0 0 0 0 0 0 0 0 0 0 0 0 0 0 0 0 0 0 0 0 0 0 0 0 0 0 0 0 0 0 0 0 0 0 0 0 0 0 0 0 0 0 0 0 0 0 0 0 0 0 0 0 0 0 0 0 0 0 0 0 0 0 0 0 0 0 0 0 0 0 0 0 0 0 0 0 0 0 0 0 0 0 0 0 0 0 0 0 0 0 0 0 0 0 0 0 0 0 0 0 0 0 0 0 0 0 0 0 0 0 0 0 0 0 0 0 0 0 0 0 0 0 0 0 0 0 0 0 0 0 0 0 0 0 0 0 0 0 0 0 0 0 0 0 0 0 0 0 0 0 0 0 0 0 0 0 0 0 0 0 0 0 0 0 0 0 0 0 0 0 0 0 0 0 0 0 0 0 0 0 0 0 0 0 0 0 0 0 0 0 0 0 0 0 0 0 0 0 0 0 0 0 0 0 0 0 0 0 0 0 0 0 0 0 0 0 0 0 0 0 0 0 0 0 0 0 0 0 0 0 0 0 0 0 0 0 0 0 0 0 0 0 0 0 0 0 0 0 0 0 0 0 0 0 0 0 0 0 0 0 0 0 0 0 0 0 0 0 0 0 0 0 0 0 0 0 0 0 0 0 0 0 0 0 0 0 0 0 0 0 0 0 0 0 0 0 0 0 0 0 0 0 0 0 0 0 0 0 0 0 0 0 0 0 0 0 0 0 0 0 0 0 0 0 0 0 0 0 0 0 0 0 0 0 0 0 0 0 0 0 0 0 0 0 0 0 0 0 0 0 0 0 0 0 0 0 0 0 0 0 0 0 0 0 0 0 0 0 0 0 0 0 0 0 0 0 0 0 0 0 0 0 0 0 0 0 0 0 0 0 0 0 0 0 0 0 0 0 0 0 0 0 0 0 0 0 0 0 0 0 0 0 0 0 0 0 0 0 0 0 0 0 0 0 0 0 0 0 0 0 0 0 0 0 0 0 0 0 0 0 0 0 0 0 0 0 0 0 0 0 0 0 0 0 0 0 0 0 0 0 0 0 0 0 0 0 0 0 0 0 0 0 0 0 0 0 0 0 0 0 0 0 0 0 0 0 0 0 0 0 0 0 0 0 0 0 0 0 0 0 0 0 0 0 0 0 0 0 0 0 0 0 0 0 0 0 0 0 0 0 0 0 0 0 0 0 0 0
ctxt 208379617500
btime 1773600682
processes 94931213
procs_running 2
procs_blocked 0
softirq 43075588791 256 2278708509 38888392 921323093 1476336288 0 2936454009 575816053 5109161 483214662
