Running 10s test @ http://192.168.10.15:18500/json
  32 threads and 64 connections
  Thread Stats   Avg      Stdev     Max   +/- Stdev
    Latency   497.78us  176.55us   6.58ms   85.14%
    Req/Sec     3.93k   244.21     4.69k    77.03%
  Latency Distribution
     50%  469.00us
     75%  553.00us
     90%  658.00us
     99%    1.15ms
  1262625 requests in 10.10s, 173.40MB read
Requests/sec: 125008.33
Transfer/sec:     17.17MB
## drops 0 0
## server-stat
cpu  1109720 389 604383 7913263 29497 0 240019 0 0 0
cpu0 41700 6 18867 242165 749 0 8666 0 0 0
cpu1 42034 8 18797 242758 558 0 8384 0 0 0
cpu2 42312 7 18726 242863 354 0 8330 0 0 0
cpu3 42880 8 19214 240933 1177 0 8366 0 0 0
cpu4 43157 7 19056 241255 714 0 8436 0 0 0
cpu5 42897 8 18970 241939 353 0 8321 0 0 0
cpu6 42490 6 18870 242447 332 0 8324 0 0 0
cpu7 41809 5 18717 243434 164 0 8174 0 0 0
cpu8 21056 11 17934 260682 1013 0 5089 0 0 0
cpu9 23210 11 18163 257019 2263 0 5186 0 0 0
cpu10 22493 11 18104 259061 1146 0 5324 0 0 0
cpu11 21568 9 17619 262083 556 0 5073 0 0 0
cpu12 37147 80 18665 242924 2907 0 5337 0 0 0
cpu13 35967 12 18923 244375 2268 0 5462 0 0 0
cpu14 21651 9 17240 263413 793 0 4987 0 0 0
cpu15 20651 9 16212 266405 618 0 4557 0 0 0
cpu16 45247 4 19617 239109 358 0 8459 0 0 0
cpu17 45083 4 19627 238313 1209 0 8498 0 0 0
cpu18 44906 5 19497 239656 263 0 8418 0 0 0
cpu19 45748 6 19889 237778 604 0 8621 0 0 0
cpu20 45851 8 19840 237911 650 0 8601 0 0 0
cpu21 44674 5 19411 239613 498 0 8477 0 0 0
cpu22 43914 6 19499 238987 319 0 8454 0 0 0
cpu23 42986 8 19213 241463 278 0 8368 0 0 0
cpu24 23421 10 18389 259937 801 0 5411 0 0 0
cpu25 25218 12 20019 252610 1499 0 6196 0 0 0
cpu26 24420 10 19732 254279 1128 0 6093 0 0 0
cpu27 21139 6 17805 256058 998 0 9454 0 0 0
cpu28 34941 16 20657 235592 1777 0 11059 0 0 0
cpu29 36246 53 20741 233680 1712 0 11132 0 0 0
cpu30 20281 7 17759 255800 714 0 9297 0 0 0
cpu31 22610 8 18598 258707 709 0 5452 0 0 0
intr 788785152 126 0 0 0 0 0 0 0 0 1 0 0 0 0 0 0 0 0 0 0 0 0 0 0 0 0 0 1 1 1 0 0 0 0 1 0 1 0 0 75045 0 0 0 0 0 0 0 0 411 0 0 0 0 0 0 0 0 87 0 0 0 0 0 0 0 0 0 0 0 0 0 0 0 118976 2 11970753 11926361 11887231 11998179 0 2671 2269 2843 1473 3028 2628 2049 2519 1389 10127 17995 9956 8087 13029 14486 11210 7237 2664 1758 1414 2307 2183 1878 1510 1570 8793 6875 4829 5410 6226 5552 5969 7847 0 0 0 0 616216 2931 1036 0 264 0 0 0 0 0 0 0 0 0 0 0 0 0 0 0 0 0 0 0 0 0 0 0 0 0 0 0 0 0 0 0 0 0 0 0 0 0 0 0 0 0 0 0 0 0 0 0 0 0 0 0 0 0 0 0 0 0 0 0 0 0 0 0 0 0 0 0 0 0 0 0 0 0 0 0 0 0 0 0 0 0 0 0 0 0 0 0 0 0 0 0 0 0 0 0 0 0 0 0 0 0 0 0 0 0 0 0 0 0 0 0 0 0 0 0 0 0 0 0 0 0 0 0 0 0 0 0 0 0 0 0 0 0 0 0 0 0 0 0 0 0 0 0 0 0 0 0 0 0 0 0 0 0 0 0 0 0 0 0 0 0 0 0 0 0 0 0 0 0 0 0 0 0 0 0 0 0 0 0 0 0 0 0 0 0 0 0 0 0 0 0 0 0 0 0 0 0 0 0 0 0 0 0 0 0 0 0 0 0 0 0 0 0 0 0 0 0 0 0 0 0 0 0 0 0 0 0 0 0 0 0 0 0 0 0 0 0 0 0 0 0 0 0 0 0 0 0 0 0 0 0 0 0 0 0 0 0 0 0 0 0 0 0 0 0 0 0 0 0 0 0 0 0 0 0 0 0 0 0 0 0 0 0 0 0 0 0 0 0 0 0 0 0 0 0 0 0 0 0 0 0 0 0 0 0 0 0 0 0 0 0 0 0 0 0 0 0 0 0 0 0 0 0 0 0 0 0 0 0 0 0 0 0 0 0 0 0 0 0 0 0 0 0 0 0 0 0 0 0 0 0 0 0 0 0 0 0 0 0 0 0 0 0 0 0 0 0 0 0 0 0 0 0 0 0 0 0 0 0 0 0 0 0 0 0 0 0 0 0 0 0 0 0 0 0 0 0 0 0 0 0 0 0 0 0 0 0 0 0 0 0 0 0 0 0 0 0 0 0 0 0 0 0 0 0 0 0 0 0 0 0 0 0 0 0 0 0 0 0 0 0 0 0 0 0 0 0 0 0 0 0 0 0 0 0 0 0 0 0 0 0 0 0 0 0 0 0 0 0 0 0 0 0 0 0 0 0 0 0 0 0 0 0 0 0 0 0 0 0 0 0 0 0 0 0 0 0 0 0 0 0 0 0 0 0 0 0 0 0 0 0 0 0 0 0 0 0 0 0 0 0 0 0 0 0 0 0 0 0 0 0 0 0 0 0 0 0 0 0 0 0 0 0 0 0 0 0 0 0 0 0 0 0 0 0 0 0 0 0 0 0 0 0 0 0 0 0 0 0 0 0 0 0 0 0 0 0 0 0 0 0 0 0 0 0 0 0 0 0 0 0 0 0 0 0 0 0 0 0 0 0 0 0 0 0 0 0 0 0 0 0 0 0 0 0 0 0 0 0 0 0 0 0 0 0 0 0 0 0 0 0 0 0 0 0 0 0 0 0 0 0 0 0 0 0 0 0 0 0 0 0 0 0 0 0 0 0 0 0 0 0 0 0 0 0 0 0 0 0 0 0 0 0 0 0 0 0 0 0 0 0 0 0 0 0 0 0 0 0 0 0 0 0 0 0 0 0 0 0 0 0 0 0 0 0 0 0 0 0 0 0 0 0 0 0 0 0 0 0 0 0 0 0 0 0 0 0 0 0 0 0 0 0 0 0 0 0 0 0 0 0 0 0 0 0 0 0 0 0 0 0 0 0 0 0 0 0 0 0 0 0 0 0 0 0 0 0 0 0 0 0 0 0 0 0 0 0 0 0 0 0 0 0 0 0 0 0 0 0 0 0 0 0 0 0 0 0 0 0 0 0 0 0 0 0 0 0 0 0 0 0 0 0 0 0 0 0 0 0 0 0 0 0 0 0 0 0 0 0 0 0 0 0 0 0 0 0 0 0 0 0 0 0 0 0 0 0 0 0 0 0 0 0 0 0 0 0 0 0 0 0 0 0 0 0 0 0 0 0 0 0 0 0 0 0 0 0 0 0 0 0 0 0 0 0 0 0 0 0 0 0 0 0 0 0 0 0 0 0 0 0 0 0 0 0 0 0 0 0 0 0 0 0 0 0 0 0 0 0 0 0 0 0 0 0 0 0 0 0 0 0 0 0 0 0 0 0 0 0 0 0 0 0 0 0 0 0 0 0 0 0 0 0 0 0 0 0 0 0 0 0 0 0 0 0 0 0 0 0 0 0 0 0 0 0 0 0 0 0 0 0 0 0 0 0 0 0 0 0 0 0 0 0 0 0 0 0 0 0 0 0 0 0 0 0 0 0 0 0 0 0 0 0 0 0 0 0 0 0 0 0 0 0 0 0 0 0 0 0 0 0 0 0 0 0 0 0 0 0 0 0 0 0 0 0 0 0 0 0 0 0 0 0 0 0 0 0 0 0 0 0 0 0 0 0 0 0 0 0 0 0 0 0 0 0 0 0 0 0 0 0 0 0 0 0 0 0 0 0 0 0 0 0 0 0 0 0 0 0 0 0 0
ctxt 1125629971
btime 1790630938
processes 89045
procs_running 2
procs_blocked 0
softirq 1189350366 73526 1902042 402959 1157108216 123966 0 4117100 15703218 410 9918929
--
cpu  1111767 390 605190 7933685 29506 0 240248 0 0 0
cpu0 41701 6 18868 242951 749 0 8666 0 0 0
cpu1 42036 8 18798 243554 558 0 8384 0 0 0
cpu2 42313 7 18727 243660 354 0 8330 0 0 0
cpu3 42881 8 19215 241730 1177 0 8366 0 0 0
cpu4 43158 7 19057 242052 714 0 8436 0 0 0
cpu5 42899 8 18971 242736 353 0 8321 0 0 0
cpu6 42492 6 18870 243243 332 0 8324 0 0 0
cpu7 41810 5 18717 244232 164 0 8174 0 0 0
cpu8 21165 11 17979 261197 1013 0 5093 0 0 0
cpu9 23326 11 18217 257521 2263 0 5189 0 0 0
cpu10 22610 11 18157 259559 1149 0 5330 0 0 0
cpu11 21675 9 17666 262597 556 0 5077 0 0 0
cpu12 37281 80 18714 243418 2907 0 5343 0 0 0
cpu13 36104 12 18975 244862 2268 0 5468 0 0 0
cpu14 21753 9 17287 263945 793 0 4992 0 0 0
cpu15 20752 9 16259 266940 618 0 4560 0 0 0
cpu16 45249 4 19618 239906 358 0 8459 0 0 0
cpu17 45085 4 19627 239110 1209 0 8498 0 0 0
cpu18 44908 5 19498 240453 263 0 8418 0 0 0
cpu19 45751 6 19889 238574 604 0 8621 0 0 0
cpu20 45854 8 19841 238706 650 0 8601 0 0 0
cpu21 44675 5 19412 240410 498 0 8477 0 0 0
cpu22 43915 6 19499 239783 319 0 8454 0 0 0
cpu23 42987 8 19214 242260 278 0 8368 0 0 0
cpu24 23549 10 18439 260418 801 0 5417 0 0 0
cpu25 25371 12 20075 253063 1499 0 6205 0 0 0
cpu26 24562 10 19789 254740 1128 0 6099 0 0 0
cpu27 21265 6 17852 256498 998 0 9486 0 0 0
cpu28 35112 17 20711 235981 1777 0 11114 0 0 0
cpu29 36414 53 20791 234082 1712 0 11177 0 0 0
cpu30 20382 7 17800 256267 714 0 9332 0 0 0
cpu31 22717 8 18642 259222 714 0 5456 0 0 0
intr 795043938 126 0 0 0 0 0 0 0 0 1 0 0 0 0 0 0 0 0 0 0 0 0 0 0 0 0 0 1 1 1 0 0 0 0 1 0 1 0 0 75045 0 0 0 0 0 0 0 0 411 0 0 0 0 0 0 0 0 87 0 0 0 0 0 0 0 0 0 0 0 0 0 0 0 119092 2 12133639 12089329 12049875 12161214 0 2675 2269 2843 1473 3028 2628 2049 2519 1389 10128 17995 9956 8091 13029 14488 11210 7237 2664 1758 1414 2307 2183 1878 1510 1570 8793 6875 4829 5410 6228 5552 5969 7847 0 0 0 0 616218 2931 1036 0 264 0 0 0 0 0 0 0 0 0 0 0 0 0 0 0 0 0 0 0 0 0 0 0 0 0 0 0 0 0 0 0 0 0 0 0 0 0 0 0 0 0 0 0 0 0 0 0 0 0 0 0 0 0 0 0 0 0 0 0 0 0 0 0 0 0 0 0 0 0 0 0 0 0 0 0 0 0 0 0 0 0 0 0 0 0 0 0 0 0 0 0 0 0 0 0 0 0 0 0 0 0 0 0 0 0 0 0 0 0 0 0 0 0 0 0 0 0 0 0 0 0 0 0 0 0 0 0 0 0 0 0 0 0 0 0 0 0 0 0 0 0 0 0 0 0 0 0 0 0 0 0 0 0 0 0 0 0 0 0 0 0 0 0 0 0 0 0 0 0 0 0 0 0 0 0 0 0 0 0 0 0 0 0 0 0 0 0 0 0 0 0 0 0 0 0 0 0 0 0 0 0 0 0 0 0 0 0 0 0 0 0 0 0 0 0 0 0 0 0 0 0 0 0 0 0 0 0 0 0 0 0 0 0 0 0 0 0 0 0 0 0 0 0 0 0 0 0 0 0 0 0 0 0 0 0 0 0 0 0 0 0 0 0 0 0 0 0 0 0 0 0 0 0 0 0 0 0 0 0 0 0 0 0 0 0 0 0 0 0 0 0 0 0 0 0 0 0 0 0 0 0 0 0 0 0 0 0 0 0 0 0 0 0 0 0 0 0 0 0 0 0 0 0 0 0 0 0 0 0 0 0 0 0 0 0 0 0 0 0 0 0 0 0 0 0 0 0 0 0 0 0 0 0 0 0 0 0 0 0 0 0 0 0 0 0 0 0 0 0 0 0 0 0 0 0 0 0 0 0 0 0 0 0 0 0 0 0 0 0 0 0 0 0 0 0 0 0 0 0 0 0 0 0 0 0 0 0 0 0 0 0 0 0 0 0 0 0 0 0 0 0 0 0 0 0 0 0 0 0 0 0 0 0 0 0 0 0 0 0 0 0 0 0 0 0 0 0 0 0 0 0 0 0 0 0 0 0 0 0 0 0 0 0 0 0 0 0 0 0 0 0 0 0 0 0 0 0 0 0 0 0 0 0 0 0 0 0 0 0 0 0 0 0 0 0 0 0 0 0 0 0 0 0 0 0 0 0 0 0 0 0 0 0 0 0 0 0 0 0 0 0 0 0 0 0 0 0 0 0 0 0 0 0 0 0 0 0 0 0 0 0 0 0 0 0 0 0 0 0 0 0 0 0 0 0 0 0 0 0 0 0 0 0 0 0 0 0 0 0 0 0 0 0 0 0 0 0 0 0 0 0 0 0 0 0 0 0 0 0 0 0 0 0 0 0 0 0 0 0 0 0 0 0 0 0 0 0 0 0 0 0 0 0 0 0 0 0 0 0 0 0 0 0 0 0 0 0 0 0 0 0 0 0 0 0 0 0 0 0 0 0 0 0 0 0 0 0 0 0 0 0 0 0 0 0 0 0 0 0 0 0 0 0 0 0 0 0 0 0 0 0 0 0 0 0 0 0 0 0 0 0 0 0 0 0 0 0 0 0 0 0 0 0 0 0 0 0 0 0 0 0 0 0 0 0 0 0 0 0 0 0 0 0 0 0 0 0 0 0 0 0 0 0 0 0 0 0 0 0 0 0 0 0 0 0 0 0 0 0 0 0 0 0 0 0 0 0 0 0 0 0 0 0 0 0 0 0 0 0 0 0 0 0 0 0 0 0 0 0 0 0 0 0 0 0 0 0 0 0 0 0 0 0 0 0 0 0 0 0 0 0 0 0 0 0 0 0 0 0 0 0 0 0 0 0 0 0 0 0 0 0 0 0 0 0 0 0 0 0 0 0 0 0 0 0 0 0 0 0 0 0 0 0 0 0 0 0 0 0 0 0 0 0 0 0 0 0 0 0 0 0 0 0 0 0 0 0 0 0 0 0 0 0 0 0 0 0 0 0 0 0 0 0 0 0 0 0 0 0 0 0 0 0 0 0 0 0 0 0 0 0 0 0 0 0 0 0 0 0 0 0 0 0 0 0 0 0 0 0 0 0 0 0 0 0 0 0 0 0 0 0 0 0 0 0 0 0 0 0 0 0 0 0 0 0 0 0 0 0 0 0 0 0 0 0 0 0 0 0 0 0 0 0 0 0 0 0 0 0 0 0 0 0 0 0 0 0 0 0 0 0 0 0 0 0 0 0 0 0 0 0 0 0 0 0 0 0 0 0 0 0 0 0 0 0 0 0 0 0 0 0 0 0 0 0 0 0 0 0 0 0 0 0 0 0 0 0 0 0 0 0 0 0 0 0 0 0 0 0 0 0 0 0 0 0 0 0 0 0 0 0 0 0 0 0 0 0 0 0 0 0 0 0 0 0 0 0 0 0 0 0 0 0 0 0 0 0 0 0 0 0 0 0 0 0 0 0 0 0 0 0 0 0 0 0 0 0 0 0 0 0 0 0 0 0 0 0 0 0 0 0 0
ctxt 1133683464
btime 1790630938
processes 89084
procs_running 5
procs_blocked 0
softirq 1191749964 73526 1909374 403030 1158961023 124088 0 4595381 15740023 410 9943109
## client-stat
cpu  802835870 23598936 303036967 93433592721 610701515 0 8705872 0 0 0
cpu0 29445713 224394 7358231 1619863934 8330817 0 164459 0 0 0
cpu1 29264725 432889 7637898 1649189932 11021324 0 54004 0 0 0
cpu2 28198165 463108 7587017 1652728335 10878225 0 34866 0 0 0
cpu3 25941665 484906 6786912 1656182355 11039054 0 29106 0 0 0
cpu4 22367854 490414 6368589 1660244553 11076579 0 28570 0 0 0
cpu5 19968257 494023 5973935 1662847373 11317012 0 26780 0 0 0
cpu6 17825879 497511 5633385 1665475026 11191725 0 26961 0 0 0
cpu7 16612506 487783 5472809 1666909513 11170975 0 24988 0 0 0
cpu8 15338782 485635 5280076 1668131391 11408358 0 25005 0 0 0
cpu9 14905205 489844 5249417 1668623339 11338374 0 25216 0 0 0
cpu10 14406429 472357 5130919 1669132562 11495052 0 24414 0 0 0
cpu11 14131441 465792 5142645 1669134832 11699666 0 25517 0 0 0
cpu12 14187355 458188 5265471 1669247958 11397099 0 24575 0 0 0
cpu13 12798049 425511 5428030 1668692618 9922257 0 1895794 0 0 0
cpu14 31522182 477236 7831324 1650027789 10085128 0 174016 0 0 0
cpu15 21115475 503934 6799149 1660803447 10896433 0 172419 0 0 0
cpu16 17753398 491819 6309721 1664519296 11133591 0 172679 0 0 0
cpu17 14930546 500066 5667316 1668287476 10904341 0 167868 0 0 0
cpu18 13590857 505884 5516081 1670002826 10640269 0 172115 0 0 0
cpu19 12935493 472687 5413017 1670770435 10655217 0 171107 0 0 0
cpu20 13086762 493492 5346735 1670656750 10657441 0 172405 0 0 0
cpu21 12209160 482428 5334074 1671422652 10771197 0 170703 0 0 0
cpu22 11980408 482914 5336185 1671345436 11081545 0 172546 0 0 0
cpu23 11692796 471865 5185930 1672092071 10734396 0 171621 0 0 0
cpu24 11729313 448076 5189077 1671810388 11041641 0 169918 0 0 0
cpu25 11555558 450839 5252690 1672281985 10684199 0 177016 0 0 0
cpu26 12008294 478046 5293161 1671711127 10627522 0 178931 0 0 0
cpu27 13879011 464459 5481362 1669374330 10979710 0 176182 0 0 0
cpu28 18767838 361854 5857732 1658243636 9964295 0 1227327 0 0 0
cpu29 13425540 381424 5525174 1668987335 11673336 0 62079 0 0 0
cpu30 12750310 342093 5322691 1670829162 11247004 0 25300 0 0 0
cpu31 11675177 306256 5004315 1672774223 10868668 0 22669 0 0 0
cpu32 10892908 292303 4879137 1673188839 11396770 0 22465 0 0 0
cpu33 10505016 294659 4783286 1672992873 12114532 0 22067 0 0 0
cpu34 10105854 300801 4679513 1673650179 11872180 0 21171 0 0 0
cpu35 9688187 288349 4573094 1674352308 11824815 0 22826 0 0 0
cpu36 9559210 287721 4472618 1674872919 11574862 0 21106 0 0 0
cpu37 9400201 302139 4452786 1675047358 11595276 0 20845 0 0 0
cpu38 9339454 311327 4405743 1675413670 11334460 0 20955 0 0 0
cpu39 9401161 310554 4498567 1675185172 11304375 0 21657 0 0 0
cpu40 9355264 306218 4525675 1675415492 11111374 0 22468 0 0 0
cpu41 9758539 317785 4526672 1674720191 11289205 0 22067 0 0 0
cpu42 13907183 443034 5471885 1670070940 10331656 0 169553 0 0 0
cpu43 11927548 434858 5184583 1672202902 10394769 0 166047 0 0 0
cpu44 11765431 425576 5242662 1672533457 10306438 0 166223 0 0 0
cpu45 11243632 430940 5006919 1673204624 10414711 0 159963 0 0 0
cpu46 11125805 431394 5001401 1673230740 10520542 0 161566 0 0 0
cpu47 10941307 452452 5024492 1673258736 10625891 0 162435 0 0 0
cpu48 11669397 439673 4993694 1672664481 10596787 0 161675 0 0 0
cpu49 11119346 416764 5026944 1673384832 10393094 0 164759 0 0 0
cpu50 11064704 440746 4992332 1673087332 10735694 0 163422 0 0 0
cpu51 11320621 447564 4997469 1672990682 10531187 0 165985 0 0 0
cpu52 11031752 446614 4987440 1673116837 10709681 0 166217 0 0 0
cpu53 11093748 432568 5068859 1673135792 10559136 0 172940 0 0 0
cpu54 11460538 425131 5044171 1672722832 10642181 0 170210 0 0 0
cpu55 13158893 432016 5215932 1670805417 10589421 0 170069 0 0 0
intr 106340962238 74 4 0 0 0 0 0 0 0 0 0 0 6 0 0 0 0 360 213 2556127871 0 0 0 0 0 0 0 0 0 0 0 0 0 0 0 0 0 2391751550 426495000 8318115 677 278 24496490 0 0 0 0 0 0 0 0 0 0 0 0 0 0 0 0 0 0 0 0 0 0 0 0 0 0 0 0 0 0 0 0 0 0 0 0 0 0 0 0 0 0 0 0 0 0 0 0 0 0 0 0 0 0 0 0 0 0 0 0 0 0 0 0 0 0 0 0 0 0 0 0 0 0 0 0 0 0 0 0 0 0 0 0 0 0 0 0 0 0 0 0 0 0 0 0 0 0 0 0 0 0 0 0 0 0 0 0 0 0 0 0 0 0 0 0 0 0 0 0 0 0 0 0 0 0 0 0 0 0 0 0 0 0 0 0 0 0 0 0 0 0 0 0 0 0 0 0 0 0 0 0 0 0 0 0 0 0 0 0 0 0 0 0 0 0 0 0 0 0 0 0 0 0 0 0 0 0 0 0 0 0 0 0 0 0 0 0 0 0 0 0 0 0 0 0 0 0 0 0 0 0 0 0 0 0 0 0 0 0 0 0 0 0 0 0 0 0 0 0 0 0 0 0 0 0 0 0 0 0 0 0 0 0 0 0 0 0 0 0 0 0 0 0 0 0 0 0 0 0 0 0 0 0 0 0 0 0 0 0 0 0 0 0 0 0 0 0 0 0 0 0 0 0 0 0 0 0 0 0 0 0 0 0 0 0 0 0 0 0 0 0 0 0 0 0 0 0 0 0 0 0 0 0 0 0 0 0 0 0 0 0 0 0 0 0 0 0 0 0 0 0 0 0 0 0 0 0 0 0 0 0 0 0 0 0 0 0 0 0 0 0 0 0 0 0 0 0 0 0 0 0 0 0 0 0 0 0 0 0 0 0 0 0 0 0 0 0 0 0 0 0 0 0 0 0 0 0 0 0 0 0 0 0 0 0 0 0 0 0 0 0 0 0 0 0 0 0 0 0 0 0 0 0 0 0 0 0 0 0 0 0 0 0 0 0 0 0 0 0 0 0 0 0 0 0 0 0 0 0 0 0 0 0 0 0 0 0 0 0 0 0 0 0 0 0 0 0 0 0 0 0 0 0 0 0 0 0 0 0 0 0 0 0 0 0 0 0 0 0 0 0 0 0 0 0 0 0 0 0 0 0 0 0 0 0 0 0 0 0 0 0 0 0 0 0 0 0 0 0 0 0 0 0 0 0 0 0 0 0 0 0 0 0 0 0 0 0 0 0 0 0 0 0 0 0 0 0 0 0 0 0 0 0 0 0 0 0 0 0 0 0 0 0 0 0 0 0 0 0 0 0 0 0 0 0 0 0 0 0 0 0 0 0 0 0 0 0 0 0 0 0 0 0 0 0 0 0 0 0 0 0 0 0 0 0 0 0 0 0 0 0 0 0 0 0 0 0 0 0 0 0 0 0 0 0 0 0 0 0 0 0 0 0 0 0 0 0 0 0 0 0 0 0 0 0 0 0 0 0 0 0 0 0 0 0 0 0 0 0 0 0 0 0 0 0 0 0 0 0 0 0 0 0 0 0 0 0 0 0 0 0 0 0 0 0 0 0 0 0 0 0 0 0 0 0 0 0 0 0 0 0 0 0 0 0 0 0 0 0 0 0 0 0 0 0 0 0 0 0 0 0 0 0 0 0 0 0 0 0 0 0 0 0 0 0 0 0 0 0 0 0 0 0 0 0 0 0 0 0 0 0 0 0 0 0 0 0 0 0 0 0 0 0 0 0 0 0 0 0 0 0 0 0 0 0 0 0 0 0 0 0 0 0 0 0 0 0 0 0 0 0 0 0 0 0 0 0 0 0 0 0 0 0 0 0 0 0 0 0 0 0 0 0 0 0 0 0 0 0 0 0 0 0 0 0 0 0 0 0 0 0 0 0 0 0 0 0 0 0 0 0 0 0 0 0 0 0 0 0 0 0 0 0 0 0 0 0 0 0 0 0 0 0 0 0 0 0 0 0 0 0 0 0 0 0 0 0 0 0 0 0 0 0 0 0 0 0 0 0 0 0 0 0 0 0 0 0 0 0 0 0 0 0 0 0 0 0 0 0 0 0 0 0 0 0 0 0 0 0 0 0 0 0 0 0 0 0 0 0 0 0 0 0 0 0 0 0 0 0 0 0 0 0 0 0 0 0 0 0 0 0 0 0 0 0 0 0 0 0 0 0 0 0 0 0 0 0 0 0 0 0 0 0 0 0 0 0 0 0 0 0 0 0 0 0 0 0 0 0 0 0 0 0 0 0 0 0 0 0 0 0 0 0 0 0 0 0 0 0 0 0 0 0 0 0 0 0 0 0 0 0 0 0 0 0 0 0 0 0 0 0 0 0 0 0 0 0 0 0 0 0 0 0 0 0 0 0 0 0 0 0 0 0 0 0 0 0 0 0 0 0 0 0 0 0 0 0 0 0 0 0 0 0 0 0 0 0 0 0 0 0 0 0 0 0 0 0 0 0 0 0 0 0 0 0 0 0 0 0 0 0 0 0 0 0 0 0 0 0 0 0 0 0 0 0 0 0 0 0 0 0 0 0 0 0 0 0 0 0 0 0 0 0 0 0 0 0 0 0 0 0 0 0 0 0 0 0 0 0 0 0 0 0 0 0 0 0 0 0 0 0 0 0 0 0 0 0 0 0 0 0 0 0 0 0 0 0 0 0 0 0 0 0 0 0 0 0 0 0 0 0 0 0 0 0 0 0 0 0 0 0 0 0 0 0 0 0 0 0 0 0 0 0 0 0 0 0 0 0 0 0 0 0 0 0 0 0 0 0 0 0 0 0 0 0 0 0 0 0 0 0 0 0 0 0 0 0 0 0 0 0 0 0 0 0 0 0 0 0 0 0 0 0 0 0 0 0 0 0 0 0 0 0 0 0 0 0 0 0 0 0 0 0 0 0 0 0 0 0 0 0 0 0 0 0 0 0 0 0 0 0 0 0 0 0 0 0 0 0 0 0 0 0 0 0 0 0 0 0 0 0 0 0 0 0 0 0 0 0 0 0 0 0 0 0 0 0 0 0 0 0 0 0 0 0 0 0 0 0 0 0 0 0 0 0 0 0 0 0 0 0 0 0 0 0 0 0 0 0 0 0 0 0 0 0 0 0 0 0 0 0 0 0 0 0 0 0 0 0 0 0 0 0 0 0 0 0 0 0 0 0 0 0 0 0 0 0 0 0 0 0 0 0 0 0 0 0 0 0 0 0 0 0 0 0 0 0 0 0 0 0 0 0 0 0 0 0 0 0 0 0 0 0 0 0 0 0 0 0 0 0 0 0 0 0 0 0 0 0 0 0 0 0 0 0 0 0 0 0 0 0 0 0 0 0 0 0 0 0 0 0 0 0 0 0 0 0 0 0 0 0 0 0 0 0 0 0 0 0 0 0 0 0 0 0 0 0 0 0 0 0 0 0 0 0 0 0 0 0 0 0 0 0 0 0 0 0 0 0 0 0 0 0 0 0 0 0 0 0 0 0 0 0 0 0 0 0 0 0 0 0 0 0 0 0 0 0 0 0 0 0 0 0 0 0 0 0 0 0 0 0 0 0 0 0 0 0 0 0 0 0 0 0 0 0 0 0 0 0 0 0 0 0 0 0 0 0 0 0 0 0 0 0 0 0 0 0 0 0 0 0 0 0 0 0 0 0 0 0 0 0 0 0 0 0 0 0 0 0 0 0 0 0 0 0 0 0 0 0 0 0 0 0 0 0 0 0 0 0 0 0 0 0 0 0 0 0 0 0 0 0 0 0 0
ctxt 208071681886
btime 1773600682
processes 94920526
procs_running 13
procs_blocked 0
softirq 42969497389 256 2278224360 38314090 831727342 1476256612 0 2936257595 565575317 5109161 478294288
--
cpu  802837235 23598936 303042961 93433625044 610701623 0 8708684 0 0 0
cpu0 29445727 224394 7358304 1619864480 8330819 0 164487 0 0 0
cpu1 29264744 432889 7638006 1649190521 11021324 0 54038 0 0 0
cpu2 28198188 463108 7587120 1652728927 10878226 0 34904 0 0 0
cpu3 25941690 484906 6787020 1656182955 11039054 0 29140 0 0 0
cpu4 22367872 490414 6368692 1660245155 11076580 0 28607 0 0 0
cpu5 19968275 494023 5974036 1662847981 11317012 0 26817 0 0 0
cpu6 17825897 497511 5633487 1665475629 11191726 0 26998 0 0 0
cpu7 16612528 487783 5472913 1666910119 11170975 0 25023 0 0 0
cpu8 15338821 485635 5280176 1668131981 11408358 0 25039 0 0 0
cpu9 14905227 489844 5249517 1668623945 11338374 0 25252 0 0 0
cpu10 14406448 472357 5131018 1669133166 11495052 0 24450 0 0 0
cpu11 14131462 465792 5142749 1669135436 11699666 0 25554 0 0 0
cpu12 14187374 458188 5265573 1669248562 11397099 0 24611 0 0 0
cpu13 12798070 425511 5428133 1668693220 9922257 0 1895833 0 0 0
cpu14 31522209 477236 7831437 1650028362 10085131 0 174059 0 0 0
cpu15 21115498 503934 6799261 1660804025 10896434 0 172463 0 0 0
cpu16 17753426 491819 6309839 1664519864 11133595 0 172722 0 0 0
cpu17 14930571 500066 5667434 1668288056 10904341 0 167911 0 0 0
cpu18 13590883 505884 5516192 1670003408 10640269 0 172156 0 0 0
cpu19 12935517 472687 5413128 1670771015 10655217 0 171152 0 0 0
cpu20 13086794 493492 5346851 1670657322 10657441 0 172447 0 0 0
cpu21 12209187 482428 5334191 1671423229 10771198 0 170744 0 0 0
cpu22 11980431 482914 5336299 1671346017 11081545 0 172586 0 0 0
cpu23 11692818 471865 5186046 1672092655 10734396 0 171666 0 0 0
cpu24 11729343 448076 5189189 1671810965 11041641 0 169961 0 0 0
cpu25 11555583 450839 5252802 1672282560 10684199 0 177061 0 0 0
cpu26 12008320 478046 5293270 1671711702 10627522 0 178977 0 0 0
cpu27 13879034 464459 5481475 1669374905 10979712 0 176228 0 0 0
cpu28 18767853 361854 5857798 1658243704 9964295 0 1227987 0 0 0
cpu29 13425566 381424 5525272 1668987930 11673344 0 62113 0 0 0
cpu30 12750332 342093 5322793 1670829765 11247005 0 25335 0 0 0
cpu31 11675199 306256 5004413 1672774828 10868669 0 22702 0 0 0
cpu32 10892930 292303 4879234 1673189446 11396770 0 22496 0 0 0
cpu33 10505043 294659 4783399 1672993465 12114532 0 22101 0 0 0
cpu34 10105876 300801 4679614 1673650779 11872185 0 21205 0 0 0
cpu35 9688205 288349 4573201 1674352904 11824825 0 22860 0 0 0
cpu36 9559229 287721 4472715 1674873531 11574862 0 21141 0 0 0
cpu37 9400221 302139 4452886 1675047964 11595278 0 20882 0 0 0
cpu38 9339476 311327 4405841 1675414280 11334460 0 20993 0 0 0
cpu39 9401180 310554 4498671 1675185771 11304380 0 21691 0 0 0
cpu40 9355288 306218 4525780 1675416098 11111374 0 22500 0 0 0
cpu41 9758561 317785 4526770 1674720795 11289205 0 22103 0 0 0
cpu42 13907209 443034 5471997 1670071514 10331656 0 169597 0 0 0
cpu43 11927578 434858 5184701 1672203475 10394773 0 166089 0 0 0
cpu44 11765455 425576 5242782 1672534033 10306438 0 166269 0 0 0
cpu45 11243655 430940 5007033 1673205204 10414711 0 160009 0 0 0
cpu46 11125842 431394 5001514 1673231308 10520542 0 161612 0 0 0
cpu47 10941333 452452 5024605 1673259313 10625891 0 162476 0 0 0
cpu48 11669429 439673 4993807 1672665056 10596787 0 161716 0 0 0
cpu49 11119383 416764 5027058 1673385401 10393097 0 164800 0 0 0
cpu50 11064736 440746 4992448 1673087905 10735694 0 163466 0 0 0
cpu51 11320659 447564 4997584 1672991225 10531217 0 166024 0 0 0
cpu52 11031779 446614 4987550 1673117417 10709681 0 166263 0 0 0
cpu53 11093774 432568 5068979 1673136365 10559136 0 172981 0 0 0
cpu54 11460568 425131 5044287 1672723383 10642204 0 170251 0 0 0
cpu55 13158917 432016 5216047 1670805996 10589421 0 170113 0 0 0
intr 106341517531 74 4 0 0 0 0 0 0 0 0 0 0 6 0 0 0 0 360 213 2556129209 0 0 0 0 0 0 0 0 0 0 0 0 0 0 0 0 0 2391816183 426495121 8318119 677 278 24496490 0 0 0 0 0 0 0 0 0 0 0 0 0 0 0 0 0 0 0 0 0 0 0 0 0 0 0 0 0 0 0 0 0 0 0 0 0 0 0 0 0 0 0 0 0 0 0 0 0 0 0 0 0 0 0 0 0 0 0 0 0 0 0 0 0 0 0 0 0 0 0 0 0 0 0 0 0 0 0 0 0 0 0 0 0 0 0 0 0 0 0 0 0 0 0 0 0 0 0 0 0 0 0 0 0 0 0 0 0 0 0 0 0 0 0 0 0 0 0 0 0 0 0 0 0 0 0 0 0 0 0 0 0 0 0 0 0 0 0 0 0 0 0 0 0 0 0 0 0 0 0 0 0 0 0 0 0 0 0 0 0 0 0 0 0 0 0 0 0 0 0 0 0 0 0 0 0 0 0 0 0 0 0 0 0 0 0 0 0 0 0 0 0 0 0 0 0 0 0 0 0 0 0 0 0 0 0 0 0 0 0 0 0 0 0 0 0 0 0 0 0 0 0 0 0 0 0 0 0 0 0 0 0 0 0 0 0 0 0 0 0 0 0 0 0 0 0 0 0 0 0 0 0 0 0 0 0 0 0 0 0 0 0 0 0 0 0 0 0 0 0 0 0 0 0 0 0 0 0 0 0 0 0 0 0 0 0 0 0 0 0 0 0 0 0 0 0 0 0 0 0 0 0 0 0 0 0 0 0 0 0 0 0 0 0 0 0 0 0 0 0 0 0 0 0 0 0 0 0 0 0 0 0 0 0 0 0 0 0 0 0 0 0 0 0 0 0 0 0 0 0 0 0 0 0 0 0 0 0 0 0 0 0 0 0 0 0 0 0 0 0 0 0 0 0 0 0 0 0 0 0 0 0 0 0 0 0 0 0 0 0 0 0 0 0 0 0 0 0 0 0 0 0 0 0 0 0 0 0 0 0 0 0 0 0 0 0 0 0 0 0 0 0 0 0 0 0 0 0 0 0 0 0 0 0 0 0 0 0 0 0 0 0 0 0 0 0 0 0 0 0 0 0 0 0 0 0 0 0 0 0 0 0 0 0 0 0 0 0 0 0 0 0 0 0 0 0 0 0 0 0 0 0 0 0 0 0 0 0 0 0 0 0 0 0 0 0 0 0 0 0 0 0 0 0 0 0 0 0 0 0 0 0 0 0 0 0 0 0 0 0 0 0 0 0 0 0 0 0 0 0 0 0 0 0 0 0 0 0 0 0 0 0 0 0 0 0 0 0 0 0 0 0 0 0 0 0 0 0 0 0 0 0 0 0 0 0 0 0 0 0 0 0 0 0 0 0 0 0 0 0 0 0 0 0 0 0 0 0 0 0 0 0 0 0 0 0 0 0 0 0 0 0 0 0 0 0 0 0 0 0 0 0 0 0 0 0 0 0 0 0 0 0 0 0 0 0 0 0 0 0 0 0 0 0 0 0 0 0 0 0 0 0 0 0 0 0 0 0 0 0 0 0 0 0 0 0 0 0 0 0 0 0 0 0 0 0 0 0 0 0 0 0 0 0 0 0 0 0 0 0 0 0 0 0 0 0 0 0 0 0 0 0 0 0 0 0 0 0 0 0 0 0 0 0 0 0 0 0 0 0 0 0 0 0 0 0 0 0 0 0 0 0 0 0 0 0 0 0 0 0 0 0 0 0 0 0 0 0 0 0 0 0 0 0 0 0 0 0 0 0 0 0 0 0 0 0 0 0 0 0 0 0 0 0 0 0 0 0 0 0 0 0 0 0 0 0 0 0 0 0 0 0 0 0 0 0 0 0 0 0 0 0 0 0 0 0 0 0 0 0 0 0 0 0 0 0 0 0 0 0 0 0 0 0 0 0 0 0 0 0 0 0 0 0 0 0 0 0 0 0 0 0 0 0 0 0 0 0 0 0 0 0 0 0 0 0 0 0 0 0 0 0 0 0 0 0 0 0 0 0 0 0 0 0 0 0 0 0 0 0 0 0 0 0 0 0 0 0 0 0 0 0 0 0 0 0 0 0 0 0 0 0 0 0 0 0 0 0 0 0 0 0 0 0 0 0 0 0 0 0 0 0 0 0 0 0 0 0 0 0 0 0 0 0 0 0 0 0 0 0 0 0 0 0 0 0 0 0 0 0 0 0 0 0 0 0 0 0 0 0 0 0 0 0 0 0 0 0 0 0 0 0 0 0 0 0 0 0 0 0 0 0 0 0 0 0 0 0 0 0 0 0 0 0 0 0 0 0 0 0 0 0 0 0 0 0 0 0 0 0 0 0 0 0 0 0 0 0 0 0 0 0 0 0 0 0 0 0 0 0 0 0 0 0 0 0 0 0 0 0 0 0 0 0 0 0 0 0 0 0 0 0 0 0 0 0 0 0 0 0 0 0 0 0 0 0 0 0 0 0 0 0 0 0 0 0 0 0 0 0 0 0 0 0 0 0 0 0 0 0 0 0 0 0 0 0 0 0 0 0 0 0 0 0 0 0 0 0 0 0 0 0 0 0 0 0 0 0 0 0 0 0 0 0 0 0 0 0 0 0 0 0 0 0 0 0 0 0 0 0 0 0 0 0 0 0 0 0 0 0 0 0 0 0 0 0 0 0 0 0 0 0 0 0 0 0 0 0 0 0 0 0 0 0 0 0 0 0 0 0 0 0 0 0 0 0 0 0 0 0 0 0 0 0 0 0 0 0 0 0 0 0 0 0 0 0 0 0 0 0 0 0 0 0 0 0 0 0 0 0 0 0 0 0 0 0 0 0 0 0 0 0 0 0 0 0 0 0 0 0 0 0 0 0 0 0 0 0 0 0 0 0 0 0 0 0 0 0 0 0 0 0 0 0 0 0 0 0 0 0 0 0 0 0 0 0 0 0 0 0 0 0 0 0 0 0 0 0 0 0 0 0 0 0 0 0 0 0 0 0 0 0 0 0 0 0 0 0 0 0 0 0 0 0 0 0 0 0 0 0 0 0 0 0 0 0 0 0 0 0 0 0 0 0 0 0 0 0 0 0 0 0 0 0 0 0 0 0 0 0 0 0 0 0 0 0 0 0 0 0 0 0 0 0 0 0 0 0 0 0 0 0 0 0 0 0 0 0 0 0 0 0 0 0 0 0 0 0 0 0 0 0 0 0 0 0 0 0 0 0 0 0 0 0 0 0 0 0 0 0 0 0 0 0 0 0 0 0 0 0 0 0 0 0 0 0 0 0 0 0 0 0 0 0 0 0 0 0 0 0 0 0 0 0 0 0 0 0 0 0 0 0 0 0 0 0 0 0 0 0 0 0 0 0 0 0 0 0 0 0 0 0 0 0 0 0 0 0 0 0 0 0 0 0 0 0 0 0 0 0 0 0 0 0 0 0 0 0 0 0 0 0 0 0 0 0 0 0 0 0 0 0 0 0 0 0 0 0 0 0 0 0 0 0 0 0 0 0 0 0 0 0 0 0 0 0 0 0 0 0 0 0 0 0 0 0 0 0 0 0 0 0 0 0 0 0 0 0 0 0 0 0 0 0 0 0 0 0 0 0 0 0 0 0 0 0 0 0 0 0 0 0 0 0 0 0 0 0 0 0 0 0 0 0 0 0 0 0 0 0 0 0 0 0 0 0 0 0 0 0 0 0 0 0 0 0 0 0 0 0 0 0 0 0 0 0 0 0 0 0 0 0 0 0 0 0 0 0 0 0 0 0 0 0 0 0 0 0 0 0 0 0 0 0
ctxt 208075425375
btime 1773600682
processes 94920671
procs_running 8
procs_blocked 1
softirq 42970754268 256 2278225998 38319312 832791979 1476257308 0 2936259465 565702134 5109161 478350287
