Running 10s test @ http://192.168.10.15:18500/wait
  32 threads and 256 connections
  Thread Stats   Avg      Stdev     Max   +/- Stdev
    Latency   160.13ms   11.50ms 161.99ms   98.30%
    Req/Sec    54.91     19.99    80.00     58.96%
  Latency Distribution
     50%  161.44ms
     75%  161.53ms
     90%  161.62ms
     99%  161.82ms
  16032 requests in 10.09s, 1.93MB read
Requests/sec:   1588.21
Transfer/sec:    195.42KB
## drops 0 0
## server-stat
cpu  1182220 427 635247 9092508 30499 0 248271 0 0 0
cpu0 42652 7 19427 281364 774 0 8756 0 0 0
cpu1 43062 9 19329 282203 559 0 8440 0 0 0
cpu2 43379 8 19247 282288 357 0 8383 0 0 0
cpu3 44057 10 19736 280251 1181 0 8425 0 0 0
cpu4 44364 8 19546 280566 718 0 8505 0 0 0
cpu5 44071 9 19463 281317 354 0 8380 0 0 0
cpu6 43581 7 19353 281896 334 0 8380 0 0 0
cpu7 42742 6 19149 283020 216 0 8213 0 0 0
cpu8 23831 12 19274 296205 1042 0 5244 0 0 0
cpu9 26613 13 19716 291393 2314 0 5405 0 0 0
cpu10 25758 12 19602 293701 1161 0 5535 0 0 0
cpu11 24440 11 18990 297477 594 0 5241 0 0 0
cpu12 41078 82 20240 276810 2989 0 5577 0 0 0
cpu13 39876 13 20456 278320 2378 0 5703 0 0 0
cpu14 24358 10 18580 299124 809 0 5141 0 0 0
cpu15 23148 10 17424 302572 637 0 4684 0 0 0
cpu16 46678 5 20165 278120 359 0 8560 0 0 0
cpu17 46560 5 20189 277219 1243 0 8599 0 0 0
cpu18 46337 6 20039 278629 278 0 8502 0 0 0
cpu19 47414 6 20487 276450 607 0 8735 0 0 0
cpu20 47564 9 20425 276516 676 0 8712 0 0 0
cpu21 46147 7 19976 278453 528 0 8564 0 0 0
cpu22 45256 6 19999 278078 321 0 8518 0 0 0
cpu23 44156 9 19712 280708 293 0 8422 0 0 0
cpu24 26415 12 19650 295473 836 0 5600 0 0 0
cpu25 28558 14 21373 287598 1549 0 6442 0 0 0
cpu26 27687 12 21053 289456 1160 0 6316 0 0 0
cpu27 23809 6 18938 290576 1043 0 10343 0 0 0
cpu28 39271 19 22218 267491 1852 0 12513 0 0 0
cpu29 40839 56 22456 265071 1761 0 12559 0 0 0
cpu30 22998 9 19099 289884 802 0 10237 0 0 0
cpu31 25507 8 19922 294265 758 0 5622 0 0 0
intr 922289303 126 0 0 0 0 0 0 0 0 1 0 0 0 0 0 0 0 0 0 0 0 0 0 0 0 0 0 1 1 1 0 0 0 0 1 0 1 0 0 75045 0 0 0 0 0 0 0 0 411 0 0 0 0 0 0 0 0 87 0 0 0 0 0 0 0 0 0 0 0 0 0 0 0 128609 2 17037179 16989967 16948676 17053393 0 3005 2277 2855 1497 3076 2639 2054 2532 1429 10233 18092 10125 8108 13091 14623 11247 7251 2681 1764 1431 2309 2186 1902 1514 1576 8831 7043 4914 5460 6361 5707 6083 7944 0 0 0 0 616244 2973 1036 0 264 0 0 0 0 0 0 0 0 0 0 0 0 0 0 0 0 0 0 0 0 0 0 0 0 0 0 0 0 0 0 0 0 0 0 0 0 0 0 0 0 0 0 0 0 0 0 0 0 0 0 0 0 0 0 0 0 0 0 0 0 0 0 0 0 0 0 0 0 0 0 0 0 0 0 0 0 0 0 0 0 0 0 0 0 0 0 0 0 0 0 0 0 0 0 0 0 0 0 0 0 0 0 0 0 0 0 0 0 0 0 0 0 0 0 0 0 0 0 0 0 0 0 0 0 0 0 0 0 0 0 0 0 0 0 0 0 0 0 0 0 0 0 0 0 0 0 0 0 0 0 0 0 0 0 0 0 0 0 0 0 0 0 0 0 0 0 0 0 0 0 0 0 0 0 0 0 0 0 0 0 0 0 0 0 0 0 0 0 0 0 0 0 0 0 0 0 0 0 0 0 0 0 0 0 0 0 0 0 0 0 0 0 0 0 0 0 0 0 0 0 0 0 0 0 0 0 0 0 0 0 0 0 0 0 0 0 0 0 0 0 0 0 0 0 0 0 0 0 0 0 0 0 0 0 0 0 0 0 0 0 0 0 0 0 0 0 0 0 0 0 0 0 0 0 0 0 0 0 0 0 0 0 0 0 0 0 0 0 0 0 0 0 0 0 0 0 0 0 0 0 0 0 0 0 0 0 0 0 0 0 0 0 0 0 0 0 0 0 0 0 0 0 0 0 0 0 0 0 0 0 0 0 0 0 0 0 0 0 0 0 0 0 0 0 0 0 0 0 0 0 0 0 0 0 0 0 0 0 0 0 0 0 0 0 0 0 0 0 0 0 0 0 0 0 0 0 0 0 0 0 0 0 0 0 0 0 0 0 0 0 0 0 0 0 0 0 0 0 0 0 0 0 0 0 0 0 0 0 0 0 0 0 0 0 0 0 0 0 0 0 0 0 0 0 0 0 0 0 0 0 0 0 0 0 0 0 0 0 0 0 0 0 0 0 0 0 0 0 0 0 0 0 0 0 0 0 0 0 0 0 0 0 0 0 0 0 0 0 0 0 0 0 0 0 0 0 0 0 0 0 0 0 0 0 0 0 0 0 0 0 0 0 0 0 0 0 0 0 0 0 0 0 0 0 0 0 0 0 0 0 0 0 0 0 0 0 0 0 0 0 0 0 0 0 0 0 0 0 0 0 0 0 0 0 0 0 0 0 0 0 0 0 0 0 0 0 0 0 0 0 0 0 0 0 0 0 0 0 0 0 0 0 0 0 0 0 0 0 0 0 0 0 0 0 0 0 0 0 0 0 0 0 0 0 0 0 0 0 0 0 0 0 0 0 0 0 0 0 0 0 0 0 0 0 0 0 0 0 0 0 0 0 0 0 0 0 0 0 0 0 0 0 0 0 0 0 0 0 0 0 0 0 0 0 0 0 0 0 0 0 0 0 0 0 0 0 0 0 0 0 0 0 0 0 0 0 0 0 0 0 0 0 0 0 0 0 0 0 0 0 0 0 0 0 0 0 0 0 0 0 0 0 0 0 0 0 0 0 0 0 0 0 0 0 0 0 0 0 0 0 0 0 0 0 0 0 0 0 0 0 0 0 0 0 0 0 0 0 0 0 0 0 0 0 0 0 0 0 0 0 0 0 0 0 0 0 0 0 0 0 0 0 0 0 0 0 0 0 0 0 0 0 0 0 0 0 0 0 0 0 0 0 0 0 0 0 0 0 0 0 0 0 0 0 0 0 0 0 0 0 0 0 0 0 0 0 0 0 0 0 0 0 0 0 0 0 0 0 0 0 0 0 0 0 0 0 0 0 0 0 0 0 0 0 0 0 0 0 0 0 0 0 0 0 0 0 0 0 0 0 0 0 0 0 0 0 0 0 0 0 0 0 0 0 0 0 0 0 0 0 0 0 0 0 0 0 0 0 0 0 0 0 0 0 0 0 0 0 0 0 0 0 0 0 0 0 0 0 0 0 0 0 0 0 0 0 0 0 0 0 0 0 0 0 0 0 0 0 0 0 0 0 0 0 0 0 0 0 0 0 0 0 0 0 0 0 0 0 0 0 0 0 0 0 0 0 0 0 0 0 0 0 0 0 0 0 0 0 0 0 0 0 0 0 0 0 0 0 0 0 0 0 0 0 0 0 0 0 0 0 0 0 0 0 0 0 0 0 0 0 0 0 0 0 0 0 0 0 0 0 0 0 0 0 0 0 0 0 0 0 0 0 0 0 0 0 0 0 0 0 0 0 0 0 0 0 0 0 0 0 0 0 0 0 0 0 0 0 0 0 0 0 0 0 0 0 0 0 0 0 0 0 0 0 0 0 0 0 0 0 0 0 0 0 0 0 0 0 0 0 0 0 0 0 0 0 0 0 0 0 0 0 0 0 0 0 0 0 0 0 0 0 0 0 0 0 0 0 0 0 0 0 0 0 0 0 0 0 0 0 0 0 0 0 0 0 0 0 0 0 0 0
ctxt 1276241300
btime 1790630938
processes 101101
procs_running 1
procs_blocked 0
softirq 1256247029 73526 2180515 858379 1218347866 134009 0 6718926 17073831 410 10859567
--
cpu  1182305 428 635267 9117915 30515 0 248276 0 0 0
cpu0 42652 7 19427 282162 774 0 8756 0 0 0
cpu1 43062 9 19329 283003 559 0 8440 0 0 0
cpu2 43379 8 19248 283087 357 0 8383 0 0 0
cpu3 44057 10 19736 281050 1181 0 8425 0 0 0
cpu4 44365 8 19546 281365 718 0 8505 0 0 0
cpu5 44071 9 19463 282116 354 0 8380 0 0 0
cpu6 43581 7 19353 282696 334 0 8380 0 0 0
cpu7 42742 6 19149 283819 216 0 8213 0 0 0
cpu8 23833 12 19275 296999 1042 0 5244 0 0 0
cpu9 26618 13 19717 292185 2314 0 5405 0 0 0
cpu10 25762 12 19603 294494 1161 0 5535 0 0 0
cpu11 24441 11 18990 298271 594 0 5241 0 0 0
cpu12 41099 82 20242 277582 2989 0 5577 0 0 0
cpu13 39888 13 20458 279102 2378 0 5704 0 0 0
cpu14 24361 10 18581 299916 810 0 5141 0 0 0
cpu15 23149 10 17425 303367 637 0 4684 0 0 0
cpu16 46678 5 20165 278919 360 0 8560 0 0 0
cpu17 46560 5 20189 278018 1243 0 8599 0 0 0
cpu18 46338 6 20039 279428 278 0 8502 0 0 0
cpu19 47414 6 20487 277249 607 0 8735 0 0 0
cpu20 47564 9 20425 277315 676 0 8712 0 0 0
cpu21 46147 7 19976 279253 528 0 8564 0 0 0
cpu22 45257 6 20000 278877 321 0 8518 0 0 0
cpu23 44156 9 19712 281507 293 0 8422 0 0 0
cpu24 26417 12 19651 296267 836 0 5601 0 0 0
cpu25 28560 14 21376 288390 1549 0 6442 0 0 0
cpu26 27689 12 21054 290249 1160 0 6316 0 0 0
cpu27 23810 6 18938 291370 1043 0 10344 0 0 0
cpu28 39287 19 22220 268252 1866 0 12514 0 0 0
cpu29 40847 56 22457 265855 1761 0 12561 0 0 0
cpu30 23000 9 19099 290677 802 0 10238 0 0 0
cpu31 25509 8 19923 295060 758 0 5622 0 0 0
intr 922507955 126 0 0 0 0 0 0 0 0 1 0 0 0 0 0 0 0 0 0 0 0 0 0 0 0 0 0 1 1 1 0 0 0 0 1 0 1 0 0 75045 0 0 0 0 0 0 0 0 411 0 0 0 0 0 0 0 0 87 0 0 0 0 0 0 0 0 0 0 0 0 0 0 0 128750 2 17050028 17004207 16964258 17067746 0 3013 2277 2855 1497 3076 2640 2054 2532 1429 10234 18094 10125 8113 13091 14623 11247 7251 2687 1764 1431 2309 2186 1902 1515 1576 8882 7043 4914 5460 6366 5708 6083 7944 0 0 0 0 616244 2973 1036 0 264 0 0 0 0 0 0 0 0 0 0 0 0 0 0 0 0 0 0 0 0 0 0 0 0 0 0 0 0 0 0 0 0 0 0 0 0 0 0 0 0 0 0 0 0 0 0 0 0 0 0 0 0 0 0 0 0 0 0 0 0 0 0 0 0 0 0 0 0 0 0 0 0 0 0 0 0 0 0 0 0 0 0 0 0 0 0 0 0 0 0 0 0 0 0 0 0 0 0 0 0 0 0 0 0 0 0 0 0 0 0 0 0 0 0 0 0 0 0 0 0 0 0 0 0 0 0 0 0 0 0 0 0 0 0 0 0 0 0 0 0 0 0 0 0 0 0 0 0 0 0 0 0 0 0 0 0 0 0 0 0 0 0 0 0 0 0 0 0 0 0 0 0 0 0 0 0 0 0 0 0 0 0 0 0 0 0 0 0 0 0 0 0 0 0 0 0 0 0 0 0 0 0 0 0 0 0 0 0 0 0 0 0 0 0 0 0 0 0 0 0 0 0 0 0 0 0 0 0 0 0 0 0 0 0 0 0 0 0 0 0 0 0 0 0 0 0 0 0 0 0 0 0 0 0 0 0 0 0 0 0 0 0 0 0 0 0 0 0 0 0 0 0 0 0 0 0 0 0 0 0 0 0 0 0 0 0 0 0 0 0 0 0 0 0 0 0 0 0 0 0 0 0 0 0 0 0 0 0 0 0 0 0 0 0 0 0 0 0 0 0 0 0 0 0 0 0 0 0 0 0 0 0 0 0 0 0 0 0 0 0 0 0 0 0 0 0 0 0 0 0 0 0 0 0 0 0 0 0 0 0 0 0 0 0 0 0 0 0 0 0 0 0 0 0 0 0 0 0 0 0 0 0 0 0 0 0 0 0 0 0 0 0 0 0 0 0 0 0 0 0 0 0 0 0 0 0 0 0 0 0 0 0 0 0 0 0 0 0 0 0 0 0 0 0 0 0 0 0 0 0 0 0 0 0 0 0 0 0 0 0 0 0 0 0 0 0 0 0 0 0 0 0 0 0 0 0 0 0 0 0 0 0 0 0 0 0 0 0 0 0 0 0 0 0 0 0 0 0 0 0 0 0 0 0 0 0 0 0 0 0 0 0 0 0 0 0 0 0 0 0 0 0 0 0 0 0 0 0 0 0 0 0 0 0 0 0 0 0 0 0 0 0 0 0 0 0 0 0 0 0 0 0 0 0 0 0 0 0 0 0 0 0 0 0 0 0 0 0 0 0 0 0 0 0 0 0 0 0 0 0 0 0 0 0 0 0 0 0 0 0 0 0 0 0 0 0 0 0 0 0 0 0 0 0 0 0 0 0 0 0 0 0 0 0 0 0 0 0 0 0 0 0 0 0 0 0 0 0 0 0 0 0 0 0 0 0 0 0 0 0 0 0 0 0 0 0 0 0 0 0 0 0 0 0 0 0 0 0 0 0 0 0 0 0 0 0 0 0 0 0 0 0 0 0 0 0 0 0 0 0 0 0 0 0 0 0 0 0 0 0 0 0 0 0 0 0 0 0 0 0 0 0 0 0 0 0 0 0 0 0 0 0 0 0 0 0 0 0 0 0 0 0 0 0 0 0 0 0 0 0 0 0 0 0 0 0 0 0 0 0 0 0 0 0 0 0 0 0 0 0 0 0 0 0 0 0 0 0 0 0 0 0 0 0 0 0 0 0 0 0 0 0 0 0 0 0 0 0 0 0 0 0 0 0 0 0 0 0 0 0 0 0 0 0 0 0 0 0 0 0 0 0 0 0 0 0 0 0 0 0 0 0 0 0 0 0 0 0 0 0 0 0 0 0 0 0 0 0 0 0 0 0 0 0 0 0 0 0 0 0 0 0 0 0 0 0 0 0 0 0 0 0 0 0 0 0 0 0 0 0 0 0 0 0 0 0 0 0 0 0 0 0 0 0 0 0 0 0 0 0 0 0 0 0 0 0 0 0 0 0 0 0 0 0 0 0 0 0 0 0 0 0 0 0 0 0 0 0 0 0 0 0 0 0 0 0 0 0 0 0 0 0 0 0 0 0 0 0 0 0 0 0 0 0 0 0 0 0 0 0 0 0 0 0 0 0 0 0 0 0 0 0 0 0 0 0 0 0 0 0 0 0 0 0 0 0 0 0 0 0 0 0 0 0 0 0 0 0 0 0 0 0 0 0 0 0 0 0 0 0 0 0 0 0 0 0 0 0 0 0 0 0 0 0 0 0 0 0 0 0 0 0 0 0 0 0 0 0 0 0 0 0 0 0 0 0 0 0 0 0 0 0 0 0 0 0 0 0 0 0 0 0 0 0 0 0 0 0 0 0 0 0 0 0 0 0 0 0 0 0 0 0 0 0 0 0 0 0 0 0 0 0 0 0 0 0 0 0 0 0 0 0 0 0 0 0 0 0 0 0 0 0 0 0 0 0 0 0 0 0 0 0 0 0 0 0 0 0 0 0 0 0 0 0 0 0 0 0 0 0 0 0
ctxt 1276480707
btime 1790630938
processes 101170
procs_running 2
procs_blocked 0
softirq 1256360469 73526 2189646 858417 1218423690 134160 0 6731081 17081760 410 10867779
## client-stat
cpu  802904807 23598936 303230176 93435511267 610710352 0 8787094 0 0 0
cpu0 29446520 224394 7360674 1619896100 8331091 0 165355 0 0 0
cpu1 29265717 432889 7641243 1649224728 11021426 0 55046 0 0 0
cpu2 28199341 463108 7590364 1652763160 10878414 0 35911 0 0 0
cpu3 25942729 484906 6790217 1656217546 11039148 0 30126 0 0 0
cpu4 22368884 490414 6371881 1660279797 11076694 0 29595 0 0 0
cpu5 19969236 494023 5977253 1662882449 11317371 0 27795 0 0 0
cpu6 17827011 497511 5636645 1665510222 11191855 0 27979 0 0 0
cpu7 16613487 487783 5476068 1666944864 11171117 0 26004 0 0 0
cpu8 15339919 485635 5283371 1668166543 11408513 0 26017 0 0 0
cpu9 14906179 489844 5252655 1668658741 11338508 0 26216 0 0 0
cpu10 14407506 472357 5134173 1669167822 11495204 0 25435 0 0 0
cpu11 14132455 465792 5145973 1669170047 11699800 0 26542 0 0 0
cpu12 14188408 458188 5268838 1669282911 11397410 0 25620 0 0 0
cpu13 12799047 425511 5431333 1668727766 9922445 0 1896900 0 0 0
cpu14 31523356 477236 7834914 1650062239 10085230 0 175307 0 0 0
cpu15 21117501 503934 6802754 1660837099 10896551 0 173651 0 0 0
cpu16 17754527 491819 6313434 1664553556 11133724 0 174001 0 0 0
cpu17 14931692 500066 5671046 1668321629 10904644 0 169093 0 0 0
cpu18 13592446 505884 5519642 1670036877 10640387 0 173363 0 0 0
cpu19 12936665 472687 5416683 1670804762 10655352 0 172369 0 0 0
cpu20 13087946 493492 5350431 1670690931 10657710 0 173662 0 0 0
cpu21 12210272 482428 5337737 1671456933 10771441 0 171959 0 0 0
cpu22 11981622 482914 5339860 1671379691 11081702 0 173819 0 0 0
cpu23 11693977 471865 5189654 1672126318 10734573 0 172887 0 0 0
cpu24 11730925 448076 5192789 1671844373 11041716 0 171165 0 0 0
cpu25 11556840 450839 5256443 1672316088 10684299 0 178330 0 0 0
cpu26 12009731 478046 5296857 1671745113 10627676 0 180250 0 0 0
cpu27 13881713 464459 5485044 1669407131 10979780 0 177502 0 0 0
cpu28 18768746 361854 5860072 1658261448 9964345 0 1245233 0 0 0
cpu29 13426602 381424 5528396 1669022644 11673461 0 63093 0 0 0
cpu30 12751438 342093 5325946 1670864413 11247090 0 26325 0 0 0
cpu31 11676168 306256 5007518 1672809634 10868798 0 23658 0 0 0
cpu32 10894047 292303 4882367 1673223965 11397002 0 23487 0 0 0
cpu33 10506246 294659 4786604 1673027921 12114684 0 23081 0 0 0
cpu34 10107010 300801 4682782 1673685320 11872348 0 22169 0 0 0
cpu35 9689343 288349 4576439 1674387388 11824978 0 23823 0 0 0
cpu36 9560351 287721 4475837 1674908132 11575045 0 22119 0 0 0
cpu37 9401567 302139 4456108 1675082212 11595508 0 21851 0 0 0
cpu38 9340468 311327 4408941 1675449049 11334592 0 21978 0 0 0
cpu39 9402175 310554 4501887 1675220441 11304499 0 22691 0 0 0
cpu40 9356270 306218 4529054 1675450737 11111461 0 23511 0 0 0
cpu41 9759550 317785 4530028 1674755123 11289609 0 23109 0 0 0
cpu42 13909854 443034 5475304 1670104008 10331878 0 170794 0 0 0
cpu43 11929826 434858 5188191 1672236174 10394975 0 167303 0 0 0
cpu44 11766698 425576 5246341 1672567729 10306465 0 167556 0 0 0
cpu45 11244791 430940 5010656 1673238922 10414850 0 161243 0 0 0
cpu46 11127030 431394 5005062 1673265070 10520667 0 162817 0 0 0
cpu47 10942438 452452 5028188 1673293083 10626014 0 163698 0 0 0
cpu48 11670551 439673 4997405 1672698879 10596865 0 162954 0 0 0
cpu49 11120463 416764 5030614 1673419150 10393287 0 166066 0 0 0
cpu50 11065837 440746 4995986 1673121741 10735804 0 164696 0 0 0
cpu51 11321818 447564 5001172 1673024914 10531399 0 167256 0 0 0
cpu52 11033030 446614 4991091 1673151109 10709814 0 167474 0 0 0
cpu53 11094948 432568 5072628 1673170026 10559203 0 174278 0 0 0
cpu54 11461835 425131 5047920 1672756898 10642342 0 171504 0 0 0
cpu55 13160029 432016 5219640 1670839674 10589558 0 171400 0 0 0
intr 106361588586 74 4 0 0 0 0 0 0 0 0 0 0 6 0 0 0 0 360 213 2556183973 0 0 0 0 0 0 0 0 0 0 0 0 0 0 0 0 0 2394173389 426504094 8318318 677 278 24496490 0 0 0 0 0 0 0 0 0 0 0 0 0 0 0 0 0 0 0 0 0 0 0 0 0 0 0 0 0 0 0 0 0 0 0 0 0 0 0 0 0 0 0 0 0 0 0 0 0 0 0 0 0 0 0 0 0 0 0 0 0 0 0 0 0 0 0 0 0 0 0 0 0 0 0 0 0 0 0 0 0 0 0 0 0 0 0 0 0 0 0 0 0 0 0 0 0 0 0 0 0 0 0 0 0 0 0 0 0 0 0 0 0 0 0 0 0 0 0 0 0 0 0 0 0 0 0 0 0 0 0 0 0 0 0 0 0 0 0 0 0 0 0 0 0 0 0 0 0 0 0 0 0 0 0 0 0 0 0 0 0 0 0 0 0 0 0 0 0 0 0 0 0 0 0 0 0 0 0 0 0 0 0 0 0 0 0 0 0 0 0 0 0 0 0 0 0 0 0 0 0 0 0 0 0 0 0 0 0 0 0 0 0 0 0 0 0 0 0 0 0 0 0 0 0 0 0 0 0 0 0 0 0 0 0 0 0 0 0 0 0 0 0 0 0 0 0 0 0 0 0 0 0 0 0 0 0 0 0 0 0 0 0 0 0 0 0 0 0 0 0 0 0 0 0 0 0 0 0 0 0 0 0 0 0 0 0 0 0 0 0 0 0 0 0 0 0 0 0 0 0 0 0 0 0 0 0 0 0 0 0 0 0 0 0 0 0 0 0 0 0 0 0 0 0 0 0 0 0 0 0 0 0 0 0 0 0 0 0 0 0 0 0 0 0 0 0 0 0 0 0 0 0 0 0 0 0 0 0 0 0 0 0 0 0 0 0 0 0 0 0 0 0 0 0 0 0 0 0 0 0 0 0 0 0 0 0 0 0 0 0 0 0 0 0 0 0 0 0 0 0 0 0 0 0 0 0 0 0 0 0 0 0 0 0 0 0 0 0 0 0 0 0 0 0 0 0 0 0 0 0 0 0 0 0 0 0 0 0 0 0 0 0 0 0 0 0 0 0 0 0 0 0 0 0 0 0 0 0 0 0 0 0 0 0 0 0 0 0 0 0 0 0 0 0 0 0 0 0 0 0 0 0 0 0 0 0 0 0 0 0 0 0 0 0 0 0 0 0 0 0 0 0 0 0 0 0 0 0 0 0 0 0 0 0 0 0 0 0 0 0 0 0 0 0 0 0 0 0 0 0 0 0 0 0 0 0 0 0 0 0 0 0 0 0 0 0 0 0 0 0 0 0 0 0 0 0 0 0 0 0 0 0 0 0 0 0 0 0 0 0 0 0 0 0 0 0 0 0 0 0 0 0 0 0 0 0 0 0 0 0 0 0 0 0 0 0 0 0 0 0 0 0 0 0 0 0 0 0 0 0 0 0 0 0 0 0 0 0 0 0 0 0 0 0 0 0 0 0 0 0 0 0 0 0 0 0 0 0 0 0 0 0 0 0 0 0 0 0 0 0 0 0 0 0 0 0 0 0 0 0 0 0 0 0 0 0 0 0 0 0 0 0 0 0 0 0 0 0 0 0 0 0 0 0 0 0 0 0 0 0 0 0 0 0 0 0 0 0 0 0 0 0 0 0 0 0 0 0 0 0 0 0 0 0 0 0 0 0 0 0 0 0 0 0 0 0 0 0 0 0 0 0 0 0 0 0 0 0 0 0 0 0 0 0 0 0 0 0 0 0 0 0 0 0 0 0 0 0 0 0 0 0 0 0 0 0 0 0 0 0 0 0 0 0 0 0 0 0 0 0 0 0 0 0 0 0 0 0 0 0 0 0 0 0 0 0 0 0 0 0 0 0 0 0 0 0 0 0 0 0 0 0 0 0 0 0 0 0 0 0 0 0 0 0 0 0 0 0 0 0 0 0 0 0 0 0 0 0 0 0 0 0 0 0 0 0 0 0 0 0 0 0 0 0 0 0 0 0 0 0 0 0 0 0 0 0 0 0 0 0 0 0 0 0 0 0 0 0 0 0 0 0 0 0 0 0 0 0 0 0 0 0 0 0 0 0 0 0 0 0 0 0 0 0 0 0 0 0 0 0 0 0 0 0 0 0 0 0 0 0 0 0 0 0 0 0 0 0 0 0 0 0 0 0 0 0 0 0 0 0 0 0 0 0 0 0 0 0 0 0 0 0 0 0 0 0 0 0 0 0 0 0 0 0 0 0 0 0 0 0 0 0 0 0 0 0 0 0 0 0 0 0 0 0 0 0 0 0 0 0 0 0 0 0 0 0 0 0 0 0 0 0 0 0 0 0 0 0 0 0 0 0 0 0 0 0 0 0 0 0 0 0 0 0 0 0 0 0 0 0 0 0 0 0 0 0 0 0 0 0 0 0 0 0 0 0 0 0 0 0 0 0 0 0 0 0 0 0 0 0 0 0 0 0 0 0 0 0 0 0 0 0 0 0 0 0 0 0 0 0 0 0 0 0 0 0 0 0 0 0 0 0 0 0 0 0 0 0 0 0 0 0 0 0 0 0 0 0 0 0 0 0 0 0 0 0 0 0 0 0 0 0 0 0 0 0 0 0 0 0 0 0 0 0 0 0 0 0 0 0 0 0 0 0 0 0 0 0 0 0 0 0 0 0 0 0 0 0 0 0 0 0 0 0 0 0 0 0 0 0 0 0 0 0 0 0 0 0 0 0 0 0 0 0 0 0 0 0 0 0 0 0 0 0 0 0 0 0 0 0 0 0 0 0 0 0 0 0 0 0 0 0 0 0 0 0 0 0 0 0 0 0 0 0 0 0 0 0 0 0 0 0 0 0 0 0 0 0 0 0 0 0 0 0 0 0 0 0 0 0 0 0 0 0 0 0 0 0 0 0 0 0 0 0 0 0 0 0 0 0 0 0 0 0 0 0 0 0 0 0 0 0 0 0 0 0 0 0 0 0 0 0 0 0 0 0 0 0 0 0 0 0 0 0 0 0 0 0 0 0 0 0 0 0 0 0 0 0 0 0 0 0 0 0 0 0 0 0 0 0 0 0 0 0 0 0 0 0 0 0 0 0 0 0 0 0 0 0 0 0 0 0 0 0 0 0 0 0 0 0 0 0 0 0 0 0 0 0 0 0 0 0 0 0 0 0 0 0 0 0 0 0 0 0 0 0 0 0 0 0 0 0 0 0 0 0 0 0 0 0 0 0 0 0 0 0 0 0 0 0 0 0 0 0 0 0 0 0 0 0 0 0 0 0 0 0 0 0 0 0 0 0 0 0 0 0 0 0 0 0 0 0 0 0 0 0 0 0 0 0 0 0 0 0 0 0 0 0 0 0 0 0 0 0 0 0 0 0 0 0 0 0 0 0 0 0 0 0 0 0 0 0 0 0 0 0 0 0 0 0 0 0 0 0 0 0 0 0 0 0 0 0 0 0 0 0 0 0 0 0 0 0 0 0 0 0 0 0 0 0 0 0 0 0 0 0 0 0 0 0 0 0 0 0 0 0 0 0 0 0 0 0 0 0 0 0 0 0 0 0 0 0 0 0 0 0 0 0 0 0 0 0 0 0 0 0 0 0 0 0 0 0 0 0 0 0 0 0 0 0 0 0 0 0 0 0 0 0 0 0 0 0 0 0 0 0 0 0 0 0 0 0 0 0 0 0 0 0 0 0 0 0 0 0 0 0 0 0 0 0 0 0 0 0 0 0 0 0 0 0 0 0 0 0 0 0 0 0 0 0 0 0 0 0
ctxt 208212175129
btime 1773600682
processes 94925553
procs_running 2
procs_blocked 0
softirq 43016076967 256 2278328598 38502408 871452729 1476289246 0 2936342461 569938411 5109161 480375329
--
cpu  802905061 23598936 303230344 93435555304 610710490 0 8787159 0 0 0
cpu0 29446523 224394 7360675 1619896862 8331091 0 165355 0 0 0
cpu1 29265718 432889 7641245 1649225515 11021432 0 55047 0 0 0
cpu2 28199351 463108 7590369 1652763943 10878415 0 35911 0 0 0
cpu3 25942737 484906 6790220 1656218330 11039151 0 30127 0 0 0
cpu4 22368890 490414 6371884 1660280586 11076694 0 29596 0 0 0
cpu5 19969237 494023 5977254 1662883245 11317371 0 27796 0 0 0
cpu6 17827012 497511 5636646 1665511015 11191858 0 27979 0 0 0
cpu7 16613489 487783 5476070 1666945657 11171117 0 26005 0 0 0
cpu8 15339920 485635 5283372 1668167338 11408515 0 26017 0 0 0
cpu9 14906182 489844 5252658 1668659536 11338508 0 26216 0 0 0
cpu10 14407515 472357 5134175 1669168605 11495207 0 25436 0 0 0
cpu11 14132456 465792 5145975 1669170842 11699800 0 26543 0 0 0
cpu12 14188421 458188 5268849 1669283683 11397412 0 25621 0 0 0
cpu13 12799050 425511 5431336 1668728557 9922445 0 1896901 0 0 0
cpu14 31523367 477236 7834928 1650063013 10085230 0 175308 0 0 0
cpu15 21117505 503934 6802758 1660837887 10896552 0 173652 0 0 0
cpu16 17754535 491819 6313437 1664554340 11133724 0 174003 0 0 0
cpu17 14931695 500066 5671048 1668322419 10904645 0 169094 0 0 0
cpu18 13592460 505884 5519644 1670037658 10640387 0 173364 0 0 0
cpu19 12936672 472687 5416685 1670805551 10655352 0 172370 0 0 0
cpu20 13087949 493492 5350433 1670691723 10657711 0 173663 0 0 0
cpu21 12210273 482428 5337739 1671457727 10771441 0 171960 0 0 0
cpu22 11981624 482914 5339863 1671380482 11081702 0 173820 0 0 0
cpu23 11693978 471865 5189655 1672127113 10734573 0 172888 0 0 0
cpu24 11730927 448076 5192794 1671845163 11041716 0 171166 0 0 0
cpu25 11556842 450839 5256445 1672316882 10684299 0 178331 0 0 0
cpu26 12009734 478046 5296859 1671745903 10627676 0 180252 0 0 0
cpu27 13881714 464459 5485046 1669407924 10979780 0 177503 0 0 0
cpu28 18768749 361854 5860081 1658262198 9964345 0 1245255 0 0 0
cpu29 13426605 381424 5528398 1669023436 11673461 0 63093 0 0 0
cpu30 12751443 342093 5325950 1670865204 11247090 0 26325 0 0 0
cpu31 11676174 306256 5007521 1672810423 10868798 0 23659 0 0 0
cpu32 10894049 292303 4882369 1673224760 11397002 0 23487 0 0 0
cpu33 10506262 294659 4786606 1673028700 12114684 0 23082 0 0 0
cpu34 10107012 300801 4682784 1673686104 11872357 0 22169 0 0 0
cpu35 9689348 288349 4576442 1674388178 11824978 0 23824 0 0 0
cpu36 9560355 287721 4475839 1674908922 11575047 0 22119 0 0 0
cpu37 9401569 302139 4456111 1675082912 11595600 0 21851 0 0 0
cpu38 9340470 311327 4408943 1675449843 11334592 0 21978 0 0 0
cpu39 9402194 310554 4501890 1675221215 11304499 0 22691 0 0 0
cpu40 9356271 306218 4529054 1675451533 11111463 0 23512 0 0 0
cpu41 9759554 317785 4530030 1674755916 11289609 0 23110 0 0 0
cpu42 13909856 443034 5475306 1670104801 10331878 0 170795 0 0 0
cpu43 11929828 434858 5188194 1672236957 10394983 0 167304 0 0 0
cpu44 11766700 425576 5246347 1672568517 10306465 0 167558 0 0 0
cpu45 11244792 430940 5010658 1673239718 10414850 0 161243 0 0 0
cpu46 11127033 431394 5005064 1673265863 10520667 0 162817 0 0 0
cpu47 10942439 452452 5028189 1673293880 10626014 0 163698 0 0 0
cpu48 11670555 439673 4997407 1672699670 10596865 0 162954 0 0 0
cpu49 11120465 416764 5030616 1673419944 10393288 0 166067 0 0 0
cpu50 11065845 440746 4995988 1673122529 10735804 0 164697 0 0 0
cpu51 11321819 447564 5001174 1673025709 10531399 0 167257 0 0 0
cpu52 11033054 446614 4991099 1673151874 10709814 0 167476 0 0 0
cpu53 11094951 432568 5072631 1673170817 10559203 0 174279 0 0 0
cpu54 11461837 425131 5047922 1672757692 10642342 0 171505 0 0 0
cpu55 13160032 432016 5219642 1670840460 10589562 0 171401 0 0 0
intr 106361678563 74 4 0 0 0 0 0 0 0 0 0 0 6 0 0 0 0 360 213 2556184982 0 0 0 0 0 0 0 0 0 0 0 0 0 0 0 0 0 2394193123 426504197 8318322 677 278 24496490 0 0 0 0 0 0 0 0 0 0 0 0 0 0 0 0 0 0 0 0 0 0 0 0 0 0 0 0 0 0 0 0 0 0 0 0 0 0 0 0 0 0 0 0 0 0 0 0 0 0 0 0 0 0 0 0 0 0 0 0 0 0 0 0 0 0 0 0 0 0 0 0 0 0 0 0 0 0 0 0 0 0 0 0 0 0 0 0 0 0 0 0 0 0 0 0 0 0 0 0 0 0 0 0 0 0 0 0 0 0 0 0 0 0 0 0 0 0 0 0 0 0 0 0 0 0 0 0 0 0 0 0 0 0 0 0 0 0 0 0 0 0 0 0 0 0 0 0 0 0 0 0 0 0 0 0 0 0 0 0 0 0 0 0 0 0 0 0 0 0 0 0 0 0 0 0 0 0 0 0 0 0 0 0 0 0 0 0 0 0 0 0 0 0 0 0 0 0 0 0 0 0 0 0 0 0 0 0 0 0 0 0 0 0 0 0 0 0 0 0 0 0 0 0 0 0 0 0 0 0 0 0 0 0 0 0 0 0 0 0 0 0 0 0 0 0 0 0 0 0 0 0 0 0 0 0 0 0 0 0 0 0 0 0 0 0 0 0 0 0 0 0 0 0 0 0 0 0 0 0 0 0 0 0 0 0 0 0 0 0 0 0 0 0 0 0 0 0 0 0 0 0 0 0 0 0 0 0 0 0 0 0 0 0 0 0 0 0 0 0 0 0 0 0 0 0 0 0 0 0 0 0 0 0 0 0 0 0 0 0 0 0 0 0 0 0 0 0 0 0 0 0 0 0 0 0 0 0 0 0 0 0 0 0 0 0 0 0 0 0 0 0 0 0 0 0 0 0 0 0 0 0 0 0 0 0 0 0 0 0 0 0 0 0 0 0 0 0 0 0 0 0 0 0 0 0 0 0 0 0 0 0 0 0 0 0 0 0 0 0 0 0 0 0 0 0 0 0 0 0 0 0 0 0 0 0 0 0 0 0 0 0 0 0 0 0 0 0 0 0 0 0 0 0 0 0 0 0 0 0 0 0 0 0 0 0 0 0 0 0 0 0 0 0 0 0 0 0 0 0 0 0 0 0 0 0 0 0 0 0 0 0 0 0 0 0 0 0 0 0 0 0 0 0 0 0 0 0 0 0 0 0 0 0 0 0 0 0 0 0 0 0 0 0 0 0 0 0 0 0 0 0 0 0 0 0 0 0 0 0 0 0 0 0 0 0 0 0 0 0 0 0 0 0 0 0 0 0 0 0 0 0 0 0 0 0 0 0 0 0 0 0 0 0 0 0 0 0 0 0 0 0 0 0 0 0 0 0 0 0 0 0 0 0 0 0 0 0 0 0 0 0 0 0 0 0 0 0 0 0 0 0 0 0 0 0 0 0 0 0 0 0 0 0 0 0 0 0 0 0 0 0 0 0 0 0 0 0 0 0 0 0 0 0 0 0 0 0 0 0 0 0 0 0 0 0 0 0 0 0 0 0 0 0 0 0 0 0 0 0 0 0 0 0 0 0 0 0 0 0 0 0 0 0 0 0 0 0 0 0 0 0 0 0 0 0 0 0 0 0 0 0 0 0 0 0 0 0 0 0 0 0 0 0 0 0 0 0 0 0 0 0 0 0 0 0 0 0 0 0 0 0 0 0 0 0 0 0 0 0 0 0 0 0 0 0 0 0 0 0 0 0 0 0 0 0 0 0 0 0 0 0 0 0 0 0 0 0 0 0 0 0 0 0 0 0 0 0 0 0 0 0 0 0 0 0 0 0 0 0 0 0 0 0 0 0 0 0 0 0 0 0 0 0 0 0 0 0 0 0 0 0 0 0 0 0 0 0 0 0 0 0 0 0 0 0 0 0 0 0 0 0 0 0 0 0 0 0 0 0 0 0 0 0 0 0 0 0 0 0 0 0 0 0 0 0 0 0 0 0 0 0 0 0 0 0 0 0 0 0 0 0 0 0 0 0 0 0 0 0 0 0 0 0 0 0 0 0 0 0 0 0 0 0 0 0 0 0 0 0 0 0 0 0 0 0 0 0 0 0 0 0 0 0 0 0 0 0 0 0 0 0 0 0 0 0 0 0 0 0 0 0 0 0 0 0 0 0 0 0 0 0 0 0 0 0 0 0 0 0 0 0 0 0 0 0 0 0 0 0 0 0 0 0 0 0 0 0 0 0 0 0 0 0 0 0 0 0 0 0 0 0 0 0 0 0 0 0 0 0 0 0 0 0 0 0 0 0 0 0 0 0 0 0 0 0 0 0 0 0 0 0 0 0 0 0 0 0 0 0 0 0 0 0 0 0 0 0 0 0 0 0 0 0 0 0 0 0 0 0 0 0 0 0 0 0 0 0 0 0 0 0 0 0 0 0 0 0 0 0 0 0 0 0 0 0 0 0 0 0 0 0 0 0 0 0 0 0 0 0 0 0 0 0 0 0 0 0 0 0 0 0 0 0 0 0 0 0 0 0 0 0 0 0 0 0 0 0 0 0 0 0 0 0 0 0 0 0 0 0 0 0 0 0 0 0 0 0 0 0 0 0 0 0 0 0 0 0 0 0 0 0 0 0 0 0 0 0 0 0 0 0 0 0 0 0 0 0 0 0 0 0 0 0 0 0 0 0 0 0 0 0 0 0 0 0 0 0 0 0 0 0 0 0 0 0 0 0 0 0 0 0 0 0 0 0 0 0 0 0 0 0 0 0 0 0 0 0 0 0 0 0 0 0 0 0 0 0 0 0 0 0 0 0 0 0 0 0 0 0 0 0 0 0 0 0 0 0 0 0 0 0 0 0 0 0 0 0 0 0 0 0 0 0 0 0 0 0 0 0 0 0 0 0 0 0 0 0 0 0 0 0 0 0 0 0 0 0 0 0 0 0 0 0 0 0 0 0 0 0 0 0 0 0 0 0 0 0 0 0 0 0 0 0 0 0 0 0 0 0 0 0 0 0 0 0 0 0 0 0 0 0 0 0 0 0 0 0 0 0 0 0 0 0 0 0 0 0 0 0 0 0 0 0 0 0 0 0 0 0 0 0 0 0 0 0 0 0 0 0 0 0 0 0 0 0 0 0 0 0 0 0 0 0 0 0 0 0 0 0 0 0 0 0 0 0 0 0 0 0 0 0 0 0 0 0 0 0 0 0 0 0 0 0 0 0 0 0 0 0 0 0 0 0 0 0 0 0 0 0 0 0 0 0 0 0 0 0 0 0 0 0 0 0 0 0 0 0 0 0 0 0 0 0 0 0 0 0 0 0 0 0 0 0 0 0 0 0 0 0 0 0 0 0 0 0 0 0 0 0 0 0 0 0 0 0 0 0 0 0 0 0 0 0 0 0 0 0 0 0 0 0 0 0 0 0 0 0 0 0 0 0 0 0 0 0 0 0 0 0 0 0 0 0 0 0 0 0 0 0 0 0 0 0 0 0 0 0 0 0 0 0 0 0 0 0 0 0 0 0 0 0 0 0 0 0 0 0 0 0 0 0 0 0 0 0 0 0 0 0 0 0 0 0 0 0 0 0 0 0 0 0 0 0 0 0 0 0 0 0 0 0 0 0 0 0 0 0 0 0 0 0 0 0 0 0 0 0 0 0 0 0 0 0 0 0 0 0 0 0 0 0 0 0 0 0 0 0 0 0 0 0 0 0 0 0 0 0 0 0 0 0 0 0 0 0 0 0 0 0 0 0 0 0 0
ctxt 208212332182
btime 1773600682
processes 94925588
procs_running 1
procs_blocked 0
softirq 43016153898 256 2278334981 38503970 871493828 1476289782 0 2936343995 569953463 5109161 480386094
