Running 10s test @ http://192.168.10.15:18500/
  32 threads and 512 connections
  Thread Stats   Avg      Stdev     Max   +/- Stdev
    Latency     2.28ms  288.61us  13.40ms   89.41%
    Req/Sec     6.99k   268.68    10.14k    88.17%
  Latency Distribution
     50%    2.26ms
     75%    2.37ms
     90%    2.48ms
     99%    3.21ms
  2244031 requests in 10.10s, 267.51MB read
Requests/sec: 222184.56
Transfer/sec:     26.49MB
## drops 0 0
## server-stat
cpu  1266155 464 669341 10131728 31507 0 257625 0 0 0
cpu0 43883 8 19957 316504 829 0 8894 0 0 0
cpu1 44350 10 19853 317584 565 0 8518 0 0 0
cpu2 44688 8 19757 317661 374 0 8452 0 0 0
cpu3 45449 10 20255 315545 1182 0 8495 0 0 0
cpu4 45766 9 20055 315858 721 0 8578 0 0 0
cpu5 45442 10 19971 316635 360 0 8455 0 0 0
cpu6 44928 8 19862 317259 350 0 8447 0 0 0
cpu7 43988 6 19652 318461 225 0 8271 0 0 0
cpu8 27280 13 20810 326864 1047 0 5469 0 0 0
cpu9 30358 15 21323 321479 2359 0 5670 0 0 0
cpu10 29476 14 21229 323881 1197 0 5784 0 0 0
cpu11 27959 12 20507 328034 630 0 5472 0 0 0
cpu12 45409 83 21928 306286 3039 0 5880 0 0 0
cpu13 44218 14 22158 307722 2419 0 6015 0 0 0
cpu14 27858 10 20101 329809 856 0 5356 0 0 0
cpu15 26412 11 18869 333677 645 0 4877 0 0 0
cpu16 48228 5 20712 313239 365 0 8643 0 0 0
cpu17 48091 6 20733 312356 1258 0 8679 0 0 0
cpu18 47855 6 20576 313795 285 0 8579 0 0 0
cpu19 49025 7 21042 311433 663 0 8816 0 0 0
cpu20 49193 9 20987 311543 692 0 8790 0 0 0
cpu21 47641 7 20508 313558 605 0 8644 0 0 0
cpu22 46683 7 20533 313302 336 0 8590 0 0 0
cpu23 45511 10 20229 316012 303 0 8493 0 0 0
cpu24 30167 13 21260 325667 846 0 5884 0 0 0
cpu25 32604 15 23075 317219 1606 0 6803 0 0 0
cpu26 31640 14 22747 319196 1230 0 6656 0 0 0
cpu27 27285 7 20394 319771 1072 0 11379 0 0 0
cpu28 43740 22 23960 295148 1919 0 13924 0 0 0
cpu29 45497 60 24237 292310 1898 0 14019 0 0 0
cpu30 26395 9 20562 319167 838 0 11213 0 0 0
cpu31 29119 9 21488 324738 775 0 5866 0 0 0
intr 1059937375 126 0 0 0 0 0 0 0 0 1 0 0 0 0 0 0 0 0 0 0 0 0 0 0 0 0 0 1 1 1 0 0 0 0 1 0 1 0 0 75045 0 0 0 0 0 0 0 0 411 0 0 0 0 0 0 0 0 87 0 0 0 0 0 0 0 0 0 0 0 0 0 0 0 138944 2 21876015 21826035 21789814 21904429 0 3316 2362 2921 1563 3082 2644 2061 2562 1475 10349 18232 10230 8198 13279 14819 11309 7405 2694 1792 1459 2366 2247 1934 1591 1626 8922 7184 5068 5649 6506 5737 6122 7967 0 0 0 0 616272 3014 1036 0 264 0 0 0 0 0 0 0 0 0 0 0 0 0 0 0 0 0 0 0 0 0 0 0 0 0 0 0 0 0 0 0 0 0 0 0 0 0 0 0 0 0 0 0 0 0 0 0 0 0 0 0 0 0 0 0 0 0 0 0 0 0 0 0 0 0 0 0 0 0 0 0 0 0 0 0 0 0 0 0 0 0 0 0 0 0 0 0 0 0 0 0 0 0 0 0 0 0 0 0 0 0 0 0 0 0 0 0 0 0 0 0 0 0 0 0 0 0 0 0 0 0 0 0 0 0 0 0 0 0 0 0 0 0 0 0 0 0 0 0 0 0 0 0 0 0 0 0 0 0 0 0 0 0 0 0 0 0 0 0 0 0 0 0 0 0 0 0 0 0 0 0 0 0 0 0 0 0 0 0 0 0 0 0 0 0 0 0 0 0 0 0 0 0 0 0 0 0 0 0 0 0 0 0 0 0 0 0 0 0 0 0 0 0 0 0 0 0 0 0 0 0 0 0 0 0 0 0 0 0 0 0 0 0 0 0 0 0 0 0 0 0 0 0 0 0 0 0 0 0 0 0 0 0 0 0 0 0 0 0 0 0 0 0 0 0 0 0 0 0 0 0 0 0 0 0 0 0 0 0 0 0 0 0 0 0 0 0 0 0 0 0 0 0 0 0 0 0 0 0 0 0 0 0 0 0 0 0 0 0 0 0 0 0 0 0 0 0 0 0 0 0 0 0 0 0 0 0 0 0 0 0 0 0 0 0 0 0 0 0 0 0 0 0 0 0 0 0 0 0 0 0 0 0 0 0 0 0 0 0 0 0 0 0 0 0 0 0 0 0 0 0 0 0 0 0 0 0 0 0 0 0 0 0 0 0 0 0 0 0 0 0 0 0 0 0 0 0 0 0 0 0 0 0 0 0 0 0 0 0 0 0 0 0 0 0 0 0 0 0 0 0 0 0 0 0 0 0 0 0 0 0 0 0 0 0 0 0 0 0 0 0 0 0 0 0 0 0 0 0 0 0 0 0 0 0 0 0 0 0 0 0 0 0 0 0 0 0 0 0 0 0 0 0 0 0 0 0 0 0 0 0 0 0 0 0 0 0 0 0 0 0 0 0 0 0 0 0 0 0 0 0 0 0 0 0 0 0 0 0 0 0 0 0 0 0 0 0 0 0 0 0 0 0 0 0 0 0 0 0 0 0 0 0 0 0 0 0 0 0 0 0 0 0 0 0 0 0 0 0 0 0 0 0 0 0 0 0 0 0 0 0 0 0 0 0 0 0 0 0 0 0 0 0 0 0 0 0 0 0 0 0 0 0 0 0 0 0 0 0 0 0 0 0 0 0 0 0 0 0 0 0 0 0 0 0 0 0 0 0 0 0 0 0 0 0 0 0 0 0 0 0 0 0 0 0 0 0 0 0 0 0 0 0 0 0 0 0 0 0 0 0 0 0 0 0 0 0 0 0 0 0 0 0 0 0 0 0 0 0 0 0 0 0 0 0 0 0 0 0 0 0 0 0 0 0 0 0 0 0 0 0 0 0 0 0 0 0 0 0 0 0 0 0 0 0 0 0 0 0 0 0 0 0 0 0 0 0 0 0 0 0 0 0 0 0 0 0 0 0 0 0 0 0 0 0 0 0 0 0 0 0 0 0 0 0 0 0 0 0 0 0 0 0 0 0 0 0 0 0 0 0 0 0 0 0 0 0 0 0 0 0 0 0 0 0 0 0 0 0 0 0 0 0 0 0 0 0 0 0 0 0 0 0 0 0 0 0 0 0 0 0 0 0 0 0 0 0 0 0 0 0 0 0 0 0 0 0 0 0 0 0 0 0 0 0 0 0 0 0 0 0 0 0 0 0 0 0 0 0 0 0 0 0 0 0 0 0 0 0 0 0 0 0 0 0 0 0 0 0 0 0 0 0 0 0 0 0 0 0 0 0 0 0 0 0 0 0 0 0 0 0 0 0 0 0 0 0 0 0 0 0 0 0 0 0 0 0 0 0 0 0 0 0 0 0 0 0 0 0 0 0 0 0 0 0 0 0 0 0 0 0 0 0 0 0 0 0 0 0 0 0 0 0 0 0 0 0 0 0 0 0 0 0 0 0 0 0 0 0 0 0 0 0 0 0 0 0 0 0 0 0 0 0 0 0 0 0 0 0 0 0 0 0 0 0 0 0 0 0 0 0 0 0 0 0 0 0 0 0 0 0 0 0 0 0 0 0 0 0 0 0 0 0 0 0 0 0 0 0 0 0 0 0 0 0 0 0 0 0 0 0 0 0 0 0 0 0 0 0 0 0 0 0 0 0 0 0 0 0 0 0 0 0 0 0 0 0 0 0 0 0 0 0 0 0 0 0 0 0 0 0 0 0 0 0 0 0 0 0 0 0 0 0 0 0 0 0 0 0 0 0 0 0 0 0 0 0 0 0 0 0 0 0 0 0 0 0 0 0 0 0 0 0 0 0 0 0 0 0 0 0 0
ctxt 1426494637
btime 1790630938
processes 113073
procs_running 31
procs_blocked 0
softirq 1329086625 73526 2567275 1355351 1286868925 144673 0 7471510 18658718 410 11946237
--
cpu  1277118 465 673146 10137741 31513 0 258983 0 0 0
cpu0 44179 8 20086 316744 829 0 8912 0 0 0
cpu1 44658 10 19980 317814 568 0 8538 0 0 0
cpu2 45000 8 19875 317895 374 0 8476 0 0 0
cpu3 45779 11 20378 315760 1182 0 8517 0 0 0
cpu4 46099 9 20175 316068 721 0 8602 0 0 0
cpu5 45767 10 20087 316849 360 0 8477 0 0 0
cpu6 45247 8 19983 317484 350 0 8466 0 0 0
cpu7 44290 6 19768 318704 225 0 8288 0 0 0
cpu8 27623 13 20928 327073 1047 0 5488 0 0 0
cpu9 30709 15 21444 321682 2359 0 5688 0 0 0
cpu10 29833 14 21348 324073 1197 0 5806 0 0 0
cpu11 28311 12 20632 328232 630 0 5493 0 0 0
cpu12 45781 83 22044 306480 3039 0 5902 0 0 0
cpu13 44591 14 22279 307907 2419 0 6036 0 0 0
cpu14 28211 10 20228 330006 856 0 5378 0 0 0
cpu15 26768 11 18994 333873 645 0 4894 0 0 0
cpu16 48582 6 20837 313427 365 0 8670 0 0 0
cpu17 48446 6 20854 312543 1258 0 8704 0 0 0
cpu18 48215 6 20700 313979 285 0 8607 0 0 0
cpu19 49387 7 21165 311603 663 0 8847 0 0 0
cpu20 49574 9 21105 311712 694 0 8823 0 0 0
cpu21 48000 7 20632 313746 606 0 8673 0 0 0
cpu22 47024 7 20658 313499 336 0 8611 0 0 0
cpu23 45838 10 20346 316226 303 0 8514 0 0 0
cpu24 30559 14 21382 325833 846 0 5908 0 0 0
cpu25 33000 15 23198 317377 1607 0 6829 0 0 0
cpu26 32033 14 22870 319357 1230 0 6680 0 0 0
cpu27 27582 7 20497 319888 1073 0 11548 0 0 0
cpu28 44048 22 24056 295250 1919 0 14115 0 0 0
cpu29 45806 60 24336 292417 1898 0 14206 0 0 0
cpu30 26672 9 20660 319304 838 0 11387 0 0 0
cpu31 29494 9 21607 324918 775 0 5886 0 0 0
intr 1070326527 126 0 0 0 0 0 0 0 0 1 0 0 0 0 0 0 0 0 0 0 0 0 0 0 0 0 0 1 1 1 0 0 0 0 1 0 1 0 0 75045 0 0 0 0 0 0 0 0 411 0 0 0 0 0 0 0 0 87 0 0 0 0 0 0 0 0 0 0 0 0 0 0 0 139196 2 22039133 21989175 21952936 22067540 0 3320 2362 2921 1563 3082 2644 2061 2562 1475 10358 18232 10232 8198 13291 14828 11311 7405 2694 1792 1459 2366 2247 1934 1591 1626 8922 7190 5077 5649 6506 5748 6122 7968 0 0 0 0 616272 3014 1036 0 264 0 0 0 0 0 0 0 0 0 0 0 0 0 0 0 0 0 0 0 0 0 0 0 0 0 0 0 0 0 0 0 0 0 0 0 0 0 0 0 0 0 0 0 0 0 0 0 0 0 0 0 0 0 0 0 0 0 0 0 0 0 0 0 0 0 0 0 0 0 0 0 0 0 0 0 0 0 0 0 0 0 0 0 0 0 0 0 0 0 0 0 0 0 0 0 0 0 0 0 0 0 0 0 0 0 0 0 0 0 0 0 0 0 0 0 0 0 0 0 0 0 0 0 0 0 0 0 0 0 0 0 0 0 0 0 0 0 0 0 0 0 0 0 0 0 0 0 0 0 0 0 0 0 0 0 0 0 0 0 0 0 0 0 0 0 0 0 0 0 0 0 0 0 0 0 0 0 0 0 0 0 0 0 0 0 0 0 0 0 0 0 0 0 0 0 0 0 0 0 0 0 0 0 0 0 0 0 0 0 0 0 0 0 0 0 0 0 0 0 0 0 0 0 0 0 0 0 0 0 0 0 0 0 0 0 0 0 0 0 0 0 0 0 0 0 0 0 0 0 0 0 0 0 0 0 0 0 0 0 0 0 0 0 0 0 0 0 0 0 0 0 0 0 0 0 0 0 0 0 0 0 0 0 0 0 0 0 0 0 0 0 0 0 0 0 0 0 0 0 0 0 0 0 0 0 0 0 0 0 0 0 0 0 0 0 0 0 0 0 0 0 0 0 0 0 0 0 0 0 0 0 0 0 0 0 0 0 0 0 0 0 0 0 0 0 0 0 0 0 0 0 0 0 0 0 0 0 0 0 0 0 0 0 0 0 0 0 0 0 0 0 0 0 0 0 0 0 0 0 0 0 0 0 0 0 0 0 0 0 0 0 0 0 0 0 0 0 0 0 0 0 0 0 0 0 0 0 0 0 0 0 0 0 0 0 0 0 0 0 0 0 0 0 0 0 0 0 0 0 0 0 0 0 0 0 0 0 0 0 0 0 0 0 0 0 0 0 0 0 0 0 0 0 0 0 0 0 0 0 0 0 0 0 0 0 0 0 0 0 0 0 0 0 0 0 0 0 0 0 0 0 0 0 0 0 0 0 0 0 0 0 0 0 0 0 0 0 0 0 0 0 0 0 0 0 0 0 0 0 0 0 0 0 0 0 0 0 0 0 0 0 0 0 0 0 0 0 0 0 0 0 0 0 0 0 0 0 0 0 0 0 0 0 0 0 0 0 0 0 0 0 0 0 0 0 0 0 0 0 0 0 0 0 0 0 0 0 0 0 0 0 0 0 0 0 0 0 0 0 0 0 0 0 0 0 0 0 0 0 0 0 0 0 0 0 0 0 0 0 0 0 0 0 0 0 0 0 0 0 0 0 0 0 0 0 0 0 0 0 0 0 0 0 0 0 0 0 0 0 0 0 0 0 0 0 0 0 0 0 0 0 0 0 0 0 0 0 0 0 0 0 0 0 0 0 0 0 0 0 0 0 0 0 0 0 0 0 0 0 0 0 0 0 0 0 0 0 0 0 0 0 0 0 0 0 0 0 0 0 0 0 0 0 0 0 0 0 0 0 0 0 0 0 0 0 0 0 0 0 0 0 0 0 0 0 0 0 0 0 0 0 0 0 0 0 0 0 0 0 0 0 0 0 0 0 0 0 0 0 0 0 0 0 0 0 0 0 0 0 0 0 0 0 0 0 0 0 0 0 0 0 0 0 0 0 0 0 0 0 0 0 0 0 0 0 0 0 0 0 0 0 0 0 0 0 0 0 0 0 0 0 0 0 0 0 0 0 0 0 0 0 0 0 0 0 0 0 0 0 0 0 0 0 0 0 0 0 0 0 0 0 0 0 0 0 0 0 0 0 0 0 0 0 0 0 0 0 0 0 0 0 0 0 0 0 0 0 0 0 0 0 0 0 0 0 0 0 0 0 0 0 0 0 0 0 0 0 0 0 0 0 0 0 0 0 0 0 0 0 0 0 0 0 0 0 0 0 0 0 0 0 0 0 0 0 0 0 0 0 0 0 0 0 0 0 0 0 0 0 0 0 0 0 0 0 0 0 0 0 0 0 0 0 0 0 0 0 0 0 0 0 0 0 0 0 0 0 0 0 0 0 0 0 0 0 0 0 0 0 0 0 0 0 0 0 0 0 0 0 0 0 0 0 0 0 0 0 0 0 0 0 0 0 0 0 0 0 0 0 0 0 0 0 0 0 0 0 0 0 0 0 0 0 0 0 0 0 0 0 0 0 0 0 0 0 0 0 0 0 0 0 0 0 0 0 0 0 0 0 0 0 0 0 0 0 0 0 0 0 0 0 0 0 0 0 0 0 0 0 0 0 0 0 0 0 0 0 0 0 0 0 0 0 0 0 0 0 0 0 0 0 0 0 0 0 0 0 0 0 0 0 0 0 0 0 0 0 0 0 0 0 0 0 0 0 0 0 0 0 0 0 0 0 0 0 0 0 0 0 0 0 0
ctxt 1439326204
btime 1790630938
processes 113138
procs_running 28
procs_blocked 0
softirq 1333014178 73526 2573547 1356002 1290014586 144925 0 8001830 18826428 410 12022924
## client-stat
cpu  802962970 23598936 303434881 93437224888 610717871 0 8866379 0 0 0
cpu0 29447355 224394 7363011 1619924988 8331237 0 166119 0 0 0
cpu1 29266733 432889 7644796 1649255424 11021758 0 56031 0 0 0
cpu2 28200344 463108 7593893 1652794377 10878524 0 36923 0 0 0
cpu3 25943869 484906 6793814 1656248613 11039352 0 31095 0 0 0
cpu4 22369880 490414 6375462 1660311111 11076856 0 30591 0 0 0
cpu5 19970277 494023 5980843 1662913804 11317464 0 28778 0 0 0
cpu6 17828087 497511 5640204 1665541482 11192040 0 28961 0 0 0
cpu7 16614483 487783 5479584 1666976288 11171227 0 26989 0 0 0
cpu8 15341043 485635 5286930 1668197849 11408601 0 27009 0 0 0
cpu9 14907366 489844 5256206 1668689765 11338812 0 27182 0 0 0
cpu10 14408522 472357 5137743 1669199187 11495348 0 26405 0 0 0
cpu11 14133428 465792 5149591 1669201301 11700010 0 27556 0 0 0
cpu12 14189421 458188 5272446 1669314136 11397598 0 26633 0 0 0
cpu13 12800110 425511 5434964 1668758889 9922571 0 1897948 0 0 0
cpu14 31524510 477236 7838826 1650092703 10085288 0 176571 0 0 0
cpu15 21118670 503934 6806681 1660867469 10896715 0 174881 0 0 0
cpu16 17755629 491819 6317312 1664584098 11133773 0 175253 0 0 0
cpu17 14932867 500066 5674963 1668352123 10904734 0 170303 0 0 0
cpu18 13593544 505884 5523509 1670067515 10640476 0 174587 0 0 0
cpu19 12937796 472687 5420544 1670835360 10655433 0 173582 0 0 0
cpu20 13089002 493492 5354291 1670721560 10657860 0 174866 0 0 0
cpu21 12211364 482428 5341720 1671487468 10771544 0 173169 0 0 0
cpu22 11982621 482914 5343700 1671410476 11081749 0 175035 0 0 0
cpu23 11695034 471865 5193573 1672156988 10734629 0 174079 0 0 0
cpu24 11732037 448076 5196629 1671874973 11041836 0 172396 0 0 0
cpu25 11557936 450839 5260339 1672346392 10684592 0 179598 0 0 0
cpu26 12010729 478046 5300779 1671775590 10627866 0 181518 0 0 0
cpu27 13882767 464459 5488978 1669437617 10979898 0 178748 0 0 0
cpu28 18769174 361854 5861118 1658276459 9964368 0 1263649 0 0 0
cpu29 13427643 381424 5531863 1669054109 11673587 0 64048 0 0 0
cpu30 12752440 342093 5329468 1670895822 11247278 0 27282 0 0 0
cpu31 11677101 306256 5010943 1672841252 10868922 0 24624 0 0 0
cpu32 10895056 292303 4885816 1673255535 11397068 0 24466 0 0 0
cpu33 10507282 294659 4790081 1673059402 12114774 0 24037 0 0 0
cpu34 10107997 300801 4686255 1673716691 11872603 0 23155 0 0 0
cpu35 9690598 288349 4580021 1674418403 11825186 0 24802 0 0 0
cpu36 9561460 287721 4479341 1674939326 11575361 0 23061 0 0 0
cpu37 9402625 302139 4459723 1675113354 11595807 0 22797 0 0 0
cpu38 9341425 311327 4412458 1675480537 11334745 0 22949 0 0 0
cpu39 9403139 310554 4505411 1675251839 11304657 0 23701 0 0 0
cpu40 9357246 306218 4532628 1675482095 11111600 0 24527 0 0 0
cpu41 9760568 317785 4533629 1674786370 11289771 0 24098 0 0 0
cpu42 13910947 443034 5479215 1670134579 10331920 0 172057 0 0 0
cpu43 11930891 434858 5192059 1672266717 10395095 0 168564 0 0 0
cpu44 11767719 425576 5250221 1672598367 10306540 0 168840 0 0 0
cpu45 11245850 430940 5014531 1673269581 10414933 0 162440 0 0 0
cpu46 11128072 431394 5008947 1673295745 10520726 0 164036 0 0 0
cpu47 10943460 452452 5032126 1673323699 10626126 0 164911 0 0 0
cpu48 11671566 439673 5001230 1672729664 10596893 0 164181 0 0 0
cpu49 11121388 416764 5034513 1673449973 10393338 0 167268 0 0 0
cpu50 11067020 440746 4999877 1673152317 10735860 0 165904 0 0 0
cpu51 11322865 447564 5005047 1673055623 10531465 0 168481 0 0 0
cpu52 11034137 446614 4994993 1673181769 10709845 0 168690 0 0 0
cpu53 11095963 432568 5076610 1673200527 10559353 0 175535 0 0 0
cpu54 11462881 425131 5051833 1672787420 10642456 0 172794 0 0 0
cpu55 13161008 432016 5223571 1670870140 10589775 0 172653 0 0 0
intr 106380268960 74 4 0 0 0 0 0 0 0 0 0 0 6 0 0 0 0 360 213 2556235631 0 0 0 0 0 0 0 0 0 0 0 0 0 0 0 0 0 2395446482 426513982 8318502 677 278 24496490 0 0 0 0 0 0 0 0 0 0 0 0 0 0 0 0 0 0 0 0 0 0 0 0 0 0 0 0 0 0 0 0 0 0 0 0 0 0 0 0 0 0 0 0 0 0 0 0 0 0 0 0 0 0 0 0 0 0 0 0 0 0 0 0 0 0 0 0 0 0 0 0 0 0 0 0 0 0 0 0 0 0 0 0 0 0 0 0 0 0 0 0 0 0 0 0 0 0 0 0 0 0 0 0 0 0 0 0 0 0 0 0 0 0 0 0 0 0 0 0 0 0 0 0 0 0 0 0 0 0 0 0 0 0 0 0 0 0 0 0 0 0 0 0 0 0 0 0 0 0 0 0 0 0 0 0 0 0 0 0 0 0 0 0 0 0 0 0 0 0 0 0 0 0 0 0 0 0 0 0 0 0 0 0 0 0 0 0 0 0 0 0 0 0 0 0 0 0 0 0 0 0 0 0 0 0 0 0 0 0 0 0 0 0 0 0 0 0 0 0 0 0 0 0 0 0 0 0 0 0 0 0 0 0 0 0 0 0 0 0 0 0 0 0 0 0 0 0 0 0 0 0 0 0 0 0 0 0 0 0 0 0 0 0 0 0 0 0 0 0 0 0 0 0 0 0 0 0 0 0 0 0 0 0 0 0 0 0 0 0 0 0 0 0 0 0 0 0 0 0 0 0 0 0 0 0 0 0 0 0 0 0 0 0 0 0 0 0 0 0 0 0 0 0 0 0 0 0 0 0 0 0 0 0 0 0 0 0 0 0 0 0 0 0 0 0 0 0 0 0 0 0 0 0 0 0 0 0 0 0 0 0 0 0 0 0 0 0 0 0 0 0 0 0 0 0 0 0 0 0 0 0 0 0 0 0 0 0 0 0 0 0 0 0 0 0 0 0 0 0 0 0 0 0 0 0 0 0 0 0 0 0 0 0 0 0 0 0 0 0 0 0 0 0 0 0 0 0 0 0 0 0 0 0 0 0 0 0 0 0 0 0 0 0 0 0 0 0 0 0 0 0 0 0 0 0 0 0 0 0 0 0 0 0 0 0 0 0 0 0 0 0 0 0 0 0 0 0 0 0 0 0 0 0 0 0 0 0 0 0 0 0 0 0 0 0 0 0 0 0 0 0 0 0 0 0 0 0 0 0 0 0 0 0 0 0 0 0 0 0 0 0 0 0 0 0 0 0 0 0 0 0 0 0 0 0 0 0 0 0 0 0 0 0 0 0 0 0 0 0 0 0 0 0 0 0 0 0 0 0 0 0 0 0 0 0 0 0 0 0 0 0 0 0 0 0 0 0 0 0 0 0 0 0 0 0 0 0 0 0 0 0 0 0 0 0 0 0 0 0 0 0 0 0 0 0 0 0 0 0 0 0 0 0 0 0 0 0 0 0 0 0 0 0 0 0 0 0 0 0 0 0 0 0 0 0 0 0 0 0 0 0 0 0 0 0 0 0 0 0 0 0 0 0 0 0 0 0 0 0 0 0 0 0 0 0 0 0 0 0 0 0 0 0 0 0 0 0 0 0 0 0 0 0 0 0 0 0 0 0 0 0 0 0 0 0 0 0 0 0 0 0 0 0 0 0 0 0 0 0 0 0 0 0 0 0 0 0 0 0 0 0 0 0 0 0 0 0 0 0 0 0 0 0 0 0 0 0 0 0 0 0 0 0 0 0 0 0 0 0 0 0 0 0 0 0 0 0 0 0 0 0 0 0 0 0 0 0 0 0 0 0 0 0 0 0 0 0 0 0 0 0 0 0 0 0 0 0 0 0 0 0 0 0 0 0 0 0 0 0 0 0 0 0 0 0 0 0 0 0 0 0 0 0 0 0 0 0 0 0 0 0 0 0 0 0 0 0 0 0 0 0 0 0 0 0 0 0 0 0 0 0 0 0 0 0 0 0 0 0 0 0 0 0 0 0 0 0 0 0 0 0 0 0 0 0 0 0 0 0 0 0 0 0 0 0 0 0 0 0 0 0 0 0 0 0 0 0 0 0 0 0 0 0 0 0 0 0 0 0 0 0 0 0 0 0 0 0 0 0 0 0 0 0 0 0 0 0 0 0 0 0 0 0 0 0 0 0 0 0 0 0 0 0 0 0 0 0 0 0 0 0 0 0 0 0 0 0 0 0 0 0 0 0 0 0 0 0 0 0 0 0 0 0 0 0 0 0 0 0 0 0 0 0 0 0 0 0 0 0 0 0 0 0 0 0 0 0 0 0 0 0 0 0 0 0 0 0 0 0 0 0 0 0 0 0 0 0 0 0 0 0 0 0 0 0 0 0 0 0 0 0 0 0 0 0 0 0 0 0 0 0 0 0 0 0 0 0 0 0 0 0 0 0 0 0 0 0 0 0 0 0 0 0 0 0 0 0 0 0 0 0 0 0 0 0 0 0 0 0 0 0 0 0 0 0 0 0 0 0 0 0 0 0 0 0 0 0 0 0 0 0 0 0 0 0 0 0 0 0 0 0 0 0 0 0 0 0 0 0 0 0 0 0 0 0 0 0 0 0 0 0 0 0 0 0 0 0 0 0 0 0 0 0 0 0 0 0 0 0 0 0 0 0 0 0 0 0 0 0 0 0 0 0 0 0 0 0 0 0 0 0 0 0 0 0 0 0 0 0 0 0 0 0 0 0 0 0 0 0 0 0 0 0 0 0 0 0 0 0 0 0 0 0 0 0 0 0 0 0 0 0 0 0 0 0 0 0 0 0 0 0 0 0 0 0 0 0 0 0 0 0 0 0 0 0 0 0 0 0 0 0 0 0 0 0 0 0 0 0 0 0 0 0 0 0 0 0 0 0 0 0 0 0 0 0 0 0 0 0 0 0 0 0 0 0 0 0 0 0 0 0 0 0 0 0 0 0 0 0 0 0 0 0 0 0 0 0 0 0 0 0 0 0 0 0 0 0 0 0 0 0 0 0 0 0 0 0 0 0 0 0 0 0 0 0 0 0 0 0 0 0 0 0 0 0 0 0 0 0 0 0 0 0 0 0 0 0 0 0 0 0 0 0 0 0 0 0 0 0 0 0 0 0 0 0 0 0 0 0 0 0 0 0 0 0 0 0 0 0 0 0 0 0 0 0 0 0 0 0 0 0 0 0 0 0 0 0 0 0 0 0 0 0 0 0 0 0 0 0 0 0 0 0 0 0 0 0 0 0 0 0 0 0 0 0 0 0 0 0 0 0 0 0 0 0 0 0 0 0 0 0 0 0 0 0 0 0 0 0 0 0 0 0 0 0 0 0 0 0 0 0 0 0 0 0 0 0 0 0 0 0 0 0 0 0 0 0 0 0 0 0 0 0 0 0 0 0 0 0 0 0 0 0 0 0 0 0 0 0 0 0 0 0 0 0 0 0 0 0 0 0 0 0 0 0 0 0 0 0 0 0 0 0 0 0 0 0 0 0 0 0 0 0 0 0 0 0 0 0 0 0 0 0 0 0 0 0 0 0 0 0 0 0 0 0 0 0 0 0 0 0 0 0 0 0 0 0 0 0 0 0 0 0 0 0 0 0 0 0 0 0 0 0 0 0 0 0 0 0 0 0 0 0 0 0 0 0 0 0 0 0 0 0 0 0 0 0 0 0 0 0 0 0 0 0 0 0 0 0 0 0 0 0 0 0 0 0 0 0 0 0 0 0 0 0 0 0 0 0 0 0 0 0 0 0 0 0 0 0 0 0 0 0 0
ctxt 208327011177
btime 1773600682
processes 94929601
procs_running 11
procs_blocked 0
softirq 43056585224 256 2278649286 38774373 905190342 1476321151 0 2936418436 574049640 5109161 482334211
--
cpu  802964835 23598936 303443488 93437253884 610718368 0 8869882 0 0 0
cpu0 29447376 224394 7363108 1619925549 8331250 0 166150 0 0 0
cpu1 29266789 432889 7644951 1649255933 11021763 0 56075 0 0 0
cpu2 28200392 463108 7594050 1652794877 10878543 0 36968 0 0 0
cpu3 25943919 484906 6793965 1656249092 11039402 0 31137 0 0 0
cpu4 22369951 490414 6375613 1660311605 11076873 0 30637 0 0 0
cpu5 19970309 494023 5981001 1662914334 11317475 0 28821 0 0 0
cpu6 17828130 497511 5640358 1665542001 11192056 0 29007 0 0 0
cpu7 16614516 487783 5479740 1666976818 11171239 0 27032 0 0 0
cpu8 15341079 485635 5287092 1668198373 11408613 0 27056 0 0 0
cpu9 14907403 489844 5256358 1668690299 11338818 0 27231 0 0 0
cpu10 14408568 472357 5137896 1669199677 11495393 0 26445 0 0 0
cpu11 14133461 465792 5149750 1669201821 11700029 0 27601 0 0 0
cpu12 14189463 458188 5272595 1669314670 11397598 0 26676 0 0 0
cpu13 12800139 425511 5435125 1668759420 9922579 0 1897999 0 0 0
cpu14 31524537 477236 7838985 1650093233 10085291 0 176627 0 0 0
cpu15 21118695 503934 6806838 1660867984 10896734 0 174938 0 0 0
cpu16 17755657 491819 6317473 1664584631 11133773 0 175307 0 0 0
cpu17 14932897 500066 5675131 1668352647 10904734 0 170350 0 0 0
cpu18 13593570 505884 5523671 1670068038 10640490 0 174639 0 0 0
cpu19 12937823 472687 5420707 1670835895 10655435 0 173637 0 0 0
cpu20 13089029 493492 5354449 1670722094 10657864 0 174918 0 0 0
cpu21 12211392 482428 5341883 1671488005 10771544 0 173218 0 0 0
cpu22 11982647 482914 5343862 1671410988 11081773 0 175091 0 0 0
cpu23 11695069 471865 5193745 1672157513 10734629 0 174127 0 0 0
cpu24 11732061 448076 5196787 1671875509 11041839 0 172446 0 0 0
cpu25 11557961 450839 5260505 1672346907 10684606 0 179652 0 0 0
cpu26 12010755 478046 5300937 1671776114 10627874 0 181575 0 0 0
cpu27 13882801 464459 5489143 1669438139 10979901 0 178798 0 0 0
cpu28 18769174 361854 5861119 1658276464 9964368 0 1264445 0 0 0
cpu29 13427679 381424 5532014 1669054649 11673593 0 64094 0 0 0
cpu30 12752472 342093 5329629 1670896360 11247286 0 27331 0 0 0
cpu31 11677144 306256 5011088 1672841789 10868928 0 24664 0 0 0
cpu32 10895085 292303 4885968 1673256079 11397074 0 24511 0 0 0
cpu33 10507311 294659 4790231 1673059935 12114792 0 24083 0 0 0
cpu34 10108043 300801 4686403 1673717214 11872616 0 23198 0 0 0
cpu35 9690640 288349 4580178 1674418938 11825191 0 24847 0 0 0
cpu36 9561494 287721 4479496 1674939859 11575377 0 23104 0 0 0
cpu37 9402669 302139 4459872 1675113890 11595812 0 22843 0 0 0
cpu38 9341481 311327 4412609 1675481062 11334750 0 22992 0 0 0
cpu39 9403192 310554 4505567 1675252355 11304672 0 23749 0 0 0
cpu40 9357293 306218 4532788 1675482608 11111617 0 24571 0 0 0
cpu41 9760601 317785 4533788 1674786887 11289798 0 24149 0 0 0
cpu42 13910973 443034 5479370 1670135109 10331926 0 172112 0 0 0
cpu43 11930919 434858 5192220 1672267241 10395103 0 168621 0 0 0
cpu44 11767742 425576 5250383 1672598902 10306540 0 168895 0 0 0
cpu45 11245877 430940 5014690 1673270122 10414933 0 162492 0 0 0
cpu46 11128103 431394 5009102 1673296279 10520726 0 164087 0 0 0
cpu47 10943485 452452 5032294 1673324236 10626126 0 164965 0 0 0
cpu48 11671592 439673 5001391 1672730199 10596893 0 164236 0 0 0
cpu49 11121414 416764 5034672 1673450510 10393338 0 167321 0 0 0
cpu50 11067048 440746 5000030 1673152855 10735860 0 165958 0 0 0
cpu51 11322896 447564 5005201 1673056159 10531465 0 168534 0 0 0
cpu52 11034165 446614 4995144 1673182306 10709848 0 168748 0 0 0
cpu53 11095985 432568 5076771 1673201062 10559353 0 175591 0 0 0
cpu54 11462911 425131 5051996 1672787951 10642456 0 172852 0 0 0
cpu55 13161033 432016 5223730 1670870670 10589779 0 172706 0 0 0
intr 106380985910 74 4 0 0 0 0 0 0 0 0 0 0 6 0 0 0 0 360 213 2556238305 0 0 0 0 0 0 0 0 0 0 0 0 0 0 0 0 0 2395447783 426514173 8318506 677 278 24496490 0 0 0 0 0 0 0 0 0 0 0 0 0 0 0 0 0 0 0 0 0 0 0 0 0 0 0 0 0 0 0 0 0 0 0 0 0 0 0 0 0 0 0 0 0 0 0 0 0 0 0 0 0 0 0 0 0 0 0 0 0 0 0 0 0 0 0 0 0 0 0 0 0 0 0 0 0 0 0 0 0 0 0 0 0 0 0 0 0 0 0 0 0 0 0 0 0 0 0 0 0 0 0 0 0 0 0 0 0 0 0 0 0 0 0 0 0 0 0 0 0 0 0 0 0 0 0 0 0 0 0 0 0 0 0 0 0 0 0 0 0 0 0 0 0 0 0 0 0 0 0 0 0 0 0 0 0 0 0 0 0 0 0 0 0 0 0 0 0 0 0 0 0 0 0 0 0 0 0 0 0 0 0 0 0 0 0 0 0 0 0 0 0 0 0 0 0 0 0 0 0 0 0 0 0 0 0 0 0 0 0 0 0 0 0 0 0 0 0 0 0 0 0 0 0 0 0 0 0 0 0 0 0 0 0 0 0 0 0 0 0 0 0 0 0 0 0 0 0 0 0 0 0 0 0 0 0 0 0 0 0 0 0 0 0 0 0 0 0 0 0 0 0 0 0 0 0 0 0 0 0 0 0 0 0 0 0 0 0 0 0 0 0 0 0 0 0 0 0 0 0 0 0 0 0 0 0 0 0 0 0 0 0 0 0 0 0 0 0 0 0 0 0 0 0 0 0 0 0 0 0 0 0 0 0 0 0 0 0 0 0 0 0 0 0 0 0 0 0 0 0 0 0 0 0 0 0 0 0 0 0 0 0 0 0 0 0 0 0 0 0 0 0 0 0 0 0 0 0 0 0 0 0 0 0 0 0 0 0 0 0 0 0 0 0 0 0 0 0 0 0 0 0 0 0 0 0 0 0 0 0 0 0 0 0 0 0 0 0 0 0 0 0 0 0 0 0 0 0 0 0 0 0 0 0 0 0 0 0 0 0 0 0 0 0 0 0 0 0 0 0 0 0 0 0 0 0 0 0 0 0 0 0 0 0 0 0 0 0 0 0 0 0 0 0 0 0 0 0 0 0 0 0 0 0 0 0 0 0 0 0 0 0 0 0 0 0 0 0 0 0 0 0 0 0 0 0 0 0 0 0 0 0 0 0 0 0 0 0 0 0 0 0 0 0 0 0 0 0 0 0 0 0 0 0 0 0 0 0 0 0 0 0 0 0 0 0 0 0 0 0 0 0 0 0 0 0 0 0 0 0 0 0 0 0 0 0 0 0 0 0 0 0 0 0 0 0 0 0 0 0 0 0 0 0 0 0 0 0 0 0 0 0 0 0 0 0 0 0 0 0 0 0 0 0 0 0 0 0 0 0 0 0 0 0 0 0 0 0 0 0 0 0 0 0 0 0 0 0 0 0 0 0 0 0 0 0 0 0 0 0 0 0 0 0 0 0 0 0 0 0 0 0 0 0 0 0 0 0 0 0 0 0 0 0 0 0 0 0 0 0 0 0 0 0 0 0 0 0 0 0 0 0 0 0 0 0 0 0 0 0 0 0 0 0 0 0 0 0 0 0 0 0 0 0 0 0 0 0 0 0 0 0 0 0 0 0 0 0 0 0 0 0 0 0 0 0 0 0 0 0 0 0 0 0 0 0 0 0 0 0 0 0 0 0 0 0 0 0 0 0 0 0 0 0 0 0 0 0 0 0 0 0 0 0 0 0 0 0 0 0 0 0 0 0 0 0 0 0 0 0 0 0 0 0 0 0 0 0 0 0 0 0 0 0 0 0 0 0 0 0 0 0 0 0 0 0 0 0 0 0 0 0 0 0 0 0 0 0 0 0 0 0 0 0 0 0 0 0 0 0 0 0 0 0 0 0 0 0 0 0 0 0 0 0 0 0 0 0 0 0 0 0 0 0 0 0 0 0 0 0 0 0 0 0 0 0 0 0 0 0 0 0 0 0 0 0 0 0 0 0 0 0 0 0 0 0 0 0 0 0 0 0 0 0 0 0 0 0 0 0 0 0 0 0 0 0 0 0 0 0 0 0 0 0 0 0 0 0 0 0 0 0 0 0 0 0 0 0 0 0 0 0 0 0 0 0 0 0 0 0 0 0 0 0 0 0 0 0 0 0 0 0 0 0 0 0 0 0 0 0 0 0 0 0 0 0 0 0 0 0 0 0 0 0 0 0 0 0 0 0 0 0 0 0 0 0 0 0 0 0 0 0 0 0 0 0 0 0 0 0 0 0 0 0 0 0 0 0 0 0 0 0 0 0 0 0 0 0 0 0 0 0 0 0 0 0 0 0 0 0 0 0 0 0 0 0 0 0 0 0 0 0 0 0 0 0 0 0 0 0 0 0 0 0 0 0 0 0 0 0 0 0 0 0 0 0 0 0 0 0 0 0 0 0 0 0 0 0 0 0 0 0 0 0 0 0 0 0 0 0 0 0 0 0 0 0 0 0 0 0 0 0 0 0 0 0 0 0 0 0 0 0 0 0 0 0 0 0 0 0 0 0 0 0 0 0 0 0 0 0 0 0 0 0 0 0 0 0 0 0 0 0 0 0 0 0 0 0 0 0 0 0 0 0 0 0 0 0 0 0 0 0 0 0 0 0 0 0 0 0 0 0 0 0 0 0 0 0 0 0 0 0 0 0 0 0 0 0 0 0 0 0 0 0 0 0 0 0 0 0 0 0 0 0 0 0 0 0 0 0 0 0 0 0 0 0 0 0 0 0 0 0 0 0 0 0 0 0 0 0 0 0 0 0 0 0 0 0 0 0 0 0 0 0 0 0 0 0 0 0 0 0 0 0 0 0 0 0 0 0 0 0 0 0 0 0 0 0 0 0 0 0 0 0 0 0 0 0 0 0 0 0 0 0 0 0 0 0 0 0 0 0 0 0 0 0 0 0 0 0 0 0 0 0 0 0 0 0 0 0 0 0 0 0 0 0 0 0 0 0 0 0 0 0 0 0 0 0 0 0 0 0 0 0 0 0 0 0 0 0 0 0 0 0 0 0 0 0 0 0 0 0 0 0 0 0 0 0 0 0 0 0 0 0 0 0 0 0 0 0 0 0 0 0 0 0 0 0 0 0 0 0 0 0 0 0 0 0 0 0 0 0 0 0 0 0 0 0 0 0 0 0 0 0 0 0 0 0 0 0 0 0 0 0 0 0 0 0 0 0 0 0 0 0 0 0 0 0 0 0 0 0 0 0 0 0 0 0 0 0 0 0 0 0 0 0 0 0 0 0 0 0 0 0 0 0 0 0 0 0 0 0 0 0 0 0 0 0 0 0 0 0 0 0 0 0 0 0 0 0 0 0 0 0 0 0 0 0 0 0 0 0 0 0 0 0 0 0 0 0 0 0 0 0 0 0 0 0 0 0 0 0 0 0 0 0 0 0 0 0 0 0 0 0 0 0 0 0 0 0 0 0 0 0 0 0 0 0 0 0 0 0 0 0 0 0 0 0 0 0 0 0 0 0 0 0 0 0 0 0 0 0 0 0 0 0 0 0 0 0 0 0 0 0 0 0 0 0 0 0 0 0 0 0 0 0 0 0 0 0 0 0 0 0 0 0 0 0 0 0 0 0 0 0 0 0 0 0 0 0 0 0 0 0 0 0 0 0 0 0 0 0 0 0 0 0 0 0 0 0 0 0 0 0 0 0 0 0 0 0 0 0 0 0
ctxt 208331918445
btime 1773600682
processes 94929627
procs_running 5
procs_blocked 0
softirq 43058385119 256 2278651190 38788866 906743810 1476322495 0 2936421557 574198239 5109161 482411177
