Running 10s test @ http://192.168.10.15:18500/page
  32 threads and 512 connections
  Thread Stats   Avg      Stdev     Max   +/- Stdev
    Latency    45.04ms    4.30ms 116.22ms   96.96%
    Req/Sec   355.94     40.55   707.00     82.40%
  Latency Distribution
     50%   45.31ms
     75%   45.46ms
     90%   45.68ms
     99%   49.44ms
  113953 requests in 10.10s, 1.10GB read
Requests/sec:  11283.10
Transfer/sec:    111.27MB
## drops 0 0
## server-stat
cpu  1371818 489 708005 10814192 32002 0 269142 0 0 0
cpu0 46466 8 21071 339172 830 0 9099 0 0 0
cpu1 46896 10 20899 340509 572 0 8679 0 0 0
cpu2 47165 8 20777 340729 376 0 8596 0 0 0
cpu3 47957 11 21230 338649 1184 0 8635 0 0 0
cpu4 48281 10 21018 338968 723 0 8725 0 0 0
cpu5 47882 10 20902 339845 360 0 8595 0 0 0
cpu6 47284 8 20799 340564 354 0 8578 0 0 0
cpu7 46205 7 20557 341934 226 0 8393 0 0 0
cpu8 30663 14 22100 347787 1068 0 5664 0 0 0
cpu9 33977 16 22645 342074 2417 0 5893 0 0 0
cpu10 33166 15 22542 344480 1207 0 6010 0 0 0
cpu11 31543 12 21807 348805 661 0 5676 0 0 0
cpu12 49427 84 23277 326435 3074 0 6130 0 0 0
cpu13 48305 15 23561 327748 2465 0 6279 0 0 0
cpu14 31390 11 21418 350654 871 0 5551 0 0 0
cpu15 29809 11 20122 354731 653 0 5063 0 0 0
cpu16 51118 6 21793 335771 369 0 8822 0 0 0
cpu17 51174 6 21865 334610 1263 0 8874 0 0 0
cpu18 50960 7 21752 335947 288 0 8777 0 0 0
cpu19 52565 8 22326 332953 665 0 9078 0 0 0
cpu20 52861 10 22268 332949 703 0 9063 0 0 0
cpu21 50952 7 21737 335423 607 0 8852 0 0 0
cpu22 49742 8 21674 335513 354 0 8754 0 0 0
cpu23 48208 10 21305 338718 303 0 8638 0 0 0
cpu24 34219 15 22648 345794 859 0 6175 0 0 0
cpu25 36839 17 24497 337088 1612 0 7129 0 0 0
cpu26 35805 16 24146 339107 1285 0 6969 0 0 0
cpu27 30790 8 21622 339034 1128 0 12665 0 0 0
cpu28 47859 24 25322 313618 1957 0 15538 0 0 0
cpu29 49620 63 25600 310780 1936 0 15646 0 0 0
cpu30 29677 10 21843 338702 842 0 12468 0 0 0
cpu31 33002 9 22866 345088 776 0 6112 0 0 0
intr 1195022683 126 0 0 0 0 0 0 0 0 1 0 0 0 0 0 0 0 0 0 0 0 0 0 0 0 0 0 1 1 1 0 0 0 0 1 0 1 0 0 75045 0 0 0 0 0 0 0 0 411 0 0 0 0 0 0 0 0 87 0 0 0 0 0 0 0 0 0 0 0 0 0 0 0 144737 2 25592569 25534949 25495375 25619798 0 3540 2406 2947 1585 3093 2652 2075 2562 1482 10375 18299 10250 8271 13317 14978 11360 7435 2700 1796 1477 2370 2249 1946 1622 1627 8961 7238 5116 5824 6512 5837 6141 7992 0 0 0 0 616288 3052 1036 0 264 0 0 0 0 0 0 0 0 0 0 0 0 0 0 0 0 0 0 0 0 0 0 0 0 0 0 0 0 0 0 0 0 0 0 0 0 0 0 0 0 0 0 0 0 0 0 0 0 0 0 0 0 0 0 0 0 0 0 0 0 0 0 0 0 0 0 0 0 0 0 0 0 0 0 0 0 0 0 0 0 0 0 0 0 0 0 0 0 0 0 0 0 0 0 0 0 0 0 0 0 0 0 0 0 0 0 0 0 0 0 0 0 0 0 0 0 0 0 0 0 0 0 0 0 0 0 0 0 0 0 0 0 0 0 0 0 0 0 0 0 0 0 0 0 0 0 0 0 0 0 0 0 0 0 0 0 0 0 0 0 0 0 0 0 0 0 0 0 0 0 0 0 0 0 0 0 0 0 0 0 0 0 0 0 0 0 0 0 0 0 0 0 0 0 0 0 0 0 0 0 0 0 0 0 0 0 0 0 0 0 0 0 0 0 0 0 0 0 0 0 0 0 0 0 0 0 0 0 0 0 0 0 0 0 0 0 0 0 0 0 0 0 0 0 0 0 0 0 0 0 0 0 0 0 0 0 0 0 0 0 0 0 0 0 0 0 0 0 0 0 0 0 0 0 0 0 0 0 0 0 0 0 0 0 0 0 0 0 0 0 0 0 0 0 0 0 0 0 0 0 0 0 0 0 0 0 0 0 0 0 0 0 0 0 0 0 0 0 0 0 0 0 0 0 0 0 0 0 0 0 0 0 0 0 0 0 0 0 0 0 0 0 0 0 0 0 0 0 0 0 0 0 0 0 0 0 0 0 0 0 0 0 0 0 0 0 0 0 0 0 0 0 0 0 0 0 0 0 0 0 0 0 0 0 0 0 0 0 0 0 0 0 0 0 0 0 0 0 0 0 0 0 0 0 0 0 0 0 0 0 0 0 0 0 0 0 0 0 0 0 0 0 0 0 0 0 0 0 0 0 0 0 0 0 0 0 0 0 0 0 0 0 0 0 0 0 0 0 0 0 0 0 0 0 0 0 0 0 0 0 0 0 0 0 0 0 0 0 0 0 0 0 0 0 0 0 0 0 0 0 0 0 0 0 0 0 0 0 0 0 0 0 0 0 0 0 0 0 0 0 0 0 0 0 0 0 0 0 0 0 0 0 0 0 0 0 0 0 0 0 0 0 0 0 0 0 0 0 0 0 0 0 0 0 0 0 0 0 0 0 0 0 0 0 0 0 0 0 0 0 0 0 0 0 0 0 0 0 0 0 0 0 0 0 0 0 0 0 0 0 0 0 0 0 0 0 0 0 0 0 0 0 0 0 0 0 0 0 0 0 0 0 0 0 0 0 0 0 0 0 0 0 0 0 0 0 0 0 0 0 0 0 0 0 0 0 0 0 0 0 0 0 0 0 0 0 0 0 0 0 0 0 0 0 0 0 0 0 0 0 0 0 0 0 0 0 0 0 0 0 0 0 0 0 0 0 0 0 0 0 0 0 0 0 0 0 0 0 0 0 0 0 0 0 0 0 0 0 0 0 0 0 0 0 0 0 0 0 0 0 0 0 0 0 0 0 0 0 0 0 0 0 0 0 0 0 0 0 0 0 0 0 0 0 0 0 0 0 0 0 0 0 0 0 0 0 0 0 0 0 0 0 0 0 0 0 0 0 0 0 0 0 0 0 0 0 0 0 0 0 0 0 0 0 0 0 0 0 0 0 0 0 0 0 0 0 0 0 0 0 0 0 0 0 0 0 0 0 0 0 0 0 0 0 0 0 0 0 0 0 0 0 0 0 0 0 0 0 0 0 0 0 0 0 0 0 0 0 0 0 0 0 0 0 0 0 0 0 0 0 0 0 0 0 0 0 0 0 0 0 0 0 0 0 0 0 0 0 0 0 0 0 0 0 0 0 0 0 0 0 0 0 0 0 0 0 0 0 0 0 0 0 0 0 0 0 0 0 0 0 0 0 0 0 0 0 0 0 0 0 0 0 0 0 0 0 0 0 0 0 0 0 0 0 0 0 0 0 0 0 0 0 0 0 0 0 0 0 0 0 0 0 0 0 0 0 0 0 0 0 0 0 0 0 0 0 0 0 0 0 0 0 0 0 0 0 0 0 0 0 0 0 0 0 0 0 0 0 0 0 0 0 0 0 0 0 0 0 0 0 0 0 0 0 0 0 0 0 0 0 0 0 0 0 0 0 0 0 0 0 0 0 0 0 0 0 0 0 0 0 0 0 0 0 0 0 0 0 0 0 0 0 0 0 0 0 0 0 0 0 0 0 0 0 0 0 0 0 0 0 0 0 0 0 0 0 0 0 0 0 0 0 0 0 0 0 0 0 0 0 0 0 0 0 0 0 0 0 0 0 0 0 0 0 0 0 0 0 0 0 0 0 0 0 0 0 0 0 0 0 0 0 0 0 0 0 0 0 0 0 0 0 0 0 0 0 0 0 0 0 0 0 0 0 0 0 0 0 0 0 0 0
ctxt 1580201507
btime 1790630938
processes 121454
procs_running 2
procs_blocked 0
softirq 1391011456 73526 2931966 1758238 1343075026 150670 0 9427618 20476151 410 13117851
--
cpu  1372365 490 708055 10839076 32019 0 269195 0 0 0
cpu0 46468 9 21072 339963 830 0 9106 0 0 0
cpu1 46896 10 20899 341308 572 0 8679 0 0 0
cpu2 47165 8 20777 341527 376 0 8596 0 0 0
cpu3 47958 11 21230 339446 1184 0 8635 0 0 0
cpu4 48283 10 21018 339764 723 0 8725 0 0 0
cpu5 47882 10 20902 340644 360 0 8595 0 0 0
cpu6 47284 8 20799 341364 354 0 8578 0 0 0
cpu7 46205 7 20557 342734 226 0 8393 0 0 0
cpu8 30692 14 22103 348551 1069 0 5666 0 0 0
cpu9 34022 16 22650 342820 2417 0 5896 0 0 0
cpu10 33213 15 22545 345227 1207 0 6012 0 0 0
cpu11 31573 12 21810 349567 661 0 5679 0 0 0
cpu12 49479 84 23284 327170 3074 0 6134 0 0 0
cpu13 48368 15 23566 328461 2480 0 6282 0 0 0
cpu14 31415 11 21420 351423 871 0 5552 0 0 0
cpu15 29830 11 20124 355505 653 0 5064 0 0 0
cpu16 51118 6 21793 336570 369 0 8822 0 0 0
cpu17 51175 6 21865 335409 1263 0 8874 0 0 0
cpu18 50960 7 21752 336746 289 0 8777 0 0 0
cpu19 52566 8 22326 333751 665 0 9078 0 0 0
cpu20 52861 10 22268 333747 704 0 9063 0 0 0
cpu21 50952 7 21737 336221 607 0 8852 0 0 0
cpu22 49742 8 21674 336313 354 0 8754 0 0 0
cpu23 48208 10 21305 339518 303 0 8638 0 0 0
cpu24 34236 15 22649 346576 859 0 6176 0 0 0
cpu25 36863 17 24500 337859 1612 0 7130 0 0 0
cpu26 35828 16 24148 339877 1285 0 6970 0 0 0
cpu27 30803 8 21624 339812 1128 0 12667 0 0 0
cpu28 47918 24 25326 314343 1957 0 15546 0 0 0
cpu29 49678 63 25606 311503 1936 0 15655 0 0 0
cpu30 29699 10 21844 339468 842 0 12472 0 0 0
cpu31 33013 9 22867 345874 776 0 6112 0 0 0
intr 1195627652 126 0 0 0 0 0 0 0 0 1 0 0 0 0 0 0 0 0 0 0 0 0 0 0 0 0 0 1 1 1 0 0 0 0 1 0 1 0 0 75045 0 0 0 0 0 0 0 0 411 0 0 0 0 0 0 0 0 87 0 0 0 0 0 0 0 0 0 0 0 0 0 0 0 144856 2 25655487 25597929 25559486 25682185 0 3548 2406 2947 1585 3093 2653 2075 2562 1482 10409 18299 10250 8333 13317 14978 11360 7435 2700 1796 1483 2370 2249 1946 1622 1628 8961 7238 5116 5826 6512 5837 6143 7992 0 0 0 0 616288 3052 1036 0 264 0 0 0 0 0 0 0 0 0 0 0 0 0 0 0 0 0 0 0 0 0 0 0 0 0 0 0 0 0 0 0 0 0 0 0 0 0 0 0 0 0 0 0 0 0 0 0 0 0 0 0 0 0 0 0 0 0 0 0 0 0 0 0 0 0 0 0 0 0 0 0 0 0 0 0 0 0 0 0 0 0 0 0 0 0 0 0 0 0 0 0 0 0 0 0 0 0 0 0 0 0 0 0 0 0 0 0 0 0 0 0 0 0 0 0 0 0 0 0 0 0 0 0 0 0 0 0 0 0 0 0 0 0 0 0 0 0 0 0 0 0 0 0 0 0 0 0 0 0 0 0 0 0 0 0 0 0 0 0 0 0 0 0 0 0 0 0 0 0 0 0 0 0 0 0 0 0 0 0 0 0 0 0 0 0 0 0 0 0 0 0 0 0 0 0 0 0 0 0 0 0 0 0 0 0 0 0 0 0 0 0 0 0 0 0 0 0 0 0 0 0 0 0 0 0 0 0 0 0 0 0 0 0 0 0 0 0 0 0 0 0 0 0 0 0 0 0 0 0 0 0 0 0 0 0 0 0 0 0 0 0 0 0 0 0 0 0 0 0 0 0 0 0 0 0 0 0 0 0 0 0 0 0 0 0 0 0 0 0 0 0 0 0 0 0 0 0 0 0 0 0 0 0 0 0 0 0 0 0 0 0 0 0 0 0 0 0 0 0 0 0 0 0 0 0 0 0 0 0 0 0 0 0 0 0 0 0 0 0 0 0 0 0 0 0 0 0 0 0 0 0 0 0 0 0 0 0 0 0 0 0 0 0 0 0 0 0 0 0 0 0 0 0 0 0 0 0 0 0 0 0 0 0 0 0 0 0 0 0 0 0 0 0 0 0 0 0 0 0 0 0 0 0 0 0 0 0 0 0 0 0 0 0 0 0 0 0 0 0 0 0 0 0 0 0 0 0 0 0 0 0 0 0 0 0 0 0 0 0 0 0 0 0 0 0 0 0 0 0 0 0 0 0 0 0 0 0 0 0 0 0 0 0 0 0 0 0 0 0 0 0 0 0 0 0 0 0 0 0 0 0 0 0 0 0 0 0 0 0 0 0 0 0 0 0 0 0 0 0 0 0 0 0 0 0 0 0 0 0 0 0 0 0 0 0 0 0 0 0 0 0 0 0 0 0 0 0 0 0 0 0 0 0 0 0 0 0 0 0 0 0 0 0 0 0 0 0 0 0 0 0 0 0 0 0 0 0 0 0 0 0 0 0 0 0 0 0 0 0 0 0 0 0 0 0 0 0 0 0 0 0 0 0 0 0 0 0 0 0 0 0 0 0 0 0 0 0 0 0 0 0 0 0 0 0 0 0 0 0 0 0 0 0 0 0 0 0 0 0 0 0 0 0 0 0 0 0 0 0 0 0 0 0 0 0 0 0 0 0 0 0 0 0 0 0 0 0 0 0 0 0 0 0 0 0 0 0 0 0 0 0 0 0 0 0 0 0 0 0 0 0 0 0 0 0 0 0 0 0 0 0 0 0 0 0 0 0 0 0 0 0 0 0 0 0 0 0 0 0 0 0 0 0 0 0 0 0 0 0 0 0 0 0 0 0 0 0 0 0 0 0 0 0 0 0 0 0 0 0 0 0 0 0 0 0 0 0 0 0 0 0 0 0 0 0 0 0 0 0 0 0 0 0 0 0 0 0 0 0 0 0 0 0 0 0 0 0 0 0 0 0 0 0 0 0 0 0 0 0 0 0 0 0 0 0 0 0 0 0 0 0 0 0 0 0 0 0 0 0 0 0 0 0 0 0 0 0 0 0 0 0 0 0 0 0 0 0 0 0 0 0 0 0 0 0 0 0 0 0 0 0 0 0 0 0 0 0 0 0 0 0 0 0 0 0 0 0 0 0 0 0 0 0 0 0 0 0 0 0 0 0 0 0 0 0 0 0 0 0 0 0 0 0 0 0 0 0 0 0 0 0 0 0 0 0 0 0 0 0 0 0 0 0 0 0 0 0 0 0 0 0 0 0 0 0 0 0 0 0 0 0 0 0 0 0 0 0 0 0 0 0 0 0 0 0 0 0 0 0 0 0 0 0 0 0 0 0 0 0 0 0 0 0 0 0 0 0 0 0 0 0 0 0 0 0 0 0 0 0 0 0 0 0 0 0 0 0 0 0 0 0 0 0 0 0 0 0 0 0 0 0 0 0 0 0 0 0 0 0 0 0 0 0 0 0 0 0 0 0 0 0 0 0 0 0 0 0 0 0 0 0 0 0 0 0 0 0 0 0 0 0 0 0 0 0 0 0 0 0 0 0 0 0 0 0 0 0 0 0 0 0 0 0 0 0 0 0 0 0 0 0 0 0 0 0 0 0 0 0 0 0 0 0 0 0 0 0 0 0 0 0 0 0 0 0 0 0 0 0 0 0 0 0 0 0 0 0 0 0 0 0 0 0 0 0 0 0 0 0 0 0 0
ctxt 1580435569
btime 1790630938
processes 121531
procs_running 1
procs_blocked 0
softirq 1391586588 73526 2979074 1794916 1343513950 150795 0 9427620 20501126 410 13145171
## client-stat
cpu  803010213 23598936 303592771 93438446596 610725023 0 8930927 0 0 0
cpu0 29447964 224394 7364922 1619945971 8331310 0 166768 0 0 0
cpu1 29267664 432889 7647622 1649277314 11021854 0 56856 0 0 0
cpu2 28201214 463108 7596666 1652816496 10878665 0 37736 0 0 0
cpu3 25944747 484906 6796624 1656270643 11039655 0 31902 0 0 0
cpu4 22370780 490414 6378244 1660333334 11076988 0 31429 0 0 0
cpu5 19971178 494023 5983608 1662935984 11317648 0 29598 0 0 0
cpu6 17828969 497511 5642981 1665563684 11192225 0 29769 0 0 0
cpu7 16615351 487783 5482341 1666998479 11171478 0 27802 0 0 0
cpu8 15341930 485635 5289704 1668220067 11408786 0 27839 0 0 0
cpu9 14908261 489844 5258983 1668712116 11338866 0 27995 0 0 0
cpu10 14409367 472357 5140515 1669221441 11495532 0 27234 0 0 0
cpu11 14134231 465792 5152405 1669223610 11700106 0 28387 0 0 0
cpu12 14190272 458188 5275244 1669336421 11397699 0 27467 0 0 0
cpu13 12800957 425511 5437805 1668781116 9922648 0 1898835 0 0 0
cpu14 31525513 477236 7841776 1650114414 10085347 0 177588 0 0 0
cpu15 21119523 503934 6809690 1660889275 10896840 0 175906 0 0 0
cpu16 17756434 491819 6320277 1664606005 11133854 0 176253 0 0 0
cpu17 14933704 500066 5677925 1668374066 10904793 0 171283 0 0 0
cpu18 13594339 505884 5526492 1670089401 10640621 0 175593 0 0 0
cpu19 12938575 472687 5423462 1670857408 10655474 0 174588 0 0 0
cpu20 13089855 493492 5357234 1670743284 10658149 0 175834 0 0 0
cpu21 12212189 482428 5344738 1671509361 10771636 0 174153 0 0 0
cpu22 11983591 482914 5346646 1671432230 11081882 0 176022 0 0 0
cpu23 11695879 471865 5196551 1672178815 10734821 0 175060 0 0 0
cpu24 11732920 448076 5199584 1671896538 11042225 0 173393 0 0 0
cpu25 11558788 450839 5263302 1672368167 10684733 0 180638 0 0 0
cpu26 12011504 478046 5303855 1671797225 10628141 0 182530 0 0 0
cpu27 13883601 464459 5491999 1669459475 10979963 0 179759 0 0 0
cpu28 18769400 361854 5861792 1658286752 9964387 0 1278195 0 0 0
cpu29 13428416 381424 5534537 1669076585 11673723 0 64858 0 0 0
cpu30 12753305 342093 5332223 1670918197 11247356 0 28095 0 0 0
cpu31 11678045 306256 5013652 1672863569 10869061 0 25433 0 0 0
cpu32 10895927 292303 4888505 1673277918 11397196 0 25276 0 0 0
cpu33 10508117 294659 4792803 1673081771 12114929 0 24834 0 0 0
cpu34 10108922 300801 4688966 1673738979 11872763 0 23968 0 0 0
cpu35 9691485 288349 4582818 1674440693 11825338 0 25615 0 0 0
cpu36 9562389 287721 4482019 1674961626 11575529 0 23871 0 0 0
cpu37 9403507 302139 4462469 1675135739 11595906 0 23592 0 0 0
cpu38 9342320 311327 4415180 1675502877 11334870 0 23748 0 0 0
cpu39 9404017 310554 4508199 1675274103 11304793 0 24530 0 0 0
cpu40 9358077 306218 4535379 1675504418 11111733 0 25358 0 0 0
cpu41 9761450 317785 4536459 1674808601 11289904 0 24947 0 0 0
cpu42 13911739 443034 5482146 1670156492 10332028 0 173099 0 0 0
cpu43 11931783 434858 5195034 1672288514 10395178 0 169575 0 0 0
cpu44 11768519 425576 5253257 1672620198 10306633 0 169860 0 0 0
cpu45 11246642 430940 5017455 1673291552 10415040 0 163428 0 0 0
cpu46 11128901 431394 5011908 1673317669 10520817 0 165009 0 0 0
cpu47 10944326 452452 5035149 1673345510 10626266 0 165894 0 0 0
cpu48 11672456 439673 5004218 1672751558 10596942 0 165157 0 0 0
cpu49 11122166 416764 5037493 1673471973 10393389 0 168255 0 0 0
cpu50 11067833 440746 5002826 1673174277 10735972 0 166888 0 0 0
cpu51 11323723 447564 5008022 1673077464 10531606 0 169448 0 0 0
cpu52 11034978 446614 4997931 1673203704 10709928 0 169675 0 0 0
cpu53 11096805 432568 5079666 1673222343 10559416 0 176543 0 0 0
cpu54 11463788 425131 5054820 1672809234 10642497 0 173831 0 0 0
cpu55 13161853 432016 5226626 1670891911 10589855 0 173701 0 0 0
intr 106395255539 74 4 0 0 0 0 0 0 0 0 0 0 6 0 0 0 0 360 213 2556280591 0 0 0 0 0 0 0 0 0 0 0 0 0 0 0 0 0 2396317008 426521881 8318636 677 278 24496490 0 0 0 0 0 0 0 0 0 0 0 0 0 0 0 0 0 0 0 0 0 0 0 0 0 0 0 0 0 0 0 0 0 0 0 0 0 0 0 0 0 0 0 0 0 0 0 0 0 0 0 0 0 0 0 0 0 0 0 0 0 0 0 0 0 0 0 0 0 0 0 0 0 0 0 0 0 0 0 0 0 0 0 0 0 0 0 0 0 0 0 0 0 0 0 0 0 0 0 0 0 0 0 0 0 0 0 0 0 0 0 0 0 0 0 0 0 0 0 0 0 0 0 0 0 0 0 0 0 0 0 0 0 0 0 0 0 0 0 0 0 0 0 0 0 0 0 0 0 0 0 0 0 0 0 0 0 0 0 0 0 0 0 0 0 0 0 0 0 0 0 0 0 0 0 0 0 0 0 0 0 0 0 0 0 0 0 0 0 0 0 0 0 0 0 0 0 0 0 0 0 0 0 0 0 0 0 0 0 0 0 0 0 0 0 0 0 0 0 0 0 0 0 0 0 0 0 0 0 0 0 0 0 0 0 0 0 0 0 0 0 0 0 0 0 0 0 0 0 0 0 0 0 0 0 0 0 0 0 0 0 0 0 0 0 0 0 0 0 0 0 0 0 0 0 0 0 0 0 0 0 0 0 0 0 0 0 0 0 0 0 0 0 0 0 0 0 0 0 0 0 0 0 0 0 0 0 0 0 0 0 0 0 0 0 0 0 0 0 0 0 0 0 0 0 0 0 0 0 0 0 0 0 0 0 0 0 0 0 0 0 0 0 0 0 0 0 0 0 0 0 0 0 0 0 0 0 0 0 0 0 0 0 0 0 0 0 0 0 0 0 0 0 0 0 0 0 0 0 0 0 0 0 0 0 0 0 0 0 0 0 0 0 0 0 0 0 0 0 0 0 0 0 0 0 0 0 0 0 0 0 0 0 0 0 0 0 0 0 0 0 0 0 0 0 0 0 0 0 0 0 0 0 0 0 0 0 0 0 0 0 0 0 0 0 0 0 0 0 0 0 0 0 0 0 0 0 0 0 0 0 0 0 0 0 0 0 0 0 0 0 0 0 0 0 0 0 0 0 0 0 0 0 0 0 0 0 0 0 0 0 0 0 0 0 0 0 0 0 0 0 0 0 0 0 0 0 0 0 0 0 0 0 0 0 0 0 0 0 0 0 0 0 0 0 0 0 0 0 0 0 0 0 0 0 0 0 0 0 0 0 0 0 0 0 0 0 0 0 0 0 0 0 0 0 0 0 0 0 0 0 0 0 0 0 0 0 0 0 0 0 0 0 0 0 0 0 0 0 0 0 0 0 0 0 0 0 0 0 0 0 0 0 0 0 0 0 0 0 0 0 0 0 0 0 0 0 0 0 0 0 0 0 0 0 0 0 0 0 0 0 0 0 0 0 0 0 0 0 0 0 0 0 0 0 0 0 0 0 0 0 0 0 0 0 0 0 0 0 0 0 0 0 0 0 0 0 0 0 0 0 0 0 0 0 0 0 0 0 0 0 0 0 0 0 0 0 0 0 0 0 0 0 0 0 0 0 0 0 0 0 0 0 0 0 0 0 0 0 0 0 0 0 0 0 0 0 0 0 0 0 0 0 0 0 0 0 0 0 0 0 0 0 0 0 0 0 0 0 0 0 0 0 0 0 0 0 0 0 0 0 0 0 0 0 0 0 0 0 0 0 0 0 0 0 0 0 0 0 0 0 0 0 0 0 0 0 0 0 0 0 0 0 0 0 0 0 0 0 0 0 0 0 0 0 0 0 0 0 0 0 0 0 0 0 0 0 0 0 0 0 0 0 0 0 0 0 0 0 0 0 0 0 0 0 0 0 0 0 0 0 0 0 0 0 0 0 0 0 0 0 0 0 0 0 0 0 0 0 0 0 0 0 0 0 0 0 0 0 0 0 0 0 0 0 0 0 0 0 0 0 0 0 0 0 0 0 0 0 0 0 0 0 0 0 0 0 0 0 0 0 0 0 0 0 0 0 0 0 0 0 0 0 0 0 0 0 0 0 0 0 0 0 0 0 0 0 0 0 0 0 0 0 0 0 0 0 0 0 0 0 0 0 0 0 0 0 0 0 0 0 0 0 0 0 0 0 0 0 0 0 0 0 0 0 0 0 0 0 0 0 0 0 0 0 0 0 0 0 0 0 0 0 0 0 0 0 0 0 0 0 0 0 0 0 0 0 0 0 0 0 0 0 0 0 0 0 0 0 0 0 0 0 0 0 0 0 0 0 0 0 0 0 0 0 0 0 0 0 0 0 0 0 0 0 0 0 0 0 0 0 0 0 0 0 0 0 0 0 0 0 0 0 0 0 0 0 0 0 0 0 0 0 0 0 0 0 0 0 0 0 0 0 0 0 0 0 0 0 0 0 0 0 0 0 0 0 0 0 0 0 0 0 0 0 0 0 0 0 0 0 0 0 0 0 0 0 0 0 0 0 0 0 0 0 0 0 0 0 0 0 0 0 0 0 0 0 0 0 0 0 0 0 0 0 0 0 0 0 0 0 0 0 0 0 0 0 0 0 0 0 0 0 0 0 0 0 0 0 0 0 0 0 0 0 0 0 0 0 0 0 0 0 0 0 0 0 0 0 0 0 0 0 0 0 0 0 0 0 0 0 0 0 0 0 0 0 0 0 0 0 0 0 0 0 0 0 0 0 0 0 0 0 0 0 0 0 0 0 0 0 0 0 0 0 0 0 0 0 0 0 0 0 0 0 0 0 0 0 0 0 0 0 0 0 0 0 0 0 0 0 0 0 0 0 0 0 0 0 0 0 0 0 0 0 0 0 0 0 0 0 0 0 0 0 0 0 0 0 0 0 0 0 0 0 0 0 0 0 0 0 0 0 0 0 0 0 0 0 0 0 0 0 0 0 0 0 0 0 0 0 0 0 0 0 0 0 0 0 0 0 0 0 0 0 0 0 0 0 0 0 0 0 0 0 0 0 0 0 0 0 0 0 0 0 0 0 0 0 0 0 0 0 0 0 0 0 0 0 0 0 0 0 0 0 0 0 0 0 0 0 0 0 0 0 0 0 0 0 0 0 0 0 0 0 0 0 0 0 0 0 0 0 0 0 0 0 0 0 0 0 0 0 0 0 0 0 0 0 0 0 0 0 0 0 0 0 0 0 0 0 0 0 0 0 0 0 0 0 0 0 0 0 0 0 0 0 0 0 0 0 0 0 0 0 0 0 0 0 0 0 0 0 0 0 0 0 0 0 0 0 0 0 0 0 0 0 0 0 0 0 0 0 0 0 0 0 0 0 0 0 0 0 0 0 0 0 0 0 0 0 0 0 0 0 0 0 0 0 0 0 0 0 0 0 0 0 0 0 0 0 0 0 0 0 0 0 0 0 0 0 0 0 0 0 0 0 0 0 0 0 0 0 0 0 0 0 0 0 0 0 0 0 0 0 0 0 0 0 0 0 0 0 0 0 0 0 0 0 0 0 0 0 0 0 0 0 0 0 0 0 0 0 0 0 0 0 0 0 0 0 0 0 0 0 0 0 0 0 0 0 0 0 0 0 0 0 0 0 0 0 0 0 0 0 0 0 0 0 0 0 0 0 0 0 0 0 0 0 0 0 0 0 0 0 0 0 0 0 0 0 0 0 0 0 0 0 0 0 0 0 0 0 0 0 0 0 0 0 0 0 0 0 0 0 0 0 0 0 0 0 0 0 0 0
ctxt 208418868545
btime 1773600682
processes 94933710
procs_running 4
procs_blocked 0
softirq 43089697454 256 2278986763 38974456 932756367 1476348129 0 2936481850 577291297 5109161 484010807
--
cpu  803010688 23598936 303593675 93438488010 610725686 0 8931497 0 0 0
cpu0 29447970 224394 7364935 1619946595 8331318 0 166774 0 0 0
cpu1 29267669 432889 7647632 1649278062 11021871 0 56861 0 0 0
cpu2 28201231 463108 7596675 1652817258 10878665 0 37741 0 0 0
cpu3 25944750 484906 6796632 1656271400 11039675 0 31906 0 0 0
cpu4 22370786 490414 6378260 1660334089 11077001 0 31432 0 0 0
cpu5 19971184 494023 5983618 1662936756 11317651 0 29602 0 0 0
cpu6 17828980 497511 5642992 1665564453 11192226 0 29773 0 0 0
cpu7 16615359 487783 5482351 1666999249 11171479 0 27806 0 0 0
cpu8 15341939 485635 5289727 1668220739 11408875 0 27843 0 0 0
cpu9 14908264 489844 5258992 1668712895 11338866 0 27998 0 0 0
cpu10 14409374 472357 5140524 1669222217 11495533 0 27237 0 0 0
cpu11 14134234 465792 5152414 1669224387 11700108 0 28390 0 0 0
cpu12 14190283 458188 5275253 1669337181 11397710 0 27471 0 0 0
cpu13 12800961 425511 5437814 1668781852 9922685 0 1898841 0 0 0
cpu14 31525520 477236 7841793 1650115161 10085351 0 177597 0 0 0
cpu15 21119527 503934 6809709 1660890025 10896840 0 175915 0 0 0
cpu16 17756440 491819 6320300 1664606745 11133860 0 176261 0 0 0
cpu17 14933711 500066 5677945 1668374796 10904817 0 171291 0 0 0
cpu18 13594352 505884 5526511 1670090125 10640643 0 175602 0 0 0
cpu19 12938587 472687 5423480 1670858145 10655486 0 174596 0 0 0
cpu20 13089905 493492 5357257 1670743977 10658160 0 175843 0 0 0
cpu21 12212199 482428 5344757 1671510101 10771642 0 174162 0 0 0
cpu22 11983602 482914 5346665 1671432952 11081909 0 176030 0 0 0
cpu23 11695891 471865 5196571 1672179560 10734821 0 175068 0 0 0
cpu24 11732929 448076 5199603 1671897282 11042231 0 173402 0 0 0
cpu25 11558793 450839 5263321 1672368909 10684743 0 180646 0 0 0
cpu26 12011508 478046 5303874 1671797974 10628146 0 182539 0 0 0
cpu27 13883608 464459 5492018 1669460224 10979963 0 179767 0 0 0
cpu28 18769417 361854 5861853 1658287146 9964403 0 1278435 0 0 0
cpu29 13428420 381424 5534545 1669077363 11673725 0 64861 0 0 0
cpu30 12753310 342093 5332233 1670918975 11247356 0 28098 0 0 0
cpu31 11678050 306256 5013659 1672864328 10869082 0 25435 0 0 0
cpu32 10895946 292303 4888514 1673278660 11397219 0 25278 0 0 0
cpu33 10508122 294659 4792809 1673082520 12114961 0 24838 0 0 0
cpu34 10108929 300801 4688977 1673739739 11872776 0 23972 0 0 0
cpu35 9691492 288349 4582831 1674441444 11825357 0 25619 0 0 0
cpu36 9562392 287721 4482026 1674962403 11575529 0 23874 0 0 0
cpu37 9403518 302139 4462477 1675136494 11595921 0 23595 0 0 0
cpu38 9342330 311327 4415188 1675503632 11334887 0 23753 0 0 0
cpu39 9404024 310554 4508207 1675274878 11304793 0 24533 0 0 0
cpu40 9358079 306218 4535389 1675505188 11111744 0 25361 0 0 0
cpu41 9761452 317785 4536467 1674809363 11289922 0 24949 0 0 0
cpu42 13911752 443034 5482174 1670157212 10332042 0 173107 0 0 0
cpu43 11931788 434858 5195056 1672289246 10395199 0 169584 0 0 0
cpu44 11768525 425576 5253280 1672620925 10306655 0 169869 0 0 0
cpu45 11246650 430940 5017474 1673292298 10415044 0 163438 0 0 0
cpu46 11128905 431394 5011928 1673318422 10520818 0 165018 0 0 0
cpu47 10944332 452452 5035168 1673346262 10626266 0 165902 0 0 0
cpu48 11672466 439673 5004247 1672752272 10596968 0 165165 0 0 0
cpu49 11122180 416764 5037514 1673472715 10393392 0 168261 0 0 0
cpu50 11067852 440746 5002849 1673175000 10735988 0 166895 0 0 0
cpu51 11323732 447564 5008041 1673078207 10531615 0 169455 0 0 0
cpu52 11034983 446614 4997949 1673204451 10709935 0 169683 0 0 0
cpu53 11096812 432568 5079685 1673223082 10559430 0 176553 0 0 0
cpu54 11463793 425131 5054839 1672809987 10642497 0 173840 0 0 0
cpu55 13161858 432016 5226647 1670892659 10589860 0 173710 0 0 0
intr 106395501258 74 4 0 0 0 0 0 0 0 0 0 0 6 0 0 0 0 360 213 2556282011 0 0 0 0 0 0 0 0 0 0 0 0 0 0 0 0 0 2396349006 426522041 8318640 677 278 24496490 0 0 0 0 0 0 0 0 0 0 0 0 0 0 0 0 0 0 0 0 0 0 0 0 0 0 0 0 0 0 0 0 0 0 0 0 0 0 0 0 0 0 0 0 0 0 0 0 0 0 0 0 0 0 0 0 0 0 0 0 0 0 0 0 0 0 0 0 0 0 0 0 0 0 0 0 0 0 0 0 0 0 0 0 0 0 0 0 0 0 0 0 0 0 0 0 0 0 0 0 0 0 0 0 0 0 0 0 0 0 0 0 0 0 0 0 0 0 0 0 0 0 0 0 0 0 0 0 0 0 0 0 0 0 0 0 0 0 0 0 0 0 0 0 0 0 0 0 0 0 0 0 0 0 0 0 0 0 0 0 0 0 0 0 0 0 0 0 0 0 0 0 0 0 0 0 0 0 0 0 0 0 0 0 0 0 0 0 0 0 0 0 0 0 0 0 0 0 0 0 0 0 0 0 0 0 0 0 0 0 0 0 0 0 0 0 0 0 0 0 0 0 0 0 0 0 0 0 0 0 0 0 0 0 0 0 0 0 0 0 0 0 0 0 0 0 0 0 0 0 0 0 0 0 0 0 0 0 0 0 0 0 0 0 0 0 0 0 0 0 0 0 0 0 0 0 0 0 0 0 0 0 0 0 0 0 0 0 0 0 0 0 0 0 0 0 0 0 0 0 0 0 0 0 0 0 0 0 0 0 0 0 0 0 0 0 0 0 0 0 0 0 0 0 0 0 0 0 0 0 0 0 0 0 0 0 0 0 0 0 0 0 0 0 0 0 0 0 0 0 0 0 0 0 0 0 0 0 0 0 0 0 0 0 0 0 0 0 0 0 0 0 0 0 0 0 0 0 0 0 0 0 0 0 0 0 0 0 0 0 0 0 0 0 0 0 0 0 0 0 0 0 0 0 0 0 0 0 0 0 0 0 0 0 0 0 0 0 0 0 0 0 0 0 0 0 0 0 0 0 0 0 0 0 0 0 0 0 0 0 0 0 0 0 0 0 0 0 0 0 0 0 0 0 0 0 0 0 0 0 0 0 0 0 0 0 0 0 0 0 0 0 0 0 0 0 0 0 0 0 0 0 0 0 0 0 0 0 0 0 0 0 0 0 0 0 0 0 0 0 0 0 0 0 0 0 0 0 0 0 0 0 0 0 0 0 0 0 0 0 0 0 0 0 0 0 0 0 0 0 0 0 0 0 0 0 0 0 0 0 0 0 0 0 0 0 0 0 0 0 0 0 0 0 0 0 0 0 0 0 0 0 0 0 0 0 0 0 0 0 0 0 0 0 0 0 0 0 0 0 0 0 0 0 0 0 0 0 0 0 0 0 0 0 0 0 0 0 0 0 0 0 0 0 0 0 0 0 0 0 0 0 0 0 0 0 0 0 0 0 0 0 0 0 0 0 0 0 0 0 0 0 0 0 0 0 0 0 0 0 0 0 0 0 0 0 0 0 0 0 0 0 0 0 0 0 0 0 0 0 0 0 0 0 0 0 0 0 0 0 0 0 0 0 0 0 0 0 0 0 0 0 0 0 0 0 0 0 0 0 0 0 0 0 0 0 0 0 0 0 0 0 0 0 0 0 0 0 0 0 0 0 0 0 0 0 0 0 0 0 0 0 0 0 0 0 0 0 0 0 0 0 0 0 0 0 0 0 0 0 0 0 0 0 0 0 0 0 0 0 0 0 0 0 0 0 0 0 0 0 0 0 0 0 0 0 0 0 0 0 0 0 0 0 0 0 0 0 0 0 0 0 0 0 0 0 0 0 0 0 0 0 0 0 0 0 0 0 0 0 0 0 0 0 0 0 0 0 0 0 0 0 0 0 0 0 0 0 0 0 0 0 0 0 0 0 0 0 0 0 0 0 0 0 0 0 0 0 0 0 0 0 0 0 0 0 0 0 0 0 0 0 0 0 0 0 0 0 0 0 0 0 0 0 0 0 0 0 0 0 0 0 0 0 0 0 0 0 0 0 0 0 0 0 0 0 0 0 0 0 0 0 0 0 0 0 0 0 0 0 0 0 0 0 0 0 0 0 0 0 0 0 0 0 0 0 0 0 0 0 0 0 0 0 0 0 0 0 0 0 0 0 0 0 0 0 0 0 0 0 0 0 0 0 0 0 0 0 0 0 0 0 0 0 0 0 0 0 0 0 0 0 0 0 0 0 0 0 0 0 0 0 0 0 0 0 0 0 0 0 0 0 0 0 0 0 0 0 0 0 0 0 0 0 0 0 0 0 0 0 0 0 0 0 0 0 0 0 0 0 0 0 0 0 0 0 0 0 0 0 0 0 0 0 0 0 0 0 0 0 0 0 0 0 0 0 0 0 0 0 0 0 0 0 0 0 0 0 0 0 0 0 0 0 0 0 0 0 0 0 0 0 0 0 0 0 0 0 0 0 0 0 0 0 0 0 0 0 0 0 0 0 0 0 0 0 0 0 0 0 0 0 0 0 0 0 0 0 0 0 0 0 0 0 0 0 0 0 0 0 0 0 0 0 0 0 0 0 0 0 0 0 0 0 0 0 0 0 0 0 0 0 0 0 0 0 0 0 0 0 0 0 0 0 0 0 0 0 0 0 0 0 0 0 0 0 0 0 0 0 0 0 0 0 0 0 0 0 0 0 0 0 0 0 0 0 0 0 0 0 0 0 0 0 0 0 0 0 0 0 0 0 0 0 0 0 0 0 0 0 0 0 0 0 0 0 0 0 0 0 0 0 0 0 0 0 0 0 0 0 0 0 0 0 0 0 0 0 0 0 0 0 0 0 0 0 0 0 0 0 0 0 0 0 0 0 0 0 0 0 0 0 0 0 0 0 0 0 0 0 0 0 0 0 0 0 0 0 0 0 0 0 0 0 0 0 0 0 0 0 0 0 0 0 0 0 0 0 0 0 0 0 0 0 0 0 0 0 0 0 0 0 0 0 0 0 0 0 0 0 0 0 0 0 0 0 0 0 0 0 0 0 0 0 0 0 0 0 0 0 0 0 0 0 0 0 0 0 0 0 0 0 0 0 0 0 0 0 0 0 0 0 0 0 0 0 0 0 0 0 0 0 0 0 0 0 0 0 0 0 0 0 0 0 0 0 0 0 0 0 0 0 0 0 0 0 0 0 0 0 0 0 0 0 0 0 0 0 0 0 0 0 0 0 0 0 0 0 0 0 0 0 0 0 0 0 0 0 0 0 0 0 0 0 0 0 0 0 0 0 0 0 0 0 0 0 0 0 0 0 0 0 0 0 0 0 0 0 0 0 0 0 0 0 0 0 0 0 0 0 0 0 0 0 0 0 0 0 0 0 0 0 0 0 0 0 0 0 0 0 0 0 0 0 0 0 0 0 0 0 0 0 0 0 0 0 0 0 0 0 0 0 0 0 0 0 0 0 0 0 0 0 0 0 0 0 0 0 0 0 0 0 0 0 0 0 0 0 0 0 0 0 0 0 0 0 0 0 0 0 0 0 0 0 0 0 0 0 0 0 0 0 0 0 0 0 0 0 0 0 0 0 0 0 0 0 0 0 0 0 0 0 0 0 0 0 0 0 0 0 0 0 0 0 0 0 0 0 0 0 0 0 0 0 0 0 0 0 0 0 0 0 0 0 0 0 0 0 0 0 0 0 0 0 0 0 0 0 0 0 0 0 0 0 0 0 0 0 0 0 0 0 0 0 0 0 0 0 0 0 0 0 0 0 0
ctxt 208419577551
btime 1773600682
processes 94933749
procs_running 1
procs_blocked 0
softirq 43090054470 256 2279057118 38975947 932943930 1476348881 0 2936483936 577350161 5109161 484046712
