Running 10s test @ http://192.168.10.15:18500/json
  32 threads and 512 connections
  Thread Stats   Avg      Stdev     Max   +/- Stdev
    Latency     1.11ms  100.52us   4.14ms   72.75%
    Req/Sec    14.21k   415.56    19.68k    88.23%
  Latency Distribution
     50%    1.10ms
     75%    1.16ms
     90%    1.23ms
     99%    1.36ms
  4563999 requests in 10.10s, 544.07MB read
Requests/sec: 451913.30
Transfer/sec:     53.87MB
## drops 0 0
## server-stat
cpu  1247602 455 660173 9846743 31281 0 254844 0 0 0
cpu0 43712 8 19879 306721 812 0 8856 0 0 0
cpu1 44174 10 19774 307712 565 0 8506 0 0 0
cpu2 44514 8 19681 307796 360 0 8441 0 0 0
cpu3 45249 10 20172 305705 1182 0 8481 0 0 0
cpu4 45568 9 19976 306007 720 0 8564 0 0 0
cpu5 45254 10 19892 306773 359 0 8441 0 0 0
cpu6 44746 8 19789 307386 350 0 8437 0 0 0
cpu7 43823 6 19580 308572 224 0 8262 0 0 0
cpu8 26411 13 20309 318680 1047 0 5396 0 0 0
cpu9 29390 14 20814 313440 2358 0 5586 0 0 0
cpu10 28513 13 20701 315845 1188 0 5700 0 0 0
cpu11 27057 12 19999 319903 625 0 5396 0 0 0
cpu12 44300 82 21395 298428 3008 0 5789 0 0 0
cpu13 43086 14 21603 299895 2400 0 5913 0 0 0
cpu14 26971 10 19607 321642 823 0 5288 0 0 0
cpu15 25605 11 18389 325386 644 0 4817 0 0 0
cpu16 48022 5 20636 303391 364 0 8625 0 0 0
cpu17 47884 5 20657 302507 1256 0 8664 0 0 0
cpu18 47654 6 20501 303943 285 0 8565 0 0 0
cpu19 48801 7 20966 301606 663 0 8800 0 0 0
cpu20 48978 9 20910 301709 692 0 8773 0 0 0
cpu21 47438 7 20435 303708 605 0 8628 0 0 0
cpu22 46490 7 20456 303449 335 0 8577 0 0 0
cpu23 45330 9 20154 306144 302 0 8482 0 0 0
cpu24 29234 13 20752 317591 840 0 5789 0 0 0
cpu25 31569 15 22568 309293 1561 0 6681 0 0 0
cpu26 30641 13 22222 311207 1226 0 6541 0 0 0
cpu27 26437 7 19951 311914 1068 0 11051 0 0 0
cpu28 42605 21 23491 287671 1893 0 13492 0 0 0
cpu29 44320 59 23771 284862 1897 0 13594 0 0 0
cpu30 25565 9 20129 311282 838 0 10908 0 0 0
cpu31 28245 8 21000 316560 774 0 5787 0 0 0
intr 1022568583 126 0 0 0 0 0 0 0 0 1 0 0 0 0 0 0 0 0 0 0 0 0 0 0 0 0 0 1 1 1 0 0 0 0 1 0 1 0 0 75045 0 0 0 0 0 0 0 0 411 0 0 0 0 0 0 0 0 87 0 0 0 0 0 0 0 0 0 0 0 0 0 0 0 136142 2 20470825 20425896 20392946 20499310 0 3235 2361 2921 1563 3081 2642 2059 2559 1470 10265 18226 10169 8157 13222 14715 11307 7365 2694 1791 1459 2357 2247 1934 1589 1625 8918 7176 4970 5625 6469 5737 6121 7962 0 0 0 0 616264 3004 1036 0 264 0 0 0 0 0 0 0 0 0 0 0 0 0 0 0 0 0 0 0 0 0 0 0 0 0 0 0 0 0 0 0 0 0 0 0 0 0 0 0 0 0 0 0 0 0 0 0 0 0 0 0 0 0 0 0 0 0 0 0 0 0 0 0 0 0 0 0 0 0 0 0 0 0 0 0 0 0 0 0 0 0 0 0 0 0 0 0 0 0 0 0 0 0 0 0 0 0 0 0 0 0 0 0 0 0 0 0 0 0 0 0 0 0 0 0 0 0 0 0 0 0 0 0 0 0 0 0 0 0 0 0 0 0 0 0 0 0 0 0 0 0 0 0 0 0 0 0 0 0 0 0 0 0 0 0 0 0 0 0 0 0 0 0 0 0 0 0 0 0 0 0 0 0 0 0 0 0 0 0 0 0 0 0 0 0 0 0 0 0 0 0 0 0 0 0 0 0 0 0 0 0 0 0 0 0 0 0 0 0 0 0 0 0 0 0 0 0 0 0 0 0 0 0 0 0 0 0 0 0 0 0 0 0 0 0 0 0 0 0 0 0 0 0 0 0 0 0 0 0 0 0 0 0 0 0 0 0 0 0 0 0 0 0 0 0 0 0 0 0 0 0 0 0 0 0 0 0 0 0 0 0 0 0 0 0 0 0 0 0 0 0 0 0 0 0 0 0 0 0 0 0 0 0 0 0 0 0 0 0 0 0 0 0 0 0 0 0 0 0 0 0 0 0 0 0 0 0 0 0 0 0 0 0 0 0 0 0 0 0 0 0 0 0 0 0 0 0 0 0 0 0 0 0 0 0 0 0 0 0 0 0 0 0 0 0 0 0 0 0 0 0 0 0 0 0 0 0 0 0 0 0 0 0 0 0 0 0 0 0 0 0 0 0 0 0 0 0 0 0 0 0 0 0 0 0 0 0 0 0 0 0 0 0 0 0 0 0 0 0 0 0 0 0 0 0 0 0 0 0 0 0 0 0 0 0 0 0 0 0 0 0 0 0 0 0 0 0 0 0 0 0 0 0 0 0 0 0 0 0 0 0 0 0 0 0 0 0 0 0 0 0 0 0 0 0 0 0 0 0 0 0 0 0 0 0 0 0 0 0 0 0 0 0 0 0 0 0 0 0 0 0 0 0 0 0 0 0 0 0 0 0 0 0 0 0 0 0 0 0 0 0 0 0 0 0 0 0 0 0 0 0 0 0 0 0 0 0 0 0 0 0 0 0 0 0 0 0 0 0 0 0 0 0 0 0 0 0 0 0 0 0 0 0 0 0 0 0 0 0 0 0 0 0 0 0 0 0 0 0 0 0 0 0 0 0 0 0 0 0 0 0 0 0 0 0 0 0 0 0 0 0 0 0 0 0 0 0 0 0 0 0 0 0 0 0 0 0 0 0 0 0 0 0 0 0 0 0 0 0 0 0 0 0 0 0 0 0 0 0 0 0 0 0 0 0 0 0 0 0 0 0 0 0 0 0 0 0 0 0 0 0 0 0 0 0 0 0 0 0 0 0 0 0 0 0 0 0 0 0 0 0 0 0 0 0 0 0 0 0 0 0 0 0 0 0 0 0 0 0 0 0 0 0 0 0 0 0 0 0 0 0 0 0 0 0 0 0 0 0 0 0 0 0 0 0 0 0 0 0 0 0 0 0 0 0 0 0 0 0 0 0 0 0 0 0 0 0 0 0 0 0 0 0 0 0 0 0 0 0 0 0 0 0 0 0 0 0 0 0 0 0 0 0 0 0 0 0 0 0 0 0 0 0 0 0 0 0 0 0 0 0 0 0 0 0 0 0 0 0 0 0 0 0 0 0 0 0 0 0 0 0 0 0 0 0 0 0 0 0 0 0 0 0 0 0 0 0 0 0 0 0 0 0 0 0 0 0 0 0 0 0 0 0 0 0 0 0 0 0 0 0 0 0 0 0 0 0 0 0 0 0 0 0 0 0 0 0 0 0 0 0 0 0 0 0 0 0 0 0 0 0 0 0 0 0 0 0 0 0 0 0 0 0 0 0 0 0 0 0 0 0 0 0 0 0 0 0 0 0 0 0 0 0 0 0 0 0 0 0 0 0 0 0 0 0 0 0 0 0 0 0 0 0 0 0 0 0 0 0 0 0 0 0 0 0 0 0 0 0 0 0 0 0 0 0 0 0 0 0 0 0 0 0 0 0 0 0 0 0 0 0 0 0 0 0 0 0 0 0 0 0 0 0 0 0 0 0 0 0 0 0 0 0 0 0 0 0 0 0 0 0 0 0 0 0 0 0 0 0 0 0 0 0 0 0 0 0 0 0 0 0 0 0 0 0 0 0 0 0 0 0 0 0 0 0 0 0 0 0 0 0 0 0 0 0 0 0 0 0 0 0 0 0 0 0 0 0 0 0 0 0 0 0 0 0 0 0 0 0 0 0 0 0 0 0 0 0 0 0 0 0 0 0 0 0 0 0 0 0 0 0 0 0 0 0 0 0 0 0 0 0 0
ctxt 1387394131
btime 1790630938
processes 109543
procs_running 6
procs_blocked 0
softirq 1308005164 73526 2363642 1226527 1267171559 141790 0 7170863 18229240 410 11627607
--
cpu  1250230 455 661715 9865354 31304 0 255236 0 0 0
cpu0 43713 8 19880 307504 817 0 8857 0 0 0
cpu1 44175 10 19775 308509 565 0 8506 0 0 0
cpu2 44515 8 19682 308595 360 0 8441 0 0 0
cpu3 45250 10 20173 306503 1182 0 8481 0 0 0
cpu4 45568 9 19977 306805 720 0 8564 0 0 0
cpu5 45255 10 19892 307571 359 0 8441 0 0 0
cpu6 44747 8 19790 308184 350 0 8437 0 0 0
cpu7 43823 6 19581 309371 224 0 8262 0 0 0
cpu8 26563 13 20404 319081 1047 0 5407 0 0 0
cpu9 29548 14 20911 313828 2358 0 5598 0 0 0
cpu10 28673 13 20800 316223 1196 0 5714 0 0 0
cpu11 27220 12 20092 320294 625 0 5410 0 0 0
cpu12 44470 83 21484 298804 3008 0 5802 0 0 0
cpu13 43262 14 21704 300264 2400 0 5928 0 0 0
cpu14 27124 10 19698 322043 823 0 5300 0 0 0
cpu15 25742 11 18481 325801 645 0 4827 0 0 0
cpu16 48024 5 20636 304188 364 0 8625 0 0 0
cpu17 47885 5 20658 303305 1256 0 8665 0 0 0
cpu18 47655 6 20502 304740 285 0 8565 0 0 0
cpu19 48804 7 20968 302401 663 0 8800 0 0 0
cpu20 48981 9 20911 302505 692 0 8773 0 0 0
cpu21 47440 7 20436 304503 605 0 8629 0 0 0
cpu22 46491 7 20458 304245 335 0 8577 0 0 0
cpu23 45331 9 20155 306941 302 0 8482 0 0 0
cpu24 29400 13 20861 317955 843 0 5806 0 0 0
cpu25 31749 15 22665 309640 1567 0 6701 0 0 0
cpu26 30822 13 22325 311563 1226 0 6563 0 0 0
cpu27 26596 7 20044 312248 1069 0 11097 0 0 0
cpu28 42781 21 23583 287983 1893 0 13549 0 0 0
cpu29 44502 59 23864 285168 1897 0 13658 0 0 0
cpu30 25711 9 20213 311628 838 0 10956 0 0 0
cpu31 28396 8 21099 316942 774 0 5800 0 0 0
intr 1028522689 126 0 0 0 0 0 0 0 0 1 0 0 0 0 0 0 0 0 0 0 0 0 0 0 0 0 0 1 1 1 0 0 0 0 1 0 1 0 0 75045 0 0 0 0 0 0 0 0 411 0 0 0 0 0 0 0 0 87 0 0 0 0 0 0 0 0 0 0 0 0 0 0 0 136565 2 20634108 20589167 20556224 20662591 0 3239 2361 2921 1563 3081 2642 2059 2559 1470 10273 18226 10171 8160 13222 14715 11308 7368 2694 1791 1459 2357 2247 1934 1589 1625 8921 7179 5012 5628 6470 5737 6121 7964 0 0 0 0 616264 3011 1036 0 264 0 0 0 0 0 0 0 0 0 0 0 0 0 0 0 0 0 0 0 0 0 0 0 0 0 0 0 0 0 0 0 0 0 0 0 0 0 0 0 0 0 0 0 0 0 0 0 0 0 0 0 0 0 0 0 0 0 0 0 0 0 0 0 0 0 0 0 0 0 0 0 0 0 0 0 0 0 0 0 0 0 0 0 0 0 0 0 0 0 0 0 0 0 0 0 0 0 0 0 0 0 0 0 0 0 0 0 0 0 0 0 0 0 0 0 0 0 0 0 0 0 0 0 0 0 0 0 0 0 0 0 0 0 0 0 0 0 0 0 0 0 0 0 0 0 0 0 0 0 0 0 0 0 0 0 0 0 0 0 0 0 0 0 0 0 0 0 0 0 0 0 0 0 0 0 0 0 0 0 0 0 0 0 0 0 0 0 0 0 0 0 0 0 0 0 0 0 0 0 0 0 0 0 0 0 0 0 0 0 0 0 0 0 0 0 0 0 0 0 0 0 0 0 0 0 0 0 0 0 0 0 0 0 0 0 0 0 0 0 0 0 0 0 0 0 0 0 0 0 0 0 0 0 0 0 0 0 0 0 0 0 0 0 0 0 0 0 0 0 0 0 0 0 0 0 0 0 0 0 0 0 0 0 0 0 0 0 0 0 0 0 0 0 0 0 0 0 0 0 0 0 0 0 0 0 0 0 0 0 0 0 0 0 0 0 0 0 0 0 0 0 0 0 0 0 0 0 0 0 0 0 0 0 0 0 0 0 0 0 0 0 0 0 0 0 0 0 0 0 0 0 0 0 0 0 0 0 0 0 0 0 0 0 0 0 0 0 0 0 0 0 0 0 0 0 0 0 0 0 0 0 0 0 0 0 0 0 0 0 0 0 0 0 0 0 0 0 0 0 0 0 0 0 0 0 0 0 0 0 0 0 0 0 0 0 0 0 0 0 0 0 0 0 0 0 0 0 0 0 0 0 0 0 0 0 0 0 0 0 0 0 0 0 0 0 0 0 0 0 0 0 0 0 0 0 0 0 0 0 0 0 0 0 0 0 0 0 0 0 0 0 0 0 0 0 0 0 0 0 0 0 0 0 0 0 0 0 0 0 0 0 0 0 0 0 0 0 0 0 0 0 0 0 0 0 0 0 0 0 0 0 0 0 0 0 0 0 0 0 0 0 0 0 0 0 0 0 0 0 0 0 0 0 0 0 0 0 0 0 0 0 0 0 0 0 0 0 0 0 0 0 0 0 0 0 0 0 0 0 0 0 0 0 0 0 0 0 0 0 0 0 0 0 0 0 0 0 0 0 0 0 0 0 0 0 0 0 0 0 0 0 0 0 0 0 0 0 0 0 0 0 0 0 0 0 0 0 0 0 0 0 0 0 0 0 0 0 0 0 0 0 0 0 0 0 0 0 0 0 0 0 0 0 0 0 0 0 0 0 0 0 0 0 0 0 0 0 0 0 0 0 0 0 0 0 0 0 0 0 0 0 0 0 0 0 0 0 0 0 0 0 0 0 0 0 0 0 0 0 0 0 0 0 0 0 0 0 0 0 0 0 0 0 0 0 0 0 0 0 0 0 0 0 0 0 0 0 0 0 0 0 0 0 0 0 0 0 0 0 0 0 0 0 0 0 0 0 0 0 0 0 0 0 0 0 0 0 0 0 0 0 0 0 0 0 0 0 0 0 0 0 0 0 0 0 0 0 0 0 0 0 0 0 0 0 0 0 0 0 0 0 0 0 0 0 0 0 0 0 0 0 0 0 0 0 0 0 0 0 0 0 0 0 0 0 0 0 0 0 0 0 0 0 0 0 0 0 0 0 0 0 0 0 0 0 0 0 0 0 0 0 0 0 0 0 0 0 0 0 0 0 0 0 0 0 0 0 0 0 0 0 0 0 0 0 0 0 0 0 0 0 0 0 0 0 0 0 0 0 0 0 0 0 0 0 0 0 0 0 0 0 0 0 0 0 0 0 0 0 0 0 0 0 0 0 0 0 0 0 0 0 0 0 0 0 0 0 0 0 0 0 0 0 0 0 0 0 0 0 0 0 0 0 0 0 0 0 0 0 0 0 0 0 0 0 0 0 0 0 0 0 0 0 0 0 0 0 0 0 0 0 0 0 0 0 0 0 0 0 0 0 0 0 0 0 0 0 0 0 0 0 0 0 0 0 0 0 0 0 0 0 0 0 0 0 0 0 0 0 0 0 0 0 0 0 0 0 0 0 0 0 0 0 0 0 0 0 0 0 0 0 0 0 0 0 0 0 0 0 0 0 0 0 0 0 0 0 0 0 0 0 0 0 0 0 0 0 0 0 0 0 0 0 0 0 0 0 0 0 0 0 0 0 0 0 0 0 0 0 0 0 0 0 0 0 0 0 0 0 0 0 0 0 0 0 0 0 0 0 0 0 0 0 0 0 0 0 0 0 0 0 0 0 0 0 0 0 0 0 0 0 0 0 0 0 0 0 0 0 0 0 0
ctxt 1393574698
btime 1790630938
processes 109618
procs_running 11
procs_blocked 0
softirq 1311338587 73526 2368876 1226634 1270421380 142212 0 7170877 18278672 410 11656000
## client-stat
cpu  802946949 23598936 303381311 93436759370 610715391 0 8844890 0 0 0
cpu0 29447082 224394 7362415 1619917483 8331114 0 165927 0 0 0
cpu1 29266440 432889 7643891 1649247038 11021713 0 55765 0 0 0
cpu2 28200079 463108 7592963 1652785886 10878474 0 36653 0 0 0
cpu3 25943596 484906 6792864 1656240166 11039238 0 30841 0 0 0
cpu4 22369582 490414 6374544 1660302583 11076810 0 30331 0 0 0
cpu5 19969969 494023 5979935 1662905283 11317419 0 28522 0 0 0
cpu6 17827755 497511 5639275 1665532995 11191990 0 28709 0 0 0
cpu7 16614222 487783 5478673 1666967738 11171160 0 26733 0 0 0
cpu8 15340648 485635 5285978 1668189434 11408564 0 26749 0 0 0
cpu9 14906909 489844 5255289 1668681400 11338781 0 26925 0 0 0
cpu10 14408261 472357 5136832 1669190649 11495265 0 26158 0 0 0
cpu11 14133146 465792 5148640 1669192903 11699852 0 27292 0 0 0
cpu12 14189179 458188 5271527 1669305657 11397459 0 26372 0 0 0
cpu13 12799819 425511 5434029 1668750456 9922474 0 1897681 0 0 0
cpu14 31524253 477236 7837803 1650084330 10085288 0 176229 0 0 0
cpu15 21118398 503934 6805652 1660859122 10896713 0 174552 0 0 0
cpu16 17755347 491819 6316302 1664575777 11133745 0 174917 0 0 0
cpu17 14932590 500066 5673948 1668343770 10904713 0 169973 0 0 0
cpu18 13593252 505884 5522490 1670059166 10640463 0 174265 0 0 0
cpu19 12937493 472687 5419535 1670827008 10655432 0 173253 0 0 0
cpu20 13088706 493492 5353278 1670713206 10657845 0 174537 0 0 0
cpu21 12211085 482428 5340675 1671479146 10771522 0 172846 0 0 0
cpu22 11982365 482914 5342689 1671402080 11081745 0 174702 0 0 0
cpu23 11694754 471865 5192547 1672148629 10734608 0 173751 0 0 0
cpu24 11731771 448076 5195637 1671866591 11041812 0 172055 0 0 0
cpu25 11557653 450839 5259324 1672338052 10684590 0 179246 0 0 0
cpu26 12010481 478046 5299747 1671767256 10627836 0 181172 0 0 0
cpu27 13882480 464459 5487908 1669429357 10979870 0 178409 0 0 0
cpu28 18769012 361854 5860779 1658272681 9964345 0 1258426 0 0 0
cpu29 13427281 381424 5530964 1669045664 11673506 0 63794 0 0 0
cpu30 12752131 342093 5328551 1670887358 11247152 0 27038 0 0 0
cpu31 11676853 306256 5010067 1672832660 10868842 0 24376 0 0 0
cpu32 10894750 292303 4884932 1673246938 11397052 0 24209 0 0 0
cpu33 10506967 294659 4789185 1673050851 12114728 0 23790 0 0 0
cpu34 10107702 300801 4685394 1673708156 11872494 0 22891 0 0 0
cpu35 9690096 288349 4579098 1674410190 11825053 0 24538 0 0 0
cpu36 9561182 287721 4478445 1674930750 11575313 0 22815 0 0 0
cpu37 9402233 302139 4458781 1675104942 11595766 0 22551 0 0 0
cpu38 9341132 311327 4411528 1675472037 11334663 0 22697 0 0 0
cpu39 9402886 310554 4504469 1675243347 11304547 0 23440 0 0 0
cpu40 9356979 306218 4531729 1675473527 11111559 0 24249 0 0 0
cpu41 9760286 317785 4532689 1674777886 11289693 0 23836 0 0 0
cpu42 13910673 443034 5478189 1670126239 10331908 0 171711 0 0 0
cpu43 11930637 434858 5191028 1672258373 10395082 0 168219 0 0 0
cpu44 11767473 425576 5249204 1672589992 10306540 0 168480 0 0 0
cpu45 11245568 430940 5013497 1673261258 10414902 0 162114 0 0 0
cpu46 11127787 431394 5007897 1673287421 10520719 0 163705 0 0 0
cpu47 10943185 452452 5031071 1673315396 10626091 0 164583 0 0 0
cpu48 11671333 439673 5000201 1672721267 10596881 0 163856 0 0 0
cpu49 11121135 416764 5033480 1673441597 10393333 0 166940 0 0 0
cpu50 11066736 440746 4998841 1673143973 10735848 0 165572 0 0 0
cpu51 11322637 447564 5004017 1673047220 10531453 0 168150 0 0 0
cpu52 11033876 446614 4993957 1673173394 10709841 0 168359 0 0 0
cpu53 11095720 432568 5075557 1673192181 10559336 0 175202 0 0 0
cpu54 11462608 425131 5050811 1672779094 10642444 0 172446 0 0 0
cpu55 13160748 432016 5222535 1670861792 10589774 0 172313 0 0 0
intr 106375092650 74 4 0 0 0 0 0 0 0 0 0 0 6 0 0 0 0 360 213 2556220777 0 0 0 0 0 0 0 0 0 0 0 0 0 0 0 0 0 2395016634 426511293 8318453 677 278 24496490 0 0 0 0 0 0 0 0 0 0 0 0 0 0 0 0 0 0 0 0 0 0 0 0 0 0 0 0 0 0 0 0 0 0 0 0 0 0 0 0 0 0 0 0 0 0 0 0 0 0 0 0 0 0 0 0 0 0 0 0 0 0 0 0 0 0 0 0 0 0 0 0 0 0 0 0 0 0 0 0 0 0 0 0 0 0 0 0 0 0 0 0 0 0 0 0 0 0 0 0 0 0 0 0 0 0 0 0 0 0 0 0 0 0 0 0 0 0 0 0 0 0 0 0 0 0 0 0 0 0 0 0 0 0 0 0 0 0 0 0 0 0 0 0 0 0 0 0 0 0 0 0 0 0 0 0 0 0 0 0 0 0 0 0 0 0 0 0 0 0 0 0 0 0 0 0 0 0 0 0 0 0 0 0 0 0 0 0 0 0 0 0 0 0 0 0 0 0 0 0 0 0 0 0 0 0 0 0 0 0 0 0 0 0 0 0 0 0 0 0 0 0 0 0 0 0 0 0 0 0 0 0 0 0 0 0 0 0 0 0 0 0 0 0 0 0 0 0 0 0 0 0 0 0 0 0 0 0 0 0 0 0 0 0 0 0 0 0 0 0 0 0 0 0 0 0 0 0 0 0 0 0 0 0 0 0 0 0 0 0 0 0 0 0 0 0 0 0 0 0 0 0 0 0 0 0 0 0 0 0 0 0 0 0 0 0 0 0 0 0 0 0 0 0 0 0 0 0 0 0 0 0 0 0 0 0 0 0 0 0 0 0 0 0 0 0 0 0 0 0 0 0 0 0 0 0 0 0 0 0 0 0 0 0 0 0 0 0 0 0 0 0 0 0 0 0 0 0 0 0 0 0 0 0 0 0 0 0 0 0 0 0 0 0 0 0 0 0 0 0 0 0 0 0 0 0 0 0 0 0 0 0 0 0 0 0 0 0 0 0 0 0 0 0 0 0 0 0 0 0 0 0 0 0 0 0 0 0 0 0 0 0 0 0 0 0 0 0 0 0 0 0 0 0 0 0 0 0 0 0 0 0 0 0 0 0 0 0 0 0 0 0 0 0 0 0 0 0 0 0 0 0 0 0 0 0 0 0 0 0 0 0 0 0 0 0 0 0 0 0 0 0 0 0 0 0 0 0 0 0 0 0 0 0 0 0 0 0 0 0 0 0 0 0 0 0 0 0 0 0 0 0 0 0 0 0 0 0 0 0 0 0 0 0 0 0 0 0 0 0 0 0 0 0 0 0 0 0 0 0 0 0 0 0 0 0 0 0 0 0 0 0 0 0 0 0 0 0 0 0 0 0 0 0 0 0 0 0 0 0 0 0 0 0 0 0 0 0 0 0 0 0 0 0 0 0 0 0 0 0 0 0 0 0 0 0 0 0 0 0 0 0 0 0 0 0 0 0 0 0 0 0 0 0 0 0 0 0 0 0 0 0 0 0 0 0 0 0 0 0 0 0 0 0 0 0 0 0 0 0 0 0 0 0 0 0 0 0 0 0 0 0 0 0 0 0 0 0 0 0 0 0 0 0 0 0 0 0 0 0 0 0 0 0 0 0 0 0 0 0 0 0 0 0 0 0 0 0 0 0 0 0 0 0 0 0 0 0 0 0 0 0 0 0 0 0 0 0 0 0 0 0 0 0 0 0 0 0 0 0 0 0 0 0 0 0 0 0 0 0 0 0 0 0 0 0 0 0 0 0 0 0 0 0 0 0 0 0 0 0 0 0 0 0 0 0 0 0 0 0 0 0 0 0 0 0 0 0 0 0 0 0 0 0 0 0 0 0 0 0 0 0 0 0 0 0 0 0 0 0 0 0 0 0 0 0 0 0 0 0 0 0 0 0 0 0 0 0 0 0 0 0 0 0 0 0 0 0 0 0 0 0 0 0 0 0 0 0 0 0 0 0 0 0 0 0 0 0 0 0 0 0 0 0 0 0 0 0 0 0 0 0 0 0 0 0 0 0 0 0 0 0 0 0 0 0 0 0 0 0 0 0 0 0 0 0 0 0 0 0 0 0 0 0 0 0 0 0 0 0 0 0 0 0 0 0 0 0 0 0 0 0 0 0 0 0 0 0 0 0 0 0 0 0 0 0 0 0 0 0 0 0 0 0 0 0 0 0 0 0 0 0 0 0 0 0 0 0 0 0 0 0 0 0 0 0 0 0 0 0 0 0 0 0 0 0 0 0 0 0 0 0 0 0 0 0 0 0 0 0 0 0 0 0 0 0 0 0 0 0 0 0 0 0 0 0 0 0 0 0 0 0 0 0 0 0 0 0 0 0 0 0 0 0 0 0 0 0 0 0 0 0 0 0 0 0 0 0 0 0 0 0 0 0 0 0 0 0 0 0 0 0 0 0 0 0 0 0 0 0 0 0 0 0 0 0 0 0 0 0 0 0 0 0 0 0 0 0 0 0 0 0 0 0 0 0 0 0 0 0 0 0 0 0 0 0 0 0 0 0 0 0 0 0 0 0 0 0 0 0 0 0 0 0 0 0 0 0 0 0 0 0 0 0 0 0 0 0 0 0 0 0 0 0 0 0 0 0 0 0 0 0 0 0 0 0 0 0 0 0 0 0 0 0 0 0 0 0 0 0 0 0 0 0 0 0 0 0 0 0 0 0 0 0 0 0 0 0 0 0 0 0 0 0 0 0 0 0 0 0 0 0 0 0 0 0 0 0 0 0 0 0 0 0 0 0 0 0 0 0 0 0 0 0 0 0 0 0 0 0 0 0 0 0 0 0 0 0 0 0 0 0 0 0 0 0 0 0 0 0 0 0 0 0 0 0 0 0 0 0 0 0 0 0 0 0 0 0 0 0 0 0 0 0 0 0 0 0 0 0 0 0 0 0 0 0 0 0 0 0 0 0 0 0 0 0 0 0 0 0 0 0 0 0 0 0 0 0 0 0 0 0 0 0 0 0 0 0 0 0 0 0 0 0 0 0 0 0 0 0 0 0 0 0 0 0 0 0 0 0 0 0 0 0 0 0 0 0 0 0 0 0 0 0 0 0 0 0 0 0 0 0 0 0 0 0 0 0 0 0 0 0 0 0 0 0 0 0 0 0 0 0 0 0 0 0 0 0 0 0 0 0 0 0 0 0 0 0 0 0 0 0 0 0 0 0 0 0 0 0 0 0 0 0 0 0 0 0 0 0 0 0 0 0 0 0 0 0 0 0 0 0 0 0 0 0 0 0 0 0 0 0 0 0 0 0 0 0 0 0 0 0 0 0 0 0 0 0 0 0 0 0 0 0 0 0 0 0 0 0 0 0 0 0 0 0 0 0 0 0 0 0 0 0 0 0 0 0 0 0 0 0 0 0 0 0 0 0 0 0 0 0 0 0 0 0 0 0 0 0 0 0 0 0 0 0 0 0 0 0 0 0 0 0 0 0 0 0 0 0 0 0 0 0 0 0 0 0 0 0 0 0 0 0 0 0 0 0 0 0 0 0 0 0 0 0 0 0 0 0 0 0 0 0 0 0 0 0 0 0 0 0 0 0 0 0 0 0 0 0 0 0 0 0 0 0 0 0 0 0 0 0 0 0 0 0 0 0 0 0 0 0 0 0 0 0 0 0 0 0 0 0 0 0 0 0 0 0 0 0 0 0 0 0 0 0 0 0 0 0 0 0 0 0 0 0 0 0 0 0 0 0 0 0 0 0 0 0 0 0 0 0 0 0 0
ctxt 208297982565
btime 1773600682
processes 94928496
procs_running 2
procs_blocked 0
softirq 43045896498 256 2278407473 38699104 896528376 1476311948 0 2936397194 572919824 5109161 481784794
--
cpu  802949025 23598936 303390563 93436788039 610715537 0 8848304 0 0 0
cpu0 29447103 224394 7362512 1619918063 8331114 0 165954 0 0 0
cpu1 29266478 432889 7644059 1649247564 11021713 0 55807 0 0 0
cpu2 28200112 463108 7593120 1652786423 10878475 0 36701 0 0 0
cpu3 25943634 484906 6793032 1656240694 11039238 0 30886 0 0 0
cpu4 22369620 490414 6374714 1660303115 11076810 0 30376 0 0 0
cpu5 19970013 494023 5980103 1662905811 11317421 0 28563 0 0 0
cpu6 17827792 497511 5639428 1665533535 11191990 0 28753 0 0 0
cpu7 16614257 487783 5478833 1666968279 11171160 0 26776 0 0 0
cpu8 15340687 485635 5286151 1668189968 11408564 0 26793 0 0 0
cpu9 14906945 489844 5255450 1668681935 11338782 0 26966 0 0 0
cpu10 14408297 472357 5136995 1669191184 11495265 0 26199 0 0 0
cpu11 14133189 465792 5148818 1669193415 11699854 0 27337 0 0 0
cpu12 14189217 458188 5271695 1669306148 11397497 0 26418 0 0 0
cpu13 12799856 425511 5434197 1668750983 9922475 0 1897724 0 0 0
cpu14 31524296 477236 7837979 1650084836 10085288 0 176284 0 0 0
cpu15 21118433 503934 6805827 1660859633 10896714 0 174604 0 0 0
cpu16 17755382 491819 6316466 1664576298 11133745 0 174971 0 0 0
cpu17 14932636 500066 5674124 1668344278 10904714 0 170019 0 0 0
cpu18 13593289 505884 5522666 1670059683 10640463 0 174313 0 0 0
cpu19 12937532 472687 5419713 1670827521 10655432 0 173303 0 0 0
cpu20 13088747 493492 5353447 1670713723 10657845 0 174590 0 0 0
cpu21 12211122 482428 5340849 1671479661 10771522 0 172898 0 0 0
cpu22 11982403 482914 5342858 1671402605 11081745 0 174757 0 0 0
cpu23 11694790 471865 5192724 1672149146 10734608 0 173804 0 0 0
cpu24 11731807 448076 5195795 1671867116 11041812 0 172111 0 0 0
cpu25 11557690 450839 5259494 1672338565 10684591 0 179307 0 0 0
cpu26 12010522 478046 5299924 1671767763 10627837 0 181226 0 0 0
cpu27 13882520 464459 5488085 1669429861 10979870 0 178461 0 0 0
cpu28 18769012 361854 5860779 1658272681 9964345 0 1259227 0 0 0
cpu29 13427319 381424 5531127 1669046199 11673506 0 63838 0 0 0
cpu30 12752173 342093 5328718 1670887834 11247212 0 27080 0 0 0
cpu31 11676888 306256 5010232 1672833195 10868843 0 24418 0 0 0
cpu32 10894786 292303 4885093 1673247475 11397052 0 24254 0 0 0
cpu33 10507008 294659 4789350 1673051385 12114729 0 23832 0 0 0
cpu34 10107737 300801 4685547 1673708696 11872500 0 22937 0 0 0
cpu35 9690134 288349 4579263 1674410720 11825060 0 24580 0 0 0
cpu36 9561218 287721 4478614 1674931286 11575313 0 22857 0 0 0
cpu37 9402272 302139 4458954 1675105462 11595773 0 22591 0 0 0
cpu38 9341169 311327 4411691 1675472573 11334667 0 22739 0 0 0
cpu39 9402922 310554 4504642 1675243879 11304547 0 23481 0 0 0
cpu40 9357016 306218 4531891 1675474058 11111562 0 24294 0 0 0
cpu41 9760326 317785 4532857 1674778417 11289693 0 23881 0 0 0
cpu42 13910712 443034 5478351 1670126757 10331908 0 171768 0 0 0
cpu43 11930674 434858 5191205 1672258881 10395082 0 168268 0 0 0
cpu44 11767513 425576 5249380 1672590499 10306540 0 168534 0 0 0
cpu45 11245606 430940 5013675 1673261769 10414902 0 162164 0 0 0
cpu46 11127829 431394 5008073 1673287929 10520719 0 163756 0 0 0
cpu47 10943222 452452 5031246 1673315909 10626091 0 164634 0 0 0
cpu48 11671369 439673 5000374 1672721780 10596881 0 163905 0 0 0
cpu49 11121170 416764 5033657 1673442111 10393333 0 166990 0 0 0
cpu50 11066778 440746 4999016 1673144484 10735848 0 165624 0 0 0
cpu51 11322673 447564 5004191 1673047725 10531464 0 168199 0 0 0
cpu52 11033912 446614 4994134 1673173910 10709841 0 168410 0 0 0
cpu53 11095756 432568 5075733 1673192690 10559336 0 175253 0 0 0
cpu54 11462645 425131 5050981 1672779601 10642444 0 172499 0 0 0
cpu55 13160791 432016 5222708 1670862299 10589774 0 172366 0 0 0
intr 106375756126 74 4 0 0 0 0 0 0 0 0 0 0 6 0 0 0 0 360 213 2556221880 0 0 0 0 0 0 0 0 0 0 0 0 0 0 0 0 0 2395016635 426511412 8318456 677 278 24496490 0 0 0 0 0 0 0 0 0 0 0 0 0 0 0 0 0 0 0 0 0 0 0 0 0 0 0 0 0 0 0 0 0 0 0 0 0 0 0 0 0 0 0 0 0 0 0 0 0 0 0 0 0 0 0 0 0 0 0 0 0 0 0 0 0 0 0 0 0 0 0 0 0 0 0 0 0 0 0 0 0 0 0 0 0 0 0 0 0 0 0 0 0 0 0 0 0 0 0 0 0 0 0 0 0 0 0 0 0 0 0 0 0 0 0 0 0 0 0 0 0 0 0 0 0 0 0 0 0 0 0 0 0 0 0 0 0 0 0 0 0 0 0 0 0 0 0 0 0 0 0 0 0 0 0 0 0 0 0 0 0 0 0 0 0 0 0 0 0 0 0 0 0 0 0 0 0 0 0 0 0 0 0 0 0 0 0 0 0 0 0 0 0 0 0 0 0 0 0 0 0 0 0 0 0 0 0 0 0 0 0 0 0 0 0 0 0 0 0 0 0 0 0 0 0 0 0 0 0 0 0 0 0 0 0 0 0 0 0 0 0 0 0 0 0 0 0 0 0 0 0 0 0 0 0 0 0 0 0 0 0 0 0 0 0 0 0 0 0 0 0 0 0 0 0 0 0 0 0 0 0 0 0 0 0 0 0 0 0 0 0 0 0 0 0 0 0 0 0 0 0 0 0 0 0 0 0 0 0 0 0 0 0 0 0 0 0 0 0 0 0 0 0 0 0 0 0 0 0 0 0 0 0 0 0 0 0 0 0 0 0 0 0 0 0 0 0 0 0 0 0 0 0 0 0 0 0 0 0 0 0 0 0 0 0 0 0 0 0 0 0 0 0 0 0 0 0 0 0 0 0 0 0 0 0 0 0 0 0 0 0 0 0 0 0 0 0 0 0 0 0 0 0 0 0 0 0 0 0 0 0 0 0 0 0 0 0 0 0 0 0 0 0 0 0 0 0 0 0 0 0 0 0 0 0 0 0 0 0 0 0 0 0 0 0 0 0 0 0 0 0 0 0 0 0 0 0 0 0 0 0 0 0 0 0 0 0 0 0 0 0 0 0 0 0 0 0 0 0 0 0 0 0 0 0 0 0 0 0 0 0 0 0 0 0 0 0 0 0 0 0 0 0 0 0 0 0 0 0 0 0 0 0 0 0 0 0 0 0 0 0 0 0 0 0 0 0 0 0 0 0 0 0 0 0 0 0 0 0 0 0 0 0 0 0 0 0 0 0 0 0 0 0 0 0 0 0 0 0 0 0 0 0 0 0 0 0 0 0 0 0 0 0 0 0 0 0 0 0 0 0 0 0 0 0 0 0 0 0 0 0 0 0 0 0 0 0 0 0 0 0 0 0 0 0 0 0 0 0 0 0 0 0 0 0 0 0 0 0 0 0 0 0 0 0 0 0 0 0 0 0 0 0 0 0 0 0 0 0 0 0 0 0 0 0 0 0 0 0 0 0 0 0 0 0 0 0 0 0 0 0 0 0 0 0 0 0 0 0 0 0 0 0 0 0 0 0 0 0 0 0 0 0 0 0 0 0 0 0 0 0 0 0 0 0 0 0 0 0 0 0 0 0 0 0 0 0 0 0 0 0 0 0 0 0 0 0 0 0 0 0 0 0 0 0 0 0 0 0 0 0 0 0 0 0 0 0 0 0 0 0 0 0 0 0 0 0 0 0 0 0 0 0 0 0 0 0 0 0 0 0 0 0 0 0 0 0 0 0 0 0 0 0 0 0 0 0 0 0 0 0 0 0 0 0 0 0 0 0 0 0 0 0 0 0 0 0 0 0 0 0 0 0 0 0 0 0 0 0 0 0 0 0 0 0 0 0 0 0 0 0 0 0 0 0 0 0 0 0 0 0 0 0 0 0 0 0 0 0 0 0 0 0 0 0 0 0 0 0 0 0 0 0 0 0 0 0 0 0 0 0 0 0 0 0 0 0 0 0 0 0 0 0 0 0 0 0 0 0 0 0 0 0 0 0 0 0 0 0 0 0 0 0 0 0 0 0 0 0 0 0 0 0 0 0 0 0 0 0 0 0 0 0 0 0 0 0 0 0 0 0 0 0 0 0 0 0 0 0 0 0 0 0 0 0 0 0 0 0 0 0 0 0 0 0 0 0 0 0 0 0 0 0 0 0 0 0 0 0 0 0 0 0 0 0 0 0 0 0 0 0 0 0 0 0 0 0 0 0 0 0 0 0 0 0 0 0 0 0 0 0 0 0 0 0 0 0 0 0 0 0 0 0 0 0 0 0 0 0 0 0 0 0 0 0 0 0 0 0 0 0 0 0 0 0 0 0 0 0 0 0 0 0 0 0 0 0 0 0 0 0 0 0 0 0 0 0 0 0 0 0 0 0 0 0 0 0 0 0 0 0 0 0 0 0 0 0 0 0 0 0 0 0 0 0 0 0 0 0 0 0 0 0 0 0 0 0 0 0 0 0 0 0 0 0 0 0 0 0 0 0 0 0 0 0 0 0 0 0 0 0 0 0 0 0 0 0 0 0 0 0 0 0 0 0 0 0 0 0 0 0 0 0 0 0 0 0 0 0 0 0 0 0 0 0 0 0 0 0 0 0 0 0 0 0 0 0 0 0 0 0 0 0 0 0 0 0 0 0 0 0 0 0 0 0 0 0 0 0 0 0 0 0 0 0 0 0 0 0 0 0 0 0 0 0 0 0 0 0 0 0 0 0 0 0 0 0 0 0 0 0 0 0 0 0 0 0 0 0 0 0 0 0 0 0 0 0 0 0 0 0 0 0 0 0 0 0 0 0 0 0 0 0 0 0 0 0 0 0 0 0 0 0 0 0 0 0 0 0 0 0 0 0 0 0 0 0 0 0 0 0 0 0 0 0 0 0 0 0 0 0 0 0 0 0 0 0 0 0 0 0 0 0 0 0 0 0 0 0 0 0 0 0 0 0 0 0 0 0 0 0 0 0 0 0 0 0 0 0 0 0 0 0 0 0 0 0 0 0 0 0 0 0 0 0 0 0 0 0 0 0 0 0 0 0 0 0 0 0 0 0 0 0 0 0 0 0 0 0 0 0 0 0 0 0 0 0 0 0 0 0 0 0 0 0 0 0 0 0 0 0 0 0 0 0 0 0 0 0 0 0 0 0 0 0 0 0 0 0 0 0 0 0 0 0 0 0 0 0 0 0 0 0 0 0 0 0 0 0 0 0 0 0 0 0 0 0 0 0 0 0 0 0 0 0 0 0 0 0 0 0 0 0 0 0 0 0 0 0 0 0 0 0 0 0 0 0 0 0 0 0 0 0 0 0 0 0 0 0 0 0 0 0 0 0 0 0 0 0 0 0 0 0 0 0 0 0 0 0 0 0 0 0 0 0 0 0 0 0 0 0 0 0 0 0 0 0 0 0 0 0 0 0 0 0 0 0 0 0 0 0 0 0 0 0 0 0 0 0 0 0 0 0 0 0 0 0 0 0 0 0 0 0 0 0 0 0 0 0 0 0 0 0 0 0 0 0 0 0 0 0 0 0 0 0 0 0 0 0 0 0 0 0 0 0 0 0 0 0 0 0 0 0 0 0 0 0 0 0 0 0 0 0 0 0 0 0 0 0 0 0 0 0 0 0 0 0 0 0 0 0 0 0 0 0 0 0 0 0 0 0 0 0 0 0 0 0 0 0 0 0 0 0 0 0 0 0 0 0 0 0 0 0 0 0
ctxt 208302628914
btime 1773600682
processes 94928542
procs_running 11
procs_blocked 0
softirq 43047501639 256 2278409160 38712123 897912083 1476312556 0 2936398658 573068923 5109161 481840351
