Running 10s test @ http://192.168.10.15:18500/
  32 threads and 256 connections
  Thread Stats   Avg      Stdev     Max   +/- Stdev
    Latency   539.59us   84.16us   9.35ms   75.51%
    Req/Sec    14.23k   527.23    20.04k    79.86%
  Latency Distribution
     50%  537.00us
     75%  585.00us
     90%  633.00us
     99%  745.00us
  4575799 requests in 10.10s, 462.57MB read
Requests/sec: 453046.09
Transfer/sec:     45.80MB
## drops 0 0
## server-stat
cpu  1138304 414 615992 8726374 30175 0 242760 0 0 0
cpu0 41983 7 19018 268743 773 0 8704 0 0 0
cpu1 42304 9 18935 269531 558 0 8400 0 0 0
cpu2 42584 8 18848 269665 357 0 8339 0 0 0
cpu3 43165 9 19349 267704 1180 0 8374 0 0 0
cpu4 43441 8 19175 268048 715 0 8443 0 0 0
cpu5 43160 9 19088 268767 353 0 8328 0 0 0
cpu6 42729 7 18971 269318 334 0 8330 0 0 0
cpu7 42007 6 18798 270322 215 0 8178 0 0 0
cpu8 22238 12 18441 285385 1038 0 5149 0 0 0
cpu9 24879 13 18865 280751 2310 0 5298 0 0 0
cpu10 23987 12 18745 283095 1155 0 5422 0 0 0
cpu11 22731 10 18143 286765 578 0 5140 0 0 0
cpu12 39076 81 19392 266441 2943 0 5463 0 0 0
cpu13 37862 13 19590 268038 2288 0 5575 0 0 0
cpu14 22709 10 17736 288330 809 0 5044 0 0 0
cpu15 21590 10 16639 291603 634 0 4602 0 0 0
cpu16 45614 5 19781 265742 358 0 8472 0 0 0
cpu17 45486 5 19799 264857 1243 0 8513 0 0 0
cpu18 45298 5 19664 266225 276 0 8430 0 0 0
cpu19 46277 6 20101 264139 606 0 8640 0 0 0
cpu20 46414 8 20058 264211 659 0 8623 0 0 0
cpu21 45109 6 19603 266055 527 0 8493 0 0 0
cpu22 44285 6 19665 265562 321 0 8463 0 0 0
cpu23 43274 8 19352 268157 291 0 8376 0 0 0
cpu24 24511 11 18819 284992 802 0 5463 0 0 0
cpu25 26532 13 20511 277283 1526 0 6269 0 0 0
cpu26 25683 11 20191 279095 1147 0 6156 0 0 0
cpu27 22148 6 18186 280555 1029 0 9671 0 0 0
cpu28 37267 17 21454 257960 1837 0 11595 0 0 0
cpu29 38732 55 21670 255613 1756 0 11717 0 0 0
cpu30 21484 8 18311 279770 798 0 9570 0 0 0
cpu31 23731 8 19078 283635 742 0 5507 0 0 0
intr 850621459 126 0 0 0 0 0 0 0 0 1 0 0 0 0 0 0 0 0 0 0 0 0 0 0 0 0 0 1 1 1 0 0 0 0 1 0 1 0 0 75045 0 0 0 0 0 0 0 0 411 0 0 0 0 0 0 0 0 87 0 0 0 0 0 0 0 0 0 0 0 0 0 0 0 125069 2 15064669 15005397 14980678 15073317 0 2891 2274 2846 1492 3073 2638 2052 2531 1422 10216 18072 10019 8104 13072 14594 11229 7244 2667 1760 1431 2307 2184 1890 1512 1571 8824 6938 4893 5454 6359 5637 6010 7939 0 0 0 0 616236 2961 1036 0 264 0 0 0 0 0 0 0 0 0 0 0 0 0 0 0 0 0 0 0 0 0 0 0 0 0 0 0 0 0 0 0 0 0 0 0 0 0 0 0 0 0 0 0 0 0 0 0 0 0 0 0 0 0 0 0 0 0 0 0 0 0 0 0 0 0 0 0 0 0 0 0 0 0 0 0 0 0 0 0 0 0 0 0 0 0 0 0 0 0 0 0 0 0 0 0 0 0 0 0 0 0 0 0 0 0 0 0 0 0 0 0 0 0 0 0 0 0 0 0 0 0 0 0 0 0 0 0 0 0 0 0 0 0 0 0 0 0 0 0 0 0 0 0 0 0 0 0 0 0 0 0 0 0 0 0 0 0 0 0 0 0 0 0 0 0 0 0 0 0 0 0 0 0 0 0 0 0 0 0 0 0 0 0 0 0 0 0 0 0 0 0 0 0 0 0 0 0 0 0 0 0 0 0 0 0 0 0 0 0 0 0 0 0 0 0 0 0 0 0 0 0 0 0 0 0 0 0 0 0 0 0 0 0 0 0 0 0 0 0 0 0 0 0 0 0 0 0 0 0 0 0 0 0 0 0 0 0 0 0 0 0 0 0 0 0 0 0 0 0 0 0 0 0 0 0 0 0 0 0 0 0 0 0 0 0 0 0 0 0 0 0 0 0 0 0 0 0 0 0 0 0 0 0 0 0 0 0 0 0 0 0 0 0 0 0 0 0 0 0 0 0 0 0 0 0 0 0 0 0 0 0 0 0 0 0 0 0 0 0 0 0 0 0 0 0 0 0 0 0 0 0 0 0 0 0 0 0 0 0 0 0 0 0 0 0 0 0 0 0 0 0 0 0 0 0 0 0 0 0 0 0 0 0 0 0 0 0 0 0 0 0 0 0 0 0 0 0 0 0 0 0 0 0 0 0 0 0 0 0 0 0 0 0 0 0 0 0 0 0 0 0 0 0 0 0 0 0 0 0 0 0 0 0 0 0 0 0 0 0 0 0 0 0 0 0 0 0 0 0 0 0 0 0 0 0 0 0 0 0 0 0 0 0 0 0 0 0 0 0 0 0 0 0 0 0 0 0 0 0 0 0 0 0 0 0 0 0 0 0 0 0 0 0 0 0 0 0 0 0 0 0 0 0 0 0 0 0 0 0 0 0 0 0 0 0 0 0 0 0 0 0 0 0 0 0 0 0 0 0 0 0 0 0 0 0 0 0 0 0 0 0 0 0 0 0 0 0 0 0 0 0 0 0 0 0 0 0 0 0 0 0 0 0 0 0 0 0 0 0 0 0 0 0 0 0 0 0 0 0 0 0 0 0 0 0 0 0 0 0 0 0 0 0 0 0 0 0 0 0 0 0 0 0 0 0 0 0 0 0 0 0 0 0 0 0 0 0 0 0 0 0 0 0 0 0 0 0 0 0 0 0 0 0 0 0 0 0 0 0 0 0 0 0 0 0 0 0 0 0 0 0 0 0 0 0 0 0 0 0 0 0 0 0 0 0 0 0 0 0 0 0 0 0 0 0 0 0 0 0 0 0 0 0 0 0 0 0 0 0 0 0 0 0 0 0 0 0 0 0 0 0 0 0 0 0 0 0 0 0 0 0 0 0 0 0 0 0 0 0 0 0 0 0 0 0 0 0 0 0 0 0 0 0 0 0 0 0 0 0 0 0 0 0 0 0 0 0 0 0 0 0 0 0 0 0 0 0 0 0 0 0 0 0 0 0 0 0 0 0 0 0 0 0 0 0 0 0 0 0 0 0 0 0 0 0 0 0 0 0 0 0 0 0 0 0 0 0 0 0 0 0 0 0 0 0 0 0 0 0 0 0 0 0 0 0 0 0 0 0 0 0 0 0 0 0 0 0 0 0 0 0 0 0 0 0 0 0 0 0 0 0 0 0 0 0 0 0 0 0 0 0 0 0 0 0 0 0 0 0 0 0 0 0 0 0 0 0 0 0 0 0 0 0 0 0 0 0 0 0 0 0 0 0 0 0 0 0 0 0 0 0 0 0 0 0 0 0 0 0 0 0 0 0 0 0 0 0 0 0 0 0 0 0 0 0 0 0 0 0 0 0 0 0 0 0 0 0 0 0 0 0 0 0 0 0 0 0 0 0 0 0 0 0 0 0 0 0 0 0 0 0 0 0 0 0 0 0 0 0 0 0 0 0 0 0 0 0 0 0 0 0 0 0 0 0 0 0 0 0 0 0 0 0 0 0 0 0 0 0 0 0 0 0 0 0 0 0 0 0 0 0 0 0 0 0 0 0 0 0 0 0 0 0 0 0 0 0 0 0 0 0 0 0 0 0 0 0 0 0 0 0 0 0 0 0 0 0 0 0 0 0 0 0 0 0 0 0 0 0 0 0 0 0 0 0 0 0 0 0 0 0 0 0 0 0 0 0 0 0 0 0 0 0 0 0 0 0 0 0 0 0 0 0 0 0 0 0 0 0 0 0 0 0 0 0 0 0 0 0 0 0 0
ctxt 1192780085
btime 1790630938
processes 96892
procs_running 3
procs_blocked 0
softirq 1221962356 73526 2068429 731758 1187379578 130331 0 4884544 16300190 410 10393590
--
cpu  1140119 415 617550 8746848 30191 0 243054 0 0 0
cpu0 41983 7 19019 269533 773 0 8706 0 0 0
cpu1 42304 9 18935 270330 558 0 8400 0 0 0
cpu2 42584 8 18848 270464 357 0 8339 0 0 0
cpu3 43165 9 19349 268504 1180 0 8374 0 0 0
cpu4 43441 8 19175 268848 715 0 8443 0 0 0
cpu5 43160 9 19088 269567 353 0 8328 0 0 0
cpu6 42729 7 18972 270118 334 0 8330 0 0 0
cpu7 42007 6 18798 271122 215 0 8178 0 0 0
cpu8 22338 12 18536 285904 1039 0 5158 0 0 0
cpu9 24982 13 18960 281261 2310 0 5308 0 0 0
cpu10 24094 12 18842 283602 1155 0 5431 0 0 0
cpu11 22829 10 18245 287275 581 0 5149 0 0 0
cpu12 39195 81 19491 266934 2948 0 5473 0 0 0
cpu13 37978 13 19693 268529 2288 0 5586 0 0 0
cpu14 22808 10 17832 288851 809 0 5051 0 0 0
cpu15 21680 10 16730 292140 634 0 4610 0 0 0
cpu16 45614 5 19781 266542 358 0 8472 0 0 0
cpu17 45486 5 19799 265657 1243 0 8513 0 0 0
cpu18 45298 5 19664 267025 276 0 8430 0 0 0
cpu19 46277 6 20102 264938 606 0 8640 0 0 0
cpu20 46414 8 20058 265011 659 0 8623 0 0 0
cpu21 45109 6 19604 266854 527 0 8493 0 0 0
cpu22 44285 6 19665 266362 321 0 8463 0 0 0
cpu23 43274 8 19352 268956 291 0 8376 0 0 0
cpu24 24623 11 18921 285475 802 0 5474 0 0 0
cpu25 26661 13 20614 277750 1526 0 6287 0 0 0
cpu26 25809 11 20296 279564 1150 0 6171 0 0 0
cpu27 22270 6 18282 280990 1032 0 9701 0 0 0
cpu28 37407 17 21547 258362 1837 0 11648 0 0 0
cpu29 38868 55 21767 256016 1756 0 11765 0 0 0
cpu30 21590 8 18399 280217 798 0 9604 0 0 0
cpu31 23843 8 19173 284134 742 0 5517 0 0 0
intr 855019255 126 0 0 0 0 0 0 0 0 1 0 0 0 0 0 0 0 0 0 0 0 0 0 0 0 0 0 1 1 1 0 0 0 0 1 0 1 0 0 75045 0 0 0 0 0 0 0 0 411 0 0 0 0 0 0 0 0 87 0 0 0 0 0 0 0 0 0 0 0 0 0 0 0 125311 2 15227808 15168560 15143826 15236474 0 2895 2274 2846 1493 3073 2638 2052 2531 1422 10222 18072 10019 8104 13072 14594 11229 7244 2667 1760 1431 2307 2184 1890 1512 1571 8824 6938 4893 5454 6359 5637 6010 7939 0 0 0 0 616236 2961 1036 0 264 0 0 0 0 0 0 0 0 0 0 0 0 0 0 0 0 0 0 0 0 0 0 0 0 0 0 0 0 0 0 0 0 0 0 0 0 0 0 0 0 0 0 0 0 0 0 0 0 0 0 0 0 0 0 0 0 0 0 0 0 0 0 0 0 0 0 0 0 0 0 0 0 0 0 0 0 0 0 0 0 0 0 0 0 0 0 0 0 0 0 0 0 0 0 0 0 0 0 0 0 0 0 0 0 0 0 0 0 0 0 0 0 0 0 0 0 0 0 0 0 0 0 0 0 0 0 0 0 0 0 0 0 0 0 0 0 0 0 0 0 0 0 0 0 0 0 0 0 0 0 0 0 0 0 0 0 0 0 0 0 0 0 0 0 0 0 0 0 0 0 0 0 0 0 0 0 0 0 0 0 0 0 0 0 0 0 0 0 0 0 0 0 0 0 0 0 0 0 0 0 0 0 0 0 0 0 0 0 0 0 0 0 0 0 0 0 0 0 0 0 0 0 0 0 0 0 0 0 0 0 0 0 0 0 0 0 0 0 0 0 0 0 0 0 0 0 0 0 0 0 0 0 0 0 0 0 0 0 0 0 0 0 0 0 0 0 0 0 0 0 0 0 0 0 0 0 0 0 0 0 0 0 0 0 0 0 0 0 0 0 0 0 0 0 0 0 0 0 0 0 0 0 0 0 0 0 0 0 0 0 0 0 0 0 0 0 0 0 0 0 0 0 0 0 0 0 0 0 0 0 0 0 0 0 0 0 0 0 0 0 0 0 0 0 0 0 0 0 0 0 0 0 0 0 0 0 0 0 0 0 0 0 0 0 0 0 0 0 0 0 0 0 0 0 0 0 0 0 0 0 0 0 0 0 0 0 0 0 0 0 0 0 0 0 0 0 0 0 0 0 0 0 0 0 0 0 0 0 0 0 0 0 0 0 0 0 0 0 0 0 0 0 0 0 0 0 0 0 0 0 0 0 0 0 0 0 0 0 0 0 0 0 0 0 0 0 0 0 0 0 0 0 0 0 0 0 0 0 0 0 0 0 0 0 0 0 0 0 0 0 0 0 0 0 0 0 0 0 0 0 0 0 0 0 0 0 0 0 0 0 0 0 0 0 0 0 0 0 0 0 0 0 0 0 0 0 0 0 0 0 0 0 0 0 0 0 0 0 0 0 0 0 0 0 0 0 0 0 0 0 0 0 0 0 0 0 0 0 0 0 0 0 0 0 0 0 0 0 0 0 0 0 0 0 0 0 0 0 0 0 0 0 0 0 0 0 0 0 0 0 0 0 0 0 0 0 0 0 0 0 0 0 0 0 0 0 0 0 0 0 0 0 0 0 0 0 0 0 0 0 0 0 0 0 0 0 0 0 0 0 0 0 0 0 0 0 0 0 0 0 0 0 0 0 0 0 0 0 0 0 0 0 0 0 0 0 0 0 0 0 0 0 0 0 0 0 0 0 0 0 0 0 0 0 0 0 0 0 0 0 0 0 0 0 0 0 0 0 0 0 0 0 0 0 0 0 0 0 0 0 0 0 0 0 0 0 0 0 0 0 0 0 0 0 0 0 0 0 0 0 0 0 0 0 0 0 0 0 0 0 0 0 0 0 0 0 0 0 0 0 0 0 0 0 0 0 0 0 0 0 0 0 0 0 0 0 0 0 0 0 0 0 0 0 0 0 0 0 0 0 0 0 0 0 0 0 0 0 0 0 0 0 0 0 0 0 0 0 0 0 0 0 0 0 0 0 0 0 0 0 0 0 0 0 0 0 0 0 0 0 0 0 0 0 0 0 0 0 0 0 0 0 0 0 0 0 0 0 0 0 0 0 0 0 0 0 0 0 0 0 0 0 0 0 0 0 0 0 0 0 0 0 0 0 0 0 0 0 0 0 0 0 0 0 0 0 0 0 0 0 0 0 0 0 0 0 0 0 0 0 0 0 0 0 0 0 0 0 0 0 0 0 0 0 0 0 0 0 0 0 0 0 0 0 0 0 0 0 0 0 0 0 0 0 0 0 0 0 0 0 0 0 0 0 0 0 0 0 0 0 0 0 0 0 0 0 0 0 0 0 0 0 0 0 0 0 0 0 0 0 0 0 0 0 0 0 0 0 0 0 0 0 0 0 0 0 0 0 0 0 0 0 0 0 0 0 0 0 0 0 0 0 0 0 0 0 0 0 0 0 0 0 0 0 0 0 0 0 0 0 0 0 0 0 0 0 0 0 0 0 0 0 0 0 0 0 0 0 0 0 0 0 0 0 0 0 0 0 0 0 0 0 0 0 0 0 0 0 0 0 0 0 0 0 0 0 0 0 0 0 0 0 0 0 0 0 0 0 0 0 0 0 0 0 0 0 0 0 0 0 0 0 0 0 0 0 0 0 0 0 0 0 0 0 0 0 0 0 0 0 0 0 0 0 0 0 0 0 0 0 0 0 0 0 0 0 0 0 0 0 0 0 0 0 0 0 0 0 0 0 0 0
ctxt 1197213176
btime 1790630938
processes 96937
procs_running 3
procs_blocked 0
softirq 1225126702 73526 2073123 731852 1190481894 130572 0 4884544 16332999 410 10417782
## client-stat
cpu  802881812 23598936 303142633 93434874532 610707279 0 8754288 0 0 0
cpu0 29446278 224394 7359762 1619885128 8331055 0 165067 0 0 0
cpu1 29265333 432889 7639725 1649213178 11021355 0 54645 0 0 0
cpu2 28198902 463108 7588811 1652751575 10878378 0 35515 0 0 0
cpu3 25942382 484906 6788706 1656205797 11039124 0 29733 0 0 0
cpu4 22368501 490414 6370351 1660268058 11076687 0 29198 0 0 0
cpu5 19968852 494023 5975715 1662870955 11317104 0 27398 0 0 0
cpu6 17826616 497511 5635135 1665498519 11191797 0 27574 0 0 0
cpu7 16613101 487783 5474539 1666933133 11171086 0 25608 0 0 0
cpu8 15339471 485635 5281849 1668154895 11408449 0 25625 0 0 0
cpu9 14905820 489844 5251162 1668646976 11338450 0 25820 0 0 0
cpu10 14407153 472357 5132684 1669156012 11495188 0 25031 0 0 0
cpu11 14132079 465792 5144429 1669158327 11699773 0 26145 0 0 0
cpu12 14188015 458188 5267271 1669271255 11397357 0 25211 0 0 0
cpu13 12798663 425511 5429792 1668716090 9922400 0 1896471 0 0 0
cpu14 31522935 477236 7833268 1650050910 10085174 0 174775 0 0 0
cpu15 21117051 503934 6801039 1660825841 10896485 0 173136 0 0 0
cpu16 17754152 491819 6311760 1664542229 11133643 0 173469 0 0 0
cpu17 14931243 500066 5669361 1668310352 10904558 0 168611 0 0 0
cpu18 13592077 505884 5517990 1670025500 10640297 0 172862 0 0 0
cpu19 12936278 472687 5415053 1670793316 10655332 0 171871 0 0 0
cpu20 13087570 493492 5348768 1670679568 10657614 0 173160 0 0 0
cpu21 12209871 482428 5336086 1671445575 10771351 0 171468 0 0 0
cpu22 11981184 482914 5338206 1671368316 11081665 0 173316 0 0 0
cpu23 11693560 471865 5187996 1672115018 10734454 0 172373 0 0 0
cpu24 11730552 448076 5191081 1671832979 11041691 0 170660 0 0 0
cpu25 11556390 450839 5254739 1672304843 10684222 0 177815 0 0 0
cpu26 12009324 478046 5295174 1671733777 10627639 0 179729 0 0 0
cpu27 13881330 464459 5483374 1669395747 10979754 0 176962 0 0 0
cpu28 18768556 361854 5859665 1658256531 9964343 0 1237440 0 0 0
cpu29 13426211 381424 5526955 1669010836 11673438 0 62694 0 0 0
cpu30 12750995 342093 5324468 1670852699 11247064 0 25932 0 0 0
cpu31 11675749 306256 5006044 1672797904 10868753 0 23265 0 0 0
cpu32 10893613 292303 4880881 1673212305 11396915 0 23086 0 0 0
cpu33 10505789 294659 4785065 1673016300 12114619 0 22680 0 0 0
cpu34 10106509 300801 4681251 1673673758 11872269 0 21780 0 0 0
cpu35 9688810 288349 4574906 1674375819 11824935 0 23437 0 0 0
cpu36 9559827 287721 4474334 1674896513 11575014 0 21719 0 0 0
cpu37 9400772 302139 4454536 1675070949 11595440 0 21465 0 0 0
cpu38 9340099 311327 4407449 1675437260 11334589 0 21582 0 0 0
cpu39 9401794 310554 4500372 1675208747 11304438 0 22289 0 0 0
cpu40 9355904 306218 4527509 1675439027 11111413 0 23109 0 0 0
cpu41 9759140 317785 4528485 1674743445 11289577 0 22706 0 0 0
cpu42 13909472 443034 5473653 1670092785 10331687 0 170266 0 0 0
cpu43 11929439 434858 5186530 1672224794 10394945 0 166778 0 0 0
cpu44 11766291 425576 5244691 1672556336 10306444 0 167023 0 0 0
cpu45 11244380 430940 5008976 1673227574 10414778 0 160732 0 0 0
cpu46 11126638 431394 5003398 1673253672 10520630 0 162316 0 0 0
cpu47 10942041 452452 5026528 1673281725 10625952 0 163200 0 0 0
cpu48 11670155 439673 4995733 1672687483 10596827 0 162459 0 0 0
cpu49 11120089 416764 5028976 1673407736 10393224 0 165545 0 0 0
cpu50 11065413 440746 4994347 1673110348 10735770 0 164191 0 0 0
cpu51 11321390 447564 4999487 1673013562 10531348 0 166751 0 0 0
cpu52 11032508 446614 4989417 1673139866 10709753 0 166971 0 0 0
cpu53 11094533 432568 5070947 1673158666 10559183 0 173743 0 0 0
cpu54 11461391 425131 5046230 1672745613 10642305 0 170986 0 0 0
cpu55 13159593 432016 5217956 1670828385 10589515 0 170869 0 0 0
intr 106354071535 74 4 0 0 0 0 0 0 0 0 0 0 6 0 0 0 0 360 213 2556164455 0 0 0 0 0 0 0 0 0 0 0 0 0 0 0 0 0 2393732996 426500995 8318248 677 278 24496490 0 0 0 0 0 0 0 0 0 0 0 0 0 0 0 0 0 0 0 0 0 0 0 0 0 0 0 0 0 0 0 0 0 0 0 0 0 0 0 0 0 0 0 0 0 0 0 0 0 0 0 0 0 0 0 0 0 0 0 0 0 0 0 0 0 0 0 0 0 0 0 0 0 0 0 0 0 0 0 0 0 0 0 0 0 0 0 0 0 0 0 0 0 0 0 0 0 0 0 0 0 0 0 0 0 0 0 0 0 0 0 0 0 0 0 0 0 0 0 0 0 0 0 0 0 0 0 0 0 0 0 0 0 0 0 0 0 0 0 0 0 0 0 0 0 0 0 0 0 0 0 0 0 0 0 0 0 0 0 0 0 0 0 0 0 0 0 0 0 0 0 0 0 0 0 0 0 0 0 0 0 0 0 0 0 0 0 0 0 0 0 0 0 0 0 0 0 0 0 0 0 0 0 0 0 0 0 0 0 0 0 0 0 0 0 0 0 0 0 0 0 0 0 0 0 0 0 0 0 0 0 0 0 0 0 0 0 0 0 0 0 0 0 0 0 0 0 0 0 0 0 0 0 0 0 0 0 0 0 0 0 0 0 0 0 0 0 0 0 0 0 0 0 0 0 0 0 0 0 0 0 0 0 0 0 0 0 0 0 0 0 0 0 0 0 0 0 0 0 0 0 0 0 0 0 0 0 0 0 0 0 0 0 0 0 0 0 0 0 0 0 0 0 0 0 0 0 0 0 0 0 0 0 0 0 0 0 0 0 0 0 0 0 0 0 0 0 0 0 0 0 0 0 0 0 0 0 0 0 0 0 0 0 0 0 0 0 0 0 0 0 0 0 0 0 0 0 0 0 0 0 0 0 0 0 0 0 0 0 0 0 0 0 0 0 0 0 0 0 0 0 0 0 0 0 0 0 0 0 0 0 0 0 0 0 0 0 0 0 0 0 0 0 0 0 0 0 0 0 0 0 0 0 0 0 0 0 0 0 0 0 0 0 0 0 0 0 0 0 0 0 0 0 0 0 0 0 0 0 0 0 0 0 0 0 0 0 0 0 0 0 0 0 0 0 0 0 0 0 0 0 0 0 0 0 0 0 0 0 0 0 0 0 0 0 0 0 0 0 0 0 0 0 0 0 0 0 0 0 0 0 0 0 0 0 0 0 0 0 0 0 0 0 0 0 0 0 0 0 0 0 0 0 0 0 0 0 0 0 0 0 0 0 0 0 0 0 0 0 0 0 0 0 0 0 0 0 0 0 0 0 0 0 0 0 0 0 0 0 0 0 0 0 0 0 0 0 0 0 0 0 0 0 0 0 0 0 0 0 0 0 0 0 0 0 0 0 0 0 0 0 0 0 0 0 0 0 0 0 0 0 0 0 0 0 0 0 0 0 0 0 0 0 0 0 0 0 0 0 0 0 0 0 0 0 0 0 0 0 0 0 0 0 0 0 0 0 0 0 0 0 0 0 0 0 0 0 0 0 0 0 0 0 0 0 0 0 0 0 0 0 0 0 0 0 0 0 0 0 0 0 0 0 0 0 0 0 0 0 0 0 0 0 0 0 0 0 0 0 0 0 0 0 0 0 0 0 0 0 0 0 0 0 0 0 0 0 0 0 0 0 0 0 0 0 0 0 0 0 0 0 0 0 0 0 0 0 0 0 0 0 0 0 0 0 0 0 0 0 0 0 0 0 0 0 0 0 0 0 0 0 0 0 0 0 0 0 0 0 0 0 0 0 0 0 0 0 0 0 0 0 0 0 0 0 0 0 0 0 0 0 0 0 0 0 0 0 0 0 0 0 0 0 0 0 0 0 0 0 0 0 0 0 0 0 0 0 0 0 0 0 0 0 0 0 0 0 0 0 0 0 0 0 0 0 0 0 0 0 0 0 0 0 0 0 0 0 0 0 0 0 0 0 0 0 0 0 0 0 0 0 0 0 0 0 0 0 0 0 0 0 0 0 0 0 0 0 0 0 0 0 0 0 0 0 0 0 0 0 0 0 0 0 0 0 0 0 0 0 0 0 0 0 0 0 0 0 0 0 0 0 0 0 0 0 0 0 0 0 0 0 0 0 0 0 0 0 0 0 0 0 0 0 0 0 0 0 0 0 0 0 0 0 0 0 0 0 0 0 0 0 0 0 0 0 0 0 0 0 0 0 0 0 0 0 0 0 0 0 0 0 0 0 0 0 0 0 0 0 0 0 0 0 0 0 0 0 0 0 0 0 0 0 0 0 0 0 0 0 0 0 0 0 0 0 0 0 0 0 0 0 0 0 0 0 0 0 0 0 0 0 0 0 0 0 0 0 0 0 0 0 0 0 0 0 0 0 0 0 0 0 0 0 0 0 0 0 0 0 0 0 0 0 0 0 0 0 0 0 0 0 0 0 0 0 0 0 0 0 0 0 0 0 0 0 0 0 0 0 0 0 0 0 0 0 0 0 0 0 0 0 0 0 0 0 0 0 0 0 0 0 0 0 0 0 0 0 0 0 0 0 0 0 0 0 0 0 0 0 0 0 0 0 0 0 0 0 0 0 0 0 0 0 0 0 0 0 0 0 0 0 0 0 0 0 0 0 0 0 0 0 0 0 0 0 0 0 0 0 0 0 0 0 0 0 0 0 0 0 0 0 0 0 0 0 0 0 0 0 0 0 0 0 0 0 0 0 0 0 0 0 0 0 0 0 0 0 0 0 0 0 0 0 0 0 0 0 0 0 0 0 0 0 0 0 0 0 0 0 0 0 0 0 0 0 0 0 0 0 0 0 0 0 0 0 0 0 0 0 0 0 0 0 0 0 0 0 0 0 0 0 0 0 0 0 0 0 0 0 0 0 0 0 0 0 0 0 0 0 0 0 0 0 0 0 0 0 0 0 0 0 0 0 0 0 0 0 0 0 0 0 0 0 0 0 0 0 0 0 0 0 0 0 0 0 0 0 0 0 0 0 0 0 0 0 0 0 0 0 0 0 0 0 0 0 0 0 0 0 0 0 0 0 0 0 0 0 0 0 0 0 0 0 0 0 0 0 0 0 0 0 0 0 0 0 0 0 0 0 0 0 0 0 0 0 0 0 0 0 0 0 0 0 0 0 0 0 0 0 0 0 0 0 0 0 0 0 0 0 0 0 0 0 0 0 0 0 0 0 0 0 0 0 0 0 0 0 0 0 0 0 0 0 0 0 0 0 0 0 0 0 0 0 0 0 0 0 0 0 0 0 0 0 0 0 0 0 0 0 0 0 0 0 0 0 0 0 0 0 0 0 0 0 0 0 0 0 0 0 0 0 0 0 0 0 0 0 0 0 0 0 0 0 0 0 0 0 0 0 0 0 0 0 0 0 0 0 0 0 0 0 0 0 0 0 0 0 0 0 0 0 0 0 0 0 0 0 0 0 0 0 0 0 0 0 0 0 0 0 0 0 0 0 0 0 0 0 0 0 0 0 0 0 0 0 0 0 0 0 0 0 0 0 0 0 0 0 0 0 0 0 0 0 0 0 0 0 0 0 0 0 0 0 0 0 0 0 0 0 0 0 0 0 0 0 0 0 0 0 0 0 0 0 0 0 0 0 0 0 0 0 0 0 0 0 0 0 0 0 0 0 0 0 0 0 0 0 0 0 0 0 0 0 0 0 0 0 0 0 0 0 0 0 0 0 0 0 0 0 0 0 0 0 0 0 0 0 0 0 0 0 0 0 0 0
ctxt 208164473497
btime 1773600682
processes 94924062
procs_running 25
procs_blocked 0
softirq 42999364406 256 2278294240 38371408 857317954 1476277969 0 2936313654 568287558 5109161 479653838
--
cpu  802883944 23598936 303152158 93434902602 610707744 0 8757468 0 0 0
cpu0 29446304 224394 7359882 1619885665 8331074 0 165095 0 0 0
cpu1 29265373 432889 7639896 1649213673 11021375 0 54688 0 0 0
cpu2 28198944 463108 7588987 1652752079 10878386 0 35556 0 0 0
cpu3 25942416 484906 6788882 1656206315 11039127 0 29769 0 0 0
cpu4 22368540 490414 6370521 1660268577 11076688 0 29240 0 0 0
cpu5 19968891 494023 5975892 1662871477 11317104 0 27438 0 0 0
cpu6 17826653 497511 5635312 1665499040 11191797 0 27616 0 0 0
cpu7 16613142 487783 5474716 1666933646 11171093 0 25652 0 0 0
cpu8 15339511 485635 5282024 1668155375 11408492 0 25666 0 0 0
cpu9 14905857 489844 5251335 1668647487 11338463 0 25858 0 0 0
cpu10 14407192 472357 5132860 1669156536 11495188 0 25070 0 0 0
cpu11 14132118 465792 5144600 1669158842 11699780 0 26187 0 0 0
cpu12 14188054 458188 5267445 1669271775 11397357 0 25255 0 0 0
cpu13 12798702 425511 5429977 1668716592 9922414 0 1896513 0 0 0
cpu14 31522976 477236 7833443 1650051404 10085191 0 174822 0 0 0
cpu15 21117092 503934 6801217 1660826351 10896487 0 173183 0 0 0
cpu16 17754190 491819 6311941 1664542734 11133647 0 173515 0 0 0
cpu17 14931278 500066 5669538 1668310862 10904565 0 168656 0 0 0
cpu18 13592115 505884 5518165 1670026014 10640302 0 172906 0 0 0
cpu19 12936320 472687 5415223 1670793826 10655338 0 171913 0 0 0
cpu20 13087613 493492 5348937 1670680067 10657630 0 173209 0 0 0
cpu21 12209911 482428 5336265 1671446093 10771352 0 171510 0 0 0
cpu22 11981216 482914 5338356 1671368843 11081676 0 173366 0 0 0
cpu23 11693598 471865 5188171 1672115530 10734459 0 172420 0 0 0
cpu24 11730587 448076 5191253 1671833488 11041702 0 170708 0 0 0
cpu25 11556455 450839 5254909 1672305319 10684235 0 177858 0 0 0
cpu26 12009361 478046 5295352 1671734284 10627643 0 179775 0 0 0
cpu27 13881363 464459 5483555 1669396255 10979756 0 177009 0 0 0
cpu28 18768556 361854 5859665 1658256531 9964343 0 1238239 0 0 0
cpu29 13426256 381424 5527125 1669011354 11673444 0 62731 0 0 0
cpu30 12751031 342093 5324641 1670853216 11247073 0 25974 0 0 0
cpu31 11675789 306256 5006213 1672798404 10868780 0 23305 0 0 0
cpu32 10893654 292303 4881050 1673212812 11396934 0 23126 0 0 0
cpu33 10505828 294659 4785235 1673016819 12114625 0 22721 0 0 0
cpu34 10106544 300801 4681421 1673674272 11872282 0 21825 0 0 0
cpu35 9688853 288349 4575083 1674376345 11824935 0 23477 0 0 0
cpu36 9559866 287721 4474505 1674897041 11575014 0 21759 0 0 0
cpu37 9400812 302139 4454708 1675071470 11595448 0 21505 0 0 0
cpu38 9340137 311327 4407620 1675437787 11334589 0 21624 0 0 0
cpu39 9401839 310554 4500554 1675209257 11304438 0 22328 0 0 0
cpu40 9355943 306218 4527683 1675439536 11111424 0 23150 0 0 0
cpu41 9759182 317785 4528659 1674743948 11289592 0 22750 0 0 0
cpu42 13909509 443034 5473828 1670093284 10331702 0 170312 0 0 0
cpu43 11929473 434858 5186707 1672225302 10394950 0 166824 0 0 0
cpu44 11766327 425576 5244870 1672556853 10306444 0 167069 0 0 0
cpu45 11244421 430940 5009150 1673228073 10414792 0 160777 0 0 0
cpu46 11126677 431394 5003571 1673254172 10520645 0 162362 0 0 0
cpu47 10942076 452452 5026704 1673282226 10625967 0 163247 0 0 0
cpu48 11670190 439673 4995912 1672687995 10596832 0 162501 0 0 0
cpu49 11120124 416764 5029138 1673408250 10393231 0 165599 0 0 0
cpu50 11065458 440746 4994520 1673110855 10735772 0 164233 0 0 0
cpu51 11321425 447564 4999671 1673014080 10531348 0 166793 0 0 0
cpu52 11032548 446614 4989592 1673140376 10709755 0 167016 0 0 0
cpu53 11094572 432568 5071120 1673159180 10559183 0 173794 0 0 0
cpu54 11461426 425131 5046406 1672746110 10642317 0 171032 0 0 0
cpu55 13159632 432016 5218131 1670828879 10589533 0 170914 0 0 0
intr 106354741224 74 4 0 0 0 0 0 0 0 0 0 0 6 0 0 0 0 360 213 2556166616 0 0 0 0 0 0 0 0 0 0 0 0 0 0 0 0 0 2393733067 426501151 8318252 677 278 24496490 0 0 0 0 0 0 0 0 0 0 0 0 0 0 0 0 0 0 0 0 0 0 0 0 0 0 0 0 0 0 0 0 0 0 0 0 0 0 0 0 0 0 0 0 0 0 0 0 0 0 0 0 0 0 0 0 0 0 0 0 0 0 0 0 0 0 0 0 0 0 0 0 0 0 0 0 0 0 0 0 0 0 0 0 0 0 0 0 0 0 0 0 0 0 0 0 0 0 0 0 0 0 0 0 0 0 0 0 0 0 0 0 0 0 0 0 0 0 0 0 0 0 0 0 0 0 0 0 0 0 0 0 0 0 0 0 0 0 0 0 0 0 0 0 0 0 0 0 0 0 0 0 0 0 0 0 0 0 0 0 0 0 0 0 0 0 0 0 0 0 0 0 0 0 0 0 0 0 0 0 0 0 0 0 0 0 0 0 0 0 0 0 0 0 0 0 0 0 0 0 0 0 0 0 0 0 0 0 0 0 0 0 0 0 0 0 0 0 0 0 0 0 0 0 0 0 0 0 0 0 0 0 0 0 0 0 0 0 0 0 0 0 0 0 0 0 0 0 0 0 0 0 0 0 0 0 0 0 0 0 0 0 0 0 0 0 0 0 0 0 0 0 0 0 0 0 0 0 0 0 0 0 0 0 0 0 0 0 0 0 0 0 0 0 0 0 0 0 0 0 0 0 0 0 0 0 0 0 0 0 0 0 0 0 0 0 0 0 0 0 0 0 0 0 0 0 0 0 0 0 0 0 0 0 0 0 0 0 0 0 0 0 0 0 0 0 0 0 0 0 0 0 0 0 0 0 0 0 0 0 0 0 0 0 0 0 0 0 0 0 0 0 0 0 0 0 0 0 0 0 0 0 0 0 0 0 0 0 0 0 0 0 0 0 0 0 0 0 0 0 0 0 0 0 0 0 0 0 0 0 0 0 0 0 0 0 0 0 0 0 0 0 0 0 0 0 0 0 0 0 0 0 0 0 0 0 0 0 0 0 0 0 0 0 0 0 0 0 0 0 0 0 0 0 0 0 0 0 0 0 0 0 0 0 0 0 0 0 0 0 0 0 0 0 0 0 0 0 0 0 0 0 0 0 0 0 0 0 0 0 0 0 0 0 0 0 0 0 0 0 0 0 0 0 0 0 0 0 0 0 0 0 0 0 0 0 0 0 0 0 0 0 0 0 0 0 0 0 0 0 0 0 0 0 0 0 0 0 0 0 0 0 0 0 0 0 0 0 0 0 0 0 0 0 0 0 0 0 0 0 0 0 0 0 0 0 0 0 0 0 0 0 0 0 0 0 0 0 0 0 0 0 0 0 0 0 0 0 0 0 0 0 0 0 0 0 0 0 0 0 0 0 0 0 0 0 0 0 0 0 0 0 0 0 0 0 0 0 0 0 0 0 0 0 0 0 0 0 0 0 0 0 0 0 0 0 0 0 0 0 0 0 0 0 0 0 0 0 0 0 0 0 0 0 0 0 0 0 0 0 0 0 0 0 0 0 0 0 0 0 0 0 0 0 0 0 0 0 0 0 0 0 0 0 0 0 0 0 0 0 0 0 0 0 0 0 0 0 0 0 0 0 0 0 0 0 0 0 0 0 0 0 0 0 0 0 0 0 0 0 0 0 0 0 0 0 0 0 0 0 0 0 0 0 0 0 0 0 0 0 0 0 0 0 0 0 0 0 0 0 0 0 0 0 0 0 0 0 0 0 0 0 0 0 0 0 0 0 0 0 0 0 0 0 0 0 0 0 0 0 0 0 0 0 0 0 0 0 0 0 0 0 0 0 0 0 0 0 0 0 0 0 0 0 0 0 0 0 0 0 0 0 0 0 0 0 0 0 0 0 0 0 0 0 0 0 0 0 0 0 0 0 0 0 0 0 0 0 0 0 0 0 0 0 0 0 0 0 0 0 0 0 0 0 0 0 0 0 0 0 0 0 0 0 0 0 0 0 0 0 0 0 0 0 0 0 0 0 0 0 0 0 0 0 0 0 0 0 0 0 0 0 0 0 0 0 0 0 0 0 0 0 0 0 0 0 0 0 0 0 0 0 0 0 0 0 0 0 0 0 0 0 0 0 0 0 0 0 0 0 0 0 0 0 0 0 0 0 0 0 0 0 0 0 0 0 0 0 0 0 0 0 0 0 0 0 0 0 0 0 0 0 0 0 0 0 0 0 0 0 0 0 0 0 0 0 0 0 0 0 0 0 0 0 0 0 0 0 0 0 0 0 0 0 0 0 0 0 0 0 0 0 0 0 0 0 0 0 0 0 0 0 0 0 0 0 0 0 0 0 0 0 0 0 0 0 0 0 0 0 0 0 0 0 0 0 0 0 0 0 0 0 0 0 0 0 0 0 0 0 0 0 0 0 0 0 0 0 0 0 0 0 0 0 0 0 0 0 0 0 0 0 0 0 0 0 0 0 0 0 0 0 0 0 0 0 0 0 0 0 0 0 0 0 0 0 0 0 0 0 0 0 0 0 0 0 0 0 0 0 0 0 0 0 0 0 0 0 0 0 0 0 0 0 0 0 0 0 0 0 0 0 0 0 0 0 0 0 0 0 0 0 0 0 0 0 0 0 0 0 0 0 0 0 0 0 0 0 0 0 0 0 0 0 0 0 0 0 0 0 0 0 0 0 0 0 0 0 0 0 0 0 0 0 0 0 0 0 0 0 0 0 0 0 0 0 0 0 0 0 0 0 0 0 0 0 0 0 0 0 0 0 0 0 0 0 0 0 0 0 0 0 0 0 0 0 0 0 0 0 0 0 0 0 0 0 0 0 0 0 0 0 0 0 0 0 0 0 0 0 0 0 0 0 0 0 0 0 0 0 0 0 0 0 0 0 0 0 0 0 0 0 0 0 0 0 0 0 0 0 0 0 0 0 0 0 0 0 0 0 0 0 0 0 0 0 0 0 0 0 0 0 0 0 0 0 0 0 0 0 0 0 0 0 0 0 0 0 0 0 0 0 0 0 0 0 0 0 0 0 0 0 0 0 0 0 0 0 0 0 0 0 0 0 0 0 0 0 0 0 0 0 0 0 0 0 0 0 0 0 0 0 0 0 0 0 0 0 0 0 0 0 0 0 0 0 0 0 0 0 0 0 0 0 0 0 0 0 0 0 0 0 0 0 0 0 0 0 0 0 0 0 0 0 0 0 0 0 0 0 0 0 0 0 0 0 0 0 0 0 0 0 0 0 0 0 0 0 0 0 0 0 0 0 0 0 0 0 0 0 0 0 0 0 0 0 0 0 0 0 0 0 0 0 0 0 0 0 0 0 0 0 0 0 0 0 0 0 0 0 0 0 0 0 0 0 0 0 0 0 0 0 0 0 0 0 0 0 0 0 0 0 0 0 0 0 0 0 0 0 0 0 0 0 0 0 0 0 0 0 0 0 0 0 0 0 0 0 0 0 0 0 0 0 0 0 0 0 0 0 0 0 0 0 0 0 0 0 0 0 0 0 0 0 0 0 0 0 0 0 0 0 0 0 0 0 0 0 0 0 0 0 0 0 0 0 0 0 0 0 0 0 0 0 0 0 0 0 0 0 0 0 0 0 0 0 0 0 0 0 0 0 0 0 0 0 0 0 0 0 0 0 0 0 0 0 0 0 0 0 0 0 0 0 0 0 0 0 0 0 0 0 0 0 0 0 0 0 0 0 0 0 0 0 0 0 0 0 0 0 0 0 0 0 0
ctxt 208169217357
btime 1773600682
processes 94924109
procs_running 22
procs_blocked 0
softirq 43000976034 256 2278295990 38385099 858702999 1476279049 0 2936316191 568439833 5109161 479709088
