Running 10s test @ http://192.168.10.15:18500/page
  32 threads and 64 connections
  Thread Stats   Avg      Stdev     Max   +/- Stdev
    Latency     5.67ms  377.39us  10.80ms   95.99%
    Req/Sec   353.58     28.69   787.00     99.47%
  Latency Distribution
     50%    5.73ms
     75%    5.77ms
     90%    5.86ms
     99%    6.12ms
  113182 requests in 10.10s, 1.09GB read
Requests/sec:  11206.06
Transfer/sec:    110.55MB
## drops 0 0
## server-stat
cpu  1132038 408 613518 8504725 30000 0 241981 0 0 0
cpu0 41977 7 19014 261485 773 0 8695 0 0 0
cpu1 42300 9 18932 262228 558 0 8398 0 0 0
cpu2 42581 8 18845 262362 356 0 8338 0 0 0
cpu3 43158 9 19343 260410 1180 0 8373 0 0 0
cpu4 43437 7 19170 260750 715 0 8443 0 0 0
cpu5 43156 9 19085 261466 353 0 8327 0 0 0
cpu6 42727 7 18968 262016 333 0 8330 0 0 0
cpu7 42006 6 18795 263016 215 0 8178 0 0 0
cpu8 21921 12 18309 278716 1014 0 5128 0 0 0
cpu9 24253 13 18645 274558 2301 0 5250 0 0 0
cpu10 23483 11 18561 276723 1153 0 5380 0 0 0
cpu11 22435 10 18006 280054 558 0 5116 0 0 0
cpu12 38525 80 19215 260054 2942 0 5424 0 0 0
cpu13 37367 13 19438 261548 2287 0 5546 0 0 0
cpu14 22489 9 17630 281462 795 0 5029 0 0 0
cpu15 21433 10 16564 284616 632 0 4591 0 0 0
cpu16 45610 4 19777 258441 358 0 8472 0 0 0
cpu17 45483 4 19796 257554 1242 0 8513 0 0 0
cpu18 45295 5 19661 258922 276 0 8430 0 0 0
cpu19 46273 6 20098 256838 605 0 8640 0 0 0
cpu20 46410 8 20054 256911 659 0 8623 0 0 0
cpu21 45106 5 19600 258754 526 0 8493 0 0 0
cpu22 44282 6 19662 258259 320 0 8463 0 0 0
cpu23 43272 8 19349 260853 290 0 8375 0 0 0
cpu24 24384 11 18739 277972 801 0 5452 0 0 0
cpu25 26319 13 20412 270396 1525 0 6250 0 0 0
cpu26 25495 11 20099 272157 1146 0 6141 0 0 0
cpu27 22030 6 18119 273674 1027 0 9631 0 0 0
cpu28 36437 17 21178 252207 1834 0 11428 0 0 0
cpu29 37782 55 21345 250111 1734 0 11531 0 0 0
cpu30 21113 8 18141 273369 750 0 9491 0 0 0
cpu31 23484 8 18954 276825 725 0 5489 0 0 0
intr 840725014 126 0 0 0 0 0 0 0 0 1 0 0 0 0 0 0 0 0 0 0 0 0 0 0 0 0 0 1 1 1 0 0 0 0 1 0 1 0 0 75045 0 0 0 0 0 0 0 0 411 0 0 0 0 0 0 0 0 87 0 0 0 0 0 0 0 0 0 0 0 0 0 0 0 123530 2 14179472 14150605 14109306 14207411 0 2830 2273 2844 1491 3073 2635 2051 2531 1421 10166 18059 9959 8097 13038 14592 11229 7243 2667 1759 1420 2307 2184 1890 1511 1571 8809 6931 4892 5431 6350 5627 5972 7938 0 0 0 0 616232 2948 1036 0 264 0 0 0 0 0 0 0 0 0 0 0 0 0 0 0 0 0 0 0 0 0 0 0 0 0 0 0 0 0 0 0 0 0 0 0 0 0 0 0 0 0 0 0 0 0 0 0 0 0 0 0 0 0 0 0 0 0 0 0 0 0 0 0 0 0 0 0 0 0 0 0 0 0 0 0 0 0 0 0 0 0 0 0 0 0 0 0 0 0 0 0 0 0 0 0 0 0 0 0 0 0 0 0 0 0 0 0 0 0 0 0 0 0 0 0 0 0 0 0 0 0 0 0 0 0 0 0 0 0 0 0 0 0 0 0 0 0 0 0 0 0 0 0 0 0 0 0 0 0 0 0 0 0 0 0 0 0 0 0 0 0 0 0 0 0 0 0 0 0 0 0 0 0 0 0 0 0 0 0 0 0 0 0 0 0 0 0 0 0 0 0 0 0 0 0 0 0 0 0 0 0 0 0 0 0 0 0 0 0 0 0 0 0 0 0 0 0 0 0 0 0 0 0 0 0 0 0 0 0 0 0 0 0 0 0 0 0 0 0 0 0 0 0 0 0 0 0 0 0 0 0 0 0 0 0 0 0 0 0 0 0 0 0 0 0 0 0 0 0 0 0 0 0 0 0 0 0 0 0 0 0 0 0 0 0 0 0 0 0 0 0 0 0 0 0 0 0 0 0 0 0 0 0 0 0 0 0 0 0 0 0 0 0 0 0 0 0 0 0 0 0 0 0 0 0 0 0 0 0 0 0 0 0 0 0 0 0 0 0 0 0 0 0 0 0 0 0 0 0 0 0 0 0 0 0 0 0 0 0 0 0 0 0 0 0 0 0 0 0 0 0 0 0 0 0 0 0 0 0 0 0 0 0 0 0 0 0 0 0 0 0 0 0 0 0 0 0 0 0 0 0 0 0 0 0 0 0 0 0 0 0 0 0 0 0 0 0 0 0 0 0 0 0 0 0 0 0 0 0 0 0 0 0 0 0 0 0 0 0 0 0 0 0 0 0 0 0 0 0 0 0 0 0 0 0 0 0 0 0 0 0 0 0 0 0 0 0 0 0 0 0 0 0 0 0 0 0 0 0 0 0 0 0 0 0 0 0 0 0 0 0 0 0 0 0 0 0 0 0 0 0 0 0 0 0 0 0 0 0 0 0 0 0 0 0 0 0 0 0 0 0 0 0 0 0 0 0 0 0 0 0 0 0 0 0 0 0 0 0 0 0 0 0 0 0 0 0 0 0 0 0 0 0 0 0 0 0 0 0 0 0 0 0 0 0 0 0 0 0 0 0 0 0 0 0 0 0 0 0 0 0 0 0 0 0 0 0 0 0 0 0 0 0 0 0 0 0 0 0 0 0 0 0 0 0 0 0 0 0 0 0 0 0 0 0 0 0 0 0 0 0 0 0 0 0 0 0 0 0 0 0 0 0 0 0 0 0 0 0 0 0 0 0 0 0 0 0 0 0 0 0 0 0 0 0 0 0 0 0 0 0 0 0 0 0 0 0 0 0 0 0 0 0 0 0 0 0 0 0 0 0 0 0 0 0 0 0 0 0 0 0 0 0 0 0 0 0 0 0 0 0 0 0 0 0 0 0 0 0 0 0 0 0 0 0 0 0 0 0 0 0 0 0 0 0 0 0 0 0 0 0 0 0 0 0 0 0 0 0 0 0 0 0 0 0 0 0 0 0 0 0 0 0 0 0 0 0 0 0 0 0 0 0 0 0 0 0 0 0 0 0 0 0 0 0 0 0 0 0 0 0 0 0 0 0 0 0 0 0 0 0 0 0 0 0 0 0 0 0 0 0 0 0 0 0 0 0 0 0 0 0 0 0 0 0 0 0 0 0 0 0 0 0 0 0 0 0 0 0 0 0 0 0 0 0 0 0 0 0 0 0 0 0 0 0 0 0 0 0 0 0 0 0 0 0 0 0 0 0 0 0 0 0 0 0 0 0 0 0 0 0 0 0 0 0 0 0 0 0 0 0 0 0 0 0 0 0 0 0 0 0 0 0 0 0 0 0 0 0 0 0 0 0 0 0 0 0 0 0 0 0 0 0 0 0 0 0 0 0 0 0 0 0 0 0 0 0 0 0 0 0 0 0 0 0 0 0 0 0 0 0 0 0 0 0 0 0 0 0 0 0 0 0 0 0 0 0 0 0 0 0 0 0 0 0 0 0 0 0 0 0 0 0 0 0 0 0 0 0 0 0 0 0 0 0 0 0 0 0 0 0 0 0 0 0 0 0 0 0 0 0 0 0 0 0 0 0 0 0 0 0 0 0 0 0 0 0 0 0 0 0 0 0 0 0 0 0 0 0 0 0 0 0 0 0 0 0 0 0 0 0 0 0 0 0 0 0 0 0 0 0 0 0 0 0 0 0 0 0 0 0 0 0 0 0 0 0 0 0 0 0 0 0 0 0 0 0 0 0 0 0 0 0 0 0 0 0 0 0 0 0 0 0 0 0 0 0 0 0 0 0 0
ctxt 1186407362
btime 1790630938
processes 94588
procs_running 1
procs_blocked 0
softirq 1213284516 73526 2027258 630132 1179086289 128714 0 4884421 16162209 410 10291557
--
cpu  1132285 409 613545 8529903 30035 0 241991 0 0 0
cpu0 41978 7 19014 262281 773 0 8696 0 0 0
cpu1 42301 9 18932 263027 558 0 8398 0 0 0
cpu2 42581 8 18845 263162 356 0 8338 0 0 0
cpu3 43159 9 19343 261208 1180 0 8373 0 0 0
cpu4 43437 7 19171 261550 715 0 8443 0 0 0
cpu5 43156 9 19085 262265 353 0 8327 0 0 0
cpu6 42727 7 18968 262816 333 0 8330 0 0 0
cpu7 42006 6 18795 263817 215 0 8178 0 0 0
cpu8 21939 12 18310 279483 1027 0 5128 0 0 0
cpu9 24293 13 18648 275304 2302 0 5251 0 0 0
cpu10 23506 12 18563 277489 1154 0 5381 0 0 0
cpu11 22441 10 18007 280844 560 0 5116 0 0 0
cpu12 38576 81 19219 260787 2943 0 5425 0 0 0
cpu13 37420 13 19443 262273 2287 0 5547 0 0 0
cpu14 22504 10 17633 282238 795 0 5029 0 0 0
cpu15 21440 10 16565 285406 632 0 4591 0 0 0
cpu16 45610 4 19778 259241 358 0 8472 0 0 0
cpu17 45483 4 19797 258354 1242 0 8513 0 0 0
cpu18 45296 5 19661 259722 276 0 8430 0 0 0
cpu19 46273 6 20098 257638 606 0 8640 0 0 0
cpu20 46411 8 20054 257710 659 0 8623 0 0 0
cpu21 45106 5 19600 259554 526 0 8493 0 0 0
cpu22 44282 6 19662 259058 320 0 8463 0 0 0
cpu23 43272 8 19349 261653 290 0 8375 0 0 0
cpu24 24386 11 18740 278767 802 0 5452 0 0 0
cpu25 26319 13 20413 271196 1525 0 6250 0 0 0
cpu26 25495 11 20099 272957 1146 0 6141 0 0 0
cpu27 22031 6 18119 274466 1027 0 9632 0 0 0
cpu28 36442 17 21178 252987 1834 0 11431 0 0 0
cpu29 37803 55 21347 250872 1734 0 11532 0 0 0
cpu30 21116 8 18142 274154 750 0 9492 0 0 0
cpu31 23484 8 18954 277609 741 0 5489 0 0 0
intr 841280070 126 0 0 0 0 0 0 0 0 1 0 0 0 0 0 0 0 0 0 0 0 0 0 0 0 0 0 1 1 1 0 0 0 0 1 0 1 0 0 75045 0 0 0 0 0 0 0 0 411 0 0 0 0 0 0 0 0 87 0 0 0 0 0 0 0 0 0 0 0 0 0 0 0 123785 2 14268740 14220884 14191681 14287093 0 2838 2274 2845 1491 3073 2635 2051 2531 1421 10166 18059 9959 8097 13038 14592 11229 7243 2667 1759 1420 2307 2184 1890 1511 1571 8809 6931 4892 5437 6350 5627 5972 7938 0 0 0 0 616232 2954 1036 0 264 0 0 0 0 0 0 0 0 0 0 0 0 0 0 0 0 0 0 0 0 0 0 0 0 0 0 0 0 0 0 0 0 0 0 0 0 0 0 0 0 0 0 0 0 0 0 0 0 0 0 0 0 0 0 0 0 0 0 0 0 0 0 0 0 0 0 0 0 0 0 0 0 0 0 0 0 0 0 0 0 0 0 0 0 0 0 0 0 0 0 0 0 0 0 0 0 0 0 0 0 0 0 0 0 0 0 0 0 0 0 0 0 0 0 0 0 0 0 0 0 0 0 0 0 0 0 0 0 0 0 0 0 0 0 0 0 0 0 0 0 0 0 0 0 0 0 0 0 0 0 0 0 0 0 0 0 0 0 0 0 0 0 0 0 0 0 0 0 0 0 0 0 0 0 0 0 0 0 0 0 0 0 0 0 0 0 0 0 0 0 0 0 0 0 0 0 0 0 0 0 0 0 0 0 0 0 0 0 0 0 0 0 0 0 0 0 0 0 0 0 0 0 0 0 0 0 0 0 0 0 0 0 0 0 0 0 0 0 0 0 0 0 0 0 0 0 0 0 0 0 0 0 0 0 0 0 0 0 0 0 0 0 0 0 0 0 0 0 0 0 0 0 0 0 0 0 0 0 0 0 0 0 0 0 0 0 0 0 0 0 0 0 0 0 0 0 0 0 0 0 0 0 0 0 0 0 0 0 0 0 0 0 0 0 0 0 0 0 0 0 0 0 0 0 0 0 0 0 0 0 0 0 0 0 0 0 0 0 0 0 0 0 0 0 0 0 0 0 0 0 0 0 0 0 0 0 0 0 0 0 0 0 0 0 0 0 0 0 0 0 0 0 0 0 0 0 0 0 0 0 0 0 0 0 0 0 0 0 0 0 0 0 0 0 0 0 0 0 0 0 0 0 0 0 0 0 0 0 0 0 0 0 0 0 0 0 0 0 0 0 0 0 0 0 0 0 0 0 0 0 0 0 0 0 0 0 0 0 0 0 0 0 0 0 0 0 0 0 0 0 0 0 0 0 0 0 0 0 0 0 0 0 0 0 0 0 0 0 0 0 0 0 0 0 0 0 0 0 0 0 0 0 0 0 0 0 0 0 0 0 0 0 0 0 0 0 0 0 0 0 0 0 0 0 0 0 0 0 0 0 0 0 0 0 0 0 0 0 0 0 0 0 0 0 0 0 0 0 0 0 0 0 0 0 0 0 0 0 0 0 0 0 0 0 0 0 0 0 0 0 0 0 0 0 0 0 0 0 0 0 0 0 0 0 0 0 0 0 0 0 0 0 0 0 0 0 0 0 0 0 0 0 0 0 0 0 0 0 0 0 0 0 0 0 0 0 0 0 0 0 0 0 0 0 0 0 0 0 0 0 0 0 0 0 0 0 0 0 0 0 0 0 0 0 0 0 0 0 0 0 0 0 0 0 0 0 0 0 0 0 0 0 0 0 0 0 0 0 0 0 0 0 0 0 0 0 0 0 0 0 0 0 0 0 0 0 0 0 0 0 0 0 0 0 0 0 0 0 0 0 0 0 0 0 0 0 0 0 0 0 0 0 0 0 0 0 0 0 0 0 0 0 0 0 0 0 0 0 0 0 0 0 0 0 0 0 0 0 0 0 0 0 0 0 0 0 0 0 0 0 0 0 0 0 0 0 0 0 0 0 0 0 0 0 0 0 0 0 0 0 0 0 0 0 0 0 0 0 0 0 0 0 0 0 0 0 0 0 0 0 0 0 0 0 0 0 0 0 0 0 0 0 0 0 0 0 0 0 0 0 0 0 0 0 0 0 0 0 0 0 0 0 0 0 0 0 0 0 0 0 0 0 0 0 0 0 0 0 0 0 0 0 0 0 0 0 0 0 0 0 0 0 0 0 0 0 0 0 0 0 0 0 0 0 0 0 0 0 0 0 0 0 0 0 0 0 0 0 0 0 0 0 0 0 0 0 0 0 0 0 0 0 0 0 0 0 0 0 0 0 0 0 0 0 0 0 0 0 0 0 0 0 0 0 0 0 0 0 0 0 0 0 0 0 0 0 0 0 0 0 0 0 0 0 0 0 0 0 0 0 0 0 0 0 0 0 0 0 0 0 0 0 0 0 0 0 0 0 0 0 0 0 0 0 0 0 0 0 0 0 0 0 0 0 0 0 0 0 0 0 0 0 0 0 0 0 0 0 0 0 0 0 0 0 0 0 0 0 0 0 0 0 0 0 0 0 0 0 0 0 0 0 0 0 0 0 0 0 0 0 0 0 0 0 0 0 0 0 0 0 0 0 0 0 0 0 0 0 0 0 0 0 0 0 0 0 0 0 0 0 0 0 0 0 0 0 0 0 0 0 0 0 0 0 0 0 0 0 0 0 0 0 0 0 0 0 0 0 0 0 0 0 0 0 0 0 0 0 0 0 0 0 0 0 0 0 0 0 0 0 0 0 0 0 0 0 0 0 0 0 0 0 0 0 0 0 0 0 0 0 0 0
ctxt 1186606253
btime 1790630938
processes 94679
procs_running 1
procs_blocked 0
softirq 1213835613 73526 2032104 665460 1179581569 128980 0 4884446 16170442 410 10298676
## client-stat
cpu  802866107 23598936 303115145 93434535004 610705465 0 8741666 0 0 0
cpu0 29446098 224394 7359395 1619879495 8331036 0 164923 0 0 0
cpu1 29265115 432889 7639254 1649206997 11021354 0 54472 0 0 0
cpu2 28198685 463108 7588341 1652745391 10878325 0 35348 0 0 0
cpu3 25942123 484906 6788235 1656199588 11039113 0 29569 0 0 0
cpu4 22368314 490414 6369907 1660261750 11076677 0 29035 0 0 0
cpu5 19968673 494023 5975243 1662864672 11317066 0 27231 0 0 0
cpu6 17826376 497511 5634675 1665492269 11191783 0 27417 0 0 0
cpu7 16612915 487783 5474077 1666926851 11171046 0 25449 0 0 0
cpu8 15339239 485635 5281392 1668148644 11408432 0 25457 0 0 0
cpu9 14905639 489844 5250716 1668640665 11338418 0 25664 0 0 0
cpu10 14406811 472357 5132213 1669149897 11495143 0 24863 0 0 0
cpu11 14131838 465792 5143959 1669152136 11699731 0 25983 0 0 0
cpu12 14187754 458188 5266797 1669265041 11397350 0 25046 0 0 0
cpu13 12798449 425511 5429340 1668709823 9922388 0 1896298 0 0 0
cpu14 31522715 477236 7832719 1650044815 10085156 0 174556 0 0 0
cpu15 21116030 503934 6800652 1660820274 10896451 0 172986 0 0 0
cpu16 17753945 491819 6311233 1664536125 11133616 0 173257 0 0 0
cpu17 14931038 500066 5668813 1668304346 10904409 0 168414 0 0 0
cpu18 13591367 505884 5517532 1670019750 10640281 0 172681 0 0 0
cpu19 12936056 472687 5414516 1670787282 10655238 0 171662 0 0 0
cpu20 13087307 493492 5348238 1670673643 10657448 0 172951 0 0 0
cpu21 12209676 482428 5335562 1671439432 10771337 0 171260 0 0 0
cpu22 11980972 482914 5337663 1671362220 11081627 0 173106 0 0 0
cpu23 11693341 471865 5187441 1672108941 10734418 0 172168 0 0 0
cpu24 11729923 448076 5190589 1671827179 11041669 0 170474 0 0 0
cpu25 11556124 450839 5254202 1672298787 10684203 0 177600 0 0 0
cpu26 12008810 478046 5294668 1671727909 10627611 0 179519 0 0 0
cpu27 13881094 464459 5482840 1669389651 10979733 0 176750 0 0 0
cpu28 18768241 361854 5859112 1658253232 9964324 0 1234912 0 0 0
cpu29 13425970 381424 5526504 1669004605 11673395 0 62531 0 0 0
cpu30 12750720 342093 5324011 1670846504 11247033 0 25765 0 0 0
cpu31 11675600 306256 5005600 1672791542 10868737 0 23107 0 0 0
cpu32 10893380 292303 4880430 1673206047 11396896 0 22923 0 0 0
cpu33 10505524 294659 4784604 1673010083 12114592 0 22518 0 0 0
cpu34 10106281 300801 4680807 1673667490 11872243 0 21623 0 0 0
cpu35 9688591 288349 4574434 1674369562 11824926 0 23276 0 0 0
cpu36 9559620 287721 4473885 1674890226 11574983 0 21556 0 0 0
cpu37 9400586 302139 4454086 1675064709 11595340 0 21303 0 0 0
cpu38 9339922 311327 4407003 1675430963 11334535 0 21415 0 0 0
cpu39 9401595 310554 4499895 1675202449 11304428 0 22123 0 0 0
cpu40 9355704 306218 4527019 1675432774 11111395 0 22941 0 0 0
cpu41 9758971 317785 4528024 1674737164 11289530 0 22538 0 0 0
cpu42 13909191 443034 5473120 1670086743 10331661 0 170052 0 0 0
cpu43 11928137 434858 5186105 1672219550 10394929 0 166624 0 0 0
cpu44 11765986 425576 5244166 1672550294 10306444 0 166805 0 0 0
cpu45 11244181 430940 5008416 1673221479 10414744 0 160519 0 0 0
cpu46 11126395 431394 5002905 1673247512 10520605 0 162128 0 0 0
cpu47 10941819 452452 5025992 1673275639 10625916 0 162992 0 0 0
cpu48 11669867 439673 4995176 1672681457 10596804 0 162252 0 0 0
cpu49 11119867 416764 5028440 1673401628 10393203 0 165331 0 0 0
cpu50 11065194 440746 4993813 1673104235 10735740 0 163990 0 0 0
cpu51 11321178 447564 4998952 1673007427 10531347 0 166544 0 0 0
cpu52 11032295 446614 4988910 1673133732 10709696 0 166781 0 0 0
cpu53 11094318 432568 5070381 1673152562 10559169 0 173523 0 0 0
cpu54 11461150 425131 5045708 1672739499 10642279 0 170782 0 0 0
cpu55 13159373 432016 5217414 1670822297 10589486 0 170652 0 0 0
intr 106350382722 74 4 0 0 0 0 0 0 0 0 0 0 6 0 0 0 0 360 213 2556154955 0 0 0 0 0 0 0 0 0 0 0 0 0 0 0 0 0 2393164197 426499332 8318213 677 278 24496490 0 0 0 0 0 0 0 0 0 0 0 0 0 0 0 0 0 0 0 0 0 0 0 0 0 0 0 0 0 0 0 0 0 0 0 0 0 0 0 0 0 0 0 0 0 0 0 0 0 0 0 0 0 0 0 0 0 0 0 0 0 0 0 0 0 0 0 0 0 0 0 0 0 0 0 0 0 0 0 0 0 0 0 0 0 0 0 0 0 0 0 0 0 0 0 0 0 0 0 0 0 0 0 0 0 0 0 0 0 0 0 0 0 0 0 0 0 0 0 0 0 0 0 0 0 0 0 0 0 0 0 0 0 0 0 0 0 0 0 0 0 0 0 0 0 0 0 0 0 0 0 0 0 0 0 0 0 0 0 0 0 0 0 0 0 0 0 0 0 0 0 0 0 0 0 0 0 0 0 0 0 0 0 0 0 0 0 0 0 0 0 0 0 0 0 0 0 0 0 0 0 0 0 0 0 0 0 0 0 0 0 0 0 0 0 0 0 0 0 0 0 0 0 0 0 0 0 0 0 0 0 0 0 0 0 0 0 0 0 0 0 0 0 0 0 0 0 0 0 0 0 0 0 0 0 0 0 0 0 0 0 0 0 0 0 0 0 0 0 0 0 0 0 0 0 0 0 0 0 0 0 0 0 0 0 0 0 0 0 0 0 0 0 0 0 0 0 0 0 0 0 0 0 0 0 0 0 0 0 0 0 0 0 0 0 0 0 0 0 0 0 0 0 0 0 0 0 0 0 0 0 0 0 0 0 0 0 0 0 0 0 0 0 0 0 0 0 0 0 0 0 0 0 0 0 0 0 0 0 0 0 0 0 0 0 0 0 0 0 0 0 0 0 0 0 0 0 0 0 0 0 0 0 0 0 0 0 0 0 0 0 0 0 0 0 0 0 0 0 0 0 0 0 0 0 0 0 0 0 0 0 0 0 0 0 0 0 0 0 0 0 0 0 0 0 0 0 0 0 0 0 0 0 0 0 0 0 0 0 0 0 0 0 0 0 0 0 0 0 0 0 0 0 0 0 0 0 0 0 0 0 0 0 0 0 0 0 0 0 0 0 0 0 0 0 0 0 0 0 0 0 0 0 0 0 0 0 0 0 0 0 0 0 0 0 0 0 0 0 0 0 0 0 0 0 0 0 0 0 0 0 0 0 0 0 0 0 0 0 0 0 0 0 0 0 0 0 0 0 0 0 0 0 0 0 0 0 0 0 0 0 0 0 0 0 0 0 0 0 0 0 0 0 0 0 0 0 0 0 0 0 0 0 0 0 0 0 0 0 0 0 0 0 0 0 0 0 0 0 0 0 0 0 0 0 0 0 0 0 0 0 0 0 0 0 0 0 0 0 0 0 0 0 0 0 0 0 0 0 0 0 0 0 0 0 0 0 0 0 0 0 0 0 0 0 0 0 0 0 0 0 0 0 0 0 0 0 0 0 0 0 0 0 0 0 0 0 0 0 0 0 0 0 0 0 0 0 0 0 0 0 0 0 0 0 0 0 0 0 0 0 0 0 0 0 0 0 0 0 0 0 0 0 0 0 0 0 0 0 0 0 0 0 0 0 0 0 0 0 0 0 0 0 0 0 0 0 0 0 0 0 0 0 0 0 0 0 0 0 0 0 0 0 0 0 0 0 0 0 0 0 0 0 0 0 0 0 0 0 0 0 0 0 0 0 0 0 0 0 0 0 0 0 0 0 0 0 0 0 0 0 0 0 0 0 0 0 0 0 0 0 0 0 0 0 0 0 0 0 0 0 0 0 0 0 0 0 0 0 0 0 0 0 0 0 0 0 0 0 0 0 0 0 0 0 0 0 0 0 0 0 0 0 0 0 0 0 0 0 0 0 0 0 0 0 0 0 0 0 0 0 0 0 0 0 0 0 0 0 0 0 0 0 0 0 0 0 0 0 0 0 0 0 0 0 0 0 0 0 0 0 0 0 0 0 0 0 0 0 0 0 0 0 0 0 0 0 0 0 0 0 0 0 0 0 0 0 0 0 0 0 0 0 0 0 0 0 0 0 0 0 0 0 0 0 0 0 0 0 0 0 0 0 0 0 0 0 0 0 0 0 0 0 0 0 0 0 0 0 0 0 0 0 0 0 0 0 0 0 0 0 0 0 0 0 0 0 0 0 0 0 0 0 0 0 0 0 0 0 0 0 0 0 0 0 0 0 0 0 0 0 0 0 0 0 0 0 0 0 0 0 0 0 0 0 0 0 0 0 0 0 0 0 0 0 0 0 0 0 0 0 0 0 0 0 0 0 0 0 0 0 0 0 0 0 0 0 0 0 0 0 0 0 0 0 0 0 0 0 0 0 0 0 0 0 0 0 0 0 0 0 0 0 0 0 0 0 0 0 0 0 0 0 0 0 0 0 0 0 0 0 0 0 0 0 0 0 0 0 0 0 0 0 0 0 0 0 0 0 0 0 0 0 0 0 0 0 0 0 0 0 0 0 0 0 0 0 0 0 0 0 0 0 0 0 0 0 0 0 0 0 0 0 0 0 0 0 0 0 0 0 0 0 0 0 0 0 0 0 0 0 0 0 0 0 0 0 0 0 0 0 0 0 0 0 0 0 0 0 0 0 0 0 0 0 0 0 0 0 0 0 0 0 0 0 0 0 0 0 0 0 0 0 0 0 0 0 0 0 0 0 0 0 0 0 0 0 0 0 0 0 0 0 0 0 0 0 0 0 0 0 0 0 0 0 0 0 0 0 0 0 0 0 0 0 0 0 0 0 0 0 0 0 0 0 0 0 0 0 0 0 0 0 0 0 0 0 0 0 0 0 0 0 0 0 0 0 0 0 0 0 0 0 0 0 0 0 0 0 0 0 0 0 0 0 0 0 0 0 0 0 0 0 0 0 0 0 0 0 0 0 0 0 0 0 0 0 0 0 0 0 0 0 0 0 0 0 0 0 0 0 0 0 0 0 0 0 0 0 0 0 0 0 0 0 0 0 0 0 0 0 0 0 0 0 0 0 0 0 0 0 0 0 0 0 0 0 0 0 0 0 0 0 0 0 0 0 0 0 0 0 0 0 0 0 0 0 0 0 0 0 0 0 0 0 0 0 0 0 0 0 0 0 0 0 0 0 0 0 0 0 0 0 0 0 0 0 0 0 0 0 0 0 0 0 0 0 0 0 0 0 0 0 0 0 0 0 0 0 0 0 0 0 0 0 0 0 0 0 0 0 0 0 0 0 0 0 0 0 0 0 0 0 0 0 0 0 0 0 0 0 0 0 0 0 0 0 0 0 0 0 0 0 0 0 0 0 0 0 0 0 0 0 0 0 0 0 0 0 0 0 0 0 0 0 0 0 0 0 0 0 0 0 0 0 0 0 0 0 0 0 0 0 0 0 0 0 0 0 0 0 0 0 0 0 0 0 0 0 0 0 0 0 0 0 0 0 0 0 0 0 0 0 0 0 0 0 0 0 0 0 0 0 0 0 0 0 0 0 0 0 0 0 0 0 0 0 0 0 0 0 0 0 0 0 0 0 0 0 0 0 0 0 0 0 0 0 0 0 0 0 0 0 0 0 0 0 0 0 0 0 0 0 0 0 0 0 0 0 0 0 0 0 0 0 0 0 0 0 0 0 0 0 0 0 0 0 0 0 0 0 0 0 0 0 0 0 0 0 0 0 0 0 0 0 0 0 0 0 0 0 0 0 0 0 0 0 0 0 0 0 0 0 0 0
ctxt 208138934140
btime 1773600682
processes 94922915
procs_running 6
procs_blocked 0
softirq 42991097388 256 2278276745 38353571 850212383 1476272281 0 2936298942 567564621 5109161 479271060
--
cpu  802867135 23598936 303115993 93434576405 610705610 0 8742112 0 0 0
cpu0 29446102 224394 7359409 1619880115 8331036 0 164931 0 0 0
cpu1 29265120 432889 7639266 1649207754 11021354 0 54479 0 0 0
cpu2 28198691 463108 7588356 1652746106 10878374 0 35354 0 0 0
cpu3 25942137 484906 6788247 1656200345 11039113 0 29576 0 0 0
cpu4 22368321 490414 6369919 1660262517 11076677 0 29040 0 0 0
cpu5 19968678 494023 5975256 1662865435 11317069 0 27239 0 0 0
cpu6 17826382 497511 5634688 1665493036 11191786 0 27422 0 0 0
cpu7 16612918 487783 5474091 1666927618 11171046 0 25455 0 0 0
cpu8 15339242 485635 5281403 1668149413 11408432 0 25463 0 0 0
cpu9 14905645 489844 5250731 1668641429 11338418 0 25670 0 0 0
cpu10 14406816 472357 5132226 1669150661 11495145 0 24869 0 0 0
cpu11 14131850 465792 5143971 1669152894 11699732 0 25989 0 0 0
cpu12 14187764 458188 5266807 1669265807 11397350 0 25051 0 0 0
cpu13 12798453 425511 5429352 1668710587 9922392 0 1896305 0 0 0
cpu14 31522727 477236 7832738 1650045563 10085161 0 174562 0 0 0
cpu15 21116033 503934 6800657 1660821060 10896451 0 172989 0 0 0
cpu16 17753951 491819 6311247 1664536887 11133616 0 173264 0 0 0
cpu17 14931042 500066 5668827 1668305109 10904409 0 168421 0 0 0
cpu18 13591372 505884 5517546 1670020512 10640281 0 172688 0 0 0
cpu19 12936067 472687 5414530 1670788038 10655238 0 171669 0 0 0
cpu20 13087310 493492 5348250 1670674405 10657448 0 172958 0 0 0
cpu21 12209680 482428 5335575 1671440195 10771337 0 171267 0 0 0
cpu22 11980979 482914 5337677 1671362978 11081627 0 173113 0 0 0
cpu23 11693347 471865 5187457 1672109698 10734418 0 172175 0 0 0
cpu24 11729947 448076 5190610 1671827916 11041670 0 170480 0 0 0
cpu25 11556140 450839 5254227 1672299531 10684203 0 177607 0 0 0
cpu26 12008815 478046 5294681 1671728672 10627611 0 179525 0 0 0
cpu27 13881098 464459 5482855 1669390411 10979734 0 176756 0 0 0
cpu28 18768252 361854 5859164 1658253659 9964324 0 1235015 0 0 0
cpu29 13425982 381424 5526518 1669005362 11673397 0 62536 0 0 0
cpu30 12750729 342093 5324026 1670847262 11247035 0 25770 0 0 0
cpu31 11675605 306256 5005613 1672792308 10868739 0 23113 0 0 0
cpu32 10893386 292303 4880442 1673206806 11396904 0 22929 0 0 0
cpu33 10505529 294659 4784622 1673010842 12114594 0 22525 0 0 0
cpu34 10106296 300801 4680818 1673668248 11872243 0 21627 0 0 0
cpu35 9688601 288349 4574465 1674370304 11824926 0 23282 0 0 0
cpu36 9559640 287721 4473895 1674890974 11574989 0 21561 0 0 0
cpu37 9400593 302139 4454098 1675065427 11595387 0 21310 0 0 0
cpu38 9339929 311327 4407015 1675431724 11334537 0 21420 0 0 0
cpu39 9401601 310554 4499909 1675203216 11304428 0 22128 0 0 0
cpu40 9355719 306218 4527047 1675433515 11111395 0 22946 0 0 0
cpu41 9758976 317785 4528037 1674737926 11289530 0 22545 0 0 0
cpu42 13909204 443034 5473135 1670087497 10331661 0 170059 0 0 0
cpu43 11928689 434858 5186115 1672219780 10394929 0 166626 0 0 0
cpu44 11765992 425576 5244179 1672551053 10306444 0 166811 0 0 0
cpu45 11244190 430940 5008436 1673222233 10414744 0 160528 0 0 0
cpu46 11126400 431394 5002920 1673248268 10520610 0 162136 0 0 0
cpu47 10941824 452452 5026008 1673276399 10625916 0 162998 0 0 0
cpu48 11669872 439673 4995190 1672682218 10596804 0 162259 0 0 0
cpu49 11119872 416764 5028455 1673402391 10393203 0 165337 0 0 0
cpu50 11065198 440746 4993826 1673104998 10735740 0 163997 0 0 0
cpu51 11321187 447564 4998967 1673008187 10531347 0 166552 0 0 0
cpu52 11032303 446614 4988924 1673134493 10709696 0 166787 0 0 0
cpu53 11094321 432568 5070396 1673153327 10559169 0 173529 0 0 0
cpu54 11461200 425131 5045722 1672740224 10642279 0 170788 0 0 0
cpu55 13159392 432016 5217430 1670823047 10589486 0 170657 0 0 0
intr 106350562329 74 4 0 0 0 0 0 0 0 0 0 0 6 0 0 0 0 360 213 2556156155 0 0 0 0 0 0 0 0 0 0 0 0 0 0 0 0 0 2393197129 426499513 8318217 677 278 24496490 0 0 0 0 0 0 0 0 0 0 0 0 0 0 0 0 0 0 0 0 0 0 0 0 0 0 0 0 0 0 0 0 0 0 0 0 0 0 0 0 0 0 0 0 0 0 0 0 0 0 0 0 0 0 0 0 0 0 0 0 0 0 0 0 0 0 0 0 0 0 0 0 0 0 0 0 0 0 0 0 0 0 0 0 0 0 0 0 0 0 0 0 0 0 0 0 0 0 0 0 0 0 0 0 0 0 0 0 0 0 0 0 0 0 0 0 0 0 0 0 0 0 0 0 0 0 0 0 0 0 0 0 0 0 0 0 0 0 0 0 0 0 0 0 0 0 0 0 0 0 0 0 0 0 0 0 0 0 0 0 0 0 0 0 0 0 0 0 0 0 0 0 0 0 0 0 0 0 0 0 0 0 0 0 0 0 0 0 0 0 0 0 0 0 0 0 0 0 0 0 0 0 0 0 0 0 0 0 0 0 0 0 0 0 0 0 0 0 0 0 0 0 0 0 0 0 0 0 0 0 0 0 0 0 0 0 0 0 0 0 0 0 0 0 0 0 0 0 0 0 0 0 0 0 0 0 0 0 0 0 0 0 0 0 0 0 0 0 0 0 0 0 0 0 0 0 0 0 0 0 0 0 0 0 0 0 0 0 0 0 0 0 0 0 0 0 0 0 0 0 0 0 0 0 0 0 0 0 0 0 0 0 0 0 0 0 0 0 0 0 0 0 0 0 0 0 0 0 0 0 0 0 0 0 0 0 0 0 0 0 0 0 0 0 0 0 0 0 0 0 0 0 0 0 0 0 0 0 0 0 0 0 0 0 0 0 0 0 0 0 0 0 0 0 0 0 0 0 0 0 0 0 0 0 0 0 0 0 0 0 0 0 0 0 0 0 0 0 0 0 0 0 0 0 0 0 0 0 0 0 0 0 0 0 0 0 0 0 0 0 0 0 0 0 0 0 0 0 0 0 0 0 0 0 0 0 0 0 0 0 0 0 0 0 0 0 0 0 0 0 0 0 0 0 0 0 0 0 0 0 0 0 0 0 0 0 0 0 0 0 0 0 0 0 0 0 0 0 0 0 0 0 0 0 0 0 0 0 0 0 0 0 0 0 0 0 0 0 0 0 0 0 0 0 0 0 0 0 0 0 0 0 0 0 0 0 0 0 0 0 0 0 0 0 0 0 0 0 0 0 0 0 0 0 0 0 0 0 0 0 0 0 0 0 0 0 0 0 0 0 0 0 0 0 0 0 0 0 0 0 0 0 0 0 0 0 0 0 0 0 0 0 0 0 0 0 0 0 0 0 0 0 0 0 0 0 0 0 0 0 0 0 0 0 0 0 0 0 0 0 0 0 0 0 0 0 0 0 0 0 0 0 0 0 0 0 0 0 0 0 0 0 0 0 0 0 0 0 0 0 0 0 0 0 0 0 0 0 0 0 0 0 0 0 0 0 0 0 0 0 0 0 0 0 0 0 0 0 0 0 0 0 0 0 0 0 0 0 0 0 0 0 0 0 0 0 0 0 0 0 0 0 0 0 0 0 0 0 0 0 0 0 0 0 0 0 0 0 0 0 0 0 0 0 0 0 0 0 0 0 0 0 0 0 0 0 0 0 0 0 0 0 0 0 0 0 0 0 0 0 0 0 0 0 0 0 0 0 0 0 0 0 0 0 0 0 0 0 0 0 0 0 0 0 0 0 0 0 0 0 0 0 0 0 0 0 0 0 0 0 0 0 0 0 0 0 0 0 0 0 0 0 0 0 0 0 0 0 0 0 0 0 0 0 0 0 0 0 0 0 0 0 0 0 0 0 0 0 0 0 0 0 0 0 0 0 0 0 0 0 0 0 0 0 0 0 0 0 0 0 0 0 0 0 0 0 0 0 0 0 0 0 0 0 0 0 0 0 0 0 0 0 0 0 0 0 0 0 0 0 0 0 0 0 0 0 0 0 0 0 0 0 0 0 0 0 0 0 0 0 0 0 0 0 0 0 0 0 0 0 0 0 0 0 0 0 0 0 0 0 0 0 0 0 0 0 0 0 0 0 0 0 0 0 0 0 0 0 0 0 0 0 0 0 0 0 0 0 0 0 0 0 0 0 0 0 0 0 0 0 0 0 0 0 0 0 0 0 0 0 0 0 0 0 0 0 0 0 0 0 0 0 0 0 0 0 0 0 0 0 0 0 0 0 0 0 0 0 0 0 0 0 0 0 0 0 0 0 0 0 0 0 0 0 0 0 0 0 0 0 0 0 0 0 0 0 0 0 0 0 0 0 0 0 0 0 0 0 0 0 0 0 0 0 0 0 0 0 0 0 0 0 0 0 0 0 0 0 0 0 0 0 0 0 0 0 0 0 0 0 0 0 0 0 0 0 0 0 0 0 0 0 0 0 0 0 0 0 0 0 0 0 0 0 0 0 0 0 0 0 0 0 0 0 0 0 0 0 0 0 0 0 0 0 0 0 0 0 0 0 0 0 0 0 0 0 0 0 0 0 0 0 0 0 0 0 0 0 0 0 0 0 0 0 0 0 0 0 0 0 0 0 0 0 0 0 0 0 0 0 0 0 0 0 0 0 0 0 0 0 0 0 0 0 0 0 0 0 0 0 0 0 0 0 0 0 0 0 0 0 0 0 0 0 0 0 0 0 0 0 0 0 0 0 0 0 0 0 0 0 0 0 0 0 0 0 0 0 0 0 0 0 0 0 0 0 0 0 0 0 0 0 0 0 0 0 0 0 0 0 0 0 0 0 0 0 0 0 0 0 0 0 0 0 0 0 0 0 0 0 0 0 0 0 0 0 0 0 0 0 0 0 0 0 0 0 0 0 0 0 0 0 0 0 0 0 0 0 0 0 0 0 0 0 0 0 0 0 0 0 0 0 0 0 0 0 0 0 0 0 0 0 0 0 0 0 0 0 0 0 0 0 0 0 0 0 0 0 0 0 0 0 0 0 0 0 0 0 0 0 0 0 0 0 0 0 0 0 0 0 0 0 0 0 0 0 0 0 0 0 0 0 0 0 0 0 0 0 0 0 0 0 0 0 0 0 0 0 0 0 0 0 0 0 0 0 0 0 0 0 0 0 0 0 0 0 0 0 0 0 0 0 0 0 0 0 0 0 0 0 0 0 0 0 0 0 0 0 0 0 0 0 0 0 0 0 0 0 0 0 0 0 0 0 0 0 0 0 0 0 0 0 0 0 0 0 0 0 0 0 0 0 0 0 0 0 0 0 0 0 0 0 0 0 0 0 0 0 0 0 0 0 0 0 0 0 0 0 0 0 0 0 0 0 0 0 0 0 0 0 0 0 0 0 0 0 0 0 0 0 0 0 0 0 0 0 0 0 0 0 0 0 0 0 0 0 0 0 0 0 0 0 0 0 0 0 0 0 0 0 0 0 0 0 0 0 0 0 0 0 0 0 0 0 0 0 0 0 0 0 0 0 0 0 0 0 0 0 0 0 0 0 0 0 0 0 0 0 0 0 0 0 0 0 0 0 0 0 0 0 0 0 0 0 0 0 0 0 0 0 0 0 0 0 0 0 0 0 0 0 0 0 0 0 0 0 0 0 0 0 0 0 0 0 0 0 0 0 0 0 0 0 0 0 0 0 0 0 0 0 0 0 0 0 0 0 0 0 0 0 0 0 0 0 0 0 0 0 0 0 0 0 0 0 0 0 0 0 0 0 0 0 0 0 0
ctxt 208139707051
btime 1773600682
processes 94922958
procs_running 3
procs_blocked 0
softirq 42991373937 256 2278278811 38354955 850412218 1476272963 0 2936300835 567603375 5109161 479302995
