Running 10s test @ http://192.168.10.15:18500/json
  32 threads and 256 connections
  Thread Stats   Avg      Stdev     Max   +/- Stdev
    Latency   841.86us  513.92us   6.08ms   83.04%
    Req/Sec     9.83k   424.51    14.38k    80.72%
  Latency Distribution
     50%  670.00us
     75%    0.97ms
     90%    1.56ms
     99%    2.71ms
  3158650 requests in 10.10s, 533.18MB read
Requests/sec: 312744.19
Transfer/sec:     52.79MB
## drops 0 0
## server-stat
cpu  1208632 432 643803 9191238 30599 0 250136 0 0 0
cpu0 43336 7 19711 284583 775 0 8798 0 0 0
cpu1 43780 9 19609 285399 559 0 8481 0 0 0
cpu2 44118 8 19520 285479 357 0 8420 0 0 0
cpu3 44835 10 20006 283414 1181 0 8462 0 0 0
cpu4 45151 8 19809 283716 718 0 8544 0 0 0
cpu5 44845 9 19726 284472 358 0 8421 0 0 0
cpu6 44348 7 19617 285084 335 0 8416 0 0 0
cpu7 43452 6 19418 286234 216 0 8243 0 0 0
cpu8 24624 12 19556 299332 1042 0 5281 0 0 0
cpu9 27419 13 19993 294500 2317 0 5438 0 0 0
cpu10 26592 12 19879 296802 1161 0 5567 0 0 0
cpu11 25255 11 19268 300594 594 0 5272 0 0 0
cpu12 41974 82 20522 279832 2995 0 5612 0 0 0
cpu13 40771 13 20731 281346 2381 0 5742 0 0 0
cpu14 25171 10 18863 302225 811 0 5173 0 0 0
cpu15 23950 10 17701 305699 637 0 4721 0 0 0
cpu16 47549 5 20434 281186 362 0 8599 0 0 0
cpu17 47428 5 20454 280298 1245 0 8642 0 0 0
cpu18 47196 6 20301 281717 280 0 8543 0 0 0
cpu19 48303 6 20744 279502 609 0 8779 0 0 0
cpu20 48480 9 20681 279567 679 0 8752 0 0 0
cpu21 46988 7 20243 281549 530 0 8608 0 0 0
cpu22 46072 6 20273 281195 323 0 8556 0 0 0
cpu23 44925 9 19987 283855 293 0 8462 0 0 0
cpu24 27325 13 19918 298504 839 0 5639 0 0 0
cpu25 29475 14 21631 290642 1549 0 6481 0 0 0
cpu26 28614 12 21307 292469 1177 0 6355 0 0 0
cpu27 24616 7 19180 293540 1043 0 10541 0 0 0
cpu28 40168 19 22460 270340 1879 0 12726 0 0 0
cpu29 41730 57 22698 267937 1775 0 12770 0 0 0
cpu30 23747 9 19351 292883 806 0 10426 0 0 0
cpu31 26381 8 20198 297329 759 0 5657 0 0 0
intr 952322735 126 0 0 0 0 0 0 0 0 1 0 0 0 0 0 0 0 0 0 0 0 0 0 0 0 0 0 1 1 1 0 0 0 0 1 0 1 0 0 75045 0 0 0 0 0 0 0 0 411 0 0 0 0 0 0 0 0 87 0 0 0 0 0 0 0 0 0 0 0 0 0 0 0 129783 2 17502627 17459538 17426768 17521712 0 3047 2306 2856 1497 3079 2640 2055 2549 1433 10239 18094 10127 8141 13093 14633 11258 7269 2692 1790 1457 2334 2233 1933 1522 1577 8902 7065 4918 5474 6429 5714 6112 7946 0 0 0 0 616248 2983 1036 0 264 0 0 0 0 0 0 0 0 0 0 0 0 0 0 0 0 0 0 0 0 0 0 0 0 0 0 0 0 0 0 0 0 0 0 0 0 0 0 0 0 0 0 0 0 0 0 0 0 0 0 0 0 0 0 0 0 0 0 0 0 0 0 0 0 0 0 0 0 0 0 0 0 0 0 0 0 0 0 0 0 0 0 0 0 0 0 0 0 0 0 0 0 0 0 0 0 0 0 0 0 0 0 0 0 0 0 0 0 0 0 0 0 0 0 0 0 0 0 0 0 0 0 0 0 0 0 0 0 0 0 0 0 0 0 0 0 0 0 0 0 0 0 0 0 0 0 0 0 0 0 0 0 0 0 0 0 0 0 0 0 0 0 0 0 0 0 0 0 0 0 0 0 0 0 0 0 0 0 0 0 0 0 0 0 0 0 0 0 0 0 0 0 0 0 0 0 0 0 0 0 0 0 0 0 0 0 0 0 0 0 0 0 0 0 0 0 0 0 0 0 0 0 0 0 0 0 0 0 0 0 0 0 0 0 0 0 0 0 0 0 0 0 0 0 0 0 0 0 0 0 0 0 0 0 0 0 0 0 0 0 0 0 0 0 0 0 0 0 0 0 0 0 0 0 0 0 0 0 0 0 0 0 0 0 0 0 0 0 0 0 0 0 0 0 0 0 0 0 0 0 0 0 0 0 0 0 0 0 0 0 0 0 0 0 0 0 0 0 0 0 0 0 0 0 0 0 0 0 0 0 0 0 0 0 0 0 0 0 0 0 0 0 0 0 0 0 0 0 0 0 0 0 0 0 0 0 0 0 0 0 0 0 0 0 0 0 0 0 0 0 0 0 0 0 0 0 0 0 0 0 0 0 0 0 0 0 0 0 0 0 0 0 0 0 0 0 0 0 0 0 0 0 0 0 0 0 0 0 0 0 0 0 0 0 0 0 0 0 0 0 0 0 0 0 0 0 0 0 0 0 0 0 0 0 0 0 0 0 0 0 0 0 0 0 0 0 0 0 0 0 0 0 0 0 0 0 0 0 0 0 0 0 0 0 0 0 0 0 0 0 0 0 0 0 0 0 0 0 0 0 0 0 0 0 0 0 0 0 0 0 0 0 0 0 0 0 0 0 0 0 0 0 0 0 0 0 0 0 0 0 0 0 0 0 0 0 0 0 0 0 0 0 0 0 0 0 0 0 0 0 0 0 0 0 0 0 0 0 0 0 0 0 0 0 0 0 0 0 0 0 0 0 0 0 0 0 0 0 0 0 0 0 0 0 0 0 0 0 0 0 0 0 0 0 0 0 0 0 0 0 0 0 0 0 0 0 0 0 0 0 0 0 0 0 0 0 0 0 0 0 0 0 0 0 0 0 0 0 0 0 0 0 0 0 0 0 0 0 0 0 0 0 0 0 0 0 0 0 0 0 0 0 0 0 0 0 0 0 0 0 0 0 0 0 0 0 0 0 0 0 0 0 0 0 0 0 0 0 0 0 0 0 0 0 0 0 0 0 0 0 0 0 0 0 0 0 0 0 0 0 0 0 0 0 0 0 0 0 0 0 0 0 0 0 0 0 0 0 0 0 0 0 0 0 0 0 0 0 0 0 0 0 0 0 0 0 0 0 0 0 0 0 0 0 0 0 0 0 0 0 0 0 0 0 0 0 0 0 0 0 0 0 0 0 0 0 0 0 0 0 0 0 0 0 0 0 0 0 0 0 0 0 0 0 0 0 0 0 0 0 0 0 0 0 0 0 0 0 0 0 0 0 0 0 0 0 0 0 0 0 0 0 0 0 0 0 0 0 0 0 0 0 0 0 0 0 0 0 0 0 0 0 0 0 0 0 0 0 0 0 0 0 0 0 0 0 0 0 0 0 0 0 0 0 0 0 0 0 0 0 0 0 0 0 0 0 0 0 0 0 0 0 0 0 0 0 0 0 0 0 0 0 0 0 0 0 0 0 0 0 0 0 0 0 0 0 0 0 0 0 0 0 0 0 0 0 0 0 0 0 0 0 0 0 0 0 0 0 0 0 0 0 0 0 0 0 0 0 0 0 0 0 0 0 0 0 0 0 0 0 0 0 0 0 0 0 0 0 0 0 0 0 0 0 0 0 0 0 0 0 0 0 0 0 0 0 0 0 0 0 0 0 0 0 0 0 0 0 0 0 0 0 0 0 0 0 0 0 0 0 0 0 0 0 0 0 0 0 0 0 0 0 0 0 0 0 0 0 0 0 0 0 0 0 0 0 0 0 0 0 0 0 0 0 0 0 0 0 0 0 0 0 0 0 0 0 0 0 0 0 0 0 0 0 0 0 0 0 0 0 0 0 0 0 0 0 0 0 0 0 0 0 0 0 0 0 0 0 0 0 0 0 0 0 0 0 0 0 0 0 0 0 0 0 0 0 0 0 0 0 0 0 0 0 0 0 0 0 0 0 0 0 0 0 0 0 0 0 0 0 0 0 0 0 0 0 0 0 0 0 0 0
ctxt 1313895009
btime 1790630938
processes 102564
procs_running 34
procs_blocked 0
softirq 1264071813 73526 2215759 936996 1225179382 135220 0 6949004 17487134 410 11094382
--
cpu  1219711 433 647374 9198377 30606 0 250931 0 0 0
cpu0 43632 7 19827 284850 775 0 8815 0 0 0
cpu1 44097 9 19720 285662 559 0 8497 0 0 0
cpu2 44439 8 19633 285729 359 0 8435 0 0 0
cpu3 45164 10 20121 283657 1181 0 8477 0 0 0
cpu4 45490 8 19924 283953 718 0 8559 0 0 0
cpu5 45178 9 19841 284711 358 0 8438 0 0 0
cpu6 44675 7 19735 285338 336 0 8432 0 0 0
cpu7 43760 6 19534 286496 218 0 8258 0 0 0
cpu8 24952 12 19669 299584 1042 0 5292 0 0 0
cpu9 27758 13 20111 294729 2317 0 5454 0 0 0
cpu10 26943 12 19989 297034 1161 0 5582 0 0 0
cpu11 25599 11 19381 300828 594 0 5286 0 0 0
cpu12 42333 82 20638 280054 2995 0 5628 0 0 0
cpu13 41141 13 20842 281559 2381 0 5760 0 0 0
cpu14 25519 10 18981 302451 811 0 5188 0 0 0
cpu15 24288 11 17818 305935 637 0 4735 0 0 0
cpu16 47920 5 20545 281393 363 0 8619 0 0 0
cpu17 47792 5 20567 280509 1245 0 8660 0 0 0
cpu18 47558 6 20416 281937 280 0 8561 0 0 0
cpu19 48683 6 20857 279704 609 0 8795 0 0 0
cpu20 48865 9 20787 279773 680 0 8769 0 0 0
cpu21 47342 7 20353 281773 530 0 8625 0 0 0
cpu22 46408 6 20388 281424 323 0 8573 0 0 0
cpu23 45253 9 20100 284094 293 0 8478 0 0 0
cpu24 27694 13 20028 298715 839 0 5655 0 0 0
cpu25 29854 14 21737 290851 1549 0 6496 0 0 0
cpu26 29000 12 21409 292676 1177 0 6371 0 0 0
cpu27 24955 7 19280 293722 1043 0 10623 0 0 0
cpu28 40513 19 22563 270509 1879 0 12811 0 0 0
cpu29 42078 57 22795 268101 1775 0 12870 0 0 0
cpu30 24068 9 19454 293073 806 0 10505 0 0 0
cpu31 26746 8 20315 297540 759 0 5671 0 0 0
intr 964682012 126 0 0 0 0 0 0 0 0 1 0 0 0 0 0 0 0 0 0 0 0 0 0 0 0 0 0 1 1 1 0 0 0 0 1 0 1 0 0 75045 0 0 0 0 0 0 0 0 411 0 0 0 0 0 0 0 0 87 0 0 0 0 0 0 0 0 0 0 0 0 0 0 0 130087 2 17665023 17621950 17589402 17684086 0 3055 2307 2856 1497 3079 2640 2055 2549 1433 10239 18098 10127 8141 13093 14634 11258 7269 2692 1790 1457 2334 2233 1933 1522 1577 8902 7066 4919 5474 6431 5714 6112 7948 0 0 0 0 616248 2983 1036 0 264 0 0 0 0 0 0 0 0 0 0 0 0 0 0 0 0 0 0 0 0 0 0 0 0 0 0 0 0 0 0 0 0 0 0 0 0 0 0 0 0 0 0 0 0 0 0 0 0 0 0 0 0 0 0 0 0 0 0 0 0 0 0 0 0 0 0 0 0 0 0 0 0 0 0 0 0 0 0 0 0 0 0 0 0 0 0 0 0 0 0 0 0 0 0 0 0 0 0 0 0 0 0 0 0 0 0 0 0 0 0 0 0 0 0 0 0 0 0 0 0 0 0 0 0 0 0 0 0 0 0 0 0 0 0 0 0 0 0 0 0 0 0 0 0 0 0 0 0 0 0 0 0 0 0 0 0 0 0 0 0 0 0 0 0 0 0 0 0 0 0 0 0 0 0 0 0 0 0 0 0 0 0 0 0 0 0 0 0 0 0 0 0 0 0 0 0 0 0 0 0 0 0 0 0 0 0 0 0 0 0 0 0 0 0 0 0 0 0 0 0 0 0 0 0 0 0 0 0 0 0 0 0 0 0 0 0 0 0 0 0 0 0 0 0 0 0 0 0 0 0 0 0 0 0 0 0 0 0 0 0 0 0 0 0 0 0 0 0 0 0 0 0 0 0 0 0 0 0 0 0 0 0 0 0 0 0 0 0 0 0 0 0 0 0 0 0 0 0 0 0 0 0 0 0 0 0 0 0 0 0 0 0 0 0 0 0 0 0 0 0 0 0 0 0 0 0 0 0 0 0 0 0 0 0 0 0 0 0 0 0 0 0 0 0 0 0 0 0 0 0 0 0 0 0 0 0 0 0 0 0 0 0 0 0 0 0 0 0 0 0 0 0 0 0 0 0 0 0 0 0 0 0 0 0 0 0 0 0 0 0 0 0 0 0 0 0 0 0 0 0 0 0 0 0 0 0 0 0 0 0 0 0 0 0 0 0 0 0 0 0 0 0 0 0 0 0 0 0 0 0 0 0 0 0 0 0 0 0 0 0 0 0 0 0 0 0 0 0 0 0 0 0 0 0 0 0 0 0 0 0 0 0 0 0 0 0 0 0 0 0 0 0 0 0 0 0 0 0 0 0 0 0 0 0 0 0 0 0 0 0 0 0 0 0 0 0 0 0 0 0 0 0 0 0 0 0 0 0 0 0 0 0 0 0 0 0 0 0 0 0 0 0 0 0 0 0 0 0 0 0 0 0 0 0 0 0 0 0 0 0 0 0 0 0 0 0 0 0 0 0 0 0 0 0 0 0 0 0 0 0 0 0 0 0 0 0 0 0 0 0 0 0 0 0 0 0 0 0 0 0 0 0 0 0 0 0 0 0 0 0 0 0 0 0 0 0 0 0 0 0 0 0 0 0 0 0 0 0 0 0 0 0 0 0 0 0 0 0 0 0 0 0 0 0 0 0 0 0 0 0 0 0 0 0 0 0 0 0 0 0 0 0 0 0 0 0 0 0 0 0 0 0 0 0 0 0 0 0 0 0 0 0 0 0 0 0 0 0 0 0 0 0 0 0 0 0 0 0 0 0 0 0 0 0 0 0 0 0 0 0 0 0 0 0 0 0 0 0 0 0 0 0 0 0 0 0 0 0 0 0 0 0 0 0 0 0 0 0 0 0 0 0 0 0 0 0 0 0 0 0 0 0 0 0 0 0 0 0 0 0 0 0 0 0 0 0 0 0 0 0 0 0 0 0 0 0 0 0 0 0 0 0 0 0 0 0 0 0 0 0 0 0 0 0 0 0 0 0 0 0 0 0 0 0 0 0 0 0 0 0 0 0 0 0 0 0 0 0 0 0 0 0 0 0 0 0 0 0 0 0 0 0 0 0 0 0 0 0 0 0 0 0 0 0 0 0 0 0 0 0 0 0 0 0 0 0 0 0 0 0 0 0 0 0 0 0 0 0 0 0 0 0 0 0 0 0 0 0 0 0 0 0 0 0 0 0 0 0 0 0 0 0 0 0 0 0 0 0 0 0 0 0 0 0 0 0 0 0 0 0 0 0 0 0 0 0 0 0 0 0 0 0 0 0 0 0 0 0 0 0 0 0 0 0 0 0 0 0 0 0 0 0 0 0 0 0 0 0 0 0 0 0 0 0 0 0 0 0 0 0 0 0 0 0 0 0 0 0 0 0 0 0 0 0 0 0 0 0 0 0 0 0 0 0 0 0 0 0 0 0 0 0 0 0 0 0 0 0 0 0 0 0 0 0 0 0 0 0 0 0 0 0 0 0 0 0 0 0 0 0 0 0 0 0 0 0 0 0 0 0 0 0 0 0 0 0 0 0 0 0 0 0 0 0 0 0 0 0 0 0 0 0 0 0 0 0 0 0 0 0 0 0 0 0 0 0 0 0 0 0 0 0 0 0 0 0 0 0 0 0 0 0 0 0 0 0 0 0 0 0 0 0 0 0 0 0 0 0 0 0 0 0 0 0 0 0 0 0 0 0 0 0 0 0 0 0 0 0 0 0 0 0
ctxt 1329813624
btime 1790630938
processes 102642
procs_running 33
procs_blocked 0
softirq 1266999008 73526 2220654 937491 1227861384 135527 0 6949004 17649423 410 11171589
## client-stat
cpu  802909952 23598936 303247798 93435724507 610710912 0 8794782 0 0 0
cpu0 29446577 224394 7360872 1619899734 8331095 0 165446 0 0 0
cpu1 29265795 432889 7641545 1649228576 11021436 0 55143 0 0 0
cpu2 28199445 463108 7590668 1652767019 10878418 0 36004 0 0 0
cpu3 25942839 484906 6790514 1656221415 11039158 0 30221 0 0 0
cpu4 22368974 490414 6372193 1660283677 11076702 0 29690 0 0 0
cpu5 19969319 494023 5977556 1662886350 11317376 0 27893 0 0 0
cpu6 17827098 497511 5636940 1665514033 11191950 0 28082 0 0 0
cpu7 16613567 487783 5476354 1666948778 11171118 0 26103 0 0 0
cpu8 15339996 485635 5283663 1668170459 11408518 0 26109 0 0 0
cpu9 14906263 489844 5252945 1668662651 11338515 0 26311 0 0 0
cpu10 14407601 472357 5134471 1669171705 11495212 0 25530 0 0 0
cpu11 14132537 465792 5146276 1669173947 11699802 0 26641 0 0 0
cpu12 14188505 458188 5269151 1669286780 11397414 0 25721 0 0 0
cpu13 12799156 425511 5431638 1668731625 9922445 0 1896998 0 0 0
cpu14 31523462 477236 7835262 1650066017 10085231 0 175435 0 0 0
cpu15 21117599 503934 6803098 1660840904 10896553 0 173767 0 0 0
cpu16 17754623 491819 6313781 1664557337 11133732 0 174128 0 0 0
cpu17 14931793 500066 5671384 1668325433 10904650 0 169218 0 0 0
cpu18 13592545 505884 5519977 1670040686 10640388 0 173487 0 0 0
cpu19 12936765 472687 5417013 1670808575 10655352 0 172492 0 0 0
cpu20 13088054 493492 5350764 1670694739 10657713 0 173783 0 0 0
cpu21 12210376 482428 5338070 1671460733 10771441 0 172085 0 0 0
cpu22 11981725 482914 5340195 1671383487 11081703 0 173940 0 0 0
cpu23 11694103 471865 5189991 1672130104 10734574 0 173007 0 0 0
cpu24 11731028 448076 5193126 1671848172 11041716 0 171291 0 0 0
cpu25 11556926 450839 5256770 1672319908 10684299 0 178455 0 0 0
cpu26 12009817 478046 5297203 1671748924 10627678 0 180375 0 0 0
cpu27 13881806 464459 5485376 1669410941 10979782 0 177622 0 0 0
cpu28 18768795 361854 5860239 1658263702 9964345 0 1246886 0 0 0
cpu29 13426690 381424 5528684 1669026548 11673464 0 63185 0 0 0
cpu30 12751521 342093 5326248 1670868320 11247097 0 26415 0 0 0
cpu31 11676251 306256 5007802 1672813550 10868802 0 23752 0 0 0
cpu32 10894123 292303 4882670 1673227870 11397004 0 23581 0 0 0
cpu33 10506341 294659 4786896 1673031821 12114684 0 23174 0 0 0
cpu34 10107088 300801 4683083 1673689132 11872444 0 22265 0 0 0
cpu35 9689434 288349 4576741 1674391284 11824978 0 23917 0 0 0
cpu36 9560439 287721 4476136 1674911988 11575096 0 22216 0 0 0
cpu37 9401654 302139 4456414 1675085926 11595687 0 21943 0 0 0
cpu38 9340550 311327 4409239 1675452966 11334592 0 22074 0 0 0
cpu39 9402286 310554 4502184 1675224313 11304500 0 22788 0 0 0
cpu40 9356360 306218 4529366 1675454622 11111466 0 23610 0 0 0
cpu41 9759634 317785 4530335 1674759016 11289611 0 23202 0 0 0
cpu42 13909951 443034 5475641 1670107811 10331882 0 170919 0 0 0
cpu43 11929919 434858 5188526 1672239976 10394984 0 167428 0 0 0
cpu44 11766789 425576 5246672 1672571541 10306466 0 167690 0 0 0
cpu45 11244877 430940 5010986 1673242748 10414850 0 161361 0 0 0
cpu46 11127118 431394 5005397 1673268896 10520669 0 162937 0 0 0
cpu47 10942528 452452 5028527 1673296903 10626014 0 163815 0 0 0
cpu48 11670645 439673 4997742 1672702687 10596866 0 163076 0 0 0
cpu49 11120541 416764 5030947 1673422979 10393288 0 166186 0 0 0
cpu50 11065965 440746 4996324 1673125524 10735804 0 164816 0 0 0
cpu51 11321904 447564 5001501 1673028747 10531399 0 167381 0 0 0
cpu52 11033155 446614 4991449 1673154872 10709817 0 167591 0 0 0
cpu53 11095036 432568 5072982 1673173831 10559203 0 174406 0 0 0
cpu54 11461918 425131 5048260 1672760716 10642342 0 171634 0 0 0
cpu55 13160120 432016 5219983 1670843477 10589562 0 171532 0 0 0
intr 106363616876 74 4 0 0 0 0 0 0 0 0 0 0 6 0 0 0 0 360 213 2556188921 0 0 0 0 0 0 0 0 0 0 0 0 0 0 0 0 0 2394388499 426504946 8318340 677 278 24496490 0 0 0 0 0 0 0 0 0 0 0 0 0 0 0 0 0 0 0 0 0 0 0 0 0 0 0 0 0 0 0 0 0 0 0 0 0 0 0 0 0 0 0 0 0 0 0 0 0 0 0 0 0 0 0 0 0 0 0 0 0 0 0 0 0 0 0 0 0 0 0 0 0 0 0 0 0 0 0 0 0 0 0 0 0 0 0 0 0 0 0 0 0 0 0 0 0 0 0 0 0 0 0 0 0 0 0 0 0 0 0 0 0 0 0 0 0 0 0 0 0 0 0 0 0 0 0 0 0 0 0 0 0 0 0 0 0 0 0 0 0 0 0 0 0 0 0 0 0 0 0 0 0 0 0 0 0 0 0 0 0 0 0 0 0 0 0 0 0 0 0 0 0 0 0 0 0 0 0 0 0 0 0 0 0 0 0 0 0 0 0 0 0 0 0 0 0 0 0 0 0 0 0 0 0 0 0 0 0 0 0 0 0 0 0 0 0 0 0 0 0 0 0 0 0 0 0 0 0 0 0 0 0 0 0 0 0 0 0 0 0 0 0 0 0 0 0 0 0 0 0 0 0 0 0 0 0 0 0 0 0 0 0 0 0 0 0 0 0 0 0 0 0 0 0 0 0 0 0 0 0 0 0 0 0 0 0 0 0 0 0 0 0 0 0 0 0 0 0 0 0 0 0 0 0 0 0 0 0 0 0 0 0 0 0 0 0 0 0 0 0 0 0 0 0 0 0 0 0 0 0 0 0 0 0 0 0 0 0 0 0 0 0 0 0 0 0 0 0 0 0 0 0 0 0 0 0 0 0 0 0 0 0 0 0 0 0 0 0 0 0 0 0 0 0 0 0 0 0 0 0 0 0 0 0 0 0 0 0 0 0 0 0 0 0 0 0 0 0 0 0 0 0 0 0 0 0 0 0 0 0 0 0 0 0 0 0 0 0 0 0 0 0 0 0 0 0 0 0 0 0 0 0 0 0 0 0 0 0 0 0 0 0 0 0 0 0 0 0 0 0 0 0 0 0 0 0 0 0 0 0 0 0 0 0 0 0 0 0 0 0 0 0 0 0 0 0 0 0 0 0 0 0 0 0 0 0 0 0 0 0 0 0 0 0 0 0 0 0 0 0 0 0 0 0 0 0 0 0 0 0 0 0 0 0 0 0 0 0 0 0 0 0 0 0 0 0 0 0 0 0 0 0 0 0 0 0 0 0 0 0 0 0 0 0 0 0 0 0 0 0 0 0 0 0 0 0 0 0 0 0 0 0 0 0 0 0 0 0 0 0 0 0 0 0 0 0 0 0 0 0 0 0 0 0 0 0 0 0 0 0 0 0 0 0 0 0 0 0 0 0 0 0 0 0 0 0 0 0 0 0 0 0 0 0 0 0 0 0 0 0 0 0 0 0 0 0 0 0 0 0 0 0 0 0 0 0 0 0 0 0 0 0 0 0 0 0 0 0 0 0 0 0 0 0 0 0 0 0 0 0 0 0 0 0 0 0 0 0 0 0 0 0 0 0 0 0 0 0 0 0 0 0 0 0 0 0 0 0 0 0 0 0 0 0 0 0 0 0 0 0 0 0 0 0 0 0 0 0 0 0 0 0 0 0 0 0 0 0 0 0 0 0 0 0 0 0 0 0 0 0 0 0 0 0 0 0 0 0 0 0 0 0 0 0 0 0 0 0 0 0 0 0 0 0 0 0 0 0 0 0 0 0 0 0 0 0 0 0 0 0 0 0 0 0 0 0 0 0 0 0 0 0 0 0 0 0 0 0 0 0 0 0 0 0 0 0 0 0 0 0 0 0 0 0 0 0 0 0 0 0 0 0 0 0 0 0 0 0 0 0 0 0 0 0 0 0 0 0 0 0 0 0 0 0 0 0 0 0 0 0 0 0 0 0 0 0 0 0 0 0 0 0 0 0 0 0 0 0 0 0 0 0 0 0 0 0 0 0 0 0 0 0 0 0 0 0 0 0 0 0 0 0 0 0 0 0 0 0 0 0 0 0 0 0 0 0 0 0 0 0 0 0 0 0 0 0 0 0 0 0 0 0 0 0 0 0 0 0 0 0 0 0 0 0 0 0 0 0 0 0 0 0 0 0 0 0 0 0 0 0 0 0 0 0 0 0 0 0 0 0 0 0 0 0 0 0 0 0 0 0 0 0 0 0 0 0 0 0 0 0 0 0 0 0 0 0 0 0 0 0 0 0 0 0 0 0 0 0 0 0 0 0 0 0 0 0 0 0 0 0 0 0 0 0 0 0 0 0 0 0 0 0 0 0 0 0 0 0 0 0 0 0 0 0 0 0 0 0 0 0 0 0 0 0 0 0 0 0 0 0 0 0 0 0 0 0 0 0 0 0 0 0 0 0 0 0 0 0 0 0 0 0 0 0 0 0 0 0 0 0 0 0 0 0 0 0 0 0 0 0 0 0 0 0 0 0 0 0 0 0 0 0 0 0 0 0 0 0 0 0 0 0 0 0 0 0 0 0 0 0 0 0 0 0 0 0 0 0 0 0 0 0 0 0 0 0 0 0 0 0 0 0 0 0 0 0 0 0 0 0 0 0 0 0 0 0 0 0 0 0 0 0 0 0 0 0 0 0 0 0 0 0 0 0 0 0 0 0 0 0 0 0 0 0 0 0 0 0 0 0 0 0 0 0 0 0 0 0 0 0 0 0 0 0 0 0 0 0 0 0 0 0 0 0 0 0 0 0 0 0 0 0 0 0 0 0 0 0 0 0 0 0 0 0 0 0 0 0 0 0 0 0 0 0 0 0 0 0 0 0 0 0 0 0 0 0 0 0 0 0 0 0 0 0 0 0 0 0 0 0 0 0 0 0 0 0 0 0 0 0 0 0 0 0 0 0 0 0 0 0 0 0 0 0 0 0 0 0 0 0 0 0 0 0 0 0 0 0 0 0 0 0 0 0 0 0 0 0 0 0 0 0 0 0 0 0 0 0 0 0 0 0 0 0 0 0 0 0 0 0 0 0 0 0 0 0 0 0 0 0 0 0 0 0 0 0 0 0 0 0 0 0 0 0 0 0 0 0 0 0 0 0 0 0 0 0 0 0 0 0 0 0 0 0 0 0 0 0 0 0 0 0 0 0 0 0 0 0 0 0 0 0 0 0 0 0 0 0 0 0 0 0 0 0 0 0 0 0 0 0 0 0 0 0 0 0 0 0 0 0 0 0 0 0 0 0 0 0 0 0 0 0 0 0 0 0 0 0 0 0 0 0 0 0 0 0 0 0 0 0 0 0 0 0 0 0 0 0 0 0 0 0 0 0 0 0 0 0 0 0 0 0 0 0 0 0 0 0 0 0 0 0 0 0 0 0 0 0 0 0 0 0 0 0 0 0 0 0 0 0 0 0 0 0 0 0 0 0 0 0 0 0 0 0 0 0 0 0 0 0 0 0 0 0 0 0 0 0 0 0 0 0 0 0 0 0 0 0 0 0 0 0 0 0 0 0 0 0 0 0 0 0 0 0 0 0 0 0 0 0 0 0 0 0 0 0 0 0 0 0 0 0 0 0 0 0 0 0 0 0 0 0 0 0 0 0 0 0 0 0 0 0 0 0 0 0 0 0 0 0 0 0 0 0 0 0 0 0 0 0 0 0 0 0 0 0 0 0 0 0 0 0 0 0 0 0 0 0 0 0 0 0 0 0 0 0 0 0 0 0 0 0 0 0
ctxt 208224841859
btime 1773600682
processes 94926017
procs_running 4
procs_blocked 0
softirq 43020542560 256 2278343287 38519874 875247453 1476292191 0 2936350627 570363143 5109161 480578200
--
cpu  802911661 23598936 303254438 93435756195 610711010 0 8797749 0 0 0
cpu0 29446597 224394 7360950 1619900316 8331095 0 165479 0 0 0
cpu1 29265824 432889 7641658 1649229158 11021436 0 55180 0 0 0
cpu2 28199476 463108 7590783 1652767603 10878418 0 36042 0 0 0
cpu3 25942873 484906 6790624 1656222001 11039158 0 30257 0 0 0
cpu4 22369004 490414 6372303 1660284271 11076702 0 29732 0 0 0
cpu5 19969352 494023 5977665 1662886940 11317376 0 27930 0 0 0
cpu6 17827127 497511 5637053 1665514622 11191950 0 28120 0 0 0
cpu7 16613605 487783 5476464 1666949364 11171118 0 26142 0 0 0
cpu8 15340026 485635 5283771 1668171053 11408518 0 26148 0 0 0
cpu9 14906291 489844 5253061 1668663218 11338544 0 26346 0 0 0
cpu10 14407632 472357 5134584 1669172298 11495213 0 25567 0 0 0
cpu11 14132563 465792 5146392 1669174537 11699804 0 26680 0 0 0
cpu12 14188538 458188 5269268 1669287369 11397416 0 25760 0 0 0
cpu13 12799188 425511 5431753 1668732211 9922447 0 1897039 0 0 0
cpu14 31523497 477236 7835401 1650066567 10085231 0 175481 0 0 0
cpu15 21117633 503934 6803230 1660841465 10896553 0 173812 0 0 0
cpu16 17754653 491819 6313901 1664557898 11133732 0 174178 0 0 0
cpu17 14931824 500066 5671512 1668325997 10904650 0 169264 0 0 0
cpu18 13592578 505884 5520105 1670041249 10640388 0 173534 0 0 0
cpu19 12936798 472687 5417147 1670809134 10655352 0 172537 0 0 0
cpu20 13088087 493492 5350889 1670695303 10657714 0 173829 0 0 0
cpu21 12210411 482428 5338194 1671461296 10771441 0 172130 0 0 0
cpu22 11981755 482914 5340324 1671384052 11081703 0 173987 0 0 0
cpu23 11694131 471865 5190118 1672130669 10734575 0 173054 0 0 0
cpu24 11731058 448076 5193253 1671848736 11041716 0 171336 0 0 0
cpu25 11556957 450839 5256899 1672320466 10684299 0 178502 0 0 0
cpu26 12009846 478046 5297331 1671749484 10627678 0 180425 0 0 0
cpu27 13881840 464459 5485506 1669411499 10979782 0 177668 0 0 0
cpu28 18768810 361854 5860286 1658263797 9964345 0 1247526 0 0 0
cpu29 13426717 381424 5528796 1669027143 11673466 0 63223 0 0 0
cpu30 12751550 342093 5326358 1670868914 11247098 0 26453 0 0 0
cpu31 11676278 306256 5007916 1672814147 10868802 0 23788 0 0 0
cpu32 10894154 292303 4882785 1673228464 11397004 0 23617 0 0 0
cpu33 10506368 294659 4787007 1673032416 12114684 0 23210 0 0 0
cpu34 10107118 300801 4683195 1673689728 11872444 0 22301 0 0 0
cpu35 9689468 288349 4576853 1674391874 11824979 0 23956 0 0 0
cpu36 9560470 287721 4476252 1674912538 11575142 0 22256 0 0 0
cpu37 9401682 302139 4456529 1675086520 11595687 0 21981 0 0 0
cpu38 9340578 311327 4409349 1675453560 11334592 0 22109 0 0 0
cpu39 9402313 310554 4502291 1675224901 11304507 0 22829 0 0 0
cpu40 9356388 306218 4529486 1675455210 11111467 0 23648 0 0 0
cpu41 9759665 317785 4530449 1674759604 11289613 0 23237 0 0 0
cpu42 13909980 443034 5475767 1670108374 10331882 0 170965 0 0 0
cpu43 11929952 434858 5188648 1672240540 10394984 0 167479 0 0 0
cpu44 11766822 425576 5246804 1672572101 10306466 0 167742 0 0 0
cpu45 11244908 430940 5011116 1673243312 10414850 0 161409 0 0 0
cpu46 11127146 431394 5005525 1673269463 10520669 0 162984 0 0 0
cpu47 10942559 452452 5028650 1673297469 10626014 0 163859 0 0 0
cpu48 11670675 439673 4997857 1672703256 10596866 0 163126 0 0 0
cpu49 11120571 416764 5031074 1673423543 10393291 0 166230 0 0 0
cpu50 11066000 440746 4996452 1673126084 10735804 0 164863 0 0 0
cpu51 11321937 447564 5001628 1673029309 10531399 0 167426 0 0 0
cpu52 11033190 446614 4991577 1673155435 10709817 0 167638 0 0 0
cpu53 11095072 432568 5073119 1673174377 10559203 0 174451 0 0 0
cpu54 11461952 425131 5048387 1672761275 10642342 0 171677 0 0 0
cpu55 13160149 432016 5220118 1670844037 10589562 0 171582 0 0 0
intr 106364313620 74 4 0 0 0 0 0 0 0 0 0 0 6 0 0 0 0 360 213 2556189941 0 0 0 0 0 0 0 0 0 0 0 0 0 0 0 0 0 2394452021 426505139 8318344 677 278 24496490 0 0 0 0 0 0 0 0 0 0 0 0 0 0 0 0 0 0 0 0 0 0 0 0 0 0 0 0 0 0 0 0 0 0 0 0 0 0 0 0 0 0 0 0 0 0 0 0 0 0 0 0 0 0 0 0 0 0 0 0 0 0 0 0 0 0 0 0 0 0 0 0 0 0 0 0 0 0 0 0 0 0 0 0 0 0 0 0 0 0 0 0 0 0 0 0 0 0 0 0 0 0 0 0 0 0 0 0 0 0 0 0 0 0 0 0 0 0 0 0 0 0 0 0 0 0 0 0 0 0 0 0 0 0 0 0 0 0 0 0 0 0 0 0 0 0 0 0 0 0 0 0 0 0 0 0 0 0 0 0 0 0 0 0 0 0 0 0 0 0 0 0 0 0 0 0 0 0 0 0 0 0 0 0 0 0 0 0 0 0 0 0 0 0 0 0 0 0 0 0 0 0 0 0 0 0 0 0 0 0 0 0 0 0 0 0 0 0 0 0 0 0 0 0 0 0 0 0 0 0 0 0 0 0 0 0 0 0 0 0 0 0 0 0 0 0 0 0 0 0 0 0 0 0 0 0 0 0 0 0 0 0 0 0 0 0 0 0 0 0 0 0 0 0 0 0 0 0 0 0 0 0 0 0 0 0 0 0 0 0 0 0 0 0 0 0 0 0 0 0 0 0 0 0 0 0 0 0 0 0 0 0 0 0 0 0 0 0 0 0 0 0 0 0 0 0 0 0 0 0 0 0 0 0 0 0 0 0 0 0 0 0 0 0 0 0 0 0 0 0 0 0 0 0 0 0 0 0 0 0 0 0 0 0 0 0 0 0 0 0 0 0 0 0 0 0 0 0 0 0 0 0 0 0 0 0 0 0 0 0 0 0 0 0 0 0 0 0 0 0 0 0 0 0 0 0 0 0 0 0 0 0 0 0 0 0 0 0 0 0 0 0 0 0 0 0 0 0 0 0 0 0 0 0 0 0 0 0 0 0 0 0 0 0 0 0 0 0 0 0 0 0 0 0 0 0 0 0 0 0 0 0 0 0 0 0 0 0 0 0 0 0 0 0 0 0 0 0 0 0 0 0 0 0 0 0 0 0 0 0 0 0 0 0 0 0 0 0 0 0 0 0 0 0 0 0 0 0 0 0 0 0 0 0 0 0 0 0 0 0 0 0 0 0 0 0 0 0 0 0 0 0 0 0 0 0 0 0 0 0 0 0 0 0 0 0 0 0 0 0 0 0 0 0 0 0 0 0 0 0 0 0 0 0 0 0 0 0 0 0 0 0 0 0 0 0 0 0 0 0 0 0 0 0 0 0 0 0 0 0 0 0 0 0 0 0 0 0 0 0 0 0 0 0 0 0 0 0 0 0 0 0 0 0 0 0 0 0 0 0 0 0 0 0 0 0 0 0 0 0 0 0 0 0 0 0 0 0 0 0 0 0 0 0 0 0 0 0 0 0 0 0 0 0 0 0 0 0 0 0 0 0 0 0 0 0 0 0 0 0 0 0 0 0 0 0 0 0 0 0 0 0 0 0 0 0 0 0 0 0 0 0 0 0 0 0 0 0 0 0 0 0 0 0 0 0 0 0 0 0 0 0 0 0 0 0 0 0 0 0 0 0 0 0 0 0 0 0 0 0 0 0 0 0 0 0 0 0 0 0 0 0 0 0 0 0 0 0 0 0 0 0 0 0 0 0 0 0 0 0 0 0 0 0 0 0 0 0 0 0 0 0 0 0 0 0 0 0 0 0 0 0 0 0 0 0 0 0 0 0 0 0 0 0 0 0 0 0 0 0 0 0 0 0 0 0 0 0 0 0 0 0 0 0 0 0 0 0 0 0 0 0 0 0 0 0 0 0 0 0 0 0 0 0 0 0 0 0 0 0 0 0 0 0 0 0 0 0 0 0 0 0 0 0 0 0 0 0 0 0 0 0 0 0 0 0 0 0 0 0 0 0 0 0 0 0 0 0 0 0 0 0 0 0 0 0 0 0 0 0 0 0 0 0 0 0 0 0 0 0 0 0 0 0 0 0 0 0 0 0 0 0 0 0 0 0 0 0 0 0 0 0 0 0 0 0 0 0 0 0 0 0 0 0 0 0 0 0 0 0 0 0 0 0 0 0 0 0 0 0 0 0 0 0 0 0 0 0 0 0 0 0 0 0 0 0 0 0 0 0 0 0 0 0 0 0 0 0 0 0 0 0 0 0 0 0 0 0 0 0 0 0 0 0 0 0 0 0 0 0 0 0 0 0 0 0 0 0 0 0 0 0 0 0 0 0 0 0 0 0 0 0 0 0 0 0 0 0 0 0 0 0 0 0 0 0 0 0 0 0 0 0 0 0 0 0 0 0 0 0 0 0 0 0 0 0 0 0 0 0 0 0 0 0 0 0 0 0 0 0 0 0 0 0 0 0 0 0 0 0 0 0 0 0 0 0 0 0 0 0 0 0 0 0 0 0 0 0 0 0 0 0 0 0 0 0 0 0 0 0 0 0 0 0 0 0 0 0 0 0 0 0 0 0 0 0 0 0 0 0 0 0 0 0 0 0 0 0 0 0 0 0 0 0 0 0 0 0 0 0 0 0 0 0 0 0 0 0 0 0 0 0 0 0 0 0 0 0 0 0 0 0 0 0 0 0 0 0 0 0 0 0 0 0 0 0 0 0 0 0 0 0 0 0 0 0 0 0 0 0 0 0 0 0 0 0 0 0 0 0 0 0 0 0 0 0 0 0 0 0 0 0 0 0 0 0 0 0 0 0 0 0 0 0 0 0 0 0 0 0 0 0 0 0 0 0 0 0 0 0 0 0 0 0 0 0 0 0 0 0 0 0 0 0 0 0 0 0 0 0 0 0 0 0 0 0 0 0 0 0 0 0 0 0 0 0 0 0 0 0 0 0 0 0 0 0 0 0 0 0 0 0 0 0 0 0 0 0 0 0 0 0 0 0 0 0 0 0 0 0 0 0 0 0 0 0 0 0 0 0 0 0 0 0 0 0 0 0 0 0 0 0 0 0 0 0 0 0 0 0 0 0 0 0 0 0 0 0 0 0 0 0 0 0 0 0 0 0 0 0 0 0 0 0 0 0 0 0 0 0 0 0 0 0 0 0 0 0 0 0 0 0 0 0 0 0 0 0 0 0 0 0 0 0 0 0 0 0 0 0 0 0 0 0 0 0 0 0 0 0 0 0 0 0 0 0 0 0 0 0 0 0 0 0 0 0 0 0 0 0 0 0 0 0 0 0 0 0 0 0 0 0 0 0 0 0 0 0 0 0 0 0 0 0 0 0 0 0 0 0 0 0 0 0 0 0 0 0 0 0 0 0 0 0 0 0 0 0 0 0 0 0 0 0 0 0 0 0 0 0 0 0 0 0 0 0 0 0 0 0 0 0 0 0 0 0 0 0 0 0 0 0 0 0 0 0 0 0 0 0 0 0 0 0 0 0 0 0 0 0 0 0 0 0 0 0 0 0 0 0 0 0 0 0 0 0 0 0 0 0 0 0 0 0 0 0 0 0 0 0 0 0 0 0 0 0 0 0 0 0 0 0 0 0 0 0 0 0 0 0 0 0 0 0 0 0 0 0 0 0 0 0 0 0 0 0 0 0 0 0 0 0 0 0 0 0 0 0 0 0 0 0 0 0 0 0 0 0 0 0 0 0 0 0 0 0 0 0 0 0 0 0 0 0 0
ctxt 208229747906
btime 1773600682
processes 94926035
procs_running 18
procs_blocked 0
softirq 43022254201 256 2278344840 38525495 876756757 1476292811 0 2936352189 570502197 5109161 480632127
