      9 php8.5 0-7,16-23
connected 50000, failed 0, in 31.5 s
msg   received       p50       p99     p99.9      last
0        50000    90.9ms   200.2ms   202.1ms   202.3ms
1        50000    85.4ms   191.9ms   193.8ms   194.0ms
2        50000    85.3ms   191.5ms   193.4ms   193.6ms
3        50000    84.6ms   190.4ms   192.3ms   192.5ms
4        50000    84.7ms   190.5ms   192.4ms   192.6ms
5        50000    85.2ms   190.2ms   192.1ms   192.3ms
6        50000    83.4ms   187.6ms   189.5ms   189.8ms
7        50000    83.0ms   187.6ms   189.5ms   189.7ms
still connected at the end: 50000 (closed by the server: 0)
## server-stat
cpu  2110589 799 1094425 20383616 40205 0 489358 0 0 0
cpu0 75429 14 31665 639559 952 0 15380 0 0 0
cpu1 78447 18 32478 638157 701 0 15587 0 0 0
cpu2 78455 15 32402 638846 457 0 15567 0 0 0
cpu3 93028 17 38887 611115 1238 0 21238 0 0 0
cpu4 96082 17 38360 609811 745 0 20859 0 0 0
cpu5 82751 16 33413 633017 503 0 16027 0 0 0
cpu6 82872 15 33700 632411 430 0 16688 0 0 0
cpu7 81327 12 33947 633799 264 0 16649 0 0 0
cpu8 37212 25 31257 664629 1288 0 9115 0 0 0
cpu9 42168 28 33106 650881 3087 0 9729 0 0 0
cpu10 40833 27 32399 655769 1450 0 9666 0 0 0
cpu11 38057 24 30387 666488 923 0 8863 0 0 0
cpu12 61806 100 34236 630651 3635 0 10236 0 0 0
cpu13 60120 31 34623 631362 3407 0 10454 0 0 0
cpu14 37614 22 29654 670012 1062 0 8626 0 0 0
cpu15 35350 24 27595 678155 874 0 7845 0 0 0
cpu16 93046 11 37306 615907 512 0 19512 0 0 0
cpu17 89165 12 36404 620410 1392 0 18690 0 0 0
cpu18 88099 12 36083 623273 318 0 18418 0 0 0
cpu19 105718 13 42154 593089 785 0 23847 0 0 0
cpu20 102930 14 42053 595864 863 0 24173 0 0 0
cpu21 85002 13 35292 626873 679 0 17983 0 0 0
cpu22 81143 15 34368 631607 446 0 17114 0 0 0
cpu23 77257 16 33179 638832 519 0 16196 0 0 0
cpu24 40812 28 31248 664716 1174 0 9515 0 0 0
cpu25 44767 32 34387 649251 2053 0 11191 0 0 0
cpu26 43266 26 33722 653044 1614 0 10851 0 0 0
cpu27 36775 18 30015 655910 1373 0 17321 0 0 0
cpu28 61278 48 38032 610705 2769 0 22523 0 0 0
cpu29 64120 85 39137 604230 2695 0 22825 0 0 0
cpu30 36130 18 31076 651778 1111 0 17131 0 0 0
cpu31 39518 18 31847 663450 872 0 9529 0 0 0
intr 2175313082 126 0 0 0 0 0 0 0 0 1 0 0 0 0 0 0 0 0 0 0 0 0 0 0 0 0 0 1 1 1 0 0 0 0 1 0 1 0 0 75045 0 0 0 0 0 0 0 0 411 0 0 0 0 0 0 0 0 87 0 0 0 0 0 0 0 0 0 0 0 0 0 0 0 219193 2 35004117 34940858 34869875 35007172 0 6436 2593 3147 1684 3280 2717 2122 2700 1661 10996 19597 11203 8824 14474 16009 11707 7864 2924 1914 1666 2727 2324 2019 1718 1706 9390 8569 5956 6423 7769 7110 6664 8425 0 0 0 0 616524 3481 1036 0 264 0 0 0 0 0 0 0 0 0 0 0 0 0 0 0 0 0 0 0 0 0 0 0 0 0 0 0 0 0 0 0 0 0 0 0 0 0 0 0 0 0 0 0 0 0 0 0 0 0 0 0 0 0 0 0 0 0 0 0 0 0 0 0 0 0 0 0 0 0 0 0 0 0 0 0 0 0 0 0 0 0 0 0 0 0 0 0 0 0 0 0 0 0 0 0 0 0 0 0 0 0 0 0 0 0 0 0 0 0 0 0 0 0 0 0 0 0 0 0 0 0 0 0 0 0 0 0 0 0 0 0 0 0 0 0 0 0 0 0 0 0 0 0 0 0 0 0 0 0 0 0 0 0 0 0 0 0 0 0 0 0 0 0 0 0 0 0 0 0 0 0 0 0 0 0 0 0 0 0 0 0 0 0 0 0 0 0 0 0 0 0 0 0 0 0 0 0 0 0 0 0 0 0 0 0 0 0 0 0 0 0 0 0 0 0 0 0 0 0 0 0 0 0 0 0 0 0 0 0 0 0 0 0 0 0 0 0 0 0 0 0 0 0 0 0 0 0 0 0 0 0 0 0 0 0 0 0 0 0 0 0 0 0 0 0 0 0 0 0 0 0 0 0 0 0 0 0 0 0 0 0 0 0 0 0 0 0 0 0 0 0 0 0 0 0 0 0 0 0 0 0 0 0 0 0 0 0 0 0 0 0 0 0 0 0 0 0 0 0 0 0 0 0 0 0 0 0 0 0 0 0 0 0 0 0 0 0 0 0 0 0 0 0 0 0 0 0 0 0 0 0 0 0 0 0 0 0 0 0 0 0 0 0 0 0 0 0 0 0 0 0 0 0 0 0 0 0 0 0 0 0 0 0 0 0 0 0 0 0 0 0 0 0 0 0 0 0 0 0 0 0 0 0 0 0 0 0 0 0 0 0 0 0 0 0 0 0 0 0 0 0 0 0 0 0 0 0 0 0 0 0 0 0 0 0 0 0 0 0 0 0 0 0 0 0 0 0 0 0 0 0 0 0 0 0 0 0 0 0 0 0 0 0 0 0 0 0 0 0 0 0 0 0 0 0 0 0 0 0 0 0 0 0 0 0 0 0 0 0 0 0 0 0 0 0 0 0 0 0 0 0 0 0 0 0 0 0 0 0 0 0 0 0 0 0 0 0 0 0 0 0 0 0 0 0 0 0 0 0 0 0 0 0 0 0 0 0 0 0 0 0 0 0 0 0 0 0 0 0 0 0 0 0 0 0 0 0 0 0 0 0 0 0 0 0 0 0 0 0 0 0 0 0 0 0 0 0 0 0 0 0 0 0 0 0 0 0 0 0 0 0 0 0 0 0 0 0 0 0 0 0 0 0 0 0 0 0 0 0 0 0 0 0 0 0 0 0 0 0 0 0 0 0 0 0 0 0 0 0 0 0 0 0 0 0 0 0 0 0 0 0 0 0 0 0 0 0 0 0 0 0 0 0 0 0 0 0 0 0 0 0 0 0 0 0 0 0 0 0 0 0 0 0 0 0 0 0 0 0 0 0 0 0 0 0 0 0 0 0 0 0 0 0 0 0 0 0 0 0 0 0 0 0 0 0 0 0 0 0 0 0 0 0 0 0 0 0 0 0 0 0 0 0 0 0 0 0 0 0 0 0 0 0 0 0 0 0 0 0 0 0 0 0 0 0 0 0 0 0 0 0 0 0 0 0 0 0 0 0 0 0 0 0 0 0 0 0 0 0 0 0 0 0 0 0 0 0 0 0 0 0 0 0 0 0 0 0 0 0 0 0 0 0 0 0 0 0 0 0 0 0 0 0 0 0 0 0 0 0 0 0 0 0 0 0 0 0 0 0 0 0 0 0 0 0 0 0 0 0 0 0 0 0 0 0 0 0 0 0 0 0 0 0 0 0 0 0 0 0 0 0 0 0 0 0 0 0 0 0 0 0 0 0 0 0 0 0 0 0 0 0 0 0 0 0 0 0 0 0 0 0 0 0 0 0 0 0 0 0 0 0 0 0 0 0 0 0 0 0 0 0 0 0 0 0 0 0 0 0 0 0 0 0 0 0 0 0 0 0 0 0 0 0 0 0 0 0 0 0 0 0 0 0 0 0 0 0 0 0 0 0 0 0 0 0 0 0 0 0 0 0 0 0 0 0 0 0 0 0 0 0 0 0 0 0 0 0 0 0 0 0 0 0 0 0 0 0 0 0 0 0 0 0 0 0 0 0 0 0 0 0 0 0 0 0 0 0 0 0 0 0 0 0 0 0 0 0 0 0 0 0 0 0 0 0 0 0 0 0 0 0 0 0 0 0 0 0 0 0 0 0 0 0 0 0 0 0 0 0 0 0 0 0 0 0 0 0 0 0 0 0 0 0 0 0 0 0 0 0 0 0 0 0 0 0 0 0 0 0 0 0 0 0 0 0 0 0 0 0 0 0 0 0 0 0 0 0 0 0 0 0 0 0 0 0 0 0 0 0 0 0 0
ctxt 3200354143
btime 1790630938
processes 209779
procs_running 1
procs_blocked 0
softirq 2783757576 73526 5018572 2751831 2707785083 228996 0 13555826 32625881 410 21717451
--
cpu  2110694 800 1094471 20408963 40236 0 489378 0 0 0
cpu0 75433 14 31666 640351 952 0 15382 0 0 0
cpu1 78447 18 32478 638939 715 0 15587 0 0 0
cpu2 78455 15 32404 639642 457 0 15567 0 0 0
cpu3 93032 17 38891 611903 1238 0 21239 0 0 0
cpu4 96088 17 38363 610599 745 0 20860 0 0 0
cpu5 82752 16 33414 633813 503 0 16027 0 0 0
cpu6 82872 15 33700 633209 430 0 16688 0 0 0
cpu7 81327 12 33947 634596 264 0 16649 0 0 0
cpu8 37215 25 31259 665419 1289 0 9117 0 0 0
cpu9 42172 28 33108 651670 3087 0 9730 0 0 0
cpu10 40837 27 32402 656560 1450 0 9667 0 0 0
cpu11 38059 24 30388 667283 923 0 8864 0 0 0
cpu12 61829 100 34240 631417 3635 0 10238 0 0 0
cpu13 60139 31 34629 632132 3407 0 10456 0 0 0
cpu14 37616 22 29656 670804 1062 0 8627 0 0 0
cpu15 35352 24 27596 678951 874 0 7845 0 0 0
cpu16 93047 11 37307 616704 512 0 19512 0 0 0
cpu17 89165 12 36405 621208 1392 0 18690 0 0 0
cpu18 88100 12 36083 624071 318 0 18418 0 0 0
cpu19 105719 13 42156 593883 785 0 23847 0 0 0
cpu20 102930 14 42054 596662 863 0 24173 0 0 0
cpu21 85003 13 35294 627654 694 0 17983 0 0 0
cpu22 81144 15 34369 632405 446 0 17114 0 0 0
cpu23 77257 16 33179 639630 519 0 16197 0 0 0
cpu24 40815 28 31248 665512 1174 0 9515 0 0 0
cpu25 44769 32 34387 650045 2053 0 11192 0 0 0
cpu26 43269 26 33724 653838 1614 0 10851 0 0 0
cpu27 36777 18 30015 656707 1373 0 17321 0 0 0
cpu28 61287 48 38033 611493 2769 0 22523 0 0 0
cpu29 64123 85 39139 605024 2695 0 22825 0 0 0
cpu30 36130 18 31076 652576 1111 0 17131 0 0 0
cpu31 39521 18 31847 664247 872 0 9529 0 0 0
intr 2175552765 126 0 0 0 0 0 0 0 0 1 0 0 0 0 0 0 0 0 0 0 0 0 0 0 0 0 0 1 1 1 0 0 0 0 1 0 1 0 0 75045 0 0 0 0 0 0 0 0 411 0 0 0 0 0 0 0 0 87 0 0 0 0 0 0 0 0 0 0 0 0 0 0 0 219432 2 35004179 34940924 34869892 35007240 0 6440 2593 3147 1684 3280 2717 2122 2703 1661 10996 19597 11203 8824 14476 16009 11707 7864 2924 1914 1666 2728 2324 2019 1718 1706 9390 8569 5956 6423 7769 7110 6664 8425 0 0 0 0 616528 3481 1036 0 264 0 0 0 0 0 0 0 0 0 0 0 0 0 0 0 0 0 0 0 0 0 0 0 0 0 0 0 0 0 0 0 0 0 0 0 0 0 0 0 0 0 0 0 0 0 0 0 0 0 0 0 0 0 0 0 0 0 0 0 0 0 0 0 0 0 0 0 0 0 0 0 0 0 0 0 0 0 0 0 0 0 0 0 0 0 0 0 0 0 0 0 0 0 0 0 0 0 0 0 0 0 0 0 0 0 0 0 0 0 0 0 0 0 0 0 0 0 0 0 0 0 0 0 0 0 0 0 0 0 0 0 0 0 0 0 0 0 0 0 0 0 0 0 0 0 0 0 0 0 0 0 0 0 0 0 0 0 0 0 0 0 0 0 0 0 0 0 0 0 0 0 0 0 0 0 0 0 0 0 0 0 0 0 0 0 0 0 0 0 0 0 0 0 0 0 0 0 0 0 0 0 0 0 0 0 0 0 0 0 0 0 0 0 0 0 0 0 0 0 0 0 0 0 0 0 0 0 0 0 0 0 0 0 0 0 0 0 0 0 0 0 0 0 0 0 0 0 0 0 0 0 0 0 0 0 0 0 0 0 0 0 0 0 0 0 0 0 0 0 0 0 0 0 0 0 0 0 0 0 0 0 0 0 0 0 0 0 0 0 0 0 0 0 0 0 0 0 0 0 0 0 0 0 0 0 0 0 0 0 0 0 0 0 0 0 0 0 0 0 0 0 0 0 0 0 0 0 0 0 0 0 0 0 0 0 0 0 0 0 0 0 0 0 0 0 0 0 0 0 0 0 0 0 0 0 0 0 0 0 0 0 0 0 0 0 0 0 0 0 0 0 0 0 0 0 0 0 0 0 0 0 0 0 0 0 0 0 0 0 0 0 0 0 0 0 0 0 0 0 0 0 0 0 0 0 0 0 0 0 0 0 0 0 0 0 0 0 0 0 0 0 0 0 0 0 0 0 0 0 0 0 0 0 0 0 0 0 0 0 0 0 0 0 0 0 0 0 0 0 0 0 0 0 0 0 0 0 0 0 0 0 0 0 0 0 0 0 0 0 0 0 0 0 0 0 0 0 0 0 0 0 0 0 0 0 0 0 0 0 0 0 0 0 0 0 0 0 0 0 0 0 0 0 0 0 0 0 0 0 0 0 0 0 0 0 0 0 0 0 0 0 0 0 0 0 0 0 0 0 0 0 0 0 0 0 0 0 0 0 0 0 0 0 0 0 0 0 0 0 0 0 0 0 0 0 0 0 0 0 0 0 0 0 0 0 0 0 0 0 0 0 0 0 0 0 0 0 0 0 0 0 0 0 0 0 0 0 0 0 0 0 0 0 0 0 0 0 0 0 0 0 0 0 0 0 0 0 0 0 0 0 0 0 0 0 0 0 0 0 0 0 0 0 0 0 0 0 0 0 0 0 0 0 0 0 0 0 0 0 0 0 0 0 0 0 0 0 0 0 0 0 0 0 0 0 0 0 0 0 0 0 0 0 0 0 0 0 0 0 0 0 0 0 0 0 0 0 0 0 0 0 0 0 0 0 0 0 0 0 0 0 0 0 0 0 0 0 0 0 0 0 0 0 0 0 0 0 0 0 0 0 0 0 0 0 0 0 0 0 0 0 0 0 0 0 0 0 0 0 0 0 0 0 0 0 0 0 0 0 0 0 0 0 0 0 0 0 0 0 0 0 0 0 0 0 0 0 0 0 0 0 0 0 0 0 0 0 0 0 0 0 0 0 0 0 0 0 0 0 0 0 0 0 0 0 0 0 0 0 0 0 0 0 0 0 0 0 0 0 0 0 0 0 0 0 0 0 0 0 0 0 0 0 0 0 0 0 0 0 0 0 0 0 0 0 0 0 0 0 0 0 0 0 0 0 0 0 0 0 0 0 0 0 0 0 0 0 0 0 0 0 0 0 0 0 0 0 0 0 0 0 0 0 0 0 0 0 0 0 0 0 0 0 0 0 0 0 0 0 0 0 0 0 0 0 0 0 0 0 0 0 0 0 0 0 0 0 0 0 0 0 0 0 0 0 0 0 0 0 0 0 0 0 0 0 0 0 0 0 0 0 0 0 0 0 0 0 0 0 0 0 0 0 0 0 0 0 0 0 0 0 0 0 0 0 0 0 0 0 0 0 0 0 0 0 0 0 0 0 0 0 0 0 0 0 0 0 0 0 0 0 0 0 0 0 0 0 0 0 0 0 0 0 0 0 0 0 0 0 0 0 0 0 0 0 0 0 0 0 0 0 0 0 0 0 0 0 0 0 0 0 0 0 0 0 0 0 0 0 0 0 0 0 0 0 0 0 0 0 0 0 0 0 0 0 0 0 0 0 0 0 0 0 0 0 0 0 0 0 0 0 0 0 0 0 0 0 0 0 0 0 0 0 0 0 0 0 0 0 0 0 0 0 0 0 0 0 0 0 0 0 0 0 0 0 0 0 0 0 0 0 0 0 0 0 0 0 0 0 0 0 0
ctxt 3200698225
btime 1790630938
processes 210091
procs_running 1
procs_blocked 0
softirq 2783831412 73526 5024729 2751831 2707820477 229245 0 13555828 32640094 410 21735272
## server=openswoole workers=8 sockets(server side)=18337 rss_before_kib=156320 rss_with_sockets_kib=259844 per_socket_kib=5
log lines with error/fatal: 0
