      1 bash 0-7,16-23
      8 php8.5 0-7,16-23
connected 10000, failed 0, in 6.9 s
msg   received       p50       p99     p99.9      last
0        10000    20.0ms    33.2ms    33.5ms    33.6ms
1        10000     6.7ms    10.8ms    11.0ms    11.0ms
2        10000     5.6ms     9.1ms     9.4ms     9.5ms
3        10000     5.6ms     8.7ms     8.9ms     8.9ms
4        10000     5.2ms     8.3ms     8.5ms     8.5ms
5        10000     5.7ms     8.7ms     8.8ms     8.9ms
6        10000     5.6ms     8.5ms     8.7ms     8.8ms
7        10000     6.5ms    10.0ms    10.5ms    10.5ms
still connected at the end: 10000 (closed by the server: 0)
## server-stat
cpu  2106746 776 1090093 19541028 39673 0 488680 0 0 0
cpu0 75305 13 31566 613212 946 0 15317 0 0 0
cpu1 78364 17 32419 611691 699 0 15549 0 0 0
cpu2 78381 14 32358 612344 456 0 15547 0 0 0
cpu3 92713 17 38574 585241 1237 0 21157 0 0 0
cpu4 95850 16 38163 583629 743 0 20832 0 0 0
cpu5 82650 16 33331 606561 502 0 16012 0 0 0
cpu6 82813 14 33663 605872 426 0 16679 0 0 0
cpu7 81270 11 33916 607257 263 0 16637 0 0 0
cpu8 37141 24 31132 638223 1286 0 9103 0 0 0
cpu9 42066 28 32776 625008 2816 0 9708 0 0 0
cpu10 40757 26 32196 629467 1447 0 9646 0 0 0
cpu11 38008 23 30277 640044 923 0 8852 0 0 0
cpu12 61108 98 33715 605407 3606 0 10177 0 0 0
cpu13 59634 30 34079 605948 3349 0 10403 0 0 0
cpu14 37552 21 29444 643675 1053 0 8611 0 0 0
cpu15 35312 23 27470 651704 866 0 7838 0 0 0
cpu16 92986 11 37278 589367 512 0 19500 0 0 0
cpu17 89121 12 36382 593847 1391 0 18681 0 0 0
cpu18 88078 12 36067 596675 316 0 18412 0 0 0
cpu19 105571 13 42017 566809 781 0 23786 0 0 0
cpu20 102848 14 42006 569456 779 0 24158 0 0 0
cpu21 84959 12 35270 600306 679 0 17972 0 0 0
cpu22 81105 14 34341 605043 445 0 17103 0 0 0
cpu23 77234 15 33163 612237 518 0 16190 0 0 0
cpu24 40769 26 31194 638203 1159 0 9510 0 0 0
cpu25 44700 31 34317 622782 2051 0 11181 0 0 0
cpu26 43212 26 33678 626529 1599 0 10845 0 0 0
cpu27 36740 17 29978 629353 1372 0 17317 0 0 0
cpu28 61037 47 37743 584663 2768 0 22502 0 0 0
cpu29 63876 84 38739 578328 2690 0 22791 0 0 0
cpu30 36091 17 31015 625249 1109 0 17124 0 0 0
cpu31 39481 17 31811 636882 870 0 9525 0 0 0
intr 2170589215 126 0 0 0 0 0 0 0 0 1 0 0 0 0 0 0 0 0 0 0 0 0 0 0 0 0 0 1 1 1 0 0 0 0 1 0 1 0 0 75045 0 0 0 0 0 0 0 0 411 0 0 0 0 0 0 0 0 87 0 0 0 0 0 0 0 0 0 0 0 0 0 0 0 214841 2 35002216 34939588 34868917 35005812 0 6221 2516 3098 1679 3202 2704 2118 2644 1546 10869 19593 11185 8820 14457 15960 11700 7861 2921 1911 1657 2664 2320 2015 1714 1705 9382 8507 5954 6423 7661 7092 6661 8423 0 0 0 0 616508 3456 1036 0 264 0 0 0 0 0 0 0 0 0 0 0 0 0 0 0 0 0 0 0 0 0 0 0 0 0 0 0 0 0 0 0 0 0 0 0 0 0 0 0 0 0 0 0 0 0 0 0 0 0 0 0 0 0 0 0 0 0 0 0 0 0 0 0 0 0 0 0 0 0 0 0 0 0 0 0 0 0 0 0 0 0 0 0 0 0 0 0 0 0 0 0 0 0 0 0 0 0 0 0 0 0 0 0 0 0 0 0 0 0 0 0 0 0 0 0 0 0 0 0 0 0 0 0 0 0 0 0 0 0 0 0 0 0 0 0 0 0 0 0 0 0 0 0 0 0 0 0 0 0 0 0 0 0 0 0 0 0 0 0 0 0 0 0 0 0 0 0 0 0 0 0 0 0 0 0 0 0 0 0 0 0 0 0 0 0 0 0 0 0 0 0 0 0 0 0 0 0 0 0 0 0 0 0 0 0 0 0 0 0 0 0 0 0 0 0 0 0 0 0 0 0 0 0 0 0 0 0 0 0 0 0 0 0 0 0 0 0 0 0 0 0 0 0 0 0 0 0 0 0 0 0 0 0 0 0 0 0 0 0 0 0 0 0 0 0 0 0 0 0 0 0 0 0 0 0 0 0 0 0 0 0 0 0 0 0 0 0 0 0 0 0 0 0 0 0 0 0 0 0 0 0 0 0 0 0 0 0 0 0 0 0 0 0 0 0 0 0 0 0 0 0 0 0 0 0 0 0 0 0 0 0 0 0 0 0 0 0 0 0 0 0 0 0 0 0 0 0 0 0 0 0 0 0 0 0 0 0 0 0 0 0 0 0 0 0 0 0 0 0 0 0 0 0 0 0 0 0 0 0 0 0 0 0 0 0 0 0 0 0 0 0 0 0 0 0 0 0 0 0 0 0 0 0 0 0 0 0 0 0 0 0 0 0 0 0 0 0 0 0 0 0 0 0 0 0 0 0 0 0 0 0 0 0 0 0 0 0 0 0 0 0 0 0 0 0 0 0 0 0 0 0 0 0 0 0 0 0 0 0 0 0 0 0 0 0 0 0 0 0 0 0 0 0 0 0 0 0 0 0 0 0 0 0 0 0 0 0 0 0 0 0 0 0 0 0 0 0 0 0 0 0 0 0 0 0 0 0 0 0 0 0 0 0 0 0 0 0 0 0 0 0 0 0 0 0 0 0 0 0 0 0 0 0 0 0 0 0 0 0 0 0 0 0 0 0 0 0 0 0 0 0 0 0 0 0 0 0 0 0 0 0 0 0 0 0 0 0 0 0 0 0 0 0 0 0 0 0 0 0 0 0 0 0 0 0 0 0 0 0 0 0 0 0 0 0 0 0 0 0 0 0 0 0 0 0 0 0 0 0 0 0 0 0 0 0 0 0 0 0 0 0 0 0 0 0 0 0 0 0 0 0 0 0 0 0 0 0 0 0 0 0 0 0 0 0 0 0 0 0 0 0 0 0 0 0 0 0 0 0 0 0 0 0 0 0 0 0 0 0 0 0 0 0 0 0 0 0 0 0 0 0 0 0 0 0 0 0 0 0 0 0 0 0 0 0 0 0 0 0 0 0 0 0 0 0 0 0 0 0 0 0 0 0 0 0 0 0 0 0 0 0 0 0 0 0 0 0 0 0 0 0 0 0 0 0 0 0 0 0 0 0 0 0 0 0 0 0 0 0 0 0 0 0 0 0 0 0 0 0 0 0 0 0 0 0 0 0 0 0 0 0 0 0 0 0 0 0 0 0 0 0 0 0 0 0 0 0 0 0 0 0 0 0 0 0 0 0 0 0 0 0 0 0 0 0 0 0 0 0 0 0 0 0 0 0 0 0 0 0 0 0 0 0 0 0 0 0 0 0 0 0 0 0 0 0 0 0 0 0 0 0 0 0 0 0 0 0 0 0 0 0 0 0 0 0 0 0 0 0 0 0 0 0 0 0 0 0 0 0 0 0 0 0 0 0 0 0 0 0 0 0 0 0 0 0 0 0 0 0 0 0 0 0 0 0 0 0 0 0 0 0 0 0 0 0 0 0 0 0 0 0 0 0 0 0 0 0 0 0 0 0 0 0 0 0 0 0 0 0 0 0 0 0 0 0 0 0 0 0 0 0 0 0 0 0 0 0 0 0 0 0 0 0 0 0 0 0 0 0 0 0 0 0 0 0 0 0 0 0 0 0 0 0 0 0 0 0 0 0 0 0 0 0 0 0 0 0 0 0 0 0 0 0 0 0 0 0 0 0 0 0 0 0 0 0 0 0 0 0 0 0 0 0 0 0 0 0 0 0 0 0 0 0 0 0 0 0 0 0 0 0 0 0 0 0 0 0 0 0 0 0 0 0 0 0 0 0 0 0 0 0 0 0 0 0 0 0 0 0 0 0 0 0 0 0 0 0 0 0 0 0 0 0 0 0 0 0 0 0 0 0 0 0 0 0 0 0 0 0 0 0 0 0 0 0 0 0 0 0 0 0 0
ctxt 3193481950
btime 1790630938
processes 204920
procs_running 1
procs_blocked 0
softirq 2780844145 73526 4879165 2751823 2705660116 224350 0 13555694 32327796 410 21371265
--
cpu  2106845 776 1090146 19566404 39700 0 488695 0 0 0
cpu0 75309 13 31567 614005 946 0 15319 0 0 0
cpu1 78364 17 32420 612488 699 0 15549 0 0 0
cpu2 78382 14 32359 613140 456 0 15548 0 0 0
cpu3 92723 17 38576 586028 1237 0 21159 0 0 0
cpu4 95858 16 38165 584418 743 0 20834 0 0 0
cpu5 82652 16 33331 607356 502 0 16013 0 0 0
cpu6 82815 15 33664 606665 426 0 16680 0 0 0
cpu7 81272 11 33918 608052 263 0 16638 0 0 0
cpu8 37142 24 31136 639017 1286 0 9103 0 0 0
cpu9 42068 28 32778 625778 2842 0 9708 0 0 0
cpu10 40757 26 32198 630261 1447 0 9646 0 0 0
cpu11 38009 23 30279 640840 923 0 8852 0 0 0
cpu12 61125 99 33718 606184 3606 0 10177 0 0 0
cpu13 59641 30 34082 606737 3349 0 10403 0 0 0
cpu14 37553 21 29446 644471 1054 0 8611 0 0 0
cpu15 35313 23 27472 652501 866 0 7838 0 0 0
cpu16 92990 11 37279 590159 512 0 19502 0 0 0
cpu17 89124 12 36383 594641 1391 0 18683 0 0 0
cpu18 88078 12 36068 597474 316 0 18412 0 0 0
cpu19 105571 13 42017 567607 781 0 23786 0 0 0
cpu20 102848 14 42007 570255 779 0 24158 0 0 0
cpu21 84960 12 35271 601103 679 0 17973 0 0 0
cpu22 81105 14 34342 605842 445 0 17103 0 0 0
cpu23 77234 15 33163 613036 518 0 16190 0 0 0
cpu24 40769 26 31196 639000 1159 0 9510 0 0 0
cpu25 44700 31 34319 623579 2051 0 11181 0 0 0
cpu26 43213 26 33680 627326 1599 0 10845 0 0 0
cpu27 36741 17 29980 630150 1372 0 17317 0 0 0
cpu28 61042 47 37746 585456 2768 0 22502 0 0 0
cpu29 63899 84 38744 579097 2690 0 22791 0 0 0
cpu30 36092 17 31017 626045 1109 0 17125 0 0 0
cpu31 39482 17 31813 637679 870 0 9525 0 0 0
intr 2170681249 126 0 0 0 0 0 0 0 0 1 0 0 0 0 0 0 0 0 0 0 0 0 0 0 0 0 0 1 1 1 0 0 0 0 1 0 1 0 0 75045 0 0 0 0 0 0 0 0 411 0 0 0 0 0 0 0 0 87 0 0 0 0 0 0 0 0 0 0 0 0 0 0 0 215102 2 35002288 34939617 34868951 35005943 0 6225 2516 3098 1679 3202 2704 2118 2644 1546 10869 19593 11194 8822 14458 15960 11700 7861 2921 1912 1657 2667 2320 2015 1714 1705 9382 8509 5954 6423 7769 7092 6661 8423 0 0 0 0 616508 3456 1036 0 264 0 0 0 0 0 0 0 0 0 0 0 0 0 0 0 0 0 0 0 0 0 0 0 0 0 0 0 0 0 0 0 0 0 0 0 0 0 0 0 0 0 0 0 0 0 0 0 0 0 0 0 0 0 0 0 0 0 0 0 0 0 0 0 0 0 0 0 0 0 0 0 0 0 0 0 0 0 0 0 0 0 0 0 0 0 0 0 0 0 0 0 0 0 0 0 0 0 0 0 0 0 0 0 0 0 0 0 0 0 0 0 0 0 0 0 0 0 0 0 0 0 0 0 0 0 0 0 0 0 0 0 0 0 0 0 0 0 0 0 0 0 0 0 0 0 0 0 0 0 0 0 0 0 0 0 0 0 0 0 0 0 0 0 0 0 0 0 0 0 0 0 0 0 0 0 0 0 0 0 0 0 0 0 0 0 0 0 0 0 0 0 0 0 0 0 0 0 0 0 0 0 0 0 0 0 0 0 0 0 0 0 0 0 0 0 0 0 0 0 0 0 0 0 0 0 0 0 0 0 0 0 0 0 0 0 0 0 0 0 0 0 0 0 0 0 0 0 0 0 0 0 0 0 0 0 0 0 0 0 0 0 0 0 0 0 0 0 0 0 0 0 0 0 0 0 0 0 0 0 0 0 0 0 0 0 0 0 0 0 0 0 0 0 0 0 0 0 0 0 0 0 0 0 0 0 0 0 0 0 0 0 0 0 0 0 0 0 0 0 0 0 0 0 0 0 0 0 0 0 0 0 0 0 0 0 0 0 0 0 0 0 0 0 0 0 0 0 0 0 0 0 0 0 0 0 0 0 0 0 0 0 0 0 0 0 0 0 0 0 0 0 0 0 0 0 0 0 0 0 0 0 0 0 0 0 0 0 0 0 0 0 0 0 0 0 0 0 0 0 0 0 0 0 0 0 0 0 0 0 0 0 0 0 0 0 0 0 0 0 0 0 0 0 0 0 0 0 0 0 0 0 0 0 0 0 0 0 0 0 0 0 0 0 0 0 0 0 0 0 0 0 0 0 0 0 0 0 0 0 0 0 0 0 0 0 0 0 0 0 0 0 0 0 0 0 0 0 0 0 0 0 0 0 0 0 0 0 0 0 0 0 0 0 0 0 0 0 0 0 0 0 0 0 0 0 0 0 0 0 0 0 0 0 0 0 0 0 0 0 0 0 0 0 0 0 0 0 0 0 0 0 0 0 0 0 0 0 0 0 0 0 0 0 0 0 0 0 0 0 0 0 0 0 0 0 0 0 0 0 0 0 0 0 0 0 0 0 0 0 0 0 0 0 0 0 0 0 0 0 0 0 0 0 0 0 0 0 0 0 0 0 0 0 0 0 0 0 0 0 0 0 0 0 0 0 0 0 0 0 0 0 0 0 0 0 0 0 0 0 0 0 0 0 0 0 0 0 0 0 0 0 0 0 0 0 0 0 0 0 0 0 0 0 0 0 0 0 0 0 0 0 0 0 0 0 0 0 0 0 0 0 0 0 0 0 0 0 0 0 0 0 0 0 0 0 0 0 0 0 0 0 0 0 0 0 0 0 0 0 0 0 0 0 0 0 0 0 0 0 0 0 0 0 0 0 0 0 0 0 0 0 0 0 0 0 0 0 0 0 0 0 0 0 0 0 0 0 0 0 0 0 0 0 0 0 0 0 0 0 0 0 0 0 0 0 0 0 0 0 0 0 0 0 0 0 0 0 0 0 0 0 0 0 0 0 0 0 0 0 0 0 0 0 0 0 0 0 0 0 0 0 0 0 0 0 0 0 0 0 0 0 0 0 0 0 0 0 0 0 0 0 0 0 0 0 0 0 0 0 0 0 0 0 0 0 0 0 0 0 0 0 0 0 0 0 0 0 0 0 0 0 0 0 0 0 0 0 0 0 0 0 0 0 0 0 0 0 0 0 0 0 0 0 0 0 0 0 0 0 0 0 0 0 0 0 0 0 0 0 0 0 0 0 0 0 0 0 0 0 0 0 0 0 0 0 0 0 0 0 0 0 0 0 0 0 0 0 0 0 0 0 0 0 0 0 0 0 0 0 0 0 0 0 0 0 0 0 0 0 0 0 0 0 0 0 0 0 0 0 0 0 0 0 0 0 0 0 0 0 0 0 0 0 0 0 0 0 0 0 0 0 0 0 0 0 0 0 0 0 0 0 0 0 0 0 0 0 0 0 0 0 0 0 0 0 0 0 0 0 0 0 0 0 0 0 0 0 0 0 0 0 0 0 0 0 0 0 0 0 0 0 0 0 0 0 0 0 0 0 0 0 0 0 0 0 0 0 0 0 0 0 0 0 0 0 0 0 0 0 0 0 0 0 0 0 0 0 0 0 0 0 0 0 0 0 0 0 0 0 0 0 0 0 0 0 0 0 0 0 0 0 0 0 0 0 0 0 0 0 0 0 0 0 0 0 0 0 0 0 0 0 0 0 0 0 0 0 0 0 0 0 0 0 0 0 0 0 0 0 0 0 0
ctxt 3193617894
btime 1790630938
processes 205163
procs_running 1
procs_blocked 0
softirq 2780913994 73526 4882402 2751823 2705714901 224618 0 13555696 32333554 410 21377064
## server=react workers=8 sockets(server side)=10000 rss_before_kib=294712 rss_with_sockets_kib=670116 per_socket_kib=37
log lines with error/fatal: 0
