      9 php8.5 0-7,16-23
connected 50000, failed 0, in 31.8 s
msg   received       p50       p99     p99.9      last
0        50000    87.1ms   196.7ms   198.7ms   198.9ms
1        50000    81.7ms   189.6ms   191.6ms   191.8ms
2        50000    81.2ms   188.3ms   190.2ms   190.4ms
3        50000    80.4ms   186.6ms   188.5ms   188.7ms
4        50000    80.0ms   186.4ms   188.3ms   188.5ms
5        50000    80.4ms   187.0ms   189.0ms   189.2ms
6        50000    79.8ms   185.5ms   187.4ms   187.6ms
7        50000    79.4ms   184.8ms   186.7ms   186.9ms
still connected at the end: 50000 (closed by the server: 0)
## server-stat
cpu  2110070 795 1093357 20225224 40107 0 489127 0 0 0
cpu0 75426 14 31654 634575 951 0 15365 0 0 0
cpu1 78443 18 32474 633157 701 0 15582 0 0 0
cpu2 78453 14 32400 633838 457 0 15566 0 0 0
cpu3 93007 17 38824 606255 1238 0 21179 0 0 0
cpu4 96075 17 38347 604827 745 0 20853 0 0 0
cpu5 82747 16 33409 628010 503 0 16027 0 0 0
cpu6 82871 15 33699 627400 428 0 16688 0 0 0
cpu7 81327 12 33945 628787 264 0 16649 0 0 0
cpu8 37197 25 31218 659677 1288 0 9111 0 0 0
cpu9 42146 28 33009 646006 3087 0 9722 0 0 0
cpu10 40815 27 32332 650856 1449 0 9658 0 0 0
cpu11 38046 24 30352 661531 923 0 8859 0 0 0
cpu12 61666 100 34045 626020 3633 0 10212 0 0 0
cpu13 60031 31 34464 626644 3407 0 10439 0 0 0
cpu14 37603 22 29584 665084 1060 0 8621 0 0 0
cpu15 35341 24 27563 673183 872 0 7843 0 0 0
cpu16 93044 11 37302 610903 512 0 19510 0 0 0
cpu17 89162 12 36400 615408 1392 0 18688 0 0 0
cpu18 88099 12 36082 618262 317 0 18417 0 0 0
cpu19 105706 13 42111 588180 785 0 23800 0 0 0
cpu20 102926 14 42047 590948 779 0 24171 0 0 0
cpu21 85001 13 35290 621865 679 0 17982 0 0 0
cpu22 81142 15 34364 626597 446 0 17113 0 0 0
cpu23 77256 16 33177 633821 518 0 16196 0 0 0
cpu24 40805 28 31230 659727 1173 0 9514 0 0 0
cpu25 44751 32 34366 644284 2052 0 11189 0 0 0
cpu26 43256 26 33717 648043 1614 0 10850 0 0 0
cpu27 36769 18 30009 650908 1372 0 17320 0 0 0
cpu28 61234 48 37997 605789 2769 0 22518 0 0 0
cpu29 64079 84 39030 599400 2695 0 22812 0 0 0
cpu30 36121 17 31064 646780 1111 0 17130 0 0 0
cpu31 39511 18 31841 658444 871 0 9528 0 0 0
intr 2173772476 126 0 0 0 0 0 0 0 0 1 0 0 0 0 0 0 0 0 0 0 0 0 0 0 0 0 0 1 1 1 0 0 0 0 1 0 1 0 0 75045 0 0 0 0 0 0 0 0 411 0 0 0 0 0 0 0 0 87 0 0 0 0 0 0 0 0 0 0 0 0 0 0 0 218441 2 35003756 34940638 34869669 35006929 0 6395 2591 3144 1682 3280 2716 2122 2667 1548 10995 19597 11201 8824 14464 16008 11707 7863 2924 1914 1665 2725 2323 2017 1716 1705 9390 8564 5955 6423 7769 7102 6664 8423 0 0 0 0 616524 3478 1036 0 264 0 0 0 0 0 0 0 0 0 0 0 0 0 0 0 0 0 0 0 0 0 0 0 0 0 0 0 0 0 0 0 0 0 0 0 0 0 0 0 0 0 0 0 0 0 0 0 0 0 0 0 0 0 0 0 0 0 0 0 0 0 0 0 0 0 0 0 0 0 0 0 0 0 0 0 0 0 0 0 0 0 0 0 0 0 0 0 0 0 0 0 0 0 0 0 0 0 0 0 0 0 0 0 0 0 0 0 0 0 0 0 0 0 0 0 0 0 0 0 0 0 0 0 0 0 0 0 0 0 0 0 0 0 0 0 0 0 0 0 0 0 0 0 0 0 0 0 0 0 0 0 0 0 0 0 0 0 0 0 0 0 0 0 0 0 0 0 0 0 0 0 0 0 0 0 0 0 0 0 0 0 0 0 0 0 0 0 0 0 0 0 0 0 0 0 0 0 0 0 0 0 0 0 0 0 0 0 0 0 0 0 0 0 0 0 0 0 0 0 0 0 0 0 0 0 0 0 0 0 0 0 0 0 0 0 0 0 0 0 0 0 0 0 0 0 0 0 0 0 0 0 0 0 0 0 0 0 0 0 0 0 0 0 0 0 0 0 0 0 0 0 0 0 0 0 0 0 0 0 0 0 0 0 0 0 0 0 0 0 0 0 0 0 0 0 0 0 0 0 0 0 0 0 0 0 0 0 0 0 0 0 0 0 0 0 0 0 0 0 0 0 0 0 0 0 0 0 0 0 0 0 0 0 0 0 0 0 0 0 0 0 0 0 0 0 0 0 0 0 0 0 0 0 0 0 0 0 0 0 0 0 0 0 0 0 0 0 0 0 0 0 0 0 0 0 0 0 0 0 0 0 0 0 0 0 0 0 0 0 0 0 0 0 0 0 0 0 0 0 0 0 0 0 0 0 0 0 0 0 0 0 0 0 0 0 0 0 0 0 0 0 0 0 0 0 0 0 0 0 0 0 0 0 0 0 0 0 0 0 0 0 0 0 0 0 0 0 0 0 0 0 0 0 0 0 0 0 0 0 0 0 0 0 0 0 0 0 0 0 0 0 0 0 0 0 0 0 0 0 0 0 0 0 0 0 0 0 0 0 0 0 0 0 0 0 0 0 0 0 0 0 0 0 0 0 0 0 0 0 0 0 0 0 0 0 0 0 0 0 0 0 0 0 0 0 0 0 0 0 0 0 0 0 0 0 0 0 0 0 0 0 0 0 0 0 0 0 0 0 0 0 0 0 0 0 0 0 0 0 0 0 0 0 0 0 0 0 0 0 0 0 0 0 0 0 0 0 0 0 0 0 0 0 0 0 0 0 0 0 0 0 0 0 0 0 0 0 0 0 0 0 0 0 0 0 0 0 0 0 0 0 0 0 0 0 0 0 0 0 0 0 0 0 0 0 0 0 0 0 0 0 0 0 0 0 0 0 0 0 0 0 0 0 0 0 0 0 0 0 0 0 0 0 0 0 0 0 0 0 0 0 0 0 0 0 0 0 0 0 0 0 0 0 0 0 0 0 0 0 0 0 0 0 0 0 0 0 0 0 0 0 0 0 0 0 0 0 0 0 0 0 0 0 0 0 0 0 0 0 0 0 0 0 0 0 0 0 0 0 0 0 0 0 0 0 0 0 0 0 0 0 0 0 0 0 0 0 0 0 0 0 0 0 0 0 0 0 0 0 0 0 0 0 0 0 0 0 0 0 0 0 0 0 0 0 0 0 0 0 0 0 0 0 0 0 0 0 0 0 0 0 0 0 0 0 0 0 0 0 0 0 0 0 0 0 0 0 0 0 0 0 0 0 0 0 0 0 0 0 0 0 0 0 0 0 0 0 0 0 0 0 0 0 0 0 0 0 0 0 0 0 0 0 0 0 0 0 0 0 0 0 0 0 0 0 0 0 0 0 0 0 0 0 0 0 0 0 0 0 0 0 0 0 0 0 0 0 0 0 0 0 0 0 0 0 0 0 0 0 0 0 0 0 0 0 0 0 0 0 0 0 0 0 0 0 0 0 0 0 0 0 0 0 0 0 0 0 0 0 0 0 0 0 0 0 0 0 0 0 0 0 0 0 0 0 0 0 0 0 0 0 0 0 0 0 0 0 0 0 0 0 0 0 0 0 0 0 0 0 0 0 0 0 0 0 0 0 0 0 0 0 0 0 0 0 0 0 0 0 0 0 0 0 0 0 0 0 0 0 0 0 0 0 0 0 0 0 0 0 0 0 0 0 0 0 0 0 0 0 0 0 0 0 0 0 0 0 0 0 0 0 0 0 0 0 0 0 0 0 0 0 0 0 0 0 0 0 0 0 0 0 0 0 0 0 0 0 0 0 0 0 0 0 0 0 0 0 0 0 0 0 0 0 0 0 0 0 0 0 0 0 0 0 0 0 0 0 0 0 0 0 0 0 0 0 0 0 0 0 0 0 0 0 0 0 0 0 0 0 0 0 0 0 0 0 0 0 0 0 0 0 0
ctxt 3197945863
btime 1790630938
processes 208728
procs_running 1
procs_blocked 0
softirq 2782862395 73526 4986619 2751829 2707081343 228190 0 13555800 32550636 410 21634042
--
cpu  2110164 795 1093401 20250607 40125 0 489146 0 0 0
cpu0 75426 14 31655 635371 951 0 15367 0 0 0
cpu1 78444 18 32474 633955 701 0 15582 0 0 0
cpu2 78453 14 32400 634636 457 0 15566 0 0 0
cpu3 93012 17 38830 607040 1238 0 21183 0 0 0
cpu4 96077 17 38349 605620 745 0 20853 0 0 0
cpu5 82748 16 33409 628808 503 0 16027 0 0 0
cpu6 82871 15 33699 628197 428 0 16688 0 0 0
cpu7 81327 12 33945 629585 264 0 16649 0 0 0
cpu8 37199 25 31220 660473 1288 0 9111 0 0 0
cpu9 42150 28 33011 646797 3087 0 9723 0 0 0
cpu10 40817 27 32333 651649 1450 0 9659 0 0 0
cpu11 38048 24 30353 662327 923 0 8859 0 0 0
cpu12 61706 100 34048 626772 3634 0 10213 0 0 0
cpu13 60038 31 34469 627427 3407 0 10442 0 0 0
cpu14 37605 22 29587 665878 1060 0 8622 0 0 0
cpu15 35343 24 27564 673979 872 0 7844 0 0 0
cpu16 93044 11 37303 611699 512 0 19510 0 0 0
cpu17 89162 12 36401 616205 1392 0 18688 0 0 0
cpu18 88099 12 36082 619060 317 0 18417 0 0 0
cpu19 105707 13 42111 588977 785 0 23800 0 0 0
cpu20 102927 14 42048 591728 795 0 24171 0 0 0
cpu21 85002 13 35290 622662 679 0 17982 0 0 0
cpu22 81142 15 34365 627396 446 0 17113 0 0 0
cpu23 77256 16 33177 634619 519 0 16196 0 0 0
cpu24 40807 28 31231 660522 1173 0 9514 0 0 0
cpu25 44753 32 34368 645079 2052 0 11189 0 0 0
cpu26 43257 26 33718 648840 1614 0 10850 0 0 0
cpu27 36770 18 30009 651706 1372 0 17320 0 0 0
cpu28 61238 48 37998 606583 2769 0 22518 0 0 0
cpu29 64087 84 39032 600183 2695 0 22814 0 0 0
cpu30 36122 17 31064 647578 1111 0 17130 0 0 0
cpu31 39513 18 31842 659242 871 0 9529 0 0 0
intr 2174007053 126 0 0 0 0 0 0 0 0 1 0 0 0 0 0 0 0 0 0 0 0 0 0 0 0 0 0 1 1 1 0 0 0 0 1 0 1 0 0 75045 0 0 0 0 0 0 0 0 411 0 0 0 0 0 0 0 0 87 0 0 0 0 0 0 0 0 0 0 0 0 0 0 0 218577 2 35003798 34940664 34869719 35007023 0 6400 2591 3144 1682 3280 2716 2122 2670 1548 10995 19597 11201 8824 14464 16009 11707 7863 2924 1914 1665 2725 2323 2017 1716 1706 9390 8564 5955 6423 7769 7108 6664 8423 0 0 0 0 616524 3481 1036 0 264 0 0 0 0 0 0 0 0 0 0 0 0 0 0 0 0 0 0 0 0 0 0 0 0 0 0 0 0 0 0 0 0 0 0 0 0 0 0 0 0 0 0 0 0 0 0 0 0 0 0 0 0 0 0 0 0 0 0 0 0 0 0 0 0 0 0 0 0 0 0 0 0 0 0 0 0 0 0 0 0 0 0 0 0 0 0 0 0 0 0 0 0 0 0 0 0 0 0 0 0 0 0 0 0 0 0 0 0 0 0 0 0 0 0 0 0 0 0 0 0 0 0 0 0 0 0 0 0 0 0 0 0 0 0 0 0 0 0 0 0 0 0 0 0 0 0 0 0 0 0 0 0 0 0 0 0 0 0 0 0 0 0 0 0 0 0 0 0 0 0 0 0 0 0 0 0 0 0 0 0 0 0 0 0 0 0 0 0 0 0 0 0 0 0 0 0 0 0 0 0 0 0 0 0 0 0 0 0 0 0 0 0 0 0 0 0 0 0 0 0 0 0 0 0 0 0 0 0 0 0 0 0 0 0 0 0 0 0 0 0 0 0 0 0 0 0 0 0 0 0 0 0 0 0 0 0 0 0 0 0 0 0 0 0 0 0 0 0 0 0 0 0 0 0 0 0 0 0 0 0 0 0 0 0 0 0 0 0 0 0 0 0 0 0 0 0 0 0 0 0 0 0 0 0 0 0 0 0 0 0 0 0 0 0 0 0 0 0 0 0 0 0 0 0 0 0 0 0 0 0 0 0 0 0 0 0 0 0 0 0 0 0 0 0 0 0 0 0 0 0 0 0 0 0 0 0 0 0 0 0 0 0 0 0 0 0 0 0 0 0 0 0 0 0 0 0 0 0 0 0 0 0 0 0 0 0 0 0 0 0 0 0 0 0 0 0 0 0 0 0 0 0 0 0 0 0 0 0 0 0 0 0 0 0 0 0 0 0 0 0 0 0 0 0 0 0 0 0 0 0 0 0 0 0 0 0 0 0 0 0 0 0 0 0 0 0 0 0 0 0 0 0 0 0 0 0 0 0 0 0 0 0 0 0 0 0 0 0 0 0 0 0 0 0 0 0 0 0 0 0 0 0 0 0 0 0 0 0 0 0 0 0 0 0 0 0 0 0 0 0 0 0 0 0 0 0 0 0 0 0 0 0 0 0 0 0 0 0 0 0 0 0 0 0 0 0 0 0 0 0 0 0 0 0 0 0 0 0 0 0 0 0 0 0 0 0 0 0 0 0 0 0 0 0 0 0 0 0 0 0 0 0 0 0 0 0 0 0 0 0 0 0 0 0 0 0 0 0 0 0 0 0 0 0 0 0 0 0 0 0 0 0 0 0 0 0 0 0 0 0 0 0 0 0 0 0 0 0 0 0 0 0 0 0 0 0 0 0 0 0 0 0 0 0 0 0 0 0 0 0 0 0 0 0 0 0 0 0 0 0 0 0 0 0 0 0 0 0 0 0 0 0 0 0 0 0 0 0 0 0 0 0 0 0 0 0 0 0 0 0 0 0 0 0 0 0 0 0 0 0 0 0 0 0 0 0 0 0 0 0 0 0 0 0 0 0 0 0 0 0 0 0 0 0 0 0 0 0 0 0 0 0 0 0 0 0 0 0 0 0 0 0 0 0 0 0 0 0 0 0 0 0 0 0 0 0 0 0 0 0 0 0 0 0 0 0 0 0 0 0 0 0 0 0 0 0 0 0 0 0 0 0 0 0 0 0 0 0 0 0 0 0 0 0 0 0 0 0 0 0 0 0 0 0 0 0 0 0 0 0 0 0 0 0 0 0 0 0 0 0 0 0 0 0 0 0 0 0 0 0 0 0 0 0 0 0 0 0 0 0 0 0 0 0 0 0 0 0 0 0 0 0 0 0 0 0 0 0 0 0 0 0 0 0 0 0 0 0 0 0 0 0 0 0 0 0 0 0 0 0 0 0 0 0 0 0 0 0 0 0 0 0 0 0 0 0 0 0 0 0 0 0 0 0 0 0 0 0 0 0 0 0 0 0 0 0 0 0 0 0 0 0 0 0 0 0 0 0 0 0 0 0 0 0 0 0 0 0 0 0 0 0 0 0 0 0 0 0 0 0 0 0 0 0 0 0 0 0 0 0 0 0 0 0 0 0 0 0 0 0 0 0 0 0 0 0 0 0 0 0 0 0 0 0 0 0 0 0 0 0 0 0 0 0 0 0 0 0 0 0 0 0 0 0 0 0 0 0 0 0 0 0 0 0 0 0 0 0 0 0 0 0 0 0 0 0 0 0 0 0 0 0 0 0 0 0 0 0 0 0 0 0 0 0 0 0 0 0 0 0 0 0 0 0 0 0 0 0 0 0 0 0 0 0 0 0 0 0 0 0 0 0 0 0 0 0 0 0 0 0 0 0 0 0 0 0 0 0 0 0 0 0 0 0 0 0 0 0 0 0 0 0 0 0 0 0 0 0 0 0 0 0 0 0 0 0 0 0 0 0 0 0
ctxt 3198282298
btime 1790630938
processes 208973
procs_running 1
procs_blocked 0
softirq 2782934465 73526 4993086 2751829 2707116309 228331 0 13555821 32564780 410 21650373
## server=swoole workers=8 sockets(server side)=18383 rss_before_kib=181488 rss_with_sockets_kib=281168 per_socket_kib=5
log lines with error/fatal: 0
