      9 php8.5 0-7,16-23
connected 10000, failed 0, in 8.9 s
msg   received       p50       p99     p99.9      last
0        10000    16.3ms    38.0ms    38.4ms    38.4ms
1        10000    13.8ms    32.7ms    33.0ms    33.0ms
2        10000    13.3ms    31.2ms    31.6ms    31.6ms
3        10000    12.7ms    30.5ms    30.8ms    30.8ms
4        10000    13.0ms    30.8ms    31.1ms    31.2ms
5        10000    12.9ms    30.8ms    31.2ms    31.2ms
6        10000    12.8ms    30.7ms    31.0ms    31.0ms
7        10000    12.9ms    30.5ms    30.8ms    30.9ms
still connected at the end: 10000 (closed by the server: 0)
## server-stat
cpu  2114667 821 1097900 21242232 40817 0 489967 0 0 0
cpu0 75550 15 31754 666384 967 0 15452 0 0 0
cpu1 78500 19 32523 665092 770 0 15606 0 0 0
cpu2 78525 15 32452 665821 459 0 15588 0 0 0
cpu3 93423 18 39160 637525 1240 0 21281 0 0 0
cpu4 96442 18 38563 636380 746 0 20900 0 0 0
cpu5 82855 18 33497 659939 506 0 16050 0 0 0
cpu6 82929 16 33734 659440 433 0 16693 0 0 0
cpu7 81384 14 33978 660812 266 0 16665 0 0 0
cpu8 37267 26 31369 691534 1292 0 9125 0 0 0
cpu9 42272 29 33372 677557 3101 0 9741 0 0 0
cpu10 40903 28 32558 682557 1496 0 9680 0 0 0
cpu11 38101 25 30492 693415 940 0 8870 0 0 0
cpu12 62536 100 34619 656411 3762 0 10260 0 0 0
cpu13 60594 32 34997 657495 3428 0 10484 0 0 0
cpu14 37671 23 29802 696889 1065 0 8637 0 0 0
cpu15 35399 25 27688 705105 876 0 7850 0 0 0
cpu16 93092 12 37332 642939 514 0 19523 0 0 0
cpu17 89237 12 36443 647383 1406 0 18713 0 0 0
cpu18 88124 13 36098 650349 318 0 18422 0 0 0
cpu19 105968 13 42335 619670 792 0 23969 0 0 0
cpu20 102961 15 42071 622923 864 0 24177 0 0 0
cpu21 85019 14 35309 653935 699 0 17986 0 0 0
cpu22 81189 16 34394 658612 477 0 17127 0 0 0
cpu23 77273 16 33193 665917 520 0 16198 0 0 0
cpu24 40859 28 31300 691705 1185 0 9518 0 0 0
cpu25 44814 32 34436 676099 2205 0 11196 0 0 0
cpu26 43312 27 33765 680042 1618 0 10855 0 0 0
cpu27 36818 19 30045 682930 1386 0 17324 0 0 0
cpu28 61568 48 38231 637263 2773 0 22537 0 0 0
cpu29 64356 85 39371 630808 2700 0 22858 0 0 0
cpu30 36160 18 31120 678811 1114 0 17135 0 0 0
cpu31 39551 19 31881 690475 885 0 9532 0 0 0
intr 2179713530 126 0 0 0 0 0 0 0 0 1 0 0 0 0 0 0 0 0 0 0 0 0 0 0 0 0 0 1 1 1 0 0 0 0 1 0 1 0 0 75045 0 0 0 0 0 0 0 0 411 0 0 0 0 0 0 0 0 87 0 0 0 0 0 0 0 0 0 0 0 0 0 0 0 224104 2 35006338 34942621 34872043 35008288 0 6655 2596 3160 1688 3285 2757 2123 2746 1665 11109 19603 11210 8827 14484 16025 11710 7864 2932 1917 1669 2928 2397 2085 1721 1709 9393 8588 5958 6426 7774 7230 6879 8427 0 0 0 0 616544 3506 1036 0 264 0 0 0 0 0 0 0 0 0 0 0 0 0 0 0 0 0 0 0 0 0 0 0 0 0 0 0 0 0 0 0 0 0 0 0 0 0 0 0 0 0 0 0 0 0 0 0 0 0 0 0 0 0 0 0 0 0 0 0 0 0 0 0 0 0 0 0 0 0 0 0 0 0 0 0 0 0 0 0 0 0 0 0 0 0 0 0 0 0 0 0 0 0 0 0 0 0 0 0 0 0 0 0 0 0 0 0 0 0 0 0 0 0 0 0 0 0 0 0 0 0 0 0 0 0 0 0 0 0 0 0 0 0 0 0 0 0 0 0 0 0 0 0 0 0 0 0 0 0 0 0 0 0 0 0 0 0 0 0 0 0 0 0 0 0 0 0 0 0 0 0 0 0 0 0 0 0 0 0 0 0 0 0 0 0 0 0 0 0 0 0 0 0 0 0 0 0 0 0 0 0 0 0 0 0 0 0 0 0 0 0 0 0 0 0 0 0 0 0 0 0 0 0 0 0 0 0 0 0 0 0 0 0 0 0 0 0 0 0 0 0 0 0 0 0 0 0 0 0 0 0 0 0 0 0 0 0 0 0 0 0 0 0 0 0 0 0 0 0 0 0 0 0 0 0 0 0 0 0 0 0 0 0 0 0 0 0 0 0 0 0 0 0 0 0 0 0 0 0 0 0 0 0 0 0 0 0 0 0 0 0 0 0 0 0 0 0 0 0 0 0 0 0 0 0 0 0 0 0 0 0 0 0 0 0 0 0 0 0 0 0 0 0 0 0 0 0 0 0 0 0 0 0 0 0 0 0 0 0 0 0 0 0 0 0 0 0 0 0 0 0 0 0 0 0 0 0 0 0 0 0 0 0 0 0 0 0 0 0 0 0 0 0 0 0 0 0 0 0 0 0 0 0 0 0 0 0 0 0 0 0 0 0 0 0 0 0 0 0 0 0 0 0 0 0 0 0 0 0 0 0 0 0 0 0 0 0 0 0 0 0 0 0 0 0 0 0 0 0 0 0 0 0 0 0 0 0 0 0 0 0 0 0 0 0 0 0 0 0 0 0 0 0 0 0 0 0 0 0 0 0 0 0 0 0 0 0 0 0 0 0 0 0 0 0 0 0 0 0 0 0 0 0 0 0 0 0 0 0 0 0 0 0 0 0 0 0 0 0 0 0 0 0 0 0 0 0 0 0 0 0 0 0 0 0 0 0 0 0 0 0 0 0 0 0 0 0 0 0 0 0 0 0 0 0 0 0 0 0 0 0 0 0 0 0 0 0 0 0 0 0 0 0 0 0 0 0 0 0 0 0 0 0 0 0 0 0 0 0 0 0 0 0 0 0 0 0 0 0 0 0 0 0 0 0 0 0 0 0 0 0 0 0 0 0 0 0 0 0 0 0 0 0 0 0 0 0 0 0 0 0 0 0 0 0 0 0 0 0 0 0 0 0 0 0 0 0 0 0 0 0 0 0 0 0 0 0 0 0 0 0 0 0 0 0 0 0 0 0 0 0 0 0 0 0 0 0 0 0 0 0 0 0 0 0 0 0 0 0 0 0 0 0 0 0 0 0 0 0 0 0 0 0 0 0 0 0 0 0 0 0 0 0 0 0 0 0 0 0 0 0 0 0 0 0 0 0 0 0 0 0 0 0 0 0 0 0 0 0 0 0 0 0 0 0 0 0 0 0 0 0 0 0 0 0 0 0 0 0 0 0 0 0 0 0 0 0 0 0 0 0 0 0 0 0 0 0 0 0 0 0 0 0 0 0 0 0 0 0 0 0 0 0 0 0 0 0 0 0 0 0 0 0 0 0 0 0 0 0 0 0 0 0 0 0 0 0 0 0 0 0 0 0 0 0 0 0 0 0 0 0 0 0 0 0 0 0 0 0 0 0 0 0 0 0 0 0 0 0 0 0 0 0 0 0 0 0 0 0 0 0 0 0 0 0 0 0 0 0 0 0 0 0 0 0 0 0 0 0 0 0 0 0 0 0 0 0 0 0 0 0 0 0 0 0 0 0 0 0 0 0 0 0 0 0 0 0 0 0 0 0 0 0 0 0 0 0 0 0 0 0 0 0 0 0 0 0 0 0 0 0 0 0 0 0 0 0 0 0 0 0 0 0 0 0 0 0 0 0 0 0 0 0 0 0 0 0 0 0 0 0 0 0 0 0 0 0 0 0 0 0 0 0 0 0 0 0 0 0 0 0 0 0 0 0 0 0 0 0 0 0 0 0 0 0 0 0 0 0 0 0 0 0 0 0 0 0 0 0 0 0 0 0 0 0 0 0 0 0 0 0 0 0 0 0 0 0 0 0 0 0 0 0 0 0 0 0 0 0 0 0 0 0 0 0 0 0 0 0 0 0 0 0 0 0 0 0 0 0 0 0 0 0 0 0 0 0 0 0 0 0 0 0 0 0 0 0 0 0 0 0 0 0 0 0 0 0 0 0 0 0 0 0 0 0 0 0 0 0 0 0 0
ctxt 3206847428
btime 1790630938
processes 215491
procs_running 1
procs_blocked 0
softirq 2786320352 73526 5145566 2751841 2709654723 234214 0 13555936 32891654 410 22012482
--
cpu  2114736 821 1097931 21267654 40842 0 489982 0 0 0
cpu0 75551 15 31755 667181 967 0 15453 0 0 0
cpu1 78500 19 32523 665890 770 0 15606 0 0 0
cpu2 78525 15 32452 666619 459 0 15588 0 0 0
cpu3 93426 18 39166 638307 1240 0 21289 0 0 0
cpu4 96443 18 38565 637174 746 0 20902 0 0 0
cpu5 82855 18 33497 660737 506 0 16050 0 0 0
cpu6 82929 16 33735 660238 433 0 16693 0 0 0
cpu7 81384 14 33978 661610 266 0 16665 0 0 0
cpu8 37268 26 31370 692330 1293 0 9126 0 0 0
cpu9 42276 29 33374 678349 3101 0 9742 0 0 0
cpu10 40905 28 32559 683353 1496 0 9680 0 0 0
cpu11 38102 25 30493 694209 940 0 8871 0 0 0
cpu12 62564 100 34623 657175 3763 0 10260 0 0 0
cpu13 60611 32 34999 658271 3428 0 10485 0 0 0
cpu14 37672 23 29803 697686 1065 0 8637 0 0 0
cpu15 35399 25 27689 705903 876 0 7851 0 0 0
cpu16 93093 12 37333 643737 514 0 19523 0 0 0
cpu17 89237 12 36445 648181 1406 0 18713 0 0 0
cpu18 88125 13 36099 651148 318 0 18422 0 0 0
cpu19 105969 13 42335 620468 792 0 23969 0 0 0
cpu20 102961 15 42071 623722 864 0 24177 0 0 0
cpu21 85019 14 35309 654733 699 0 17986 0 0 0
cpu22 81189 16 34395 659410 477 0 17127 0 0 0
cpu23 77273 16 33193 666716 520 0 16198 0 0 0
cpu24 40859 28 31300 692504 1185 0 9518 0 0 0
cpu25 44815 32 34437 676872 2228 0 11196 0 0 0
cpu26 43313 27 33766 680840 1618 0 10855 0 0 0
cpu27 36819 19 30045 683728 1386 0 17324 0 0 0
cpu28 61569 48 38232 638062 2773 0 22537 0 0 0
cpu29 64359 85 39372 631603 2700 0 22859 0 0 0
cpu30 36161 18 31121 679608 1114 0 17135 0 0 0
cpu31 39552 19 31881 691273 885 0 9532 0 0 0
intr 2179857959 126 0 0 0 0 0 0 0 0 1 0 0 0 0 0 0 0 0 0 0 0 0 0 0 0 0 0 1 1 1 0 0 0 0 1 0 1 0 0 75045 0 0 0 0 0 0 0 0 411 0 0 0 0 0 0 0 0 87 0 0 0 0 0 0 0 0 0 0 0 0 0 0 0 224415 2 35006436 34942650 34872099 35008352 0 6663 2596 3160 1688 3285 2757 2123 2746 1665 11109 19603 11210 8827 14486 16025 11710 7864 2932 1917 1669 2934 2397 2086 1722 1709 9393 8588 5958 6426 7774 7230 6879 8427 0 0 0 0 616544 3506 1036 0 264 0 0 0 0 0 0 0 0 0 0 0 0 0 0 0 0 0 0 0 0 0 0 0 0 0 0 0 0 0 0 0 0 0 0 0 0 0 0 0 0 0 0 0 0 0 0 0 0 0 0 0 0 0 0 0 0 0 0 0 0 0 0 0 0 0 0 0 0 0 0 0 0 0 0 0 0 0 0 0 0 0 0 0 0 0 0 0 0 0 0 0 0 0 0 0 0 0 0 0 0 0 0 0 0 0 0 0 0 0 0 0 0 0 0 0 0 0 0 0 0 0 0 0 0 0 0 0 0 0 0 0 0 0 0 0 0 0 0 0 0 0 0 0 0 0 0 0 0 0 0 0 0 0 0 0 0 0 0 0 0 0 0 0 0 0 0 0 0 0 0 0 0 0 0 0 0 0 0 0 0 0 0 0 0 0 0 0 0 0 0 0 0 0 0 0 0 0 0 0 0 0 0 0 0 0 0 0 0 0 0 0 0 0 0 0 0 0 0 0 0 0 0 0 0 0 0 0 0 0 0 0 0 0 0 0 0 0 0 0 0 0 0 0 0 0 0 0 0 0 0 0 0 0 0 0 0 0 0 0 0 0 0 0 0 0 0 0 0 0 0 0 0 0 0 0 0 0 0 0 0 0 0 0 0 0 0 0 0 0 0 0 0 0 0 0 0 0 0 0 0 0 0 0 0 0 0 0 0 0 0 0 0 0 0 0 0 0 0 0 0 0 0 0 0 0 0 0 0 0 0 0 0 0 0 0 0 0 0 0 0 0 0 0 0 0 0 0 0 0 0 0 0 0 0 0 0 0 0 0 0 0 0 0 0 0 0 0 0 0 0 0 0 0 0 0 0 0 0 0 0 0 0 0 0 0 0 0 0 0 0 0 0 0 0 0 0 0 0 0 0 0 0 0 0 0 0 0 0 0 0 0 0 0 0 0 0 0 0 0 0 0 0 0 0 0 0 0 0 0 0 0 0 0 0 0 0 0 0 0 0 0 0 0 0 0 0 0 0 0 0 0 0 0 0 0 0 0 0 0 0 0 0 0 0 0 0 0 0 0 0 0 0 0 0 0 0 0 0 0 0 0 0 0 0 0 0 0 0 0 0 0 0 0 0 0 0 0 0 0 0 0 0 0 0 0 0 0 0 0 0 0 0 0 0 0 0 0 0 0 0 0 0 0 0 0 0 0 0 0 0 0 0 0 0 0 0 0 0 0 0 0 0 0 0 0 0 0 0 0 0 0 0 0 0 0 0 0 0 0 0 0 0 0 0 0 0 0 0 0 0 0 0 0 0 0 0 0 0 0 0 0 0 0 0 0 0 0 0 0 0 0 0 0 0 0 0 0 0 0 0 0 0 0 0 0 0 0 0 0 0 0 0 0 0 0 0 0 0 0 0 0 0 0 0 0 0 0 0 0 0 0 0 0 0 0 0 0 0 0 0 0 0 0 0 0 0 0 0 0 0 0 0 0 0 0 0 0 0 0 0 0 0 0 0 0 0 0 0 0 0 0 0 0 0 0 0 0 0 0 0 0 0 0 0 0 0 0 0 0 0 0 0 0 0 0 0 0 0 0 0 0 0 0 0 0 0 0 0 0 0 0 0 0 0 0 0 0 0 0 0 0 0 0 0 0 0 0 0 0 0 0 0 0 0 0 0 0 0 0 0 0 0 0 0 0 0 0 0 0 0 0 0 0 0 0 0 0 0 0 0 0 0 0 0 0 0 0 0 0 0 0 0 0 0 0 0 0 0 0 0 0 0 0 0 0 0 0 0 0 0 0 0 0 0 0 0 0 0 0 0 0 0 0 0 0 0 0 0 0 0 0 0 0 0 0 0 0 0 0 0 0 0 0 0 0 0 0 0 0 0 0 0 0 0 0 0 0 0 0 0 0 0 0 0 0 0 0 0 0 0 0 0 0 0 0 0 0 0 0 0 0 0 0 0 0 0 0 0 0 0 0 0 0 0 0 0 0 0 0 0 0 0 0 0 0 0 0 0 0 0 0 0 0 0 0 0 0 0 0 0 0 0 0 0 0 0 0 0 0 0 0 0 0 0 0 0 0 0 0 0 0 0 0 0 0 0 0 0 0 0 0 0 0 0 0 0 0 0 0 0 0 0 0 0 0 0 0 0 0 0 0 0 0 0 0 0 0 0 0 0 0 0 0 0 0 0 0 0 0 0 0 0 0 0 0 0 0 0 0 0 0 0 0 0 0 0 0 0 0 0 0 0 0 0 0 0 0 0 0 0 0 0 0 0 0 0 0 0 0 0 0 0 0 0 0 0 0 0 0 0 0 0 0 0 0 0 0 0 0 0 0 0 0 0 0 0 0 0 0 0 0 0 0 0 0 0 0 0 0 0 0 0 0 0 0 0 0 0 0 0 0 0 0 0 0 0 0 0 0 0 0 0 0 0 0 0 0 0 0 0 0 0 0 0 0 0 0 0 0 0 0 0 0 0 0 0 0 0 0 0 0 0
ctxt 3207063285
btime 1790630938
processes 215748
procs_running 1
procs_blocked 0
softirq 2786384803 73526 5149416 2751841 2709697703 234545 0 13555938 32899716 410 22021708
## server=openswoole workers=8 sockets(server side)=9485 rss_before_kib=156432 rss_with_sockets_kib=215540 per_socket_kib=6
log lines with error/fatal: 0
