      9 php8.5 0-7,16-23
connected 8112, failed 0, in 40.0 s
publish: Post "http://127.0.0.1:18400/publish": context deadline exceeded (Client.Timeout exceeded while awaiting headers)
publish: Post "http://127.0.0.1:18400/publish": context deadline exceeded (Client.Timeout exceeded while awaiting headers)
publish: Post "http://127.0.0.1:18400/publish": context deadline exceeded (Client.Timeout exceeded while awaiting headers)
publish: Post "http://127.0.0.1:18400/publish": context deadline exceeded (Client.Timeout exceeded while awaiting headers)
publish: Post "http://127.0.0.1:18400/publish": context deadline exceeded (Client.Timeout exceeded while awaiting headers)
publish: Post "http://127.0.0.1:18400/publish": context deadline exceeded (Client.Timeout exceeded while awaiting headers)
publish: Post "http://127.0.0.1:18400/publish": context deadline exceeded (Client.Timeout exceeded while awaiting headers)
publish: Post "http://127.0.0.1:18400/publish": context deadline exceeded (Client.Timeout exceeded while awaiting headers)
msg   received       p50       p99     p99.9      last
0            0
1            0
2            0
3            0
4            0
5            0
6            0
7            0
still connected at the end: 8112 (closed by the server: 0)
## server-stat
cpu  2115482 826 1098365 21423173 40967 0 490072 0 0 0
cpu0 75578 15 31781 672022 968 0 15464 0 0 0
cpu1 78515 19 32540 670760 770 0 15612 0 0 0
cpu2 78539 16 32467 671489 459 0 15595 0 0 0
cpu3 93492 18 39220 643085 1240 0 21298 0 0 0
cpu4 96503 18 38612 641967 747 0 20911 0 0 0
cpu5 82872 18 33516 665602 506 0 16053 0 0 0
cpu6 82940 16 33744 665121 433 0 16695 0 0 0
cpu7 81389 14 33982 666503 266 0 16668 0 0 0
cpu8 37280 26 31378 697204 1295 0 9128 0 0 0
cpu9 42295 29 33391 683204 3109 0 9745 0 0 0
cpu10 40917 28 32568 688230 1497 0 9682 0 0 0
cpu11 38108 25 30501 699094 940 0 8872 0 0 0
cpu12 62664 100 34648 661926 3778 0 10264 0 0 0
cpu13 60708 32 35023 663020 3450 0 10489 0 0 0
cpu14 37683 23 29810 702543 1091 0 8638 0 0 0
cpu15 35408 25 27697 710786 876 0 7851 0 0 0
cpu16 93103 12 37340 648622 514 0 19526 0 0 0
cpu17 89245 13 36451 653070 1406 0 18716 0 0 0
cpu18 88128 13 36102 656045 318 0 18422 0 0 0
cpu19 106005 13 42361 625308 795 0 23973 0 0 0
cpu20 102975 15 42082 628601 864 0 24178 0 0 0
cpu21 85025 14 35312 659628 699 0 17986 0 0 0
cpu22 81192 16 34398 664310 477 0 17128 0 0 0
cpu23 77279 16 33199 671610 520 0 16198 0 0 0
cpu24 40868 28 31306 697363 1216 0 9519 0 0 0
cpu25 44827 32 34448 681738 2242 0 11197 0 0 0
cpu26 43322 27 33772 685727 1618 0 10856 0 0 0
cpu27 36827 19 30052 688614 1387 0 17324 0 0 0
cpu28 61643 48 38246 642871 2773 0 22539 0 0 0
cpu29 64412 85 39385 636434 2700 0 22862 0 0 0
cpu30 36167 18 31129 684498 1114 0 17136 0 0 0
cpu31 39558 19 31888 696164 885 0 9533 0 0 0
intr 2180629857 126 0 0 0 0 0 0 0 0 1 0 0 0 0 0 0 0 0 0 0 0 0 0 0 0 0 0 1 1 1 0 0 0 0 1 0 1 0 0 75045 0 0 0 0 0 0 0 0 411 0 0 0 0 0 0 0 0 87 0 0 0 0 0 0 0 0 0 0 0 0 0 0 0 225468 2 35006717 34942972 34872640 35008630 0 6703 2599 3160 1688 3287 2758 2123 2746 1665 11110 19603 11210 8827 14492 16026 11712 7864 2935 1918 1669 2967 2397 2090 1722 1709 9393 8599 5958 6427 7894 7232 6879 8429 0 0 0 0 616548 3516 1036 0 264 0 0 0 0 0 0 0 0 0 0 0 0 0 0 0 0 0 0 0 0 0 0 0 0 0 0 0 0 0 0 0 0 0 0 0 0 0 0 0 0 0 0 0 0 0 0 0 0 0 0 0 0 0 0 0 0 0 0 0 0 0 0 0 0 0 0 0 0 0 0 0 0 0 0 0 0 0 0 0 0 0 0 0 0 0 0 0 0 0 0 0 0 0 0 0 0 0 0 0 0 0 0 0 0 0 0 0 0 0 0 0 0 0 0 0 0 0 0 0 0 0 0 0 0 0 0 0 0 0 0 0 0 0 0 0 0 0 0 0 0 0 0 0 0 0 0 0 0 0 0 0 0 0 0 0 0 0 0 0 0 0 0 0 0 0 0 0 0 0 0 0 0 0 0 0 0 0 0 0 0 0 0 0 0 0 0 0 0 0 0 0 0 0 0 0 0 0 0 0 0 0 0 0 0 0 0 0 0 0 0 0 0 0 0 0 0 0 0 0 0 0 0 0 0 0 0 0 0 0 0 0 0 0 0 0 0 0 0 0 0 0 0 0 0 0 0 0 0 0 0 0 0 0 0 0 0 0 0 0 0 0 0 0 0 0 0 0 0 0 0 0 0 0 0 0 0 0 0 0 0 0 0 0 0 0 0 0 0 0 0 0 0 0 0 0 0 0 0 0 0 0 0 0 0 0 0 0 0 0 0 0 0 0 0 0 0 0 0 0 0 0 0 0 0 0 0 0 0 0 0 0 0 0 0 0 0 0 0 0 0 0 0 0 0 0 0 0 0 0 0 0 0 0 0 0 0 0 0 0 0 0 0 0 0 0 0 0 0 0 0 0 0 0 0 0 0 0 0 0 0 0 0 0 0 0 0 0 0 0 0 0 0 0 0 0 0 0 0 0 0 0 0 0 0 0 0 0 0 0 0 0 0 0 0 0 0 0 0 0 0 0 0 0 0 0 0 0 0 0 0 0 0 0 0 0 0 0 0 0 0 0 0 0 0 0 0 0 0 0 0 0 0 0 0 0 0 0 0 0 0 0 0 0 0 0 0 0 0 0 0 0 0 0 0 0 0 0 0 0 0 0 0 0 0 0 0 0 0 0 0 0 0 0 0 0 0 0 0 0 0 0 0 0 0 0 0 0 0 0 0 0 0 0 0 0 0 0 0 0 0 0 0 0 0 0 0 0 0 0 0 0 0 0 0 0 0 0 0 0 0 0 0 0 0 0 0 0 0 0 0 0 0 0 0 0 0 0 0 0 0 0 0 0 0 0 0 0 0 0 0 0 0 0 0 0 0 0 0 0 0 0 0 0 0 0 0 0 0 0 0 0 0 0 0 0 0 0 0 0 0 0 0 0 0 0 0 0 0 0 0 0 0 0 0 0 0 0 0 0 0 0 0 0 0 0 0 0 0 0 0 0 0 0 0 0 0 0 0 0 0 0 0 0 0 0 0 0 0 0 0 0 0 0 0 0 0 0 0 0 0 0 0 0 0 0 0 0 0 0 0 0 0 0 0 0 0 0 0 0 0 0 0 0 0 0 0 0 0 0 0 0 0 0 0 0 0 0 0 0 0 0 0 0 0 0 0 0 0 0 0 0 0 0 0 0 0 0 0 0 0 0 0 0 0 0 0 0 0 0 0 0 0 0 0 0 0 0 0 0 0 0 0 0 0 0 0 0 0 0 0 0 0 0 0 0 0 0 0 0 0 0 0 0 0 0 0 0 0 0 0 0 0 0 0 0 0 0 0 0 0 0 0 0 0 0 0 0 0 0 0 0 0 0 0 0 0 0 0 0 0 0 0 0 0 0 0 0 0 0 0 0 0 0 0 0 0 0 0 0 0 0 0 0 0 0 0 0 0 0 0 0 0 0 0 0 0 0 0 0 0 0 0 0 0 0 0 0 0 0 0 0 0 0 0 0 0 0 0 0 0 0 0 0 0 0 0 0 0 0 0 0 0 0 0 0 0 0 0 0 0 0 0 0 0 0 0 0 0 0 0 0 0 0 0 0 0 0 0 0 0 0 0 0 0 0 0 0 0 0 0 0 0 0 0 0 0 0 0 0 0 0 0 0 0 0 0 0 0 0 0 0 0 0 0 0 0 0 0 0 0 0 0 0 0 0 0 0 0 0 0 0 0 0 0 0 0 0 0 0 0 0 0 0 0 0 0 0 0 0 0 0 0 0 0 0 0 0 0 0 0 0 0 0 0 0 0 0 0 0 0 0 0 0 0 0 0 0 0 0 0 0 0 0 0 0 0 0 0 0 0 0 0 0 0 0 0 0 0 0 0 0 0 0 0 0 0 0 0 0 0 0 0 0 0 0 0 0 0 0 0 0 0 0 0 0 0 0 0 0 0 0 0 0 0 0 0 0 0 0 0 0 0 0 0 0 0 0 0 0 0 0 0 0 0 0 0 0 0 0 0 0 0 0 0 0 0 0 0 0 0 0 0 0 0 0 0 0 0 0 0 0 0
ctxt 3208166698
btime 1790630938
processes 217306
procs_running 1
procs_blocked 0
softirq 2786794608 73526 5175577 2751846 2709972506 235667 0 13555987 32950610 410 22078479
--
cpu  2115584 826 1098430 21448525 41000 0 490083 0 0 0
cpu0 75580 15 31784 672814 968 0 15465 0 0 0
cpu1 78516 19 32541 671556 770 0 15612 0 0 0
cpu2 78541 16 32469 672285 459 0 15595 0 0 0
cpu3 93501 18 39233 643861 1240 0 21298 0 0 0
cpu4 96509 18 38618 642754 747 0 20911 0 0 0
cpu5 82874 18 33519 666398 506 0 16053 0 0 0
cpu6 82941 16 33745 665918 433 0 16696 0 0 0
cpu7 81390 14 33983 667302 266 0 16668 0 0 0
cpu8 37281 26 31379 697999 1295 0 9128 0 0 0
cpu9 42297 29 33392 683996 3109 0 9745 0 0 0
cpu10 40919 28 32571 689020 1497 0 9684 0 0 0
cpu11 38109 25 30502 699890 940 0 8873 0 0 0
cpu12 62697 100 34655 662669 3791 0 10265 0 0 0
cpu13 60730 32 35029 663789 3450 0 10490 0 0 0
cpu14 37685 23 29812 703337 1091 0 8639 0 0 0
cpu15 35409 25 27698 711582 876 0 7851 0 0 0
cpu16 93103 12 37340 649421 514 0 19526 0 0 0
cpu17 89246 13 36451 653868 1406 0 18717 0 0 0
cpu18 88128 13 36103 656844 318 0 18422 0 0 0
cpu19 106012 13 42369 626092 795 0 23973 0 0 0
cpu20 102976 15 42082 629400 864 0 24178 0 0 0
cpu21 85026 14 35312 660426 699 0 17986 0 0 0
cpu22 81192 16 34399 665108 477 0 17128 0 0 0
cpu23 77279 16 33199 672408 520 0 16198 0 0 0
cpu24 40868 28 31308 698160 1216 0 9520 0 0 0
cpu25 44827 32 34448 682519 2260 0 11197 0 0 0
cpu26 43323 27 33773 686525 1618 0 10856 0 0 0
cpu27 36828 19 30053 689412 1387 0 17324 0 0 0
cpu28 61644 48 38247 643667 2773 0 22540 0 0 0
cpu29 64413 85 39386 637232 2700 0 22862 0 0 0
cpu30 36168 18 31129 685296 1114 0 17136 0 0 0
cpu31 39558 19 31889 696962 885 0 9533 0 0 0
intr 2180751378 126 0 0 0 0 0 0 0 0 1 0 0 0 0 0 0 0 0 0 0 0 0 0 0 0 0 0 1 1 1 0 0 0 0 1 0 1 0 0 75045 0 0 0 0 0 0 0 0 411 0 0 0 0 0 0 0 0 87 0 0 0 0 0 0 0 0 0 0 0 0 0 0 0 225706 2 35006771 34943047 34872725 35008639 0 6708 2599 3160 1688 3287 2758 2123 2746 1665 11111 19603 11210 8827 14492 16026 11712 7865 2935 1918 1669 2970 2397 2090 1722 1709 9393 8608 5958 6427 7896 7232 6881 8429 0 0 0 0 616548 3519 1036 0 264 0 0 0 0 0 0 0 0 0 0 0 0 0 0 0 0 0 0 0 0 0 0 0 0 0 0 0 0 0 0 0 0 0 0 0 0 0 0 0 0 0 0 0 0 0 0 0 0 0 0 0 0 0 0 0 0 0 0 0 0 0 0 0 0 0 0 0 0 0 0 0 0 0 0 0 0 0 0 0 0 0 0 0 0 0 0 0 0 0 0 0 0 0 0 0 0 0 0 0 0 0 0 0 0 0 0 0 0 0 0 0 0 0 0 0 0 0 0 0 0 0 0 0 0 0 0 0 0 0 0 0 0 0 0 0 0 0 0 0 0 0 0 0 0 0 0 0 0 0 0 0 0 0 0 0 0 0 0 0 0 0 0 0 0 0 0 0 0 0 0 0 0 0 0 0 0 0 0 0 0 0 0 0 0 0 0 0 0 0 0 0 0 0 0 0 0 0 0 0 0 0 0 0 0 0 0 0 0 0 0 0 0 0 0 0 0 0 0 0 0 0 0 0 0 0 0 0 0 0 0 0 0 0 0 0 0 0 0 0 0 0 0 0 0 0 0 0 0 0 0 0 0 0 0 0 0 0 0 0 0 0 0 0 0 0 0 0 0 0 0 0 0 0 0 0 0 0 0 0 0 0 0 0 0 0 0 0 0 0 0 0 0 0 0 0 0 0 0 0 0 0 0 0 0 0 0 0 0 0 0 0 0 0 0 0 0 0 0 0 0 0 0 0 0 0 0 0 0 0 0 0 0 0 0 0 0 0 0 0 0 0 0 0 0 0 0 0 0 0 0 0 0 0 0 0 0 0 0 0 0 0 0 0 0 0 0 0 0 0 0 0 0 0 0 0 0 0 0 0 0 0 0 0 0 0 0 0 0 0 0 0 0 0 0 0 0 0 0 0 0 0 0 0 0 0 0 0 0 0 0 0 0 0 0 0 0 0 0 0 0 0 0 0 0 0 0 0 0 0 0 0 0 0 0 0 0 0 0 0 0 0 0 0 0 0 0 0 0 0 0 0 0 0 0 0 0 0 0 0 0 0 0 0 0 0 0 0 0 0 0 0 0 0 0 0 0 0 0 0 0 0 0 0 0 0 0 0 0 0 0 0 0 0 0 0 0 0 0 0 0 0 0 0 0 0 0 0 0 0 0 0 0 0 0 0 0 0 0 0 0 0 0 0 0 0 0 0 0 0 0 0 0 0 0 0 0 0 0 0 0 0 0 0 0 0 0 0 0 0 0 0 0 0 0 0 0 0 0 0 0 0 0 0 0 0 0 0 0 0 0 0 0 0 0 0 0 0 0 0 0 0 0 0 0 0 0 0 0 0 0 0 0 0 0 0 0 0 0 0 0 0 0 0 0 0 0 0 0 0 0 0 0 0 0 0 0 0 0 0 0 0 0 0 0 0 0 0 0 0 0 0 0 0 0 0 0 0 0 0 0 0 0 0 0 0 0 0 0 0 0 0 0 0 0 0 0 0 0 0 0 0 0 0 0 0 0 0 0 0 0 0 0 0 0 0 0 0 0 0 0 0 0 0 0 0 0 0 0 0 0 0 0 0 0 0 0 0 0 0 0 0 0 0 0 0 0 0 0 0 0 0 0 0 0 0 0 0 0 0 0 0 0 0 0 0 0 0 0 0 0 0 0 0 0 0 0 0 0 0 0 0 0 0 0 0 0 0 0 0 0 0 0 0 0 0 0 0 0 0 0 0 0 0 0 0 0 0 0 0 0 0 0 0 0 0 0 0 0 0 0 0 0 0 0 0 0 0 0 0 0 0 0 0 0 0 0 0 0 0 0 0 0 0 0 0 0 0 0 0 0 0 0 0 0 0 0 0 0 0 0 0 0 0 0 0 0 0 0 0 0 0 0 0 0 0 0 0 0 0 0 0 0 0 0 0 0 0 0 0 0 0 0 0 0 0 0 0 0 0 0 0 0 0 0 0 0 0 0 0 0 0 0 0 0 0 0 0 0 0 0 0 0 0 0 0 0 0 0 0 0 0 0 0 0 0 0 0 0 0 0 0 0 0 0 0 0 0 0 0 0 0 0 0 0 0 0 0 0 0 0 0 0 0 0 0 0 0 0 0 0 0 0 0 0 0 0 0 0 0 0 0 0 0 0 0 0 0 0 0 0 0 0 0 0 0 0 0 0 0 0 0 0 0 0 0 0 0 0 0 0 0 0 0 0 0 0 0 0 0 0 0 0 0 0 0 0 0 0 0 0 0 0 0 0 0 0 0 0 0 0 0 0 0 0 0 0 0 0 0 0 0 0 0 0 0 0 0 0 0 0 0 0 0 0 0 0 0 0 0 0 0 0 0 0 0 0 0 0 0 0 0 0 0 0 0 0 0 0 0 0 0 0 0 0 0 0 0 0 0 0 0 0 0 0 0 0 0 0 0 0 0 0 0 0 0 0 0 0 0 0 0 0 0 0 0 0 0 0 0 0 0 0 0 0 0 0 0 0 0 0 0 0
ctxt 3208342309
btime 1790630938
processes 217552
procs_running 1
procs_blocked 0
softirq 2786860250 73526 5181160 2751846 2710014526 235919 0 13555998 32959305 410 22087560
## server=swerve workers=8 sockets(server side)=20671 rss_before_kib=188028 rss_with_sockets_kib=768316 per_socket_kib=28
log lines with error/fatal: 0
