      9 php8.5 0-7,16-23
connected 10000, failed 0, in 7.5 s
msg   received       p50       p99     p99.9      last
0        10000     9.6ms    14.3ms    14.5ms    14.6ms
1        10000     7.6ms    11.8ms    12.3ms    12.3ms
2        10000     6.8ms    10.6ms    11.1ms    11.2ms
3        10000     7.1ms    11.1ms    11.5ms    11.5ms
4        10000     6.9ms    10.9ms    11.1ms    11.2ms
5        10000     6.4ms     9.6ms     9.9ms     9.9ms
6        10000     6.8ms    10.5ms    10.7ms    10.7ms
7        10000     7.4ms    11.5ms    12.0ms    12.1ms
still connected at the end: 10000 (closed by the server: 0)
## server-stat
cpu  2114004 816 1097585 21056866 40661 0 489864 0 0 0
cpu0 75533 15 31744 660588 967 0 15438 0 0 0
cpu1 78495 19 32515 659273 769 0 15604 0 0 0
cpu2 78519 15 32445 660003 459 0 15587 0 0 0
cpu3 93409 18 39146 631729 1240 0 21278 0 0 0
cpu4 96425 17 38548 630586 746 0 20895 0 0 0
cpu5 82846 18 33491 654124 506 0 16046 0 0 0
cpu6 82918 16 33727 653626 433 0 16690 0 0 0
cpu7 81377 13 33973 654995 266 0 16662 0 0 0
cpu8 37254 26 31358 685733 1291 0 9122 0 0 0
cpu9 42250 29 33355 671770 3101 0 9739 0 0 0
cpu10 40888 28 32544 676762 1496 0 9676 0 0 0
cpu11 38092 24 30485 687600 940 0 8869 0 0 0
cpu12 62415 100 34594 650745 3757 0 10255 0 0 0
cpu13 60489 32 34974 651831 3411 0 10478 0 0 0
cpu14 37660 23 29792 691082 1065 0 8634 0 0 0
cpu15 35390 25 27678 699293 876 0 7849 0 0 0
cpu16 93087 11 37327 637119 513 0 19521 0 0 0
cpu17 89227 12 36436 641574 1405 0 18709 0 0 0
cpu18 88117 12 36093 644531 318 0 18420 0 0 0
cpu19 105948 13 42311 613908 790 0 23948 0 0 0
cpu20 102957 15 42068 617099 864 0 24177 0 0 0
cpu21 85016 13 35307 648109 697 0 17985 0 0 0
cpu22 81188 16 34392 652781 477 0 17127 0 0 0
cpu23 77270 16 33190 660090 520 0 16197 0 0 0
cpu24 40851 28 31290 685890 1185 0 9517 0 0 0
cpu25 44805 32 34430 670388 2098 0 11195 0 0 0
cpu26 43302 27 33759 674232 1616 0 10853 0 0 0
cpu27 36809 19 30040 677124 1373 0 17323 0 0 0
cpu28 61488 48 38220 631530 2772 0 22535 0 0 0
cpu29 64272 85 39352 625088 2697 0 22853 0 0 0
cpu30 36152 18 31115 672992 1114 0 17134 0 0 0
cpu31 39543 19 31874 684656 885 0 9531 0 0 0
intr 2178759826 126 0 0 0 0 0 0 0 0 1 0 0 0 0 0 0 0 0 0 0 0 0 0 0 0 0 0 1 1 1 0 0 0 0 1 0 1 0 0 75045 0 0 0 0 0 0 0 0 411 0 0 0 0 0 0 0 0 87 0 0 0 0 0 0 0 0 0 0 0 0 0 0 0 223029 2 35005804 34942176 34871487 35008032 0 6610 2596 3158 1686 3283 2720 2123 2746 1665 11038 19600 11205 8827 14477 16021 11709 7864 2927 1914 1668 2903 2329 2051 1720 1708 9393 8572 5958 6426 7771 7227 6762 8427 0 0 0 0 616540 3503 1036 0 264 0 0 0 0 0 0 0 0 0 0 0 0 0 0 0 0 0 0 0 0 0 0 0 0 0 0 0 0 0 0 0 0 0 0 0 0 0 0 0 0 0 0 0 0 0 0 0 0 0 0 0 0 0 0 0 0 0 0 0 0 0 0 0 0 0 0 0 0 0 0 0 0 0 0 0 0 0 0 0 0 0 0 0 0 0 0 0 0 0 0 0 0 0 0 0 0 0 0 0 0 0 0 0 0 0 0 0 0 0 0 0 0 0 0 0 0 0 0 0 0 0 0 0 0 0 0 0 0 0 0 0 0 0 0 0 0 0 0 0 0 0 0 0 0 0 0 0 0 0 0 0 0 0 0 0 0 0 0 0 0 0 0 0 0 0 0 0 0 0 0 0 0 0 0 0 0 0 0 0 0 0 0 0 0 0 0 0 0 0 0 0 0 0 0 0 0 0 0 0 0 0 0 0 0 0 0 0 0 0 0 0 0 0 0 0 0 0 0 0 0 0 0 0 0 0 0 0 0 0 0 0 0 0 0 0 0 0 0 0 0 0 0 0 0 0 0 0 0 0 0 0 0 0 0 0 0 0 0 0 0 0 0 0 0 0 0 0 0 0 0 0 0 0 0 0 0 0 0 0 0 0 0 0 0 0 0 0 0 0 0 0 0 0 0 0 0 0 0 0 0 0 0 0 0 0 0 0 0 0 0 0 0 0 0 0 0 0 0 0 0 0 0 0 0 0 0 0 0 0 0 0 0 0 0 0 0 0 0 0 0 0 0 0 0 0 0 0 0 0 0 0 0 0 0 0 0 0 0 0 0 0 0 0 0 0 0 0 0 0 0 0 0 0 0 0 0 0 0 0 0 0 0 0 0 0 0 0 0 0 0 0 0 0 0 0 0 0 0 0 0 0 0 0 0 0 0 0 0 0 0 0 0 0 0 0 0 0 0 0 0 0 0 0 0 0 0 0 0 0 0 0 0 0 0 0 0 0 0 0 0 0 0 0 0 0 0 0 0 0 0 0 0 0 0 0 0 0 0 0 0 0 0 0 0 0 0 0 0 0 0 0 0 0 0 0 0 0 0 0 0 0 0 0 0 0 0 0 0 0 0 0 0 0 0 0 0 0 0 0 0 0 0 0 0 0 0 0 0 0 0 0 0 0 0 0 0 0 0 0 0 0 0 0 0 0 0 0 0 0 0 0 0 0 0 0 0 0 0 0 0 0 0 0 0 0 0 0 0 0 0 0 0 0 0 0 0 0 0 0 0 0 0 0 0 0 0 0 0 0 0 0 0 0 0 0 0 0 0 0 0 0 0 0 0 0 0 0 0 0 0 0 0 0 0 0 0 0 0 0 0 0 0 0 0 0 0 0 0 0 0 0 0 0 0 0 0 0 0 0 0 0 0 0 0 0 0 0 0 0 0 0 0 0 0 0 0 0 0 0 0 0 0 0 0 0 0 0 0 0 0 0 0 0 0 0 0 0 0 0 0 0 0 0 0 0 0 0 0 0 0 0 0 0 0 0 0 0 0 0 0 0 0 0 0 0 0 0 0 0 0 0 0 0 0 0 0 0 0 0 0 0 0 0 0 0 0 0 0 0 0 0 0 0 0 0 0 0 0 0 0 0 0 0 0 0 0 0 0 0 0 0 0 0 0 0 0 0 0 0 0 0 0 0 0 0 0 0 0 0 0 0 0 0 0 0 0 0 0 0 0 0 0 0 0 0 0 0 0 0 0 0 0 0 0 0 0 0 0 0 0 0 0 0 0 0 0 0 0 0 0 0 0 0 0 0 0 0 0 0 0 0 0 0 0 0 0 0 0 0 0 0 0 0 0 0 0 0 0 0 0 0 0 0 0 0 0 0 0 0 0 0 0 0 0 0 0 0 0 0 0 0 0 0 0 0 0 0 0 0 0 0 0 0 0 0 0 0 0 0 0 0 0 0 0 0 0 0 0 0 0 0 0 0 0 0 0 0 0 0 0 0 0 0 0 0 0 0 0 0 0 0 0 0 0 0 0 0 0 0 0 0 0 0 0 0 0 0 0 0 0 0 0 0 0 0 0 0 0 0 0 0 0 0 0 0 0 0 0 0 0 0 0 0 0 0 0 0 0 0 0 0 0 0 0 0 0 0 0 0 0 0 0 0 0 0 0 0 0 0 0 0 0 0 0 0 0 0 0 0 0 0 0 0 0 0 0 0 0 0 0 0 0 0 0 0 0 0 0 0 0 0 0 0 0 0 0 0 0 0 0 0 0 0 0 0 0 0 0 0 0 0 0 0 0 0 0 0 0 0 0 0 0 0 0 0 0 0 0 0 0 0 0 0 0 0 0 0 0 0 0 0 0 0 0 0 0 0 0 0 0 0 0 0 0 0 0 0 0 0 0 0 0 0 0 0 0 0 0 0 0 0 0 0 0 0 0 0 0 0 0 0 0 0 0 0 0 0 0 0 0 0 0 0 0 0 0 0 0 0 0 0 0
ctxt 3205505223
btime 1790630938
processes 213493
procs_running 2
procs_blocked 0
softirq 2785862092 73526 5118479 2751837 2709355979 233058 0 13555905 32831725 410 21941173
--
cpu  2114110 817 1097634 21082242 40685 0 489879 0 0 0
cpu0 75538 15 31746 661380 967 0 15441 0 0 0
cpu1 78496 19 32517 660070 770 0 15604 0 0 0
cpu2 78520 15 32446 660800 459 0 15587 0 0 0
cpu3 93414 18 39149 632520 1240 0 21278 0 0 0
cpu4 96432 17 38551 631375 746 0 20896 0 0 0
cpu5 82848 18 33492 654920 506 0 16047 0 0 0
cpu6 82920 16 33729 654421 433 0 16691 0 0 0
cpu7 81379 13 33974 655789 266 0 16664 0 0 0
cpu8 37256 26 31359 686529 1291 0 9123 0 0 0
cpu9 42251 29 33357 672564 3101 0 9739 0 0 0
cpu10 40889 28 32545 677558 1496 0 9676 0 0 0
cpu11 38093 24 30487 688395 940 0 8869 0 0 0
cpu12 62421 100 34598 651529 3760 0 10255 0 0 0
cpu13 60509 32 34977 652606 3411 0 10478 0 0 0
cpu14 37661 23 29792 691878 1065 0 8635 0 0 0
cpu15 35391 25 27680 700089 876 0 7849 0 0 0
cpu16 93088 11 37327 637916 514 0 19522 0 0 0
cpu17 89230 12 36437 642368 1405 0 18711 0 0 0
cpu18 88119 12 36094 645327 318 0 18421 0 0 0
cpu19 105952 13 42313 614698 790 0 23949 0 0 0
cpu20 102957 15 42068 617898 864 0 24177 0 0 0
cpu21 85017 13 35307 648908 697 0 17985 0 0 0
cpu22 81188 16 34392 653581 477 0 17127 0 0 0
cpu23 77270 16 33190 660889 520 0 16197 0 0 0
cpu24 40853 28 31291 686686 1185 0 9517 0 0 0
cpu25 44806 32 34432 671167 2115 0 11195 0 0 0
cpu26 43303 27 33759 675028 1616 0 10853 0 0 0
cpu27 36810 19 30040 677920 1374 0 17323 0 0 0
cpu28 61500 48 38222 632313 2772 0 22535 0 0 0
cpu29 64288 85 39355 625866 2699 0 22853 0 0 0
cpu30 36153 18 31116 673788 1114 0 17135 0 0 0
cpu31 39545 19 31877 685451 885 0 9531 0 0 0
intr 2178870782 126 0 0 0 0 0 0 0 0 1 0 0 0 0 0 0 0 0 0 0 0 0 0 0 0 0 0 1 1 1 0 0 0 0 1 0 1 0 0 75045 0 0 0 0 0 0 0 0 411 0 0 0 0 0 0 0 0 87 0 0 0 0 0 0 0 0 0 0 0 0 0 0 0 223152 2 35005845 34942260 34871581 35008073 0 6614 2596 3158 1686 3283 2720 2123 2746 1665 11038 19600 11205 8827 14477 16021 11709 7864 2928 1914 1669 2909 2329 2051 1720 1708 9393 8572 5958 6426 7771 7227 6762 8427 0 0 0 0 616540 3503 1036 0 264 0 0 0 0 0 0 0 0 0 0 0 0 0 0 0 0 0 0 0 0 0 0 0 0 0 0 0 0 0 0 0 0 0 0 0 0 0 0 0 0 0 0 0 0 0 0 0 0 0 0 0 0 0 0 0 0 0 0 0 0 0 0 0 0 0 0 0 0 0 0 0 0 0 0 0 0 0 0 0 0 0 0 0 0 0 0 0 0 0 0 0 0 0 0 0 0 0 0 0 0 0 0 0 0 0 0 0 0 0 0 0 0 0 0 0 0 0 0 0 0 0 0 0 0 0 0 0 0 0 0 0 0 0 0 0 0 0 0 0 0 0 0 0 0 0 0 0 0 0 0 0 0 0 0 0 0 0 0 0 0 0 0 0 0 0 0 0 0 0 0 0 0 0 0 0 0 0 0 0 0 0 0 0 0 0 0 0 0 0 0 0 0 0 0 0 0 0 0 0 0 0 0 0 0 0 0 0 0 0 0 0 0 0 0 0 0 0 0 0 0 0 0 0 0 0 0 0 0 0 0 0 0 0 0 0 0 0 0 0 0 0 0 0 0 0 0 0 0 0 0 0 0 0 0 0 0 0 0 0 0 0 0 0 0 0 0 0 0 0 0 0 0 0 0 0 0 0 0 0 0 0 0 0 0 0 0 0 0 0 0 0 0 0 0 0 0 0 0 0 0 0 0 0 0 0 0 0 0 0 0 0 0 0 0 0 0 0 0 0 0 0 0 0 0 0 0 0 0 0 0 0 0 0 0 0 0 0 0 0 0 0 0 0 0 0 0 0 0 0 0 0 0 0 0 0 0 0 0 0 0 0 0 0 0 0 0 0 0 0 0 0 0 0 0 0 0 0 0 0 0 0 0 0 0 0 0 0 0 0 0 0 0 0 0 0 0 0 0 0 0 0 0 0 0 0 0 0 0 0 0 0 0 0 0 0 0 0 0 0 0 0 0 0 0 0 0 0 0 0 0 0 0 0 0 0 0 0 0 0 0 0 0 0 0 0 0 0 0 0 0 0 0 0 0 0 0 0 0 0 0 0 0 0 0 0 0 0 0 0 0 0 0 0 0 0 0 0 0 0 0 0 0 0 0 0 0 0 0 0 0 0 0 0 0 0 0 0 0 0 0 0 0 0 0 0 0 0 0 0 0 0 0 0 0 0 0 0 0 0 0 0 0 0 0 0 0 0 0 0 0 0 0 0 0 0 0 0 0 0 0 0 0 0 0 0 0 0 0 0 0 0 0 0 0 0 0 0 0 0 0 0 0 0 0 0 0 0 0 0 0 0 0 0 0 0 0 0 0 0 0 0 0 0 0 0 0 0 0 0 0 0 0 0 0 0 0 0 0 0 0 0 0 0 0 0 0 0 0 0 0 0 0 0 0 0 0 0 0 0 0 0 0 0 0 0 0 0 0 0 0 0 0 0 0 0 0 0 0 0 0 0 0 0 0 0 0 0 0 0 0 0 0 0 0 0 0 0 0 0 0 0 0 0 0 0 0 0 0 0 0 0 0 0 0 0 0 0 0 0 0 0 0 0 0 0 0 0 0 0 0 0 0 0 0 0 0 0 0 0 0 0 0 0 0 0 0 0 0 0 0 0 0 0 0 0 0 0 0 0 0 0 0 0 0 0 0 0 0 0 0 0 0 0 0 0 0 0 0 0 0 0 0 0 0 0 0 0 0 0 0 0 0 0 0 0 0 0 0 0 0 0 0 0 0 0 0 0 0 0 0 0 0 0 0 0 0 0 0 0 0 0 0 0 0 0 0 0 0 0 0 0 0 0 0 0 0 0 0 0 0 0 0 0 0 0 0 0 0 0 0 0 0 0 0 0 0 0 0 0 0 0 0 0 0 0 0 0 0 0 0 0 0 0 0 0 0 0 0 0 0 0 0 0 0 0 0 0 0 0 0 0 0 0 0 0 0 0 0 0 0 0 0 0 0 0 0 0 0 0 0 0 0 0 0 0 0 0 0 0 0 0 0 0 0 0 0 0 0 0 0 0 0 0 0 0 0 0 0 0 0 0 0 0 0 0 0 0 0 0 0 0 0 0 0 0 0 0 0 0 0 0 0 0 0 0 0 0 0 0 0 0 0 0 0 0 0 0 0 0 0 0 0 0 0 0 0 0 0 0 0 0 0 0 0 0 0 0 0 0 0 0 0 0 0 0 0 0 0 0 0 0 0 0 0 0 0 0 0 0 0 0 0 0 0 0 0 0 0 0 0 0 0 0 0 0 0 0 0 0 0 0 0 0 0 0 0 0 0 0 0 0 0 0 0 0 0 0 0 0 0 0 0 0 0 0 0 0 0 0 0 0 0 0 0 0 0 0 0 0 0 0 0 0 0 0 0 0 0 0 0 0 0 0 0 0 0 0 0 0 0 0 0 0 0 0 0 0 0 0 0 0 0 0 0 0 0 0 0 0 0 0 0 0 0 0 0 0 0 0 0 0 0 0 0 0 0 0 0 0 0 0 0
ctxt 3205662498
btime 1790630938
processes 213729
procs_running 1
procs_blocked 0
softirq 2785929151 73526 5122209 2751837 2709404365 233187 0 13555907 32839034 410 21948676
## server=swerve-ext workers=8 sockets(server side)=10000 rss_before_kib=199480 rss_with_sockets_kib=725084 per_socket_kib=52
log lines with error/fatal: 0
