      9 php8.5 0-7,16-23
connected 10000, failed 0, in 8.9 s
msg   received       p50       p99     p99.9      last
0        10000    14.6ms    35.6ms    35.9ms    36.0ms
1        10000    12.9ms    32.0ms    32.3ms    32.4ms
2        10000    12.5ms    31.1ms    31.5ms    31.5ms
3        10000    12.0ms    30.2ms    30.5ms    30.6ms
4        10000    12.1ms    30.1ms    30.4ms    30.5ms
5        10000    12.1ms    30.2ms    30.5ms    30.6ms
6        10000    12.2ms    30.3ms    30.6ms    30.6ms
7        10000    11.9ms    29.9ms    30.3ms    30.3ms
still connected at the end: 10000 (closed by the server: 0)
## server-stat
cpu  2114397 819 1097782 21159686 40754 0 489917 0 0 0
cpu0 75548 15 31751 663797 967 0 15446 0 0 0
cpu1 78498 19 32520 662502 770 0 15605 0 0 0
cpu2 78524 15 32449 663230 459 0 15588 0 0 0
cpu3 93420 18 39156 634941 1240 0 21280 0 0 0
cpu4 96440 17 38559 633793 746 0 20898 0 0 0
cpu5 82854 18 33496 657345 506 0 16049 0 0 0
cpu6 82928 16 33732 656845 433 0 16693 0 0 0
cpu7 81383 13 33977 658218 266 0 16665 0 0 0
cpu8 37260 26 31364 688954 1291 0 9124 0 0 0
cpu9 42263 29 33367 674977 3101 0 9740 0 0 0
cpu10 40895 28 32551 679981 1496 0 9678 0 0 0
cpu11 38095 25 30490 690826 940 0 8870 0 0 0
cpu12 62452 100 34609 653918 3761 0 10259 0 0 0
cpu13 60545 32 34986 654992 3412 0 10480 0 0 0
cpu14 37666 23 29800 694304 1065 0 8635 0 0 0
cpu15 35395 25 27685 702518 876 0 7850 0 0 0
cpu16 93091 11 37331 640346 514 0 19523 0 0 0
cpu17 89236 12 36442 644790 1406 0 18712 0 0 0
cpu18 88123 13 36097 647755 318 0 18422 0 0 0
cpu19 105962 13 42319 617116 791 0 23952 0 0 0
cpu20 102959 15 42069 620332 864 0 24177 0 0 0
cpu21 85018 13 35309 651341 698 0 17985 0 0 0
cpu22 81189 16 34393 656018 477 0 17127 0 0 0
cpu23 77272 16 33191 663323 520 0 16198 0 0 0
cpu24 40855 28 31296 689117 1185 0 9518 0 0 0
cpu25 44808 32 34435 673538 2176 0 11196 0 0 0
cpu26 43308 27 33764 677456 1617 0 10854 0 0 0
cpu27 36815 19 30043 680351 1374 0 17324 0 0 0
cpu28 61538 48 38228 634703 2772 0 22536 0 0 0
cpu29 64341 85 39362 628240 2700 0 22855 0 0 0
cpu30 36156 18 31118 676220 1114 0 17135 0 0 0
cpu31 39547 19 31879 687884 885 0 9531 0 0 0
intr 2179245441 126 0 0 0 0 0 0 0 0 1 0 0 0 0 0 0 0 0 0 0 0 0 0 0 0 0 0 1 1 1 0 0 0 0 1 0 1 0 0 75045 0 0 0 0 0 0 0 0 411 0 0 0 0 0 0 0 0 87 0 0 0 0 0 0 0 0 0 0 0 0 0 0 0 223633 2 35006065 34942388 34871855 35008114 0 6634 2596 3160 1687 3285 2757 2123 2746 1665 11109 19603 11205 8827 14481 16023 11709 7864 2929 1917 1669 2913 2397 2078 1720 1708 9393 8580 5958 6426 7774 7227 6762 8427 0 0 0 0 616544 3503 1036 0 264 0 0 0 0 0 0 0 0 0 0 0 0 0 0 0 0 0 0 0 0 0 0 0 0 0 0 0 0 0 0 0 0 0 0 0 0 0 0 0 0 0 0 0 0 0 0 0 0 0 0 0 0 0 0 0 0 0 0 0 0 0 0 0 0 0 0 0 0 0 0 0 0 0 0 0 0 0 0 0 0 0 0 0 0 0 0 0 0 0 0 0 0 0 0 0 0 0 0 0 0 0 0 0 0 0 0 0 0 0 0 0 0 0 0 0 0 0 0 0 0 0 0 0 0 0 0 0 0 0 0 0 0 0 0 0 0 0 0 0 0 0 0 0 0 0 0 0 0 0 0 0 0 0 0 0 0 0 0 0 0 0 0 0 0 0 0 0 0 0 0 0 0 0 0 0 0 0 0 0 0 0 0 0 0 0 0 0 0 0 0 0 0 0 0 0 0 0 0 0 0 0 0 0 0 0 0 0 0 0 0 0 0 0 0 0 0 0 0 0 0 0 0 0 0 0 0 0 0 0 0 0 0 0 0 0 0 0 0 0 0 0 0 0 0 0 0 0 0 0 0 0 0 0 0 0 0 0 0 0 0 0 0 0 0 0 0 0 0 0 0 0 0 0 0 0 0 0 0 0 0 0 0 0 0 0 0 0 0 0 0 0 0 0 0 0 0 0 0 0 0 0 0 0 0 0 0 0 0 0 0 0 0 0 0 0 0 0 0 0 0 0 0 0 0 0 0 0 0 0 0 0 0 0 0 0 0 0 0 0 0 0 0 0 0 0 0 0 0 0 0 0 0 0 0 0 0 0 0 0 0 0 0 0 0 0 0 0 0 0 0 0 0 0 0 0 0 0 0 0 0 0 0 0 0 0 0 0 0 0 0 0 0 0 0 0 0 0 0 0 0 0 0 0 0 0 0 0 0 0 0 0 0 0 0 0 0 0 0 0 0 0 0 0 0 0 0 0 0 0 0 0 0 0 0 0 0 0 0 0 0 0 0 0 0 0 0 0 0 0 0 0 0 0 0 0 0 0 0 0 0 0 0 0 0 0 0 0 0 0 0 0 0 0 0 0 0 0 0 0 0 0 0 0 0 0 0 0 0 0 0 0 0 0 0 0 0 0 0 0 0 0 0 0 0 0 0 0 0 0 0 0 0 0 0 0 0 0 0 0 0 0 0 0 0 0 0 0 0 0 0 0 0 0 0 0 0 0 0 0 0 0 0 0 0 0 0 0 0 0 0 0 0 0 0 0 0 0 0 0 0 0 0 0 0 0 0 0 0 0 0 0 0 0 0 0 0 0 0 0 0 0 0 0 0 0 0 0 0 0 0 0 0 0 0 0 0 0 0 0 0 0 0 0 0 0 0 0 0 0 0 0 0 0 0 0 0 0 0 0 0 0 0 0 0 0 0 0 0 0 0 0 0 0 0 0 0 0 0 0 0 0 0 0 0 0 0 0 0 0 0 0 0 0 0 0 0 0 0 0 0 0 0 0 0 0 0 0 0 0 0 0 0 0 0 0 0 0 0 0 0 0 0 0 0 0 0 0 0 0 0 0 0 0 0 0 0 0 0 0 0 0 0 0 0 0 0 0 0 0 0 0 0 0 0 0 0 0 0 0 0 0 0 0 0 0 0 0 0 0 0 0 0 0 0 0 0 0 0 0 0 0 0 0 0 0 0 0 0 0 0 0 0 0 0 0 0 0 0 0 0 0 0 0 0 0 0 0 0 0 0 0 0 0 0 0 0 0 0 0 0 0 0 0 0 0 0 0 0 0 0 0 0 0 0 0 0 0 0 0 0 0 0 0 0 0 0 0 0 0 0 0 0 0 0 0 0 0 0 0 0 0 0 0 0 0 0 0 0 0 0 0 0 0 0 0 0 0 0 0 0 0 0 0 0 0 0 0 0 0 0 0 0 0 0 0 0 0 0 0 0 0 0 0 0 0 0 0 0 0 0 0 0 0 0 0 0 0 0 0 0 0 0 0 0 0 0 0 0 0 0 0 0 0 0 0 0 0 0 0 0 0 0 0 0 0 0 0 0 0 0 0 0 0 0 0 0 0 0 0 0 0 0 0 0 0 0 0 0 0 0 0 0 0 0 0 0 0 0 0 0 0 0 0 0 0 0 0 0 0 0 0 0 0 0 0 0 0 0 0 0 0 0 0 0 0 0 0 0 0 0 0 0 0 0 0 0 0 0 0 0 0 0 0 0 0 0 0 0 0 0 0 0 0 0 0 0 0 0 0 0 0 0 0 0 0 0 0 0 0 0 0 0 0 0 0 0 0 0 0 0 0 0 0 0 0 0 0 0 0 0 0 0 0 0 0 0 0 0 0 0 0 0 0 0 0 0 0 0 0 0 0 0 0 0 0 0 0 0 0 0 0 0 0 0 0 0 0 0 0 0 0 0 0 0 0 0 0 0 0 0 0 0 0 0 0 0 0 0 0 0 0 0 0 0 0 0 0 0 0 0 0 0
ctxt 3206172581
btime 1790630938
processes 214605
procs_running 1
procs_blocked 0
softirq 2786105261 73526 5132999 2751839 2709513153 233703 0 13555912 32863801 410 21979918
--
cpu  2114487 819 1097814 21185087 40784 0 489932 0 0 0
cpu0 75548 15 31751 664595 967 0 15447 0 0 0
cpu1 78498 19 32521 663299 770 0 15605 0 0 0
cpu2 78524 15 32450 664028 459 0 15588 0 0 0
cpu3 93421 18 39158 635736 1240 0 21280 0 0 0
cpu4 96440 17 38560 634590 746 0 20899 0 0 0
cpu5 82854 18 33496 658144 506 0 16049 0 0 0
cpu6 82928 16 33733 657644 433 0 16693 0 0 0
cpu7 81384 13 33977 659016 266 0 16665 0 0 0
cpu8 37264 26 31366 689746 1292 0 9125 0 0 0
cpu9 42265 29 33368 675772 3101 0 9740 0 0 0
cpu10 40896 28 32553 680777 1496 0 9679 0 0 0
cpu11 38096 25 30491 691624 940 0 8870 0 0 0
cpu12 62486 100 34612 654676 3762 0 10259 0 0 0
cpu13 60556 32 34988 655773 3412 0 10481 0 0 0
cpu14 37667 23 29801 695099 1065 0 8636 0 0 0
cpu15 35397 25 27686 703314 876 0 7850 0 0 0
cpu16 93092 11 37331 641144 514 0 19523 0 0 0
cpu17 89237 12 36442 645589 1406 0 18713 0 0 0
cpu18 88124 13 36097 648553 318 0 18422 0 0 0
cpu19 105967 13 42323 617902 791 0 23956 0 0 0
cpu20 102959 15 42070 621130 864 0 24177 0 0 0
cpu21 85018 14 35309 652139 699 0 17985 0 0 0
cpu22 81189 16 34393 656816 477 0 17127 0 0 0
cpu23 77273 16 33192 664121 520 0 16198 0 0 0
cpu24 40855 28 31298 689914 1185 0 9518 0 0 0
cpu25 44811 32 34435 674308 2203 0 11196 0 0 0
cpu26 43311 27 33765 678249 1618 0 10854 0 0 0
cpu27 36817 19 30044 681148 1374 0 17324 0 0 0
cpu28 61545 48 38229 635492 2772 0 22537 0 0 0
cpu29 64346 85 39363 629033 2700 0 22856 0 0 0
cpu30 36158 18 31118 677018 1114 0 17135 0 0 0
cpu31 39548 19 31880 688682 885 0 9532 0 0 0
intr 2179390605 126 0 0 0 0 0 0 0 0 1 0 0 0 0 0 0 0 0 0 0 0 0 0 0 0 0 0 1 1 1 0 0 0 0 1 0 1 0 0 75045 0 0 0 0 0 0 0 0 411 0 0 0 0 0 0 0 0 87 0 0 0 0 0 0 0 0 0 0 0 0 0 0 0 223870 2 35006157 34942495 34871915 35008146 0 6642 2596 3160 1687 3285 2757 2123 2746 1665 11109 19603 11205 8827 14483 16023 11709 7864 2930 1917 1669 2916 2397 2085 1721 1708 9393 8580 5958 6426 7774 7227 6762 8427 0 0 0 0 616544 3503 1036 0 264 0 0 0 0 0 0 0 0 0 0 0 0 0 0 0 0 0 0 0 0 0 0 0 0 0 0 0 0 0 0 0 0 0 0 0 0 0 0 0 0 0 0 0 0 0 0 0 0 0 0 0 0 0 0 0 0 0 0 0 0 0 0 0 0 0 0 0 0 0 0 0 0 0 0 0 0 0 0 0 0 0 0 0 0 0 0 0 0 0 0 0 0 0 0 0 0 0 0 0 0 0 0 0 0 0 0 0 0 0 0 0 0 0 0 0 0 0 0 0 0 0 0 0 0 0 0 0 0 0 0 0 0 0 0 0 0 0 0 0 0 0 0 0 0 0 0 0 0 0 0 0 0 0 0 0 0 0 0 0 0 0 0 0 0 0 0 0 0 0 0 0 0 0 0 0 0 0 0 0 0 0 0 0 0 0 0 0 0 0 0 0 0 0 0 0 0 0 0 0 0 0 0 0 0 0 0 0 0 0 0 0 0 0 0 0 0 0 0 0 0 0 0 0 0 0 0 0 0 0 0 0 0 0 0 0 0 0 0 0 0 0 0 0 0 0 0 0 0 0 0 0 0 0 0 0 0 0 0 0 0 0 0 0 0 0 0 0 0 0 0 0 0 0 0 0 0 0 0 0 0 0 0 0 0 0 0 0 0 0 0 0 0 0 0 0 0 0 0 0 0 0 0 0 0 0 0 0 0 0 0 0 0 0 0 0 0 0 0 0 0 0 0 0 0 0 0 0 0 0 0 0 0 0 0 0 0 0 0 0 0 0 0 0 0 0 0 0 0 0 0 0 0 0 0 0 0 0 0 0 0 0 0 0 0 0 0 0 0 0 0 0 0 0 0 0 0 0 0 0 0 0 0 0 0 0 0 0 0 0 0 0 0 0 0 0 0 0 0 0 0 0 0 0 0 0 0 0 0 0 0 0 0 0 0 0 0 0 0 0 0 0 0 0 0 0 0 0 0 0 0 0 0 0 0 0 0 0 0 0 0 0 0 0 0 0 0 0 0 0 0 0 0 0 0 0 0 0 0 0 0 0 0 0 0 0 0 0 0 0 0 0 0 0 0 0 0 0 0 0 0 0 0 0 0 0 0 0 0 0 0 0 0 0 0 0 0 0 0 0 0 0 0 0 0 0 0 0 0 0 0 0 0 0 0 0 0 0 0 0 0 0 0 0 0 0 0 0 0 0 0 0 0 0 0 0 0 0 0 0 0 0 0 0 0 0 0 0 0 0 0 0 0 0 0 0 0 0 0 0 0 0 0 0 0 0 0 0 0 0 0 0 0 0 0 0 0 0 0 0 0 0 0 0 0 0 0 0 0 0 0 0 0 0 0 0 0 0 0 0 0 0 0 0 0 0 0 0 0 0 0 0 0 0 0 0 0 0 0 0 0 0 0 0 0 0 0 0 0 0 0 0 0 0 0 0 0 0 0 0 0 0 0 0 0 0 0 0 0 0 0 0 0 0 0 0 0 0 0 0 0 0 0 0 0 0 0 0 0 0 0 0 0 0 0 0 0 0 0 0 0 0 0 0 0 0 0 0 0 0 0 0 0 0 0 0 0 0 0 0 0 0 0 0 0 0 0 0 0 0 0 0 0 0 0 0 0 0 0 0 0 0 0 0 0 0 0 0 0 0 0 0 0 0 0 0 0 0 0 0 0 0 0 0 0 0 0 0 0 0 0 0 0 0 0 0 0 0 0 0 0 0 0 0 0 0 0 0 0 0 0 0 0 0 0 0 0 0 0 0 0 0 0 0 0 0 0 0 0 0 0 0 0 0 0 0 0 0 0 0 0 0 0 0 0 0 0 0 0 0 0 0 0 0 0 0 0 0 0 0 0 0 0 0 0 0 0 0 0 0 0 0 0 0 0 0 0 0 0 0 0 0 0 0 0 0 0 0 0 0 0 0 0 0 0 0 0 0 0 0 0 0 0 0 0 0 0 0 0 0 0 0 0 0 0 0 0 0 0 0 0 0 0 0 0 0 0 0 0 0 0 0 0 0 0 0 0 0 0 0 0 0 0 0 0 0 0 0 0 0 0 0 0 0 0 0 0 0 0 0 0 0 0 0 0 0 0 0 0 0 0 0 0 0 0 0 0 0 0 0 0 0 0 0 0 0 0 0 0 0 0 0 0 0 0 0 0 0 0 0 0 0 0 0 0 0 0 0 0 0 0 0 0 0 0 0 0 0 0 0 0 0 0 0 0 0 0 0 0 0 0 0 0 0 0 0 0 0 0 0 0 0 0 0 0 0 0 0 0 0 0 0 0 0 0 0 0 0 0 0 0 0 0 0 0 0 0 0 0 0 0 0 0 0 0 0 0 0 0 0 0 0 0 0 0 0 0 0 0 0 0 0 0 0 0 0 0 0 0 0 0 0 0 0 0 0 0 0 0 0 0 0 0 0 0 0 0 0 0 0 0 0 0 0 0 0 0 0 0 0 0 0 0 0 0 0 0 0 0 0 0 0 0
ctxt 3206380305
btime 1790630938
processes 214882
procs_running 1
procs_blocked 0
softirq 2786160506 73526 5136979 2751839 2709546429 233957 0 13555914 32872287 410 21989165
## server=swoole workers=8 sockets(server side)=9447 rss_before_kib=181320 rss_with_sockets_kib=236796 per_socket_kib=5
log lines with error/fatal: 0
