Running 10s test @ http://127.0.0.1:18500/wait
  16 threads and 128 connections
  Thread Stats   Avg      Stdev     Max   +/- Stdev
    Latency    10.17ms   36.63us  10.30ms   68.18%
    Req/Sec   789.35     16.38   808.00     70.53%
  Latency Distribution
     50%   10.18ms
     75%   10.20ms
     90%   10.22ms
     99%   10.23ms
  126179 requests in 10.10s, 12.88MB read
Requests/sec:  12493.32
Transfer/sec:      1.27MB
## server-stat
cpu  1566091 596 791923 14242444 34697 0 307846 0 0 0
cpu0 50047 11 22618 452163 846 0 9718 0 0 0
cpu1 50312 14 22331 454553 643 0 9074 0 0 0
cpu2 50809 10 22238 454600 406 0 9073 0 0 0
cpu3 57659 13 25658 440312 1209 0 12258 0 0 0
cpu4 57913 13 24885 441970 734 0 11672 0 0 0
cpu5 51798 13 22378 453388 385 0 9149 0 0 0
cpu6 51038 11 22294 454275 402 0 9149 0 0 0
cpu7 49650 9 21994 456094 253 0 8893 0 0 0
cpu8 35975 17 24804 454776 1124 0 6208 0 0 0
cpu9 40584 20 25825 445516 2525 0 6613 0 0 0
cpu10 39477 18 25588 448558 1318 0 6668 0 0 0
cpu11 36992 16 24515 455233 735 0 6229 0 0 0
cpu12 57366 88 26667 427956 3359 0 6966 0 0 0
cpu13 56082 20 26909 429263 2762 0 7122 0 0 0
cpu14 36527 15 24089 457503 921 0 6090 0 0 0
cpu15 34430 15 22525 463052 737 0 5523 0 0 0
cpu16 56697 8 23756 446704 385 0 9806 0 0 0
cpu17 56663 9 23943 445354 1301 0 9969 0 0 0
cpu18 56112 9 23704 447279 302 0 9764 0 0 0
cpu19 63773 11 26304 434250 722 0 11917 0 0 0
cpu20 64118 12 26819 432931 750 0 12604 0 0 0
cpu21 55941 10 23631 447021 626 0 9748 0 0 0
cpu22 54411 10 23479 447680 363 0 9585 0 0 0
cpu23 52547 12 23090 451270 347 0 9441 0 0 0
cpu24 39640 19 25257 452756 993 0 6762 0 0 0
cpu25 43069 22 27358 442230 1790 0 7852 0 0 0
cpu26 41810 20 26917 445054 1378 0 7644 0 0 0
cpu27 35643 11 23985 444513 1195 0 14491 0 0 0
cpu28 56621 31 28872 412267 2197 0 18365 0 0 0
cpu29 59132 69 29487 407671 2215 0 18572 0 0 0
cpu30 34884 13 24527 443276 945 0 14257 0 0 0
cpu31 38353 12 25463 452959 814 0 6646 0 0 0
intr 1526167916 126 0 0 0 0 0 0 0 0 1 0 0 0 0 0 0 0 0 0 0 0 0 0 0 0 0 0 1 1 1 0 0 0 0 1 0 1 0 0 75045 0 0 0 0 0 0 0 0 411 0 0 0 0 0 0 0 0 87 0 0 0 0 0 0 0 0 0 0 0 0 0 0 0 170832 2 34992097 34930302 34857661 34992372 0 4527 2427 2970 1597 3116 2673 2086 2575 1511 10619 18974 10659 8528 13723 15277 11437 7641 2721 1810 1544 2390 2273 1979 1676 1675 9168 7780 5550 6075 6894 6319 6441 8149 0 0 0 0 616368 3202 1036 0 264 0 0 0 0 0 0 0 0 0 0 0 0 0 0 0 0 0 0 0 0 0 0 0 0 0 0 0 0 0 0 0 0 0 0 0 0 0 0 0 0 0 0 0 0 0 0 0 0 0 0 0 0 0 0 0 0 0 0 0 0 0 0 0 0 0 0 0 0 0 0 0 0 0 0 0 0 0 0 0 0 0 0 0 0 0 0 0 0 0 0 0 0 0 0 0 0 0 0 0 0 0 0 0 0 0 0 0 0 0 0 0 0 0 0 0 0 0 0 0 0 0 0 0 0 0 0 0 0 0 0 0 0 0 0 0 0 0 0 0 0 0 0 0 0 0 0 0 0 0 0 0 0 0 0 0 0 0 0 0 0 0 0 0 0 0 0 0 0 0 0 0 0 0 0 0 0 0 0 0 0 0 0 0 0 0 0 0 0 0 0 0 0 0 0 0 0 0 0 0 0 0 0 0 0 0 0 0 0 0 0 0 0 0 0 0 0 0 0 0 0 0 0 0 0 0 0 0 0 0 0 0 0 0 0 0 0 0 0 0 0 0 0 0 0 0 0 0 0 0 0 0 0 0 0 0 0 0 0 0 0 0 0 0 0 0 0 0 0 0 0 0 0 0 0 0 0 0 0 0 0 0 0 0 0 0 0 0 0 0 0 0 0 0 0 0 0 0 0 0 0 0 0 0 0 0 0 0 0 0 0 0 0 0 0 0 0 0 0 0 0 0 0 0 0 0 0 0 0 0 0 0 0 0 0 0 0 0 0 0 0 0 0 0 0 0 0 0 0 0 0 0 0 0 0 0 0 0 0 0 0 0 0 0 0 0 0 0 0 0 0 0 0 0 0 0 0 0 0 0 0 0 0 0 0 0 0 0 0 0 0 0 0 0 0 0 0 0 0 0 0 0 0 0 0 0 0 0 0 0 0 0 0 0 0 0 0 0 0 0 0 0 0 0 0 0 0 0 0 0 0 0 0 0 0 0 0 0 0 0 0 0 0 0 0 0 0 0 0 0 0 0 0 0 0 0 0 0 0 0 0 0 0 0 0 0 0 0 0 0 0 0 0 0 0 0 0 0 0 0 0 0 0 0 0 0 0 0 0 0 0 0 0 0 0 0 0 0 0 0 0 0 0 0 0 0 0 0 0 0 0 0 0 0 0 0 0 0 0 0 0 0 0 0 0 0 0 0 0 0 0 0 0 0 0 0 0 0 0 0 0 0 0 0 0 0 0 0 0 0 0 0 0 0 0 0 0 0 0 0 0 0 0 0 0 0 0 0 0 0 0 0 0 0 0 0 0 0 0 0 0 0 0 0 0 0 0 0 0 0 0 0 0 0 0 0 0 0 0 0 0 0 0 0 0 0 0 0 0 0 0 0 0 0 0 0 0 0 0 0 0 0 0 0 0 0 0 0 0 0 0 0 0 0 0 0 0 0 0 0 0 0 0 0 0 0 0 0 0 0 0 0 0 0 0 0 0 0 0 0 0 0 0 0 0 0 0 0 0 0 0 0 0 0 0 0 0 0 0 0 0 0 0 0 0 0 0 0 0 0 0 0 0 0 0 0 0 0 0 0 0 0 0 0 0 0 0 0 0 0 0 0 0 0 0 0 0 0 0 0 0 0 0 0 0 0 0 0 0 0 0 0 0 0 0 0 0 0 0 0 0 0 0 0 0 0 0 0 0 0 0 0 0 0 0 0 0 0 0 0 0 0 0 0 0 0 0 0 0 0 0 0 0 0 0 0 0 0 0 0 0 0 0 0 0 0 0 0 0 0 0 0 0 0 0 0 0 0 0 0 0 0 0 0 0 0 0 0 0 0 0 0 0 0 0 0 0 0 0 0 0 0 0 0 0 0 0 0 0 0 0 0 0 0 0 0 0 0 0 0 0 0 0 0 0 0 0 0 0 0 0 0 0 0 0 0 0 0 0 0 0 0 0 0 0 0 0 0 0 0 0 0 0 0 0 0 0 0 0 0 0 0 0 0 0 0 0 0 0 0 0 0 0 0 0 0 0 0 0 0 0 0 0 0 0 0 0 0 0 0 0 0 0 0 0 0 0 0 0 0 0 0 0 0 0 0 0 0 0 0 0 0 0 0 0 0 0 0 0 0 0 0 0 0 0 0 0 0 0 0 0 0 0 0 0 0 0 0 0 0 0 0 0 0 0 0 0 0 0 0 0 0 0 0 0 0 0 0 0 0 0 0 0 0 0 0 0 0 0 0 0 0 0 0 0 0 0 0 0 0 0 0 0 0 0 0 0 0 0 0 0 0 0 0 0 0 0 0 0 0 0 0 0 0 0 0 0 0 0 0 0 0 0 0 0 0 0 0 0 0 0 0 0 0 0 0 0 0 0 0 0 0 0 0 0 0 0 0 0 0 0 0 0 0 0 0 0 0 0 0 0 0 0 0 0 0 0 0 0 0 0 0 0 0 0 0 0 0 0 0 0 0 0 0 0 0 0 0 0 0 0 0 0
ctxt 2011868721
btime 1790630938
processes 153013
procs_running 1
procs_blocked 0
softirq 1679931073 73526 3701023 2751539 1620202154 177939 0 13554620 23897363 410 15572499
--
cpu  1566220 597 791973 14267754 34700 0 307880 0 0 0
cpu0 50048 11 22619 452957 846 0 9720 0 0 0
cpu1 50314 14 22332 455350 643 0 9075 0 0 0
cpu2 50809 10 22238 455399 406 0 9074 0 0 0
cpu3 57691 13 25675 441041 1209 0 12273 0 0 0
cpu4 57928 13 24893 442740 734 0 11679 0 0 0
cpu5 51803 13 22379 454180 385 0 9151 0 0 0
cpu6 51040 11 22295 455071 403 0 9150 0 0 0
cpu7 49650 9 21994 456893 253 0 8893 0 0 0
cpu8 35978 17 24805 455568 1124 0 6209 0 0 0
cpu9 40589 20 25826 446303 2525 0 6614 0 0 0
cpu10 39478 19 25590 449347 1318 0 6669 0 0 0
cpu11 36995 16 24516 456025 735 0 6230 0 0 0
cpu12 57395 88 26670 428717 3360 0 6966 0 0 0
cpu13 56101 20 26912 430032 2762 0 7124 0 0 0
cpu14 36530 15 24090 458291 921 0 6090 0 0 0
cpu15 34431 15 22526 463845 737 0 5523 0 0 0
cpu16 56698 8 23756 447503 385 0 9806 0 0 0
cpu17 56663 9 23943 446153 1301 0 9969 0 0 0
cpu18 56112 9 23704 448078 302 0 9765 0 0 0
cpu19 63775 11 26305 435048 722 0 11918 0 0 0
cpu20 64119 12 26819 433730 750 0 12604 0 0 0
cpu21 55942 10 23631 447820 626 0 9748 0 0 0
cpu22 54412 10 23479 448479 363 0 9585 0 0 0
cpu23 52547 12 23090 452068 347 0 9441 0 0 0
cpu24 39641 19 25258 453552 993 0 6762 0 0 0
cpu25 43070 22 27359 443026 1790 0 7852 0 0 0
cpu26 41812 20 26918 445849 1378 0 7645 0 0 0
cpu27 35644 11 23985 445312 1195 0 14491 0 0 0
cpu28 56621 31 28873 413060 2197 0 18366 0 0 0
cpu29 59134 69 29487 408466 2215 0 18572 0 0 0
cpu30 34884 13 24527 444076 945 0 14257 0 0 0
cpu31 38354 12 25463 453757 814 0 6646 0 0 0
intr 1526309835 126 0 0 0 0 0 0 0 0 1 0 0 0 0 0 0 0 0 0 0 0 0 0 0 0 0 0 1 1 1 0 0 0 0 1 0 1 0 0 75045 0 0 0 0 0 0 0 0 411 0 0 0 0 0 0 0 0 87 0 0 0 0 0 0 0 0 0 0 0 0 0 0 0 170832 2 34992145 34930329 34857668 34992378 0 4535 2427 2970 1597 3116 2674 2086 2575 1511 10619 18974 10659 8528 13733 15277 11437 7641 2721 1810 1544 2390 2273 1979 1676 1675 9168 7780 5550 6075 6895 6319 6441 8149 0 0 0 0 616368 3202 1036 0 264 0 0 0 0 0 0 0 0 0 0 0 0 0 0 0 0 0 0 0 0 0 0 0 0 0 0 0 0 0 0 0 0 0 0 0 0 0 0 0 0 0 0 0 0 0 0 0 0 0 0 0 0 0 0 0 0 0 0 0 0 0 0 0 0 0 0 0 0 0 0 0 0 0 0 0 0 0 0 0 0 0 0 0 0 0 0 0 0 0 0 0 0 0 0 0 0 0 0 0 0 0 0 0 0 0 0 0 0 0 0 0 0 0 0 0 0 0 0 0 0 0 0 0 0 0 0 0 0 0 0 0 0 0 0 0 0 0 0 0 0 0 0 0 0 0 0 0 0 0 0 0 0 0 0 0 0 0 0 0 0 0 0 0 0 0 0 0 0 0 0 0 0 0 0 0 0 0 0 0 0 0 0 0 0 0 0 0 0 0 0 0 0 0 0 0 0 0 0 0 0 0 0 0 0 0 0 0 0 0 0 0 0 0 0 0 0 0 0 0 0 0 0 0 0 0 0 0 0 0 0 0 0 0 0 0 0 0 0 0 0 0 0 0 0 0 0 0 0 0 0 0 0 0 0 0 0 0 0 0 0 0 0 0 0 0 0 0 0 0 0 0 0 0 0 0 0 0 0 0 0 0 0 0 0 0 0 0 0 0 0 0 0 0 0 0 0 0 0 0 0 0 0 0 0 0 0 0 0 0 0 0 0 0 0 0 0 0 0 0 0 0 0 0 0 0 0 0 0 0 0 0 0 0 0 0 0 0 0 0 0 0 0 0 0 0 0 0 0 0 0 0 0 0 0 0 0 0 0 0 0 0 0 0 0 0 0 0 0 0 0 0 0 0 0 0 0 0 0 0 0 0 0 0 0 0 0 0 0 0 0 0 0 0 0 0 0 0 0 0 0 0 0 0 0 0 0 0 0 0 0 0 0 0 0 0 0 0 0 0 0 0 0 0 0 0 0 0 0 0 0 0 0 0 0 0 0 0 0 0 0 0 0 0 0 0 0 0 0 0 0 0 0 0 0 0 0 0 0 0 0 0 0 0 0 0 0 0 0 0 0 0 0 0 0 0 0 0 0 0 0 0 0 0 0 0 0 0 0 0 0 0 0 0 0 0 0 0 0 0 0 0 0 0 0 0 0 0 0 0 0 0 0 0 0 0 0 0 0 0 0 0 0 0 0 0 0 0 0 0 0 0 0 0 0 0 0 0 0 0 0 0 0 0 0 0 0 0 0 0 0 0 0 0 0 0 0 0 0 0 0 0 0 0 0 0 0 0 0 0 0 0 0 0 0 0 0 0 0 0 0 0 0 0 0 0 0 0 0 0 0 0 0 0 0 0 0 0 0 0 0 0 0 0 0 0 0 0 0 0 0 0 0 0 0 0 0 0 0 0 0 0 0 0 0 0 0 0 0 0 0 0 0 0 0 0 0 0 0 0 0 0 0 0 0 0 0 0 0 0 0 0 0 0 0 0 0 0 0 0 0 0 0 0 0 0 0 0 0 0 0 0 0 0 0 0 0 0 0 0 0 0 0 0 0 0 0 0 0 0 0 0 0 0 0 0 0 0 0 0 0 0 0 0 0 0 0 0 0 0 0 0 0 0 0 0 0 0 0 0 0 0 0 0 0 0 0 0 0 0 0 0 0 0 0 0 0 0 0 0 0 0 0 0 0 0 0 0 0 0 0 0 0 0 0 0 0 0 0 0 0 0 0 0 0 0 0 0 0 0 0 0 0 0 0 0 0 0 0 0 0 0 0 0 0 0 0 0 0 0 0 0 0 0 0 0 0 0 0 0 0 0 0 0 0 0 0 0 0 0 0 0 0 0 0 0 0 0 0 0 0 0 0 0 0 0 0 0 0 0 0 0 0 0 0 0 0 0 0 0 0 0 0 0 0 0 0 0 0 0 0 0 0 0 0 0 0 0 0 0 0 0 0 0 0 0 0 0 0 0 0 0 0 0 0 0 0 0 0 0 0 0 0 0 0 0 0 0 0 0 0 0 0 0 0 0 0 0 0 0 0 0 0 0 0 0 0 0 0 0 0 0 0 0 0 0 0 0 0 0 0 0 0 0 0 0 0 0 0 0 0 0 0 0 0 0 0 0 0 0 0 0 0 0 0 0 0 0 0 0 0 0 0 0 0 0 0 0 0 0 0 0 0 0 0 0 0 0 0 0 0 0 0 0 0 0 0 0 0 0 0 0 0 0 0 0 0 0 0 0 0 0 0 0 0 0 0 0 0 0 0 0 0 0 0 0 0 0 0 0 0 0 0 0 0 0 0 0 0 0 0 0 0 0 0 0 0 0 0 0 0 0 0 0 0 0 0 0 0 0 0 0 0 0 0 0 0 0 0 0 0 0 0 0 0 0 0 0 0 0 0 0 0 0 0 0 0 0 0 0 0 0 0 0 0 0 0 0 0 0 0 0 0 0 0 0 0 0 0 0 0 0 0 0 0 0 0 0 0 0 0 0 0
ctxt 2012111239
btime 1790630938
processes 153082
procs_running 1
procs_blocked 0
softirq 1680147659 73526 3703850 2751539 1620403531 177947 0 13554620 23903806 410 15578430
