Running 10s test @ http://127.0.0.1:18500/page
  16 threads and 32 connections
  Thread Stats   Avg      Stdev     Max   +/- Stdev
    Latency     0.92ms  128.10us   1.85ms   80.40%
    Req/Sec     2.18k    47.62     2.35k    72.63%
  Latency Distribution
     50%    0.89ms
     75%    0.96ms
     90%    1.11ms
     99%    1.36ms
  350446 requests in 10.10s, 3.37GB read
Requests/sec:  34698.53
Transfer/sec:    342.10MB
## server-stat
cpu  1520272 576 767839 13513753 34125 0 288685 0 0 0
cpu0 48652 11 22216 428033 838 0 9429 0 0 0
cpu1 49140 13 22001 429850 643 0 8887 0 0 0
cpu2 49488 10 21816 430195 406 0 8786 0 0 0
cpu3 54010 13 23563 421621 1209 0 10251 0 0 0
cpu4 53205 13 22783 424303 734 0 9690 0 0 0
cpu5 50344 12 21889 429260 384 0 8790 0 0 0
cpu6 49588 10 21779 430205 376 0 8744 0 0 0
cpu7 48256 9 21492 431919 249 0 8518 0 0 0
cpu8 35854 17 24396 430605 1118 0 5971 0 0 0
cpu9 40436 19 25357 422019 2463 0 6335 0 0 0
cpu10 39347 18 25133 424933 1281 0 6399 0 0 0
cpu11 36889 15 24108 431173 728 0 5995 0 0 0
cpu12 56968 88 26120 404943 3285 0 6638 0 0 0
cpu13 55680 20 26355 406376 2741 0 6773 0 0 0
cpu14 36422 13 23691 433430 919 0 5850 0 0 0
cpu15 34339 14 22159 438680 726 0 5312 0 0 0
cpu16 54039 8 22894 424510 384 0 9077 0 0 0
cpu17 54096 9 22989 423295 1300 0 9116 0 0 0
cpu18 53805 9 22839 424775 302 0 8993 0 0 0
cpu19 56944 11 23836 419338 710 0 9686 0 0 0
cpu20 58465 12 24345 416887 750 0 10311 0 0 0
cpu21 53801 9 22847 424191 625 0 9070 0 0 0
cpu22 52398 10 22706 424675 362 0 8927 0 0 0
cpu23 50575 12 22323 428199 345 0 8775 0 0 0
cpu24 39535 18 24852 428706 973 0 6514 0 0 0
cpu25 42905 21 26889 418659 1782 0 7562 0 0 0
cpu26 41671 19 26462 421342 1345 0 7357 0 0 0
cpu27 35545 10 23580 420376 1164 0 14252 0 0 0
cpu28 56134 30 28299 389056 2140 0 18012 0 0 0
cpu29 58696 68 28896 384659 2109 0 18221 0 0 0
cpu30 34779 12 24125 419080 911 0 14011 0 0 0
cpu31 38251 11 25084 428446 807 0 6419 0 0 0
intr 1459086725 126 0 0 0 0 0 0 0 0 1 0 0 0 0 0 0 0 0 0 0 0 0 0 0 0 0 0 1 1 1 0 0 0 0 1 0 1 0 0 75045 0 0 0 0 0 0 0 0 411 0 0 0 0 0 0 0 0 87 0 0 0 0 0 0 0 0 0 0 0 0 0 0 0 165343 2 34990883 34929486 34856584 34991477 0 4307 2422 2961 1597 3115 2667 2083 2574 1509 10610 18863 10640 8522 13535 15219 11403 7634 2717 1809 1539 2387 2273 1974 1674 1672 9157 7708 5515 5972 6819 6190 6377 8104 0 0 0 0 616352 3161 1036 0 264 0 0 0 0 0 0 0 0 0 0 0 0 0 0 0 0 0 0 0 0 0 0 0 0 0 0 0 0 0 0 0 0 0 0 0 0 0 0 0 0 0 0 0 0 0 0 0 0 0 0 0 0 0 0 0 0 0 0 0 0 0 0 0 0 0 0 0 0 0 0 0 0 0 0 0 0 0 0 0 0 0 0 0 0 0 0 0 0 0 0 0 0 0 0 0 0 0 0 0 0 0 0 0 0 0 0 0 0 0 0 0 0 0 0 0 0 0 0 0 0 0 0 0 0 0 0 0 0 0 0 0 0 0 0 0 0 0 0 0 0 0 0 0 0 0 0 0 0 0 0 0 0 0 0 0 0 0 0 0 0 0 0 0 0 0 0 0 0 0 0 0 0 0 0 0 0 0 0 0 0 0 0 0 0 0 0 0 0 0 0 0 0 0 0 0 0 0 0 0 0 0 0 0 0 0 0 0 0 0 0 0 0 0 0 0 0 0 0 0 0 0 0 0 0 0 0 0 0 0 0 0 0 0 0 0 0 0 0 0 0 0 0 0 0 0 0 0 0 0 0 0 0 0 0 0 0 0 0 0 0 0 0 0 0 0 0 0 0 0 0 0 0 0 0 0 0 0 0 0 0 0 0 0 0 0 0 0 0 0 0 0 0 0 0 0 0 0 0 0 0 0 0 0 0 0 0 0 0 0 0 0 0 0 0 0 0 0 0 0 0 0 0 0 0 0 0 0 0 0 0 0 0 0 0 0 0 0 0 0 0 0 0 0 0 0 0 0 0 0 0 0 0 0 0 0 0 0 0 0 0 0 0 0 0 0 0 0 0 0 0 0 0 0 0 0 0 0 0 0 0 0 0 0 0 0 0 0 0 0 0 0 0 0 0 0 0 0 0 0 0 0 0 0 0 0 0 0 0 0 0 0 0 0 0 0 0 0 0 0 0 0 0 0 0 0 0 0 0 0 0 0 0 0 0 0 0 0 0 0 0 0 0 0 0 0 0 0 0 0 0 0 0 0 0 0 0 0 0 0 0 0 0 0 0 0 0 0 0 0 0 0 0 0 0 0 0 0 0 0 0 0 0 0 0 0 0 0 0 0 0 0 0 0 0 0 0 0 0 0 0 0 0 0 0 0 0 0 0 0 0 0 0 0 0 0 0 0 0 0 0 0 0 0 0 0 0 0 0 0 0 0 0 0 0 0 0 0 0 0 0 0 0 0 0 0 0 0 0 0 0 0 0 0 0 0 0 0 0 0 0 0 0 0 0 0 0 0 0 0 0 0 0 0 0 0 0 0 0 0 0 0 0 0 0 0 0 0 0 0 0 0 0 0 0 0 0 0 0 0 0 0 0 0 0 0 0 0 0 0 0 0 0 0 0 0 0 0 0 0 0 0 0 0 0 0 0 0 0 0 0 0 0 0 0 0 0 0 0 0 0 0 0 0 0 0 0 0 0 0 0 0 0 0 0 0 0 0 0 0 0 0 0 0 0 0 0 0 0 0 0 0 0 0 0 0 0 0 0 0 0 0 0 0 0 0 0 0 0 0 0 0 0 0 0 0 0 0 0 0 0 0 0 0 0 0 0 0 0 0 0 0 0 0 0 0 0 0 0 0 0 0 0 0 0 0 0 0 0 0 0 0 0 0 0 0 0 0 0 0 0 0 0 0 0 0 0 0 0 0 0 0 0 0 0 0 0 0 0 0 0 0 0 0 0 0 0 0 0 0 0 0 0 0 0 0 0 0 0 0 0 0 0 0 0 0 0 0 0 0 0 0 0 0 0 0 0 0 0 0 0 0 0 0 0 0 0 0 0 0 0 0 0 0 0 0 0 0 0 0 0 0 0 0 0 0 0 0 0 0 0 0 0 0 0 0 0 0 0 0 0 0 0 0 0 0 0 0 0 0 0 0 0 0 0 0 0 0 0 0 0 0 0 0 0 0 0 0 0 0 0 0 0 0 0 0 0 0 0 0 0 0 0 0 0 0 0 0 0 0 0 0 0 0 0 0 0 0 0 0 0 0 0 0 0 0 0 0 0 0 0 0 0 0 0 0 0 0 0 0 0 0 0 0 0 0 0 0 0 0 0 0 0 0 0 0 0 0 0 0 0 0 0 0 0 0 0 0 0 0 0 0 0 0 0 0 0 0 0 0 0 0 0 0 0 0 0 0 0 0 0 0 0 0 0 0 0 0 0 0 0 0 0 0 0 0 0 0 0 0 0 0 0 0 0 0 0 0 0 0 0 0 0 0 0 0 0 0 0 0 0 0 0 0 0 0 0 0 0 0 0 0 0 0 0 0 0 0 0 0 0 0 0 0 0 0 0 0 0 0 0 0 0 0 0 0 0 0 0 0 0 0 0 0 0 0 0 0 0 0 0 0 0 0 0 0 0 0 0 0 0 0 0 0 0 0 0 0 0 0 0 0 0 0 0 0 0 0 0 0 0 0 0 0 0 0 0 0 0 0 0 0 0
ctxt 1892148825
btime 1790630938
processes 147663
procs_running 3
procs_blocked 0
softirq 1552393168 73526 3573187 2751504 1493932874 172146 0 13554447 23266747 410 15068327
--
cpu  1521496 576 768239 13536660 34138 0 288951 0 0 0
cpu0 48754 11 22240 428653 838 0 9446 0 0 0
cpu1 49215 13 22025 430495 643 0 8905 0 0 0
cpu2 49556 10 21840 430861 406 0 8800 0 0 0
cpu3 54130 13 23588 422216 1209 0 10268 0 0 0
cpu4 53324 13 22807 424901 734 0 9707 0 0 0
cpu5 50404 12 21909 429944 384 0 8802 0 0 0
cpu6 49629 10 21795 430920 376 0 8755 0 0 0
cpu7 48289 9 21506 432647 249 0 8528 0 0 0
cpu8 35855 17 24398 431388 1118 0 5972 0 0 0
cpu9 40439 19 25362 422760 2463 0 6338 0 0 0
cpu10 39349 18 25138 425707 1281 0 6401 0 0 0
cpu11 36891 15 24110 431952 728 0 5996 0 0 0
cpu12 56978 88 26135 405649 3286 0 6646 0 0 0
cpu13 55687 20 26373 407063 2752 0 6783 0 0 0
cpu14 36426 13 23697 434184 920 0 5855 0 0 0
cpu15 34340 14 22162 439459 726 0 5313 0 0 0
cpu16 54134 8 22915 425155 384 0 9093 0 0 0
cpu17 54153 9 23011 423972 1300 0 9131 0 0 0
cpu18 53858 9 22858 425466 302 0 9005 0 0 0
cpu19 57028 11 23859 419979 710 0 9703 0 0 0
cpu20 58571 12 24370 417504 750 0 10327 0 0 0
cpu21 53866 9 22863 424872 625 0 9081 0 0 0
cpu22 52438 10 22721 425393 362 0 8939 0 0 0
cpu23 50604 12 22340 428929 345 0 8787 0 0 0
cpu24 39538 18 24853 429493 973 0 6514 0 0 0
cpu25 42907 21 26891 419446 1782 0 7563 0 0 0
cpu26 41672 19 26462 422138 1345 0 7358 0 0 0
cpu27 35546 10 23580 421173 1164 0 14252 0 0 0
cpu28 56148 30 28305 389807 2140 0 18015 0 0 0
cpu29 58717 68 28901 385408 2109 0 18225 0 0 0
cpu30 34782 12 24128 419867 911 0 14012 0 0 0
cpu31 38254 11 25084 429240 807 0 6419 0 0 0
intr 1460696419 126 0 0 0 0 0 0 0 0 1 0 0 0 0 0 0 0 0 0 0 0 0 0 0 0 0 0 1 1 1 0 0 0 0 1 0 1 0 0 75045 0 0 0 0 0 0 0 0 411 0 0 0 0 0 0 0 0 87 0 0 0 0 0 0 0 0 0 0 0 0 0 0 0 165466 2 34990931 34929503 34856601 34991488 0 4315 2422 2961 1597 3115 2667 2083 2574 1509 10612 18869 10640 8522 13536 15219 11404 7635 2717 1809 1539 2387 2273 1974 1674 1672 9157 7708 5515 5972 6819 6190 6377 8104 0 0 0 0 616352 3161 1036 0 264 0 0 0 0 0 0 0 0 0 0 0 0 0 0 0 0 0 0 0 0 0 0 0 0 0 0 0 0 0 0 0 0 0 0 0 0 0 0 0 0 0 0 0 0 0 0 0 0 0 0 0 0 0 0 0 0 0 0 0 0 0 0 0 0 0 0 0 0 0 0 0 0 0 0 0 0 0 0 0 0 0 0 0 0 0 0 0 0 0 0 0 0 0 0 0 0 0 0 0 0 0 0 0 0 0 0 0 0 0 0 0 0 0 0 0 0 0 0 0 0 0 0 0 0 0 0 0 0 0 0 0 0 0 0 0 0 0 0 0 0 0 0 0 0 0 0 0 0 0 0 0 0 0 0 0 0 0 0 0 0 0 0 0 0 0 0 0 0 0 0 0 0 0 0 0 0 0 0 0 0 0 0 0 0 0 0 0 0 0 0 0 0 0 0 0 0 0 0 0 0 0 0 0 0 0 0 0 0 0 0 0 0 0 0 0 0 0 0 0 0 0 0 0 0 0 0 0 0 0 0 0 0 0 0 0 0 0 0 0 0 0 0 0 0 0 0 0 0 0 0 0 0 0 0 0 0 0 0 0 0 0 0 0 0 0 0 0 0 0 0 0 0 0 0 0 0 0 0 0 0 0 0 0 0 0 0 0 0 0 0 0 0 0 0 0 0 0 0 0 0 0 0 0 0 0 0 0 0 0 0 0 0 0 0 0 0 0 0 0 0 0 0 0 0 0 0 0 0 0 0 0 0 0 0 0 0 0 0 0 0 0 0 0 0 0 0 0 0 0 0 0 0 0 0 0 0 0 0 0 0 0 0 0 0 0 0 0 0 0 0 0 0 0 0 0 0 0 0 0 0 0 0 0 0 0 0 0 0 0 0 0 0 0 0 0 0 0 0 0 0 0 0 0 0 0 0 0 0 0 0 0 0 0 0 0 0 0 0 0 0 0 0 0 0 0 0 0 0 0 0 0 0 0 0 0 0 0 0 0 0 0 0 0 0 0 0 0 0 0 0 0 0 0 0 0 0 0 0 0 0 0 0 0 0 0 0 0 0 0 0 0 0 0 0 0 0 0 0 0 0 0 0 0 0 0 0 0 0 0 0 0 0 0 0 0 0 0 0 0 0 0 0 0 0 0 0 0 0 0 0 0 0 0 0 0 0 0 0 0 0 0 0 0 0 0 0 0 0 0 0 0 0 0 0 0 0 0 0 0 0 0 0 0 0 0 0 0 0 0 0 0 0 0 0 0 0 0 0 0 0 0 0 0 0 0 0 0 0 0 0 0 0 0 0 0 0 0 0 0 0 0 0 0 0 0 0 0 0 0 0 0 0 0 0 0 0 0 0 0 0 0 0 0 0 0 0 0 0 0 0 0 0 0 0 0 0 0 0 0 0 0 0 0 0 0 0 0 0 0 0 0 0 0 0 0 0 0 0 0 0 0 0 0 0 0 0 0 0 0 0 0 0 0 0 0 0 0 0 0 0 0 0 0 0 0 0 0 0 0 0 0 0 0 0 0 0 0 0 0 0 0 0 0 0 0 0 0 0 0 0 0 0 0 0 0 0 0 0 0 0 0 0 0 0 0 0 0 0 0 0 0 0 0 0 0 0 0 0 0 0 0 0 0 0 0 0 0 0 0 0 0 0 0 0 0 0 0 0 0 0 0 0 0 0 0 0 0 0 0 0 0 0 0 0 0 0 0 0 0 0 0 0 0 0 0 0 0 0 0 0 0 0 0 0 0 0 0 0 0 0 0 0 0 0 0 0 0 0 0 0 0 0 0 0 0 0 0 0 0 0 0 0 0 0 0 0 0 0 0 0 0 0 0 0 0 0 0 0 0 0 0 0 0 0 0 0 0 0 0 0 0 0 0 0 0 0 0 0 0 0 0 0 0 0 0 0 0 0 0 0 0 0 0 0 0 0 0 0 0 0 0 0 0 0 0 0 0 0 0 0 0 0 0 0 0 0 0 0 0 0 0 0 0 0 0 0 0 0 0 0 0 0 0 0 0 0 0 0 0 0 0 0 0 0 0 0 0 0 0 0 0 0 0 0 0 0 0 0 0 0 0 0 0 0 0 0 0 0 0 0 0 0 0 0 0 0 0 0 0 0 0 0 0 0 0 0 0 0 0 0 0 0 0 0 0 0 0 0 0 0 0 0 0 0 0 0 0 0 0 0 0 0 0 0 0 0 0 0 0 0 0 0 0 0 0 0 0 0 0 0 0 0 0 0 0 0 0 0 0 0 0 0 0 0 0 0 0 0 0 0 0 0 0 0 0 0 0 0 0 0 0 0 0 0 0 0 0 0 0 0 0 0 0 0 0 0 0 0 0 0 0 0 0 0 0 0 0 0 0 0 0 0 0 0 0 0 0 0 0 0 0 0 0 0 0 0 0 0 0 0 0 0 0 0 0 0 0 0 0 0 0 0 0 0 0 0 0 0 0 0 0 0 0 0 0 0 0 0 0 0 0 0
ctxt 1895252125
btime 1790630938
processes 147728
procs_running 3
procs_blocked 0
softirq 1554344609 73526 3581420 2751504 1495837483 172276 0 13554447 23288034 410 15085509
