Running 10s test @ http://127.0.0.1:18500/json
  16 threads and 32 connections
  Thread Stats   Avg      Stdev     Max   +/- Stdev
    Latency   140.57us    9.55us 679.00us   57.29%
    Req/Sec    14.25k   681.42    15.54k    44.06%
  Latency Distribution
     50%  141.00us
     75%  149.00us
     90%  151.00us
     99%  156.00us
  2291400 requests in 10.10s, 273.16MB read
Requests/sec: 226872.32
Transfer/sec:     27.05MB
## server-stat
cpu  1508769 565 763227 13100701 33872 0 284776 0 0 0
cpu0 48446 10 22089 414877 838 0 9328 0 0 0
cpu1 48949 12 21880 416586 642 0 8798 0 0 0
cpu2 49321 10 21706 416858 406 0 8705 0 0 0
cpu3 50831 13 22453 413415 1209 0 9101 0 0 0
cpu4 51266 12 22242 413615 734 0 9212 0 0 0
cpu5 50192 12 21791 415892 383 0 8713 0 0 0
cpu6 49463 10 21695 416749 364 0 8683 0 0 0
cpu7 48160 8 21430 418331 248 0 8477 0 0 0
cpu8 35829 16 24378 417059 1117 0 5963 0 0 0
cpu9 40397 18 25309 409032 2455 0 6314 0 0 0
cpu10 39315 17 25093 411903 1279 0 6381 0 0 0
cpu11 36871 15 24086 417808 727 0 5986 0 0 0
cpu12 56753 87 26017 392383 3255 0 6600 0 0 0
cpu13 55481 19 26249 393935 2693 0 6727 0 0 0
cpu14 36399 13 23651 420336 892 0 5834 0 0 0
cpu15 34316 13 22133 425321 721 0 5301 0 0 0
cpu16 53837 8 22783 411247 370 0 8992 0 0 0
cpu17 53925 9 22887 409971 1299 0 9038 0 0 0
cpu18 53663 9 22751 411382 302 0 8931 0 0 0
cpu19 55791 11 23509 407467 710 0 9412 0 0 0
cpu20 56141 12 23477 407383 750 0 9377 0 0 0
cpu21 53660 9 22758 410787 625 0 9000 0 0 0
cpu22 52291 10 22635 411152 359 0 8879 0 0 0
cpu23 50491 12 22263 414576 343 0 8740 0 0 0
cpu24 39512 18 24831 415200 951 0 6507 0 0 0
cpu25 42859 21 26863 405252 1761 0 7554 0 0 0
cpu26 41645 18 26444 407767 1344 0 7352 0 0 0
cpu27 35527 10 23567 406657 1160 0 14249 0 0 0
cpu28 55919 29 28237 376008 2094 0 17989 0 0 0
cpu29 58512 68 28831 371553 2108 0 18199 0 0 0
cpu30 34762 11 24101 405481 910 0 14005 0 0 0
cpu31 38233 11 25073 414702 807 0 6416 0 0 0
intr 1438457708 126 0 0 0 0 0 0 0 0 1 0 0 0 0 0 0 0 0 0 0 0 0 0 0 0 0 0 1 1 1 0 0 0 0 1 0 1 0 0 75045 0 0 0 0 0 0 0 0 411 0 0 0 0 0 0 0 0 87 0 0 0 0 0 0 0 0 0 0 0 0 0 0 0 163151 2 34989963 34928901 34856060 34991003 0 4197 2421 2961 1596 3115 2666 2082 2574 1495 10608 18779 10618 8510 13531 15111 11399 7633 2714 1808 1539 2386 2273 1974 1674 1655 9150 7651 5510 5929 6756 6096 6348 8099 0 0 0 0 616344 3145 1036 0 264 0 0 0 0 0 0 0 0 0 0 0 0 0 0 0 0 0 0 0 0 0 0 0 0 0 0 0 0 0 0 0 0 0 0 0 0 0 0 0 0 0 0 0 0 0 0 0 0 0 0 0 0 0 0 0 0 0 0 0 0 0 0 0 0 0 0 0 0 0 0 0 0 0 0 0 0 0 0 0 0 0 0 0 0 0 0 0 0 0 0 0 0 0 0 0 0 0 0 0 0 0 0 0 0 0 0 0 0 0 0 0 0 0 0 0 0 0 0 0 0 0 0 0 0 0 0 0 0 0 0 0 0 0 0 0 0 0 0 0 0 0 0 0 0 0 0 0 0 0 0 0 0 0 0 0 0 0 0 0 0 0 0 0 0 0 0 0 0 0 0 0 0 0 0 0 0 0 0 0 0 0 0 0 0 0 0 0 0 0 0 0 0 0 0 0 0 0 0 0 0 0 0 0 0 0 0 0 0 0 0 0 0 0 0 0 0 0 0 0 0 0 0 0 0 0 0 0 0 0 0 0 0 0 0 0 0 0 0 0 0 0 0 0 0 0 0 0 0 0 0 0 0 0 0 0 0 0 0 0 0 0 0 0 0 0 0 0 0 0 0 0 0 0 0 0 0 0 0 0 0 0 0 0 0 0 0 0 0 0 0 0 0 0 0 0 0 0 0 0 0 0 0 0 0 0 0 0 0 0 0 0 0 0 0 0 0 0 0 0 0 0 0 0 0 0 0 0 0 0 0 0 0 0 0 0 0 0 0 0 0 0 0 0 0 0 0 0 0 0 0 0 0 0 0 0 0 0 0 0 0 0 0 0 0 0 0 0 0 0 0 0 0 0 0 0 0 0 0 0 0 0 0 0 0 0 0 0 0 0 0 0 0 0 0 0 0 0 0 0 0 0 0 0 0 0 0 0 0 0 0 0 0 0 0 0 0 0 0 0 0 0 0 0 0 0 0 0 0 0 0 0 0 0 0 0 0 0 0 0 0 0 0 0 0 0 0 0 0 0 0 0 0 0 0 0 0 0 0 0 0 0 0 0 0 0 0 0 0 0 0 0 0 0 0 0 0 0 0 0 0 0 0 0 0 0 0 0 0 0 0 0 0 0 0 0 0 0 0 0 0 0 0 0 0 0 0 0 0 0 0 0 0 0 0 0 0 0 0 0 0 0 0 0 0 0 0 0 0 0 0 0 0 0 0 0 0 0 0 0 0 0 0 0 0 0 0 0 0 0 0 0 0 0 0 0 0 0 0 0 0 0 0 0 0 0 0 0 0 0 0 0 0 0 0 0 0 0 0 0 0 0 0 0 0 0 0 0 0 0 0 0 0 0 0 0 0 0 0 0 0 0 0 0 0 0 0 0 0 0 0 0 0 0 0 0 0 0 0 0 0 0 0 0 0 0 0 0 0 0 0 0 0 0 0 0 0 0 0 0 0 0 0 0 0 0 0 0 0 0 0 0 0 0 0 0 0 0 0 0 0 0 0 0 0 0 0 0 0 0 0 0 0 0 0 0 0 0 0 0 0 0 0 0 0 0 0 0 0 0 0 0 0 0 0 0 0 0 0 0 0 0 0 0 0 0 0 0 0 0 0 0 0 0 0 0 0 0 0 0 0 0 0 0 0 0 0 0 0 0 0 0 0 0 0 0 0 0 0 0 0 0 0 0 0 0 0 0 0 0 0 0 0 0 0 0 0 0 0 0 0 0 0 0 0 0 0 0 0 0 0 0 0 0 0 0 0 0 0 0 0 0 0 0 0 0 0 0 0 0 0 0 0 0 0 0 0 0 0 0 0 0 0 0 0 0 0 0 0 0 0 0 0 0 0 0 0 0 0 0 0 0 0 0 0 0 0 0 0 0 0 0 0 0 0 0 0 0 0 0 0 0 0 0 0 0 0 0 0 0 0 0 0 0 0 0 0 0 0 0 0 0 0 0 0 0 0 0 0 0 0 0 0 0 0 0 0 0 0 0 0 0 0 0 0 0 0 0 0 0 0 0 0 0 0 0 0 0 0 0 0 0 0 0 0 0 0 0 0 0 0 0 0 0 0 0 0 0 0 0 0 0 0 0 0 0 0 0 0 0 0 0 0 0 0 0 0 0 0 0 0 0 0 0 0 0 0 0 0 0 0 0 0 0 0 0 0 0 0 0 0 0 0 0 0 0 0 0 0 0 0 0 0 0 0 0 0 0 0 0 0 0 0 0 0 0 0 0 0 0 0 0 0 0 0 0 0 0 0 0 0 0 0 0 0 0 0 0 0 0 0 0 0 0 0 0 0 0 0 0 0 0 0 0 0 0 0 0 0 0 0 0 0 0 0 0 0 0 0 0 0 0 0 0 0 0 0 0 0 0 0 0 0 0 0 0 0 0 0 0 0 0 0 0 0 0 0 0 0 0 0 0 0 0 0 0 0 0 0 0 0 0 0 0 0 0 0 0 0 0 0 0 0 0 0 0 0 0 0 0 0 0 0
ctxt 1852168037
btime 1790630938
processes 145026
procs_running 4
procs_blocked 0
softirq 1522163464 73526 3500895 2751482 1464130582 169809 0 13554360 23070875 410 14911525
--
cpu  1509609 565 763668 13123417 33885 0 285247 0 0 0
cpu0 48447 11 22089 415666 838 0 9330 0 0 0
cpu1 48950 12 21880 417384 642 0 8799 0 0 0
cpu2 49323 10 21707 417656 406 0 8705 0 0 0
cpu3 51208 13 22646 413417 1209 0 9330 0 0 0
cpu4 51380 12 22304 414169 734 0 9282 0 0 0
cpu5 50192 12 21791 416692 383 0 8713 0 0 0
cpu6 49464 10 21695 417535 376 0 8683 0 0 0
cpu7 48160 8 21431 419131 248 0 8477 0 0 0
cpu8 35831 16 24379 417804 1117 0 5963 0 0 0
cpu9 40402 18 25313 409716 2456 0 6315 0 0 0
cpu10 39318 17 25096 412602 1279 0 6382 0 0 0
cpu11 36872 15 24088 418530 727 0 5987 0 0 0
cpu12 56760 87 26022 393062 3255 0 6602 0 0 0
cpu13 55486 19 26257 394589 2693 0 6729 0 0 0
cpu14 36400 13 23652 421046 892 0 5835 0 0 0
cpu15 34319 13 22135 426063 721 0 5301 0 0 0
cpu16 53838 8 22783 412047 370 0 8992 0 0 0
cpu17 53926 9 22888 410769 1299 0 9038 0 0 0
cpu18 53663 9 22751 412181 302 0 8931 0 0 0
cpu19 55792 11 23509 408265 710 0 9412 0 0 0
cpu20 56408 12 23608 407629 750 0 9532 0 0 0
cpu21 53662 9 22758 411585 625 0 9000 0 0 0
cpu22 52291 10 22636 411951 359 0 8879 0 0 0
cpu23 50492 12 22264 415374 344 0 8740 0 0 0
cpu24 39514 18 24832 415963 951 0 6507 0 0 0
cpu25 42859 21 26865 405985 1761 0 7555 0 0 0
cpu26 41646 18 26446 408518 1344 0 7352 0 0 0
cpu27 35528 10 23568 407438 1160 0 14249 0 0 0
cpu28 55936 29 28243 376691 2094 0 17990 0 0 0
cpu29 58533 68 28839 372244 2108 0 18201 0 0 0
cpu30 34763 11 24102 406229 910 0 14005 0 0 0
cpu31 38234 11 25075 415472 807 0 6417 0 0 0
intr 1440280429 126 0 0 0 0 0 0 0 0 1 0 0 0 0 0 0 0 0 0 0 0 0 0 0 0 0 0 1 1 1 0 0 0 0 1 0 1 0 0 75045 0 0 0 0 0 0 0 0 411 0 0 0 0 0 0 0 0 87 0 0 0 0 0 0 0 0 0 0 0 0 0 0 0 163302 2 34990016 34928914 34856079 34991007 0 4201 2422 2961 1596 3115 2666 2082 2574 1507 10608 18782 10618 8510 13531 15111 11399 7633 2714 1808 1539 2386 2273 1974 1674 1655 9150 7651 5510 5929 6756 6096 6348 8099 0 0 0 0 616344 3145 1036 0 264 0 0 0 0 0 0 0 0 0 0 0 0 0 0 0 0 0 0 0 0 0 0 0 0 0 0 0 0 0 0 0 0 0 0 0 0 0 0 0 0 0 0 0 0 0 0 0 0 0 0 0 0 0 0 0 0 0 0 0 0 0 0 0 0 0 0 0 0 0 0 0 0 0 0 0 0 0 0 0 0 0 0 0 0 0 0 0 0 0 0 0 0 0 0 0 0 0 0 0 0 0 0 0 0 0 0 0 0 0 0 0 0 0 0 0 0 0 0 0 0 0 0 0 0 0 0 0 0 0 0 0 0 0 0 0 0 0 0 0 0 0 0 0 0 0 0 0 0 0 0 0 0 0 0 0 0 0 0 0 0 0 0 0 0 0 0 0 0 0 0 0 0 0 0 0 0 0 0 0 0 0 0 0 0 0 0 0 0 0 0 0 0 0 0 0 0 0 0 0 0 0 0 0 0 0 0 0 0 0 0 0 0 0 0 0 0 0 0 0 0 0 0 0 0 0 0 0 0 0 0 0 0 0 0 0 0 0 0 0 0 0 0 0 0 0 0 0 0 0 0 0 0 0 0 0 0 0 0 0 0 0 0 0 0 0 0 0 0 0 0 0 0 0 0 0 0 0 0 0 0 0 0 0 0 0 0 0 0 0 0 0 0 0 0 0 0 0 0 0 0 0 0 0 0 0 0 0 0 0 0 0 0 0 0 0 0 0 0 0 0 0 0 0 0 0 0 0 0 0 0 0 0 0 0 0 0 0 0 0 0 0 0 0 0 0 0 0 0 0 0 0 0 0 0 0 0 0 0 0 0 0 0 0 0 0 0 0 0 0 0 0 0 0 0 0 0 0 0 0 0 0 0 0 0 0 0 0 0 0 0 0 0 0 0 0 0 0 0 0 0 0 0 0 0 0 0 0 0 0 0 0 0 0 0 0 0 0 0 0 0 0 0 0 0 0 0 0 0 0 0 0 0 0 0 0 0 0 0 0 0 0 0 0 0 0 0 0 0 0 0 0 0 0 0 0 0 0 0 0 0 0 0 0 0 0 0 0 0 0 0 0 0 0 0 0 0 0 0 0 0 0 0 0 0 0 0 0 0 0 0 0 0 0 0 0 0 0 0 0 0 0 0 0 0 0 0 0 0 0 0 0 0 0 0 0 0 0 0 0 0 0 0 0 0 0 0 0 0 0 0 0 0 0 0 0 0 0 0 0 0 0 0 0 0 0 0 0 0 0 0 0 0 0 0 0 0 0 0 0 0 0 0 0 0 0 0 0 0 0 0 0 0 0 0 0 0 0 0 0 0 0 0 0 0 0 0 0 0 0 0 0 0 0 0 0 0 0 0 0 0 0 0 0 0 0 0 0 0 0 0 0 0 0 0 0 0 0 0 0 0 0 0 0 0 0 0 0 0 0 0 0 0 0 0 0 0 0 0 0 0 0 0 0 0 0 0 0 0 0 0 0 0 0 0 0 0 0 0 0 0 0 0 0 0 0 0 0 0 0 0 0 0 0 0 0 0 0 0 0 0 0 0 0 0 0 0 0 0 0 0 0 0 0 0 0 0 0 0 0 0 0 0 0 0 0 0 0 0 0 0 0 0 0 0 0 0 0 0 0 0 0 0 0 0 0 0 0 0 0 0 0 0 0 0 0 0 0 0 0 0 0 0 0 0 0 0 0 0 0 0 0 0 0 0 0 0 0 0 0 0 0 0 0 0 0 0 0 0 0 0 0 0 0 0 0 0 0 0 0 0 0 0 0 0 0 0 0 0 0 0 0 0 0 0 0 0 0 0 0 0 0 0 0 0 0 0 0 0 0 0 0 0 0 0 0 0 0 0 0 0 0 0 0 0 0 0 0 0 0 0 0 0 0 0 0 0 0 0 0 0 0 0 0 0 0 0 0 0 0 0 0 0 0 0 0 0 0 0 0 0 0 0 0 0 0 0 0 0 0 0 0 0 0 0 0 0 0 0 0 0 0 0 0 0 0 0 0 0 0 0 0 0 0 0 0 0 0 0 0 0 0 0 0 0 0 0 0 0 0 0 0 0 0 0 0 0 0 0 0 0 0 0 0 0 0 0 0 0 0 0 0 0 0 0 0 0 0 0 0 0 0 0 0 0 0 0 0 0 0 0 0 0 0 0 0 0 0 0 0 0 0 0 0 0 0 0 0 0 0 0 0 0 0 0 0 0 0 0 0 0 0 0 0 0 0 0 0 0 0 0 0 0 0 0 0 0 0 0 0 0 0 0 0 0 0 0 0 0 0 0 0 0 0 0 0 0 0 0 0 0 0 0 0 0 0 0 0 0 0 0 0 0 0 0 0 0 0 0 0 0 0 0 0 0 0 0 0 0 0 0 0 0 0 0 0 0 0 0 0 0 0 0 0 0 0 0 0 0 0 0 0 0 0 0 0 0 0 0 0 0 0 0 0 0 0 0 0 0 0 0 0 0 0 0 0 0 0 0 0 0 0 0
ctxt 1855738844
btime 1790630938
processes 145073
procs_running 5
procs_blocked 0
softirq 1525817098 73526 3504269 2751482 1467761476 169966 0 13554360 23082360 410 14919249
