Running 10s test @ http://127.0.0.1:18500/page
  16 threads and 32 connections
  Thread Stats   Avg      Stdev     Max   +/- Stdev
    Latency   553.60us  210.78us   2.08ms   70.95%
    Req/Sec     3.66k     1.09k    5.92k    79.58%
  Latency Distribution
     50%  681.00us
     75%  688.00us
     90%  719.00us
     99%    1.37ms
  588989 requests in 10.10s, 5.66GB read
Requests/sec:  58315.79
Transfer/sec:    573.94MB
## server-stat
cpu  1515750 572 765748 13348758 34029 0 287164 0 0 0
cpu0 48458 11 22094 423101 838 0 9336 0 0 0
cpu1 48953 13 21882 424881 642 0 8800 0 0 0
cpu2 49326 10 21708 425155 406 0 8705 0 0 0
cpu3 53590 13 23404 416984 1209 0 10127 0 0 0
cpu4 52583 13 22593 419925 734 0 9541 0 0 0
cpu5 50195 12 21793 424188 384 0 8714 0 0 0
cpu6 49465 10 21696 425037 376 0 8683 0 0 0
cpu7 48161 9 21432 426632 249 0 8477 0 0 0
cpu8 35847 17 24389 425112 1118 0 5967 0 0 0
cpu9 40417 19 25336 416741 2460 0 6324 0 0 0
cpu10 39334 18 25118 419618 1281 0 6389 0 0 0
cpu11 36881 15 24099 425728 727 0 5990 0 0 0
cpu12 56898 88 26070 399837 3284 0 6613 0 0 0
cpu13 55601 19 26306 401362 2727 0 6745 0 0 0
cpu14 36413 13 23672 428131 901 0 5840 0 0 0
cpu15 34329 14 22148 433254 721 0 5306 0 0 0
cpu16 53845 8 22787 419525 384 0 8992 0 0 0
cpu17 53931 9 22890 418265 1300 0 9039 0 0 0
cpu18 53668 9 22754 419679 302 0 8931 0 0 0
cpu19 56189 11 23631 415137 710 0 9527 0 0 0
cpu20 57916 12 24182 412410 750 0 10176 0 0 0
cpu21 53665 9 22760 419084 625 0 9000 0 0 0
cpu22 52292 10 22637 419450 362 0 8879 0 0 0
cpu23 50495 12 22266 422872 345 0 8740 0 0 0
cpu24 39527 18 24841 423201 972 0 6510 0 0 0
cpu25 42893 21 26881 413155 1781 0 7559 0 0 0
cpu26 41663 19 26458 415795 1344 0 7356 0 0 0
cpu27 35541 10 23576 414813 1161 0 14250 0 0 0
cpu28 56041 29 28270 383811 2094 0 17999 0 0 0
cpu29 58603 68 28867 379374 2109 0 18211 0 0 0
cpu30 34772 11 24113 413593 910 0 14007 0 0 0
cpu31 38246 11 25080 422890 807 0 6418 0 0 0
intr 1447873828 126 0 0 0 0 0 0 0 0 1 0 0 0 0 0 0 0 0 0 0 0 0 0 0 0 0 0 1 1 1 0 0 0 0 1 0 1 0 0 75045 0 0 0 0 0 0 0 0 411 0 0 0 0 0 0 0 0 87 0 0 0 0 0 0 0 0 0 0 0 0 0 0 0 164632 2 34990542 34929268 34856310 34991262 0 4262 2422 2961 1596 3115 2667 2083 2574 1509 10610 18851 10636 8515 13532 15219 11402 7634 2717 1808 1539 2387 2273 1974 1674 1672 9152 7653 5515 5931 6756 6126 6373 8104 0 0 0 0 616348 3158 1036 0 264 0 0 0 0 0 0 0 0 0 0 0 0 0 0 0 0 0 0 0 0 0 0 0 0 0 0 0 0 0 0 0 0 0 0 0 0 0 0 0 0 0 0 0 0 0 0 0 0 0 0 0 0 0 0 0 0 0 0 0 0 0 0 0 0 0 0 0 0 0 0 0 0 0 0 0 0 0 0 0 0 0 0 0 0 0 0 0 0 0 0 0 0 0 0 0 0 0 0 0 0 0 0 0 0 0 0 0 0 0 0 0 0 0 0 0 0 0 0 0 0 0 0 0 0 0 0 0 0 0 0 0 0 0 0 0 0 0 0 0 0 0 0 0 0 0 0 0 0 0 0 0 0 0 0 0 0 0 0 0 0 0 0 0 0 0 0 0 0 0 0 0 0 0 0 0 0 0 0 0 0 0 0 0 0 0 0 0 0 0 0 0 0 0 0 0 0 0 0 0 0 0 0 0 0 0 0 0 0 0 0 0 0 0 0 0 0 0 0 0 0 0 0 0 0 0 0 0 0 0 0 0 0 0 0 0 0 0 0 0 0 0 0 0 0 0 0 0 0 0 0 0 0 0 0 0 0 0 0 0 0 0 0 0 0 0 0 0 0 0 0 0 0 0 0 0 0 0 0 0 0 0 0 0 0 0 0 0 0 0 0 0 0 0 0 0 0 0 0 0 0 0 0 0 0 0 0 0 0 0 0 0 0 0 0 0 0 0 0 0 0 0 0 0 0 0 0 0 0 0 0 0 0 0 0 0 0 0 0 0 0 0 0 0 0 0 0 0 0 0 0 0 0 0 0 0 0 0 0 0 0 0 0 0 0 0 0 0 0 0 0 0 0 0 0 0 0 0 0 0 0 0 0 0 0 0 0 0 0 0 0 0 0 0 0 0 0 0 0 0 0 0 0 0 0 0 0 0 0 0 0 0 0 0 0 0 0 0 0 0 0 0 0 0 0 0 0 0 0 0 0 0 0 0 0 0 0 0 0 0 0 0 0 0 0 0 0 0 0 0 0 0 0 0 0 0 0 0 0 0 0 0 0 0 0 0 0 0 0 0 0 0 0 0 0 0 0 0 0 0 0 0 0 0 0 0 0 0 0 0 0 0 0 0 0 0 0 0 0 0 0 0 0 0 0 0 0 0 0 0 0 0 0 0 0 0 0 0 0 0 0 0 0 0 0 0 0 0 0 0 0 0 0 0 0 0 0 0 0 0 0 0 0 0 0 0 0 0 0 0 0 0 0 0 0 0 0 0 0 0 0 0 0 0 0 0 0 0 0 0 0 0 0 0 0 0 0 0 0 0 0 0 0 0 0 0 0 0 0 0 0 0 0 0 0 0 0 0 0 0 0 0 0 0 0 0 0 0 0 0 0 0 0 0 0 0 0 0 0 0 0 0 0 0 0 0 0 0 0 0 0 0 0 0 0 0 0 0 0 0 0 0 0 0 0 0 0 0 0 0 0 0 0 0 0 0 0 0 0 0 0 0 0 0 0 0 0 0 0 0 0 0 0 0 0 0 0 0 0 0 0 0 0 0 0 0 0 0 0 0 0 0 0 0 0 0 0 0 0 0 0 0 0 0 0 0 0 0 0 0 0 0 0 0 0 0 0 0 0 0 0 0 0 0 0 0 0 0 0 0 0 0 0 0 0 0 0 0 0 0 0 0 0 0 0 0 0 0 0 0 0 0 0 0 0 0 0 0 0 0 0 0 0 0 0 0 0 0 0 0 0 0 0 0 0 0 0 0 0 0 0 0 0 0 0 0 0 0 0 0 0 0 0 0 0 0 0 0 0 0 0 0 0 0 0 0 0 0 0 0 0 0 0 0 0 0 0 0 0 0 0 0 0 0 0 0 0 0 0 0 0 0 0 0 0 0 0 0 0 0 0 0 0 0 0 0 0 0 0 0 0 0 0 0 0 0 0 0 0 0 0 0 0 0 0 0 0 0 0 0 0 0 0 0 0 0 0 0 0 0 0 0 0 0 0 0 0 0 0 0 0 0 0 0 0 0 0 0 0 0 0 0 0 0 0 0 0 0 0 0 0 0 0 0 0 0 0 0 0 0 0 0 0 0 0 0 0 0 0 0 0 0 0 0 0 0 0 0 0 0 0 0 0 0 0 0 0 0 0 0 0 0 0 0 0 0 0 0 0 0 0 0 0 0 0 0 0 0 0 0 0 0 0 0 0 0 0 0 0 0 0 0 0 0 0 0 0 0 0 0 0 0 0 0 0 0 0 0 0 0 0 0 0 0 0 0 0 0 0 0 0 0 0 0 0 0 0 0 0 0 0 0 0 0 0 0 0 0 0 0 0 0 0 0 0 0 0 0 0 0 0 0 0 0 0 0 0 0 0 0 0 0 0 0 0 0 0 0 0 0 0 0 0 0 0 0 0 0 0 0 0 0 0 0 0 0 0 0 0 0 0 0 0 0 0 0 0 0 0 0 0 0 0 0 0 0 0 0 0 0 0 0 0
ctxt 1870205164
btime 1790630938
processes 146541
procs_running 5
procs_blocked 0
softirq 1540426291 73526 3530970 2751497 1482192807 171368 0 13554417 23166146 410 14985150
--
cpu  1517069 573 765953 13372319 34031 0 287320 0 0 0
cpu0 48458 11 22094 423892 838 0 9336 0 0 0
cpu1 48953 13 21882 425680 642 0 8800 0 0 0
cpu2 49326 10 21708 425955 406 0 8705 0 0 0
cpu3 53770 13 23429 417557 1209 0 10149 0 0 0
cpu4 52966 13 22651 420241 734 0 9584 0 0 0
cpu5 50195 12 21793 424987 384 0 8714 0 0 0
cpu6 49465 10 21697 425837 376 0 8683 0 0 0
cpu7 48161 9 21432 427432 249 0 8477 0 0 0
cpu8 35848 17 24390 425895 1118 0 5968 0 0 0
cpu9 40419 19 25338 417497 2461 0 6325 0 0 0
cpu10 39334 18 25118 420391 1281 0 6390 0 0 0
cpu11 36881 15 24099 426510 727 0 5990 0 0 0
cpu12 56900 88 26074 400567 3284 0 6616 0 0 0
cpu13 55604 19 26307 402093 2727 0 6747 0 0 0
cpu14 36413 13 23672 428903 901 0 5840 0 0 0
cpu15 34331 14 22149 434038 721 0 5306 0 0 0
cpu16 53846 8 22787 420323 384 0 8992 0 0 0
cpu17 53931 9 22890 419065 1300 0 9039 0 0 0
cpu18 53668 9 22754 420478 302 0 8931 0 0 0
cpu19 56641 11 23701 415364 710 0 9577 0 0 0
cpu20 58166 12 24218 412894 750 0 10206 0 0 0
cpu21 53665 9 22760 419884 625 0 9000 0 0 0
cpu22 52292 10 22638 420250 362 0 8879 0 0 0
cpu23 50495 12 22266 423672 345 0 8740 0 0 0
cpu24 39529 18 24841 423997 972 0 6510 0 0 0
cpu25 42895 21 26882 413926 1781 0 7559 0 0 0
cpu26 41664 19 26458 416588 1345 0 7356 0 0 0
cpu27 35542 10 23577 415607 1161 0 14250 0 0 0
cpu28 56068 29 28272 384572 2094 0 17999 0 0 0
cpu29 58611 68 28868 380143 2109 0 18212 0 0 0
cpu30 34772 11 24114 414381 911 0 14007 0 0 0
cpu31 38246 11 25080 423684 807 0 6418 0 0 0
intr 1448417663 126 0 0 0 0 0 0 0 0 1 0 0 0 0 0 0 0 0 0 0 0 0 0 0 0 0 0 1 1 1 0 0 0 0 1 0 1 0 0 75045 0 0 0 0 0 0 0 0 411 0 0 0 0 0 0 0 0 87 0 0 0 0 0 0 0 0 0 0 0 0 0 0 0 164632 2 34990584 34929285 34856331 34991267 0 4270 2422 2961 1596 3115 2667 2083 2574 1509 10610 18857 10636 8515 13532 15219 11402 7634 2717 1808 1539 2387 2273 1974 1674 1672 9152 7653 5515 5931 6756 6126 6375 8104 0 0 0 0 616348 3158 1036 0 264 0 0 0 0 0 0 0 0 0 0 0 0 0 0 0 0 0 0 0 0 0 0 0 0 0 0 0 0 0 0 0 0 0 0 0 0 0 0 0 0 0 0 0 0 0 0 0 0 0 0 0 0 0 0 0 0 0 0 0 0 0 0 0 0 0 0 0 0 0 0 0 0 0 0 0 0 0 0 0 0 0 0 0 0 0 0 0 0 0 0 0 0 0 0 0 0 0 0 0 0 0 0 0 0 0 0 0 0 0 0 0 0 0 0 0 0 0 0 0 0 0 0 0 0 0 0 0 0 0 0 0 0 0 0 0 0 0 0 0 0 0 0 0 0 0 0 0 0 0 0 0 0 0 0 0 0 0 0 0 0 0 0 0 0 0 0 0 0 0 0 0 0 0 0 0 0 0 0 0 0 0 0 0 0 0 0 0 0 0 0 0 0 0 0 0 0 0 0 0 0 0 0 0 0 0 0 0 0 0 0 0 0 0 0 0 0 0 0 0 0 0 0 0 0 0 0 0 0 0 0 0 0 0 0 0 0 0 0 0 0 0 0 0 0 0 0 0 0 0 0 0 0 0 0 0 0 0 0 0 0 0 0 0 0 0 0 0 0 0 0 0 0 0 0 0 0 0 0 0 0 0 0 0 0 0 0 0 0 0 0 0 0 0 0 0 0 0 0 0 0 0 0 0 0 0 0 0 0 0 0 0 0 0 0 0 0 0 0 0 0 0 0 0 0 0 0 0 0 0 0 0 0 0 0 0 0 0 0 0 0 0 0 0 0 0 0 0 0 0 0 0 0 0 0 0 0 0 0 0 0 0 0 0 0 0 0 0 0 0 0 0 0 0 0 0 0 0 0 0 0 0 0 0 0 0 0 0 0 0 0 0 0 0 0 0 0 0 0 0 0 0 0 0 0 0 0 0 0 0 0 0 0 0 0 0 0 0 0 0 0 0 0 0 0 0 0 0 0 0 0 0 0 0 0 0 0 0 0 0 0 0 0 0 0 0 0 0 0 0 0 0 0 0 0 0 0 0 0 0 0 0 0 0 0 0 0 0 0 0 0 0 0 0 0 0 0 0 0 0 0 0 0 0 0 0 0 0 0 0 0 0 0 0 0 0 0 0 0 0 0 0 0 0 0 0 0 0 0 0 0 0 0 0 0 0 0 0 0 0 0 0 0 0 0 0 0 0 0 0 0 0 0 0 0 0 0 0 0 0 0 0 0 0 0 0 0 0 0 0 0 0 0 0 0 0 0 0 0 0 0 0 0 0 0 0 0 0 0 0 0 0 0 0 0 0 0 0 0 0 0 0 0 0 0 0 0 0 0 0 0 0 0 0 0 0 0 0 0 0 0 0 0 0 0 0 0 0 0 0 0 0 0 0 0 0 0 0 0 0 0 0 0 0 0 0 0 0 0 0 0 0 0 0 0 0 0 0 0 0 0 0 0 0 0 0 0 0 0 0 0 0 0 0 0 0 0 0 0 0 0 0 0 0 0 0 0 0 0 0 0 0 0 0 0 0 0 0 0 0 0 0 0 0 0 0 0 0 0 0 0 0 0 0 0 0 0 0 0 0 0 0 0 0 0 0 0 0 0 0 0 0 0 0 0 0 0 0 0 0 0 0 0 0 0 0 0 0 0 0 0 0 0 0 0 0 0 0 0 0 0 0 0 0 0 0 0 0 0 0 0 0 0 0 0 0 0 0 0 0 0 0 0 0 0 0 0 0 0 0 0 0 0 0 0 0 0 0 0 0 0 0 0 0 0 0 0 0 0 0 0 0 0 0 0 0 0 0 0 0 0 0 0 0 0 0 0 0 0 0 0 0 0 0 0 0 0 0 0 0 0 0 0 0 0 0 0 0 0 0 0 0 0 0 0 0 0 0 0 0 0 0 0 0 0 0 0 0 0 0 0 0 0 0 0 0 0 0 0 0 0 0 0 0 0 0 0 0 0 0 0 0 0 0 0 0 0 0 0 0 0 0 0 0 0 0 0 0 0 0 0 0 0 0 0 0 0 0 0 0 0 0 0 0 0 0 0 0 0 0 0 0 0 0 0 0 0 0 0 0 0 0 0 0 0 0 0 0 0 0 0 0 0 0 0 0 0 0 0 0 0 0 0 0 0 0 0 0 0 0 0 0 0 0 0 0 0 0 0 0 0 0 0 0 0 0 0 0 0 0 0 0 0 0 0 0 0 0 0 0 0 0 0 0 0 0 0 0 0 0 0 0 0 0 0 0 0 0 0 0 0 0 0 0 0 0 0 0 0 0 0 0 0 0 0 0 0 0 0 0 0 0 0 0 0 0 0 0 0 0 0 0 0 0 0 0 0 0 0 0 0 0 0 0 0 0 0 0 0 0 0 0 0 0 0 0 0 0 0 0 0 0 0 0 0 0 0 0 0 0 0 0 0 0 0 0 0 0 0 0 0 0 0 0 0 0 0 0 0 0 0 0 0 0 0 0 0 0 0 0 0 0 0
ctxt 1871181546
btime 1790630938
processes 146598
procs_running 4
procs_blocked 0
softirq 1541381239 73526 3533614 2751497 1483126874 171376 0 13554417 23176684 410 14992841
