Running 10s test @ http://127.0.0.1:18500/json
  16 threads and 32 connections
  Thread Stats   Avg      Stdev     Max   +/- Stdev
    Latency    88.52us   41.89us   1.94ms   82.53%
    Req/Sec    23.10k   222.45    23.69k    66.77%
  Latency Distribution
     50%   80.00us
     75%   99.00us
     90%  135.00us
     99%  234.00us
  3713997 requests in 10.10s, 626.92MB read
Requests/sec: 367739.81
Transfer/sec:     62.07MB
## server-stat
cpu  1532923 578 772108 13583579 34181 0 291111 0 0 0
cpu0 49426 11 22425 429775 838 0 9547 0 0 0
cpu1 49882 13 22213 431621 643 0 9003 0 0 0
cpu2 50226 10 22027 431992 406 0 8905 0 0 0
cpu3 54842 13 23769 423304 1209 0 10361 0 0 0
cpu4 54053 13 22982 425976 734 0 9811 0 0 0
cpu5 51058 12 22101 431074 384 0 8908 0 0 0
cpu6 50269 10 21983 432076 376 0 8866 0 0 0
cpu7 48896 9 21694 433831 249 0 8630 0 0 0
cpu8 35865 17 24447 433248 1121 0 6004 0 0 0
cpu9 40450 19 25417 424593 2463 0 6368 0 0 0
cpu10 39359 18 25191 427549 1285 0 6431 0 0 0
cpu11 36900 15 24157 433844 729 0 6022 0 0 0
cpu12 56998 88 26204 407472 3286 0 6677 0 0 0
cpu13 55702 20 26430 408871 2756 0 6812 0 0 0
cpu14 36433 13 23733 436133 920 0 5875 0 0 0
cpu15 34345 14 22192 441439 730 0 5332 0 0 0
cpu16 54893 8 23101 426197 384 0 9193 0 0 0
cpu17 54879 9 23198 425039 1300 0 9231 0 0 0
cpu18 54572 9 23045 426553 302 0 9108 0 0 0
cpu19 57820 11 24039 420997 710 0 9795 0 0 0
cpu20 59355 12 24555 418523 750 0 10423 0 0 0
cpu21 54553 9 23050 425981 625 0 9188 0 0 0
cpu22 53103 10 22912 426514 362 0 9047 0 0 0
cpu23 51255 12 22526 430072 345 0 8900 0 0 0
cpu24 39549 18 24902 431343 974 0 6545 0 0 0
cpu25 42928 21 26953 421221 1782 0 7601 0 0 0
cpu26 41688 19 26524 423914 1345 0 7400 0 0 0
cpu27 35556 10 23633 422992 1169 0 14284 0 0 0
cpu28 56213 30 28395 391503 2152 0 18064 0 0 0
cpu29 58786 68 28993 387095 2117 0 18274 0 0 0
cpu30 34793 12 24173 421721 911 0 14043 0 0 0
cpu31 38262 11 25128 431101 808 0 6450 0 0 0
intr 1474163070 126 0 0 0 0 0 0 0 0 1 0 0 0 0 0 0 0 0 0 0 0 0 0 0 0 0 0 1 1 1 0 0 0 0 1 0 1 0 0 75045 0 0 0 0 0 0 0 0 411 0 0 0 0 0 0 0 0 87 0 0 0 0 0 0 0 0 0 0 0 0 0 0 0 165994 2 34991123 34929570 34856852 34991538 0 4331 2422 2961 1597 3115 2667 2083 2574 1509 10612 18875 10640 8523 13536 15219 11405 7635 2717 1809 1542 2389 2273 1974 1674 1672 9157 7711 5545 5976 6819 6253 6378 8109 0 0 0 0 616352 3167 1036 0 264 0 0 0 0 0 0 0 0 0 0 0 0 0 0 0 0 0 0 0 0 0 0 0 0 0 0 0 0 0 0 0 0 0 0 0 0 0 0 0 0 0 0 0 0 0 0 0 0 0 0 0 0 0 0 0 0 0 0 0 0 0 0 0 0 0 0 0 0 0 0 0 0 0 0 0 0 0 0 0 0 0 0 0 0 0 0 0 0 0 0 0 0 0 0 0 0 0 0 0 0 0 0 0 0 0 0 0 0 0 0 0 0 0 0 0 0 0 0 0 0 0 0 0 0 0 0 0 0 0 0 0 0 0 0 0 0 0 0 0 0 0 0 0 0 0 0 0 0 0 0 0 0 0 0 0 0 0 0 0 0 0 0 0 0 0 0 0 0 0 0 0 0 0 0 0 0 0 0 0 0 0 0 0 0 0 0 0 0 0 0 0 0 0 0 0 0 0 0 0 0 0 0 0 0 0 0 0 0 0 0 0 0 0 0 0 0 0 0 0 0 0 0 0 0 0 0 0 0 0 0 0 0 0 0 0 0 0 0 0 0 0 0 0 0 0 0 0 0 0 0 0 0 0 0 0 0 0 0 0 0 0 0 0 0 0 0 0 0 0 0 0 0 0 0 0 0 0 0 0 0 0 0 0 0 0 0 0 0 0 0 0 0 0 0 0 0 0 0 0 0 0 0 0 0 0 0 0 0 0 0 0 0 0 0 0 0 0 0 0 0 0 0 0 0 0 0 0 0 0 0 0 0 0 0 0 0 0 0 0 0 0 0 0 0 0 0 0 0 0 0 0 0 0 0 0 0 0 0 0 0 0 0 0 0 0 0 0 0 0 0 0 0 0 0 0 0 0 0 0 0 0 0 0 0 0 0 0 0 0 0 0 0 0 0 0 0 0 0 0 0 0 0 0 0 0 0 0 0 0 0 0 0 0 0 0 0 0 0 0 0 0 0 0 0 0 0 0 0 0 0 0 0 0 0 0 0 0 0 0 0 0 0 0 0 0 0 0 0 0 0 0 0 0 0 0 0 0 0 0 0 0 0 0 0 0 0 0 0 0 0 0 0 0 0 0 0 0 0 0 0 0 0 0 0 0 0 0 0 0 0 0 0 0 0 0 0 0 0 0 0 0 0 0 0 0 0 0 0 0 0 0 0 0 0 0 0 0 0 0 0 0 0 0 0 0 0 0 0 0 0 0 0 0 0 0 0 0 0 0 0 0 0 0 0 0 0 0 0 0 0 0 0 0 0 0 0 0 0 0 0 0 0 0 0 0 0 0 0 0 0 0 0 0 0 0 0 0 0 0 0 0 0 0 0 0 0 0 0 0 0 0 0 0 0 0 0 0 0 0 0 0 0 0 0 0 0 0 0 0 0 0 0 0 0 0 0 0 0 0 0 0 0 0 0 0 0 0 0 0 0 0 0 0 0 0 0 0 0 0 0 0 0 0 0 0 0 0 0 0 0 0 0 0 0 0 0 0 0 0 0 0 0 0 0 0 0 0 0 0 0 0 0 0 0 0 0 0 0 0 0 0 0 0 0 0 0 0 0 0 0 0 0 0 0 0 0 0 0 0 0 0 0 0 0 0 0 0 0 0 0 0 0 0 0 0 0 0 0 0 0 0 0 0 0 0 0 0 0 0 0 0 0 0 0 0 0 0 0 0 0 0 0 0 0 0 0 0 0 0 0 0 0 0 0 0 0 0 0 0 0 0 0 0 0 0 0 0 0 0 0 0 0 0 0 0 0 0 0 0 0 0 0 0 0 0 0 0 0 0 0 0 0 0 0 0 0 0 0 0 0 0 0 0 0 0 0 0 0 0 0 0 0 0 0 0 0 0 0 0 0 0 0 0 0 0 0 0 0 0 0 0 0 0 0 0 0 0 0 0 0 0 0 0 0 0 0 0 0 0 0 0 0 0 0 0 0 0 0 0 0 0 0 0 0 0 0 0 0 0 0 0 0 0 0 0 0 0 0 0 0 0 0 0 0 0 0 0 0 0 0 0 0 0 0 0 0 0 0 0 0 0 0 0 0 0 0 0 0 0 0 0 0 0 0 0 0 0 0 0 0 0 0 0 0 0 0 0 0 0 0 0 0 0 0 0 0 0 0 0 0 0 0 0 0 0 0 0 0 0 0 0 0 0 0 0 0 0 0 0 0 0 0 0 0 0 0 0 0 0 0 0 0 0 0 0 0 0 0 0 0 0 0 0 0 0 0 0 0 0 0 0 0 0 0 0 0 0 0 0 0 0 0 0 0 0 0 0 0 0 0 0 0 0 0 0 0 0 0 0 0 0 0 0 0 0 0 0 0 0 0 0 0 0 0 0 0 0 0 0 0 0 0 0 0 0 0 0 0 0 0 0 0 0 0 0 0 0 0 0 0 0 0 0 0 0 0 0 0 0 0 0 0 0 0 0 0 0 0 0 0 0 0 0 0 0 0 0 0 0 0 0 0 0 0 0 0 0 0 0 0 0 0
ctxt 1914779639
btime 1790630938
processes 148392
procs_running 2
procs_blocked 0
softirq 1567691257 73526 3590984 2751508 1508911198 172831 0 13554479 23448309 410 15188012
--
cpu  1538010 579 773810 13598722 34193 0 292087 0 0 0
cpu0 49729 11 22508 430090 838 0 9593 0 0 0
cpu1 50181 13 22293 431940 643 0 9048 0 0 0
cpu2 50518 10 22113 432315 406 0 8953 0 0 0
cpu3 55161 13 23852 423611 1209 0 10406 0 0 0
cpu4 54377 13 23064 426275 734 0 9856 0 0 0
cpu5 51354 12 22184 431396 384 0 8957 0 0 0
cpu6 50553 10 22067 432408 376 0 8915 0 0 0
cpu7 49168 9 21779 434170 249 0 8677 0 0 0
cpu8 35869 17 24468 433899 1121 0 6018 0 0 0
cpu9 40454 19 25441 425234 2463 0 6383 0 0 0
cpu10 39362 18 25214 428189 1289 0 6443 0 0 0
cpu11 36903 15 24173 434508 729 0 6032 0 0 0
cpu12 57004 88 26230 408110 3286 0 6690 0 0 0
cpu13 55709 20 26460 409503 2756 0 6825 0 0 0
cpu14 36435 13 23750 436823 920 0 5885 0 0 0
cpu15 34347 14 22205 442145 730 0 5340 0 0 0
cpu16 55232 8 23180 426482 384 0 9239 0 0 0
cpu17 55208 9 23282 425330 1300 0 9277 0 0 0
cpu18 54891 9 23127 426854 302 0 9155 0 0 0
cpu19 58179 11 24114 421268 710 0 9839 0 0 0
cpu20 59708 12 24636 418794 750 0 10465 0 0 0
cpu21 54857 9 23134 426290 625 0 9232 0 0 0
cpu22 53398 10 22997 426829 362 0 9096 0 0 0
cpu23 51542 12 22609 430396 345 0 8951 0 0 0
cpu24 39553 18 24926 431987 974 0 6559 0 0 0
cpu25 42935 21 26981 421831 1783 0 7620 0 0 0
cpu26 41693 19 26550 424526 1346 0 7417 0 0 0
cpu27 35560 10 23653 423625 1169 0 14300 0 0 0
cpu28 56237 30 28430 392090 2152 0 18083 0 0 0
cpu29 58816 69 29036 387670 2123 0 18296 0 0 0
cpu30 34797 12 24193 422369 911 0 14058 0 0 0
cpu31 38266 12 25148 431751 808 0 6465 0 0 0
intr 1480216471 126 0 0 0 0 0 0 0 0 1 0 0 0 0 0 0 0 0 0 0 0 0 0 0 0 0 0 1 1 1 0 0 0 0 1 0 1 0 0 75045 0 0 0 0 0 0 0 0 411 0 0 0 0 0 0 0 0 87 0 0 0 0 0 0 0 0 0 0 0 0 0 0 0 166130 2 34991169 34929589 34856866 34991547 0 4339 2422 2961 1597 3115 2667 2083 2574 1509 10612 18876 10640 8523 13537 15219 11405 7635 2717 1809 1542 2389 2273 1974 1674 1672 9157 7717 5545 5976 6822 6255 6378 8110 0 0 0 0 616356 3167 1036 0 264 0 0 0 0 0 0 0 0 0 0 0 0 0 0 0 0 0 0 0 0 0 0 0 0 0 0 0 0 0 0 0 0 0 0 0 0 0 0 0 0 0 0 0 0 0 0 0 0 0 0 0 0 0 0 0 0 0 0 0 0 0 0 0 0 0 0 0 0 0 0 0 0 0 0 0 0 0 0 0 0 0 0 0 0 0 0 0 0 0 0 0 0 0 0 0 0 0 0 0 0 0 0 0 0 0 0 0 0 0 0 0 0 0 0 0 0 0 0 0 0 0 0 0 0 0 0 0 0 0 0 0 0 0 0 0 0 0 0 0 0 0 0 0 0 0 0 0 0 0 0 0 0 0 0 0 0 0 0 0 0 0 0 0 0 0 0 0 0 0 0 0 0 0 0 0 0 0 0 0 0 0 0 0 0 0 0 0 0 0 0 0 0 0 0 0 0 0 0 0 0 0 0 0 0 0 0 0 0 0 0 0 0 0 0 0 0 0 0 0 0 0 0 0 0 0 0 0 0 0 0 0 0 0 0 0 0 0 0 0 0 0 0 0 0 0 0 0 0 0 0 0 0 0 0 0 0 0 0 0 0 0 0 0 0 0 0 0 0 0 0 0 0 0 0 0 0 0 0 0 0 0 0 0 0 0 0 0 0 0 0 0 0 0 0 0 0 0 0 0 0 0 0 0 0 0 0 0 0 0 0 0 0 0 0 0 0 0 0 0 0 0 0 0 0 0 0 0 0 0 0 0 0 0 0 0 0 0 0 0 0 0 0 0 0 0 0 0 0 0 0 0 0 0 0 0 0 0 0 0 0 0 0 0 0 0 0 0 0 0 0 0 0 0 0 0 0 0 0 0 0 0 0 0 0 0 0 0 0 0 0 0 0 0 0 0 0 0 0 0 0 0 0 0 0 0 0 0 0 0 0 0 0 0 0 0 0 0 0 0 0 0 0 0 0 0 0 0 0 0 0 0 0 0 0 0 0 0 0 0 0 0 0 0 0 0 0 0 0 0 0 0 0 0 0 0 0 0 0 0 0 0 0 0 0 0 0 0 0 0 0 0 0 0 0 0 0 0 0 0 0 0 0 0 0 0 0 0 0 0 0 0 0 0 0 0 0 0 0 0 0 0 0 0 0 0 0 0 0 0 0 0 0 0 0 0 0 0 0 0 0 0 0 0 0 0 0 0 0 0 0 0 0 0 0 0 0 0 0 0 0 0 0 0 0 0 0 0 0 0 0 0 0 0 0 0 0 0 0 0 0 0 0 0 0 0 0 0 0 0 0 0 0 0 0 0 0 0 0 0 0 0 0 0 0 0 0 0 0 0 0 0 0 0 0 0 0 0 0 0 0 0 0 0 0 0 0 0 0 0 0 0 0 0 0 0 0 0 0 0 0 0 0 0 0 0 0 0 0 0 0 0 0 0 0 0 0 0 0 0 0 0 0 0 0 0 0 0 0 0 0 0 0 0 0 0 0 0 0 0 0 0 0 0 0 0 0 0 0 0 0 0 0 0 0 0 0 0 0 0 0 0 0 0 0 0 0 0 0 0 0 0 0 0 0 0 0 0 0 0 0 0 0 0 0 0 0 0 0 0 0 0 0 0 0 0 0 0 0 0 0 0 0 0 0 0 0 0 0 0 0 0 0 0 0 0 0 0 0 0 0 0 0 0 0 0 0 0 0 0 0 0 0 0 0 0 0 0 0 0 0 0 0 0 0 0 0 0 0 0 0 0 0 0 0 0 0 0 0 0 0 0 0 0 0 0 0 0 0 0 0 0 0 0 0 0 0 0 0 0 0 0 0 0 0 0 0 0 0 0 0 0 0 0 0 0 0 0 0 0 0 0 0 0 0 0 0 0 0 0 0 0 0 0 0 0 0 0 0 0 0 0 0 0 0 0 0 0 0 0 0 0 0 0 0 0 0 0 0 0 0 0 0 0 0 0 0 0 0 0 0 0 0 0 0 0 0 0 0 0 0 0 0 0 0 0 0 0 0 0 0 0 0 0 0 0 0 0 0 0 0 0 0 0 0 0 0 0 0 0 0 0 0 0 0 0 0 0 0 0 0 0 0 0 0 0 0 0 0 0 0 0 0 0 0 0 0 0 0 0 0 0 0 0 0 0 0 0 0 0 0 0 0 0 0 0 0 0 0 0 0 0 0 0 0 0 0 0 0 0 0 0 0 0 0 0 0 0 0 0 0 0 0 0 0 0 0 0 0 0 0 0 0 0 0 0 0 0 0 0 0 0 0 0 0 0 0 0 0 0 0 0 0 0 0 0 0 0 0 0 0 0 0 0 0 0 0 0 0 0 0 0 0 0 0 0 0 0 0 0 0 0 0 0 0 0 0 0 0 0 0 0 0 0 0 0 0 0 0 0 0 0 0 0 0 0 0 0 0 0 0 0 0 0 0 0 0 0 0 0 0 0 0 0 0 0 0 0 0 0 0 0 0 0 0 0 0 0 0 0 0 0 0
ctxt 1923513271
btime 1790630938
processes 148462
procs_running 12
procs_blocked 0
softirq 1573693169 73526 3594228 2751508 1514798499 172981 0 13554479 23517535 410 15230003
