Running 10s test @ http://127.0.0.1:18500/wait
  16 threads and 32 connections
  Thread Stats   Avg      Stdev     Max   +/- Stdev
    Latency   162.41ms   10.92ms 309.06ms   98.57%
    Req/Sec    13.68      4.89    20.00     61.62%
  Latency Distribution
     50%  161.21ms
     75%  161.26ms
     90%  161.33ms
     99%  218.21ms
  1956 requests in 10.01s, 240.68KB read
Requests/sec:    195.41
Transfer/sec:     24.04KB
## server-stat
cpu  1519564 575 767618 13471968 34076 0 288550 0 0 0
cpu0 48599 11 22204 426771 838 0 9421 0 0 0
cpu1 49097 13 21990 428579 643 0 8880 0 0 0
cpu2 49455 10 21803 428911 406 0 8778 0 0 0
cpu3 53944 13 23548 420381 1209 0 10242 0 0 0
cpu4 53147 13 22770 423047 734 0 9683 0 0 0
cpu5 50313 12 21879 427971 384 0 8782 0 0 0
cpu6 49564 10 21769 428902 376 0 8738 0 0 0
cpu7 48237 9 21485 430607 249 0 8512 0 0 0
cpu8 35852 17 24394 429261 1118 0 5970 0 0 0
cpu9 40434 19 25355 420694 2462 0 6334 0 0 0
cpu10 39344 18 25131 423607 1281 0 6397 0 0 0
cpu11 36888 15 24105 429831 727 0 5994 0 0 0
cpu12 56948 88 26111 403647 3285 0 6635 0 0 0
cpu13 55654 20 26345 405095 2741 0 6769 0 0 0
cpu14 36418 13 23687 432097 919 0 5848 0 0 0
cpu15 34335 14 22157 437341 726 0 5311 0 0 0
cpu16 54003 8 22883 423224 384 0 9070 0 0 0
cpu17 54066 9 22978 422003 1300 0 9108 0 0 0
cpu18 53778 9 22828 423477 302 0 8987 0 0 0
cpu19 56888 11 23822 418084 710 0 9677 0 0 0
cpu20 58414 12 24333 415620 750 0 10303 0 0 0
cpu21 53777 9 22837 422887 625 0 9063 0 0 0
cpu22 52375 10 22696 423365 362 0 8921 0 0 0
cpu23 50558 12 22316 426881 345 0 8770 0 0 0
cpu24 39534 18 24848 427378 973 0 6512 0 0 0
cpu25 42901 21 26887 417328 1782 0 7561 0 0 0
cpu26 41670 19 26462 419993 1345 0 7357 0 0 0
cpu27 35543 10 23580 419027 1163 0 14251 0 0 0
cpu28 56108 30 28296 387783 2095 0 18011 0 0 0
cpu29 58677 68 28894 383333 2109 0 18220 0 0 0
cpu30 34779 12 24125 417730 911 0 14011 0 0 0
cpu31 38250 11 25084 427095 807 0 6419 0 0 0
intr 1458175403 126 0 0 0 0 0 0 0 0 1 0 0 0 0 0 0 0 0 0 0 0 0 0 0 0 0 0 1 1 1 0 0 0 0 1 0 1 0 0 75045 0 0 0 0 0 0 0 0 411 0 0 0 0 0 0 0 0 87 0 0 0 0 0 0 0 0 0 0 0 0 0 0 0 164971 2 34990804 34929453 34856494 34991459 0 4298 2422 2961 1597 3115 2667 2083 2574 1509 10610 18857 10640 8517 13535 15219 11403 7634 2717 1808 1539 2387 2273 1974 1674 1672 9155 7708 5515 5966 6818 6189 6376 8104 0 0 0 0 616352 3158 1036 0 264 0 0 0 0 0 0 0 0 0 0 0 0 0 0 0 0 0 0 0 0 0 0 0 0 0 0 0 0 0 0 0 0 0 0 0 0 0 0 0 0 0 0 0 0 0 0 0 0 0 0 0 0 0 0 0 0 0 0 0 0 0 0 0 0 0 0 0 0 0 0 0 0 0 0 0 0 0 0 0 0 0 0 0 0 0 0 0 0 0 0 0 0 0 0 0 0 0 0 0 0 0 0 0 0 0 0 0 0 0 0 0 0 0 0 0 0 0 0 0 0 0 0 0 0 0 0 0 0 0 0 0 0 0 0 0 0 0 0 0 0 0 0 0 0 0 0 0 0 0 0 0 0 0 0 0 0 0 0 0 0 0 0 0 0 0 0 0 0 0 0 0 0 0 0 0 0 0 0 0 0 0 0 0 0 0 0 0 0 0 0 0 0 0 0 0 0 0 0 0 0 0 0 0 0 0 0 0 0 0 0 0 0 0 0 0 0 0 0 0 0 0 0 0 0 0 0 0 0 0 0 0 0 0 0 0 0 0 0 0 0 0 0 0 0 0 0 0 0 0 0 0 0 0 0 0 0 0 0 0 0 0 0 0 0 0 0 0 0 0 0 0 0 0 0 0 0 0 0 0 0 0 0 0 0 0 0 0 0 0 0 0 0 0 0 0 0 0 0 0 0 0 0 0 0 0 0 0 0 0 0 0 0 0 0 0 0 0 0 0 0 0 0 0 0 0 0 0 0 0 0 0 0 0 0 0 0 0 0 0 0 0 0 0 0 0 0 0 0 0 0 0 0 0 0 0 0 0 0 0 0 0 0 0 0 0 0 0 0 0 0 0 0 0 0 0 0 0 0 0 0 0 0 0 0 0 0 0 0 0 0 0 0 0 0 0 0 0 0 0 0 0 0 0 0 0 0 0 0 0 0 0 0 0 0 0 0 0 0 0 0 0 0 0 0 0 0 0 0 0 0 0 0 0 0 0 0 0 0 0 0 0 0 0 0 0 0 0 0 0 0 0 0 0 0 0 0 0 0 0 0 0 0 0 0 0 0 0 0 0 0 0 0 0 0 0 0 0 0 0 0 0 0 0 0 0 0 0 0 0 0 0 0 0 0 0 0 0 0 0 0 0 0 0 0 0 0 0 0 0 0 0 0 0 0 0 0 0 0 0 0 0 0 0 0 0 0 0 0 0 0 0 0 0 0 0 0 0 0 0 0 0 0 0 0 0 0 0 0 0 0 0 0 0 0 0 0 0 0 0 0 0 0 0 0 0 0 0 0 0 0 0 0 0 0 0 0 0 0 0 0 0 0 0 0 0 0 0 0 0 0 0 0 0 0 0 0 0 0 0 0 0 0 0 0 0 0 0 0 0 0 0 0 0 0 0 0 0 0 0 0 0 0 0 0 0 0 0 0 0 0 0 0 0 0 0 0 0 0 0 0 0 0 0 0 0 0 0 0 0 0 0 0 0 0 0 0 0 0 0 0 0 0 0 0 0 0 0 0 0 0 0 0 0 0 0 0 0 0 0 0 0 0 0 0 0 0 0 0 0 0 0 0 0 0 0 0 0 0 0 0 0 0 0 0 0 0 0 0 0 0 0 0 0 0 0 0 0 0 0 0 0 0 0 0 0 0 0 0 0 0 0 0 0 0 0 0 0 0 0 0 0 0 0 0 0 0 0 0 0 0 0 0 0 0 0 0 0 0 0 0 0 0 0 0 0 0 0 0 0 0 0 0 0 0 0 0 0 0 0 0 0 0 0 0 0 0 0 0 0 0 0 0 0 0 0 0 0 0 0 0 0 0 0 0 0 0 0 0 0 0 0 0 0 0 0 0 0 0 0 0 0 0 0 0 0 0 0 0 0 0 0 0 0 0 0 0 0 0 0 0 0 0 0 0 0 0 0 0 0 0 0 0 0 0 0 0 0 0 0 0 0 0 0 0 0 0 0 0 0 0 0 0 0 0 0 0 0 0 0 0 0 0 0 0 0 0 0 0 0 0 0 0 0 0 0 0 0 0 0 0 0 0 0 0 0 0 0 0 0 0 0 0 0 0 0 0 0 0 0 0 0 0 0 0 0 0 0 0 0 0 0 0 0 0 0 0 0 0 0 0 0 0 0 0 0 0 0 0 0 0 0 0 0 0 0 0 0 0 0 0 0 0 0 0 0 0 0 0 0 0 0 0 0 0 0 0 0 0 0 0 0 0 0 0 0 0 0 0 0 0 0 0 0 0 0 0 0 0 0 0 0 0 0 0 0 0 0 0 0 0 0 0 0 0 0 0 0 0 0 0 0 0 0 0 0 0 0 0 0 0 0 0 0 0 0 0 0 0 0 0 0 0 0 0 0 0 0 0 0 0 0 0 0 0 0 0 0 0 0 0 0 0 0 0 0 0 0 0 0 0 0 0 0 0 0 0 0 0 0 0 0 0 0 0 0 0 0 0 0 0 0 0 0 0 0 0 0 0 0 0 0 0
ctxt 1890440433
btime 1790630938
processes 147453
procs_running 1
procs_blocked 0
softirq 1551370478 73526 3561937 2751502 1492954131 171756 0 13554426 23249401 410 15053389
--
cpu  1519640 576 767625 13497425 34109 0 288552 0 0 0
cpu0 48599 11 22204 427570 838 0 9422 0 0 0
cpu1 49097 13 21990 429378 643 0 8880 0 0 0
cpu2 49456 10 21803 429710 406 0 8778 0 0 0
cpu3 53948 13 23549 421175 1209 0 10242 0 0 0
cpu4 53148 13 22770 423845 734 0 9683 0 0 0
cpu5 50313 12 21880 428770 384 0 8782 0 0 0
cpu6 49564 10 21769 429700 376 0 8738 0 0 0
cpu7 48237 9 21485 431407 249 0 8512 0 0 0
cpu8 35854 17 24394 430058 1118 0 5970 0 0 0
cpu9 40434 19 25355 421492 2462 0 6334 0 0 0
cpu10 39346 18 25131 424404 1281 0 6397 0 0 0
cpu11 36888 15 24106 430630 727 0 5995 0 0 0
cpu12 56955 88 26113 404436 3285 0 6635 0 0 0
cpu13 55670 20 26346 405875 2741 0 6769 0 0 0
cpu14 36419 13 23687 432896 919 0 5848 0 0 0
cpu15 34337 14 22157 438139 726 0 5311 0 0 0
cpu16 54004 8 22883 424023 384 0 9070 0 0 0
cpu17 54067 9 22978 422803 1300 0 9108 0 0 0
cpu18 53778 9 22828 424277 302 0 8987 0 0 0
cpu19 56889 11 23822 418881 710 0 9678 0 0 0
cpu20 58417 12 24334 416417 750 0 10303 0 0 0
cpu21 53778 9 22837 423686 625 0 9063 0 0 0
cpu22 52375 10 22697 424165 362 0 8921 0 0 0
cpu23 50558 12 22316 427681 345 0 8770 0 0 0
cpu24 39535 18 24848 428177 973 0 6512 0 0 0
cpu25 42904 21 26887 418124 1782 0 7561 0 0 0
cpu26 41671 19 26462 420791 1345 0 7357 0 0 0
cpu27 35544 10 23580 419825 1164 0 14251 0 0 0
cpu28 56126 30 28297 388530 2126 0 18011 0 0 0
cpu29 58686 68 28895 384122 2109 0 18220 0 0 0
cpu30 34779 12 24125 418529 911 0 14011 0 0 0
cpu31 38251 11 25084 427892 807 0 6419 0 0 0
intr 1458246490 126 0 0 0 0 0 0 0 0 1 0 0 0 0 0 0 0 0 0 0 0 0 0 0 0 0 0 1 1 1 0 0 0 0 1 0 1 0 0 75045 0 0 0 0 0 0 0 0 411 0 0 0 0 0 0 0 0 87 0 0 0 0 0 0 0 0 0 0 0 0 0 0 0 165219 2 34990850 34929469 34856513 34991469 0 4302 2422 2961 1597 3115 2667 2083 2574 1509 10610 18857 10640 8522 13535 15219 11403 7634 2717 1809 1539 2387 2273 1974 1674 1672 9155 7708 5515 5969 6818 6189 6376 8104 0 0 0 0 616352 3158 1036 0 264 0 0 0 0 0 0 0 0 0 0 0 0 0 0 0 0 0 0 0 0 0 0 0 0 0 0 0 0 0 0 0 0 0 0 0 0 0 0 0 0 0 0 0 0 0 0 0 0 0 0 0 0 0 0 0 0 0 0 0 0 0 0 0 0 0 0 0 0 0 0 0 0 0 0 0 0 0 0 0 0 0 0 0 0 0 0 0 0 0 0 0 0 0 0 0 0 0 0 0 0 0 0 0 0 0 0 0 0 0 0 0 0 0 0 0 0 0 0 0 0 0 0 0 0 0 0 0 0 0 0 0 0 0 0 0 0 0 0 0 0 0 0 0 0 0 0 0 0 0 0 0 0 0 0 0 0 0 0 0 0 0 0 0 0 0 0 0 0 0 0 0 0 0 0 0 0 0 0 0 0 0 0 0 0 0 0 0 0 0 0 0 0 0 0 0 0 0 0 0 0 0 0 0 0 0 0 0 0 0 0 0 0 0 0 0 0 0 0 0 0 0 0 0 0 0 0 0 0 0 0 0 0 0 0 0 0 0 0 0 0 0 0 0 0 0 0 0 0 0 0 0 0 0 0 0 0 0 0 0 0 0 0 0 0 0 0 0 0 0 0 0 0 0 0 0 0 0 0 0 0 0 0 0 0 0 0 0 0 0 0 0 0 0 0 0 0 0 0 0 0 0 0 0 0 0 0 0 0 0 0 0 0 0 0 0 0 0 0 0 0 0 0 0 0 0 0 0 0 0 0 0 0 0 0 0 0 0 0 0 0 0 0 0 0 0 0 0 0 0 0 0 0 0 0 0 0 0 0 0 0 0 0 0 0 0 0 0 0 0 0 0 0 0 0 0 0 0 0 0 0 0 0 0 0 0 0 0 0 0 0 0 0 0 0 0 0 0 0 0 0 0 0 0 0 0 0 0 0 0 0 0 0 0 0 0 0 0 0 0 0 0 0 0 0 0 0 0 0 0 0 0 0 0 0 0 0 0 0 0 0 0 0 0 0 0 0 0 0 0 0 0 0 0 0 0 0 0 0 0 0 0 0 0 0 0 0 0 0 0 0 0 0 0 0 0 0 0 0 0 0 0 0 0 0 0 0 0 0 0 0 0 0 0 0 0 0 0 0 0 0 0 0 0 0 0 0 0 0 0 0 0 0 0 0 0 0 0 0 0 0 0 0 0 0 0 0 0 0 0 0 0 0 0 0 0 0 0 0 0 0 0 0 0 0 0 0 0 0 0 0 0 0 0 0 0 0 0 0 0 0 0 0 0 0 0 0 0 0 0 0 0 0 0 0 0 0 0 0 0 0 0 0 0 0 0 0 0 0 0 0 0 0 0 0 0 0 0 0 0 0 0 0 0 0 0 0 0 0 0 0 0 0 0 0 0 0 0 0 0 0 0 0 0 0 0 0 0 0 0 0 0 0 0 0 0 0 0 0 0 0 0 0 0 0 0 0 0 0 0 0 0 0 0 0 0 0 0 0 0 0 0 0 0 0 0 0 0 0 0 0 0 0 0 0 0 0 0 0 0 0 0 0 0 0 0 0 0 0 0 0 0 0 0 0 0 0 0 0 0 0 0 0 0 0 0 0 0 0 0 0 0 0 0 0 0 0 0 0 0 0 0 0 0 0 0 0 0 0 0 0 0 0 0 0 0 0 0 0 0 0 0 0 0 0 0 0 0 0 0 0 0 0 0 0 0 0 0 0 0 0 0 0 0 0 0 0 0 0 0 0 0 0 0 0 0 0 0 0 0 0 0 0 0 0 0 0 0 0 0 0 0 0 0 0 0 0 0 0 0 0 0 0 0 0 0 0 0 0 0 0 0 0 0 0 0 0 0 0 0 0 0 0 0 0 0 0 0 0 0 0 0 0 0 0 0 0 0 0 0 0 0 0 0 0 0 0 0 0 0 0 0 0 0 0 0 0 0 0 0 0 0 0 0 0 0 0 0 0 0 0 0 0 0 0 0 0 0 0 0 0 0 0 0 0 0 0 0 0 0 0 0 0 0 0 0 0 0 0 0 0 0 0 0 0 0 0 0 0 0 0 0 0 0 0 0 0 0 0 0 0 0 0 0 0 0 0 0 0 0 0 0 0 0 0 0 0 0 0 0 0 0 0 0 0 0 0 0 0 0 0 0 0 0 0 0 0 0 0 0 0 0 0 0 0 0 0 0 0 0 0 0 0 0 0 0 0 0 0 0 0 0 0 0 0 0 0 0 0 0 0 0 0 0 0 0 0 0 0 0 0 0 0 0 0 0 0 0 0 0 0 0 0 0 0 0 0 0 0 0 0 0 0 0 0 0 0 0 0 0 0 0 0 0 0 0 0 0 0 0 0 0 0 0 0 0 0 0 0 0 0 0 0 0 0 0 0 0 0 0 0 0 0 0 0 0 0 0 0 0 0 0 0 0 0 0 0 0 0 0 0 0 0 0 0 0 0 0 0 0 0 0 0 0 0 0 0 0 0 0 0 0 0
ctxt 1890540720
btime 1790630938
processes 147508
procs_running 1
procs_blocked 0
softirq 1551394328 73526 3568097 2751502 1492961872 172016 0 13554426 23254291 410 15058188
