Running 10s test @ http://127.0.0.1:18500/json
  16 threads and 128 connections
  Thread Stats   Avg      Stdev     Max   +/- Stdev
    Latency   718.09us   97.20us   1.88ms   91.25%
    Req/Sec    11.18k   414.04    15.68k    98.82%
  Latency Distribution
     50%  702.00us
     75%  733.00us
     90%  774.00us
     99%    1.15ms
  1794612 requests in 10.10s, 246.45MB read
Requests/sec: 177695.77
Transfer/sec:     24.40MB
## server-stat
cpu  1604217 606 810118 14470869 35040 0 320613 0 0 0
cpu0 51492 11 23198 459203 848 0 10195 0 0 0
cpu1 53118 14 23210 459789 691 0 9735 0 0 0
cpu2 53616 10 23269 459521 420 0 9930 0 0 0
cpu3 60906 13 26662 444922 1210 0 13007 0 0 0
cpu4 60487 13 25655 447719 736 0 12211 0 0 0
cpu5 54328 13 23064 459357 419 0 9552 0 0 0
cpu6 54388 11 23403 458569 403 0 10029 0 0 0
cpu7 52311 9 22786 461753 254 0 9401 0 0 0
cpu8 36044 18 25159 463128 1125 0 6411 0 0 0
cpu9 40672 20 26237 453620 2532 0 6833 0 0 0
cpu10 39549 19 25987 456773 1321 0 6881 0 0 0
cpu11 37052 16 24836 463687 747 0 6417 0 0 0
cpu12 57550 89 27048 436173 3363 0 7187 0 0 0
cpu13 56225 21 27290 437557 2763 0 7344 0 0 0
cpu14 36582 15 24386 466091 929 0 6278 0 0 0
cpu15 34476 16 22807 471722 738 0 5693 0 0 0
cpu16 59870 8 24665 451587 410 0 10482 0 0 0
cpu17 58421 9 24576 452090 1316 0 10466 0 0 0
cpu18 57830 9 24193 454388 302 0 10082 0 0 0
cpu19 65202 11 26857 441453 723 0 12379 0 0 0
cpu20 66168 12 27596 439068 756 0 13285 0 0 0
cpu21 57936 10 24476 453021 636 0 10538 0 0 0
cpu22 55578 10 23895 455432 367 0 9874 0 0 0
cpu23 54368 12 23822 457701 379 0 10051 0 0 0
cpu24 39698 20 25562 461313 1011 0 6942 0 0 0
cpu25 43161 23 27716 450603 1808 0 8054 0 0 0
cpu26 41889 20 27268 453482 1381 0 7839 0 0 0
cpu27 35704 11 24297 453060 1205 0 14670 0 0 0
cpu28 56847 32 29401 420026 2201 0 18640 0 0 0
cpu29 59361 71 30045 415283 2268 0 18871 0 0 0
cpu30 34951 13 24911 451491 946 0 14467 0 0 0
cpu31 38423 13 25825 461274 816 0 6855 0 0 0
intr 1564017909 126 0 0 0 0 0 0 0 0 1 0 0 0 0 0 0 0 0 0 0 0 0 0 0 0 0 0 1 1 1 0 0 0 0 1 0 1 0 0 75045 0 0 0 0 0 0 0 0 411 0 0 0 0 0 0 0 0 87 0 0 0 0 0 0 0 0 0 0 0 0 0 0 0 173156 2 34992832 34930839 34857984 34992789 0 4609 2427 2970 1597 3116 2675 2086 2576 1521 10621 18997 10704 8576 13788 15284 11439 7658 2722 1810 1545 2391 2273 1982 1686 1675 9175 7790 5559 6076 6965 6341 6461 8156 0 0 0 0 616376 3208 1036 0 264 0 0 0 0 0 0 0 0 0 0 0 0 0 0 0 0 0 0 0 0 0 0 0 0 0 0 0 0 0 0 0 0 0 0 0 0 0 0 0 0 0 0 0 0 0 0 0 0 0 0 0 0 0 0 0 0 0 0 0 0 0 0 0 0 0 0 0 0 0 0 0 0 0 0 0 0 0 0 0 0 0 0 0 0 0 0 0 0 0 0 0 0 0 0 0 0 0 0 0 0 0 0 0 0 0 0 0 0 0 0 0 0 0 0 0 0 0 0 0 0 0 0 0 0 0 0 0 0 0 0 0 0 0 0 0 0 0 0 0 0 0 0 0 0 0 0 0 0 0 0 0 0 0 0 0 0 0 0 0 0 0 0 0 0 0 0 0 0 0 0 0 0 0 0 0 0 0 0 0 0 0 0 0 0 0 0 0 0 0 0 0 0 0 0 0 0 0 0 0 0 0 0 0 0 0 0 0 0 0 0 0 0 0 0 0 0 0 0 0 0 0 0 0 0 0 0 0 0 0 0 0 0 0 0 0 0 0 0 0 0 0 0 0 0 0 0 0 0 0 0 0 0 0 0 0 0 0 0 0 0 0 0 0 0 0 0 0 0 0 0 0 0 0 0 0 0 0 0 0 0 0 0 0 0 0 0 0 0 0 0 0 0 0 0 0 0 0 0 0 0 0 0 0 0 0 0 0 0 0 0 0 0 0 0 0 0 0 0 0 0 0 0 0 0 0 0 0 0 0 0 0 0 0 0 0 0 0 0 0 0 0 0 0 0 0 0 0 0 0 0 0 0 0 0 0 0 0 0 0 0 0 0 0 0 0 0 0 0 0 0 0 0 0 0 0 0 0 0 0 0 0 0 0 0 0 0 0 0 0 0 0 0 0 0 0 0 0 0 0 0 0 0 0 0 0 0 0 0 0 0 0 0 0 0 0 0 0 0 0 0 0 0 0 0 0 0 0 0 0 0 0 0 0 0 0 0 0 0 0 0 0 0 0 0 0 0 0 0 0 0 0 0 0 0 0 0 0 0 0 0 0 0 0 0 0 0 0 0 0 0 0 0 0 0 0 0 0 0 0 0 0 0 0 0 0 0 0 0 0 0 0 0 0 0 0 0 0 0 0 0 0 0 0 0 0 0 0 0 0 0 0 0 0 0 0 0 0 0 0 0 0 0 0 0 0 0 0 0 0 0 0 0 0 0 0 0 0 0 0 0 0 0 0 0 0 0 0 0 0 0 0 0 0 0 0 0 0 0 0 0 0 0 0 0 0 0 0 0 0 0 0 0 0 0 0 0 0 0 0 0 0 0 0 0 0 0 0 0 0 0 0 0 0 0 0 0 0 0 0 0 0 0 0 0 0 0 0 0 0 0 0 0 0 0 0 0 0 0 0 0 0 0 0 0 0 0 0 0 0 0 0 0 0 0 0 0 0 0 0 0 0 0 0 0 0 0 0 0 0 0 0 0 0 0 0 0 0 0 0 0 0 0 0 0 0 0 0 0 0 0 0 0 0 0 0 0 0 0 0 0 0 0 0 0 0 0 0 0 0 0 0 0 0 0 0 0 0 0 0 0 0 0 0 0 0 0 0 0 0 0 0 0 0 0 0 0 0 0 0 0 0 0 0 0 0 0 0 0 0 0 0 0 0 0 0 0 0 0 0 0 0 0 0 0 0 0 0 0 0 0 0 0 0 0 0 0 0 0 0 0 0 0 0 0 0 0 0 0 0 0 0 0 0 0 0 0 0 0 0 0 0 0 0 0 0 0 0 0 0 0 0 0 0 0 0 0 0 0 0 0 0 0 0 0 0 0 0 0 0 0 0 0 0 0 0 0 0 0 0 0 0 0 0 0 0 0 0 0 0 0 0 0 0 0 0 0 0 0 0 0 0 0 0 0 0 0 0 0 0 0 0 0 0 0 0 0 0 0 0 0 0 0 0 0 0 0 0 0 0 0 0 0 0 0 0 0 0 0 0 0 0 0 0 0 0 0 0 0 0 0 0 0 0 0 0 0 0 0 0 0 0 0 0 0 0 0 0 0 0 0 0 0 0 0 0 0 0 0 0 0 0 0 0 0 0 0 0 0 0 0 0 0 0 0 0 0 0 0 0 0 0 0 0 0 0 0 0 0 0 0 0 0 0 0 0 0 0 0 0 0 0 0 0 0 0 0 0 0 0 0 0 0 0 0 0 0 0 0 0 0 0 0 0 0 0 0 0 0 0 0 0 0 0 0 0 0 0 0 0 0 0 0 0 0 0 0 0 0 0 0 0 0 0 0 0 0 0 0 0 0 0 0 0 0 0 0 0 0 0 0 0 0 0 0 0 0 0 0 0 0 0 0 0 0 0 0 0 0 0 0 0 0 0 0 0 0 0 0 0 0 0 0 0 0 0 0 0 0 0 0 0 0 0 0 0 0 0 0 0 0 0 0 0 0 0 0 0 0 0 0 0 0 0 0 0 0 0 0 0 0 0 0
ctxt 2082681168
btime 1790630938
processes 155271
procs_running 15
procs_blocked 0
softirq 1751233360 73526 3756809 2751553 1690728400 180382 0 13554656 24283003 410 15904621
--
cpu  1608893 607 812232 14485128 35057 0 321701 0 0 0
cpu0 51767 11 23293 459443 848 0 10242 0 0 0
cpu1 53396 14 23305 460030 691 0 9788 0 0 0
cpu2 53887 10 23365 459754 420 0 9985 0 0 0
cpu3 61184 13 26761 445149 1210 0 13062 0 0 0
cpu4 60774 13 25759 447942 736 0 12264 0 0 0
cpu5 54613 13 23166 459582 419 0 9602 0 0 0
cpu6 54659 11 23501 458809 403 0 10079 0 0 0
cpu7 52564 9 22881 462010 254 0 9443 0 0 0
cpu8 36047 18 25189 463803 1125 0 6421 0 0 0
cpu9 40682 21 26297 454201 2532 0 6855 0 0 0
cpu10 39555 19 26031 457402 1321 0 6896 0 0 0
cpu11 37054 16 24858 464411 747 0 6422 0 0 0
cpu12 57556 89 27082 436849 3372 0 7204 0 0 0
cpu13 56229 21 27314 438260 2763 0 7360 0 0 0
cpu14 36583 15 24394 466854 929 0 6281 0 0 0
cpu15 34477 16 22812 472499 738 0 5694 0 0 0
cpu16 60172 8 24764 451800 410 0 10546 0 0 0
cpu17 58719 9 24671 452299 1316 0 10529 0 0 0
cpu18 58125 9 24293 454602 302 0 10139 0 0 0
cpu19 65495 11 26959 441661 723 0 12438 0 0 0
cpu20 66465 12 27695 439277 756 0 13344 0 0 0
cpu21 58227 10 24576 453238 636 0 10596 0 0 0
cpu22 55865 10 23996 455651 367 0 9926 0 0 0
cpu23 54648 12 23924 457932 379 0 10098 0 0 0
cpu24 39699 20 25567 462094 1011 0 6943 0 0 0
cpu25 43164 23 27739 451315 1808 0 8064 0 0 0
cpu26 41892 20 27282 454212 1388 0 7845 0 0 0
cpu27 35705 11 24304 453834 1205 0 14672 0 0 0
cpu28 56884 32 29483 420488 2201 0 18682 0 0 0
cpu29 59407 71 30140 415695 2268 0 18914 0 0 0
cpu30 34957 13 24955 452092 946 0 14483 0 0 0
cpu31 38427 13 25864 461926 816 0 6868 0 0 0
intr 1571478547 126 0 0 0 0 0 0 0 0 1 0 0 0 0 0 0 0 0 0 0 0 0 0 0 0 0 0 1 1 1 0 0 0 0 1 0 1 0 0 75045 0 0 0 0 0 0 0 0 411 0 0 0 0 0 0 0 0 87 0 0 0 0 0 0 0 0 0 0 0 0 0 0 0 173311 2 34992862 34930872 34858001 34992830 0 4617 2427 2970 1597 3116 2675 2086 2576 1521 10624 18997 10704 8576 13788 15284 11439 7658 2722 1810 1545 2391 2273 1982 1686 1675 9175 7793 5559 6076 6972 6341 6461 8156 0 0 0 0 616376 3210 1036 0 264 0 0 0 0 0 0 0 0 0 0 0 0 0 0 0 0 0 0 0 0 0 0 0 0 0 0 0 0 0 0 0 0 0 0 0 0 0 0 0 0 0 0 0 0 0 0 0 0 0 0 0 0 0 0 0 0 0 0 0 0 0 0 0 0 0 0 0 0 0 0 0 0 0 0 0 0 0 0 0 0 0 0 0 0 0 0 0 0 0 0 0 0 0 0 0 0 0 0 0 0 0 0 0 0 0 0 0 0 0 0 0 0 0 0 0 0 0 0 0 0 0 0 0 0 0 0 0 0 0 0 0 0 0 0 0 0 0 0 0 0 0 0 0 0 0 0 0 0 0 0 0 0 0 0 0 0 0 0 0 0 0 0 0 0 0 0 0 0 0 0 0 0 0 0 0 0 0 0 0 0 0 0 0 0 0 0 0 0 0 0 0 0 0 0 0 0 0 0 0 0 0 0 0 0 0 0 0 0 0 0 0 0 0 0 0 0 0 0 0 0 0 0 0 0 0 0 0 0 0 0 0 0 0 0 0 0 0 0 0 0 0 0 0 0 0 0 0 0 0 0 0 0 0 0 0 0 0 0 0 0 0 0 0 0 0 0 0 0 0 0 0 0 0 0 0 0 0 0 0 0 0 0 0 0 0 0 0 0 0 0 0 0 0 0 0 0 0 0 0 0 0 0 0 0 0 0 0 0 0 0 0 0 0 0 0 0 0 0 0 0 0 0 0 0 0 0 0 0 0 0 0 0 0 0 0 0 0 0 0 0 0 0 0 0 0 0 0 0 0 0 0 0 0 0 0 0 0 0 0 0 0 0 0 0 0 0 0 0 0 0 0 0 0 0 0 0 0 0 0 0 0 0 0 0 0 0 0 0 0 0 0 0 0 0 0 0 0 0 0 0 0 0 0 0 0 0 0 0 0 0 0 0 0 0 0 0 0 0 0 0 0 0 0 0 0 0 0 0 0 0 0 0 0 0 0 0 0 0 0 0 0 0 0 0 0 0 0 0 0 0 0 0 0 0 0 0 0 0 0 0 0 0 0 0 0 0 0 0 0 0 0 0 0 0 0 0 0 0 0 0 0 0 0 0 0 0 0 0 0 0 0 0 0 0 0 0 0 0 0 0 0 0 0 0 0 0 0 0 0 0 0 0 0 0 0 0 0 0 0 0 0 0 0 0 0 0 0 0 0 0 0 0 0 0 0 0 0 0 0 0 0 0 0 0 0 0 0 0 0 0 0 0 0 0 0 0 0 0 0 0 0 0 0 0 0 0 0 0 0 0 0 0 0 0 0 0 0 0 0 0 0 0 0 0 0 0 0 0 0 0 0 0 0 0 0 0 0 0 0 0 0 0 0 0 0 0 0 0 0 0 0 0 0 0 0 0 0 0 0 0 0 0 0 0 0 0 0 0 0 0 0 0 0 0 0 0 0 0 0 0 0 0 0 0 0 0 0 0 0 0 0 0 0 0 0 0 0 0 0 0 0 0 0 0 0 0 0 0 0 0 0 0 0 0 0 0 0 0 0 0 0 0 0 0 0 0 0 0 0 0 0 0 0 0 0 0 0 0 0 0 0 0 0 0 0 0 0 0 0 0 0 0 0 0 0 0 0 0 0 0 0 0 0 0 0 0 0 0 0 0 0 0 0 0 0 0 0 0 0 0 0 0 0 0 0 0 0 0 0 0 0 0 0 0 0 0 0 0 0 0 0 0 0 0 0 0 0 0 0 0 0 0 0 0 0 0 0 0 0 0 0 0 0 0 0 0 0 0 0 0 0 0 0 0 0 0 0 0 0 0 0 0 0 0 0 0 0 0 0 0 0 0 0 0 0 0 0 0 0 0 0 0 0 0 0 0 0 0 0 0 0 0 0 0 0 0 0 0 0 0 0 0 0 0 0 0 0 0 0 0 0 0 0 0 0 0 0 0 0 0 0 0 0 0 0 0 0 0 0 0 0 0 0 0 0 0 0 0 0 0 0 0 0 0 0 0 0 0 0 0 0 0 0 0 0 0 0 0 0 0 0 0 0 0 0 0 0 0 0 0 0 0 0 0 0 0 0 0 0 0 0 0 0 0 0 0 0 0 0 0 0 0 0 0 0 0 0 0 0 0 0 0 0 0 0 0 0 0 0 0 0 0 0 0 0 0 0 0 0 0 0 0 0 0 0 0 0 0 0 0 0 0 0 0 0 0 0 0 0 0 0 0 0 0 0 0 0 0 0 0 0 0 0 0 0 0 0 0 0 0 0 0 0 0 0 0 0 0 0 0 0 0 0 0 0 0 0 0 0 0 0 0 0 0 0 0 0 0 0 0 0 0 0 0 0 0 0 0 0 0 0 0 0 0 0 0 0 0 0 0 0 0 0 0 0 0 0 0 0 0 0 0 0 0 0 0 0 0 0 0 0 0 0 0 0 0 0 0 0 0 0 0 0 0 0 0 0 0 0 0 0 0 0 0 0 0 0 0 0 0 0 0
ctxt 2096187173
btime 1790630938
processes 155338
procs_running 21
procs_blocked 0
softirq 1757061884 73526 3763546 2751553 1696407123 180544 0 13554662 24380646 410 15949874
