Running 10s test @ http://127.0.0.1:18500/page
  16 threads and 32 connections
  Thread Stats   Avg      Stdev     Max   +/- Stdev
    Latency   533.30us  265.45us   1.50ms   54.02%
    Req/Sec     3.83k     1.94k    7.76k    76.53%
  Latency Distribution
     50%  712.00us
     75%  726.00us
     90%  730.00us
     99%    1.45ms
  615011 requests in 10.10s, 5.92GB read
Requests/sec:  60891.99
Transfer/sec:    600.69MB
## server-stat
cpu  1547749 589 780242 13980798 34478 0 298334 0 0 0
cpu0 49906 11 22551 442729 839 0 9639 0 0 0
cpu1 50308 13 22328 444737 643 0 9072 0 0 0
cpu2 50620 10 22146 445148 406 0 8976 0 0 0
cpu3 56616 13 25230 432382 1209 0 11830 0 0 0
cpu4 56457 13 24520 434264 734 0 11368 0 0 0
cpu5 51444 13 22213 444253 385 0 8972 0 0 0
cpu6 50644 10 22098 445272 378 0 8936 0 0 0
cpu7 49242 9 21807 447063 249 0 8694 0 0 0
cpu8 35912 17 24536 446195 1123 0 6068 0 0 0
cpu9 40513 20 25553 437077 2517 0 6468 0 0 0
cpu10 39411 18 25313 440119 1302 0 6517 0 0 0
cpu11 36937 16 24245 446685 734 0 6086 0 0 0
cpu12 57217 88 26355 419697 3311 0 6804 0 0 0
cpu13 55916 20 26597 421021 2759 0 6956 0 0 0
cpu14 36476 14 23826 448973 921 0 5947 0 0 0
cpu15 34381 15 22261 454458 733 0 5381 0 0 0
cpu16 55376 8 23216 439277 385 0 9264 0 0 0
cpu17 55311 9 23313 438180 1301 0 9293 0 0 0
cpu18 54977 9 23151 439727 302 0 9172 0 0 0
cpu19 60355 11 25078 430159 710 0 10833 0 0 0
cpu20 61248 12 25500 428511 750 0 11379 0 0 0
cpu21 54940 9 23161 439160 625 0 9249 0 0 0
cpu22 53477 10 23025 439709 363 0 9112 0 0 0
cpu23 51616 12 22635 443301 345 0 8964 0 0 0
cpu24 39585 19 24983 444243 974 0 6606 0 0 0
cpu25 42995 21 27072 433747 1788 0 7701 0 0 0
cpu26 41740 19 26633 436581 1348 0 7494 0 0 0
cpu27 35589 11 23713 435922 1187 0 14344 0 0 0
cpu28 56430 30 28551 403870 2191 0 18193 0 0 0
cpu29 58970 69 29176 399352 2194 0 18397 0 0 0
cpu30 34829 12 24252 434681 944 0 14112 0 0 0
cpu31 38297 12 25191 444291 813 0 6496 0 0 0
intr 1503012532 126 0 0 0 0 0 0 0 0 1 0 0 0 0 0 0 0 0 0 0 0 0 0 0 0 0 0 1 1 1 0 0 0 0 1 0 1 0 0 75045 0 0 0 0 0 0 0 0 411 0 0 0 0 0 0 0 0 87 0 0 0 0 0 0 0 0 0 0 0 0 0 0 0 168678 2 34991810 34929902 34857392 34992114 0 4445 2427 2969 1597 3116 2671 2084 2575 1511 10615 18879 10648 8526 13613 15250 11433 7636 2720 1810 1544 2390 2273 1977 1675 1675 9160 7768 5545 6071 6889 6312 6412 8122 0 0 0 0 616364 3182 1036 0 264 0 0 0 0 0 0 0 0 0 0 0 0 0 0 0 0 0 0 0 0 0 0 0 0 0 0 0 0 0 0 0 0 0 0 0 0 0 0 0 0 0 0 0 0 0 0 0 0 0 0 0 0 0 0 0 0 0 0 0 0 0 0 0 0 0 0 0 0 0 0 0 0 0 0 0 0 0 0 0 0 0 0 0 0 0 0 0 0 0 0 0 0 0 0 0 0 0 0 0 0 0 0 0 0 0 0 0 0 0 0 0 0 0 0 0 0 0 0 0 0 0 0 0 0 0 0 0 0 0 0 0 0 0 0 0 0 0 0 0 0 0 0 0 0 0 0 0 0 0 0 0 0 0 0 0 0 0 0 0 0 0 0 0 0 0 0 0 0 0 0 0 0 0 0 0 0 0 0 0 0 0 0 0 0 0 0 0 0 0 0 0 0 0 0 0 0 0 0 0 0 0 0 0 0 0 0 0 0 0 0 0 0 0 0 0 0 0 0 0 0 0 0 0 0 0 0 0 0 0 0 0 0 0 0 0 0 0 0 0 0 0 0 0 0 0 0 0 0 0 0 0 0 0 0 0 0 0 0 0 0 0 0 0 0 0 0 0 0 0 0 0 0 0 0 0 0 0 0 0 0 0 0 0 0 0 0 0 0 0 0 0 0 0 0 0 0 0 0 0 0 0 0 0 0 0 0 0 0 0 0 0 0 0 0 0 0 0 0 0 0 0 0 0 0 0 0 0 0 0 0 0 0 0 0 0 0 0 0 0 0 0 0 0 0 0 0 0 0 0 0 0 0 0 0 0 0 0 0 0 0 0 0 0 0 0 0 0 0 0 0 0 0 0 0 0 0 0 0 0 0 0 0 0 0 0 0 0 0 0 0 0 0 0 0 0 0 0 0 0 0 0 0 0 0 0 0 0 0 0 0 0 0 0 0 0 0 0 0 0 0 0 0 0 0 0 0 0 0 0 0 0 0 0 0 0 0 0 0 0 0 0 0 0 0 0 0 0 0 0 0 0 0 0 0 0 0 0 0 0 0 0 0 0 0 0 0 0 0 0 0 0 0 0 0 0 0 0 0 0 0 0 0 0 0 0 0 0 0 0 0 0 0 0 0 0 0 0 0 0 0 0 0 0 0 0 0 0 0 0 0 0 0 0 0 0 0 0 0 0 0 0 0 0 0 0 0 0 0 0 0 0 0 0 0 0 0 0 0 0 0 0 0 0 0 0 0 0 0 0 0 0 0 0 0 0 0 0 0 0 0 0 0 0 0 0 0 0 0 0 0 0 0 0 0 0 0 0 0 0 0 0 0 0 0 0 0 0 0 0 0 0 0 0 0 0 0 0 0 0 0 0 0 0 0 0 0 0 0 0 0 0 0 0 0 0 0 0 0 0 0 0 0 0 0 0 0 0 0 0 0 0 0 0 0 0 0 0 0 0 0 0 0 0 0 0 0 0 0 0 0 0 0 0 0 0 0 0 0 0 0 0 0 0 0 0 0 0 0 0 0 0 0 0 0 0 0 0 0 0 0 0 0 0 0 0 0 0 0 0 0 0 0 0 0 0 0 0 0 0 0 0 0 0 0 0 0 0 0 0 0 0 0 0 0 0 0 0 0 0 0 0 0 0 0 0 0 0 0 0 0 0 0 0 0 0 0 0 0 0 0 0 0 0 0 0 0 0 0 0 0 0 0 0 0 0 0 0 0 0 0 0 0 0 0 0 0 0 0 0 0 0 0 0 0 0 0 0 0 0 0 0 0 0 0 0 0 0 0 0 0 0 0 0 0 0 0 0 0 0 0 0 0 0 0 0 0 0 0 0 0 0 0 0 0 0 0 0 0 0 0 0 0 0 0 0 0 0 0 0 0 0 0 0 0 0 0 0 0 0 0 0 0 0 0 0 0 0 0 0 0 0 0 0 0 0 0 0 0 0 0 0 0 0 0 0 0 0 0 0 0 0 0 0 0 0 0 0 0 0 0 0 0 0 0 0 0 0 0 0 0 0 0 0 0 0 0 0 0 0 0 0 0 0 0 0 0 0 0 0 0 0 0 0 0 0 0 0 0 0 0 0 0 0 0 0 0 0 0 0 0 0 0 0 0 0 0 0 0 0 0 0 0 0 0 0 0 0 0 0 0 0 0 0 0 0 0 0 0 0 0 0 0 0 0 0 0 0 0 0 0 0 0 0 0 0 0 0 0 0 0 0 0 0 0 0 0 0 0 0 0 0 0 0 0 0 0 0 0 0 0 0 0 0 0 0 0 0 0 0 0 0 0 0 0 0 0 0 0 0 0 0 0 0 0 0 0 0 0 0 0 0 0 0 0 0 0 0 0 0 0 0 0 0 0 0 0 0 0 0 0 0 0 0 0 0 0 0 0 0 0 0 0 0 0 0 0 0 0 0 0 0 0 0 0 0 0 0 0 0 0 0 0 0 0 0 0 0 0 0 0 0 0 0 0 0 0 0 0 0 0 0 0
ctxt 1967009823
btime 1790630938
processes 151004
procs_running 4
procs_blocked 0
softirq 1618196927 73526 3653971 2751526 1558894612 175669 0 13554555 23710438 410 15382220
--
cpu  1548968 589 780515 14004202 34490 0 298538 0 0 0
cpu0 49906 11 22551 443521 839 0 9639 0 0 0
cpu1 50308 13 22328 445537 643 0 9072 0 0 0
cpu2 50620 10 22146 445947 406 0 8976 0 0 0
cpu3 56772 13 25262 432970 1209 0 11854 0 0 0
cpu4 56457 13 24520 435064 734 0 11368 0 0 0
cpu5 51444 13 22213 445053 385 0 8972 0 0 0
cpu6 50644 10 22098 446071 378 0 8936 0 0 0
cpu7 49242 9 21807 447863 249 0 8694 0 0 0
cpu8 35912 17 24537 446959 1123 0 6069 0 0 0
cpu9 40514 20 25554 437829 2517 0 6468 0 0 0
cpu10 39416 18 25313 440879 1302 0 6518 0 0 0
cpu11 36938 16 24245 447471 734 0 6086 0 0 0
cpu12 57226 88 26362 420412 3317 0 6806 0 0 0
cpu13 55926 20 26602 421722 2760 0 6958 0 0 0
cpu14 36476 14 23827 449732 921 0 5947 0 0 0
cpu15 34382 15 22262 455235 733 0 5382 0 0 0
cpu16 55376 8 23216 440076 385 0 9264 0 0 0
cpu17 55311 9 23313 438980 1301 0 9293 0 0 0
cpu18 54978 9 23151 440526 302 0 9172 0 0 0
cpu19 60778 11 25170 430372 710 0 10905 0 0 0
cpu20 61830 12 25622 428511 750 0 11475 0 0 0
cpu21 54940 9 23161 439959 625 0 9249 0 0 0
cpu22 53477 10 23025 440509 363 0 9112 0 0 0
cpu23 51616 12 22635 444101 345 0 8964 0 0 0
cpu24 39586 19 24983 445034 974 0 6606 0 0 0
cpu25 42995 21 27072 434541 1788 0 7701 0 0 0
cpu26 41740 19 26633 437374 1348 0 7494 0 0 0
cpu27 35590 11 23713 436720 1187 0 14344 0 0 0
cpu28 56451 30 28553 404618 2195 0 18194 0 0 0
cpu29 58975 69 29181 400068 2194 0 18400 0 0 0
cpu30 34831 12 24253 435452 944 0 14112 0 0 0
cpu31 38298 12 25191 445084 813 0 6496 0 0 0
intr 1503730944 126 0 0 0 0 0 0 0 0 1 0 0 0 0 0 0 0 0 0 0 0 0 0 0 0 0 0 1 1 1 0 0 0 0 1 0 1 0 0 75045 0 0 0 0 0 0 0 0 411 0 0 0 0 0 0 0 0 87 0 0 0 0 0 0 0 0 0 0 0 0 0 0 0 168800 2 34991818 34929908 34857398 34992117 0 4449 2427 2969 1597 3116 2671 2084 2575 1511 10615 18880 10648 8526 13613 15250 11433 7636 2720 1810 1544 2390 2273 1977 1675 1675 9160 7771 5545 6071 6889 6313 6412 8122 0 0 0 0 616364 3182 1036 0 264 0 0 0 0 0 0 0 0 0 0 0 0 0 0 0 0 0 0 0 0 0 0 0 0 0 0 0 0 0 0 0 0 0 0 0 0 0 0 0 0 0 0 0 0 0 0 0 0 0 0 0 0 0 0 0 0 0 0 0 0 0 0 0 0 0 0 0 0 0 0 0 0 0 0 0 0 0 0 0 0 0 0 0 0 0 0 0 0 0 0 0 0 0 0 0 0 0 0 0 0 0 0 0 0 0 0 0 0 0 0 0 0 0 0 0 0 0 0 0 0 0 0 0 0 0 0 0 0 0 0 0 0 0 0 0 0 0 0 0 0 0 0 0 0 0 0 0 0 0 0 0 0 0 0 0 0 0 0 0 0 0 0 0 0 0 0 0 0 0 0 0 0 0 0 0 0 0 0 0 0 0 0 0 0 0 0 0 0 0 0 0 0 0 0 0 0 0 0 0 0 0 0 0 0 0 0 0 0 0 0 0 0 0 0 0 0 0 0 0 0 0 0 0 0 0 0 0 0 0 0 0 0 0 0 0 0 0 0 0 0 0 0 0 0 0 0 0 0 0 0 0 0 0 0 0 0 0 0 0 0 0 0 0 0 0 0 0 0 0 0 0 0 0 0 0 0 0 0 0 0 0 0 0 0 0 0 0 0 0 0 0 0 0 0 0 0 0 0 0 0 0 0 0 0 0 0 0 0 0 0 0 0 0 0 0 0 0 0 0 0 0 0 0 0 0 0 0 0 0 0 0 0 0 0 0 0 0 0 0 0 0 0 0 0 0 0 0 0 0 0 0 0 0 0 0 0 0 0 0 0 0 0 0 0 0 0 0 0 0 0 0 0 0 0 0 0 0 0 0 0 0 0 0 0 0 0 0 0 0 0 0 0 0 0 0 0 0 0 0 0 0 0 0 0 0 0 0 0 0 0 0 0 0 0 0 0 0 0 0 0 0 0 0 0 0 0 0 0 0 0 0 0 0 0 0 0 0 0 0 0 0 0 0 0 0 0 0 0 0 0 0 0 0 0 0 0 0 0 0 0 0 0 0 0 0 0 0 0 0 0 0 0 0 0 0 0 0 0 0 0 0 0 0 0 0 0 0 0 0 0 0 0 0 0 0 0 0 0 0 0 0 0 0 0 0 0 0 0 0 0 0 0 0 0 0 0 0 0 0 0 0 0 0 0 0 0 0 0 0 0 0 0 0 0 0 0 0 0 0 0 0 0 0 0 0 0 0 0 0 0 0 0 0 0 0 0 0 0 0 0 0 0 0 0 0 0 0 0 0 0 0 0 0 0 0 0 0 0 0 0 0 0 0 0 0 0 0 0 0 0 0 0 0 0 0 0 0 0 0 0 0 0 0 0 0 0 0 0 0 0 0 0 0 0 0 0 0 0 0 0 0 0 0 0 0 0 0 0 0 0 0 0 0 0 0 0 0 0 0 0 0 0 0 0 0 0 0 0 0 0 0 0 0 0 0 0 0 0 0 0 0 0 0 0 0 0 0 0 0 0 0 0 0 0 0 0 0 0 0 0 0 0 0 0 0 0 0 0 0 0 0 0 0 0 0 0 0 0 0 0 0 0 0 0 0 0 0 0 0 0 0 0 0 0 0 0 0 0 0 0 0 0 0 0 0 0 0 0 0 0 0 0 0 0 0 0 0 0 0 0 0 0 0 0 0 0 0 0 0 0 0 0 0 0 0 0 0 0 0 0 0 0 0 0 0 0 0 0 0 0 0 0 0 0 0 0 0 0 0 0 0 0 0 0 0 0 0 0 0 0 0 0 0 0 0 0 0 0 0 0 0 0 0 0 0 0 0 0 0 0 0 0 0 0 0 0 0 0 0 0 0 0 0 0 0 0 0 0 0 0 0 0 0 0 0 0 0 0 0 0 0 0 0 0 0 0 0 0 0 0 0 0 0 0 0 0 0 0 0 0 0 0 0 0 0 0 0 0 0 0 0 0 0 0 0 0 0 0 0 0 0 0 0 0 0 0 0 0 0 0 0 0 0 0 0 0 0 0 0 0 0 0 0 0 0 0 0 0 0 0 0 0 0 0 0 0 0 0 0 0 0 0 0 0 0 0 0 0 0 0 0 0 0 0 0 0 0 0 0 0 0 0 0 0 0 0 0 0 0 0 0 0 0 0 0 0 0 0 0 0 0 0 0 0 0 0 0 0 0 0 0 0 0 0 0 0 0 0 0 0 0 0 0 0 0 0 0 0 0 0 0 0 0 0 0 0 0 0 0 0 0 0 0 0 0 0 0 0 0 0 0 0 0 0 0 0 0 0 0 0 0 0 0 0 0 0 0 0 0 0 0 0 0 0 0 0 0 0 0 0 0 0 0 0 0 0 0 0 0 0 0 0 0 0 0 0 0 0 0 0 0 0 0 0 0 0 0 0 0 0 0 0 0 0 0 0 0 0 0 0 0 0 0 0 0 0 0 0 0 0 0 0 0 0 0 0 0 0 0 0 0 0
ctxt 1968339657
btime 1790630938
processes 151054
procs_running 3
procs_blocked 0
softirq 1620171659 73526 3661547 2751526 1560843885 175801 0 13554555 23720859 410 15389550
