Running 10s test @ http://127.0.0.1:18500/wait
  16 threads and 10000 connections
  Thread Stats   Avg      Stdev     Max   +/- Stdev
    Latency    12.03ms    0.98ms  24.19ms   72.57%
    Req/Sec    52.15k     1.27k   54.07k    91.81%
  Latency Distribution
     50%   11.89ms
     75%   12.53ms
     90%   13.28ms
     99%   15.06ms
  8304059 requests in 10.05s, 1.01GB read
Requests/sec: 825924.11
Transfer/sec:    103.18MB
## server-stat
cpu  2154512 873 1128899 23200701 42403 0 508008 0 0 0
cpu0 76420 16 32234 729101 984 0 15936 0 0 0
cpu1 79095 20 32859 728602 802 0 15878 0 0 0
cpu2 79538 17 32918 728751 462 0 15950 0 0 0
cpu3 96696 19 40984 695511 1280 0 22689 0 0 0
cpu4 99652 19 40161 695024 755 0 22145 0 0 0
cpu5 84335 19 34199 721988 510 0 16602 0 0 0
cpu6 84262 18 34369 721758 435 0 17207 0 0 0
cpu7 83009 15 34665 722735 268 0 17243 0 0 0
cpu8 37551 27 32175 753544 1318 0 9407 0 0 0
cpu9 42715 31 34596 738658 3207 0 10069 0 0 0
cpu10 41245 29 33591 744019 1529 0 10012 0 0 0
cpu11 38339 26 31307 755411 944 0 9175 0 0 0
cpu12 63881 102 36214 716055 3818 0 10690 0 0 0
cpu13 61836 34 36729 716945 3602 0 10916 0 0 0
cpu14 37944 25 30748 758729 1106 0 8939 0 0 0
cpu15 35627 27 28461 767237 939 0 8121 0 0 0
cpu16 95125 12 38231 704039 516 0 20280 0 0 0
cpu17 91314 13 37363 708394 1409 0 19505 0 0 0
cpu18 89639 14 36811 712286 320 0 19050 0 0 0
cpu19 111652 14 44968 673748 805 0 26262 0 0 0
cpu20 107658 16 44341 678768 867 0 26150 0 0 0
cpu21 86246 15 35879 716356 767 0 18491 0 0 0
cpu22 82295 18 34889 721396 480 0 17536 0 0 0
cpu23 77817 18 33413 729750 557 0 16358 0 0 0
cpu24 41097 31 31996 753813 1237 0 9802 0 0 0
cpu25 45144 34 35167 737846 2349 0 11498 0 0 0
cpu26 43589 29 34475 741887 1752 0 11152 0 0 0
cpu27 37062 20 30695 745133 1444 0 17588 0 0 0
cpu28 62340 50 39466 697989 2893 0 22900 0 0 0
cpu29 65229 87 40672 691160 2976 0 23241 0 0 0
cpu30 36386 20 31803 741075 1163 0 17413 0 0 0
cpu31 39761 20 32506 752978 895 0 9790 0 0 0
intr 2227559987 126 0 0 0 0 0 0 0 0 1 0 0 0 0 0 0 0 0 0 0 0 0 0 0 0 0 0 1 1 1 0 0 0 0 1 0 1 0 0 75045 0 0 0 0 0 0 0 0 411 0 0 0 0 0 0 0 0 87 0 0 0 0 0 0 0 0 0 0 0 0 0 0 0 237665 2 35009366 34946307 34875219 35010776 0 7183 2736 3223 1692 3335 2771 2244 2748 1670 11272 19881 11355 8847 14580 16238 11722 7888 2939 2047 1670 3084 2410 2216 1733 1713 9512 8637 6188 6447 7969 7329 6888 8471 0 0 0 0 616589 3584 1036 0 264 0 0 0 0 0 0 0 0 0 0 0 0 0 0 0 0 0 0 0 0 0 0 0 0 0 0 0 0 0 0 0 0 0 0 0 0 0 0 0 0 0 0 0 0 0 0 0 0 0 0 0 0 0 0 0 0 0 0 0 0 0 0 0 0 0 0 0 0 0 0 0 0 0 0 0 0 0 0 0 0 0 0 0 0 0 0 0 0 0 0 0 0 0 0 0 0 0 0 0 0 0 0 0 0 0 0 0 0 0 0 0 0 0 0 0 0 0 0 0 0 0 0 0 0 0 0 0 0 0 0 0 0 0 0 0 0 0 0 0 0 0 0 0 0 0 0 0 0 0 0 0 0 0 0 0 0 0 0 0 0 0 0 0 0 0 0 0 0 0 0 0 0 0 0 0 0 0 0 0 0 0 0 0 0 0 0 0 0 0 0 0 0 0 0 0 0 0 0 0 0 0 0 0 0 0 0 0 0 0 0 0 0 0 0 0 0 0 0 0 0 0 0 0 0 0 0 0 0 0 0 0 0 0 0 0 0 0 0 0 0 0 0 0 0 0 0 0 0 0 0 0 0 0 0 0 0 0 0 0 0 0 0 0 0 0 0 0 0 0 0 0 0 0 0 0 0 0 0 0 0 0 0 0 0 0 0 0 0 0 0 0 0 0 0 0 0 0 0 0 0 0 0 0 0 0 0 0 0 0 0 0 0 0 0 0 0 0 0 0 0 0 0 0 0 0 0 0 0 0 0 0 0 0 0 0 0 0 0 0 0 0 0 0 0 0 0 0 0 0 0 0 0 0 0 0 0 0 0 0 0 0 0 0 0 0 0 0 0 0 0 0 0 0 0 0 0 0 0 0 0 0 0 0 0 0 0 0 0 0 0 0 0 0 0 0 0 0 0 0 0 0 0 0 0 0 0 0 0 0 0 0 0 0 0 0 0 0 0 0 0 0 0 0 0 0 0 0 0 0 0 0 0 0 0 0 0 0 0 0 0 0 0 0 0 0 0 0 0 0 0 0 0 0 0 0 0 0 0 0 0 0 0 0 0 0 0 0 0 0 0 0 0 0 0 0 0 0 0 0 0 0 0 0 0 0 0 0 0 0 0 0 0 0 0 0 0 0 0 0 0 0 0 0 0 0 0 0 0 0 0 0 0 0 0 0 0 0 0 0 0 0 0 0 0 0 0 0 0 0 0 0 0 0 0 0 0 0 0 0 0 0 0 0 0 0 0 0 0 0 0 0 0 0 0 0 0 0 0 0 0 0 0 0 0 0 0 0 0 0 0 0 0 0 0 0 0 0 0 0 0 0 0 0 0 0 0 0 0 0 0 0 0 0 0 0 0 0 0 0 0 0 0 0 0 0 0 0 0 0 0 0 0 0 0 0 0 0 0 0 0 0 0 0 0 0 0 0 0 0 0 0 0 0 0 0 0 0 0 0 0 0 0 0 0 0 0 0 0 0 0 0 0 0 0 0 0 0 0 0 0 0 0 0 0 0 0 0 0 0 0 0 0 0 0 0 0 0 0 0 0 0 0 0 0 0 0 0 0 0 0 0 0 0 0 0 0 0 0 0 0 0 0 0 0 0 0 0 0 0 0 0 0 0 0 0 0 0 0 0 0 0 0 0 0 0 0 0 0 0 0 0 0 0 0 0 0 0 0 0 0 0 0 0 0 0 0 0 0 0 0 0 0 0 0 0 0 0 0 0 0 0 0 0 0 0 0 0 0 0 0 0 0 0 0 0 0 0 0 0 0 0 0 0 0 0 0 0 0 0 0 0 0 0 0 0 0 0 0 0 0 0 0 0 0 0 0 0 0 0 0 0 0 0 0 0 0 0 0 0 0 0 0 0 0 0 0 0 0 0 0 0 0 0 0 0 0 0 0 0 0 0 0 0 0 0 0 0 0 0 0 0 0 0 0 0 0 0 0 0 0 0 0 0 0 0 0 0 0 0 0 0 0 0 0 0 0 0 0 0 0 0 0 0 0 0 0 0 0 0 0 0 0 0 0 0 0 0 0 0 0 0 0 0 0 0 0 0 0 0 0 0 0 0 0 0 0 0 0 0 0 0 0 0 0 0 0 0 0 0 0 0 0 0 0 0 0 0 0 0 0 0 0 0 0 0 0 0 0 0 0 0 0 0 0 0 0 0 0 0 0 0 0 0 0 0 0 0 0 0 0 0 0 0 0 0 0 0 0 0 0 0 0 0 0 0 0 0 0 0 0 0 0 0 0 0 0 0 0 0 0 0 0 0 0 0 0 0 0 0 0 0 0 0 0 0 0 0 0 0 0 0 0 0 0 0 0 0 0 0 0 0 0 0 0 0 0 0 0 0 0 0 0 0 0 0 0 0 0 0 0 0 0 0 0 0 0 0 0 0 0 0 0 0 0 0 0 0 0 0 0 0 0 0 0 0 0 0 0 0 0 0 0 0 0 0 0 0 0 0 0 0 0 0 0 0 0 0 0 0 0 0 0
ctxt 3293584940
btime 1790630938
processes 229314
procs_running 15
procs_blocked 0
softirq 2897338651 73526 5749183 2751891 2817877800 248560 0 13556327 33931697 410 23149257
--
cpu  2157707 875 1132637 23214441 42418 0 510585 0 0 0
cpu0 76438 16 32244 729844 984 0 15948 0 0 0
cpu1 79114 20 32871 729359 802 0 15887 0 0 0
cpu2 79553 17 32928 729517 462 0 15958 0 0 0
cpu3 96719 19 41001 696255 1280 0 22702 0 0 0
cpu4 99655 19 40163 695815 755 0 22147 0 0 0
cpu5 84432 19 34261 722564 510 0 16662 0 0 0
cpu6 84452 18 34501 722108 435 0 17327 0 0 0
cpu7 83209 15 34801 723072 268 0 17370 0 0 0
cpu8 37583 27 32297 753988 1318 0 9464 0 0 0
cpu9 42746 31 34724 739101 3207 0 10124 0 0 0
cpu10 41278 30 33712 744458 1529 0 10073 0 0 0
cpu11 38370 26 31428 755852 948 0 9231 0 0 0
cpu12 63913 102 36344 716489 3822 0 10747 0 0 0
cpu13 61870 34 36855 717378 3603 0 10976 0 0 0
cpu14 37979 25 30873 759174 1106 0 9001 0 0 0
cpu15 35656 28 28578 767686 942 0 8179 0 0 0
cpu16 95443 12 38447 704109 516 0 20474 0 0 0
cpu17 91640 13 37559 708467 1409 0 19711 0 0 0
cpu18 89944 14 37017 712361 320 0 19264 0 0 0
cpu19 111965 14 45162 673835 805 0 26467 0 0 0
cpu20 108006 16 44578 678781 867 0 26352 0 0 0
cpu21 86484 15 36031 716611 767 0 18644 0 0 0
cpu22 82444 18 34986 721867 480 0 17620 0 0 0
cpu23 77878 18 33449 730416 557 0 16395 0 0 0
cpu24 41130 31 32122 754247 1237 0 9857 0 0 0
cpu25 45183 34 35290 738276 2350 0 11555 0 0 0
cpu26 43624 29 34604 742316 1752 0 11213 0 0 0
cpu27 37097 20 30821 745563 1446 0 17643 0 0 0
cpu28 62386 50 39600 698412 2893 0 22958 0 0 0
cpu29 65284 88 40803 691580 2977 0 23302 0 0 0
cpu30 36422 20 31933 741512 1163 0 17473 0 0 0
cpu31 39796 20 32638 753413 895 0 9849 0 0 0
intr 2231393108 126 0 0 0 0 0 0 0 0 1 0 0 0 0 0 0 0 0 0 0 0 0 0 0 0 0 0 1 1 1 0 0 0 0 1 0 1 0 0 75045 0 0 0 0 0 0 0 0 411 0 0 0 0 0 0 0 0 87 0 0 0 0 0 0 0 0 0 0 0 0 0 0 0 237950 2 35009381 34946333 34875232 35010806 0 7191 2736 3223 1692 3335 2771 2244 2748 1670 11272 19881 11355 8848 14580 16238 11723 7891 2939 2047 1670 3084 2410 2216 1733 1713 9513 8637 6188 6449 7969 7329 6888 8471 0 0 0 0 616589 3584 1036 0 264 0 0 0 0 0 0 0 0 0 0 0 0 0 0 0 0 0 0 0 0 0 0 0 0 0 0 0 0 0 0 0 0 0 0 0 0 0 0 0 0 0 0 0 0 0 0 0 0 0 0 0 0 0 0 0 0 0 0 0 0 0 0 0 0 0 0 0 0 0 0 0 0 0 0 0 0 0 0 0 0 0 0 0 0 0 0 0 0 0 0 0 0 0 0 0 0 0 0 0 0 0 0 0 0 0 0 0 0 0 0 0 0 0 0 0 0 0 0 0 0 0 0 0 0 0 0 0 0 0 0 0 0 0 0 0 0 0 0 0 0 0 0 0 0 0 0 0 0 0 0 0 0 0 0 0 0 0 0 0 0 0 0 0 0 0 0 0 0 0 0 0 0 0 0 0 0 0 0 0 0 0 0 0 0 0 0 0 0 0 0 0 0 0 0 0 0 0 0 0 0 0 0 0 0 0 0 0 0 0 0 0 0 0 0 0 0 0 0 0 0 0 0 0 0 0 0 0 0 0 0 0 0 0 0 0 0 0 0 0 0 0 0 0 0 0 0 0 0 0 0 0 0 0 0 0 0 0 0 0 0 0 0 0 0 0 0 0 0 0 0 0 0 0 0 0 0 0 0 0 0 0 0 0 0 0 0 0 0 0 0 0 0 0 0 0 0 0 0 0 0 0 0 0 0 0 0 0 0 0 0 0 0 0 0 0 0 0 0 0 0 0 0 0 0 0 0 0 0 0 0 0 0 0 0 0 0 0 0 0 0 0 0 0 0 0 0 0 0 0 0 0 0 0 0 0 0 0 0 0 0 0 0 0 0 0 0 0 0 0 0 0 0 0 0 0 0 0 0 0 0 0 0 0 0 0 0 0 0 0 0 0 0 0 0 0 0 0 0 0 0 0 0 0 0 0 0 0 0 0 0 0 0 0 0 0 0 0 0 0 0 0 0 0 0 0 0 0 0 0 0 0 0 0 0 0 0 0 0 0 0 0 0 0 0 0 0 0 0 0 0 0 0 0 0 0 0 0 0 0 0 0 0 0 0 0 0 0 0 0 0 0 0 0 0 0 0 0 0 0 0 0 0 0 0 0 0 0 0 0 0 0 0 0 0 0 0 0 0 0 0 0 0 0 0 0 0 0 0 0 0 0 0 0 0 0 0 0 0 0 0 0 0 0 0 0 0 0 0 0 0 0 0 0 0 0 0 0 0 0 0 0 0 0 0 0 0 0 0 0 0 0 0 0 0 0 0 0 0 0 0 0 0 0 0 0 0 0 0 0 0 0 0 0 0 0 0 0 0 0 0 0 0 0 0 0 0 0 0 0 0 0 0 0 0 0 0 0 0 0 0 0 0 0 0 0 0 0 0 0 0 0 0 0 0 0 0 0 0 0 0 0 0 0 0 0 0 0 0 0 0 0 0 0 0 0 0 0 0 0 0 0 0 0 0 0 0 0 0 0 0 0 0 0 0 0 0 0 0 0 0 0 0 0 0 0 0 0 0 0 0 0 0 0 0 0 0 0 0 0 0 0 0 0 0 0 0 0 0 0 0 0 0 0 0 0 0 0 0 0 0 0 0 0 0 0 0 0 0 0 0 0 0 0 0 0 0 0 0 0 0 0 0 0 0 0 0 0 0 0 0 0 0 0 0 0 0 0 0 0 0 0 0 0 0 0 0 0 0 0 0 0 0 0 0 0 0 0 0 0 0 0 0 0 0 0 0 0 0 0 0 0 0 0 0 0 0 0 0 0 0 0 0 0 0 0 0 0 0 0 0 0 0 0 0 0 0 0 0 0 0 0 0 0 0 0 0 0 0 0 0 0 0 0 0 0 0 0 0 0 0 0 0 0 0 0 0 0 0 0 0 0 0 0 0 0 0 0 0 0 0 0 0 0 0 0 0 0 0 0 0 0 0 0 0 0 0 0 0 0 0 0 0 0 0 0 0 0 0 0 0 0 0 0 0 0 0 0 0 0 0 0 0 0 0 0 0 0 0 0 0 0 0 0 0 0 0 0 0 0 0 0 0 0 0 0 0 0 0 0 0 0 0 0 0 0 0 0 0 0 0 0 0 0 0 0 0 0 0 0 0 0 0 0 0 0 0 0 0 0 0 0 0 0 0 0 0 0 0 0 0 0 0 0 0 0 0 0 0 0 0 0 0 0 0 0 0 0 0 0 0 0 0 0 0 0 0 0 0 0 0 0 0 0 0 0 0 0 0 0 0 0 0 0 0 0 0 0 0 0 0 0 0 0 0 0 0 0 0 0 0 0 0 0 0 0 0 0 0 0 0 0 0 0 0 0 0 0 0 0 0 0 0 0 0 0 0 0 0 0 0 0 0 0 0 0 0 0 0 0 0 0 0 0 0 0 0 0 0 0 0 0 0 0 0 0 0 0 0 0 0 0 0 0 0 0 0 0 0 0 0 0 0 0 0 0 0 0 0 0 0 0 0 0 0 0 0 0 0 0 0 0 0
ctxt 3300945758
btime 1790630938
processes 229401
procs_running 19
procs_blocked 0
softirq 2910748891 73526 5755001 2751891 2831192201 248858 0 13556327 33976143 410 23194534
