Running 10s test @ http://127.0.0.1:18500/wait
  16 threads and 10000 connections
  Thread Stats   Avg      Stdev     Max   +/- Stdev
    Latency    57.38ms  160.15ms   3.75s    98.42%
    Req/Sec    15.30k     1.07k   20.81k    82.12%
  Latency Distribution
     50%   44.05ms
     75%   47.06ms
     90%   50.14ms
     99%  719.76ms
  2436540 requests in 10.05s, 295.11MB read
Requests/sec: 242478.03
Transfer/sec:     29.37MB
## server-stat
cpu  2162170 876 1134396 23274687 42447 0 511655 0 0 0
cpu0 76878 16 32348 731382 984 0 16009 0 0 0
cpu1 79440 20 32950 731055 803 0 15937 0 0 0
cpu2 79693 17 32961 731475 462 0 15978 0 0 0
cpu3 96994 19 41075 697997 1280 0 22754 0 0 0
cpu4 99930 19 40241 697552 755 0 22202 0 0 0
cpu5 84593 19 34309 724490 510 0 16694 0 0 0
cpu6 84562 18 34539 724087 435 0 17358 0 0 0
cpu7 83320 15 34833 725062 268 0 17395 0 0 0
cpu8 37596 27 32335 755992 1318 0 9483 0 0 0
cpu9 42768 31 34767 741082 3207 0 10144 0 0 0
cpu10 41290 30 33752 746448 1530 0 10092 0 0 0
cpu11 38380 26 31467 757853 948 0 9246 0 0 0
cpu12 63954 102 36390 718447 3822 0 10767 0 0 0
cpu13 61907 34 36904 719334 3603 0 10997 0 0 0
cpu14 37992 25 30910 761182 1106 0 9021 0 0 0
cpu15 35665 28 28613 769699 942 0 8196 0 0 0
cpu16 95548 12 38492 706081 516 0 20510 0 0 0
cpu17 91806 13 37610 710361 1409 0 19757 0 0 0
cpu18 90223 14 37092 714112 320 0 19317 0 0 0
cpu19 112506 14 45298 675223 805 0 26558 0 0 0
cpu20 108411 16 44683 680356 867 0 26424 0 0 0
cpu21 86804 15 36114 718304 767 0 18707 0 0 0
cpu22 82727 18 35052 723639 480 0 17658 0 0 0
cpu23 78124 18 33508 732235 557 0 16429 0 0 0
cpu24 41143 31 32159 756244 1238 0 9873 0 0 0
cpu25 45195 34 35333 740264 2350 0 11575 0 0 0
cpu26 43636 29 34647 744306 1757 0 11233 0 0 0
cpu27 37106 20 30857 747550 1466 0 17661 0 0 0
cpu28 62420 50 39652 700368 2893 0 22980 0 0 0
cpu29 65305 88 40847 693555 2977 0 23327 0 0 0
cpu30 36431 20 31973 743520 1163 0 17491 0 0 0
cpu31 39808 20 32672 755417 895 0 9866 0 0 0
intr 2233959983 126 0 0 0 0 0 0 0 0 1 0 0 0 0 0 0 0 0 0 0 0 0 0 0 0 0 0 1 1 1 0 0 0 0 1 0 1 0 0 75045 0 0 0 0 0 0 0 0 411 0 0 0 0 0 0 0 0 87 0 0 0 0 0 0 0 0 0 0 0 0 0 0 0 238217 2 35009435 34946498 34875355 35010940 0 7208 2736 3224 1692 3335 2771 2244 2748 1670 11325 19895 11375 8848 14580 16244 11724 7892 2939 2053 1670 3085 2410 2216 1733 1713 9515 8637 6189 6466 7969 7332 6904 8471 0 0 0 0 616589 3587 1036 0 264 0 0 0 0 0 0 0 0 0 0 0 0 0 0 0 0 0 0 0 0 0 0 0 0 0 0 0 0 0 0 0 0 0 0 0 0 0 0 0 0 0 0 0 0 0 0 0 0 0 0 0 0 0 0 0 0 0 0 0 0 0 0 0 0 0 0 0 0 0 0 0 0 0 0 0 0 0 0 0 0 0 0 0 0 0 0 0 0 0 0 0 0 0 0 0 0 0 0 0 0 0 0 0 0 0 0 0 0 0 0 0 0 0 0 0 0 0 0 0 0 0 0 0 0 0 0 0 0 0 0 0 0 0 0 0 0 0 0 0 0 0 0 0 0 0 0 0 0 0 0 0 0 0 0 0 0 0 0 0 0 0 0 0 0 0 0 0 0 0 0 0 0 0 0 0 0 0 0 0 0 0 0 0 0 0 0 0 0 0 0 0 0 0 0 0 0 0 0 0 0 0 0 0 0 0 0 0 0 0 0 0 0 0 0 0 0 0 0 0 0 0 0 0 0 0 0 0 0 0 0 0 0 0 0 0 0 0 0 0 0 0 0 0 0 0 0 0 0 0 0 0 0 0 0 0 0 0 0 0 0 0 0 0 0 0 0 0 0 0 0 0 0 0 0 0 0 0 0 0 0 0 0 0 0 0 0 0 0 0 0 0 0 0 0 0 0 0 0 0 0 0 0 0 0 0 0 0 0 0 0 0 0 0 0 0 0 0 0 0 0 0 0 0 0 0 0 0 0 0 0 0 0 0 0 0 0 0 0 0 0 0 0 0 0 0 0 0 0 0 0 0 0 0 0 0 0 0 0 0 0 0 0 0 0 0 0 0 0 0 0 0 0 0 0 0 0 0 0 0 0 0 0 0 0 0 0 0 0 0 0 0 0 0 0 0 0 0 0 0 0 0 0 0 0 0 0 0 0 0 0 0 0 0 0 0 0 0 0 0 0 0 0 0 0 0 0 0 0 0 0 0 0 0 0 0 0 0 0 0 0 0 0 0 0 0 0 0 0 0 0 0 0 0 0 0 0 0 0 0 0 0 0 0 0 0 0 0 0 0 0 0 0 0 0 0 0 0 0 0 0 0 0 0 0 0 0 0 0 0 0 0 0 0 0 0 0 0 0 0 0 0 0 0 0 0 0 0 0 0 0 0 0 0 0 0 0 0 0 0 0 0 0 0 0 0 0 0 0 0 0 0 0 0 0 0 0 0 0 0 0 0 0 0 0 0 0 0 0 0 0 0 0 0 0 0 0 0 0 0 0 0 0 0 0 0 0 0 0 0 0 0 0 0 0 0 0 0 0 0 0 0 0 0 0 0 0 0 0 0 0 0 0 0 0 0 0 0 0 0 0 0 0 0 0 0 0 0 0 0 0 0 0 0 0 0 0 0 0 0 0 0 0 0 0 0 0 0 0 0 0 0 0 0 0 0 0 0 0 0 0 0 0 0 0 0 0 0 0 0 0 0 0 0 0 0 0 0 0 0 0 0 0 0 0 0 0 0 0 0 0 0 0 0 0 0 0 0 0 0 0 0 0 0 0 0 0 0 0 0 0 0 0 0 0 0 0 0 0 0 0 0 0 0 0 0 0 0 0 0 0 0 0 0 0 0 0 0 0 0 0 0 0 0 0 0 0 0 0 0 0 0 0 0 0 0 0 0 0 0 0 0 0 0 0 0 0 0 0 0 0 0 0 0 0 0 0 0 0 0 0 0 0 0 0 0 0 0 0 0 0 0 0 0 0 0 0 0 0 0 0 0 0 0 0 0 0 0 0 0 0 0 0 0 0 0 0 0 0 0 0 0 0 0 0 0 0 0 0 0 0 0 0 0 0 0 0 0 0 0 0 0 0 0 0 0 0 0 0 0 0 0 0 0 0 0 0 0 0 0 0 0 0 0 0 0 0 0 0 0 0 0 0 0 0 0 0 0 0 0 0 0 0 0 0 0 0 0 0 0 0 0 0 0 0 0 0 0 0 0 0 0 0 0 0 0 0 0 0 0 0 0 0 0 0 0 0 0 0 0 0 0 0 0 0 0 0 0 0 0 0 0 0 0 0 0 0 0 0 0 0 0 0 0 0 0 0 0 0 0 0 0 0 0 0 0 0 0 0 0 0 0 0 0 0 0 0 0 0 0 0 0 0 0 0 0 0 0 0 0 0 0 0 0 0 0 0 0 0 0 0 0 0 0 0 0 0 0 0 0 0 0 0 0 0 0 0 0 0 0 0 0 0 0 0 0 0 0 0 0 0 0 0 0 0 0 0 0 0 0 0 0 0 0 0 0 0 0 0 0 0 0 0 0 0 0 0 0 0 0 0 0 0 0 0 0 0 0 0 0 0 0 0 0 0 0 0 0 0 0 0 0 0 0 0 0 0 0 0 0 0 0 0 0 0 0 0 0 0 0 0 0 0 0 0 0 0 0 0 0 0 0 0 0 0 0 0 0 0 0 0 0 0 0 0 0 0 0 0 0 0 0 0
ctxt 3305683651
btime 1790630938
processes 230053
procs_running 11
procs_blocked 0
softirq 2917254946 73526 5769814 2751895 2837584486 249150 0 13556342 34022300 410 23247023
--
cpu  2167224 876 1135836 23292162 42464 0 512431 0 0 0
cpu0 76879 16 32348 732162 984 0 16009 0 0 0
cpu1 79441 20 32950 731851 803 0 15937 0 0 0
cpu2 80303 17 33081 731475 462 0 16049 0 0 0
cpu3 96996 19 41075 698793 1280 0 22754 0 0 0
cpu4 100210 19 40290 697993 755 0 22231 0 0 0
cpu5 84595 19 34310 725285 510 0 16694 0 0 0
cpu6 84563 18 34540 724883 435 0 17358 0 0 0
cpu7 83596 15 34882 725507 268 0 17425 0 0 0
cpu8 37604 27 32365 756690 1318 0 9497 0 0 0
cpu9 42777 31 34798 741775 3207 0 10160 0 0 0
cpu10 41300 30 33784 747142 1530 0 10105 0 0 0
cpu11 38391 26 31496 758553 948 0 9259 0 0 0
cpu12 63965 102 36424 719133 3823 0 10783 0 0 0
cpu13 61922 35 36939 720019 3604 0 11014 0 0 0
cpu14 37998 25 30936 761890 1106 0 9031 0 0 0
cpu15 35672 28 28638 770408 942 0 8207 0 0 0
cpu16 96154 12 38615 706082 516 0 20581 0 0 0
cpu17 92407 13 37735 710361 1409 0 19831 0 0 0
cpu18 90223 14 37092 714908 320 0 19317 0 0 0
cpu19 113103 14 45424 675223 805 0 26636 0 0 0
cpu20 108757 16 44744 680712 867 0 26462 0 0 0
cpu21 87408 15 36238 718304 767 0 18779 0 0 0
cpu22 83355 18 35159 723639 480 0 17723 0 0 0
cpu23 78468 18 33575 732587 558 0 16466 0 0 0
cpu24 41150 31 32190 756943 1238 0 9885 0 0 0
cpu25 45205 34 35366 740955 2350 0 11587 0 0 0
cpu26 43645 29 34679 744998 1757 0 11248 0 0 0
cpu27 37114 20 30885 748250 1466 0 17674 0 0 0
cpu28 62433 50 39685 701045 2901 0 22995 0 0 0
cpu29 65321 88 40880 694231 2983 0 23342 0 0 0
cpu30 36438 20 32000 744226 1163 0 17503 0 0 0
cpu31 39816 20 32702 756124 895 0 9876 0 0 0
intr 2235749225 126 0 0 0 0 0 0 0 0 1 0 0 0 0 0 0 0 0 0 0 0 0 0 0 0 0 0 1 1 1 0 0 0 0 1 0 1 0 0 75045 0 0 0 0 0 0 0 0 411 0 0 0 0 0 0 0 0 87 0 0 0 0 0 0 0 0 0 0 0 0 0 0 0 238347 2 35009445 34946542 34875368 35010961 0 7212 2736 3224 1692 3335 2771 2244 2748 1670 11325 19895 11375 8849 14580 16245 11725 7892 2939 2053 1670 3085 2410 2216 1733 1713 9515 8637 6189 6469 7969 7332 6904 8471 0 0 0 0 616589 3587 1036 0 264 0 0 0 0 0 0 0 0 0 0 0 0 0 0 0 0 0 0 0 0 0 0 0 0 0 0 0 0 0 0 0 0 0 0 0 0 0 0 0 0 0 0 0 0 0 0 0 0 0 0 0 0 0 0 0 0 0 0 0 0 0 0 0 0 0 0 0 0 0 0 0 0 0 0 0 0 0 0 0 0 0 0 0 0 0 0 0 0 0 0 0 0 0 0 0 0 0 0 0 0 0 0 0 0 0 0 0 0 0 0 0 0 0 0 0 0 0 0 0 0 0 0 0 0 0 0 0 0 0 0 0 0 0 0 0 0 0 0 0 0 0 0 0 0 0 0 0 0 0 0 0 0 0 0 0 0 0 0 0 0 0 0 0 0 0 0 0 0 0 0 0 0 0 0 0 0 0 0 0 0 0 0 0 0 0 0 0 0 0 0 0 0 0 0 0 0 0 0 0 0 0 0 0 0 0 0 0 0 0 0 0 0 0 0 0 0 0 0 0 0 0 0 0 0 0 0 0 0 0 0 0 0 0 0 0 0 0 0 0 0 0 0 0 0 0 0 0 0 0 0 0 0 0 0 0 0 0 0 0 0 0 0 0 0 0 0 0 0 0 0 0 0 0 0 0 0 0 0 0 0 0 0 0 0 0 0 0 0 0 0 0 0 0 0 0 0 0 0 0 0 0 0 0 0 0 0 0 0 0 0 0 0 0 0 0 0 0 0 0 0 0 0 0 0 0 0 0 0 0 0 0 0 0 0 0 0 0 0 0 0 0 0 0 0 0 0 0 0 0 0 0 0 0 0 0 0 0 0 0 0 0 0 0 0 0 0 0 0 0 0 0 0 0 0 0 0 0 0 0 0 0 0 0 0 0 0 0 0 0 0 0 0 0 0 0 0 0 0 0 0 0 0 0 0 0 0 0 0 0 0 0 0 0 0 0 0 0 0 0 0 0 0 0 0 0 0 0 0 0 0 0 0 0 0 0 0 0 0 0 0 0 0 0 0 0 0 0 0 0 0 0 0 0 0 0 0 0 0 0 0 0 0 0 0 0 0 0 0 0 0 0 0 0 0 0 0 0 0 0 0 0 0 0 0 0 0 0 0 0 0 0 0 0 0 0 0 0 0 0 0 0 0 0 0 0 0 0 0 0 0 0 0 0 0 0 0 0 0 0 0 0 0 0 0 0 0 0 0 0 0 0 0 0 0 0 0 0 0 0 0 0 0 0 0 0 0 0 0 0 0 0 0 0 0 0 0 0 0 0 0 0 0 0 0 0 0 0 0 0 0 0 0 0 0 0 0 0 0 0 0 0 0 0 0 0 0 0 0 0 0 0 0 0 0 0 0 0 0 0 0 0 0 0 0 0 0 0 0 0 0 0 0 0 0 0 0 0 0 0 0 0 0 0 0 0 0 0 0 0 0 0 0 0 0 0 0 0 0 0 0 0 0 0 0 0 0 0 0 0 0 0 0 0 0 0 0 0 0 0 0 0 0 0 0 0 0 0 0 0 0 0 0 0 0 0 0 0 0 0 0 0 0 0 0 0 0 0 0 0 0 0 0 0 0 0 0 0 0 0 0 0 0 0 0 0 0 0 0 0 0 0 0 0 0 0 0 0 0 0 0 0 0 0 0 0 0 0 0 0 0 0 0 0 0 0 0 0 0 0 0 0 0 0 0 0 0 0 0 0 0 0 0 0 0 0 0 0 0 0 0 0 0 0 0 0 0 0 0 0 0 0 0 0 0 0 0 0 0 0 0 0 0 0 0 0 0 0 0 0 0 0 0 0 0 0 0 0 0 0 0 0 0 0 0 0 0 0 0 0 0 0 0 0 0 0 0 0 0 0 0 0 0 0 0 0 0 0 0 0 0 0 0 0 0 0 0 0 0 0 0 0 0 0 0 0 0 0 0 0 0 0 0 0 0 0 0 0 0 0 0 0 0 0 0 0 0 0 0 0 0 0 0 0 0 0 0 0 0 0 0 0 0 0 0 0 0 0 0 0 0 0 0 0 0 0 0 0 0 0 0 0 0 0 0 0 0 0 0 0 0 0 0 0 0 0 0 0 0 0 0 0 0 0 0 0 0 0 0 0 0 0 0 0 0 0 0 0 0 0 0 0 0 0 0 0 0 0 0 0 0 0 0 0 0 0 0 0 0 0 0 0 0 0 0 0 0 0 0 0 0 0 0 0 0 0 0 0 0 0 0 0 0 0 0 0 0 0 0 0 0 0 0 0 0 0 0 0 0 0 0 0 0 0 0 0 0 0 0 0 0 0 0 0 0 0 0 0 0 0 0 0 0 0 0 0 0 0 0 0 0 0 0 0 0 0 0 0 0 0 0 0 0 0 0 0 0 0 0 0 0 0 0 0 0 0 0 0 0 0 0 0 0 0 0 0 0 0 0 0 0 0 0 0 0 0 0 0 0 0 0 0 0 0 0 0 0 0 0 0 0 0 0 0 0 0 0 0 0 0 0 0 0
ctxt 3308809587
btime 1790630938
processes 230125
procs_running 10
procs_blocked 0
softirq 2922353300 73526 5825517 2751895 2842556061 249287 0 13556342 34051707 410 23288555
