Running 10s test @ http://127.0.0.1:18500/
  16 threads and 32 connections
  Thread Stats   Avg      Stdev     Max   +/- Stdev
    Latency    86.28us   22.40us 272.00us   93.25%
    Req/Sec    23.23k     3.61k   29.09k    62.31%
  Latency Distribution
     50%   89.00us
     75%   91.00us
     90%   94.00us
     99%  182.00us
  3736626 requests in 10.10s, 563.04MB read
Requests/sec: 369969.01
Transfer/sec:     55.75MB
## server-stat
cpu  1541705 581 775042 13699577 34274 0 293064 0 0 0
cpu0 49900 11 22547 433195 839 0 9624 0 0 0
cpu1 50302 13 22325 435115 643 0 9071 0 0 0
cpu2 50619 10 22143 435521 406 0 8975 0 0 0
cpu3 55627 13 24079 426105 1209 0 10619 0 0 0
cpu4 54872 13 23302 428719 734 0 10084 0 0 0
cpu5 51438 12 22212 434631 384 0 8972 0 0 0
cpu6 50640 10 22096 435648 376 0 8936 0 0 0
cpu7 49239 9 21805 437436 249 0 8694 0 0 0
cpu8 35881 17 24479 437202 1121 0 6023 0 0 0
cpu9 40465 19 25455 428477 2464 0 6393 0 0 0
cpu10 39370 18 25230 431442 1290 0 6450 0 0 0
cpu11 36908 15 24183 437793 729 0 6039 0 0 0
cpu12 57047 88 26253 411278 3299 0 6703 0 0 0
cpu13 55786 20 26478 412643 2757 0 6838 0 0 0
cpu14 36443 14 23762 440099 921 0 5891 0 0 0
cpu15 34351 15 22213 445441 731 0 5345 0 0 0
cpu16 55370 8 23215 429654 384 0 9264 0 0 0
cpu17 55308 9 23309 428555 1300 0 9292 0 0 0
cpu18 54974 9 23149 430100 302 0 9172 0 0 0
cpu19 58813 11 24224 423831 710 0 9927 0 0 0
cpu20 60318 12 24738 421400 750 0 10548 0 0 0
cpu21 54938 9 23158 429536 625 0 9249 0 0 0
cpu22 53475 10 23023 430081 363 0 9112 0 0 0
cpu23 51614 12 22633 433673 345 0 8964 0 0 0
cpu24 39557 18 24935 435280 974 0 6565 0 0 0
cpu25 42944 21 26994 425086 1783 0 7630 0 0 0
cpu26 41701 19 26562 427798 1346 0 7425 0 0 0
cpu27 35565 10 23662 426923 1169 0 14306 0 0 0
cpu28 56292 30 28450 395281 2180 0 18095 0 0 0
cpu29 58862 69 29059 390854 2147 0 18310 0 0 0
cpu30 34802 12 24203 425672 919 0 14064 0 0 0
cpu31 38269 12 25154 435092 808 0 6470 0 0 0
intr 1485834714 126 0 0 0 0 0 0 0 0 1 0 0 0 0 0 0 0 0 0 0 0 0 0 0 0 0 0 1 1 1 0 0 0 0 1 0 1 0 0 75045 0 0 0 0 0 0 0 0 411 0 0 0 0 0 0 0 0 87 0 0 0 0 0 0 0 0 0 0 0 0 0 0 0 166901 2 34991427 34929649 34857068 34991745 0 4368 2424 2967 1597 3116 2667 2083 2574 1509 10614 18876 10646 8523 13563 15224 11433 7635 2717 1809 1543 2389 2273 1974 1674 1672 9157 7722 5545 5976 6825 6303 6378 8121 0 0 0 0 616356 3170 1036 0 264 0 0 0 0 0 0 0 0 0 0 0 0 0 0 0 0 0 0 0 0 0 0 0 0 0 0 0 0 0 0 0 0 0 0 0 0 0 0 0 0 0 0 0 0 0 0 0 0 0 0 0 0 0 0 0 0 0 0 0 0 0 0 0 0 0 0 0 0 0 0 0 0 0 0 0 0 0 0 0 0 0 0 0 0 0 0 0 0 0 0 0 0 0 0 0 0 0 0 0 0 0 0 0 0 0 0 0 0 0 0 0 0 0 0 0 0 0 0 0 0 0 0 0 0 0 0 0 0 0 0 0 0 0 0 0 0 0 0 0 0 0 0 0 0 0 0 0 0 0 0 0 0 0 0 0 0 0 0 0 0 0 0 0 0 0 0 0 0 0 0 0 0 0 0 0 0 0 0 0 0 0 0 0 0 0 0 0 0 0 0 0 0 0 0 0 0 0 0 0 0 0 0 0 0 0 0 0 0 0 0 0 0 0 0 0 0 0 0 0 0 0 0 0 0 0 0 0 0 0 0 0 0 0 0 0 0 0 0 0 0 0 0 0 0 0 0 0 0 0 0 0 0 0 0 0 0 0 0 0 0 0 0 0 0 0 0 0 0 0 0 0 0 0 0 0 0 0 0 0 0 0 0 0 0 0 0 0 0 0 0 0 0 0 0 0 0 0 0 0 0 0 0 0 0 0 0 0 0 0 0 0 0 0 0 0 0 0 0 0 0 0 0 0 0 0 0 0 0 0 0 0 0 0 0 0 0 0 0 0 0 0 0 0 0 0 0 0 0 0 0 0 0 0 0 0 0 0 0 0 0 0 0 0 0 0 0 0 0 0 0 0 0 0 0 0 0 0 0 0 0 0 0 0 0 0 0 0 0 0 0 0 0 0 0 0 0 0 0 0 0 0 0 0 0 0 0 0 0 0 0 0 0 0 0 0 0 0 0 0 0 0 0 0 0 0 0 0 0 0 0 0 0 0 0 0 0 0 0 0 0 0 0 0 0 0 0 0 0 0 0 0 0 0 0 0 0 0 0 0 0 0 0 0 0 0 0 0 0 0 0 0 0 0 0 0 0 0 0 0 0 0 0 0 0 0 0 0 0 0 0 0 0 0 0 0 0 0 0 0 0 0 0 0 0 0 0 0 0 0 0 0 0 0 0 0 0 0 0 0 0 0 0 0 0 0 0 0 0 0 0 0 0 0 0 0 0 0 0 0 0 0 0 0 0 0 0 0 0 0 0 0 0 0 0 0 0 0 0 0 0 0 0 0 0 0 0 0 0 0 0 0 0 0 0 0 0 0 0 0 0 0 0 0 0 0 0 0 0 0 0 0 0 0 0 0 0 0 0 0 0 0 0 0 0 0 0 0 0 0 0 0 0 0 0 0 0 0 0 0 0 0 0 0 0 0 0 0 0 0 0 0 0 0 0 0 0 0 0 0 0 0 0 0 0 0 0 0 0 0 0 0 0 0 0 0 0 0 0 0 0 0 0 0 0 0 0 0 0 0 0 0 0 0 0 0 0 0 0 0 0 0 0 0 0 0 0 0 0 0 0 0 0 0 0 0 0 0 0 0 0 0 0 0 0 0 0 0 0 0 0 0 0 0 0 0 0 0 0 0 0 0 0 0 0 0 0 0 0 0 0 0 0 0 0 0 0 0 0 0 0 0 0 0 0 0 0 0 0 0 0 0 0 0 0 0 0 0 0 0 0 0 0 0 0 0 0 0 0 0 0 0 0 0 0 0 0 0 0 0 0 0 0 0 0 0 0 0 0 0 0 0 0 0 0 0 0 0 0 0 0 0 0 0 0 0 0 0 0 0 0 0 0 0 0 0 0 0 0 0 0 0 0 0 0 0 0 0 0 0 0 0 0 0 0 0 0 0 0 0 0 0 0 0 0 0 0 0 0 0 0 0 0 0 0 0 0 0 0 0 0 0 0 0 0 0 0 0 0 0 0 0 0 0 0 0 0 0 0 0 0 0 0 0 0 0 0 0 0 0 0 0 0 0 0 0 0 0 0 0 0 0 0 0 0 0 0 0 0 0 0 0 0 0 0 0 0 0 0 0 0 0 0 0 0 0 0 0 0 0 0 0 0 0 0 0 0 0 0 0 0 0 0 0 0 0 0 0 0 0 0 0 0 0 0 0 0 0 0 0 0 0 0 0 0 0 0 0 0 0 0 0 0 0 0 0 0 0 0 0 0 0 0 0 0 0 0 0 0 0 0 0 0 0 0 0 0 0 0 0 0 0 0 0 0 0 0 0 0 0 0 0 0 0 0 0 0 0 0 0 0 0 0 0 0 0 0 0 0 0 0 0 0 0 0 0 0 0 0 0 0 0 0 0 0 0 0 0 0 0 0 0 0 0 0 0 0 0 0 0 0 0 0 0 0 0 0 0 0 0 0 0 0 0 0 0 0 0 0 0 0 0 0 0 0 0 0 0 0 0 0 0 0 0 0 0 0 0 0 0 0 0 0
ctxt 1933885931
btime 1790630938
processes 149277
procs_running 6
procs_blocked 0
softirq 1580998690 73526 3616127 2751513 1521975326 173789 0 13554507 23575793 410 15277699
--
cpu  1542172 582 775876 13721476 34288 0 293874 0 0 0
cpu0 49900 11 22547 433984 839 0 9624 0 0 0
cpu1 50303 13 22325 435915 643 0 9071 0 0 0
cpu2 50619 10 22143 436321 406 0 8975 0 0 0
cpu3 55779 13 24349 426219 1209 0 10884 0 0 0
cpu4 55043 13 23615 428719 734 0 10400 0 0 0
cpu5 51441 12 22212 435428 384 0 8972 0 0 0
cpu6 50640 10 22096 436448 376 0 8936 0 0 0
cpu7 49239 9 21805 438236 249 0 8694 0 0 0
cpu8 35885 17 24489 437903 1121 0 6030 0 0 0
cpu9 40473 19 25474 429134 2464 0 6405 0 0 0
cpu10 39374 18 25245 432096 1290 0 6464 0 0 0
cpu11 36911 15 24195 438474 729 0 6047 0 0 0
cpu12 57053 88 26268 411916 3300 0 6722 0 0 0
cpu13 55790 20 26500 413260 2757 0 6862 0 0 0
cpu14 36447 14 23774 440782 921 0 5899 0 0 0
cpu15 34355 15 22220 446138 731 0 5351 0 0 0
cpu16 55372 8 23215 430452 384 0 9264 0 0 0
cpu17 55308 9 23309 429355 1300 0 9292 0 0 0
cpu18 54975 9 23150 430898 302 0 9172 0 0 0
cpu19 58837 11 24267 424518 710 0 9973 0 0 0
cpu20 60318 12 24739 422200 750 0 10548 0 0 0
cpu21 54938 9 23158 430335 625 0 9249 0 0 0
cpu22 53476 10 23024 430880 363 0 9112 0 0 0
cpu23 51614 12 22633 434473 345 0 8964 0 0 0
cpu24 39560 18 24944 435959 974 0 6573 0 0 0
cpu25 42950 21 27006 425726 1785 0 7643 0 0 0
cpu26 41708 19 26573 428448 1346 0 7438 0 0 0
cpu27 35568 10 23670 427599 1176 0 14313 0 0 0
cpu28 56315 30 28467 395943 2181 0 18114 0 0 0
cpu29 58881 69 29080 391498 2153 0 18323 0 0 0
cpu30 34808 12 24211 426386 919 0 14072 0 0 0
cpu31 38275 12 25161 435817 808 0 6476 0 0 0
intr 1488500955 126 0 0 0 0 0 0 0 0 1 0 0 0 0 0 0 0 0 0 0 0 0 0 0 0 0 0 1 1 1 0 0 0 0 1 0 1 0 0 75045 0 0 0 0 0 0 0 0 411 0 0 0 0 0 0 0 0 87 0 0 0 0 0 0 0 0 0 0 0 0 0 0 0 167032 2 34991460 34929663 34857087 34991752 0 4372 2424 2967 1597 3116 2667 2083 2574 1509 10614 18878 10646 8524 13566 15224 11433 7635 2717 1809 1543 2389 2273 1974 1675 1672 9157 7722 5545 5976 6825 6303 6378 8121 0 0 0 0 616356 3170 1036 0 264 0 0 0 0 0 0 0 0 0 0 0 0 0 0 0 0 0 0 0 0 0 0 0 0 0 0 0 0 0 0 0 0 0 0 0 0 0 0 0 0 0 0 0 0 0 0 0 0 0 0 0 0 0 0 0 0 0 0 0 0 0 0 0 0 0 0 0 0 0 0 0 0 0 0 0 0 0 0 0 0 0 0 0 0 0 0 0 0 0 0 0 0 0 0 0 0 0 0 0 0 0 0 0 0 0 0 0 0 0 0 0 0 0 0 0 0 0 0 0 0 0 0 0 0 0 0 0 0 0 0 0 0 0 0 0 0 0 0 0 0 0 0 0 0 0 0 0 0 0 0 0 0 0 0 0 0 0 0 0 0 0 0 0 0 0 0 0 0 0 0 0 0 0 0 0 0 0 0 0 0 0 0 0 0 0 0 0 0 0 0 0 0 0 0 0 0 0 0 0 0 0 0 0 0 0 0 0 0 0 0 0 0 0 0 0 0 0 0 0 0 0 0 0 0 0 0 0 0 0 0 0 0 0 0 0 0 0 0 0 0 0 0 0 0 0 0 0 0 0 0 0 0 0 0 0 0 0 0 0 0 0 0 0 0 0 0 0 0 0 0 0 0 0 0 0 0 0 0 0 0 0 0 0 0 0 0 0 0 0 0 0 0 0 0 0 0 0 0 0 0 0 0 0 0 0 0 0 0 0 0 0 0 0 0 0 0 0 0 0 0 0 0 0 0 0 0 0 0 0 0 0 0 0 0 0 0 0 0 0 0 0 0 0 0 0 0 0 0 0 0 0 0 0 0 0 0 0 0 0 0 0 0 0 0 0 0 0 0 0 0 0 0 0 0 0 0 0 0 0 0 0 0 0 0 0 0 0 0 0 0 0 0 0 0 0 0 0 0 0 0 0 0 0 0 0 0 0 0 0 0 0 0 0 0 0 0 0 0 0 0 0 0 0 0 0 0 0 0 0 0 0 0 0 0 0 0 0 0 0 0 0 0 0 0 0 0 0 0 0 0 0 0 0 0 0 0 0 0 0 0 0 0 0 0 0 0 0 0 0 0 0 0 0 0 0 0 0 0 0 0 0 0 0 0 0 0 0 0 0 0 0 0 0 0 0 0 0 0 0 0 0 0 0 0 0 0 0 0 0 0 0 0 0 0 0 0 0 0 0 0 0 0 0 0 0 0 0 0 0 0 0 0 0 0 0 0 0 0 0 0 0 0 0 0 0 0 0 0 0 0 0 0 0 0 0 0 0 0 0 0 0 0 0 0 0 0 0 0 0 0 0 0 0 0 0 0 0 0 0 0 0 0 0 0 0 0 0 0 0 0 0 0 0 0 0 0 0 0 0 0 0 0 0 0 0 0 0 0 0 0 0 0 0 0 0 0 0 0 0 0 0 0 0 0 0 0 0 0 0 0 0 0 0 0 0 0 0 0 0 0 0 0 0 0 0 0 0 0 0 0 0 0 0 0 0 0 0 0 0 0 0 0 0 0 0 0 0 0 0 0 0 0 0 0 0 0 0 0 0 0 0 0 0 0 0 0 0 0 0 0 0 0 0 0 0 0 0 0 0 0 0 0 0 0 0 0 0 0 0 0 0 0 0 0 0 0 0 0 0 0 0 0 0 0 0 0 0 0 0 0 0 0 0 0 0 0 0 0 0 0 0 0 0 0 0 0 0 0 0 0 0 0 0 0 0 0 0 0 0 0 0 0 0 0 0 0 0 0 0 0 0 0 0 0 0 0 0 0 0 0 0 0 0 0 0 0 0 0 0 0 0 0 0 0 0 0 0 0 0 0 0 0 0 0 0 0 0 0 0 0 0 0 0 0 0 0 0 0 0 0 0 0 0 0 0 0 0 0 0 0 0 0 0 0 0 0 0 0 0 0 0 0 0 0 0 0 0 0 0 0 0 0 0 0 0 0 0 0 0 0 0 0 0 0 0 0 0 0 0 0 0 0 0 0 0 0 0 0 0 0 0 0 0 0 0 0 0 0 0 0 0 0 0 0 0 0 0 0 0 0 0 0 0 0 0 0 0 0 0 0 0 0 0 0 0 0 0 0 0 0 0 0 0 0 0 0 0 0 0 0 0 0 0 0 0 0 0 0 0 0 0 0 0 0 0 0 0 0 0 0 0 0 0 0 0 0 0 0 0 0 0 0 0 0 0 0 0 0 0 0 0 0 0 0 0 0 0 0 0 0 0 0 0 0 0 0 0 0 0 0 0 0 0 0 0 0 0 0 0 0 0 0 0 0 0 0 0 0 0 0 0 0 0 0 0 0 0 0 0 0 0 0 0 0 0 0 0 0 0 0 0 0 0 0 0 0 0 0 0 0 0 0 0 0 0 0 0 0 0 0 0 0 0 0 0 0 0 0 0 0 0 0 0 0 0 0 0 0 0 0 0 0 0 0 0 0 0 0 0 0 0 0 0 0 0 0 0 0 0 0 0 0 0 0 0 0 0 0 0 0 0 0
ctxt 1939097187
btime 1790630938
processes 149318
procs_running 7
procs_blocked 0
softirq 1586953551 73526 3619452 2751513 1527901805 173925 0 13554507 23590502 410 15287911
