Running 10s test @ http://127.0.0.1:18500/wait
  16 threads and 1000 connections
  Thread Stats   Avg      Stdev     Max   +/- Stdev
    Latency    10.26ms   71.93us  11.41ms   72.10%
    Req/Sec     6.07k    88.09     6.26k    73.29%
  Latency Distribution
     50%   10.25ms
     75%   10.30ms
     90%   10.35ms
     99%   10.44ms
  972601 requests in 10.10s, 99.25MB read
Requests/sec:  96290.81
Transfer/sec:      9.83MB
## server-stat
cpu  2132751 865 1112452 22939492 42188 0 496700 0 0 0
cpu0 75876 16 31934 720180 977 0 15649 0 0 0
cpu1 78726 20 32646 719241 802 0 15687 0 0 0
cpu2 78690 17 32549 720131 461 0 15636 0 0 0
cpu3 96064 19 40595 686742 1280 0 22359 0 0 0
cpu4 99208 19 39840 685945 748 0 21863 0 0 0
cpu5 83072 19 33632 714154 510 0 16102 0 0 0
cpu6 83076 17 33816 713815 435 0 16730 0 0 0
cpu7 81489 15 34041 715246 268 0 16699 0 0 0
cpu8 37429 27 31726 745014 1316 0 9206 0 0 0
cpu9 42579 31 34135 730211 3206 0 9866 0 0 0
cpu10 41115 29 33124 735598 1500 0 9801 0 0 0
cpu11 38232 26 30846 746889 943 0 8970 0 0 0
cpu12 63680 101 35717 707730 3804 0 10464 0 0 0
cpu13 61640 34 36224 708625 3600 0 10688 0 0 0
cpu14 37833 25 30304 750152 1104 0 8735 0 0 0
cpu15 35517 27 28028 758612 937 0 7927 0 0 0
cpu16 93226 12 37395 697343 515 0 19546 0 0 0
cpu17 89310 13 36482 701892 1409 0 18723 0 0 0
cpu18 88171 14 36132 704887 320 0 18430 0 0 0
cpu19 109410 14 43953 667777 804 0 25333 0 0 0
cpu20 105426 16 43335 672727 867 0 25263 0 0 0
cpu21 85076 15 35344 708394 767 0 17993 0 0 0
cpu22 81237 17 34434 713140 480 0 17137 0 0 0
cpu23 77321 17 33223 720447 537 0 16202 0 0 0
cpu24 40976 30 31533 745342 1223 0 9591 0 0 0
cpu25 44986 34 34703 729473 2318 0 11285 0 0 0
cpu26 43456 29 33999 733507 1724 0 10937 0 0 0
cpu27 36941 20 30234 736655 1443 0 17386 0 0 0
cpu28 62093 50 38951 689720 2872 0 22674 0 0 0
cpu29 64966 86 40165 682889 2971 0 23013 0 0 0
cpu30 36271 20 31348 732563 1144 0 17203 0 0 0
cpu31 39643 20 32048 744432 889 0 9587 0 0 0
intr 2203829267 126 0 0 0 0 0 0 0 0 1 0 0 0 0 0 0 0 0 0 0 0 0 0 0 0 0 0 1 1 1 0 0 0 0 1 0 1 0 0 75045 0 0 0 0 0 0 0 0 411 0 0 0 0 0 0 0 0 87 0 0 0 0 0 0 0 0 0 0 0 0 0 0 0 235459 2 35008971 34945566 34874920 35010310 0 7102 2736 3220 1691 3334 2768 2243 2748 1670 11215 19812 11337 8830 14567 16220 11719 7869 2939 2046 1670 3082 2409 2215 1733 1711 9454 8631 6002 6431 7965 7301 6884 8455 0 0 0 0 616581 3573 1036 0 264 0 0 0 0 0 0 0 0 0 0 0 0 0 0 0 0 0 0 0 0 0 0 0 0 0 0 0 0 0 0 0 0 0 0 0 0 0 0 0 0 0 0 0 0 0 0 0 0 0 0 0 0 0 0 0 0 0 0 0 0 0 0 0 0 0 0 0 0 0 0 0 0 0 0 0 0 0 0 0 0 0 0 0 0 0 0 0 0 0 0 0 0 0 0 0 0 0 0 0 0 0 0 0 0 0 0 0 0 0 0 0 0 0 0 0 0 0 0 0 0 0 0 0 0 0 0 0 0 0 0 0 0 0 0 0 0 0 0 0 0 0 0 0 0 0 0 0 0 0 0 0 0 0 0 0 0 0 0 0 0 0 0 0 0 0 0 0 0 0 0 0 0 0 0 0 0 0 0 0 0 0 0 0 0 0 0 0 0 0 0 0 0 0 0 0 0 0 0 0 0 0 0 0 0 0 0 0 0 0 0 0 0 0 0 0 0 0 0 0 0 0 0 0 0 0 0 0 0 0 0 0 0 0 0 0 0 0 0 0 0 0 0 0 0 0 0 0 0 0 0 0 0 0 0 0 0 0 0 0 0 0 0 0 0 0 0 0 0 0 0 0 0 0 0 0 0 0 0 0 0 0 0 0 0 0 0 0 0 0 0 0 0 0 0 0 0 0 0 0 0 0 0 0 0 0 0 0 0 0 0 0 0 0 0 0 0 0 0 0 0 0 0 0 0 0 0 0 0 0 0 0 0 0 0 0 0 0 0 0 0 0 0 0 0 0 0 0 0 0 0 0 0 0 0 0 0 0 0 0 0 0 0 0 0 0 0 0 0 0 0 0 0 0 0 0 0 0 0 0 0 0 0 0 0 0 0 0 0 0 0 0 0 0 0 0 0 0 0 0 0 0 0 0 0 0 0 0 0 0 0 0 0 0 0 0 0 0 0 0 0 0 0 0 0 0 0 0 0 0 0 0 0 0 0 0 0 0 0 0 0 0 0 0 0 0 0 0 0 0 0 0 0 0 0 0 0 0 0 0 0 0 0 0 0 0 0 0 0 0 0 0 0 0 0 0 0 0 0 0 0 0 0 0 0 0 0 0 0 0 0 0 0 0 0 0 0 0 0 0 0 0 0 0 0 0 0 0 0 0 0 0 0 0 0 0 0 0 0 0 0 0 0 0 0 0 0 0 0 0 0 0 0 0 0 0 0 0 0 0 0 0 0 0 0 0 0 0 0 0 0 0 0 0 0 0 0 0 0 0 0 0 0 0 0 0 0 0 0 0 0 0 0 0 0 0 0 0 0 0 0 0 0 0 0 0 0 0 0 0 0 0 0 0 0 0 0 0 0 0 0 0 0 0 0 0 0 0 0 0 0 0 0 0 0 0 0 0 0 0 0 0 0 0 0 0 0 0 0 0 0 0 0 0 0 0 0 0 0 0 0 0 0 0 0 0 0 0 0 0 0 0 0 0 0 0 0 0 0 0 0 0 0 0 0 0 0 0 0 0 0 0 0 0 0 0 0 0 0 0 0 0 0 0 0 0 0 0 0 0 0 0 0 0 0 0 0 0 0 0 0 0 0 0 0 0 0 0 0 0 0 0 0 0 0 0 0 0 0 0 0 0 0 0 0 0 0 0 0 0 0 0 0 0 0 0 0 0 0 0 0 0 0 0 0 0 0 0 0 0 0 0 0 0 0 0 0 0 0 0 0 0 0 0 0 0 0 0 0 0 0 0 0 0 0 0 0 0 0 0 0 0 0 0 0 0 0 0 0 0 0 0 0 0 0 0 0 0 0 0 0 0 0 0 0 0 0 0 0 0 0 0 0 0 0 0 0 0 0 0 0 0 0 0 0 0 0 0 0 0 0 0 0 0 0 0 0 0 0 0 0 0 0 0 0 0 0 0 0 0 0 0 0 0 0 0 0 0 0 0 0 0 0 0 0 0 0 0 0 0 0 0 0 0 0 0 0 0 0 0 0 0 0 0 0 0 0 0 0 0 0 0 0 0 0 0 0 0 0 0 0 0 0 0 0 0 0 0 0 0 0 0 0 0 0 0 0 0 0 0 0 0 0 0 0 0 0 0 0 0 0 0 0 0 0 0 0 0 0 0 0 0 0 0 0 0 0 0 0 0 0 0 0 0 0 0 0 0 0 0 0 0 0 0 0 0 0 0 0 0 0 0 0 0 0 0 0 0 0 0 0 0 0 0 0 0 0 0 0 0 0 0 0 0 0 0 0 0 0 0 0 0 0 0 0 0 0 0 0 0 0 0 0 0 0 0 0 0 0 0 0 0 0 0 0 0 0 0 0 0 0 0 0 0 0 0 0 0 0 0 0 0 0 0 0 0 0 0 0 0 0 0 0 0 0 0 0 0 0 0 0 0 0 0 0 0 0 0 0 0 0 0 0 0 0 0 0 0 0 0 0 0 0 0 0 0 0 0 0 0 0 0 0 0 0 0 0 0 0 0 0 0 0
ctxt 3248429127
btime 1790630938
processes 226903
procs_running 3
procs_blocked 0
softirq 2830459289 73526 5689425 2751876 2751680134 246239 0 13556266 33636612 410 22824801
--
cpu  2133283 865 1112700 22963575 42215 0 496936 0 0 0
cpu0 75934 16 31960 720863 977 0 15674 0 0 0
cpu1 78774 20 32668 719945 802 0 15708 0 0 0
cpu2 78716 17 32561 720881 461 0 15647 0 0 0
cpu3 96154 19 40632 687366 1280 0 22397 0 0 0
cpu4 99297 19 39878 686566 748 0 21902 0 0 0
cpu5 83129 19 33655 714848 510 0 16128 0 0 0
cpu6 83098 17 33826 714574 435 0 16739 0 0 0
cpu7 81493 15 34043 716037 268 0 16701 0 0 0
cpu8 37430 27 31727 745792 1316 0 9207 0 0 0
cpu9 42581 31 34137 730973 3206 0 9869 0 0 0
cpu10 41116 29 33127 736359 1500 0 9804 0 0 0
cpu11 38234 26 30848 747653 943 0 8973 0 0 0
cpu12 63688 101 35722 708481 3804 0 10468 0 0 0
cpu13 61647 34 36231 709372 3600 0 10692 0 0 0
cpu14 37836 25 30308 750914 1104 0 8739 0 0 0
cpu15 35518 27 28032 759378 937 0 7930 0 0 0
cpu16 93230 12 37396 698134 515 0 19548 0 0 0
cpu17 89311 13 36483 702688 1409 0 18723 0 0 0
cpu18 88172 14 36132 705685 320 0 18430 0 0 0
cpu19 109454 14 43970 668496 804 0 25351 0 0 0
cpu20 105439 16 43339 673506 867 0 25267 0 0 0
cpu21 85077 15 35345 709191 767 0 17993 0 0 0
cpu22 81237 17 34434 713939 480 0 17137 0 0 0
cpu23 77321 17 33223 721244 537 0 16203 0 0 0
cpu24 40978 30 31538 746095 1235 0 9594 0 0 0
cpu25 44991 34 34706 730233 2318 0 11288 0 0 0
cpu26 43461 29 34003 734270 1724 0 10940 0 0 0
cpu27 36943 20 30237 737425 1443 0 17387 0 0 0
cpu28 62105 50 38955 690457 2887 0 22677 0 0 0
cpu29 64989 86 40170 683638 2971 0 23015 0 0 0
cpu30 36272 20 31351 733339 1144 0 17204 0 0 0
cpu31 39644 20 32049 745217 889 0 9588 0 0 0
intr 2204587290 126 0 0 0 0 0 0 0 0 1 0 0 0 0 0 0 0 0 0 0 0 0 0 0 0 0 0 1 1 1 0 0 0 0 1 0 1 0 0 75045 0 0 0 0 0 0 0 0 411 0 0 0 0 0 0 0 0 87 0 0 0 0 0 0 0 0 0 0 0 0 0 0 0 235774 2 35008984 34945600 34874932 35010336 0 7106 2736 3220 1691 3334 2768 2244 2748 1670 11218 19812 11337 8830 14567 16221 11719 7869 2939 2046 1670 3084 2409 2216 1733 1711 9454 8632 6002 6431 7965 7301 6884 8455 0 0 0 0 616581 3573 1036 0 264 0 0 0 0 0 0 0 0 0 0 0 0 0 0 0 0 0 0 0 0 0 0 0 0 0 0 0 0 0 0 0 0 0 0 0 0 0 0 0 0 0 0 0 0 0 0 0 0 0 0 0 0 0 0 0 0 0 0 0 0 0 0 0 0 0 0 0 0 0 0 0 0 0 0 0 0 0 0 0 0 0 0 0 0 0 0 0 0 0 0 0 0 0 0 0 0 0 0 0 0 0 0 0 0 0 0 0 0 0 0 0 0 0 0 0 0 0 0 0 0 0 0 0 0 0 0 0 0 0 0 0 0 0 0 0 0 0 0 0 0 0 0 0 0 0 0 0 0 0 0 0 0 0 0 0 0 0 0 0 0 0 0 0 0 0 0 0 0 0 0 0 0 0 0 0 0 0 0 0 0 0 0 0 0 0 0 0 0 0 0 0 0 0 0 0 0 0 0 0 0 0 0 0 0 0 0 0 0 0 0 0 0 0 0 0 0 0 0 0 0 0 0 0 0 0 0 0 0 0 0 0 0 0 0 0 0 0 0 0 0 0 0 0 0 0 0 0 0 0 0 0 0 0 0 0 0 0 0 0 0 0 0 0 0 0 0 0 0 0 0 0 0 0 0 0 0 0 0 0 0 0 0 0 0 0 0 0 0 0 0 0 0 0 0 0 0 0 0 0 0 0 0 0 0 0 0 0 0 0 0 0 0 0 0 0 0 0 0 0 0 0 0 0 0 0 0 0 0 0 0 0 0 0 0 0 0 0 0 0 0 0 0 0 0 0 0 0 0 0 0 0 0 0 0 0 0 0 0 0 0 0 0 0 0 0 0 0 0 0 0 0 0 0 0 0 0 0 0 0 0 0 0 0 0 0 0 0 0 0 0 0 0 0 0 0 0 0 0 0 0 0 0 0 0 0 0 0 0 0 0 0 0 0 0 0 0 0 0 0 0 0 0 0 0 0 0 0 0 0 0 0 0 0 0 0 0 0 0 0 0 0 0 0 0 0 0 0 0 0 0 0 0 0 0 0 0 0 0 0 0 0 0 0 0 0 0 0 0 0 0 0 0 0 0 0 0 0 0 0 0 0 0 0 0 0 0 0 0 0 0 0 0 0 0 0 0 0 0 0 0 0 0 0 0 0 0 0 0 0 0 0 0 0 0 0 0 0 0 0 0 0 0 0 0 0 0 0 0 0 0 0 0 0 0 0 0 0 0 0 0 0 0 0 0 0 0 0 0 0 0 0 0 0 0 0 0 0 0 0 0 0 0 0 0 0 0 0 0 0 0 0 0 0 0 0 0 0 0 0 0 0 0 0 0 0 0 0 0 0 0 0 0 0 0 0 0 0 0 0 0 0 0 0 0 0 0 0 0 0 0 0 0 0 0 0 0 0 0 0 0 0 0 0 0 0 0 0 0 0 0 0 0 0 0 0 0 0 0 0 0 0 0 0 0 0 0 0 0 0 0 0 0 0 0 0 0 0 0 0 0 0 0 0 0 0 0 0 0 0 0 0 0 0 0 0 0 0 0 0 0 0 0 0 0 0 0 0 0 0 0 0 0 0 0 0 0 0 0 0 0 0 0 0 0 0 0 0 0 0 0 0 0 0 0 0 0 0 0 0 0 0 0 0 0 0 0 0 0 0 0 0 0 0 0 0 0 0 0 0 0 0 0 0 0 0 0 0 0 0 0 0 0 0 0 0 0 0 0 0 0 0 0 0 0 0 0 0 0 0 0 0 0 0 0 0 0 0 0 0 0 0 0 0 0 0 0 0 0 0 0 0 0 0 0 0 0 0 0 0 0 0 0 0 0 0 0 0 0 0 0 0 0 0 0 0 0 0 0 0 0 0 0 0 0 0 0 0 0 0 0 0 0 0 0 0 0 0 0 0 0 0 0 0 0 0 0 0 0 0 0 0 0 0 0 0 0 0 0 0 0 0 0 0 0 0 0 0 0 0 0 0 0 0 0 0 0 0 0 0 0 0 0 0 0 0 0 0 0 0 0 0 0 0 0 0 0 0 0 0 0 0 0 0 0 0 0 0 0 0 0 0 0 0 0 0 0 0 0 0 0 0 0 0 0 0 0 0 0 0 0 0 0 0 0 0 0 0 0 0 0 0 0 0 0 0 0 0 0 0 0 0 0 0 0 0 0 0 0 0 0 0 0 0 0 0 0 0 0 0 0 0 0 0 0 0 0 0 0 0 0 0 0 0 0 0 0 0 0 0 0 0 0 0 0 0 0 0 0 0 0 0 0 0 0 0 0 0 0 0 0 0 0 0 0 0 0 0 0 0 0 0 0 0 0 0 0 0 0 0 0 0 0 0 0 0 0 0 0 0 0 0 0 0 0 0 0 0 0 0 0 0 0 0 0 0 0 0 0 0 0 0 0 0 0 0 0 0 0 0 0 0 0 0 0 0 0 0 0 0 0 0 0 0 0 0 0 0 0 0 0 0 0 0 0 0 0 0 0 0 0 0 0
ctxt 3249880572
btime 1790630938
processes 226953
procs_running 6
procs_blocked 0
softirq 2832035431 73526 5692382 2751876 2753228376 246564 0 13556266 33650088 410 22835943
