Running 10s test @ http://127.0.0.1:18500/json
  16 threads and 128 connections
  Thread Stats   Avg      Stdev     Max   +/- Stdev
    Latency    92.93us   28.99us   1.99ms   82.83%
    Req/Sec    85.48k     6.22k  121.56k    70.12%
  Latency Distribution
     50%   87.00us
     75%  101.00us
     90%  117.00us
     99%  202.00us
  13718905 requests in 10.10s, 1.90GB read
Requests/sec: 1358406.95
Transfer/sec:    193.03MB
## server-stat
cpu  1670659 622 862298 14823925 35419 0 351336 0 0 0
cpu0 54253 12 24221 471104 849 0 10780 0 0 0
cpu1 56949 14 24883 469487 691 0 10870 0 0 0
cpu2 57053 11 24597 470284 420 0 10722 0 0 0
cpu3 64088 14 27894 456094 1215 0 13744 0 0 0
cpu4 64308 13 26921 458295 736 0 12899 0 0 0
cpu5 58543 13 24939 468369 420 0 10787 0 0 0
cpu6 57833 11 24777 469197 403 0 10904 0 0 0
cpu7 55439 10 24173 472684 256 0 10268 0 0 0
cpu8 36264 18 26585 475988 1138 0 7027 0 0 0
cpu9 40914 21 27712 466282 2550 0 7451 0 0 0
cpu10 39787 20 27425 469560 1325 0 7493 0 0 0
cpu11 37248 16 26173 476863 752 0 7000 0 0 0
cpu12 57932 90 28493 448840 3389 0 7810 0 0 0
cpu13 56583 22 28743 450155 2786 0 7977 0 0 0
cpu14 36783 15 25673 479491 936 0 6832 0 0 0
cpu15 34674 16 24022 485350 742 0 6218 0 0 0
cpu16 64823 9 27238 458414 410 0 12494 0 0 0
cpu17 62325 9 26474 461176 1316 0 11927 0 0 0
cpu18 62100 9 26471 462430 304 0 11846 0 0 0
cpu19 69839 11 29262 448907 728 0 14218 0 0 0
cpu20 70231 12 29989 447049 756 0 15190 0 0 0
cpu21 61551 10 26199 462712 638 0 11851 0 0 0
cpu22 59902 11 26101 463530 367 0 11599 0 0 0
cpu23 58600 12 26025 465934 383 0 11725 0 0 0
cpu24 39928 20 26931 474426 1040 0 7548 0 0 0
cpu25 43445 24 29242 463047 1820 0 8739 0 0 0
cpu26 42150 21 28779 466039 1393 0 8493 0 0 0
cpu27 35930 11 25710 466012 1207 0 15281 0 0 0
cpu28 57409 34 31164 431481 2293 0 19438 0 0 0
cpu29 59923 72 31858 426640 2327 0 19658 0 0 0
cpu30 35190 13 26348 464039 989 0 15072 0 0 0
cpu31 38649 13 27262 474028 823 0 7463 0 0 0
intr 1644783636 126 0 0 0 0 0 0 0 0 1 0 0 0 0 0 0 0 0 0 0 0 0 0 0 0 0 0 1 1 1 0 0 0 0 1 0 1 0 0 75045 0 0 0 0 0 0 0 0 411 0 0 0 0 0 0 0 0 87 0 0 0 0 0 0 0 0 0 0 0 0 0 0 0 177041 2 34993668 34931520 34858666 34994147 0 4747 2486 2973 1601 3118 2678 2096 2576 1522 10645 19025 10793 8590 13857 15330 11467 7661 2722 1810 1546 2392 2276 1990 1687 1676 9182 7854 5628 6084 7005 6503 6469 8176 0 0 0 0 616388 3234 1036 0 264 0 0 0 0 0 0 0 0 0 0 0 0 0 0 0 0 0 0 0 0 0 0 0 0 0 0 0 0 0 0 0 0 0 0 0 0 0 0 0 0 0 0 0 0 0 0 0 0 0 0 0 0 0 0 0 0 0 0 0 0 0 0 0 0 0 0 0 0 0 0 0 0 0 0 0 0 0 0 0 0 0 0 0 0 0 0 0 0 0 0 0 0 0 0 0 0 0 0 0 0 0 0 0 0 0 0 0 0 0 0 0 0 0 0 0 0 0 0 0 0 0 0 0 0 0 0 0 0 0 0 0 0 0 0 0 0 0 0 0 0 0 0 0 0 0 0 0 0 0 0 0 0 0 0 0 0 0 0 0 0 0 0 0 0 0 0 0 0 0 0 0 0 0 0 0 0 0 0 0 0 0 0 0 0 0 0 0 0 0 0 0 0 0 0 0 0 0 0 0 0 0 0 0 0 0 0 0 0 0 0 0 0 0 0 0 0 0 0 0 0 0 0 0 0 0 0 0 0 0 0 0 0 0 0 0 0 0 0 0 0 0 0 0 0 0 0 0 0 0 0 0 0 0 0 0 0 0 0 0 0 0 0 0 0 0 0 0 0 0 0 0 0 0 0 0 0 0 0 0 0 0 0 0 0 0 0 0 0 0 0 0 0 0 0 0 0 0 0 0 0 0 0 0 0 0 0 0 0 0 0 0 0 0 0 0 0 0 0 0 0 0 0 0 0 0 0 0 0 0 0 0 0 0 0 0 0 0 0 0 0 0 0 0 0 0 0 0 0 0 0 0 0 0 0 0 0 0 0 0 0 0 0 0 0 0 0 0 0 0 0 0 0 0 0 0 0 0 0 0 0 0 0 0 0 0 0 0 0 0 0 0 0 0 0 0 0 0 0 0 0 0 0 0 0 0 0 0 0 0 0 0 0 0 0 0 0 0 0 0 0 0 0 0 0 0 0 0 0 0 0 0 0 0 0 0 0 0 0 0 0 0 0 0 0 0 0 0 0 0 0 0 0 0 0 0 0 0 0 0 0 0 0 0 0 0 0 0 0 0 0 0 0 0 0 0 0 0 0 0 0 0 0 0 0 0 0 0 0 0 0 0 0 0 0 0 0 0 0 0 0 0 0 0 0 0 0 0 0 0 0 0 0 0 0 0 0 0 0 0 0 0 0 0 0 0 0 0 0 0 0 0 0 0 0 0 0 0 0 0 0 0 0 0 0 0 0 0 0 0 0 0 0 0 0 0 0 0 0 0 0 0 0 0 0 0 0 0 0 0 0 0 0 0 0 0 0 0 0 0 0 0 0 0 0 0 0 0 0 0 0 0 0 0 0 0 0 0 0 0 0 0 0 0 0 0 0 0 0 0 0 0 0 0 0 0 0 0 0 0 0 0 0 0 0 0 0 0 0 0 0 0 0 0 0 0 0 0 0 0 0 0 0 0 0 0 0 0 0 0 0 0 0 0 0 0 0 0 0 0 0 0 0 0 0 0 0 0 0 0 0 0 0 0 0 0 0 0 0 0 0 0 0 0 0 0 0 0 0 0 0 0 0 0 0 0 0 0 0 0 0 0 0 0 0 0 0 0 0 0 0 0 0 0 0 0 0 0 0 0 0 0 0 0 0 0 0 0 0 0 0 0 0 0 0 0 0 0 0 0 0 0 0 0 0 0 0 0 0 0 0 0 0 0 0 0 0 0 0 0 0 0 0 0 0 0 0 0 0 0 0 0 0 0 0 0 0 0 0 0 0 0 0 0 0 0 0 0 0 0 0 0 0 0 0 0 0 0 0 0 0 0 0 0 0 0 0 0 0 0 0 0 0 0 0 0 0 0 0 0 0 0 0 0 0 0 0 0 0 0 0 0 0 0 0 0 0 0 0 0 0 0 0 0 0 0 0 0 0 0 0 0 0 0 0 0 0 0 0 0 0 0 0 0 0 0 0 0 0 0 0 0 0 0 0 0 0 0 0 0 0 0 0 0 0 0 0 0 0 0 0 0 0 0 0 0 0 0 0 0 0 0 0 0 0 0 0 0 0 0 0 0 0 0 0 0 0 0 0 0 0 0 0 0 0 0 0 0 0 0 0 0 0 0 0 0 0 0 0 0 0 0 0 0 0 0 0 0 0 0 0 0 0 0 0 0 0 0 0 0 0 0 0 0 0 0 0 0 0 0 0 0 0 0 0 0 0 0 0 0 0 0 0 0 0 0 0 0 0 0 0 0 0 0 0 0 0 0 0 0 0 0 0 0 0 0 0 0 0 0 0 0 0 0 0 0 0 0 0 0 0 0 0 0 0 0 0 0 0 0 0 0 0 0 0 0 0 0 0 0 0 0 0 0 0 0 0 0 0 0 0 0 0 0 0 0 0 0 0 0 0 0 0 0 0 0 0 0 0 0 0 0 0 0 0 0 0 0 0 0 0 0 0 0 0 0 0 0 0 0 0 0 0 0 0 0 0 0 0 0 0 0 0
ctxt 2229192681
btime 1790630938
processes 158862
procs_running 17
procs_blocked 0
softirq 1932109152 73526 3863465 2751586 1869595681 184448 0 13554749 25444625 410 16640662
--
cpu  1672962 622 867362 14835643 35442 0 354949 0 0 0
cpu0 54255 12 24224 471882 849 0 10784 0 0 0
cpu1 57153 14 25128 469575 691 0 11133 0 0 0
cpu2 57053 11 24597 471081 421 0 10722 0 0 0
cpu3 64088 14 27895 456891 1215 0 13745 0 0 0
cpu4 64533 13 27203 458303 736 0 13184 0 0 0
cpu5 58583 13 24940 469125 421 0 10787 0 0 0
cpu6 58057 11 25061 469197 403 0 11196 0 0 0
cpu7 55441 10 24173 473479 256 0 10268 0 0 0
cpu8 36290 18 26755 476331 1138 0 7107 0 0 0
cpu9 40940 21 27881 466626 2550 0 7527 0 0 0
cpu10 39813 20 27602 469903 1325 0 7577 0 0 0
cpu11 37275 16 26350 477203 755 0 7082 0 0 0
cpu12 57957 90 28671 449179 3389 0 7890 0 0 0
cpu13 56609 22 28918 450492 2786 0 8064 0 0 0
cpu14 36810 15 25851 479833 936 0 6916 0 0 0
cpu15 34697 16 24195 485696 742 0 6296 0 0 0
cpu16 65055 9 27531 458421 410 0 12762 0 0 0
cpu17 62352 9 26507 461882 1317 0 11959 0 0 0
cpu18 62323 9 26752 462430 304 0 12142 0 0 0
cpu19 70066 11 29544 448907 728 0 14509 0 0 0
cpu20 70236 12 29993 447837 757 0 15192 0 0 0
cpu21 61781 10 26491 462712 638 0 12129 0 0 0
cpu22 59902 11 26101 464310 385 0 11599 0 0 0
cpu23 58829 12 26307 465934 383 0 12014 0 0 0
cpu24 39955 20 27105 474764 1040 0 7629 0 0 0
cpu25 43471 24 29416 463382 1820 0 8825 0 0 0
cpu26 42181 21 28953 466374 1393 0 8572 0 0 0
cpu27 35957 11 25877 466348 1207 0 15365 0 0 0
cpu28 57439 34 31337 431813 2294 0 19523 0 0 0
cpu29 59953 72 32030 426974 2327 0 19742 0 0 0
cpu30 35217 13 26526 464379 989 0 15152 0 0 0
cpu31 38678 13 27436 474364 823 0 7543 0 0 0
intr 1650116447 126 0 0 0 0 0 0 0 0 1 0 0 0 0 0 0 0 0 0 0 0 0 0 0 0 0 0 1 1 1 0 0 0 0 1 0 1 0 0 75045 0 0 0 0 0 0 0 0 411 0 0 0 0 0 0 0 0 87 0 0 0 0 0 0 0 0 0 0 0 0 0 0 0 177321 2 34993731 34931598 34858707 34994201 0 4751 2486 2973 1601 3118 2678 2096 2576 1522 10645 19025 10793 8590 13857 15330 11467 7661 2722 1810 1546 2392 2277 1990 1687 1676 9185 7854 5628 6084 7006 6503 6469 8176 0 0 0 0 616388 3234 1036 0 264 0 0 0 0 0 0 0 0 0 0 0 0 0 0 0 0 0 0 0 0 0 0 0 0 0 0 0 0 0 0 0 0 0 0 0 0 0 0 0 0 0 0 0 0 0 0 0 0 0 0 0 0 0 0 0 0 0 0 0 0 0 0 0 0 0 0 0 0 0 0 0 0 0 0 0 0 0 0 0 0 0 0 0 0 0 0 0 0 0 0 0 0 0 0 0 0 0 0 0 0 0 0 0 0 0 0 0 0 0 0 0 0 0 0 0 0 0 0 0 0 0 0 0 0 0 0 0 0 0 0 0 0 0 0 0 0 0 0 0 0 0 0 0 0 0 0 0 0 0 0 0 0 0 0 0 0 0 0 0 0 0 0 0 0 0 0 0 0 0 0 0 0 0 0 0 0 0 0 0 0 0 0 0 0 0 0 0 0 0 0 0 0 0 0 0 0 0 0 0 0 0 0 0 0 0 0 0 0 0 0 0 0 0 0 0 0 0 0 0 0 0 0 0 0 0 0 0 0 0 0 0 0 0 0 0 0 0 0 0 0 0 0 0 0 0 0 0 0 0 0 0 0 0 0 0 0 0 0 0 0 0 0 0 0 0 0 0 0 0 0 0 0 0 0 0 0 0 0 0 0 0 0 0 0 0 0 0 0 0 0 0 0 0 0 0 0 0 0 0 0 0 0 0 0 0 0 0 0 0 0 0 0 0 0 0 0 0 0 0 0 0 0 0 0 0 0 0 0 0 0 0 0 0 0 0 0 0 0 0 0 0 0 0 0 0 0 0 0 0 0 0 0 0 0 0 0 0 0 0 0 0 0 0 0 0 0 0 0 0 0 0 0 0 0 0 0 0 0 0 0 0 0 0 0 0 0 0 0 0 0 0 0 0 0 0 0 0 0 0 0 0 0 0 0 0 0 0 0 0 0 0 0 0 0 0 0 0 0 0 0 0 0 0 0 0 0 0 0 0 0 0 0 0 0 0 0 0 0 0 0 0 0 0 0 0 0 0 0 0 0 0 0 0 0 0 0 0 0 0 0 0 0 0 0 0 0 0 0 0 0 0 0 0 0 0 0 0 0 0 0 0 0 0 0 0 0 0 0 0 0 0 0 0 0 0 0 0 0 0 0 0 0 0 0 0 0 0 0 0 0 0 0 0 0 0 0 0 0 0 0 0 0 0 0 0 0 0 0 0 0 0 0 0 0 0 0 0 0 0 0 0 0 0 0 0 0 0 0 0 0 0 0 0 0 0 0 0 0 0 0 0 0 0 0 0 0 0 0 0 0 0 0 0 0 0 0 0 0 0 0 0 0 0 0 0 0 0 0 0 0 0 0 0 0 0 0 0 0 0 0 0 0 0 0 0 0 0 0 0 0 0 0 0 0 0 0 0 0 0 0 0 0 0 0 0 0 0 0 0 0 0 0 0 0 0 0 0 0 0 0 0 0 0 0 0 0 0 0 0 0 0 0 0 0 0 0 0 0 0 0 0 0 0 0 0 0 0 0 0 0 0 0 0 0 0 0 0 0 0 0 0 0 0 0 0 0 0 0 0 0 0 0 0 0 0 0 0 0 0 0 0 0 0 0 0 0 0 0 0 0 0 0 0 0 0 0 0 0 0 0 0 0 0 0 0 0 0 0 0 0 0 0 0 0 0 0 0 0 0 0 0 0 0 0 0 0 0 0 0 0 0 0 0 0 0 0 0 0 0 0 0 0 0 0 0 0 0 0 0 0 0 0 0 0 0 0 0 0 0 0 0 0 0 0 0 0 0 0 0 0 0 0 0 0 0 0 0 0 0 0 0 0 0 0 0 0 0 0 0 0 0 0 0 0 0 0 0 0 0 0 0 0 0 0 0 0 0 0 0 0 0 0 0 0 0 0 0 0 0 0 0 0 0 0 0 0 0 0 0 0 0 0 0 0 0 0 0 0 0 0 0 0 0 0 0 0 0 0 0 0 0 0 0 0 0 0 0 0 0 0 0 0 0 0 0 0 0 0 0 0 0 0 0 0 0 0 0 0 0 0 0 0 0 0 0 0 0 0 0 0 0 0 0 0 0 0 0 0 0 0 0 0 0 0 0 0 0 0 0 0 0 0 0 0 0 0 0 0 0 0 0 0 0 0 0 0 0 0 0 0 0 0 0 0 0 0 0 0 0 0 0 0 0 0 0 0 0 0 0 0 0 0 0 0 0 0 0 0 0 0 0 0 0 0 0 0 0 0 0 0 0 0 0 0 0 0 0 0 0 0 0 0 0 0 0 0 0 0 0 0 0 0 0 0 0 0 0 0 0 0 0 0 0 0 0 0 0 0 0 0 0 0 0 0 0 0 0 0 0 0 0 0 0 0 0 0 0 0 0 0 0 0 0 0 0 0 0 0 0 0 0 0 0 0 0 0 0 0 0 0 0 0 0 0 0 0 0 0 0 0 0 0 0 0 0 0 0 0 0 0 0 0 0 0 0 0 0 0 0 0 0 0
ctxt 2239729711
btime 1790630938
processes 158912
procs_running 17
procs_blocked 0
softirq 1953899960 73526 3867540 2751586 1891294773 184741 0 13554749 25488268 410 16684367
