Running 10s test @ http://127.0.0.1:18500/wait
  16 threads and 128 connections
  Thread Stats   Avg      Stdev     Max   +/- Stdev
    Latency    10.15ms  326.31us  11.63ms   87.56%
    Req/Sec   791.25     15.69   828.00     67.60%
  Latency Distribution
     50%   10.22ms
     75%   10.29ms
     90%   10.37ms
     99%   10.55ms
  126435 requests in 10.09s, 15.80MB read
Requests/sec:  12528.01
Transfer/sec:      1.57MB
## server-stat
cpu  1673326 622 868114 14851246 35459 0 355485 0 0 0
cpu0 54256 12 24226 472427 849 0 10789 0 0 0
cpu1 57153 14 25129 470125 691 0 11136 0 0 0
cpu2 57054 11 24598 471631 421 0 10723 0 0 0
cpu3 64090 14 27898 457433 1215 0 13747 0 0 0
cpu4 64538 13 27209 458837 737 0 13190 0 0 0
cpu5 58583 13 24941 469676 421 0 10787 0 0 0
cpu6 58060 11 25064 469740 403 0 11199 0 0 0
cpu7 55442 10 24174 474031 256 0 10268 0 0 0
cpu8 36295 18 26780 476818 1138 0 7118 0 0 0
cpu9 40948 21 27909 467106 2550 0 7539 0 0 0
cpu10 39818 20 27628 470385 1325 0 7589 0 0 0
cpu11 37279 16 26374 477690 755 0 7094 0 0 0
cpu12 57973 90 28697 449650 3389 0 7904 0 0 0
cpu13 56622 22 28946 450962 2786 0 8074 0 0 0
cpu14 36815 15 25876 480317 936 0 6930 0 0 0
cpu15 34702 16 24221 486182 742 0 6308 0 0 0
cpu16 65087 9 27572 458861 410 0 12802 0 0 0
cpu17 62385 9 26547 462322 1317 0 11999 0 0 0
cpu18 62355 9 26792 462869 304 0 12184 0 0 0
cpu19 70103 11 29587 449336 728 0 14551 0 0 0
cpu20 70264 12 30032 448281 757 0 15233 0 0 0
cpu21 61812 10 26532 463152 638 0 12169 0 0 0
cpu22 59931 11 26137 464758 386 0 11637 0 0 0
cpu23 58859 12 26346 466375 383 0 12056 0 0 0
cpu24 39959 20 27130 475250 1040 0 7640 0 0 0
cpu25 43475 24 29440 463867 1820 0 8838 0 0 0
cpu26 42186 21 28978 466844 1408 0 8584 0 0 0
cpu27 35961 11 25904 466835 1207 0 15378 0 0 0
cpu28 57444 34 31363 432297 2294 0 19534 0 0 0
cpu29 59958 72 32059 427457 2327 0 19754 0 0 0
cpu30 35222 13 26549 464866 989 0 15164 0 0 0
cpu31 38684 13 27460 474850 823 0 7554 0 0 0
intr 1650946656 126 0 0 0 0 0 0 0 0 1 0 0 0 0 0 0 0 0 0 0 0 0 0 0 0 0 0 1 1 1 0 0 0 0 1 0 1 0 0 75045 0 0 0 0 0 0 0 0 411 0 0 0 0 0 0 0 0 87 0 0 0 0 0 0 0 0 0 0 0 0 0 0 0 177427 2 34993740 34931652 34858733 34994272 0 4755 2486 2973 1602 3119 2678 2096 2576 1522 10645 19025 10793 8590 13857 15330 11468 7661 2722 1812 1546 2392 2277 1990 1687 1676 9185 7857 5628 6086 7006 6503 6469 8176 0 0 0 0 616388 3234 1036 0 264 0 0 0 0 0 0 0 0 0 0 0 0 0 0 0 0 0 0 0 0 0 0 0 0 0 0 0 0 0 0 0 0 0 0 0 0 0 0 0 0 0 0 0 0 0 0 0 0 0 0 0 0 0 0 0 0 0 0 0 0 0 0 0 0 0 0 0 0 0 0 0 0 0 0 0 0 0 0 0 0 0 0 0 0 0 0 0 0 0 0 0 0 0 0 0 0 0 0 0 0 0 0 0 0 0 0 0 0 0 0 0 0 0 0 0 0 0 0 0 0 0 0 0 0 0 0 0 0 0 0 0 0 0 0 0 0 0 0 0 0 0 0 0 0 0 0 0 0 0 0 0 0 0 0 0 0 0 0 0 0 0 0 0 0 0 0 0 0 0 0 0 0 0 0 0 0 0 0 0 0 0 0 0 0 0 0 0 0 0 0 0 0 0 0 0 0 0 0 0 0 0 0 0 0 0 0 0 0 0 0 0 0 0 0 0 0 0 0 0 0 0 0 0 0 0 0 0 0 0 0 0 0 0 0 0 0 0 0 0 0 0 0 0 0 0 0 0 0 0 0 0 0 0 0 0 0 0 0 0 0 0 0 0 0 0 0 0 0 0 0 0 0 0 0 0 0 0 0 0 0 0 0 0 0 0 0 0 0 0 0 0 0 0 0 0 0 0 0 0 0 0 0 0 0 0 0 0 0 0 0 0 0 0 0 0 0 0 0 0 0 0 0 0 0 0 0 0 0 0 0 0 0 0 0 0 0 0 0 0 0 0 0 0 0 0 0 0 0 0 0 0 0 0 0 0 0 0 0 0 0 0 0 0 0 0 0 0 0 0 0 0 0 0 0 0 0 0 0 0 0 0 0 0 0 0 0 0 0 0 0 0 0 0 0 0 0 0 0 0 0 0 0 0 0 0 0 0 0 0 0 0 0 0 0 0 0 0 0 0 0 0 0 0 0 0 0 0 0 0 0 0 0 0 0 0 0 0 0 0 0 0 0 0 0 0 0 0 0 0 0 0 0 0 0 0 0 0 0 0 0 0 0 0 0 0 0 0 0 0 0 0 0 0 0 0 0 0 0 0 0 0 0 0 0 0 0 0 0 0 0 0 0 0 0 0 0 0 0 0 0 0 0 0 0 0 0 0 0 0 0 0 0 0 0 0 0 0 0 0 0 0 0 0 0 0 0 0 0 0 0 0 0 0 0 0 0 0 0 0 0 0 0 0 0 0 0 0 0 0 0 0 0 0 0 0 0 0 0 0 0 0 0 0 0 0 0 0 0 0 0 0 0 0 0 0 0 0 0 0 0 0 0 0 0 0 0 0 0 0 0 0 0 0 0 0 0 0 0 0 0 0 0 0 0 0 0 0 0 0 0 0 0 0 0 0 0 0 0 0 0 0 0 0 0 0 0 0 0 0 0 0 0 0 0 0 0 0 0 0 0 0 0 0 0 0 0 0 0 0 0 0 0 0 0 0 0 0 0 0 0 0 0 0 0 0 0 0 0 0 0 0 0 0 0 0 0 0 0 0 0 0 0 0 0 0 0 0 0 0 0 0 0 0 0 0 0 0 0 0 0 0 0 0 0 0 0 0 0 0 0 0 0 0 0 0 0 0 0 0 0 0 0 0 0 0 0 0 0 0 0 0 0 0 0 0 0 0 0 0 0 0 0 0 0 0 0 0 0 0 0 0 0 0 0 0 0 0 0 0 0 0 0 0 0 0 0 0 0 0 0 0 0 0 0 0 0 0 0 0 0 0 0 0 0 0 0 0 0 0 0 0 0 0 0 0 0 0 0 0 0 0 0 0 0 0 0 0 0 0 0 0 0 0 0 0 0 0 0 0 0 0 0 0 0 0 0 0 0 0 0 0 0 0 0 0 0 0 0 0 0 0 0 0 0 0 0 0 0 0 0 0 0 0 0 0 0 0 0 0 0 0 0 0 0 0 0 0 0 0 0 0 0 0 0 0 0 0 0 0 0 0 0 0 0 0 0 0 0 0 0 0 0 0 0 0 0 0 0 0 0 0 0 0 0 0 0 0 0 0 0 0 0 0 0 0 0 0 0 0 0 0 0 0 0 0 0 0 0 0 0 0 0 0 0 0 0 0 0 0 0 0 0 0 0 0 0 0 0 0 0 0 0 0 0 0 0 0 0 0 0 0 0 0 0 0 0 0 0 0 0 0 0 0 0 0 0 0 0 0 0 0 0 0 0 0 0 0 0 0 0 0 0 0 0 0 0 0 0 0 0 0 0 0 0 0 0 0 0 0 0 0 0 0 0 0 0 0 0 0 0 0 0 0 0 0 0 0 0 0 0 0 0 0 0 0 0 0 0 0 0 0 0 0 0 0 0 0 0 0 0 0 0 0 0 0 0 0 0 0 0 0 0 0 0 0 0 0 0 0 0 0 0 0 0 0 0 0 0 0 0 0 0 0 0 0 0 0 0 0 0 0 0 0 0 0 0 0 0 0 0 0 0
ctxt 2241290794
btime 1790630938
processes 159063
procs_running 1
procs_blocked 0
softirq 1957076518 73526 3870177 2751588 1894439238 184853 0 13554751 25502846 410 16699129
--
cpu  1673395 624 868159 14876604 35461 0 355520 0 0 0
cpu0 54258 12 24228 473218 849 0 10795 0 0 0
cpu1 57154 14 25131 470920 691 0 11138 0 0 0
cpu2 57054 11 24599 472430 421 0 10723 0 0 0
cpu3 64097 14 27907 458206 1215 0 13754 0 0 0
cpu4 64543 13 27215 459616 737 0 13196 0 0 0
cpu5 58583 13 24942 470473 421 0 10787 0 0 0
cpu6 58060 11 25065 470539 403 0 11199 0 0 0
cpu7 55442 10 24174 474829 256 0 10268 0 0 0
cpu8 36296 18 26780 477611 1138 0 7119 0 0 0
cpu9 40950 21 27910 467894 2550 0 7539 0 0 0
cpu10 39819 20 27629 471177 1325 0 7590 0 0 0
cpu11 37279 17 26375 478484 755 0 7094 0 0 0
cpu12 57996 90 28699 450419 3389 0 7904 0 0 0
cpu13 56637 22 28948 451736 2788 0 8075 0 0 0
cpu14 36817 15 25877 481109 936 0 6930 0 0 0
cpu15 34703 16 24221 486977 742 0 6308 0 0 0
cpu16 65087 9 27572 459660 410 0 12802 0 0 0
cpu17 62385 9 26547 463121 1317 0 11999 0 0 0
cpu18 62355 9 26792 463668 304 0 12184 0 0 0
cpu19 70108 11 29596 450111 728 0 14557 0 0 0
cpu20 70265 12 30034 449075 757 0 15234 0 0 0
cpu21 61812 10 26532 463952 638 0 12170 0 0 0
cpu22 59931 11 26137 465558 386 0 11637 0 0 0
cpu23 58859 12 26346 467175 383 0 12056 0 0 0
cpu24 39959 20 27130 476045 1040 0 7641 0 0 0
cpu25 43476 24 29440 464661 1820 0 8839 0 0 0
cpu26 42187 21 28978 467639 1408 0 8584 0 0 0
cpu27 35961 11 25904 467633 1207 0 15378 0 0 0
cpu28 57444 34 31365 433090 2294 0 19534 0 0 0
cpu29 59958 72 32060 428250 2327 0 19754 0 0 0
cpu30 35222 13 26550 465664 989 0 15164 0 0 0
cpu31 38684 13 27460 475649 823 0 7554 0 0 0
intr 1651142776 126 0 0 0 0 0 0 0 0 1 0 0 0 0 0 0 0 0 0 0 0 0 0 0 0 0 0 1 1 1 0 0 0 0 1 0 1 0 0 75045 0 0 0 0 0 0 0 0 411 0 0 0 0 0 0 0 0 87 0 0 0 0 0 0 0 0 0 0 0 0 0 0 0 177427 2 34993761 34931700 34858771 34994326 0 4763 2486 2973 1602 3119 2679 2096 2576 1522 10645 19025 10793 8590 13857 15330 11468 7661 2727 1812 1546 2392 2278 1990 1687 1676 9237 7863 5628 6086 7006 6503 6469 8176 0 0 0 0 616388 3234 1036 0 264 0 0 0 0 0 0 0 0 0 0 0 0 0 0 0 0 0 0 0 0 0 0 0 0 0 0 0 0 0 0 0 0 0 0 0 0 0 0 0 0 0 0 0 0 0 0 0 0 0 0 0 0 0 0 0 0 0 0 0 0 0 0 0 0 0 0 0 0 0 0 0 0 0 0 0 0 0 0 0 0 0 0 0 0 0 0 0 0 0 0 0 0 0 0 0 0 0 0 0 0 0 0 0 0 0 0 0 0 0 0 0 0 0 0 0 0 0 0 0 0 0 0 0 0 0 0 0 0 0 0 0 0 0 0 0 0 0 0 0 0 0 0 0 0 0 0 0 0 0 0 0 0 0 0 0 0 0 0 0 0 0 0 0 0 0 0 0 0 0 0 0 0 0 0 0 0 0 0 0 0 0 0 0 0 0 0 0 0 0 0 0 0 0 0 0 0 0 0 0 0 0 0 0 0 0 0 0 0 0 0 0 0 0 0 0 0 0 0 0 0 0 0 0 0 0 0 0 0 0 0 0 0 0 0 0 0 0 0 0 0 0 0 0 0 0 0 0 0 0 0 0 0 0 0 0 0 0 0 0 0 0 0 0 0 0 0 0 0 0 0 0 0 0 0 0 0 0 0 0 0 0 0 0 0 0 0 0 0 0 0 0 0 0 0 0 0 0 0 0 0 0 0 0 0 0 0 0 0 0 0 0 0 0 0 0 0 0 0 0 0 0 0 0 0 0 0 0 0 0 0 0 0 0 0 0 0 0 0 0 0 0 0 0 0 0 0 0 0 0 0 0 0 0 0 0 0 0 0 0 0 0 0 0 0 0 0 0 0 0 0 0 0 0 0 0 0 0 0 0 0 0 0 0 0 0 0 0 0 0 0 0 0 0 0 0 0 0 0 0 0 0 0 0 0 0 0 0 0 0 0 0 0 0 0 0 0 0 0 0 0 0 0 0 0 0 0 0 0 0 0 0 0 0 0 0 0 0 0 0 0 0 0 0 0 0 0 0 0 0 0 0 0 0 0 0 0 0 0 0 0 0 0 0 0 0 0 0 0 0 0 0 0 0 0 0 0 0 0 0 0 0 0 0 0 0 0 0 0 0 0 0 0 0 0 0 0 0 0 0 0 0 0 0 0 0 0 0 0 0 0 0 0 0 0 0 0 0 0 0 0 0 0 0 0 0 0 0 0 0 0 0 0 0 0 0 0 0 0 0 0 0 0 0 0 0 0 0 0 0 0 0 0 0 0 0 0 0 0 0 0 0 0 0 0 0 0 0 0 0 0 0 0 0 0 0 0 0 0 0 0 0 0 0 0 0 0 0 0 0 0 0 0 0 0 0 0 0 0 0 0 0 0 0 0 0 0 0 0 0 0 0 0 0 0 0 0 0 0 0 0 0 0 0 0 0 0 0 0 0 0 0 0 0 0 0 0 0 0 0 0 0 0 0 0 0 0 0 0 0 0 0 0 0 0 0 0 0 0 0 0 0 0 0 0 0 0 0 0 0 0 0 0 0 0 0 0 0 0 0 0 0 0 0 0 0 0 0 0 0 0 0 0 0 0 0 0 0 0 0 0 0 0 0 0 0 0 0 0 0 0 0 0 0 0 0 0 0 0 0 0 0 0 0 0 0 0 0 0 0 0 0 0 0 0 0 0 0 0 0 0 0 0 0 0 0 0 0 0 0 0 0 0 0 0 0 0 0 0 0 0 0 0 0 0 0 0 0 0 0 0 0 0 0 0 0 0 0 0 0 0 0 0 0 0 0 0 0 0 0 0 0 0 0 0 0 0 0 0 0 0 0 0 0 0 0 0 0 0 0 0 0 0 0 0 0 0 0 0 0 0 0 0 0 0 0 0 0 0 0 0 0 0 0 0 0 0 0 0 0 0 0 0 0 0 0 0 0 0 0 0 0 0 0 0 0 0 0 0 0 0 0 0 0 0 0 0 0 0 0 0 0 0 0 0 0 0 0 0 0 0 0 0 0 0 0 0 0 0 0 0 0 0 0 0 0 0 0 0 0 0 0 0 0 0 0 0 0 0 0 0 0 0 0 0 0 0 0 0 0 0 0 0 0 0 0 0 0 0 0 0 0 0 0 0 0 0 0 0 0 0 0 0 0 0 0 0 0 0 0 0 0 0 0 0 0 0 0 0 0 0 0 0 0 0 0 0 0 0 0 0 0 0 0 0 0 0 0 0 0 0 0 0 0 0 0 0 0 0 0 0 0 0 0 0 0 0 0 0 0 0 0 0 0 0 0 0 0 0 0 0 0 0 0 0 0 0 0 0 0 0 0 0 0 0 0 0 0 0 0 0 0 0 0 0 0 0 0 0 0 0 0 0 0 0 0 0 0 0 0 0 0 0 0 0 0 0 0 0 0 0 0 0 0 0 0 0 0 0 0 0 0 0 0 0 0 0 0 0 0 0 0 0 0 0 0 0 0 0 0 0 0 0 0 0 0 0 0 0 0 0 0 0
ctxt 2241571333
btime 1790630938
processes 159120
procs_running 1
procs_blocked 0
softirq 1957308360 73526 3874104 2751588 1894641309 184861 0 13554751 25515391 410 16712420
