Running 10s test @ http://127.0.0.1:18500/wait
  16 threads and 1000 connections
  Thread Stats   Avg      Stdev     Max   +/- Stdev
    Latency    10.55ms  515.49us  12.96ms   63.63%
    Req/Sec     5.90k    93.10     6.18k    70.77%
  Latency Distribution
     50%   10.46ms
     75%   11.00ms
     90%   11.24ms
     99%   11.57ms
  940407 requests in 10.09s, 117.49MB read
Requests/sec:  93165.83
Transfer/sec:     11.64MB
## server-stat
cpu  2152677 872 1126799 23164401 42376 0 506534 0 0 0
cpu0 76370 16 32194 727890 984 0 15890 0 0 0
cpu1 79066 20 32834 727328 802 0 15855 0 0 0
cpu2 79481 17 32874 727539 462 0 15911 0 0 0
cpu3 96616 19 40913 694369 1280 0 22633 0 0 0
cpu4 99602 19 40107 693825 755 0 22095 0 0 0
cpu5 84225 19 34118 720899 510 0 16530 0 0 0
cpu6 84189 18 34317 720578 435 0 17157 0 0 0
cpu7 82887 15 34579 721654 268 0 17171 0 0 0
cpu8 37534 27 32111 752390 1318 0 9377 0 0 0
cpu9 42695 31 34534 737519 3207 0 10039 0 0 0
cpu10 41227 29 33529 742895 1513 0 9978 0 0 0
cpu11 38323 26 31242 754264 944 0 9145 0 0 0
cpu12 63853 102 36149 714928 3818 0 10659 0 0 0
cpu13 61813 34 36661 715819 3602 0 10884 0 0 0
cpu14 37929 25 30689 757579 1106 0 8905 0 0 0
cpu15 35612 27 28401 766081 937 0 8096 0 0 0
cpu16 94983 12 38130 703006 515 0 20201 0 0 0
cpu17 91159 13 37265 707391 1409 0 19404 0 0 0
cpu18 89522 14 36729 711203 320 0 18975 0 0 0
cpu19 111487 14 44856 672779 805 0 26154 0 0 0
cpu20 107486 16 44223 677811 867 0 26043 0 0 0
cpu21 86172 15 35834 715158 767 0 18452 0 0 0
cpu22 82200 18 34826 720258 480 0 17476 0 0 0
cpu23 77798 18 33403 728433 557 0 16350 0 0 0
cpu24 41079 30 31931 752673 1236 0 9771 0 0 0
cpu25 45123 34 35108 736715 2348 0 11468 0 0 0
cpu26 43572 29 34413 740749 1752 0 11123 0 0 0
cpu27 37047 20 30633 743988 1444 0 17559 0 0 0
cpu28 62309 50 39394 696872 2892 0 22863 0 0 0
cpu29 65192 87 40602 690040 2976 0 23211 0 0 0
cpu30 36371 20 31744 739929 1158 0 17385 0 0 0
cpu31 39743 20 32444 751826 894 0 9760 0 0 0
intr 2224718517 126 0 0 0 0 0 0 0 0 1 0 0 0 0 0 0 0 0 0 0 0 0 0 0 0 0 0 1 1 1 0 0 0 0 1 0 1 0 0 75045 0 0 0 0 0 0 0 0 411 0 0 0 0 0 0 0 0 87 0 0 0 0 0 0 0 0 0 0 0 0 0 0 0 237395 2 35009317 34946216 34875200 35010729 0 7171 2736 3223 1692 3335 2771 2244 2748 1670 11271 19878 11355 8847 14580 16238 11722 7879 2939 2046 1670 3084 2410 2216 1733 1713 9477 8637 6188 6447 7969 7328 6888 8471 0 0 0 0 616589 3578 1036 0 264 0 0 0 0 0 0 0 0 0 0 0 0 0 0 0 0 0 0 0 0 0 0 0 0 0 0 0 0 0 0 0 0 0 0 0 0 0 0 0 0 0 0 0 0 0 0 0 0 0 0 0 0 0 0 0 0 0 0 0 0 0 0 0 0 0 0 0 0 0 0 0 0 0 0 0 0 0 0 0 0 0 0 0 0 0 0 0 0 0 0 0 0 0 0 0 0 0 0 0 0 0 0 0 0 0 0 0 0 0 0 0 0 0 0 0 0 0 0 0 0 0 0 0 0 0 0 0 0 0 0 0 0 0 0 0 0 0 0 0 0 0 0 0 0 0 0 0 0 0 0 0 0 0 0 0 0 0 0 0 0 0 0 0 0 0 0 0 0 0 0 0 0 0 0 0 0 0 0 0 0 0 0 0 0 0 0 0 0 0 0 0 0 0 0 0 0 0 0 0 0 0 0 0 0 0 0 0 0 0 0 0 0 0 0 0 0 0 0 0 0 0 0 0 0 0 0 0 0 0 0 0 0 0 0 0 0 0 0 0 0 0 0 0 0 0 0 0 0 0 0 0 0 0 0 0 0 0 0 0 0 0 0 0 0 0 0 0 0 0 0 0 0 0 0 0 0 0 0 0 0 0 0 0 0 0 0 0 0 0 0 0 0 0 0 0 0 0 0 0 0 0 0 0 0 0 0 0 0 0 0 0 0 0 0 0 0 0 0 0 0 0 0 0 0 0 0 0 0 0 0 0 0 0 0 0 0 0 0 0 0 0 0 0 0 0 0 0 0 0 0 0 0 0 0 0 0 0 0 0 0 0 0 0 0 0 0 0 0 0 0 0 0 0 0 0 0 0 0 0 0 0 0 0 0 0 0 0 0 0 0 0 0 0 0 0 0 0 0 0 0 0 0 0 0 0 0 0 0 0 0 0 0 0 0 0 0 0 0 0 0 0 0 0 0 0 0 0 0 0 0 0 0 0 0 0 0 0 0 0 0 0 0 0 0 0 0 0 0 0 0 0 0 0 0 0 0 0 0 0 0 0 0 0 0 0 0 0 0 0 0 0 0 0 0 0 0 0 0 0 0 0 0 0 0 0 0 0 0 0 0 0 0 0 0 0 0 0 0 0 0 0 0 0 0 0 0 0 0 0 0 0 0 0 0 0 0 0 0 0 0 0 0 0 0 0 0 0 0 0 0 0 0 0 0 0 0 0 0 0 0 0 0 0 0 0 0 0 0 0 0 0 0 0 0 0 0 0 0 0 0 0 0 0 0 0 0 0 0 0 0 0 0 0 0 0 0 0 0 0 0 0 0 0 0 0 0 0 0 0 0 0 0 0 0 0 0 0 0 0 0 0 0 0 0 0 0 0 0 0 0 0 0 0 0 0 0 0 0 0 0 0 0 0 0 0 0 0 0 0 0 0 0 0 0 0 0 0 0 0 0 0 0 0 0 0 0 0 0 0 0 0 0 0 0 0 0 0 0 0 0 0 0 0 0 0 0 0 0 0 0 0 0 0 0 0 0 0 0 0 0 0 0 0 0 0 0 0 0 0 0 0 0 0 0 0 0 0 0 0 0 0 0 0 0 0 0 0 0 0 0 0 0 0 0 0 0 0 0 0 0 0 0 0 0 0 0 0 0 0 0 0 0 0 0 0 0 0 0 0 0 0 0 0 0 0 0 0 0 0 0 0 0 0 0 0 0 0 0 0 0 0 0 0 0 0 0 0 0 0 0 0 0 0 0 0 0 0 0 0 0 0 0 0 0 0 0 0 0 0 0 0 0 0 0 0 0 0 0 0 0 0 0 0 0 0 0 0 0 0 0 0 0 0 0 0 0 0 0 0 0 0 0 0 0 0 0 0 0 0 0 0 0 0 0 0 0 0 0 0 0 0 0 0 0 0 0 0 0 0 0 0 0 0 0 0 0 0 0 0 0 0 0 0 0 0 0 0 0 0 0 0 0 0 0 0 0 0 0 0 0 0 0 0 0 0 0 0 0 0 0 0 0 0 0 0 0 0 0 0 0 0 0 0 0 0 0 0 0 0 0 0 0 0 0 0 0 0 0 0 0 0 0 0 0 0 0 0 0 0 0 0 0 0 0 0 0 0 0 0 0 0 0 0 0 0 0 0 0 0 0 0 0 0 0 0 0 0 0 0 0 0 0 0 0 0 0 0 0 0 0 0 0 0 0 0 0 0 0 0 0 0 0 0 0 0 0 0 0 0 0 0 0 0 0 0 0 0 0 0 0 0 0 0 0 0 0 0 0 0 0 0 0 0 0 0 0 0 0 0 0 0 0 0 0 0 0 0 0 0 0 0 0 0 0 0 0 0 0 0 0 0 0 0 0 0 0 0 0 0 0 0 0 0 0 0 0 0 0 0 0 0 0 0 0 0 0 0 0 0 0 0 0 0 0 0 0 0 0 0 0 0 0 0 0 0 0 0 0 0 0 0 0 0 0 0 0 0 0 0 0 0 0
ctxt 3288228762
btime 1790630938
processes 229096
procs_running 2
procs_blocked 0
softirq 2889064956 73526 5740733 2751889 2809701201 248280 0 13556313 33887770 410 23104834
--
cpu  2152904 873 1127042 23188799 42395 0 506765 0 0 0
cpu0 76389 16 32211 728627 984 0 15914 0 0 0
cpu1 79081 20 32849 728079 802 0 15871 0 0 0
cpu2 79491 17 32885 728307 462 0 15920 0 0 0
cpu3 96649 19 40951 695061 1280 0 22664 0 0 0
cpu4 99631 19 40144 694518 755 0 22132 0 0 0
cpu5 84238 19 34136 721654 510 0 16543 0 0 0
cpu6 84192 18 34322 721365 435 0 17162 0 0 0
cpu7 82888 15 34579 722450 268 0 17172 0 0 0
cpu8 37535 27 32113 753163 1318 0 9379 0 0 0
cpu9 42698 31 34537 738278 3207 0 10042 0 0 0
cpu10 41229 29 33532 743638 1529 0 9983 0 0 0
cpu11 38325 26 31245 755029 944 0 9147 0 0 0
cpu12 63861 102 36153 715680 3818 0 10662 0 0 0
cpu13 61821 34 36667 716568 3602 0 10888 0 0 0
cpu14 37930 25 30691 758345 1106 0 8908 0 0 0
cpu15 35613 27 28403 766849 939 0 8098 0 0 0
cpu16 94984 12 38132 703800 515 0 20204 0 0 0
cpu17 91159 13 37265 708190 1409 0 19404 0 0 0
cpu18 89522 14 36730 711999 320 0 18977 0 0 0
cpu19 111515 14 44888 673491 805 0 26179 0 0 0
cpu20 107501 16 44239 678562 867 0 26059 0 0 0
cpu21 86173 15 35834 715954 767 0 18453 0 0 0
cpu22 82200 18 34826 721057 480 0 17476 0 0 0
cpu23 77798 18 33404 729231 557 0 16351 0 0 0
cpu24 41081 31 31934 753436 1237 0 9774 0 0 0
cpu25 45125 34 35110 737474 2348 0 11471 0 0 0
cpu26 43573 29 34415 741513 1752 0 11125 0 0 0
cpu27 37048 20 30636 744756 1444 0 17562 0 0 0
cpu28 62315 50 39397 697626 2893 0 22867 0 0 0
cpu29 65209 87 40608 690788 2976 0 23215 0 0 0
cpu30 36372 20 31746 740698 1158 0 17388 0 0 0
cpu31 39744 20 32446 752598 895 0 9762 0 0 0
intr 2225534253 126 0 0 0 0 0 0 0 0 1 0 0 0 0 0 0 0 0 0 0 0 0 0 0 0 0 0 1 1 1 0 0 0 0 1 0 1 0 0 75045 0 0 0 0 0 0 0 0 411 0 0 0 0 0 0 0 0 87 0 0 0 0 0 0 0 0 0 0 0 0 0 0 0 237536 2 35009328 34946253 34875212 35010749 0 7179 2736 3223 1692 3335 2771 2244 2748 1670 11272 19878 11355 8847 14580 16238 11722 7888 2939 2047 1670 3084 2410 2216 1733 1713 9512 8637 6188 6447 7969 7328 6888 8471 0 0 0 0 616589 3584 1036 0 264 0 0 0 0 0 0 0 0 0 0 0 0 0 0 0 0 0 0 0 0 0 0 0 0 0 0 0 0 0 0 0 0 0 0 0 0 0 0 0 0 0 0 0 0 0 0 0 0 0 0 0 0 0 0 0 0 0 0 0 0 0 0 0 0 0 0 0 0 0 0 0 0 0 0 0 0 0 0 0 0 0 0 0 0 0 0 0 0 0 0 0 0 0 0 0 0 0 0 0 0 0 0 0 0 0 0 0 0 0 0 0 0 0 0 0 0 0 0 0 0 0 0 0 0 0 0 0 0 0 0 0 0 0 0 0 0 0 0 0 0 0 0 0 0 0 0 0 0 0 0 0 0 0 0 0 0 0 0 0 0 0 0 0 0 0 0 0 0 0 0 0 0 0 0 0 0 0 0 0 0 0 0 0 0 0 0 0 0 0 0 0 0 0 0 0 0 0 0 0 0 0 0 0 0 0 0 0 0 0 0 0 0 0 0 0 0 0 0 0 0 0 0 0 0 0 0 0 0 0 0 0 0 0 0 0 0 0 0 0 0 0 0 0 0 0 0 0 0 0 0 0 0 0 0 0 0 0 0 0 0 0 0 0 0 0 0 0 0 0 0 0 0 0 0 0 0 0 0 0 0 0 0 0 0 0 0 0 0 0 0 0 0 0 0 0 0 0 0 0 0 0 0 0 0 0 0 0 0 0 0 0 0 0 0 0 0 0 0 0 0 0 0 0 0 0 0 0 0 0 0 0 0 0 0 0 0 0 0 0 0 0 0 0 0 0 0 0 0 0 0 0 0 0 0 0 0 0 0 0 0 0 0 0 0 0 0 0 0 0 0 0 0 0 0 0 0 0 0 0 0 0 0 0 0 0 0 0 0 0 0 0 0 0 0 0 0 0 0 0 0 0 0 0 0 0 0 0 0 0 0 0 0 0 0 0 0 0 0 0 0 0 0 0 0 0 0 0 0 0 0 0 0 0 0 0 0 0 0 0 0 0 0 0 0 0 0 0 0 0 0 0 0 0 0 0 0 0 0 0 0 0 0 0 0 0 0 0 0 0 0 0 0 0 0 0 0 0 0 0 0 0 0 0 0 0 0 0 0 0 0 0 0 0 0 0 0 0 0 0 0 0 0 0 0 0 0 0 0 0 0 0 0 0 0 0 0 0 0 0 0 0 0 0 0 0 0 0 0 0 0 0 0 0 0 0 0 0 0 0 0 0 0 0 0 0 0 0 0 0 0 0 0 0 0 0 0 0 0 0 0 0 0 0 0 0 0 0 0 0 0 0 0 0 0 0 0 0 0 0 0 0 0 0 0 0 0 0 0 0 0 0 0 0 0 0 0 0 0 0 0 0 0 0 0 0 0 0 0 0 0 0 0 0 0 0 0 0 0 0 0 0 0 0 0 0 0 0 0 0 0 0 0 0 0 0 0 0 0 0 0 0 0 0 0 0 0 0 0 0 0 0 0 0 0 0 0 0 0 0 0 0 0 0 0 0 0 0 0 0 0 0 0 0 0 0 0 0 0 0 0 0 0 0 0 0 0 0 0 0 0 0 0 0 0 0 0 0 0 0 0 0 0 0 0 0 0 0 0 0 0 0 0 0 0 0 0 0 0 0 0 0 0 0 0 0 0 0 0 0 0 0 0 0 0 0 0 0 0 0 0 0 0 0 0 0 0 0 0 0 0 0 0 0 0 0 0 0 0 0 0 0 0 0 0 0 0 0 0 0 0 0 0 0 0 0 0 0 0 0 0 0 0 0 0 0 0 0 0 0 0 0 0 0 0 0 0 0 0 0 0 0 0 0 0 0 0 0 0 0 0 0 0 0 0 0 0 0 0 0 0 0 0 0 0 0 0 0 0 0 0 0 0 0 0 0 0 0 0 0 0 0 0 0 0 0 0 0 0 0 0 0 0 0 0 0 0 0 0 0 0 0 0 0 0 0 0 0 0 0 0 0 0 0 0 0 0 0 0 0 0 0 0 0 0 0 0 0 0 0 0 0 0 0 0 0 0 0 0 0 0 0 0 0 0 0 0 0 0 0 0 0 0 0 0 0 0 0 0 0 0 0 0 0 0 0 0 0 0 0 0 0 0 0 0 0 0 0 0 0 0 0 0 0 0 0 0 0 0 0 0 0 0 0 0 0 0 0 0 0 0 0 0 0 0 0 0 0 0 0 0 0 0 0 0 0 0 0 0 0 0 0 0 0 0 0 0 0 0 0 0 0 0 0 0 0 0 0 0 0 0 0 0 0 0 0 0 0 0 0 0 0 0 0 0 0 0 0 0 0 0 0 0 0 0 0 0 0 0 0 0 0 0 0 0 0 0 0 0 0 0 0 0 0 0 0 0 0 0 0 0 0 0 0 0 0 0 0 0 0 0 0 0 0 0 0 0 0 0 0 0 0 0 0 0 0 0 0 0 0 0 0 0 0 0 0 0 0 0 0 0 0 0 0 0 0 0 0 0 0 0 0 0
ctxt 3289709551
btime 1790630938
processes 229165
procs_running 2
procs_blocked 0
softirq 2890611682 73526 5745348 2751889 2811206767 248426 0 13556325 33907256 410 23121735
