Running 10s test @ http://127.0.0.1:18500/wait
  16 threads and 32 connections
  Thread Stats   Avg      Stdev     Max   +/- Stdev
    Latency    10.18ms   21.49us  10.30ms   83.18%
    Req/Sec   197.76      7.31   202.00     82.75%
  Latency Distribution
     50%   10.18ms
     75%   10.19ms
     90%   10.20ms
     99%   10.22ms
  31441 requests in 10.01s, 3.21MB read
Requests/sec:   3141.63
Transfer/sec:    328.28KB
## server-stat
cpu  1509766 566 763740 13140511 33900 0 285313 0 0 0
cpu0 48447 11 22089 416212 838 0 9330 0 0 0
cpu1 48951 13 21880 417932 642 0 8799 0 0 0
cpu2 49323 10 21707 418204 406 0 8705 0 0 0
cpu3 51267 13 22674 413846 1209 0 9361 0 0 0
cpu4 51380 12 22304 414716 734 0 9283 0 0 0
cpu5 50192 12 21791 417240 384 0 8713 0 0 0
cpu6 49464 10 21695 418083 376 0 8683 0 0 0
cpu7 48160 9 21431 419679 248 0 8477 0 0 0
cpu8 35832 16 24380 418346 1117 0 5963 0 0 0
cpu9 40403 18 25314 410254 2456 0 6315 0 0 0
cpu10 39318 17 25096 413137 1279 0 6382 0 0 0
cpu11 36872 15 24089 419069 727 0 5987 0 0 0
cpu12 56781 87 26025 393572 3255 0 6602 0 0 0
cpu13 55493 19 26259 395107 2693 0 6730 0 0 0
cpu14 36400 13 23654 421576 892 0 5835 0 0 0
cpu15 34319 13 22136 426598 721 0 5302 0 0 0
cpu16 53838 8 22783 412583 382 0 8992 0 0 0
cpu17 53926 9 22888 411318 1299 0 9038 0 0 0
cpu18 53663 9 22751 412730 302 0 8931 0 0 0
cpu19 55796 11 23510 408807 710 0 9413 0 0 0
cpu20 56463 12 23635 408067 750 0 9562 0 0 0
cpu21 53662 9 22758 412133 625 0 9000 0 0 0
cpu22 52291 10 22636 412498 360 0 8879 0 0 0
cpu23 50493 12 22264 415922 344 0 8740 0 0 0
cpu24 39514 18 24833 416504 951 0 6507 0 0 0
cpu25 42861 21 26866 406524 1761 0 7555 0 0 0
cpu26 41646 18 26446 409062 1344 0 7352 0 0 0
cpu27 35528 10 23568 407983 1160 0 14249 0 0 0
cpu28 55937 29 28244 377230 2094 0 17991 0 0 0
cpu29 58533 68 28841 372776 2108 0 18202 0 0 0
cpu30 34763 11 24103 406774 910 0 14005 0 0 0
cpu31 38235 11 25075 416015 807 0 6417 0 0 0
intr 1440574504 126 0 0 0 0 0 0 0 0 1 0 0 0 0 0 0 0 0 0 0 0 0 0 0 0 0 0 1 1 1 0 0 0 0 1 0 1 0 0 75045 0 0 0 0 0 0 0 0 411 0 0 0 0 0 0 0 0 87 0 0 0 0 0 0 0 0 0 0 0 0 0 0 0 163445 2 34990057 34928957 34856091 34991029 0 4205 2422 2961 1596 3115 2666 2082 2574 1507 10609 18785 10618 8510 13531 15111 11399 7633 2714 1808 1539 2386 2273 1974 1674 1655 9151 7652 5510 5929 6756 6096 6348 8099 0 0 0 0 616344 3145 1036 0 264 0 0 0 0 0 0 0 0 0 0 0 0 0 0 0 0 0 0 0 0 0 0 0 0 0 0 0 0 0 0 0 0 0 0 0 0 0 0 0 0 0 0 0 0 0 0 0 0 0 0 0 0 0 0 0 0 0 0 0 0 0 0 0 0 0 0 0 0 0 0 0 0 0 0 0 0 0 0 0 0 0 0 0 0 0 0 0 0 0 0 0 0 0 0 0 0 0 0 0 0 0 0 0 0 0 0 0 0 0 0 0 0 0 0 0 0 0 0 0 0 0 0 0 0 0 0 0 0 0 0 0 0 0 0 0 0 0 0 0 0 0 0 0 0 0 0 0 0 0 0 0 0 0 0 0 0 0 0 0 0 0 0 0 0 0 0 0 0 0 0 0 0 0 0 0 0 0 0 0 0 0 0 0 0 0 0 0 0 0 0 0 0 0 0 0 0 0 0 0 0 0 0 0 0 0 0 0 0 0 0 0 0 0 0 0 0 0 0 0 0 0 0 0 0 0 0 0 0 0 0 0 0 0 0 0 0 0 0 0 0 0 0 0 0 0 0 0 0 0 0 0 0 0 0 0 0 0 0 0 0 0 0 0 0 0 0 0 0 0 0 0 0 0 0 0 0 0 0 0 0 0 0 0 0 0 0 0 0 0 0 0 0 0 0 0 0 0 0 0 0 0 0 0 0 0 0 0 0 0 0 0 0 0 0 0 0 0 0 0 0 0 0 0 0 0 0 0 0 0 0 0 0 0 0 0 0 0 0 0 0 0 0 0 0 0 0 0 0 0 0 0 0 0 0 0 0 0 0 0 0 0 0 0 0 0 0 0 0 0 0 0 0 0 0 0 0 0 0 0 0 0 0 0 0 0 0 0 0 0 0 0 0 0 0 0 0 0 0 0 0 0 0 0 0 0 0 0 0 0 0 0 0 0 0 0 0 0 0 0 0 0 0 0 0 0 0 0 0 0 0 0 0 0 0 0 0 0 0 0 0 0 0 0 0 0 0 0 0 0 0 0 0 0 0 0 0 0 0 0 0 0 0 0 0 0 0 0 0 0 0 0 0 0 0 0 0 0 0 0 0 0 0 0 0 0 0 0 0 0 0 0 0 0 0 0 0 0 0 0 0 0 0 0 0 0 0 0 0 0 0 0 0 0 0 0 0 0 0 0 0 0 0 0 0 0 0 0 0 0 0 0 0 0 0 0 0 0 0 0 0 0 0 0 0 0 0 0 0 0 0 0 0 0 0 0 0 0 0 0 0 0 0 0 0 0 0 0 0 0 0 0 0 0 0 0 0 0 0 0 0 0 0 0 0 0 0 0 0 0 0 0 0 0 0 0 0 0 0 0 0 0 0 0 0 0 0 0 0 0 0 0 0 0 0 0 0 0 0 0 0 0 0 0 0 0 0 0 0 0 0 0 0 0 0 0 0 0 0 0 0 0 0 0 0 0 0 0 0 0 0 0 0 0 0 0 0 0 0 0 0 0 0 0 0 0 0 0 0 0 0 0 0 0 0 0 0 0 0 0 0 0 0 0 0 0 0 0 0 0 0 0 0 0 0 0 0 0 0 0 0 0 0 0 0 0 0 0 0 0 0 0 0 0 0 0 0 0 0 0 0 0 0 0 0 0 0 0 0 0 0 0 0 0 0 0 0 0 0 0 0 0 0 0 0 0 0 0 0 0 0 0 0 0 0 0 0 0 0 0 0 0 0 0 0 0 0 0 0 0 0 0 0 0 0 0 0 0 0 0 0 0 0 0 0 0 0 0 0 0 0 0 0 0 0 0 0 0 0 0 0 0 0 0 0 0 0 0 0 0 0 0 0 0 0 0 0 0 0 0 0 0 0 0 0 0 0 0 0 0 0 0 0 0 0 0 0 0 0 0 0 0 0 0 0 0 0 0 0 0 0 0 0 0 0 0 0 0 0 0 0 0 0 0 0 0 0 0 0 0 0 0 0 0 0 0 0 0 0 0 0 0 0 0 0 0 0 0 0 0 0 0 0 0 0 0 0 0 0 0 0 0 0 0 0 0 0 0 0 0 0 0 0 0 0 0 0 0 0 0 0 0 0 0 0 0 0 0 0 0 0 0 0 0 0 0 0 0 0 0 0 0 0 0 0 0 0 0 0 0 0 0 0 0 0 0 0 0 0 0 0 0 0 0 0 0 0 0 0 0 0 0 0 0 0 0 0 0 0 0 0 0 0 0 0 0 0 0 0 0 0 0 0 0 0 0 0 0 0 0 0 0 0 0 0 0 0 0 0 0 0 0 0 0 0 0 0 0 0 0 0 0 0 0 0 0 0 0 0 0 0 0 0 0 0 0 0 0 0 0 0 0 0 0 0 0 0 0 0 0 0 0 0 0 0 0 0 0 0 0 0 0 0 0 0 0 0 0 0 0 0 0 0 0 0 0 0 0 0 0 0 0 0 0 0 0 0 0 0 0 0 0 0 0 0 0 0 0 0 0 0 0 0
ctxt 1856290503
btime 1790630938
processes 145226
procs_running 1
procs_blocked 0
softirq 1526352525 73526 3506066 2751485 1468286253 170113 0 13554362 23086976 410 14923334
--
cpu  1509850 567 763759 13165949 33917 0 285324 0 0 0
cpu0 48447 11 22089 417011 838 0 9331 0 0 0
cpu1 48951 13 21880 418731 642 0 8799 0 0 0
cpu2 49323 10 21707 419003 406 0 8705 0 0 0
cpu3 51274 13 22677 414632 1209 0 9365 0 0 0
cpu4 51381 13 22305 415513 734 0 9283 0 0 0
cpu5 50192 12 21791 418039 384 0 8713 0 0 0
cpu6 49464 10 21695 418883 376 0 8683 0 0 0
cpu7 48160 9 21431 420478 248 0 8477 0 0 0
cpu8 35833 16 24380 419145 1117 0 5963 0 0 0
cpu9 40404 18 25315 411048 2457 0 6316 0 0 0
cpu10 39318 17 25097 413933 1279 0 6382 0 0 0
cpu11 36873 15 24089 419866 727 0 5987 0 0 0
cpu12 56811 87 26027 394337 3255 0 6602 0 0 0
cpu13 55501 19 26262 395893 2693 0 6731 0 0 0
cpu14 36401 13 23654 422375 892 0 5835 0 0 0
cpu15 34320 13 22136 427395 721 0 5302 0 0 0
cpu16 53838 8 22783 413382 383 0 8992 0 0 0
cpu17 53927 9 22888 412117 1299 0 9038 0 0 0
cpu18 53665 9 22751 413528 302 0 8931 0 0 0
cpu19 55803 11 23514 409592 710 0 9417 0 0 0
cpu20 56463 12 23635 408867 750 0 9562 0 0 0
cpu21 53662 9 22759 412932 625 0 9000 0 0 0
cpu22 52291 10 22636 413297 360 0 8879 0 0 0
cpu23 50493 12 22264 416721 344 0 8740 0 0 0
cpu24 39516 18 24833 417286 966 0 6507 0 0 0
cpu25 42863 21 26867 407321 1761 0 7555 0 0 0
cpu26 41648 18 26447 409859 1344 0 7352 0 0 0
cpu27 35530 10 23568 408780 1160 0 14249 0 0 0
cpu28 55941 29 28245 378024 2094 0 17991 0 0 0
cpu29 58546 68 28842 373560 2108 0 18202 0 0 0
cpu30 34764 11 24103 407573 910 0 14005 0 0 0
cpu31 38237 11 25075 416812 807 0 6417 0 0 0
intr 1440646897 126 0 0 0 0 0 0 0 0 1 0 0 0 0 0 0 0 0 0 0 0 0 0 0 0 0 0 1 1 1 0 0 0 0 1 0 1 0 0 75045 0 0 0 0 0 0 0 0 411 0 0 0 0 0 0 0 0 87 0 0 0 0 0 0 0 0 0 0 0 0 0 0 0 163560 2 34990106 34928972 34856107 34991036 0 4213 2422 2961 1596 3115 2666 2083 2574 1507 10609 18791 10618 8510 13531 15111 11399 7633 2714 1808 1539 2386 2273 1974 1674 1655 9151 7652 5510 5929 6756 6097 6348 8099 0 0 0 0 616344 3145 1036 0 264 0 0 0 0 0 0 0 0 0 0 0 0 0 0 0 0 0 0 0 0 0 0 0 0 0 0 0 0 0 0 0 0 0 0 0 0 0 0 0 0 0 0 0 0 0 0 0 0 0 0 0 0 0 0 0 0 0 0 0 0 0 0 0 0 0 0 0 0 0 0 0 0 0 0 0 0 0 0 0 0 0 0 0 0 0 0 0 0 0 0 0 0 0 0 0 0 0 0 0 0 0 0 0 0 0 0 0 0 0 0 0 0 0 0 0 0 0 0 0 0 0 0 0 0 0 0 0 0 0 0 0 0 0 0 0 0 0 0 0 0 0 0 0 0 0 0 0 0 0 0 0 0 0 0 0 0 0 0 0 0 0 0 0 0 0 0 0 0 0 0 0 0 0 0 0 0 0 0 0 0 0 0 0 0 0 0 0 0 0 0 0 0 0 0 0 0 0 0 0 0 0 0 0 0 0 0 0 0 0 0 0 0 0 0 0 0 0 0 0 0 0 0 0 0 0 0 0 0 0 0 0 0 0 0 0 0 0 0 0 0 0 0 0 0 0 0 0 0 0 0 0 0 0 0 0 0 0 0 0 0 0 0 0 0 0 0 0 0 0 0 0 0 0 0 0 0 0 0 0 0 0 0 0 0 0 0 0 0 0 0 0 0 0 0 0 0 0 0 0 0 0 0 0 0 0 0 0 0 0 0 0 0 0 0 0 0 0 0 0 0 0 0 0 0 0 0 0 0 0 0 0 0 0 0 0 0 0 0 0 0 0 0 0 0 0 0 0 0 0 0 0 0 0 0 0 0 0 0 0 0 0 0 0 0 0 0 0 0 0 0 0 0 0 0 0 0 0 0 0 0 0 0 0 0 0 0 0 0 0 0 0 0 0 0 0 0 0 0 0 0 0 0 0 0 0 0 0 0 0 0 0 0 0 0 0 0 0 0 0 0 0 0 0 0 0 0 0 0 0 0 0 0 0 0 0 0 0 0 0 0 0 0 0 0 0 0 0 0 0 0 0 0 0 0 0 0 0 0 0 0 0 0 0 0 0 0 0 0 0 0 0 0 0 0 0 0 0 0 0 0 0 0 0 0 0 0 0 0 0 0 0 0 0 0 0 0 0 0 0 0 0 0 0 0 0 0 0 0 0 0 0 0 0 0 0 0 0 0 0 0 0 0 0 0 0 0 0 0 0 0 0 0 0 0 0 0 0 0 0 0 0 0 0 0 0 0 0 0 0 0 0 0 0 0 0 0 0 0 0 0 0 0 0 0 0 0 0 0 0 0 0 0 0 0 0 0 0 0 0 0 0 0 0 0 0 0 0 0 0 0 0 0 0 0 0 0 0 0 0 0 0 0 0 0 0 0 0 0 0 0 0 0 0 0 0 0 0 0 0 0 0 0 0 0 0 0 0 0 0 0 0 0 0 0 0 0 0 0 0 0 0 0 0 0 0 0 0 0 0 0 0 0 0 0 0 0 0 0 0 0 0 0 0 0 0 0 0 0 0 0 0 0 0 0 0 0 0 0 0 0 0 0 0 0 0 0 0 0 0 0 0 0 0 0 0 0 0 0 0 0 0 0 0 0 0 0 0 0 0 0 0 0 0 0 0 0 0 0 0 0 0 0 0 0 0 0 0 0 0 0 0 0 0 0 0 0 0 0 0 0 0 0 0 0 0 0 0 0 0 0 0 0 0 0 0 0 0 0 0 0 0 0 0 0 0 0 0 0 0 0 0 0 0 0 0 0 0 0 0 0 0 0 0 0 0 0 0 0 0 0 0 0 0 0 0 0 0 0 0 0 0 0 0 0 0 0 0 0 0 0 0 0 0 0 0 0 0 0 0 0 0 0 0 0 0 0 0 0 0 0 0 0 0 0 0 0 0 0 0 0 0 0 0 0 0 0 0 0 0 0 0 0 0 0 0 0 0 0 0 0 0 0 0 0 0 0 0 0 0 0 0 0 0 0 0 0 0 0 0 0 0 0 0 0 0 0 0 0 0 0 0 0 0 0 0 0 0 0 0 0 0 0 0 0 0 0 0 0 0 0 0 0 0 0 0 0 0 0 0 0 0 0 0 0 0 0 0 0 0 0 0 0 0 0 0 0 0 0 0 0 0 0 0 0 0 0 0 0 0 0 0 0 0 0 0 0 0 0 0 0 0 0 0 0 0 0 0 0 0 0 0 0 0 0 0 0 0 0 0 0 0 0 0 0 0 0 0 0 0 0 0 0 0 0 0 0 0 0 0 0 0 0 0 0 0 0 0 0 0 0 0 0 0 0 0 0 0 0 0 0 0 0 0 0 0 0 0 0 0 0 0 0 0 0 0 0 0 0 0 0 0 0 0 0 0 0 0 0 0 0 0 0 0 0 0 0 0 0 0 0 0 0 0 0 0 0 0 0 0 0 0 0 0 0 0 0 0 0 0 0 0 0 0 0 0 0 0 0 0 0 0 0 0 0 0 0 0 0 0 0 0 0
ctxt 1856397439
btime 1790630938
processes 145301
procs_running 1
procs_blocked 0
softirq 1526413579 73526 3508401 2751485 1468336651 170236 0 13554362 23091288 410 14927220
