Running 10s test @ http://127.0.0.1:18500/wait
  16 threads and 10000 connections
  Thread Stats   Avg      Stdev     Max   +/- Stdev
    Latency   189.21ms  687.81ms   9.99s    97.46%
    Req/Sec     5.34k     1.18k   13.85k    70.06%
  Latency Distribution
     50%   91.17ms
     75%   97.17ms
     90%  100.27ms
     99%    4.23s 
  844573 requests in 10.10s, 102.29MB read
Requests/sec:  83622.41
Transfer/sec:     10.13MB
## server-stat
cpu  2130974 863 1111733 22892692 42146 0 496297 0 0 0
cpu0 75839 16 31918 718695 977 0 15635 0 0 0
cpu1 78702 20 32637 717720 802 0 15679 0 0 0
cpu2 78677 17 32543 718588 461 0 15633 0 0 0
cpu3 95808 19 40524 685553 1280 0 22313 0 0 0
cpu4 98954 19 39764 684761 748 0 21816 0 0 0
cpu5 83043 19 33620 712643 510 0 16090 0 0 0
cpu6 83065 17 33811 712269 435 0 16726 0 0 0
cpu7 81485 15 34039 713686 268 0 16698 0 0 0
cpu8 37418 27 31709 743499 1316 0 9200 0 0 0
cpu9 42564 31 34117 728715 3206 0 9858 0 0 0
cpu10 41102 29 33103 734103 1500 0 9789 0 0 0
cpu11 38227 26 30827 745377 943 0 8960 0 0 0
cpu12 63658 101 35689 706256 3804 0 10450 0 0 0
cpu13 61616 34 36195 707160 3600 0 10673 0 0 0
cpu14 37825 25 30283 748646 1104 0 8727 0 0 0
cpu15 35513 27 28010 757096 936 0 7919 0 0 0
cpu16 93220 12 37392 695786 515 0 19546 0 0 0
cpu17 89309 13 36482 700328 1409 0 18723 0 0 0
cpu18 88168 14 36131 703327 320 0 18429 0 0 0
cpu19 108913 14 43829 666896 804 0 25269 0 0 0
cpu20 104963 16 43220 671801 867 0 25200 0 0 0
cpu21 85074 15 35343 706832 767 0 17993 0 0 0
cpu22 81236 17 34433 711576 480 0 17137 0 0 0
cpu23 77320 17 33223 718882 537 0 16202 0 0 0
cpu24 40973 30 31519 743822 1223 0 9583 0 0 0
cpu25 44981 34 34687 727958 2318 0 11276 0 0 0
cpu26 43451 29 33985 731993 1724 0 10930 0 0 0
cpu27 36935 20 30224 735128 1441 0 17380 0 0 0
cpu28 62077 50 38931 688254 2843 0 22662 0 0 0
cpu29 64937 86 40148 681402 2971 0 23005 0 0 0
cpu30 36267 20 31340 731034 1136 0 17199 0 0 0
cpu31 39641 20 32044 742889 887 0 9584 0 0 0
intr 2203146349 126 0 0 0 0 0 0 0 0 1 0 0 0 0 0 0 0 0 0 0 0 0 0 0 0 0 0 1 1 1 0 0 0 0 1 0 1 0 0 75045 0 0 0 0 0 0 0 0 411 0 0 0 0 0 0 0 0 87 0 0 0 0 0 0 0 0 0 0 0 0 0 0 0 235058 2 35008891 34945459 34874870 35010185 0 7090 2736 3218 1691 3334 2767 2243 2748 1670 11212 19812 11337 8829 14567 16218 11718 7869 2939 2046 1670 3082 2409 2215 1733 1711 9453 8631 6002 6431 7965 7301 6884 8446 0 0 0 0 616581 3573 1036 0 264 0 0 0 0 0 0 0 0 0 0 0 0 0 0 0 0 0 0 0 0 0 0 0 0 0 0 0 0 0 0 0 0 0 0 0 0 0 0 0 0 0 0 0 0 0 0 0 0 0 0 0 0 0 0 0 0 0 0 0 0 0 0 0 0 0 0 0 0 0 0 0 0 0 0 0 0 0 0 0 0 0 0 0 0 0 0 0 0 0 0 0 0 0 0 0 0 0 0 0 0 0 0 0 0 0 0 0 0 0 0 0 0 0 0 0 0 0 0 0 0 0 0 0 0 0 0 0 0 0 0 0 0 0 0 0 0 0 0 0 0 0 0 0 0 0 0 0 0 0 0 0 0 0 0 0 0 0 0 0 0 0 0 0 0 0 0 0 0 0 0 0 0 0 0 0 0 0 0 0 0 0 0 0 0 0 0 0 0 0 0 0 0 0 0 0 0 0 0 0 0 0 0 0 0 0 0 0 0 0 0 0 0 0 0 0 0 0 0 0 0 0 0 0 0 0 0 0 0 0 0 0 0 0 0 0 0 0 0 0 0 0 0 0 0 0 0 0 0 0 0 0 0 0 0 0 0 0 0 0 0 0 0 0 0 0 0 0 0 0 0 0 0 0 0 0 0 0 0 0 0 0 0 0 0 0 0 0 0 0 0 0 0 0 0 0 0 0 0 0 0 0 0 0 0 0 0 0 0 0 0 0 0 0 0 0 0 0 0 0 0 0 0 0 0 0 0 0 0 0 0 0 0 0 0 0 0 0 0 0 0 0 0 0 0 0 0 0 0 0 0 0 0 0 0 0 0 0 0 0 0 0 0 0 0 0 0 0 0 0 0 0 0 0 0 0 0 0 0 0 0 0 0 0 0 0 0 0 0 0 0 0 0 0 0 0 0 0 0 0 0 0 0 0 0 0 0 0 0 0 0 0 0 0 0 0 0 0 0 0 0 0 0 0 0 0 0 0 0 0 0 0 0 0 0 0 0 0 0 0 0 0 0 0 0 0 0 0 0 0 0 0 0 0 0 0 0 0 0 0 0 0 0 0 0 0 0 0 0 0 0 0 0 0 0 0 0 0 0 0 0 0 0 0 0 0 0 0 0 0 0 0 0 0 0 0 0 0 0 0 0 0 0 0 0 0 0 0 0 0 0 0 0 0 0 0 0 0 0 0 0 0 0 0 0 0 0 0 0 0 0 0 0 0 0 0 0 0 0 0 0 0 0 0 0 0 0 0 0 0 0 0 0 0 0 0 0 0 0 0 0 0 0 0 0 0 0 0 0 0 0 0 0 0 0 0 0 0 0 0 0 0 0 0 0 0 0 0 0 0 0 0 0 0 0 0 0 0 0 0 0 0 0 0 0 0 0 0 0 0 0 0 0 0 0 0 0 0 0 0 0 0 0 0 0 0 0 0 0 0 0 0 0 0 0 0 0 0 0 0 0 0 0 0 0 0 0 0 0 0 0 0 0 0 0 0 0 0 0 0 0 0 0 0 0 0 0 0 0 0 0 0 0 0 0 0 0 0 0 0 0 0 0 0 0 0 0 0 0 0 0 0 0 0 0 0 0 0 0 0 0 0 0 0 0 0 0 0 0 0 0 0 0 0 0 0 0 0 0 0 0 0 0 0 0 0 0 0 0 0 0 0 0 0 0 0 0 0 0 0 0 0 0 0 0 0 0 0 0 0 0 0 0 0 0 0 0 0 0 0 0 0 0 0 0 0 0 0 0 0 0 0 0 0 0 0 0 0 0 0 0 0 0 0 0 0 0 0 0 0 0 0 0 0 0 0 0 0 0 0 0 0 0 0 0 0 0 0 0 0 0 0 0 0 0 0 0 0 0 0 0 0 0 0 0 0 0 0 0 0 0 0 0 0 0 0 0 0 0 0 0 0 0 0 0 0 0 0 0 0 0 0 0 0 0 0 0 0 0 0 0 0 0 0 0 0 0 0 0 0 0 0 0 0 0 0 0 0 0 0 0 0 0 0 0 0 0 0 0 0 0 0 0 0 0 0 0 0 0 0 0 0 0 0 0 0 0 0 0 0 0 0 0 0 0 0 0 0 0 0 0 0 0 0 0 0 0 0 0 0 0 0 0 0 0 0 0 0 0 0 0 0 0 0 0 0 0 0 0 0 0 0 0 0 0 0 0 0 0 0 0 0 0 0 0 0 0 0 0 0 0 0 0 0 0 0 0 0 0 0 0 0 0 0 0 0 0 0 0 0 0 0 0 0 0 0 0 0 0 0 0 0 0 0 0 0 0 0 0 0 0 0 0 0 0 0 0 0 0 0 0 0 0 0 0 0 0 0 0 0 0 0 0 0 0 0 0 0 0 0 0 0 0 0 0 0 0 0 0 0 0 0 0 0 0 0 0 0 0 0 0 0 0 0 0 0 0 0 0 0 0 0 0 0 0 0 0 0 0 0 0 0 0 0 0 0 0 0 0 0 0 0 0 0 0 0 0 0 0 0 0 0 0
ctxt 3247328196
btime 1790630938
processes 226431
procs_running 4
procs_blocked 0
softirq 2827636424 73526 5673400 2751874 2748926169 245825 0 13556261 33610367 410 22798592
--
cpu  2132258 864 1112212 22916109 42171 0 496552 0 0 0
cpu0 75843 16 31919 719482 977 0 15636 0 0 0
cpu1 78704 20 32637 718516 802 0 15679 0 0 0
cpu2 78679 17 32543 719385 461 0 15633 0 0 0
cpu3 96011 19 40573 686075 1280 0 22338 0 0 0
cpu4 99163 19 39819 685267 748 0 21846 0 0 0
cpu5 83043 19 33620 713442 510 0 16090 0 0 0
cpu6 83066 17 33811 713068 435 0 16726 0 0 0
cpu7 81485 15 34039 714485 268 0 16698 0 0 0
cpu8 37423 27 31720 744272 1316 0 9205 0 0 0
cpu9 42576 31 34131 729470 3206 0 9864 0 0 0
cpu10 41113 29 33118 734858 1500 0 9799 0 0 0
cpu11 38231 26 30842 746144 943 0 8968 0 0 0
cpu12 63669 101 35709 707004 3804 0 10461 0 0 0
cpu13 61633 34 36216 707894 3600 0 10684 0 0 0
cpu14 37832 25 30298 749412 1104 0 8733 0 0 0
cpu15 35516 27 28024 757865 937 0 7926 0 0 0
cpu16 93224 12 37392 696581 515 0 19546 0 0 0
cpu17 89310 13 36482 701126 1409 0 18723 0 0 0
cpu18 88170 14 36131 704124 320 0 18429 0 0 0
cpu19 109297 14 43917 667181 804 0 25311 0 0 0
cpu20 105327 16 43307 672099 867 0 25251 0 0 0
cpu21 85075 15 35343 707630 767 0 17993 0 0 0
cpu22 81236 17 34433 712375 480 0 17137 0 0 0
cpu23 77320 17 33223 719681 537 0 16202 0 0 0
cpu24 40975 30 31531 744595 1223 0 9588 0 0 0
cpu25 44985 34 34699 728728 2318 0 11283 0 0 0
cpu26 43453 29 33995 732766 1724 0 10936 0 0 0
cpu27 36939 20 30231 735909 1441 0 17384 0 0 0
cpu28 62088 50 38943 688990 2867 0 22670 0 0 0
cpu29 64947 86 40160 682166 2971 0 23011 0 0 0
cpu30 36268 20 31345 731821 1136 0 17202 0 0 0
cpu31 39642 20 32046 743681 888 0 9585 0 0 0
intr 2203373571 126 0 0 0 0 0 0 0 0 1 0 0 0 0 0 0 0 0 0 0 0 0 0 0 0 0 0 1 1 1 0 0 0 0 1 0 1 0 0 75045 0 0 0 0 0 0 0 0 411 0 0 0 0 0 0 0 0 87 0 0 0 0 0 0 0 0 0 0 0 0 0 0 0 235315 2 35008907 34945501 34874878 35010210 0 7094 2736 3218 1691 3334 2767 2243 2748 1670 11212 19812 11337 8830 14567 16219 11719 7869 2939 2046 1670 3082 2409 2215 1733 1711 9454 8631 6002 6431 7965 7301 6884 8449 0 0 0 0 616581 3573 1036 0 264 0 0 0 0 0 0 0 0 0 0 0 0 0 0 0 0 0 0 0 0 0 0 0 0 0 0 0 0 0 0 0 0 0 0 0 0 0 0 0 0 0 0 0 0 0 0 0 0 0 0 0 0 0 0 0 0 0 0 0 0 0 0 0 0 0 0 0 0 0 0 0 0 0 0 0 0 0 0 0 0 0 0 0 0 0 0 0 0 0 0 0 0 0 0 0 0 0 0 0 0 0 0 0 0 0 0 0 0 0 0 0 0 0 0 0 0 0 0 0 0 0 0 0 0 0 0 0 0 0 0 0 0 0 0 0 0 0 0 0 0 0 0 0 0 0 0 0 0 0 0 0 0 0 0 0 0 0 0 0 0 0 0 0 0 0 0 0 0 0 0 0 0 0 0 0 0 0 0 0 0 0 0 0 0 0 0 0 0 0 0 0 0 0 0 0 0 0 0 0 0 0 0 0 0 0 0 0 0 0 0 0 0 0 0 0 0 0 0 0 0 0 0 0 0 0 0 0 0 0 0 0 0 0 0 0 0 0 0 0 0 0 0 0 0 0 0 0 0 0 0 0 0 0 0 0 0 0 0 0 0 0 0 0 0 0 0 0 0 0 0 0 0 0 0 0 0 0 0 0 0 0 0 0 0 0 0 0 0 0 0 0 0 0 0 0 0 0 0 0 0 0 0 0 0 0 0 0 0 0 0 0 0 0 0 0 0 0 0 0 0 0 0 0 0 0 0 0 0 0 0 0 0 0 0 0 0 0 0 0 0 0 0 0 0 0 0 0 0 0 0 0 0 0 0 0 0 0 0 0 0 0 0 0 0 0 0 0 0 0 0 0 0 0 0 0 0 0 0 0 0 0 0 0 0 0 0 0 0 0 0 0 0 0 0 0 0 0 0 0 0 0 0 0 0 0 0 0 0 0 0 0 0 0 0 0 0 0 0 0 0 0 0 0 0 0 0 0 0 0 0 0 0 0 0 0 0 0 0 0 0 0 0 0 0 0 0 0 0 0 0 0 0 0 0 0 0 0 0 0 0 0 0 0 0 0 0 0 0 0 0 0 0 0 0 0 0 0 0 0 0 0 0 0 0 0 0 0 0 0 0 0 0 0 0 0 0 0 0 0 0 0 0 0 0 0 0 0 0 0 0 0 0 0 0 0 0 0 0 0 0 0 0 0 0 0 0 0 0 0 0 0 0 0 0 0 0 0 0 0 0 0 0 0 0 0 0 0 0 0 0 0 0 0 0 0 0 0 0 0 0 0 0 0 0 0 0 0 0 0 0 0 0 0 0 0 0 0 0 0 0 0 0 0 0 0 0 0 0 0 0 0 0 0 0 0 0 0 0 0 0 0 0 0 0 0 0 0 0 0 0 0 0 0 0 0 0 0 0 0 0 0 0 0 0 0 0 0 0 0 0 0 0 0 0 0 0 0 0 0 0 0 0 0 0 0 0 0 0 0 0 0 0 0 0 0 0 0 0 0 0 0 0 0 0 0 0 0 0 0 0 0 0 0 0 0 0 0 0 0 0 0 0 0 0 0 0 0 0 0 0 0 0 0 0 0 0 0 0 0 0 0 0 0 0 0 0 0 0 0 0 0 0 0 0 0 0 0 0 0 0 0 0 0 0 0 0 0 0 0 0 0 0 0 0 0 0 0 0 0 0 0 0 0 0 0 0 0 0 0 0 0 0 0 0 0 0 0 0 0 0 0 0 0 0 0 0 0 0 0 0 0 0 0 0 0 0 0 0 0 0 0 0 0 0 0 0 0 0 0 0 0 0 0 0 0 0 0 0 0 0 0 0 0 0 0 0 0 0 0 0 0 0 0 0 0 0 0 0 0 0 0 0 0 0 0 0 0 0 0 0 0 0 0 0 0 0 0 0 0 0 0 0 0 0 0 0 0 0 0 0 0 0 0 0 0 0 0 0 0 0 0 0 0 0 0 0 0 0 0 0 0 0 0 0 0 0 0 0 0 0 0 0 0 0 0 0 0 0 0 0 0 0 0 0 0 0 0 0 0 0 0 0 0 0 0 0 0 0 0 0 0 0 0 0 0 0 0 0 0 0 0 0 0 0 0 0 0 0 0 0 0 0 0 0 0 0 0 0 0 0 0 0 0 0 0 0 0 0 0 0 0 0 0 0 0 0 0 0 0 0 0 0 0 0 0 0 0 0 0 0 0 0 0 0 0 0 0 0 0 0 0 0 0 0 0 0 0 0 0 0 0 0 0 0 0 0 0 0 0 0 0 0 0 0 0 0 0 0 0 0 0 0 0 0 0 0 0 0 0 0 0 0 0 0 0 0 0 0 0 0 0 0 0 0 0 0 0 0 0 0 0 0 0 0 0 0 0 0 0 0 0 0 0 0 0 0 0 0 0 0 0 0 0 0 0 0 0 0 0 0 0 0 0 0 0 0 0 0 0 0 0 0 0 0 0 0 0 0 0 0 0 0 0 0 0 0 0 0 0 0 0 0
ctxt 3247618847
btime 1790630938
processes 226475
procs_running 5
procs_blocked 0
softirq 2829391463 73526 5684797 2751874 2750644928 246085 0 13556261 33623685 410 22809897
