Running 10s test @ http://127.0.0.1:18500/wait
  16 threads and 1000 connections
  Thread Stats   Avg      Stdev     Max   +/- Stdev
    Latency    12.62ms    0.88ms  17.47ms   72.97%
    Req/Sec     4.93k   288.09     5.64k    71.83%
  Latency Distribution
     50%   12.56ms
     75%   12.85ms
     90%   14.30ms
     99%   14.91ms
  785954 requests in 10.09s, 80.20MB read
Requests/sec:  77875.49
Transfer/sec:      7.95MB
## server-stat
cpu  2123239 855 1106187 22591522 41902 0 492333 0 0 0
cpu0 75742 16 31871 708799 973 0 15576 0 0 0
cpu1 78664 20 32618 707654 773 0 15665 0 0 0
cpu2 78662 17 32533 708452 461 0 15627 0 0 0
cpu3 94458 18 39820 678081 1279 0 21700 0 0 0
cpu4 97768 19 39223 676767 748 0 21359 0 0 0
cpu5 83028 19 33612 702501 510 0 16087 0 0 0
cpu6 83054 17 33802 702124 434 0 16723 0 0 0
cpu7 81481 14 34035 703529 267 0 16696 0 0 0
cpu8 37373 27 31602 733913 1314 0 9151 0 0 0
cpu9 42476 30 33970 719328 3174 0 9791 0 0 0
cpu10 41030 29 32965 724657 1500 0 9727 0 0 0
cpu11 38192 26 30702 735813 943 0 8901 0 0 0
cpu12 63483 101 35518 696991 3799 0 10374 0 0 0
cpu13 61482 33 36007 697885 3600 0 10592 0 0 0
cpu14 37784 24 30171 739082 1097 0 8676 0 0 0
cpu15 35481 27 27908 747475 935 0 7872 0 0 0
cpu16 93200 12 37383 685648 515 0 19545 0 0 0
cpu17 89293 13 36477 690182 1409 0 18722 0 0 0
cpu18 88163 13 36127 693169 320 0 18429 0 0 0
cpu19 106854 14 42777 660769 804 0 24345 0 0 0
cpu20 103211 16 42209 665319 867 0 24274 0 0 0
cpu21 85065 15 35339 696737 709 0 17992 0 0 0
cpu22 81230 17 34430 701421 479 0 17137 0 0 0
cpu23 77315 17 33220 708724 536 0 16202 0 0 0
cpu24 40936 30 31415 734222 1223 0 9533 0 0 0
cpu25 44913 34 34554 718498 2314 0 11215 0 0 0
cpu26 43402 29 33846 722515 1721 0 10869 0 0 0
cpu27 36894 20 30116 725534 1441 0 17332 0 0 0
cpu28 61949 49 38769 678965 2788 0 22590 0 0 0
cpu29 64803 86 39977 672120 2953 0 22927 0 0 0
cpu30 36226 19 31228 721439 1116 0 17148 0 0 0
cpu31 39614 19 31949 733193 886 0 9541 0 0 0
intr 2190856343 126 0 0 0 0 0 0 0 0 1 0 0 0 0 0 0 0 0 0 0 0 0 0 0 0 0 0 1 1 1 0 0 0 0 1 0 1 0 0 75045 0 0 0 0 0 0 0 0 411 0 0 0 0 0 0 0 0 87 0 0 0 0 0 0 0 0 0 0 0 0 0 0 0 232951 2 35008419 34944555 34874397 35009668 0 7008 2686 3205 1691 3334 2766 2243 2747 1668 11209 19694 11336 8829 14499 16176 11715 7869 2938 2043 1670 3081 2408 2207 1729 1711 9397 8625 5966 6431 7918 7293 6884 8433 0 0 0 0 616573 3559 1036 0 264 0 0 0 0 0 0 0 0 0 0 0 0 0 0 0 0 0 0 0 0 0 0 0 0 0 0 0 0 0 0 0 0 0 0 0 0 0 0 0 0 0 0 0 0 0 0 0 0 0 0 0 0 0 0 0 0 0 0 0 0 0 0 0 0 0 0 0 0 0 0 0 0 0 0 0 0 0 0 0 0 0 0 0 0 0 0 0 0 0 0 0 0 0 0 0 0 0 0 0 0 0 0 0 0 0 0 0 0 0 0 0 0 0 0 0 0 0 0 0 0 0 0 0 0 0 0 0 0 0 0 0 0 0 0 0 0 0 0 0 0 0 0 0 0 0 0 0 0 0 0 0 0 0 0 0 0 0 0 0 0 0 0 0 0 0 0 0 0 0 0 0 0 0 0 0 0 0 0 0 0 0 0 0 0 0 0 0 0 0 0 0 0 0 0 0 0 0 0 0 0 0 0 0 0 0 0 0 0 0 0 0 0 0 0 0 0 0 0 0 0 0 0 0 0 0 0 0 0 0 0 0 0 0 0 0 0 0 0 0 0 0 0 0 0 0 0 0 0 0 0 0 0 0 0 0 0 0 0 0 0 0 0 0 0 0 0 0 0 0 0 0 0 0 0 0 0 0 0 0 0 0 0 0 0 0 0 0 0 0 0 0 0 0 0 0 0 0 0 0 0 0 0 0 0 0 0 0 0 0 0 0 0 0 0 0 0 0 0 0 0 0 0 0 0 0 0 0 0 0 0 0 0 0 0 0 0 0 0 0 0 0 0 0 0 0 0 0 0 0 0 0 0 0 0 0 0 0 0 0 0 0 0 0 0 0 0 0 0 0 0 0 0 0 0 0 0 0 0 0 0 0 0 0 0 0 0 0 0 0 0 0 0 0 0 0 0 0 0 0 0 0 0 0 0 0 0 0 0 0 0 0 0 0 0 0 0 0 0 0 0 0 0 0 0 0 0 0 0 0 0 0 0 0 0 0 0 0 0 0 0 0 0 0 0 0 0 0 0 0 0 0 0 0 0 0 0 0 0 0 0 0 0 0 0 0 0 0 0 0 0 0 0 0 0 0 0 0 0 0 0 0 0 0 0 0 0 0 0 0 0 0 0 0 0 0 0 0 0 0 0 0 0 0 0 0 0 0 0 0 0 0 0 0 0 0 0 0 0 0 0 0 0 0 0 0 0 0 0 0 0 0 0 0 0 0 0 0 0 0 0 0 0 0 0 0 0 0 0 0 0 0 0 0 0 0 0 0 0 0 0 0 0 0 0 0 0 0 0 0 0 0 0 0 0 0 0 0 0 0 0 0 0 0 0 0 0 0 0 0 0 0 0 0 0 0 0 0 0 0 0 0 0 0 0 0 0 0 0 0 0 0 0 0 0 0 0 0 0 0 0 0 0 0 0 0 0 0 0 0 0 0 0 0 0 0 0 0 0 0 0 0 0 0 0 0 0 0 0 0 0 0 0 0 0 0 0 0 0 0 0 0 0 0 0 0 0 0 0 0 0 0 0 0 0 0 0 0 0 0 0 0 0 0 0 0 0 0 0 0 0 0 0 0 0 0 0 0 0 0 0 0 0 0 0 0 0 0 0 0 0 0 0 0 0 0 0 0 0 0 0 0 0 0 0 0 0 0 0 0 0 0 0 0 0 0 0 0 0 0 0 0 0 0 0 0 0 0 0 0 0 0 0 0 0 0 0 0 0 0 0 0 0 0 0 0 0 0 0 0 0 0 0 0 0 0 0 0 0 0 0 0 0 0 0 0 0 0 0 0 0 0 0 0 0 0 0 0 0 0 0 0 0 0 0 0 0 0 0 0 0 0 0 0 0 0 0 0 0 0 0 0 0 0 0 0 0 0 0 0 0 0 0 0 0 0 0 0 0 0 0 0 0 0 0 0 0 0 0 0 0 0 0 0 0 0 0 0 0 0 0 0 0 0 0 0 0 0 0 0 0 0 0 0 0 0 0 0 0 0 0 0 0 0 0 0 0 0 0 0 0 0 0 0 0 0 0 0 0 0 0 0 0 0 0 0 0 0 0 0 0 0 0 0 0 0 0 0 0 0 0 0 0 0 0 0 0 0 0 0 0 0 0 0 0 0 0 0 0 0 0 0 0 0 0 0 0 0 0 0 0 0 0 0 0 0 0 0 0 0 0 0 0 0 0 0 0 0 0 0 0 0 0 0 0 0 0 0 0 0 0 0 0 0 0 0 0 0 0 0 0 0 0 0 0 0 0 0 0 0 0 0 0 0 0 0 0 0 0 0 0 0 0 0 0 0 0 0 0 0 0 0 0 0 0 0 0 0 0 0 0 0 0 0 0 0 0 0 0 0 0 0 0 0 0 0 0 0 0 0 0 0 0 0 0 0 0 0 0 0 0 0 0 0 0 0 0 0 0 0 0 0 0 0 0 0 0 0 0 0 0 0 0 0 0 0 0 0 0 0 0 0 0 0 0 0 0 0 0 0 0 0 0
ctxt 3225032496
btime 1790630938
processes 224165
procs_running 4
procs_blocked 0
softirq 2799117137 73526 5364465 2751860 2721172984 243603 0 13556202 33387905 410 22566182
--
cpu  2123719 855 1106400 22615844 41918 0 492530 0 0 0
cpu0 75754 16 31874 709574 973 0 15581 0 0 0
cpu1 78670 20 32621 708442 773 0 15668 0 0 0
cpu2 78665 17 32534 709247 461 0 15628 0 0 0
cpu3 94596 18 39867 678638 1279 0 21751 0 0 0
cpu4 97909 19 39277 677319 748 0 21420 0 0 0
cpu5 83031 19 33614 703296 510 0 16087 0 0 0
cpu6 83056 17 33803 702919 434 0 16723 0 0 0
cpu7 81482 15 34036 704326 267 0 16697 0 0 0
cpu8 37375 27 31604 734692 1315 0 9153 0 0 0
cpu9 42479 30 33976 720085 3174 0 9794 0 0 0
cpu10 41034 29 32969 725419 1500 0 9730 0 0 0
cpu11 38195 26 30706 736585 943 0 8903 0 0 0
cpu12 63497 101 35524 697736 3799 0 10377 0 0 0
cpu13 61496 33 36015 698626 3600 0 10596 0 0 0
cpu14 37786 24 30175 739840 1103 0 8677 0 0 0
cpu15 35483 27 27911 748245 935 0 7873 0 0 0
cpu16 93201 12 37384 686446 515 0 19545 0 0 0
cpu17 89293 13 36477 690980 1409 0 18723 0 0 0
cpu18 88163 13 36127 693969 320 0 18429 0 0 0
cpu19 106968 14 42816 661371 804 0 24389 0 0 0
cpu20 103211 16 42210 666116 867 0 24275 0 0 0
cpu21 85065 15 35339 697536 709 0 17992 0 0 0
cpu22 81230 17 34430 702220 479 0 17137 0 0 0
cpu23 77315 17 33220 709523 536 0 16202 0 0 0
cpu24 40937 30 31418 734996 1223 0 9535 0 0 0
cpu25 44914 34 34557 719268 2314 0 11216 0 0 0
cpu26 43402 29 33849 723294 1721 0 10870 0 0 0
cpu27 36894 20 30117 726321 1441 0 17333 0 0 0
cpu28 61955 49 38773 679728 2788 0 22592 0 0 0
cpu29 64809 86 39983 672877 2953 0 22930 0 0 0
cpu30 36227 19 31230 722213 1124 0 17149 0 0 0
cpu31 39615 19 31951 733979 886 0 9542 0 0 0
intr 2191470595 126 0 0 0 0 0 0 0 0 1 0 0 0 0 0 0 0 0 0 0 0 0 0 0 0 0 0 1 1 1 0 0 0 0 1 0 1 0 0 75045 0 0 0 0 0 0 0 0 411 0 0 0 0 0 0 0 0 87 0 0 0 0 0 0 0 0 0 0 0 0 0 0 0 233064 2 35008450 34944640 34874416 35009691 0 7012 2689 3205 1691 3334 2766 2243 2747 1669 11209 19694 11336 8829 14499 16176 11715 7869 2938 2043 1670 3081 2408 2207 1729 1711 9397 8625 5966 6431 7918 7293 6884 8433 0 0 0 0 616573 3559 1036 0 264 0 0 0 0 0 0 0 0 0 0 0 0 0 0 0 0 0 0 0 0 0 0 0 0 0 0 0 0 0 0 0 0 0 0 0 0 0 0 0 0 0 0 0 0 0 0 0 0 0 0 0 0 0 0 0 0 0 0 0 0 0 0 0 0 0 0 0 0 0 0 0 0 0 0 0 0 0 0 0 0 0 0 0 0 0 0 0 0 0 0 0 0 0 0 0 0 0 0 0 0 0 0 0 0 0 0 0 0 0 0 0 0 0 0 0 0 0 0 0 0 0 0 0 0 0 0 0 0 0 0 0 0 0 0 0 0 0 0 0 0 0 0 0 0 0 0 0 0 0 0 0 0 0 0 0 0 0 0 0 0 0 0 0 0 0 0 0 0 0 0 0 0 0 0 0 0 0 0 0 0 0 0 0 0 0 0 0 0 0 0 0 0 0 0 0 0 0 0 0 0 0 0 0 0 0 0 0 0 0 0 0 0 0 0 0 0 0 0 0 0 0 0 0 0 0 0 0 0 0 0 0 0 0 0 0 0 0 0 0 0 0 0 0 0 0 0 0 0 0 0 0 0 0 0 0 0 0 0 0 0 0 0 0 0 0 0 0 0 0 0 0 0 0 0 0 0 0 0 0 0 0 0 0 0 0 0 0 0 0 0 0 0 0 0 0 0 0 0 0 0 0 0 0 0 0 0 0 0 0 0 0 0 0 0 0 0 0 0 0 0 0 0 0 0 0 0 0 0 0 0 0 0 0 0 0 0 0 0 0 0 0 0 0 0 0 0 0 0 0 0 0 0 0 0 0 0 0 0 0 0 0 0 0 0 0 0 0 0 0 0 0 0 0 0 0 0 0 0 0 0 0 0 0 0 0 0 0 0 0 0 0 0 0 0 0 0 0 0 0 0 0 0 0 0 0 0 0 0 0 0 0 0 0 0 0 0 0 0 0 0 0 0 0 0 0 0 0 0 0 0 0 0 0 0 0 0 0 0 0 0 0 0 0 0 0 0 0 0 0 0 0 0 0 0 0 0 0 0 0 0 0 0 0 0 0 0 0 0 0 0 0 0 0 0 0 0 0 0 0 0 0 0 0 0 0 0 0 0 0 0 0 0 0 0 0 0 0 0 0 0 0 0 0 0 0 0 0 0 0 0 0 0 0 0 0 0 0 0 0 0 0 0 0 0 0 0 0 0 0 0 0 0 0 0 0 0 0 0 0 0 0 0 0 0 0 0 0 0 0 0 0 0 0 0 0 0 0 0 0 0 0 0 0 0 0 0 0 0 0 0 0 0 0 0 0 0 0 0 0 0 0 0 0 0 0 0 0 0 0 0 0 0 0 0 0 0 0 0 0 0 0 0 0 0 0 0 0 0 0 0 0 0 0 0 0 0 0 0 0 0 0 0 0 0 0 0 0 0 0 0 0 0 0 0 0 0 0 0 0 0 0 0 0 0 0 0 0 0 0 0 0 0 0 0 0 0 0 0 0 0 0 0 0 0 0 0 0 0 0 0 0 0 0 0 0 0 0 0 0 0 0 0 0 0 0 0 0 0 0 0 0 0 0 0 0 0 0 0 0 0 0 0 0 0 0 0 0 0 0 0 0 0 0 0 0 0 0 0 0 0 0 0 0 0 0 0 0 0 0 0 0 0 0 0 0 0 0 0 0 0 0 0 0 0 0 0 0 0 0 0 0 0 0 0 0 0 0 0 0 0 0 0 0 0 0 0 0 0 0 0 0 0 0 0 0 0 0 0 0 0 0 0 0 0 0 0 0 0 0 0 0 0 0 0 0 0 0 0 0 0 0 0 0 0 0 0 0 0 0 0 0 0 0 0 0 0 0 0 0 0 0 0 0 0 0 0 0 0 0 0 0 0 0 0 0 0 0 0 0 0 0 0 0 0 0 0 0 0 0 0 0 0 0 0 0 0 0 0 0 0 0 0 0 0 0 0 0 0 0 0 0 0 0 0 0 0 0 0 0 0 0 0 0 0 0 0 0 0 0 0 0 0 0 0 0 0 0 0 0 0 0 0 0 0 0 0 0 0 0 0 0 0 0 0 0 0 0 0 0 0 0 0 0 0 0 0 0 0 0 0 0 0 0 0 0 0 0 0 0 0 0 0 0 0 0 0 0 0 0 0 0 0 0 0 0 0 0 0 0 0 0 0 0 0 0 0 0 0 0 0 0 0 0 0 0 0 0 0 0 0 0 0 0 0 0 0 0 0 0 0 0 0 0 0 0 0 0 0 0 0 0 0 0 0 0 0 0 0 0 0 0 0 0 0 0 0 0 0 0 0 0 0 0 0 0 0 0 0 0 0 0 0 0 0 0 0 0 0 0 0 0 0 0 0 0 0 0 0 0 0 0 0 0 0 0 0 0 0 0 0 0 0 0 0 0 0 0 0 0 0 0 0 0 0 0 0 0 0 0 0 0 0 0 0 0 0 0 0 0 0 0 0 0 0 0 0 0 0 0 0 0 0
ctxt 3226194537
btime 1790630938
processes 224203
procs_running 3
procs_blocked 0
softirq 2800412392 73526 5367141 2751860 2722447393 243721 0 13556202 33398208 410 22573931
