Running 10s test @ http://127.0.0.1:18500/page
  16 threads and 32 connections
  Thread Stats   Avg      Stdev     Max   +/- Stdev
    Latency   485.87us  116.85us   1.15ms   93.33%
    Req/Sec     4.13k   645.44     4.78k    91.65%
  Latency Distribution
     50%  479.00us
     75%  484.00us
     90%  489.00us
     99%    0.97ms
  664602 requests in 10.10s, 6.42GB read
Requests/sec:  65803.30
Transfer/sec:    650.89MB
## server-stat
cpu  1543782 584 777473 13817261 34365 0 295392 0 0 0
cpu0 49902 11 22547 437196 839 0 9629 0 0 0
cpu1 50305 13 22326 439151 643 0 9072 0 0 0
cpu2 50620 10 22144 439558 406 0 8976 0 0 0
cpu3 56288 13 24863 427911 1209 0 11407 0 0 0
cpu4 55538 13 23977 430744 734 0 10756 0 0 0
cpu5 51443 13 22212 438664 384 0 8972 0 0 0
cpu6 50643 10 22097 439681 378 0 8936 0 0 0
cpu7 49241 9 21805 441473 249 0 8694 0 0 0
cpu8 35892 17 24506 440954 1122 0 6044 0 0 0
cpu9 40491 19 25504 432072 2481 0 6425 0 0 0
cpu10 39389 18 25272 435056 1290 0 6482 0 0 0
cpu11 36921 15 24215 441507 729 0 6059 0 0 0
cpu12 57108 88 26301 414799 3301 0 6748 0 0 0
cpu13 55843 20 26535 416125 2757 0 6893 0 0 0
cpu14 36457 14 23793 443806 921 0 5914 0 0 0
cpu15 34366 15 22236 449199 732 0 5361 0 0 0
cpu16 55373 8 23216 433689 384 0 9264 0 0 0
cpu17 55309 9 23310 432594 1300 0 9292 0 0 0
cpu18 54976 9 23150 434137 302 0 9172 0 0 0
cpu19 58979 11 24359 427432 710 0 10061 0 0 0
cpu20 60466 12 24968 424813 750 0 10797 0 0 0
cpu21 54938 9 23159 433573 625 0 9249 0 0 0
cpu22 53476 10 23024 434119 363 0 9112 0 0 0
cpu23 51614 12 22633 437712 345 0 8964 0 0 0
cpu24 39571 18 24961 439008 974 0 6587 0 0 0
cpu25 42965 21 27032 428672 1785 0 7660 0 0 0
cpu26 41719 19 26597 431431 1347 0 7457 0 0 0
cpu27 35574 10 23689 430640 1186 0 14325 0 0 0
cpu28 56348 30 28507 398815 2181 0 18152 0 0 0
cpu29 58917 69 29121 394367 2188 0 18350 0 0 0
cpu30 34815 12 24227 429426 920 0 14087 0 0 0
cpu31 38283 12 25173 438921 813 0 6483 0 0 0
intr 1493642371 126 0 0 0 0 0 0 0 0 1 0 0 0 0 0 0 0 0 0 0 0 0 0 0 0 0 0 1 1 1 0 0 0 0 1 0 1 0 0 75045 0 0 0 0 0 0 0 0 411 0 0 0 0 0 0 0 0 87 0 0 0 0 0 0 0 0 0 0 0 0 0 0 0 167586 2 34991612 34929754 34857207 34991897 0 4400 2424 2967 1597 3116 2669 2084 2574 1510 10615 18878 10647 8524 13579 15224 11433 7635 2717 1809 1543 2389 2273 1976 1675 1675 9159 7737 5545 6071 6830 6311 6378 8121 0 0 0 0 616360 3170 1036 0 264 0 0 0 0 0 0 0 0 0 0 0 0 0 0 0 0 0 0 0 0 0 0 0 0 0 0 0 0 0 0 0 0 0 0 0 0 0 0 0 0 0 0 0 0 0 0 0 0 0 0 0 0 0 0 0 0 0 0 0 0 0 0 0 0 0 0 0 0 0 0 0 0 0 0 0 0 0 0 0 0 0 0 0 0 0 0 0 0 0 0 0 0 0 0 0 0 0 0 0 0 0 0 0 0 0 0 0 0 0 0 0 0 0 0 0 0 0 0 0 0 0 0 0 0 0 0 0 0 0 0 0 0 0 0 0 0 0 0 0 0 0 0 0 0 0 0 0 0 0 0 0 0 0 0 0 0 0 0 0 0 0 0 0 0 0 0 0 0 0 0 0 0 0 0 0 0 0 0 0 0 0 0 0 0 0 0 0 0 0 0 0 0 0 0 0 0 0 0 0 0 0 0 0 0 0 0 0 0 0 0 0 0 0 0 0 0 0 0 0 0 0 0 0 0 0 0 0 0 0 0 0 0 0 0 0 0 0 0 0 0 0 0 0 0 0 0 0 0 0 0 0 0 0 0 0 0 0 0 0 0 0 0 0 0 0 0 0 0 0 0 0 0 0 0 0 0 0 0 0 0 0 0 0 0 0 0 0 0 0 0 0 0 0 0 0 0 0 0 0 0 0 0 0 0 0 0 0 0 0 0 0 0 0 0 0 0 0 0 0 0 0 0 0 0 0 0 0 0 0 0 0 0 0 0 0 0 0 0 0 0 0 0 0 0 0 0 0 0 0 0 0 0 0 0 0 0 0 0 0 0 0 0 0 0 0 0 0 0 0 0 0 0 0 0 0 0 0 0 0 0 0 0 0 0 0 0 0 0 0 0 0 0 0 0 0 0 0 0 0 0 0 0 0 0 0 0 0 0 0 0 0 0 0 0 0 0 0 0 0 0 0 0 0 0 0 0 0 0 0 0 0 0 0 0 0 0 0 0 0 0 0 0 0 0 0 0 0 0 0 0 0 0 0 0 0 0 0 0 0 0 0 0 0 0 0 0 0 0 0 0 0 0 0 0 0 0 0 0 0 0 0 0 0 0 0 0 0 0 0 0 0 0 0 0 0 0 0 0 0 0 0 0 0 0 0 0 0 0 0 0 0 0 0 0 0 0 0 0 0 0 0 0 0 0 0 0 0 0 0 0 0 0 0 0 0 0 0 0 0 0 0 0 0 0 0 0 0 0 0 0 0 0 0 0 0 0 0 0 0 0 0 0 0 0 0 0 0 0 0 0 0 0 0 0 0 0 0 0 0 0 0 0 0 0 0 0 0 0 0 0 0 0 0 0 0 0 0 0 0 0 0 0 0 0 0 0 0 0 0 0 0 0 0 0 0 0 0 0 0 0 0 0 0 0 0 0 0 0 0 0 0 0 0 0 0 0 0 0 0 0 0 0 0 0 0 0 0 0 0 0 0 0 0 0 0 0 0 0 0 0 0 0 0 0 0 0 0 0 0 0 0 0 0 0 0 0 0 0 0 0 0 0 0 0 0 0 0 0 0 0 0 0 0 0 0 0 0 0 0 0 0 0 0 0 0 0 0 0 0 0 0 0 0 0 0 0 0 0 0 0 0 0 0 0 0 0 0 0 0 0 0 0 0 0 0 0 0 0 0 0 0 0 0 0 0 0 0 0 0 0 0 0 0 0 0 0 0 0 0 0 0 0 0 0 0 0 0 0 0 0 0 0 0 0 0 0 0 0 0 0 0 0 0 0 0 0 0 0 0 0 0 0 0 0 0 0 0 0 0 0 0 0 0 0 0 0 0 0 0 0 0 0 0 0 0 0 0 0 0 0 0 0 0 0 0 0 0 0 0 0 0 0 0 0 0 0 0 0 0 0 0 0 0 0 0 0 0 0 0 0 0 0 0 0 0 0 0 0 0 0 0 0 0 0 0 0 0 0 0 0 0 0 0 0 0 0 0 0 0 0 0 0 0 0 0 0 0 0 0 0 0 0 0 0 0 0 0 0 0 0 0 0 0 0 0 0 0 0 0 0 0 0 0 0 0 0 0 0 0 0 0 0 0 0 0 0 0 0 0 0 0 0 0 0 0 0 0 0 0 0 0 0 0 0 0 0 0 0 0 0 0 0 0 0 0 0 0 0 0 0 0 0 0 0 0 0 0 0 0 0 0 0 0 0 0 0 0 0 0 0 0 0 0 0 0 0 0 0 0 0 0 0 0 0 0 0 0 0 0 0 0 0 0 0 0 0 0 0 0 0 0 0 0 0 0 0 0 0 0 0 0 0 0 0 0 0 0 0 0 0 0 0 0 0 0 0 0 0 0 0 0 0 0 0 0 0 0 0 0 0 0 0 0 0 0 0 0 0 0 0 0 0 0 0 0 0 0 0 0 0 0 0 0 0 0 0 0 0 0 0 0 0 0 0 0 0 0 0 0 0 0 0 0 0 0 0 0 0 0 0 0 0
ctxt 1949000097
btime 1790630938
processes 149907
procs_running 6
procs_blocked 0
softirq 1598017809 73526 3630505 2751518 1538879881 174522 0 13554513 23632101 410 15320833
--
cpu  1545075 585 777711 13840718 34391 0 295554 0 0 0
cpu0 49902 11 22547 437987 839 0 9629 0 0 0
cpu1 50305 13 22326 439950 643 0 9072 0 0 0
cpu2 50620 10 22144 440358 406 0 8976 0 0 0
cpu3 56288 13 24863 428711 1209 0 11407 0 0 0
cpu4 55922 13 24049 431039 734 0 10806 0 0 0
cpu5 51443 13 22212 439464 384 0 8972 0 0 0
cpu6 50643 10 22097 440481 378 0 8936 0 0 0
cpu7 49241 9 21805 442272 249 0 8694 0 0 0
cpu8 35894 17 24506 441727 1122 0 6045 0 0 0
cpu9 40492 19 25505 432812 2481 0 6425 0 0 0
cpu10 39391 18 25273 435806 1290 0 6482 0 0 0
cpu11 36923 15 24216 442279 729 0 6059 0 0 0
cpu12 57114 88 26304 415534 3302 0 6749 0 0 0
cpu13 55852 20 26538 416858 2757 0 6894 0 0 0
cpu14 36458 14 23794 444571 921 0 5914 0 0 0
cpu15 34366 15 22236 449988 732 0 5361 0 0 0
cpu16 55373 8 23216 434488 385 0 9264 0 0 0
cpu17 55309 9 23310 433393 1300 0 9292 0 0 0
cpu18 54976 9 23150 434937 302 0 9172 0 0 0
cpu19 59590 11 24471 427432 710 0 10138 0 0 0
cpu20 60691 12 25007 425319 750 0 10827 0 0 0
cpu21 54938 9 23159 434373 625 0 9249 0 0 0
cpu22 53476 10 23024 434918 363 0 9112 0 0 0
cpu23 51614 12 22633 438511 345 0 8964 0 0 0
cpu24 39573 18 24961 439801 974 0 6587 0 0 0
cpu25 42967 21 27032 429455 1786 0 7660 0 0 0
cpu26 41720 19 26597 432220 1347 0 7457 0 0 0
cpu27 35577 10 23689 431435 1186 0 14325 0 0 0
cpu28 56376 30 28509 399573 2181 0 18152 0 0 0
cpu29 58925 69 29124 395112 2188 0 18350 0 0 0
cpu30 34817 12 24228 430184 944 0 14087 0 0 0
cpu31 38287 12 25173 439714 813 0 6483 0 0 0
intr 1494256687 126 0 0 0 0 0 0 0 0 1 0 0 0 0 0 0 0 0 0 0 0 0 0 0 0 0 0 1 1 1 0 0 0 0 1 0 1 0 0 75045 0 0 0 0 0 0 0 0 411 0 0 0 0 0 0 0 0 87 0 0 0 0 0 0 0 0 0 0 0 0 0 0 0 167831 2 34991640 34929769 34857226 34991901 0 4404 2424 2967 1597 3116 2669 2084 2574 1510 10615 18879 10647 8524 13579 15224 11433 7635 2717 1809 1543 2389 2273 1976 1675 1675 9159 7740 5545 6071 6830 6311 6378 8121 0 0 0 0 616360 3170 1036 0 264 0 0 0 0 0 0 0 0 0 0 0 0 0 0 0 0 0 0 0 0 0 0 0 0 0 0 0 0 0 0 0 0 0 0 0 0 0 0 0 0 0 0 0 0 0 0 0 0 0 0 0 0 0 0 0 0 0 0 0 0 0 0 0 0 0 0 0 0 0 0 0 0 0 0 0 0 0 0 0 0 0 0 0 0 0 0 0 0 0 0 0 0 0 0 0 0 0 0 0 0 0 0 0 0 0 0 0 0 0 0 0 0 0 0 0 0 0 0 0 0 0 0 0 0 0 0 0 0 0 0 0 0 0 0 0 0 0 0 0 0 0 0 0 0 0 0 0 0 0 0 0 0 0 0 0 0 0 0 0 0 0 0 0 0 0 0 0 0 0 0 0 0 0 0 0 0 0 0 0 0 0 0 0 0 0 0 0 0 0 0 0 0 0 0 0 0 0 0 0 0 0 0 0 0 0 0 0 0 0 0 0 0 0 0 0 0 0 0 0 0 0 0 0 0 0 0 0 0 0 0 0 0 0 0 0 0 0 0 0 0 0 0 0 0 0 0 0 0 0 0 0 0 0 0 0 0 0 0 0 0 0 0 0 0 0 0 0 0 0 0 0 0 0 0 0 0 0 0 0 0 0 0 0 0 0 0 0 0 0 0 0 0 0 0 0 0 0 0 0 0 0 0 0 0 0 0 0 0 0 0 0 0 0 0 0 0 0 0 0 0 0 0 0 0 0 0 0 0 0 0 0 0 0 0 0 0 0 0 0 0 0 0 0 0 0 0 0 0 0 0 0 0 0 0 0 0 0 0 0 0 0 0 0 0 0 0 0 0 0 0 0 0 0 0 0 0 0 0 0 0 0 0 0 0 0 0 0 0 0 0 0 0 0 0 0 0 0 0 0 0 0 0 0 0 0 0 0 0 0 0 0 0 0 0 0 0 0 0 0 0 0 0 0 0 0 0 0 0 0 0 0 0 0 0 0 0 0 0 0 0 0 0 0 0 0 0 0 0 0 0 0 0 0 0 0 0 0 0 0 0 0 0 0 0 0 0 0 0 0 0 0 0 0 0 0 0 0 0 0 0 0 0 0 0 0 0 0 0 0 0 0 0 0 0 0 0 0 0 0 0 0 0 0 0 0 0 0 0 0 0 0 0 0 0 0 0 0 0 0 0 0 0 0 0 0 0 0 0 0 0 0 0 0 0 0 0 0 0 0 0 0 0 0 0 0 0 0 0 0 0 0 0 0 0 0 0 0 0 0 0 0 0 0 0 0 0 0 0 0 0 0 0 0 0 0 0 0 0 0 0 0 0 0 0 0 0 0 0 0 0 0 0 0 0 0 0 0 0 0 0 0 0 0 0 0 0 0 0 0 0 0 0 0 0 0 0 0 0 0 0 0 0 0 0 0 0 0 0 0 0 0 0 0 0 0 0 0 0 0 0 0 0 0 0 0 0 0 0 0 0 0 0 0 0 0 0 0 0 0 0 0 0 0 0 0 0 0 0 0 0 0 0 0 0 0 0 0 0 0 0 0 0 0 0 0 0 0 0 0 0 0 0 0 0 0 0 0 0 0 0 0 0 0 0 0 0 0 0 0 0 0 0 0 0 0 0 0 0 0 0 0 0 0 0 0 0 0 0 0 0 0 0 0 0 0 0 0 0 0 0 0 0 0 0 0 0 0 0 0 0 0 0 0 0 0 0 0 0 0 0 0 0 0 0 0 0 0 0 0 0 0 0 0 0 0 0 0 0 0 0 0 0 0 0 0 0 0 0 0 0 0 0 0 0 0 0 0 0 0 0 0 0 0 0 0 0 0 0 0 0 0 0 0 0 0 0 0 0 0 0 0 0 0 0 0 0 0 0 0 0 0 0 0 0 0 0 0 0 0 0 0 0 0 0 0 0 0 0 0 0 0 0 0 0 0 0 0 0 0 0 0 0 0 0 0 0 0 0 0 0 0 0 0 0 0 0 0 0 0 0 0 0 0 0 0 0 0 0 0 0 0 0 0 0 0 0 0 0 0 0 0 0 0 0 0 0 0 0 0 0 0 0 0 0 0 0 0 0 0 0 0 0 0 0 0 0 0 0 0 0 0 0 0 0 0 0 0 0 0 0 0 0 0 0 0 0 0 0 0 0 0 0 0 0 0 0 0 0 0 0 0 0 0 0 0 0 0 0 0 0 0 0 0 0 0 0 0 0 0 0 0 0 0 0 0 0 0 0 0 0 0 0 0 0 0 0 0 0 0 0 0 0 0 0 0 0 0 0 0 0 0 0 0 0 0 0 0 0 0 0 0 0 0 0 0 0 0 0 0 0 0 0 0 0 0 0 0 0 0 0 0 0 0 0 0 0 0 0 0 0 0 0 0 0 0 0 0 0 0 0 0 0 0 0 0 0 0 0 0 0 0 0 0 0 0 0 0 0 0 0 0 0 0 0 0 0 0 0 0 0 0 0 0 0 0 0 0 0 0 0 0 0
ctxt 1950116883
btime 1790630938
processes 149966
procs_running 4
procs_blocked 0
softirq 1599092258 73526 3633132 2751518 1539933598 174773 0 13554513 23642616 410 15328172
