Running 10s test @ http://127.0.0.1:18500/wait
  16 threads and 10000 connections
  Thread Stats   Avg      Stdev     Max   +/- Stdev
    Latency    19.35ms  722.49us  24.81ms   72.15%
    Req/Sec    32.42k   504.06    33.96k    84.38%
  Latency Distribution
     50%   19.18ms
     75%   19.96ms
     90%   20.21ms
     99%   21.19ms
  5160813 requests in 10.04s, 526.63MB read
Requests/sec: 514037.23
Transfer/sec:     52.45MB
## server-stat
cpu  2143346 868 1117845 23052157 42286 0 500558 0 0 0
cpu0 76269 16 32076 723772 983 0 15782 0 0 0
cpu1 78974 20 32737 723114 802 0 15773 0 0 0
cpu2 78955 17 32636 724016 462 0 15709 0 0 0
cpu3 96505 19 40776 690231 1280 0 22529 0 0 0
cpu4 99486 19 39969 689714 749 0 21983 0 0 0
cpu5 83464 19 33775 717815 510 0 16227 0 0 0
cpu6 83372 17 33917 717655 435 0 16810 0 0 0
cpu7 82299 15 34289 718279 268 0 16924 0 0 0
cpu8 37463 27 31854 748784 1317 0 9263 0 0 0
cpu9 42618 31 34272 733939 3206 0 9927 0 0 0
cpu10 41152 29 33260 739324 1500 0 9861 0 0 0
cpu11 38263 26 30979 750650 944 0 9029 0 0 0
cpu12 63745 102 35872 711409 3805 0 10530 0 0 0
cpu13 61720 34 36382 712279 3601 0 10757 0 0 0
cpu14 37864 25 30428 753946 1104 0 8789 0 0 0
cpu15 35547 27 28143 762424 937 0 7985 0 0 0
cpu16 94050 12 37639 700374 515 0 19760 0 0 0
cpu17 90224 13 36770 704759 1409 0 18969 0 0 0
cpu18 89049 14 36391 707822 320 0 18674 0 0 0
cpu19 110477 14 44281 670385 805 0 25643 0 0 0
cpu20 106513 16 43679 675308 867 0 25568 0 0 0
cpu21 85913 15 35597 711387 767 0 18225 0 0 0
cpu22 82064 17 34699 716133 480 0 17366 0 0 0
cpu23 77594 17 33309 724324 537 0 16278 0 0 0
cpu24 41007 30 31672 749083 1236 0 9654 0 0 0
cpu25 45038 34 34841 733152 2347 0 11347 0 0 0
cpu26 43496 29 34135 737205 1738 0 11003 0 0 0
cpu27 36976 20 30367 740403 1443 0 17444 0 0 0
cpu28 62184 50 39113 693364 2892 0 22742 0 0 0
cpu29 65070 87 40319 686531 2975 0 23084 0 0 0
cpu30 36306 20 31476 736337 1144 0 17264 0 0 0
cpu31 39673 20 32175 748223 890 0 9644 0 0 0
intr 2212981084 126 0 0 0 0 0 0 0 0 1 0 0 0 0 0 0 0 0 0 0 0 0 0 0 0 0 0 1 1 1 0 0 0 0 1 0 1 0 0 75045 0 0 0 0 0 0 0 0 411 0 0 0 0 0 0 0 0 87 0 0 0 0 0 0 0 0 0 0 0 0 0 0 0 236383 2 35009161 34945886 34875021 35010482 0 7135 2736 3222 1691 3335 2771 2244 2748 1670 11266 19813 11345 8847 14571 16227 11722 7870 2939 2046 1670 3084 2409 2216 1733 1711 9473 8637 6063 6445 7968 7319 6887 8467 0 0 0 0 616585 3576 1036 0 264 0 0 0 0 0 0 0 0 0 0 0 0 0 0 0 0 0 0 0 0 0 0 0 0 0 0 0 0 0 0 0 0 0 0 0 0 0 0 0 0 0 0 0 0 0 0 0 0 0 0 0 0 0 0 0 0 0 0 0 0 0 0 0 0 0 0 0 0 0 0 0 0 0 0 0 0 0 0 0 0 0 0 0 0 0 0 0 0 0 0 0 0 0 0 0 0 0 0 0 0 0 0 0 0 0 0 0 0 0 0 0 0 0 0 0 0 0 0 0 0 0 0 0 0 0 0 0 0 0 0 0 0 0 0 0 0 0 0 0 0 0 0 0 0 0 0 0 0 0 0 0 0 0 0 0 0 0 0 0 0 0 0 0 0 0 0 0 0 0 0 0 0 0 0 0 0 0 0 0 0 0 0 0 0 0 0 0 0 0 0 0 0 0 0 0 0 0 0 0 0 0 0 0 0 0 0 0 0 0 0 0 0 0 0 0 0 0 0 0 0 0 0 0 0 0 0 0 0 0 0 0 0 0 0 0 0 0 0 0 0 0 0 0 0 0 0 0 0 0 0 0 0 0 0 0 0 0 0 0 0 0 0 0 0 0 0 0 0 0 0 0 0 0 0 0 0 0 0 0 0 0 0 0 0 0 0 0 0 0 0 0 0 0 0 0 0 0 0 0 0 0 0 0 0 0 0 0 0 0 0 0 0 0 0 0 0 0 0 0 0 0 0 0 0 0 0 0 0 0 0 0 0 0 0 0 0 0 0 0 0 0 0 0 0 0 0 0 0 0 0 0 0 0 0 0 0 0 0 0 0 0 0 0 0 0 0 0 0 0 0 0 0 0 0 0 0 0 0 0 0 0 0 0 0 0 0 0 0 0 0 0 0 0 0 0 0 0 0 0 0 0 0 0 0 0 0 0 0 0 0 0 0 0 0 0 0 0 0 0 0 0 0 0 0 0 0 0 0 0 0 0 0 0 0 0 0 0 0 0 0 0 0 0 0 0 0 0 0 0 0 0 0 0 0 0 0 0 0 0 0 0 0 0 0 0 0 0 0 0 0 0 0 0 0 0 0 0 0 0 0 0 0 0 0 0 0 0 0 0 0 0 0 0 0 0 0 0 0 0 0 0 0 0 0 0 0 0 0 0 0 0 0 0 0 0 0 0 0 0 0 0 0 0 0 0 0 0 0 0 0 0 0 0 0 0 0 0 0 0 0 0 0 0 0 0 0 0 0 0 0 0 0 0 0 0 0 0 0 0 0 0 0 0 0 0 0 0 0 0 0 0 0 0 0 0 0 0 0 0 0 0 0 0 0 0 0 0 0 0 0 0 0 0 0 0 0 0 0 0 0 0 0 0 0 0 0 0 0 0 0 0 0 0 0 0 0 0 0 0 0 0 0 0 0 0 0 0 0 0 0 0 0 0 0 0 0 0 0 0 0 0 0 0 0 0 0 0 0 0 0 0 0 0 0 0 0 0 0 0 0 0 0 0 0 0 0 0 0 0 0 0 0 0 0 0 0 0 0 0 0 0 0 0 0 0 0 0 0 0 0 0 0 0 0 0 0 0 0 0 0 0 0 0 0 0 0 0 0 0 0 0 0 0 0 0 0 0 0 0 0 0 0 0 0 0 0 0 0 0 0 0 0 0 0 0 0 0 0 0 0 0 0 0 0 0 0 0 0 0 0 0 0 0 0 0 0 0 0 0 0 0 0 0 0 0 0 0 0 0 0 0 0 0 0 0 0 0 0 0 0 0 0 0 0 0 0 0 0 0 0 0 0 0 0 0 0 0 0 0 0 0 0 0 0 0 0 0 0 0 0 0 0 0 0 0 0 0 0 0 0 0 0 0 0 0 0 0 0 0 0 0 0 0 0 0 0 0 0 0 0 0 0 0 0 0 0 0 0 0 0 0 0 0 0 0 0 0 0 0 0 0 0 0 0 0 0 0 0 0 0 0 0 0 0 0 0 0 0 0 0 0 0 0 0 0 0 0 0 0 0 0 0 0 0 0 0 0 0 0 0 0 0 0 0 0 0 0 0 0 0 0 0 0 0 0 0 0 0 0 0 0 0 0 0 0 0 0 0 0 0 0 0 0 0 0 0 0 0 0 0 0 0 0 0 0 0 0 0 0 0 0 0 0 0 0 0 0 0 0 0 0 0 0 0 0 0 0 0 0 0 0 0 0 0 0 0 0 0 0 0 0 0 0 0 0 0 0 0 0 0 0 0 0 0 0 0 0 0 0 0 0 0 0 0 0 0 0 0 0 0 0 0 0 0 0 0 0 0 0 0 0 0 0 0 0 0 0 0 0 0 0 0 0 0 0 0 0 0 0 0 0 0 0 0 0 0 0 0 0 0 0 0 0 0 0 0 0 0 0 0 0 0 0 0 0 0 0 0 0 0 0 0 0 0 0 0 0 0 0 0 0 0 0 0 0 0 0 0 0 0 0 0 0 0 0 0 0 0 0 0 0 0
ctxt 3265894913
btime 1790630938
processes 227847
procs_running 14
procs_blocked 0
softirq 2854130931 73526 5713991 2751883 2775103275 247218 0 13556284 33735761 410 22948583
--
cpu  2147751 869 1119955 23067767 42298 0 501874 0 0 0
cpu0 76269 16 32077 724548 983 0 15782 0 0 0
cpu1 78974 20 32737 723911 802 0 15773 0 0 0
cpu2 79296 17 32738 724293 462 0 15788 0 0 0
cpu3 96505 19 40776 691028 1280 0 22529 0 0 0
cpu4 99487 19 39969 690511 749 0 21983 0 0 0
cpu5 83981 19 33929 717815 510 0 16357 0 0 0
cpu6 83891 17 34074 717655 435 0 16934 0 0 0
cpu7 82737 15 34424 718397 268 0 17033 0 0 0
cpu8 37475 27 31909 749365 1317 0 9281 0 0 0
cpu9 42632 31 34324 734518 3206 0 9947 0 0 0
cpu10 41167 29 33314 739904 1501 0 9882 0 0 0
cpu11 38274 26 31033 751238 944 0 9049 0 0 0
cpu12 63758 102 35928 711983 3806 0 10552 0 0 0
cpu13 61735 34 36437 712851 3601 0 10779 0 0 0
cpu14 37874 25 30479 754548 1104 0 8809 0 0 0
cpu15 35556 27 28193 763031 937 0 8000 0 0 0
cpu16 94574 12 37787 700374 515 0 19889 0 0 0
cpu17 90744 13 36926 704759 1409 0 19093 0 0 0
cpu18 89233 14 36448 708339 320 0 18715 0 0 0
cpu19 111001 14 44430 670385 805 0 25770 0 0 0
cpu20 107039 16 43835 675308 867 0 25686 0 0 0
cpu21 85914 15 35597 712182 767 0 18225 0 0 0
cpu22 82066 18 34699 716927 480 0 17366 0 0 0
cpu23 77674 17 33331 725002 537 0 16296 0 0 0
cpu24 41019 30 31723 749664 1236 0 9673 0 0 0
cpu25 45056 34 34900 733722 2348 0 11367 0 0 0
cpu26 43510 29 34191 737764 1748 0 11026 0 0 0
cpu27 36990 20 30423 740980 1443 0 17461 0 0 0
cpu28 62207 50 39174 693924 2892 0 22763 0 0 0
cpu29 65091 87 40378 687090 2975 0 23105 0 0 0
cpu30 36319 20 31530 736924 1145 0 17284 0 0 0
cpu31 39686 20 32227 748808 890 0 9663 0 0 0
intr 2216204500 126 0 0 0 0 0 0 0 0 1 0 0 0 0 0 0 0 0 0 0 0 0 0 0 0 0 0 1 1 1 0 0 0 0 1 0 1 0 0 75045 0 0 0 0 0 0 0 0 411 0 0 0 0 0 0 0 0 87 0 0 0 0 0 0 0 0 0 0 0 0 0 0 0 236499 2 35009178 34945921 34875033 35010507 0 7143 2736 3222 1691 3335 2771 2244 2748 1670 11268 19813 11347 8847 14574 16227 11722 7870 2939 2046 1670 3084 2409 2216 1733 1711 9473 8637 6064 6445 7969 7319 6887 8468 0 0 0 0 616585 3576 1036 0 264 0 0 0 0 0 0 0 0 0 0 0 0 0 0 0 0 0 0 0 0 0 0 0 0 0 0 0 0 0 0 0 0 0 0 0 0 0 0 0 0 0 0 0 0 0 0 0 0 0 0 0 0 0 0 0 0 0 0 0 0 0 0 0 0 0 0 0 0 0 0 0 0 0 0 0 0 0 0 0 0 0 0 0 0 0 0 0 0 0 0 0 0 0 0 0 0 0 0 0 0 0 0 0 0 0 0 0 0 0 0 0 0 0 0 0 0 0 0 0 0 0 0 0 0 0 0 0 0 0 0 0 0 0 0 0 0 0 0 0 0 0 0 0 0 0 0 0 0 0 0 0 0 0 0 0 0 0 0 0 0 0 0 0 0 0 0 0 0 0 0 0 0 0 0 0 0 0 0 0 0 0 0 0 0 0 0 0 0 0 0 0 0 0 0 0 0 0 0 0 0 0 0 0 0 0 0 0 0 0 0 0 0 0 0 0 0 0 0 0 0 0 0 0 0 0 0 0 0 0 0 0 0 0 0 0 0 0 0 0 0 0 0 0 0 0 0 0 0 0 0 0 0 0 0 0 0 0 0 0 0 0 0 0 0 0 0 0 0 0 0 0 0 0 0 0 0 0 0 0 0 0 0 0 0 0 0 0 0 0 0 0 0 0 0 0 0 0 0 0 0 0 0 0 0 0 0 0 0 0 0 0 0 0 0 0 0 0 0 0 0 0 0 0 0 0 0 0 0 0 0 0 0 0 0 0 0 0 0 0 0 0 0 0 0 0 0 0 0 0 0 0 0 0 0 0 0 0 0 0 0 0 0 0 0 0 0 0 0 0 0 0 0 0 0 0 0 0 0 0 0 0 0 0 0 0 0 0 0 0 0 0 0 0 0 0 0 0 0 0 0 0 0 0 0 0 0 0 0 0 0 0 0 0 0 0 0 0 0 0 0 0 0 0 0 0 0 0 0 0 0 0 0 0 0 0 0 0 0 0 0 0 0 0 0 0 0 0 0 0 0 0 0 0 0 0 0 0 0 0 0 0 0 0 0 0 0 0 0 0 0 0 0 0 0 0 0 0 0 0 0 0 0 0 0 0 0 0 0 0 0 0 0 0 0 0 0 0 0 0 0 0 0 0 0 0 0 0 0 0 0 0 0 0 0 0 0 0 0 0 0 0 0 0 0 0 0 0 0 0 0 0 0 0 0 0 0 0 0 0 0 0 0 0 0 0 0 0 0 0 0 0 0 0 0 0 0 0 0 0 0 0 0 0 0 0 0 0 0 0 0 0 0 0 0 0 0 0 0 0 0 0 0 0 0 0 0 0 0 0 0 0 0 0 0 0 0 0 0 0 0 0 0 0 0 0 0 0 0 0 0 0 0 0 0 0 0 0 0 0 0 0 0 0 0 0 0 0 0 0 0 0 0 0 0 0 0 0 0 0 0 0 0 0 0 0 0 0 0 0 0 0 0 0 0 0 0 0 0 0 0 0 0 0 0 0 0 0 0 0 0 0 0 0 0 0 0 0 0 0 0 0 0 0 0 0 0 0 0 0 0 0 0 0 0 0 0 0 0 0 0 0 0 0 0 0 0 0 0 0 0 0 0 0 0 0 0 0 0 0 0 0 0 0 0 0 0 0 0 0 0 0 0 0 0 0 0 0 0 0 0 0 0 0 0 0 0 0 0 0 0 0 0 0 0 0 0 0 0 0 0 0 0 0 0 0 0 0 0 0 0 0 0 0 0 0 0 0 0 0 0 0 0 0 0 0 0 0 0 0 0 0 0 0 0 0 0 0 0 0 0 0 0 0 0 0 0 0 0 0 0 0 0 0 0 0 0 0 0 0 0 0 0 0 0 0 0 0 0 0 0 0 0 0 0 0 0 0 0 0 0 0 0 0 0 0 0 0 0 0 0 0 0 0 0 0 0 0 0 0 0 0 0 0 0 0 0 0 0 0 0 0 0 0 0 0 0 0 0 0 0 0 0 0 0 0 0 0 0 0 0 0 0 0 0 0 0 0 0 0 0 0 0 0 0 0 0 0 0 0 0 0 0 0 0 0 0 0 0 0 0 0 0 0 0 0 0 0 0 0 0 0 0 0 0 0 0 0 0 0 0 0 0 0 0 0 0 0 0 0 0 0 0 0 0 0 0 0 0 0 0 0 0 0 0 0 0 0 0 0 0 0 0 0 0 0 0 0 0 0 0 0 0 0 0 0 0 0 0 0 0 0 0 0 0 0 0 0 0 0 0 0 0 0 0 0 0 0 0 0 0 0 0 0 0 0 0 0 0 0 0 0 0 0 0 0 0 0 0 0 0 0 0 0 0 0 0 0 0 0 0 0 0 0 0 0 0 0 0 0 0 0 0 0 0 0 0 0 0 0 0 0 0 0 0 0 0 0 0 0 0 0 0 0 0 0 0 0 0 0 0 0 0 0 0 0 0 0 0 0 0 0 0 0 0 0 0 0 0 0 0 0 0
ctxt 3272082062
btime 1790630938
processes 227919
procs_running 12
procs_blocked 0
softirq 2862465584 73526 5719539 2751883 2783382956 247344 0 13556284 33758249 410 22975393
