Running 10s test @ http://127.0.0.1:18500/
  16 threads and 128 connections
  Thread Stats   Avg      Stdev     Max   +/- Stdev
    Latency   705.35us   93.58us   1.91ms   91.73%
    Req/Sec    11.38k   339.98    18.63k    98.89%
  Latency Distribution
     50%  689.00us
     75%  719.00us
     90%  758.00us
     99%    1.13ms
  1830320 requests in 10.10s, 218.19MB read
Requests/sec: 181227.12
Transfer/sec:     21.60MB
## server-stat
cpu  1596415 605 806605 14446425 35027 0 318772 0 0 0
cpu0 51032 11 23039 458781 848 0 10115 0 0 0
cpu1 52650 14 23047 459373 691 0 9648 0 0 0
cpu2 53160 10 23108 459107 420 0 9840 0 0 0
cpu3 60442 13 26496 444517 1210 0 12914 0 0 0
cpu4 60015 13 25482 447319 736 0 12119 0 0 0
cpu5 53863 13 22896 458957 419 0 9466 0 0 0
cpu6 53932 11 23241 458147 403 0 9946 0 0 0
cpu7 51884 9 22630 461294 254 0 9329 0 0 0
cpu8 36037 18 25106 461986 1125 0 6390 0 0 0
cpu9 40655 20 26146 452640 2529 0 6798 0 0 0
cpu10 39537 19 25910 455716 1321 0 6854 0 0 0
cpu11 37047 16 24802 462470 747 0 6406 0 0 0
cpu12 57540 89 26998 435012 3363 0 7159 0 0 0
cpu13 56218 21 27245 436365 2763 0 7318 0 0 0
cpu14 36579 15 24374 464800 929 0 6273 0 0 0
cpu15 34475 16 22796 470406 738 0 5689 0 0 0
cpu16 59367 8 24501 451208 410 0 10382 0 0 0
cpu17 57941 9 24413 451707 1316 0 10365 0 0 0
cpu18 57345 9 24021 454004 302 0 9989 0 0 0
cpu19 64701 11 26693 441079 723 0 12279 0 0 0
cpu20 65667 12 27433 438697 756 0 13185 0 0 0
cpu21 57459 10 24314 452633 636 0 10436 0 0 0
cpu22 55103 10 23732 455040 367 0 9784 0 0 0
cpu23 53901 12 23658 457296 379 0 9966 0 0 0
cpu24 39695 20 25555 460000 1003 0 6939 0 0 0
cpu25 43152 23 27681 449392 1808 0 8039 0 0 0
cpu26 41883 20 27238 452239 1381 0 7828 0 0 0
cpu27 35701 11 24287 451758 1205 0 14666 0 0 0
cpu28 56779 31 29257 419247 2200 0 18572 0 0 0
cpu29 59284 70 29882 414582 2267 0 18789 0 0 0
cpu30 34943 13 24839 450471 946 0 14441 0 0 0
cpu31 38415 13 25768 460166 816 0 6834 0 0 0
intr 1551613508 126 0 0 0 0 0 0 0 0 1 0 0 0 0 0 0 0 0 0 0 0 0 0 0 0 0 0 1 1 1 0 0 0 0 1 0 1 0 0 75045 0 0 0 0 0 0 0 0 411 0 0 0 0 0 0 0 0 87 0 0 0 0 0 0 0 0 0 0 0 0 0 0 0 173045 2 34992723 34930779 34857953 34992712 0 4597 2427 2970 1597 3116 2675 2086 2576 1521 10621 18997 10704 8576 13787 15284 11439 7658 2722 1810 1545 2391 2273 1981 1686 1675 9175 7790 5559 6076 6956 6337 6459 8156 0 0 0 0 616376 3208 1036 0 264 0 0 0 0 0 0 0 0 0 0 0 0 0 0 0 0 0 0 0 0 0 0 0 0 0 0 0 0 0 0 0 0 0 0 0 0 0 0 0 0 0 0 0 0 0 0 0 0 0 0 0 0 0 0 0 0 0 0 0 0 0 0 0 0 0 0 0 0 0 0 0 0 0 0 0 0 0 0 0 0 0 0 0 0 0 0 0 0 0 0 0 0 0 0 0 0 0 0 0 0 0 0 0 0 0 0 0 0 0 0 0 0 0 0 0 0 0 0 0 0 0 0 0 0 0 0 0 0 0 0 0 0 0 0 0 0 0 0 0 0 0 0 0 0 0 0 0 0 0 0 0 0 0 0 0 0 0 0 0 0 0 0 0 0 0 0 0 0 0 0 0 0 0 0 0 0 0 0 0 0 0 0 0 0 0 0 0 0 0 0 0 0 0 0 0 0 0 0 0 0 0 0 0 0 0 0 0 0 0 0 0 0 0 0 0 0 0 0 0 0 0 0 0 0 0 0 0 0 0 0 0 0 0 0 0 0 0 0 0 0 0 0 0 0 0 0 0 0 0 0 0 0 0 0 0 0 0 0 0 0 0 0 0 0 0 0 0 0 0 0 0 0 0 0 0 0 0 0 0 0 0 0 0 0 0 0 0 0 0 0 0 0 0 0 0 0 0 0 0 0 0 0 0 0 0 0 0 0 0 0 0 0 0 0 0 0 0 0 0 0 0 0 0 0 0 0 0 0 0 0 0 0 0 0 0 0 0 0 0 0 0 0 0 0 0 0 0 0 0 0 0 0 0 0 0 0 0 0 0 0 0 0 0 0 0 0 0 0 0 0 0 0 0 0 0 0 0 0 0 0 0 0 0 0 0 0 0 0 0 0 0 0 0 0 0 0 0 0 0 0 0 0 0 0 0 0 0 0 0 0 0 0 0 0 0 0 0 0 0 0 0 0 0 0 0 0 0 0 0 0 0 0 0 0 0 0 0 0 0 0 0 0 0 0 0 0 0 0 0 0 0 0 0 0 0 0 0 0 0 0 0 0 0 0 0 0 0 0 0 0 0 0 0 0 0 0 0 0 0 0 0 0 0 0 0 0 0 0 0 0 0 0 0 0 0 0 0 0 0 0 0 0 0 0 0 0 0 0 0 0 0 0 0 0 0 0 0 0 0 0 0 0 0 0 0 0 0 0 0 0 0 0 0 0 0 0 0 0 0 0 0 0 0 0 0 0 0 0 0 0 0 0 0 0 0 0 0 0 0 0 0 0 0 0 0 0 0 0 0 0 0 0 0 0 0 0 0 0 0 0 0 0 0 0 0 0 0 0 0 0 0 0 0 0 0 0 0 0 0 0 0 0 0 0 0 0 0 0 0 0 0 0 0 0 0 0 0 0 0 0 0 0 0 0 0 0 0 0 0 0 0 0 0 0 0 0 0 0 0 0 0 0 0 0 0 0 0 0 0 0 0 0 0 0 0 0 0 0 0 0 0 0 0 0 0 0 0 0 0 0 0 0 0 0 0 0 0 0 0 0 0 0 0 0 0 0 0 0 0 0 0 0 0 0 0 0 0 0 0 0 0 0 0 0 0 0 0 0 0 0 0 0 0 0 0 0 0 0 0 0 0 0 0 0 0 0 0 0 0 0 0 0 0 0 0 0 0 0 0 0 0 0 0 0 0 0 0 0 0 0 0 0 0 0 0 0 0 0 0 0 0 0 0 0 0 0 0 0 0 0 0 0 0 0 0 0 0 0 0 0 0 0 0 0 0 0 0 0 0 0 0 0 0 0 0 0 0 0 0 0 0 0 0 0 0 0 0 0 0 0 0 0 0 0 0 0 0 0 0 0 0 0 0 0 0 0 0 0 0 0 0 0 0 0 0 0 0 0 0 0 0 0 0 0 0 0 0 0 0 0 0 0 0 0 0 0 0 0 0 0 0 0 0 0 0 0 0 0 0 0 0 0 0 0 0 0 0 0 0 0 0 0 0 0 0 0 0 0 0 0 0 0 0 0 0 0 0 0 0 0 0 0 0 0 0 0 0 0 0 0 0 0 0 0 0 0 0 0 0 0 0 0 0 0 0 0 0 0 0 0 0 0 0 0 0 0 0 0 0 0 0 0 0 0 0 0 0 0 0 0 0 0 0 0 0 0 0 0 0 0 0 0 0 0 0 0 0 0 0 0 0 0 0 0 0 0 0 0 0 0 0 0 0 0 0 0 0 0 0 0 0 0 0 0 0 0 0 0 0 0 0 0 0 0 0 0 0 0 0 0 0 0 0 0 0 0 0 0 0 0 0 0 0 0 0 0 0 0 0 0 0 0 0 0 0 0 0 0 0 0 0 0 0 0 0 0 0 0 0 0 0 0 0 0 0 0 0 0 0 0 0 0 0 0 0 0 0 0 0 0 0 0 0 0 0 0 0 0 0 0 0 0 0 0 0 0 0 0 0 0 0 0 0 0 0 0 0 0 0 0 0 0
ctxt 2060222387
btime 1790630938
processes 155055
procs_running 12
procs_blocked 0
softirq 1741461946 73526 3745233 2751551 1681206868 180256 0 13554654 24119436 410 15830012
--
cpu  1601107 606 808739 14460645 35028 0 319893 0 0 0
cpu0 51313 11 23132 459019 848 0 10166 0 0 0
cpu1 52932 14 23145 459606 691 0 9698 0 0 0
cpu2 53438 10 23204 459339 420 0 9894 0 0 0
cpu3 60720 13 26598 444744 1210 0 12971 0 0 0
cpu4 60296 13 25588 447543 736 0 12175 0 0 0
cpu5 54143 13 22998 459181 419 0 9520 0 0 0
cpu6 54205 11 23341 458384 403 0 9995 0 0 0
cpu7 52140 9 22728 461554 254 0 9374 0 0 0
cpu8 36041 18 25139 462658 1125 0 6403 0 0 0
cpu9 40664 20 26200 453217 2529 0 6818 0 0 0
cpu10 39543 19 25956 456337 1321 0 6871 0 0 0
cpu11 37049 16 24820 463189 747 0 6413 0 0 0
cpu12 57545 89 27029 435698 3363 0 7177 0 0 0
cpu13 56222 21 27273 437070 2763 0 7333 0 0 0
cpu14 36580 15 24381 465564 929 0 6275 0 0 0
cpu15 34475 16 22802 471184 738 0 5691 0 0 0
cpu16 59666 8 24602 451420 410 0 10442 0 0 0
cpu17 58229 9 24510 451921 1316 0 10427 0 0 0
cpu18 57642 9 24125 454219 302 0 10046 0 0 0
cpu19 65002 11 26792 441287 723 0 12340 0 0 0
cpu20 65975 12 27532 438903 756 0 13246 0 0 0
cpu21 57746 10 24411 452850 636 0 10497 0 0 0
cpu22 55392 10 23831 455260 367 0 9837 0 0 0
cpu23 54183 12 23760 457523 379 0 10018 0 0 0
cpu24 39696 20 25559 460783 1003 0 6941 0 0 0
cpu25 43157 23 27703 450103 1808 0 8049 0 0 0
cpu26 41886 20 27256 452971 1381 0 7835 0 0 0
cpu27 35702 11 24293 452527 1205 0 14668 0 0 0
cpu28 56816 32 29343 419704 2200 0 18614 0 0 0
cpu29 59328 71 29982 414987 2267 0 18840 0 0 0
cpu30 34948 13 24884 451069 946 0 14456 0 0 0
cpu31 38419 13 25803 460817 816 0 6848 0 0 0
intr 1559143548 126 0 0 0 0 0 0 0 0 1 0 0 0 0 0 0 0 0 0 0 0 0 0 0 0 0 0 1 1 1 0 0 0 0 1 0 1 0 0 75045 0 0 0 0 0 0 0 0 411 0 0 0 0 0 0 0 0 87 0 0 0 0 0 0 0 0 0 0 0 0 0 0 0 173045 2 34992771 34930801 34857966 34992759 0 4605 2427 2970 1597 3116 2675 2086 2576 1521 10621 18997 10704 8576 13787 15284 11439 7658 2722 1810 1545 2391 2273 1981 1686 1675 9175 7790 5559 6076 6962 6339 6459 8156 0 0 0 0 616376 3208 1036 0 264 0 0 0 0 0 0 0 0 0 0 0 0 0 0 0 0 0 0 0 0 0 0 0 0 0 0 0 0 0 0 0 0 0 0 0 0 0 0 0 0 0 0 0 0 0 0 0 0 0 0 0 0 0 0 0 0 0 0 0 0 0 0 0 0 0 0 0 0 0 0 0 0 0 0 0 0 0 0 0 0 0 0 0 0 0 0 0 0 0 0 0 0 0 0 0 0 0 0 0 0 0 0 0 0 0 0 0 0 0 0 0 0 0 0 0 0 0 0 0 0 0 0 0 0 0 0 0 0 0 0 0 0 0 0 0 0 0 0 0 0 0 0 0 0 0 0 0 0 0 0 0 0 0 0 0 0 0 0 0 0 0 0 0 0 0 0 0 0 0 0 0 0 0 0 0 0 0 0 0 0 0 0 0 0 0 0 0 0 0 0 0 0 0 0 0 0 0 0 0 0 0 0 0 0 0 0 0 0 0 0 0 0 0 0 0 0 0 0 0 0 0 0 0 0 0 0 0 0 0 0 0 0 0 0 0 0 0 0 0 0 0 0 0 0 0 0 0 0 0 0 0 0 0 0 0 0 0 0 0 0 0 0 0 0 0 0 0 0 0 0 0 0 0 0 0 0 0 0 0 0 0 0 0 0 0 0 0 0 0 0 0 0 0 0 0 0 0 0 0 0 0 0 0 0 0 0 0 0 0 0 0 0 0 0 0 0 0 0 0 0 0 0 0 0 0 0 0 0 0 0 0 0 0 0 0 0 0 0 0 0 0 0 0 0 0 0 0 0 0 0 0 0 0 0 0 0 0 0 0 0 0 0 0 0 0 0 0 0 0 0 0 0 0 0 0 0 0 0 0 0 0 0 0 0 0 0 0 0 0 0 0 0 0 0 0 0 0 0 0 0 0 0 0 0 0 0 0 0 0 0 0 0 0 0 0 0 0 0 0 0 0 0 0 0 0 0 0 0 0 0 0 0 0 0 0 0 0 0 0 0 0 0 0 0 0 0 0 0 0 0 0 0 0 0 0 0 0 0 0 0 0 0 0 0 0 0 0 0 0 0 0 0 0 0 0 0 0 0 0 0 0 0 0 0 0 0 0 0 0 0 0 0 0 0 0 0 0 0 0 0 0 0 0 0 0 0 0 0 0 0 0 0 0 0 0 0 0 0 0 0 0 0 0 0 0 0 0 0 0 0 0 0 0 0 0 0 0 0 0 0 0 0 0 0 0 0 0 0 0 0 0 0 0 0 0 0 0 0 0 0 0 0 0 0 0 0 0 0 0 0 0 0 0 0 0 0 0 0 0 0 0 0 0 0 0 0 0 0 0 0 0 0 0 0 0 0 0 0 0 0 0 0 0 0 0 0 0 0 0 0 0 0 0 0 0 0 0 0 0 0 0 0 0 0 0 0 0 0 0 0 0 0 0 0 0 0 0 0 0 0 0 0 0 0 0 0 0 0 0 0 0 0 0 0 0 0 0 0 0 0 0 0 0 0 0 0 0 0 0 0 0 0 0 0 0 0 0 0 0 0 0 0 0 0 0 0 0 0 0 0 0 0 0 0 0 0 0 0 0 0 0 0 0 0 0 0 0 0 0 0 0 0 0 0 0 0 0 0 0 0 0 0 0 0 0 0 0 0 0 0 0 0 0 0 0 0 0 0 0 0 0 0 0 0 0 0 0 0 0 0 0 0 0 0 0 0 0 0 0 0 0 0 0 0 0 0 0 0 0 0 0 0 0 0 0 0 0 0 0 0 0 0 0 0 0 0 0 0 0 0 0 0 0 0 0 0 0 0 0 0 0 0 0 0 0 0 0 0 0 0 0 0 0 0 0 0 0 0 0 0 0 0 0 0 0 0 0 0 0 0 0 0 0 0 0 0 0 0 0 0 0 0 0 0 0 0 0 0 0 0 0 0 0 0 0 0 0 0 0 0 0 0 0 0 0 0 0 0 0 0 0 0 0 0 0 0 0 0 0 0 0 0 0 0 0 0 0 0 0 0 0 0 0 0 0 0 0 0 0 0 0 0 0 0 0 0 0 0 0 0 0 0 0 0 0 0 0 0 0 0 0 0 0 0 0 0 0 0 0 0 0 0 0 0 0 0 0 0 0 0 0 0 0 0 0 0 0 0 0 0 0 0 0 0 0 0 0 0 0 0 0 0 0 0 0 0 0 0 0 0 0 0 0 0 0 0 0 0 0 0 0 0 0 0 0 0 0 0 0 0 0 0 0 0 0 0 0 0 0 0 0 0 0 0 0 0 0 0 0 0 0 0 0 0 0 0 0 0 0 0 0 0 0 0 0 0 0 0 0 0 0 0 0 0 0 0 0 0 0 0 0 0 0 0 0 0 0 0 0 0 0 0 0 0 0 0 0 0 0 0 0 0 0 0 0 0 0 0 0 0 0 0 0 0 0 0 0 0 0 0 0 0 0 0 0 0 0 0 0 0 0 0 0 0 0 0 0 0 0 0 0 0
ctxt 2073861306
btime 1790630938
processes 155132
procs_running 21
procs_blocked 0
softirq 1747405916 73526 3752055 2751551 1687001136 180264 0 13554654 24218009 410 15874311
