Running 10s test @ http://127.0.0.1:18500/
  16 threads and 32 connections
  Thread Stats   Avg      Stdev     Max   +/- Stdev
    Latency   142.39us   33.56us   0.93ms   93.38%
    Req/Sec    14.07k     1.66k   15.17k    79.83%
  Latency Distribution
     50%  133.00us
     75%  135.00us
     90%  138.00us
     99%  270.00us
  2261657 requests in 10.10s, 228.63MB read
Requests/sec: 223929.72
Transfer/sec:     22.64MB
## server-stat
cpu  1512523 568 764362 13228354 33958 0 285810 0 0 0
cpu0 48453 11 22092 419087 838 0 9333 0 0 0
cpu1 48952 13 21881 420832 642 0 8799 0 0 0
cpu2 49323 10 21707 421107 406 0 8705 0 0 0
cpu3 52304 13 22901 415280 1209 0 9567 0 0 0
cpu4 51962 13 22392 416888 734 0 9346 0 0 0
cpu5 50194 12 21792 420139 384 0 8713 0 0 0
cpu6 49465 10 21696 420986 376 0 8683 0 0 0
cpu7 48160 9 21432 422582 248 0 8477 0 0 0
cpu8 35838 16 24383 421196 1118 0 5964 0 0 0
cpu9 40408 19 25320 413008 2458 0 6318 0 0 0
cpu10 39322 17 25103 415890 1280 0 6384 0 0 0
cpu11 36876 15 24092 421892 727 0 5988 0 0 0
cpu12 56864 87 26039 396264 3258 0 6604 0 0 0
cpu13 55533 19 26275 397814 2699 0 6734 0 0 0
cpu14 36404 13 23660 424367 892 0 5837 0 0 0
cpu15 34323 14 22140 429411 721 0 5303 0 0 0
cpu16 53839 8 22784 415485 383 0 8992 0 0 0
cpu17 53928 9 22889 414217 1300 0 9039 0 0 0
cpu18 53667 9 22753 415629 302 0 8931 0 0 0
cpu19 56021 11 23549 411418 710 0 9443 0 0 0
cpu20 57120 12 23803 409973 750 0 9735 0 0 0
cpu21 53662 9 22759 415035 625 0 9000 0 0 0
cpu22 52291 10 22636 415401 360 0 8879 0 0 0
cpu23 50493 12 22265 418822 344 0 8740 0 0 0
cpu24 39519 18 24835 419315 972 0 6508 0 0 0
cpu25 42873 21 26871 409333 1781 0 7556 0 0 0
cpu26 41655 19 26449 411907 1344 0 7353 0 0 0
cpu27 35533 10 23571 410854 1160 0 14250 0 0 0
cpu28 55953 29 28250 380071 2094 0 17993 0 0 0
cpu29 58569 68 28848 375591 2108 0 18203 0 0 0
cpu30 34766 11 24106 409649 910 0 14005 0 0 0
cpu31 38239 11 25076 418898 807 0 6417 0 0 0
intr 1442510338 126 0 0 0 0 0 0 0 0 1 0 0 0 0 0 0 0 0 0 0 0 0 0 0 0 0 0 1 1 1 0 0 0 0 1 0 1 0 0 75045 0 0 0 0 0 0 0 0 411 0 0 0 0 0 0 0 0 87 0 0 0 0 0 0 0 0 0 0 0 0 0 0 0 163942 2 34990246 34929119 34856203 34991137 0 4229 2422 2961 1596 3115 2666 2083 2574 1507 10610 18836 10627 8512 13532 15182 11399 7634 2714 1808 1539 2386 2273 1974 1674 1665 9151 7653 5510 5930 6756 6098 6348 8099 0 0 0 0 616344 3155 1036 0 264 0 0 0 0 0 0 0 0 0 0 0 0 0 0 0 0 0 0 0 0 0 0 0 0 0 0 0 0 0 0 0 0 0 0 0 0 0 0 0 0 0 0 0 0 0 0 0 0 0 0 0 0 0 0 0 0 0 0 0 0 0 0 0 0 0 0 0 0 0 0 0 0 0 0 0 0 0 0 0 0 0 0 0 0 0 0 0 0 0 0 0 0 0 0 0 0 0 0 0 0 0 0 0 0 0 0 0 0 0 0 0 0 0 0 0 0 0 0 0 0 0 0 0 0 0 0 0 0 0 0 0 0 0 0 0 0 0 0 0 0 0 0 0 0 0 0 0 0 0 0 0 0 0 0 0 0 0 0 0 0 0 0 0 0 0 0 0 0 0 0 0 0 0 0 0 0 0 0 0 0 0 0 0 0 0 0 0 0 0 0 0 0 0 0 0 0 0 0 0 0 0 0 0 0 0 0 0 0 0 0 0 0 0 0 0 0 0 0 0 0 0 0 0 0 0 0 0 0 0 0 0 0 0 0 0 0 0 0 0 0 0 0 0 0 0 0 0 0 0 0 0 0 0 0 0 0 0 0 0 0 0 0 0 0 0 0 0 0 0 0 0 0 0 0 0 0 0 0 0 0 0 0 0 0 0 0 0 0 0 0 0 0 0 0 0 0 0 0 0 0 0 0 0 0 0 0 0 0 0 0 0 0 0 0 0 0 0 0 0 0 0 0 0 0 0 0 0 0 0 0 0 0 0 0 0 0 0 0 0 0 0 0 0 0 0 0 0 0 0 0 0 0 0 0 0 0 0 0 0 0 0 0 0 0 0 0 0 0 0 0 0 0 0 0 0 0 0 0 0 0 0 0 0 0 0 0 0 0 0 0 0 0 0 0 0 0 0 0 0 0 0 0 0 0 0 0 0 0 0 0 0 0 0 0 0 0 0 0 0 0 0 0 0 0 0 0 0 0 0 0 0 0 0 0 0 0 0 0 0 0 0 0 0 0 0 0 0 0 0 0 0 0 0 0 0 0 0 0 0 0 0 0 0 0 0 0 0 0 0 0 0 0 0 0 0 0 0 0 0 0 0 0 0 0 0 0 0 0 0 0 0 0 0 0 0 0 0 0 0 0 0 0 0 0 0 0 0 0 0 0 0 0 0 0 0 0 0 0 0 0 0 0 0 0 0 0 0 0 0 0 0 0 0 0 0 0 0 0 0 0 0 0 0 0 0 0 0 0 0 0 0 0 0 0 0 0 0 0 0 0 0 0 0 0 0 0 0 0 0 0 0 0 0 0 0 0 0 0 0 0 0 0 0 0 0 0 0 0 0 0 0 0 0 0 0 0 0 0 0 0 0 0 0 0 0 0 0 0 0 0 0 0 0 0 0 0 0 0 0 0 0 0 0 0 0 0 0 0 0 0 0 0 0 0 0 0 0 0 0 0 0 0 0 0 0 0 0 0 0 0 0 0 0 0 0 0 0 0 0 0 0 0 0 0 0 0 0 0 0 0 0 0 0 0 0 0 0 0 0 0 0 0 0 0 0 0 0 0 0 0 0 0 0 0 0 0 0 0 0 0 0 0 0 0 0 0 0 0 0 0 0 0 0 0 0 0 0 0 0 0 0 0 0 0 0 0 0 0 0 0 0 0 0 0 0 0 0 0 0 0 0 0 0 0 0 0 0 0 0 0 0 0 0 0 0 0 0 0 0 0 0 0 0 0 0 0 0 0 0 0 0 0 0 0 0 0 0 0 0 0 0 0 0 0 0 0 0 0 0 0 0 0 0 0 0 0 0 0 0 0 0 0 0 0 0 0 0 0 0 0 0 0 0 0 0 0 0 0 0 0 0 0 0 0 0 0 0 0 0 0 0 0 0 0 0 0 0 0 0 0 0 0 0 0 0 0 0 0 0 0 0 0 0 0 0 0 0 0 0 0 0 0 0 0 0 0 0 0 0 0 0 0 0 0 0 0 0 0 0 0 0 0 0 0 0 0 0 0 0 0 0 0 0 0 0 0 0 0 0 0 0 0 0 0 0 0 0 0 0 0 0 0 0 0 0 0 0 0 0 0 0 0 0 0 0 0 0 0 0 0 0 0 0 0 0 0 0 0 0 0 0 0 0 0 0 0 0 0 0 0 0 0 0 0 0 0 0 0 0 0 0 0 0 0 0 0 0 0 0 0 0 0 0 0 0 0 0 0 0 0 0 0 0 0 0 0 0 0 0 0 0 0 0 0 0 0 0 0 0 0 0 0 0 0 0 0 0 0 0 0 0 0 0 0 0 0 0 0 0 0 0 0 0 0 0 0 0 0 0 0 0 0 0 0 0 0 0 0 0 0 0 0 0 0 0 0 0 0 0 0 0 0 0 0 0 0 0 0 0 0 0 0 0 0 0 0 0 0 0 0 0 0 0 0 0 0 0 0 0 0 0 0 0 0 0 0 0 0 0 0 0 0 0 0 0 0 0 0 0 0 0 0
ctxt 1859858656
btime 1790630938
processes 145896
procs_running 5
procs_blocked 0
softirq 1529860871 73526 3515976 2751490 1471726374 170636 0 13554402 23119139 410 14948918
--
cpu  1513367 569 764806 13251118 33960 0 286265 0 0 0
cpu0 48457 11 22093 419872 838 0 9335 0 0 0
cpu1 48952 13 21881 421631 642 0 8799 0 0 0
cpu2 49323 10 21708 421906 406 0 8705 0 0 0
cpu3 52696 13 23092 415280 1209 0 9784 0 0 0
cpu4 52034 13 22429 417538 734 0 9387 0 0 0
cpu5 50194 12 21792 420938 384 0 8713 0 0 0
cpu6 49465 10 21696 421785 376 0 8683 0 0 0
cpu7 48160 9 21432 423381 248 0 8477 0 0 0
cpu8 35839 16 24384 421951 1118 0 5965 0 0 0
cpu9 40410 19 25325 413705 2459 0 6320 0 0 0
cpu10 39325 17 25106 416582 1281 0 6385 0 0 0
cpu11 36877 15 24094 422613 727 0 5988 0 0 0
cpu12 56870 87 26049 396916 3258 0 6606 0 0 0
cpu13 55544 19 26285 398464 2699 0 6737 0 0 0
cpu14 36407 13 23664 425075 892 0 5837 0 0 0
cpu15 34325 14 22142 430146 721 0 5303 0 0 0
cpu16 53840 8 22785 416281 383 0 8992 0 0 0
cpu17 53928 9 22889 415016 1300 0 9039 0 0 0
cpu18 53667 9 22753 416429 302 0 8931 0 0 0
cpu19 56021 11 23549 412218 710 0 9443 0 0 0
cpu20 57436 12 23952 410132 750 0 9911 0 0 0
cpu21 53662 9 22759 415835 625 0 9000 0 0 0
cpu22 52291 10 22636 416200 360 0 8879 0 0 0
cpu23 50493 12 22265 419622 344 0 8740 0 0 0
cpu24 39522 18 24837 420055 972 0 6509 0 0 0
cpu25 42886 21 26876 410051 1781 0 7557 0 0 0
cpu26 41658 19 26453 412660 1344 0 7354 0 0 0
cpu27 35534 10 23573 411620 1160 0 14250 0 0 0
cpu28 55955 29 28257 380766 2094 0 17995 0 0 0
cpu29 58578 68 28853 376317 2109 0 18205 0 0 0
cpu30 34767 11 24107 410426 910 0 14006 0 0 0
cpu31 38240 11 25077 419691 807 0 6417 0 0 0
intr 1444278989 126 0 0 0 0 0 0 0 0 1 0 0 0 0 0 0 0 0 0 0 0 0 0 0 0 0 0 1 1 1 0 0 0 0 1 0 1 0 0 75045 0 0 0 0 0 0 0 0 411 0 0 0 0 0 0 0 0 87 0 0 0 0 0 0 0 0 0 0 0 0 0 0 0 163942 2 34990289 34929140 34856223 34991143 0 4237 2422 2961 1596 3115 2666 2083 2574 1507 10610 18839 10630 8513 13532 15182 11399 7634 2715 1808 1539 2386 2273 1974 1674 1665 9152 7653 5510 5930 6756 6098 6348 8099 0 0 0 0 616344 3155 1036 0 264 0 0 0 0 0 0 0 0 0 0 0 0 0 0 0 0 0 0 0 0 0 0 0 0 0 0 0 0 0 0 0 0 0 0 0 0 0 0 0 0 0 0 0 0 0 0 0 0 0 0 0 0 0 0 0 0 0 0 0 0 0 0 0 0 0 0 0 0 0 0 0 0 0 0 0 0 0 0 0 0 0 0 0 0 0 0 0 0 0 0 0 0 0 0 0 0 0 0 0 0 0 0 0 0 0 0 0 0 0 0 0 0 0 0 0 0 0 0 0 0 0 0 0 0 0 0 0 0 0 0 0 0 0 0 0 0 0 0 0 0 0 0 0 0 0 0 0 0 0 0 0 0 0 0 0 0 0 0 0 0 0 0 0 0 0 0 0 0 0 0 0 0 0 0 0 0 0 0 0 0 0 0 0 0 0 0 0 0 0 0 0 0 0 0 0 0 0 0 0 0 0 0 0 0 0 0 0 0 0 0 0 0 0 0 0 0 0 0 0 0 0 0 0 0 0 0 0 0 0 0 0 0 0 0 0 0 0 0 0 0 0 0 0 0 0 0 0 0 0 0 0 0 0 0 0 0 0 0 0 0 0 0 0 0 0 0 0 0 0 0 0 0 0 0 0 0 0 0 0 0 0 0 0 0 0 0 0 0 0 0 0 0 0 0 0 0 0 0 0 0 0 0 0 0 0 0 0 0 0 0 0 0 0 0 0 0 0 0 0 0 0 0 0 0 0 0 0 0 0 0 0 0 0 0 0 0 0 0 0 0 0 0 0 0 0 0 0 0 0 0 0 0 0 0 0 0 0 0 0 0 0 0 0 0 0 0 0 0 0 0 0 0 0 0 0 0 0 0 0 0 0 0 0 0 0 0 0 0 0 0 0 0 0 0 0 0 0 0 0 0 0 0 0 0 0 0 0 0 0 0 0 0 0 0 0 0 0 0 0 0 0 0 0 0 0 0 0 0 0 0 0 0 0 0 0 0 0 0 0 0 0 0 0 0 0 0 0 0 0 0 0 0 0 0 0 0 0 0 0 0 0 0 0 0 0 0 0 0 0 0 0 0 0 0 0 0 0 0 0 0 0 0 0 0 0 0 0 0 0 0 0 0 0 0 0 0 0 0 0 0 0 0 0 0 0 0 0 0 0 0 0 0 0 0 0 0 0 0 0 0 0 0 0 0 0 0 0 0 0 0 0 0 0 0 0 0 0 0 0 0 0 0 0 0 0 0 0 0 0 0 0 0 0 0 0 0 0 0 0 0 0 0 0 0 0 0 0 0 0 0 0 0 0 0 0 0 0 0 0 0 0 0 0 0 0 0 0 0 0 0 0 0 0 0 0 0 0 0 0 0 0 0 0 0 0 0 0 0 0 0 0 0 0 0 0 0 0 0 0 0 0 0 0 0 0 0 0 0 0 0 0 0 0 0 0 0 0 0 0 0 0 0 0 0 0 0 0 0 0 0 0 0 0 0 0 0 0 0 0 0 0 0 0 0 0 0 0 0 0 0 0 0 0 0 0 0 0 0 0 0 0 0 0 0 0 0 0 0 0 0 0 0 0 0 0 0 0 0 0 0 0 0 0 0 0 0 0 0 0 0 0 0 0 0 0 0 0 0 0 0 0 0 0 0 0 0 0 0 0 0 0 0 0 0 0 0 0 0 0 0 0 0 0 0 0 0 0 0 0 0 0 0 0 0 0 0 0 0 0 0 0 0 0 0 0 0 0 0 0 0 0 0 0 0 0 0 0 0 0 0 0 0 0 0 0 0 0 0 0 0 0 0 0 0 0 0 0 0 0 0 0 0 0 0 0 0 0 0 0 0 0 0 0 0 0 0 0 0 0 0 0 0 0 0 0 0 0 0 0 0 0 0 0 0 0 0 0 0 0 0 0 0 0 0 0 0 0 0 0 0 0 0 0 0 0 0 0 0 0 0 0 0 0 0 0 0 0 0 0 0 0 0 0 0 0 0 0 0 0 0 0 0 0 0 0 0 0 0 0 0 0 0 0 0 0 0 0 0 0 0 0 0 0 0 0 0 0 0 0 0 0 0 0 0 0 0 0 0 0 0 0 0 0 0 0 0 0 0 0 0 0 0 0 0 0 0 0 0 0 0 0 0 0 0 0 0 0 0 0 0 0 0 0 0 0 0 0 0 0 0 0 0 0 0 0 0 0 0 0 0 0 0 0 0 0 0 0 0 0 0 0 0 0 0 0 0 0 0 0 0 0 0 0 0 0 0 0 0 0 0 0 0 0 0 0 0 0 0 0 0 0 0 0 0 0 0 0 0 0 0 0 0 0 0 0 0 0 0 0 0 0 0 0 0 0 0 0 0 0 0 0 0 0 0 0 0 0 0 0 0 0 0 0 0 0 0 0 0 0 0 0 0 0 0 0 0 0 0 0 0 0 0 0 0 0 0 0 0 0 0 0 0 0 0 0 0 0 0 0 0 0 0 0 0 0 0 0 0 0 0 0 0
ctxt 1863314921
btime 1790630938
processes 145967
procs_running 4
procs_blocked 0
softirq 1533467650 73526 3519161 2751490 1475309995 170644 0 13554402 23130627 410 14957395
