Running 10s test @ http://127.0.0.1:18500/wait
  16 threads and 1000 connections
  Thread Stats   Avg      Stdev     Max   +/- Stdev
    Latency    11.08ms  690.48us  15.81ms   69.07%
    Req/Sec     5.62k   126.22     5.95k    72.94%
  Latency Distribution
     50%   11.02ms
     75%   11.52ms
     90%   12.00ms
     99%   12.85ms
  895112 requests in 10.00s, 111.83MB read
Requests/sec:  89469.35
Transfer/sec:     11.18MB
## server-stat
cpu  2127288 859 1109544 22765136 42022 0 494745 0 0 0
cpu0 75773 16 31893 714549 976 0 15607 0 0 0
cpu1 78675 20 32627 713485 786 0 15672 0 0 0
cpu2 78666 17 32538 714313 461 0 15630 0 0 0
cpu3 95107 19 40210 682562 1280 0 22030 0 0 0
cpu4 98260 19 39523 681585 748 0 21630 0 0 0
cpu5 83033 19 33615 708364 510 0 16088 0 0 0
cpu6 83061 17 33807 707982 435 0 16725 0 0 0
cpu7 81484 15 34038 709394 267 0 16697 0 0 0
cpu8 37399 27 31662 739422 1316 0 9182 0 0 0
cpu9 42521 30 34058 724729 3174 0 9834 0 0 0
cpu10 41076 29 33051 730065 1500 0 9766 0 0 0
cpu11 38217 26 30777 741302 943 0 8937 0 0 0
cpu12 63583 101 35617 702299 3799 0 10420 0 0 0
cpu13 61560 34 36115 703199 3600 0 10643 0 0 0
cpu14 37809 24 30235 744578 1103 0 8706 0 0 0
cpu15 35504 27 27967 753014 936 0 7900 0 0 0
cpu16 93212 12 37390 691502 515 0 19545 0 0 0
cpu17 89301 13 36479 696043 1409 0 18723 0 0 0
cpu18 88166 13 36129 699037 320 0 18429 0 0 0
cpu19 107941 14 43448 664286 804 0 24939 0 0 0
cpu20 104226 16 42855 668955 867 0 24851 0 0 0
cpu21 85072 15 35342 702542 766 0 17992 0 0 0
cpu22 81234 17 34432 707286 479 0 17137 0 0 0
cpu23 77317 17 33222 714591 536 0 16202 0 0 0
cpu24 40959 30 31476 739744 1223 0 9562 0 0 0
cpu25 44959 34 34641 723912 2316 0 11252 0 0 0
cpu26 43432 29 33931 727949 1721 0 10907 0 0 0
cpu27 36918 20 30183 731044 1441 0 17359 0 0 0
cpu28 62034 49 38873 684278 2802 0 22637 0 0 0
cpu29 64892 86 40092 677401 2963 0 22980 0 0 0
cpu30 36251 20 31300 726942 1125 0 17181 0 0 0
cpu31 39631 19 32006 738767 886 0 9568 0 0 0
intr 2198670363 126 0 0 0 0 0 0 0 0 1 0 0 0 0 0 0 0 0 0 0 0 0 0 0 0 0 0 1 1 1 0 0 0 0 1 0 1 0 0 75045 0 0 0 0 0 0 0 0 411 0 0 0 0 0 0 0 0 87 0 0 0 0 0 0 0 0 0 0 0 0 0 0 0 233992 2 35008737 34945153 34874647 35009941 0 7053 2721 3214 1691 3334 2766 2243 2747 1670 11212 19812 11336 8829 14501 16201 11715 7869 2939 2043 1670 3081 2408 2208 1730 1711 9451 8629 5969 6431 7964 7298 6884 8434 0 0 0 0 616577 3562 1036 0 264 0 0 0 0 0 0 0 0 0 0 0 0 0 0 0 0 0 0 0 0 0 0 0 0 0 0 0 0 0 0 0 0 0 0 0 0 0 0 0 0 0 0 0 0 0 0 0 0 0 0 0 0 0 0 0 0 0 0 0 0 0 0 0 0 0 0 0 0 0 0 0 0 0 0 0 0 0 0 0 0 0 0 0 0 0 0 0 0 0 0 0 0 0 0 0 0 0 0 0 0 0 0 0 0 0 0 0 0 0 0 0 0 0 0 0 0 0 0 0 0 0 0 0 0 0 0 0 0 0 0 0 0 0 0 0 0 0 0 0 0 0 0 0 0 0 0 0 0 0 0 0 0 0 0 0 0 0 0 0 0 0 0 0 0 0 0 0 0 0 0 0 0 0 0 0 0 0 0 0 0 0 0 0 0 0 0 0 0 0 0 0 0 0 0 0 0 0 0 0 0 0 0 0 0 0 0 0 0 0 0 0 0 0 0 0 0 0 0 0 0 0 0 0 0 0 0 0 0 0 0 0 0 0 0 0 0 0 0 0 0 0 0 0 0 0 0 0 0 0 0 0 0 0 0 0 0 0 0 0 0 0 0 0 0 0 0 0 0 0 0 0 0 0 0 0 0 0 0 0 0 0 0 0 0 0 0 0 0 0 0 0 0 0 0 0 0 0 0 0 0 0 0 0 0 0 0 0 0 0 0 0 0 0 0 0 0 0 0 0 0 0 0 0 0 0 0 0 0 0 0 0 0 0 0 0 0 0 0 0 0 0 0 0 0 0 0 0 0 0 0 0 0 0 0 0 0 0 0 0 0 0 0 0 0 0 0 0 0 0 0 0 0 0 0 0 0 0 0 0 0 0 0 0 0 0 0 0 0 0 0 0 0 0 0 0 0 0 0 0 0 0 0 0 0 0 0 0 0 0 0 0 0 0 0 0 0 0 0 0 0 0 0 0 0 0 0 0 0 0 0 0 0 0 0 0 0 0 0 0 0 0 0 0 0 0 0 0 0 0 0 0 0 0 0 0 0 0 0 0 0 0 0 0 0 0 0 0 0 0 0 0 0 0 0 0 0 0 0 0 0 0 0 0 0 0 0 0 0 0 0 0 0 0 0 0 0 0 0 0 0 0 0 0 0 0 0 0 0 0 0 0 0 0 0 0 0 0 0 0 0 0 0 0 0 0 0 0 0 0 0 0 0 0 0 0 0 0 0 0 0 0 0 0 0 0 0 0 0 0 0 0 0 0 0 0 0 0 0 0 0 0 0 0 0 0 0 0 0 0 0 0 0 0 0 0 0 0 0 0 0 0 0 0 0 0 0 0 0 0 0 0 0 0 0 0 0 0 0 0 0 0 0 0 0 0 0 0 0 0 0 0 0 0 0 0 0 0 0 0 0 0 0 0 0 0 0 0 0 0 0 0 0 0 0 0 0 0 0 0 0 0 0 0 0 0 0 0 0 0 0 0 0 0 0 0 0 0 0 0 0 0 0 0 0 0 0 0 0 0 0 0 0 0 0 0 0 0 0 0 0 0 0 0 0 0 0 0 0 0 0 0 0 0 0 0 0 0 0 0 0 0 0 0 0 0 0 0 0 0 0 0 0 0 0 0 0 0 0 0 0 0 0 0 0 0 0 0 0 0 0 0 0 0 0 0 0 0 0 0 0 0 0 0 0 0 0 0 0 0 0 0 0 0 0 0 0 0 0 0 0 0 0 0 0 0 0 0 0 0 0 0 0 0 0 0 0 0 0 0 0 0 0 0 0 0 0 0 0 0 0 0 0 0 0 0 0 0 0 0 0 0 0 0 0 0 0 0 0 0 0 0 0 0 0 0 0 0 0 0 0 0 0 0 0 0 0 0 0 0 0 0 0 0 0 0 0 0 0 0 0 0 0 0 0 0 0 0 0 0 0 0 0 0 0 0 0 0 0 0 0 0 0 0 0 0 0 0 0 0 0 0 0 0 0 0 0 0 0 0 0 0 0 0 0 0 0 0 0 0 0 0 0 0 0 0 0 0 0 0 0 0 0 0 0 0 0 0 0 0 0 0 0 0 0 0 0 0 0 0 0 0 0 0 0 0 0 0 0 0 0 0 0 0 0 0 0 0 0 0 0 0 0 0 0 0 0 0 0 0 0 0 0 0 0 0 0 0 0 0 0 0 0 0 0 0 0 0 0 0 0 0 0 0 0 0 0 0 0 0 0 0 0 0 0 0 0 0 0 0 0 0 0 0 0 0 0 0 0 0 0 0 0 0 0 0 0 0 0 0 0 0 0 0 0 0 0 0 0 0 0 0 0 0 0 0 0 0 0 0 0 0 0 0 0 0 0 0 0 0 0 0 0 0 0 0 0 0 0 0 0 0 0 0 0 0 0 0 0 0 0 0 0 0 0 0 0 0 0 0 0 0 0 0 0 0 0 0 0 0 0 0 0 0 0 0 0 0 0 0 0 0 0 0 0 0 0 0 0 0 0 0 0
ctxt 3239305581
btime 1790630938
processes 225488
procs_running 5
procs_blocked 0
softirq 2816353430 73526 5559233 2751868 2737941193 244704 0 13556224 33518828 410 22707444
--
cpu  2127525 860 1109778 22789575 42040 0 494947 0 0 0
cpu0 75783 16 31903 715313 976 0 15617 0 0 0
cpu1 78677 20 32629 714262 801 0 15673 0 0 0
cpu2 78668 17 32540 715107 461 0 15631 0 0 0
cpu3 95155 19 40259 683216 1280 0 22076 0 0 0
cpu4 98306 19 39571 682248 748 0 21672 0 0 0
cpu5 83034 19 33616 709161 510 0 16089 0 0 0
cpu6 83061 17 33808 708779 435 0 16725 0 0 0
cpu7 81484 15 34038 710193 267 0 16698 0 0 0
cpu8 37400 27 31664 740192 1316 0 9184 0 0 0
cpu9 42531 30 34061 725484 3174 0 9837 0 0 0
cpu10 41079 29 33054 730825 1500 0 9768 0 0 0
cpu11 38218 26 30780 742069 943 0 8939 0 0 0
cpu12 63599 101 35622 703045 3800 0 10423 0 0 0
cpu13 61570 34 36120 703947 3600 0 10646 0 0 0
cpu14 37810 24 30237 745343 1103 0 8709 0 0 0
cpu15 35504 27 27970 753779 936 0 7903 0 0 0
cpu16 93212 12 37390 692301 515 0 19546 0 0 0
cpu17 89302 13 36480 696842 1409 0 18723 0 0 0
cpu18 88166 13 36129 699835 320 0 18429 0 0 0
cpu19 108012 14 43521 664878 804 0 25001 0 0 0
cpu20 104227 16 42855 669753 867 0 24852 0 0 0
cpu21 85072 15 35342 703341 766 0 17992 0 0 0
cpu22 81234 17 34432 708085 479 0 17137 0 0 0
cpu23 77318 17 33222 715390 536 0 16202 0 0 0
cpu24 40961 30 31478 740509 1223 0 9564 0 0 0
cpu25 44961 34 34643 724676 2316 0 11254 0 0 0
cpu26 43434 29 33933 728712 1723 0 10909 0 0 0
cpu27 36919 20 30184 731815 1441 0 17361 0 0 0
cpu28 62036 50 38877 685038 2802 0 22639 0 0 0
cpu29 64896 86 40095 678157 2964 0 22982 0 0 0
cpu30 36252 20 31303 727716 1125 0 17183 0 0 0
cpu31 39631 19 32008 739546 886 0 9569 0 0 0
intr 2199421620 126 0 0 0 0 0 0 0 0 1 0 0 0 0 0 0 0 0 0 0 0 0 0 0 0 0 0 1 1 1 0 0 0 0 1 0 1 0 0 75045 0 0 0 0 0 0 0 0 411 0 0 0 0 0 0 0 0 87 0 0 0 0 0 0 0 0 0 0 0 0 0 0 0 234105 2 35008748 34945185 34874657 35009965 0 7061 2724 3217 1691 3334 2767 2243 2747 1670 11212 19812 11336 8829 14501 16201 11715 7869 2939 2043 1670 3081 2409 2208 1730 1711 9451 8629 5969 6431 7964 7298 6884 8434 0 0 0 0 616577 3562 1036 0 264 0 0 0 0 0 0 0 0 0 0 0 0 0 0 0 0 0 0 0 0 0 0 0 0 0 0 0 0 0 0 0 0 0 0 0 0 0 0 0 0 0 0 0 0 0 0 0 0 0 0 0 0 0 0 0 0 0 0 0 0 0 0 0 0 0 0 0 0 0 0 0 0 0 0 0 0 0 0 0 0 0 0 0 0 0 0 0 0 0 0 0 0 0 0 0 0 0 0 0 0 0 0 0 0 0 0 0 0 0 0 0 0 0 0 0 0 0 0 0 0 0 0 0 0 0 0 0 0 0 0 0 0 0 0 0 0 0 0 0 0 0 0 0 0 0 0 0 0 0 0 0 0 0 0 0 0 0 0 0 0 0 0 0 0 0 0 0 0 0 0 0 0 0 0 0 0 0 0 0 0 0 0 0 0 0 0 0 0 0 0 0 0 0 0 0 0 0 0 0 0 0 0 0 0 0 0 0 0 0 0 0 0 0 0 0 0 0 0 0 0 0 0 0 0 0 0 0 0 0 0 0 0 0 0 0 0 0 0 0 0 0 0 0 0 0 0 0 0 0 0 0 0 0 0 0 0 0 0 0 0 0 0 0 0 0 0 0 0 0 0 0 0 0 0 0 0 0 0 0 0 0 0 0 0 0 0 0 0 0 0 0 0 0 0 0 0 0 0 0 0 0 0 0 0 0 0 0 0 0 0 0 0 0 0 0 0 0 0 0 0 0 0 0 0 0 0 0 0 0 0 0 0 0 0 0 0 0 0 0 0 0 0 0 0 0 0 0 0 0 0 0 0 0 0 0 0 0 0 0 0 0 0 0 0 0 0 0 0 0 0 0 0 0 0 0 0 0 0 0 0 0 0 0 0 0 0 0 0 0 0 0 0 0 0 0 0 0 0 0 0 0 0 0 0 0 0 0 0 0 0 0 0 0 0 0 0 0 0 0 0 0 0 0 0 0 0 0 0 0 0 0 0 0 0 0 0 0 0 0 0 0 0 0 0 0 0 0 0 0 0 0 0 0 0 0 0 0 0 0 0 0 0 0 0 0 0 0 0 0 0 0 0 0 0 0 0 0 0 0 0 0 0 0 0 0 0 0 0 0 0 0 0 0 0 0 0 0 0 0 0 0 0 0 0 0 0 0 0 0 0 0 0 0 0 0 0 0 0 0 0 0 0 0 0 0 0 0 0 0 0 0 0 0 0 0 0 0 0 0 0 0 0 0 0 0 0 0 0 0 0 0 0 0 0 0 0 0 0 0 0 0 0 0 0 0 0 0 0 0 0 0 0 0 0 0 0 0 0 0 0 0 0 0 0 0 0 0 0 0 0 0 0 0 0 0 0 0 0 0 0 0 0 0 0 0 0 0 0 0 0 0 0 0 0 0 0 0 0 0 0 0 0 0 0 0 0 0 0 0 0 0 0 0 0 0 0 0 0 0 0 0 0 0 0 0 0 0 0 0 0 0 0 0 0 0 0 0 0 0 0 0 0 0 0 0 0 0 0 0 0 0 0 0 0 0 0 0 0 0 0 0 0 0 0 0 0 0 0 0 0 0 0 0 0 0 0 0 0 0 0 0 0 0 0 0 0 0 0 0 0 0 0 0 0 0 0 0 0 0 0 0 0 0 0 0 0 0 0 0 0 0 0 0 0 0 0 0 0 0 0 0 0 0 0 0 0 0 0 0 0 0 0 0 0 0 0 0 0 0 0 0 0 0 0 0 0 0 0 0 0 0 0 0 0 0 0 0 0 0 0 0 0 0 0 0 0 0 0 0 0 0 0 0 0 0 0 0 0 0 0 0 0 0 0 0 0 0 0 0 0 0 0 0 0 0 0 0 0 0 0 0 0 0 0 0 0 0 0 0 0 0 0 0 0 0 0 0 0 0 0 0 0 0 0 0 0 0 0 0 0 0 0 0 0 0 0 0 0 0 0 0 0 0 0 0 0 0 0 0 0 0 0 0 0 0 0 0 0 0 0 0 0 0 0 0 0 0 0 0 0 0 0 0 0 0 0 0 0 0 0 0 0 0 0 0 0 0 0 0 0 0 0 0 0 0 0 0 0 0 0 0 0 0 0 0 0 0 0 0 0 0 0 0 0 0 0 0 0 0 0 0 0 0 0 0 0 0 0 0 0 0 0 0 0 0 0 0 0 0 0 0 0 0 0 0 0 0 0 0 0 0 0 0 0 0 0 0 0 0 0 0 0 0 0 0 0 0 0 0 0 0 0 0 0 0 0 0 0 0 0 0 0 0 0 0 0 0 0 0 0 0 0 0 0 0 0 0 0 0 0 0 0 0 0 0 0 0 0 0 0 0 0 0 0 0 0 0 0 0 0 0 0 0 0 0 0 0 0 0 0 0 0 0 0 0 0 0 0 0 0 0 0 0 0 0 0 0 0 0 0 0 0 0 0 0 0 0 0 0 0 0 0 0 0 0 0 0 0 0 0 0 0 0 0 0 0 0 0 0 0 0 0
ctxt 3240714393
btime 1790630938
processes 225557
procs_running 1
procs_blocked 0
softirq 2817816431 73526 5563047 2751868 2739377141 244826 0 13556224 33531579 410 22717810
