Running 10s test @ http://127.0.0.1:18500/wait
  16 threads and 32 connections
  Thread Stats   Avg      Stdev     Max   +/- Stdev
    Latency    10.38ms   77.39us  11.21ms   64.73%
    Req/Sec   193.34      8.30   202.00     53.81%
  Latency Distribution
     50%   10.40ms
     75%   10.44ms
     90%   10.45ms
     99%   10.55ms
  30818 requests in 10.01s, 3.73MB read
Requests/sec:   3079.43
Transfer/sec:    381.92KB
## server-stat
cpu  1552081 592 782251 14104880 34554 0 299941 0 0 0
cpu0 49913 11 22555 446917 839 0 9642 0 0 0
cpu1 50309 13 22329 448976 643 0 9073 0 0 0
cpu2 50621 10 22146 449388 406 0 8976 0 0 0
cpu3 56993 13 25352 436025 1209 0 11929 0 0 0
cpu4 56613 13 24611 438177 734 0 11451 0 0 0
cpu5 51445 13 22214 448493 385 0 8972 0 0 0
cpu6 50645 11 22101 449510 378 0 8936 0 0 0
cpu7 49242 9 21807 451303 249 0 8694 0 0 0
cpu8 35920 17 24546 450222 1124 0 6075 0 0 0
cpu9 40532 20 25569 440996 2517 0 6478 0 0 0
cpu10 39432 18 25328 444047 1302 0 6527 0 0 0
cpu11 36947 16 24258 450683 734 0 6093 0 0 0
cpu12 57264 88 26384 423523 3330 0 6821 0 0 0
cpu13 55975 20 26629 424814 2760 0 6973 0 0 0
cpu14 36483 14 23842 452929 921 0 5954 0 0 0
cpu15 34393 15 22275 458454 734 0 5388 0 0 0
cpu16 55378 8 23217 443514 385 0 9264 0 0 0
cpu17 55314 9 23316 442415 1301 0 9293 0 0 0
cpu18 54979 9 23152 443965 302 0 9172 0 0 0
cpu19 61967 11 25817 431435 710 0 11449 0 0 0
cpu20 63036 12 26282 429528 750 0 12034 0 0 0
cpu21 54942 9 23163 443397 626 0 9249 0 0 0
cpu22 53478 10 23027 443948 363 0 9112 0 0 0
cpu23 51616 12 22636 447542 345 0 8964 0 0 0
cpu24 39593 19 24996 448228 992 0 6612 0 0 0
cpu25 43003 22 27083 437734 1789 0 7708 0 0 0
cpu26 41751 20 26646 440571 1358 0 7501 0 0 0
cpu27 35597 11 23723 439982 1192 0 14348 0 0 0
cpu28 56521 31 28572 407806 2195 0 18205 0 0 0
cpu29 59020 69 29203 403216 2207 0 18416 0 0 0
cpu30 34838 12 24263 438722 945 0 14119 0 0 0
cpu31 38306 12 25197 448405 813 0 6501 0 0 0
intr 1508890959 126 0 0 0 0 0 0 0 0 1 0 0 0 0 0 0 0 0 0 0 0 0 0 0 0 0 0 1 1 1 0 0 0 0 1 0 1 0 0 75045 0 0 0 0 0 0 0 0 411 0 0 0 0 0 0 0 0 87 0 0 0 0 0 0 0 0 0 0 0 0 0 0 0 169465 2 34991904 34930045 34857476 34992278 0 4478 2427 2970 1597 3116 2672 2086 2575 1511 10615 18944 10650 8527 13666 15250 11434 7639 2720 1810 1544 2390 2273 1978 1675 1675 9161 7778 5545 6071 6889 6314 6412 8122 0 0 0 0 616364 3185 1036 0 264 0 0 0 0 0 0 0 0 0 0 0 0 0 0 0 0 0 0 0 0 0 0 0 0 0 0 0 0 0 0 0 0 0 0 0 0 0 0 0 0 0 0 0 0 0 0 0 0 0 0 0 0 0 0 0 0 0 0 0 0 0 0 0 0 0 0 0 0 0 0 0 0 0 0 0 0 0 0 0 0 0 0 0 0 0 0 0 0 0 0 0 0 0 0 0 0 0 0 0 0 0 0 0 0 0 0 0 0 0 0 0 0 0 0 0 0 0 0 0 0 0 0 0 0 0 0 0 0 0 0 0 0 0 0 0 0 0 0 0 0 0 0 0 0 0 0 0 0 0 0 0 0 0 0 0 0 0 0 0 0 0 0 0 0 0 0 0 0 0 0 0 0 0 0 0 0 0 0 0 0 0 0 0 0 0 0 0 0 0 0 0 0 0 0 0 0 0 0 0 0 0 0 0 0 0 0 0 0 0 0 0 0 0 0 0 0 0 0 0 0 0 0 0 0 0 0 0 0 0 0 0 0 0 0 0 0 0 0 0 0 0 0 0 0 0 0 0 0 0 0 0 0 0 0 0 0 0 0 0 0 0 0 0 0 0 0 0 0 0 0 0 0 0 0 0 0 0 0 0 0 0 0 0 0 0 0 0 0 0 0 0 0 0 0 0 0 0 0 0 0 0 0 0 0 0 0 0 0 0 0 0 0 0 0 0 0 0 0 0 0 0 0 0 0 0 0 0 0 0 0 0 0 0 0 0 0 0 0 0 0 0 0 0 0 0 0 0 0 0 0 0 0 0 0 0 0 0 0 0 0 0 0 0 0 0 0 0 0 0 0 0 0 0 0 0 0 0 0 0 0 0 0 0 0 0 0 0 0 0 0 0 0 0 0 0 0 0 0 0 0 0 0 0 0 0 0 0 0 0 0 0 0 0 0 0 0 0 0 0 0 0 0 0 0 0 0 0 0 0 0 0 0 0 0 0 0 0 0 0 0 0 0 0 0 0 0 0 0 0 0 0 0 0 0 0 0 0 0 0 0 0 0 0 0 0 0 0 0 0 0 0 0 0 0 0 0 0 0 0 0 0 0 0 0 0 0 0 0 0 0 0 0 0 0 0 0 0 0 0 0 0 0 0 0 0 0 0 0 0 0 0 0 0 0 0 0 0 0 0 0 0 0 0 0 0 0 0 0 0 0 0 0 0 0 0 0 0 0 0 0 0 0 0 0 0 0 0 0 0 0 0 0 0 0 0 0 0 0 0 0 0 0 0 0 0 0 0 0 0 0 0 0 0 0 0 0 0 0 0 0 0 0 0 0 0 0 0 0 0 0 0 0 0 0 0 0 0 0 0 0 0 0 0 0 0 0 0 0 0 0 0 0 0 0 0 0 0 0 0 0 0 0 0 0 0 0 0 0 0 0 0 0 0 0 0 0 0 0 0 0 0 0 0 0 0 0 0 0 0 0 0 0 0 0 0 0 0 0 0 0 0 0 0 0 0 0 0 0 0 0 0 0 0 0 0 0 0 0 0 0 0 0 0 0 0 0 0 0 0 0 0 0 0 0 0 0 0 0 0 0 0 0 0 0 0 0 0 0 0 0 0 0 0 0 0 0 0 0 0 0 0 0 0 0 0 0 0 0 0 0 0 0 0 0 0 0 0 0 0 0 0 0 0 0 0 0 0 0 0 0 0 0 0 0 0 0 0 0 0 0 0 0 0 0 0 0 0 0 0 0 0 0 0 0 0 0 0 0 0 0 0 0 0 0 0 0 0 0 0 0 0 0 0 0 0 0 0 0 0 0 0 0 0 0 0 0 0 0 0 0 0 0 0 0 0 0 0 0 0 0 0 0 0 0 0 0 0 0 0 0 0 0 0 0 0 0 0 0 0 0 0 0 0 0 0 0 0 0 0 0 0 0 0 0 0 0 0 0 0 0 0 0 0 0 0 0 0 0 0 0 0 0 0 0 0 0 0 0 0 0 0 0 0 0 0 0 0 0 0 0 0 0 0 0 0 0 0 0 0 0 0 0 0 0 0 0 0 0 0 0 0 0 0 0 0 0 0 0 0 0 0 0 0 0 0 0 0 0 0 0 0 0 0 0 0 0 0 0 0 0 0 0 0 0 0 0 0 0 0 0 0 0 0 0 0 0 0 0 0 0 0 0 0 0 0 0 0 0 0 0 0 0 0 0 0 0 0 0 0 0 0 0 0 0 0 0 0 0 0 0 0 0 0 0 0 0 0 0 0 0 0 0 0 0 0 0 0 0 0 0 0 0 0 0 0 0 0 0 0 0 0 0 0 0 0 0 0 0 0 0 0 0 0 0 0 0 0 0 0 0 0 0 0 0 0 0 0 0 0 0 0 0 0 0 0 0 0 0 0 0 0 0 0 0 0 0 0 0 0 0 0 0 0 0 0 0 0 0 0 0 0 0 0 0 0 0 0 0 0 0 0 0 0 0 0 0 0 0 0 0 0 0
ctxt 1978235375
btime 1790630938
processes 151884
procs_running 2
procs_blocked 0
softirq 1630549142 73526 3675146 2751532 1571122738 176503 0 13554573 23767791 410 15426923
--
cpu  1552165 593 782275 14130301 34585 0 299949 0 0 0
cpu0 49913 11 22555 447715 839 0 9642 0 0 0
cpu1 50310 13 22329 449775 643 0 9073 0 0 0
cpu2 50621 10 22146 450188 406 0 8976 0 0 0
cpu3 57007 13 25356 436804 1209 0 11931 0 0 0
cpu4 56613 13 24611 438976 734 0 11451 0 0 0
cpu5 51445 13 22214 449292 385 0 8972 0 0 0
cpu6 50645 11 22101 450309 378 0 8936 0 0 0
cpu7 49242 9 21807 452103 249 0 8694 0 0 0
cpu8 35920 17 24546 451021 1124 0 6075 0 0 0
cpu9 40534 20 25570 441789 2518 0 6478 0 0 0
cpu10 39432 18 25329 444829 1317 0 6527 0 0 0
cpu11 36947 16 24258 451480 734 0 6093 0 0 0
cpu12 57285 88 26386 424283 3344 0 6821 0 0 0
cpu13 56000 20 26632 425584 2760 0 6973 0 0 0
cpu14 36484 14 23842 453726 921 0 5955 0 0 0
cpu15 34393 15 22275 459252 734 0 5388 0 0 0
cpu16 55378 8 23217 444313 385 0 9264 0 0 0
cpu17 55314 9 23316 443214 1301 0 9293 0 0 0
cpu18 54979 9 23152 444765 302 0 9172 0 0 0
cpu19 61985 11 25823 432208 710 0 11452 0 0 0
cpu20 63037 12 26283 430327 750 0 12034 0 0 0
cpu21 54942 10 23163 444196 626 0 9249 0 0 0
cpu22 53478 10 23027 444747 363 0 9112 0 0 0
cpu23 51616 12 22636 448342 345 0 8964 0 0 0
cpu24 39593 19 24996 449025 992 0 6612 0 0 0
cpu25 43003 22 27084 438532 1789 0 7708 0 0 0
cpu26 41752 20 26646 441370 1359 0 7501 0 0 0
cpu27 35597 11 23723 440781 1192 0 14348 0 0 0
cpu28 56522 31 28573 408602 2195 0 18205 0 0 0
cpu29 59021 69 29204 404012 2207 0 18416 0 0 0
cpu30 34838 13 24263 439521 945 0 14119 0 0 0
cpu31 38306 12 25197 449204 813 0 6501 0 0 0
intr 1508965895 126 0 0 0 0 0 0 0 0 1 0 0 0 0 0 0 0 0 0 0 0 0 0 0 0 0 0 1 1 1 0 0 0 0 1 0 1 0 0 75045 0 0 0 0 0 0 0 0 411 0 0 0 0 0 0 0 0 87 0 0 0 0 0 0 0 0 0 0 0 0 0 0 0 169796 2 34991914 34930055 34857484 34992285 0 4486 2427 2970 1597 3116 2672 2086 2575 1511 10615 18944 10651 8527 13673 15250 11434 7639 2720 1810 1544 2390 2273 1978 1676 1675 9161 7778 5545 6071 6889 6314 6412 8122 0 0 0 0 616368 3185 1036 0 264 0 0 0 0 0 0 0 0 0 0 0 0 0 0 0 0 0 0 0 0 0 0 0 0 0 0 0 0 0 0 0 0 0 0 0 0 0 0 0 0 0 0 0 0 0 0 0 0 0 0 0 0 0 0 0 0 0 0 0 0 0 0 0 0 0 0 0 0 0 0 0 0 0 0 0 0 0 0 0 0 0 0 0 0 0 0 0 0 0 0 0 0 0 0 0 0 0 0 0 0 0 0 0 0 0 0 0 0 0 0 0 0 0 0 0 0 0 0 0 0 0 0 0 0 0 0 0 0 0 0 0 0 0 0 0 0 0 0 0 0 0 0 0 0 0 0 0 0 0 0 0 0 0 0 0 0 0 0 0 0 0 0 0 0 0 0 0 0 0 0 0 0 0 0 0 0 0 0 0 0 0 0 0 0 0 0 0 0 0 0 0 0 0 0 0 0 0 0 0 0 0 0 0 0 0 0 0 0 0 0 0 0 0 0 0 0 0 0 0 0 0 0 0 0 0 0 0 0 0 0 0 0 0 0 0 0 0 0 0 0 0 0 0 0 0 0 0 0 0 0 0 0 0 0 0 0 0 0 0 0 0 0 0 0 0 0 0 0 0 0 0 0 0 0 0 0 0 0 0 0 0 0 0 0 0 0 0 0 0 0 0 0 0 0 0 0 0 0 0 0 0 0 0 0 0 0 0 0 0 0 0 0 0 0 0 0 0 0 0 0 0 0 0 0 0 0 0 0 0 0 0 0 0 0 0 0 0 0 0 0 0 0 0 0 0 0 0 0 0 0 0 0 0 0 0 0 0 0 0 0 0 0 0 0 0 0 0 0 0 0 0 0 0 0 0 0 0 0 0 0 0 0 0 0 0 0 0 0 0 0 0 0 0 0 0 0 0 0 0 0 0 0 0 0 0 0 0 0 0 0 0 0 0 0 0 0 0 0 0 0 0 0 0 0 0 0 0 0 0 0 0 0 0 0 0 0 0 0 0 0 0 0 0 0 0 0 0 0 0 0 0 0 0 0 0 0 0 0 0 0 0 0 0 0 0 0 0 0 0 0 0 0 0 0 0 0 0 0 0 0 0 0 0 0 0 0 0 0 0 0 0 0 0 0 0 0 0 0 0 0 0 0 0 0 0 0 0 0 0 0 0 0 0 0 0 0 0 0 0 0 0 0 0 0 0 0 0 0 0 0 0 0 0 0 0 0 0 0 0 0 0 0 0 0 0 0 0 0 0 0 0 0 0 0 0 0 0 0 0 0 0 0 0 0 0 0 0 0 0 0 0 0 0 0 0 0 0 0 0 0 0 0 0 0 0 0 0 0 0 0 0 0 0 0 0 0 0 0 0 0 0 0 0 0 0 0 0 0 0 0 0 0 0 0 0 0 0 0 0 0 0 0 0 0 0 0 0 0 0 0 0 0 0 0 0 0 0 0 0 0 0 0 0 0 0 0 0 0 0 0 0 0 0 0 0 0 0 0 0 0 0 0 0 0 0 0 0 0 0 0 0 0 0 0 0 0 0 0 0 0 0 0 0 0 0 0 0 0 0 0 0 0 0 0 0 0 0 0 0 0 0 0 0 0 0 0 0 0 0 0 0 0 0 0 0 0 0 0 0 0 0 0 0 0 0 0 0 0 0 0 0 0 0 0 0 0 0 0 0 0 0 0 0 0 0 0 0 0 0 0 0 0 0 0 0 0 0 0 0 0 0 0 0 0 0 0 0 0 0 0 0 0 0 0 0 0 0 0 0 0 0 0 0 0 0 0 0 0 0 0 0 0 0 0 0 0 0 0 0 0 0 0 0 0 0 0 0 0 0 0 0 0 0 0 0 0 0 0 0 0 0 0 0 0 0 0 0 0 0 0 0 0 0 0 0 0 0 0 0 0 0 0 0 0 0 0 0 0 0 0 0 0 0 0 0 0 0 0 0 0 0 0 0 0 0 0 0 0 0 0 0 0 0 0 0 0 0 0 0 0 0 0 0 0 0 0 0 0 0 0 0 0 0 0 0 0 0 0 0 0 0 0 0 0 0 0 0 0 0 0 0 0 0 0 0 0 0 0 0 0 0 0 0 0 0 0 0 0 0 0 0 0 0 0 0 0 0 0 0 0 0 0 0 0 0 0 0 0 0 0 0 0 0 0 0 0 0 0 0 0 0 0 0 0 0 0 0 0 0 0 0 0 0 0 0 0 0 0 0 0 0 0 0 0 0 0 0 0 0 0 0 0 0 0 0 0 0 0 0 0 0 0 0 0 0 0 0 0 0 0 0 0 0 0 0 0 0 0 0 0 0 0 0 0 0 0 0 0 0 0 0 0 0 0 0 0 0 0 0 0 0 0 0 0 0 0 0 0 0 0 0 0 0 0 0 0 0 0 0 0 0 0 0 0 0 0 0 0 0 0 0 0 0 0 0 0 0 0 0 0 0 0 0 0 0 0 0 0 0 0 0 0 0 0 0 0 0 0 0 0 0 0
ctxt 1978349098
btime 1790630938
processes 151948
procs_running 1
procs_blocked 0
softirq 1630610678 73526 3677614 2751532 1571172142 176849 0 13554573 23772702 410 15431330
