Running 10s test @ http://127.0.0.1:18500/page
  16 threads and 32 connections
  Thread Stats   Avg      Stdev     Max   +/- Stdev
    Latency   545.35us   35.80us   0.98ms   70.27%
    Req/Sec     3.68k   204.25     4.53k    32.42%
  Latency Distribution
     50%  521.00us
     75%  580.00us
     90%  583.00us
     99%  589.00us
  591017 requests in 10.10s, 5.68GB read
Requests/sec:  58516.79
Transfer/sec:    575.92MB
## server-stat
cpu  1510540 567 763873 13182212 33932 0 285400 0 0 0
cpu0 48451 11 22090 417544 838 0 9332 0 0 0
cpu1 48951 13 21880 419272 642 0 8799 0 0 0
cpu2 49323 10 21707 419545 406 0 8705 0 0 0
cpu3 51379 13 22695 415039 1209 0 9376 0 0 0
cpu4 51705 13 22352 415650 734 0 9318 0 0 0
cpu5 50194 12 21792 418578 384 0 8713 0 0 0
cpu6 49464 10 21696 419424 376 0 8683 0 0 0
cpu7 48160 9 21431 421020 248 0 8477 0 0 0
cpu8 35836 16 24380 419678 1117 0 5963 0 0 0
cpu9 40404 18 25315 411568 2457 0 6316 0 0 0
cpu10 39320 17 25097 414453 1280 0 6382 0 0 0
cpu11 36873 15 24090 420396 727 0 5987 0 0 0
cpu12 56824 87 26028 394848 3255 0 6602 0 0 0
cpu13 55505 19 26265 396402 2693 0 6731 0 0 0
cpu14 36401 13 23655 422891 892 0 5836 0 0 0
cpu15 34320 13 22137 427920 721 0 5302 0 0 0
cpu16 53838 8 22783 413924 383 0 8992 0 0 0
cpu17 53927 9 22888 412659 1299 0 9038 0 0 0
cpu18 53665 9 22752 414069 302 0 8931 0 0 0
cpu19 56020 11 23548 409856 710 0 9443 0 0 0
cpu20 56463 12 23635 409409 750 0 9562 0 0 0
cpu21 53662 9 22759 413473 625 0 9000 0 0 0
cpu22 52291 10 22636 413839 360 0 8879 0 0 0
cpu23 50493 12 22264 417262 344 0 8740 0 0 0
cpu24 39516 18 24833 417812 966 0 6508 0 0 0
cpu25 42866 21 26867 407839 1773 0 7555 0 0 0
cpu26 41648 18 26447 410399 1344 0 7352 0 0 0
cpu27 35531 10 23568 409318 1160 0 14249 0 0 0
cpu28 55942 29 28246 378552 2094 0 17992 0 0 0
cpu29 58552 68 28843 374091 2108 0 18202 0 0 0
cpu30 34764 11 24103 408114 910 0 14005 0 0 0
cpu31 38237 11 25075 417353 807 0 6417 0 0 0
intr 1440946817 126 0 0 0 0 0 0 0 0 1 0 0 0 0 0 0 0 0 0 0 0 0 0 0 0 0 0 1 1 1 0 0 0 0 1 0 1 0 0 75045 0 0 0 0 0 0 0 0 411 0 0 0 0 0 0 0 0 87 0 0 0 0 0 0 0 0 0 0 0 0 0 0 0 163711 2 34990141 34929023 34856135 34991054 0 4217 2422 2961 1596 3115 2666 2083 2574 1507 10609 18812 10618 8512 13532 15181 11399 7634 2714 1808 1539 2386 2273 1974 1674 1665 9151 7652 5510 5929 6756 6097 6348 8099 0 0 0 0 616344 3145 1036 0 264 0 0 0 0 0 0 0 0 0 0 0 0 0 0 0 0 0 0 0 0 0 0 0 0 0 0 0 0 0 0 0 0 0 0 0 0 0 0 0 0 0 0 0 0 0 0 0 0 0 0 0 0 0 0 0 0 0 0 0 0 0 0 0 0 0 0 0 0 0 0 0 0 0 0 0 0 0 0 0 0 0 0 0 0 0 0 0 0 0 0 0 0 0 0 0 0 0 0 0 0 0 0 0 0 0 0 0 0 0 0 0 0 0 0 0 0 0 0 0 0 0 0 0 0 0 0 0 0 0 0 0 0 0 0 0 0 0 0 0 0 0 0 0 0 0 0 0 0 0 0 0 0 0 0 0 0 0 0 0 0 0 0 0 0 0 0 0 0 0 0 0 0 0 0 0 0 0 0 0 0 0 0 0 0 0 0 0 0 0 0 0 0 0 0 0 0 0 0 0 0 0 0 0 0 0 0 0 0 0 0 0 0 0 0 0 0 0 0 0 0 0 0 0 0 0 0 0 0 0 0 0 0 0 0 0 0 0 0 0 0 0 0 0 0 0 0 0 0 0 0 0 0 0 0 0 0 0 0 0 0 0 0 0 0 0 0 0 0 0 0 0 0 0 0 0 0 0 0 0 0 0 0 0 0 0 0 0 0 0 0 0 0 0 0 0 0 0 0 0 0 0 0 0 0 0 0 0 0 0 0 0 0 0 0 0 0 0 0 0 0 0 0 0 0 0 0 0 0 0 0 0 0 0 0 0 0 0 0 0 0 0 0 0 0 0 0 0 0 0 0 0 0 0 0 0 0 0 0 0 0 0 0 0 0 0 0 0 0 0 0 0 0 0 0 0 0 0 0 0 0 0 0 0 0 0 0 0 0 0 0 0 0 0 0 0 0 0 0 0 0 0 0 0 0 0 0 0 0 0 0 0 0 0 0 0 0 0 0 0 0 0 0 0 0 0 0 0 0 0 0 0 0 0 0 0 0 0 0 0 0 0 0 0 0 0 0 0 0 0 0 0 0 0 0 0 0 0 0 0 0 0 0 0 0 0 0 0 0 0 0 0 0 0 0 0 0 0 0 0 0 0 0 0 0 0 0 0 0 0 0 0 0 0 0 0 0 0 0 0 0 0 0 0 0 0 0 0 0 0 0 0 0 0 0 0 0 0 0 0 0 0 0 0 0 0 0 0 0 0 0 0 0 0 0 0 0 0 0 0 0 0 0 0 0 0 0 0 0 0 0 0 0 0 0 0 0 0 0 0 0 0 0 0 0 0 0 0 0 0 0 0 0 0 0 0 0 0 0 0 0 0 0 0 0 0 0 0 0 0 0 0 0 0 0 0 0 0 0 0 0 0 0 0 0 0 0 0 0 0 0 0 0 0 0 0 0 0 0 0 0 0 0 0 0 0 0 0 0 0 0 0 0 0 0 0 0 0 0 0 0 0 0 0 0 0 0 0 0 0 0 0 0 0 0 0 0 0 0 0 0 0 0 0 0 0 0 0 0 0 0 0 0 0 0 0 0 0 0 0 0 0 0 0 0 0 0 0 0 0 0 0 0 0 0 0 0 0 0 0 0 0 0 0 0 0 0 0 0 0 0 0 0 0 0 0 0 0 0 0 0 0 0 0 0 0 0 0 0 0 0 0 0 0 0 0 0 0 0 0 0 0 0 0 0 0 0 0 0 0 0 0 0 0 0 0 0 0 0 0 0 0 0 0 0 0 0 0 0 0 0 0 0 0 0 0 0 0 0 0 0 0 0 0 0 0 0 0 0 0 0 0 0 0 0 0 0 0 0 0 0 0 0 0 0 0 0 0 0 0 0 0 0 0 0 0 0 0 0 0 0 0 0 0 0 0 0 0 0 0 0 0 0 0 0 0 0 0 0 0 0 0 0 0 0 0 0 0 0 0 0 0 0 0 0 0 0 0 0 0 0 0 0 0 0 0 0 0 0 0 0 0 0 0 0 0 0 0 0 0 0 0 0 0 0 0 0 0 0 0 0 0 0 0 0 0 0 0 0 0 0 0 0 0 0 0 0 0 0 0 0 0 0 0 0 0 0 0 0 0 0 0 0 0 0 0 0 0 0 0 0 0 0 0 0 0 0 0 0 0 0 0 0 0 0 0 0 0 0 0 0 0 0 0 0 0 0 0 0 0 0 0 0 0 0 0 0 0 0 0 0 0 0 0 0 0 0 0 0 0 0 0 0 0 0 0 0 0 0 0 0 0 0 0 0 0 0 0 0 0 0 0 0 0 0 0 0 0 0 0 0 0 0 0 0 0 0 0 0 0 0 0 0 0 0 0 0 0 0 0 0 0 0 0 0 0 0 0 0 0 0 0 0 0 0 0 0 0 0 0 0 0 0 0 0 0 0 0 0 0 0 0 0 0 0 0 0 0 0 0 0 0 0 0 0 0 0 0 0 0 0 0 0 0 0 0 0 0 0 0 0 0 0 0 0 0 0 0 0 0 0 0 0
ctxt 1856926800
btime 1790630938
processes 145443
procs_running 4
procs_blocked 0
softirq 1526917517 73526 3510238 2751488 1468826672 170392 0 13554364 23098005 410 14932422
--
cpu  1511861 567 764081 13205769 33946 0 285548 0 0 0
cpu0 48451 11 22090 418335 838 0 9332 0 0 0
cpu1 48951 13 21880 420072 642 0 8799 0 0 0
cpu2 49323 10 21707 420345 406 0 8705 0 0 0
cpu3 52016 13 22789 415039 1209 0 9445 0 0 0
cpu4 51961 13 22391 416127 734 0 9346 0 0 0
cpu5 50194 12 21792 419377 384 0 8713 0 0 0
cpu6 49464 10 21696 420224 376 0 8683 0 0 0
cpu7 48160 9 21431 421820 248 0 8477 0 0 0
cpu8 35837 16 24381 420459 1118 0 5963 0 0 0
cpu9 40406 19 25316 412310 2458 0 6317 0 0 0
cpu10 39321 17 25099 415195 1280 0 6383 0 0 0
cpu11 36874 15 24091 421171 727 0 5987 0 0 0
cpu12 56848 87 26034 395592 3255 0 6603 0 0 0
cpu13 55515 19 26269 397137 2698 0 6732 0 0 0
cpu14 36402 13 23657 423651 892 0 5836 0 0 0
cpu15 34321 14 22138 428684 721 0 5303 0 0 0
cpu16 53838 8 22783 414723 383 0 8992 0 0 0
cpu17 53927 9 22888 413458 1299 0 9038 0 0 0
cpu18 53665 9 22752 414869 302 0 8931 0 0 0
cpu19 56020 11 23548 410656 710 0 9443 0 0 0
cpu20 56838 12 23691 409731 750 0 9608 0 0 0
cpu21 53662 9 22759 414273 625 0 9000 0 0 0
cpu22 52291 10 22636 414638 360 0 8879 0 0 0
cpu23 50493 12 22264 418062 344 0 8740 0 0 0
cpu24 39517 18 24834 418588 966 0 6508 0 0 0
cpu25 42869 21 26868 408622 1781 0 7555 0 0 0
cpu26 41652 18 26447 411179 1344 0 7353 0 0 0
cpu27 35531 10 23568 410114 1160 0 14249 0 0 0
cpu28 55944 29 28246 379350 2094 0 17992 0 0 0
cpu29 58555 68 28843 374888 2108 0 18202 0 0 0
cpu30 34764 11 24103 408913 910 0 14005 0 0 0
cpu31 38237 11 25075 418151 807 0 6417 0 0 0
intr 1441494899 126 0 0 0 0 0 0 0 0 1 0 0 0 0 0 0 0 0 0 0 0 0 0 0 0 0 0 1 1 1 0 0 0 0 1 0 1 0 0 75045 0 0 0 0 0 0 0 0 411 0 0 0 0 0 0 0 0 87 0 0 0 0 0 0 0 0 0 0 0 0 0 0 0 163825 2 34990183 34929040 34856151 34991060 0 4225 2422 2961 1596 3115 2666 2083 2574 1507 10610 18833 10624 8512 13532 15182 11399 7634 2714 1808 1539 2386 2273 1974 1674 1665 9151 7652 5510 5929 6756 6097 6348 8099 0 0 0 0 616344 3155 1036 0 264 0 0 0 0 0 0 0 0 0 0 0 0 0 0 0 0 0 0 0 0 0 0 0 0 0 0 0 0 0 0 0 0 0 0 0 0 0 0 0 0 0 0 0 0 0 0 0 0 0 0 0 0 0 0 0 0 0 0 0 0 0 0 0 0 0 0 0 0 0 0 0 0 0 0 0 0 0 0 0 0 0 0 0 0 0 0 0 0 0 0 0 0 0 0 0 0 0 0 0 0 0 0 0 0 0 0 0 0 0 0 0 0 0 0 0 0 0 0 0 0 0 0 0 0 0 0 0 0 0 0 0 0 0 0 0 0 0 0 0 0 0 0 0 0 0 0 0 0 0 0 0 0 0 0 0 0 0 0 0 0 0 0 0 0 0 0 0 0 0 0 0 0 0 0 0 0 0 0 0 0 0 0 0 0 0 0 0 0 0 0 0 0 0 0 0 0 0 0 0 0 0 0 0 0 0 0 0 0 0 0 0 0 0 0 0 0 0 0 0 0 0 0 0 0 0 0 0 0 0 0 0 0 0 0 0 0 0 0 0 0 0 0 0 0 0 0 0 0 0 0 0 0 0 0 0 0 0 0 0 0 0 0 0 0 0 0 0 0 0 0 0 0 0 0 0 0 0 0 0 0 0 0 0 0 0 0 0 0 0 0 0 0 0 0 0 0 0 0 0 0 0 0 0 0 0 0 0 0 0 0 0 0 0 0 0 0 0 0 0 0 0 0 0 0 0 0 0 0 0 0 0 0 0 0 0 0 0 0 0 0 0 0 0 0 0 0 0 0 0 0 0 0 0 0 0 0 0 0 0 0 0 0 0 0 0 0 0 0 0 0 0 0 0 0 0 0 0 0 0 0 0 0 0 0 0 0 0 0 0 0 0 0 0 0 0 0 0 0 0 0 0 0 0 0 0 0 0 0 0 0 0 0 0 0 0 0 0 0 0 0 0 0 0 0 0 0 0 0 0 0 0 0 0 0 0 0 0 0 0 0 0 0 0 0 0 0 0 0 0 0 0 0 0 0 0 0 0 0 0 0 0 0 0 0 0 0 0 0 0 0 0 0 0 0 0 0 0 0 0 0 0 0 0 0 0 0 0 0 0 0 0 0 0 0 0 0 0 0 0 0 0 0 0 0 0 0 0 0 0 0 0 0 0 0 0 0 0 0 0 0 0 0 0 0 0 0 0 0 0 0 0 0 0 0 0 0 0 0 0 0 0 0 0 0 0 0 0 0 0 0 0 0 0 0 0 0 0 0 0 0 0 0 0 0 0 0 0 0 0 0 0 0 0 0 0 0 0 0 0 0 0 0 0 0 0 0 0 0 0 0 0 0 0 0 0 0 0 0 0 0 0 0 0 0 0 0 0 0 0 0 0 0 0 0 0 0 0 0 0 0 0 0 0 0 0 0 0 0 0 0 0 0 0 0 0 0 0 0 0 0 0 0 0 0 0 0 0 0 0 0 0 0 0 0 0 0 0 0 0 0 0 0 0 0 0 0 0 0 0 0 0 0 0 0 0 0 0 0 0 0 0 0 0 0 0 0 0 0 0 0 0 0 0 0 0 0 0 0 0 0 0 0 0 0 0 0 0 0 0 0 0 0 0 0 0 0 0 0 0 0 0 0 0 0 0 0 0 0 0 0 0 0 0 0 0 0 0 0 0 0 0 0 0 0 0 0 0 0 0 0 0 0 0 0 0 0 0 0 0 0 0 0 0 0 0 0 0 0 0 0 0 0 0 0 0 0 0 0 0 0 0 0 0 0 0 0 0 0 0 0 0 0 0 0 0 0 0 0 0 0 0 0 0 0 0 0 0 0 0 0 0 0 0 0 0 0 0 0 0 0 0 0 0 0 0 0 0 0 0 0 0 0 0 0 0 0 0 0 0 0 0 0 0 0 0 0 0 0 0 0 0 0 0 0 0 0 0 0 0 0 0 0 0 0 0 0 0 0 0 0 0 0 0 0 0 0 0 0 0 0 0 0 0 0 0 0 0 0 0 0 0 0 0 0 0 0 0 0 0 0 0 0 0 0 0 0 0 0 0 0 0 0 0 0 0 0 0 0 0 0 0 0 0 0 0 0 0 0 0 0 0 0 0 0 0 0 0 0 0 0 0 0 0 0 0 0 0 0 0 0 0 0 0 0 0 0 0 0 0 0 0 0 0 0 0 0 0 0 0 0 0 0 0 0 0 0 0 0 0 0 0 0 0 0 0 0 0 0 0 0 0 0 0 0 0 0 0 0 0 0 0 0 0 0 0 0 0 0 0 0 0 0 0 0 0 0 0 0 0 0 0 0 0 0 0 0 0 0 0 0 0 0 0 0 0 0 0 0 0 0 0 0 0 0 0 0 0 0 0 0 0 0 0 0 0 0 0 0 0 0 0 0 0 0 0 0 0 0 0 0 0 0 0 0 0 0 0 0 0 0 0 0 0 0 0 0 0 0 0 0 0 0 0 0 0 0 0 0 0 0 0 0
ctxt 1857913149
btime 1790630938
processes 145515
procs_running 3
procs_blocked 0
softirq 1527874879 73526 3513085 2751488 1469762852 170513 0 13554397 23108496 410 14940112
