Running 10s test @ http://127.0.0.1:18500/json
  16 threads and 32 connections
  Thread Stats   Avg      Stdev     Max   +/- Stdev
    Latency   145.25us   46.16us   0.88ms   64.86%
    Req/Sec    13.87k     2.36k   20.28k    66.21%
  Latency Distribution
     50%  170.00us
     75%  179.00us
     90%  183.00us
     99%  342.00us
  2229593 requests in 10.10s, 265.79MB read
Requests/sec: 220752.46
Transfer/sec:     26.32MB
## server-stat
cpu  1513949 570 765102 13266812 33974 0 286553 0 0 0
cpu0 48457 11 22093 420415 838 0 9336 0 0 0
cpu1 48952 13 21881 422181 642 0 8800 0 0 0
cpu2 49324 10 21708 422455 406 0 8705 0 0 0
cpu3 52840 13 23155 415545 1209 0 9861 0 0 0
cpu4 52236 13 22534 417679 734 0 9489 0 0 0
cpu5 50194 12 21792 421487 384 0 8713 0 0 0
cpu6 49465 10 21696 422334 376 0 8683 0 0 0
cpu7 48160 9 21432 423930 248 0 8477 0 0 0
cpu8 35841 16 24386 422474 1118 0 5966 0 0 0
cpu9 40411 19 25328 414189 2459 0 6321 0 0 0
cpu10 39328 17 25110 417055 1281 0 6386 0 0 0
cpu11 36879 15 24096 423115 727 0 5989 0 0 0
cpu12 56872 87 26055 397363 3259 0 6608 0 0 0
cpu13 55549 19 26291 398905 2704 0 6739 0 0 0
cpu14 36409 13 23666 425549 900 0 5838 0 0 0
cpu15 34326 14 22144 430648 721 0 5304 0 0 0
cpu16 53842 8 22786 416828 383 0 8992 0 0 0
cpu17 53929 9 22889 415565 1300 0 9039 0 0 0
cpu18 53667 9 22753 416977 302 0 8931 0 0 0
cpu19 56137 11 23607 412532 710 0 9505 0 0 0
cpu20 57490 12 23977 410571 750 0 9942 0 0 0
cpu21 53663 9 22759 416383 625 0 9000 0 0 0
cpu22 52291 10 22637 416748 361 0 8879 0 0 0
cpu23 50493 12 22265 420171 344 0 8740 0 0 0
cpu24 39524 18 24838 420575 972 0 6509 0 0 0
cpu25 42891 21 26878 410563 1781 0 7558 0 0 0
cpu26 41660 19 26454 413184 1344 0 7354 0 0 0
cpu27 35539 10 23574 412152 1160 0 14250 0 0 0
cpu28 55973 29 28260 381261 2094 0 17996 0 0 0
cpu29 58585 68 28857 376796 2109 0 18208 0 0 0
cpu30 34768 11 24109 410945 910 0 14006 0 0 0
cpu31 38242 11 25079 420219 807 0 6418 0 0 0
intr 1445440451 126 0 0 0 0 0 0 0 0 1 0 0 0 0 0 0 0 0 0 0 0 0 0 0 0 0 0 1 1 1 0 0 0 0 1 0 1 0 0 75045 0 0 0 0 0 0 0 0 411 0 0 0 0 0 0 0 0 87 0 0 0 0 0 0 0 0 0 0 0 0 0 0 0 164078 2 34990344 34929188 34856232 34991163 0 4241 2422 2961 1596 3115 2666 2083 2574 1507 10610 18840 10632 8513 13532 15182 11399 7634 2717 1808 1539 2386 2273 1974 1674 1665 9152 7653 5510 5930 6756 6098 6348 8099 0 0 0 0 616346 3155 1036 0 264 0 0 0 0 0 0 0 0 0 0 0 0 0 0 0 0 0 0 0 0 0 0 0 0 0 0 0 0 0 0 0 0 0 0 0 0 0 0 0 0 0 0 0 0 0 0 0 0 0 0 0 0 0 0 0 0 0 0 0 0 0 0 0 0 0 0 0 0 0 0 0 0 0 0 0 0 0 0 0 0 0 0 0 0 0 0 0 0 0 0 0 0 0 0 0 0 0 0 0 0 0 0 0 0 0 0 0 0 0 0 0 0 0 0 0 0 0 0 0 0 0 0 0 0 0 0 0 0 0 0 0 0 0 0 0 0 0 0 0 0 0 0 0 0 0 0 0 0 0 0 0 0 0 0 0 0 0 0 0 0 0 0 0 0 0 0 0 0 0 0 0 0 0 0 0 0 0 0 0 0 0 0 0 0 0 0 0 0 0 0 0 0 0 0 0 0 0 0 0 0 0 0 0 0 0 0 0 0 0 0 0 0 0 0 0 0 0 0 0 0 0 0 0 0 0 0 0 0 0 0 0 0 0 0 0 0 0 0 0 0 0 0 0 0 0 0 0 0 0 0 0 0 0 0 0 0 0 0 0 0 0 0 0 0 0 0 0 0 0 0 0 0 0 0 0 0 0 0 0 0 0 0 0 0 0 0 0 0 0 0 0 0 0 0 0 0 0 0 0 0 0 0 0 0 0 0 0 0 0 0 0 0 0 0 0 0 0 0 0 0 0 0 0 0 0 0 0 0 0 0 0 0 0 0 0 0 0 0 0 0 0 0 0 0 0 0 0 0 0 0 0 0 0 0 0 0 0 0 0 0 0 0 0 0 0 0 0 0 0 0 0 0 0 0 0 0 0 0 0 0 0 0 0 0 0 0 0 0 0 0 0 0 0 0 0 0 0 0 0 0 0 0 0 0 0 0 0 0 0 0 0 0 0 0 0 0 0 0 0 0 0 0 0 0 0 0 0 0 0 0 0 0 0 0 0 0 0 0 0 0 0 0 0 0 0 0 0 0 0 0 0 0 0 0 0 0 0 0 0 0 0 0 0 0 0 0 0 0 0 0 0 0 0 0 0 0 0 0 0 0 0 0 0 0 0 0 0 0 0 0 0 0 0 0 0 0 0 0 0 0 0 0 0 0 0 0 0 0 0 0 0 0 0 0 0 0 0 0 0 0 0 0 0 0 0 0 0 0 0 0 0 0 0 0 0 0 0 0 0 0 0 0 0 0 0 0 0 0 0 0 0 0 0 0 0 0 0 0 0 0 0 0 0 0 0 0 0 0 0 0 0 0 0 0 0 0 0 0 0 0 0 0 0 0 0 0 0 0 0 0 0 0 0 0 0 0 0 0 0 0 0 0 0 0 0 0 0 0 0 0 0 0 0 0 0 0 0 0 0 0 0 0 0 0 0 0 0 0 0 0 0 0 0 0 0 0 0 0 0 0 0 0 0 0 0 0 0 0 0 0 0 0 0 0 0 0 0 0 0 0 0 0 0 0 0 0 0 0 0 0 0 0 0 0 0 0 0 0 0 0 0 0 0 0 0 0 0 0 0 0 0 0 0 0 0 0 0 0 0 0 0 0 0 0 0 0 0 0 0 0 0 0 0 0 0 0 0 0 0 0 0 0 0 0 0 0 0 0 0 0 0 0 0 0 0 0 0 0 0 0 0 0 0 0 0 0 0 0 0 0 0 0 0 0 0 0 0 0 0 0 0 0 0 0 0 0 0 0 0 0 0 0 0 0 0 0 0 0 0 0 0 0 0 0 0 0 0 0 0 0 0 0 0 0 0 0 0 0 0 0 0 0 0 0 0 0 0 0 0 0 0 0 0 0 0 0 0 0 0 0 0 0 0 0 0 0 0 0 0 0 0 0 0 0 0 0 0 0 0 0 0 0 0 0 0 0 0 0 0 0 0 0 0 0 0 0 0 0 0 0 0 0 0 0 0 0 0 0 0 0 0 0 0 0 0 0 0 0 0 0 0 0 0 0 0 0 0 0 0 0 0 0 0 0 0 0 0 0 0 0 0 0 0 0 0 0 0 0 0 0 0 0 0 0 0 0 0 0 0 0 0 0 0 0 0 0 0 0 0 0 0 0 0 0 0 0 0 0 0 0 0 0 0 0 0 0 0 0 0 0 0 0 0 0 0 0 0 0 0 0 0 0 0 0 0 0 0 0 0 0 0 0 0 0 0 0 0 0 0 0 0 0 0 0 0 0 0 0 0 0 0 0 0 0 0 0 0 0 0 0 0 0 0 0 0 0 0 0 0 0 0 0 0 0 0 0 0 0 0 0 0 0 0 0 0 0 0 0 0 0 0 0 0 0 0 0 0 0 0 0 0 0 0 0 0 0 0 0 0 0 0 0 0 0 0 0 0 0 0 0 0 0 0 0 0 0 0 0 0 0 0 0 0 0 0 0 0 0 0 0 0 0 0 0 0 0 0 0 0 0 0 0 0 0 0 0 0 0 0 0 0 0
ctxt 1865575287
btime 1790630938
processes 146114
procs_running 5
procs_blocked 0
softirq 1535785726 73526 3521461 2751493 1477611190 170786 0 13554404 23138807 410 14963649
--
cpu  1514807 570 765536 13289550 33985 0 287009 0 0 0
cpu0 48458 11 22093 421205 838 0 9336 0 0 0
cpu1 48952 13 21882 422979 642 0 8800 0 0 0
cpu2 49324 10 21708 423254 406 0 8705 0 0 0
cpu3 53187 13 23315 415646 1209 0 10054 0 0 0
cpu4 52260 13 22543 418432 734 0 9501 0 0 0
cpu5 50195 12 21793 422286 384 0 8714 0 0 0
cpu6 49465 10 21696 423134 376 0 8683 0 0 0
cpu7 48161 9 21432 424730 248 0 8477 0 0 0
cpu8 35844 16 24388 423237 1118 0 5967 0 0 0
cpu9 40412 19 25332 414891 2459 0 6322 0 0 0
cpu10 39330 18 25115 417756 1281 0 6388 0 0 0
cpu11 36879 15 24097 423853 727 0 5989 0 0 0
cpu12 56880 87 26063 398031 3259 0 6611 0 0 0
cpu13 55558 19 26299 399561 2714 0 6744 0 0 0
cpu14 36411 13 23670 426256 900 0 5840 0 0 0
cpu15 34328 14 22147 431368 721 0 5306 0 0 0
cpu16 53842 8 22786 417627 383 0 8992 0 0 0
cpu17 53929 9 22889 416364 1300 0 9039 0 0 0
cpu18 53667 9 22753 417777 302 0 8931 0 0 0
cpu19 56188 11 23630 413234 710 0 9527 0 0 0
cpu20 57860 12 24157 410618 750 0 10146 0 0 0
cpu21 53663 9 22759 417182 625 0 9000 0 0 0
cpu22 52292 10 22637 417547 361 0 8879 0 0 0
cpu23 50494 12 22266 420970 344 0 8740 0 0 0
cpu24 39526 18 24840 421307 972 0 6510 0 0 0
cpu25 42893 21 26881 411272 1781 0 7559 0 0 0
cpu26 41662 19 26457 413908 1344 0 7356 0 0 0
cpu27 35539 10 23575 412915 1160 0 14250 0 0 0
cpu28 55983 29 28263 381990 2094 0 17998 0 0 0
cpu29 58597 68 28865 377504 2109 0 18210 0 0 0
cpu30 34771 11 24111 411702 910 0 14007 0 0 0
cpu31 38244 11 25079 420997 807 0 6418 0 0 0
intr 1447213567 126 0 0 0 0 0 0 0 0 1 0 0 0 0 0 0 0 0 0 0 0 0 0 0 0 0 0 1 1 1 0 0 0 0 1 0 1 0 0 75045 0 0 0 0 0 0 0 0 411 0 0 0 0 0 0 0 0 87 0 0 0 0 0 0 0 0 0 0 0 0 0 0 0 164219 2 34990408 34929197 34856249 34991179 0 4245 2422 2961 1596 3115 2666 2083 2574 1507 10610 18840 10635 8513 13532 15183 11399 7634 2717 1808 1539 2386 2273 1974 1674 1665 9152 7653 5514 5930 6756 6126 6373 8104 0 0 0 0 616348 3155 1036 0 264 0 0 0 0 0 0 0 0 0 0 0 0 0 0 0 0 0 0 0 0 0 0 0 0 0 0 0 0 0 0 0 0 0 0 0 0 0 0 0 0 0 0 0 0 0 0 0 0 0 0 0 0 0 0 0 0 0 0 0 0 0 0 0 0 0 0 0 0 0 0 0 0 0 0 0 0 0 0 0 0 0 0 0 0 0 0 0 0 0 0 0 0 0 0 0 0 0 0 0 0 0 0 0 0 0 0 0 0 0 0 0 0 0 0 0 0 0 0 0 0 0 0 0 0 0 0 0 0 0 0 0 0 0 0 0 0 0 0 0 0 0 0 0 0 0 0 0 0 0 0 0 0 0 0 0 0 0 0 0 0 0 0 0 0 0 0 0 0 0 0 0 0 0 0 0 0 0 0 0 0 0 0 0 0 0 0 0 0 0 0 0 0 0 0 0 0 0 0 0 0 0 0 0 0 0 0 0 0 0 0 0 0 0 0 0 0 0 0 0 0 0 0 0 0 0 0 0 0 0 0 0 0 0 0 0 0 0 0 0 0 0 0 0 0 0 0 0 0 0 0 0 0 0 0 0 0 0 0 0 0 0 0 0 0 0 0 0 0 0 0 0 0 0 0 0 0 0 0 0 0 0 0 0 0 0 0 0 0 0 0 0 0 0 0 0 0 0 0 0 0 0 0 0 0 0 0 0 0 0 0 0 0 0 0 0 0 0 0 0 0 0 0 0 0 0 0 0 0 0 0 0 0 0 0 0 0 0 0 0 0 0 0 0 0 0 0 0 0 0 0 0 0 0 0 0 0 0 0 0 0 0 0 0 0 0 0 0 0 0 0 0 0 0 0 0 0 0 0 0 0 0 0 0 0 0 0 0 0 0 0 0 0 0 0 0 0 0 0 0 0 0 0 0 0 0 0 0 0 0 0 0 0 0 0 0 0 0 0 0 0 0 0 0 0 0 0 0 0 0 0 0 0 0 0 0 0 0 0 0 0 0 0 0 0 0 0 0 0 0 0 0 0 0 0 0 0 0 0 0 0 0 0 0 0 0 0 0 0 0 0 0 0 0 0 0 0 0 0 0 0 0 0 0 0 0 0 0 0 0 0 0 0 0 0 0 0 0 0 0 0 0 0 0 0 0 0 0 0 0 0 0 0 0 0 0 0 0 0 0 0 0 0 0 0 0 0 0 0 0 0 0 0 0 0 0 0 0 0 0 0 0 0 0 0 0 0 0 0 0 0 0 0 0 0 0 0 0 0 0 0 0 0 0 0 0 0 0 0 0 0 0 0 0 0 0 0 0 0 0 0 0 0 0 0 0 0 0 0 0 0 0 0 0 0 0 0 0 0 0 0 0 0 0 0 0 0 0 0 0 0 0 0 0 0 0 0 0 0 0 0 0 0 0 0 0 0 0 0 0 0 0 0 0 0 0 0 0 0 0 0 0 0 0 0 0 0 0 0 0 0 0 0 0 0 0 0 0 0 0 0 0 0 0 0 0 0 0 0 0 0 0 0 0 0 0 0 0 0 0 0 0 0 0 0 0 0 0 0 0 0 0 0 0 0 0 0 0 0 0 0 0 0 0 0 0 0 0 0 0 0 0 0 0 0 0 0 0 0 0 0 0 0 0 0 0 0 0 0 0 0 0 0 0 0 0 0 0 0 0 0 0 0 0 0 0 0 0 0 0 0 0 0 0 0 0 0 0 0 0 0 0 0 0 0 0 0 0 0 0 0 0 0 0 0 0 0 0 0 0 0 0 0 0 0 0 0 0 0 0 0 0 0 0 0 0 0 0 0 0 0 0 0 0 0 0 0 0 0 0 0 0 0 0 0 0 0 0 0 0 0 0 0 0 0 0 0 0 0 0 0 0 0 0 0 0 0 0 0 0 0 0 0 0 0 0 0 0 0 0 0 0 0 0 0 0 0 0 0 0 0 0 0 0 0 0 0 0 0 0 0 0 0 0 0 0 0 0 0 0 0 0 0 0 0 0 0 0 0 0 0 0 0 0 0 0 0 0 0 0 0 0 0 0 0 0 0 0 0 0 0 0 0 0 0 0 0 0 0 0 0 0 0 0 0 0 0 0 0 0 0 0 0 0 0 0 0 0 0 0 0 0 0 0 0 0 0 0 0 0 0 0 0 0 0 0 0 0 0 0 0 0 0 0 0 0 0 0 0 0 0 0 0 0 0 0 0 0 0 0 0 0 0 0 0 0 0 0 0 0 0 0 0 0 0 0 0 0 0 0 0 0 0 0 0 0 0 0 0 0 0 0 0 0 0 0 0 0 0 0 0 0 0 0 0 0 0 0 0 0 0 0 0 0 0 0 0 0 0 0 0 0 0 0 0 0 0 0 0 0 0 0 0 0 0 0 0 0 0 0 0 0 0 0 0 0 0 0 0 0 0 0 0 0 0 0 0 0 0 0 0 0 0 0 0 0 0 0 0 0 0 0 0 0 0 0 0 0 0 0 0 0 0
ctxt 1869033329
btime 1790630938
processes 146160
procs_running 5
procs_blocked 0
softirq 1539343286 73526 3524948 2751493 1481145473 170933 0 13554404 23150403 410 14971696
