Running 10s test @ http://127.0.0.1:18500/wait
  16 threads and 128 connections
  Thread Stats   Avg      Stdev     Max   +/- Stdev
    Latency    10.35ms   36.75us  11.10ms   74.91%
    Req/Sec   776.06     19.00   808.00     64.61%
  Latency Distribution
     50%   10.35ms
     75%   10.38ms
     90%   10.39ms
     99%   10.43ms
  124032 requests in 10.09s, 12.66MB read
Requests/sec:  12288.70
Transfer/sec:      1.25MB
## server-stat
cpu  1586073 602 803144 14371844 34980 0 316766 0 0 0
cpu0 50882 11 22985 456178 846 0 10086 0 0 0
cpu1 51554 14 22770 458054 691 0 9478 0 0 0
cpu2 52076 10 22823 457778 420 0 9671 0 0 0
cpu3 59316 13 26198 443271 1209 0 12724 0 0 0
cpu4 58906 13 25189 446051 735 0 11927 0 0 0
cpu5 52771 13 22599 457651 416 0 9302 0 0 0
cpu6 53066 11 23022 456509 403 0 9802 0 0 0
cpu7 50987 9 22384 459707 254 0 9195 0 0 0
cpu8 36028 17 25065 459272 1125 0 6369 0 0 0
cpu9 40641 20 26091 449987 2529 0 6769 0 0 0
cpu10 39528 19 25860 453037 1321 0 6829 0 0 0
cpu11 37040 16 24770 459732 747 0 6389 0 0 0
cpu12 57478 89 26946 432363 3362 0 7133 0 0 0
cpu13 56175 21 27196 433692 2763 0 7287 0 0 0
cpu14 36573 15 24342 462041 929 0 6255 0 0 0
cpu15 34469 16 22770 467632 738 0 5675 0 0 0
cpu16 58250 8 24218 449900 410 0 10214 0 0 0
cpu17 57784 9 24361 449078 1315 0 10333 0 0 0
cpu18 57196 9 23966 451381 302 0 9958 0 0 0
cpu19 64541 11 26637 438459 723 0 12246 0 0 0
cpu20 65509 12 27375 436073 756 0 13153 0 0 0
cpu21 57308 10 24260 450002 635 0 10405 0 0 0
cpu22 54727 10 23621 452723 366 0 9720 0 0 0
cpu23 53571 12 23555 454940 352 0 9917 0 0 0
cpu24 39687 19 25524 457231 1003 0 6925 0 0 0
cpu25 43136 23 27645 446667 1807 0 8019 0 0 0
cpu26 41871 20 27201 449500 1381 0 7807 0 0 0
cpu27 35694 11 24258 448990 1205 0 14651 0 0 0
cpu28 56731 31 29179 416664 2198 0 18533 0 0 0
cpu29 59230 70 29799 412032 2262 0 18747 0 0 0
cpu30 34932 13 24794 447781 946 0 14419 0 0 0
cpu31 38404 13 25726 457452 816 0 6815 0 0 0
intr 1544858111 126 0 0 0 0 0 0 0 0 1 0 0 0 0 0 0 0 0 0 0 0 0 0 0 0 0 0 1 1 1 0 0 0 0 1 0 1 0 0 75045 0 0 0 0 0 0 0 0 411 0 0 0 0 0 0 0 0 87 0 0 0 0 0 0 0 0 0 0 0 0 0 0 0 172648 2 34992484 34930590 34857848 34992560 0 4572 2427 2970 1597 3116 2674 2086 2575 1521 10621 18986 10703 8573 13774 15279 11439 7658 2721 1810 1544 2390 2273 1981 1678 1675 9175 7785 5559 6076 6904 6324 6445 8153 0 0 0 0 616372 3205 1036 0 264 0 0 0 0 0 0 0 0 0 0 0 0 0 0 0 0 0 0 0 0 0 0 0 0 0 0 0 0 0 0 0 0 0 0 0 0 0 0 0 0 0 0 0 0 0 0 0 0 0 0 0 0 0 0 0 0 0 0 0 0 0 0 0 0 0 0 0 0 0 0 0 0 0 0 0 0 0 0 0 0 0 0 0 0 0 0 0 0 0 0 0 0 0 0 0 0 0 0 0 0 0 0 0 0 0 0 0 0 0 0 0 0 0 0 0 0 0 0 0 0 0 0 0 0 0 0 0 0 0 0 0 0 0 0 0 0 0 0 0 0 0 0 0 0 0 0 0 0 0 0 0 0 0 0 0 0 0 0 0 0 0 0 0 0 0 0 0 0 0 0 0 0 0 0 0 0 0 0 0 0 0 0 0 0 0 0 0 0 0 0 0 0 0 0 0 0 0 0 0 0 0 0 0 0 0 0 0 0 0 0 0 0 0 0 0 0 0 0 0 0 0 0 0 0 0 0 0 0 0 0 0 0 0 0 0 0 0 0 0 0 0 0 0 0 0 0 0 0 0 0 0 0 0 0 0 0 0 0 0 0 0 0 0 0 0 0 0 0 0 0 0 0 0 0 0 0 0 0 0 0 0 0 0 0 0 0 0 0 0 0 0 0 0 0 0 0 0 0 0 0 0 0 0 0 0 0 0 0 0 0 0 0 0 0 0 0 0 0 0 0 0 0 0 0 0 0 0 0 0 0 0 0 0 0 0 0 0 0 0 0 0 0 0 0 0 0 0 0 0 0 0 0 0 0 0 0 0 0 0 0 0 0 0 0 0 0 0 0 0 0 0 0 0 0 0 0 0 0 0 0 0 0 0 0 0 0 0 0 0 0 0 0 0 0 0 0 0 0 0 0 0 0 0 0 0 0 0 0 0 0 0 0 0 0 0 0 0 0 0 0 0 0 0 0 0 0 0 0 0 0 0 0 0 0 0 0 0 0 0 0 0 0 0 0 0 0 0 0 0 0 0 0 0 0 0 0 0 0 0 0 0 0 0 0 0 0 0 0 0 0 0 0 0 0 0 0 0 0 0 0 0 0 0 0 0 0 0 0 0 0 0 0 0 0 0 0 0 0 0 0 0 0 0 0 0 0 0 0 0 0 0 0 0 0 0 0 0 0 0 0 0 0 0 0 0 0 0 0 0 0 0 0 0 0 0 0 0 0 0 0 0 0 0 0 0 0 0 0 0 0 0 0 0 0 0 0 0 0 0 0 0 0 0 0 0 0 0 0 0 0 0 0 0 0 0 0 0 0 0 0 0 0 0 0 0 0 0 0 0 0 0 0 0 0 0 0 0 0 0 0 0 0 0 0 0 0 0 0 0 0 0 0 0 0 0 0 0 0 0 0 0 0 0 0 0 0 0 0 0 0 0 0 0 0 0 0 0 0 0 0 0 0 0 0 0 0 0 0 0 0 0 0 0 0 0 0 0 0 0 0 0 0 0 0 0 0 0 0 0 0 0 0 0 0 0 0 0 0 0 0 0 0 0 0 0 0 0 0 0 0 0 0 0 0 0 0 0 0 0 0 0 0 0 0 0 0 0 0 0 0 0 0 0 0 0 0 0 0 0 0 0 0 0 0 0 0 0 0 0 0 0 0 0 0 0 0 0 0 0 0 0 0 0 0 0 0 0 0 0 0 0 0 0 0 0 0 0 0 0 0 0 0 0 0 0 0 0 0 0 0 0 0 0 0 0 0 0 0 0 0 0 0 0 0 0 0 0 0 0 0 0 0 0 0 0 0 0 0 0 0 0 0 0 0 0 0 0 0 0 0 0 0 0 0 0 0 0 0 0 0 0 0 0 0 0 0 0 0 0 0 0 0 0 0 0 0 0 0 0 0 0 0 0 0 0 0 0 0 0 0 0 0 0 0 0 0 0 0 0 0 0 0 0 0 0 0 0 0 0 0 0 0 0 0 0 0 0 0 0 0 0 0 0 0 0 0 0 0 0 0 0 0 0 0 0 0 0 0 0 0 0 0 0 0 0 0 0 0 0 0 0 0 0 0 0 0 0 0 0 0 0 0 0 0 0 0 0 0 0 0 0 0 0 0 0 0 0 0 0 0 0 0 0 0 0 0 0 0 0 0 0 0 0 0 0 0 0 0 0 0 0 0 0 0 0 0 0 0 0 0 0 0 0 0 0 0 0 0 0 0 0 0 0 0 0 0 0 0 0 0 0 0 0 0 0 0 0 0 0 0 0 0 0 0 0 0 0 0 0 0 0 0 0 0 0 0 0 0 0 0 0 0 0 0 0 0 0 0 0 0 0 0 0 0 0 0 0 0 0 0 0 0 0 0 0 0 0 0 0 0 0 0 0 0 0 0 0 0 0 0 0 0 0 0 0 0 0 0 0 0 0 0 0 0 0 0 0 0 0 0 0 0 0 0 0 0 0 0 0 0 0 0 0 0 0 0 0 0 0 0 0 0
ctxt 2048071959
btime 1790630938
processes 154270
procs_running 2
procs_blocked 1
softirq 1732460497 73526 3729732 2751547 1672387931 179826 0 13554639 24032211 410 15750675
--
cpu  1586179 603 803187 14397172 34985 0 316806 0 0 0
cpu0 50884 11 22986 456970 846 0 10088 0 0 0
cpu1 51555 14 22771 458851 691 0 9479 0 0 0
cpu2 52076 10 22823 458577 420 0 9671 0 0 0
cpu3 59340 13 26208 444013 1209 0 12739 0 0 0
cpu4 58924 13 25200 446810 736 0 11936 0 0 0
cpu5 52776 13 22601 458438 419 0 9303 0 0 0
cpu6 53067 11 23022 457308 403 0 9802 0 0 0
cpu7 50987 9 22384 460506 254 0 9195 0 0 0
cpu8 36028 17 25066 460066 1125 0 6370 0 0 0
cpu9 40642 20 26093 450775 2529 0 6770 0 0 0
cpu10 39528 19 25862 453826 1321 0 6830 0 0 0
cpu11 37040 16 24771 460523 747 0 6389 0 0 0
cpu12 57502 89 26948 433127 3362 0 7135 0 0 0
cpu13 56195 21 27200 434461 2763 0 7289 0 0 0
cpu14 36574 15 24344 462831 929 0 6256 0 0 0
cpu15 34469 16 22771 468425 738 0 5676 0 0 0
cpu16 58250 8 24218 450699 410 0 10214 0 0 0
cpu17 57784 9 24361 449877 1316 0 10333 0 0 0
cpu18 57196 9 23966 452180 302 0 9958 0 0 0
cpu19 64544 11 26638 439252 723 0 12247 0 0 0
cpu20 65510 12 27375 436871 756 0 13153 0 0 0
cpu21 57308 10 24260 450802 635 0 10405 0 0 0
cpu22 54727 10 23621 453522 366 0 9720 0 0 0
cpu23 53571 12 23556 455739 352 0 9917 0 0 0
cpu24 39687 19 25525 458028 1003 0 6925 0 0 0
cpu25 43137 23 27646 447463 1807 0 8019 0 0 0
cpu26 41871 20 27202 450299 1381 0 7807 0 0 0
cpu27 35695 11 24258 449789 1205 0 14651 0 0 0
cpu28 56731 31 29179 417463 2198 0 18533 0 0 0
cpu29 59230 70 29799 412831 2262 0 18747 0 0 0
cpu30 34932 13 24794 448580 946 0 14419 0 0 0
cpu31 38406 13 25726 458251 816 0 6815 0 0 0
intr 1545008456 126 0 0 0 0 0 0 0 0 1 0 0 0 0 0 0 0 0 0 0 0 0 0 0 0 0 0 1 1 1 0 0 0 0 1 0 1 0 0 75045 0 0 0 0 0 0 0 0 411 0 0 0 0 0 0 0 0 87 0 0 0 0 0 0 0 0 0 0 0 0 0 0 0 172650 2 34992521 34930609 34857866 34992582 0 4580 2427 2970 1597 3116 2675 2086 2575 1521 10621 18986 10703 8573 13780 15279 11439 7658 2721 1810 1544 2391 2273 1981 1678 1675 9175 7785 5559 6076 6904 6324 6445 8153 0 0 0 0 616372 3205 1036 0 264 0 0 0 0 0 0 0 0 0 0 0 0 0 0 0 0 0 0 0 0 0 0 0 0 0 0 0 0 0 0 0 0 0 0 0 0 0 0 0 0 0 0 0 0 0 0 0 0 0 0 0 0 0 0 0 0 0 0 0 0 0 0 0 0 0 0 0 0 0 0 0 0 0 0 0 0 0 0 0 0 0 0 0 0 0 0 0 0 0 0 0 0 0 0 0 0 0 0 0 0 0 0 0 0 0 0 0 0 0 0 0 0 0 0 0 0 0 0 0 0 0 0 0 0 0 0 0 0 0 0 0 0 0 0 0 0 0 0 0 0 0 0 0 0 0 0 0 0 0 0 0 0 0 0 0 0 0 0 0 0 0 0 0 0 0 0 0 0 0 0 0 0 0 0 0 0 0 0 0 0 0 0 0 0 0 0 0 0 0 0 0 0 0 0 0 0 0 0 0 0 0 0 0 0 0 0 0 0 0 0 0 0 0 0 0 0 0 0 0 0 0 0 0 0 0 0 0 0 0 0 0 0 0 0 0 0 0 0 0 0 0 0 0 0 0 0 0 0 0 0 0 0 0 0 0 0 0 0 0 0 0 0 0 0 0 0 0 0 0 0 0 0 0 0 0 0 0 0 0 0 0 0 0 0 0 0 0 0 0 0 0 0 0 0 0 0 0 0 0 0 0 0 0 0 0 0 0 0 0 0 0 0 0 0 0 0 0 0 0 0 0 0 0 0 0 0 0 0 0 0 0 0 0 0 0 0 0 0 0 0 0 0 0 0 0 0 0 0 0 0 0 0 0 0 0 0 0 0 0 0 0 0 0 0 0 0 0 0 0 0 0 0 0 0 0 0 0 0 0 0 0 0 0 0 0 0 0 0 0 0 0 0 0 0 0 0 0 0 0 0 0 0 0 0 0 0 0 0 0 0 0 0 0 0 0 0 0 0 0 0 0 0 0 0 0 0 0 0 0 0 0 0 0 0 0 0 0 0 0 0 0 0 0 0 0 0 0 0 0 0 0 0 0 0 0 0 0 0 0 0 0 0 0 0 0 0 0 0 0 0 0 0 0 0 0 0 0 0 0 0 0 0 0 0 0 0 0 0 0 0 0 0 0 0 0 0 0 0 0 0 0 0 0 0 0 0 0 0 0 0 0 0 0 0 0 0 0 0 0 0 0 0 0 0 0 0 0 0 0 0 0 0 0 0 0 0 0 0 0 0 0 0 0 0 0 0 0 0 0 0 0 0 0 0 0 0 0 0 0 0 0 0 0 0 0 0 0 0 0 0 0 0 0 0 0 0 0 0 0 0 0 0 0 0 0 0 0 0 0 0 0 0 0 0 0 0 0 0 0 0 0 0 0 0 0 0 0 0 0 0 0 0 0 0 0 0 0 0 0 0 0 0 0 0 0 0 0 0 0 0 0 0 0 0 0 0 0 0 0 0 0 0 0 0 0 0 0 0 0 0 0 0 0 0 0 0 0 0 0 0 0 0 0 0 0 0 0 0 0 0 0 0 0 0 0 0 0 0 0 0 0 0 0 0 0 0 0 0 0 0 0 0 0 0 0 0 0 0 0 0 0 0 0 0 0 0 0 0 0 0 0 0 0 0 0 0 0 0 0 0 0 0 0 0 0 0 0 0 0 0 0 0 0 0 0 0 0 0 0 0 0 0 0 0 0 0 0 0 0 0 0 0 0 0 0 0 0 0 0 0 0 0 0 0 0 0 0 0 0 0 0 0 0 0 0 0 0 0 0 0 0 0 0 0 0 0 0 0 0 0 0 0 0 0 0 0 0 0 0 0 0 0 0 0 0 0 0 0 0 0 0 0 0 0 0 0 0 0 0 0 0 0 0 0 0 0 0 0 0 0 0 0 0 0 0 0 0 0 0 0 0 0 0 0 0 0 0 0 0 0 0 0 0 0 0 0 0 0 0 0 0 0 0 0 0 0 0 0 0 0 0 0 0 0 0 0 0 0 0 0 0 0 0 0 0 0 0 0 0 0 0 0 0 0 0 0 0 0 0 0 0 0 0 0 0 0 0 0 0 0 0 0 0 0 0 0 0 0 0 0 0 0 0 0 0 0 0 0 0 0 0 0 0 0 0 0 0 0 0 0 0 0 0 0 0 0 0 0 0 0 0 0 0 0 0 0 0 0 0 0 0 0 0 0 0 0 0 0 0 0 0 0 0 0 0 0 0 0 0 0 0 0 0 0 0 0 0 0 0 0 0 0 0 0 0 0 0 0 0 0 0 0 0 0 0 0 0 0 0 0 0 0 0 0 0 0 0 0 0 0 0 0 0 0 0 0 0 0 0 0 0 0 0 0 0 0 0 0 0 0 0 0 0 0 0 0 0 0 0 0 0 0 0 0 0 0 0 0 0 0 0 0 0 0 0 0 0 0 0 0 0 0 0 0 0 0 0 0 0 0 0 0 0 0 0 0 0 0 0 0 0 0 0 0 0 0 0 0 0 0 0 0
ctxt 2048337073
btime 1790630938
processes 154341
procs_running 1
procs_blocked 0
softirq 1732672954 73526 3732475 2751547 1672585954 179836 0 13554639 24038288 410 15756279
