Running 10s test @ http://127.0.0.1:18500/
  16 threads and 32 connections
  Thread Stats   Avg      Stdev     Max   +/- Stdev
    Latency    95.68us   32.63us 317.00us   86.87%
    Req/Sec    21.10k     4.95k   31.18k    74.20%
  Latency Distribution
     50%  111.00us
     75%  113.00us
     90%  119.00us
     99%  226.00us
  3392163 requests in 10.10s, 420.55MB read
Requests/sec: 335862.94
Transfer/sec:     41.64MB
## server-stat
cpu  1545546 585 778160 13862250 34403 0 296011 0 0 0
cpu0 49904 11 22551 438714 839 0 9634 0 0 0
cpu1 50305 13 22327 440688 643 0 9072 0 0 0
cpu2 50620 10 22145 441097 406 0 8976 0 0 0
cpu3 56395 13 25007 429041 1209 0 11565 0 0 0
cpu4 56115 13 24197 431261 734 0 10982 0 0 0
cpu5 51443 13 22212 440201 385 0 8972 0 0 0
cpu6 50643 10 22098 441220 378 0 8936 0 0 0
cpu7 49241 9 21806 443011 249 0 8694 0 0 0
cpu8 35896 17 24515 442412 1123 0 6051 0 0 0
cpu9 40495 19 25516 433475 2481 0 6434 0 0 0
cpu10 39394 18 25280 436475 1290 0 6489 0 0 0
cpu11 36926 15 24224 442953 734 0 6065 0 0 0
cpu12 57127 88 26315 416176 3302 0 6761 0 0 0
cpu13 55858 20 26551 417493 2757 0 6906 0 0 0
cpu14 36460 14 23802 445246 921 0 5919 0 0 0
cpu15 34369 15 22242 450678 732 0 5365 0 0 0
cpu16 55373 8 23216 435227 385 0 9264 0 0 0
cpu17 55310 9 23311 434130 1300 0 9293 0 0 0
cpu18 54977 9 23151 435675 302 0 9172 0 0 0
cpu19 59674 11 24486 428062 710 0 10149 0 0 0
cpu20 60691 12 25007 426058 750 0 10827 0 0 0
cpu21 54939 9 23160 435110 625 0 9249 0 0 0
cpu22 53476 10 23025 435657 363 0 9112 0 0 0
cpu23 51615 12 22634 439250 345 0 8964 0 0 0
cpu24 39575 18 24967 440485 974 0 6592 0 0 0
cpu25 42978 21 27043 430123 1786 0 7670 0 0 0
cpu26 41724 19 26608 432886 1347 0 7467 0 0 0
cpu27 35579 10 23693 432124 1186 0 14327 0 0 0
cpu28 56392 30 28518 400238 2181 0 18158 0 0 0
cpu29 58929 69 29136 395758 2193 0 18360 0 0 0
cpu30 34818 12 24230 430888 944 0 14088 0 0 0
cpu31 38289 12 25176 440426 813 0 6485 0 0 0
intr 1495578393 126 0 0 0 0 0 0 0 0 1 0 0 0 0 0 0 0 0 0 0 0 0 0 0 0 0 0 1 1 1 0 0 0 0 1 0 1 0 0 75045 0 0 0 0 0 0 0 0 411 0 0 0 0 0 0 0 0 87 0 0 0 0 0 0 0 0 0 0 0 0 0 0 0 167986 2 34991728 34929785 34857302 34991983 0 4412 2424 2967 1597 3116 2670 2084 2574 1510 10615 18879 10648 8526 13579 15224 11433 7635 2718 1809 1543 2389 2273 1976 1675 1675 9159 7749 5545 6071 6887 6311 6378 8121 0 0 0 0 616360 3170 1036 0 264 0 0 0 0 0 0 0 0 0 0 0 0 0 0 0 0 0 0 0 0 0 0 0 0 0 0 0 0 0 0 0 0 0 0 0 0 0 0 0 0 0 0 0 0 0 0 0 0 0 0 0 0 0 0 0 0 0 0 0 0 0 0 0 0 0 0 0 0 0 0 0 0 0 0 0 0 0 0 0 0 0 0 0 0 0 0 0 0 0 0 0 0 0 0 0 0 0 0 0 0 0 0 0 0 0 0 0 0 0 0 0 0 0 0 0 0 0 0 0 0 0 0 0 0 0 0 0 0 0 0 0 0 0 0 0 0 0 0 0 0 0 0 0 0 0 0 0 0 0 0 0 0 0 0 0 0 0 0 0 0 0 0 0 0 0 0 0 0 0 0 0 0 0 0 0 0 0 0 0 0 0 0 0 0 0 0 0 0 0 0 0 0 0 0 0 0 0 0 0 0 0 0 0 0 0 0 0 0 0 0 0 0 0 0 0 0 0 0 0 0 0 0 0 0 0 0 0 0 0 0 0 0 0 0 0 0 0 0 0 0 0 0 0 0 0 0 0 0 0 0 0 0 0 0 0 0 0 0 0 0 0 0 0 0 0 0 0 0 0 0 0 0 0 0 0 0 0 0 0 0 0 0 0 0 0 0 0 0 0 0 0 0 0 0 0 0 0 0 0 0 0 0 0 0 0 0 0 0 0 0 0 0 0 0 0 0 0 0 0 0 0 0 0 0 0 0 0 0 0 0 0 0 0 0 0 0 0 0 0 0 0 0 0 0 0 0 0 0 0 0 0 0 0 0 0 0 0 0 0 0 0 0 0 0 0 0 0 0 0 0 0 0 0 0 0 0 0 0 0 0 0 0 0 0 0 0 0 0 0 0 0 0 0 0 0 0 0 0 0 0 0 0 0 0 0 0 0 0 0 0 0 0 0 0 0 0 0 0 0 0 0 0 0 0 0 0 0 0 0 0 0 0 0 0 0 0 0 0 0 0 0 0 0 0 0 0 0 0 0 0 0 0 0 0 0 0 0 0 0 0 0 0 0 0 0 0 0 0 0 0 0 0 0 0 0 0 0 0 0 0 0 0 0 0 0 0 0 0 0 0 0 0 0 0 0 0 0 0 0 0 0 0 0 0 0 0 0 0 0 0 0 0 0 0 0 0 0 0 0 0 0 0 0 0 0 0 0 0 0 0 0 0 0 0 0 0 0 0 0 0 0 0 0 0 0 0 0 0 0 0 0 0 0 0 0 0 0 0 0 0 0 0 0 0 0 0 0 0 0 0 0 0 0 0 0 0 0 0 0 0 0 0 0 0 0 0 0 0 0 0 0 0 0 0 0 0 0 0 0 0 0 0 0 0 0 0 0 0 0 0 0 0 0 0 0 0 0 0 0 0 0 0 0 0 0 0 0 0 0 0 0 0 0 0 0 0 0 0 0 0 0 0 0 0 0 0 0 0 0 0 0 0 0 0 0 0 0 0 0 0 0 0 0 0 0 0 0 0 0 0 0 0 0 0 0 0 0 0 0 0 0 0 0 0 0 0 0 0 0 0 0 0 0 0 0 0 0 0 0 0 0 0 0 0 0 0 0 0 0 0 0 0 0 0 0 0 0 0 0 0 0 0 0 0 0 0 0 0 0 0 0 0 0 0 0 0 0 0 0 0 0 0 0 0 0 0 0 0 0 0 0 0 0 0 0 0 0 0 0 0 0 0 0 0 0 0 0 0 0 0 0 0 0 0 0 0 0 0 0 0 0 0 0 0 0 0 0 0 0 0 0 0 0 0 0 0 0 0 0 0 0 0 0 0 0 0 0 0 0 0 0 0 0 0 0 0 0 0 0 0 0 0 0 0 0 0 0 0 0 0 0 0 0 0 0 0 0 0 0 0 0 0 0 0 0 0 0 0 0 0 0 0 0 0 0 0 0 0 0 0 0 0 0 0 0 0 0 0 0 0 0 0 0 0 0 0 0 0 0 0 0 0 0 0 0 0 0 0 0 0 0 0 0 0 0 0 0 0 0 0 0 0 0 0 0 0 0 0 0 0 0 0 0 0 0 0 0 0 0 0 0 0 0 0 0 0 0 0 0 0 0 0 0 0 0 0 0 0 0 0 0 0 0 0 0 0 0 0 0 0 0 0 0 0 0 0 0 0 0 0 0 0 0 0 0 0 0 0 0 0 0 0 0 0 0 0 0 0 0 0 0 0 0 0 0 0 0 0 0 0 0 0 0 0 0 0 0 0 0 0 0 0 0 0 0 0 0 0 0 0 0 0 0 0 0 0 0 0 0 0 0 0 0 0 0 0 0 0 0 0 0 0 0 0 0 0 0 0 0 0 0 0 0 0 0 0 0 0 0 0 0 0 0 0 0 0 0 0 0 0 0 0 0 0 0 0 0 0 0 0 0 0 0 0 0 0 0 0 0 0 0 0 0 0 0 0 0 0 0 0 0 0 0 0 0 0 0 0 0 0 0 0
ctxt 1952647258
btime 1790630938
processes 150368
procs_running 5
procs_blocked 0
softirq 1602062749 73526 3635865 2751520 1542878668 174941 0 13554518 23654827 410 15338474
--
cpu  1546015 586 778804 13884319 34404 0 296763 0 0 0
cpu0 49904 11 22551 439503 839 0 9634 0 0 0
cpu1 50306 13 22327 441488 643 0 9072 0 0 0
cpu2 50620 10 22145 441897 406 0 8976 0 0 0
cpu3 56407 13 25023 429795 1209 0 11583 0 0 0
cpu4 56313 13 24465 431261 734 0 11316 0 0 0
cpu5 51443 13 22212 441001 385 0 8972 0 0 0
cpu6 50643 10 22098 442019 378 0 8936 0 0 0
cpu7 49241 9 21806 443810 249 0 8694 0 0 0
cpu8 35898 17 24519 443117 1123 0 6054 0 0 0
cpu9 40501 19 25524 434136 2481 0 6442 0 0 0
cpu10 39397 18 25288 437137 1290 0 6496 0 0 0
cpu11 36928 15 24228 443641 734 0 6069 0 0 0
cpu12 57135 88 26323 416830 3302 0 6767 0 0 0
cpu13 55866 20 26560 418144 2757 0 6913 0 0 0
cpu14 36463 14 23806 445935 921 0 5923 0 0 0
cpu15 34370 15 22247 451378 732 0 5370 0 0 0
cpu16 55373 8 23216 436026 385 0 9264 0 0 0
cpu17 55310 9 23311 434928 1301 0 9293 0 0 0
cpu18 54977 9 23151 436474 302 0 9172 0 0 0
cpu19 59862 11 24744 428108 710 0 10456 0 0 0
cpu20 60691 12 25007 426858 750 0 10827 0 0 0
cpu21 54939 9 23160 435909 625 0 9249 0 0 0
cpu22 53476 10 23025 436457 363 0 9112 0 0 0
cpu23 51615 12 22634 440049 345 0 8964 0 0 0
cpu24 39577 18 24971 441177 974 0 6595 0 0 0
cpu25 42983 21 27048 430781 1786 0 7676 0 0 0
cpu26 41730 19 26614 433559 1347 0 7473 0 0 0
cpu27 35581 10 23699 432822 1186 0 14332 0 0 0
cpu28 56403 30 28527 400902 2181 0 18166 0 0 0
cpu29 58937 69 29145 396412 2193 0 18370 0 0 0
cpu30 34821 12 24235 431594 944 0 14094 0 0 0
cpu31 38290 12 25179 441156 813 0 6488 0 0 0
intr 1498179092 126 0 0 0 0 0 0 0 0 1 0 0 0 0 0 0 0 0 0 0 0 0 0 0 0 0 0 1 1 1 0 0 0 0 1 0 1 0 0 75045 0 0 0 0 0 0 0 0 411 0 0 0 0 0 0 0 0 87 0 0 0 0 0 0 0 0 0 0 0 0 0 0 0 167986 2 34991749 34929802 34857320 34991987 0 4416 2424 2967 1597 3116 2670 2084 2574 1510 10615 18879 10648 8526 13579 15224 11433 7635 2719 1809 1543 2390 2273 1976 1675 1675 9160 7752 5545 6071 6889 6312 6378 8121 0 0 0 0 616360 3179 1036 0 264 0 0 0 0 0 0 0 0 0 0 0 0 0 0 0 0 0 0 0 0 0 0 0 0 0 0 0 0 0 0 0 0 0 0 0 0 0 0 0 0 0 0 0 0 0 0 0 0 0 0 0 0 0 0 0 0 0 0 0 0 0 0 0 0 0 0 0 0 0 0 0 0 0 0 0 0 0 0 0 0 0 0 0 0 0 0 0 0 0 0 0 0 0 0 0 0 0 0 0 0 0 0 0 0 0 0 0 0 0 0 0 0 0 0 0 0 0 0 0 0 0 0 0 0 0 0 0 0 0 0 0 0 0 0 0 0 0 0 0 0 0 0 0 0 0 0 0 0 0 0 0 0 0 0 0 0 0 0 0 0 0 0 0 0 0 0 0 0 0 0 0 0 0 0 0 0 0 0 0 0 0 0 0 0 0 0 0 0 0 0 0 0 0 0 0 0 0 0 0 0 0 0 0 0 0 0 0 0 0 0 0 0 0 0 0 0 0 0 0 0 0 0 0 0 0 0 0 0 0 0 0 0 0 0 0 0 0 0 0 0 0 0 0 0 0 0 0 0 0 0 0 0 0 0 0 0 0 0 0 0 0 0 0 0 0 0 0 0 0 0 0 0 0 0 0 0 0 0 0 0 0 0 0 0 0 0 0 0 0 0 0 0 0 0 0 0 0 0 0 0 0 0 0 0 0 0 0 0 0 0 0 0 0 0 0 0 0 0 0 0 0 0 0 0 0 0 0 0 0 0 0 0 0 0 0 0 0 0 0 0 0 0 0 0 0 0 0 0 0 0 0 0 0 0 0 0 0 0 0 0 0 0 0 0 0 0 0 0 0 0 0 0 0 0 0 0 0 0 0 0 0 0 0 0 0 0 0 0 0 0 0 0 0 0 0 0 0 0 0 0 0 0 0 0 0 0 0 0 0 0 0 0 0 0 0 0 0 0 0 0 0 0 0 0 0 0 0 0 0 0 0 0 0 0 0 0 0 0 0 0 0 0 0 0 0 0 0 0 0 0 0 0 0 0 0 0 0 0 0 0 0 0 0 0 0 0 0 0 0 0 0 0 0 0 0 0 0 0 0 0 0 0 0 0 0 0 0 0 0 0 0 0 0 0 0 0 0 0 0 0 0 0 0 0 0 0 0 0 0 0 0 0 0 0 0 0 0 0 0 0 0 0 0 0 0 0 0 0 0 0 0 0 0 0 0 0 0 0 0 0 0 0 0 0 0 0 0 0 0 0 0 0 0 0 0 0 0 0 0 0 0 0 0 0 0 0 0 0 0 0 0 0 0 0 0 0 0 0 0 0 0 0 0 0 0 0 0 0 0 0 0 0 0 0 0 0 0 0 0 0 0 0 0 0 0 0 0 0 0 0 0 0 0 0 0 0 0 0 0 0 0 0 0 0 0 0 0 0 0 0 0 0 0 0 0 0 0 0 0 0 0 0 0 0 0 0 0 0 0 0 0 0 0 0 0 0 0 0 0 0 0 0 0 0 0 0 0 0 0 0 0 0 0 0 0 0 0 0 0 0 0 0 0 0 0 0 0 0 0 0 0 0 0 0 0 0 0 0 0 0 0 0 0 0 0 0 0 0 0 0 0 0 0 0 0 0 0 0 0 0 0 0 0 0 0 0 0 0 0 0 0 0 0 0 0 0 0 0 0 0 0 0 0 0 0 0 0 0 0 0 0 0 0 0 0 0 0 0 0 0 0 0 0 0 0 0 0 0 0 0 0 0 0 0 0 0 0 0 0 0 0 0 0 0 0 0 0 0 0 0 0 0 0 0 0 0 0 0 0 0 0 0 0 0 0 0 0 0 0 0 0 0 0 0 0 0 0 0 0 0 0 0 0 0 0 0 0 0 0 0 0 0 0 0 0 0 0 0 0 0 0 0 0 0 0 0 0 0 0 0 0 0 0 0 0 0 0 0 0 0 0 0 0 0 0 0 0 0 0 0 0 0 0 0 0 0 0 0 0 0 0 0 0 0 0 0 0 0 0 0 0 0 0 0 0 0 0 0 0 0 0 0 0 0 0 0 0 0 0 0 0 0 0 0 0 0 0 0 0 0 0 0 0 0 0 0 0 0 0 0 0 0 0 0 0 0 0 0 0 0 0 0 0 0 0 0 0 0 0 0 0 0 0 0 0 0 0 0 0 0 0 0 0 0 0 0 0 0 0 0 0 0 0 0 0 0 0 0 0 0 0 0 0 0 0 0 0 0 0 0 0 0 0 0 0 0 0 0 0 0 0 0 0 0 0 0 0 0 0 0 0 0 0 0 0 0 0 0 0 0 0 0 0 0 0 0 0 0 0 0 0 0 0 0 0 0 0 0 0 0 0 0 0 0 0 0 0 0 0 0 0 0 0 0 0 0 0 0 0 0 0 0 0 0 0 0 0 0 0 0 0 0 0 0 0 0 0 0 0 0 0 0 0 0 0 0 0 0 0 0 0 0 0 0 0 0 0 0 0 0 0 0
ctxt 1957739286
btime 1790630938
processes 150405
procs_running 5
procs_blocked 0
softirq 1607460391 73526 3639039 2751520 1548252517 174945 0 13554540 23667030 410 15346864
