Running 10s test @ http://127.0.0.1:18500/wait
  16 threads and 1000 connections
  Thread Stats   Avg      Stdev     Max   +/- Stdev
    Latency    11.40ms  147.87us  12.36ms   80.44%
    Req/Sec     5.46k   122.14     5.93k    74.20%
  Latency Distribution
     50%   11.38ms
     75%   11.48ms
     90%   11.57ms
     99%   11.90ms
  870260 requests in 10.09s, 88.80MB read
Requests/sec:  86238.51
Transfer/sec:      8.80MB
## server-stat
cpu  2140638 867 1116468 23014690 42258 0 499640 0 0 0
cpu0 76239 16 32061 722476 983 0 15767 0 0 0
cpu1 78959 20 32730 721771 802 0 15767 0 0 0
cpu2 78747 17 32573 722967 462 0 15657 0 0 0
cpu3 96332 19 40701 689189 1280 0 22460 0 0 0
cpu4 99365 19 39911 688577 749 0 21929 0 0 0
cpu5 83159 19 33673 716930 510 0 16141 0 0 0
cpu6 83286 17 33886 716420 435 0 16787 0 0 0
cpu7 82044 15 34210 717300 268 0 16864 0 0 0
cpu8 37455 27 31821 747551 1317 0 9250 0 0 0
cpu9 42605 31 34237 732721 3206 0 9914 0 0 0
cpu10 41141 29 33223 738107 1500 0 9847 0 0 0
cpu11 38255 26 30945 749416 944 0 9016 0 0 0
cpu12 63725 102 35830 710207 3805 0 10514 0 0 0
cpu13 61689 34 36346 711086 3601 0 10739 0 0 0
cpu14 37857 25 30398 752703 1104 0 8777 0 0 0
cpu15 35540 27 28110 761179 937 0 7972 0 0 0
cpu16 93789 12 37568 699397 515 0 19697 0 0 0
cpu17 89969 13 36690 703785 1409 0 18904 0 0 0
cpu18 88987 14 36374 706542 320 0 18661 0 0 0
cpu19 110188 14 44196 669455 805 0 25575 0 0 0
cpu20 106265 16 43597 674329 867 0 25504 0 0 0
cpu21 85908 15 35595 710024 767 0 18224 0 0 0
cpu22 81885 17 34641 715043 480 0 17321 0 0 0
cpu23 77591 17 33308 722956 537 0 16277 0 0 0
cpu24 41000 30 31638 747849 1236 0 9638 0 0 0
cpu25 45027 34 34810 731950 2331 0 11333 0 0 0
cpu26 43487 29 34101 735996 1729 0 10988 0 0 0
cpu27 36966 20 30336 739174 1443 0 17433 0 0 0
cpu28 62155 50 39075 692162 2892 0 22727 0 0 0
cpu29 65045 87 40283 685332 2974 0 23067 0 0 0
cpu30 36299 20 31446 735100 1144 0 17248 0 0 0
cpu31 39666 20 32143 746981 889 0 9628 0 0 0
intr 2210697688 126 0 0 0 0 0 0 0 0 1 0 0 0 0 0 0 0 0 0 0 0 0 0 0 0 0 0 1 1 1 0 0 0 0 1 0 1 0 0 75045 0 0 0 0 0 0 0 0 411 0 0 0 0 0 0 0 0 87 0 0 0 0 0 0 0 0 0 0 0 0 0 0 0 236140 2 35009091 34945811 34874995 35010445 0 7126 2736 3221 1691 3335 2771 2244 2748 1670 11266 19813 11345 8847 14570 16227 11722 7869 2939 2046 1670 3084 2409 2216 1733 1711 9473 8633 6063 6445 7968 7317 6887 8456 0 0 0 0 616585 3573 1036 0 264 0 0 0 0 0 0 0 0 0 0 0 0 0 0 0 0 0 0 0 0 0 0 0 0 0 0 0 0 0 0 0 0 0 0 0 0 0 0 0 0 0 0 0 0 0 0 0 0 0 0 0 0 0 0 0 0 0 0 0 0 0 0 0 0 0 0 0 0 0 0 0 0 0 0 0 0 0 0 0 0 0 0 0 0 0 0 0 0 0 0 0 0 0 0 0 0 0 0 0 0 0 0 0 0 0 0 0 0 0 0 0 0 0 0 0 0 0 0 0 0 0 0 0 0 0 0 0 0 0 0 0 0 0 0 0 0 0 0 0 0 0 0 0 0 0 0 0 0 0 0 0 0 0 0 0 0 0 0 0 0 0 0 0 0 0 0 0 0 0 0 0 0 0 0 0 0 0 0 0 0 0 0 0 0 0 0 0 0 0 0 0 0 0 0 0 0 0 0 0 0 0 0 0 0 0 0 0 0 0 0 0 0 0 0 0 0 0 0 0 0 0 0 0 0 0 0 0 0 0 0 0 0 0 0 0 0 0 0 0 0 0 0 0 0 0 0 0 0 0 0 0 0 0 0 0 0 0 0 0 0 0 0 0 0 0 0 0 0 0 0 0 0 0 0 0 0 0 0 0 0 0 0 0 0 0 0 0 0 0 0 0 0 0 0 0 0 0 0 0 0 0 0 0 0 0 0 0 0 0 0 0 0 0 0 0 0 0 0 0 0 0 0 0 0 0 0 0 0 0 0 0 0 0 0 0 0 0 0 0 0 0 0 0 0 0 0 0 0 0 0 0 0 0 0 0 0 0 0 0 0 0 0 0 0 0 0 0 0 0 0 0 0 0 0 0 0 0 0 0 0 0 0 0 0 0 0 0 0 0 0 0 0 0 0 0 0 0 0 0 0 0 0 0 0 0 0 0 0 0 0 0 0 0 0 0 0 0 0 0 0 0 0 0 0 0 0 0 0 0 0 0 0 0 0 0 0 0 0 0 0 0 0 0 0 0 0 0 0 0 0 0 0 0 0 0 0 0 0 0 0 0 0 0 0 0 0 0 0 0 0 0 0 0 0 0 0 0 0 0 0 0 0 0 0 0 0 0 0 0 0 0 0 0 0 0 0 0 0 0 0 0 0 0 0 0 0 0 0 0 0 0 0 0 0 0 0 0 0 0 0 0 0 0 0 0 0 0 0 0 0 0 0 0 0 0 0 0 0 0 0 0 0 0 0 0 0 0 0 0 0 0 0 0 0 0 0 0 0 0 0 0 0 0 0 0 0 0 0 0 0 0 0 0 0 0 0 0 0 0 0 0 0 0 0 0 0 0 0 0 0 0 0 0 0 0 0 0 0 0 0 0 0 0 0 0 0 0 0 0 0 0 0 0 0 0 0 0 0 0 0 0 0 0 0 0 0 0 0 0 0 0 0 0 0 0 0 0 0 0 0 0 0 0 0 0 0 0 0 0 0 0 0 0 0 0 0 0 0 0 0 0 0 0 0 0 0 0 0 0 0 0 0 0 0 0 0 0 0 0 0 0 0 0 0 0 0 0 0 0 0 0 0 0 0 0 0 0 0 0 0 0 0 0 0 0 0 0 0 0 0 0 0 0 0 0 0 0 0 0 0 0 0 0 0 0 0 0 0 0 0 0 0 0 0 0 0 0 0 0 0 0 0 0 0 0 0 0 0 0 0 0 0 0 0 0 0 0 0 0 0 0 0 0 0 0 0 0 0 0 0 0 0 0 0 0 0 0 0 0 0 0 0 0 0 0 0 0 0 0 0 0 0 0 0 0 0 0 0 0 0 0 0 0 0 0 0 0 0 0 0 0 0 0 0 0 0 0 0 0 0 0 0 0 0 0 0 0 0 0 0 0 0 0 0 0 0 0 0 0 0 0 0 0 0 0 0 0 0 0 0 0 0 0 0 0 0 0 0 0 0 0 0 0 0 0 0 0 0 0 0 0 0 0 0 0 0 0 0 0 0 0 0 0 0 0 0 0 0 0 0 0 0 0 0 0 0 0 0 0 0 0 0 0 0 0 0 0 0 0 0 0 0 0 0 0 0 0 0 0 0 0 0 0 0 0 0 0 0 0 0 0 0 0 0 0 0 0 0 0 0 0 0 0 0 0 0 0 0 0 0 0 0 0 0 0 0 0 0 0 0 0 0 0 0 0 0 0 0 0 0 0 0 0 0 0 0 0 0 0 0 0 0 0 0 0 0 0 0 0 0 0 0 0 0 0 0 0 0 0 0 0 0 0 0 0 0 0 0 0 0 0 0 0 0 0 0 0 0 0 0 0 0 0 0 0 0 0 0 0 0 0 0 0 0 0 0 0 0 0 0 0 0 0 0 0 0 0 0 0 0 0 0 0 0 0 0 0 0 0 0 0 0 0 0 0 0 0 0 0 0 0 0 0 0 0 0 0 0 0 0 0 0 0 0 0 0 0 0 0 0 0 0 0 0 0 0 0 0 0 0 0 0
ctxt 3261551364
btime 1790630938
processes 227639
procs_running 2
procs_blocked 0
softirq 2848334896 73526 5707239 2751881 2769375862 246957 0 13556273 33708152 410 22914596
--
cpu  2141096 867 1116729 23038951 42272 0 499858 0 0 0
cpu0 76265 16 32074 723218 983 0 15778 0 0 0
cpu1 78972 20 32736 722545 802 0 15773 0 0 0
cpu2 78755 17 32578 723749 462 0 15661 0 0 0
cpu3 96485 19 40768 689694 1280 0 22521 0 0 0
cpu4 99471 19 39962 689172 749 0 21976 0 0 0
cpu5 83205 19 33694 717642 510 0 16167 0 0 0
cpu6 83299 17 33891 717196 435 0 16794 0 0 0
cpu7 82046 15 34210 718097 268 0 16864 0 0 0
cpu8 37456 27 31825 748324 1317 0 9252 0 0 0
cpu9 42611 31 34242 733483 3206 0 9916 0 0 0
cpu10 41144 29 33229 738869 1500 0 9849 0 0 0
cpu11 38256 26 30950 750187 944 0 9018 0 0 0
cpu12 63735 102 35837 710957 3805 0 10517 0 0 0
cpu13 61704 34 36354 711831 3601 0 10743 0 0 0
cpu14 37859 25 30403 753472 1104 0 8779 0 0 0
cpu15 35541 27 28115 761947 937 0 7975 0 0 0
cpu16 93791 12 37568 700194 515 0 19698 0 0 0
cpu17 89972 13 36691 704580 1409 0 18905 0 0 0
cpu18 88987 14 36374 707340 320 0 18661 0 0 0
cpu19 110208 14 44204 670219 805 0 25583 0 0 0
cpu20 106265 16 43597 675128 867 0 25504 0 0 0
cpu21 85911 15 35596 710817 767 0 18225 0 0 0
cpu22 81885 17 34641 715842 480 0 17321 0 0 0
cpu23 77592 17 33308 723754 537 0 16277 0 0 0
cpu24 41001 30 31643 748622 1236 0 9641 0 0 0
cpu25 45029 34 34814 732704 2343 0 11336 0 0 0
cpu26 43488 29 34106 736761 1729 0 10992 0 0 0
cpu27 36967 20 30340 739946 1443 0 17435 0 0 0
cpu28 62166 50 39080 692919 2892 0 22730 0 0 0
cpu29 65050 87 40288 686090 2975 0 23071 0 0 0
cpu30 36300 20 31450 735875 1144 0 17251 0 0 0
cpu31 39667 20 32146 747763 889 0 9630 0 0 0
intr 2211317555 126 0 0 0 0 0 0 0 0 1 0 0 0 0 0 0 0 0 0 0 0 0 0 0 0 0 0 1 1 1 0 0 0 0 1 0 1 0 0 75045 0 0 0 0 0 0 0 0 411 0 0 0 0 0 0 0 0 87 0 0 0 0 0 0 0 0 0 0 0 0 0 0 0 236263 2 35009106 34945847 34875006 35010469 0 7130 2736 3221 1691 3335 2771 2244 2748 1670 11266 19813 11345 8847 14571 16227 11722 7869 2939 2046 1670 3084 2409 2216 1733 1711 9473 8633 6063 6445 7968 7317 6887 8459 0 0 0 0 616585 3573 1036 0 264 0 0 0 0 0 0 0 0 0 0 0 0 0 0 0 0 0 0 0 0 0 0 0 0 0 0 0 0 0 0 0 0 0 0 0 0 0 0 0 0 0 0 0 0 0 0 0 0 0 0 0 0 0 0 0 0 0 0 0 0 0 0 0 0 0 0 0 0 0 0 0 0 0 0 0 0 0 0 0 0 0 0 0 0 0 0 0 0 0 0 0 0 0 0 0 0 0 0 0 0 0 0 0 0 0 0 0 0 0 0 0 0 0 0 0 0 0 0 0 0 0 0 0 0 0 0 0 0 0 0 0 0 0 0 0 0 0 0 0 0 0 0 0 0 0 0 0 0 0 0 0 0 0 0 0 0 0 0 0 0 0 0 0 0 0 0 0 0 0 0 0 0 0 0 0 0 0 0 0 0 0 0 0 0 0 0 0 0 0 0 0 0 0 0 0 0 0 0 0 0 0 0 0 0 0 0 0 0 0 0 0 0 0 0 0 0 0 0 0 0 0 0 0 0 0 0 0 0 0 0 0 0 0 0 0 0 0 0 0 0 0 0 0 0 0 0 0 0 0 0 0 0 0 0 0 0 0 0 0 0 0 0 0 0 0 0 0 0 0 0 0 0 0 0 0 0 0 0 0 0 0 0 0 0 0 0 0 0 0 0 0 0 0 0 0 0 0 0 0 0 0 0 0 0 0 0 0 0 0 0 0 0 0 0 0 0 0 0 0 0 0 0 0 0 0 0 0 0 0 0 0 0 0 0 0 0 0 0 0 0 0 0 0 0 0 0 0 0 0 0 0 0 0 0 0 0 0 0 0 0 0 0 0 0 0 0 0 0 0 0 0 0 0 0 0 0 0 0 0 0 0 0 0 0 0 0 0 0 0 0 0 0 0 0 0 0 0 0 0 0 0 0 0 0 0 0 0 0 0 0 0 0 0 0 0 0 0 0 0 0 0 0 0 0 0 0 0 0 0 0 0 0 0 0 0 0 0 0 0 0 0 0 0 0 0 0 0 0 0 0 0 0 0 0 0 0 0 0 0 0 0 0 0 0 0 0 0 0 0 0 0 0 0 0 0 0 0 0 0 0 0 0 0 0 0 0 0 0 0 0 0 0 0 0 0 0 0 0 0 0 0 0 0 0 0 0 0 0 0 0 0 0 0 0 0 0 0 0 0 0 0 0 0 0 0 0 0 0 0 0 0 0 0 0 0 0 0 0 0 0 0 0 0 0 0 0 0 0 0 0 0 0 0 0 0 0 0 0 0 0 0 0 0 0 0 0 0 0 0 0 0 0 0 0 0 0 0 0 0 0 0 0 0 0 0 0 0 0 0 0 0 0 0 0 0 0 0 0 0 0 0 0 0 0 0 0 0 0 0 0 0 0 0 0 0 0 0 0 0 0 0 0 0 0 0 0 0 0 0 0 0 0 0 0 0 0 0 0 0 0 0 0 0 0 0 0 0 0 0 0 0 0 0 0 0 0 0 0 0 0 0 0 0 0 0 0 0 0 0 0 0 0 0 0 0 0 0 0 0 0 0 0 0 0 0 0 0 0 0 0 0 0 0 0 0 0 0 0 0 0 0 0 0 0 0 0 0 0 0 0 0 0 0 0 0 0 0 0 0 0 0 0 0 0 0 0 0 0 0 0 0 0 0 0 0 0 0 0 0 0 0 0 0 0 0 0 0 0 0 0 0 0 0 0 0 0 0 0 0 0 0 0 0 0 0 0 0 0 0 0 0 0 0 0 0 0 0 0 0 0 0 0 0 0 0 0 0 0 0 0 0 0 0 0 0 0 0 0 0 0 0 0 0 0 0 0 0 0 0 0 0 0 0 0 0 0 0 0 0 0 0 0 0 0 0 0 0 0 0 0 0 0 0 0 0 0 0 0 0 0 0 0 0 0 0 0 0 0 0 0 0 0 0 0 0 0 0 0 0 0 0 0 0 0 0 0 0 0 0 0 0 0 0 0 0 0 0 0 0 0 0 0 0 0 0 0 0 0 0 0 0 0 0 0 0 0 0 0 0 0 0 0 0 0 0 0 0 0 0 0 0 0 0 0 0 0 0 0 0 0 0 0 0 0 0 0 0 0 0 0 0 0 0 0 0 0 0 0 0 0 0 0 0 0 0 0 0 0 0 0 0 0 0 0 0 0 0 0 0 0 0 0 0 0 0 0 0 0 0 0 0 0 0 0 0 0 0 0 0 0 0 0 0 0 0 0 0 0 0 0 0 0 0 0 0 0 0 0 0 0 0 0 0 0 0 0 0 0 0 0 0 0 0 0 0 0 0 0 0 0 0 0 0 0 0 0 0 0 0 0 0 0 0 0 0 0 0 0 0 0 0 0 0 0 0 0 0 0 0 0 0 0 0 0 0 0 0 0 0 0 0 0 0 0 0 0 0 0 0 0 0 0 0 0 0 0 0 0 0 0 0 0 0 0 0 0 0 0 0 0 0 0 0 0 0 0 0 0 0 0 0 0
ctxt 3262735221
btime 1790630938
processes 227679
procs_running 3
procs_blocked 0
softirq 2849751433 73526 5709928 2751881 2770767786 247088 0 13556273 33720246 410 22924295
