Running 10s test @ http://127.0.0.1:18500/json
  16 threads and 128 connections
  Thread Stats   Avg      Stdev     Max   +/- Stdev
    Latency    84.34us   26.80us   1.94ms   80.55%
    Req/Sec    93.58k     6.46k  132.97k    75.51%
  Latency Distribution
     50%   82.00us
     75%   90.00us
     90%  100.00us
     99%  178.00us
  15018959 requests in 10.10s, 2.48GB read
Requests/sec: 1487129.15
Transfer/sec:    251.03MB
## server-stat
cpu  1655578 616 841817 14704844 35298 0 337185 0 0 0
cpu0 54228 12 24188 465649 848 0 10736 0 0 0
cpu1 56035 14 24452 465595 691 0 10485 0 0 0
cpu2 56478 11 24368 465632 420 0 10558 0 0 0
cpu3 63810 13 27756 451012 1213 0 13629 0 0 0
cpu4 63396 13 26633 454054 736 0 12724 0 0 0
cpu5 57555 13 24556 464387 419 0 10519 0 0 0
cpu6 57330 11 24568 464463 403 0 10728 0 0 0
cpu7 55051 10 23920 467940 255 0 10034 0 0 0
cpu8 36152 18 25935 472112 1135 0 6720 0 0 0
cpu9 40801 21 27049 462426 2548 0 7145 0 0 0
cpu10 39672 20 26763 465713 1324 0 7178 0 0 0
cpu11 37143 16 25520 472998 751 0 6685 0 0 0
cpu12 57758 89 27817 445067 3384 0 7502 0 0 0
cpu13 56421 22 28075 446389 2784 0 7661 0 0 0
cpu14 36677 15 25006 475621 932 0 6532 0 0 0
cpu15 34564 16 23370 481454 742 0 5921 0 0 0
cpu16 63233 8 26006 456688 410 0 11419 0 0 0
cpu17 61617 9 25700 457811 1316 0 11152 0 0 0
cpu18 61066 9 25470 459810 304 0 10879 0 0 0
cpu19 68451 11 28151 446802 724 0 13205 0 0 0
cpu20 69522 12 29020 444081 756 0 14213 0 0 0
cpu21 60909 10 25356 459455 637 0 10972 0 0 0
cpu22 58722 10 25099 461064 367 0 10624 0 0 0
cpu23 57372 12 25058 463414 382 0 10815 0 0 0
cpu24 39815 20 26265 470597 1026 0 7224 0 0 0
cpu25 43315 24 28579 459250 1814 0 8412 0 0 0
cpu26 42028 20 28114 462218 1392 0 8170 0 0 0
cpu27 35814 11 25038 462159 1207 0 14970 0 0 0
cpu28 57254 33 30491 427724 2268 0 19109 0 0 0
cpu29 59768 72 31174 422856 2325 0 19338 0 0 0
cpu30 35072 13 25696 460213 951 0 14757 0 0 0
cpu31 38537 13 26609 470174 818 0 7151 0 0 0
intr 1624190052 126 0 0 0 0 0 0 0 0 1 0 0 0 0 0 0 0 0 0 0 0 0 0 0 0 0 0 1 1 1 0 0 0 0 1 0 1 0 0 75045 0 0 0 0 0 0 0 0 411 0 0 0 0 0 0 0 0 87 0 0 0 0 0 0 0 0 0 0 0 0 0 0 0 175683 2 34993407 34931217 34858375 34993700 0 4698 2485 2970 1599 3116 2676 2086 2576 1522 10636 19006 10758 8580 13844 15320 11442 7661 2722 1810 1545 2391 2273 1987 1687 1676 9179 7819 5624 6082 6988 6375 6469 8161 0 0 0 0 616384 3220 1036 0 264 0 0 0 0 0 0 0 0 0 0 0 0 0 0 0 0 0 0 0 0 0 0 0 0 0 0 0 0 0 0 0 0 0 0 0 0 0 0 0 0 0 0 0 0 0 0 0 0 0 0 0 0 0 0 0 0 0 0 0 0 0 0 0 0 0 0 0 0 0 0 0 0 0 0 0 0 0 0 0 0 0 0 0 0 0 0 0 0 0 0 0 0 0 0 0 0 0 0 0 0 0 0 0 0 0 0 0 0 0 0 0 0 0 0 0 0 0 0 0 0 0 0 0 0 0 0 0 0 0 0 0 0 0 0 0 0 0 0 0 0 0 0 0 0 0 0 0 0 0 0 0 0 0 0 0 0 0 0 0 0 0 0 0 0 0 0 0 0 0 0 0 0 0 0 0 0 0 0 0 0 0 0 0 0 0 0 0 0 0 0 0 0 0 0 0 0 0 0 0 0 0 0 0 0 0 0 0 0 0 0 0 0 0 0 0 0 0 0 0 0 0 0 0 0 0 0 0 0 0 0 0 0 0 0 0 0 0 0 0 0 0 0 0 0 0 0 0 0 0 0 0 0 0 0 0 0 0 0 0 0 0 0 0 0 0 0 0 0 0 0 0 0 0 0 0 0 0 0 0 0 0 0 0 0 0 0 0 0 0 0 0 0 0 0 0 0 0 0 0 0 0 0 0 0 0 0 0 0 0 0 0 0 0 0 0 0 0 0 0 0 0 0 0 0 0 0 0 0 0 0 0 0 0 0 0 0 0 0 0 0 0 0 0 0 0 0 0 0 0 0 0 0 0 0 0 0 0 0 0 0 0 0 0 0 0 0 0 0 0 0 0 0 0 0 0 0 0 0 0 0 0 0 0 0 0 0 0 0 0 0 0 0 0 0 0 0 0 0 0 0 0 0 0 0 0 0 0 0 0 0 0 0 0 0 0 0 0 0 0 0 0 0 0 0 0 0 0 0 0 0 0 0 0 0 0 0 0 0 0 0 0 0 0 0 0 0 0 0 0 0 0 0 0 0 0 0 0 0 0 0 0 0 0 0 0 0 0 0 0 0 0 0 0 0 0 0 0 0 0 0 0 0 0 0 0 0 0 0 0 0 0 0 0 0 0 0 0 0 0 0 0 0 0 0 0 0 0 0 0 0 0 0 0 0 0 0 0 0 0 0 0 0 0 0 0 0 0 0 0 0 0 0 0 0 0 0 0 0 0 0 0 0 0 0 0 0 0 0 0 0 0 0 0 0 0 0 0 0 0 0 0 0 0 0 0 0 0 0 0 0 0 0 0 0 0 0 0 0 0 0 0 0 0 0 0 0 0 0 0 0 0 0 0 0 0 0 0 0 0 0 0 0 0 0 0 0 0 0 0 0 0 0 0 0 0 0 0 0 0 0 0 0 0 0 0 0 0 0 0 0 0 0 0 0 0 0 0 0 0 0 0 0 0 0 0 0 0 0 0 0 0 0 0 0 0 0 0 0 0 0 0 0 0 0 0 0 0 0 0 0 0 0 0 0 0 0 0 0 0 0 0 0 0 0 0 0 0 0 0 0 0 0 0 0 0 0 0 0 0 0 0 0 0 0 0 0 0 0 0 0 0 0 0 0 0 0 0 0 0 0 0 0 0 0 0 0 0 0 0 0 0 0 0 0 0 0 0 0 0 0 0 0 0 0 0 0 0 0 0 0 0 0 0 0 0 0 0 0 0 0 0 0 0 0 0 0 0 0 0 0 0 0 0 0 0 0 0 0 0 0 0 0 0 0 0 0 0 0 0 0 0 0 0 0 0 0 0 0 0 0 0 0 0 0 0 0 0 0 0 0 0 0 0 0 0 0 0 0 0 0 0 0 0 0 0 0 0 0 0 0 0 0 0 0 0 0 0 0 0 0 0 0 0 0 0 0 0 0 0 0 0 0 0 0 0 0 0 0 0 0 0 0 0 0 0 0 0 0 0 0 0 0 0 0 0 0 0 0 0 0 0 0 0 0 0 0 0 0 0 0 0 0 0 0 0 0 0 0 0 0 0 0 0 0 0 0 0 0 0 0 0 0 0 0 0 0 0 0 0 0 0 0 0 0 0 0 0 0 0 0 0 0 0 0 0 0 0 0 0 0 0 0 0 0 0 0 0 0 0 0 0 0 0 0 0 0 0 0 0 0 0 0 0 0 0 0 0 0 0 0 0 0 0 0 0 0 0 0 0 0 0 0 0 0 0 0 0 0 0 0 0 0 0 0 0 0 0 0 0 0 0 0 0 0 0 0 0 0 0 0 0 0 0 0 0 0 0 0 0 0 0 0 0 0 0 0 0 0 0 0 0 0 0 0 0 0 0 0 0 0 0 0 0 0 0 0 0 0 0 0 0 0 0 0 0 0 0 0 0 0 0 0 0 0 0 0 0 0 0 0 0 0 0 0 0 0 0 0 0 0 0 0 0 0 0 0 0 0 0 0 0 0 0 0 0 0 0 0 0 0 0 0
ctxt 2189217663
btime 1790630938
processes 157633
procs_running 17
procs_blocked 0
softirq 1850036828 73526 3834897 2751576 1787974725 183030 0 13554706 25234636 410 16429322
--
cpu  1657821 617 847603 14715913 35313 0 341104 0 0 0
cpu0 54229 12 24189 466435 848 0 10741 0 0 0
cpu1 56035 14 24453 466393 691 0 10486 0 0 0
cpu2 56478 11 24369 466431 420 0 10558 0 0 0
cpu3 63820 13 27772 451769 1213 0 13643 0 0 0
cpu4 63396 13 26634 454853 736 0 12724 0 0 0
cpu5 57556 13 24557 465185 420 0 10519 0 0 0
cpu6 57330 11 24569 465261 403 0 10728 0 0 0
cpu7 55051 10 23920 468738 255 0 10034 0 0 0
cpu8 36188 18 26139 472417 1135 0 6815 0 0 0
cpu9 40838 21 27256 462728 2548 0 7240 0 0 0
cpu10 39709 20 26976 466012 1324 0 7274 0 0 0
cpu11 37178 16 25724 473297 752 0 6783 0 0 0
cpu12 57797 90 28032 445359 3384 0 7597 0 0 0
cpu13 56461 22 28287 446680 2784 0 7759 0 0 0
cpu14 36709 15 25221 475915 936 0 6627 0 0 0
cpu15 34598 16 23574 481760 742 0 6014 0 0 0
cpu16 63424 8 26306 456688 410 0 11727 0 0 0
cpu17 61821 9 26005 457811 1316 0 11444 0 0 0
cpu18 61274 9 25779 459810 304 0 11163 0 0 0
cpu19 68652 11 28435 446839 728 0 13478 0 0 0
cpu20 69717 12 29333 444081 756 0 14506 0 0 0
cpu21 61115 10 25656 459455 637 0 11266 0 0 0
cpu22 58930 10 25396 461064 367 0 10919 0 0 0
cpu23 57569 12 25357 463414 382 0 11120 0 0 0
cpu24 39855 20 26474 470885 1028 0 7327 0 0 0
cpu25 43358 24 28788 459534 1817 0 8516 0 0 0
cpu26 42071 20 28328 462507 1392 0 8268 0 0 0
cpu27 35851 11 25249 462451 1207 0 15065 0 0 0
cpu28 57301 33 30700 428008 2268 0 19216 0 0 0
cpu29 59815 72 31391 423141 2325 0 19434 0 0 0
cpu30 35109 13 25906 460508 951 0 14854 0 0 0
cpu31 38572 13 26815 470467 819 0 7247 0 0 0
intr 1629385169 126 0 0 0 0 0 0 0 0 1 0 0 0 0 0 0 0 0 0 0 0 0 0 0 0 0 0 1 1 1 0 0 0 0 1 0 1 0 0 75045 0 0 0 0 0 0 0 0 411 0 0 0 0 0 0 0 0 87 0 0 0 0 0 0 0 0 0 0 0 0 0 0 0 175917 2 34993428 34931238 34858398 34993743 0 4706 2485 2970 1599 3117 2676 2095 2576 1522 10636 19006 10758 8588 13844 15321 11442 7661 2722 1810 1545 2391 2273 1987 1687 1676 9180 7819 5624 6083 7003 6447 6469 8172 0 0 0 0 616384 3220 1036 0 264 0 0 0 0 0 0 0 0 0 0 0 0 0 0 0 0 0 0 0 0 0 0 0 0 0 0 0 0 0 0 0 0 0 0 0 0 0 0 0 0 0 0 0 0 0 0 0 0 0 0 0 0 0 0 0 0 0 0 0 0 0 0 0 0 0 0 0 0 0 0 0 0 0 0 0 0 0 0 0 0 0 0 0 0 0 0 0 0 0 0 0 0 0 0 0 0 0 0 0 0 0 0 0 0 0 0 0 0 0 0 0 0 0 0 0 0 0 0 0 0 0 0 0 0 0 0 0 0 0 0 0 0 0 0 0 0 0 0 0 0 0 0 0 0 0 0 0 0 0 0 0 0 0 0 0 0 0 0 0 0 0 0 0 0 0 0 0 0 0 0 0 0 0 0 0 0 0 0 0 0 0 0 0 0 0 0 0 0 0 0 0 0 0 0 0 0 0 0 0 0 0 0 0 0 0 0 0 0 0 0 0 0 0 0 0 0 0 0 0 0 0 0 0 0 0 0 0 0 0 0 0 0 0 0 0 0 0 0 0 0 0 0 0 0 0 0 0 0 0 0 0 0 0 0 0 0 0 0 0 0 0 0 0 0 0 0 0 0 0 0 0 0 0 0 0 0 0 0 0 0 0 0 0 0 0 0 0 0 0 0 0 0 0 0 0 0 0 0 0 0 0 0 0 0 0 0 0 0 0 0 0 0 0 0 0 0 0 0 0 0 0 0 0 0 0 0 0 0 0 0 0 0 0 0 0 0 0 0 0 0 0 0 0 0 0 0 0 0 0 0 0 0 0 0 0 0 0 0 0 0 0 0 0 0 0 0 0 0 0 0 0 0 0 0 0 0 0 0 0 0 0 0 0 0 0 0 0 0 0 0 0 0 0 0 0 0 0 0 0 0 0 0 0 0 0 0 0 0 0 0 0 0 0 0 0 0 0 0 0 0 0 0 0 0 0 0 0 0 0 0 0 0 0 0 0 0 0 0 0 0 0 0 0 0 0 0 0 0 0 0 0 0 0 0 0 0 0 0 0 0 0 0 0 0 0 0 0 0 0 0 0 0 0 0 0 0 0 0 0 0 0 0 0 0 0 0 0 0 0 0 0 0 0 0 0 0 0 0 0 0 0 0 0 0 0 0 0 0 0 0 0 0 0 0 0 0 0 0 0 0 0 0 0 0 0 0 0 0 0 0 0 0 0 0 0 0 0 0 0 0 0 0 0 0 0 0 0 0 0 0 0 0 0 0 0 0 0 0 0 0 0 0 0 0 0 0 0 0 0 0 0 0 0 0 0 0 0 0 0 0 0 0 0 0 0 0 0 0 0 0 0 0 0 0 0 0 0 0 0 0 0 0 0 0 0 0 0 0 0 0 0 0 0 0 0 0 0 0 0 0 0 0 0 0 0 0 0 0 0 0 0 0 0 0 0 0 0 0 0 0 0 0 0 0 0 0 0 0 0 0 0 0 0 0 0 0 0 0 0 0 0 0 0 0 0 0 0 0 0 0 0 0 0 0 0 0 0 0 0 0 0 0 0 0 0 0 0 0 0 0 0 0 0 0 0 0 0 0 0 0 0 0 0 0 0 0 0 0 0 0 0 0 0 0 0 0 0 0 0 0 0 0 0 0 0 0 0 0 0 0 0 0 0 0 0 0 0 0 0 0 0 0 0 0 0 0 0 0 0 0 0 0 0 0 0 0 0 0 0 0 0 0 0 0 0 0 0 0 0 0 0 0 0 0 0 0 0 0 0 0 0 0 0 0 0 0 0 0 0 0 0 0 0 0 0 0 0 0 0 0 0 0 0 0 0 0 0 0 0 0 0 0 0 0 0 0 0 0 0 0 0 0 0 0 0 0 0 0 0 0 0 0 0 0 0 0 0 0 0 0 0 0 0 0 0 0 0 0 0 0 0 0 0 0 0 0 0 0 0 0 0 0 0 0 0 0 0 0 0 0 0 0 0 0 0 0 0 0 0 0 0 0 0 0 0 0 0 0 0 0 0 0 0 0 0 0 0 0 0 0 0 0 0 0 0 0 0 0 0 0 0 0 0 0 0 0 0 0 0 0 0 0 0 0 0 0 0 0 0 0 0 0 0 0 0 0 0 0 0 0 0 0 0 0 0 0 0 0 0 0 0 0 0 0 0 0 0 0 0 0 0 0 0 0 0 0 0 0 0 0 0 0 0 0 0 0 0 0 0 0 0 0 0 0 0 0 0 0 0 0 0 0 0 0 0 0 0 0 0 0 0 0 0 0 0 0 0 0 0 0 0 0 0 0 0 0 0 0 0 0 0 0 0 0 0 0 0 0 0 0 0 0 0 0 0 0 0 0 0 0 0 0 0 0 0 0 0 0 0 0 0 0 0 0 0 0 0 0 0 0 0 0 0 0 0 0 0 0 0 0 0 0 0 0 0 0 0 0 0 0 0 0 0 0 0 0 0 0 0 0 0 0 0 0 0 0 0 0 0 0 0 0
ctxt 2199471753
btime 1790630938
processes 157710
procs_running 19
procs_blocked 0
softirq 1873914150 73526 3839481 2751576 1811747972 183276 0 13554706 25289460 410 16473743
