Running 10s test @ http://127.0.0.1:18500/wait
  16 threads and 1000 connections
  Thread Stats   Avg      Stdev     Max   +/- Stdev
    Latency    11.33ms  352.03us  13.20ms   66.25%
    Req/Sec     5.49k    98.36     5.88k    71.82%
  Latency Distribution
     50%   11.32ms
     75%   11.51ms
     90%   11.85ms
     99%   12.22ms
  877287 requests in 10.10s, 106.25MB read
Requests/sec:  86859.99
Transfer/sec:     10.52MB
## server-stat
cpu  2158668 875 1133354 23237188 42433 0 511052 0 0 0
cpu0 76497 16 32261 730545 984 0 15959 0 0 0
cpu1 79160 20 32883 730086 802 0 15896 0 0 0
cpu2 79586 17 32937 730260 462 0 15965 0 0 0
cpu3 96797 19 41025 696929 1280 0 22717 0 0 0
cpu4 99732 19 40186 696493 755 0 22160 0 0 0
cpu5 84468 19 34277 723301 510 0 16669 0 0 0
cpu6 84494 18 34523 722817 435 0 17347 0 0 0
cpu7 83238 15 34819 723805 268 0 17385 0 0 0
cpu8 37590 27 32317 754719 1318 0 9475 0 0 0
cpu9 42754 31 34747 739824 3207 0 10134 0 0 0
cpu10 41285 30 33734 745182 1530 0 10082 0 0 0
cpu11 38375 26 31448 756578 948 0 9238 0 0 0
cpu12 63940 102 36367 717192 3822 0 10757 0 0 0
cpu13 61882 34 36878 718093 3603 0 10986 0 0 0
cpu14 37986 25 30893 759902 1106 0 9012 0 0 0
cpu15 35661 28 28598 768417 942 0 8187 0 0 0
cpu16 95500 12 38481 704782 516 0 20505 0 0 0
cpu17 91688 13 37588 709149 1409 0 19746 0 0 0
cpu18 89989 14 37046 713053 320 0 19292 0 0 0
cpu19 112073 14 45207 674439 805 0 26505 0 0 0
cpu20 108087 16 44618 679422 867 0 26384 0 0 0
cpu21 86531 15 36065 717293 767 0 18676 0 0 0
cpu22 82461 18 34999 722621 480 0 17631 0 0 0
cpu23 77895 18 33459 731175 557 0 16403 0 0 0
cpu24 41138 31 32143 754971 1238 0 9864 0 0 0
cpu25 45190 34 35311 738999 2350 0 11564 0 0 0
cpu26 43631 29 34628 743042 1752 0 11224 0 0 0
cpu27 37101 20 30839 746282 1458 0 17653 0 0 0
cpu28 62405 50 39632 699115 2893 0 22969 0 0 0
cpu29 65291 88 40822 692304 2977 0 23312 0 0 0
cpu30 36426 20 31953 742242 1163 0 17483 0 0 0
cpu31 39803 20 32658 754140 895 0 9858 0 0 0
intr 2232316632 126 0 0 0 0 0 0 0 0 1 0 0 0 0 0 0 0 0 0 0 0 0 0 0 0 0 0 1 1 1 0 0 0 0 1 0 1 0 0 75045 0 0 0 0 0 0 0 0 411 0 0 0 0 0 0 0 0 87 0 0 0 0 0 0 0 0 0 0 0 0 0 0 0 238085 2 35009401 34946437 34875297 35010894 0 7196 2736 3224 1692 3335 2771 2244 2748 1670 11325 19895 11355 8848 14580 16240 11723 7892 2939 2053 1670 3085 2410 2216 1733 1713 9513 8637 6188 6455 7969 7331 6888 8471 0 0 0 0 616589 3587 1036 0 264 0 0 0 0 0 0 0 0 0 0 0 0 0 0 0 0 0 0 0 0 0 0 0 0 0 0 0 0 0 0 0 0 0 0 0 0 0 0 0 0 0 0 0 0 0 0 0 0 0 0 0 0 0 0 0 0 0 0 0 0 0 0 0 0 0 0 0 0 0 0 0 0 0 0 0 0 0 0 0 0 0 0 0 0 0 0 0 0 0 0 0 0 0 0 0 0 0 0 0 0 0 0 0 0 0 0 0 0 0 0 0 0 0 0 0 0 0 0 0 0 0 0 0 0 0 0 0 0 0 0 0 0 0 0 0 0 0 0 0 0 0 0 0 0 0 0 0 0 0 0 0 0 0 0 0 0 0 0 0 0 0 0 0 0 0 0 0 0 0 0 0 0 0 0 0 0 0 0 0 0 0 0 0 0 0 0 0 0 0 0 0 0 0 0 0 0 0 0 0 0 0 0 0 0 0 0 0 0 0 0 0 0 0 0 0 0 0 0 0 0 0 0 0 0 0 0 0 0 0 0 0 0 0 0 0 0 0 0 0 0 0 0 0 0 0 0 0 0 0 0 0 0 0 0 0 0 0 0 0 0 0 0 0 0 0 0 0 0 0 0 0 0 0 0 0 0 0 0 0 0 0 0 0 0 0 0 0 0 0 0 0 0 0 0 0 0 0 0 0 0 0 0 0 0 0 0 0 0 0 0 0 0 0 0 0 0 0 0 0 0 0 0 0 0 0 0 0 0 0 0 0 0 0 0 0 0 0 0 0 0 0 0 0 0 0 0 0 0 0 0 0 0 0 0 0 0 0 0 0 0 0 0 0 0 0 0 0 0 0 0 0 0 0 0 0 0 0 0 0 0 0 0 0 0 0 0 0 0 0 0 0 0 0 0 0 0 0 0 0 0 0 0 0 0 0 0 0 0 0 0 0 0 0 0 0 0 0 0 0 0 0 0 0 0 0 0 0 0 0 0 0 0 0 0 0 0 0 0 0 0 0 0 0 0 0 0 0 0 0 0 0 0 0 0 0 0 0 0 0 0 0 0 0 0 0 0 0 0 0 0 0 0 0 0 0 0 0 0 0 0 0 0 0 0 0 0 0 0 0 0 0 0 0 0 0 0 0 0 0 0 0 0 0 0 0 0 0 0 0 0 0 0 0 0 0 0 0 0 0 0 0 0 0 0 0 0 0 0 0 0 0 0 0 0 0 0 0 0 0 0 0 0 0 0 0 0 0 0 0 0 0 0 0 0 0 0 0 0 0 0 0 0 0 0 0 0 0 0 0 0 0 0 0 0 0 0 0 0 0 0 0 0 0 0 0 0 0 0 0 0 0 0 0 0 0 0 0 0 0 0 0 0 0 0 0 0 0 0 0 0 0 0 0 0 0 0 0 0 0 0 0 0 0 0 0 0 0 0 0 0 0 0 0 0 0 0 0 0 0 0 0 0 0 0 0 0 0 0 0 0 0 0 0 0 0 0 0 0 0 0 0 0 0 0 0 0 0 0 0 0 0 0 0 0 0 0 0 0 0 0 0 0 0 0 0 0 0 0 0 0 0 0 0 0 0 0 0 0 0 0 0 0 0 0 0 0 0 0 0 0 0 0 0 0 0 0 0 0 0 0 0 0 0 0 0 0 0 0 0 0 0 0 0 0 0 0 0 0 0 0 0 0 0 0 0 0 0 0 0 0 0 0 0 0 0 0 0 0 0 0 0 0 0 0 0 0 0 0 0 0 0 0 0 0 0 0 0 0 0 0 0 0 0 0 0 0 0 0 0 0 0 0 0 0 0 0 0 0 0 0 0 0 0 0 0 0 0 0 0 0 0 0 0 0 0 0 0 0 0 0 0 0 0 0 0 0 0 0 0 0 0 0 0 0 0 0 0 0 0 0 0 0 0 0 0 0 0 0 0 0 0 0 0 0 0 0 0 0 0 0 0 0 0 0 0 0 0 0 0 0 0 0 0 0 0 0 0 0 0 0 0 0 0 0 0 0 0 0 0 0 0 0 0 0 0 0 0 0 0 0 0 0 0 0 0 0 0 0 0 0 0 0 0 0 0 0 0 0 0 0 0 0 0 0 0 0 0 0 0 0 0 0 0 0 0 0 0 0 0 0 0 0 0 0 0 0 0 0 0 0 0 0 0 0 0 0 0 0 0 0 0 0 0 0 0 0 0 0 0 0 0 0 0 0 0 0 0 0 0 0 0 0 0 0 0 0 0 0 0 0 0 0 0 0 0 0 0 0 0 0 0 0 0 0 0 0 0 0 0 0 0 0 0 0 0 0 0 0 0 0 0 0 0 0 0 0 0 0 0 0 0 0 0 0 0 0 0 0 0 0 0 0 0 0 0 0 0 0 0 0 0 0 0 0 0 0 0 0 0 0 0 0 0 0 0 0 0 0 0 0 0 0 0 0 0 0 0 0 0 0 0 0 0 0 0 0 0 0 0 0 0 0 0 0 0 0 0 0 0 0 0 0
ctxt 3302661944
btime 1790630938
processes 229837
procs_running 2
procs_blocked 0
softirq 2913372921 73526 5758749 2751893 2833774627 249004 0 13556340 33994155 410 23214217
--
cpu  2159545 876 1133645 23260984 42435 0 511272 0 0 0
cpu0 76605 16 32290 731177 984 0 15980 0 0 0
cpu1 79237 20 32906 730763 803 0 15914 0 0 0
cpu2 79618 17 32947 731010 462 0 15972 0 0 0
cpu3 96969 19 41069 697472 1280 0 22750 0 0 0
cpu4 99906 19 40233 697026 755 0 22196 0 0 0
cpu5 84544 19 34297 723992 510 0 16686 0 0 0
cpu6 84520 18 34530 723578 435 0 17353 0 0 0
cpu7 83247 15 34822 724589 268 0 17388 0 0 0
cpu8 37591 27 32320 755487 1318 0 9478 0 0 0
cpu9 42762 31 34752 740583 3207 0 10137 0 0 0
cpu10 41287 30 33738 745947 1530 0 10085 0 0 0
cpu11 38377 26 31452 757347 948 0 9241 0 0 0
cpu12 63950 102 36373 717950 3822 0 10761 0 0 0
cpu13 61898 34 36884 718843 3603 0 10989 0 0 0
cpu14 37989 25 30897 760671 1106 0 9014 0 0 0
cpu15 35662 28 28602 769186 942 0 8191 0 0 0
cpu16 95504 12 38481 705576 516 0 20506 0 0 0
cpu17 91694 13 37589 709941 1409 0 19746 0 0 0
cpu18 89990 14 37046 713851 320 0 19292 0 0 0
cpu19 112184 14 45234 675079 805 0 26524 0 0 0
cpu20 108104 16 44622 680197 867 0 26387 0 0 0
cpu21 86535 15 36066 718085 767 0 18677 0 0 0
cpu22 82462 18 34999 723418 480 0 17631 0 0 0
cpu23 77895 18 33459 731974 557 0 16404 0 0 0
cpu24 41140 31 32147 755738 1238 0 9866 0 0 0
cpu25 45191 34 35316 739765 2350 0 11568 0 0 0
cpu26 43632 29 34633 743810 1752 0 11227 0 0 0
cpu27 37103 20 30842 747053 1459 0 17656 0 0 0
cpu28 62408 50 39638 699876 2893 0 22973 0 0 0
cpu29 65293 88 40827 693063 2977 0 23317 0 0 0
cpu30 36428 20 31957 743012 1163 0 17485 0 0 0
cpu31 39803 20 32660 754910 895 0 9861 0 0 0
intr 2232978623 126 0 0 0 0 0 0 0 0 1 0 0 0 0 0 0 0 0 0 0 0 0 0 0 0 0 0 1 1 1 0 0 0 0 1 0 1 0 0 75045 0 0 0 0 0 0 0 0 411 0 0 0 0 0 0 0 0 87 0 0 0 0 0 0 0 0 0 0 0 0 0 0 0 238085 2 35009409 34946478 34875310 35010916 0 7204 2736 3224 1692 3335 2771 2244 2748 1670 11325 19895 11355 8848 14580 16240 11723 7892 2939 2053 1670 3085 2410 2216 1733 1713 9514 8637 6188 6461 7969 7331 6890 8471 0 0 0 0 616589 3587 1036 0 264 0 0 0 0 0 0 0 0 0 0 0 0 0 0 0 0 0 0 0 0 0 0 0 0 0 0 0 0 0 0 0 0 0 0 0 0 0 0 0 0 0 0 0 0 0 0 0 0 0 0 0 0 0 0 0 0 0 0 0 0 0 0 0 0 0 0 0 0 0 0 0 0 0 0 0 0 0 0 0 0 0 0 0 0 0 0 0 0 0 0 0 0 0 0 0 0 0 0 0 0 0 0 0 0 0 0 0 0 0 0 0 0 0 0 0 0 0 0 0 0 0 0 0 0 0 0 0 0 0 0 0 0 0 0 0 0 0 0 0 0 0 0 0 0 0 0 0 0 0 0 0 0 0 0 0 0 0 0 0 0 0 0 0 0 0 0 0 0 0 0 0 0 0 0 0 0 0 0 0 0 0 0 0 0 0 0 0 0 0 0 0 0 0 0 0 0 0 0 0 0 0 0 0 0 0 0 0 0 0 0 0 0 0 0 0 0 0 0 0 0 0 0 0 0 0 0 0 0 0 0 0 0 0 0 0 0 0 0 0 0 0 0 0 0 0 0 0 0 0 0 0 0 0 0 0 0 0 0 0 0 0 0 0 0 0 0 0 0 0 0 0 0 0 0 0 0 0 0 0 0 0 0 0 0 0 0 0 0 0 0 0 0 0 0 0 0 0 0 0 0 0 0 0 0 0 0 0 0 0 0 0 0 0 0 0 0 0 0 0 0 0 0 0 0 0 0 0 0 0 0 0 0 0 0 0 0 0 0 0 0 0 0 0 0 0 0 0 0 0 0 0 0 0 0 0 0 0 0 0 0 0 0 0 0 0 0 0 0 0 0 0 0 0 0 0 0 0 0 0 0 0 0 0 0 0 0 0 0 0 0 0 0 0 0 0 0 0 0 0 0 0 0 0 0 0 0 0 0 0 0 0 0 0 0 0 0 0 0 0 0 0 0 0 0 0 0 0 0 0 0 0 0 0 0 0 0 0 0 0 0 0 0 0 0 0 0 0 0 0 0 0 0 0 0 0 0 0 0 0 0 0 0 0 0 0 0 0 0 0 0 0 0 0 0 0 0 0 0 0 0 0 0 0 0 0 0 0 0 0 0 0 0 0 0 0 0 0 0 0 0 0 0 0 0 0 0 0 0 0 0 0 0 0 0 0 0 0 0 0 0 0 0 0 0 0 0 0 0 0 0 0 0 0 0 0 0 0 0 0 0 0 0 0 0 0 0 0 0 0 0 0 0 0 0 0 0 0 0 0 0 0 0 0 0 0 0 0 0 0 0 0 0 0 0 0 0 0 0 0 0 0 0 0 0 0 0 0 0 0 0 0 0 0 0 0 0 0 0 0 0 0 0 0 0 0 0 0 0 0 0 0 0 0 0 0 0 0 0 0 0 0 0 0 0 0 0 0 0 0 0 0 0 0 0 0 0 0 0 0 0 0 0 0 0 0 0 0 0 0 0 0 0 0 0 0 0 0 0 0 0 0 0 0 0 0 0 0 0 0 0 0 0 0 0 0 0 0 0 0 0 0 0 0 0 0 0 0 0 0 0 0 0 0 0 0 0 0 0 0 0 0 0 0 0 0 0 0 0 0 0 0 0 0 0 0 0 0 0 0 0 0 0 0 0 0 0 0 0 0 0 0 0 0 0 0 0 0 0 0 0 0 0 0 0 0 0 0 0 0 0 0 0 0 0 0 0 0 0 0 0 0 0 0 0 0 0 0 0 0 0 0 0 0 0 0 0 0 0 0 0 0 0 0 0 0 0 0 0 0 0 0 0 0 0 0 0 0 0 0 0 0 0 0 0 0 0 0 0 0 0 0 0 0 0 0 0 0 0 0 0 0 0 0 0 0 0 0 0 0 0 0 0 0 0 0 0 0 0 0 0 0 0 0 0 0 0 0 0 0 0 0 0 0 0 0 0 0 0 0 0 0 0 0 0 0 0 0 0 0 0 0 0 0 0 0 0 0 0 0 0 0 0 0 0 0 0 0 0 0 0 0 0 0 0 0 0 0 0 0 0 0 0 0 0 0 0 0 0 0 0 0 0 0 0 0 0 0 0 0 0 0 0 0 0 0 0 0 0 0 0 0 0 0 0 0 0 0 0 0 0 0 0 0 0 0 0 0 0 0 0 0 0 0 0 0 0 0 0 0 0 0 0 0 0 0 0 0 0 0 0 0 0 0 0 0 0 0 0 0 0 0 0 0 0 0 0 0 0 0 0 0 0 0 0 0 0 0 0 0 0 0 0 0 0 0 0 0 0 0 0 0 0 0 0 0 0 0 0 0 0 0 0 0 0 0 0 0 0 0 0 0 0 0 0 0 0 0 0 0 0 0 0 0 0 0 0 0 0 0 0 0 0 0 0 0 0 0 0 0 0 0 0 0 0 0 0 0 0 0 0 0 0 0 0 0 0 0 0 0 0 0 0 0 0 0 0 0 0 0 0 0 0 0 0 0 0 0 0 0 0 0 0
ctxt 3303908796
btime 1790630938
processes 229901
procs_running 2
procs_blocked 0
softirq 2914803823 73526 5761466 2751893 2835174990 249012 0 13556340 34009070 410 23227116
