Running 10s test @ http://127.0.0.1:18500/wait
  16 threads and 32 connections
  Thread Stats   Avg      Stdev     Max   +/- Stdev
    Latency    10.18ms   27.08us  10.24ms   74.33%
    Req/Sec   197.38      6.70   202.00     83.57%
  Latency Distribution
     50%   10.18ms
     75%   10.20ms
     90%   10.21ms
     99%   10.22ms
  31456 requests in 10.10s, 3.21MB read
Requests/sec:   3114.44
Transfer/sec:    325.43KB
## server-stat
cpu  1704705 632 882319 15137427 35740 0 366530 0 0 0
cpu0 56585 12 24799 480208 862 0 11246 0 0 0
cpu1 58276 14 25413 479653 691 0 11387 0 0 0
cpu2 58437 11 24857 480996 427 0 10920 0 0 0
cpu3 66258 14 28657 465048 1218 0 14407 0 0 0
cpu4 66898 13 27835 466483 737 0 13772 0 0 0
cpu5 60605 13 25466 477916 438 0 11196 0 0 0
cpu6 60156 11 25557 477968 417 0 11592 0 0 0
cpu7 57943 10 24825 481576 256 0 10794 0 0 0
cpu8 36354 18 27037 486640 1161 0 7279 0 0 0
cpu9 41027 21 28184 476680 2582 0 7700 0 0 0
cpu10 39881 20 27898 479984 1343 0 7758 0 0 0
cpu11 37330 17 26619 487454 764 0 7251 0 0 0
cpu12 58161 91 28991 459046 3409 0 8074 0 0 0
cpu13 56746 23 29250 460332 2806 0 8258 0 0 0
cpu14 36872 16 26120 490049 947 0 7081 0 0 0
cpu15 34744 17 24462 496031 743 0 6460 0 0 0
cpu16 66218 9 28038 468088 411 0 13199 0 0 0
cpu17 64679 9 27315 469880 1317 0 12603 0 0 0
cpu18 64365 10 27595 470615 304 0 12850 0 0 0
cpu19 72713 11 30612 455939 729 0 15531 0 0 0
cpu20 72594 12 31176 454983 757 0 16284 0 0 0
cpu21 63253 10 27081 471927 644 0 12615 0 0 0
cpu22 61218 11 26712 473633 399 0 12113 0 0 0
cpu23 59738 12 26757 475955 398 0 12391 0 0 0
cpu24 40014 21 27380 485073 1041 0 7795 0 0 0
cpu25 43570 25 29715 473550 1830 0 9006 0 0 0
cpu26 42259 21 29249 476589 1419 0 8751 0 0 0
cpu27 36012 11 26139 476741 1209 0 15525 0 0 0
cpu28 57637 34 31673 441866 2310 0 19715 0 0 0
cpu29 60133 73 32392 436956 2340 0 19938 0 0 0
cpu30 35281 14 26796 474748 994 0 15317 0 0 0
cpu31 38737 13 27703 484804 824 0 7712 0 0 0
intr 1678530024 126 0 0 0 0 0 0 0 0 1 0 0 0 0 0 0 0 0 0 0 0 0 0 0 0 0 0 1 1 1 0 0 0 0 1 0 1 0 0 75045 0 0 0 0 0 0 0 0 411 0 0 0 0 0 0 0 0 87 0 0 0 0 0 0 0 0 0 0 0 0 0 0 0 180010 2 34994187 34932334 34859528 34995105 0 4845 2487 2974 1663 3122 2679 2097 2591 1522 10656 19040 10841 8592 13859 15347 11504 7661 2789 1812 1546 2546 2278 1994 1695 1676 9238 7876 5631 6109 7013 6510 6487 8182 0 0 0 0 616396 3250 1036 0 264 0 0 0 0 0 0 0 0 0 0 0 0 0 0 0 0 0 0 0 0 0 0 0 0 0 0 0 0 0 0 0 0 0 0 0 0 0 0 0 0 0 0 0 0 0 0 0 0 0 0 0 0 0 0 0 0 0 0 0 0 0 0 0 0 0 0 0 0 0 0 0 0 0 0 0 0 0 0 0 0 0 0 0 0 0 0 0 0 0 0 0 0 0 0 0 0 0 0 0 0 0 0 0 0 0 0 0 0 0 0 0 0 0 0 0 0 0 0 0 0 0 0 0 0 0 0 0 0 0 0 0 0 0 0 0 0 0 0 0 0 0 0 0 0 0 0 0 0 0 0 0 0 0 0 0 0 0 0 0 0 0 0 0 0 0 0 0 0 0 0 0 0 0 0 0 0 0 0 0 0 0 0 0 0 0 0 0 0 0 0 0 0 0 0 0 0 0 0 0 0 0 0 0 0 0 0 0 0 0 0 0 0 0 0 0 0 0 0 0 0 0 0 0 0 0 0 0 0 0 0 0 0 0 0 0 0 0 0 0 0 0 0 0 0 0 0 0 0 0 0 0 0 0 0 0 0 0 0 0 0 0 0 0 0 0 0 0 0 0 0 0 0 0 0 0 0 0 0 0 0 0 0 0 0 0 0 0 0 0 0 0 0 0 0 0 0 0 0 0 0 0 0 0 0 0 0 0 0 0 0 0 0 0 0 0 0 0 0 0 0 0 0 0 0 0 0 0 0 0 0 0 0 0 0 0 0 0 0 0 0 0 0 0 0 0 0 0 0 0 0 0 0 0 0 0 0 0 0 0 0 0 0 0 0 0 0 0 0 0 0 0 0 0 0 0 0 0 0 0 0 0 0 0 0 0 0 0 0 0 0 0 0 0 0 0 0 0 0 0 0 0 0 0 0 0 0 0 0 0 0 0 0 0 0 0 0 0 0 0 0 0 0 0 0 0 0 0 0 0 0 0 0 0 0 0 0 0 0 0 0 0 0 0 0 0 0 0 0 0 0 0 0 0 0 0 0 0 0 0 0 0 0 0 0 0 0 0 0 0 0 0 0 0 0 0 0 0 0 0 0 0 0 0 0 0 0 0 0 0 0 0 0 0 0 0 0 0 0 0 0 0 0 0 0 0 0 0 0 0 0 0 0 0 0 0 0 0 0 0 0 0 0 0 0 0 0 0 0 0 0 0 0 0 0 0 0 0 0 0 0 0 0 0 0 0 0 0 0 0 0 0 0 0 0 0 0 0 0 0 0 0 0 0 0 0 0 0 0 0 0 0 0 0 0 0 0 0 0 0 0 0 0 0 0 0 0 0 0 0 0 0 0 0 0 0 0 0 0 0 0 0 0 0 0 0 0 0 0 0 0 0 0 0 0 0 0 0 0 0 0 0 0 0 0 0 0 0 0 0 0 0 0 0 0 0 0 0 0 0 0 0 0 0 0 0 0 0 0 0 0 0 0 0 0 0 0 0 0 0 0 0 0 0 0 0 0 0 0 0 0 0 0 0 0 0 0 0 0 0 0 0 0 0 0 0 0 0 0 0 0 0 0 0 0 0 0 0 0 0 0 0 0 0 0 0 0 0 0 0 0 0 0 0 0 0 0 0 0 0 0 0 0 0 0 0 0 0 0 0 0 0 0 0 0 0 0 0 0 0 0 0 0 0 0 0 0 0 0 0 0 0 0 0 0 0 0 0 0 0 0 0 0 0 0 0 0 0 0 0 0 0 0 0 0 0 0 0 0 0 0 0 0 0 0 0 0 0 0 0 0 0 0 0 0 0 0 0 0 0 0 0 0 0 0 0 0 0 0 0 0 0 0 0 0 0 0 0 0 0 0 0 0 0 0 0 0 0 0 0 0 0 0 0 0 0 0 0 0 0 0 0 0 0 0 0 0 0 0 0 0 0 0 0 0 0 0 0 0 0 0 0 0 0 0 0 0 0 0 0 0 0 0 0 0 0 0 0 0 0 0 0 0 0 0 0 0 0 0 0 0 0 0 0 0 0 0 0 0 0 0 0 0 0 0 0 0 0 0 0 0 0 0 0 0 0 0 0 0 0 0 0 0 0 0 0 0 0 0 0 0 0 0 0 0 0 0 0 0 0 0 0 0 0 0 0 0 0 0 0 0 0 0 0 0 0 0 0 0 0 0 0 0 0 0 0 0 0 0 0 0 0 0 0 0 0 0 0 0 0 0 0 0 0 0 0 0 0 0 0 0 0 0 0 0 0 0 0 0 0 0 0 0 0 0 0 0 0 0 0 0 0 0 0 0 0 0 0 0 0 0 0 0 0 0 0 0 0 0 0 0 0 0 0 0 0 0 0 0 0 0 0 0 0 0 0 0 0 0 0 0 0 0 0 0 0 0 0 0 0 0 0 0 0 0 0 0 0 0 0 0 0 0 0 0 0 0 0 0 0 0 0 0 0 0 0 0 0 0 0 0 0 0 0 0 0 0 0 0 0 0 0 0
ctxt 2294078744
btime 1790630938
processes 161356
procs_running 1
procs_blocked 0
softirq 2027089209 73526 3958537 2751605 1963883797 187559 0 13554812 25717423 410 16961540
--
cpu  1704772 633 882339 15162901 35742 0 366539 0 0 0
cpu0 56585 12 24799 481006 862 0 11246 0 0 0
cpu1 58276 14 25413 480452 691 0 11387 0 0 0
cpu2 58437 11 24857 481796 427 0 10920 0 0 0
cpu3 66274 14 28664 465818 1218 0 14412 0 0 0
cpu4 66899 14 27837 467280 737 0 13772 0 0 0
cpu5 60606 13 25466 478716 438 0 11196 0 0 0
cpu6 60156 11 25557 478768 417 0 11592 0 0 0
cpu7 57943 10 24825 482376 256 0 10794 0 0 0
cpu8 36354 18 27037 487439 1161 0 7279 0 0 0
cpu9 41028 21 28184 477475 2582 0 7700 0 0 0
cpu10 39881 20 27898 480780 1343 0 7758 0 0 0
cpu11 37330 17 26620 488251 764 0 7251 0 0 0
cpu12 58194 91 28995 459806 3409 0 8074 0 0 0
cpu13 56758 23 29252 461114 2807 0 8258 0 0 0
cpu14 36872 16 26121 490845 947 0 7082 0 0 0
cpu15 34744 17 24463 496829 743 0 6460 0 0 0
cpu16 66218 9 28038 468888 411 0 13199 0 0 0
cpu17 64679 9 27316 470679 1317 0 12603 0 0 0
cpu18 64365 10 27595 471415 304 0 12850 0 0 0
cpu19 72713 11 30612 456739 729 0 15531 0 0 0
cpu20 72594 12 31176 455782 757 0 16284 0 0 0
cpu21 63253 10 27081 472727 644 0 12615 0 0 0
cpu22 61218 11 26712 474432 399 0 12113 0 0 0
cpu23 59738 12 26757 476755 398 0 12391 0 0 0
cpu24 40014 21 27380 485872 1041 0 7795 0 0 0
cpu25 43570 25 29716 474348 1830 0 9006 0 0 0
cpu26 42259 21 29249 477388 1419 0 8751 0 0 0
cpu27 36012 11 26140 477540 1210 0 15525 0 0 0
cpu28 57637 34 31674 442666 2310 0 19715 0 0 0
cpu29 60133 73 32393 437754 2340 0 19939 0 0 0
cpu30 35281 14 26796 475548 994 0 15317 0 0 0
cpu31 38737 13 27703 485603 824 0 7712 0 0 0
intr 1678600925 126 0 0 0 0 0 0 0 0 1 0 0 0 0 0 0 0 0 0 0 0 0 0 0 0 0 0 1 1 1 0 0 0 0 1 0 1 0 0 75045 0 0 0 0 0 0 0 0 411 0 0 0 0 0 0 0 0 87 0 0 0 0 0 0 0 0 0 0 0 0 0 0 0 180010 2 34994208 34932372 34859559 34995152 0 4853 2488 2974 1663 3122 2679 2097 2591 1522 10656 19040 10841 8592 13859 15350 11507 7661 2789 1812 1546 2546 2278 1994 1695 1676 9238 7876 5631 6110 7013 6511 6487 8182 0 0 0 0 616396 3250 1036 0 264 0 0 0 0 0 0 0 0 0 0 0 0 0 0 0 0 0 0 0 0 0 0 0 0 0 0 0 0 0 0 0 0 0 0 0 0 0 0 0 0 0 0 0 0 0 0 0 0 0 0 0 0 0 0 0 0 0 0 0 0 0 0 0 0 0 0 0 0 0 0 0 0 0 0 0 0 0 0 0 0 0 0 0 0 0 0 0 0 0 0 0 0 0 0 0 0 0 0 0 0 0 0 0 0 0 0 0 0 0 0 0 0 0 0 0 0 0 0 0 0 0 0 0 0 0 0 0 0 0 0 0 0 0 0 0 0 0 0 0 0 0 0 0 0 0 0 0 0 0 0 0 0 0 0 0 0 0 0 0 0 0 0 0 0 0 0 0 0 0 0 0 0 0 0 0 0 0 0 0 0 0 0 0 0 0 0 0 0 0 0 0 0 0 0 0 0 0 0 0 0 0 0 0 0 0 0 0 0 0 0 0 0 0 0 0 0 0 0 0 0 0 0 0 0 0 0 0 0 0 0 0 0 0 0 0 0 0 0 0 0 0 0 0 0 0 0 0 0 0 0 0 0 0 0 0 0 0 0 0 0 0 0 0 0 0 0 0 0 0 0 0 0 0 0 0 0 0 0 0 0 0 0 0 0 0 0 0 0 0 0 0 0 0 0 0 0 0 0 0 0 0 0 0 0 0 0 0 0 0 0 0 0 0 0 0 0 0 0 0 0 0 0 0 0 0 0 0 0 0 0 0 0 0 0 0 0 0 0 0 0 0 0 0 0 0 0 0 0 0 0 0 0 0 0 0 0 0 0 0 0 0 0 0 0 0 0 0 0 0 0 0 0 0 0 0 0 0 0 0 0 0 0 0 0 0 0 0 0 0 0 0 0 0 0 0 0 0 0 0 0 0 0 0 0 0 0 0 0 0 0 0 0 0 0 0 0 0 0 0 0 0 0 0 0 0 0 0 0 0 0 0 0 0 0 0 0 0 0 0 0 0 0 0 0 0 0 0 0 0 0 0 0 0 0 0 0 0 0 0 0 0 0 0 0 0 0 0 0 0 0 0 0 0 0 0 0 0 0 0 0 0 0 0 0 0 0 0 0 0 0 0 0 0 0 0 0 0 0 0 0 0 0 0 0 0 0 0 0 0 0 0 0 0 0 0 0 0 0 0 0 0 0 0 0 0 0 0 0 0 0 0 0 0 0 0 0 0 0 0 0 0 0 0 0 0 0 0 0 0 0 0 0 0 0 0 0 0 0 0 0 0 0 0 0 0 0 0 0 0 0 0 0 0 0 0 0 0 0 0 0 0 0 0 0 0 0 0 0 0 0 0 0 0 0 0 0 0 0 0 0 0 0 0 0 0 0 0 0 0 0 0 0 0 0 0 0 0 0 0 0 0 0 0 0 0 0 0 0 0 0 0 0 0 0 0 0 0 0 0 0 0 0 0 0 0 0 0 0 0 0 0 0 0 0 0 0 0 0 0 0 0 0 0 0 0 0 0 0 0 0 0 0 0 0 0 0 0 0 0 0 0 0 0 0 0 0 0 0 0 0 0 0 0 0 0 0 0 0 0 0 0 0 0 0 0 0 0 0 0 0 0 0 0 0 0 0 0 0 0 0 0 0 0 0 0 0 0 0 0 0 0 0 0 0 0 0 0 0 0 0 0 0 0 0 0 0 0 0 0 0 0 0 0 0 0 0 0 0 0 0 0 0 0 0 0 0 0 0 0 0 0 0 0 0 0 0 0 0 0 0 0 0 0 0 0 0 0 0 0 0 0 0 0 0 0 0 0 0 0 0 0 0 0 0 0 0 0 0 0 0 0 0 0 0 0 0 0 0 0 0 0 0 0 0 0 0 0 0 0 0 0 0 0 0 0 0 0 0 0 0 0 0 0 0 0 0 0 0 0 0 0 0 0 0 0 0 0 0 0 0 0 0 0 0 0 0 0 0 0 0 0 0 0 0 0 0 0 0 0 0 0 0 0 0 0 0 0 0 0 0 0 0 0 0 0 0 0 0 0 0 0 0 0 0 0 0 0 0 0 0 0 0 0 0 0 0 0 0 0 0 0 0 0 0 0 0 0 0 0 0 0 0 0 0 0 0 0 0 0 0 0 0 0 0 0 0 0 0 0 0 0 0 0 0 0 0 0 0 0 0 0 0 0 0 0 0 0 0 0 0 0 0 0 0 0 0 0 0 0 0 0 0 0 0 0 0 0 0 0 0 0 0 0 0 0 0 0 0 0 0 0 0 0 0 0 0 0 0 0 0 0 0 0 0 0 0 0 0 0 0 0 0 0 0 0 0 0 0 0 0 0 0 0 0 0 0 0 0 0 0 0 0 0 0 0 0 0 0 0 0 0 0 0 0 0 0 0 0 0 0 0 0 0 0 0 0 0 0 0 0 0 0 0 0 0 0 0 0 0 0 0 0 0 0 0 0 0 0 0 0 0 0 0 0 0 0 0 0 0 0 0 0
ctxt 2294186733
btime 1790630938
processes 161412
procs_running 3
procs_blocked 0
softirq 2027150850 73526 3961021 2751605 1963934267 187567 0 13554812 25721889 410 16965753
