Running 10s test @ http://127.0.0.1:18500/
  16 threads and 32 connections
  Thread Stats   Avg      Stdev     Max   +/- Stdev
    Latency   167.65us   12.52us   1.79ms   85.33%
    Req/Sec    11.96k   405.99    12.92k    68.75%
  Latency Distribution
     50%  170.00us
     75%  177.00us
     90%  179.00us
     99%  183.00us
  1922302 requests in 10.10s, 230.99MB read
Requests/sec: 190329.15
Transfer/sec:     22.87MB
## server-stat
cpu  1744851 658 899321 16023418 36370 0 379896 0 0 0
cpu0 58039 12 25260 508266 878 0 11546 0 0 0
cpu1 59647 15 25864 508004 692 0 11679 0 0 0
cpu2 59757 12 25287 509489 428 0 11191 0 0 0
cpu3 71649 14 31040 485503 1218 0 16668 0 0 0
cpu4 72910 14 30262 486258 738 0 16053 0 0 0
cpu5 61882 14 25890 506467 438 0 11462 0 0 0
cpu6 61341 12 25960 506725 420 0 11832 0 0 0
cpu7 59049 10 25192 510532 257 0 11012 0 0 0
cpu8 36430 19 27188 515909 1177 0 7373 0 0 0
cpu9 41164 23 28433 504930 2622 0 7859 0 0 0
cpu10 39998 22 28121 508372 1353 0 7907 0 0 0
cpu11 37396 19 26781 516421 781 0 7351 0 0 0
cpu12 58625 93 29335 486372 3467 0 8274 0 0 0
cpu13 57187 25 29605 487560 2867 0 8478 0 0 0
cpu14 36943 17 26289 518831 971 0 7192 0 0 0
cpu15 34802 19 24593 525305 790 0 6542 0 0 0
cpu16 67751 9 28459 496322 452 0 13465 0 0 0
cpu17 66090 10 27749 498247 1345 0 12859 0 0 0
cpu18 65701 10 28016 499155 307 0 13104 0 0 0
cpu19 78151 11 32589 477151 730 0 17384 0 0 0
cpu20 77388 13 33090 476971 757 0 18070 0 0 0
cpu21 64536 11 27493 500511 647 0 12869 0 0 0
cpu22 62420 11 27104 502398 400 0 12344 0 0 0
cpu23 60878 13 27127 504838 444 0 12619 0 0 0
cpu24 40085 22 27525 514424 1061 0 7889 0 0 0
cpu25 43689 26 29906 502499 1889 0 9132 0 0 0
cpu26 42347 22 29422 505652 1457 0 8882 0 0 0
cpu27 36076 12 26282 506269 1245 0 15620 0 0 0
cpu28 58038 35 31958 470175 2333 0 19899 0 0 0
cpu29 60711 74 32724 465022 2355 0 20113 0 0 0
cpu30 35359 14 26943 504208 1009 0 15420 0 0 0
cpu31 38798 14 27820 514615 827 0 7792 0 0 0
intr 1743341833 126 0 0 0 0 0 0 0 0 1 0 0 0 0 0 0 0 0 0 0 0 0 0 0 0 0 0 1 1 1 0 0 0 0 1 0 1 0 0 75045 0 0 0 0 0 0 0 0 411 0 0 0 0 0 0 0 0 87 0 0 0 0 0 0 0 0 0 0 0 0 0 0 0 185378 2 34995293 34933727 34861892 34997668 0 5101 2493 2977 1667 3123 2683 2100 2610 1528 10704 19118 10964 8658 13940 15434 11606 7668 2917 1875 1546 2548 2281 1999 1696 1681 9238 7886 5693 6278 7075 6549 6508 8243 0 0 0 0 616416 3284 1036 0 264 0 0 0 0 0 0 0 0 0 0 0 0 0 0 0 0 0 0 0 0 0 0 0 0 0 0 0 0 0 0 0 0 0 0 0 0 0 0 0 0 0 0 0 0 0 0 0 0 0 0 0 0 0 0 0 0 0 0 0 0 0 0 0 0 0 0 0 0 0 0 0 0 0 0 0 0 0 0 0 0 0 0 0 0 0 0 0 0 0 0 0 0 0 0 0 0 0 0 0 0 0 0 0 0 0 0 0 0 0 0 0 0 0 0 0 0 0 0 0 0 0 0 0 0 0 0 0 0 0 0 0 0 0 0 0 0 0 0 0 0 0 0 0 0 0 0 0 0 0 0 0 0 0 0 0 0 0 0 0 0 0 0 0 0 0 0 0 0 0 0 0 0 0 0 0 0 0 0 0 0 0 0 0 0 0 0 0 0 0 0 0 0 0 0 0 0 0 0 0 0 0 0 0 0 0 0 0 0 0 0 0 0 0 0 0 0 0 0 0 0 0 0 0 0 0 0 0 0 0 0 0 0 0 0 0 0 0 0 0 0 0 0 0 0 0 0 0 0 0 0 0 0 0 0 0 0 0 0 0 0 0 0 0 0 0 0 0 0 0 0 0 0 0 0 0 0 0 0 0 0 0 0 0 0 0 0 0 0 0 0 0 0 0 0 0 0 0 0 0 0 0 0 0 0 0 0 0 0 0 0 0 0 0 0 0 0 0 0 0 0 0 0 0 0 0 0 0 0 0 0 0 0 0 0 0 0 0 0 0 0 0 0 0 0 0 0 0 0 0 0 0 0 0 0 0 0 0 0 0 0 0 0 0 0 0 0 0 0 0 0 0 0 0 0 0 0 0 0 0 0 0 0 0 0 0 0 0 0 0 0 0 0 0 0 0 0 0 0 0 0 0 0 0 0 0 0 0 0 0 0 0 0 0 0 0 0 0 0 0 0 0 0 0 0 0 0 0 0 0 0 0 0 0 0 0 0 0 0 0 0 0 0 0 0 0 0 0 0 0 0 0 0 0 0 0 0 0 0 0 0 0 0 0 0 0 0 0 0 0 0 0 0 0 0 0 0 0 0 0 0 0 0 0 0 0 0 0 0 0 0 0 0 0 0 0 0 0 0 0 0 0 0 0 0 0 0 0 0 0 0 0 0 0 0 0 0 0 0 0 0 0 0 0 0 0 0 0 0 0 0 0 0 0 0 0 0 0 0 0 0 0 0 0 0 0 0 0 0 0 0 0 0 0 0 0 0 0 0 0 0 0 0 0 0 0 0 0 0 0 0 0 0 0 0 0 0 0 0 0 0 0 0 0 0 0 0 0 0 0 0 0 0 0 0 0 0 0 0 0 0 0 0 0 0 0 0 0 0 0 0 0 0 0 0 0 0 0 0 0 0 0 0 0 0 0 0 0 0 0 0 0 0 0 0 0 0 0 0 0 0 0 0 0 0 0 0 0 0 0 0 0 0 0 0 0 0 0 0 0 0 0 0 0 0 0 0 0 0 0 0 0 0 0 0 0 0 0 0 0 0 0 0 0 0 0 0 0 0 0 0 0 0 0 0 0 0 0 0 0 0 0 0 0 0 0 0 0 0 0 0 0 0 0 0 0 0 0 0 0 0 0 0 0 0 0 0 0 0 0 0 0 0 0 0 0 0 0 0 0 0 0 0 0 0 0 0 0 0 0 0 0 0 0 0 0 0 0 0 0 0 0 0 0 0 0 0 0 0 0 0 0 0 0 0 0 0 0 0 0 0 0 0 0 0 0 0 0 0 0 0 0 0 0 0 0 0 0 0 0 0 0 0 0 0 0 0 0 0 0 0 0 0 0 0 0 0 0 0 0 0 0 0 0 0 0 0 0 0 0 0 0 0 0 0 0 0 0 0 0 0 0 0 0 0 0 0 0 0 0 0 0 0 0 0 0 0 0 0 0 0 0 0 0 0 0 0 0 0 0 0 0 0 0 0 0 0 0 0 0 0 0 0 0 0 0 0 0 0 0 0 0 0 0 0 0 0 0 0 0 0 0 0 0 0 0 0 0 0 0 0 0 0 0 0 0 0 0 0 0 0 0 0 0 0 0 0 0 0 0 0 0 0 0 0 0 0 0 0 0 0 0 0 0 0 0 0 0 0 0 0 0 0 0 0 0 0 0 0 0 0 0 0 0 0 0 0 0 0 0 0 0 0 0 0 0 0 0 0 0 0 0 0 0 0 0 0 0 0 0 0 0 0 0 0 0 0 0 0 0 0 0 0 0 0 0 0 0 0 0 0 0 0 0 0 0 0 0 0 0 0 0 0 0 0 0 0 0 0 0 0 0 0 0 0 0 0 0 0 0 0 0 0 0 0 0 0 0 0 0 0 0 0 0 0 0 0 0 0 0 0 0 0 0 0 0 0 0 0 0 0 0 0 0 0 0 0 0 0 0 0 0 0 0 0 0 0 0 0 0 0 0 0 0 0 0 0 0 0 0 0 0 0
ctxt 2408805298
btime 1790630938
processes 167705
procs_running 3
procs_blocked 0
softirq 2123227765 73526 4123173 2751649 2058715882 193272 0 13554957 26368390 410 17446506
--
cpu  1745709 659 899809 16046266 36396 0 380310 0 0 0
cpu0 58039 12 25260 509056 878 0 11546 0 0 0
cpu1 59647 15 25864 508803 692 0 11679 0 0 0
cpu2 59757 12 25287 510288 428 0 11191 0 0 0
cpu3 71890 14 31164 485830 1218 0 16776 0 0 0
cpu4 73296 14 30481 486258 738 0 16248 0 0 0
cpu5 61882 14 25891 507266 438 0 11462 0 0 0
cpu6 61341 12 25960 507524 420 0 11832 0 0 0
cpu7 59049 10 25192 511331 257 0 11012 0 0 0
cpu8 36432 19 27190 516649 1177 0 7375 0 0 0
cpu9 41171 23 28437 505647 2634 0 7862 0 0 0
cpu10 40004 22 28124 509097 1353 0 7908 0 0 0
cpu11 37398 19 26783 517146 789 0 7353 0 0 0
cpu12 58632 93 29341 487085 3467 0 8277 0 0 0
cpu13 57191 25 29610 488273 2867 0 8482 0 0 0
cpu14 36945 17 26292 519561 971 0 7194 0 0 0
cpu15 34804 19 24597 526044 790 0 6544 0 0 0
cpu16 67751 9 28459 497115 458 0 13465 0 0 0
cpu17 66090 10 27749 499046 1345 0 12859 0 0 0
cpu18 65701 10 28016 499955 307 0 13104 0 0 0
cpu19 78316 11 32677 477623 730 0 17458 0 0 0
cpu20 77388 13 33090 477771 757 0 18070 0 0 0
cpu21 64536 11 27493 501311 647 0 12869 0 0 0
cpu22 62420 11 27104 503197 400 0 12344 0 0 0
cpu23 60878 13 27127 505637 444 0 12619 0 0 0
cpu24 40090 22 27529 515157 1061 0 7892 0 0 0
cpu25 43689 26 29909 503226 1889 0 9136 0 0 0
cpu26 42350 22 29424 506375 1457 0 8884 0 0 0
cpu27 36078 13 26285 507009 1245 0 15622 0 0 0
cpu28 58046 35 31962 470900 2333 0 19902 0 0 0
cpu29 60724 74 32730 465745 2356 0 20116 0 0 0
cpu30 35361 14 26945 504956 1009 0 15422 0 0 0
cpu31 38799 14 27821 515369 827 0 7793 0 0 0
intr 1744876852 126 0 0 0 0 0 0 0 0 1 0 0 0 0 0 0 0 0 0 0 0 0 0 0 0 0 0 1 1 1 0 0 0 0 1 0 1 0 0 75045 0 0 0 0 0 0 0 0 411 0 0 0 0 0 0 0 0 87 0 0 0 0 0 0 0 0 0 0 0 0 0 0 0 185627 2 34995308 34933761 34861941 34997751 0 5109 2493 2977 1667 3123 2683 2101 2610 1528 10709 19118 10965 8659 13940 15434 11606 7668 2918 1875 1546 2548 2281 1999 1696 1681 9238 7886 5693 6278 7078 6549 6512 8243 0 0 0 0 616416 3286 1036 0 264 0 0 0 0 0 0 0 0 0 0 0 0 0 0 0 0 0 0 0 0 0 0 0 0 0 0 0 0 0 0 0 0 0 0 0 0 0 0 0 0 0 0 0 0 0 0 0 0 0 0 0 0 0 0 0 0 0 0 0 0 0 0 0 0 0 0 0 0 0 0 0 0 0 0 0 0 0 0 0 0 0 0 0 0 0 0 0 0 0 0 0 0 0 0 0 0 0 0 0 0 0 0 0 0 0 0 0 0 0 0 0 0 0 0 0 0 0 0 0 0 0 0 0 0 0 0 0 0 0 0 0 0 0 0 0 0 0 0 0 0 0 0 0 0 0 0 0 0 0 0 0 0 0 0 0 0 0 0 0 0 0 0 0 0 0 0 0 0 0 0 0 0 0 0 0 0 0 0 0 0 0 0 0 0 0 0 0 0 0 0 0 0 0 0 0 0 0 0 0 0 0 0 0 0 0 0 0 0 0 0 0 0 0 0 0 0 0 0 0 0 0 0 0 0 0 0 0 0 0 0 0 0 0 0 0 0 0 0 0 0 0 0 0 0 0 0 0 0 0 0 0 0 0 0 0 0 0 0 0 0 0 0 0 0 0 0 0 0 0 0 0 0 0 0 0 0 0 0 0 0 0 0 0 0 0 0 0 0 0 0 0 0 0 0 0 0 0 0 0 0 0 0 0 0 0 0 0 0 0 0 0 0 0 0 0 0 0 0 0 0 0 0 0 0 0 0 0 0 0 0 0 0 0 0 0 0 0 0 0 0 0 0 0 0 0 0 0 0 0 0 0 0 0 0 0 0 0 0 0 0 0 0 0 0 0 0 0 0 0 0 0 0 0 0 0 0 0 0 0 0 0 0 0 0 0 0 0 0 0 0 0 0 0 0 0 0 0 0 0 0 0 0 0 0 0 0 0 0 0 0 0 0 0 0 0 0 0 0 0 0 0 0 0 0 0 0 0 0 0 0 0 0 0 0 0 0 0 0 0 0 0 0 0 0 0 0 0 0 0 0 0 0 0 0 0 0 0 0 0 0 0 0 0 0 0 0 0 0 0 0 0 0 0 0 0 0 0 0 0 0 0 0 0 0 0 0 0 0 0 0 0 0 0 0 0 0 0 0 0 0 0 0 0 0 0 0 0 0 0 0 0 0 0 0 0 0 0 0 0 0 0 0 0 0 0 0 0 0 0 0 0 0 0 0 0 0 0 0 0 0 0 0 0 0 0 0 0 0 0 0 0 0 0 0 0 0 0 0 0 0 0 0 0 0 0 0 0 0 0 0 0 0 0 0 0 0 0 0 0 0 0 0 0 0 0 0 0 0 0 0 0 0 0 0 0 0 0 0 0 0 0 0 0 0 0 0 0 0 0 0 0 0 0 0 0 0 0 0 0 0 0 0 0 0 0 0 0 0 0 0 0 0 0 0 0 0 0 0 0 0 0 0 0 0 0 0 0 0 0 0 0 0 0 0 0 0 0 0 0 0 0 0 0 0 0 0 0 0 0 0 0 0 0 0 0 0 0 0 0 0 0 0 0 0 0 0 0 0 0 0 0 0 0 0 0 0 0 0 0 0 0 0 0 0 0 0 0 0 0 0 0 0 0 0 0 0 0 0 0 0 0 0 0 0 0 0 0 0 0 0 0 0 0 0 0 0 0 0 0 0 0 0 0 0 0 0 0 0 0 0 0 0 0 0 0 0 0 0 0 0 0 0 0 0 0 0 0 0 0 0 0 0 0 0 0 0 0 0 0 0 0 0 0 0 0 0 0 0 0 0 0 0 0 0 0 0 0 0 0 0 0 0 0 0 0 0 0 0 0 0 0 0 0 0 0 0 0 0 0 0 0 0 0 0 0 0 0 0 0 0 0 0 0 0 0 0 0 0 0 0 0 0 0 0 0 0 0 0 0 0 0 0 0 0 0 0 0 0 0 0 0 0 0 0 0 0 0 0 0 0 0 0 0 0 0 0 0 0 0 0 0 0 0 0 0 0 0 0 0 0 0 0 0 0 0 0 0 0 0 0 0 0 0 0 0 0 0 0 0 0 0 0 0 0 0 0 0 0 0 0 0 0 0 0 0 0 0 0 0 0 0 0 0 0 0 0 0 0 0 0 0 0 0 0 0 0 0 0 0 0 0 0 0 0 0 0 0 0 0 0 0 0 0 0 0 0 0 0 0 0 0 0 0 0 0 0 0 0 0 0 0 0 0 0 0 0 0 0 0 0 0 0 0 0 0 0 0 0 0 0 0 0 0 0 0 0 0 0 0 0 0 0 0 0 0 0 0 0 0 0 0 0 0 0 0 0 0 0 0 0 0 0 0 0 0 0 0 0 0 0 0 0 0 0 0 0 0 0 0 0 0 0 0 0 0 0 0 0 0 0 0 0 0 0 0 0 0 0 0 0 0 0 0 0 0 0 0 0 0 0 0 0 0 0 0 0 0 0 0 0 0 0 0 0 0 0 0 0 0 0 0 0
ctxt 2411770084
btime 1790630938
processes 167782
procs_running 5
procs_blocked 0
softirq 2126296158 73526 4126294 2751649 2061761186 193529 0 13554974 26379893 410 17454697
