Running 10s test @ http://127.0.0.1:18500/wait
  16 threads and 10000 connections
  Thread Stats   Avg      Stdev     Max   +/- Stdev
    Latency    64.46ms    2.59ms  89.82ms   92.29%
    Req/Sec     9.71k   835.70    12.63k    84.25%
  Latency Distribution
     50%   64.69ms
     75%   65.31ms
     90%   65.68ms
     99%   71.18ms
  1546026 requests in 10.05s, 157.76MB read
Requests/sec: 153825.32
Transfer/sec:     15.70MB
## server-stat
cpu  2171692 881 1137995 23442655 42612 0 514148 0 0 0
cpu0 76919 16 32368 737107 984 0 16026 0 0 0
cpu1 79469 20 32962 736868 803 0 15946 0 0 0
cpu2 80401 17 33107 736399 462 0 16066 0 0 0
cpu3 97856 19 41455 702234 1280 0 23113 0 0 0
cpu4 101459 19 40794 700812 756 0 22734 0 0 0
cpu5 84610 19 34318 730322 510 0 16698 0 0 0
cpu6 84570 18 34544 729935 435 0 17360 0 0 0
cpu7 83601 16 34884 730562 269 0 17427 0 0 0
cpu8 37617 27 32390 761565 1319 0 9506 0 0 0
cpu9 42804 31 34844 746505 3207 0 10184 0 0 0
cpu10 41315 30 33823 751897 1532 0 10126 0 0 0
cpu11 38402 26 31528 763362 951 0 9273 0 0 0
cpu12 64054 102 36484 723762 3834 0 10810 0 0 0
cpu13 61973 35 37004 724601 3663 0 11049 0 0 0
cpu14 38013 25 30972 766665 1122 0 9048 0 0 0
cpu15 35683 28 28667 775233 942 0 8220 0 0 0
cpu16 96250 12 38636 710986 548 0 20593 0 0 0
cpu17 92496 14 37756 715304 1409 0 19843 0 0 0
cpu18 90227 14 37095 719968 320 0 19317 0 0 0
cpu19 114051 14 45790 678621 805 0 26988 0 0 0
cpu20 109043 16 44861 685269 868 0 26568 0 0 0
cpu21 87496 15 36259 723247 768 0 18790 0 0 0
cpu22 83446 18 35175 728587 480 0 17734 0 0 0
cpu23 78554 18 33595 737535 559 0 16476 0 0 0
cpu24 41161 31 32216 761778 1239 0 9896 0 0 0
cpu25 45237 35 35406 745734 2353 0 11605 0 0 0
cpu26 43665 30 34711 749808 1760 0 11263 0 0 0
cpu27 37126 21 30911 753117 1469 0 17685 0 0 0
cpu28 62485 50 39742 705753 2908 0 23022 0 0 0
cpu29 65422 88 40935 698929 2984 0 23367 0 0 0
cpu30 36453 21 32027 749102 1166 0 17515 0 0 0
cpu31 39822 20 32719 761074 895 0 9883 0 0 0
intr 2241126992 126 0 0 0 0 0 0 0 0 1 0 0 0 0 0 0 0 0 0 0 0 0 0 0 0 0 0 1 1 1 0 0 0 0 1 0 1 0 0 75045 0 0 0 0 0 0 0 0 411 0 0 0 0 0 0 0 0 87 0 0 0 0 0 0 0 0 0 0 0 0 0 0 0 239466 2 35009755 34946847 34875581 35011220 0 7257 2736 3225 1693 3335 2771 2244 2748 1670 11331 19897 11376 8850 14622 16254 11726 7892 2939 2054 1670 3085 2411 2216 1733 1713 9516 8652 6255 6490 7976 7336 6905 8473 0 0 0 0 616593 3590 1036 0 264 0 0 0 0 0 0 0 0 0 0 0 0 0 0 0 0 0 0 0 0 0 0 0 0 0 0 0 0 0 0 0 0 0 0 0 0 0 0 0 0 0 0 0 0 0 0 0 0 0 0 0 0 0 0 0 0 0 0 0 0 0 0 0 0 0 0 0 0 0 0 0 0 0 0 0 0 0 0 0 0 0 0 0 0 0 0 0 0 0 0 0 0 0 0 0 0 0 0 0 0 0 0 0 0 0 0 0 0 0 0 0 0 0 0 0 0 0 0 0 0 0 0 0 0 0 0 0 0 0 0 0 0 0 0 0 0 0 0 0 0 0 0 0 0 0 0 0 0 0 0 0 0 0 0 0 0 0 0 0 0 0 0 0 0 0 0 0 0 0 0 0 0 0 0 0 0 0 0 0 0 0 0 0 0 0 0 0 0 0 0 0 0 0 0 0 0 0 0 0 0 0 0 0 0 0 0 0 0 0 0 0 0 0 0 0 0 0 0 0 0 0 0 0 0 0 0 0 0 0 0 0 0 0 0 0 0 0 0 0 0 0 0 0 0 0 0 0 0 0 0 0 0 0 0 0 0 0 0 0 0 0 0 0 0 0 0 0 0 0 0 0 0 0 0 0 0 0 0 0 0 0 0 0 0 0 0 0 0 0 0 0 0 0 0 0 0 0 0 0 0 0 0 0 0 0 0 0 0 0 0 0 0 0 0 0 0 0 0 0 0 0 0 0 0 0 0 0 0 0 0 0 0 0 0 0 0 0 0 0 0 0 0 0 0 0 0 0 0 0 0 0 0 0 0 0 0 0 0 0 0 0 0 0 0 0 0 0 0 0 0 0 0 0 0 0 0 0 0 0 0 0 0 0 0 0 0 0 0 0 0 0 0 0 0 0 0 0 0 0 0 0 0 0 0 0 0 0 0 0 0 0 0 0 0 0 0 0 0 0 0 0 0 0 0 0 0 0 0 0 0 0 0 0 0 0 0 0 0 0 0 0 0 0 0 0 0 0 0 0 0 0 0 0 0 0 0 0 0 0 0 0 0 0 0 0 0 0 0 0 0 0 0 0 0 0 0 0 0 0 0 0 0 0 0 0 0 0 0 0 0 0 0 0 0 0 0 0 0 0 0 0 0 0 0 0 0 0 0 0 0 0 0 0 0 0 0 0 0 0 0 0 0 0 0 0 0 0 0 0 0 0 0 0 0 0 0 0 0 0 0 0 0 0 0 0 0 0 0 0 0 0 0 0 0 0 0 0 0 0 0 0 0 0 0 0 0 0 0 0 0 0 0 0 0 0 0 0 0 0 0 0 0 0 0 0 0 0 0 0 0 0 0 0 0 0 0 0 0 0 0 0 0 0 0 0 0 0 0 0 0 0 0 0 0 0 0 0 0 0 0 0 0 0 0 0 0 0 0 0 0 0 0 0 0 0 0 0 0 0 0 0 0 0 0 0 0 0 0 0 0 0 0 0 0 0 0 0 0 0 0 0 0 0 0 0 0 0 0 0 0 0 0 0 0 0 0 0 0 0 0 0 0 0 0 0 0 0 0 0 0 0 0 0 0 0 0 0 0 0 0 0 0 0 0 0 0 0 0 0 0 0 0 0 0 0 0 0 0 0 0 0 0 0 0 0 0 0 0 0 0 0 0 0 0 0 0 0 0 0 0 0 0 0 0 0 0 0 0 0 0 0 0 0 0 0 0 0 0 0 0 0 0 0 0 0 0 0 0 0 0 0 0 0 0 0 0 0 0 0 0 0 0 0 0 0 0 0 0 0 0 0 0 0 0 0 0 0 0 0 0 0 0 0 0 0 0 0 0 0 0 0 0 0 0 0 0 0 0 0 0 0 0 0 0 0 0 0 0 0 0 0 0 0 0 0 0 0 0 0 0 0 0 0 0 0 0 0 0 0 0 0 0 0 0 0 0 0 0 0 0 0 0 0 0 0 0 0 0 0 0 0 0 0 0 0 0 0 0 0 0 0 0 0 0 0 0 0 0 0 0 0 0 0 0 0 0 0 0 0 0 0 0 0 0 0 0 0 0 0 0 0 0 0 0 0 0 0 0 0 0 0 0 0 0 0 0 0 0 0 0 0 0 0 0 0 0 0 0 0 0 0 0 0 0 0 0 0 0 0 0 0 0 0 0 0 0 0 0 0 0 0 0 0 0 0 0 0 0 0 0 0 0 0 0 0 0 0 0 0 0 0 0 0 0 0 0 0 0 0 0 0 0 0 0 0 0 0 0 0 0 0 0 0 0 0 0 0 0 0 0 0 0 0 0 0 0 0 0 0 0 0 0 0 0 0 0 0 0 0 0 0 0 0 0 0 0 0 0 0 0 0 0 0 0 0 0 0 0 0 0 0 0 0 0 0 0 0 0 0 0 0 0 0 0 0 0 0 0 0 0 0 0 0 0 0 0 0 0 0 0 0 0 0 0 0 0 0 0 0 0 0 0 0 0 0 0 0 0 0 0 0 0
ctxt 3318894428
btime 1790630938
processes 231417
procs_running 4
procs_blocked 0
softirq 2933848869 73526 5870222 2751903 2853833777 250470 0 13556365 34139035 410 23373161
--
cpu  2172790 882 1138588 23465219 42639 0 514566 0 0 0
cpu0 76923 16 32370 737889 984 0 16029 0 0 0
cpu1 79471 20 32962 737665 803 0 15946 0 0 0
cpu2 80402 17 33107 737198 462 0 16066 0 0 0
cpu3 98093 19 41536 702642 1280 0 23186 0 0 0
cpu4 101490 19 40807 701559 756 0 22744 0 0 0
cpu5 84611 20 34318 731120 510 0 16698 0 0 0
cpu6 84570 18 34544 730734 435 0 17360 0 0 0
cpu7 83601 16 34884 731361 269 0 17427 0 0 0
cpu8 37621 28 32400 762303 1319 0 9510 0 0 0
cpu9 42809 31 34860 747213 3208 0 10192 0 0 0
cpu10 41322 30 33840 752608 1532 0 10134 0 0 0
cpu11 38405 26 31538 764097 951 0 9279 0 0 0
cpu12 64064 102 36505 724432 3853 0 10820 0 0 0
cpu13 61981 35 37027 725285 3663 0 11061 0 0 0
cpu14 38016 25 30982 767406 1122 0 9053 0 0 0
cpu15 35684 28 28673 775991 942 0 8223 0 0 0
cpu16 96251 12 38637 711784 548 0 20593 0 0 0
cpu17 92497 14 37756 716102 1409 0 19843 0 0 0
cpu18 90227 14 37095 720766 320 0 19317 0 0 0
cpu19 114301 14 45874 679013 805 0 27061 0 0 0
cpu20 109486 16 45025 685323 868 0 26707 0 0 0
cpu21 87497 15 36260 724046 768 0 18790 0 0 0
cpu22 83446 18 35175 729385 480 0 17734 0 0 0
cpu23 78554 18 33595 738334 559 0 16476 0 0 0
cpu24 41164 31 32222 762532 1239 0 9899 0 0 0
cpu25 45251 35 35425 746429 2353 0 11615 0 0 0
cpu26 43671 30 34729 750510 1760 0 11271 0 0 0
cpu27 37132 21 30921 753847 1469 0 17690 0 0 0
cpu28 62511 50 39773 706405 2915 0 23035 0 0 0
cpu29 65443 88 40967 699582 2984 0 23385 0 0 0
cpu30 36458 21 32041 749825 1167 0 17521 0 0 0
cpu31 39825 20 32727 761818 895 0 9887 0 0 0
intr 2242501427 126 0 0 0 0 0 0 0 0 1 0 0 0 0 0 0 0 0 0 0 0 0 0 0 0 0 0 1 1 1 0 0 0 0 1 0 1 0 0 75045 0 0 0 0 0 0 0 0 411 0 0 0 0 0 0 0 0 87 0 0 0 0 0 0 0 0 0 0 0 0 0 0 0 239749 2 35009766 34946884 34875591 35011244 0 7261 2736 3225 1693 3335 2771 2244 2748 1670 11331 19897 11376 8850 14625 16254 11726 7892 2939 2054 1670 3085 2411 2216 1733 1713 9516 8652 6255 6491 7977 7336 6905 8473 0 0 0 0 616593 3590 1036 0 264 0 0 0 0 0 0 0 0 0 0 0 0 0 0 0 0 0 0 0 0 0 0 0 0 0 0 0 0 0 0 0 0 0 0 0 0 0 0 0 0 0 0 0 0 0 0 0 0 0 0 0 0 0 0 0 0 0 0 0 0 0 0 0 0 0 0 0 0 0 0 0 0 0 0 0 0 0 0 0 0 0 0 0 0 0 0 0 0 0 0 0 0 0 0 0 0 0 0 0 0 0 0 0 0 0 0 0 0 0 0 0 0 0 0 0 0 0 0 0 0 0 0 0 0 0 0 0 0 0 0 0 0 0 0 0 0 0 0 0 0 0 0 0 0 0 0 0 0 0 0 0 0 0 0 0 0 0 0 0 0 0 0 0 0 0 0 0 0 0 0 0 0 0 0 0 0 0 0 0 0 0 0 0 0 0 0 0 0 0 0 0 0 0 0 0 0 0 0 0 0 0 0 0 0 0 0 0 0 0 0 0 0 0 0 0 0 0 0 0 0 0 0 0 0 0 0 0 0 0 0 0 0 0 0 0 0 0 0 0 0 0 0 0 0 0 0 0 0 0 0 0 0 0 0 0 0 0 0 0 0 0 0 0 0 0 0 0 0 0 0 0 0 0 0 0 0 0 0 0 0 0 0 0 0 0 0 0 0 0 0 0 0 0 0 0 0 0 0 0 0 0 0 0 0 0 0 0 0 0 0 0 0 0 0 0 0 0 0 0 0 0 0 0 0 0 0 0 0 0 0 0 0 0 0 0 0 0 0 0 0 0 0 0 0 0 0 0 0 0 0 0 0 0 0 0 0 0 0 0 0 0 0 0 0 0 0 0 0 0 0 0 0 0 0 0 0 0 0 0 0 0 0 0 0 0 0 0 0 0 0 0 0 0 0 0 0 0 0 0 0 0 0 0 0 0 0 0 0 0 0 0 0 0 0 0 0 0 0 0 0 0 0 0 0 0 0 0 0 0 0 0 0 0 0 0 0 0 0 0 0 0 0 0 0 0 0 0 0 0 0 0 0 0 0 0 0 0 0 0 0 0 0 0 0 0 0 0 0 0 0 0 0 0 0 0 0 0 0 0 0 0 0 0 0 0 0 0 0 0 0 0 0 0 0 0 0 0 0 0 0 0 0 0 0 0 0 0 0 0 0 0 0 0 0 0 0 0 0 0 0 0 0 0 0 0 0 0 0 0 0 0 0 0 0 0 0 0 0 0 0 0 0 0 0 0 0 0 0 0 0 0 0 0 0 0 0 0 0 0 0 0 0 0 0 0 0 0 0 0 0 0 0 0 0 0 0 0 0 0 0 0 0 0 0 0 0 0 0 0 0 0 0 0 0 0 0 0 0 0 0 0 0 0 0 0 0 0 0 0 0 0 0 0 0 0 0 0 0 0 0 0 0 0 0 0 0 0 0 0 0 0 0 0 0 0 0 0 0 0 0 0 0 0 0 0 0 0 0 0 0 0 0 0 0 0 0 0 0 0 0 0 0 0 0 0 0 0 0 0 0 0 0 0 0 0 0 0 0 0 0 0 0 0 0 0 0 0 0 0 0 0 0 0 0 0 0 0 0 0 0 0 0 0 0 0 0 0 0 0 0 0 0 0 0 0 0 0 0 0 0 0 0 0 0 0 0 0 0 0 0 0 0 0 0 0 0 0 0 0 0 0 0 0 0 0 0 0 0 0 0 0 0 0 0 0 0 0 0 0 0 0 0 0 0 0 0 0 0 0 0 0 0 0 0 0 0 0 0 0 0 0 0 0 0 0 0 0 0 0 0 0 0 0 0 0 0 0 0 0 0 0 0 0 0 0 0 0 0 0 0 0 0 0 0 0 0 0 0 0 0 0 0 0 0 0 0 0 0 0 0 0 0 0 0 0 0 0 0 0 0 0 0 0 0 0 0 0 0 0 0 0 0 0 0 0 0 0 0 0 0 0 0 0 0 0 0 0 0 0 0 0 0 0 0 0 0 0 0 0 0 0 0 0 0 0 0 0 0 0 0 0 0 0 0 0 0 0 0 0 0 0 0 0 0 0 0 0 0 0 0 0 0 0 0 0 0 0 0 0 0 0 0 0 0 0 0 0 0 0 0 0 0 0 0 0 0 0 0 0 0 0 0 0 0 0 0 0 0 0 0 0 0 0 0 0 0 0 0 0 0 0 0 0 0 0 0 0 0 0 0 0 0 0 0 0 0 0 0 0 0 0 0 0 0 0 0 0 0 0 0 0 0 0 0 0 0 0 0 0 0 0 0 0 0 0 0 0 0 0 0 0 0 0 0 0 0 0 0 0 0 0 0 0 0 0 0 0 0 0 0 0 0 0 0 0 0 0 0 0 0 0 0 0 0 0 0 0 0 0 0 0 0 0 0 0 0 0 0 0 0 0 0 0 0 0 0 0 0 0 0 0 0 0 0 0 0 0 0 0 0 0 0 0 0 0 0 0 0 0 0 0 0 0 0 0 0 0 0 0 0 0 0
ctxt 3321318571
btime 1790630938
processes 231479
procs_running 9
procs_blocked 0
softirq 2936513340 73526 5931393 2751903 2856382332 250759 0 13556365 34166468 410 23400184
