Running 10s test @ http://127.0.0.1:18500/page
  16 threads and 128 connections
  Thread Stats   Avg      Stdev     Max   +/- Stdev
    Latency   602.31us  168.45us   2.63ms   73.46%
    Req/Sec    13.34k     1.08k   22.64k    76.24%
  Latency Distribution
     50%  505.00us
     75%  826.00us
     90%    0.87ms
     99%    0.88ms
  2138767 requests in 10.10s, 20.60GB read
Requests/sec: 211770.98
Transfer/sec:      2.04GB
## server-stat
cpu  1890798 694 997813 17018431 37501 0 444952 0 0 0
cpu0 63427 13 27515 541158 931 0 13223 0 0 0
cpu1 66565 15 28355 539357 696 0 13477 0 0 0
cpu2 66868 12 28322 539583 450 0 13488 0 0 0
cpu3 78866 15 33997 515569 1219 0 18923 0 0 0
cpu4 81955 15 33678 513843 741 0 18585 0 0 0
cpu5 70218 14 29121 535020 442 0 13887 0 0 0
cpu6 70760 13 29604 533410 422 0 14644 0 0 0
cpu7 69932 10 29970 533681 260 0 14739 0 0 0
cpu8 36853 21 29663 550902 1226 0 8558 0 0 0
cpu9 41623 24 31016 539381 2682 0 9090 0 0 0
cpu10 40427 23 30640 543082 1368 0 9099 0 0 0
cpu11 37782 20 29108 551840 806 0 8466 0 0 0
cpu12 59446 94 31902 520750 3490 0 9542 0 0 0
cpu13 57978 26 32193 521869 2909 0 9735 0 0 0
cpu14 37324 18 28511 554633 1037 0 8302 0 0 0
cpu15 35142 20 26735 561552 809 0 7596 0 0 0
cpu16 79039 10 33124 519098 490 0 17324 0 0 0
cpu17 75712 10 32309 522968 1383 0 16530 0 0 0
cpu18 75044 11 32045 525189 308 0 16300 0 0 0
cpu19 90167 12 37558 498763 733 0 21357 0 0 0
cpu20 87340 13 37565 501446 773 0 21751 0 0 0
cpu21 72786 11 31316 527914 671 0 15945 0 0 0
cpu22 69382 12 30473 531869 438 0 15102 0 0 0
cpu23 66105 14 29381 538119 514 0 14315 0 0 0
cpu24 40498 23 29898 549937 1091 0 9038 0 0 0
cpu25 44238 28 32520 536954 1928 0 10432 0 0 0
cpu26 42836 23 32006 540212 1529 0 10142 0 0 0
cpu27 36480 14 28636 541529 1322 0 16798 0 0 0
cpu28 59166 39 35037 502852 2478 0 21349 0 0 0
cpu29 61814 77 35847 497488 2453 0 21589 0 0 0
cpu30 35797 15 29440 538859 1030 0 16612 0 0 0
cpu31 39215 15 30313 549588 856 0 9000 0 0 0
intr 1909094558 126 0 0 0 0 0 0 0 0 1 0 0 0 0 0 0 0 0 0 0 0 0 0 0 0 0 0 1 1 1 0 0 0 0 1 0 1 0 0 75045 0 0 0 0 0 0 0 0 411 0 0 0 0 0 0 0 0 87 0 0 0 0 0 0 0 0 0 0 0 0 0 0 0 194951 2 34996619 34935146 34864602 35000930 0 5452 2503 3083 1670 3129 2688 2109 2627 1544 10785 19250 11011 8741 14186 15512 11626 7743 2918 1883 1557 2595 2283 2004 1703 1703 9274 7973 5752 6321 7200 6697 6593 8338 0 0 0 0 616444 3348 1036 0 264 0 0 0 0 0 0 0 0 0 0 0 0 0 0 0 0 0 0 0 0 0 0 0 0 0 0 0 0 0 0 0 0 0 0 0 0 0 0 0 0 0 0 0 0 0 0 0 0 0 0 0 0 0 0 0 0 0 0 0 0 0 0 0 0 0 0 0 0 0 0 0 0 0 0 0 0 0 0 0 0 0 0 0 0 0 0 0 0 0 0 0 0 0 0 0 0 0 0 0 0 0 0 0 0 0 0 0 0 0 0 0 0 0 0 0 0 0 0 0 0 0 0 0 0 0 0 0 0 0 0 0 0 0 0 0 0 0 0 0 0 0 0 0 0 0 0 0 0 0 0 0 0 0 0 0 0 0 0 0 0 0 0 0 0 0 0 0 0 0 0 0 0 0 0 0 0 0 0 0 0 0 0 0 0 0 0 0 0 0 0 0 0 0 0 0 0 0 0 0 0 0 0 0 0 0 0 0 0 0 0 0 0 0 0 0 0 0 0 0 0 0 0 0 0 0 0 0 0 0 0 0 0 0 0 0 0 0 0 0 0 0 0 0 0 0 0 0 0 0 0 0 0 0 0 0 0 0 0 0 0 0 0 0 0 0 0 0 0 0 0 0 0 0 0 0 0 0 0 0 0 0 0 0 0 0 0 0 0 0 0 0 0 0 0 0 0 0 0 0 0 0 0 0 0 0 0 0 0 0 0 0 0 0 0 0 0 0 0 0 0 0 0 0 0 0 0 0 0 0 0 0 0 0 0 0 0 0 0 0 0 0 0 0 0 0 0 0 0 0 0 0 0 0 0 0 0 0 0 0 0 0 0 0 0 0 0 0 0 0 0 0 0 0 0 0 0 0 0 0 0 0 0 0 0 0 0 0 0 0 0 0 0 0 0 0 0 0 0 0 0 0 0 0 0 0 0 0 0 0 0 0 0 0 0 0 0 0 0 0 0 0 0 0 0 0 0 0 0 0 0 0 0 0 0 0 0 0 0 0 0 0 0 0 0 0 0 0 0 0 0 0 0 0 0 0 0 0 0 0 0 0 0 0 0 0 0 0 0 0 0 0 0 0 0 0 0 0 0 0 0 0 0 0 0 0 0 0 0 0 0 0 0 0 0 0 0 0 0 0 0 0 0 0 0 0 0 0 0 0 0 0 0 0 0 0 0 0 0 0 0 0 0 0 0 0 0 0 0 0 0 0 0 0 0 0 0 0 0 0 0 0 0 0 0 0 0 0 0 0 0 0 0 0 0 0 0 0 0 0 0 0 0 0 0 0 0 0 0 0 0 0 0 0 0 0 0 0 0 0 0 0 0 0 0 0 0 0 0 0 0 0 0 0 0 0 0 0 0 0 0 0 0 0 0 0 0 0 0 0 0 0 0 0 0 0 0 0 0 0 0 0 0 0 0 0 0 0 0 0 0 0 0 0 0 0 0 0 0 0 0 0 0 0 0 0 0 0 0 0 0 0 0 0 0 0 0 0 0 0 0 0 0 0 0 0 0 0 0 0 0 0 0 0 0 0 0 0 0 0 0 0 0 0 0 0 0 0 0 0 0 0 0 0 0 0 0 0 0 0 0 0 0 0 0 0 0 0 0 0 0 0 0 0 0 0 0 0 0 0 0 0 0 0 0 0 0 0 0 0 0 0 0 0 0 0 0 0 0 0 0 0 0 0 0 0 0 0 0 0 0 0 0 0 0 0 0 0 0 0 0 0 0 0 0 0 0 0 0 0 0 0 0 0 0 0 0 0 0 0 0 0 0 0 0 0 0 0 0 0 0 0 0 0 0 0 0 0 0 0 0 0 0 0 0 0 0 0 0 0 0 0 0 0 0 0 0 0 0 0 0 0 0 0 0 0 0 0 0 0 0 0 0 0 0 0 0 0 0 0 0 0 0 0 0 0 0 0 0 0 0 0 0 0 0 0 0 0 0 0 0 0 0 0 0 0 0 0 0 0 0 0 0 0 0 0 0 0 0 0 0 0 0 0 0 0 0 0 0 0 0 0 0 0 0 0 0 0 0 0 0 0 0 0 0 0 0 0 0 0 0 0 0 0 0 0 0 0 0 0 0 0 0 0 0 0 0 0 0 0 0 0 0 0 0 0 0 0 0 0 0 0 0 0 0 0 0 0 0 0 0 0 0 0 0 0 0 0 0 0 0 0 0 0 0 0 0 0 0 0 0 0 0 0 0 0 0 0 0 0 0 0 0 0 0 0 0 0 0 0 0 0 0 0 0 0 0 0 0 0 0 0 0 0 0 0 0 0 0 0 0 0 0 0 0 0 0 0 0 0 0 0 0 0 0 0 0 0 0 0 0 0 0 0 0 0 0 0 0 0 0 0 0 0 0 0 0 0 0 0 0 0 0 0 0 0 0 0 0 0 0 0 0 0 0 0 0 0 0 0 0 0 0 0 0 0 0 0 0 0 0 0 0 0 0 0 0 0 0 0 0 0 0 0 0 0 0 0 0 0 0 0 0
ctxt 2719264847
btime 1790630938
processes 176706
procs_running 11
procs_blocked 0
softirq 2510953659 73526 4398193 2751712 2442755376 203337 0 13555199 28278620 410 18937286
--
cpu  1895994 695 998789 17036108 37503 0 445527 0 0 0
cpu0 63427 13 27516 541937 931 0 13223 0 0 0
cpu1 66566 15 28355 540155 696 0 13477 0 0 0
cpu2 66868 12 28322 540382 450 0 13488 0 0 0
cpu3 79497 15 34099 515569 1219 0 18990 0 0 0
cpu4 82595 15 33774 513843 741 0 18649 0 0 0
cpu5 70852 14 29222 535020 442 0 13951 0 0 0
cpu6 71401 13 29697 533410 422 0 14710 0 0 0
cpu7 70568 10 30068 533681 260 0 14804 0 0 0
cpu8 36857 21 29674 551616 1226 0 8561 0 0 0
cpu9 41628 24 31028 540086 2682 0 9093 0 0 0
cpu10 40430 23 30650 543787 1368 0 9102 0 0 0
cpu11 37785 20 29118 552551 806 0 8469 0 0 0
cpu12 59456 94 31917 521448 3490 0 9548 0 0 0
cpu13 57986 26 32209 522564 2909 0 9739 0 0 0
cpu14 37328 18 28523 555344 1037 0 8306 0 0 0
cpu15 35145 20 26745 562268 809 0 7599 0 0 0
cpu16 79687 10 33213 519098 490 0 17386 0 0 0
cpu17 76357 10 32404 522968 1383 0 16590 0 0 0
cpu18 75675 11 32148 525189 308 0 16365 0 0 0
cpu19 90167 12 37558 499562 733 0 21357 0 0 0
cpu20 87341 13 37565 502245 773 0 21751 0 0 0
cpu21 72786 11 31316 528713 671 0 15945 0 0 0
cpu22 69382 12 30473 532668 438 0 15102 0 0 0
cpu23 66105 14 29381 538917 514 0 14315 0 0 0
cpu24 40501 23 29910 550646 1091 0 9041 0 0 0
cpu25 44245 28 32533 537656 1928 0 10437 0 0 0
cpu26 42840 23 32020 540915 1529 0 10145 0 0 0
cpu27 36482 14 28650 542239 1322 0 16801 0 0 0
cpu28 59180 39 35052 503549 2478 0 21356 0 0 0
cpu29 61823 77 35863 498185 2453 0 21593 0 0 0
cpu30 35800 15 29451 539577 1030 0 16616 0 0 0
cpu31 39219 15 30324 550305 856 0 9003 0 0 0
intr 1910780123 126 0 0 0 0 0 0 0 0 1 0 0 0 0 0 0 0 0 0 0 0 0 0 0 0 0 0 1 1 1 0 0 0 0 1 0 1 0 0 75045 0 0 0 0 0 0 0 0 411 0 0 0 0 0 0 0 0 87 0 0 0 0 0 0 0 0 0 0 0 0 0 0 0 194951 2 34996633 34935152 34864617 35000947 0 5460 2503 3083 1670 3129 2688 2109 2627 1544 10785 19252 11011 8741 14186 15516 11626 7744 2918 1883 1557 2595 2283 2004 1703 1703 9274 7973 5754 6321 7232 6697 6593 8338 0 0 0 0 616444 3348 1036 0 264 0 0 0 0 0 0 0 0 0 0 0 0 0 0 0 0 0 0 0 0 0 0 0 0 0 0 0 0 0 0 0 0 0 0 0 0 0 0 0 0 0 0 0 0 0 0 0 0 0 0 0 0 0 0 0 0 0 0 0 0 0 0 0 0 0 0 0 0 0 0 0 0 0 0 0 0 0 0 0 0 0 0 0 0 0 0 0 0 0 0 0 0 0 0 0 0 0 0 0 0 0 0 0 0 0 0 0 0 0 0 0 0 0 0 0 0 0 0 0 0 0 0 0 0 0 0 0 0 0 0 0 0 0 0 0 0 0 0 0 0 0 0 0 0 0 0 0 0 0 0 0 0 0 0 0 0 0 0 0 0 0 0 0 0 0 0 0 0 0 0 0 0 0 0 0 0 0 0 0 0 0 0 0 0 0 0 0 0 0 0 0 0 0 0 0 0 0 0 0 0 0 0 0 0 0 0 0 0 0 0 0 0 0 0 0 0 0 0 0 0 0 0 0 0 0 0 0 0 0 0 0 0 0 0 0 0 0 0 0 0 0 0 0 0 0 0 0 0 0 0 0 0 0 0 0 0 0 0 0 0 0 0 0 0 0 0 0 0 0 0 0 0 0 0 0 0 0 0 0 0 0 0 0 0 0 0 0 0 0 0 0 0 0 0 0 0 0 0 0 0 0 0 0 0 0 0 0 0 0 0 0 0 0 0 0 0 0 0 0 0 0 0 0 0 0 0 0 0 0 0 0 0 0 0 0 0 0 0 0 0 0 0 0 0 0 0 0 0 0 0 0 0 0 0 0 0 0 0 0 0 0 0 0 0 0 0 0 0 0 0 0 0 0 0 0 0 0 0 0 0 0 0 0 0 0 0 0 0 0 0 0 0 0 0 0 0 0 0 0 0 0 0 0 0 0 0 0 0 0 0 0 0 0 0 0 0 0 0 0 0 0 0 0 0 0 0 0 0 0 0 0 0 0 0 0 0 0 0 0 0 0 0 0 0 0 0 0 0 0 0 0 0 0 0 0 0 0 0 0 0 0 0 0 0 0 0 0 0 0 0 0 0 0 0 0 0 0 0 0 0 0 0 0 0 0 0 0 0 0 0 0 0 0 0 0 0 0 0 0 0 0 0 0 0 0 0 0 0 0 0 0 0 0 0 0 0 0 0 0 0 0 0 0 0 0 0 0 0 0 0 0 0 0 0 0 0 0 0 0 0 0 0 0 0 0 0 0 0 0 0 0 0 0 0 0 0 0 0 0 0 0 0 0 0 0 0 0 0 0 0 0 0 0 0 0 0 0 0 0 0 0 0 0 0 0 0 0 0 0 0 0 0 0 0 0 0 0 0 0 0 0 0 0 0 0 0 0 0 0 0 0 0 0 0 0 0 0 0 0 0 0 0 0 0 0 0 0 0 0 0 0 0 0 0 0 0 0 0 0 0 0 0 0 0 0 0 0 0 0 0 0 0 0 0 0 0 0 0 0 0 0 0 0 0 0 0 0 0 0 0 0 0 0 0 0 0 0 0 0 0 0 0 0 0 0 0 0 0 0 0 0 0 0 0 0 0 0 0 0 0 0 0 0 0 0 0 0 0 0 0 0 0 0 0 0 0 0 0 0 0 0 0 0 0 0 0 0 0 0 0 0 0 0 0 0 0 0 0 0 0 0 0 0 0 0 0 0 0 0 0 0 0 0 0 0 0 0 0 0 0 0 0 0 0 0 0 0 0 0 0 0 0 0 0 0 0 0 0 0 0 0 0 0 0 0 0 0 0 0 0 0 0 0 0 0 0 0 0 0 0 0 0 0 0 0 0 0 0 0 0 0 0 0 0 0 0 0 0 0 0 0 0 0 0 0 0 0 0 0 0 0 0 0 0 0 0 0 0 0 0 0 0 0 0 0 0 0 0 0 0 0 0 0 0 0 0 0 0 0 0 0 0 0 0 0 0 0 0 0 0 0 0 0 0 0 0 0 0 0 0 0 0 0 0 0 0 0 0 0 0 0 0 0 0 0 0 0 0 0 0 0 0 0 0 0 0 0 0 0 0 0 0 0 0 0 0 0 0 0 0 0 0 0 0 0 0 0 0 0 0 0 0 0 0 0 0 0 0 0 0 0 0 0 0 0 0 0 0 0 0 0 0 0 0 0 0 0 0 0 0 0 0 0 0 0 0 0 0 0 0 0 0 0 0 0 0 0 0 0 0 0 0 0 0 0 0 0 0 0 0 0 0 0 0 0 0 0 0 0 0 0 0 0 0 0 0 0 0 0 0 0 0 0 0 0 0 0 0 0 0 0 0 0 0 0 0 0 0 0 0 0 0 0 0 0 0 0 0 0 0 0 0 0 0 0 0 0 0 0 0 0 0 0 0 0 0 0 0 0 0 0 0 0 0 0 0 0 0 0 0 0 0 0 0 0 0 0 0 0 0 0 0 0 0 0 0 0 0 0 0 0 0 0 0 0 0 0 0 0 0 0 0
ctxt 2722349301
btime 1790630938
processes 176770
procs_running 13
procs_blocked 0
softirq 2514374526 73526 4402463 2751712 2446138043 203345 0 13555199 28292442 410 18957386
