Running 10s test @ http://127.0.0.1:18500/wait
  16 threads and 1000 connections
  Thread Stats   Avg      Stdev     Max   +/- Stdev
    Latency    11.03ms  687.91us  14.22ms   67.29%
    Req/Sec     5.64k   119.45     6.00k    73.19%
  Latency Distribution
     50%   10.95ms
     75%   11.49ms
     90%   11.99ms
     99%   12.73ms
  900815 requests in 10.10s, 112.54MB read
Requests/sec:  89189.60
Transfer/sec:     11.14MB
## server-stat
cpu  2174589 885 1140755 23575341 42744 0 516105 0 0 0
cpu0 76941 16 32387 741513 986 0 16045 0 0 0
cpu1 79478 20 32969 741320 830 0 15952 0 0 0
cpu2 80408 17 33113 740887 462 0 16067 0 0 0
cpu3 98438 19 41893 705295 1280 0 23516 0 0 0
cpu4 101864 19 41198 704148 756 0 23096 0 0 0
cpu5 84615 20 34321 734814 510 0 16700 0 0 0
cpu6 84573 18 34546 734434 435 0 17360 0 0 0
cpu7 83602 16 34887 735060 269 0 17428 0 0 0
cpu8 37636 28 32443 765775 1320 0 9531 0 0 0
cpu9 42837 32 34913 750633 3208 0 10212 0 0 0
cpu10 41340 30 33889 756005 1555 0 10157 0 0 0
cpu11 38417 26 31582 767552 951 0 9299 0 0 0
cpu12 64121 102 36567 727768 3880 0 10844 0 0 0
cpu13 62043 35 37101 728623 3668 0 11093 0 0 0
cpu14 38029 25 31033 770862 1122 0 9072 0 0 0
cpu15 35697 28 28710 779463 943 0 8241 0 0 0
cpu16 96260 13 38641 715472 548 0 20594 0 0 0
cpu17 92505 14 37759 719794 1409 0 19843 0 0 0
cpu18 90232 14 37098 724462 320 0 19317 0 0 0
cpu19 114658 14 46210 681723 805 0 27357 0 0 0
cpu20 109753 16 45252 688342 868 0 26899 0 0 0
cpu21 87499 15 36260 727745 768 0 18790 0 0 0
cpu22 83449 18 35176 733084 480 0 17734 0 0 0
cpu23 78556 18 33597 742032 560 0 16476 0 0 0
cpu24 41177 32 32269 765983 1250 0 9919 0 0 0
cpu25 45273 35 35477 749854 2353 0 11634 0 0 0
cpu26 43688 30 34780 753946 1760 0 11295 0 0 0
cpu27 37150 21 30966 757318 1471 0 17706 0 0 0
cpu28 62555 50 39828 709802 2915 0 23060 0 0 0
cpu29 65470 88 41026 702978 2984 0 23413 0 0 0
cpu30 36469 21 32083 753308 1167 0 17540 0 0 0
cpu31 39836 20 32767 765329 895 0 9904 0 0 0
intr 2247558327 126 0 0 0 0 0 0 0 0 1 0 0 0 0 0 0 0 0 0 0 0 0 0 0 0 0 0 1 1 1 0 0 0 0 1 0 1 0 0 75045 0 0 0 0 0 0 0 0 411 0 0 0 0 0 0 0 0 87 0 0 0 0 0 0 0 0 0 0 0 0 0 0 0 240721 2 35009977 34947207 34875785 35011453 0 7289 2736 3227 1696 3338 2773 2246 2748 1670 11333 19897 11378 8850 14709 16255 11726 7893 2939 2054 1670 3085 2411 2216 1733 1714 9552 8653 6320 6510 7978 7348 6905 8474 0 0 0 0 616597 3598 1036 0 264 0 0 0 0 0 0 0 0 0 0 0 0 0 0 0 0 0 0 0 0 0 0 0 0 0 0 0 0 0 0 0 0 0 0 0 0 0 0 0 0 0 0 0 0 0 0 0 0 0 0 0 0 0 0 0 0 0 0 0 0 0 0 0 0 0 0 0 0 0 0 0 0 0 0 0 0 0 0 0 0 0 0 0 0 0 0 0 0 0 0 0 0 0 0 0 0 0 0 0 0 0 0 0 0 0 0 0 0 0 0 0 0 0 0 0 0 0 0 0 0 0 0 0 0 0 0 0 0 0 0 0 0 0 0 0 0 0 0 0 0 0 0 0 0 0 0 0 0 0 0 0 0 0 0 0 0 0 0 0 0 0 0 0 0 0 0 0 0 0 0 0 0 0 0 0 0 0 0 0 0 0 0 0 0 0 0 0 0 0 0 0 0 0 0 0 0 0 0 0 0 0 0 0 0 0 0 0 0 0 0 0 0 0 0 0 0 0 0 0 0 0 0 0 0 0 0 0 0 0 0 0 0 0 0 0 0 0 0 0 0 0 0 0 0 0 0 0 0 0 0 0 0 0 0 0 0 0 0 0 0 0 0 0 0 0 0 0 0 0 0 0 0 0 0 0 0 0 0 0 0 0 0 0 0 0 0 0 0 0 0 0 0 0 0 0 0 0 0 0 0 0 0 0 0 0 0 0 0 0 0 0 0 0 0 0 0 0 0 0 0 0 0 0 0 0 0 0 0 0 0 0 0 0 0 0 0 0 0 0 0 0 0 0 0 0 0 0 0 0 0 0 0 0 0 0 0 0 0 0 0 0 0 0 0 0 0 0 0 0 0 0 0 0 0 0 0 0 0 0 0 0 0 0 0 0 0 0 0 0 0 0 0 0 0 0 0 0 0 0 0 0 0 0 0 0 0 0 0 0 0 0 0 0 0 0 0 0 0 0 0 0 0 0 0 0 0 0 0 0 0 0 0 0 0 0 0 0 0 0 0 0 0 0 0 0 0 0 0 0 0 0 0 0 0 0 0 0 0 0 0 0 0 0 0 0 0 0 0 0 0 0 0 0 0 0 0 0 0 0 0 0 0 0 0 0 0 0 0 0 0 0 0 0 0 0 0 0 0 0 0 0 0 0 0 0 0 0 0 0 0 0 0 0 0 0 0 0 0 0 0 0 0 0 0 0 0 0 0 0 0 0 0 0 0 0 0 0 0 0 0 0 0 0 0 0 0 0 0 0 0 0 0 0 0 0 0 0 0 0 0 0 0 0 0 0 0 0 0 0 0 0 0 0 0 0 0 0 0 0 0 0 0 0 0 0 0 0 0 0 0 0 0 0 0 0 0 0 0 0 0 0 0 0 0 0 0 0 0 0 0 0 0 0 0 0 0 0 0 0 0 0 0 0 0 0 0 0 0 0 0 0 0 0 0 0 0 0 0 0 0 0 0 0 0 0 0 0 0 0 0 0 0 0 0 0 0 0 0 0 0 0 0 0 0 0 0 0 0 0 0 0 0 0 0 0 0 0 0 0 0 0 0 0 0 0 0 0 0 0 0 0 0 0 0 0 0 0 0 0 0 0 0 0 0 0 0 0 0 0 0 0 0 0 0 0 0 0 0 0 0 0 0 0 0 0 0 0 0 0 0 0 0 0 0 0 0 0 0 0 0 0 0 0 0 0 0 0 0 0 0 0 0 0 0 0 0 0 0 0 0 0 0 0 0 0 0 0 0 0 0 0 0 0 0 0 0 0 0 0 0 0 0 0 0 0 0 0 0 0 0 0 0 0 0 0 0 0 0 0 0 0 0 0 0 0 0 0 0 0 0 0 0 0 0 0 0 0 0 0 0 0 0 0 0 0 0 0 0 0 0 0 0 0 0 0 0 0 0 0 0 0 0 0 0 0 0 0 0 0 0 0 0 0 0 0 0 0 0 0 0 0 0 0 0 0 0 0 0 0 0 0 0 0 0 0 0 0 0 0 0 0 0 0 0 0 0 0 0 0 0 0 0 0 0 0 0 0 0 0 0 0 0 0 0 0 0 0 0 0 0 0 0 0 0 0 0 0 0 0 0 0 0 0 0 0 0 0 0 0 0 0 0 0 0 0 0 0 0 0 0 0 0 0 0 0 0 0 0 0 0 0 0 0 0 0 0 0 0 0 0 0 0 0 0 0 0 0 0 0 0 0 0 0 0 0 0 0 0 0 0 0 0 0 0 0 0 0 0 0 0 0 0 0 0 0 0 0 0 0 0 0 0 0 0 0 0 0 0 0 0 0 0 0 0 0 0 0 0 0 0 0 0 0 0 0 0 0 0 0 0 0 0 0 0 0 0 0 0 0 0 0 0 0 0 0 0 0 0 0 0 0 0 0 0 0 0 0 0 0 0 0 0 0 0 0 0 0 0 0 0 0 0 0 0 0 0 0 0 0 0 0 0 0 0 0 0 0 0 0 0 0 0 0 0 0 0 0 0 0 0 0 0
ctxt 3330669923
btime 1790630938
processes 232541
procs_running 5
procs_blocked 0
softirq 2947962915 73526 6024094 2751909 2867582408 251777 0 13556398 34241265 410 23481128
--
cpu  2174818 886 1140983 23599771 42776 0 516304 0 0 0
cpu0 76951 16 32398 742280 986 0 16052 0 0 0
cpu1 79481 20 32973 742108 831 0 15954 0 0 0
cpu2 80409 17 33115 741651 491 0 16069 0 0 0
cpu3 98480 19 41932 705972 1280 0 23554 0 0 0
cpu4 101902 19 41238 704836 756 0 23129 0 0 0
cpu5 84617 20 34322 735609 511 0 16700 0 0 0
cpu6 84573 18 34547 735231 435 0 17361 0 0 0
cpu7 83602 16 34887 735858 269 0 17428 0 0 0
cpu8 37637 28 32445 766549 1321 0 9532 0 0 0
cpu9 42838 32 34915 751392 3208 0 10214 0 0 0
cpu10 41342 30 33893 756763 1555 0 10159 0 0 0
cpu11 38419 26 31585 768316 951 0 9301 0 0 0
cpu12 64136 102 36573 728516 3880 0 10847 0 0 0
cpu13 62048 35 37104 729374 3668 0 11097 0 0 0
cpu14 38031 25 31036 771627 1122 0 9075 0 0 0
cpu15 35698 28 28711 780234 943 0 8242 0 0 0
cpu16 96260 13 38641 716271 548 0 20594 0 0 0
cpu17 92506 14 37760 720591 1409 0 19843 0 0 0
cpu18 90232 14 37098 725261 320 0 19317 0 0 0
cpu19 114731 14 46288 682295 805 0 27428 0 0 0
cpu20 109758 16 45258 689124 868 0 26904 0 0 0
cpu21 87500 15 36261 728542 768 0 18791 0 0 0
cpu22 83449 18 35176 733883 480 0 17734 0 0 0
cpu23 78556 18 33597 742832 560 0 16476 0 0 0
cpu24 41178 32 32271 766751 1250 0 9920 0 0 0
cpu25 45276 35 35478 750615 2353 0 11636 0 0 0
cpu26 43691 30 34782 754707 1760 0 11297 0 0 0
cpu27 37151 21 30968 758088 1471 0 17707 0 0 0
cpu28 62561 50 39832 710558 2915 0 23063 0 0 0
cpu29 65480 88 41032 703729 2984 0 23417 0 0 0
cpu30 36472 21 32085 754081 1167 0 17542 0 0 0
cpu31 39838 20 32768 766112 895 0 9905 0 0 0
intr 2248313805 126 0 0 0 0 0 0 0 0 1 0 0 0 0 0 0 0 0 0 0 0 0 0 0 0 0 0 1 1 1 0 0 0 0 1 0 1 0 0 75045 0 0 0 0 0 0 0 0 411 0 0 0 0 0 0 0 0 87 0 0 0 0 0 0 0 0 0 0 0 0 0 0 0 240961 2 35009989 34947245 34875797 35011479 0 7297 2736 3227 1700 3342 2773 2246 2748 1670 11333 19897 11378 8850 14710 16255 11726 7893 2939 2054 1670 3085 2411 2216 1733 1714 9552 8653 6320 6510 7978 7348 6905 8474 0 0 0 0 616597 3598 1036 0 264 0 0 0 0 0 0 0 0 0 0 0 0 0 0 0 0 0 0 0 0 0 0 0 0 0 0 0 0 0 0 0 0 0 0 0 0 0 0 0 0 0 0 0 0 0 0 0 0 0 0 0 0 0 0 0 0 0 0 0 0 0 0 0 0 0 0 0 0 0 0 0 0 0 0 0 0 0 0 0 0 0 0 0 0 0 0 0 0 0 0 0 0 0 0 0 0 0 0 0 0 0 0 0 0 0 0 0 0 0 0 0 0 0 0 0 0 0 0 0 0 0 0 0 0 0 0 0 0 0 0 0 0 0 0 0 0 0 0 0 0 0 0 0 0 0 0 0 0 0 0 0 0 0 0 0 0 0 0 0 0 0 0 0 0 0 0 0 0 0 0 0 0 0 0 0 0 0 0 0 0 0 0 0 0 0 0 0 0 0 0 0 0 0 0 0 0 0 0 0 0 0 0 0 0 0 0 0 0 0 0 0 0 0 0 0 0 0 0 0 0 0 0 0 0 0 0 0 0 0 0 0 0 0 0 0 0 0 0 0 0 0 0 0 0 0 0 0 0 0 0 0 0 0 0 0 0 0 0 0 0 0 0 0 0 0 0 0 0 0 0 0 0 0 0 0 0 0 0 0 0 0 0 0 0 0 0 0 0 0 0 0 0 0 0 0 0 0 0 0 0 0 0 0 0 0 0 0 0 0 0 0 0 0 0 0 0 0 0 0 0 0 0 0 0 0 0 0 0 0 0 0 0 0 0 0 0 0 0 0 0 0 0 0 0 0 0 0 0 0 0 0 0 0 0 0 0 0 0 0 0 0 0 0 0 0 0 0 0 0 0 0 0 0 0 0 0 0 0 0 0 0 0 0 0 0 0 0 0 0 0 0 0 0 0 0 0 0 0 0 0 0 0 0 0 0 0 0 0 0 0 0 0 0 0 0 0 0 0 0 0 0 0 0 0 0 0 0 0 0 0 0 0 0 0 0 0 0 0 0 0 0 0 0 0 0 0 0 0 0 0 0 0 0 0 0 0 0 0 0 0 0 0 0 0 0 0 0 0 0 0 0 0 0 0 0 0 0 0 0 0 0 0 0 0 0 0 0 0 0 0 0 0 0 0 0 0 0 0 0 0 0 0 0 0 0 0 0 0 0 0 0 0 0 0 0 0 0 0 0 0 0 0 0 0 0 0 0 0 0 0 0 0 0 0 0 0 0 0 0 0 0 0 0 0 0 0 0 0 0 0 0 0 0 0 0 0 0 0 0 0 0 0 0 0 0 0 0 0 0 0 0 0 0 0 0 0 0 0 0 0 0 0 0 0 0 0 0 0 0 0 0 0 0 0 0 0 0 0 0 0 0 0 0 0 0 0 0 0 0 0 0 0 0 0 0 0 0 0 0 0 0 0 0 0 0 0 0 0 0 0 0 0 0 0 0 0 0 0 0 0 0 0 0 0 0 0 0 0 0 0 0 0 0 0 0 0 0 0 0 0 0 0 0 0 0 0 0 0 0 0 0 0 0 0 0 0 0 0 0 0 0 0 0 0 0 0 0 0 0 0 0 0 0 0 0 0 0 0 0 0 0 0 0 0 0 0 0 0 0 0 0 0 0 0 0 0 0 0 0 0 0 0 0 0 0 0 0 0 0 0 0 0 0 0 0 0 0 0 0 0 0 0 0 0 0 0 0 0 0 0 0 0 0 0 0 0 0 0 0 0 0 0 0 0 0 0 0 0 0 0 0 0 0 0 0 0 0 0 0 0 0 0 0 0 0 0 0 0 0 0 0 0 0 0 0 0 0 0 0 0 0 0 0 0 0 0 0 0 0 0 0 0 0 0 0 0 0 0 0 0 0 0 0 0 0 0 0 0 0 0 0 0 0 0 0 0 0 0 0 0 0 0 0 0 0 0 0 0 0 0 0 0 0 0 0 0 0 0 0 0 0 0 0 0 0 0 0 0 0 0 0 0 0 0 0 0 0 0 0 0 0 0 0 0 0 0 0 0 0 0 0 0 0 0 0 0 0 0 0 0 0 0 0 0 0 0 0 0 0 0 0 0 0 0 0 0 0 0 0 0 0 0 0 0 0 0 0 0 0 0 0 0 0 0 0 0 0 0 0 0 0 0 0 0 0 0 0 0 0 0 0 0 0 0 0 0 0 0 0 0 0 0 0 0 0 0 0 0 0 0 0 0 0 0 0 0 0 0 0 0 0 0 0 0 0 0 0 0 0 0 0 0 0 0 0 0 0 0 0 0 0 0 0 0 0 0 0 0 0 0 0 0 0 0 0 0 0 0 0 0 0 0 0 0 0 0 0 0 0 0 0 0 0 0 0 0 0 0 0 0 0 0 0 0 0 0 0 0 0 0 0 0 0 0 0 0 0 0 0 0 0 0 0 0 0 0 0 0 0 0 0 0 0 0 0 0 0 0 0 0 0 0 0 0 0 0 0 0 0 0 0 0 0 0 0 0 0 0 0 0 0 0
ctxt 3332088550
btime 1790630938
processes 232616
procs_running 3
procs_blocked 0
softirq 2949428105 73526 6027777 2751909 2869021594 252030 0 13556398 34253832 410 23490629
