Running 10s test @ http://127.0.0.1:18500/
  16 threads and 128 connections
  Thread Stats   Avg      Stdev     Max   +/- Stdev
    Latency   141.05us   31.52us   2.01ms   83.97%
    Req/Sec    56.54k     5.07k   87.38k    66.71%
  Latency Distribution
     50%  147.00us
     75%  163.00us
     90%  168.00us
     99%  180.00us
  9075583 requests in 10.10s, 0.90GB read
Requests/sec: 898632.54
Transfer/sec:     90.84MB
## server-stat
cpu  1751533 663 902601 16185228 36516 0 382458 0 0 0
cpu0 58197 12 25336 513497 878 0 11629 0 0 0
cpu1 59776 15 25921 513346 692 0 11744 0 0 0
cpu2 59960 12 25390 514668 428 0 11300 0 0 0
cpu3 72468 14 31429 489546 1218 0 17011 0 0 0
cpu4 74192 14 30939 489306 738 0 16642 0 0 0
cpu5 62040 14 25972 511743 439 0 11539 0 0 0
cpu6 61536 12 26057 511924 420 0 11934 0 0 0
cpu7 59205 10 25270 515812 257 0 11093 0 0 0
cpu8 36454 19 27242 521125 1193 0 7403 0 0 0
cpu9 41200 23 28493 510080 2634 0 7892 0 0 0
cpu10 40023 22 28176 513530 1354 0 7937 0 0 0
cpu11 37409 19 26836 521610 789 0 7380 0 0 0
cpu12 58709 93 29407 491431 3468 0 8311 0 0 0
cpu13 57273 25 29679 492603 2876 0 8516 0 0 0
cpu14 36959 17 26340 524021 989 0 7220 0 0 0
cpu15 34818 19 24645 530547 791 0 6569 0 0 0
cpu16 67820 9 28486 501761 489 0 13486 0 0 0
cpu17 66176 10 27791 503641 1377 0 12898 0 0 0
cpu18 65702 10 28020 504744 307 0 13104 0 0 0
cpu19 79810 11 33056 480259 730 0 17745 0 0 0
cpu20 78471 13 33286 481142 757 0 18217 0 0 0
cpu21 64589 11 27517 506001 648 0 12895 0 0 0
cpu22 62431 11 27111 507968 401 0 12349 0 0 0
cpu23 60931 13 27151 510330 444 0 12644 0 0 0
cpu24 40106 23 27583 519650 1061 0 7916 0 0 0
cpu25 43710 26 29963 507692 1889 0 9166 0 0 0
cpu26 42366 22 29477 510840 1457 0 8912 0 0 0
cpu27 36091 13 26335 511518 1247 0 15645 0 0 0
cpu28 58104 35 32023 475332 2333 0 19931 0 0 0
cpu29 60810 74 32793 470136 2356 0 20148 0 0 0
cpu30 35374 14 26993 509484 1010 0 15449 0 0 0
cpu31 38810 14 27869 519927 830 0 7819 0 0 0
intr 1751077557 126 0 0 0 0 0 0 0 0 1 0 0 0 0 0 0 0 0 0 0 0 0 0 0 0 0 0 1 1 1 0 0 0 0 1 0 1 0 0 75045 0 0 0 0 0 0 0 0 411 0 0 0 0 0 0 0 0 87 0 0 0 0 0 0 0 0 0 0 0 0 0 0 0 186592 2 34995480 34934060 34862364 34998183 0 5146 2494 2977 1667 3123 2683 2101 2622 1528 10724 19118 10975 8690 14004 15442 11606 7671 2918 1877 1546 2548 2281 2000 1696 1681 9238 7887 5693 6279 7078 6553 6529 8244 0 0 0 0 616420 3294 1036 0 264 0 0 0 0 0 0 0 0 0 0 0 0 0 0 0 0 0 0 0 0 0 0 0 0 0 0 0 0 0 0 0 0 0 0 0 0 0 0 0 0 0 0 0 0 0 0 0 0 0 0 0 0 0 0 0 0 0 0 0 0 0 0 0 0 0 0 0 0 0 0 0 0 0 0 0 0 0 0 0 0 0 0 0 0 0 0 0 0 0 0 0 0 0 0 0 0 0 0 0 0 0 0 0 0 0 0 0 0 0 0 0 0 0 0 0 0 0 0 0 0 0 0 0 0 0 0 0 0 0 0 0 0 0 0 0 0 0 0 0 0 0 0 0 0 0 0 0 0 0 0 0 0 0 0 0 0 0 0 0 0 0 0 0 0 0 0 0 0 0 0 0 0 0 0 0 0 0 0 0 0 0 0 0 0 0 0 0 0 0 0 0 0 0 0 0 0 0 0 0 0 0 0 0 0 0 0 0 0 0 0 0 0 0 0 0 0 0 0 0 0 0 0 0 0 0 0 0 0 0 0 0 0 0 0 0 0 0 0 0 0 0 0 0 0 0 0 0 0 0 0 0 0 0 0 0 0 0 0 0 0 0 0 0 0 0 0 0 0 0 0 0 0 0 0 0 0 0 0 0 0 0 0 0 0 0 0 0 0 0 0 0 0 0 0 0 0 0 0 0 0 0 0 0 0 0 0 0 0 0 0 0 0 0 0 0 0 0 0 0 0 0 0 0 0 0 0 0 0 0 0 0 0 0 0 0 0 0 0 0 0 0 0 0 0 0 0 0 0 0 0 0 0 0 0 0 0 0 0 0 0 0 0 0 0 0 0 0 0 0 0 0 0 0 0 0 0 0 0 0 0 0 0 0 0 0 0 0 0 0 0 0 0 0 0 0 0 0 0 0 0 0 0 0 0 0 0 0 0 0 0 0 0 0 0 0 0 0 0 0 0 0 0 0 0 0 0 0 0 0 0 0 0 0 0 0 0 0 0 0 0 0 0 0 0 0 0 0 0 0 0 0 0 0 0 0 0 0 0 0 0 0 0 0 0 0 0 0 0 0 0 0 0 0 0 0 0 0 0 0 0 0 0 0 0 0 0 0 0 0 0 0 0 0 0 0 0 0 0 0 0 0 0 0 0 0 0 0 0 0 0 0 0 0 0 0 0 0 0 0 0 0 0 0 0 0 0 0 0 0 0 0 0 0 0 0 0 0 0 0 0 0 0 0 0 0 0 0 0 0 0 0 0 0 0 0 0 0 0 0 0 0 0 0 0 0 0 0 0 0 0 0 0 0 0 0 0 0 0 0 0 0 0 0 0 0 0 0 0 0 0 0 0 0 0 0 0 0 0 0 0 0 0 0 0 0 0 0 0 0 0 0 0 0 0 0 0 0 0 0 0 0 0 0 0 0 0 0 0 0 0 0 0 0 0 0 0 0 0 0 0 0 0 0 0 0 0 0 0 0 0 0 0 0 0 0 0 0 0 0 0 0 0 0 0 0 0 0 0 0 0 0 0 0 0 0 0 0 0 0 0 0 0 0 0 0 0 0 0 0 0 0 0 0 0 0 0 0 0 0 0 0 0 0 0 0 0 0 0 0 0 0 0 0 0 0 0 0 0 0 0 0 0 0 0 0 0 0 0 0 0 0 0 0 0 0 0 0 0 0 0 0 0 0 0 0 0 0 0 0 0 0 0 0 0 0 0 0 0 0 0 0 0 0 0 0 0 0 0 0 0 0 0 0 0 0 0 0 0 0 0 0 0 0 0 0 0 0 0 0 0 0 0 0 0 0 0 0 0 0 0 0 0 0 0 0 0 0 0 0 0 0 0 0 0 0 0 0 0 0 0 0 0 0 0 0 0 0 0 0 0 0 0 0 0 0 0 0 0 0 0 0 0 0 0 0 0 0 0 0 0 0 0 0 0 0 0 0 0 0 0 0 0 0 0 0 0 0 0 0 0 0 0 0 0 0 0 0 0 0 0 0 0 0 0 0 0 0 0 0 0 0 0 0 0 0 0 0 0 0 0 0 0 0 0 0 0 0 0 0 0 0 0 0 0 0 0 0 0 0 0 0 0 0 0 0 0 0 0 0 0 0 0 0 0 0 0 0 0 0 0 0 0 0 0 0 0 0 0 0 0 0 0 0 0 0 0 0 0 0 0 0 0 0 0 0 0 0 0 0 0 0 0 0 0 0 0 0 0 0 0 0 0 0 0 0 0 0 0 0 0 0 0 0 0 0 0 0 0 0 0 0 0 0 0 0 0 0 0 0 0 0 0 0 0 0 0 0 0 0 0 0 0 0 0 0 0 0 0 0 0 0 0 0 0 0 0 0 0 0 0 0 0 0 0 0 0 0 0 0 0 0 0 0 0 0 0 0 0 0 0 0 0 0 0 0 0 0 0 0 0 0 0 0 0 0 0 0 0 0 0 0 0 0 0 0 0 0 0 0 0 0 0 0 0 0 0 0 0 0 0 0 0
ctxt 2423577151
btime 1790630938
processes 168856
procs_running 14
procs_blocked 0
softirq 2140812739 73526 4145171 2751657 2076126929 194546 0 13555001 26447237 410 17518262
--
cpu  1754988 663 905331 16199528 36528 0 384745 0 0 0
cpu0 58393 12 25427 513904 878 0 11727 0 0 0
cpu1 60029 15 26035 513646 692 0 11877 0 0 0
cpu2 60366 12 25582 514668 428 0 11502 0 0 0
cpu3 72758 14 31567 489773 1218 0 17155 0 0 0
cpu4 74249 14 30968 489984 738 0 16669 0 0 0
cpu5 62041 14 25972 512538 439 0 11539 0 0 0
cpu6 61934 12 26249 511925 420 0 12144 0 0 0
cpu7 59223 10 25271 516592 257 0 11093 0 0 0
cpu8 36466 19 27315 521627 1193 0 7444 0 0 0
cpu9 41209 23 28563 510581 2634 0 7933 0 0 0
cpu10 40032 22 28254 514029 1354 0 7978 0 0 0
cpu11 37421 19 26909 522114 789 0 7417 0 0 0
cpu12 58719 93 29483 491931 3468 0 8354 0 0 0
cpu13 57283 25 29753 493102 2876 0 8556 0 0 0
cpu14 36968 17 26411 524532 989 0 7258 0 0 0
cpu15 34826 19 24713 531064 792 0 6607 0 0 0
cpu16 68039 10 28583 502145 489 0 13585 0 0 0
cpu17 66338 10 27867 504117 1382 0 12979 0 0 0
cpu18 65702 10 28020 505542 307 0 13104 0 0 0
cpu19 79923 12 33110 480830 730 0 17806 0 0 0
cpu20 78827 13 33451 481254 757 0 18385 0 0 0
cpu21 64984 11 27716 506001 648 0 13102 0 0 0
cpu22 62439 11 27112 508758 401 0 12349 0 0 0
cpu23 61330 13 27345 510330 444 0 12851 0 0 0
cpu24 40117 23 27657 520149 1061 0 7954 0 0 0
cpu25 43724 26 30037 508184 1889 0 9207 0 0 0
cpu26 42379 22 29557 511332 1457 0 8954 0 0 0
cpu27 36102 13 26408 512016 1247 0 15685 0 0 0
cpu28 58122 35 32103 475814 2338 0 19975 0 0 0
cpu29 60826 74 32869 470623 2357 0 20193 0 0 0
cpu30 35385 14 27066 509983 1010 0 15489 0 0 0
cpu31 38821 14 27945 520424 830 0 7861 0 0 0
intr 1755942356 126 0 0 0 0 0 0 0 0 1 0 0 0 0 0 0 0 0 0 0 0 0 0 0 0 0 0 1 1 1 0 0 0 0 1 0 1 0 0 75045 0 0 0 0 0 0 0 0 411 0 0 0 0 0 0 0 0 87 0 0 0 0 0 0 0 0 0 0 0 0 0 0 0 186711 2 34995487 34934074 34862413 34998238 0 5154 2494 2977 1667 3123 2683 2101 2622 1528 10760 19118 10975 8690 14006 15443 11606 7671 2918 1877 1546 2548 2281 2000 1696 1681 9238 7887 5693 6279 7078 6553 6532 8244 0 0 0 0 616420 3294 1036 0 264 0 0 0 0 0 0 0 0 0 0 0 0 0 0 0 0 0 0 0 0 0 0 0 0 0 0 0 0 0 0 0 0 0 0 0 0 0 0 0 0 0 0 0 0 0 0 0 0 0 0 0 0 0 0 0 0 0 0 0 0 0 0 0 0 0 0 0 0 0 0 0 0 0 0 0 0 0 0 0 0 0 0 0 0 0 0 0 0 0 0 0 0 0 0 0 0 0 0 0 0 0 0 0 0 0 0 0 0 0 0 0 0 0 0 0 0 0 0 0 0 0 0 0 0 0 0 0 0 0 0 0 0 0 0 0 0 0 0 0 0 0 0 0 0 0 0 0 0 0 0 0 0 0 0 0 0 0 0 0 0 0 0 0 0 0 0 0 0 0 0 0 0 0 0 0 0 0 0 0 0 0 0 0 0 0 0 0 0 0 0 0 0 0 0 0 0 0 0 0 0 0 0 0 0 0 0 0 0 0 0 0 0 0 0 0 0 0 0 0 0 0 0 0 0 0 0 0 0 0 0 0 0 0 0 0 0 0 0 0 0 0 0 0 0 0 0 0 0 0 0 0 0 0 0 0 0 0 0 0 0 0 0 0 0 0 0 0 0 0 0 0 0 0 0 0 0 0 0 0 0 0 0 0 0 0 0 0 0 0 0 0 0 0 0 0 0 0 0 0 0 0 0 0 0 0 0 0 0 0 0 0 0 0 0 0 0 0 0 0 0 0 0 0 0 0 0 0 0 0 0 0 0 0 0 0 0 0 0 0 0 0 0 0 0 0 0 0 0 0 0 0 0 0 0 0 0 0 0 0 0 0 0 0 0 0 0 0 0 0 0 0 0 0 0 0 0 0 0 0 0 0 0 0 0 0 0 0 0 0 0 0 0 0 0 0 0 0 0 0 0 0 0 0 0 0 0 0 0 0 0 0 0 0 0 0 0 0 0 0 0 0 0 0 0 0 0 0 0 0 0 0 0 0 0 0 0 0 0 0 0 0 0 0 0 0 0 0 0 0 0 0 0 0 0 0 0 0 0 0 0 0 0 0 0 0 0 0 0 0 0 0 0 0 0 0 0 0 0 0 0 0 0 0 0 0 0 0 0 0 0 0 0 0 0 0 0 0 0 0 0 0 0 0 0 0 0 0 0 0 0 0 0 0 0 0 0 0 0 0 0 0 0 0 0 0 0 0 0 0 0 0 0 0 0 0 0 0 0 0 0 0 0 0 0 0 0 0 0 0 0 0 0 0 0 0 0 0 0 0 0 0 0 0 0 0 0 0 0 0 0 0 0 0 0 0 0 0 0 0 0 0 0 0 0 0 0 0 0 0 0 0 0 0 0 0 0 0 0 0 0 0 0 0 0 0 0 0 0 0 0 0 0 0 0 0 0 0 0 0 0 0 0 0 0 0 0 0 0 0 0 0 0 0 0 0 0 0 0 0 0 0 0 0 0 0 0 0 0 0 0 0 0 0 0 0 0 0 0 0 0 0 0 0 0 0 0 0 0 0 0 0 0 0 0 0 0 0 0 0 0 0 0 0 0 0 0 0 0 0 0 0 0 0 0 0 0 0 0 0 0 0 0 0 0 0 0 0 0 0 0 0 0 0 0 0 0 0 0 0 0 0 0 0 0 0 0 0 0 0 0 0 0 0 0 0 0 0 0 0 0 0 0 0 0 0 0 0 0 0 0 0 0 0 0 0 0 0 0 0 0 0 0 0 0 0 0 0 0 0 0 0 0 0 0 0 0 0 0 0 0 0 0 0 0 0 0 0 0 0 0 0 0 0 0 0 0 0 0 0 0 0 0 0 0 0 0 0 0 0 0 0 0 0 0 0 0 0 0 0 0 0 0 0 0 0 0 0 0 0 0 0 0 0 0 0 0 0 0 0 0 0 0 0 0 0 0 0 0 0 0 0 0 0 0 0 0 0 0 0 0 0 0 0 0 0 0 0 0 0 0 0 0 0 0 0 0 0 0 0 0 0 0 0 0 0 0 0 0 0 0 0 0 0 0 0 0 0 0 0 0 0 0 0 0 0 0 0 0 0 0 0 0 0 0 0 0 0 0 0 0 0 0 0 0 0 0 0 0 0 0 0 0 0 0 0 0 0 0 0 0 0 0 0 0 0 0 0 0 0 0 0 0 0 0 0 0 0 0 0 0 0 0 0 0 0 0 0 0 0 0 0 0 0 0 0 0 0 0 0 0 0 0 0 0 0 0 0 0 0 0 0 0 0 0 0 0 0 0 0 0 0 0 0 0 0 0 0 0 0 0 0 0 0 0 0 0 0 0 0 0 0 0 0 0 0 0 0 0 0 0 0 0 0 0 0 0 0 0 0 0 0 0 0 0 0 0 0 0 0 0 0 0 0 0 0 0 0 0 0 0 0 0 0 0 0 0 0 0 0 0 0 0 0 0 0 0 0 0 0 0 0 0 0 0 0 0 0 0 0 0 0 0 0 0 0 0 0 0 0 0 0 0
ctxt 2433139625
btime 1790630938
processes 168923
procs_running 15
procs_blocked 0
softirq 2155241305 73526 4149528 2751657 2090489470 194678 0 13555001 26474736 410 17552299
