Running 10s test @ http://127.0.0.1:18500/json
  16 threads and 32 connections
  Thread Stats   Avg      Stdev     Max   +/- Stdev
    Latency   168.98us    3.73us 542.00us   91.03%
    Req/Sec    11.86k    76.47    12.06k    61.88%
  Latency Distribution
     50%  169.00us
     75%  170.00us
     90%  172.00us
     99%  175.00us
  1906747 requests in 10.10s, 263.67MB read
Requests/sec: 188790.03
Transfer/sec:     26.11MB
## server-stat
cpu  1746287 659 900140 16062433 36414 0 380577 0 0 0
cpu0 58040 12 25260 509610 878 0 11547 0 0 0
cpu1 59647 15 25864 509364 692 0 11679 0 0 0
cpu2 59757 12 25288 510849 428 0 11191 0 0 0
cpu3 71913 14 31176 486342 1218 0 16790 0 0 0
cpu4 73548 14 30626 486300 738 0 16371 0 0 0
cpu5 61883 14 25891 507825 438 0 11462 0 0 0
cpu6 61342 12 25960 508085 420 0 11832 0 0 0
cpu7 59051 10 25193 511890 257 0 11012 0 0 0
cpu8 36434 19 27192 517172 1177 0 7378 0 0 0
cpu9 41175 23 28442 506161 2634 0 7863 0 0 0
cpu10 40007 22 28126 509608 1353 0 7911 0 0 0
cpu11 37399 19 26785 517665 789 0 7354 0 0 0
cpu12 58642 93 29346 487589 3467 0 8280 0 0 0
cpu13 57205 25 29616 488767 2868 0 8485 0 0 0
cpu14 36948 17 26293 520079 971 0 7195 0 0 0
cpu15 34805 19 24600 526568 790 0 6546 0 0 0
cpu16 67751 9 28459 497662 472 0 13465 0 0 0
cpu17 66090 10 27749 499607 1345 0 12859 0 0 0
cpu18 65701 10 28016 500515 307 0 13104 0 0 0
cpu19 78559 11 32803 477714 730 0 17561 0 0 0
cpu20 77388 13 33090 478332 757 0 18070 0 0 0
cpu21 64536 11 27494 501872 647 0 12869 0 0 0
cpu22 62421 11 27104 503758 400 0 12344 0 0 0
cpu23 60879 13 27127 506198 444 0 12619 0 0 0
cpu24 40092 22 27532 515683 1061 0 7892 0 0 0
cpu25 43693 26 29912 503737 1889 0 9137 0 0 0
cpu26 42352 22 29427 506890 1457 0 8887 0 0 0
cpu27 36078 13 26287 507531 1245 0 15622 0 0 0
cpu28 58052 35 31965 471408 2333 0 19903 0 0 0
cpu29 60725 74 32733 466255 2356 0 20118 0 0 0
cpu30 35361 14 26947 505482 1009 0 15423 0 0 0
cpu31 38800 14 27822 515900 827 0 7795 0 0 0
intr 1745858714 126 0 0 0 0 0 0 0 0 1 0 0 0 0 0 0 0 0 0 0 0 0 0 0 0 0 0 1 1 1 0 0 0 0 1 0 1 0 0 75045 0 0 0 0 0 0 0 0 411 0 0 0 0 0 0 0 0 87 0 0 0 0 0 0 0 0 0 0 0 0 0 0 0 185767 2 34995322 34933807 34862040 34997800 0 5114 2493 2977 1667 3123 2683 2101 2610 1528 10709 19118 10965 8661 13941 15435 11606 7668 2918 1875 1546 2548 2281 1999 1696 1681 9238 7886 5693 6278 7078 6549 6516 8243 0 0 0 0 616416 3294 1036 0 264 0 0 0 0 0 0 0 0 0 0 0 0 0 0 0 0 0 0 0 0 0 0 0 0 0 0 0 0 0 0 0 0 0 0 0 0 0 0 0 0 0 0 0 0 0 0 0 0 0 0 0 0 0 0 0 0 0 0 0 0 0 0 0 0 0 0 0 0 0 0 0 0 0 0 0 0 0 0 0 0 0 0 0 0 0 0 0 0 0 0 0 0 0 0 0 0 0 0 0 0 0 0 0 0 0 0 0 0 0 0 0 0 0 0 0 0 0 0 0 0 0 0 0 0 0 0 0 0 0 0 0 0 0 0 0 0 0 0 0 0 0 0 0 0 0 0 0 0 0 0 0 0 0 0 0 0 0 0 0 0 0 0 0 0 0 0 0 0 0 0 0 0 0 0 0 0 0 0 0 0 0 0 0 0 0 0 0 0 0 0 0 0 0 0 0 0 0 0 0 0 0 0 0 0 0 0 0 0 0 0 0 0 0 0 0 0 0 0 0 0 0 0 0 0 0 0 0 0 0 0 0 0 0 0 0 0 0 0 0 0 0 0 0 0 0 0 0 0 0 0 0 0 0 0 0 0 0 0 0 0 0 0 0 0 0 0 0 0 0 0 0 0 0 0 0 0 0 0 0 0 0 0 0 0 0 0 0 0 0 0 0 0 0 0 0 0 0 0 0 0 0 0 0 0 0 0 0 0 0 0 0 0 0 0 0 0 0 0 0 0 0 0 0 0 0 0 0 0 0 0 0 0 0 0 0 0 0 0 0 0 0 0 0 0 0 0 0 0 0 0 0 0 0 0 0 0 0 0 0 0 0 0 0 0 0 0 0 0 0 0 0 0 0 0 0 0 0 0 0 0 0 0 0 0 0 0 0 0 0 0 0 0 0 0 0 0 0 0 0 0 0 0 0 0 0 0 0 0 0 0 0 0 0 0 0 0 0 0 0 0 0 0 0 0 0 0 0 0 0 0 0 0 0 0 0 0 0 0 0 0 0 0 0 0 0 0 0 0 0 0 0 0 0 0 0 0 0 0 0 0 0 0 0 0 0 0 0 0 0 0 0 0 0 0 0 0 0 0 0 0 0 0 0 0 0 0 0 0 0 0 0 0 0 0 0 0 0 0 0 0 0 0 0 0 0 0 0 0 0 0 0 0 0 0 0 0 0 0 0 0 0 0 0 0 0 0 0 0 0 0 0 0 0 0 0 0 0 0 0 0 0 0 0 0 0 0 0 0 0 0 0 0 0 0 0 0 0 0 0 0 0 0 0 0 0 0 0 0 0 0 0 0 0 0 0 0 0 0 0 0 0 0 0 0 0 0 0 0 0 0 0 0 0 0 0 0 0 0 0 0 0 0 0 0 0 0 0 0 0 0 0 0 0 0 0 0 0 0 0 0 0 0 0 0 0 0 0 0 0 0 0 0 0 0 0 0 0 0 0 0 0 0 0 0 0 0 0 0 0 0 0 0 0 0 0 0 0 0 0 0 0 0 0 0 0 0 0 0 0 0 0 0 0 0 0 0 0 0 0 0 0 0 0 0 0 0 0 0 0 0 0 0 0 0 0 0 0 0 0 0 0 0 0 0 0 0 0 0 0 0 0 0 0 0 0 0 0 0 0 0 0 0 0 0 0 0 0 0 0 0 0 0 0 0 0 0 0 0 0 0 0 0 0 0 0 0 0 0 0 0 0 0 0 0 0 0 0 0 0 0 0 0 0 0 0 0 0 0 0 0 0 0 0 0 0 0 0 0 0 0 0 0 0 0 0 0 0 0 0 0 0 0 0 0 0 0 0 0 0 0 0 0 0 0 0 0 0 0 0 0 0 0 0 0 0 0 0 0 0 0 0 0 0 0 0 0 0 0 0 0 0 0 0 0 0 0 0 0 0 0 0 0 0 0 0 0 0 0 0 0 0 0 0 0 0 0 0 0 0 0 0 0 0 0 0 0 0 0 0 0 0 0 0 0 0 0 0 0 0 0 0 0 0 0 0 0 0 0 0 0 0 0 0 0 0 0 0 0 0 0 0 0 0 0 0 0 0 0 0 0 0 0 0 0 0 0 0 0 0 0 0 0 0 0 0 0 0 0 0 0 0 0 0 0 0 0 0 0 0 0 0 0 0 0 0 0 0 0 0 0 0 0 0 0 0 0 0 0 0 0 0 0 0 0 0 0 0 0 0 0 0 0 0 0 0 0 0 0 0 0 0 0 0 0 0 0 0 0 0 0 0 0 0 0 0 0 0 0 0 0 0 0 0 0 0 0 0 0 0 0 0 0 0 0 0 0 0 0 0 0 0 0 0 0 0 0 0 0 0 0 0 0 0 0 0 0 0 0 0 0 0 0 0 0 0 0 0 0 0 0 0 0 0 0 0 0 0 0 0 0 0 0 0 0 0 0 0 0 0 0 0 0 0 0 0 0 0 0 0 0 0 0 0 0 0 0 0 0 0 0 0 0 0 0 0 0 0 0 0 0 0 0
ctxt 2413656979
btime 1790630938
processes 167956
procs_running 3
procs_blocked 0
softirq 2128279048 73526 4128662 2751651 2063726186 193673 0 13554992 26388430 410 17461518
--
cpu  1747149 660 900632 16085324 36432 0 380981 0 0 0
cpu0 58040 12 25260 510400 878 0 11547 0 0 0
cpu1 59648 15 25864 510163 692 0 11679 0 0 0
cpu2 59757 12 25288 511648 428 0 11191 0 0 0
cpu3 72124 14 31287 486725 1218 0 16885 0 0 0
cpu4 73945 14 30844 486300 738 0 16557 0 0 0
cpu5 61883 14 25892 508625 438 0 11462 0 0 0
cpu6 61342 12 25960 508884 420 0 11832 0 0 0
cpu7 59051 10 25193 512690 257 0 11012 0 0 0
cpu8 36437 19 27194 517919 1177 0 7379 0 0 0
cpu9 41183 23 28446 506871 2634 0 7866 0 0 0
cpu10 40009 22 28129 510323 1353 0 7912 0 0 0
cpu11 37400 19 26789 518390 789 0 7357 0 0 0
cpu12 58646 93 29354 488279 3468 0 8285 0 0 0
cpu13 57211 25 29622 489463 2868 0 8489 0 0 0
cpu14 36948 17 26296 520808 971 0 7197 0 0 0
cpu15 34807 19 24603 527311 790 0 6548 0 0 0
cpu16 67752 9 28460 498459 472 0 13466 0 0 0
cpu17 66090 10 27749 500391 1360 0 12859 0 0 0
cpu18 65701 10 28017 501315 307 0 13104 0 0 0
cpu19 78750 11 32908 478134 730 0 17645 0 0 0
cpu20 77388 13 33090 479132 757 0 18070 0 0 0
cpu21 64536 11 27494 502671 647 0 12869 0 0 0
cpu22 62421 11 27104 504557 400 0 12344 0 0 0
cpu23 60879 13 27127 506998 444 0 12619 0 0 0
cpu24 40094 22 27534 516430 1061 0 7894 0 0 0
cpu25 43697 26 29913 504477 1889 0 9138 0 0 0
cpu26 42354 22 29430 507624 1457 0 8889 0 0 0
cpu27 36082 13 26289 508287 1246 0 15624 0 0 0
cpu28 58069 35 31969 472133 2333 0 19906 0 0 0
cpu29 60731 74 32739 466976 2356 0 20121 0 0 0
cpu30 35362 14 26950 506246 1010 0 15424 0 0 0
cpu31 38801 14 27824 516679 828 0 7796 0 0 0
intr 1747347213 126 0 0 0 0 0 0 0 0 1 0 0 0 0 0 0 0 0 0 0 0 0 0 0 0 0 0 1 1 1 0 0 0 0 1 0 1 0 0 75045 0 0 0 0 0 0 0 0 411 0 0 0 0 0 0 0 0 87 0 0 0 0 0 0 0 0 0 0 0 0 0 0 0 185902 2 34995333 34933818 34862085 34997858 0 5118 2493 2977 1667 3123 2683 2101 2610 1528 10709 19118 10973 8689 13941 15435 11606 7669 2918 1875 1546 2548 2281 1999 1696 1681 9238 7886 5693 6278 7078 6552 6519 8243 0 0 0 0 616416 3294 1036 0 264 0 0 0 0 0 0 0 0 0 0 0 0 0 0 0 0 0 0 0 0 0 0 0 0 0 0 0 0 0 0 0 0 0 0 0 0 0 0 0 0 0 0 0 0 0 0 0 0 0 0 0 0 0 0 0 0 0 0 0 0 0 0 0 0 0 0 0 0 0 0 0 0 0 0 0 0 0 0 0 0 0 0 0 0 0 0 0 0 0 0 0 0 0 0 0 0 0 0 0 0 0 0 0 0 0 0 0 0 0 0 0 0 0 0 0 0 0 0 0 0 0 0 0 0 0 0 0 0 0 0 0 0 0 0 0 0 0 0 0 0 0 0 0 0 0 0 0 0 0 0 0 0 0 0 0 0 0 0 0 0 0 0 0 0 0 0 0 0 0 0 0 0 0 0 0 0 0 0 0 0 0 0 0 0 0 0 0 0 0 0 0 0 0 0 0 0 0 0 0 0 0 0 0 0 0 0 0 0 0 0 0 0 0 0 0 0 0 0 0 0 0 0 0 0 0 0 0 0 0 0 0 0 0 0 0 0 0 0 0 0 0 0 0 0 0 0 0 0 0 0 0 0 0 0 0 0 0 0 0 0 0 0 0 0 0 0 0 0 0 0 0 0 0 0 0 0 0 0 0 0 0 0 0 0 0 0 0 0 0 0 0 0 0 0 0 0 0 0 0 0 0 0 0 0 0 0 0 0 0 0 0 0 0 0 0 0 0 0 0 0 0 0 0 0 0 0 0 0 0 0 0 0 0 0 0 0 0 0 0 0 0 0 0 0 0 0 0 0 0 0 0 0 0 0 0 0 0 0 0 0 0 0 0 0 0 0 0 0 0 0 0 0 0 0 0 0 0 0 0 0 0 0 0 0 0 0 0 0 0 0 0 0 0 0 0 0 0 0 0 0 0 0 0 0 0 0 0 0 0 0 0 0 0 0 0 0 0 0 0 0 0 0 0 0 0 0 0 0 0 0 0 0 0 0 0 0 0 0 0 0 0 0 0 0 0 0 0 0 0 0 0 0 0 0 0 0 0 0 0 0 0 0 0 0 0 0 0 0 0 0 0 0 0 0 0 0 0 0 0 0 0 0 0 0 0 0 0 0 0 0 0 0 0 0 0 0 0 0 0 0 0 0 0 0 0 0 0 0 0 0 0 0 0 0 0 0 0 0 0 0 0 0 0 0 0 0 0 0 0 0 0 0 0 0 0 0 0 0 0 0 0 0 0 0 0 0 0 0 0 0 0 0 0 0 0 0 0 0 0 0 0 0 0 0 0 0 0 0 0 0 0 0 0 0 0 0 0 0 0 0 0 0 0 0 0 0 0 0 0 0 0 0 0 0 0 0 0 0 0 0 0 0 0 0 0 0 0 0 0 0 0 0 0 0 0 0 0 0 0 0 0 0 0 0 0 0 0 0 0 0 0 0 0 0 0 0 0 0 0 0 0 0 0 0 0 0 0 0 0 0 0 0 0 0 0 0 0 0 0 0 0 0 0 0 0 0 0 0 0 0 0 0 0 0 0 0 0 0 0 0 0 0 0 0 0 0 0 0 0 0 0 0 0 0 0 0 0 0 0 0 0 0 0 0 0 0 0 0 0 0 0 0 0 0 0 0 0 0 0 0 0 0 0 0 0 0 0 0 0 0 0 0 0 0 0 0 0 0 0 0 0 0 0 0 0 0 0 0 0 0 0 0 0 0 0 0 0 0 0 0 0 0 0 0 0 0 0 0 0 0 0 0 0 0 0 0 0 0 0 0 0 0 0 0 0 0 0 0 0 0 0 0 0 0 0 0 0 0 0 0 0 0 0 0 0 0 0 0 0 0 0 0 0 0 0 0 0 0 0 0 0 0 0 0 0 0 0 0 0 0 0 0 0 0 0 0 0 0 0 0 0 0 0 0 0 0 0 0 0 0 0 0 0 0 0 0 0 0 0 0 0 0 0 0 0 0 0 0 0 0 0 0 0 0 0 0 0 0 0 0 0 0 0 0 0 0 0 0 0 0 0 0 0 0 0 0 0 0 0 0 0 0 0 0 0 0 0 0 0 0 0 0 0 0 0 0 0 0 0 0 0 0 0 0 0 0 0 0 0 0 0 0 0 0 0 0 0 0 0 0 0 0 0 0 0 0 0 0 0 0 0 0 0 0 0 0 0 0 0 0 0 0 0 0 0 0 0 0 0 0 0 0 0 0 0 0 0 0 0 0 0 0 0 0 0 0 0 0 0 0 0 0 0 0 0 0 0 0 0 0 0 0 0 0 0 0 0 0 0 0 0 0 0 0 0 0 0 0 0 0 0 0 0 0 0 0 0 0 0 0 0 0 0 0 0 0 0 0 0 0 0 0 0 0 0 0 0 0 0 0 0 0 0 0 0 0 0 0 0 0 0 0 0 0 0 0 0 0 0 0 0 0 0 0 0 0 0 0 0 0 0 0 0 0 0 0 0 0 0 0 0 0 0 0 0 0 0 0 0 0 0 0
ctxt 2416538654
btime 1790630938
processes 167997
procs_running 8
procs_blocked 0
softirq 2131321525 73526 4131675 2751651 2066746613 193815 0 13554992 26399602 410 17469241
