Running 10s test @ http://127.0.0.1:18500/wait
  16 threads and 10000 connections
  Thread Stats   Avg      Stdev     Max   +/- Stdev
    Latency    60.53ms    6.66ms 305.74ms   90.69%
    Req/Sec    10.36k     1.00k   18.75k    78.81%
  Latency Distribution
     50%   59.94ms
     75%   63.93ms
     90%   64.93ms
     99%   66.07ms
  1648885 requests in 10.05s, 206.00MB read
Requests/sec: 164109.85
Transfer/sec:     20.50MB
## server-stat
cpu  2175348 886 1141391 23616440 42792 0 516589 0 0 0
cpu0 76952 16 32398 742846 986 0 16053 0 0 0
cpu1 79482 20 32973 742680 831 0 15954 0 0 0
cpu2 80410 17 33116 742209 506 0 16069 0 0 0
cpu3 98562 19 41975 706390 1280 0 23584 0 0 0
cpu4 101955 19 41273 705291 756 0 23158 0 0 0
cpu5 84617 20 34322 736181 512 0 16700 0 0 0
cpu6 84574 18 34547 735804 435 0 17361 0 0 0
cpu7 83602 16 34887 736431 269 0 17428 0 0 0
cpu8 37642 28 32454 767077 1321 0 9538 0 0 0
cpu9 42845 32 34927 751914 3208 0 10220 0 0 0
cpu10 41350 30 33905 757286 1555 0 10164 0 0 0
cpu11 38423 27 31596 768843 951 0 9305 0 0 0
cpu12 64145 102 36584 729033 3880 0 10853 0 0 0
cpu13 62068 35 37123 729872 3668 0 11103 0 0 0
cpu14 38036 25 31045 772157 1122 0 9078 0 0 0
cpu15 35701 28 28720 780766 943 0 8246 0 0 0
cpu16 96261 13 38641 716844 548 0 20594 0 0 0
cpu17 92506 14 37760 721164 1409 0 19843 0 0 0
cpu18 90233 14 37098 725833 320 0 19317 0 0 0
cpu19 114868 14 46369 682575 805 0 27503 0 0 0
cpu20 109905 16 45334 689399 868 0 26981 0 0 0
cpu21 87500 15 36261 729115 768 0 18791 0 0 0
cpu22 83450 18 35177 734456 480 0 17734 0 0 0
cpu23 78557 18 33597 743404 560 0 16476 0 0 0
cpu24 41181 32 32281 767281 1250 0 9924 0 0 0
cpu25 45285 35 35490 751135 2353 0 11641 0 0 0
cpu26 43695 30 34792 755233 1760 0 11302 0 0 0
cpu27 37153 21 30976 758622 1471 0 17711 0 0 0
cpu28 62575 50 39845 711070 2915 0 23068 0 0 0
cpu29 65487 88 41043 704250 2984 0 23421 0 0 0
cpu30 36474 21 32093 754615 1167 0 17545 0 0 0
cpu31 39840 20 32777 766651 895 0 9909 0 0 0
intr 2249119098 126 0 0 0 0 0 0 0 0 1 0 0 0 0 0 0 0 0 0 0 0 0 0 0 0 0 0 1 1 1 0 0 0 0 1 0 1 0 0 75045 0 0 0 0 0 0 0 0 411 0 0 0 0 0 0 0 0 87 0 0 0 0 0 0 0 0 0 0 0 0 0 0 0 241071 2 35010035 34947280 34875814 35011490 0 7302 2736 3227 1703 3342 2773 2246 2748 1670 11335 19897 11379 8850 14710 16255 11726 7893 2974 2054 1670 3085 2411 2216 1733 1715 9552 8653 6322 6510 7978 7350 6905 8474 0 0 0 0 616597 3601 1036 0 264 0 0 0 0 0 0 0 0 0 0 0 0 0 0 0 0 0 0 0 0 0 0 0 0 0 0 0 0 0 0 0 0 0 0 0 0 0 0 0 0 0 0 0 0 0 0 0 0 0 0 0 0 0 0 0 0 0 0 0 0 0 0 0 0 0 0 0 0 0 0 0 0 0 0 0 0 0 0 0 0 0 0 0 0 0 0 0 0 0 0 0 0 0 0 0 0 0 0 0 0 0 0 0 0 0 0 0 0 0 0 0 0 0 0 0 0 0 0 0 0 0 0 0 0 0 0 0 0 0 0 0 0 0 0 0 0 0 0 0 0 0 0 0 0 0 0 0 0 0 0 0 0 0 0 0 0 0 0 0 0 0 0 0 0 0 0 0 0 0 0 0 0 0 0 0 0 0 0 0 0 0 0 0 0 0 0 0 0 0 0 0 0 0 0 0 0 0 0 0 0 0 0 0 0 0 0 0 0 0 0 0 0 0 0 0 0 0 0 0 0 0 0 0 0 0 0 0 0 0 0 0 0 0 0 0 0 0 0 0 0 0 0 0 0 0 0 0 0 0 0 0 0 0 0 0 0 0 0 0 0 0 0 0 0 0 0 0 0 0 0 0 0 0 0 0 0 0 0 0 0 0 0 0 0 0 0 0 0 0 0 0 0 0 0 0 0 0 0 0 0 0 0 0 0 0 0 0 0 0 0 0 0 0 0 0 0 0 0 0 0 0 0 0 0 0 0 0 0 0 0 0 0 0 0 0 0 0 0 0 0 0 0 0 0 0 0 0 0 0 0 0 0 0 0 0 0 0 0 0 0 0 0 0 0 0 0 0 0 0 0 0 0 0 0 0 0 0 0 0 0 0 0 0 0 0 0 0 0 0 0 0 0 0 0 0 0 0 0 0 0 0 0 0 0 0 0 0 0 0 0 0 0 0 0 0 0 0 0 0 0 0 0 0 0 0 0 0 0 0 0 0 0 0 0 0 0 0 0 0 0 0 0 0 0 0 0 0 0 0 0 0 0 0 0 0 0 0 0 0 0 0 0 0 0 0 0 0 0 0 0 0 0 0 0 0 0 0 0 0 0 0 0 0 0 0 0 0 0 0 0 0 0 0 0 0 0 0 0 0 0 0 0 0 0 0 0 0 0 0 0 0 0 0 0 0 0 0 0 0 0 0 0 0 0 0 0 0 0 0 0 0 0 0 0 0 0 0 0 0 0 0 0 0 0 0 0 0 0 0 0 0 0 0 0 0 0 0 0 0 0 0 0 0 0 0 0 0 0 0 0 0 0 0 0 0 0 0 0 0 0 0 0 0 0 0 0 0 0 0 0 0 0 0 0 0 0 0 0 0 0 0 0 0 0 0 0 0 0 0 0 0 0 0 0 0 0 0 0 0 0 0 0 0 0 0 0 0 0 0 0 0 0 0 0 0 0 0 0 0 0 0 0 0 0 0 0 0 0 0 0 0 0 0 0 0 0 0 0 0 0 0 0 0 0 0 0 0 0 0 0 0 0 0 0 0 0 0 0 0 0 0 0 0 0 0 0 0 0 0 0 0 0 0 0 0 0 0 0 0 0 0 0 0 0 0 0 0 0 0 0 0 0 0 0 0 0 0 0 0 0 0 0 0 0 0 0 0 0 0 0 0 0 0 0 0 0 0 0 0 0 0 0 0 0 0 0 0 0 0 0 0 0 0 0 0 0 0 0 0 0 0 0 0 0 0 0 0 0 0 0 0 0 0 0 0 0 0 0 0 0 0 0 0 0 0 0 0 0 0 0 0 0 0 0 0 0 0 0 0 0 0 0 0 0 0 0 0 0 0 0 0 0 0 0 0 0 0 0 0 0 0 0 0 0 0 0 0 0 0 0 0 0 0 0 0 0 0 0 0 0 0 0 0 0 0 0 0 0 0 0 0 0 0 0 0 0 0 0 0 0 0 0 0 0 0 0 0 0 0 0 0 0 0 0 0 0 0 0 0 0 0 0 0 0 0 0 0 0 0 0 0 0 0 0 0 0 0 0 0 0 0 0 0 0 0 0 0 0 0 0 0 0 0 0 0 0 0 0 0 0 0 0 0 0 0 0 0 0 0 0 0 0 0 0 0 0 0 0 0 0 0 0 0 0 0 0 0 0 0 0 0 0 0 0 0 0 0 0 0 0 0 0 0 0 0 0 0 0 0 0 0 0 0 0 0 0 0 0 0 0 0 0 0 0 0 0 0 0 0 0 0 0 0 0 0 0 0 0 0 0 0 0 0 0 0 0 0 0 0 0 0 0 0 0 0 0 0 0 0 0 0 0 0 0 0 0 0 0 0 0 0 0 0 0 0 0 0 0 0 0 0 0 0 0 0 0 0 0 0 0 0 0 0 0 0 0 0 0 0 0 0 0 0 0 0 0 0 0 0 0 0 0 0 0 0 0 0 0 0 0 0 0 0 0 0 0 0 0 0 0 0 0 0 0 0 0 0 0 0 0 0 0
ctxt 3333535846
btime 1790630938
processes 232769
procs_running 6
procs_blocked 0
softirq 2951551957 73526 6050258 2751911 2871091171 252145 0 13556408 34268141 410 23507987
--
cpu  2176242 887 1142072 23639292 42807 0 517124 0 0 0
cpu0 76952 16 32398 743637 986 0 16053 0 0 0
cpu1 79483 20 32973 743477 831 0 15955 0 0 0
cpu2 80411 17 33117 743006 506 0 16069 0 0 0
cpu3 98632 19 42010 707050 1280 0 23618 0 0 0
cpu4 102108 19 41358 705770 756 0 23242 0 0 0
cpu5 84617 20 34323 736980 512 0 16700 0 0 0
cpu6 84574 18 34547 736603 435 0 17361 0 0 0
cpu7 83603 16 34887 737230 269 0 17428 0 0 0
cpu8 37646 28 32469 767810 1321 0 9546 0 0 0
cpu9 42852 32 34947 752639 3208 0 10229 0 0 0
cpu10 41359 30 33924 758008 1555 0 10173 0 0 0
cpu11 38429 27 31612 769579 952 0 9313 0 0 0
cpu12 64162 102 36605 729746 3881 0 10864 0 0 0
cpu13 62082 35 37143 730583 3669 0 11114 0 0 0
cpu14 38040 25 31062 772892 1122 0 9084 0 0 0
cpu15 35708 28 28735 781504 943 0 8254 0 0 0
cpu16 96261 13 38641 717643 548 0 20594 0 0 0
cpu17 92506 14 37760 721963 1409 0 19843 0 0 0
cpu18 90233 14 37098 726632 320 0 19317 0 0 0
cpu19 115202 14 46529 682715 805 0 27669 0 0 0
cpu20 110135 16 45459 689721 868 0 27104 0 0 0
cpu21 87500 15 36261 729914 768 0 18791 0 0 0
cpu22 83450 18 35177 735254 480 0 17734 0 0 0
cpu23 78557 18 33597 744203 560 0 16476 0 0 0
cpu24 41185 32 32296 768016 1250 0 9931 0 0 0
cpu25 45290 35 35506 751862 2353 0 11651 0 0 0
cpu26 43701 30 34811 755963 1760 0 11310 0 0 0
cpu27 37156 21 30988 759364 1471 0 17717 0 0 0
cpu28 62580 51 39866 711793 2916 0 23075 0 0 0
cpu29 65495 88 41064 704970 2984 0 23430 0 0 0
cpu30 36478 21 32106 755348 1179 0 17551 0 0 0
cpu31 39843 20 32791 767400 895 0 9914 0 0 0
intr 2250486814 126 0 0 0 0 0 0 0 0 1 0 0 0 0 0 0 0 0 0 0 0 0 0 0 0 0 0 1 1 1 0 0 0 0 1 0 1 0 0 75045 0 0 0 0 0 0 0 0 411 0 0 0 0 0 0 0 0 87 0 0 0 0 0 0 0 0 0 0 0 0 0 0 0 241205 2 35010042 34947312 34875828 35011506 0 7310 2736 3228 1709 3342 2773 2246 2748 1670 11335 19898 11379 8850 14710 16261 11726 7893 2974 2054 1670 3085 2411 2216 1733 1715 9552 8653 6322 6510 7980 7350 6905 8475 0 0 0 0 616597 3601 1036 0 264 0 0 0 0 0 0 0 0 0 0 0 0 0 0 0 0 0 0 0 0 0 0 0 0 0 0 0 0 0 0 0 0 0 0 0 0 0 0 0 0 0 0 0 0 0 0 0 0 0 0 0 0 0 0 0 0 0 0 0 0 0 0 0 0 0 0 0 0 0 0 0 0 0 0 0 0 0 0 0 0 0 0 0 0 0 0 0 0 0 0 0 0 0 0 0 0 0 0 0 0 0 0 0 0 0 0 0 0 0 0 0 0 0 0 0 0 0 0 0 0 0 0 0 0 0 0 0 0 0 0 0 0 0 0 0 0 0 0 0 0 0 0 0 0 0 0 0 0 0 0 0 0 0 0 0 0 0 0 0 0 0 0 0 0 0 0 0 0 0 0 0 0 0 0 0 0 0 0 0 0 0 0 0 0 0 0 0 0 0 0 0 0 0 0 0 0 0 0 0 0 0 0 0 0 0 0 0 0 0 0 0 0 0 0 0 0 0 0 0 0 0 0 0 0 0 0 0 0 0 0 0 0 0 0 0 0 0 0 0 0 0 0 0 0 0 0 0 0 0 0 0 0 0 0 0 0 0 0 0 0 0 0 0 0 0 0 0 0 0 0 0 0 0 0 0 0 0 0 0 0 0 0 0 0 0 0 0 0 0 0 0 0 0 0 0 0 0 0 0 0 0 0 0 0 0 0 0 0 0 0 0 0 0 0 0 0 0 0 0 0 0 0 0 0 0 0 0 0 0 0 0 0 0 0 0 0 0 0 0 0 0 0 0 0 0 0 0 0 0 0 0 0 0 0 0 0 0 0 0 0 0 0 0 0 0 0 0 0 0 0 0 0 0 0 0 0 0 0 0 0 0 0 0 0 0 0 0 0 0 0 0 0 0 0 0 0 0 0 0 0 0 0 0 0 0 0 0 0 0 0 0 0 0 0 0 0 0 0 0 0 0 0 0 0 0 0 0 0 0 0 0 0 0 0 0 0 0 0 0 0 0 0 0 0 0 0 0 0 0 0 0 0 0 0 0 0 0 0 0 0 0 0 0 0 0 0 0 0 0 0 0 0 0 0 0 0 0 0 0 0 0 0 0 0 0 0 0 0 0 0 0 0 0 0 0 0 0 0 0 0 0 0 0 0 0 0 0 0 0 0 0 0 0 0 0 0 0 0 0 0 0 0 0 0 0 0 0 0 0 0 0 0 0 0 0 0 0 0 0 0 0 0 0 0 0 0 0 0 0 0 0 0 0 0 0 0 0 0 0 0 0 0 0 0 0 0 0 0 0 0 0 0 0 0 0 0 0 0 0 0 0 0 0 0 0 0 0 0 0 0 0 0 0 0 0 0 0 0 0 0 0 0 0 0 0 0 0 0 0 0 0 0 0 0 0 0 0 0 0 0 0 0 0 0 0 0 0 0 0 0 0 0 0 0 0 0 0 0 0 0 0 0 0 0 0 0 0 0 0 0 0 0 0 0 0 0 0 0 0 0 0 0 0 0 0 0 0 0 0 0 0 0 0 0 0 0 0 0 0 0 0 0 0 0 0 0 0 0 0 0 0 0 0 0 0 0 0 0 0 0 0 0 0 0 0 0 0 0 0 0 0 0 0 0 0 0 0 0 0 0 0 0 0 0 0 0 0 0 0 0 0 0 0 0 0 0 0 0 0 0 0 0 0 0 0 0 0 0 0 0 0 0 0 0 0 0 0 0 0 0 0 0 0 0 0 0 0 0 0 0 0 0 0 0 0 0 0 0 0 0 0 0 0 0 0 0 0 0 0 0 0 0 0 0 0 0 0 0 0 0 0 0 0 0 0 0 0 0 0 0 0 0 0 0 0 0 0 0 0 0 0 0 0 0 0 0 0 0 0 0 0 0 0 0 0 0 0 0 0 0 0 0 0 0 0 0 0 0 0 0 0 0 0 0 0 0 0 0 0 0 0 0 0 0 0 0 0 0 0 0 0 0 0 0 0 0 0 0 0 0 0 0 0 0 0 0 0 0 0 0 0 0 0 0 0 0 0 0 0 0 0 0 0 0 0 0 0 0 0 0 0 0 0 0 0 0 0 0 0 0 0 0 0 0 0 0 0 0 0 0 0 0 0 0 0 0 0 0 0 0 0 0 0 0 0 0 0 0 0 0 0 0 0 0 0 0 0 0 0 0 0 0 0 0 0 0 0 0 0 0 0 0 0 0 0 0 0 0 0 0 0 0 0 0 0 0 0 0 0 0 0 0 0 0 0 0 0 0 0 0 0 0 0 0 0 0 0 0 0 0 0 0 0 0 0 0 0 0 0 0 0 0 0 0 0 0 0 0 0 0 0 0 0 0 0 0 0 0 0 0 0 0 0 0 0 0 0 0 0 0 0 0 0 0 0 0 0 0 0 0 0 0 0 0 0 0 0 0 0 0 0 0 0 0 0 0 0 0 0 0 0 0 0 0 0 0 0 0 0 0 0 0 0 0 0 0 0 0 0 0 0 0
ctxt 3335932609
btime 1790630938
processes 232849
procs_running 3
procs_blocked 0
softirq 2955607338 73526 6116191 2751911 2875023523 252286 0 13556408 34295216 410 23537867
