Running 10s test @ http://127.0.0.1:18500/wait
  16 threads and 32 connections
  Thread Stats   Avg      Stdev     Max   +/- Stdev
    Latency    10.25ms   37.48us  10.73ms   70.47%
    Req/Sec   195.95      7.96   202.00     82.76%
  Latency Distribution
     50%   10.26ms
     75%   10.28ms
     90%   10.29ms
     99%   10.33ms
  31236 requests in 10.10s, 3.19MB read
Requests/sec:   3092.67
Transfer/sec:    323.16KB
## server-stat
cpu  1709878 636 884165 15304104 35865 0 368298 0 0 0
cpu0 56593 12 24802 485754 876 0 11251 0 0 0
cpu1 58280 14 25416 485263 691 0 11390 0 0 0
cpu2 58438 11 24859 486611 428 0 10920 0 0 0
cpu3 67260 14 29108 468703 1218 0 14918 0 0 0
cpu4 68131 14 28351 469770 737 0 14359 0 0 0
cpu5 60608 13 25468 483532 438 0 11196 0 0 0
cpu6 60157 12 25558 483586 417 0 11592 0 0 0
cpu7 57944 10 24826 487195 256 0 10794 0 0 0
cpu8 36364 18 27046 492050 1171 0 7281 0 0 0
cpu9 41044 21 28206 481821 2595 0 7706 0 0 0
cpu10 39893 20 27914 485155 1344 0 7762 0 0 0
cpu11 37336 17 26628 492760 766 0 7254 0 0 0
cpu12 58265 91 29027 463998 3411 0 8088 0 0 0
cpu13 56823 23 29289 465264 2807 0 8272 0 0 0
cpu14 36880 16 26136 495266 948 0 7085 0 0 0
cpu15 34755 17 24473 501367 743 0 6464 0 0 0
cpu16 66222 9 28040 473700 411 0 13199 0 0 0
cpu17 64681 9 27317 475496 1317 0 12603 0 0 0
cpu18 64367 10 27597 476230 305 0 12850 0 0 0
cpu19 74064 11 30963 459518 729 0 15871 0 0 0
cpu20 73704 12 31443 458983 757 0 16528 0 0 0
cpu21 63256 10 27083 477540 645 0 12615 0 0 0
cpu22 61220 11 26714 479248 399 0 12113 0 0 0
cpu23 59740 12 26759 481525 443 0 12391 0 0 0
cpu24 40017 21 27386 490515 1041 0 7797 0 0 0
cpu25 43584 25 29726 478964 1831 0 9009 0 0 0
cpu26 42263 21 29256 482064 1419 0 8754 0 0 0
cpu27 36018 11 26144 482262 1225 0 15526 0 0 0
cpu28 57692 34 31691 447201 2310 0 19718 0 0 0
cpu29 60230 73 32414 442203 2341 0 19945 0 0 0
cpu30 35291 14 26804 480204 1006 0 15320 0 0 0
cpu31 38743 13 27709 490342 824 0 7713 0 0 0
intr 1685591919 126 0 0 0 0 0 0 0 0 1 0 0 0 0 0 0 0 0 0 0 0 0 0 0 0 0 0 1 1 1 0 0 0 0 1 0 1 0 0 75045 0 0 0 0 0 0 0 0 411 0 0 0 0 0 0 0 0 87 0 0 0 0 0 0 0 0 0 0 0 0 0 0 0 181025 2 34994362 34932513 34859904 34995522 0 4894 2488 2975 1664 3122 2679 2098 2591 1525 10656 19057 10901 8616 13860 15355 11537 7662 2789 1812 1546 2547 2278 1995 1696 1677 9238 7879 5632 6110 7015 6514 6487 8182 0 0 0 0 616400 3253 1036 0 264 0 0 0 0 0 0 0 0 0 0 0 0 0 0 0 0 0 0 0 0 0 0 0 0 0 0 0 0 0 0 0 0 0 0 0 0 0 0 0 0 0 0 0 0 0 0 0 0 0 0 0 0 0 0 0 0 0 0 0 0 0 0 0 0 0 0 0 0 0 0 0 0 0 0 0 0 0 0 0 0 0 0 0 0 0 0 0 0 0 0 0 0 0 0 0 0 0 0 0 0 0 0 0 0 0 0 0 0 0 0 0 0 0 0 0 0 0 0 0 0 0 0 0 0 0 0 0 0 0 0 0 0 0 0 0 0 0 0 0 0 0 0 0 0 0 0 0 0 0 0 0 0 0 0 0 0 0 0 0 0 0 0 0 0 0 0 0 0 0 0 0 0 0 0 0 0 0 0 0 0 0 0 0 0 0 0 0 0 0 0 0 0 0 0 0 0 0 0 0 0 0 0 0 0 0 0 0 0 0 0 0 0 0 0 0 0 0 0 0 0 0 0 0 0 0 0 0 0 0 0 0 0 0 0 0 0 0 0 0 0 0 0 0 0 0 0 0 0 0 0 0 0 0 0 0 0 0 0 0 0 0 0 0 0 0 0 0 0 0 0 0 0 0 0 0 0 0 0 0 0 0 0 0 0 0 0 0 0 0 0 0 0 0 0 0 0 0 0 0 0 0 0 0 0 0 0 0 0 0 0 0 0 0 0 0 0 0 0 0 0 0 0 0 0 0 0 0 0 0 0 0 0 0 0 0 0 0 0 0 0 0 0 0 0 0 0 0 0 0 0 0 0 0 0 0 0 0 0 0 0 0 0 0 0 0 0 0 0 0 0 0 0 0 0 0 0 0 0 0 0 0 0 0 0 0 0 0 0 0 0 0 0 0 0 0 0 0 0 0 0 0 0 0 0 0 0 0 0 0 0 0 0 0 0 0 0 0 0 0 0 0 0 0 0 0 0 0 0 0 0 0 0 0 0 0 0 0 0 0 0 0 0 0 0 0 0 0 0 0 0 0 0 0 0 0 0 0 0 0 0 0 0 0 0 0 0 0 0 0 0 0 0 0 0 0 0 0 0 0 0 0 0 0 0 0 0 0 0 0 0 0 0 0 0 0 0 0 0 0 0 0 0 0 0 0 0 0 0 0 0 0 0 0 0 0 0 0 0 0 0 0 0 0 0 0 0 0 0 0 0 0 0 0 0 0 0 0 0 0 0 0 0 0 0 0 0 0 0 0 0 0 0 0 0 0 0 0 0 0 0 0 0 0 0 0 0 0 0 0 0 0 0 0 0 0 0 0 0 0 0 0 0 0 0 0 0 0 0 0 0 0 0 0 0 0 0 0 0 0 0 0 0 0 0 0 0 0 0 0 0 0 0 0 0 0 0 0 0 0 0 0 0 0 0 0 0 0 0 0 0 0 0 0 0 0 0 0 0 0 0 0 0 0 0 0 0 0 0 0 0 0 0 0 0 0 0 0 0 0 0 0 0 0 0 0 0 0 0 0 0 0 0 0 0 0 0 0 0 0 0 0 0 0 0 0 0 0 0 0 0 0 0 0 0 0 0 0 0 0 0 0 0 0 0 0 0 0 0 0 0 0 0 0 0 0 0 0 0 0 0 0 0 0 0 0 0 0 0 0 0 0 0 0 0 0 0 0 0 0 0 0 0 0 0 0 0 0 0 0 0 0 0 0 0 0 0 0 0 0 0 0 0 0 0 0 0 0 0 0 0 0 0 0 0 0 0 0 0 0 0 0 0 0 0 0 0 0 0 0 0 0 0 0 0 0 0 0 0 0 0 0 0 0 0 0 0 0 0 0 0 0 0 0 0 0 0 0 0 0 0 0 0 0 0 0 0 0 0 0 0 0 0 0 0 0 0 0 0 0 0 0 0 0 0 0 0 0 0 0 0 0 0 0 0 0 0 0 0 0 0 0 0 0 0 0 0 0 0 0 0 0 0 0 0 0 0 0 0 0 0 0 0 0 0 0 0 0 0 0 0 0 0 0 0 0 0 0 0 0 0 0 0 0 0 0 0 0 0 0 0 0 0 0 0 0 0 0 0 0 0 0 0 0 0 0 0 0 0 0 0 0 0 0 0 0 0 0 0 0 0 0 0 0 0 0 0 0 0 0 0 0 0 0 0 0 0 0 0 0 0 0 0 0 0 0 0 0 0 0 0 0 0 0 0 0 0 0 0 0 0 0 0 0 0 0 0 0 0 0 0 0 0 0 0 0 0 0 0 0 0 0 0 0 0 0 0 0 0 0 0 0 0 0 0 0 0 0 0 0 0 0 0 0 0 0 0 0 0 0 0 0 0 0 0 0 0 0 0 0 0 0 0 0 0 0 0 0 0 0 0 0 0 0 0 0 0 0 0 0 0 0 0 0 0 0 0 0 0 0 0 0 0 0 0 0 0 0 0 0 0 0 0 0 0 0 0 0 0 0 0 0 0 0 0 0 0 0 0 0 0 0 0
ctxt 2307620605
btime 1790630938
processes 162475
procs_running 3
procs_blocked 0
softirq 2040677690 73526 3979776 2751613 1977328269 188633 0 13554831 25786226 410 17014406
--
cpu  1709944 637 884178 15329583 35867 0 368306 0 0 0
cpu0 56593 12 24802 486553 876 0 11251 0 0 0
cpu1 58280 14 25416 486063 691 0 11390 0 0 0
cpu2 58438 11 24859 487411 428 0 10920 0 0 0
cpu3 67275 14 29113 469473 1218 0 14925 0 0 0
cpu4 68133 14 28351 470567 737 0 14359 0 0 0
cpu5 60608 14 25468 484332 438 0 11196 0 0 0
cpu6 60157 12 25558 484386 417 0 11592 0 0 0
cpu7 57944 10 24826 487994 256 0 10794 0 0 0
cpu8 36364 18 27047 492849 1171 0 7281 0 0 0
cpu9 41045 21 28206 482617 2595 0 7706 0 0 0
cpu10 39893 20 27914 485952 1344 0 7762 0 0 0
cpu11 37336 17 26628 493559 766 0 7254 0 0 0
cpu12 58281 91 29028 464778 3411 0 8088 0 0 0
cpu13 56852 23 29290 466029 2807 0 8272 0 0 0
cpu14 36881 16 26137 496062 949 0 7085 0 0 0
cpu15 34755 17 24473 502165 743 0 6464 0 0 0
cpu16 66222 9 28040 474500 411 0 13199 0 0 0
cpu17 64681 9 27317 476296 1317 0 12603 0 0 0
cpu18 64367 10 27597 477030 305 0 12850 0 0 0
cpu19 74064 11 30963 460318 729 0 15871 0 0 0
cpu20 73704 12 31443 459782 757 0 16528 0 0 0
cpu21 63256 10 27083 478340 645 0 12615 0 0 0
cpu22 61220 11 26714 480047 399 0 12113 0 0 0
cpu23 59740 12 26759 482324 443 0 12391 0 0 0
cpu24 40018 21 27386 491314 1041 0 7797 0 0 0
cpu25 43584 25 29727 479763 1831 0 9009 0 0 0
cpu26 42263 21 29256 482862 1419 0 8754 0 0 0
cpu27 36019 11 26144 483061 1225 0 15526 0 0 0
cpu28 57695 34 31691 447996 2310 0 19718 0 0 0
cpu29 60230 73 32414 443002 2341 0 19945 0 0 0
cpu30 35291 14 26804 481003 1006 0 15320 0 0 0
cpu31 38743 13 27709 491140 825 0 7713 0 0 0
intr 1685662108 126 0 0 0 0 0 0 0 0 1 0 0 0 0 0 0 0 0 0 0 0 0 0 0 0 0 0 1 1 1 0 0 0 0 1 0 1 0 0 75045 0 0 0 0 0 0 0 0 411 0 0 0 0 0 0 0 0 87 0 0 0 0 0 0 0 0 0 0 0 0 0 0 0 181025 2 34994372 34932531 34859933 34995566 0 4898 2488 2975 1664 3123 2679 2098 2591 1525 10656 19057 10901 8616 13860 15355 11540 7662 2789 1812 1546 2547 2278 1995 1696 1677 9238 7879 5632 6175 7015 6514 6487 8182 0 0 0 0 616400 3253 1036 0 264 0 0 0 0 0 0 0 0 0 0 0 0 0 0 0 0 0 0 0 0 0 0 0 0 0 0 0 0 0 0 0 0 0 0 0 0 0 0 0 0 0 0 0 0 0 0 0 0 0 0 0 0 0 0 0 0 0 0 0 0 0 0 0 0 0 0 0 0 0 0 0 0 0 0 0 0 0 0 0 0 0 0 0 0 0 0 0 0 0 0 0 0 0 0 0 0 0 0 0 0 0 0 0 0 0 0 0 0 0 0 0 0 0 0 0 0 0 0 0 0 0 0 0 0 0 0 0 0 0 0 0 0 0 0 0 0 0 0 0 0 0 0 0 0 0 0 0 0 0 0 0 0 0 0 0 0 0 0 0 0 0 0 0 0 0 0 0 0 0 0 0 0 0 0 0 0 0 0 0 0 0 0 0 0 0 0 0 0 0 0 0 0 0 0 0 0 0 0 0 0 0 0 0 0 0 0 0 0 0 0 0 0 0 0 0 0 0 0 0 0 0 0 0 0 0 0 0 0 0 0 0 0 0 0 0 0 0 0 0 0 0 0 0 0 0 0 0 0 0 0 0 0 0 0 0 0 0 0 0 0 0 0 0 0 0 0 0 0 0 0 0 0 0 0 0 0 0 0 0 0 0 0 0 0 0 0 0 0 0 0 0 0 0 0 0 0 0 0 0 0 0 0 0 0 0 0 0 0 0 0 0 0 0 0 0 0 0 0 0 0 0 0 0 0 0 0 0 0 0 0 0 0 0 0 0 0 0 0 0 0 0 0 0 0 0 0 0 0 0 0 0 0 0 0 0 0 0 0 0 0 0 0 0 0 0 0 0 0 0 0 0 0 0 0 0 0 0 0 0 0 0 0 0 0 0 0 0 0 0 0 0 0 0 0 0 0 0 0 0 0 0 0 0 0 0 0 0 0 0 0 0 0 0 0 0 0 0 0 0 0 0 0 0 0 0 0 0 0 0 0 0 0 0 0 0 0 0 0 0 0 0 0 0 0 0 0 0 0 0 0 0 0 0 0 0 0 0 0 0 0 0 0 0 0 0 0 0 0 0 0 0 0 0 0 0 0 0 0 0 0 0 0 0 0 0 0 0 0 0 0 0 0 0 0 0 0 0 0 0 0 0 0 0 0 0 0 0 0 0 0 0 0 0 0 0 0 0 0 0 0 0 0 0 0 0 0 0 0 0 0 0 0 0 0 0 0 0 0 0 0 0 0 0 0 0 0 0 0 0 0 0 0 0 0 0 0 0 0 0 0 0 0 0 0 0 0 0 0 0 0 0 0 0 0 0 0 0 0 0 0 0 0 0 0 0 0 0 0 0 0 0 0 0 0 0 0 0 0 0 0 0 0 0 0 0 0 0 0 0 0 0 0 0 0 0 0 0 0 0 0 0 0 0 0 0 0 0 0 0 0 0 0 0 0 0 0 0 0 0 0 0 0 0 0 0 0 0 0 0 0 0 0 0 0 0 0 0 0 0 0 0 0 0 0 0 0 0 0 0 0 0 0 0 0 0 0 0 0 0 0 0 0 0 0 0 0 0 0 0 0 0 0 0 0 0 0 0 0 0 0 0 0 0 0 0 0 0 0 0 0 0 0 0 0 0 0 0 0 0 0 0 0 0 0 0 0 0 0 0 0 0 0 0 0 0 0 0 0 0 0 0 0 0 0 0 0 0 0 0 0 0 0 0 0 0 0 0 0 0 0 0 0 0 0 0 0 0 0 0 0 0 0 0 0 0 0 0 0 0 0 0 0 0 0 0 0 0 0 0 0 0 0 0 0 0 0 0 0 0 0 0 0 0 0 0 0 0 0 0 0 0 0 0 0 0 0 0 0 0 0 0 0 0 0 0 0 0 0 0 0 0 0 0 0 0 0 0 0 0 0 0 0 0 0 0 0 0 0 0 0 0 0 0 0 0 0 0 0 0 0 0 0 0 0 0 0 0 0 0 0 0 0 0 0 0 0 0 0 0 0 0 0 0 0 0 0 0 0 0 0 0 0 0 0 0 0 0 0 0 0 0 0 0 0 0 0 0 0 0 0 0 0 0 0 0 0 0 0 0 0 0 0 0 0 0 0 0 0 0 0 0 0 0 0 0 0 0 0 0 0 0 0 0 0 0 0 0 0 0 0 0 0 0 0 0 0 0 0 0 0 0 0 0 0 0 0 0 0 0 0 0 0 0 0 0 0 0 0 0 0 0 0 0 0 0 0 0 0 0 0 0 0 0 0 0 0 0 0 0 0 0 0 0 0 0 0 0 0 0 0 0 0 0 0 0 0 0 0 0 0 0 0 0 0 0 0 0 0 0 0 0 0 0 0 0 0 0 0 0 0 0 0 0 0 0 0 0 0 0 0 0 0 0 0 0 0 0 0 0 0 0 0 0 0 0 0 0 0 0 0 0 0 0 0 0 0 0 0 0 0 0 0 0 0 0 0 0 0 0 0 0 0 0 0 0 0 0 0 0 0 0 0
ctxt 2307729695
btime 1790630938
processes 162510
procs_running 1
procs_blocked 0
softirq 2040738135 73526 3982179 2751613 1977378367 188637 0 13554831 25790317 410 17018255
