Running 10s test @ http://127.0.0.1:18500/page
  16 threads and 128 connections
  Thread Stats   Avg      Stdev     Max   +/- Stdev
    Latency   546.99us  313.38us   2.72ms   70.85%
    Req/Sec    14.92k     5.93k   35.38k    67.70%
  Latency Distribution
     50%  404.00us
     75%  768.00us
     90%    1.01ms
     99%    1.51ms
  2393773 requests in 10.10s, 23.12GB read
Requests/sec: 237014.60
Transfer/sec:      2.29GB
## server-stat
cpu  1855349 685 967386 16768742 37178 0 422780 0 0 0
cpu0 62266 13 26681 532853 916 0 12402 0 0 0
cpu1 64734 15 27496 531610 696 0 12696 0 0 0
cpu2 65751 12 27746 530568 448 0 12973 0 0 0
cpu3 77230 14 33435 507023 1219 0 18461 0 0 0
cpu4 80571 15 33166 504953 740 0 18147 0 0 0
cpu5 67830 14 27908 528506 441 0 12767 0 0 0
cpu6 68416 13 28443 526782 422 0 13540 0 0 0
cpu7 66837 10 28646 528002 258 0 13602 0 0 0
cpu8 36707 20 28824 542425 1211 0 8118 0 0 0
cpu9 41468 23 30163 530977 2660 0 8644 0 0 0
cpu10 40282 23 29776 534668 1359 0 8659 0 0 0
cpu11 37642 19 28277 543371 792 0 8029 0 0 0
cpu12 59173 94 31021 512480 3484 0 9078 0 0 0
cpu13 57759 26 31303 513596 2880 0 9277 0 0 0
cpu14 37182 17 27695 546151 1002 0 7851 0 0 0
cpu15 35015 20 25913 552979 802 0 7180 0 0 0
cpu16 76083 10 31904 513065 489 0 16296 0 0 0
cpu17 73494 10 31065 516239 1383 0 15485 0 0 0
cpu18 72104 10 30554 519715 308 0 14966 0 0 0
cpu19 87607 12 36001 493095 732 0 19909 0 0 0
cpu20 84607 13 35962 496010 761 0 20298 0 0 0
cpu21 71108 11 30438 519963 671 0 15219 0 0 0
cpu22 67731 12 29589 524011 421 0 14276 0 0 0
cpu23 65167 13 28630 529327 514 0 13567 0 0 0
cpu24 40350 23 29030 541480 1088 0 8595 0 0 0
cpu25 44059 27 31648 528610 1900 0 9972 0 0 0
cpu26 42676 23 31124 531885 1480 0 9682 0 0 0
cpu27 36331 14 27796 533077 1317 0 16359 0 0 0
cpu28 58874 38 34121 494621 2449 0 20878 0 0 0
cpu29 61573 76 34951 489215 2438 0 21123 0 0 0
cpu30 35642 15 28596 530371 1029 0 16166 0 0 0
cpu31 39067 14 29470 541098 854 0 8551 0 0 0
intr 1869833424 126 0 0 0 0 0 0 0 0 1 0 0 0 0 0 0 0 0 0 0 0 0 0 0 0 0 0 1 1 1 0 0 0 0 1 0 1 0 0 75045 0 0 0 0 0 0 0 0 411 0 0 0 0 0 0 0 0 87 0 0 0 0 0 0 0 0 0 0 0 0 0 0 0 192138 2 34996312 34934768 34864176 35000440 0 5362 2503 3077 1669 3127 2686 2108 2624 1528 10774 19233 11004 8700 14175 15497 11619 7737 2918 1883 1555 2595 2282 2000 1698 1703 9265 7933 5732 6311 7139 6658 6549 8275 0 0 0 0 616436 3332 1036 0 264 0 0 0 0 0 0 0 0 0 0 0 0 0 0 0 0 0 0 0 0 0 0 0 0 0 0 0 0 0 0 0 0 0 0 0 0 0 0 0 0 0 0 0 0 0 0 0 0 0 0 0 0 0 0 0 0 0 0 0 0 0 0 0 0 0 0 0 0 0 0 0 0 0 0 0 0 0 0 0 0 0 0 0 0 0 0 0 0 0 0 0 0 0 0 0 0 0 0 0 0 0 0 0 0 0 0 0 0 0 0 0 0 0 0 0 0 0 0 0 0 0 0 0 0 0 0 0 0 0 0 0 0 0 0 0 0 0 0 0 0 0 0 0 0 0 0 0 0 0 0 0 0 0 0 0 0 0 0 0 0 0 0 0 0 0 0 0 0 0 0 0 0 0 0 0 0 0 0 0 0 0 0 0 0 0 0 0 0 0 0 0 0 0 0 0 0 0 0 0 0 0 0 0 0 0 0 0 0 0 0 0 0 0 0 0 0 0 0 0 0 0 0 0 0 0 0 0 0 0 0 0 0 0 0 0 0 0 0 0 0 0 0 0 0 0 0 0 0 0 0 0 0 0 0 0 0 0 0 0 0 0 0 0 0 0 0 0 0 0 0 0 0 0 0 0 0 0 0 0 0 0 0 0 0 0 0 0 0 0 0 0 0 0 0 0 0 0 0 0 0 0 0 0 0 0 0 0 0 0 0 0 0 0 0 0 0 0 0 0 0 0 0 0 0 0 0 0 0 0 0 0 0 0 0 0 0 0 0 0 0 0 0 0 0 0 0 0 0 0 0 0 0 0 0 0 0 0 0 0 0 0 0 0 0 0 0 0 0 0 0 0 0 0 0 0 0 0 0 0 0 0 0 0 0 0 0 0 0 0 0 0 0 0 0 0 0 0 0 0 0 0 0 0 0 0 0 0 0 0 0 0 0 0 0 0 0 0 0 0 0 0 0 0 0 0 0 0 0 0 0 0 0 0 0 0 0 0 0 0 0 0 0 0 0 0 0 0 0 0 0 0 0 0 0 0 0 0 0 0 0 0 0 0 0 0 0 0 0 0 0 0 0 0 0 0 0 0 0 0 0 0 0 0 0 0 0 0 0 0 0 0 0 0 0 0 0 0 0 0 0 0 0 0 0 0 0 0 0 0 0 0 0 0 0 0 0 0 0 0 0 0 0 0 0 0 0 0 0 0 0 0 0 0 0 0 0 0 0 0 0 0 0 0 0 0 0 0 0 0 0 0 0 0 0 0 0 0 0 0 0 0 0 0 0 0 0 0 0 0 0 0 0 0 0 0 0 0 0 0 0 0 0 0 0 0 0 0 0 0 0 0 0 0 0 0 0 0 0 0 0 0 0 0 0 0 0 0 0 0 0 0 0 0 0 0 0 0 0 0 0 0 0 0 0 0 0 0 0 0 0 0 0 0 0 0 0 0 0 0 0 0 0 0 0 0 0 0 0 0 0 0 0 0 0 0 0 0 0 0 0 0 0 0 0 0 0 0 0 0 0 0 0 0 0 0 0 0 0 0 0 0 0 0 0 0 0 0 0 0 0 0 0 0 0 0 0 0 0 0 0 0 0 0 0 0 0 0 0 0 0 0 0 0 0 0 0 0 0 0 0 0 0 0 0 0 0 0 0 0 0 0 0 0 0 0 0 0 0 0 0 0 0 0 0 0 0 0 0 0 0 0 0 0 0 0 0 0 0 0 0 0 0 0 0 0 0 0 0 0 0 0 0 0 0 0 0 0 0 0 0 0 0 0 0 0 0 0 0 0 0 0 0 0 0 0 0 0 0 0 0 0 0 0 0 0 0 0 0 0 0 0 0 0 0 0 0 0 0 0 0 0 0 0 0 0 0 0 0 0 0 0 0 0 0 0 0 0 0 0 0 0 0 0 0 0 0 0 0 0 0 0 0 0 0 0 0 0 0 0 0 0 0 0 0 0 0 0 0 0 0 0 0 0 0 0 0 0 0 0 0 0 0 0 0 0 0 0 0 0 0 0 0 0 0 0 0 0 0 0 0 0 0 0 0 0 0 0 0 0 0 0 0 0 0 0 0 0 0 0 0 0 0 0 0 0 0 0 0 0 0 0 0 0 0 0 0 0 0 0 0 0 0 0 0 0 0 0 0 0 0 0 0 0 0 0 0 0 0 0 0 0 0 0 0 0 0 0 0 0 0 0 0 0 0 0 0 0 0 0 0 0 0 0 0 0 0 0 0 0 0 0 0 0 0 0 0 0 0 0 0 0 0 0 0 0 0 0 0 0 0 0 0 0 0 0 0 0 0 0 0 0 0 0 0 0 0 0 0 0 0 0 0 0 0 0 0 0 0 0 0 0 0 0 0 0 0 0 0 0 0 0 0 0 0 0 0 0 0 0 0 0 0 0 0 0 0 0 0 0 0 0 0 0 0 0 0 0 0 0 0 0 0 0 0 0 0 0 0 0 0 0 0 0 0 0 0 0 0 0 0 0 0
ctxt 2643470336
btime 1790630938
processes 174306
procs_running 9
procs_blocked 0
softirq 2379755083 73526 4305888 2751696 2312367862 200408 0 13555139 27944614 410 18555540
--
cpu  1859743 685 968973 16786005 37311 0 423735 0 0 0
cpu0 62266 13 26682 533618 931 0 12403 0 0 0
cpu1 64900 15 27543 532160 696 0 12731 0 0 0
cpu2 66020 12 27827 530964 448 0 13027 0 0 0
cpu3 77260 14 33444 507777 1219 0 18467 0 0 0
cpu4 80606 15 33175 505700 741 0 18154 0 0 0
cpu5 67831 14 27908 529303 441 0 12767 0 0 0
cpu6 68650 13 28507 527222 422 0 13602 0 0 0
cpu7 67040 10 28709 528493 258 0 13642 0 0 0
cpu8 36713 20 28839 543104 1224 0 8126 0 0 0
cpu9 41473 23 30181 531658 2666 0 8655 0 0 0
cpu10 40286 23 29790 535355 1360 0 8667 0 0 0
cpu11 37647 20 28292 544058 803 0 8037 0 0 0
cpu12 59180 94 31040 513158 3488 0 9090 0 0 0
cpu13 57769 26 31324 514248 2907 0 9289 0 0 0
cpu14 37185 17 27710 546849 1003 0 7859 0 0 0
cpu15 35018 20 25925 553678 806 0 7188 0 0 0
cpu16 76625 10 32064 513065 489 0 16394 0 0 0
cpu17 73863 10 31183 516488 1383 0 15549 0 0 0
cpu18 72375 10 30632 520117 308 0 15015 0 0 0
cpu19 88114 12 36155 493139 733 0 20004 0 0 0
cpu20 85112 13 36117 496060 761 0 20387 0 0 0
cpu21 71654 11 30608 519963 671 0 15303 0 0 0
cpu22 68025 12 29684 524368 422 0 14330 0 0 0
cpu23 65492 13 28729 529633 514 0 13635 0 0 0
cpu24 40354 23 29047 542173 1089 0 8605 0 0 0
cpu25 44066 28 31668 529269 1924 0 9982 0 0 0
cpu26 42680 23 31140 532571 1481 0 9691 0 0 0
cpu27 36335 14 27812 533770 1318 0 16368 0 0 0
cpu28 58885 38 34148 495279 2466 0 20888 0 0 0
cpu29 61589 76 34976 489884 2440 0 21134 0 0 0
cpu30 35647 15 28611 531069 1029 0 16175 0 0 0
cpu31 39071 14 29486 541797 854 0 8559 0 0 0
intr 1871655747 126 0 0 0 0 0 0 0 0 1 0 0 0 0 0 0 0 0 0 0 0 0 0 0 0 0 0 1 1 1 0 0 0 0 1 0 1 0 0 75045 0 0 0 0 0 0 0 0 411 0 0 0 0 0 0 0 0 87 0 0 0 0 0 0 0 0 0 0 0 0 0 0 0 193019 2 34996321 34934779 34864195 35000482 0 5370 2503 3083 1669 3127 2686 2108 2627 1528 10780 19237 11004 8703 14176 15502 11622 7738 2918 1883 1555 2595 2282 2000 1698 1703 9266 7933 5732 6317 7140 6658 6549 8275 0 0 0 0 616440 3332 1036 0 264 0 0 0 0 0 0 0 0 0 0 0 0 0 0 0 0 0 0 0 0 0 0 0 0 0 0 0 0 0 0 0 0 0 0 0 0 0 0 0 0 0 0 0 0 0 0 0 0 0 0 0 0 0 0 0 0 0 0 0 0 0 0 0 0 0 0 0 0 0 0 0 0 0 0 0 0 0 0 0 0 0 0 0 0 0 0 0 0 0 0 0 0 0 0 0 0 0 0 0 0 0 0 0 0 0 0 0 0 0 0 0 0 0 0 0 0 0 0 0 0 0 0 0 0 0 0 0 0 0 0 0 0 0 0 0 0 0 0 0 0 0 0 0 0 0 0 0 0 0 0 0 0 0 0 0 0 0 0 0 0 0 0 0 0 0 0 0 0 0 0 0 0 0 0 0 0 0 0 0 0 0 0 0 0 0 0 0 0 0 0 0 0 0 0 0 0 0 0 0 0 0 0 0 0 0 0 0 0 0 0 0 0 0 0 0 0 0 0 0 0 0 0 0 0 0 0 0 0 0 0 0 0 0 0 0 0 0 0 0 0 0 0 0 0 0 0 0 0 0 0 0 0 0 0 0 0 0 0 0 0 0 0 0 0 0 0 0 0 0 0 0 0 0 0 0 0 0 0 0 0 0 0 0 0 0 0 0 0 0 0 0 0 0 0 0 0 0 0 0 0 0 0 0 0 0 0 0 0 0 0 0 0 0 0 0 0 0 0 0 0 0 0 0 0 0 0 0 0 0 0 0 0 0 0 0 0 0 0 0 0 0 0 0 0 0 0 0 0 0 0 0 0 0 0 0 0 0 0 0 0 0 0 0 0 0 0 0 0 0 0 0 0 0 0 0 0 0 0 0 0 0 0 0 0 0 0 0 0 0 0 0 0 0 0 0 0 0 0 0 0 0 0 0 0 0 0 0 0 0 0 0 0 0 0 0 0 0 0 0 0 0 0 0 0 0 0 0 0 0 0 0 0 0 0 0 0 0 0 0 0 0 0 0 0 0 0 0 0 0 0 0 0 0 0 0 0 0 0 0 0 0 0 0 0 0 0 0 0 0 0 0 0 0 0 0 0 0 0 0 0 0 0 0 0 0 0 0 0 0 0 0 0 0 0 0 0 0 0 0 0 0 0 0 0 0 0 0 0 0 0 0 0 0 0 0 0 0 0 0 0 0 0 0 0 0 0 0 0 0 0 0 0 0 0 0 0 0 0 0 0 0 0 0 0 0 0 0 0 0 0 0 0 0 0 0 0 0 0 0 0 0 0 0 0 0 0 0 0 0 0 0 0 0 0 0 0 0 0 0 0 0 0 0 0 0 0 0 0 0 0 0 0 0 0 0 0 0 0 0 0 0 0 0 0 0 0 0 0 0 0 0 0 0 0 0 0 0 0 0 0 0 0 0 0 0 0 0 0 0 0 0 0 0 0 0 0 0 0 0 0 0 0 0 0 0 0 0 0 0 0 0 0 0 0 0 0 0 0 0 0 0 0 0 0 0 0 0 0 0 0 0 0 0 0 0 0 0 0 0 0 0 0 0 0 0 0 0 0 0 0 0 0 0 0 0 0 0 0 0 0 0 0 0 0 0 0 0 0 0 0 0 0 0 0 0 0 0 0 0 0 0 0 0 0 0 0 0 0 0 0 0 0 0 0 0 0 0 0 0 0 0 0 0 0 0 0 0 0 0 0 0 0 0 0 0 0 0 0 0 0 0 0 0 0 0 0 0 0 0 0 0 0 0 0 0 0 0 0 0 0 0 0 0 0 0 0 0 0 0 0 0 0 0 0 0 0 0 0 0 0 0 0 0 0 0 0 0 0 0 0 0 0 0 0 0 0 0 0 0 0 0 0 0 0 0 0 0 0 0 0 0 0 0 0 0 0 0 0 0 0 0 0 0 0 0 0 0 0 0 0 0 0 0 0 0 0 0 0 0 0 0 0 0 0 0 0 0 0 0 0 0 0 0 0 0 0 0 0 0 0 0 0 0 0 0 0 0 0 0 0 0 0 0 0 0 0 0 0 0 0 0 0 0 0 0 0 0 0 0 0 0 0 0 0 0 0 0 0 0 0 0 0 0 0 0 0 0 0 0 0 0 0 0 0 0 0 0 0 0 0 0 0 0 0 0 0 0 0 0 0 0 0 0 0 0 0 0 0 0 0 0 0 0 0 0 0 0 0 0 0 0 0 0 0 0 0 0 0 0 0 0 0 0 0 0 0 0 0 0 0 0 0 0 0 0 0 0 0 0 0 0 0 0 0 0 0 0 0 0 0 0 0 0 0 0 0 0 0 0 0 0 0 0 0 0 0 0 0 0 0 0 0 0 0 0 0 0 0 0 0 0 0 0 0 0 0 0 0 0 0 0 0 0 0 0 0 0 0 0 0 0 0 0 0 0 0 0 0 0 0 0 0 0 0 0 0 0 0 0 0 0 0 0 0 0 0 0 0 0 0 0 0 0 0 0 0 0 0 0 0 0 0
ctxt 2646793664
btime 1790630938
processes 174478
procs_running 9
procs_blocked 1
softirq 2383583757 73526 4310043 2751696 2316149912 201316 0 13555139 27959886 410 18581829
