Running 10s test @ http://127.0.0.1:18500/wait
  16 threads and 128 connections
  Thread Stats   Avg      Stdev     Max   +/- Stdev
    Latency   161.24ms    5.83ms 244.63ms   98.50%
    Req/Sec    53.46     20.86    80.00     54.86%
  Latency Distribution
     50%  160.90ms
     75%  160.92ms
     90%  160.93ms
     99%  167.07ms
  7888 requests in 10.10s, 1.30MB read
Requests/sec:    781.03
Transfer/sec:    131.95KB
## server-stat
cpu  1835592 678 944769 16616500 37007 0 407927 0 0 0
cpu0 61533 12 26481 527071 914 0 12270 0 0 0
cpu1 64140 15 27335 525583 694 0 12601 0 0 0
cpu2 64705 12 27035 526014 448 0 12398 0 0 0
cpu3 76247 14 32808 502272 1219 0 17935 0 0 0
cpu4 79736 14 32717 499713 740 0 17779 0 0 0
cpu5 67050 14 27587 522953 440 0 12536 0 0 0
cpu6 67513 12 28073 521448 422 0 13268 0 0 0
cpu7 65436 10 27455 524753 258 0 12563 0 0 0
cpu8 36587 20 28121 537343 1195 0 7802 0 0 0
cpu9 41357 23 29440 525950 2641 0 8323 0 0 0
cpu10 40163 23 29070 529634 1358 0 8332 0 0 0
cpu11 37525 19 27571 538280 792 0 7714 0 0 0
cpu12 58980 93 30285 507565 3483 0 8737 0 0 0
cpu13 57573 26 30555 508699 2879 0 8929 0 0 0
cpu14 37064 17 26976 541060 1002 0 7530 0 0 0
cpu15 34900 19 25221 547826 800 0 6864 0 0 0
cpu16 74684 10 30773 509848 489 0 15147 0 0 0
cpu17 71919 10 29835 513240 1383 0 14391 0 0 0
cpu18 70972 10 29865 515246 308 0 14364 0 0 0
cpu19 86285 12 35200 489006 731 0 19229 0 0 0
cpu20 83116 13 35007 492376 759 0 19481 0 0 0
cpu21 69634 11 29361 516563 670 0 14276 0 0 0
cpu22 66459 12 28585 520311 402 0 13371 0 0 0
cpu23 64536 13 28454 523380 485 0 13461 0 0 0
cpu24 40239 23 28313 536383 1088 0 8262 0 0 0
cpu25 43920 27 30930 523616 1897 0 9620 0 0 0
cpu26 42545 23 30403 526887 1479 0 9350 0 0 0
cpu27 36217 13 27089 528014 1307 0 16023 0 0 0
cpu28 58686 38 33370 489762 2406 0 20527 0 0 0
cpu29 61396 76 34189 484341 2422 0 20774 0 0 0
cpu30 35514 15 27891 525323 1029 0 15839 0 0 0
cpu31 38947 14 28761 536025 854 0 8219 0 0 0
intr 1845515177 126 0 0 0 0 0 0 0 0 1 0 0 0 0 0 0 0 0 0 0 0 0 0 0 0 0 0 1 1 1 0 0 0 0 1 0 1 0 0 75045 0 0 0 0 0 0 0 0 411 0 0 0 0 0 0 0 0 87 0 0 0 0 0 0 0 0 0 0 0 0 0 0 0 190827 2 34996081 34934556 34863757 35000005 0 5305 2501 2977 1669 3126 2686 2106 2623 1528 10774 19203 11003 8698 14141 15485 11617 7735 2918 1881 1553 2548 2282 2000 1697 1701 9262 7911 5728 6295 7108 6656 6549 8273 0 0 0 0 616432 3329 1036 0 264 0 0 0 0 0 0 0 0 0 0 0 0 0 0 0 0 0 0 0 0 0 0 0 0 0 0 0 0 0 0 0 0 0 0 0 0 0 0 0 0 0 0 0 0 0 0 0 0 0 0 0 0 0 0 0 0 0 0 0 0 0 0 0 0 0 0 0 0 0 0 0 0 0 0 0 0 0 0 0 0 0 0 0 0 0 0 0 0 0 0 0 0 0 0 0 0 0 0 0 0 0 0 0 0 0 0 0 0 0 0 0 0 0 0 0 0 0 0 0 0 0 0 0 0 0 0 0 0 0 0 0 0 0 0 0 0 0 0 0 0 0 0 0 0 0 0 0 0 0 0 0 0 0 0 0 0 0 0 0 0 0 0 0 0 0 0 0 0 0 0 0 0 0 0 0 0 0 0 0 0 0 0 0 0 0 0 0 0 0 0 0 0 0 0 0 0 0 0 0 0 0 0 0 0 0 0 0 0 0 0 0 0 0 0 0 0 0 0 0 0 0 0 0 0 0 0 0 0 0 0 0 0 0 0 0 0 0 0 0 0 0 0 0 0 0 0 0 0 0 0 0 0 0 0 0 0 0 0 0 0 0 0 0 0 0 0 0 0 0 0 0 0 0 0 0 0 0 0 0 0 0 0 0 0 0 0 0 0 0 0 0 0 0 0 0 0 0 0 0 0 0 0 0 0 0 0 0 0 0 0 0 0 0 0 0 0 0 0 0 0 0 0 0 0 0 0 0 0 0 0 0 0 0 0 0 0 0 0 0 0 0 0 0 0 0 0 0 0 0 0 0 0 0 0 0 0 0 0 0 0 0 0 0 0 0 0 0 0 0 0 0 0 0 0 0 0 0 0 0 0 0 0 0 0 0 0 0 0 0 0 0 0 0 0 0 0 0 0 0 0 0 0 0 0 0 0 0 0 0 0 0 0 0 0 0 0 0 0 0 0 0 0 0 0 0 0 0 0 0 0 0 0 0 0 0 0 0 0 0 0 0 0 0 0 0 0 0 0 0 0 0 0 0 0 0 0 0 0 0 0 0 0 0 0 0 0 0 0 0 0 0 0 0 0 0 0 0 0 0 0 0 0 0 0 0 0 0 0 0 0 0 0 0 0 0 0 0 0 0 0 0 0 0 0 0 0 0 0 0 0 0 0 0 0 0 0 0 0 0 0 0 0 0 0 0 0 0 0 0 0 0 0 0 0 0 0 0 0 0 0 0 0 0 0 0 0 0 0 0 0 0 0 0 0 0 0 0 0 0 0 0 0 0 0 0 0 0 0 0 0 0 0 0 0 0 0 0 0 0 0 0 0 0 0 0 0 0 0 0 0 0 0 0 0 0 0 0 0 0 0 0 0 0 0 0 0 0 0 0 0 0 0 0 0 0 0 0 0 0 0 0 0 0 0 0 0 0 0 0 0 0 0 0 0 0 0 0 0 0 0 0 0 0 0 0 0 0 0 0 0 0 0 0 0 0 0 0 0 0 0 0 0 0 0 0 0 0 0 0 0 0 0 0 0 0 0 0 0 0 0 0 0 0 0 0 0 0 0 0 0 0 0 0 0 0 0 0 0 0 0 0 0 0 0 0 0 0 0 0 0 0 0 0 0 0 0 0 0 0 0 0 0 0 0 0 0 0 0 0 0 0 0 0 0 0 0 0 0 0 0 0 0 0 0 0 0 0 0 0 0 0 0 0 0 0 0 0 0 0 0 0 0 0 0 0 0 0 0 0 0 0 0 0 0 0 0 0 0 0 0 0 0 0 0 0 0 0 0 0 0 0 0 0 0 0 0 0 0 0 0 0 0 0 0 0 0 0 0 0 0 0 0 0 0 0 0 0 0 0 0 0 0 0 0 0 0 0 0 0 0 0 0 0 0 0 0 0 0 0 0 0 0 0 0 0 0 0 0 0 0 0 0 0 0 0 0 0 0 0 0 0 0 0 0 0 0 0 0 0 0 0 0 0 0 0 0 0 0 0 0 0 0 0 0 0 0 0 0 0 0 0 0 0 0 0 0 0 0 0 0 0 0 0 0 0 0 0 0 0 0 0 0 0 0 0 0 0 0 0 0 0 0 0 0 0 0 0 0 0 0 0 0 0 0 0 0 0 0 0 0 0 0 0 0 0 0 0 0 0 0 0 0 0 0 0 0 0 0 0 0 0 0 0 0 0 0 0 0 0 0 0 0 0 0 0 0 0 0 0 0 0 0 0 0 0 0 0 0 0 0 0 0 0 0 0 0 0 0 0 0 0 0 0 0 0 0 0 0 0 0 0 0 0 0 0 0 0 0 0 0 0 0 0 0 0 0 0 0 0 0 0 0 0 0 0 0 0 0 0 0 0 0 0 0 0 0 0 0 0 0 0 0 0 0 0 0 0 0 0 0 0 0 0 0 0 0 0 0 0 0 0 0 0 0 0 0 0 0 0 0 0 0 0 0 0 0 0 0 0 0 0 0 0 0 0 0 0 0 0 0 0 0
ctxt 2594852647
btime 1790630938
processes 172963
procs_running 1
procs_blocked 0
softirq 2288278769 73526 4268384 2751686 2221540654 199015 0 13555118 27597765 410 18292211
--
cpu  1835683 678 944784 16641919 37039 0 407930 0 0 0
cpu0 61533 12 26482 527864 915 0 12270 0 0 0
cpu1 64141 15 27335 526380 695 0 12601 0 0 0
cpu2 64706 12 27035 526812 448 0 12398 0 0 0
cpu3 76250 14 32809 503067 1219 0 17935 0 0 0
cpu4 79737 15 32718 500509 740 0 17779 0 0 0
cpu5 67051 14 27588 523751 440 0 12536 0 0 0
cpu6 67513 12 28074 522245 422 0 13268 0 0 0
cpu7 65437 10 27455 525551 258 0 12563 0 0 0
cpu8 36587 20 28121 538140 1196 0 7802 0 0 0
cpu9 41358 23 29441 526748 2641 0 8323 0 0 0
cpu10 40164 23 29070 530431 1359 0 8332 0 0 0
cpu11 37526 19 27571 539078 792 0 7714 0 0 0
cpu12 58995 93 30286 508345 3483 0 8737 0 0 0
cpu13 57599 26 30556 509468 2880 0 8929 0 0 0
cpu14 37065 17 26976 541857 1002 0 7530 0 0 0
cpu15 34902 19 25221 548624 800 0 6864 0 0 0
cpu16 74685 10 30773 510646 489 0 15147 0 0 0
cpu17 71920 10 29835 514038 1383 0 14391 0 0 0
cpu18 70972 10 29865 516044 308 0 14364 0 0 0
cpu19 86286 12 35200 489801 732 0 19230 0 0 0
cpu20 83117 13 35007 493171 761 0 19481 0 0 0
cpu21 69635 11 29361 517362 671 0 14276 0 0 0
cpu22 66460 12 28585 521109 402 0 13371 0 0 0
cpu23 64537 13 28454 524177 485 0 13461 0 0 0
cpu24 40240 23 28314 537180 1088 0 8262 0 0 0
cpu25 43925 27 30931 524410 1898 0 9620 0 0 0
cpu26 42548 23 30403 527682 1480 0 9350 0 0 0
cpu27 36218 13 27090 528811 1307 0 16023 0 0 0
cpu28 58695 38 33371 490529 2428 0 20527 0 0 0
cpu29 61404 76 34190 485130 2422 0 20774 0 0 0
cpu30 35516 15 27891 526120 1029 0 15839 0 0 0
cpu31 38948 14 28761 536823 854 0 8220 0 0 0
intr 1845655965 126 0 0 0 0 0 0 0 0 1 0 0 0 0 0 0 0 0 0 0 0 0 0 0 0 0 0 1 1 1 0 0 0 0 1 0 1 0 0 75045 0 0 0 0 0 0 0 0 411 0 0 0 0 0 0 0 0 87 0 0 0 0 0 0 0 0 0 0 0 0 0 0 0 190943 2 34996094 34934565 34863781 35000062 0 5313 2501 2978 1669 3126 2686 2106 2623 1528 10774 19222 11003 8698 14141 15493 11618 7735 2918 1881 1553 2594 2282 2000 1697 1701 9262 7920 5729 6295 7108 6656 6549 8273 0 0 0 0 616432 3329 1036 0 264 0 0 0 0 0 0 0 0 0 0 0 0 0 0 0 0 0 0 0 0 0 0 0 0 0 0 0 0 0 0 0 0 0 0 0 0 0 0 0 0 0 0 0 0 0 0 0 0 0 0 0 0 0 0 0 0 0 0 0 0 0 0 0 0 0 0 0 0 0 0 0 0 0 0 0 0 0 0 0 0 0 0 0 0 0 0 0 0 0 0 0 0 0 0 0 0 0 0 0 0 0 0 0 0 0 0 0 0 0 0 0 0 0 0 0 0 0 0 0 0 0 0 0 0 0 0 0 0 0 0 0 0 0 0 0 0 0 0 0 0 0 0 0 0 0 0 0 0 0 0 0 0 0 0 0 0 0 0 0 0 0 0 0 0 0 0 0 0 0 0 0 0 0 0 0 0 0 0 0 0 0 0 0 0 0 0 0 0 0 0 0 0 0 0 0 0 0 0 0 0 0 0 0 0 0 0 0 0 0 0 0 0 0 0 0 0 0 0 0 0 0 0 0 0 0 0 0 0 0 0 0 0 0 0 0 0 0 0 0 0 0 0 0 0 0 0 0 0 0 0 0 0 0 0 0 0 0 0 0 0 0 0 0 0 0 0 0 0 0 0 0 0 0 0 0 0 0 0 0 0 0 0 0 0 0 0 0 0 0 0 0 0 0 0 0 0 0 0 0 0 0 0 0 0 0 0 0 0 0 0 0 0 0 0 0 0 0 0 0 0 0 0 0 0 0 0 0 0 0 0 0 0 0 0 0 0 0 0 0 0 0 0 0 0 0 0 0 0 0 0 0 0 0 0 0 0 0 0 0 0 0 0 0 0 0 0 0 0 0 0 0 0 0 0 0 0 0 0 0 0 0 0 0 0 0 0 0 0 0 0 0 0 0 0 0 0 0 0 0 0 0 0 0 0 0 0 0 0 0 0 0 0 0 0 0 0 0 0 0 0 0 0 0 0 0 0 0 0 0 0 0 0 0 0 0 0 0 0 0 0 0 0 0 0 0 0 0 0 0 0 0 0 0 0 0 0 0 0 0 0 0 0 0 0 0 0 0 0 0 0 0 0 0 0 0 0 0 0 0 0 0 0 0 0 0 0 0 0 0 0 0 0 0 0 0 0 0 0 0 0 0 0 0 0 0 0 0 0 0 0 0 0 0 0 0 0 0 0 0 0 0 0 0 0 0 0 0 0 0 0 0 0 0 0 0 0 0 0 0 0 0 0 0 0 0 0 0 0 0 0 0 0 0 0 0 0 0 0 0 0 0 0 0 0 0 0 0 0 0 0 0 0 0 0 0 0 0 0 0 0 0 0 0 0 0 0 0 0 0 0 0 0 0 0 0 0 0 0 0 0 0 0 0 0 0 0 0 0 0 0 0 0 0 0 0 0 0 0 0 0 0 0 0 0 0 0 0 0 0 0 0 0 0 0 0 0 0 0 0 0 0 0 0 0 0 0 0 0 0 0 0 0 0 0 0 0 0 0 0 0 0 0 0 0 0 0 0 0 0 0 0 0 0 0 0 0 0 0 0 0 0 0 0 0 0 0 0 0 0 0 0 0 0 0 0 0 0 0 0 0 0 0 0 0 0 0 0 0 0 0 0 0 0 0 0 0 0 0 0 0 0 0 0 0 0 0 0 0 0 0 0 0 0 0 0 0 0 0 0 0 0 0 0 0 0 0 0 0 0 0 0 0 0 0 0 0 0 0 0 0 0 0 0 0 0 0 0 0 0 0 0 0 0 0 0 0 0 0 0 0 0 0 0 0 0 0 0 0 0 0 0 0 0 0 0 0 0 0 0 0 0 0 0 0 0 0 0 0 0 0 0 0 0 0 0 0 0 0 0 0 0 0 0 0 0 0 0 0 0 0 0 0 0 0 0 0 0 0 0 0 0 0 0 0 0 0 0 0 0 0 0 0 0 0 0 0 0 0 0 0 0 0 0 0 0 0 0 0 0 0 0 0 0 0 0 0 0 0 0 0 0 0 0 0 0 0 0 0 0 0 0 0 0 0 0 0 0 0 0 0 0 0 0 0 0 0 0 0 0 0 0 0 0 0 0 0 0 0 0 0 0 0 0 0 0 0 0 0 0 0 0 0 0 0 0 0 0 0 0 0 0 0 0 0 0 0 0 0 0 0 0 0 0 0 0 0 0 0 0 0 0 0 0 0 0 0 0 0 0 0 0 0 0 0 0 0 0 0 0 0 0 0 0 0 0 0 0 0 0 0 0 0 0 0 0 0 0 0 0 0 0 0 0 0 0 0 0 0 0 0 0 0 0 0 0 0 0 0 0 0 0 0 0 0 0 0 0 0 0 0 0 0 0 0 0 0 0 0 0 0 0 0 0 0 0 0 0 0 0 0 0 0 0 0 0 0 0 0 0 0 0 0 0 0 0 0 0 0 0 0 0 0 0 0 0 0 0 0 0 0 0 0 0 0 0 0 0 0 0 0 0 0 0 0 0 0 0 0 0 0 0 0
ctxt 2595081671
btime 1790630938
processes 173035
procs_running 1
procs_blocked 0
softirq 2288321157 73526 4276000 2751686 2221558628 199140 0 13555118 27605705 410 18300944
