Running 10s test @ http://127.0.0.1:18500/wait
  16 threads and 1000 connections
  Thread Stats   Avg      Stdev     Max   +/- Stdev
    Latency    10.47ms  510.01us  12.86ms   66.22%
    Req/Sec     5.95k    91.68     6.22k    71.06%
  Latency Distribution
     50%   10.28ms
     75%   10.94ms
     90%   11.21ms
     99%   11.55ms
  947364 requests in 10.02s, 118.36MB read
Requests/sec:  94535.67
Transfer/sec:     11.81MB
## server-stat
cpu  2200071 898 1158170 23974364 43043 0 527855 0 0 0
cpu0 77371 16 32629 755115 1010 0 16256 0 0 0
cpu1 79886 21 33180 755149 838 0 16138 0 0 0
cpu2 81260 18 33465 753977 510 0 16372 0 0 0
cpu3 99814 19 42525 717373 1281 0 24022 0 0 0
cpu4 104113 20 42103 714889 760 0 23863 0 0 0
cpu5 85597 20 34748 747680 515 0 17087 0 0 0
cpu6 85927 18 35133 746635 447 0 17869 0 0 0
cpu7 84713 16 35340 747766 270 0 17831 0 0 0
cpu8 37767 28 32908 778723 1342 0 9733 0 0 0
cpu9 43011 32 35419 763400 3226 0 10425 0 0 0
cpu10 41494 31 34377 768823 1556 0 10375 0 0 0
cpu11 38533 27 32058 780491 952 0 9499 0 0 0
cpu12 64404 103 37102 740394 3882 0 11078 0 0 0
cpu13 62308 35 37644 741211 3672 0 11328 0 0 0
cpu14 38152 26 31491 783856 1124 0 9275 0 0 0
cpu15 35809 29 29137 792539 945 0 8427 0 0 0
cpu16 98181 13 39408 726748 548 0 21297 0 0 0
cpu17 94332 14 38544 731139 1416 0 20544 0 0 0
cpu18 91537 14 37689 736696 320 0 19849 0 0 0
cpu19 118370 15 47686 689919 805 0 28625 0 0 0
cpu20 112170 16 46308 698622 868 0 27807 0 0 0
cpu21 88777 15 36819 740078 769 0 19287 0 0 0
cpu22 84216 18 35476 746409 495 0 17995 0 0 0
cpu23 79356 18 33870 755387 573 0 16709 0 0 0
cpu24 41302 32 32731 778910 1252 0 10123 0 0 0
cpu25 45424 35 35963 762652 2380 0 11848 0 0 0
cpu26 43819 30 35265 766798 1765 0 11500 0 0 0
cpu27 37266 22 31418 770284 1472 0 17905 0 0 0
cpu28 62843 51 40380 722434 2921 0 23296 0 0 0
cpu29 65762 89 41583 715569 3012 0 23643 0 0 0
cpu30 36590 21 32553 766307 1181 0 17743 0 0 0
cpu31 39952 21 33205 778373 921 0 10094 0 0 0
intr 2273368364 126 0 0 0 0 0 0 0 0 1 0 0 0 0 0 0 0 0 0 0 0 0 0 0 0 0 0 1 1 1 0 0 0 0 1 0 1 0 0 75045 0 0 0 0 0 0 0 0 411 0 0 0 0 0 0 0 0 87 0 0 0 0 0 0 0 0 0 0 0 0 0 0 0 243581 2 35010507 34947889 34876112 35012001 0 7412 2737 3231 1716 3346 2785 2346 2748 1672 11337 19902 11382 8852 14779 16284 11729 7901 2975 2055 1671 3101 2412 2216 1736 1715 9565 8684 6327 6510 7994 7484 6945 8476 0 0 0 0 616605 3615 1036 0 264 0 0 0 0 0 0 0 0 0 0 0 0 0 0 0 0 0 0 0 0 0 0 0 0 0 0 0 0 0 0 0 0 0 0 0 0 0 0 0 0 0 0 0 0 0 0 0 0 0 0 0 0 0 0 0 0 0 0 0 0 0 0 0 0 0 0 0 0 0 0 0 0 0 0 0 0 0 0 0 0 0 0 0 0 0 0 0 0 0 0 0 0 0 0 0 0 0 0 0 0 0 0 0 0 0 0 0 0 0 0 0 0 0 0 0 0 0 0 0 0 0 0 0 0 0 0 0 0 0 0 0 0 0 0 0 0 0 0 0 0 0 0 0 0 0 0 0 0 0 0 0 0 0 0 0 0 0 0 0 0 0 0 0 0 0 0 0 0 0 0 0 0 0 0 0 0 0 0 0 0 0 0 0 0 0 0 0 0 0 0 0 0 0 0 0 0 0 0 0 0 0 0 0 0 0 0 0 0 0 0 0 0 0 0 0 0 0 0 0 0 0 0 0 0 0 0 0 0 0 0 0 0 0 0 0 0 0 0 0 0 0 0 0 0 0 0 0 0 0 0 0 0 0 0 0 0 0 0 0 0 0 0 0 0 0 0 0 0 0 0 0 0 0 0 0 0 0 0 0 0 0 0 0 0 0 0 0 0 0 0 0 0 0 0 0 0 0 0 0 0 0 0 0 0 0 0 0 0 0 0 0 0 0 0 0 0 0 0 0 0 0 0 0 0 0 0 0 0 0 0 0 0 0 0 0 0 0 0 0 0 0 0 0 0 0 0 0 0 0 0 0 0 0 0 0 0 0 0 0 0 0 0 0 0 0 0 0 0 0 0 0 0 0 0 0 0 0 0 0 0 0 0 0 0 0 0 0 0 0 0 0 0 0 0 0 0 0 0 0 0 0 0 0 0 0 0 0 0 0 0 0 0 0 0 0 0 0 0 0 0 0 0 0 0 0 0 0 0 0 0 0 0 0 0 0 0 0 0 0 0 0 0 0 0 0 0 0 0 0 0 0 0 0 0 0 0 0 0 0 0 0 0 0 0 0 0 0 0 0 0 0 0 0 0 0 0 0 0 0 0 0 0 0 0 0 0 0 0 0 0 0 0 0 0 0 0 0 0 0 0 0 0 0 0 0 0 0 0 0 0 0 0 0 0 0 0 0 0 0 0 0 0 0 0 0 0 0 0 0 0 0 0 0 0 0 0 0 0 0 0 0 0 0 0 0 0 0 0 0 0 0 0 0 0 0 0 0 0 0 0 0 0 0 0 0 0 0 0 0 0 0 0 0 0 0 0 0 0 0 0 0 0 0 0 0 0 0 0 0 0 0 0 0 0 0 0 0 0 0 0 0 0 0 0 0 0 0 0 0 0 0 0 0 0 0 0 0 0 0 0 0 0 0 0 0 0 0 0 0 0 0 0 0 0 0 0 0 0 0 0 0 0 0 0 0 0 0 0 0 0 0 0 0 0 0 0 0 0 0 0 0 0 0 0 0 0 0 0 0 0 0 0 0 0 0 0 0 0 0 0 0 0 0 0 0 0 0 0 0 0 0 0 0 0 0 0 0 0 0 0 0 0 0 0 0 0 0 0 0 0 0 0 0 0 0 0 0 0 0 0 0 0 0 0 0 0 0 0 0 0 0 0 0 0 0 0 0 0 0 0 0 0 0 0 0 0 0 0 0 0 0 0 0 0 0 0 0 0 0 0 0 0 0 0 0 0 0 0 0 0 0 0 0 0 0 0 0 0 0 0 0 0 0 0 0 0 0 0 0 0 0 0 0 0 0 0 0 0 0 0 0 0 0 0 0 0 0 0 0 0 0 0 0 0 0 0 0 0 0 0 0 0 0 0 0 0 0 0 0 0 0 0 0 0 0 0 0 0 0 0 0 0 0 0 0 0 0 0 0 0 0 0 0 0 0 0 0 0 0 0 0 0 0 0 0 0 0 0 0 0 0 0 0 0 0 0 0 0 0 0 0 0 0 0 0 0 0 0 0 0 0 0 0 0 0 0 0 0 0 0 0 0 0 0 0 0 0 0 0 0 0 0 0 0 0 0 0 0 0 0 0 0 0 0 0 0 0 0 0 0 0 0 0 0 0 0 0 0 0 0 0 0 0 0 0 0 0 0 0 0 0 0 0 0 0 0 0 0 0 0 0 0 0 0 0 0 0 0 0 0 0 0 0 0 0 0 0 0 0 0 0 0 0 0 0 0 0 0 0 0 0 0 0 0 0 0 0 0 0 0 0 0 0 0 0 0 0 0 0 0 0 0 0 0 0 0 0 0 0 0 0 0 0 0 0 0 0 0 0 0 0 0 0 0 0 0 0 0 0 0 0 0 0 0 0 0 0 0 0 0 0 0 0 0 0 0 0 0 0 0 0 0 0 0 0 0 0 0 0 0 0 0 0 0 0 0 0 0 0 0 0 0 0 0 0 0 0 0 0 0 0 0 0 0 0 0 0 0 0 0 0 0
ctxt 3379156540
btime 1790630938
processes 236162
procs_running 1
procs_blocked 0
softirq 3020014505 73526 6200211 2751928 2938696393 254820 0 13556486 34606082 410 23874649
--
cpu  2200311 899 1158413 23998770 43044 0 528076 0 0 0
cpu0 77397 16 32655 755835 1010 0 16282 0 0 0
cpu1 79900 21 33195 755902 838 0 16154 0 0 0
cpu2 81268 18 33473 754751 510 0 16380 0 0 0
cpu3 99850 19 42565 718057 1281 0 24053 0 0 0
cpu4 104154 20 42145 715568 760 0 23898 0 0 0
cpu5 85615 20 34765 748434 515 0 17101 0 0 0
cpu6 85928 18 35134 747432 447 0 17870 0 0 0
cpu7 84715 16 35342 748560 270 0 17832 0 0 0
cpu8 37768 28 32910 779493 1342 0 9735 0 0 0
cpu9 43015 33 35421 764160 3226 0 10428 0 0 0
cpu10 41496 31 34380 769582 1556 0 10379 0 0 0
cpu11 38535 27 32060 781251 952 0 9501 0 0 0
cpu12 64417 103 37107 741141 3882 0 11082 0 0 0
cpu13 62313 35 37649 741963 3672 0 11331 0 0 0
cpu14 38154 26 31493 784620 1124 0 9277 0 0 0
cpu15 35811 29 29140 793307 945 0 8428 0 0 0
cpu16 98182 13 39410 727543 548 0 21298 0 0 0
cpu17 94333 14 38544 731937 1416 0 20544 0 0 0
cpu18 91537 14 37689 737496 320 0 19849 0 0 0
cpu19 118394 15 47716 690629 805 0 28657 0 0 0
cpu20 112180 16 46320 699386 868 0 27819 0 0 0
cpu21 88779 15 36821 740873 769 0 19289 0 0 0
cpu22 84217 18 35476 747207 495 0 17995 0 0 0
cpu23 79356 18 33870 756186 573 0 16709 0 0 0
cpu24 41303 32 32734 779678 1252 0 10126 0 0 0
cpu25 45425 35 35966 763413 2380 0 11850 0 0 0
cpu26 43820 30 35267 767560 1765 0 11502 0 0 0
cpu27 37267 22 31420 771053 1472 0 17907 0 0 0
cpu28 62846 51 40383 723191 2922 0 23299 0 0 0
cpu29 65779 89 41588 716317 3012 0 23646 0 0 0
cpu30 36591 21 32554 767079 1181 0 17745 0 0 0
cpu31 39953 21 33207 779149 921 0 10095 0 0 0
intr 2274194081 126 0 0 0 0 0 0 0 0 1 0 0 0 0 0 0 0 0 0 0 0 0 0 0 0 0 0 1 1 1 0 0 0 0 1 0 1 0 0 75045 0 0 0 0 0 0 0 0 411 0 0 0 0 0 0 0 0 87 0 0 0 0 0 0 0 0 0 0 0 0 0 0 0 243581 2 35010517 34947900 34876132 35012019 0 7416 2737 3231 1716 3346 2785 2346 2748 1672 11337 19902 11383 8852 14779 16284 11729 7904 2975 2055 1671 3101 2412 2216 1736 1715 9566 8684 6327 6510 7998 7484 6945 8476 0 0 0 0 616609 3615 1036 0 264 0 0 0 0 0 0 0 0 0 0 0 0 0 0 0 0 0 0 0 0 0 0 0 0 0 0 0 0 0 0 0 0 0 0 0 0 0 0 0 0 0 0 0 0 0 0 0 0 0 0 0 0 0 0 0 0 0 0 0 0 0 0 0 0 0 0 0 0 0 0 0 0 0 0 0 0 0 0 0 0 0 0 0 0 0 0 0 0 0 0 0 0 0 0 0 0 0 0 0 0 0 0 0 0 0 0 0 0 0 0 0 0 0 0 0 0 0 0 0 0 0 0 0 0 0 0 0 0 0 0 0 0 0 0 0 0 0 0 0 0 0 0 0 0 0 0 0 0 0 0 0 0 0 0 0 0 0 0 0 0 0 0 0 0 0 0 0 0 0 0 0 0 0 0 0 0 0 0 0 0 0 0 0 0 0 0 0 0 0 0 0 0 0 0 0 0 0 0 0 0 0 0 0 0 0 0 0 0 0 0 0 0 0 0 0 0 0 0 0 0 0 0 0 0 0 0 0 0 0 0 0 0 0 0 0 0 0 0 0 0 0 0 0 0 0 0 0 0 0 0 0 0 0 0 0 0 0 0 0 0 0 0 0 0 0 0 0 0 0 0 0 0 0 0 0 0 0 0 0 0 0 0 0 0 0 0 0 0 0 0 0 0 0 0 0 0 0 0 0 0 0 0 0 0 0 0 0 0 0 0 0 0 0 0 0 0 0 0 0 0 0 0 0 0 0 0 0 0 0 0 0 0 0 0 0 0 0 0 0 0 0 0 0 0 0 0 0 0 0 0 0 0 0 0 0 0 0 0 0 0 0 0 0 0 0 0 0 0 0 0 0 0 0 0 0 0 0 0 0 0 0 0 0 0 0 0 0 0 0 0 0 0 0 0 0 0 0 0 0 0 0 0 0 0 0 0 0 0 0 0 0 0 0 0 0 0 0 0 0 0 0 0 0 0 0 0 0 0 0 0 0 0 0 0 0 0 0 0 0 0 0 0 0 0 0 0 0 0 0 0 0 0 0 0 0 0 0 0 0 0 0 0 0 0 0 0 0 0 0 0 0 0 0 0 0 0 0 0 0 0 0 0 0 0 0 0 0 0 0 0 0 0 0 0 0 0 0 0 0 0 0 0 0 0 0 0 0 0 0 0 0 0 0 0 0 0 0 0 0 0 0 0 0 0 0 0 0 0 0 0 0 0 0 0 0 0 0 0 0 0 0 0 0 0 0 0 0 0 0 0 0 0 0 0 0 0 0 0 0 0 0 0 0 0 0 0 0 0 0 0 0 0 0 0 0 0 0 0 0 0 0 0 0 0 0 0 0 0 0 0 0 0 0 0 0 0 0 0 0 0 0 0 0 0 0 0 0 0 0 0 0 0 0 0 0 0 0 0 0 0 0 0 0 0 0 0 0 0 0 0 0 0 0 0 0 0 0 0 0 0 0 0 0 0 0 0 0 0 0 0 0 0 0 0 0 0 0 0 0 0 0 0 0 0 0 0 0 0 0 0 0 0 0 0 0 0 0 0 0 0 0 0 0 0 0 0 0 0 0 0 0 0 0 0 0 0 0 0 0 0 0 0 0 0 0 0 0 0 0 0 0 0 0 0 0 0 0 0 0 0 0 0 0 0 0 0 0 0 0 0 0 0 0 0 0 0 0 0 0 0 0 0 0 0 0 0 0 0 0 0 0 0 0 0 0 0 0 0 0 0 0 0 0 0 0 0 0 0 0 0 0 0 0 0 0 0 0 0 0 0 0 0 0 0 0 0 0 0 0 0 0 0 0 0 0 0 0 0 0 0 0 0 0 0 0 0 0 0 0 0 0 0 0 0 0 0 0 0 0 0 0 0 0 0 0 0 0 0 0 0 0 0 0 0 0 0 0 0 0 0 0 0 0 0 0 0 0 0 0 0 0 0 0 0 0 0 0 0 0 0 0 0 0 0 0 0 0 0 0 0 0 0 0 0 0 0 0 0 0 0 0 0 0 0 0 0 0 0 0 0 0 0 0 0 0 0 0 0 0 0 0 0 0 0 0 0 0 0 0 0 0 0 0 0 0 0 0 0 0 0 0 0 0 0 0 0 0 0 0 0 0 0 0 0 0 0 0 0 0 0 0 0 0 0 0 0 0 0 0 0 0 0 0 0 0 0 0 0 0 0 0 0 0 0 0 0 0 0 0 0 0 0 0 0 0 0 0 0 0 0 0 0 0 0 0 0 0 0 0 0 0 0 0 0 0 0 0 0 0 0 0 0 0 0 0 0 0 0 0 0 0 0 0 0 0 0 0 0 0 0 0 0 0 0 0 0 0 0 0 0 0 0 0 0 0 0 0 0 0 0 0 0 0 0 0 0 0 0 0 0 0 0 0 0 0 0 0 0 0 0 0 0 0 0 0 0 0 0 0 0 0 0 0 0 0 0 0 0 0 0 0 0 0 0 0 0 0 0 0 0 0 0 0 0 0 0 0 0 0 0 0 0
ctxt 3380659779
btime 1790630938
processes 236192
procs_running 1
procs_blocked 0
softirq 3021574887 73526 6204698 2751928 2940216292 254824 0 13556486 34625059 410 23891664
