Running 10s test @ http://127.0.0.1:18500/wait
  16 threads and 10000 connections
  Thread Stats   Avg      Stdev     Max   +/- Stdev
    Latency    10.79ms  538.99us 200.12ms   96.51%
    Req/Sec    11.17k     5.44k   21.30k    63.69%
  Latency Distribution
     50%   10.72ms
     75%   10.76ms
     90%   10.82ms
     99%   12.62ms
  1778352 requests in 10.07s, 181.47MB read
  Socket errors: connect 0, read 266, write 0, timeout 0
Requests/sec: 176686.26
Transfer/sec:     18.03MB
## server-stat
cpu  2169302 879 1136720 23354906 42521 0 513130 0 0 0
cpu0 76893 16 32355 734234 984 0 16017 0 0 0
cpu1 79456 20 32956 733943 803 0 15942 0 0 0
cpu2 80391 17 33101 733472 462 0 16061 0 0 0
cpu3 97464 19 41276 700023 1280 0 22953 0 0 0
cpu4 100836 19 40534 698992 756 0 22484 0 0 0
cpu5 84600 19 34312 727393 510 0 16695 0 0 0
cpu6 84566 18 34541 726995 435 0 17359 0 0 0
cpu7 83596 16 34882 727623 268 0 17425 0 0 0
cpu8 37610 27 32375 758729 1318 0 9500 0 0 0
cpu9 42785 31 34811 743764 3207 0 10167 0 0 0
cpu10 41303 30 33797 749144 1530 0 10112 0 0 0
cpu11 38395 26 31508 760570 948 0 9264 0 0 0
cpu12 63991 102 36443 721100 3824 0 10792 0 0 0
cpu13 61941 35 36960 721935 3647 0 11024 0 0 0
cpu14 38006 25 30947 763895 1106 0 9036 0 0 0
cpu15 35676 28 28650 772424 942 0 8212 0 0 0
cpu16 96245 12 38634 708076 516 0 20592 0 0 0
cpu17 92493 13 37754 712361 1409 0 19843 0 0 0
cpu18 90225 14 37094 717023 320 0 19317 0 0 0
cpu19 113307 14 45494 677001 805 0 26699 0 0 0
cpu20 108776 16 44753 682794 867 0 26469 0 0 0
cpu21 87495 15 36259 720302 767 0 18790 0 0 0
cpu22 83445 18 35174 725641 480 0 17734 0 0 0
cpu23 78553 18 33593 734589 558 0 16476 0 0 0
cpu24 41157 31 32203 758953 1238 0 9890 0 0 0
cpu25 45218 35 35381 742953 2350 0 11594 0 0 0
cpu26 43651 30 34691 747009 1758 0 11255 0 0 0
cpu27 37118 21 30894 750288 1467 0 17678 0 0 0
cpu28 62471 50 39709 703009 2908 0 23003 0 0 0
cpu29 65364 88 40902 696201 2984 0 23350 0 0 0
cpu30 36444 20 32010 746268 1165 0 17507 0 0 0
cpu31 39820 20 32711 758189 895 0 9879 0 0 0
intr 2238025906 126 0 0 0 0 0 0 0 0 1 0 0 0 0 0 0 0 0 0 0 0 0 0 0 0 0 0 1 1 1 0 0 0 0 1 0 1 0 0 75045 0 0 0 0 0 0 0 0 411 0 0 0 0 0 0 0 0 87 0 0 0 0 0 0 0 0 0 0 0 0 0 0 0 238874 2 35009582 34946646 34875529 35011070 0 7232 2736 3225 1692 3335 2771 2244 2748 1670 11329 19895 11376 8850 14580 16245 11725 7892 2939 2053 1670 3085 2410 2216 1733 1713 9515 8639 6196 6477 7973 7333 6904 8472 0 0 0 0 616593 3587 1036 0 264 0 0 0 0 0 0 0 0 0 0 0 0 0 0 0 0 0 0 0 0 0 0 0 0 0 0 0 0 0 0 0 0 0 0 0 0 0 0 0 0 0 0 0 0 0 0 0 0 0 0 0 0 0 0 0 0 0 0 0 0 0 0 0 0 0 0 0 0 0 0 0 0 0 0 0 0 0 0 0 0 0 0 0 0 0 0 0 0 0 0 0 0 0 0 0 0 0 0 0 0 0 0 0 0 0 0 0 0 0 0 0 0 0 0 0 0 0 0 0 0 0 0 0 0 0 0 0 0 0 0 0 0 0 0 0 0 0 0 0 0 0 0 0 0 0 0 0 0 0 0 0 0 0 0 0 0 0 0 0 0 0 0 0 0 0 0 0 0 0 0 0 0 0 0 0 0 0 0 0 0 0 0 0 0 0 0 0 0 0 0 0 0 0 0 0 0 0 0 0 0 0 0 0 0 0 0 0 0 0 0 0 0 0 0 0 0 0 0 0 0 0 0 0 0 0 0 0 0 0 0 0 0 0 0 0 0 0 0 0 0 0 0 0 0 0 0 0 0 0 0 0 0 0 0 0 0 0 0 0 0 0 0 0 0 0 0 0 0 0 0 0 0 0 0 0 0 0 0 0 0 0 0 0 0 0 0 0 0 0 0 0 0 0 0 0 0 0 0 0 0 0 0 0 0 0 0 0 0 0 0 0 0 0 0 0 0 0 0 0 0 0 0 0 0 0 0 0 0 0 0 0 0 0 0 0 0 0 0 0 0 0 0 0 0 0 0 0 0 0 0 0 0 0 0 0 0 0 0 0 0 0 0 0 0 0 0 0 0 0 0 0 0 0 0 0 0 0 0 0 0 0 0 0 0 0 0 0 0 0 0 0 0 0 0 0 0 0 0 0 0 0 0 0 0 0 0 0 0 0 0 0 0 0 0 0 0 0 0 0 0 0 0 0 0 0 0 0 0 0 0 0 0 0 0 0 0 0 0 0 0 0 0 0 0 0 0 0 0 0 0 0 0 0 0 0 0 0 0 0 0 0 0 0 0 0 0 0 0 0 0 0 0 0 0 0 0 0 0 0 0 0 0 0 0 0 0 0 0 0 0 0 0 0 0 0 0 0 0 0 0 0 0 0 0 0 0 0 0 0 0 0 0 0 0 0 0 0 0 0 0 0 0 0 0 0 0 0 0 0 0 0 0 0 0 0 0 0 0 0 0 0 0 0 0 0 0 0 0 0 0 0 0 0 0 0 0 0 0 0 0 0 0 0 0 0 0 0 0 0 0 0 0 0 0 0 0 0 0 0 0 0 0 0 0 0 0 0 0 0 0 0 0 0 0 0 0 0 0 0 0 0 0 0 0 0 0 0 0 0 0 0 0 0 0 0 0 0 0 0 0 0 0 0 0 0 0 0 0 0 0 0 0 0 0 0 0 0 0 0 0 0 0 0 0 0 0 0 0 0 0 0 0 0 0 0 0 0 0 0 0 0 0 0 0 0 0 0 0 0 0 0 0 0 0 0 0 0 0 0 0 0 0 0 0 0 0 0 0 0 0 0 0 0 0 0 0 0 0 0 0 0 0 0 0 0 0 0 0 0 0 0 0 0 0 0 0 0 0 0 0 0 0 0 0 0 0 0 0 0 0 0 0 0 0 0 0 0 0 0 0 0 0 0 0 0 0 0 0 0 0 0 0 0 0 0 0 0 0 0 0 0 0 0 0 0 0 0 0 0 0 0 0 0 0 0 0 0 0 0 0 0 0 0 0 0 0 0 0 0 0 0 0 0 0 0 0 0 0 0 0 0 0 0 0 0 0 0 0 0 0 0 0 0 0 0 0 0 0 0 0 0 0 0 0 0 0 0 0 0 0 0 0 0 0 0 0 0 0 0 0 0 0 0 0 0 0 0 0 0 0 0 0 0 0 0 0 0 0 0 0 0 0 0 0 0 0 0 0 0 0 0 0 0 0 0 0 0 0 0 0 0 0 0 0 0 0 0 0 0 0 0 0 0 0 0 0 0 0 0 0 0 0 0 0 0 0 0 0 0 0 0 0 0 0 0 0 0 0 0 0 0 0 0 0 0 0 0 0 0 0 0 0 0 0 0 0 0 0 0 0 0 0 0 0 0 0 0 0 0 0 0 0 0 0 0 0 0 0 0 0 0 0 0 0 0 0 0 0 0 0 0 0 0 0 0 0 0 0 0 0 0 0 0 0 0 0 0 0 0 0 0 0 0 0 0 0 0 0 0 0 0 0 0 0 0 0 0 0 0 0 0 0 0 0 0 0 0 0 0 0 0 0 0 0 0 0 0 0 0 0 0 0 0 0 0 0 0 0 0 0 0 0 0 0 0 0 0 0 0 0 0 0 0 0 0 0 0 0 0 0 0 0 0 0 0 0 0 0 0 0 0 0 0 0 0 0 0 0 0 0 0 0 0 0 0 0 0 0 0 0 0 0 0 0 0 0 0 0 0 0 0 0
ctxt 3313078713
btime 1790630938
processes 230749
procs_running 4
procs_blocked 0
softirq 2927128010 73526 5841332 2751899 2847236629 249838 0 13556349 34092305 410 23325722
--
cpu  2170242 879 1137206 23377829 42561 0 513566 0 0 0
cpu0 76893 16 32355 735023 984 0 16017 0 0 0
cpu1 79456 20 32956 734742 803 0 15942 0 0 0
cpu2 80391 17 33101 734271 462 0 16061 0 0 0
cpu3 97611 19 41341 700546 1280 0 23017 0 0 0
cpu4 101150 19 40665 699214 756 0 22617 0 0 0
cpu5 84600 19 34312 728192 510 0 16695 0 0 0
cpu6 84566 18 34541 727794 435 0 17359 0 0 0
cpu7 83596 16 34883 728421 269 0 17425 0 0 0
cpu8 37612 27 32382 759492 1318 0 9502 0 0 0
cpu9 42788 31 34822 744485 3207 0 10173 0 0 0
cpu10 41305 30 33805 749869 1530 0 10116 0 0 0
cpu11 38396 26 31514 761311 951 0 9267 0 0 0
cpu12 63997 102 36455 721809 3827 0 10797 0 0 0
cpu13 61946 35 36975 722634 3654 0 11033 0 0 0
cpu14 38006 25 30955 764631 1106 0 9040 0 0 0
cpu15 35677 28 28656 773165 942 0 8215 0 0 0
cpu16 96246 12 38635 708857 535 0 20592 0 0 0
cpu17 92495 13 37755 713159 1409 0 19843 0 0 0
cpu18 90225 14 37094 717822 320 0 19317 0 0 0
cpu19 113594 14 45607 677278 805 0 26821 0 0 0
cpu20 108895 16 44803 683373 867 0 26521 0 0 0
cpu21 87495 15 36259 721101 767 0 18790 0 0 0
cpu22 83445 18 35174 726440 480 0 17734 0 0 0
cpu23 78553 18 33593 735388 559 0 16476 0 0 0
cpu24 41158 31 32208 759694 1238 0 9893 0 0 0
cpu25 45227 35 35389 743684 2353 0 11599 0 0 0
cpu26 43655 30 34697 747749 1759 0 11257 0 0 0
cpu27 37120 21 30900 751037 1468 0 17681 0 0 0
cpu28 62473 50 39720 703727 2908 0 23008 0 0 0
cpu29 65393 88 40915 696918 2984 0 23355 0 0 0
cpu30 36445 20 32015 747025 1166 0 17510 0 0 0
cpu31 39820 20 32712 758965 895 0 9881 0 0 0
intr 2239287295 126 0 0 0 0 0 0 0 0 1 0 0 0 0 0 0 0 0 0 0 0 0 0 0 0 0 0 1 1 1 0 0 0 0 1 0 1 0 0 75045 0 0 0 0 0 0 0 0 411 0 0 0 0 0 0 0 0 87 0 0 0 0 0 0 0 0 0 0 0 0 0 0 0 239047 2 35009593 34946682 34875541 35011098 0 7236 2736 3225 1692 3335 2771 2244 2748 1670 11329 19895 11376 8850 14580 16254 11726 7892 2939 2053 1670 3085 2410 2216 1733 1713 9515 8652 6248 6477 7976 7336 6904 8473 0 0 0 0 616593 3587 1036 0 264 0 0 0 0 0 0 0 0 0 0 0 0 0 0 0 0 0 0 0 0 0 0 0 0 0 0 0 0 0 0 0 0 0 0 0 0 0 0 0 0 0 0 0 0 0 0 0 0 0 0 0 0 0 0 0 0 0 0 0 0 0 0 0 0 0 0 0 0 0 0 0 0 0 0 0 0 0 0 0 0 0 0 0 0 0 0 0 0 0 0 0 0 0 0 0 0 0 0 0 0 0 0 0 0 0 0 0 0 0 0 0 0 0 0 0 0 0 0 0 0 0 0 0 0 0 0 0 0 0 0 0 0 0 0 0 0 0 0 0 0 0 0 0 0 0 0 0 0 0 0 0 0 0 0 0 0 0 0 0 0 0 0 0 0 0 0 0 0 0 0 0 0 0 0 0 0 0 0 0 0 0 0 0 0 0 0 0 0 0 0 0 0 0 0 0 0 0 0 0 0 0 0 0 0 0 0 0 0 0 0 0 0 0 0 0 0 0 0 0 0 0 0 0 0 0 0 0 0 0 0 0 0 0 0 0 0 0 0 0 0 0 0 0 0 0 0 0 0 0 0 0 0 0 0 0 0 0 0 0 0 0 0 0 0 0 0 0 0 0 0 0 0 0 0 0 0 0 0 0 0 0 0 0 0 0 0 0 0 0 0 0 0 0 0 0 0 0 0 0 0 0 0 0 0 0 0 0 0 0 0 0 0 0 0 0 0 0 0 0 0 0 0 0 0 0 0 0 0 0 0 0 0 0 0 0 0 0 0 0 0 0 0 0 0 0 0 0 0 0 0 0 0 0 0 0 0 0 0 0 0 0 0 0 0 0 0 0 0 0 0 0 0 0 0 0 0 0 0 0 0 0 0 0 0 0 0 0 0 0 0 0 0 0 0 0 0 0 0 0 0 0 0 0 0 0 0 0 0 0 0 0 0 0 0 0 0 0 0 0 0 0 0 0 0 0 0 0 0 0 0 0 0 0 0 0 0 0 0 0 0 0 0 0 0 0 0 0 0 0 0 0 0 0 0 0 0 0 0 0 0 0 0 0 0 0 0 0 0 0 0 0 0 0 0 0 0 0 0 0 0 0 0 0 0 0 0 0 0 0 0 0 0 0 0 0 0 0 0 0 0 0 0 0 0 0 0 0 0 0 0 0 0 0 0 0 0 0 0 0 0 0 0 0 0 0 0 0 0 0 0 0 0 0 0 0 0 0 0 0 0 0 0 0 0 0 0 0 0 0 0 0 0 0 0 0 0 0 0 0 0 0 0 0 0 0 0 0 0 0 0 0 0 0 0 0 0 0 0 0 0 0 0 0 0 0 0 0 0 0 0 0 0 0 0 0 0 0 0 0 0 0 0 0 0 0 0 0 0 0 0 0 0 0 0 0 0 0 0 0 0 0 0 0 0 0 0 0 0 0 0 0 0 0 0 0 0 0 0 0 0 0 0 0 0 0 0 0 0 0 0 0 0 0 0 0 0 0 0 0 0 0 0 0 0 0 0 0 0 0 0 0 0 0 0 0 0 0 0 0 0 0 0 0 0 0 0 0 0 0 0 0 0 0 0 0 0 0 0 0 0 0 0 0 0 0 0 0 0 0 0 0 0 0 0 0 0 0 0 0 0 0 0 0 0 0 0 0 0 0 0 0 0 0 0 0 0 0 0 0 0 0 0 0 0 0 0 0 0 0 0 0 0 0 0 0 0 0 0 0 0 0 0 0 0 0 0 0 0 0 0 0 0 0 0 0 0 0 0 0 0 0 0 0 0 0 0 0 0 0 0 0 0 0 0 0 0 0 0 0 0 0 0 0 0 0 0 0 0 0 0 0 0 0 0 0 0 0 0 0 0 0 0 0 0 0 0 0 0 0 0 0 0 0 0 0 0 0 0 0 0 0 0 0 0 0 0 0 0 0 0 0 0 0 0 0 0 0 0 0 0 0 0 0 0 0 0 0 0 0 0 0 0 0 0 0 0 0 0 0 0 0 0 0 0 0 0 0 0 0 0 0 0 0 0 0 0 0 0 0 0 0 0 0 0 0 0 0 0 0 0 0 0 0 0 0 0 0 0 0 0 0 0 0 0 0 0 0 0 0 0 0 0 0 0 0 0 0 0 0 0 0 0 0 0 0 0 0 0 0 0 0 0 0 0 0 0 0 0 0 0 0 0 0 0 0 0 0 0 0 0 0 0 0 0 0 0 0 0 0 0 0 0 0 0 0 0 0 0 0 0 0 0 0 0 0 0 0 0 0 0 0 0 0 0 0 0 0 0 0 0 0 0 0 0 0 0 0 0 0 0 0 0 0 0 0 0 0 0 0 0 0 0 0 0 0 0 0 0 0 0 0 0 0 0 0 0 0 0 0 0 0 0 0 0 0 0 0 0 0 0 0 0 0 0 0 0 0 0 0 0 0 0 0 0 0 0 0 0 0 0 0 0 0 0 0 0 0 0 0 0 0 0 0 0 0 0 0 0 0 0 0 0
ctxt 3315539164
btime 1790630938
processes 230804
procs_running 4
procs_blocked 0
softirq 2930018060 73526 5844415 2751899 2850103705 250015 0 13556349 34103955 410 23333786
