Running 10s test @ http://127.0.0.1:18500/wait
  16 threads and 1000 connections
  Thread Stats   Avg      Stdev     Max   +/- Stdev
    Latency    10.53ms  515.14us  12.05ms   60.67%
    Req/Sec     5.91k    97.19     6.19k    67.38%
  Latency Distribution
     50%   10.54ms
     75%   10.98ms
     90%   11.20ms
     99%   11.52ms
  941402 requests in 10.01s, 142.75MB read
Requests/sec:  94088.61
Transfer/sec:     14.27MB
## server-stat
cpu  2195876 895 1151735 23900164 43007 0 523461 0 0 0
cpu0 77284 16 32533 752475 1010 0 16174 0 0 0
cpu1 79808 21 33094 752466 832 0 16065 0 0 0
cpu2 81139 17 33346 751403 507 0 16265 0 0 0
cpu3 99713 19 42403 714768 1280 0 23925 0 0 0
cpu4 104001 19 41978 712311 760 0 23751 0 0 0
cpu5 85441 20 34595 745205 513 0 16945 0 0 0
cpu6 85664 18 34881 744449 447 0 17646 0 0 0
cpu7 84557 16 35180 745285 269 0 17687 0 0 0
cpu8 37710 28 32706 776419 1338 0 9643 0 0 0
cpu9 42948 32 35214 761107 3226 0 10334 0 0 0
cpu10 41436 30 34173 766534 1556 0 10279 0 0 0
cpu11 38481 27 31855 778185 952 0 9406 0 0 0
cpu12 64320 103 36893 738140 3882 0 10980 0 0 0
cpu13 62232 35 37434 738960 3671 0 11231 0 0 0
cpu14 38101 26 31289 781541 1123 0 9177 0 0 0
cpu15 35758 29 28945 790215 944 0 8335 0 0 0
cpu16 97842 13 39075 724785 548 0 20998 0 0 0
cpu17 93995 14 38219 729179 1416 0 20234 0 0 0
cpu18 91258 14 37423 734561 320 0 19597 0 0 0
cpu19 117975 14 47316 688111 805 0 28270 0 0 0
cpu20 111808 16 45954 696739 868 0 27475 0 0 0
cpu21 88520 15 36574 737869 769 0 19065 0 0 0
cpu22 84118 18 35383 743743 494 0 17916 0 0 0
cpu23 79297 18 33823 752594 572 0 16668 0 0 0
cpu24 41247 32 32529 776620 1251 0 10029 0 0 0
cpu25 45359 35 35754 760378 2379 0 11755 0 0 0
cpu26 43764 30 35056 764520 1765 0 11404 0 0 0
cpu27 37213 22 31210 767992 1472 0 17807 0 0 0
cpu28 62753 51 40169 720198 2917 0 23192 0 0 0
cpu29 65686 89 41371 713319 3008 0 23553 0 0 0
cpu30 36536 21 32347 764007 1181 0 17643 0 0 0
cpu31 39897 21 33001 776070 916 0 9998 0 0 0
intr 2265770546 126 0 0 0 0 0 0 0 0 1 0 0 0 0 0 0 0 0 0 0 0 0 0 0 0 0 0 1 1 1 0 0 0 0 1 0 1 0 0 75045 0 0 0 0 0 0 0 0 411 0 0 0 0 0 0 0 0 87 0 0 0 0 0 0 0 0 0 0 0 0 0 0 0 243209 2 35010414 34947787 34876067 35011862 0 7387 2736 3231 1716 3346 2777 2264 2748 1671 11337 19902 11382 8851 14777 16275 11729 7899 2975 2054 1671 3087 2412 2216 1734 1715 9558 8682 6327 6510 7988 7484 6945 8476 0 0 0 0 616605 3612 1036 0 264 0 0 0 0 0 0 0 0 0 0 0 0 0 0 0 0 0 0 0 0 0 0 0 0 0 0 0 0 0 0 0 0 0 0 0 0 0 0 0 0 0 0 0 0 0 0 0 0 0 0 0 0 0 0 0 0 0 0 0 0 0 0 0 0 0 0 0 0 0 0 0 0 0 0 0 0 0 0 0 0 0 0 0 0 0 0 0 0 0 0 0 0 0 0 0 0 0 0 0 0 0 0 0 0 0 0 0 0 0 0 0 0 0 0 0 0 0 0 0 0 0 0 0 0 0 0 0 0 0 0 0 0 0 0 0 0 0 0 0 0 0 0 0 0 0 0 0 0 0 0 0 0 0 0 0 0 0 0 0 0 0 0 0 0 0 0 0 0 0 0 0 0 0 0 0 0 0 0 0 0 0 0 0 0 0 0 0 0 0 0 0 0 0 0 0 0 0 0 0 0 0 0 0 0 0 0 0 0 0 0 0 0 0 0 0 0 0 0 0 0 0 0 0 0 0 0 0 0 0 0 0 0 0 0 0 0 0 0 0 0 0 0 0 0 0 0 0 0 0 0 0 0 0 0 0 0 0 0 0 0 0 0 0 0 0 0 0 0 0 0 0 0 0 0 0 0 0 0 0 0 0 0 0 0 0 0 0 0 0 0 0 0 0 0 0 0 0 0 0 0 0 0 0 0 0 0 0 0 0 0 0 0 0 0 0 0 0 0 0 0 0 0 0 0 0 0 0 0 0 0 0 0 0 0 0 0 0 0 0 0 0 0 0 0 0 0 0 0 0 0 0 0 0 0 0 0 0 0 0 0 0 0 0 0 0 0 0 0 0 0 0 0 0 0 0 0 0 0 0 0 0 0 0 0 0 0 0 0 0 0 0 0 0 0 0 0 0 0 0 0 0 0 0 0 0 0 0 0 0 0 0 0 0 0 0 0 0 0 0 0 0 0 0 0 0 0 0 0 0 0 0 0 0 0 0 0 0 0 0 0 0 0 0 0 0 0 0 0 0 0 0 0 0 0 0 0 0 0 0 0 0 0 0 0 0 0 0 0 0 0 0 0 0 0 0 0 0 0 0 0 0 0 0 0 0 0 0 0 0 0 0 0 0 0 0 0 0 0 0 0 0 0 0 0 0 0 0 0 0 0 0 0 0 0 0 0 0 0 0 0 0 0 0 0 0 0 0 0 0 0 0 0 0 0 0 0 0 0 0 0 0 0 0 0 0 0 0 0 0 0 0 0 0 0 0 0 0 0 0 0 0 0 0 0 0 0 0 0 0 0 0 0 0 0 0 0 0 0 0 0 0 0 0 0 0 0 0 0 0 0 0 0 0 0 0 0 0 0 0 0 0 0 0 0 0 0 0 0 0 0 0 0 0 0 0 0 0 0 0 0 0 0 0 0 0 0 0 0 0 0 0 0 0 0 0 0 0 0 0 0 0 0 0 0 0 0 0 0 0 0 0 0 0 0 0 0 0 0 0 0 0 0 0 0 0 0 0 0 0 0 0 0 0 0 0 0 0 0 0 0 0 0 0 0 0 0 0 0 0 0 0 0 0 0 0 0 0 0 0 0 0 0 0 0 0 0 0 0 0 0 0 0 0 0 0 0 0 0 0 0 0 0 0 0 0 0 0 0 0 0 0 0 0 0 0 0 0 0 0 0 0 0 0 0 0 0 0 0 0 0 0 0 0 0 0 0 0 0 0 0 0 0 0 0 0 0 0 0 0 0 0 0 0 0 0 0 0 0 0 0 0 0 0 0 0 0 0 0 0 0 0 0 0 0 0 0 0 0 0 0 0 0 0 0 0 0 0 0 0 0 0 0 0 0 0 0 0 0 0 0 0 0 0 0 0 0 0 0 0 0 0 0 0 0 0 0 0 0 0 0 0 0 0 0 0 0 0 0 0 0 0 0 0 0 0 0 0 0 0 0 0 0 0 0 0 0 0 0 0 0 0 0 0 0 0 0 0 0 0 0 0 0 0 0 0 0 0 0 0 0 0 0 0 0 0 0 0 0 0 0 0 0 0 0 0 0 0 0 0 0 0 0 0 0 0 0 0 0 0 0 0 0 0 0 0 0 0 0 0 0 0 0 0 0 0 0 0 0 0 0 0 0 0 0 0 0 0 0 0 0 0 0 0 0 0 0 0 0 0 0 0 0 0 0 0 0 0 0 0 0 0 0 0 0 0 0 0 0 0 0 0 0 0 0 0 0 0 0 0 0 0 0 0 0 0 0 0 0 0 0 0 0 0 0 0 0 0 0 0 0 0 0 0 0 0 0 0 0 0 0 0 0 0 0 0 0 0 0 0 0 0 0 0 0 0 0 0 0 0 0 0 0 0 0 0 0 0 0 0 0 0 0 0 0 0 0 0 0 0 0 0 0 0 0 0 0 0 0 0 0 0 0 0 0 0 0 0 0 0 0 0 0 0 0 0 0 0 0 0 0 0 0 0 0 0 0 0 0 0 0 0 0
ctxt 3364687418
btime 1790630938
processes 235433
procs_running 2
procs_blocked 0
softirq 2995438524 73526 6183990 2751924 2914356882 254419 0 13556470 34494233 410 23766670
--
cpu  2196070 896 1151968 23924627 43008 0 523668 0 0 0
cpu0 77300 16 32554 753210 1010 0 16197 0 0 0
cpu1 79820 21 33109 753222 832 0 16080 0 0 0
cpu2 81143 17 33355 752182 507 0 16271 0 0 0
cpu3 99747 19 42454 715435 1281 0 23964 0 0 0
cpu4 104036 19 42020 712987 760 0 23790 0 0 0
cpu5 85451 20 34609 745966 513 0 16960 0 0 0
cpu6 85665 18 34884 745243 447 0 17648 0 0 0
cpu7 84557 16 35180 746084 269 0 17687 0 0 0
cpu8 37712 28 32708 777186 1338 0 9644 0 0 0
cpu9 42952 32 35217 761866 3226 0 10336 0 0 0
cpu10 41438 30 34176 767295 1556 0 10281 0 0 0
cpu11 38483 27 31857 778950 952 0 9408 0 0 0
cpu12 64329 103 36898 738892 3882 0 10983 0 0 0
cpu13 62238 35 37437 739714 3671 0 11234 0 0 0
cpu14 38103 26 31291 782307 1123 0 9181 0 0 0
cpu15 35759 29 28947 790984 944 0 8337 0 0 0
cpu16 97843 13 39075 725582 548 0 20999 0 0 0
cpu17 93995 14 38220 729977 1416 0 20234 0 0 0
cpu18 91258 14 37423 735361 320 0 19597 0 0 0
cpu19 117995 14 47343 688839 805 0 28292 0 0 0
cpu20 111813 16 45960 697521 868 0 27479 0 0 0
cpu21 88520 15 36574 738667 769 0 19065 0 0 0
cpu22 84118 18 35383 744542 494 0 17916 0 0 0
cpu23 79297 18 33823 753393 572 0 16668 0 0 0
cpu24 41247 32 32530 777388 1251 0 10031 0 0 0
cpu25 45361 35 35757 761138 2379 0 11757 0 0 0
cpu26 43766 30 35059 765282 1765 0 11406 0 0 0
cpu27 37213 22 31211 768759 1472 0 17811 0 0 0
cpu28 62766 51 40173 720947 2917 0 23196 0 0 0
cpu29 65694 89 41375 714073 3008 0 23556 0 0 0
cpu30 36537 21 32350 764777 1181 0 17645 0 0 0
cpu31 39898 21 33003 776845 916 0 10000 0 0 0
intr 2266566243 126 0 0 0 0 0 0 0 0 1 0 0 0 0 0 0 0 0 0 0 0 0 0 0 0 0 0 1 1 1 0 0 0 0 1 0 1 0 0 75045 0 0 0 0 0 0 0 0 411 0 0 0 0 0 0 0 0 87 0 0 0 0 0 0 0 0 0 0 0 0 0 0 0 243209 2 35010424 34947793 34876072 35011867 0 7391 2736 3231 1716 3346 2785 2346 2748 1671 11337 19902 11382 8852 14777 16278 11729 7899 2975 2054 1671 3101 2412 2216 1734 1715 9558 8682 6327 6510 7994 7484 6945 8476 0 0 0 0 616605 3612 1036 0 264 0 0 0 0 0 0 0 0 0 0 0 0 0 0 0 0 0 0 0 0 0 0 0 0 0 0 0 0 0 0 0 0 0 0 0 0 0 0 0 0 0 0 0 0 0 0 0 0 0 0 0 0 0 0 0 0 0 0 0 0 0 0 0 0 0 0 0 0 0 0 0 0 0 0 0 0 0 0 0 0 0 0 0 0 0 0 0 0 0 0 0 0 0 0 0 0 0 0 0 0 0 0 0 0 0 0 0 0 0 0 0 0 0 0 0 0 0 0 0 0 0 0 0 0 0 0 0 0 0 0 0 0 0 0 0 0 0 0 0 0 0 0 0 0 0 0 0 0 0 0 0 0 0 0 0 0 0 0 0 0 0 0 0 0 0 0 0 0 0 0 0 0 0 0 0 0 0 0 0 0 0 0 0 0 0 0 0 0 0 0 0 0 0 0 0 0 0 0 0 0 0 0 0 0 0 0 0 0 0 0 0 0 0 0 0 0 0 0 0 0 0 0 0 0 0 0 0 0 0 0 0 0 0 0 0 0 0 0 0 0 0 0 0 0 0 0 0 0 0 0 0 0 0 0 0 0 0 0 0 0 0 0 0 0 0 0 0 0 0 0 0 0 0 0 0 0 0 0 0 0 0 0 0 0 0 0 0 0 0 0 0 0 0 0 0 0 0 0 0 0 0 0 0 0 0 0 0 0 0 0 0 0 0 0 0 0 0 0 0 0 0 0 0 0 0 0 0 0 0 0 0 0 0 0 0 0 0 0 0 0 0 0 0 0 0 0 0 0 0 0 0 0 0 0 0 0 0 0 0 0 0 0 0 0 0 0 0 0 0 0 0 0 0 0 0 0 0 0 0 0 0 0 0 0 0 0 0 0 0 0 0 0 0 0 0 0 0 0 0 0 0 0 0 0 0 0 0 0 0 0 0 0 0 0 0 0 0 0 0 0 0 0 0 0 0 0 0 0 0 0 0 0 0 0 0 0 0 0 0 0 0 0 0 0 0 0 0 0 0 0 0 0 0 0 0 0 0 0 0 0 0 0 0 0 0 0 0 0 0 0 0 0 0 0 0 0 0 0 0 0 0 0 0 0 0 0 0 0 0 0 0 0 0 0 0 0 0 0 0 0 0 0 0 0 0 0 0 0 0 0 0 0 0 0 0 0 0 0 0 0 0 0 0 0 0 0 0 0 0 0 0 0 0 0 0 0 0 0 0 0 0 0 0 0 0 0 0 0 0 0 0 0 0 0 0 0 0 0 0 0 0 0 0 0 0 0 0 0 0 0 0 0 0 0 0 0 0 0 0 0 0 0 0 0 0 0 0 0 0 0 0 0 0 0 0 0 0 0 0 0 0 0 0 0 0 0 0 0 0 0 0 0 0 0 0 0 0 0 0 0 0 0 0 0 0 0 0 0 0 0 0 0 0 0 0 0 0 0 0 0 0 0 0 0 0 0 0 0 0 0 0 0 0 0 0 0 0 0 0 0 0 0 0 0 0 0 0 0 0 0 0 0 0 0 0 0 0 0 0 0 0 0 0 0 0 0 0 0 0 0 0 0 0 0 0 0 0 0 0 0 0 0 0 0 0 0 0 0 0 0 0 0 0 0 0 0 0 0 0 0 0 0 0 0 0 0 0 0 0 0 0 0 0 0 0 0 0 0 0 0 0 0 0 0 0 0 0 0 0 0 0 0 0 0 0 0 0 0 0 0 0 0 0 0 0 0 0 0 0 0 0 0 0 0 0 0 0 0 0 0 0 0 0 0 0 0 0 0 0 0 0 0 0 0 0 0 0 0 0 0 0 0 0 0 0 0 0 0 0 0 0 0 0 0 0 0 0 0 0 0 0 0 0 0 0 0 0 0 0 0 0 0 0 0 0 0 0 0 0 0 0 0 0 0 0 0 0 0 0 0 0 0 0 0 0 0 0 0 0 0 0 0 0 0 0 0 0 0 0 0 0 0 0 0 0 0 0 0 0 0 0 0 0 0 0 0 0 0 0 0 0 0 0 0 0 0 0 0 0 0 0 0 0 0 0 0 0 0 0 0 0 0 0 0 0 0 0 0 0 0 0 0 0 0 0 0 0 0 0 0 0 0 0 0 0 0 0 0 0 0 0 0 0 0 0 0 0 0 0 0 0 0 0 0 0 0 0 0 0 0 0 0 0 0 0 0 0 0 0 0 0 0 0 0 0 0 0 0 0 0 0 0 0 0 0 0 0 0 0 0 0 0 0 0 0 0 0 0 0 0 0 0 0 0 0 0 0 0 0 0 0 0 0 0 0 0 0 0 0 0 0 0 0 0 0 0 0 0 0 0 0 0 0 0 0 0 0 0 0 0 0 0 0 0 0 0 0 0 0 0 0 0 0 0 0 0 0 0 0 0 0 0 0 0 0 0 0 0 0 0 0 0 0 0 0 0 0 0 0 0 0 0 0 0 0 0 0 0 0 0 0 0 0 0 0 0 0 0 0 0 0 0
ctxt 3366160221
btime 1790630938
processes 235462
procs_running 1
procs_blocked 0
softirq 2996979250 73526 6187574 2751924 2915864641 254423 0 13556470 34509968 410 23780314
