Running 10s test @ http://127.0.0.1:18500/
  16 threads and 128 connections
  Thread Stats   Avg      Stdev     Max   +/- Stdev
    Latency   172.11us   43.27us   3.84ms   68.33%
    Req/Sec    46.47k     5.16k   76.97k    68.26%
  Latency Distribution
     50%  181.00us
     75%  205.00us
     90%  223.00us
     99%  232.00us
  7458560 requests in 10.10s, 0.88GB read
Requests/sec: 738524.23
Transfer/sec:     88.74MB
## server-stat
cpu  1877967 691 990049 16922509 37436 0 438919 0 0 0
cpu0 63336 13 27471 537320 931 0 13180 0 0 0
cpu1 66325 15 28240 535748 696 0 13377 0 0 0
cpu2 66775 12 28275 535693 450 0 13451 0 0 0
cpu3 77937 15 33662 513044 1219 0 18651 0 0 0
cpu4 81298 15 33489 510775 741 0 18436 0 0 0
cpu5 69173 14 28709 532734 442 0 13559 0 0 0
cpu6 69685 13 29181 531193 422 0 14289 0 0 0
cpu7 68516 10 29351 532142 260 0 14241 0 0 0
cpu8 36822 21 29515 547594 1226 0 8453 0 0 0
cpu9 41586 24 30865 536094 2682 0 8979 0 0 0
cpu10 40400 23 30478 539801 1360 0 8990 0 0 0
cpu11 37755 20 28958 548533 805 0 8361 0 0 0
cpu12 59366 94 31733 517519 3489 0 9426 0 0 0
cpu13 57908 26 32022 518639 2907 0 9621 0 0 0
cpu14 37295 18 28361 551341 1003 0 8188 0 0 0
cpu15 35117 20 26583 558209 809 0 7495 0 0 0
cpu16 77574 10 32564 517537 489 0 16838 0 0 0
cpu17 74470 10 31768 521108 1383 0 16104 0 0 0
cpu18 73658 11 31434 523600 308 0 15815 0 0 0
cpu19 89475 12 37229 495996 733 0 21078 0 0 0
cpu20 86445 13 37088 499138 773 0 21362 0 0 0
cpu21 72326 11 31076 524738 671 0 15754 0 0 0
cpu22 68978 12 30260 528608 438 0 14912 0 0 0
cpu23 66021 13 29350 534197 514 0 14287 0 0 0
cpu24 40469 23 29736 546639 1090 0 8932 0 0 0
cpu25 44195 28 32354 533684 1927 0 10316 0 0 0
cpu26 42798 23 31840 536945 1527 0 10025 0 0 0
cpu27 36451 14 28479 538237 1318 0 16691 0 0 0
cpu28 59088 38 34855 499625 2466 0 21236 0 0 0
cpu29 61757 77 35671 494235 2453 0 21472 0 0 0
cpu30 35766 15 29281 535546 1030 0 16503 0 0 0
cpu31 39184 15 30156 546282 855 0 8884 0 0 0
intr 1895787867 126 0 0 0 0 0 0 0 0 1 0 0 0 0 0 0 0 0 0 0 0 0 0 0 0 0 0 1 1 1 0 0 0 0 1 0 1 0 0 75045 0 0 0 0 0 0 0 0 411 0 0 0 0 0 0 0 0 87 0 0 0 0 0 0 0 0 0 0 0 0 0 0 0 194282 2 34996561 34935058 34864464 35000783 0 5419 2503 3083 1670 3129 2687 2109 2627 1544 10780 19239 11006 8722 14180 15505 11624 7740 2918 1883 1557 2595 2283 2003 1703 1703 9273 7972 5751 6321 7178 6681 6553 8317 0 0 0 0 616444 3345 1036 0 264 0 0 0 0 0 0 0 0 0 0 0 0 0 0 0 0 0 0 0 0 0 0 0 0 0 0 0 0 0 0 0 0 0 0 0 0 0 0 0 0 0 0 0 0 0 0 0 0 0 0 0 0 0 0 0 0 0 0 0 0 0 0 0 0 0 0 0 0 0 0 0 0 0 0 0 0 0 0 0 0 0 0 0 0 0 0 0 0 0 0 0 0 0 0 0 0 0 0 0 0 0 0 0 0 0 0 0 0 0 0 0 0 0 0 0 0 0 0 0 0 0 0 0 0 0 0 0 0 0 0 0 0 0 0 0 0 0 0 0 0 0 0 0 0 0 0 0 0 0 0 0 0 0 0 0 0 0 0 0 0 0 0 0 0 0 0 0 0 0 0 0 0 0 0 0 0 0 0 0 0 0 0 0 0 0 0 0 0 0 0 0 0 0 0 0 0 0 0 0 0 0 0 0 0 0 0 0 0 0 0 0 0 0 0 0 0 0 0 0 0 0 0 0 0 0 0 0 0 0 0 0 0 0 0 0 0 0 0 0 0 0 0 0 0 0 0 0 0 0 0 0 0 0 0 0 0 0 0 0 0 0 0 0 0 0 0 0 0 0 0 0 0 0 0 0 0 0 0 0 0 0 0 0 0 0 0 0 0 0 0 0 0 0 0 0 0 0 0 0 0 0 0 0 0 0 0 0 0 0 0 0 0 0 0 0 0 0 0 0 0 0 0 0 0 0 0 0 0 0 0 0 0 0 0 0 0 0 0 0 0 0 0 0 0 0 0 0 0 0 0 0 0 0 0 0 0 0 0 0 0 0 0 0 0 0 0 0 0 0 0 0 0 0 0 0 0 0 0 0 0 0 0 0 0 0 0 0 0 0 0 0 0 0 0 0 0 0 0 0 0 0 0 0 0 0 0 0 0 0 0 0 0 0 0 0 0 0 0 0 0 0 0 0 0 0 0 0 0 0 0 0 0 0 0 0 0 0 0 0 0 0 0 0 0 0 0 0 0 0 0 0 0 0 0 0 0 0 0 0 0 0 0 0 0 0 0 0 0 0 0 0 0 0 0 0 0 0 0 0 0 0 0 0 0 0 0 0 0 0 0 0 0 0 0 0 0 0 0 0 0 0 0 0 0 0 0 0 0 0 0 0 0 0 0 0 0 0 0 0 0 0 0 0 0 0 0 0 0 0 0 0 0 0 0 0 0 0 0 0 0 0 0 0 0 0 0 0 0 0 0 0 0 0 0 0 0 0 0 0 0 0 0 0 0 0 0 0 0 0 0 0 0 0 0 0 0 0 0 0 0 0 0 0 0 0 0 0 0 0 0 0 0 0 0 0 0 0 0 0 0 0 0 0 0 0 0 0 0 0 0 0 0 0 0 0 0 0 0 0 0 0 0 0 0 0 0 0 0 0 0 0 0 0 0 0 0 0 0 0 0 0 0 0 0 0 0 0 0 0 0 0 0 0 0 0 0 0 0 0 0 0 0 0 0 0 0 0 0 0 0 0 0 0 0 0 0 0 0 0 0 0 0 0 0 0 0 0 0 0 0 0 0 0 0 0 0 0 0 0 0 0 0 0 0 0 0 0 0 0 0 0 0 0 0 0 0 0 0 0 0 0 0 0 0 0 0 0 0 0 0 0 0 0 0 0 0 0 0 0 0 0 0 0 0 0 0 0 0 0 0 0 0 0 0 0 0 0 0 0 0 0 0 0 0 0 0 0 0 0 0 0 0 0 0 0 0 0 0 0 0 0 0 0 0 0 0 0 0 0 0 0 0 0 0 0 0 0 0 0 0 0 0 0 0 0 0 0 0 0 0 0 0 0 0 0 0 0 0 0 0 0 0 0 0 0 0 0 0 0 0 0 0 0 0 0 0 0 0 0 0 0 0 0 0 0 0 0 0 0 0 0 0 0 0 0 0 0 0 0 0 0 0 0 0 0 0 0 0 0 0 0 0 0 0 0 0 0 0 0 0 0 0 0 0 0 0 0 0 0 0 0 0 0 0 0 0 0 0 0 0 0 0 0 0 0 0 0 0 0 0 0 0 0 0 0 0 0 0 0 0 0 0 0 0 0 0 0 0 0 0 0 0 0 0 0 0 0 0 0 0 0 0 0 0 0 0 0 0 0 0 0 0 0 0 0 0 0 0 0 0 0 0 0 0 0 0 0 0 0 0 0 0 0 0 0 0 0 0 0 0 0 0 0 0 0 0 0 0 0 0 0 0 0 0 0 0 0 0 0 0 0 0 0 0 0 0 0 0 0 0 0 0 0 0 0 0 0 0 0 0 0 0 0 0 0 0 0 0 0 0 0 0 0 0 0 0 0 0 0 0 0 0 0 0 0 0 0 0 0 0 0 0 0 0 0 0 0 0 0 0 0 0 0 0 0 0 0 0 0 0 0 0 0 0 0 0 0 0 0 0 0 0 0 0 0 0 0 0 0 0 0 0 0 0 0 0 0 0 0 0 0 0
ctxt 2693563401
btime 1790630938
processes 176062
procs_running 14
procs_blocked 0
softirq 2475855112 73526 4378116 2751706 2407883559 202626 0 13555185 28186746 410 18823238
--
cpu  1881423 692 992655 16937494 37446 0 440982 0 0 0
cpu0 63337 13 27471 538101 931 0 13180 0 0 0
cpu1 66325 15 28241 536547 696 0 13377 0 0 0
cpu2 66777 12 28276 536489 450 0 13451 0 0 0
cpu3 78344 15 33872 513048 1219 0 18832 0 0 0
cpu4 81550 15 33613 511091 741 0 18543 0 0 0
cpu5 69585 14 28924 532734 442 0 13733 0 0 0
cpu6 69685 13 29181 531991 422 0 14289 0 0 0
cpu7 68921 10 29572 532142 260 0 14414 0 0 0
cpu8 36831 21 29570 548138 1226 0 8491 0 0 0
cpu9 41598 24 30915 536635 2682 0 9017 0 0 0
cpu10 40410 23 30535 540337 1365 0 9031 0 0 0
cpu11 37764 20 29008 549079 805 0 8401 0 0 0
cpu12 59377 94 31790 518056 3490 0 9465 0 0 0
cpu13 57917 26 32081 519176 2907 0 9663 0 0 0
cpu14 37305 18 28415 551891 1003 0 8228 0 0 0
cpu15 35125 20 26636 558764 809 0 7533 0 0 0
cpu16 77999 10 32762 517537 489 0 17015 0 0 0
cpu17 74866 10 31987 521108 1383 0 16288 0 0 0
cpu18 74053 11 31662 523603 308 0 15990 0 0 0
cpu19 89478 12 37230 496789 733 0 21079 0 0 0
cpu20 86604 13 37177 499618 773 0 21433 0 0 0
cpu21 72327 11 31076 525535 671 0 15754 0 0 0
cpu22 69377 12 30470 528610 438 0 15102 0 0 0
cpu23 66025 13 29351 534990 514 0 14288 0 0 0
cpu24 40479 23 29791 547179 1090 0 8970 0 0 0
cpu25 44211 28 32410 534217 1927 0 10354 0 0 0
cpu26 42811 23 31899 537476 1528 0 10067 0 0 0
cpu27 36462 14 28536 538771 1322 0 16726 0 0 0
cpu28 59114 38 34914 500150 2466 0 21274 0 0 0
cpu29 61780 77 35731 494761 2453 0 21510 0 0 0
cpu30 35776 15 29337 536089 1030 0 16547 0 0 0
cpu31 39194 15 30210 546823 855 0 8924 0 0 0
intr 1900146890 126 0 0 0 0 0 0 0 0 1 0 0 0 0 0 0 0 0 0 0 0 0 0 0 0 0 0 1 1 1 0 0 0 0 1 0 1 0 0 75045 0 0 0 0 0 0 0 0 411 0 0 0 0 0 0 0 0 87 0 0 0 0 0 0 0 0 0 0 0 0 0 0 0 194425 2 34996572 34935067 34864479 35000795 0 5427 2503 3083 1670 3129 2687 2109 2627 1544 10780 19239 11007 8722 14185 15505 11624 7741 2918 1883 1557 2595 2283 2004 1703 1703 9273 7973 5751 6321 7180 6683 6580 8326 0 0 0 0 616444 3345 1036 0 264 0 0 0 0 0 0 0 0 0 0 0 0 0 0 0 0 0 0 0 0 0 0 0 0 0 0 0 0 0 0 0 0 0 0 0 0 0 0 0 0 0 0 0 0 0 0 0 0 0 0 0 0 0 0 0 0 0 0 0 0 0 0 0 0 0 0 0 0 0 0 0 0 0 0 0 0 0 0 0 0 0 0 0 0 0 0 0 0 0 0 0 0 0 0 0 0 0 0 0 0 0 0 0 0 0 0 0 0 0 0 0 0 0 0 0 0 0 0 0 0 0 0 0 0 0 0 0 0 0 0 0 0 0 0 0 0 0 0 0 0 0 0 0 0 0 0 0 0 0 0 0 0 0 0 0 0 0 0 0 0 0 0 0 0 0 0 0 0 0 0 0 0 0 0 0 0 0 0 0 0 0 0 0 0 0 0 0 0 0 0 0 0 0 0 0 0 0 0 0 0 0 0 0 0 0 0 0 0 0 0 0 0 0 0 0 0 0 0 0 0 0 0 0 0 0 0 0 0 0 0 0 0 0 0 0 0 0 0 0 0 0 0 0 0 0 0 0 0 0 0 0 0 0 0 0 0 0 0 0 0 0 0 0 0 0 0 0 0 0 0 0 0 0 0 0 0 0 0 0 0 0 0 0 0 0 0 0 0 0 0 0 0 0 0 0 0 0 0 0 0 0 0 0 0 0 0 0 0 0 0 0 0 0 0 0 0 0 0 0 0 0 0 0 0 0 0 0 0 0 0 0 0 0 0 0 0 0 0 0 0 0 0 0 0 0 0 0 0 0 0 0 0 0 0 0 0 0 0 0 0 0 0 0 0 0 0 0 0 0 0 0 0 0 0 0 0 0 0 0 0 0 0 0 0 0 0 0 0 0 0 0 0 0 0 0 0 0 0 0 0 0 0 0 0 0 0 0 0 0 0 0 0 0 0 0 0 0 0 0 0 0 0 0 0 0 0 0 0 0 0 0 0 0 0 0 0 0 0 0 0 0 0 0 0 0 0 0 0 0 0 0 0 0 0 0 0 0 0 0 0 0 0 0 0 0 0 0 0 0 0 0 0 0 0 0 0 0 0 0 0 0 0 0 0 0 0 0 0 0 0 0 0 0 0 0 0 0 0 0 0 0 0 0 0 0 0 0 0 0 0 0 0 0 0 0 0 0 0 0 0 0 0 0 0 0 0 0 0 0 0 0 0 0 0 0 0 0 0 0 0 0 0 0 0 0 0 0 0 0 0 0 0 0 0 0 0 0 0 0 0 0 0 0 0 0 0 0 0 0 0 0 0 0 0 0 0 0 0 0 0 0 0 0 0 0 0 0 0 0 0 0 0 0 0 0 0 0 0 0 0 0 0 0 0 0 0 0 0 0 0 0 0 0 0 0 0 0 0 0 0 0 0 0 0 0 0 0 0 0 0 0 0 0 0 0 0 0 0 0 0 0 0 0 0 0 0 0 0 0 0 0 0 0 0 0 0 0 0 0 0 0 0 0 0 0 0 0 0 0 0 0 0 0 0 0 0 0 0 0 0 0 0 0 0 0 0 0 0 0 0 0 0 0 0 0 0 0 0 0 0 0 0 0 0 0 0 0 0 0 0 0 0 0 0 0 0 0 0 0 0 0 0 0 0 0 0 0 0 0 0 0 0 0 0 0 0 0 0 0 0 0 0 0 0 0 0 0 0 0 0 0 0 0 0 0 0 0 0 0 0 0 0 0 0 0 0 0 0 0 0 0 0 0 0 0 0 0 0 0 0 0 0 0 0 0 0 0 0 0 0 0 0 0 0 0 0 0 0 0 0 0 0 0 0 0 0 0 0 0 0 0 0 0 0 0 0 0 0 0 0 0 0 0 0 0 0 0 0 0 0 0 0 0 0 0 0 0 0 0 0 0 0 0 0 0 0 0 0 0 0 0 0 0 0 0 0 0 0 0 0 0 0 0 0 0 0 0 0 0 0 0 0 0 0 0 0 0 0 0 0 0 0 0 0 0 0 0 0 0 0 0 0 0 0 0 0 0 0 0 0 0 0 0 0 0 0 0 0 0 0 0 0 0 0 0 0 0 0 0 0 0 0 0 0 0 0 0 0 0 0 0 0 0 0 0 0 0 0 0 0 0 0 0 0 0 0 0 0 0 0 0 0 0 0 0 0 0 0 0 0 0 0 0 0 0 0 0 0 0 0 0 0 0 0 0 0 0 0 0 0 0 0 0 0 0 0 0 0 0 0 0 0 0 0 0 0 0 0 0 0 0 0 0 0 0 0 0 0 0 0 0 0 0 0 0 0 0 0 0 0 0 0 0 0 0 0 0 0 0 0 0 0 0 0 0 0 0 0 0 0 0 0 0 0 0 0 0 0 0 0 0 0 0 0 0 0 0 0 0 0 0 0 0 0 0 0 0 0 0 0 0 0 0 0 0 0 0 0 0 0 0 0 0 0 0 0 0 0 0 0 0 0 0 0 0 0 0 0 0 0 0 0
ctxt 2702046954
btime 1790630938
processes 176128
procs_running 14
procs_blocked 0
softirq 2487714668 73526 4382798 2751706 2419681512 202779 0 13555185 28212090 410 18854662
