Running 10s test @ http://127.0.0.1:18500/page
  16 threads and 128 connections
  Thread Stats   Avg      Stdev     Max   +/- Stdev
    Latency   572.61us  246.61us   2.16ms   72.25%
    Req/Sec    14.19k     3.78k   28.29k    71.65%
  Latency Distribution
     50%  646.00us
     75%  773.00us
     90%  797.00us
     99%    1.54ms
  2275498 requests in 10.10s, 21.92GB read
Requests/sec: 225309.46
Transfer/sec:      2.17GB
## server-stat
cpu  1870702 690 987125 16888130 37408 0 436701 0 0 0
cpu0 62965 13 27390 536306 931 0 13115 0 0 0
cpu1 65585 15 28035 535310 696 0 13212 0 0 0
cpu2 66533 12 28170 534590 450 0 13361 0 0 0
cpu3 77396 15 33488 512361 1219 0 18504 0 0 0
cpu4 81009 15 33360 509746 741 0 18334 0 0 0
cpu5 68583 14 28513 532133 442 0 13398 0 0 0
cpu6 69333 13 29105 530136 422 0 14225 0 0 0
cpu7 67651 10 29100 531912 260 0 14037 0 0 0
cpu8 36808 21 29455 546319 1226 0 8419 0 0 0
cpu9 41569 24 30802 534841 2675 0 8940 0 0 0
cpu10 40384 23 30420 538539 1360 0 8953 0 0 0
cpu11 37742 20 28905 547256 805 0 8330 0 0 0
cpu12 59339 94 31669 516278 3489 0 9384 0 0 0
cpu13 57891 26 31952 517392 2907 0 9583 0 0 0
cpu14 37282 18 28313 550054 1003 0 8152 0 0 0
cpu15 35108 20 26533 556917 806 0 7464 0 0 0
cpu16 77061 10 32400 516801 489 0 16703 0 0 0
cpu17 74336 10 31720 519776 1383 0 16069 0 0 0
cpu18 72989 11 31313 522943 308 0 15713 0 0 0
cpu19 89147 12 37158 494912 733 0 21013 0 0 0
cpu20 85864 13 36967 498398 773 0 21255 0 0 0
cpu21 72057 11 31015 523567 671 0 15706 0 0 0
cpu22 68468 12 30085 527895 438 0 14762 0 0 0
cpu23 66020 13 29349 532651 514 0 14287 0 0 0
cpu24 40456 23 29680 545353 1089 0 8900 0 0 0
cpu25 44176 28 32292 532428 1927 0 10277 0 0 0
cpu26 42784 23 31779 535689 1523 0 9990 0 0 0
cpu27 36438 14 28425 536958 1318 0 16655 0 0 0
cpu28 59058 38 34787 498385 2466 0 21195 0 0 0
cpu29 61729 77 35604 493006 2444 0 21432 0 0 0
cpu30 35754 15 29224 534266 1030 0 16467 0 0 0
cpu31 39173 15 30103 544997 855 0 8851 0 0 0
intr 1890896573 126 0 0 0 0 0 0 0 0 1 0 0 0 0 0 0 0 0 0 0 0 0 0 0 0 0 0 1 1 1 0 0 0 0 1 0 1 0 0 75045 0 0 0 0 0 0 0 0 411 0 0 0 0 0 0 0 0 87 0 0 0 0 0 0 0 0 0 0 0 0 0 0 0 194035 2 34996513 34934972 34864364 35000732 0 5407 2503 3083 1670 3129 2687 2109 2627 1544 10780 19238 11004 8715 14177 15504 11624 7740 2918 1883 1557 2595 2282 2002 1703 1703 9272 7972 5750 6319 7143 6658 6549 8315 0 0 0 0 616440 3345 1036 0 264 0 0 0 0 0 0 0 0 0 0 0 0 0 0 0 0 0 0 0 0 0 0 0 0 0 0 0 0 0 0 0 0 0 0 0 0 0 0 0 0 0 0 0 0 0 0 0 0 0 0 0 0 0 0 0 0 0 0 0 0 0 0 0 0 0 0 0 0 0 0 0 0 0 0 0 0 0 0 0 0 0 0 0 0 0 0 0 0 0 0 0 0 0 0 0 0 0 0 0 0 0 0 0 0 0 0 0 0 0 0 0 0 0 0 0 0 0 0 0 0 0 0 0 0 0 0 0 0 0 0 0 0 0 0 0 0 0 0 0 0 0 0 0 0 0 0 0 0 0 0 0 0 0 0 0 0 0 0 0 0 0 0 0 0 0 0 0 0 0 0 0 0 0 0 0 0 0 0 0 0 0 0 0 0 0 0 0 0 0 0 0 0 0 0 0 0 0 0 0 0 0 0 0 0 0 0 0 0 0 0 0 0 0 0 0 0 0 0 0 0 0 0 0 0 0 0 0 0 0 0 0 0 0 0 0 0 0 0 0 0 0 0 0 0 0 0 0 0 0 0 0 0 0 0 0 0 0 0 0 0 0 0 0 0 0 0 0 0 0 0 0 0 0 0 0 0 0 0 0 0 0 0 0 0 0 0 0 0 0 0 0 0 0 0 0 0 0 0 0 0 0 0 0 0 0 0 0 0 0 0 0 0 0 0 0 0 0 0 0 0 0 0 0 0 0 0 0 0 0 0 0 0 0 0 0 0 0 0 0 0 0 0 0 0 0 0 0 0 0 0 0 0 0 0 0 0 0 0 0 0 0 0 0 0 0 0 0 0 0 0 0 0 0 0 0 0 0 0 0 0 0 0 0 0 0 0 0 0 0 0 0 0 0 0 0 0 0 0 0 0 0 0 0 0 0 0 0 0 0 0 0 0 0 0 0 0 0 0 0 0 0 0 0 0 0 0 0 0 0 0 0 0 0 0 0 0 0 0 0 0 0 0 0 0 0 0 0 0 0 0 0 0 0 0 0 0 0 0 0 0 0 0 0 0 0 0 0 0 0 0 0 0 0 0 0 0 0 0 0 0 0 0 0 0 0 0 0 0 0 0 0 0 0 0 0 0 0 0 0 0 0 0 0 0 0 0 0 0 0 0 0 0 0 0 0 0 0 0 0 0 0 0 0 0 0 0 0 0 0 0 0 0 0 0 0 0 0 0 0 0 0 0 0 0 0 0 0 0 0 0 0 0 0 0 0 0 0 0 0 0 0 0 0 0 0 0 0 0 0 0 0 0 0 0 0 0 0 0 0 0 0 0 0 0 0 0 0 0 0 0 0 0 0 0 0 0 0 0 0 0 0 0 0 0 0 0 0 0 0 0 0 0 0 0 0 0 0 0 0 0 0 0 0 0 0 0 0 0 0 0 0 0 0 0 0 0 0 0 0 0 0 0 0 0 0 0 0 0 0 0 0 0 0 0 0 0 0 0 0 0 0 0 0 0 0 0 0 0 0 0 0 0 0 0 0 0 0 0 0 0 0 0 0 0 0 0 0 0 0 0 0 0 0 0 0 0 0 0 0 0 0 0 0 0 0 0 0 0 0 0 0 0 0 0 0 0 0 0 0 0 0 0 0 0 0 0 0 0 0 0 0 0 0 0 0 0 0 0 0 0 0 0 0 0 0 0 0 0 0 0 0 0 0 0 0 0 0 0 0 0 0 0 0 0 0 0 0 0 0 0 0 0 0 0 0 0 0 0 0 0 0 0 0 0 0 0 0 0 0 0 0 0 0 0 0 0 0 0 0 0 0 0 0 0 0 0 0 0 0 0 0 0 0 0 0 0 0 0 0 0 0 0 0 0 0 0 0 0 0 0 0 0 0 0 0 0 0 0 0 0 0 0 0 0 0 0 0 0 0 0 0 0 0 0 0 0 0 0 0 0 0 0 0 0 0 0 0 0 0 0 0 0 0 0 0 0 0 0 0 0 0 0 0 0 0 0 0 0 0 0 0 0 0 0 0 0 0 0 0 0 0 0 0 0 0 0 0 0 0 0 0 0 0 0 0 0 0 0 0 0 0 0 0 0 0 0 0 0 0 0 0 0 0 0 0 0 0 0 0 0 0 0 0 0 0 0 0 0 0 0 0 0 0 0 0 0 0 0 0 0 0 0 0 0 0 0 0 0 0 0 0 0 0 0 0 0 0 0 0 0 0 0 0 0 0 0 0 0 0 0 0 0 0 0 0 0 0 0 0 0 0 0 0 0 0 0 0 0 0 0 0 0 0 0 0 0 0 0 0 0 0 0 0 0 0 0 0 0 0 0 0 0 0 0 0 0 0 0 0 0 0 0 0 0 0 0 0 0 0 0 0 0 0 0 0 0 0 0 0 0 0 0 0 0 0 0 0 0 0 0 0 0 0 0 0 0 0 0 0 0 0 0 0 0 0 0 0 0 0 0 0 0 0 0 0 0 0 0 0 0 0 0
ctxt 2684292495
btime 1790630938
processes 175572
procs_running 12
procs_blocked 0
softirq 2461477183 73526 4344903 2751704 2393627259 202367 0 13555180 28149995 410 18771839
--
cpu  1875509 690 988478 16905230 37414 0 437718 0 0 0
cpu0 63334 13 27470 536587 931 0 13178 0 0 0
cpu1 66163 15 28153 535314 696 0 13312 0 0 0
cpu2 66624 12 28186 535261 450 0 13374 0 0 0
cpu3 77664 15 33540 512789 1219 0 18552 0 0 0
cpu4 81009 15 33360 510544 741 0 18334 0 0 0
cpu5 68966 14 28595 532399 442 0 13467 0 0 0
cpu6 69604 13 29162 530560 422 0 14272 0 0 0
cpu7 68229 10 29222 531912 260 0 14138 0 0 0
cpu8 36814 21 29478 546998 1226 0 8432 0 0 0
cpu9 41580 24 30829 535501 2678 0 8956 0 0 0
cpu10 40394 23 30444 539204 1360 0 8967 0 0 0
cpu11 37749 20 28929 547932 805 0 8340 0 0 0
cpu12 59349 94 31701 516934 3489 0 9403 0 0 0
cpu13 57900 26 31986 518047 2907 0 9598 0 0 0
cpu14 37289 18 28334 550737 1003 0 8166 0 0 0
cpu15 35112 20 26553 557606 806 0 7475 0 0 0
cpu16 77271 10 32442 517313 489 0 16738 0 0 0
cpu17 74340 10 31721 520570 1383 0 16070 0 0 0
cpu18 73522 11 31395 523061 308 0 15780 0 0 0
cpu19 89458 12 37220 495280 733 0 21071 0 0 0
cpu20 86439 13 37086 498398 773 0 21360 0 0 0
cpu21 72245 11 31060 524100 671 0 15739 0 0 0
cpu22 68774 12 30149 528270 438 0 14817 0 0 0
cpu23 66021 13 29350 533450 514 0 14287 0 0 0
cpu24 40463 23 29701 546041 1090 0 8912 0 0 0
cpu25 44186 28 32321 533090 1927 0 10293 0 0 0
cpu26 42792 23 31805 536354 1523 0 10004 0 0 0
cpu27 36445 14 28447 537640 1318 0 16667 0 0 0
cpu28 59075 38 34818 499038 2466 0 21211 0 0 0
cpu29 61744 77 35636 493659 2444 0 21448 0 0 0
cpu30 35761 15 29246 534947 1030 0 16481 0 0 0
cpu31 39178 15 30126 545680 855 0 8862 0 0 0
intr 1893203687 126 0 0 0 0 0 0 0 0 1 0 0 0 0 0 0 0 0 0 0 0 0 0 0 0 0 0 1 1 1 0 0 0 0 1 0 1 0 0 75045 0 0 0 0 0 0 0 0 411 0 0 0 0 0 0 0 0 87 0 0 0 0 0 0 0 0 0 0 0 0 0 0 0 194158 2 34996522 34934982 34864378 35000751 0 5415 2503 3083 1670 3129 2687 2109 2627 1544 10780 19239 11006 8721 14177 15505 11624 7740 2918 1883 1557 2595 2282 2002 1703 1703 9273 7972 5751 6320 7178 6681 6553 8315 0 0 0 0 616444 3345 1036 0 264 0 0 0 0 0 0 0 0 0 0 0 0 0 0 0 0 0 0 0 0 0 0 0 0 0 0 0 0 0 0 0 0 0 0 0 0 0 0 0 0 0 0 0 0 0 0 0 0 0 0 0 0 0 0 0 0 0 0 0 0 0 0 0 0 0 0 0 0 0 0 0 0 0 0 0 0 0 0 0 0 0 0 0 0 0 0 0 0 0 0 0 0 0 0 0 0 0 0 0 0 0 0 0 0 0 0 0 0 0 0 0 0 0 0 0 0 0 0 0 0 0 0 0 0 0 0 0 0 0 0 0 0 0 0 0 0 0 0 0 0 0 0 0 0 0 0 0 0 0 0 0 0 0 0 0 0 0 0 0 0 0 0 0 0 0 0 0 0 0 0 0 0 0 0 0 0 0 0 0 0 0 0 0 0 0 0 0 0 0 0 0 0 0 0 0 0 0 0 0 0 0 0 0 0 0 0 0 0 0 0 0 0 0 0 0 0 0 0 0 0 0 0 0 0 0 0 0 0 0 0 0 0 0 0 0 0 0 0 0 0 0 0 0 0 0 0 0 0 0 0 0 0 0 0 0 0 0 0 0 0 0 0 0 0 0 0 0 0 0 0 0 0 0 0 0 0 0 0 0 0 0 0 0 0 0 0 0 0 0 0 0 0 0 0 0 0 0 0 0 0 0 0 0 0 0 0 0 0 0 0 0 0 0 0 0 0 0 0 0 0 0 0 0 0 0 0 0 0 0 0 0 0 0 0 0 0 0 0 0 0 0 0 0 0 0 0 0 0 0 0 0 0 0 0 0 0 0 0 0 0 0 0 0 0 0 0 0 0 0 0 0 0 0 0 0 0 0 0 0 0 0 0 0 0 0 0 0 0 0 0 0 0 0 0 0 0 0 0 0 0 0 0 0 0 0 0 0 0 0 0 0 0 0 0 0 0 0 0 0 0 0 0 0 0 0 0 0 0 0 0 0 0 0 0 0 0 0 0 0 0 0 0 0 0 0 0 0 0 0 0 0 0 0 0 0 0 0 0 0 0 0 0 0 0 0 0 0 0 0 0 0 0 0 0 0 0 0 0 0 0 0 0 0 0 0 0 0 0 0 0 0 0 0 0 0 0 0 0 0 0 0 0 0 0 0 0 0 0 0 0 0 0 0 0 0 0 0 0 0 0 0 0 0 0 0 0 0 0 0 0 0 0 0 0 0 0 0 0 0 0 0 0 0 0 0 0 0 0 0 0 0 0 0 0 0 0 0 0 0 0 0 0 0 0 0 0 0 0 0 0 0 0 0 0 0 0 0 0 0 0 0 0 0 0 0 0 0 0 0 0 0 0 0 0 0 0 0 0 0 0 0 0 0 0 0 0 0 0 0 0 0 0 0 0 0 0 0 0 0 0 0 0 0 0 0 0 0 0 0 0 0 0 0 0 0 0 0 0 0 0 0 0 0 0 0 0 0 0 0 0 0 0 0 0 0 0 0 0 0 0 0 0 0 0 0 0 0 0 0 0 0 0 0 0 0 0 0 0 0 0 0 0 0 0 0 0 0 0 0 0 0 0 0 0 0 0 0 0 0 0 0 0 0 0 0 0 0 0 0 0 0 0 0 0 0 0 0 0 0 0 0 0 0 0 0 0 0 0 0 0 0 0 0 0 0 0 0 0 0 0 0 0 0 0 0 0 0 0 0 0 0 0 0 0 0 0 0 0 0 0 0 0 0 0 0 0 0 0 0 0 0 0 0 0 0 0 0 0 0 0 0 0 0 0 0 0 0 0 0 0 0 0 0 0 0 0 0 0 0 0 0 0 0 0 0 0 0 0 0 0 0 0 0 0 0 0 0 0 0 0 0 0 0 0 0 0 0 0 0 0 0 0 0 0 0 0 0 0 0 0 0 0 0 0 0 0 0 0 0 0 0 0 0 0 0 0 0 0 0 0 0 0 0 0 0 0 0 0 0 0 0 0 0 0 0 0 0 0 0 0 0 0 0 0 0 0 0 0 0 0 0 0 0 0 0 0 0 0 0 0 0 0 0 0 0 0 0 0 0 0 0 0 0 0 0 0 0 0 0 0 0 0 0 0 0 0 0 0 0 0 0 0 0 0 0 0 0 0 0 0 0 0 0 0 0 0 0 0 0 0 0 0 0 0 0 0 0 0 0 0 0 0 0 0 0 0 0 0 0 0 0 0 0 0 0 0 0 0 0 0 0 0 0 0 0 0 0 0 0 0 0 0 0 0 0 0 0 0 0 0 0 0 0 0 0 0 0 0 0 0 0 0 0 0 0 0 0 0 0 0 0 0 0 0 0 0 0 0 0 0 0 0 0 0 0 0 0 0 0 0 0 0 0 0 0 0 0 0 0 0 0 0 0 0 0 0 0 0 0 0 0 0 0 0 0 0 0 0 0 0 0 0 0 0 0 0 0 0 0 0 0 0 0 0 0 0 0 0 0 0 0 0 0 0 0 0 0 0 0 0 0 0
ctxt 2688599154
btime 1790630938
processes 175641
procs_running 10
procs_blocked 1
softirq 2468749093 73526 4371213 2751704 2400828080 202499 0 13555180 28167716 410 18798765
