Running 10s test @ http://127.0.0.1:18500/
  16 threads and 32 connections
  Thread Stats   Avg      Stdev     Max   +/- Stdev
    Latency    93.78us   24.77us 355.00us   93.25%
    Req/Sec    21.41k     3.59k   27.14k    59.41%
  Latency Distribution
     50%   97.00us
     75%  100.00us
     90%  104.00us
     99%  201.00us
  3442446 requests in 10.10s, 426.79MB read
Requests/sec: 340842.28
Transfer/sec:     42.26MB
## server-stat
cpu  1740746 653 896588 15860006 36248 0 377134 0 0 0
cpu0 58033 12 25258 502747 876 0 11539 0 0 0
cpu1 59645 14 25861 502431 692 0 11679 0 0 0
cpu2 59755 12 25286 503916 428 0 11191 0 0 0
cpu3 70984 14 30730 481220 1218 0 16355 0 0 0
cpu4 71620 14 29747 482983 738 0 15556 0 0 0
cpu5 61880 14 25888 500893 438 0 11461 0 0 0
cpu6 61339 12 25957 501152 419 0 11832 0 0 0
cpu7 59049 10 25190 504956 257 0 11012 0 0 0
cpu8 36416 19 27166 510658 1173 0 7359 0 0 0
cpu9 41135 22 28379 499865 2621 0 7814 0 0 0
cpu10 39965 21 28076 503289 1353 0 7865 0 0 0
cpu11 37381 18 26750 511262 768 0 7328 0 0 0
cpu12 58568 92 29277 481476 3466 0 8223 0 0 0
cpu13 57101 25 29545 482718 2845 0 8422 0 0 0
cpu14 36928 16 26253 513704 966 0 7161 0 0 0
cpu15 34790 19 24567 520116 763 0 6521 0 0 0
cpu16 67742 9 28457 490762 446 0 13465 0 0 0
cpu17 66087 10 27748 492701 1317 0 12858 0 0 0
cpu18 65700 10 28015 493581 306 0 13104 0 0 0
cpu19 77043 11 31837 474263 730 0 16553 0 0 0
cpu20 76908 13 32545 473050 757 0 17436 0 0 0
cpu21 64535 10 27493 494935 647 0 12869 0 0 0
cpu22 62418 11 27103 496823 400 0 12344 0 0 0
cpu23 60878 13 27125 499263 444 0 12619 0 0 0
cpu24 40068 22 27499 509163 1061 0 7874 0 0 0
cpu25 43664 25 29873 497321 1888 0 9106 0 0 0
cpu26 42331 22 29395 500464 1457 0 8856 0 0 0
cpu27 36065 12 26260 500968 1245 0 15605 0 0 0
cpu28 57952 35 31907 465165 2327 0 19855 0 0 0
cpu29 60628 74 32666 459986 2354 0 20077 0 0 0
cpu30 35341 14 26920 498909 1008 0 15401 0 0 0
cpu31 38784 14 27802 509252 827 0 7782 0 0 0
intr 1734305203 126 0 0 0 0 0 0 0 0 1 0 0 0 0 0 0 0 0 0 0 0 0 0 0 0 0 0 1 1 1 0 0 0 0 1 0 1 0 0 75045 0 0 0 0 0 0 0 0 411 0 0 0 0 0 0 0 0 87 0 0 0 0 0 0 0 0 0 0 0 0 0 0 0 184368 2 34994998 34933450 34861344 34997159 0 5057 2488 2975 1665 3123 2683 2100 2604 1528 10667 19118 10962 8658 13907 15409 11604 7667 2916 1872 1546 2547 2281 1998 1696 1680 9238 7884 5691 6249 7071 6541 6503 8199 0 0 0 0 616412 3284 1036 0 264 0 0 0 0 0 0 0 0 0 0 0 0 0 0 0 0 0 0 0 0 0 0 0 0 0 0 0 0 0 0 0 0 0 0 0 0 0 0 0 0 0 0 0 0 0 0 0 0 0 0 0 0 0 0 0 0 0 0 0 0 0 0 0 0 0 0 0 0 0 0 0 0 0 0 0 0 0 0 0 0 0 0 0 0 0 0 0 0 0 0 0 0 0 0 0 0 0 0 0 0 0 0 0 0 0 0 0 0 0 0 0 0 0 0 0 0 0 0 0 0 0 0 0 0 0 0 0 0 0 0 0 0 0 0 0 0 0 0 0 0 0 0 0 0 0 0 0 0 0 0 0 0 0 0 0 0 0 0 0 0 0 0 0 0 0 0 0 0 0 0 0 0 0 0 0 0 0 0 0 0 0 0 0 0 0 0 0 0 0 0 0 0 0 0 0 0 0 0 0 0 0 0 0 0 0 0 0 0 0 0 0 0 0 0 0 0 0 0 0 0 0 0 0 0 0 0 0 0 0 0 0 0 0 0 0 0 0 0 0 0 0 0 0 0 0 0 0 0 0 0 0 0 0 0 0 0 0 0 0 0 0 0 0 0 0 0 0 0 0 0 0 0 0 0 0 0 0 0 0 0 0 0 0 0 0 0 0 0 0 0 0 0 0 0 0 0 0 0 0 0 0 0 0 0 0 0 0 0 0 0 0 0 0 0 0 0 0 0 0 0 0 0 0 0 0 0 0 0 0 0 0 0 0 0 0 0 0 0 0 0 0 0 0 0 0 0 0 0 0 0 0 0 0 0 0 0 0 0 0 0 0 0 0 0 0 0 0 0 0 0 0 0 0 0 0 0 0 0 0 0 0 0 0 0 0 0 0 0 0 0 0 0 0 0 0 0 0 0 0 0 0 0 0 0 0 0 0 0 0 0 0 0 0 0 0 0 0 0 0 0 0 0 0 0 0 0 0 0 0 0 0 0 0 0 0 0 0 0 0 0 0 0 0 0 0 0 0 0 0 0 0 0 0 0 0 0 0 0 0 0 0 0 0 0 0 0 0 0 0 0 0 0 0 0 0 0 0 0 0 0 0 0 0 0 0 0 0 0 0 0 0 0 0 0 0 0 0 0 0 0 0 0 0 0 0 0 0 0 0 0 0 0 0 0 0 0 0 0 0 0 0 0 0 0 0 0 0 0 0 0 0 0 0 0 0 0 0 0 0 0 0 0 0 0 0 0 0 0 0 0 0 0 0 0 0 0 0 0 0 0 0 0 0 0 0 0 0 0 0 0 0 0 0 0 0 0 0 0 0 0 0 0 0 0 0 0 0 0 0 0 0 0 0 0 0 0 0 0 0 0 0 0 0 0 0 0 0 0 0 0 0 0 0 0 0 0 0 0 0 0 0 0 0 0 0 0 0 0 0 0 0 0 0 0 0 0 0 0 0 0 0 0 0 0 0 0 0 0 0 0 0 0 0 0 0 0 0 0 0 0 0 0 0 0 0 0 0 0 0 0 0 0 0 0 0 0 0 0 0 0 0 0 0 0 0 0 0 0 0 0 0 0 0 0 0 0 0 0 0 0 0 0 0 0 0 0 0 0 0 0 0 0 0 0 0 0 0 0 0 0 0 0 0 0 0 0 0 0 0 0 0 0 0 0 0 0 0 0 0 0 0 0 0 0 0 0 0 0 0 0 0 0 0 0 0 0 0 0 0 0 0 0 0 0 0 0 0 0 0 0 0 0 0 0 0 0 0 0 0 0 0 0 0 0 0 0 0 0 0 0 0 0 0 0 0 0 0 0 0 0 0 0 0 0 0 0 0 0 0 0 0 0 0 0 0 0 0 0 0 0 0 0 0 0 0 0 0 0 0 0 0 0 0 0 0 0 0 0 0 0 0 0 0 0 0 0 0 0 0 0 0 0 0 0 0 0 0 0 0 0 0 0 0 0 0 0 0 0 0 0 0 0 0 0 0 0 0 0 0 0 0 0 0 0 0 0 0 0 0 0 0 0 0 0 0 0 0 0 0 0 0 0 0 0 0 0 0 0 0 0 0 0 0 0 0 0 0 0 0 0 0 0 0 0 0 0 0 0 0 0 0 0 0 0 0 0 0 0 0 0 0 0 0 0 0 0 0 0 0 0 0 0 0 0 0 0 0 0 0 0 0 0 0 0 0 0 0 0 0 0 0 0 0 0 0 0 0 0 0 0 0 0 0 0 0 0 0 0 0 0 0 0 0 0 0 0 0 0 0 0 0 0 0 0 0 0 0 0 0 0 0 0 0 0 0 0 0 0 0 0 0 0 0 0 0 0 0 0 0 0 0 0 0 0 0 0 0 0 0 0 0 0 0 0 0 0 0 0 0 0 0 0 0 0 0 0 0 0 0 0 0 0 0 0 0 0 0 0 0 0 0 0 0 0 0 0 0 0 0 0 0 0 0 0 0 0 0 0 0 0 0 0 0 0 0 0 0 0 0 0 0 0
ctxt 2391484735
btime 1790630938
processes 166620
procs_running 5
procs_blocked 0
softirq 2103144731 73526 4093031 2751641 2038807375 192201 0 13554946 26288948 410 17382653
--
cpu  1741252 653 897247 15882023 36276 0 377884 0 0 0
cpu0 58034 12 25259 503535 876 0 11540 0 0 0
cpu1 59646 14 25861 503229 692 0 11679 0 0 0
cpu2 59755 12 25286 504714 428 0 11191 0 0 0
cpu3 71087 14 30859 481626 1218 0 16516 0 0 0
cpu4 71703 14 29862 483461 738 0 15679 0 0 0
cpu5 61880 14 25888 501692 438 0 11461 0 0 0
cpu6 61339 12 25957 501951 420 0 11832 0 0 0
cpu7 59049 10 25190 505755 257 0 11012 0 0 0
cpu8 36418 19 27170 511365 1173 0 7361 0 0 0
cpu9 41139 22 28388 500526 2621 0 7826 0 0 0
cpu10 39971 21 28083 503957 1353 0 7871 0 0 0
cpu11 37385 18 26755 511948 768 0 7333 0 0 0
cpu12 58573 92 29289 482111 3466 0 8233 0 0 0
cpu13 57108 25 29553 483349 2845 0 8433 0 0 0
cpu14 36930 16 26259 514391 966 0 7165 0 0 0
cpu15 34791 19 24572 520813 763 0 6525 0 0 0
cpu16 67750 9 28457 491547 452 0 13465 0 0 0
cpu17 66089 10 27748 493484 1331 0 12858 0 0 0
cpu18 65700 10 28016 494378 307 0 13104 0 0 0
cpu19 77143 11 31972 474657 730 0 16723 0 0 0
cpu20 77030 13 32709 473372 757 0 17628 0 0 0
cpu21 64536 10 27493 495734 647 0 12869 0 0 0
cpu22 62419 11 27103 497622 400 0 12344 0 0 0
cpu23 60878 13 27125 500062 444 0 12619 0 0 0
cpu24 40072 22 27506 509870 1061 0 7878 0 0 0
cpu25 43673 25 29880 497992 1888 0 9112 0 0 0
cpu26 42337 22 29401 501139 1457 0 8861 0 0 0
cpu27 36068 12 26266 501683 1245 0 15608 0 0 0
cpu28 57963 35 31918 465793 2333 0 19864 0 0 0
cpu29 60639 74 32679 460629 2354 0 20089 0 0 0
cpu30 35345 14 26925 499625 1008 0 15406 0 0 0
cpu31 38787 14 27805 509997 827 0 7785 0 0 0
intr 1736920920 126 0 0 0 0 0 0 0 0 1 0 0 0 0 0 0 0 0 0 0 0 0 0 0 0 0 0 1 1 1 0 0 0 0 1 0 1 0 0 75045 0 0 0 0 0 0 0 0 411 0 0 0 0 0 0 0 0 87 0 0 0 0 0 0 0 0 0 0 0 0 0 0 0 184662 2 34995026 34933483 34861414 34997235 0 5061 2488 2975 1665 3123 2683 2100 2610 1528 10667 19118 10962 8658 13907 15409 11604 7667 2916 1873 1546 2547 2281 1999 1696 1680 9238 7884 5691 6249 7072 6543 6503 8199 0 0 0 0 616412 3284 1036 0 264 0 0 0 0 0 0 0 0 0 0 0 0 0 0 0 0 0 0 0 0 0 0 0 0 0 0 0 0 0 0 0 0 0 0 0 0 0 0 0 0 0 0 0 0 0 0 0 0 0 0 0 0 0 0 0 0 0 0 0 0 0 0 0 0 0 0 0 0 0 0 0 0 0 0 0 0 0 0 0 0 0 0 0 0 0 0 0 0 0 0 0 0 0 0 0 0 0 0 0 0 0 0 0 0 0 0 0 0 0 0 0 0 0 0 0 0 0 0 0 0 0 0 0 0 0 0 0 0 0 0 0 0 0 0 0 0 0 0 0 0 0 0 0 0 0 0 0 0 0 0 0 0 0 0 0 0 0 0 0 0 0 0 0 0 0 0 0 0 0 0 0 0 0 0 0 0 0 0 0 0 0 0 0 0 0 0 0 0 0 0 0 0 0 0 0 0 0 0 0 0 0 0 0 0 0 0 0 0 0 0 0 0 0 0 0 0 0 0 0 0 0 0 0 0 0 0 0 0 0 0 0 0 0 0 0 0 0 0 0 0 0 0 0 0 0 0 0 0 0 0 0 0 0 0 0 0 0 0 0 0 0 0 0 0 0 0 0 0 0 0 0 0 0 0 0 0 0 0 0 0 0 0 0 0 0 0 0 0 0 0 0 0 0 0 0 0 0 0 0 0 0 0 0 0 0 0 0 0 0 0 0 0 0 0 0 0 0 0 0 0 0 0 0 0 0 0 0 0 0 0 0 0 0 0 0 0 0 0 0 0 0 0 0 0 0 0 0 0 0 0 0 0 0 0 0 0 0 0 0 0 0 0 0 0 0 0 0 0 0 0 0 0 0 0 0 0 0 0 0 0 0 0 0 0 0 0 0 0 0 0 0 0 0 0 0 0 0 0 0 0 0 0 0 0 0 0 0 0 0 0 0 0 0 0 0 0 0 0 0 0 0 0 0 0 0 0 0 0 0 0 0 0 0 0 0 0 0 0 0 0 0 0 0 0 0 0 0 0 0 0 0 0 0 0 0 0 0 0 0 0 0 0 0 0 0 0 0 0 0 0 0 0 0 0 0 0 0 0 0 0 0 0 0 0 0 0 0 0 0 0 0 0 0 0 0 0 0 0 0 0 0 0 0 0 0 0 0 0 0 0 0 0 0 0 0 0 0 0 0 0 0 0 0 0 0 0 0 0 0 0 0 0 0 0 0 0 0 0 0 0 0 0 0 0 0 0 0 0 0 0 0 0 0 0 0 0 0 0 0 0 0 0 0 0 0 0 0 0 0 0 0 0 0 0 0 0 0 0 0 0 0 0 0 0 0 0 0 0 0 0 0 0 0 0 0 0 0 0 0 0 0 0 0 0 0 0 0 0 0 0 0 0 0 0 0 0 0 0 0 0 0 0 0 0 0 0 0 0 0 0 0 0 0 0 0 0 0 0 0 0 0 0 0 0 0 0 0 0 0 0 0 0 0 0 0 0 0 0 0 0 0 0 0 0 0 0 0 0 0 0 0 0 0 0 0 0 0 0 0 0 0 0 0 0 0 0 0 0 0 0 0 0 0 0 0 0 0 0 0 0 0 0 0 0 0 0 0 0 0 0 0 0 0 0 0 0 0 0 0 0 0 0 0 0 0 0 0 0 0 0 0 0 0 0 0 0 0 0 0 0 0 0 0 0 0 0 0 0 0 0 0 0 0 0 0 0 0 0 0 0 0 0 0 0 0 0 0 0 0 0 0 0 0 0 0 0 0 0 0 0 0 0 0 0 0 0 0 0 0 0 0 0 0 0 0 0 0 0 0 0 0 0 0 0 0 0 0 0 0 0 0 0 0 0 0 0 0 0 0 0 0 0 0 0 0 0 0 0 0 0 0 0 0 0 0 0 0 0 0 0 0 0 0 0 0 0 0 0 0 0 0 0 0 0 0 0 0 0 0 0 0 0 0 0 0 0 0 0 0 0 0 0 0 0 0 0 0 0 0 0 0 0 0 0 0 0 0 0 0 0 0 0 0 0 0 0 0 0 0 0 0 0 0 0 0 0 0 0 0 0 0 0 0 0 0 0 0 0 0 0 0 0 0 0 0 0 0 0 0 0 0 0 0 0 0 0 0 0 0 0 0 0 0 0 0 0 0 0 0 0 0 0 0 0 0 0 0 0 0 0 0 0 0 0 0 0 0 0 0 0 0 0 0 0 0 0 0 0 0 0 0 0 0 0 0 0 0 0 0 0 0 0 0 0 0 0 0 0 0 0 0 0 0 0 0 0 0 0 0 0 0 0 0 0 0 0 0 0 0 0 0 0 0 0 0 0 0 0 0 0 0 0 0 0 0 0 0 0 0 0 0 0 0 0 0 0 0 0 0 0 0 0 0 0 0 0 0 0 0 0 0 0 0 0 0 0 0 0 0 0 0 0 0 0 0 0 0 0 0 0 0 0 0 0 0 0 0 0 0 0 0 0 0 0 0 0 0 0 0 0 0 0
ctxt 2396592172
btime 1790630938
processes 166674
procs_running 6
procs_blocked 0
softirq 2108618461 73526 4096486 2751641 2044254872 192507 0 13554946 26302051 410 17392022
