Running 10s test @ http://127.0.0.1:18500/
  16 threads and 32 connections
  Thread Stats   Avg      Stdev     Max   +/- Stdev
    Latency    87.20us   41.92us   1.72ms   83.15%
    Req/Sec    23.50k   242.05    24.16k    66.83%
  Latency Distribution
     50%   78.00us
     75%   98.00us
     90%  133.00us
     99%  234.00us
  3777827 requests in 10.10s, 619.68MB read
Requests/sec: 374049.80
Transfer/sec:     61.36MB
## server-stat
cpu  1719369 642 887738 15555043 36009 0 370701 0 0 0
cpu0 57066 12 24988 493211 876 0 11384 0 0 0
cpu1 58716 14 25606 492786 691 0 11524 0 0 0
cpu2 58850 11 25037 494229 428 0 11042 0 0 0
cpu3 68327 14 29389 475420 1218 0 15127 0 0 0
cpu4 68923 14 28603 476796 737 0 14540 0 0 0
cpu5 60995 14 25627 491195 438 0 11311 0 0 0
cpu6 60486 12 25698 491407 417 0 11686 0 0 0
cpu7 58221 10 24945 495162 257 0 10870 0 0 0
cpu8 36379 18 27072 500397 1172 0 7298 0 0 0
cpu9 41076 22 28248 489862 2619 0 7729 0 0 0
cpu10 39916 21 27953 493296 1345 0 7784 0 0 0
cpu11 37351 17 26652 501045 767 0 7265 0 0 0
cpu12 58407 92 29120 471786 3429 0 8126 0 0 0
cpu13 56955 24 29385 472997 2842 0 8323 0 0 0
cpu14 36901 16 26172 503408 966 0 7106 0 0 0
cpu15 34766 18 24497 509701 762 0 6474 0 0 0
cpu16 66689 9 28208 481238 411 0 13326 0 0 0
cpu17 65109 9 27485 483088 1317 0 12720 0 0 0
cpu18 64751 10 27756 483942 305 0 12958 0 0 0
cpu19 75120 11 31231 466251 730 0 16063 0 0 0
cpu20 74994 13 31743 465425 757 0 16744 0 0 0
cpu21 63630 10 27236 485245 646 0 12721 0 0 0
cpu22 61537 11 26844 487106 399 0 12199 0 0 0
cpu23 60012 12 26875 489517 443 0 12466 0 0 0
cpu24 40032 21 27405 498926 1043 0 7809 0 0 0
cpu25 43600 25 29751 487337 1832 0 9023 0 0 0
cpu26 42280 21 29281 490471 1419 0 8767 0 0 0
cpu27 36031 12 26161 490712 1244 0 15533 0 0 0
cpu28 57762 34 31739 455367 2310 0 19748 0 0 0
cpu29 60417 73 32473 450278 2342 0 19968 0 0 0
cpu30 35303 14 26823 488614 1007 0 15333 0 0 0
cpu31 38752 13 27722 498812 825 0 7721 0 0 0
intr 1702271246 126 0 0 0 0 0 0 0 0 1 0 0 0 0 0 0 0 0 0 0 0 0 0 0 0 0 0 1 1 1 0 0 0 0 1 0 1 0 0 75045 0 0 0 0 0 0 0 0 411 0 0 0 0 0 0 0 0 87 0 0 0 0 0 0 0 0 0 0 0 0 0 0 0 182229 2 34994620 34932900 34860374 34996198 0 4963 2488 2975 1664 3123 2680 2100 2591 1527 10660 19115 10923 8622 13869 15400 11599 7662 2789 1812 1546 2547 2278 1997 1696 1677 9238 7881 5688 6176 7017 6517 6492 8184 0 0 0 0 616404 3267 1036 0 264 0 0 0 0 0 0 0 0 0 0 0 0 0 0 0 0 0 0 0 0 0 0 0 0 0 0 0 0 0 0 0 0 0 0 0 0 0 0 0 0 0 0 0 0 0 0 0 0 0 0 0 0 0 0 0 0 0 0 0 0 0 0 0 0 0 0 0 0 0 0 0 0 0 0 0 0 0 0 0 0 0 0 0 0 0 0 0 0 0 0 0 0 0 0 0 0 0 0 0 0 0 0 0 0 0 0 0 0 0 0 0 0 0 0 0 0 0 0 0 0 0 0 0 0 0 0 0 0 0 0 0 0 0 0 0 0 0 0 0 0 0 0 0 0 0 0 0 0 0 0 0 0 0 0 0 0 0 0 0 0 0 0 0 0 0 0 0 0 0 0 0 0 0 0 0 0 0 0 0 0 0 0 0 0 0 0 0 0 0 0 0 0 0 0 0 0 0 0 0 0 0 0 0 0 0 0 0 0 0 0 0 0 0 0 0 0 0 0 0 0 0 0 0 0 0 0 0 0 0 0 0 0 0 0 0 0 0 0 0 0 0 0 0 0 0 0 0 0 0 0 0 0 0 0 0 0 0 0 0 0 0 0 0 0 0 0 0 0 0 0 0 0 0 0 0 0 0 0 0 0 0 0 0 0 0 0 0 0 0 0 0 0 0 0 0 0 0 0 0 0 0 0 0 0 0 0 0 0 0 0 0 0 0 0 0 0 0 0 0 0 0 0 0 0 0 0 0 0 0 0 0 0 0 0 0 0 0 0 0 0 0 0 0 0 0 0 0 0 0 0 0 0 0 0 0 0 0 0 0 0 0 0 0 0 0 0 0 0 0 0 0 0 0 0 0 0 0 0 0 0 0 0 0 0 0 0 0 0 0 0 0 0 0 0 0 0 0 0 0 0 0 0 0 0 0 0 0 0 0 0 0 0 0 0 0 0 0 0 0 0 0 0 0 0 0 0 0 0 0 0 0 0 0 0 0 0 0 0 0 0 0 0 0 0 0 0 0 0 0 0 0 0 0 0 0 0 0 0 0 0 0 0 0 0 0 0 0 0 0 0 0 0 0 0 0 0 0 0 0 0 0 0 0 0 0 0 0 0 0 0 0 0 0 0 0 0 0 0 0 0 0 0 0 0 0 0 0 0 0 0 0 0 0 0 0 0 0 0 0 0 0 0 0 0 0 0 0 0 0 0 0 0 0 0 0 0 0 0 0 0 0 0 0 0 0 0 0 0 0 0 0 0 0 0 0 0 0 0 0 0 0 0 0 0 0 0 0 0 0 0 0 0 0 0 0 0 0 0 0 0 0 0 0 0 0 0 0 0 0 0 0 0 0 0 0 0 0 0 0 0 0 0 0 0 0 0 0 0 0 0 0 0 0 0 0 0 0 0 0 0 0 0 0 0 0 0 0 0 0 0 0 0 0 0 0 0 0 0 0 0 0 0 0 0 0 0 0 0 0 0 0 0 0 0 0 0 0 0 0 0 0 0 0 0 0 0 0 0 0 0 0 0 0 0 0 0 0 0 0 0 0 0 0 0 0 0 0 0 0 0 0 0 0 0 0 0 0 0 0 0 0 0 0 0 0 0 0 0 0 0 0 0 0 0 0 0 0 0 0 0 0 0 0 0 0 0 0 0 0 0 0 0 0 0 0 0 0 0 0 0 0 0 0 0 0 0 0 0 0 0 0 0 0 0 0 0 0 0 0 0 0 0 0 0 0 0 0 0 0 0 0 0 0 0 0 0 0 0 0 0 0 0 0 0 0 0 0 0 0 0 0 0 0 0 0 0 0 0 0 0 0 0 0 0 0 0 0 0 0 0 0 0 0 0 0 0 0 0 0 0 0 0 0 0 0 0 0 0 0 0 0 0 0 0 0 0 0 0 0 0 0 0 0 0 0 0 0 0 0 0 0 0 0 0 0 0 0 0 0 0 0 0 0 0 0 0 0 0 0 0 0 0 0 0 0 0 0 0 0 0 0 0 0 0 0 0 0 0 0 0 0 0 0 0 0 0 0 0 0 0 0 0 0 0 0 0 0 0 0 0 0 0 0 0 0 0 0 0 0 0 0 0 0 0 0 0 0 0 0 0 0 0 0 0 0 0 0 0 0 0 0 0 0 0 0 0 0 0 0 0 0 0 0 0 0 0 0 0 0 0 0 0 0 0 0 0 0 0 0 0 0 0 0 0 0 0 0 0 0 0 0 0 0 0 0 0 0 0 0 0 0 0 0 0 0 0 0 0 0 0 0 0 0 0 0 0 0 0 0 0 0 0 0 0 0 0 0 0 0 0 0 0 0 0 0 0 0 0 0 0 0 0 0 0 0 0 0 0 0 0 0 0 0 0 0 0 0 0 0 0 0 0 0 0 0 0 0 0 0 0 0 0 0 0 0 0 0 0 0 0 0 0 0 0 0 0 0 0 0 0 0 0 0 0 0 0 0 0 0 0 0 0 0 0 0 0 0 0 0 0 0 0
ctxt 2338296364
btime 1790630938
processes 164343
procs_running 1
procs_blocked 0
softirq 2058581233 73526 4039498 2751625 1994852698 189921 0 13554883 25963765 410 17154907
--
cpu  1724608 643 889512 15570009 36031 0 371711 0 0 0
cpu0 57371 12 25076 493522 876 0 11429 0 0 0
cpu1 59024 14 25688 493098 691 0 11573 0 0 0
cpu2 59158 11 25121 494544 428 0 11093 0 0 0
cpu3 68655 14 29471 475721 1218 0 15174 0 0 0
cpu4 69257 14 28688 477089 737 0 14585 0 0 0
cpu5 61299 14 25713 491508 438 0 11363 0 0 0
cpu6 60778 12 25782 491731 417 0 11733 0 0 0
cpu7 58512 10 25030 495496 257 0 10917 0 0 0
cpu8 36383 19 27096 501043 1172 0 7312 0 0 0
cpu9 41080 22 28277 490500 2619 0 7745 0 0 0
cpu10 39921 21 27976 493935 1346 0 7799 0 0 0
cpu11 37355 17 26672 501706 767 0 7278 0 0 0
cpu12 58414 92 29148 472406 3445 0 8139 0 0 0
cpu13 56962 24 29414 473624 2842 0 8340 0 0 0
cpu14 36904 16 26187 504096 966 0 7115 0 0 0
cpu15 34768 18 24510 510402 762 0 6483 0 0 0
cpu16 67042 9 28292 481512 411 0 13371 0 0 0
cpu17 65441 9 27576 483376 1317 0 12768 0 0 0
cpu18 65073 10 27846 484236 305 0 13006 0 0 0
cpu19 75483 11 31312 466517 730 0 16104 0 0 0
cpu20 75351 13 31828 465694 757 0 16784 0 0 0
cpu21 63940 10 27324 485547 646 0 12774 0 0 0
cpu22 61838 11 26934 487415 399 0 12249 0 0 0
cpu23 60313 12 26962 489832 443 0 12521 0 0 0
cpu24 40039 21 27430 499568 1043 0 7824 0 0 0
cpu25 43610 25 29778 487939 1836 0 9040 0 0 0
cpu26 42287 21 29307 491078 1419 0 8783 0 0 0
cpu27 36037 12 26187 491342 1244 0 15550 0 0 0
cpu28 57789 35 31777 455946 2311 0 19770 0 0 0
cpu29 60448 73 32512 450853 2342 0 19988 0 0 0
cpu30 35308 14 26845 489258 1008 0 15350 0 0 0
cpu31 38756 13 27741 499459 825 0 7737 0 0 0
intr 1708409673 126 0 0 0 0 0 0 0 0 1 0 0 0 0 0 0 0 0 0 0 0 0 0 0 0 0 0 1 1 1 0 0 0 0 1 0 1 0 0 75045 0 0 0 0 0 0 0 0 411 0 0 0 0 0 0 0 0 87 0 0 0 0 0 0 0 0 0 0 0 0 0 0 0 182460 2 34994630 34932915 34860401 34996240 0 4967 2488 2975 1664 3123 2680 2100 2591 1527 10660 19115 10923 8622 13869 15402 11602 7662 2789 1812 1546 2547 2278 1997 1696 1677 9238 7882 5689 6176 7017 6518 6492 8184 0 0 0 0 616404 3267 1036 0 264 0 0 0 0 0 0 0 0 0 0 0 0 0 0 0 0 0 0 0 0 0 0 0 0 0 0 0 0 0 0 0 0 0 0 0 0 0 0 0 0 0 0 0 0 0 0 0 0 0 0 0 0 0 0 0 0 0 0 0 0 0 0 0 0 0 0 0 0 0 0 0 0 0 0 0 0 0 0 0 0 0 0 0 0 0 0 0 0 0 0 0 0 0 0 0 0 0 0 0 0 0 0 0 0 0 0 0 0 0 0 0 0 0 0 0 0 0 0 0 0 0 0 0 0 0 0 0 0 0 0 0 0 0 0 0 0 0 0 0 0 0 0 0 0 0 0 0 0 0 0 0 0 0 0 0 0 0 0 0 0 0 0 0 0 0 0 0 0 0 0 0 0 0 0 0 0 0 0 0 0 0 0 0 0 0 0 0 0 0 0 0 0 0 0 0 0 0 0 0 0 0 0 0 0 0 0 0 0 0 0 0 0 0 0 0 0 0 0 0 0 0 0 0 0 0 0 0 0 0 0 0 0 0 0 0 0 0 0 0 0 0 0 0 0 0 0 0 0 0 0 0 0 0 0 0 0 0 0 0 0 0 0 0 0 0 0 0 0 0 0 0 0 0 0 0 0 0 0 0 0 0 0 0 0 0 0 0 0 0 0 0 0 0 0 0 0 0 0 0 0 0 0 0 0 0 0 0 0 0 0 0 0 0 0 0 0 0 0 0 0 0 0 0 0 0 0 0 0 0 0 0 0 0 0 0 0 0 0 0 0 0 0 0 0 0 0 0 0 0 0 0 0 0 0 0 0 0 0 0 0 0 0 0 0 0 0 0 0 0 0 0 0 0 0 0 0 0 0 0 0 0 0 0 0 0 0 0 0 0 0 0 0 0 0 0 0 0 0 0 0 0 0 0 0 0 0 0 0 0 0 0 0 0 0 0 0 0 0 0 0 0 0 0 0 0 0 0 0 0 0 0 0 0 0 0 0 0 0 0 0 0 0 0 0 0 0 0 0 0 0 0 0 0 0 0 0 0 0 0 0 0 0 0 0 0 0 0 0 0 0 0 0 0 0 0 0 0 0 0 0 0 0 0 0 0 0 0 0 0 0 0 0 0 0 0 0 0 0 0 0 0 0 0 0 0 0 0 0 0 0 0 0 0 0 0 0 0 0 0 0 0 0 0 0 0 0 0 0 0 0 0 0 0 0 0 0 0 0 0 0 0 0 0 0 0 0 0 0 0 0 0 0 0 0 0 0 0 0 0 0 0 0 0 0 0 0 0 0 0 0 0 0 0 0 0 0 0 0 0 0 0 0 0 0 0 0 0 0 0 0 0 0 0 0 0 0 0 0 0 0 0 0 0 0 0 0 0 0 0 0 0 0 0 0 0 0 0 0 0 0 0 0 0 0 0 0 0 0 0 0 0 0 0 0 0 0 0 0 0 0 0 0 0 0 0 0 0 0 0 0 0 0 0 0 0 0 0 0 0 0 0 0 0 0 0 0 0 0 0 0 0 0 0 0 0 0 0 0 0 0 0 0 0 0 0 0 0 0 0 0 0 0 0 0 0 0 0 0 0 0 0 0 0 0 0 0 0 0 0 0 0 0 0 0 0 0 0 0 0 0 0 0 0 0 0 0 0 0 0 0 0 0 0 0 0 0 0 0 0 0 0 0 0 0 0 0 0 0 0 0 0 0 0 0 0 0 0 0 0 0 0 0 0 0 0 0 0 0 0 0 0 0 0 0 0 0 0 0 0 0 0 0 0 0 0 0 0 0 0 0 0 0 0 0 0 0 0 0 0 0 0 0 0 0 0 0 0 0 0 0 0 0 0 0 0 0 0 0 0 0 0 0 0 0 0 0 0 0 0 0 0 0 0 0 0 0 0 0 0 0 0 0 0 0 0 0 0 0 0 0 0 0 0 0 0 0 0 0 0 0 0 0 0 0 0 0 0 0 0 0 0 0 0 0 0 0 0 0 0 0 0 0 0 0 0 0 0 0 0 0 0 0 0 0 0 0 0 0 0 0 0 0 0 0 0 0 0 0 0 0 0 0 0 0 0 0 0 0 0 0 0 0 0 0 0 0 0 0 0 0 0 0 0 0 0 0 0 0 0 0 0 0 0 0 0 0 0 0 0 0 0 0 0 0 0 0 0 0 0 0 0 0 0 0 0 0 0 0 0 0 0 0 0 0 0 0 0 0 0 0 0 0 0 0 0 0 0 0 0 0 0 0 0 0 0 0 0 0 0 0 0 0 0 0 0 0 0 0 0 0 0 0 0 0 0 0 0 0 0 0 0 0 0 0 0 0 0 0 0 0 0 0 0 0 0 0 0 0 0 0 0 0 0 0 0 0 0 0 0 0 0 0 0 0 0 0 0 0 0 0 0 0 0 0 0 0 0 0 0 0 0 0 0 0 0 0 0 0 0 0 0 0 0 0 0 0 0 0 0 0 0 0 0 0 0 0 0 0 0 0 0 0
ctxt 2347093203
btime 1790630938
processes 164398
procs_running 7
procs_blocked 0
softirq 2064686239 73526 4042577 2751625 2000841220 190164 0 13554883 26034886 410 17196948
