Running 10s test @ http://127.0.0.1:18500/json
  16 threads and 32 connections
  Thread Stats   Avg      Stdev     Max   +/- Stdev
    Latency   139.84us    9.81us 622.00us   51.87%
    Req/Sec    14.32k   634.60    15.49k    56.25%
  Latency Distribution
     50%  139.00us
     75%  149.00us
     90%  151.00us
     99%  156.00us
  2303037 requests in 10.10s, 274.54MB read
Requests/sec: 228026.17
Transfer/sec:     27.18MB
## server-stat
cpu  1703741 630 881793 15097589 35694 0 365992 0 0 0
cpu0 56583 12 24799 478872 861 0 11244 0 0 0
cpu1 58276 14 25413 478304 691 0 11387 0 0 0
cpu2 58437 11 24857 479648 425 0 10920 0 0 0
cpu3 65960 14 28499 464331 1218 0 14230 0 0 0
cpu4 66897 13 27835 465134 737 0 13772 0 0 0
cpu5 60605 13 25466 476567 438 0 11196 0 0 0
cpu6 60156 11 25557 476619 417 0 11592 0 0 0
cpu7 57943 10 24825 480227 256 0 10794 0 0 0
cpu8 36352 18 27035 485340 1161 0 7278 0 0 0
cpu9 41022 21 28180 475472 2570 0 7699 0 0 0
cpu10 39875 20 27891 478762 1343 0 7756 0 0 0
cpu11 37328 17 26617 486190 764 0 7250 0 0 0
cpu12 58137 91 28982 457849 3409 0 8072 0 0 0
cpu13 56726 23 29239 459152 2805 0 8255 0 0 0
cpu14 36869 16 26116 488807 947 0 7080 0 0 0
cpu15 34742 17 24459 494766 743 0 6459 0 0 0
cpu16 66218 9 28038 466739 410 0 13199 0 0 0
cpu17 64679 9 27315 468531 1317 0 12603 0 0 0
cpu18 64365 9 27595 469266 304 0 12850 0 0 0
cpu19 72577 11 30539 454881 729 0 15448 0 0 0
cpu20 72162 12 30954 454543 757 0 16026 0 0 0
cpu21 63253 10 27081 470580 643 0 12615 0 0 0
cpu22 61217 11 26712 472284 398 0 12113 0 0 0
cpu23 59737 12 26757 474620 384 0 12391 0 0 0
cpu24 40013 21 27378 483787 1041 0 7794 0 0 0
cpu25 43569 25 29713 472272 1829 0 9005 0 0 0
cpu26 42255 21 29247 475297 1419 0 8751 0 0 0
cpu27 36011 11 26138 475423 1209 0 15525 0 0 0
cpu28 57627 34 31667 440623 2309 0 19713 0 0 0
cpu29 60121 73 32384 435739 2329 0 19935 0 0 0
cpu30 35279 14 26793 473462 991 0 15316 0 0 0
cpu31 38736 13 27702 483486 824 0 7711 0 0 0
intr 1676398339 126 0 0 0 0 0 0 0 0 1 0 0 0 0 0 0 0 0 0 0 0 0 0 0 0 0 0 1 1 1 0 0 0 0 1 0 1 0 0 75045 0 0 0 0 0 0 0 0 411 0 0 0 0 0 0 0 0 87 0 0 0 0 0 0 0 0 0 0 0 0 0 0 0 179642 2 34994135 34932271 34859457 34995027 0 4837 2487 2974 1663 3120 2679 2096 2591 1522 10656 19040 10841 8592 13859 15339 11503 7661 2789 1812 1546 2546 2278 1993 1689 1676 9238 7875 5631 6108 7011 6509 6487 8182 0 0 0 0 616396 3250 1036 0 264 0 0 0 0 0 0 0 0 0 0 0 0 0 0 0 0 0 0 0 0 0 0 0 0 0 0 0 0 0 0 0 0 0 0 0 0 0 0 0 0 0 0 0 0 0 0 0 0 0 0 0 0 0 0 0 0 0 0 0 0 0 0 0 0 0 0 0 0 0 0 0 0 0 0 0 0 0 0 0 0 0 0 0 0 0 0 0 0 0 0 0 0 0 0 0 0 0 0 0 0 0 0 0 0 0 0 0 0 0 0 0 0 0 0 0 0 0 0 0 0 0 0 0 0 0 0 0 0 0 0 0 0 0 0 0 0 0 0 0 0 0 0 0 0 0 0 0 0 0 0 0 0 0 0 0 0 0 0 0 0 0 0 0 0 0 0 0 0 0 0 0 0 0 0 0 0 0 0 0 0 0 0 0 0 0 0 0 0 0 0 0 0 0 0 0 0 0 0 0 0 0 0 0 0 0 0 0 0 0 0 0 0 0 0 0 0 0 0 0 0 0 0 0 0 0 0 0 0 0 0 0 0 0 0 0 0 0 0 0 0 0 0 0 0 0 0 0 0 0 0 0 0 0 0 0 0 0 0 0 0 0 0 0 0 0 0 0 0 0 0 0 0 0 0 0 0 0 0 0 0 0 0 0 0 0 0 0 0 0 0 0 0 0 0 0 0 0 0 0 0 0 0 0 0 0 0 0 0 0 0 0 0 0 0 0 0 0 0 0 0 0 0 0 0 0 0 0 0 0 0 0 0 0 0 0 0 0 0 0 0 0 0 0 0 0 0 0 0 0 0 0 0 0 0 0 0 0 0 0 0 0 0 0 0 0 0 0 0 0 0 0 0 0 0 0 0 0 0 0 0 0 0 0 0 0 0 0 0 0 0 0 0 0 0 0 0 0 0 0 0 0 0 0 0 0 0 0 0 0 0 0 0 0 0 0 0 0 0 0 0 0 0 0 0 0 0 0 0 0 0 0 0 0 0 0 0 0 0 0 0 0 0 0 0 0 0 0 0 0 0 0 0 0 0 0 0 0 0 0 0 0 0 0 0 0 0 0 0 0 0 0 0 0 0 0 0 0 0 0 0 0 0 0 0 0 0 0 0 0 0 0 0 0 0 0 0 0 0 0 0 0 0 0 0 0 0 0 0 0 0 0 0 0 0 0 0 0 0 0 0 0 0 0 0 0 0 0 0 0 0 0 0 0 0 0 0 0 0 0 0 0 0 0 0 0 0 0 0 0 0 0 0 0 0 0 0 0 0 0 0 0 0 0 0 0 0 0 0 0 0 0 0 0 0 0 0 0 0 0 0 0 0 0 0 0 0 0 0 0 0 0 0 0 0 0 0 0 0 0 0 0 0 0 0 0 0 0 0 0 0 0 0 0 0 0 0 0 0 0 0 0 0 0 0 0 0 0 0 0 0 0 0 0 0 0 0 0 0 0 0 0 0 0 0 0 0 0 0 0 0 0 0 0 0 0 0 0 0 0 0 0 0 0 0 0 0 0 0 0 0 0 0 0 0 0 0 0 0 0 0 0 0 0 0 0 0 0 0 0 0 0 0 0 0 0 0 0 0 0 0 0 0 0 0 0 0 0 0 0 0 0 0 0 0 0 0 0 0 0 0 0 0 0 0 0 0 0 0 0 0 0 0 0 0 0 0 0 0 0 0 0 0 0 0 0 0 0 0 0 0 0 0 0 0 0 0 0 0 0 0 0 0 0 0 0 0 0 0 0 0 0 0 0 0 0 0 0 0 0 0 0 0 0 0 0 0 0 0 0 0 0 0 0 0 0 0 0 0 0 0 0 0 0 0 0 0 0 0 0 0 0 0 0 0 0 0 0 0 0 0 0 0 0 0 0 0 0 0 0 0 0 0 0 0 0 0 0 0 0 0 0 0 0 0 0 0 0 0 0 0 0 0 0 0 0 0 0 0 0 0 0 0 0 0 0 0 0 0 0 0 0 0 0 0 0 0 0 0 0 0 0 0 0 0 0 0 0 0 0 0 0 0 0 0 0 0 0 0 0 0 0 0 0 0 0 0 0 0 0 0 0 0 0 0 0 0 0 0 0 0 0 0 0 0 0 0 0 0 0 0 0 0 0 0 0 0 0 0 0 0 0 0 0 0 0 0 0 0 0 0 0 0 0 0 0 0 0 0 0 0 0 0 0 0 0 0 0 0 0 0 0 0 0 0 0 0 0 0 0 0 0 0 0 0 0 0 0 0 0 0 0 0 0 0 0 0 0 0 0 0 0 0 0 0 0 0 0 0 0 0 0 0 0 0 0 0 0 0 0 0 0 0 0 0 0 0 0 0 0 0 0 0 0 0 0 0 0 0 0 0 0 0 0 0 0 0 0 0 0 0 0 0 0 0 0 0 0 0 0 0 0 0 0 0 0 0 0 0 0 0 0 0 0 0 0 0 0 0 0 0 0 0 0 0 0 0 0 0 0 0 0 0 0 0 0 0 0 0 0 0 0 0
ctxt 2289936879
btime 1790630938
processes 161145
procs_running 5
procs_blocked 0
softirq 2022880155 73526 3953342 2751603 1959708190 187179 0 13554810 25701384 410 16949711
--
cpu  1704554 631 882243 15120307 35716 0 366460 0 0 0
cpu0 56585 12 24799 479661 862 0 11245 0 0 0
cpu1 58276 14 25413 479103 691 0 11387 0 0 0
cpu2 58437 11 24857 480447 427 0 10920 0 0 0
cpu3 66200 14 28629 464618 1218 0 14374 0 0 0
cpu4 66897 13 27835 465934 737 0 13772 0 0 0
cpu5 60605 13 25466 477366 438 0 11196 0 0 0
cpu6 60156 11 25557 477418 417 0 11592 0 0 0
cpu7 57943 10 24825 481026 256 0 10794 0 0 0
cpu8 36353 18 27036 486096 1161 0 7279 0 0 0
cpu9 41027 21 28184 476158 2573 0 7700 0 0 0
cpu10 39880 20 27896 479453 1343 0 7757 0 0 0
cpu11 37329 17 26619 486916 764 0 7251 0 0 0
cpu12 58147 91 28988 458529 3409 0 8074 0 0 0
cpu13 56733 23 29246 459819 2805 0 8257 0 0 0
cpu14 36872 16 26120 489516 947 0 7081 0 0 0
cpu15 34744 17 24461 495493 743 0 6459 0 0 0
cpu16 66218 9 28038 467538 411 0 13199 0 0 0
cpu17 64679 9 27315 469330 1317 0 12603 0 0 0
cpu18 64365 10 27595 470065 304 0 12850 0 0 0
cpu19 72710 11 30611 455395 729 0 15529 0 0 0
cpu20 72543 12 31147 454543 757 0 16253 0 0 0
cpu21 63253 10 27081 471378 644 0 12615 0 0 0
cpu22 61217 11 26712 473083 399 0 12113 0 0 0
cpu23 59738 12 26757 475419 384 0 12391 0 0 0
cpu24 40013 21 27379 484531 1041 0 7795 0 0 0
cpu25 43570 25 29715 473009 1830 0 9006 0 0 0
cpu26 42258 21 29248 476045 1419 0 8751 0 0 0
cpu27 36011 11 26139 476194 1209 0 15525 0 0 0
cpu28 57636 34 31672 441331 2309 0 19715 0 0 0
cpu29 60127 73 32391 436419 2340 0 19938 0 0 0
cpu30 35280 14 26796 474204 994 0 15317 0 0 0
cpu31 38737 13 27703 484256 824 0 7712 0 0 0
intr 1678231559 126 0 0 0 0 0 0 0 0 1 0 0 0 0 0 0 0 0 0 0 0 0 0 0 0 0 0 1 1 1 0 0 0 0 1 0 1 0 0 75045 0 0 0 0 0 0 0 0 411 0 0 0 0 0 0 0 0 87 0 0 0 0 0 0 0 0 0 0 0 0 0 0 0 179895 2 34994161 34932295 34859488 34995071 0 4841 2487 2974 1663 3120 2679 2097 2591 1522 10656 19040 10841 8592 13859 15341 11504 7661 2789 1812 1546 2546 2278 1993 1689 1676 9238 7876 5631 6109 7013 6509 6487 8182 0 0 0 0 616396 3250 1036 0 264 0 0 0 0 0 0 0 0 0 0 0 0 0 0 0 0 0 0 0 0 0 0 0 0 0 0 0 0 0 0 0 0 0 0 0 0 0 0 0 0 0 0 0 0 0 0 0 0 0 0 0 0 0 0 0 0 0 0 0 0 0 0 0 0 0 0 0 0 0 0 0 0 0 0 0 0 0 0 0 0 0 0 0 0 0 0 0 0 0 0 0 0 0 0 0 0 0 0 0 0 0 0 0 0 0 0 0 0 0 0 0 0 0 0 0 0 0 0 0 0 0 0 0 0 0 0 0 0 0 0 0 0 0 0 0 0 0 0 0 0 0 0 0 0 0 0 0 0 0 0 0 0 0 0 0 0 0 0 0 0 0 0 0 0 0 0 0 0 0 0 0 0 0 0 0 0 0 0 0 0 0 0 0 0 0 0 0 0 0 0 0 0 0 0 0 0 0 0 0 0 0 0 0 0 0 0 0 0 0 0 0 0 0 0 0 0 0 0 0 0 0 0 0 0 0 0 0 0 0 0 0 0 0 0 0 0 0 0 0 0 0 0 0 0 0 0 0 0 0 0 0 0 0 0 0 0 0 0 0 0 0 0 0 0 0 0 0 0 0 0 0 0 0 0 0 0 0 0 0 0 0 0 0 0 0 0 0 0 0 0 0 0 0 0 0 0 0 0 0 0 0 0 0 0 0 0 0 0 0 0 0 0 0 0 0 0 0 0 0 0 0 0 0 0 0 0 0 0 0 0 0 0 0 0 0 0 0 0 0 0 0 0 0 0 0 0 0 0 0 0 0 0 0 0 0 0 0 0 0 0 0 0 0 0 0 0 0 0 0 0 0 0 0 0 0 0 0 0 0 0 0 0 0 0 0 0 0 0 0 0 0 0 0 0 0 0 0 0 0 0 0 0 0 0 0 0 0 0 0 0 0 0 0 0 0 0 0 0 0 0 0 0 0 0 0 0 0 0 0 0 0 0 0 0 0 0 0 0 0 0 0 0 0 0 0 0 0 0 0 0 0 0 0 0 0 0 0 0 0 0 0 0 0 0 0 0 0 0 0 0 0 0 0 0 0 0 0 0 0 0 0 0 0 0 0 0 0 0 0 0 0 0 0 0 0 0 0 0 0 0 0 0 0 0 0 0 0 0 0 0 0 0 0 0 0 0 0 0 0 0 0 0 0 0 0 0 0 0 0 0 0 0 0 0 0 0 0 0 0 0 0 0 0 0 0 0 0 0 0 0 0 0 0 0 0 0 0 0 0 0 0 0 0 0 0 0 0 0 0 0 0 0 0 0 0 0 0 0 0 0 0 0 0 0 0 0 0 0 0 0 0 0 0 0 0 0 0 0 0 0 0 0 0 0 0 0 0 0 0 0 0 0 0 0 0 0 0 0 0 0 0 0 0 0 0 0 0 0 0 0 0 0 0 0 0 0 0 0 0 0 0 0 0 0 0 0 0 0 0 0 0 0 0 0 0 0 0 0 0 0 0 0 0 0 0 0 0 0 0 0 0 0 0 0 0 0 0 0 0 0 0 0 0 0 0 0 0 0 0 0 0 0 0 0 0 0 0 0 0 0 0 0 0 0 0 0 0 0 0 0 0 0 0 0 0 0 0 0 0 0 0 0 0 0 0 0 0 0 0 0 0 0 0 0 0 0 0 0 0 0 0 0 0 0 0 0 0 0 0 0 0 0 0 0 0 0 0 0 0 0 0 0 0 0 0 0 0 0 0 0 0 0 0 0 0 0 0 0 0 0 0 0 0 0 0 0 0 0 0 0 0 0 0 0 0 0 0 0 0 0 0 0 0 0 0 0 0 0 0 0 0 0 0 0 0 0 0 0 0 0 0 0 0 0 0 0 0 0 0 0 0 0 0 0 0 0 0 0 0 0 0 0 0 0 0 0 0 0 0 0 0 0 0 0 0 0 0 0 0 0 0 0 0 0 0 0 0 0 0 0 0 0 0 0 0 0 0 0 0 0 0 0 0 0 0 0 0 0 0 0 0 0 0 0 0 0 0 0 0 0 0 0 0 0 0 0 0 0 0 0 0 0 0 0 0 0 0 0 0 0 0 0 0 0 0 0 0 0 0 0 0 0 0 0 0 0 0 0 0 0 0 0 0 0 0 0 0 0 0 0 0 0 0 0 0 0 0 0 0 0 0 0 0 0 0 0 0 0 0 0 0 0 0 0 0 0 0 0 0 0 0 0 0 0 0 0 0 0 0 0 0 0 0 0 0 0 0 0 0 0 0 0 0 0 0 0 0 0 0 0 0 0 0 0 0 0 0 0 0 0 0 0 0 0 0 0 0 0 0 0 0 0 0 0 0 0 0 0 0 0 0 0 0 0 0 0 0 0 0 0 0 0 0 0 0 0 0 0 0 0 0 0 0 0 0 0 0 0 0 0 0 0 0 0 0 0 0 0 0 0 0 0 0 0 0 0 0 0 0 0 0 0 0 0 0 0 0 0 0 0 0 0
ctxt 2293519581
btime 1790630938
processes 161203
procs_running 4
procs_blocked 1
softirq 2026551557 73526 3956634 2751603 1963357049 187440 0 13554810 25712718 410 16957367
