Running 10s test @ http://127.0.0.1:18500/json
  16 threads and 128 connections
  Thread Stats   Avg      Stdev     Max   +/- Stdev
    Latency   724.09us   97.74us   1.95ms   91.67%
    Req/Sec    11.09k   325.89    17.47k    98.89%
  Latency Distribution
     50%  707.00us
     75%  738.00us
     90%  780.00us
     99%    1.16ms
  1783036 requests in 10.10s, 244.86MB read
Requests/sec: 176545.09
Transfer/sec:     24.24MB
## server-stat
cpu  1799499 672 928525 16468662 36795 0 401446 0 0 0
cpu0 59386 12 25771 523729 892 0 11948 0 0 0
cpu1 61976 15 26631 522229 694 0 12295 0 0 0
cpu2 62543 12 26331 522683 428 0 12093 0 0 0
cpu3 74078 14 32110 498950 1219 0 17615 0 0 0
cpu4 77556 14 32001 496393 739 0 17463 0 0 0
cpu5 64879 14 26878 519637 439 0 12224 0 0 0
cpu6 65370 12 27352 518092 421 0 12960 0 0 0
cpu7 63361 10 26742 521338 258 0 12259 0 0 0
cpu8 36556 20 27820 531352 1194 0 7712 0 0 0
cpu9 41313 23 29126 520066 2639 0 8237 0 0 0
cpu10 40125 23 28783 523630 1357 0 8256 0 0 0
cpu11 37499 19 27365 531970 791 0 7664 0 0 0
cpu12 58905 93 30010 501529 3468 0 8652 0 0 0
cpu13 57471 26 30266 502723 2878 0 8844 0 0 0
cpu14 37045 17 26842 534517 1001 0 7502 0 0 0
cpu15 34888 19 25125 541132 797 0 6840 0 0 0
cpu16 72457 10 30059 506571 489 0 14816 0 0 0
cpu17 69693 10 29139 509946 1382 0 14082 0 0 0
cpu18 68751 10 29145 511958 308 0 14052 0 0 0
cpu19 84052 12 34493 485752 730 0 18907 0 0 0
cpu20 80876 13 34293 489114 758 0 19173 0 0 0
cpu21 67418 11 28675 513261 670 0 13962 0 0 0
cpu22 64264 12 27878 517002 402 0 13045 0 0 0
cpu23 62371 13 27761 520041 483 0 13153 0 0 0
cpu24 40208 23 28090 530082 1068 0 8208 0 0 0
cpu25 43856 27 30541 517901 1890 0 9493 0 0 0
cpu26 42490 23 30039 521082 1478 0 9236 0 0 0
cpu27 36186 13 26851 521867 1301 0 15950 0 0 0
cpu28 58405 37 32780 484894 2355 0 20320 0 0 0
cpu29 61119 75 33567 479569 2376 0 20550 0 0 0
cpu30 35478 14 27593 519546 1023 0 15771 0 0 0
cpu31 38911 14 28455 530088 852 0 8147 0 0 0
intr 1802462769 126 0 0 0 0 0 0 0 0 1 0 0 0 0 0 0 0 0 0 0 0 0 0 0 0 0 0 1 1 1 0 0 0 0 1 0 1 0 0 75045 0 0 0 0 0 0 0 0 411 0 0 0 0 0 0 0 0 87 0 0 0 0 0 0 0 0 0 0 0 0 0 0 0 189240 2 34995916 34934463 34863247 34999410 0 5248 2500 2977 1668 3125 2686 2105 2623 1528 10773 19202 10999 8698 14077 15450 11612 7671 2918 1880 1546 2548 2282 2000 1697 1701 9262 7904 5719 6292 7101 6625 6545 8270 0 0 0 0 616428 3314 1036 0 264 0 0 0 0 0 0 0 0 0 0 0 0 0 0 0 0 0 0 0 0 0 0 0 0 0 0 0 0 0 0 0 0 0 0 0 0 0 0 0 0 0 0 0 0 0 0 0 0 0 0 0 0 0 0 0 0 0 0 0 0 0 0 0 0 0 0 0 0 0 0 0 0 0 0 0 0 0 0 0 0 0 0 0 0 0 0 0 0 0 0 0 0 0 0 0 0 0 0 0 0 0 0 0 0 0 0 0 0 0 0 0 0 0 0 0 0 0 0 0 0 0 0 0 0 0 0 0 0 0 0 0 0 0 0 0 0 0 0 0 0 0 0 0 0 0 0 0 0 0 0 0 0 0 0 0 0 0 0 0 0 0 0 0 0 0 0 0 0 0 0 0 0 0 0 0 0 0 0 0 0 0 0 0 0 0 0 0 0 0 0 0 0 0 0 0 0 0 0 0 0 0 0 0 0 0 0 0 0 0 0 0 0 0 0 0 0 0 0 0 0 0 0 0 0 0 0 0 0 0 0 0 0 0 0 0 0 0 0 0 0 0 0 0 0 0 0 0 0 0 0 0 0 0 0 0 0 0 0 0 0 0 0 0 0 0 0 0 0 0 0 0 0 0 0 0 0 0 0 0 0 0 0 0 0 0 0 0 0 0 0 0 0 0 0 0 0 0 0 0 0 0 0 0 0 0 0 0 0 0 0 0 0 0 0 0 0 0 0 0 0 0 0 0 0 0 0 0 0 0 0 0 0 0 0 0 0 0 0 0 0 0 0 0 0 0 0 0 0 0 0 0 0 0 0 0 0 0 0 0 0 0 0 0 0 0 0 0 0 0 0 0 0 0 0 0 0 0 0 0 0 0 0 0 0 0 0 0 0 0 0 0 0 0 0 0 0 0 0 0 0 0 0 0 0 0 0 0 0 0 0 0 0 0 0 0 0 0 0 0 0 0 0 0 0 0 0 0 0 0 0 0 0 0 0 0 0 0 0 0 0 0 0 0 0 0 0 0 0 0 0 0 0 0 0 0 0 0 0 0 0 0 0 0 0 0 0 0 0 0 0 0 0 0 0 0 0 0 0 0 0 0 0 0 0 0 0 0 0 0 0 0 0 0 0 0 0 0 0 0 0 0 0 0 0 0 0 0 0 0 0 0 0 0 0 0 0 0 0 0 0 0 0 0 0 0 0 0 0 0 0 0 0 0 0 0 0 0 0 0 0 0 0 0 0 0 0 0 0 0 0 0 0 0 0 0 0 0 0 0 0 0 0 0 0 0 0 0 0 0 0 0 0 0 0 0 0 0 0 0 0 0 0 0 0 0 0 0 0 0 0 0 0 0 0 0 0 0 0 0 0 0 0 0 0 0 0 0 0 0 0 0 0 0 0 0 0 0 0 0 0 0 0 0 0 0 0 0 0 0 0 0 0 0 0 0 0 0 0 0 0 0 0 0 0 0 0 0 0 0 0 0 0 0 0 0 0 0 0 0 0 0 0 0 0 0 0 0 0 0 0 0 0 0 0 0 0 0 0 0 0 0 0 0 0 0 0 0 0 0 0 0 0 0 0 0 0 0 0 0 0 0 0 0 0 0 0 0 0 0 0 0 0 0 0 0 0 0 0 0 0 0 0 0 0 0 0 0 0 0 0 0 0 0 0 0 0 0 0 0 0 0 0 0 0 0 0 0 0 0 0 0 0 0 0 0 0 0 0 0 0 0 0 0 0 0 0 0 0 0 0 0 0 0 0 0 0 0 0 0 0 0 0 0 0 0 0 0 0 0 0 0 0 0 0 0 0 0 0 0 0 0 0 0 0 0 0 0 0 0 0 0 0 0 0 0 0 0 0 0 0 0 0 0 0 0 0 0 0 0 0 0 0 0 0 0 0 0 0 0 0 0 0 0 0 0 0 0 0 0 0 0 0 0 0 0 0 0 0 0 0 0 0 0 0 0 0 0 0 0 0 0 0 0 0 0 0 0 0 0 0 0 0 0 0 0 0 0 0 0 0 0 0 0 0 0 0 0 0 0 0 0 0 0 0 0 0 0 0 0 0 0 0 0 0 0 0 0 0 0 0 0 0 0 0 0 0 0 0 0 0 0 0 0 0 0 0 0 0 0 0 0 0 0 0 0 0 0 0 0 0 0 0 0 0 0 0 0 0 0 0 0 0 0 0 0 0 0 0 0 0 0 0 0 0 0 0 0 0 0 0 0 0 0 0 0 0 0 0 0 0 0 0 0 0 0 0 0 0 0 0 0 0 0 0 0 0 0 0 0 0 0 0 0 0 0 0 0 0 0 0 0 0 0 0 0 0 0 0 0 0 0 0 0 0 0 0 0 0 0 0 0 0 0 0 0 0 0 0 0 0 0 0 0 0 0 0 0 0 0 0 0 0 0 0 0 0 0 0 0 0 0 0 0 0 0 0 0 0 0 0 0 0 0 0 0 0 0 0 0 0 0 0 0 0 0 0 0 0 0 0 0 0
ctxt 2520944449
btime 1790630938
processes 171436
procs_running 14
procs_blocked 0
softirq 2251905326 73526 4216473 2751676 2186246619 197340 0 13555071 26915751 410 17948460
--
cpu  1804193 672 930587 16482998 36796 0 402551 0 0 0
cpu0 59672 12 25867 523978 892 0 12002 0 0 0
cpu1 62260 15 26720 522464 694 0 12345 0 0 0
cpu2 62829 12 26423 522916 428 0 12148 0 0 0
cpu3 74356 14 32209 499178 1219 0 17671 0 0 0
cpu4 77844 14 32097 496616 739 0 17523 0 0 0
cpu5 65158 14 26979 519862 439 0 12277 0 0 0
cpu6 65644 12 27448 518334 421 0 13010 0 0 0
cpu7 63614 10 26839 521593 258 0 12305 0 0 0
cpu8 36560 20 27851 532027 1194 0 7722 0 0 0
cpu9 41320 23 29182 520649 2639 0 8258 0 0 0
cpu10 40130 23 28828 524256 1357 0 8269 0 0 0
cpu11 37501 19 27381 532692 791 0 7670 0 0 0
cpu12 58910 93 30038 502217 3468 0 8668 0 0 0
cpu13 57476 26 30287 503431 2878 0 8860 0 0 0
cpu14 37046 17 26849 535282 1001 0 7505 0 0 0
cpu15 34889 19 25128 541912 797 0 6841 0 0 0
cpu16 72747 10 30165 506781 489 0 14881 0 0 0
cpu17 69989 10 29231 510168 1382 0 14140 0 0 0
cpu18 69041 10 29243 512176 308 0 14113 0 0 0
cpu19 84350 12 34591 485964 730 0 18971 0 0 0
cpu20 81177 13 34397 489323 758 0 19231 0 0 0
cpu21 67708 11 28771 513484 670 0 14017 0 0 0
cpu22 64556 12 27974 517223 402 0 13101 0 0 0
cpu23 62651 13 27852 520278 483 0 13206 0 0 0
cpu24 40208 23 28093 530865 1068 0 8210 0 0 0
cpu25 43858 27 30563 518624 1890 0 9502 0 0 0
cpu26 42493 23 30055 521822 1478 0 9241 0 0 0
cpu27 36187 13 26856 522642 1301 0 15951 0 0 0
cpu28 58444 37 32868 485352 2355 0 20359 0 0 0
cpu29 61159 75 33664 479982 2376 0 20592 0 0 0
cpu30 35484 14 27632 520148 1023 0 15786 0 0 0
cpu31 38914 14 28488 530742 852 0 8161 0 0 0
intr 1809868447 126 0 0 0 0 0 0 0 0 1 0 0 0 0 0 0 0 0 0 0 0 0 0 0 0 0 0 1 1 1 0 0 0 0 1 0 1 0 0 75045 0 0 0 0 0 0 0 0 411 0 0 0 0 0 0 0 0 87 0 0 0 0 0 0 0 0 0 0 0 0 0 0 0 189240 2 34995928 34934471 34863281 34999485 0 5256 2500 2977 1668 3125 2686 2105 2623 1528 10773 19202 10999 8698 14077 15453 11612 7671 2918 1880 1546 2548 2282 2000 1697 1701 9262 7904 5719 6292 7104 6627 6545 8270 0 0 0 0 616428 3314 1036 0 264 0 0 0 0 0 0 0 0 0 0 0 0 0 0 0 0 0 0 0 0 0 0 0 0 0 0 0 0 0 0 0 0 0 0 0 0 0 0 0 0 0 0 0 0 0 0 0 0 0 0 0 0 0 0 0 0 0 0 0 0 0 0 0 0 0 0 0 0 0 0 0 0 0 0 0 0 0 0 0 0 0 0 0 0 0 0 0 0 0 0 0 0 0 0 0 0 0 0 0 0 0 0 0 0 0 0 0 0 0 0 0 0 0 0 0 0 0 0 0 0 0 0 0 0 0 0 0 0 0 0 0 0 0 0 0 0 0 0 0 0 0 0 0 0 0 0 0 0 0 0 0 0 0 0 0 0 0 0 0 0 0 0 0 0 0 0 0 0 0 0 0 0 0 0 0 0 0 0 0 0 0 0 0 0 0 0 0 0 0 0 0 0 0 0 0 0 0 0 0 0 0 0 0 0 0 0 0 0 0 0 0 0 0 0 0 0 0 0 0 0 0 0 0 0 0 0 0 0 0 0 0 0 0 0 0 0 0 0 0 0 0 0 0 0 0 0 0 0 0 0 0 0 0 0 0 0 0 0 0 0 0 0 0 0 0 0 0 0 0 0 0 0 0 0 0 0 0 0 0 0 0 0 0 0 0 0 0 0 0 0 0 0 0 0 0 0 0 0 0 0 0 0 0 0 0 0 0 0 0 0 0 0 0 0 0 0 0 0 0 0 0 0 0 0 0 0 0 0 0 0 0 0 0 0 0 0 0 0 0 0 0 0 0 0 0 0 0 0 0 0 0 0 0 0 0 0 0 0 0 0 0 0 0 0 0 0 0 0 0 0 0 0 0 0 0 0 0 0 0 0 0 0 0 0 0 0 0 0 0 0 0 0 0 0 0 0 0 0 0 0 0 0 0 0 0 0 0 0 0 0 0 0 0 0 0 0 0 0 0 0 0 0 0 0 0 0 0 0 0 0 0 0 0 0 0 0 0 0 0 0 0 0 0 0 0 0 0 0 0 0 0 0 0 0 0 0 0 0 0 0 0 0 0 0 0 0 0 0 0 0 0 0 0 0 0 0 0 0 0 0 0 0 0 0 0 0 0 0 0 0 0 0 0 0 0 0 0 0 0 0 0 0 0 0 0 0 0 0 0 0 0 0 0 0 0 0 0 0 0 0 0 0 0 0 0 0 0 0 0 0 0 0 0 0 0 0 0 0 0 0 0 0 0 0 0 0 0 0 0 0 0 0 0 0 0 0 0 0 0 0 0 0 0 0 0 0 0 0 0 0 0 0 0 0 0 0 0 0 0 0 0 0 0 0 0 0 0 0 0 0 0 0 0 0 0 0 0 0 0 0 0 0 0 0 0 0 0 0 0 0 0 0 0 0 0 0 0 0 0 0 0 0 0 0 0 0 0 0 0 0 0 0 0 0 0 0 0 0 0 0 0 0 0 0 0 0 0 0 0 0 0 0 0 0 0 0 0 0 0 0 0 0 0 0 0 0 0 0 0 0 0 0 0 0 0 0 0 0 0 0 0 0 0 0 0 0 0 0 0 0 0 0 0 0 0 0 0 0 0 0 0 0 0 0 0 0 0 0 0 0 0 0 0 0 0 0 0 0 0 0 0 0 0 0 0 0 0 0 0 0 0 0 0 0 0 0 0 0 0 0 0 0 0 0 0 0 0 0 0 0 0 0 0 0 0 0 0 0 0 0 0 0 0 0 0 0 0 0 0 0 0 0 0 0 0 0 0 0 0 0 0 0 0 0 0 0 0 0 0 0 0 0 0 0 0 0 0 0 0 0 0 0 0 0 0 0 0 0 0 0 0 0 0 0 0 0 0 0 0 0 0 0 0 0 0 0 0 0 0 0 0 0 0 0 0 0 0 0 0 0 0 0 0 0 0 0 0 0 0 0 0 0 0 0 0 0 0 0 0 0 0 0 0 0 0 0 0 0 0 0 0 0 0 0 0 0 0 0 0 0 0 0 0 0 0 0 0 0 0 0 0 0 0 0 0 0 0 0 0 0 0 0 0 0 0 0 0 0 0 0 0 0 0 0 0 0 0 0 0 0 0 0 0 0 0 0 0 0 0 0 0 0 0 0 0 0 0 0 0 0 0 0 0 0 0 0 0 0 0 0 0 0 0 0 0 0 0 0 0 0 0 0 0 0 0 0 0 0 0 0 0 0 0 0 0 0 0 0 0 0 0 0 0 0 0 0 0 0 0 0 0 0 0 0 0 0 0 0 0 0 0 0 0 0 0 0 0 0 0 0 0 0 0 0 0 0 0 0 0 0 0 0 0 0 0 0 0 0 0 0 0 0 0 0 0 0 0 0 0 0 0 0 0 0 0 0 0 0 0 0 0 0 0 0 0 0 0 0 0 0 0 0 0 0 0 0 0 0 0 0 0 0 0 0 0 0 0 0 0 0 0 0 0 0 0 0 0 0 0 0 0 0 0 0 0 0 0 0 0 0 0 0
ctxt 2534324150
btime 1790630938
processes 171500
procs_running 13
procs_blocked 0
softirq 2257691090 73526 4223165 2751676 2191885177 197348 0 13555071 27013231 410 17991486
