Running 10s test @ http://127.0.0.1:18500/wait
  16 threads and 1000 connections
  Thread Stats   Avg      Stdev     Max   +/- Stdev
    Latency    10.26ms   69.09us  11.03ms   69.99%
    Req/Sec     6.07k    98.80     6.26k    74.64%
  Latency Distribution
     50%   10.26ms
     75%   10.30ms
     90%   10.35ms
     99%   10.45ms
  969240 requests in 10.10s, 98.90MB read
Requests/sec:  95962.33
Transfer/sec:      9.79MB
## server-stat
cpu  2180078 890 1143779 23749418 42883 0 518010 0 0 0
cpu0 77004 16 32419 747175 1009 0 16071 0 0 0
cpu1 79520 20 32991 747085 831 0 15970 0 0 0
cpu2 80430 17 33125 746653 507 0 16076 0 0 0
cpu3 99259 19 42197 709771 1280 0 23738 0 0 0
cpu4 102968 19 41606 708181 758 0 23419 0 0 0
cpu5 84646 20 34334 740607 513 0 16713 0 0 0
cpu6 84586 18 34553 740259 435 0 17368 0 0 0
cpu7 83607 16 34889 740905 269 0 17429 0 0 0
cpu8 37657 28 32500 771370 1321 0 9561 0 0 0
cpu9 42881 32 35006 756116 3220 0 10248 0 0 0
cpu10 41384 30 33972 761513 1556 0 10196 0 0 0
cpu11 38441 27 31662 773113 952 0 9328 0 0 0
cpu12 64225 102 36676 733179 3881 0 10890 0 0 0
cpu13 62133 35 37218 734020 3670 0 11141 0 0 0
cpu14 38057 26 31111 776421 1122 0 9103 0 0 0
cpu15 35719 28 28771 785063 944 0 8267 0 0 0
cpu16 96264 13 38642 721320 548 0 20595 0 0 0
cpu17 92509 14 37761 725639 1409 0 19843 0 0 0
cpu18 90238 14 37101 730304 320 0 19318 0 0 0
cpu19 116299 14 46778 684906 805 0 27815 0 0 0
cpu20 110848 16 45648 692388 868 0 27216 0 0 0
cpu21 87504 15 36264 733589 768 0 18791 0 0 0
cpu22 83456 18 35179 738927 480 0 17734 0 0 0
cpu23 78559 18 33599 747868 572 0 16476 0 0 0
cpu24 41196 32 32343 771560 1250 0 9946 0 0 0
cpu25 45301 35 35549 755402 2354 0 11666 0 0 0
cpu26 43706 30 34850 759515 1761 0 11321 0 0 0
cpu27 37162 21 31015 762935 1471 0 17729 0 0 0
cpu28 62627 51 39931 715274 2917 0 23095 0 0 0
cpu29 65542 89 41111 708458 2985 0 23452 0 0 0
cpu30 36487 21 32140 758919 1180 0 17561 0 0 0
cpu31 39849 20 32822 770969 912 0 9924 0 0 0
intr 2252635533 126 0 0 0 0 0 0 0 0 1 0 0 0 0 0 0 0 0 0 0 0 0 0 0 0 0 0 1 1 1 0 0 0 0 1 0 1 0 0 75045 0 0 0 0 0 0 0 0 411 0 0 0 0 0 0 0 0 87 0 0 0 0 0 0 0 0 0 0 0 0 0 0 0 242052 2 35010212 34947598 34875971 35011610 0 7338 2736 3229 1716 3344 2774 2261 2748 1670 11335 19901 11382 8850 14775 16261 11726 7894 2974 2054 1671 3085 2411 2216 1734 1715 9552 8653 6323 6510 7983 7361 6945 8475 0 0 0 0 616601 3601 1036 0 264 0 0 0 0 0 0 0 0 0 0 0 0 0 0 0 0 0 0 0 0 0 0 0 0 0 0 0 0 0 0 0 0 0 0 0 0 0 0 0 0 0 0 0 0 0 0 0 0 0 0 0 0 0 0 0 0 0 0 0 0 0 0 0 0 0 0 0 0 0 0 0 0 0 0 0 0 0 0 0 0 0 0 0 0 0 0 0 0 0 0 0 0 0 0 0 0 0 0 0 0 0 0 0 0 0 0 0 0 0 0 0 0 0 0 0 0 0 0 0 0 0 0 0 0 0 0 0 0 0 0 0 0 0 0 0 0 0 0 0 0 0 0 0 0 0 0 0 0 0 0 0 0 0 0 0 0 0 0 0 0 0 0 0 0 0 0 0 0 0 0 0 0 0 0 0 0 0 0 0 0 0 0 0 0 0 0 0 0 0 0 0 0 0 0 0 0 0 0 0 0 0 0 0 0 0 0 0 0 0 0 0 0 0 0 0 0 0 0 0 0 0 0 0 0 0 0 0 0 0 0 0 0 0 0 0 0 0 0 0 0 0 0 0 0 0 0 0 0 0 0 0 0 0 0 0 0 0 0 0 0 0 0 0 0 0 0 0 0 0 0 0 0 0 0 0 0 0 0 0 0 0 0 0 0 0 0 0 0 0 0 0 0 0 0 0 0 0 0 0 0 0 0 0 0 0 0 0 0 0 0 0 0 0 0 0 0 0 0 0 0 0 0 0 0 0 0 0 0 0 0 0 0 0 0 0 0 0 0 0 0 0 0 0 0 0 0 0 0 0 0 0 0 0 0 0 0 0 0 0 0 0 0 0 0 0 0 0 0 0 0 0 0 0 0 0 0 0 0 0 0 0 0 0 0 0 0 0 0 0 0 0 0 0 0 0 0 0 0 0 0 0 0 0 0 0 0 0 0 0 0 0 0 0 0 0 0 0 0 0 0 0 0 0 0 0 0 0 0 0 0 0 0 0 0 0 0 0 0 0 0 0 0 0 0 0 0 0 0 0 0 0 0 0 0 0 0 0 0 0 0 0 0 0 0 0 0 0 0 0 0 0 0 0 0 0 0 0 0 0 0 0 0 0 0 0 0 0 0 0 0 0 0 0 0 0 0 0 0 0 0 0 0 0 0 0 0 0 0 0 0 0 0 0 0 0 0 0 0 0 0 0 0 0 0 0 0 0 0 0 0 0 0 0 0 0 0 0 0 0 0 0 0 0 0 0 0 0 0 0 0 0 0 0 0 0 0 0 0 0 0 0 0 0 0 0 0 0 0 0 0 0 0 0 0 0 0 0 0 0 0 0 0 0 0 0 0 0 0 0 0 0 0 0 0 0 0 0 0 0 0 0 0 0 0 0 0 0 0 0 0 0 0 0 0 0 0 0 0 0 0 0 0 0 0 0 0 0 0 0 0 0 0 0 0 0 0 0 0 0 0 0 0 0 0 0 0 0 0 0 0 0 0 0 0 0 0 0 0 0 0 0 0 0 0 0 0 0 0 0 0 0 0 0 0 0 0 0 0 0 0 0 0 0 0 0 0 0 0 0 0 0 0 0 0 0 0 0 0 0 0 0 0 0 0 0 0 0 0 0 0 0 0 0 0 0 0 0 0 0 0 0 0 0 0 0 0 0 0 0 0 0 0 0 0 0 0 0 0 0 0 0 0 0 0 0 0 0 0 0 0 0 0 0 0 0 0 0 0 0 0 0 0 0 0 0 0 0 0 0 0 0 0 0 0 0 0 0 0 0 0 0 0 0 0 0 0 0 0 0 0 0 0 0 0 0 0 0 0 0 0 0 0 0 0 0 0 0 0 0 0 0 0 0 0 0 0 0 0 0 0 0 0 0 0 0 0 0 0 0 0 0 0 0 0 0 0 0 0 0 0 0 0 0 0 0 0 0 0 0 0 0 0 0 0 0 0 0 0 0 0 0 0 0 0 0 0 0 0 0 0 0 0 0 0 0 0 0 0 0 0 0 0 0 0 0 0 0 0 0 0 0 0 0 0 0 0 0 0 0 0 0 0 0 0 0 0 0 0 0 0 0 0 0 0 0 0 0 0 0 0 0 0 0 0 0 0 0 0 0 0 0 0 0 0 0 0 0 0 0 0 0 0 0 0 0 0 0 0 0 0 0 0 0 0 0 0 0 0 0 0 0 0 0 0 0 0 0 0 0 0 0 0 0 0 0 0 0 0 0 0 0 0 0 0 0 0 0 0 0 0 0 0 0 0 0 0 0 0 0 0 0 0 0 0 0 0 0 0 0 0 0 0 0 0 0 0 0 0 0 0 0 0 0 0 0 0 0 0 0 0 0 0 0 0 0 0 0 0 0 0 0 0 0 0 0 0 0 0 0 0 0 0 0 0 0 0 0 0 0 0 0 0 0 0 0 0 0 0 0 0 0 0 0 0 0 0 0 0 0 0 0 0 0 0 0 0 0 0 0 0 0 0 0 0 0 0 0 0 0 0 0 0
ctxt 3339641977
btime 1790630938
processes 233947
procs_running 3
procs_blocked 0
softirq 2961607357 73526 6150555 2751917 2880868984 253176 0 13556420 34356330 410 23596039
--
cpu  2180595 890 1144050 23773546 42898 0 518245 0 0 0
cpu0 77059 16 32443 747862 1009 0 16093 0 0 0
cpu1 79565 20 33008 747802 831 0 15987 0 0 0
cpu2 80457 17 33136 747396 507 0 16091 0 0 0
cpu3 99345 19 42235 710400 1280 0 23774 0 0 0
cpu4 103058 19 41644 708807 759 0 23455 0 0 0
cpu5 84692 20 34353 741322 513 0 16734 0 0 0
cpu6 84606 18 34563 741010 447 0 17377 0 0 0
cpu7 83611 16 34891 741698 269 0 17430 0 0 0
cpu8 37657 28 32504 772151 1321 0 9562 0 0 0
cpu9 42884 32 35010 756876 3220 0 10252 0 0 0
cpu10 41386 30 33976 762274 1556 0 10198 0 0 0
cpu11 38443 27 31666 773879 952 0 9331 0 0 0
cpu12 64232 103 36683 733927 3881 0 10895 0 0 0
cpu13 62145 35 37228 734761 3670 0 11145 0 0 0
cpu14 38059 26 31118 777181 1122 0 9107 0 0 0
cpu15 35719 28 28775 785830 944 0 8269 0 0 0
cpu16 96274 13 38647 722102 548 0 20598 0 0 0
cpu17 92512 14 37762 726433 1409 0 19844 0 0 0
cpu18 90238 14 37101 731102 320 0 19318 0 0 0
cpu19 116353 14 46803 685600 805 0 27836 0 0 0
cpu20 110861 16 45654 693161 868 0 27221 0 0 0
cpu21 87506 15 36264 734385 769 0 18791 0 0 0
cpu22 83456 18 35179 739725 480 0 17735 0 0 0
cpu23 78559 18 33600 748667 572 0 16476 0 0 0
cpu24 41197 32 32346 772327 1250 0 9949 0 0 0
cpu25 45303 35 35554 756164 2354 0 11668 0 0 0
cpu26 43707 30 34853 760286 1761 0 11323 0 0 0
cpu27 37164 21 31018 763713 1471 0 17731 0 0 0
cpu28 62644 51 39937 716026 2917 0 23098 0 0 0
cpu29 65551 89 41117 709211 2986 0 23455 0 0 0
cpu30 36488 21 32143 759697 1180 0 17563 0 0 0
cpu31 39849 21 32824 771754 912 0 9925 0 0 0
intr 2253350740 126 0 0 0 0 0 0 0 0 1 0 0 0 0 0 0 0 0 0 0 0 0 0 0 0 0 0 1 1 1 0 0 0 0 1 0 1 0 0 75045 0 0 0 0 0 0 0 0 411 0 0 0 0 0 0 0 0 87 0 0 0 0 0 0 0 0 0 0 0 0 0 0 0 242206 2 35010216 34947607 34875974 35011620 0 7346 2736 3229 1716 3344 2775 2264 2748 1670 11335 19901 11382 8850 14775 16261 11726 7894 2974 2054 1671 3086 2411 2216 1734 1715 9558 8653 6323 6510 7983 7362 6945 8475 0 0 0 0 616601 3601 1036 0 264 0 0 0 0 0 0 0 0 0 0 0 0 0 0 0 0 0 0 0 0 0 0 0 0 0 0 0 0 0 0 0 0 0 0 0 0 0 0 0 0 0 0 0 0 0 0 0 0 0 0 0 0 0 0 0 0 0 0 0 0 0 0 0 0 0 0 0 0 0 0 0 0 0 0 0 0 0 0 0 0 0 0 0 0 0 0 0 0 0 0 0 0 0 0 0 0 0 0 0 0 0 0 0 0 0 0 0 0 0 0 0 0 0 0 0 0 0 0 0 0 0 0 0 0 0 0 0 0 0 0 0 0 0 0 0 0 0 0 0 0 0 0 0 0 0 0 0 0 0 0 0 0 0 0 0 0 0 0 0 0 0 0 0 0 0 0 0 0 0 0 0 0 0 0 0 0 0 0 0 0 0 0 0 0 0 0 0 0 0 0 0 0 0 0 0 0 0 0 0 0 0 0 0 0 0 0 0 0 0 0 0 0 0 0 0 0 0 0 0 0 0 0 0 0 0 0 0 0 0 0 0 0 0 0 0 0 0 0 0 0 0 0 0 0 0 0 0 0 0 0 0 0 0 0 0 0 0 0 0 0 0 0 0 0 0 0 0 0 0 0 0 0 0 0 0 0 0 0 0 0 0 0 0 0 0 0 0 0 0 0 0 0 0 0 0 0 0 0 0 0 0 0 0 0 0 0 0 0 0 0 0 0 0 0 0 0 0 0 0 0 0 0 0 0 0 0 0 0 0 0 0 0 0 0 0 0 0 0 0 0 0 0 0 0 0 0 0 0 0 0 0 0 0 0 0 0 0 0 0 0 0 0 0 0 0 0 0 0 0 0 0 0 0 0 0 0 0 0 0 0 0 0 0 0 0 0 0 0 0 0 0 0 0 0 0 0 0 0 0 0 0 0 0 0 0 0 0 0 0 0 0 0 0 0 0 0 0 0 0 0 0 0 0 0 0 0 0 0 0 0 0 0 0 0 0 0 0 0 0 0 0 0 0 0 0 0 0 0 0 0 0 0 0 0 0 0 0 0 0 0 0 0 0 0 0 0 0 0 0 0 0 0 0 0 0 0 0 0 0 0 0 0 0 0 0 0 0 0 0 0 0 0 0 0 0 0 0 0 0 0 0 0 0 0 0 0 0 0 0 0 0 0 0 0 0 0 0 0 0 0 0 0 0 0 0 0 0 0 0 0 0 0 0 0 0 0 0 0 0 0 0 0 0 0 0 0 0 0 0 0 0 0 0 0 0 0 0 0 0 0 0 0 0 0 0 0 0 0 0 0 0 0 0 0 0 0 0 0 0 0 0 0 0 0 0 0 0 0 0 0 0 0 0 0 0 0 0 0 0 0 0 0 0 0 0 0 0 0 0 0 0 0 0 0 0 0 0 0 0 0 0 0 0 0 0 0 0 0 0 0 0 0 0 0 0 0 0 0 0 0 0 0 0 0 0 0 0 0 0 0 0 0 0 0 0 0 0 0 0 0 0 0 0 0 0 0 0 0 0 0 0 0 0 0 0 0 0 0 0 0 0 0 0 0 0 0 0 0 0 0 0 0 0 0 0 0 0 0 0 0 0 0 0 0 0 0 0 0 0 0 0 0 0 0 0 0 0 0 0 0 0 0 0 0 0 0 0 0 0 0 0 0 0 0 0 0 0 0 0 0 0 0 0 0 0 0 0 0 0 0 0 0 0 0 0 0 0 0 0 0 0 0 0 0 0 0 0 0 0 0 0 0 0 0 0 0 0 0 0 0 0 0 0 0 0 0 0 0 0 0 0 0 0 0 0 0 0 0 0 0 0 0 0 0 0 0 0 0 0 0 0 0 0 0 0 0 0 0 0 0 0 0 0 0 0 0 0 0 0 0 0 0 0 0 0 0 0 0 0 0 0 0 0 0 0 0 0 0 0 0 0 0 0 0 0 0 0 0 0 0 0 0 0 0 0 0 0 0 0 0 0 0 0 0 0 0 0 0 0 0 0 0 0 0 0 0 0 0 0 0 0 0 0 0 0 0 0 0 0 0 0 0 0 0 0 0 0 0 0 0 0 0 0 0 0 0 0 0 0 0 0 0 0 0 0 0 0 0 0 0 0 0 0 0 0 0 0 0 0 0 0 0 0 0 0 0 0 0 0 0 0 0 0 0 0 0 0 0 0 0 0 0 0 0 0 0 0 0 0 0 0 0 0 0 0 0 0 0 0 0 0 0 0 0 0 0 0 0 0 0 0 0 0 0 0 0 0 0 0 0 0 0 0 0 0 0 0 0 0 0 0 0 0 0 0 0 0 0 0 0 0 0 0 0 0 0 0 0 0 0 0 0 0 0 0 0 0 0 0 0 0 0 0 0 0 0 0 0 0 0 0 0 0 0 0 0 0 0 0 0 0 0 0 0 0 0 0 0 0 0 0 0 0 0 0 0 0 0 0 0 0 0 0 0 0 0 0 0 0 0 0 0 0 0 0 0 0 0 0 0 0 0
ctxt 3341015822
btime 1790630938
processes 234008
procs_running 1
procs_blocked 0
softirq 2963181996 73526 6153384 2751917 2882415733 253342 0 13556420 34370002 410 23607262
