Running 10s test @ http://127.0.0.1:18500/
  16 threads and 128 connections
  Thread Stats   Avg      Stdev     Max   +/- Stdev
    Latency   344.69us  224.44us   2.83ms   73.20%
    Req/Sec    24.57k   836.35    34.80k    96.71%
  Latency Distribution
     50%  305.00us
     75%  446.00us
     90%  633.00us
     99%    1.12ms
  3942748 requests in 10.10s, 646.74MB read
Requests/sec: 390392.89
Transfer/sec:     64.04MB
## server-stat
cpu  1817399 675 935179 16571392 36964 0 404591 0 0 0
cpu0 60441 12 26080 526260 914 0 12107 0 0 0
cpu1 63040 15 26936 524766 694 0 12450 0 0 0
cpu2 63610 12 26634 525196 448 0 12252 0 0 0
cpu3 75147 14 32422 501458 1219 0 17779 0 0 0
cpu4 78648 14 32305 498892 740 0 17623 0 0 0
cpu5 65961 14 27186 522141 440 0 12382 0 0 0
cpu6 66421 12 27667 520633 422 0 13113 0 0 0
cpu7 64363 10 27050 523923 258 0 12405 0 0 0
cpu8 36569 20 27916 535316 1195 0 7743 0 0 0
cpu9 41337 23 29259 523858 2641 0 8281 0 0 0
cpu10 40145 23 28897 527519 1358 0 8290 0 0 0
cpu11 37510 19 27424 536067 792 0 7680 0 0 0
cpu12 58957 93 30127 505418 3483 0 8696 0 0 0
cpu13 57539 26 30372 506624 2879 0 8885 0 0 0
cpu14 37054 17 26881 538697 1001 0 7513 0 0 0
cpu15 34892 19 25150 545378 800 0 6849 0 0 0
cpu16 73567 10 30379 509039 489 0 14997 0 0 0
cpu17 70804 10 29445 512426 1383 0 14242 0 0 0
cpu18 69860 10 29461 514439 308 0 14217 0 0 0
cpu19 85172 12 34802 488214 731 0 19074 0 0 0
cpu20 82001 13 34610 491579 759 0 19334 0 0 0
cpu21 68519 11 28981 515749 670 0 14122 0 0 0
cpu22 65363 12 28189 519493 402 0 13208 0 0 0
cpu23 63439 13 28064 522561 485 0 13311 0 0 0
cpu24 40218 23 28134 534270 1084 0 8219 0 0 0
cpu25 43874 27 30636 521900 1895 0 9526 0 0 0
cpu26 42505 23 30122 525141 1479 0 9261 0 0 0
cpu27 36195 13 26900 526035 1307 0 15965 0 0 0
cpu28 58543 37 33024 488245 2385 0 20412 0 0 0
cpu29 61270 75 33852 482807 2408 0 20657 0 0 0
cpu30 35496 15 27704 523333 1029 0 15806 0 0 0
cpu31 38926 14 28555 534000 853 0 8178 0 0 0
intr 1822526236 126 0 0 0 0 0 0 0 0 1 0 0 0 0 0 0 0 0 0 0 0 0 0 0 0 0 0 1 1 1 0 0 0 0 1 0 1 0 0 75045 0 0 0 0 0 0 0 0 411 0 0 0 0 0 0 0 0 87 0 0 0 0 0 0 0 0 0 0 0 0 0 0 0 190301 2 34996050 34934514 34863614 34999767 0 5285 2501 2977 1669 3126 2686 2106 2623 1528 10773 19202 11002 8698 14141 15485 11613 7671 2918 1881 1553 2548 2282 2000 1697 1701 9262 7904 5726 6292 7105 6647 6546 8271 0 0 0 0 616432 3317 1036 0 264 0 0 0 0 0 0 0 0 0 0 0 0 0 0 0 0 0 0 0 0 0 0 0 0 0 0 0 0 0 0 0 0 0 0 0 0 0 0 0 0 0 0 0 0 0 0 0 0 0 0 0 0 0 0 0 0 0 0 0 0 0 0 0 0 0 0 0 0 0 0 0 0 0 0 0 0 0 0 0 0 0 0 0 0 0 0 0 0 0 0 0 0 0 0 0 0 0 0 0 0 0 0 0 0 0 0 0 0 0 0 0 0 0 0 0 0 0 0 0 0 0 0 0 0 0 0 0 0 0 0 0 0 0 0 0 0 0 0 0 0 0 0 0 0 0 0 0 0 0 0 0 0 0 0 0 0 0 0 0 0 0 0 0 0 0 0 0 0 0 0 0 0 0 0 0 0 0 0 0 0 0 0 0 0 0 0 0 0 0 0 0 0 0 0 0 0 0 0 0 0 0 0 0 0 0 0 0 0 0 0 0 0 0 0 0 0 0 0 0 0 0 0 0 0 0 0 0 0 0 0 0 0 0 0 0 0 0 0 0 0 0 0 0 0 0 0 0 0 0 0 0 0 0 0 0 0 0 0 0 0 0 0 0 0 0 0 0 0 0 0 0 0 0 0 0 0 0 0 0 0 0 0 0 0 0 0 0 0 0 0 0 0 0 0 0 0 0 0 0 0 0 0 0 0 0 0 0 0 0 0 0 0 0 0 0 0 0 0 0 0 0 0 0 0 0 0 0 0 0 0 0 0 0 0 0 0 0 0 0 0 0 0 0 0 0 0 0 0 0 0 0 0 0 0 0 0 0 0 0 0 0 0 0 0 0 0 0 0 0 0 0 0 0 0 0 0 0 0 0 0 0 0 0 0 0 0 0 0 0 0 0 0 0 0 0 0 0 0 0 0 0 0 0 0 0 0 0 0 0 0 0 0 0 0 0 0 0 0 0 0 0 0 0 0 0 0 0 0 0 0 0 0 0 0 0 0 0 0 0 0 0 0 0 0 0 0 0 0 0 0 0 0 0 0 0 0 0 0 0 0 0 0 0 0 0 0 0 0 0 0 0 0 0 0 0 0 0 0 0 0 0 0 0 0 0 0 0 0 0 0 0 0 0 0 0 0 0 0 0 0 0 0 0 0 0 0 0 0 0 0 0 0 0 0 0 0 0 0 0 0 0 0 0 0 0 0 0 0 0 0 0 0 0 0 0 0 0 0 0 0 0 0 0 0 0 0 0 0 0 0 0 0 0 0 0 0 0 0 0 0 0 0 0 0 0 0 0 0 0 0 0 0 0 0 0 0 0 0 0 0 0 0 0 0 0 0 0 0 0 0 0 0 0 0 0 0 0 0 0 0 0 0 0 0 0 0 0 0 0 0 0 0 0 0 0 0 0 0 0 0 0 0 0 0 0 0 0 0 0 0 0 0 0 0 0 0 0 0 0 0 0 0 0 0 0 0 0 0 0 0 0 0 0 0 0 0 0 0 0 0 0 0 0 0 0 0 0 0 0 0 0 0 0 0 0 0 0 0 0 0 0 0 0 0 0 0 0 0 0 0 0 0 0 0 0 0 0 0 0 0 0 0 0 0 0 0 0 0 0 0 0 0 0 0 0 0 0 0 0 0 0 0 0 0 0 0 0 0 0 0 0 0 0 0 0 0 0 0 0 0 0 0 0 0 0 0 0 0 0 0 0 0 0 0 0 0 0 0 0 0 0 0 0 0 0 0 0 0 0 0 0 0 0 0 0 0 0 0 0 0 0 0 0 0 0 0 0 0 0 0 0 0 0 0 0 0 0 0 0 0 0 0 0 0 0 0 0 0 0 0 0 0 0 0 0 0 0 0 0 0 0 0 0 0 0 0 0 0 0 0 0 0 0 0 0 0 0 0 0 0 0 0 0 0 0 0 0 0 0 0 0 0 0 0 0 0 0 0 0 0 0 0 0 0 0 0 0 0 0 0 0 0 0 0 0 0 0 0 0 0 0 0 0 0 0 0 0 0 0 0 0 0 0 0 0 0 0 0 0 0 0 0 0 0 0 0 0 0 0 0 0 0 0 0 0 0 0 0 0 0 0 0 0 0 0 0 0 0 0 0 0 0 0 0 0 0 0 0 0 0 0 0 0 0 0 0 0 0 0 0 0 0 0 0 0 0 0 0 0 0 0 0 0 0 0 0 0 0 0 0 0 0 0 0 0 0 0 0 0 0 0 0 0 0 0 0 0 0 0 0 0 0 0 0 0 0 0 0 0 0 0 0 0 0 0 0 0 0 0 0 0 0 0 0 0 0 0 0 0 0 0 0 0 0 0 0 0 0 0 0 0 0 0 0 0 0 0 0 0 0 0 0 0 0 0 0 0 0 0 0 0 0 0 0 0 0 0 0 0 0 0 0 0 0 0 0 0 0 0 0 0 0 0 0 0 0 0 0 0 0 0 0 0 0 0 0 0 0 0 0 0 0 0 0 0 0 0 0 0 0 0 0
ctxt 2556100185
btime 1790630938
processes 172549
procs_running 18
procs_blocked 0
softirq 2270304054 73526 4255330 2751682 2204120457 198465 0 13555088 27233209 410 18115887
--
cpu  1823878 675 938625 16582213 36972 0 405772 0 0 0
cpu0 60832 12 26222 526381 914 0 12165 0 0 0
cpu1 63437 15 27079 524890 694 0 12503 0 0 0
cpu2 64004 12 26780 525321 448 0 12302 0 0 0
cpu3 75540 14 32560 501585 1219 0 17834 0 0 0
cpu4 79035 14 32450 499021 740 0 17678 0 0 0
cpu5 66350 14 27328 522266 440 0 12436 0 0 0
cpu6 66813 12 27813 520754 422 0 13169 0 0 0
cpu7 64739 10 27196 524057 258 0 12461 0 0 0
cpu8 36575 20 27991 535874 1195 0 7763 0 0 0
cpu9 41344 23 29329 524441 2641 0 8295 0 0 0
cpu10 40150 23 28962 528109 1358 0 8305 0 0 0
cpu11 37516 19 27478 536692 792 0 7692 0 0 0
cpu12 58964 93 30185 506020 3483 0 8710 0 0 0
cpu13 57547 26 30435 507205 2879 0 8901 0 0 0
cpu14 37058 17 26915 539377 1001 0 7519 0 0 0
cpu15 34894 19 25174 546089 800 0 6854 0 0 0
cpu16 73973 10 30518 509161 489 0 15050 0 0 0
cpu17 71199 10 29583 512553 1383 0 14293 0 0 0
cpu18 70252 10 29607 514563 308 0 14267 0 0 0
cpu19 85573 12 34945 488329 731 0 19127 0 0 0
cpu20 82394 13 34753 491699 759 0 19387 0 0 0
cpu21 68917 11 29116 515872 670 0 14178 0 0 0
cpu22 65755 12 28333 519617 402 0 13269 0 0 0
cpu23 63830 13 28204 522688 485 0 13362 0 0 0
cpu24 40224 23 28199 534860 1084 0 8236 0 0 0
cpu25 43890 27 30742 522343 1896 0 9562 0 0 0
cpu26 42520 23 30227 525595 1479 0 9291 0 0 0
cpu27 36204 13 26966 526577 1307 0 15985 0 0 0
cpu28 58587 37 33145 488634 2386 0 20454 0 0 0
cpu29 61313 75 33976 483189 2413 0 20700 0 0 0
cpu30 35502 15 27771 523877 1029 0 15819 0 0 0
cpu31 38934 14 28629 534558 853 0 8192 0 0 0
intr 1830768303 126 0 0 0 0 0 0 0 0 1 0 0 0 0 0 0 0 0 0 0 0 0 0 0 0 0 0 1 1 1 0 0 0 0 1 0 1 0 0 75045 0 0 0 0 0 0 0 0 411 0 0 0 0 0 0 0 0 87 0 0 0 0 0 0 0 0 0 0 0 0 0 0 0 190419 2 34996060 34934522 34863650 34999817 0 5289 2501 2977 1669 3126 2686 2106 2623 1528 10773 19202 11003 8698 14141 15485 11613 7671 2918 1881 1553 2548 2282 2000 1697 1701 9262 7905 5727 6292 7106 6652 6546 8271 0 0 0 0 616432 3317 1036 0 264 0 0 0 0 0 0 0 0 0 0 0 0 0 0 0 0 0 0 0 0 0 0 0 0 0 0 0 0 0 0 0 0 0 0 0 0 0 0 0 0 0 0 0 0 0 0 0 0 0 0 0 0 0 0 0 0 0 0 0 0 0 0 0 0 0 0 0 0 0 0 0 0 0 0 0 0 0 0 0 0 0 0 0 0 0 0 0 0 0 0 0 0 0 0 0 0 0 0 0 0 0 0 0 0 0 0 0 0 0 0 0 0 0 0 0 0 0 0 0 0 0 0 0 0 0 0 0 0 0 0 0 0 0 0 0 0 0 0 0 0 0 0 0 0 0 0 0 0 0 0 0 0 0 0 0 0 0 0 0 0 0 0 0 0 0 0 0 0 0 0 0 0 0 0 0 0 0 0 0 0 0 0 0 0 0 0 0 0 0 0 0 0 0 0 0 0 0 0 0 0 0 0 0 0 0 0 0 0 0 0 0 0 0 0 0 0 0 0 0 0 0 0 0 0 0 0 0 0 0 0 0 0 0 0 0 0 0 0 0 0 0 0 0 0 0 0 0 0 0 0 0 0 0 0 0 0 0 0 0 0 0 0 0 0 0 0 0 0 0 0 0 0 0 0 0 0 0 0 0 0 0 0 0 0 0 0 0 0 0 0 0 0 0 0 0 0 0 0 0 0 0 0 0 0 0 0 0 0 0 0 0 0 0 0 0 0 0 0 0 0 0 0 0 0 0 0 0 0 0 0 0 0 0 0 0 0 0 0 0 0 0 0 0 0 0 0 0 0 0 0 0 0 0 0 0 0 0 0 0 0 0 0 0 0 0 0 0 0 0 0 0 0 0 0 0 0 0 0 0 0 0 0 0 0 0 0 0 0 0 0 0 0 0 0 0 0 0 0 0 0 0 0 0 0 0 0 0 0 0 0 0 0 0 0 0 0 0 0 0 0 0 0 0 0 0 0 0 0 0 0 0 0 0 0 0 0 0 0 0 0 0 0 0 0 0 0 0 0 0 0 0 0 0 0 0 0 0 0 0 0 0 0 0 0 0 0 0 0 0 0 0 0 0 0 0 0 0 0 0 0 0 0 0 0 0 0 0 0 0 0 0 0 0 0 0 0 0 0 0 0 0 0 0 0 0 0 0 0 0 0 0 0 0 0 0 0 0 0 0 0 0 0 0 0 0 0 0 0 0 0 0 0 0 0 0 0 0 0 0 0 0 0 0 0 0 0 0 0 0 0 0 0 0 0 0 0 0 0 0 0 0 0 0 0 0 0 0 0 0 0 0 0 0 0 0 0 0 0 0 0 0 0 0 0 0 0 0 0 0 0 0 0 0 0 0 0 0 0 0 0 0 0 0 0 0 0 0 0 0 0 0 0 0 0 0 0 0 0 0 0 0 0 0 0 0 0 0 0 0 0 0 0 0 0 0 0 0 0 0 0 0 0 0 0 0 0 0 0 0 0 0 0 0 0 0 0 0 0 0 0 0 0 0 0 0 0 0 0 0 0 0 0 0 0 0 0 0 0 0 0 0 0 0 0 0 0 0 0 0 0 0 0 0 0 0 0 0 0 0 0 0 0 0 0 0 0 0 0 0 0 0 0 0 0 0 0 0 0 0 0 0 0 0 0 0 0 0 0 0 0 0 0 0 0 0 0 0 0 0 0 0 0 0 0 0 0 0 0 0 0 0 0 0 0 0 0 0 0 0 0 0 0 0 0 0 0 0 0 0 0 0 0 0 0 0 0 0 0 0 0 0 0 0 0 0 0 0 0 0 0 0 0 0 0 0 0 0 0 0 0 0 0 0 0 0 0 0 0 0 0 0 0 0 0 0 0 0 0 0 0 0 0 0 0 0 0 0 0 0 0 0 0 0 0 0 0 0 0 0 0 0 0 0 0 0 0 0 0 0 0 0 0 0 0 0 0 0 0 0 0 0 0 0 0 0 0 0 0 0 0 0 0 0 0 0 0 0 0 0 0 0 0 0 0 0 0 0 0 0 0 0 0 0 0 0 0 0 0 0 0 0 0 0 0 0 0 0 0 0 0 0 0 0 0 0 0 0 0 0 0 0 0 0 0 0 0 0 0 0 0 0 0 0 0 0 0 0 0 0 0 0 0 0 0 0 0 0 0 0 0 0 0 0 0 0 0 0 0 0 0 0 0 0 0 0 0 0 0 0 0 0 0 0 0 0 0 0 0 0 0 0 0 0 0 0 0 0 0 0 0 0 0 0 0 0 0 0 0 0 0 0 0 0 0 0 0 0 0 0 0 0 0 0 0 0 0 0 0 0 0 0 0 0 0 0 0 0 0 0 0 0 0 0 0 0 0 0 0 0 0 0 0 0 0 0 0 0 0 0 0 0 0 0 0 0 0 0 0 0 0 0 0 0 0 0 0 0 0 0 0 0 0 0 0 0 0 0 0 0 0 0 0 0 0 0 0 0 0 0 0 0 0 0 0 0 0 0 0 0 0 0 0
ctxt 2570035043
btime 1790630938
processes 172590
procs_running 29
procs_blocked 0
softirq 2276735617 73526 4258646 2751682 2210359233 198589 0 13555088 27361882 410 18176561
