Running 10s test @ http://127.0.0.1:18500/
  16 threads and 32 connections
  Thread Stats   Avg      Stdev     Max   +/- Stdev
    Latency    86.64us   37.76us 602.00us   66.78%
    Req/Sec    23.34k     7.69k   42.71k    80.94%
  Latency Distribution
     50%  109.00us
     75%  113.00us
     90%  117.00us
     99%  225.00us
  3752344 requests in 10.10s, 565.41MB read
Requests/sec: 371525.83
Transfer/sec:     55.98MB
## server-stat
cpu  1736903 648 893624 15696964 36124 0 374333 0 0 0
cpu0 58030 12 25257 497208 876 0 11536 0 0 0
cpu1 59641 14 25859 496845 691 0 11678 0 0 0
cpu2 59751 12 25285 498326 428 0 11190 0 0 0
cpu3 69645 14 29836 478753 1218 0 15464 0 0 0
cpu4 70274 14 29046 480124 738 0 14868 0 0 0
cpu5 61880 14 25887 495302 438 0 11461 0 0 0
cpu6 61339 12 25956 495560 418 0 11832 0 0 0
cpu7 59048 10 25189 499362 257 0 11012 0 0 0
cpu8 36400 19 27140 505448 1173 0 7342 0 0 0
cpu9 41101 22 28337 494834 2621 0 7781 0 0 0
cpu10 39935 21 28029 498285 1349 0 7831 0 0 0
cpu11 37364 18 26715 506113 768 0 7306 0 0 0
cpu12 58494 92 29216 476640 3453 0 8176 0 0 0
cpu13 57017 24 29486 477871 2843 0 8378 0 0 0
cpu14 36914 16 26221 508545 966 0 7139 0 0 0
cpu15 34779 18 24541 514896 762 0 6503 0 0 0
cpu16 67737 9 28452 485214 411 0 13463 0 0 0
cpu17 66084 9 27746 487112 1317 0 12858 0 0 0
cpu18 65698 10 28013 487990 305 0 13104 0 0 0
cpu19 76743 11 31562 469526 730 0 16271 0 0 0
cpu20 76623 13 32077 468682 757 0 16961 0 0 0
cpu21 64533 10 27491 489345 647 0 12869 0 0 0
cpu22 62417 11 27100 491233 399 0 12344 0 0 0
cpu23 60877 12 27124 493670 443 0 12619 0 0 0
cpu24 40051 22 27474 503953 1043 0 7854 0 0 0
cpu25 43633 25 29838 492208 1881 0 9079 0 0 0
cpu26 42309 21 29360 495377 1427 0 8826 0 0 0
cpu27 36050 12 26231 495740 1244 0 15581 0 0 0
cpu28 57873 35 31861 460165 2320 0 19813 0 0 0
cpu29 60558 74 32605 455035 2352 0 20034 0 0 0
cpu30 35324 14 26893 493673 1008 0 15379 0 0 0
cpu31 38767 14 27783 503915 827 0 7766 0 0 0
intr 1724178213 126 0 0 0 0 0 0 0 0 1 0 0 0 0 0 0 0 0 0 0 0 0 0 0 0 0 0 1 1 1 0 0 0 0 1 0 1 0 0 75045 0 0 0 0 0 0 0 0 411 0 0 0 0 0 0 0 0 87 0 0 0 0 0 0 0 0 0 0 0 0 0 0 0 183345 2 34994793 34933165 34860776 34996636 0 5012 2488 2975 1665 3123 2681 2100 2592 1527 10662 19116 10962 8656 13885 15402 11604 7665 2790 1812 1546 2547 2281 1997 1696 1679 9238 7882 5691 6249 7066 6524 6500 8199 0 0 0 0 616408 3279 1036 0 264 0 0 0 0 0 0 0 0 0 0 0 0 0 0 0 0 0 0 0 0 0 0 0 0 0 0 0 0 0 0 0 0 0 0 0 0 0 0 0 0 0 0 0 0 0 0 0 0 0 0 0 0 0 0 0 0 0 0 0 0 0 0 0 0 0 0 0 0 0 0 0 0 0 0 0 0 0 0 0 0 0 0 0 0 0 0 0 0 0 0 0 0 0 0 0 0 0 0 0 0 0 0 0 0 0 0 0 0 0 0 0 0 0 0 0 0 0 0 0 0 0 0 0 0 0 0 0 0 0 0 0 0 0 0 0 0 0 0 0 0 0 0 0 0 0 0 0 0 0 0 0 0 0 0 0 0 0 0 0 0 0 0 0 0 0 0 0 0 0 0 0 0 0 0 0 0 0 0 0 0 0 0 0 0 0 0 0 0 0 0 0 0 0 0 0 0 0 0 0 0 0 0 0 0 0 0 0 0 0 0 0 0 0 0 0 0 0 0 0 0 0 0 0 0 0 0 0 0 0 0 0 0 0 0 0 0 0 0 0 0 0 0 0 0 0 0 0 0 0 0 0 0 0 0 0 0 0 0 0 0 0 0 0 0 0 0 0 0 0 0 0 0 0 0 0 0 0 0 0 0 0 0 0 0 0 0 0 0 0 0 0 0 0 0 0 0 0 0 0 0 0 0 0 0 0 0 0 0 0 0 0 0 0 0 0 0 0 0 0 0 0 0 0 0 0 0 0 0 0 0 0 0 0 0 0 0 0 0 0 0 0 0 0 0 0 0 0 0 0 0 0 0 0 0 0 0 0 0 0 0 0 0 0 0 0 0 0 0 0 0 0 0 0 0 0 0 0 0 0 0 0 0 0 0 0 0 0 0 0 0 0 0 0 0 0 0 0 0 0 0 0 0 0 0 0 0 0 0 0 0 0 0 0 0 0 0 0 0 0 0 0 0 0 0 0 0 0 0 0 0 0 0 0 0 0 0 0 0 0 0 0 0 0 0 0 0 0 0 0 0 0 0 0 0 0 0 0 0 0 0 0 0 0 0 0 0 0 0 0 0 0 0 0 0 0 0 0 0 0 0 0 0 0 0 0 0 0 0 0 0 0 0 0 0 0 0 0 0 0 0 0 0 0 0 0 0 0 0 0 0 0 0 0 0 0 0 0 0 0 0 0 0 0 0 0 0 0 0 0 0 0 0 0 0 0 0 0 0 0 0 0 0 0 0 0 0 0 0 0 0 0 0 0 0 0 0 0 0 0 0 0 0 0 0 0 0 0 0 0 0 0 0 0 0 0 0 0 0 0 0 0 0 0 0 0 0 0 0 0 0 0 0 0 0 0 0 0 0 0 0 0 0 0 0 0 0 0 0 0 0 0 0 0 0 0 0 0 0 0 0 0 0 0 0 0 0 0 0 0 0 0 0 0 0 0 0 0 0 0 0 0 0 0 0 0 0 0 0 0 0 0 0 0 0 0 0 0 0 0 0 0 0 0 0 0 0 0 0 0 0 0 0 0 0 0 0 0 0 0 0 0 0 0 0 0 0 0 0 0 0 0 0 0 0 0 0 0 0 0 0 0 0 0 0 0 0 0 0 0 0 0 0 0 0 0 0 0 0 0 0 0 0 0 0 0 0 0 0 0 0 0 0 0 0 0 0 0 0 0 0 0 0 0 0 0 0 0 0 0 0 0 0 0 0 0 0 0 0 0 0 0 0 0 0 0 0 0 0 0 0 0 0 0 0 0 0 0 0 0 0 0 0 0 0 0 0 0 0 0 0 0 0 0 0 0 0 0 0 0 0 0 0 0 0 0 0 0 0 0 0 0 0 0 0 0 0 0 0 0 0 0 0 0 0 0 0 0 0 0 0 0 0 0 0 0 0 0 0 0 0 0 0 0 0 0 0 0 0 0 0 0 0 0 0 0 0 0 0 0 0 0 0 0 0 0 0 0 0 0 0 0 0 0 0 0 0 0 0 0 0 0 0 0 0 0 0 0 0 0 0 0 0 0 0 0 0 0 0 0 0 0 0 0 0 0 0 0 0 0 0 0 0 0 0 0 0 0 0 0 0 0 0 0 0 0 0 0 0 0 0 0 0 0 0 0 0 0 0 0 0 0 0 0 0 0 0 0 0 0 0 0 0 0 0 0 0 0 0 0 0 0 0 0 0 0 0 0 0 0 0 0 0 0 0 0 0 0 0 0 0 0 0 0 0 0 0 0 0 0 0 0 0 0 0 0 0 0 0 0 0 0 0 0 0 0 0 0 0 0 0 0 0 0 0 0 0 0 0 0 0 0 0 0 0 0 0 0 0 0 0 0 0 0 0 0 0 0 0 0 0 0 0 0 0 0 0 0 0 0 0 0 0 0 0 0 0 0 0 0 0 0 0 0 0 0 0 0 0 0 0 0 0 0 0 0 0 0 0 0 0 0 0 0 0 0 0 0 0 0 0 0 0 0 0 0 0 0 0 0 0 0 0
ctxt 2371947238
btime 1790630938
processes 165511
procs_running 6
procs_blocked 0
softirq 2082016061 73526 4071284 2751633 2017839733 191119 0 13554923 26211667 410 17321766
--
cpu  1737355 648 894413 15718820 36137 0 375112 0 0 0
cpu0 58030 12 25257 497997 876 0 11536 0 0 0
cpu1 59641 14 25859 497644 691 0 11678 0 0 0
cpu2 59752 12 25285 499125 428 0 11191 0 0 0
cpu3 69811 14 30135 478784 1218 0 15768 0 0 0
cpu4 70423 14 29303 480257 738 0 15129 0 0 0
cpu5 61880 14 25887 496101 438 0 11461 0 0 0
cpu6 61339 12 25956 496359 418 0 11832 0 0 0
cpu7 59049 10 25189 500162 257 0 11012 0 0 0
cpu8 36404 19 27147 506145 1173 0 7347 0 0 0
cpu9 41109 22 28350 495501 2621 0 7790 0 0 0
cpu10 39942 21 28042 498934 1349 0 7843 0 0 0
cpu11 37369 18 26726 506795 768 0 7314 0 0 0
cpu12 58503 92 29230 477283 3453 0 8192 0 0 0
cpu13 57025 24 29500 478509 2843 0 8390 0 0 0
cpu14 36917 16 26230 509226 966 0 7145 0 0 0
cpu15 34782 18 24549 515583 762 0 6510 0 0 0
cpu16 67738 9 28453 486011 411 0 13465 0 0 0
cpu17 66084 9 27746 487911 1317 0 12858 0 0 0
cpu18 65698 10 28013 488789 306 0 13104 0 0 0
cpu19 76748 11 31574 470298 730 0 16282 0 0 0
cpu20 76651 13 32130 469349 757 0 17014 0 0 0
cpu21 64533 10 27492 490144 647 0 12869 0 0 0
cpu22 62417 11 27101 492032 399 0 12344 0 0 0
cpu23 60877 12 27124 494470 443 0 12619 0 0 0
cpu24 40059 22 27484 504632 1043 0 7862 0 0 0
cpu25 43639 25 29847 492856 1881 0 9088 0 0 0
cpu26 42315 21 29369 496015 1438 0 8836 0 0 0
cpu27 36055 12 26242 496416 1244 0 15590 0 0 0
cpu28 57888 35 31872 460810 2320 0 19825 0 0 0
cpu29 60566 74 32619 455672 2352 0 20044 0 0 0
cpu30 35328 14 26901 494361 1008 0 15387 0 0 0
cpu31 38772 14 27789 504635 827 0 7772 0 0 0
intr 1726950932 126 0 0 0 0 0 0 0 0 1 0 0 0 0 0 0 0 0 0 0 0 0 0 0 0 0 0 1 1 1 0 0 0 0 1 0 1 0 0 75045 0 0 0 0 0 0 0 0 411 0 0 0 0 0 0 0 0 87 0 0 0 0 0 0 0 0 0 0 0 0 0 0 0 183455 2 34994808 34933185 34860833 34996707 0 5016 2488 2975 1665 3123 2681 2100 2592 1527 10662 19116 10962 8656 13888 15403 11604 7665 2790 1812 1546 2547 2281 1997 1696 1679 9238 7882 5691 6249 7066 6524 6500 8199 0 0 0 0 616408 3281 1036 0 264 0 0 0 0 0 0 0 0 0 0 0 0 0 0 0 0 0 0 0 0 0 0 0 0 0 0 0 0 0 0 0 0 0 0 0 0 0 0 0 0 0 0 0 0 0 0 0 0 0 0 0 0 0 0 0 0 0 0 0 0 0 0 0 0 0 0 0 0 0 0 0 0 0 0 0 0 0 0 0 0 0 0 0 0 0 0 0 0 0 0 0 0 0 0 0 0 0 0 0 0 0 0 0 0 0 0 0 0 0 0 0 0 0 0 0 0 0 0 0 0 0 0 0 0 0 0 0 0 0 0 0 0 0 0 0 0 0 0 0 0 0 0 0 0 0 0 0 0 0 0 0 0 0 0 0 0 0 0 0 0 0 0 0 0 0 0 0 0 0 0 0 0 0 0 0 0 0 0 0 0 0 0 0 0 0 0 0 0 0 0 0 0 0 0 0 0 0 0 0 0 0 0 0 0 0 0 0 0 0 0 0 0 0 0 0 0 0 0 0 0 0 0 0 0 0 0 0 0 0 0 0 0 0 0 0 0 0 0 0 0 0 0 0 0 0 0 0 0 0 0 0 0 0 0 0 0 0 0 0 0 0 0 0 0 0 0 0 0 0 0 0 0 0 0 0 0 0 0 0 0 0 0 0 0 0 0 0 0 0 0 0 0 0 0 0 0 0 0 0 0 0 0 0 0 0 0 0 0 0 0 0 0 0 0 0 0 0 0 0 0 0 0 0 0 0 0 0 0 0 0 0 0 0 0 0 0 0 0 0 0 0 0 0 0 0 0 0 0 0 0 0 0 0 0 0 0 0 0 0 0 0 0 0 0 0 0 0 0 0 0 0 0 0 0 0 0 0 0 0 0 0 0 0 0 0 0 0 0 0 0 0 0 0 0 0 0 0 0 0 0 0 0 0 0 0 0 0 0 0 0 0 0 0 0 0 0 0 0 0 0 0 0 0 0 0 0 0 0 0 0 0 0 0 0 0 0 0 0 0 0 0 0 0 0 0 0 0 0 0 0 0 0 0 0 0 0 0 0 0 0 0 0 0 0 0 0 0 0 0 0 0 0 0 0 0 0 0 0 0 0 0 0 0 0 0 0 0 0 0 0 0 0 0 0 0 0 0 0 0 0 0 0 0 0 0 0 0 0 0 0 0 0 0 0 0 0 0 0 0 0 0 0 0 0 0 0 0 0 0 0 0 0 0 0 0 0 0 0 0 0 0 0 0 0 0 0 0 0 0 0 0 0 0 0 0 0 0 0 0 0 0 0 0 0 0 0 0 0 0 0 0 0 0 0 0 0 0 0 0 0 0 0 0 0 0 0 0 0 0 0 0 0 0 0 0 0 0 0 0 0 0 0 0 0 0 0 0 0 0 0 0 0 0 0 0 0 0 0 0 0 0 0 0 0 0 0 0 0 0 0 0 0 0 0 0 0 0 0 0 0 0 0 0 0 0 0 0 0 0 0 0 0 0 0 0 0 0 0 0 0 0 0 0 0 0 0 0 0 0 0 0 0 0 0 0 0 0 0 0 0 0 0 0 0 0 0 0 0 0 0 0 0 0 0 0 0 0 0 0 0 0 0 0 0 0 0 0 0 0 0 0 0 0 0 0 0 0 0 0 0 0 0 0 0 0 0 0 0 0 0 0 0 0 0 0 0 0 0 0 0 0 0 0 0 0 0 0 0 0 0 0 0 0 0 0 0 0 0 0 0 0 0 0 0 0 0 0 0 0 0 0 0 0 0 0 0 0 0 0 0 0 0 0 0 0 0 0 0 0 0 0 0 0 0 0 0 0 0 0 0 0 0 0 0 0 0 0 0 0 0 0 0 0 0 0 0 0 0 0 0 0 0 0 0 0 0 0 0 0 0 0 0 0 0 0 0 0 0 0 0 0 0 0 0 0 0 0 0 0 0 0 0 0 0 0 0 0 0 0 0 0 0 0 0 0 0 0 0 0 0 0 0 0 0 0 0 0 0 0 0 0 0 0 0 0 0 0 0 0 0 0 0 0 0 0 0 0 0 0 0 0 0 0 0 0 0 0 0 0 0 0 0 0 0 0 0 0 0 0 0 0 0 0 0 0 0 0 0 0 0 0 0 0 0 0 0 0 0 0 0 0 0 0 0 0 0 0 0 0 0 0 0 0 0 0 0 0 0 0 0 0 0 0 0 0 0 0 0 0 0 0 0 0 0 0 0 0 0 0 0 0 0 0 0 0 0 0 0 0 0 0 0 0 0 0 0 0 0 0 0 0 0 0 0 0 0 0 0 0 0 0 0 0 0 0 0 0 0 0 0 0 0 0 0 0 0 0 0 0 0 0 0 0 0 0 0 0 0 0 0 0 0 0 0 0 0 0 0 0 0 0 0 0 0 0 0 0 0 0 0 0 0 0 0 0 0 0 0 0 0 0 0 0 0 0 0 0 0 0 0 0 0 0 0 0 0 0 0 0 0 0 0 0 0 0 0 0 0 0 0 0 0
ctxt 2377378539
btime 1790630938
processes 165562
procs_running 5
procs_blocked 0
softirq 2087989258 73526 4074688 2751633 2023785502 191236 0 13554927 26225428 410 17331908
