Running 10s test @ http://127.0.0.1:18500/page
  16 threads and 32 connections
  Thread Stats   Avg      Stdev     Max   +/- Stdev
    Latency   543.84us   35.72us   0.93ms   51.44%
    Req/Sec     3.69k   160.81     3.99k    56.25%
  Latency Distribution
     50%  523.00us
     75%  579.00us
     90%  583.00us
     99%  588.00us
  593743 requests in 10.10s, 5.71GB read
Requests/sec:  58786.94
Transfer/sec:    578.58MB
## server-stat
cpu  1705458 633 882453 15179415 35757 0 366617 0 0 0
cpu0 56585 12 24799 481551 862 0 11246 0 0 0
cpu1 58276 14 25414 481001 691 0 11387 0 0 0
cpu2 58437 11 24857 482345 427 0 10920 0 0 0
cpu3 66400 14 28686 466204 1218 0 14428 0 0 0
cpu4 67157 14 27876 467502 737 0 13802 0 0 0
cpu5 60606 13 25467 479265 438 0 11196 0 0 0
cpu6 60156 11 25557 479317 417 0 11592 0 0 0
cpu7 57943 10 24825 482925 256 0 10794 0 0 0
cpu8 36355 18 27038 487979 1161 0 7279 0 0 0
cpu9 41030 21 28186 478001 2582 0 7700 0 0 0
cpu10 39882 20 27900 481314 1343 0 7758 0 0 0
cpu11 37331 17 26620 488784 764 0 7251 0 0 0
cpu12 58197 91 28996 460320 3409 0 8075 0 0 0
cpu13 56764 23 29254 461619 2807 0 8259 0 0 0
cpu14 36873 16 26122 491375 947 0 7082 0 0 0
cpu15 34744 17 24463 497363 743 0 6460 0 0 0
cpu16 66218 9 28038 469437 411 0 13199 0 0 0
cpu17 64679 9 27316 471229 1317 0 12603 0 0 0
cpu18 64365 10 27595 471964 304 0 12850 0 0 0
cpu19 72912 11 30642 457038 729 0 15552 0 0 0
cpu20 72658 12 31186 456249 757 0 16292 0 0 0
cpu21 63253 10 27081 473276 644 0 12615 0 0 0
cpu22 61218 11 26712 474982 399 0 12113 0 0 0
cpu23 59739 12 26757 477290 411 0 12391 0 0 0
cpu24 40014 21 27381 486415 1041 0 7795 0 0 0
cpu25 43570 25 29716 474896 1831 0 9006 0 0 0
cpu26 42259 21 29249 477935 1419 0 8751 0 0 0
cpu27 36012 11 26140 478089 1210 0 15525 0 0 0
cpu28 57637 34 31674 443206 2310 0 19715 0 0 0
cpu29 60155 73 32394 438281 2340 0 19939 0 0 0
cpu30 35281 14 26796 476096 994 0 15317 0 0 0
cpu31 38738 13 27703 486152 824 0 7712 0 0 0
intr 1678899246 126 0 0 0 0 0 0 0 0 1 0 0 0 0 0 0 0 0 0 0 0 0 0 0 0 0 0 1 1 1 0 0 0 0 1 0 1 0 0 75045 0 0 0 0 0 0 0 0 411 0 0 0 0 0 0 0 0 87 0 0 0 0 0 0 0 0 0 0 0 0 0 0 0 180140 2 34994220 34932404 34859586 34995229 0 4857 2488 2974 1663 3122 2679 2097 2591 1522 10656 19041 10841 8593 13859 15350 11510 7661 2789 1812 1546 2546 2278 1994 1695 1676 9238 7876 5631 6110 7013 6513 6487 8182 0 0 0 0 616396 3250 1036 0 264 0 0 0 0 0 0 0 0 0 0 0 0 0 0 0 0 0 0 0 0 0 0 0 0 0 0 0 0 0 0 0 0 0 0 0 0 0 0 0 0 0 0 0 0 0 0 0 0 0 0 0 0 0 0 0 0 0 0 0 0 0 0 0 0 0 0 0 0 0 0 0 0 0 0 0 0 0 0 0 0 0 0 0 0 0 0 0 0 0 0 0 0 0 0 0 0 0 0 0 0 0 0 0 0 0 0 0 0 0 0 0 0 0 0 0 0 0 0 0 0 0 0 0 0 0 0 0 0 0 0 0 0 0 0 0 0 0 0 0 0 0 0 0 0 0 0 0 0 0 0 0 0 0 0 0 0 0 0 0 0 0 0 0 0 0 0 0 0 0 0 0 0 0 0 0 0 0 0 0 0 0 0 0 0 0 0 0 0 0 0 0 0 0 0 0 0 0 0 0 0 0 0 0 0 0 0 0 0 0 0 0 0 0 0 0 0 0 0 0 0 0 0 0 0 0 0 0 0 0 0 0 0 0 0 0 0 0 0 0 0 0 0 0 0 0 0 0 0 0 0 0 0 0 0 0 0 0 0 0 0 0 0 0 0 0 0 0 0 0 0 0 0 0 0 0 0 0 0 0 0 0 0 0 0 0 0 0 0 0 0 0 0 0 0 0 0 0 0 0 0 0 0 0 0 0 0 0 0 0 0 0 0 0 0 0 0 0 0 0 0 0 0 0 0 0 0 0 0 0 0 0 0 0 0 0 0 0 0 0 0 0 0 0 0 0 0 0 0 0 0 0 0 0 0 0 0 0 0 0 0 0 0 0 0 0 0 0 0 0 0 0 0 0 0 0 0 0 0 0 0 0 0 0 0 0 0 0 0 0 0 0 0 0 0 0 0 0 0 0 0 0 0 0 0 0 0 0 0 0 0 0 0 0 0 0 0 0 0 0 0 0 0 0 0 0 0 0 0 0 0 0 0 0 0 0 0 0 0 0 0 0 0 0 0 0 0 0 0 0 0 0 0 0 0 0 0 0 0 0 0 0 0 0 0 0 0 0 0 0 0 0 0 0 0 0 0 0 0 0 0 0 0 0 0 0 0 0 0 0 0 0 0 0 0 0 0 0 0 0 0 0 0 0 0 0 0 0 0 0 0 0 0 0 0 0 0 0 0 0 0 0 0 0 0 0 0 0 0 0 0 0 0 0 0 0 0 0 0 0 0 0 0 0 0 0 0 0 0 0 0 0 0 0 0 0 0 0 0 0 0 0 0 0 0 0 0 0 0 0 0 0 0 0 0 0 0 0 0 0 0 0 0 0 0 0 0 0 0 0 0 0 0 0 0 0 0 0 0 0 0 0 0 0 0 0 0 0 0 0 0 0 0 0 0 0 0 0 0 0 0 0 0 0 0 0 0 0 0 0 0 0 0 0 0 0 0 0 0 0 0 0 0 0 0 0 0 0 0 0 0 0 0 0 0 0 0 0 0 0 0 0 0 0 0 0 0 0 0 0 0 0 0 0 0 0 0 0 0 0 0 0 0 0 0 0 0 0 0 0 0 0 0 0 0 0 0 0 0 0 0 0 0 0 0 0 0 0 0 0 0 0 0 0 0 0 0 0 0 0 0 0 0 0 0 0 0 0 0 0 0 0 0 0 0 0 0 0 0 0 0 0 0 0 0 0 0 0 0 0 0 0 0 0 0 0 0 0 0 0 0 0 0 0 0 0 0 0 0 0 0 0 0 0 0 0 0 0 0 0 0 0 0 0 0 0 0 0 0 0 0 0 0 0 0 0 0 0 0 0 0 0 0 0 0 0 0 0 0 0 0 0 0 0 0 0 0 0 0 0 0 0 0 0 0 0 0 0 0 0 0 0 0 0 0 0 0 0 0 0 0 0 0 0 0 0 0 0 0 0 0 0 0 0 0 0 0 0 0 0 0 0 0 0 0 0 0 0 0 0 0 0 0 0 0 0 0 0 0 0 0 0 0 0 0 0 0 0 0 0 0 0 0 0 0 0 0 0 0 0 0 0 0 0 0 0 0 0 0 0 0 0 0 0 0 0 0 0 0 0 0 0 0 0 0 0 0 0 0 0 0 0 0 0 0 0 0 0 0 0 0 0 0 0 0 0 0 0 0 0 0 0 0 0 0 0 0 0 0 0 0 0 0 0 0 0 0 0 0 0 0 0 0 0 0 0 0 0 0 0 0 0 0 0 0 0 0 0 0 0 0 0 0 0 0 0 0 0 0 0 0 0 0 0 0 0 0 0 0 0 0 0 0 0 0 0 0 0 0 0 0 0 0 0 0 0 0 0 0 0 0 0 0 0 0 0 0 0 0 0 0 0 0 0 0 0 0 0 0 0 0 0 0 0 0 0 0 0 0 0 0 0 0 0 0 0 0 0 0 0 0 0 0 0 0 0 0 0 0 0 0 0 0 0 0 0 0 0 0 0 0 0 0 0 0 0 0 0 0 0 0 0 0
ctxt 2294714895
btime 1790630938
processes 161562
procs_running 3
procs_blocked 0
softirq 2027654127 73526 3963003 2751607 1964423287 187699 0 13554814 25728644 410 16971137
--
cpu  1706807 634 882660 15202940 35771 0 366768 0 0 0
cpu0 56585 12 24799 482331 873 0 11247 0 0 0
cpu1 58277 14 25414 481800 691 0 11387 0 0 0
cpu2 58437 11 24857 483145 427 0 10920 0 0 0
cpu3 66400 14 28686 467004 1218 0 14428 0 0 0
cpu4 67158 14 27876 468302 737 0 13802 0 0 0
cpu5 60606 13 25467 480064 438 0 11196 0 0 0
cpu6 60156 11 25557 480116 417 0 11592 0 0 0
cpu7 57943 10 24825 483725 256 0 10794 0 0 0
cpu8 36359 18 27039 488759 1161 0 7279 0 0 0
cpu9 41033 21 28188 478760 2582 0 7701 0 0 0
cpu10 39884 20 27901 482065 1344 0 7759 0 0 0
cpu11 37331 17 26621 489551 764 0 7252 0 0 0
cpu12 58206 91 28997 461057 3410 0 8076 0 0 0
cpu13 56783 23 29260 462351 2807 0 8261 0 0 0
cpu14 36874 16 26124 492143 947 0 7083 0 0 0
cpu15 34747 17 24464 498146 743 0 6460 0 0 0
cpu16 66218 9 28038 470236 411 0 13199 0 0 0
cpu17 64679 9 27316 472028 1317 0 12603 0 0 0
cpu18 64365 10 27595 472764 304 0 12850 0 0 0
cpu19 73547 11 30736 457038 729 0 15624 0 0 0
cpu20 73294 12 31278 456249 757 0 16363 0 0 0
cpu21 63253 10 27081 474075 644 0 12615 0 0 0
cpu22 61218 11 26713 475780 399 0 12113 0 0 0
cpu23 59739 12 26757 478088 412 0 12391 0 0 0
cpu24 40014 21 27381 487202 1041 0 7795 0 0 0
cpu25 43572 25 29716 475685 1831 0 9006 0 0 0
cpu26 42259 21 29250 478724 1419 0 8751 0 0 0
cpu27 36014 11 26140 478878 1210 0 15525 0 0 0
cpu28 57640 34 31675 443977 2310 0 19715 0 0 0
cpu29 60180 73 32397 439041 2340 0 19939 0 0 0
cpu30 35284 14 26797 476890 994 0 15317 0 0 0
cpu31 38738 13 27703 486949 824 0 7712 0 0 0
intr 1679453023 126 0 0 0 0 0 0 0 0 1 0 0 0 0 0 0 0 0 0 0 0 0 0 0 0 0 0 1 1 1 0 0 0 0 1 0 1 0 0 75045 0 0 0 0 0 0 0 0 411 0 0 0 0 0 0 0 0 87 0 0 0 0 0 0 0 0 0 0 0 0 0 0 0 180258 2 34994233 34932416 34859616 34995272 0 4865 2488 2974 1663 3122 2679 2097 2591 1522 10656 19041 10901 8593 13859 15350 11516 7662 2789 1812 1546 2546 2278 1994 1696 1676 9238 7876 5631 6110 7013 6513 6487 8182 0 0 0 0 616396 3250 1036 0 264 0 0 0 0 0 0 0 0 0 0 0 0 0 0 0 0 0 0 0 0 0 0 0 0 0 0 0 0 0 0 0 0 0 0 0 0 0 0 0 0 0 0 0 0 0 0 0 0 0 0 0 0 0 0 0 0 0 0 0 0 0 0 0 0 0 0 0 0 0 0 0 0 0 0 0 0 0 0 0 0 0 0 0 0 0 0 0 0 0 0 0 0 0 0 0 0 0 0 0 0 0 0 0 0 0 0 0 0 0 0 0 0 0 0 0 0 0 0 0 0 0 0 0 0 0 0 0 0 0 0 0 0 0 0 0 0 0 0 0 0 0 0 0 0 0 0 0 0 0 0 0 0 0 0 0 0 0 0 0 0 0 0 0 0 0 0 0 0 0 0 0 0 0 0 0 0 0 0 0 0 0 0 0 0 0 0 0 0 0 0 0 0 0 0 0 0 0 0 0 0 0 0 0 0 0 0 0 0 0 0 0 0 0 0 0 0 0 0 0 0 0 0 0 0 0 0 0 0 0 0 0 0 0 0 0 0 0 0 0 0 0 0 0 0 0 0 0 0 0 0 0 0 0 0 0 0 0 0 0 0 0 0 0 0 0 0 0 0 0 0 0 0 0 0 0 0 0 0 0 0 0 0 0 0 0 0 0 0 0 0 0 0 0 0 0 0 0 0 0 0 0 0 0 0 0 0 0 0 0 0 0 0 0 0 0 0 0 0 0 0 0 0 0 0 0 0 0 0 0 0 0 0 0 0 0 0 0 0 0 0 0 0 0 0 0 0 0 0 0 0 0 0 0 0 0 0 0 0 0 0 0 0 0 0 0 0 0 0 0 0 0 0 0 0 0 0 0 0 0 0 0 0 0 0 0 0 0 0 0 0 0 0 0 0 0 0 0 0 0 0 0 0 0 0 0 0 0 0 0 0 0 0 0 0 0 0 0 0 0 0 0 0 0 0 0 0 0 0 0 0 0 0 0 0 0 0 0 0 0 0 0 0 0 0 0 0 0 0 0 0 0 0 0 0 0 0 0 0 0 0 0 0 0 0 0 0 0 0 0 0 0 0 0 0 0 0 0 0 0 0 0 0 0 0 0 0 0 0 0 0 0 0 0 0 0 0 0 0 0 0 0 0 0 0 0 0 0 0 0 0 0 0 0 0 0 0 0 0 0 0 0 0 0 0 0 0 0 0 0 0 0 0 0 0 0 0 0 0 0 0 0 0 0 0 0 0 0 0 0 0 0 0 0 0 0 0 0 0 0 0 0 0 0 0 0 0 0 0 0 0 0 0 0 0 0 0 0 0 0 0 0 0 0 0 0 0 0 0 0 0 0 0 0 0 0 0 0 0 0 0 0 0 0 0 0 0 0 0 0 0 0 0 0 0 0 0 0 0 0 0 0 0 0 0 0 0 0 0 0 0 0 0 0 0 0 0 0 0 0 0 0 0 0 0 0 0 0 0 0 0 0 0 0 0 0 0 0 0 0 0 0 0 0 0 0 0 0 0 0 0 0 0 0 0 0 0 0 0 0 0 0 0 0 0 0 0 0 0 0 0 0 0 0 0 0 0 0 0 0 0 0 0 0 0 0 0 0 0 0 0 0 0 0 0 0 0 0 0 0 0 0 0 0 0 0 0 0 0 0 0 0 0 0 0 0 0 0 0 0 0 0 0 0 0 0 0 0 0 0 0 0 0 0 0 0 0 0 0 0 0 0 0 0 0 0 0 0 0 0 0 0 0 0 0 0 0 0 0 0 0 0 0 0 0 0 0 0 0 0 0 0 0 0 0 0 0 0 0 0 0 0 0 0 0 0 0 0 0 0 0 0 0 0 0 0 0 0 0 0 0 0 0 0 0 0 0 0 0 0 0 0 0 0 0 0 0 0 0 0 0 0 0 0 0 0 0 0 0 0 0 0 0 0 0 0 0 0 0 0 0 0 0 0 0 0 0 0 0 0 0 0 0 0 0 0 0 0 0 0 0 0 0 0 0 0 0 0 0 0 0 0 0 0 0 0 0 0 0 0 0 0 0 0 0 0 0 0 0 0 0 0 0 0 0 0 0 0 0 0 0 0 0 0 0 0 0 0 0 0 0 0 0 0 0 0 0 0 0 0 0 0 0 0 0 0 0 0 0 0 0 0 0 0 0 0 0 0 0 0 0 0 0 0 0 0 0 0 0 0 0 0 0 0 0 0 0 0 0 0 0 0 0 0 0 0 0 0 0 0 0 0 0 0 0 0 0 0 0 0 0 0 0 0 0 0 0 0 0 0 0 0 0 0 0 0 0 0 0 0 0 0 0 0 0 0 0 0 0 0 0 0 0 0 0 0 0 0 0 0 0 0 0 0 0 0 0 0 0 0 0 0 0 0 0 0 0 0 0 0 0 0 0 0 0 0 0 0 0 0 0 0 0 0 0 0 0 0 0 0 0 0 0 0 0 0 0 0 0 0 0 0 0 0 0 0 0 0 0 0 0 0 0
ctxt 2295708602
btime 1790630938
processes 161629
procs_running 3
procs_blocked 0
softirq 2028617430 73526 3966083 2751607 1965364174 187828 0 13554814 25739438 410 16979550
