Running 10s test @ http://127.0.0.1:18500/wait
  16 threads and 10000 connections
  Thread Stats   Avg      Stdev     Max   +/- Stdev
    Latency    17.93ms   75.33ms   2.87s    99.45%
    Req/Sec    36.09k     4.47k   45.39k    65.38%
  Latency Distribution
     50%   13.30ms
     75%   13.46ms
     90%   13.61ms
     99%   15.61ms
  5745246 requests in 10.04s, 586.26MB read
  Socket errors: connect 0, read 911, write 0, timeout 0
Requests/sec: 571952.30
Transfer/sec:     58.36MB
## server-stat
cpu  2182808 891 1145227 23786301 42910 0 519023 0 0 0
cpu0 77180 16 32482 748221 1010 0 16128 0 0 0
cpu1 79573 20 33012 748342 831 0 15991 0 0 0
cpu2 80463 17 33139 747945 507 0 16093 0 0 0
cpu3 99458 19 42273 710773 1280 0 23807 0 0 0
cpu4 103171 19 41683 709183 759 0 23488 0 0 0
cpu5 84888 20 34416 741569 513 0 16789 0 0 0
cpu6 84784 18 34619 741290 447 0 17424 0 0 0
cpu7 83825 16 34956 741921 269 0 17489 0 0 0
cpu8 37665 28 32538 772588 1331 0 9574 0 0 0
cpu9 42893 32 35039 757321 3220 0 10265 0 0 0
cpu10 41392 30 34004 762721 1556 0 10210 0 0 0
cpu11 38448 27 31693 774330 952 0 9344 0 0 0
cpu12 64243 103 36717 734366 3881 0 10909 0 0 0
cpu13 62157 35 37262 735200 3670 0 11160 0 0 0
cpu14 38065 26 31143 777640 1122 0 9118 0 0 0
cpu15 35725 29 28801 786293 944 0 8278 0 0 0
cpu16 96414 13 38689 722444 548 0 20633 0 0 0
cpu17 92762 14 37841 726599 1409 0 19911 0 0 0
cpu18 90486 14 37178 731268 320 0 19388 0 0 0
cpu19 116507 14 46859 685910 805 0 27876 0 0 0
cpu20 111015 16 45707 693473 868 0 27264 0 0 0
cpu21 87564 15 36284 734852 769 0 18807 0 0 0
cpu22 83530 18 35204 740166 480 0 17755 0 0 0
cpu23 78605 18 33611 749160 572 0 16484 0 0 0
cpu24 41205 32 32375 772776 1250 0 9962 0 0 0
cpu25 45312 35 35586 756604 2354 0 11682 0 0 0
cpu26 43718 30 34886 760725 1761 0 11338 0 0 0
cpu27 37172 21 31050 764156 1471 0 17743 0 0 0
cpu28 62656 51 39975 716461 2917 0 23113 0 0 0
cpu29 65567 89 41162 709636 2986 0 23470 0 0 0
cpu30 36493 21 32175 760146 1180 0 17576 0 0 0
cpu31 39858 21 32854 772205 912 0 9939 0 0 0
intr 2255129368 126 0 0 0 0 0 0 0 0 1 0 0 0 0 0 0 0 0 0 0 0 0 0 0 0 0 0 1 1 1 0 0 0 0 1 0 1 0 0 75045 0 0 0 0 0 0 0 0 411 0 0 0 0 0 0 0 0 87 0 0 0 0 0 0 0 0 0 0 0 0 0 0 0 242324 2 35010238 34947612 34875998 35011659 0 7350 2736 3229 1716 3344 2775 2264 2748 1670 11335 19902 11382 8850 14775 16261 11726 7896 2974 2054 1671 3086 2411 2216 1734 1715 9558 8654 6323 6510 7983 7362 6945 8475 0 0 0 0 616601 3601 1036 0 264 0 0 0 0 0 0 0 0 0 0 0 0 0 0 0 0 0 0 0 0 0 0 0 0 0 0 0 0 0 0 0 0 0 0 0 0 0 0 0 0 0 0 0 0 0 0 0 0 0 0 0 0 0 0 0 0 0 0 0 0 0 0 0 0 0 0 0 0 0 0 0 0 0 0 0 0 0 0 0 0 0 0 0 0 0 0 0 0 0 0 0 0 0 0 0 0 0 0 0 0 0 0 0 0 0 0 0 0 0 0 0 0 0 0 0 0 0 0 0 0 0 0 0 0 0 0 0 0 0 0 0 0 0 0 0 0 0 0 0 0 0 0 0 0 0 0 0 0 0 0 0 0 0 0 0 0 0 0 0 0 0 0 0 0 0 0 0 0 0 0 0 0 0 0 0 0 0 0 0 0 0 0 0 0 0 0 0 0 0 0 0 0 0 0 0 0 0 0 0 0 0 0 0 0 0 0 0 0 0 0 0 0 0 0 0 0 0 0 0 0 0 0 0 0 0 0 0 0 0 0 0 0 0 0 0 0 0 0 0 0 0 0 0 0 0 0 0 0 0 0 0 0 0 0 0 0 0 0 0 0 0 0 0 0 0 0 0 0 0 0 0 0 0 0 0 0 0 0 0 0 0 0 0 0 0 0 0 0 0 0 0 0 0 0 0 0 0 0 0 0 0 0 0 0 0 0 0 0 0 0 0 0 0 0 0 0 0 0 0 0 0 0 0 0 0 0 0 0 0 0 0 0 0 0 0 0 0 0 0 0 0 0 0 0 0 0 0 0 0 0 0 0 0 0 0 0 0 0 0 0 0 0 0 0 0 0 0 0 0 0 0 0 0 0 0 0 0 0 0 0 0 0 0 0 0 0 0 0 0 0 0 0 0 0 0 0 0 0 0 0 0 0 0 0 0 0 0 0 0 0 0 0 0 0 0 0 0 0 0 0 0 0 0 0 0 0 0 0 0 0 0 0 0 0 0 0 0 0 0 0 0 0 0 0 0 0 0 0 0 0 0 0 0 0 0 0 0 0 0 0 0 0 0 0 0 0 0 0 0 0 0 0 0 0 0 0 0 0 0 0 0 0 0 0 0 0 0 0 0 0 0 0 0 0 0 0 0 0 0 0 0 0 0 0 0 0 0 0 0 0 0 0 0 0 0 0 0 0 0 0 0 0 0 0 0 0 0 0 0 0 0 0 0 0 0 0 0 0 0 0 0 0 0 0 0 0 0 0 0 0 0 0 0 0 0 0 0 0 0 0 0 0 0 0 0 0 0 0 0 0 0 0 0 0 0 0 0 0 0 0 0 0 0 0 0 0 0 0 0 0 0 0 0 0 0 0 0 0 0 0 0 0 0 0 0 0 0 0 0 0 0 0 0 0 0 0 0 0 0 0 0 0 0 0 0 0 0 0 0 0 0 0 0 0 0 0 0 0 0 0 0 0 0 0 0 0 0 0 0 0 0 0 0 0 0 0 0 0 0 0 0 0 0 0 0 0 0 0 0 0 0 0 0 0 0 0 0 0 0 0 0 0 0 0 0 0 0 0 0 0 0 0 0 0 0 0 0 0 0 0 0 0 0 0 0 0 0 0 0 0 0 0 0 0 0 0 0 0 0 0 0 0 0 0 0 0 0 0 0 0 0 0 0 0 0 0 0 0 0 0 0 0 0 0 0 0 0 0 0 0 0 0 0 0 0 0 0 0 0 0 0 0 0 0 0 0 0 0 0 0 0 0 0 0 0 0 0 0 0 0 0 0 0 0 0 0 0 0 0 0 0 0 0 0 0 0 0 0 0 0 0 0 0 0 0 0 0 0 0 0 0 0 0 0 0 0 0 0 0 0 0 0 0 0 0 0 0 0 0 0 0 0 0 0 0 0 0 0 0 0 0 0 0 0 0 0 0 0 0 0 0 0 0 0 0 0 0 0 0 0 0 0 0 0 0 0 0 0 0 0 0 0 0 0 0 0 0 0 0 0 0 0 0 0 0 0 0 0 0 0 0 0 0 0 0 0 0 0 0 0 0 0 0 0 0 0 0 0 0 0 0 0 0 0 0 0 0 0 0 0 0 0 0 0 0 0 0 0 0 0 0 0 0 0 0 0 0 0 0 0 0 0 0 0 0 0 0 0 0 0 0 0 0 0 0 0 0 0 0 0 0 0 0 0 0 0 0 0 0 0 0 0 0 0 0 0 0 0 0 0 0 0 0 0 0 0 0 0 0 0 0 0 0 0 0 0 0 0 0 0 0 0 0 0 0 0 0 0 0 0 0 0 0 0 0 0 0 0 0 0 0 0 0 0 0 0 0 0 0 0 0 0 0 0 0 0 0 0 0 0 0 0 0 0 0 0 0 0 0 0 0 0 0 0 0 0 0 0 0 0 0 0 0 0 0 0 0 0 0 0 0 0 0 0 0 0 0 0 0 0 0 0 0 0 0 0 0 0 0 0 0 0 0 0 0 0 0 0 0 0 0 0
ctxt 3344386983
btime 1790630938
processes 234161
procs_running 11
procs_blocked 0
softirq 2967929795 73526 6158160 2751919 2887113094 253467 0 13556422 34388799 410 23633998
--
cpu  2187102 892 1147333 23801856 42922 0 520548 0 0 0
cpu0 77180 16 32482 748998 1010 0 16128 0 0 0
cpu1 79574 20 33013 749139 831 0 15991 0 0 0
cpu2 80463 17 33139 748743 507 0 16093 0 0 0
cpu3 99459 19 42273 711570 1280 0 23807 0 0 0
cpu4 103457 19 41772 709527 759 0 23568 0 0 0
cpu5 84889 20 34416 742366 513 0 16789 0 0 0
cpu6 84785 18 34620 742086 447 0 17424 0 0 0
cpu7 84201 16 35067 742122 269 0 17600 0 0 0
cpu8 37679 28 32593 773158 1338 0 9600 0 0 0
cpu9 42906 32 35095 757893 3221 0 10290 0 0 0
cpu10 41405 30 34061 763296 1556 0 10233 0 0 0
cpu11 38460 27 31744 774917 952 0 9367 0 0 0
cpu12 64258 103 36778 734942 3881 0 10934 0 0 0
cpu13 62170 35 37319 735773 3670 0 11184 0 0 0
cpu14 38075 26 31191 778248 1122 0 9140 0 0 0
cpu15 35734 29 28843 786906 944 0 8299 0 0 0
cpu16 96933 13 38832 722445 548 0 20771 0 0 0
cpu17 93271 14 37996 726600 1409 0 20045 0 0 0
cpu18 90983 14 37338 731268 320 0 19532 0 0 0
cpu19 117012 14 47012 685910 805 0 28017 0 0 0
cpu20 111233 16 45771 693926 868 0 27326 0 0 0
cpu21 88062 15 36440 734852 769 0 18952 0 0 0
cpu22 84038 18 35356 740166 480 0 17895 0 0 0
cpu23 78738 18 33648 749753 572 0 16521 0 0 0
cpu24 41217 32 32424 773354 1250 0 9987 0 0 0
cpu25 45329 35 35645 757168 2354 0 11710 0 0 0
cpu26 43734 30 34944 761282 1765 0 11362 0 0 0
cpu27 37185 22 31102 764727 1471 0 17768 0 0 0
cpu28 62683 51 40043 717013 2917 0 23142 0 0 0
cpu29 65593 89 41225 710182 2986 0 23499 0 0 0
cpu30 36508 21 32235 760725 1181 0 17602 0 0 0
cpu31 39872 21 32901 772784 913 0 9961 0 0 0
intr 2258499193 126 0 0 0 0 0 0 0 0 1 0 0 0 0 0 0 0 0 0 0 0 0 0 0 0 0 0 1 1 1 0 0 0 0 1 0 1 0 0 75045 0 0 0 0 0 0 0 0 411 0 0 0 0 0 0 0 0 87 0 0 0 0 0 0 0 0 0 0 0 0 0 0 0 242432 2 35010249 34947614 34876004 35011669 0 7354 2736 3229 1716 3344 2775 2264 2748 1670 11336 19902 11382 8850 14776 16261 11726 7896 2974 2054 1671 3086 2411 2216 1734 1715 9558 8657 6323 6510 7983 7362 6945 8475 0 0 0 0 616601 3601 1036 0 264 0 0 0 0 0 0 0 0 0 0 0 0 0 0 0 0 0 0 0 0 0 0 0 0 0 0 0 0 0 0 0 0 0 0 0 0 0 0 0 0 0 0 0 0 0 0 0 0 0 0 0 0 0 0 0 0 0 0 0 0 0 0 0 0 0 0 0 0 0 0 0 0 0 0 0 0 0 0 0 0 0 0 0 0 0 0 0 0 0 0 0 0 0 0 0 0 0 0 0 0 0 0 0 0 0 0 0 0 0 0 0 0 0 0 0 0 0 0 0 0 0 0 0 0 0 0 0 0 0 0 0 0 0 0 0 0 0 0 0 0 0 0 0 0 0 0 0 0 0 0 0 0 0 0 0 0 0 0 0 0 0 0 0 0 0 0 0 0 0 0 0 0 0 0 0 0 0 0 0 0 0 0 0 0 0 0 0 0 0 0 0 0 0 0 0 0 0 0 0 0 0 0 0 0 0 0 0 0 0 0 0 0 0 0 0 0 0 0 0 0 0 0 0 0 0 0 0 0 0 0 0 0 0 0 0 0 0 0 0 0 0 0 0 0 0 0 0 0 0 0 0 0 0 0 0 0 0 0 0 0 0 0 0 0 0 0 0 0 0 0 0 0 0 0 0 0 0 0 0 0 0 0 0 0 0 0 0 0 0 0 0 0 0 0 0 0 0 0 0 0 0 0 0 0 0 0 0 0 0 0 0 0 0 0 0 0 0 0 0 0 0 0 0 0 0 0 0 0 0 0 0 0 0 0 0 0 0 0 0 0 0 0 0 0 0 0 0 0 0 0 0 0 0 0 0 0 0 0 0 0 0 0 0 0 0 0 0 0 0 0 0 0 0 0 0 0 0 0 0 0 0 0 0 0 0 0 0 0 0 0 0 0 0 0 0 0 0 0 0 0 0 0 0 0 0 0 0 0 0 0 0 0 0 0 0 0 0 0 0 0 0 0 0 0 0 0 0 0 0 0 0 0 0 0 0 0 0 0 0 0 0 0 0 0 0 0 0 0 0 0 0 0 0 0 0 0 0 0 0 0 0 0 0 0 0 0 0 0 0 0 0 0 0 0 0 0 0 0 0 0 0 0 0 0 0 0 0 0 0 0 0 0 0 0 0 0 0 0 0 0 0 0 0 0 0 0 0 0 0 0 0 0 0 0 0 0 0 0 0 0 0 0 0 0 0 0 0 0 0 0 0 0 0 0 0 0 0 0 0 0 0 0 0 0 0 0 0 0 0 0 0 0 0 0 0 0 0 0 0 0 0 0 0 0 0 0 0 0 0 0 0 0 0 0 0 0 0 0 0 0 0 0 0 0 0 0 0 0 0 0 0 0 0 0 0 0 0 0 0 0 0 0 0 0 0 0 0 0 0 0 0 0 0 0 0 0 0 0 0 0 0 0 0 0 0 0 0 0 0 0 0 0 0 0 0 0 0 0 0 0 0 0 0 0 0 0 0 0 0 0 0 0 0 0 0 0 0 0 0 0 0 0 0 0 0 0 0 0 0 0 0 0 0 0 0 0 0 0 0 0 0 0 0 0 0 0 0 0 0 0 0 0 0 0 0 0 0 0 0 0 0 0 0 0 0 0 0 0 0 0 0 0 0 0 0 0 0 0 0 0 0 0 0 0 0 0 0 0 0 0 0 0 0 0 0 0 0 0 0 0 0 0 0 0 0 0 0 0 0 0 0 0 0 0 0 0 0 0 0 0 0 0 0 0 0 0 0 0 0 0 0 0 0 0 0 0 0 0 0 0 0 0 0 0 0 0 0 0 0 0 0 0 0 0 0 0 0 0 0 0 0 0 0 0 0 0 0 0 0 0 0 0 0 0 0 0 0 0 0 0 0 0 0 0 0 0 0 0 0 0 0 0 0 0 0 0 0 0 0 0 0 0 0 0 0 0 0 0 0 0 0 0 0 0 0 0 0 0 0 0 0 0 0 0 0 0 0 0 0 0 0 0 0 0 0 0 0 0 0 0 0 0 0 0 0 0 0 0 0 0 0 0 0 0 0 0 0 0 0 0 0 0 0 0 0 0 0 0 0 0 0 0 0 0 0 0 0 0 0 0 0 0 0 0 0 0 0 0 0 0 0 0 0 0 0 0 0 0 0 0 0 0 0 0 0 0 0 0 0 0 0 0 0 0 0 0 0 0 0 0 0 0 0 0 0 0 0 0 0 0 0 0 0 0 0 0 0 0 0 0 0 0 0 0 0 0 0 0 0 0 0 0 0 0 0 0 0 0 0 0 0 0 0 0 0 0 0 0 0 0 0 0 0 0 0 0 0 0 0 0 0 0 0 0 0 0 0 0 0 0 0 0 0 0 0 0 0 0 0 0 0 0 0 0 0 0 0 0 0 0 0 0 0 0 0 0 0 0 0 0 0 0 0 0 0 0 0 0 0 0 0 0 0 0 0 0 0 0 0 0 0 0 0 0 0 0 0 0 0 0 0 0 0 0 0 0 0 0 0 0 0 0
ctxt 3350895657
btime 1790630938
processes 234212
procs_running 14
procs_blocked 0
softirq 2977218603 73526 6164272 2751919 2896338900 253581 0 13556422 34413309 410 23666264
