Running 10s test @ http://127.0.0.1:18500/wait
  16 threads and 1000 connections
  Thread Stats   Avg      Stdev     Max   +/- Stdev
    Latency    13.21ms    1.07ms  16.33ms   64.34%
    Req/Sec     4.71k   258.79     5.88k    64.36%
  Latency Distribution
     50%   13.24ms
     75%   14.10ms
     90%   14.53ms
     99%   15.27ms
  751831 requests in 10.09s, 76.72MB read
Requests/sec:  74499.59
Transfer/sec:      7.60MB
## server-stat
cpu  2170660 880 1137430 23401913 42595 0 513730 0 0 0
cpu0 76898 16 32359 735794 984 0 16018 0 0 0
cpu1 79460 20 32957 735524 803 0 15943 0 0 0
cpu2 80393 17 33103 735054 462 0 16061 0 0 0
cpu3 97744 19 41408 701070 1280 0 23075 0 0 0
cpu4 101281 19 40719 699763 756 0 22674 0 0 0
cpu5 84602 19 34315 728974 510 0 16696 0 0 0
cpu6 84567 18 34543 728578 435 0 17359 0 0 0
cpu7 83598 16 34883 729207 269 0 17425 0 0 0
cpu8 37612 27 32383 760267 1319 0 9502 0 0 0
cpu9 42795 31 34828 745236 3207 0 10175 0 0 0
cpu10 41308 30 33810 750624 1531 0 10119 0 0 0
cpu11 38396 26 31516 762076 951 0 9268 0 0 0
cpu12 64026 102 36464 722527 3828 0 10800 0 0 0
cpu13 61956 35 36984 723368 3655 0 11037 0 0 0
cpu14 38009 25 30959 765375 1122 0 9042 0 0 0
cpu15 35680 28 28659 773928 942 0 8217 0 0 0
cpu16 96249 12 38636 709626 548 0 20593 0 0 0
cpu17 92496 14 37755 713945 1409 0 19843 0 0 0
cpu18 90226 14 37095 718608 320 0 19317 0 0 0
cpu19 113630 14 45624 677998 805 0 26835 0 0 0
cpu20 108898 16 44807 684151 867 0 26523 0 0 0
cpu21 87496 15 36259 721887 767 0 18790 0 0 0
cpu22 83445 18 35175 727226 480 0 17734 0 0 0
cpu23 78554 18 33594 736174 559 0 16476 0 0 0
cpu24 41159 31 32210 760467 1238 0 9893 0 0 0
cpu25 45234 35 35395 744441 2353 0 11600 0 0 0
cpu26 43661 30 34701 748513 1759 0 11258 0 0 0
cpu27 37122 21 30902 751803 1468 0 17681 0 0 0
cpu28 62475 50 39724 704482 2908 0 23011 0 0 0
cpu29 65407 88 40917 697670 2984 0 23356 0 0 0
cpu30 36448 21 32018 747792 1166 0 17511 0 0 0
cpu31 39821 20 32713 759745 895 0 9881 0 0 0
intr 2239821132 126 0 0 0 0 0 0 0 0 1 0 0 0 0 0 0 0 0 0 0 0 0 0 0 0 0 0 1 1 1 0 0 0 0 1 0 1 0 0 75045 0 0 0 0 0 0 0 0 411 0 0 0 0 0 0 0 0 87 0 0 0 0 0 0 0 0 0 0 0 0 0 0 0 239354 2 35009721 34946745 34875563 35011167 0 7245 2736 3225 1692 3335 2771 2244 2748 1670 11329 19896 11376 8850 14622 16254 11726 7892 2939 2053 1670 3085 2410 2216 1733 1713 9516 8652 6250 6481 7976 7336 6905 8473 0 0 0 0 616593 3590 1036 0 264 0 0 0 0 0 0 0 0 0 0 0 0 0 0 0 0 0 0 0 0 0 0 0 0 0 0 0 0 0 0 0 0 0 0 0 0 0 0 0 0 0 0 0 0 0 0 0 0 0 0 0 0 0 0 0 0 0 0 0 0 0 0 0 0 0 0 0 0 0 0 0 0 0 0 0 0 0 0 0 0 0 0 0 0 0 0 0 0 0 0 0 0 0 0 0 0 0 0 0 0 0 0 0 0 0 0 0 0 0 0 0 0 0 0 0 0 0 0 0 0 0 0 0 0 0 0 0 0 0 0 0 0 0 0 0 0 0 0 0 0 0 0 0 0 0 0 0 0 0 0 0 0 0 0 0 0 0 0 0 0 0 0 0 0 0 0 0 0 0 0 0 0 0 0 0 0 0 0 0 0 0 0 0 0 0 0 0 0 0 0 0 0 0 0 0 0 0 0 0 0 0 0 0 0 0 0 0 0 0 0 0 0 0 0 0 0 0 0 0 0 0 0 0 0 0 0 0 0 0 0 0 0 0 0 0 0 0 0 0 0 0 0 0 0 0 0 0 0 0 0 0 0 0 0 0 0 0 0 0 0 0 0 0 0 0 0 0 0 0 0 0 0 0 0 0 0 0 0 0 0 0 0 0 0 0 0 0 0 0 0 0 0 0 0 0 0 0 0 0 0 0 0 0 0 0 0 0 0 0 0 0 0 0 0 0 0 0 0 0 0 0 0 0 0 0 0 0 0 0 0 0 0 0 0 0 0 0 0 0 0 0 0 0 0 0 0 0 0 0 0 0 0 0 0 0 0 0 0 0 0 0 0 0 0 0 0 0 0 0 0 0 0 0 0 0 0 0 0 0 0 0 0 0 0 0 0 0 0 0 0 0 0 0 0 0 0 0 0 0 0 0 0 0 0 0 0 0 0 0 0 0 0 0 0 0 0 0 0 0 0 0 0 0 0 0 0 0 0 0 0 0 0 0 0 0 0 0 0 0 0 0 0 0 0 0 0 0 0 0 0 0 0 0 0 0 0 0 0 0 0 0 0 0 0 0 0 0 0 0 0 0 0 0 0 0 0 0 0 0 0 0 0 0 0 0 0 0 0 0 0 0 0 0 0 0 0 0 0 0 0 0 0 0 0 0 0 0 0 0 0 0 0 0 0 0 0 0 0 0 0 0 0 0 0 0 0 0 0 0 0 0 0 0 0 0 0 0 0 0 0 0 0 0 0 0 0 0 0 0 0 0 0 0 0 0 0 0 0 0 0 0 0 0 0 0 0 0 0 0 0 0 0 0 0 0 0 0 0 0 0 0 0 0 0 0 0 0 0 0 0 0 0 0 0 0 0 0 0 0 0 0 0 0 0 0 0 0 0 0 0 0 0 0 0 0 0 0 0 0 0 0 0 0 0 0 0 0 0 0 0 0 0 0 0 0 0 0 0 0 0 0 0 0 0 0 0 0 0 0 0 0 0 0 0 0 0 0 0 0 0 0 0 0 0 0 0 0 0 0 0 0 0 0 0 0 0 0 0 0 0 0 0 0 0 0 0 0 0 0 0 0 0 0 0 0 0 0 0 0 0 0 0 0 0 0 0 0 0 0 0 0 0 0 0 0 0 0 0 0 0 0 0 0 0 0 0 0 0 0 0 0 0 0 0 0 0 0 0 0 0 0 0 0 0 0 0 0 0 0 0 0 0 0 0 0 0 0 0 0 0 0 0 0 0 0 0 0 0 0 0 0 0 0 0 0 0 0 0 0 0 0 0 0 0 0 0 0 0 0 0 0 0 0 0 0 0 0 0 0 0 0 0 0 0 0 0 0 0 0 0 0 0 0 0 0 0 0 0 0 0 0 0 0 0 0 0 0 0 0 0 0 0 0 0 0 0 0 0 0 0 0 0 0 0 0 0 0 0 0 0 0 0 0 0 0 0 0 0 0 0 0 0 0 0 0 0 0 0 0 0 0 0 0 0 0 0 0 0 0 0 0 0 0 0 0 0 0 0 0 0 0 0 0 0 0 0 0 0 0 0 0 0 0 0 0 0 0 0 0 0 0 0 0 0 0 0 0 0 0 0 0 0 0 0 0 0 0 0 0 0 0 0 0 0 0 0 0 0 0 0 0 0 0 0 0 0 0 0 0 0 0 0 0 0 0 0 0 0 0 0 0 0 0 0 0 0 0 0 0 0 0 0 0 0 0 0 0 0 0 0 0 0 0 0 0 0 0 0 0 0 0 0 0 0 0 0 0 0 0 0 0 0 0 0 0 0 0 0 0 0 0 0 0 0 0 0 0 0 0 0 0 0 0 0 0 0 0 0 0 0 0 0 0 0 0 0 0 0 0 0 0 0 0 0 0 0 0 0 0 0 0 0 0 0 0 0 0 0 0 0 0 0 0 0 0 0 0 0 0 0 0 0 0 0 0 0 0 0 0 0 0 0 0 0 0 0 0 0 0 0 0 0 0 0 0 0 0 0 0 0 0 0
ctxt 3316505620
btime 1790630938
processes 231213
procs_running 2
procs_blocked 0
softirq 2931107313 73526 5847533 2751901 2851162748 250343 0 13556363 34115962 410 23348527
--
cpu  2171093 880 1137651 23426337 42596 0 513923 0 0 0
cpu0 76916 16 32366 736557 984 0 16026 0 0 0
cpu1 79467 20 32960 736310 803 0 15945 0 0 0
cpu2 80400 17 33107 735839 462 0 16065 0 0 0
cpu3 97816 19 41438 701739 1280 0 23104 0 0 0
cpu4 101352 19 40748 700432 756 0 22703 0 0 0
cpu5 84610 19 34317 729760 510 0 16698 0 0 0
cpu6 84569 18 34544 729374 435 0 17360 0 0 0
cpu7 83601 16 34884 730000 269 0 17427 0 0 0
cpu8 37614 27 32385 761042 1319 0 9504 0 0 0
cpu9 42798 31 34833 745996 3207 0 10179 0 0 0
cpu10 41312 30 33816 751381 1531 0 10122 0 0 0
cpu11 38400 26 31520 762842 951 0 9271 0 0 0
cpu12 64046 102 36474 723266 3828 0 10804 0 0 0
cpu13 61966 35 36993 724110 3655 0 11043 0 0 0
cpu14 38011 25 30965 766143 1122 0 9045 0 0 0
cpu15 35682 28 28662 774703 942 0 8218 0 0 0
cpu16 96249 12 38636 710425 548 0 20593 0 0 0
cpu17 92496 14 37755 714743 1409 0 19843 0 0 0
cpu18 90227 14 37095 719406 320 0 19317 0 0 0
cpu19 113813 14 45699 678463 805 0 26913 0 0 0
cpu20 108901 16 44809 684945 868 0 26523 0 0 0
cpu21 87496 15 36259 722685 768 0 18790 0 0 0
cpu22 83445 18 35175 728025 480 0 17734 0 0 0
cpu23 78554 18 33594 736974 559 0 16476 0 0 0
cpu24 41160 31 32212 761249 1238 0 9894 0 0 0
cpu25 45235 35 35398 745221 2353 0 11602 0 0 0
cpu26 43662 30 34703 749294 1760 0 11259 0 0 0
cpu27 37122 21 30905 752593 1469 0 17682 0 0 0
cpu28 62478 50 39728 705254 2908 0 23015 0 0 0
cpu29 65415 88 40923 698428 2984 0 23361 0 0 0
cpu30 36449 21 32020 748580 1166 0 17512 0 0 0
cpu31 39821 20 32713 760542 895 0 9881 0 0 0
intr 2240392050 126 0 0 0 0 0 0 0 0 1 0 0 0 0 0 0 0 0 0 0 0 0 0 0 0 0 0 1 1 1 0 0 0 0 1 0 1 0 0 75045 0 0 0 0 0 0 0 0 411 0 0 0 0 0 0 0 0 87 0 0 0 0 0 0 0 0 0 0 0 0 0 0 0 239354 2 35009729 34946781 34875573 35011187 0 7249 2736 3225 1692 3335 2771 2244 2748 1670 11331 19896 11376 8850 14622 16254 11726 7892 2939 2053 1670 3085 2411 2216 1733 1713 9516 8652 6255 6484 7976 7336 6905 8473 0 0 0 0 616593 3590 1036 0 264 0 0 0 0 0 0 0 0 0 0 0 0 0 0 0 0 0 0 0 0 0 0 0 0 0 0 0 0 0 0 0 0 0 0 0 0 0 0 0 0 0 0 0 0 0 0 0 0 0 0 0 0 0 0 0 0 0 0 0 0 0 0 0 0 0 0 0 0 0 0 0 0 0 0 0 0 0 0 0 0 0 0 0 0 0 0 0 0 0 0 0 0 0 0 0 0 0 0 0 0 0 0 0 0 0 0 0 0 0 0 0 0 0 0 0 0 0 0 0 0 0 0 0 0 0 0 0 0 0 0 0 0 0 0 0 0 0 0 0 0 0 0 0 0 0 0 0 0 0 0 0 0 0 0 0 0 0 0 0 0 0 0 0 0 0 0 0 0 0 0 0 0 0 0 0 0 0 0 0 0 0 0 0 0 0 0 0 0 0 0 0 0 0 0 0 0 0 0 0 0 0 0 0 0 0 0 0 0 0 0 0 0 0 0 0 0 0 0 0 0 0 0 0 0 0 0 0 0 0 0 0 0 0 0 0 0 0 0 0 0 0 0 0 0 0 0 0 0 0 0 0 0 0 0 0 0 0 0 0 0 0 0 0 0 0 0 0 0 0 0 0 0 0 0 0 0 0 0 0 0 0 0 0 0 0 0 0 0 0 0 0 0 0 0 0 0 0 0 0 0 0 0 0 0 0 0 0 0 0 0 0 0 0 0 0 0 0 0 0 0 0 0 0 0 0 0 0 0 0 0 0 0 0 0 0 0 0 0 0 0 0 0 0 0 0 0 0 0 0 0 0 0 0 0 0 0 0 0 0 0 0 0 0 0 0 0 0 0 0 0 0 0 0 0 0 0 0 0 0 0 0 0 0 0 0 0 0 0 0 0 0 0 0 0 0 0 0 0 0 0 0 0 0 0 0 0 0 0 0 0 0 0 0 0 0 0 0 0 0 0 0 0 0 0 0 0 0 0 0 0 0 0 0 0 0 0 0 0 0 0 0 0 0 0 0 0 0 0 0 0 0 0 0 0 0 0 0 0 0 0 0 0 0 0 0 0 0 0 0 0 0 0 0 0 0 0 0 0 0 0 0 0 0 0 0 0 0 0 0 0 0 0 0 0 0 0 0 0 0 0 0 0 0 0 0 0 0 0 0 0 0 0 0 0 0 0 0 0 0 0 0 0 0 0 0 0 0 0 0 0 0 0 0 0 0 0 0 0 0 0 0 0 0 0 0 0 0 0 0 0 0 0 0 0 0 0 0 0 0 0 0 0 0 0 0 0 0 0 0 0 0 0 0 0 0 0 0 0 0 0 0 0 0 0 0 0 0 0 0 0 0 0 0 0 0 0 0 0 0 0 0 0 0 0 0 0 0 0 0 0 0 0 0 0 0 0 0 0 0 0 0 0 0 0 0 0 0 0 0 0 0 0 0 0 0 0 0 0 0 0 0 0 0 0 0 0 0 0 0 0 0 0 0 0 0 0 0 0 0 0 0 0 0 0 0 0 0 0 0 0 0 0 0 0 0 0 0 0 0 0 0 0 0 0 0 0 0 0 0 0 0 0 0 0 0 0 0 0 0 0 0 0 0 0 0 0 0 0 0 0 0 0 0 0 0 0 0 0 0 0 0 0 0 0 0 0 0 0 0 0 0 0 0 0 0 0 0 0 0 0 0 0 0 0 0 0 0 0 0 0 0 0 0 0 0 0 0 0 0 0 0 0 0 0 0 0 0 0 0 0 0 0 0 0 0 0 0 0 0 0 0 0 0 0 0 0 0 0 0 0 0 0 0 0 0 0 0 0 0 0 0 0 0 0 0 0 0 0 0 0 0 0 0 0 0 0 0 0 0 0 0 0 0 0 0 0 0 0 0 0 0 0 0 0 0 0 0 0 0 0 0 0 0 0 0 0 0 0 0 0 0 0 0 0 0 0 0 0 0 0 0 0 0 0 0 0 0 0 0 0 0 0 0 0 0 0 0 0 0 0 0 0 0 0 0 0 0 0 0 0 0 0 0 0 0 0 0 0 0 0 0 0 0 0 0 0 0 0 0 0 0 0 0 0 0 0 0 0 0 0 0 0 0 0 0 0 0 0 0 0 0 0 0 0 0 0 0 0 0 0 0 0 0 0 0 0 0 0 0 0 0 0 0 0 0 0 0 0 0 0 0 0 0 0 0 0 0 0 0 0 0 0 0 0 0 0 0 0 0 0 0 0 0 0 0 0 0 0 0 0 0 0 0 0 0 0 0 0 0 0 0 0 0 0 0 0 0 0 0 0 0 0 0 0 0 0 0 0 0 0 0 0 0 0 0 0 0 0 0 0 0 0 0 0 0 0 0 0 0 0 0 0 0 0 0 0 0 0 0 0 0 0 0 0 0 0 0 0 0 0 0 0 0 0 0 0 0 0 0 0 0 0 0 0 0 0 0 0 0 0 0 0 0 0 0 0 0 0 0 0 0 0 0 0 0 0 0 0 0 0 0 0
ctxt 3317576803
btime 1790630938
processes 231248
procs_running 2
procs_blocked 0
softirq 2932336601 73526 5850075 2751901 2852372293 250347 0 13556363 34125729 410 23355957
