Running 10s test @ http://127.0.0.1:18500/wait
  16 threads and 10000 connections
  Thread Stats   Avg      Stdev     Max   +/- Stdev
    Latency    12.07ms    0.99ms  23.79ms   72.32%
    Req/Sec    51.99k     1.35k   54.22k    86.56%
  Latency Distribution
     50%   11.92ms
     75%   12.59ms
     90%   13.34ms
     99%   15.18ms
  8278133 requests in 10.05s, 1.01GB read
Requests/sec: 823447.46
Transfer/sec:    102.87MB
## server-stat
cpu  2201891 899 1160344 24010500 43054 0 529377 0 0 0
cpu0 77436 16 32681 756294 1010 0 16303 0 0 0
cpu1 79913 21 33202 756428 838 0 16160 0 0 0
cpu2 81287 18 33488 755255 512 0 16393 0 0 0
cpu3 99862 19 42575 718579 1281 0 24061 0 0 0
cpu4 104167 20 42152 716091 760 0 23906 0 0 0
cpu5 85685 20 34810 748828 515 0 17144 0 0 0
cpu6 86008 18 35194 747791 447 0 17922 0 0 0
cpu7 84813 16 35410 748886 270 0 17894 0 0 0
cpu8 37785 28 32972 779869 1342 0 9763 0 0 0
cpu9 43030 33 35477 764534 3226 0 10458 0 0 0
cpu10 41509 31 34444 769957 1556 0 10409 0 0 0
cpu11 38551 27 32121 781628 952 0 9530 0 0 0
cpu12 64435 103 37174 741510 3883 0 11112 0 0 0
cpu13 62331 36 37718 742328 3672 0 11366 0 0 0
cpu14 38170 26 31552 784999 1124 0 9307 0 0 0
cpu15 35828 29 29203 793686 945 0 8454 0 0 0
cpu16 98311 13 39507 727790 548 0 21377 0 0 0
cpu17 94485 14 38654 732128 1416 0 20644 0 0 0
cpu18 91680 14 37786 737709 320 0 19948 0 0 0
cpu19 118550 15 47823 690813 805 0 28761 0 0 0
cpu20 112335 16 46426 699572 868 0 27923 0 0 0
cpu21 88874 15 36894 741193 769 0 19354 0 0 0
cpu22 84294 18 35531 747575 495 0 18048 0 0 0
cpu23 79394 18 33894 756656 573 0 16729 0 0 0
cpu24 41318 32 32800 780050 1252 0 10156 0 0 0
cpu25 45447 35 36030 763782 2380 0 11878 0 0 0
cpu26 43839 30 35329 767930 1765 0 11530 0 0 0
cpu27 37283 22 31484 771420 1476 0 17935 0 0 0
cpu28 62874 51 40452 723555 2922 0 23329 0 0 0
cpu29 65805 89 41655 716676 3015 0 23677 0 0 0
cpu30 36610 21 32617 767452 1181 0 17770 0 0 0
cpu31 39969 21 33271 779524 921 0 10123 0 0 0
intr 2276219312 126 0 0 0 0 0 0 0 0 1 0 0 0 0 0 0 0 0 0 0 0 0 0 0 0 0 0 1 1 1 0 0 0 0 1 0 1 0 0 75045 0 0 0 0 0 0 0 0 411 0 0 0 0 0 0 0 0 87 0 0 0 0 0 0 0 0 0 0 0 0 0 0 0 243695 2 35010554 34947921 34876138 35012045 0 7420 2737 3232 1716 3346 2785 2346 2748 1672 11337 19902 11410 8852 14779 16284 11729 7907 2976 2055 1671 3101 2412 2216 1739 1715 9602 8698 6327 6515 8000 7484 6961 8488 0 0 0 0 616609 3615 1036 0 264 0 0 0 0 0 0 0 0 0 0 0 0 0 0 0 0 0 0 0 0 0 0 0 0 0 0 0 0 0 0 0 0 0 0 0 0 0 0 0 0 0 0 0 0 0 0 0 0 0 0 0 0 0 0 0 0 0 0 0 0 0 0 0 0 0 0 0 0 0 0 0 0 0 0 0 0 0 0 0 0 0 0 0 0 0 0 0 0 0 0 0 0 0 0 0 0 0 0 0 0 0 0 0 0 0 0 0 0 0 0 0 0 0 0 0 0 0 0 0 0 0 0 0 0 0 0 0 0 0 0 0 0 0 0 0 0 0 0 0 0 0 0 0 0 0 0 0 0 0 0 0 0 0 0 0 0 0 0 0 0 0 0 0 0 0 0 0 0 0 0 0 0 0 0 0 0 0 0 0 0 0 0 0 0 0 0 0 0 0 0 0 0 0 0 0 0 0 0 0 0 0 0 0 0 0 0 0 0 0 0 0 0 0 0 0 0 0 0 0 0 0 0 0 0 0 0 0 0 0 0 0 0 0 0 0 0 0 0 0 0 0 0 0 0 0 0 0 0 0 0 0 0 0 0 0 0 0 0 0 0 0 0 0 0 0 0 0 0 0 0 0 0 0 0 0 0 0 0 0 0 0 0 0 0 0 0 0 0 0 0 0 0 0 0 0 0 0 0 0 0 0 0 0 0 0 0 0 0 0 0 0 0 0 0 0 0 0 0 0 0 0 0 0 0 0 0 0 0 0 0 0 0 0 0 0 0 0 0 0 0 0 0 0 0 0 0 0 0 0 0 0 0 0 0 0 0 0 0 0 0 0 0 0 0 0 0 0 0 0 0 0 0 0 0 0 0 0 0 0 0 0 0 0 0 0 0 0 0 0 0 0 0 0 0 0 0 0 0 0 0 0 0 0 0 0 0 0 0 0 0 0 0 0 0 0 0 0 0 0 0 0 0 0 0 0 0 0 0 0 0 0 0 0 0 0 0 0 0 0 0 0 0 0 0 0 0 0 0 0 0 0 0 0 0 0 0 0 0 0 0 0 0 0 0 0 0 0 0 0 0 0 0 0 0 0 0 0 0 0 0 0 0 0 0 0 0 0 0 0 0 0 0 0 0 0 0 0 0 0 0 0 0 0 0 0 0 0 0 0 0 0 0 0 0 0 0 0 0 0 0 0 0 0 0 0 0 0 0 0 0 0 0 0 0 0 0 0 0 0 0 0 0 0 0 0 0 0 0 0 0 0 0 0 0 0 0 0 0 0 0 0 0 0 0 0 0 0 0 0 0 0 0 0 0 0 0 0 0 0 0 0 0 0 0 0 0 0 0 0 0 0 0 0 0 0 0 0 0 0 0 0 0 0 0 0 0 0 0 0 0 0 0 0 0 0 0 0 0 0 0 0 0 0 0 0 0 0 0 0 0 0 0 0 0 0 0 0 0 0 0 0 0 0 0 0 0 0 0 0 0 0 0 0 0 0 0 0 0 0 0 0 0 0 0 0 0 0 0 0 0 0 0 0 0 0 0 0 0 0 0 0 0 0 0 0 0 0 0 0 0 0 0 0 0 0 0 0 0 0 0 0 0 0 0 0 0 0 0 0 0 0 0 0 0 0 0 0 0 0 0 0 0 0 0 0 0 0 0 0 0 0 0 0 0 0 0 0 0 0 0 0 0 0 0 0 0 0 0 0 0 0 0 0 0 0 0 0 0 0 0 0 0 0 0 0 0 0 0 0 0 0 0 0 0 0 0 0 0 0 0 0 0 0 0 0 0 0 0 0 0 0 0 0 0 0 0 0 0 0 0 0 0 0 0 0 0 0 0 0 0 0 0 0 0 0 0 0 0 0 0 0 0 0 0 0 0 0 0 0 0 0 0 0 0 0 0 0 0 0 0 0 0 0 0 0 0 0 0 0 0 0 0 0 0 0 0 0 0 0 0 0 0 0 0 0 0 0 0 0 0 0 0 0 0 0 0 0 0 0 0 0 0 0 0 0 0 0 0 0 0 0 0 0 0 0 0 0 0 0 0 0 0 0 0 0 0 0 0 0 0 0 0 0 0 0 0 0 0 0 0 0 0 0 0 0 0 0 0 0 0 0 0 0 0 0 0 0 0 0 0 0 0 0 0 0 0 0 0 0 0 0 0 0 0 0 0 0 0 0 0 0 0 0 0 0 0 0 0 0 0 0 0 0 0 0 0 0 0 0 0 0 0 0 0 0 0 0 0 0 0 0 0 0 0 0 0 0 0 0 0 0 0 0 0 0 0 0 0 0 0 0 0 0 0 0 0 0 0 0 0 0 0 0 0 0 0 0 0 0 0 0 0 0 0 0 0 0 0 0 0 0 0 0 0 0 0 0 0 0 0 0 0 0 0 0 0 0 0 0 0 0 0 0 0 0 0 0 0 0 0 0 0 0 0 0 0 0 0 0 0 0 0 0 0 0 0 0 0 0 0 0 0 0 0 0 0 0 0 0 0 0 0
ctxt 3384519272
btime 1790630938
processes 236347
procs_running 16
procs_blocked 0
softirq 3028308862 73526 6208577 2751930 2946892303 254942 0 13556488 34650820 410 23919866
--
cpu  2205089 900 1164102 24024295 43063 0 531941 0 0 0
cpu0 77444 16 32688 757054 1011 0 16310 0 0 0
cpu1 79927 21 33213 757193 838 0 16167 0 0 0
cpu2 81325 18 33513 755966 512 0 16417 0 0 0
cpu3 99893 19 42594 719310 1281 0 24078 0 0 0
cpu4 104184 20 42165 716846 760 0 23918 0 0 0
cpu5 85717 20 34835 749550 515 0 17164 0 0 0
cpu6 86140 18 35279 748286 447 0 18004 0 0 0
cpu7 85001 16 35530 749266 270 0 18006 0 0 0
cpu8 37816 28 33102 780312 1346 0 9818 0 0 0
cpu9 43059 33 35598 764982 3226 0 10514 0 0 0
cpu10 41541 31 34572 770400 1556 0 10468 0 0 0
cpu11 38579 27 32251 782075 952 0 9588 0 0 0
cpu12 64469 103 37301 741950 3883 0 11171 0 0 0
cpu13 62364 36 37852 742768 3672 0 11424 0 0 0
cpu14 38201 26 31678 785450 1124 0 9362 0 0 0
cpu15 35858 29 29325 794142 945 0 8513 0 0 0
cpu16 98621 13 39739 727830 548 0 21595 0 0 0
cpu17 94807 14 38858 732192 1416 0 20854 0 0 0
cpu18 91989 14 37977 737821 320 0 20136 0 0 0
cpu19 118881 15 48014 690899 805 0 28952 0 0 0
cpu20 112655 16 46630 699644 868 0 28126 0 0 0
cpu21 89190 15 37089 741299 769 0 19536 0 0 0
cpu22 84499 18 35669 747906 495 0 18174 0 0 0
cpu23 79470 18 33946 757283 573 0 16774 0 0 0
cpu24 41357 32 32920 780486 1252 0 10214 0 0 0
cpu25 45487 35 36152 764215 2380 0 11933 0 0 0
cpu26 43874 30 35459 768363 1766 0 11585 0 0 0
cpu27 37315 22 31609 771857 1476 0 17990 0 0 0
cpu28 62915 52 40588 723982 2922 0 23389 0 0 0
cpu29 65855 89 41788 717098 3017 0 23738 0 0 0
cpu30 36640 21 32750 767892 1181 0 17828 0 0 0
cpu31 40001 21 33403 779962 921 0 10182 0 0 0
intr 2280073084 126 0 0 0 0 0 0 0 0 1 0 0 0 0 0 0 0 0 0 0 0 0 0 0 0 0 0 1 1 1 0 0 0 0 1 0 1 0 0 75045 0 0 0 0 0 0 0 0 411 0 0 0 0 0 0 0 0 87 0 0 0 0 0 0 0 0 0 0 0 0 0 0 0 243807 2 35010563 34947930 34876140 35012050 0 7432 2740 3232 1716 3346 2785 2346 2748 1672 11337 19903 11410 8852 14780 16284 11731 7909 2976 2055 1671 3101 2412 2216 1739 1719 9602 8702 6327 6516 8000 7484 6967 8488 0 0 0 0 616609 3615 1036 0 264 0 0 0 0 0 0 0 0 0 0 0 0 0 0 0 0 0 0 0 0 0 0 0 0 0 0 0 0 0 0 0 0 0 0 0 0 0 0 0 0 0 0 0 0 0 0 0 0 0 0 0 0 0 0 0 0 0 0 0 0 0 0 0 0 0 0 0 0 0 0 0 0 0 0 0 0 0 0 0 0 0 0 0 0 0 0 0 0 0 0 0 0 0 0 0 0 0 0 0 0 0 0 0 0 0 0 0 0 0 0 0 0 0 0 0 0 0 0 0 0 0 0 0 0 0 0 0 0 0 0 0 0 0 0 0 0 0 0 0 0 0 0 0 0 0 0 0 0 0 0 0 0 0 0 0 0 0 0 0 0 0 0 0 0 0 0 0 0 0 0 0 0 0 0 0 0 0 0 0 0 0 0 0 0 0 0 0 0 0 0 0 0 0 0 0 0 0 0 0 0 0 0 0 0 0 0 0 0 0 0 0 0 0 0 0 0 0 0 0 0 0 0 0 0 0 0 0 0 0 0 0 0 0 0 0 0 0 0 0 0 0 0 0 0 0 0 0 0 0 0 0 0 0 0 0 0 0 0 0 0 0 0 0 0 0 0 0 0 0 0 0 0 0 0 0 0 0 0 0 0 0 0 0 0 0 0 0 0 0 0 0 0 0 0 0 0 0 0 0 0 0 0 0 0 0 0 0 0 0 0 0 0 0 0 0 0 0 0 0 0 0 0 0 0 0 0 0 0 0 0 0 0 0 0 0 0 0 0 0 0 0 0 0 0 0 0 0 0 0 0 0 0 0 0 0 0 0 0 0 0 0 0 0 0 0 0 0 0 0 0 0 0 0 0 0 0 0 0 0 0 0 0 0 0 0 0 0 0 0 0 0 0 0 0 0 0 0 0 0 0 0 0 0 0 0 0 0 0 0 0 0 0 0 0 0 0 0 0 0 0 0 0 0 0 0 0 0 0 0 0 0 0 0 0 0 0 0 0 0 0 0 0 0 0 0 0 0 0 0 0 0 0 0 0 0 0 0 0 0 0 0 0 0 0 0 0 0 0 0 0 0 0 0 0 0 0 0 0 0 0 0 0 0 0 0 0 0 0 0 0 0 0 0 0 0 0 0 0 0 0 0 0 0 0 0 0 0 0 0 0 0 0 0 0 0 0 0 0 0 0 0 0 0 0 0 0 0 0 0 0 0 0 0 0 0 0 0 0 0 0 0 0 0 0 0 0 0 0 0 0 0 0 0 0 0 0 0 0 0 0 0 0 0 0 0 0 0 0 0 0 0 0 0 0 0 0 0 0 0 0 0 0 0 0 0 0 0 0 0 0 0 0 0 0 0 0 0 0 0 0 0 0 0 0 0 0 0 0 0 0 0 0 0 0 0 0 0 0 0 0 0 0 0 0 0 0 0 0 0 0 0 0 0 0 0 0 0 0 0 0 0 0 0 0 0 0 0 0 0 0 0 0 0 0 0 0 0 0 0 0 0 0 0 0 0 0 0 0 0 0 0 0 0 0 0 0 0 0 0 0 0 0 0 0 0 0 0 0 0 0 0 0 0 0 0 0 0 0 0 0 0 0 0 0 0 0 0 0 0 0 0 0 0 0 0 0 0 0 0 0 0 0 0 0 0 0 0 0 0 0 0 0 0 0 0 0 0 0 0 0 0 0 0 0 0 0 0 0 0 0 0 0 0 0 0 0 0 0 0 0 0 0 0 0 0 0 0 0 0 0 0 0 0 0 0 0 0 0 0 0 0 0 0 0 0 0 0 0 0 0 0 0 0 0 0 0 0 0 0 0 0 0 0 0 0 0 0 0 0 0 0 0 0 0 0 0 0 0 0 0 0 0 0 0 0 0 0 0 0 0 0 0 0 0 0 0 0 0 0 0 0 0 0 0 0 0 0 0 0 0 0 0 0 0 0 0 0 0 0 0 0 0 0 0 0 0 0 0 0 0 0 0 0 0 0 0 0 0 0 0 0 0 0 0 0 0 0 0 0 0 0 0 0 0 0 0 0 0 0 0 0 0 0 0 0 0 0 0 0 0 0 0 0 0 0 0 0 0 0 0 0 0 0 0 0 0 0 0 0 0 0 0 0 0 0 0 0 0 0 0 0 0 0 0 0 0 0 0 0 0 0 0 0 0 0 0 0 0 0 0 0 0 0 0 0 0 0 0 0 0 0 0 0 0 0 0 0 0 0 0 0 0 0 0 0 0 0 0 0 0 0 0 0 0 0 0 0 0 0 0 0 0 0 0 0 0 0 0 0 0 0 0 0 0 0 0 0 0 0 0 0 0 0 0 0 0 0 0 0 0 0 0 0 0 0 0 0 0 0 0 0 0 0 0 0 0 0 0 0 0 0 0 0 0 0 0 0 0 0 0 0 0 0 0 0 0 0 0 0 0 0 0 0 0 0 0 0 0 0 0 0 0 0 0 0 0 0 0 0 0 0 0 0 0 0 0 0 0 0 0 0 0
ctxt 3391926753
btime 1790630938
processes 236424
procs_running 20
procs_blocked 0
softirq 3041684078 73526 6214346 2751930 2960172302 255067 0 13556488 34694789 410 23965220
