Running 10s test @ http://127.0.0.1:18500/json
  16 threads and 128 connections
  Thread Stats   Avg      Stdev     Max   +/- Stdev
    Latency   345.88us  225.76us   2.29ms   73.26%
    Req/Sec    24.50k   805.03    33.49k    97.33%
  Latency Distribution
     50%  305.00us
     75%  447.00us
     90%  637.00us
     99%    1.13ms
  3931799 requests in 10.10s, 663.69MB read
Requests/sec: 389312.20
Transfer/sec:     65.72MB
## server-stat
cpu  1828173 676 940837 16590223 36979 0 406536 0 0 0
cpu0 61092 12 26313 526491 914 0 12202 0 0 0
cpu1 63692 15 27174 525001 694 0 12538 0 0 0
cpu2 64259 12 26873 525432 448 0 12337 0 0 0
cpu3 75803 14 32647 501695 1219 0 17868 0 0 0
cpu4 79293 14 32545 499132 740 0 17714 0 0 0
cpu5 66605 14 27423 522377 440 0 12471 0 0 0
cpu6 67075 12 27908 520862 422 0 13203 0 0 0
cpu7 64997 10 27290 524171 258 0 12495 0 0 0
cpu8 36580 20 28037 536269 1195 0 7778 0 0 0
cpu9 41349 23 29368 524850 2641 0 8304 0 0 0
cpu10 40154 23 29002 528525 1358 0 8314 0 0 0
cpu11 37520 19 27510 537130 792 0 7700 0 0 0
cpu12 58971 93 30219 506447 3483 0 8719 0 0 0
cpu13 57555 26 30476 507613 2879 0 8910 0 0 0
cpu14 37060 17 26936 539850 1001 0 7523 0 0 0
cpu15 34897 19 25189 546581 800 0 6858 0 0 0
cpu16 74231 10 30608 509271 489 0 15086 0 0 0
cpu17 71458 10 29677 512663 1383 0 14329 0 0 0
cpu18 70517 10 29699 514672 308 0 14301 0 0 0
cpu19 85834 12 35037 488435 731 0 19159 0 0 0
cpu20 82656 13 34847 491805 759 0 19420 0 0 0
cpu21 69174 11 29202 515985 670 0 14214 0 0 0
cpu22 66013 12 28426 519729 402 0 13305 0 0 0
cpu23 64089 13 28297 522801 485 0 13396 0 0 0
cpu24 40230 23 28237 535276 1084 0 8247 0 0 0
cpu25 43903 27 30811 522667 1896 0 9580 0 0 0
cpu26 42530 23 30289 525924 1479 0 9314 0 0 0
cpu27 36208 13 27011 526962 1307 0 15999 0 0 0
cpu28 58620 37 33229 488913 2389 0 20482 0 0 0
cpu29 61345 76 34052 483466 2417 0 20727 0 0 0
cpu30 35508 15 27813 524263 1029 0 15827 0 0 0
cpu31 38940 14 28676 534951 853 0 8201 0 0 0
intr 1836108321 126 0 0 0 0 0 0 0 0 1 0 0 0 0 0 0 0 0 0 0 0 0 0 0 0 0 0 1 1 1 0 0 0 0 1 0 1 0 0 75045 0 0 0 0 0 0 0 0 411 0 0 0 0 0 0 0 0 87 0 0 0 0 0 0 0 0 0 0 0 0 0 0 0 190565 2 34996064 34934526 34863698 34999894 0 5293 2501 2977 1669 3126 2686 2106 2623 1528 10773 19203 11003 8698 14141 15485 11613 7735 2918 1881 1553 2548 2282 2000 1697 1701 9262 7905 5727 6292 7108 6653 6549 8271 0 0 0 0 616432 3317 1036 0 264 0 0 0 0 0 0 0 0 0 0 0 0 0 0 0 0 0 0 0 0 0 0 0 0 0 0 0 0 0 0 0 0 0 0 0 0 0 0 0 0 0 0 0 0 0 0 0 0 0 0 0 0 0 0 0 0 0 0 0 0 0 0 0 0 0 0 0 0 0 0 0 0 0 0 0 0 0 0 0 0 0 0 0 0 0 0 0 0 0 0 0 0 0 0 0 0 0 0 0 0 0 0 0 0 0 0 0 0 0 0 0 0 0 0 0 0 0 0 0 0 0 0 0 0 0 0 0 0 0 0 0 0 0 0 0 0 0 0 0 0 0 0 0 0 0 0 0 0 0 0 0 0 0 0 0 0 0 0 0 0 0 0 0 0 0 0 0 0 0 0 0 0 0 0 0 0 0 0 0 0 0 0 0 0 0 0 0 0 0 0 0 0 0 0 0 0 0 0 0 0 0 0 0 0 0 0 0 0 0 0 0 0 0 0 0 0 0 0 0 0 0 0 0 0 0 0 0 0 0 0 0 0 0 0 0 0 0 0 0 0 0 0 0 0 0 0 0 0 0 0 0 0 0 0 0 0 0 0 0 0 0 0 0 0 0 0 0 0 0 0 0 0 0 0 0 0 0 0 0 0 0 0 0 0 0 0 0 0 0 0 0 0 0 0 0 0 0 0 0 0 0 0 0 0 0 0 0 0 0 0 0 0 0 0 0 0 0 0 0 0 0 0 0 0 0 0 0 0 0 0 0 0 0 0 0 0 0 0 0 0 0 0 0 0 0 0 0 0 0 0 0 0 0 0 0 0 0 0 0 0 0 0 0 0 0 0 0 0 0 0 0 0 0 0 0 0 0 0 0 0 0 0 0 0 0 0 0 0 0 0 0 0 0 0 0 0 0 0 0 0 0 0 0 0 0 0 0 0 0 0 0 0 0 0 0 0 0 0 0 0 0 0 0 0 0 0 0 0 0 0 0 0 0 0 0 0 0 0 0 0 0 0 0 0 0 0 0 0 0 0 0 0 0 0 0 0 0 0 0 0 0 0 0 0 0 0 0 0 0 0 0 0 0 0 0 0 0 0 0 0 0 0 0 0 0 0 0 0 0 0 0 0 0 0 0 0 0 0 0 0 0 0 0 0 0 0 0 0 0 0 0 0 0 0 0 0 0 0 0 0 0 0 0 0 0 0 0 0 0 0 0 0 0 0 0 0 0 0 0 0 0 0 0 0 0 0 0 0 0 0 0 0 0 0 0 0 0 0 0 0 0 0 0 0 0 0 0 0 0 0 0 0 0 0 0 0 0 0 0 0 0 0 0 0 0 0 0 0 0 0 0 0 0 0 0 0 0 0 0 0 0 0 0 0 0 0 0 0 0 0 0 0 0 0 0 0 0 0 0 0 0 0 0 0 0 0 0 0 0 0 0 0 0 0 0 0 0 0 0 0 0 0 0 0 0 0 0 0 0 0 0 0 0 0 0 0 0 0 0 0 0 0 0 0 0 0 0 0 0 0 0 0 0 0 0 0 0 0 0 0 0 0 0 0 0 0 0 0 0 0 0 0 0 0 0 0 0 0 0 0 0 0 0 0 0 0 0 0 0 0 0 0 0 0 0 0 0 0 0 0 0 0 0 0 0 0 0 0 0 0 0 0 0 0 0 0 0 0 0 0 0 0 0 0 0 0 0 0 0 0 0 0 0 0 0 0 0 0 0 0 0 0 0 0 0 0 0 0 0 0 0 0 0 0 0 0 0 0 0 0 0 0 0 0 0 0 0 0 0 0 0 0 0 0 0 0 0 0 0 0 0 0 0 0 0 0 0 0 0 0 0 0 0 0 0 0 0 0 0 0 0 0 0 0 0 0 0 0 0 0 0 0 0 0 0 0 0 0 0 0 0 0 0 0 0 0 0 0 0 0 0 0 0 0 0 0 0 0 0 0 0 0 0 0 0 0 0 0 0 0 0 0 0 0 0 0 0 0 0 0 0 0 0 0 0 0 0 0 0 0 0 0 0 0 0 0 0 0 0 0 0 0 0 0 0 0 0 0 0 0 0 0 0 0 0 0 0 0 0 0 0 0 0 0 0 0 0 0 0 0 0 0 0 0 0 0 0 0 0 0 0 0 0 0 0 0 0 0 0 0 0 0 0 0 0 0 0 0 0 0 0 0 0 0 0 0 0 0 0 0 0 0 0 0 0 0 0 0 0 0 0 0 0 0 0 0 0 0 0 0 0 0 0 0 0 0 0 0 0 0 0 0 0 0 0 0 0 0 0 0 0 0 0 0 0 0 0 0 0 0 0 0 0 0 0 0 0 0 0 0 0 0 0 0 0 0 0 0 0 0 0 0 0 0 0 0 0 0 0 0 0 0 0 0 0 0 0 0 0 0 0 0 0 0 0 0 0 0 0 0 0 0 0 0 0 0 0 0 0 0 0 0 0 0 0 0 0 0 0 0 0 0 0 0 0 0 0 0 0 0 0 0
ctxt 2579073621
btime 1790630938
processes 172735
procs_running 19
procs_blocked 0
softirq 2280949332 73526 4261069 2751684 2214444891 198743 0 13555090 27446300 410 18217619
--
cpu  1834642 677 944266 16601008 36989 0 407763 0 0 0
cpu0 61479 12 26462 526614 914 0 12262 0 0 0
cpu1 64083 15 27314 525127 694 0 12595 0 0 0
cpu2 64649 12 27013 525558 448 0 12391 0 0 0
cpu3 76194 14 32785 501818 1219 0 17926 0 0 0
cpu4 79681 14 32693 499257 740 0 17770 0 0 0
cpu5 66993 14 27567 522498 440 0 12530 0 0 0
cpu6 67458 12 28053 520991 422 0 13260 0 0 0
cpu7 65380 10 27434 524296 258 0 12556 0 0 0
cpu8 36586 20 28111 536827 1195 0 7799 0 0 0
cpu9 41355 23 29432 525431 2641 0 8320 0 0 0
cpu10 40162 23 29062 529113 1358 0 8329 0 0 0
cpu11 37524 19 27563 537754 792 0 7712 0 0 0
cpu12 58976 93 30276 507046 3483 0 8735 0 0 0
cpu13 57563 26 30545 508189 2879 0 8926 0 0 0
cpu14 37064 17 26971 540526 1001 0 7529 0 0 0
cpu15 34900 19 25217 547288 800 0 6862 0 0 0
cpu16 74630 10 30752 509392 489 0 15139 0 0 0
cpu17 71862 10 29815 512785 1383 0 14384 0 0 0
cpu18 70913 10 29845 514792 308 0 14357 0 0 0
cpu19 86231 12 35179 488551 731 0 19221 0 0 0
cpu20 83057 13 34988 491922 759 0 19474 0 0 0
cpu21 69579 11 29338 516107 670 0 14270 0 0 0
cpu22 66402 12 28565 519855 402 0 13364 0 0 0
cpu23 64480 13 28435 522924 485 0 13454 0 0 0
cpu24 40237 23 28302 535862 1088 0 8261 0 0 0
cpu25 43919 27 30916 523115 1897 0 9614 0 0 0
cpu26 42543 23 30387 526384 1479 0 9345 0 0 0
cpu27 36215 13 27079 527500 1307 0 16020 0 0 0
cpu28 58664 38 33351 489304 2389 0 20522 0 0 0
cpu29 61388 76 34173 483850 2422 0 20769 0 0 0
cpu30 35514 15 27880 524808 1029 0 15837 0 0 0
cpu31 38946 14 28751 535510 853 0 8217 0 0 0
intr 1844300276 126 0 0 0 0 0 0 0 0 1 0 0 0 0 0 0 0 0 0 0 0 0 0 0 0 0 0 1 1 1 0 0 0 0 1 0 1 0 0 75045 0 0 0 0 0 0 0 0 411 0 0 0 0 0 0 0 0 87 0 0 0 0 0 0 0 0 0 0 0 0 0 0 0 190687 2 34996076 34934529 34863726 34999940 0 5301 2501 2977 1669 3126 2686 2106 2623 1528 10773 19203 11003 8698 14141 15485 11613 7735 2918 1881 1553 2548 2282 2000 1697 1701 9262 7908 5728 6295 7108 6656 6549 8271 0 0 0 0 616432 3317 1036 0 264 0 0 0 0 0 0 0 0 0 0 0 0 0 0 0 0 0 0 0 0 0 0 0 0 0 0 0 0 0 0 0 0 0 0 0 0 0 0 0 0 0 0 0 0 0 0 0 0 0 0 0 0 0 0 0 0 0 0 0 0 0 0 0 0 0 0 0 0 0 0 0 0 0 0 0 0 0 0 0 0 0 0 0 0 0 0 0 0 0 0 0 0 0 0 0 0 0 0 0 0 0 0 0 0 0 0 0 0 0 0 0 0 0 0 0 0 0 0 0 0 0 0 0 0 0 0 0 0 0 0 0 0 0 0 0 0 0 0 0 0 0 0 0 0 0 0 0 0 0 0 0 0 0 0 0 0 0 0 0 0 0 0 0 0 0 0 0 0 0 0 0 0 0 0 0 0 0 0 0 0 0 0 0 0 0 0 0 0 0 0 0 0 0 0 0 0 0 0 0 0 0 0 0 0 0 0 0 0 0 0 0 0 0 0 0 0 0 0 0 0 0 0 0 0 0 0 0 0 0 0 0 0 0 0 0 0 0 0 0 0 0 0 0 0 0 0 0 0 0 0 0 0 0 0 0 0 0 0 0 0 0 0 0 0 0 0 0 0 0 0 0 0 0 0 0 0 0 0 0 0 0 0 0 0 0 0 0 0 0 0 0 0 0 0 0 0 0 0 0 0 0 0 0 0 0 0 0 0 0 0 0 0 0 0 0 0 0 0 0 0 0 0 0 0 0 0 0 0 0 0 0 0 0 0 0 0 0 0 0 0 0 0 0 0 0 0 0 0 0 0 0 0 0 0 0 0 0 0 0 0 0 0 0 0 0 0 0 0 0 0 0 0 0 0 0 0 0 0 0 0 0 0 0 0 0 0 0 0 0 0 0 0 0 0 0 0 0 0 0 0 0 0 0 0 0 0 0 0 0 0 0 0 0 0 0 0 0 0 0 0 0 0 0 0 0 0 0 0 0 0 0 0 0 0 0 0 0 0 0 0 0 0 0 0 0 0 0 0 0 0 0 0 0 0 0 0 0 0 0 0 0 0 0 0 0 0 0 0 0 0 0 0 0 0 0 0 0 0 0 0 0 0 0 0 0 0 0 0 0 0 0 0 0 0 0 0 0 0 0 0 0 0 0 0 0 0 0 0 0 0 0 0 0 0 0 0 0 0 0 0 0 0 0 0 0 0 0 0 0 0 0 0 0 0 0 0 0 0 0 0 0 0 0 0 0 0 0 0 0 0 0 0 0 0 0 0 0 0 0 0 0 0 0 0 0 0 0 0 0 0 0 0 0 0 0 0 0 0 0 0 0 0 0 0 0 0 0 0 0 0 0 0 0 0 0 0 0 0 0 0 0 0 0 0 0 0 0 0 0 0 0 0 0 0 0 0 0 0 0 0 0 0 0 0 0 0 0 0 0 0 0 0 0 0 0 0 0 0 0 0 0 0 0 0 0 0 0 0 0 0 0 0 0 0 0 0 0 0 0 0 0 0 0 0 0 0 0 0 0 0 0 0 0 0 0 0 0 0 0 0 0 0 0 0 0 0 0 0 0 0 0 0 0 0 0 0 0 0 0 0 0 0 0 0 0 0 0 0 0 0 0 0 0 0 0 0 0 0 0 0 0 0 0 0 0 0 0 0 0 0 0 0 0 0 0 0 0 0 0 0 0 0 0 0 0 0 0 0 0 0 0 0 0 0 0 0 0 0 0 0 0 0 0 0 0 0 0 0 0 0 0 0 0 0 0 0 0 0 0 0 0 0 0 0 0 0 0 0 0 0 0 0 0 0 0 0 0 0 0 0 0 0 0 0 0 0 0 0 0 0 0 0 0 0 0 0 0 0 0 0 0 0 0 0 0 0 0 0 0 0 0 0 0 0 0 0 0 0 0 0 0 0 0 0 0 0 0 0 0 0 0 0 0 0 0 0 0 0 0 0 0 0 0 0 0 0 0 0 0 0 0 0 0 0 0 0 0 0 0 0 0 0 0 0 0 0 0 0 0 0 0 0 0 0 0 0 0 0 0 0 0 0 0 0 0 0 0 0 0 0 0 0 0 0 0 0 0 0 0 0 0 0 0 0 0 0 0 0 0 0 0 0 0 0 0 0 0 0 0 0 0 0 0 0 0 0 0 0 0 0 0 0 0 0 0 0 0 0 0 0 0 0 0 0 0 0 0 0 0 0 0 0 0 0 0 0 0 0 0 0 0 0 0 0 0 0 0 0 0 0 0 0 0 0 0 0 0 0 0 0 0 0 0 0 0 0 0 0 0 0 0 0 0 0 0 0 0 0 0 0 0 0 0 0 0 0 0 0 0 0 0 0 0 0 0 0 0 0 0 0 0 0 0 0 0 0 0 0 0 0 0 0 0 0 0 0 0 0 0 0 0 0 0 0 0 0 0 0 0 0 0 0 0 0 0 0 0 0 0 0 0 0 0 0 0 0 0 0 0 0 0 0 0 0 0 0 0 0 0 0 0 0
ctxt 2592836039
btime 1790630938
processes 172805
procs_running 21
procs_blocked 0
softirq 2287364617 73526 4264468 2751684 2220666742 198872 0 13555090 27574739 410 18279086
