Running 10s test @ http://127.0.0.1:18500/usleep?ms=10
  16 threads and 1000 connections
  Thread Stats   Avg      Stdev     Max   +/- Stdev
    Latency     7.41s     1.47s    9.95s    57.67%
    Req/Sec    22.17     14.33    90.00     73.68%
  Latency Distribution
     50%    7.41s 
     75%    8.68s 
     90%    9.44s 
     99%    9.90s 
  1004 requests in 10.01s, 202.96KB read
Requests/sec:    100.27
Transfer/sec:     20.27KB
## server-stat
cpu  3254684 1444 1582867 42641228 202687 0 774669 0 0 0
cpu0 119365 27 44266 1338251 3230 0 24455 0 0 0
cpu1 123206 31 45653 1337893 3620 0 24420 0 0 0
cpu2 124423 31 45798 1337440 3363 0 24565 0 0 0
cpu3 186204 30 64228 1242661 2461 0 39280 0 0 0
cpu4 187208 34 63163 1243716 2930 0 39312 0 0 0
cpu5 131280 32 47708 1327813 3596 0 25605 0 0 0
cpu6 131890 29 48011 1327190 3365 0 26374 0 0 0
cpu7 139757 26 51551 1313656 2984 0 29229 0 0 0
cpu8 40810 50 43007 1391954 7243 0 13307 0 0 0
cpu9 46630 57 46077 1369770 9773 0 14468 0 0 0
cpu10 44381 56 44504 1377653 7804 0 14301 0 0 0
cpu11 40637 52 40493 1396909 6657 0 12735 0 0 0
cpu12 79151 131 49677 1330465 11766 0 15610 0 0 0
cpu13 75851 62 50590 1330181 12385 0 15934 0 0 0
cpu14 40411 51 39860 1400294 6468 0 12453 0 0 0
cpu15 37623 53 36594 1413347 6428 0 11314 0 0 0
cpu16 160158 25 55839 1283714 4214 0 33087 0 0 0
cpu17 149955 24 54008 1295501 5674 0 31538 0 0 0
cpu18 144164 24 52903 1304612 4572 0 30798 0 0 0
cpu19 241804 24 76495 1166060 2475 0 49210 0 0 0
cpu20 215578 24 71930 1197995 4162 0 46986 0 0 0
cpu21 139034 27 51753 1310257 5501 0 29981 0 0 0
cpu22 131464 30 49912 1321560 4703 0 28225 0 0 0
cpu23 114514 30 44315 1350558 4251 0 23546 0 0 0
cpu24 43601 54 41275 1395257 7965 0 13424 0 0 0
cpu25 48733 57 46091 1371611 9941 0 15849 0 0 0
cpu26 46668 52 44986 1377583 9264 0 15410 0 0 0
cpu27 39432 41 40045 1387331 7995 0 21301 0 0 0
cpu28 72951 76 53397 1316912 11561 0 28353 0 0 0
cpu29 76861 113 55343 1305995 12066 0 28873 0 0 0
cpu30 38866 37 41552 1380926 7371 0 21276 0 0 0
cpu31 42057 39 41831 1396148 6883 0 13438 0 0 0
intr 3163169479 126 0 0 0 0 0 0 0 0 1 0 0 0 0 0 0 0 0 0 0 0 0 0 0 0 0 0 1 1 1 0 0 0 0 1 0 1 0 0 75045 0 0 0 0 0 0 0 0 411 0 0 0 0 0 0 0 0 87 0 0 0 0 0 0 0 0 0 0 0 0 0 0 0 417324 2 35049105 34990128 34908329 35046993 0 12744 7529 8240 7314 5770 6721 7678 8166 6215 27292 38500 28596 22981 34938 34674 23033 19403 9497 9942 9470 5088 8383 10482 9781 8342 24830 29021 26912 22410 30284 31478 19869 21568 0 0 0 0 617045 4327 1036 0 264 0 0 0 0 0 0 0 0 0 0 0 0 0 0 0 0 0 0 0 0 0 0 0 0 0 0 0 0 0 0 0 0 0 0 0 0 0 0 0 0 0 0 0 0 0 0 0 0 0 0 0 0 0 0 0 0 0 0 0 0 0 0 0 0 0 0 0 0 0 0 0 0 0 0 0 0 0 0 0 0 0 0 0 0 0 0 0 0 0 0 0 0 0 0 0 0 0 0 0 0 0 0 0 0 0 0 0 0 0 0 0 0 0 0 0 0 0 0 0 0 0 0 0 0 0 0 0 0 0 0 0 0 0 0 0 0 0 0 0 0 0 0 0 0 0 0 0 0 0 0 0 0 0 0 0 0 0 0 0 0 0 0 0 0 0 0 0 0 0 0 0 0 0 0 0 0 0 0 0 0 0 0 0 0 0 0 0 0 0 0 0 0 0 0 0 0 0 0 0 0 0 0 0 0 0 0 0 0 0 0 0 0 0 0 0 0 0 0 0 0 0 0 0 0 0 0 0 0 0 0 0 0 0 0 0 0 0 0 0 0 0 0 0 0 0 0 0 0 0 0 0 0 0 0 0 0 0 0 0 0 0 0 0 0 0 0 0 0 0 0 0 0 0 0 0 0 0 0 0 0 0 0 0 0 0 0 0 0 0 0 0 0 0 0 0 0 0 0 0 0 0 0 0 0 0 0 0 0 0 0 0 0 0 0 0 0 0 0 0 0 0 0 0 0 0 0 0 0 0 0 0 0 0 0 0 0 0 0 0 0 0 0 0 0 0 0 0 0 0 0 0 0 0 0 0 0 0 0 0 0 0 0 0 0 0 0 0 0 0 0 0 0 0 0 0 0 0 0 0 0 0 0 0 0 0 0 0 0 0 0 0 0 0 0 0 0 0 0 0 0 0 0 0 0 0 0 0 0 0 0 0 0 0 0 0 0 0 0 0 0 0 0 0 0 0 0 0 0 0 0 0 0 0 0 0 0 0 0 0 0 0 0 0 0 0 0 0 0 0 0 0 0 0 0 0 0 0 0 0 0 0 0 0 0 0 0 0 0 0 0 0 0 0 0 0 0 0 0 0 0 0 0 0 0 0 0 0 0 0 0 0 0 0 0 0 0 0 0 0 0 0 0 0 0 0 0 0 0 0 0 0 0 0 0 0 0 0 0 0 0 0 0 0 0 0 0 0 0 0 0 0 0 0 0 0 0 0 0 0 0 0 0 0 0 0 0 0 0 0 0 0 0 0 0 0 0 0 0 0 0 0 0 0 0 0 0 0 0 0 0 0 0 0 0 0 0 0 0 0 0 0 0 0 0 0 0 0 0 0 0 0 0 0 0 0 0 0 0 0 0 0 0 0 0 0 0 0 0 0 0 0 0 0 0 0 0 0 0 0 0 0 0 0 0 0 0 0 0 0 0 0 0 0 0 0 0 0 0 0 0 0 0 0 0 0 0 0 0 0 0 0 0 0 0 0 0 0 0 0 0 0 0 0 0 0 0 0 0 0 0 0 0 0 0 0 0 0 0 0 0 0 0 0 0 0 0 0 0 0 0 0 0 0 0 0 0 0 0 0 0 0 0 0 0 0 0 0 0 0 0 0 0 0 0 0 0 0 0 0 0 0 0 0 0 0 0 0 0 0 0 0 0 0 0 0 0 0 0 0 0 0 0 0 0 0 0 0 0 0 0 0 0 0 0 0 0 0 0 0 0 0 0 0 0 0 0 0 0 0 0 0 0 0 0 0 0 0 0 0 0 0 0 0 0 0 0 0 0 0 0 0 0 0 0 0 0 0 0 0 0 0 0 0 0 0 0 0 0 0 0 0 0 0 0 0 0 0 0 0 0 0 0 0 0 0 0 0 0 0 0 0 0 0 0 0 0 0 0 0 0 0 0 0 0 0 0 0 0 0 0 0 0 0 0 0 0 0 0 0 0 0 0 0 0 0 0 0 0 0 0 0 0 0 0 0 0 0 0 0 0 0 0 0 0 0 0 0 0 0 0 0 0 0 0 0 0 0 0 0 0 0 0 0 0 0 0 0 0 0 0 0 0 0 0 0 0 0 0 0 0 0 0 0 0 0 0 0 0 0 0 0 0 0 0 0 0 0 0 0 0 0 0 0 0 0 0 0 0 0 0 0 0 0 0 0 0 0 0 0 0 0 0 0 0 0 0 0 0 0 0 0 0 0 0 0 0 0 0 0 0 0 0 0 0 0 0 0 0 0 0 0 0 0 0 0 0 0 0 0 0 0 0 0 0 0 0 0 0 0 0 0 0 0 0 0 0 0 0 0 0 0 0 0 0 0 0 0 0 0 0 0 0 0 0 0 0 0 0 0 0 0 0 0 0 0 0 0 0 0 0 0 0 0 0 0 0 0 0 0 0 0 0 0 0 0 0 0 0 0 0 0 0 0 0 0 0 0 0 0 0 0 0 0 0 0 0 0 0 0 0 0 0 0 0 0 0 0 0 0 0 0 0
ctxt 4991474528
btime 1790630938
processes 561028
procs_running 2
procs_blocked 0
softirq 4548237120 73526 11237500 2753138 138131561 436461 0 13559729 49042212 421 38035276
--
cpu  3254753 1445 1582877 42666707 202688 0 774672 0 0 0
cpu0 119365 27 44266 1339047 3230 0 24456 0 0 0
cpu1 123207 31 45653 1338690 3620 0 24420 0 0 0
cpu2 124424 31 45798 1338238 3363 0 24565 0 0 0
cpu3 186215 30 64228 1243446 2461 0 39280 0 0 0
cpu4 187211 34 63163 1244511 2930 0 39313 0 0 0
cpu5 131280 32 47708 1328612 3596 0 25605 0 0 0
cpu6 131890 29 48011 1327989 3365 0 26374 0 0 0
cpu7 139757 26 51551 1314455 2984 0 29229 0 0 0
cpu8 40810 50 43007 1392753 7243 0 13307 0 0 0
cpu9 46631 57 46077 1370567 9773 0 14468 0 0 0
cpu10 44382 57 44505 1378451 7804 0 14301 0 0 0
cpu11 40637 52 40493 1397707 6657 0 12735 0 0 0
cpu12 79168 131 49678 1331246 11766 0 15610 0 0 0
cpu13 75866 63 50591 1330962 12385 0 15934 0 0 0
cpu14 40412 51 39860 1401093 6468 0 12453 0 0 0
cpu15 37623 53 36594 1414147 6428 0 11314 0 0 0
cpu16 160159 25 55839 1284512 4214 0 33087 0 0 0
cpu17 149955 24 54009 1296299 5674 0 31538 0 0 0
cpu18 144164 24 52903 1305408 4572 0 30798 0 0 0
cpu19 241804 24 76495 1166859 2475 0 49210 0 0 0
cpu20 215579 24 71930 1198792 4162 0 46986 0 0 0
cpu21 139034 27 51754 1311055 5501 0 29981 0 0 0
cpu22 131465 30 49912 1322358 4703 0 28225 0 0 0
cpu23 114514 30 44315 1351356 4251 0 23546 0 0 0
cpu24 43601 54 41275 1396055 7966 0 13424 0 0 0
cpu25 48734 57 46091 1372410 9941 0 15849 0 0 0
cpu26 46668 52 44986 1378382 9264 0 15410 0 0 0
cpu27 39432 41 40045 1388130 7995 0 21301 0 0 0
cpu28 72952 76 53397 1317711 11561 0 28353 0 0 0
cpu29 76876 113 55344 1306779 12066 0 28873 0 0 0
cpu30 38867 37 41553 1381725 7371 0 21276 0 0 0
cpu31 42057 39 41831 1396947 6883 0 13438 0 0 0
intr 3163305218 126 0 0 0 0 0 0 0 0 1 0 0 0 0 0 0 0 0 0 0 0 0 0 0 0 0 0 1 1 1 0 0 0 0 1 0 1 0 0 75045 0 0 0 0 0 0 0 0 411 0 0 0 0 0 0 0 0 87 0 0 0 0 0 0 0 0 0 0 0 0 0 0 0 417324 2 35049126 34990145 34908333 35047005 0 12748 7529 8240 7314 5770 6721 7678 8169 6215 27292 38500 28596 22981 34938 34674 23033 19403 9497 9942 9471 5088 8383 10482 9781 8342 24830 29021 26912 22410 30284 31478 19869 21568 0 0 0 0 617045 4327 1036 0 264 0 0 0 0 0 0 0 0 0 0 0 0 0 0 0 0 0 0 0 0 0 0 0 0 0 0 0 0 0 0 0 0 0 0 0 0 0 0 0 0 0 0 0 0 0 0 0 0 0 0 0 0 0 0 0 0 0 0 0 0 0 0 0 0 0 0 0 0 0 0 0 0 0 0 0 0 0 0 0 0 0 0 0 0 0 0 0 0 0 0 0 0 0 0 0 0 0 0 0 0 0 0 0 0 0 0 0 0 0 0 0 0 0 0 0 0 0 0 0 0 0 0 0 0 0 0 0 0 0 0 0 0 0 0 0 0 0 0 0 0 0 0 0 0 0 0 0 0 0 0 0 0 0 0 0 0 0 0 0 0 0 0 0 0 0 0 0 0 0 0 0 0 0 0 0 0 0 0 0 0 0 0 0 0 0 0 0 0 0 0 0 0 0 0 0 0 0 0 0 0 0 0 0 0 0 0 0 0 0 0 0 0 0 0 0 0 0 0 0 0 0 0 0 0 0 0 0 0 0 0 0 0 0 0 0 0 0 0 0 0 0 0 0 0 0 0 0 0 0 0 0 0 0 0 0 0 0 0 0 0 0 0 0 0 0 0 0 0 0 0 0 0 0 0 0 0 0 0 0 0 0 0 0 0 0 0 0 0 0 0 0 0 0 0 0 0 0 0 0 0 0 0 0 0 0 0 0 0 0 0 0 0 0 0 0 0 0 0 0 0 0 0 0 0 0 0 0 0 0 0 0 0 0 0 0 0 0 0 0 0 0 0 0 0 0 0 0 0 0 0 0 0 0 0 0 0 0 0 0 0 0 0 0 0 0 0 0 0 0 0 0 0 0 0 0 0 0 0 0 0 0 0 0 0 0 0 0 0 0 0 0 0 0 0 0 0 0 0 0 0 0 0 0 0 0 0 0 0 0 0 0 0 0 0 0 0 0 0 0 0 0 0 0 0 0 0 0 0 0 0 0 0 0 0 0 0 0 0 0 0 0 0 0 0 0 0 0 0 0 0 0 0 0 0 0 0 0 0 0 0 0 0 0 0 0 0 0 0 0 0 0 0 0 0 0 0 0 0 0 0 0 0 0 0 0 0 0 0 0 0 0 0 0 0 0 0 0 0 0 0 0 0 0 0 0 0 0 0 0 0 0 0 0 0 0 0 0 0 0 0 0 0 0 0 0 0 0 0 0 0 0 0 0 0 0 0 0 0 0 0 0 0 0 0 0 0 0 0 0 0 0 0 0 0 0 0 0 0 0 0 0 0 0 0 0 0 0 0 0 0 0 0 0 0 0 0 0 0 0 0 0 0 0 0 0 0 0 0 0 0 0 0 0 0 0 0 0 0 0 0 0 0 0 0 0 0 0 0 0 0 0 0 0 0 0 0 0 0 0 0 0 0 0 0 0 0 0 0 0 0 0 0 0 0 0 0 0 0 0 0 0 0 0 0 0 0 0 0 0 0 0 0 0 0 0 0 0 0 0 0 0 0 0 0 0 0 0 0 0 0 0 0 0 0 0 0 0 0 0 0 0 0 0 0 0 0 0 0 0 0 0 0 0 0 0 0 0 0 0 0 0 0 0 0 0 0 0 0 0 0 0 0 0 0 0 0 0 0 0 0 0 0 0 0 0 0 0 0 0 0 0 0 0 0 0 0 0 0 0 0 0 0 0 0 0 0 0 0 0 0 0 0 0 0 0 0 0 0 0 0 0 0 0 0 0 0 0 0 0 0 0 0 0 0 0 0 0 0 0 0 0 0 0 0 0 0 0 0 0 0 0 0 0 0 0 0 0 0 0 0 0 0 0 0 0 0 0 0 0 0 0 0 0 0 0 0 0 0 0 0 0 0 0 0 0 0 0 0 0 0 0 0 0 0 0 0 0 0 0 0 0 0 0 0 0 0 0 0 0 0 0 0 0 0 0 0 0 0 0 0 0 0 0 0 0 0 0 0 0 0 0 0 0 0 0 0 0 0 0 0 0 0 0 0 0 0 0 0 0 0 0 0 0 0 0 0 0 0 0 0 0 0 0 0 0 0 0 0 0 0 0 0 0 0 0 0 0 0 0 0 0 0 0 0 0 0 0 0 0 0 0 0 0 0 0 0 0 0 0 0 0 0 0 0 0 0 0 0 0 0 0 0 0 0 0 0 0 0 0 0 0 0 0 0 0 0 0 0 0 0 0 0 0 0 0 0 0 0 0 0 0 0 0 0 0 0 0 0 0 0 0 0 0 0 0 0 0 0 0 0 0 0 0 0 0 0 0 0 0 0 0 0 0 0 0 0 0 0 0 0 0 0 0 0 0 0 0 0 0 0 0 0 0 0 0 0 0 0 0 0 0 0 0 0 0 0 0 0 0 0 0 0 0 0 0 0 0 0 0 0 0 0 0 0 0 0 0 0 0 0 0 0 0 0 0 0 0 0 0 0 0 0 0 0 0 0 0 0 0 0 0 0 0 0 0 0 0 0 0 0 0 0
ctxt 4991684637
btime 1790630938
processes 561075
procs_running 3
procs_blocked 0
softirq 4548257683 73526 11241552 2753138 138134013 436465 0 13559729 49049461 421 38042082
