Running 10s test @ http://127.0.0.1:18500/json
  16 threads and 32 connections
  Thread Stats   Avg      Stdev     Max   +/- Stdev
    Latency     1.25ms  570.99us   4.49ms   83.12%
    Req/Sec     1.61k   540.16     3.20k    93.28%
  Latency Distribution
     50%    1.48ms
     75%    1.77ms
     90%    1.80ms
     99%    2.73ms
  257144 requests in 10.10s, 45.12MB read
Requests/sec:  25460.40
Transfer/sec:      4.47MB
## server-stat
cpu  3237723 1427 1576698 42041387 134711 0 774001 0 0 0
cpu0 118811 27 44115 1318604 2143 0 24394 0 0 0
cpu1 122912 31 45517 1318168 2236 0 24392 0 0 0
cpu2 124201 31 45674 1317609 1953 0 24548 0 0 0
cpu3 183230 30 63522 1225301 1958 0 39210 0 0 0
cpu4 185791 34 62884 1224966 1790 0 39267 0 0 0
cpu5 131062 31 47584 1308091 2058 0 25591 0 0 0
cpu6 131765 28 47891 1307270 1907 0 26362 0 0 0
cpu7 139660 26 51441 1293613 1602 0 29220 0 0 0
cpu8 40756 50 42910 1372936 4787 0 13303 0 0 0
cpu9 46528 55 45964 1350951 7258 0 14461 0 0 0
cpu10 44306 55 44389 1358765 5306 0 14297 0 0 0
cpu11 40587 51 40393 1377891 4207 0 12732 0 0 0
cpu12 78768 130 49528 1312087 9156 0 15600 0 0 0
cpu13 75434 61 50437 1312051 9544 0 15925 0 0 0
cpu14 40356 50 39745 1381190 4145 0 12449 0 0 0
cpu15 37582 52 36491 1394186 4108 0 11311 0 0 0
cpu16 159805 25 55680 1264445 2392 0 33070 0 0 0
cpu17 149737 24 53857 1276353 3598 0 31520 0 0 0
cpu18 143988 24 52764 1285437 2454 0 30785 0 0 0
cpu19 237190 24 75475 1150990 1707 0 49060 0 0 0
cpu20 212535 24 71396 1181612 2585 0 46877 0 0 0
cpu21 138880 27 51610 1291134 3307 0 29966 0 0 0
cpu22 131352 30 49778 1302198 2679 0 28214 0 0 0
cpu23 114418 30 44193 1330934 2451 0 23541 0 0 0
cpu24 43516 52 41146 1376814 4993 0 13422 0 0 0
cpu25 48632 57 45959 1353233 6922 0 15844 0 0 0
cpu26 46581 51 44866 1359283 6131 0 15405 0 0 0
cpu27 39356 40 39918 1368793 5071 0 21298 0 0 0
cpu28 72694 75 53243 1298958 8359 0 28346 0 0 0
cpu29 76473 113 55181 1288029 8983 0 28865 0 0 0
cpu30 38806 36 41430 1362069 4767 0 21274 0 0 0
cpu31 41994 38 41703 1377410 4139 0 13436 0 0 0
intr 3151800798 126 0 0 0 0 0 0 0 0 1 0 0 0 0 0 0 0 0 0 0 0 0 0 0 0 0 0 1 1 1 0 0 0 0 1 0 1 0 0 75045 0 0 0 0 0 0 0 0 411 0 0 0 0 0 0 0 0 87 0 0 0 0 0 0 0 0 0 0 0 0 0 0 0 403770 2 35048499 34989616 34907591 35046454 0 12572 5742 6617 5586 4774 5353 5739 6686 4898 24261 35069 25335 20245 29569 30606 20568 16808 7492 7667 7174 4277 6477 8229 7791 6211 21580 24716 23202 19384 24126 25129 16837 18730 0 0 0 0 617029 4309 1036 0 264 0 0 0 0 0 0 0 0 0 0 0 0 0 0 0 0 0 0 0 0 0 0 0 0 0 0 0 0 0 0 0 0 0 0 0 0 0 0 0 0 0 0 0 0 0 0 0 0 0 0 0 0 0 0 0 0 0 0 0 0 0 0 0 0 0 0 0 0 0 0 0 0 0 0 0 0 0 0 0 0 0 0 0 0 0 0 0 0 0 0 0 0 0 0 0 0 0 0 0 0 0 0 0 0 0 0 0 0 0 0 0 0 0 0 0 0 0 0 0 0 0 0 0 0 0 0 0 0 0 0 0 0 0 0 0 0 0 0 0 0 0 0 0 0 0 0 0 0 0 0 0 0 0 0 0 0 0 0 0 0 0 0 0 0 0 0 0 0 0 0 0 0 0 0 0 0 0 0 0 0 0 0 0 0 0 0 0 0 0 0 0 0 0 0 0 0 0 0 0 0 0 0 0 0 0 0 0 0 0 0 0 0 0 0 0 0 0 0 0 0 0 0 0 0 0 0 0 0 0 0 0 0 0 0 0 0 0 0 0 0 0 0 0 0 0 0 0 0 0 0 0 0 0 0 0 0 0 0 0 0 0 0 0 0 0 0 0 0 0 0 0 0 0 0 0 0 0 0 0 0 0 0 0 0 0 0 0 0 0 0 0 0 0 0 0 0 0 0 0 0 0 0 0 0 0 0 0 0 0 0 0 0 0 0 0 0 0 0 0 0 0 0 0 0 0 0 0 0 0 0 0 0 0 0 0 0 0 0 0 0 0 0 0 0 0 0 0 0 0 0 0 0 0 0 0 0 0 0 0 0 0 0 0 0 0 0 0 0 0 0 0 0 0 0 0 0 0 0 0 0 0 0 0 0 0 0 0 0 0 0 0 0 0 0 0 0 0 0 0 0 0 0 0 0 0 0 0 0 0 0 0 0 0 0 0 0 0 0 0 0 0 0 0 0 0 0 0 0 0 0 0 0 0 0 0 0 0 0 0 0 0 0 0 0 0 0 0 0 0 0 0 0 0 0 0 0 0 0 0 0 0 0 0 0 0 0 0 0 0 0 0 0 0 0 0 0 0 0 0 0 0 0 0 0 0 0 0 0 0 0 0 0 0 0 0 0 0 0 0 0 0 0 0 0 0 0 0 0 0 0 0 0 0 0 0 0 0 0 0 0 0 0 0 0 0 0 0 0 0 0 0 0 0 0 0 0 0 0 0 0 0 0 0 0 0 0 0 0 0 0 0 0 0 0 0 0 0 0 0 0 0 0 0 0 0 0 0 0 0 0 0 0 0 0 0 0 0 0 0 0 0 0 0 0 0 0 0 0 0 0 0 0 0 0 0 0 0 0 0 0 0 0 0 0 0 0 0 0 0 0 0 0 0 0 0 0 0 0 0 0 0 0 0 0 0 0 0 0 0 0 0 0 0 0 0 0 0 0 0 0 0 0 0 0 0 0 0 0 0 0 0 0 0 0 0 0 0 0 0 0 0 0 0 0 0 0 0 0 0 0 0 0 0 0 0 0 0 0 0 0 0 0 0 0 0 0 0 0 0 0 0 0 0 0 0 0 0 0 0 0 0 0 0 0 0 0 0 0 0 0 0 0 0 0 0 0 0 0 0 0 0 0 0 0 0 0 0 0 0 0 0 0 0 0 0 0 0 0 0 0 0 0 0 0 0 0 0 0 0 0 0 0 0 0 0 0 0 0 0 0 0 0 0 0 0 0 0 0 0 0 0 0 0 0 0 0 0 0 0 0 0 0 0 0 0 0 0 0 0 0 0 0 0 0 0 0 0 0 0 0 0 0 0 0 0 0 0 0 0 0 0 0 0 0 0 0 0 0 0 0 0 0 0 0 0 0 0 0 0 0 0 0 0 0 0 0 0 0 0 0 0 0 0 0 0 0 0 0 0 0 0 0 0 0 0 0 0 0 0 0 0 0 0 0 0 0 0 0 0 0 0 0 0 0 0 0 0 0 0 0 0 0 0 0 0 0 0 0 0 0 0 0 0 0 0 0 0 0 0 0 0 0 0 0 0 0 0 0 0 0 0 0 0 0 0 0 0 0 0 0 0 0 0 0 0 0 0 0 0 0 0 0 0 0 0 0 0 0 0 0 0 0 0 0 0 0 0 0 0 0 0 0 0 0 0 0 0 0 0 0 0 0 0 0 0 0 0 0 0 0 0 0 0 0 0 0 0 0 0 0 0 0 0 0 0 0 0 0 0 0 0 0 0 0 0 0 0 0 0 0 0 0 0 0 0 0 0 0 0 0 0 0 0 0 0 0 0 0 0 0 0 0 0 0 0 0 0 0 0 0 0 0 0 0 0 0 0 0 0 0 0 0 0 0 0 0 0 0 0 0 0 0 0 0 0 0 0 0 0 0 0 0 0 0 0 0 0 0 0 0 0 0 0 0 0 0 0 0 0 0 0 0 0 0 0 0 0 0 0 0 0 0 0 0 0 0 0 0 0 0 0 0
ctxt 4971696893
btime 1790630938
processes 516979
procs_running 4
procs_blocked 0
softirq 4542602769 73526 11104707 2753138 133796064 422567 0 13559689 48699677 421 37225684
--
cpu  3239059 1428 1576953 42065133 134725 0 774079 0 0 0
cpu0 118812 27 44116 1319392 2143 0 24394 0 0 0
cpu1 122912 31 45517 1318967 2236 0 24392 0 0 0
cpu2 124201 31 45674 1318408 1953 0 24548 0 0 0
cpu3 183276 30 63531 1226043 1958 0 39213 0 0 0
cpu4 185890 34 62902 1225644 1790 0 39272 0 0 0
cpu5 131063 31 47584 1308890 2058 0 25591 0 0 0
cpu6 131765 28 47891 1308069 1907 0 26362 0 0 0
cpu7 139660 26 51441 1294413 1602 0 29220 0 0 0
cpu8 40756 50 42910 1373713 4798 0 13303 0 0 0
cpu9 46531 56 45965 1351729 7258 0 14461 0 0 0
cpu10 44306 55 44390 1359542 5306 0 14297 0 0 0
cpu11 40588 51 40394 1378679 4207 0 12732 0 0 0
cpu12 78779 130 49531 1312856 9158 0 15600 0 0 0
cpu13 75448 61 50439 1312818 9544 0 15926 0 0 0
cpu14 40357 50 39746 1381975 4145 0 12449 0 0 0
cpu15 37582 52 36492 1394977 4109 0 11311 0 0 0
cpu16 159805 25 55680 1265244 2392 0 33070 0 0 0
cpu17 149737 24 53857 1277152 3598 0 31520 0 0 0
cpu18 143988 24 52764 1286236 2454 0 30785 0 0 0
cpu19 237787 24 75582 1151050 1707 0 49096 0 0 0
cpu20 213076 24 71502 1181733 2585 0 46910 0 0 0
cpu21 138880 27 51610 1291933 3307 0 29966 0 0 0
cpu22 131352 30 49778 1302997 2679 0 28214 0 0 0
cpu23 114418 30 44193 1331733 2451 0 23541 0 0 0
cpu24 43516 52 41146 1377612 4993 0 13422 0 0 0
cpu25 48633 57 45959 1354031 6922 0 15844 0 0 0
cpu26 46581 51 44866 1360080 6131 0 15405 0 0 0
cpu27 39356 40 39918 1369592 5071 0 21298 0 0 0
cpu28 72697 75 53243 1299738 8359 0 28346 0 0 0
cpu29 76490 113 55183 1288802 8983 0 28865 0 0 0
cpu30 38806 36 41431 1362864 4767 0 21274 0 0 0
cpu31 41994 38 41703 1378207 4139 0 13436 0 0 0
intr 3152118354 126 0 0 0 0 0 0 0 0 1 0 0 0 0 0 0 0 0 0 0 0 0 0 0 0 0 0 1 1 1 0 0 0 0 1 0 1 0 0 75045 0 0 0 0 0 0 0 0 411 0 0 0 0 0 0 0 0 87 0 0 0 0 0 0 0 0 0 0 0 0 0 0 0 403893 2 35048524 34989638 34907623 35046481 0 12580 5742 6617 5586 4774 5353 5739 6686 4898 24261 35070 25336 20246 29569 30606 20568 16808 7492 7667 7180 4277 6477 8229 7791 6211 21580 24716 23202 19384 24126 25129 16837 18730 0 0 0 0 617029 4309 1036 0 264 0 0 0 0 0 0 0 0 0 0 0 0 0 0 0 0 0 0 0 0 0 0 0 0 0 0 0 0 0 0 0 0 0 0 0 0 0 0 0 0 0 0 0 0 0 0 0 0 0 0 0 0 0 0 0 0 0 0 0 0 0 0 0 0 0 0 0 0 0 0 0 0 0 0 0 0 0 0 0 0 0 0 0 0 0 0 0 0 0 0 0 0 0 0 0 0 0 0 0 0 0 0 0 0 0 0 0 0 0 0 0 0 0 0 0 0 0 0 0 0 0 0 0 0 0 0 0 0 0 0 0 0 0 0 0 0 0 0 0 0 0 0 0 0 0 0 0 0 0 0 0 0 0 0 0 0 0 0 0 0 0 0 0 0 0 0 0 0 0 0 0 0 0 0 0 0 0 0 0 0 0 0 0 0 0 0 0 0 0 0 0 0 0 0 0 0 0 0 0 0 0 0 0 0 0 0 0 0 0 0 0 0 0 0 0 0 0 0 0 0 0 0 0 0 0 0 0 0 0 0 0 0 0 0 0 0 0 0 0 0 0 0 0 0 0 0 0 0 0 0 0 0 0 0 0 0 0 0 0 0 0 0 0 0 0 0 0 0 0 0 0 0 0 0 0 0 0 0 0 0 0 0 0 0 0 0 0 0 0 0 0 0 0 0 0 0 0 0 0 0 0 0 0 0 0 0 0 0 0 0 0 0 0 0 0 0 0 0 0 0 0 0 0 0 0 0 0 0 0 0 0 0 0 0 0 0 0 0 0 0 0 0 0 0 0 0 0 0 0 0 0 0 0 0 0 0 0 0 0 0 0 0 0 0 0 0 0 0 0 0 0 0 0 0 0 0 0 0 0 0 0 0 0 0 0 0 0 0 0 0 0 0 0 0 0 0 0 0 0 0 0 0 0 0 0 0 0 0 0 0 0 0 0 0 0 0 0 0 0 0 0 0 0 0 0 0 0 0 0 0 0 0 0 0 0 0 0 0 0 0 0 0 0 0 0 0 0 0 0 0 0 0 0 0 0 0 0 0 0 0 0 0 0 0 0 0 0 0 0 0 0 0 0 0 0 0 0 0 0 0 0 0 0 0 0 0 0 0 0 0 0 0 0 0 0 0 0 0 0 0 0 0 0 0 0 0 0 0 0 0 0 0 0 0 0 0 0 0 0 0 0 0 0 0 0 0 0 0 0 0 0 0 0 0 0 0 0 0 0 0 0 0 0 0 0 0 0 0 0 0 0 0 0 0 0 0 0 0 0 0 0 0 0 0 0 0 0 0 0 0 0 0 0 0 0 0 0 0 0 0 0 0 0 0 0 0 0 0 0 0 0 0 0 0 0 0 0 0 0 0 0 0 0 0 0 0 0 0 0 0 0 0 0 0 0 0 0 0 0 0 0 0 0 0 0 0 0 0 0 0 0 0 0 0 0 0 0 0 0 0 0 0 0 0 0 0 0 0 0 0 0 0 0 0 0 0 0 0 0 0 0 0 0 0 0 0 0 0 0 0 0 0 0 0 0 0 0 0 0 0 0 0 0 0 0 0 0 0 0 0 0 0 0 0 0 0 0 0 0 0 0 0 0 0 0 0 0 0 0 0 0 0 0 0 0 0 0 0 0 0 0 0 0 0 0 0 0 0 0 0 0 0 0 0 0 0 0 0 0 0 0 0 0 0 0 0 0 0 0 0 0 0 0 0 0 0 0 0 0 0 0 0 0 0 0 0 0 0 0 0 0 0 0 0 0 0 0 0 0 0 0 0 0 0 0 0 0 0 0 0 0 0 0 0 0 0 0 0 0 0 0 0 0 0 0 0 0 0 0 0 0 0 0 0 0 0 0 0 0 0 0 0 0 0 0 0 0 0 0 0 0 0 0 0 0 0 0 0 0 0 0 0 0 0 0 0 0 0 0 0 0 0 0 0 0 0 0 0 0 0 0 0 0 0 0 0 0 0 0 0 0 0 0 0 0 0 0 0 0 0 0 0 0 0 0 0 0 0 0 0 0 0 0 0 0 0 0 0 0 0 0 0 0 0 0 0 0 0 0 0 0 0 0 0 0 0 0 0 0 0 0 0 0 0 0 0 0 0 0 0 0 0 0 0 0 0 0 0 0 0 0 0 0 0 0 0 0 0 0 0 0 0 0 0 0 0 0 0 0 0 0 0 0 0 0 0 0 0 0 0 0 0 0 0 0 0 0 0 0 0 0 0 0 0 0 0 0 0 0 0 0 0 0 0 0 0 0 0 0 0 0 0 0 0 0 0 0 0 0 0 0 0 0 0 0 0 0 0 0 0 0 0 0 0 0 0 0 0 0 0 0 0 0 0 0 0 0 0 0 0 0 0 0 0 0 0 0 0 0 0 0 0 0 0 0 0 0 0 0 0 0 0 0 0 0 0 0 0 0 0 0 0 0 0 0 0 0 0 0 0 0 0 0 0 0 0 0 0 0 0 0 0 0 0 0 0 0 0 0 0 0 0
ctxt 4972231982
btime 1790630938
processes 517058
procs_running 5
procs_blocked 0
softirq 4543089504 73526 11108714 2753138 134203721 422700 0 13559689 48710548 421 37289751
