Running 10s test @ http://127.0.0.1:18500/usleep?ms=10
  16 threads and 128 connections
  Thread Stats   Avg      Stdev     Max   +/- Stdev
    Latency    10.49ms   92.13us  12.02ms   68.60%
    Req/Sec   765.27     22.29   808.00     59.94%
  Latency Distribution
     50%   10.48ms
     75%   10.55ms
     90%   10.63ms
     99%   10.72ms
  121940 requests in 10.01s, 16.40MB read
Requests/sec:  12186.41
Transfer/sec:      1.64MB
## server-stat
cpu  3539333 1584 1652163 47445923 378329 0 802881 0 0 0
cpu0 131878 29 47057 1487725 4703 0 26085 0 0 0
cpu1 134165 33 48099 1489701 5688 0 25588 0 0 0
cpu2 135432 33 48107 1489324 5693 0 25655 0 0 0
cpu3 211150 33 69084 1377031 4167 0 41670 0 0 0
cpu4 212143 36 67741 1378636 4744 0 41675 0 0 0
cpu5 142532 36 50139 1478949 6416 0 26712 0 0 0
cpu6 143081 33 50422 1477713 6677 0 27727 0 0 0
cpu7 149777 30 53741 1465519 6514 0 30397 0 0 0
cpu8 41294 58 44041 1549746 14487 0 13594 0 0 0
cpu9 47350 63 47221 1525478 17864 0 14807 0 0 0
cpu10 44934 63 45586 1533712 15979 0 14614 0 0 0
cpu11 41049 59 41448 1554157 14618 0 13002 0 0 0
cpu12 82641 138 51151 1482385 19999 0 16011 0 0 0
cpu13 79024 71 52129 1481894 20778 0 16362 0 0 0
cpu14 40906 58 40873 1557752 13798 0 12727 0 0 0
cpu15 37982 60 37506 1571278 14100 0 11562 0 0 0
cpu16 177420 27 58586 1429413 6285 0 34117 0 0 0
cpu17 166687 27 56782 1441085 8226 0 32670 0 0 0
cpu18 158866 27 55486 1451605 7917 0 31931 0 0 0
cpu19 277750 26 82571 1288950 3815 0 51652 0 0 0
cpu20 248252 25 77402 1324852 5689 0 49226 0 0 0
cpu21 152530 29 54258 1458095 9378 0 31059 0 0 0
cpu22 142071 33 51942 1472350 9283 0 28997 0 0 0
cpu23 123064 32 46313 1503237 8954 0 24397 0 0 0
cpu24 44185 61 42347 1551844 16591 0 13693 0 0 0
cpu25 49437 62 47294 1527245 18733 0 16187 0 0 0
cpu26 47287 57 46149 1533727 17857 0 15745 0 0 0
cpu27 39940 46 41105 1544231 16585 0 21577 0 0 0
cpu28 75368 81 55018 1468956 21076 0 28810 0 0 0
cpu29 79256 118 56998 1457761 21595 0 29342 0 0 0
cpu30 39333 44 42649 1538057 15177 0 21568 0 0 0
cpu31 42536 43 42906 1553500 14928 0 13709 0 0 0
intr 3298716136 126 0 0 0 0 0 0 0 0 1 0 0 0 0 0 0 0 0 0 0 0 0 0 0 0 0 0 1 1 1 0 0 0 0 1 0 1 0 0 75045 0 0 0 0 0 0 0 0 411 0 0 0 0 0 0 0 0 87 0 0 0 0 0 0 0 0 0 0 0 0 0 0 0 482813 2 35057291 34996282 34911988 35053148 0 14104 10751 12155 11568 8430 9750 12794 13893 10845 38331 52387 40861 34600 52590 50295 31489 28099 12625 14414 17218 7578 10999 15777 15595 13867 35881 44998 41065 33025 50823 54830 30074 32223 0 0 0 0 617157 4459 1036 0 264 0 0 0 0 0 0 0 0 0 0 0 0 0 0 0 0 0 0 0 0 0 0 0 0 0 0 0 0 0 0 0 0 0 0 0 0 0 0 0 0 0 0 0 0 0 0 0 0 0 0 0 0 0 0 0 0 0 0 0 0 0 0 0 0 0 0 0 0 0 0 0 0 0 0 0 0 0 0 0 0 0 0 0 0 0 0 0 0 0 0 0 0 0 0 0 0 0 0 0 0 0 0 0 0 0 0 0 0 0 0 0 0 0 0 0 0 0 0 0 0 0 0 0 0 0 0 0 0 0 0 0 0 0 0 0 0 0 0 0 0 0 0 0 0 0 0 0 0 0 0 0 0 0 0 0 0 0 0 0 0 0 0 0 0 0 0 0 0 0 0 0 0 0 0 0 0 0 0 0 0 0 0 0 0 0 0 0 0 0 0 0 0 0 0 0 0 0 0 0 0 0 0 0 0 0 0 0 0 0 0 0 0 0 0 0 0 0 0 0 0 0 0 0 0 0 0 0 0 0 0 0 0 0 0 0 0 0 0 0 0 0 0 0 0 0 0 0 0 0 0 0 0 0 0 0 0 0 0 0 0 0 0 0 0 0 0 0 0 0 0 0 0 0 0 0 0 0 0 0 0 0 0 0 0 0 0 0 0 0 0 0 0 0 0 0 0 0 0 0 0 0 0 0 0 0 0 0 0 0 0 0 0 0 0 0 0 0 0 0 0 0 0 0 0 0 0 0 0 0 0 0 0 0 0 0 0 0 0 0 0 0 0 0 0 0 0 0 0 0 0 0 0 0 0 0 0 0 0 0 0 0 0 0 0 0 0 0 0 0 0 0 0 0 0 0 0 0 0 0 0 0 0 0 0 0 0 0 0 0 0 0 0 0 0 0 0 0 0 0 0 0 0 0 0 0 0 0 0 0 0 0 0 0 0 0 0 0 0 0 0 0 0 0 0 0 0 0 0 0 0 0 0 0 0 0 0 0 0 0 0 0 0 0 0 0 0 0 0 0 0 0 0 0 0 0 0 0 0 0 0 0 0 0 0 0 0 0 0 0 0 0 0 0 0 0 0 0 0 0 0 0 0 0 0 0 0 0 0 0 0 0 0 0 0 0 0 0 0 0 0 0 0 0 0 0 0 0 0 0 0 0 0 0 0 0 0 0 0 0 0 0 0 0 0 0 0 0 0 0 0 0 0 0 0 0 0 0 0 0 0 0 0 0 0 0 0 0 0 0 0 0 0 0 0 0 0 0 0 0 0 0 0 0 0 0 0 0 0 0 0 0 0 0 0 0 0 0 0 0 0 0 0 0 0 0 0 0 0 0 0 0 0 0 0 0 0 0 0 0 0 0 0 0 0 0 0 0 0 0 0 0 0 0 0 0 0 0 0 0 0 0 0 0 0 0 0 0 0 0 0 0 0 0 0 0 0 0 0 0 0 0 0 0 0 0 0 0 0 0 0 0 0 0 0 0 0 0 0 0 0 0 0 0 0 0 0 0 0 0 0 0 0 0 0 0 0 0 0 0 0 0 0 0 0 0 0 0 0 0 0 0 0 0 0 0 0 0 0 0 0 0 0 0 0 0 0 0 0 0 0 0 0 0 0 0 0 0 0 0 0 0 0 0 0 0 0 0 0 0 0 0 0 0 0 0 0 0 0 0 0 0 0 0 0 0 0 0 0 0 0 0 0 0 0 0 0 0 0 0 0 0 0 0 0 0 0 0 0 0 0 0 0 0 0 0 0 0 0 0 0 0 0 0 0 0 0 0 0 0 0 0 0 0 0 0 0 0 0 0 0 0 0 0 0 0 0 0 0 0 0 0 0 0 0 0 0 0 0 0 0 0 0 0 0 0 0 0 0 0 0 0 0 0 0 0 0 0 0 0 0 0 0 0 0 0 0 0 0 0 0 0 0 0 0 0 0 0 0 0 0 0 0 0 0 0 0 0 0 0 0 0 0 0 0 0 0 0 0 0 0 0 0 0 0 0 0 0 0 0 0 0 0 0 0 0 0 0 0 0 0 0 0 0 0 0 0 0 0 0 0 0 0 0 0 0 0 0 0 0 0 0 0 0 0 0 0 0 0 0 0 0 0 0 0 0 0 0 0 0 0 0 0 0 0 0 0 0 0 0 0 0 0 0 0 0 0 0 0 0 0 0 0 0 0 0 0 0 0 0 0 0 0 0 0 0 0 0 0 0 0 0 0 0 0 0 0 0 0 0 0 0 0 0 0 0 0 0 0 0 0 0 0 0 0 0 0 0 0 0 0 0 0 0 0 0 0 0 0 0 0 0 0 0 0 0 0 0 0 0 0 0 0 0 0 0 0 0 0 0 0 0 0 0 0 0 0 0 0 0 0 0 0 0 0 0 0 0 0 0 0 0 0 0 0 0 0 0 0 0 0 0 0 0 0 0 0 0 0 0 0 0 0 0 0 0 0 0 0 0 0 0 0 0 0 0 0 0 0 0 0 0 0
ctxt 5230106151
btime 1790630938
processes 792479
procs_running 2
procs_blocked 0
softirq 4728889049 73526 12467840 2753162 307827224 504130 0 13560074 52329376 421 44406000
--
cpu  3539613 1585 1652211 47471045 378347 0 802911 0 0 0
cpu0 131884 29 47059 1488510 4703 0 26086 0 0 0
cpu1 134170 33 48099 1490493 5688 0 25589 0 0 0
cpu2 135434 33 48107 1490121 5693 0 25655 0 0 0
cpu3 211260 33 69100 1377682 4167 0 41684 0 0 0
cpu4 212209 37 67752 1379355 4744 0 41682 0 0 0
cpu5 142545 36 50142 1479731 6416 0 26714 0 0 0
cpu6 143082 33 50422 1478511 6677 0 27727 0 0 0
cpu7 149777 30 53742 1466316 6514 0 30397 0 0 0
cpu8 41297 58 44042 1550522 14502 0 13595 0 0 0
cpu9 47352 63 47222 1526268 17864 0 14807 0 0 0
cpu10 44935 63 45587 1534503 15979 0 14614 0 0 0
cpu11 41049 59 41449 1554950 14619 0 13002 0 0 0
cpu12 82671 138 51153 1483147 19999 0 16011 0 0 0
cpu13 79043 71 52131 1482668 20778 0 16362 0 0 0
cpu14 40908 58 40873 1558544 13798 0 12727 0 0 0
cpu15 37985 60 37507 1572072 14100 0 11562 0 0 0
cpu16 177421 27 58586 1430211 6285 0 34117 0 0 0
cpu17 166687 27 56782 1441884 8226 0 32670 0 0 0
cpu18 158866 27 55486 1452403 7917 0 31931 0 0 0
cpu19 277751 26 82571 1289747 3815 0 51652 0 0 0
cpu20 248254 25 77402 1325649 5689 0 49226 0 0 0
cpu21 152531 29 54258 1458893 9378 0 31059 0 0 0
cpu22 142071 33 51942 1473149 9283 0 28997 0 0 0
cpu23 123065 32 46313 1504036 8954 0 24397 0 0 0
cpu24 44187 61 42347 1552638 16591 0 13693 0 0 0
cpu25 49439 62 47294 1528037 18733 0 16187 0 0 0
cpu26 47288 57 46149 1534518 17858 0 15746 0 0 0
cpu27 39942 46 41105 1545024 16585 0 21577 0 0 0
cpu28 75369 81 55019 1469746 21076 0 28811 0 0 0
cpu29 79257 118 56999 1458552 21595 0 29342 0 0 0
cpu30 39333 44 42650 1538851 15177 0 21568 0 0 0
cpu31 42537 43 42906 1554295 14928 0 13709 0 0 0
intr 3298903705 126 0 0 0 0 0 0 0 0 1 0 0 0 0 0 0 0 0 0 0 0 0 0 0 0 0 0 1 1 1 0 0 0 0 1 0 1 0 0 75045 0 0 0 0 0 0 0 0 411 0 0 0 0 0 0 0 0 87 0 0 0 0 0 0 0 0 0 0 0 0 0 0 0 482942 2 35057326 34996309 34912008 35053218 0 14112 10751 12155 11568 8430 9750 12794 13893 10845 38331 52389 40861 34606 52590 50295 31489 28099 12625 14414 17218 7578 10999 15777 15595 13867 35881 44998 41066 33025 50824 54834 30075 32223 0 0 0 0 617157 4459 1036 0 264 0 0 0 0 0 0 0 0 0 0 0 0 0 0 0 0 0 0 0 0 0 0 0 0 0 0 0 0 0 0 0 0 0 0 0 0 0 0 0 0 0 0 0 0 0 0 0 0 0 0 0 0 0 0 0 0 0 0 0 0 0 0 0 0 0 0 0 0 0 0 0 0 0 0 0 0 0 0 0 0 0 0 0 0 0 0 0 0 0 0 0 0 0 0 0 0 0 0 0 0 0 0 0 0 0 0 0 0 0 0 0 0 0 0 0 0 0 0 0 0 0 0 0 0 0 0 0 0 0 0 0 0 0 0 0 0 0 0 0 0 0 0 0 0 0 0 0 0 0 0 0 0 0 0 0 0 0 0 0 0 0 0 0 0 0 0 0 0 0 0 0 0 0 0 0 0 0 0 0 0 0 0 0 0 0 0 0 0 0 0 0 0 0 0 0 0 0 0 0 0 0 0 0 0 0 0 0 0 0 0 0 0 0 0 0 0 0 0 0 0 0 0 0 0 0 0 0 0 0 0 0 0 0 0 0 0 0 0 0 0 0 0 0 0 0 0 0 0 0 0 0 0 0 0 0 0 0 0 0 0 0 0 0 0 0 0 0 0 0 0 0 0 0 0 0 0 0 0 0 0 0 0 0 0 0 0 0 0 0 0 0 0 0 0 0 0 0 0 0 0 0 0 0 0 0 0 0 0 0 0 0 0 0 0 0 0 0 0 0 0 0 0 0 0 0 0 0 0 0 0 0 0 0 0 0 0 0 0 0 0 0 0 0 0 0 0 0 0 0 0 0 0 0 0 0 0 0 0 0 0 0 0 0 0 0 0 0 0 0 0 0 0 0 0 0 0 0 0 0 0 0 0 0 0 0 0 0 0 0 0 0 0 0 0 0 0 0 0 0 0 0 0 0 0 0 0 0 0 0 0 0 0 0 0 0 0 0 0 0 0 0 0 0 0 0 0 0 0 0 0 0 0 0 0 0 0 0 0 0 0 0 0 0 0 0 0 0 0 0 0 0 0 0 0 0 0 0 0 0 0 0 0 0 0 0 0 0 0 0 0 0 0 0 0 0 0 0 0 0 0 0 0 0 0 0 0 0 0 0 0 0 0 0 0 0 0 0 0 0 0 0 0 0 0 0 0 0 0 0 0 0 0 0 0 0 0 0 0 0 0 0 0 0 0 0 0 0 0 0 0 0 0 0 0 0 0 0 0 0 0 0 0 0 0 0 0 0 0 0 0 0 0 0 0 0 0 0 0 0 0 0 0 0 0 0 0 0 0 0 0 0 0 0 0 0 0 0 0 0 0 0 0 0 0 0 0 0 0 0 0 0 0 0 0 0 0 0 0 0 0 0 0 0 0 0 0 0 0 0 0 0 0 0 0 0 0 0 0 0 0 0 0 0 0 0 0 0 0 0 0 0 0 0 0 0 0 0 0 0 0 0 0 0 0 0 0 0 0 0 0 0 0 0 0 0 0 0 0 0 0 0 0 0 0 0 0 0 0 0 0 0 0 0 0 0 0 0 0 0 0 0 0 0 0 0 0 0 0 0 0 0 0 0 0 0 0 0 0 0 0 0 0 0 0 0 0 0 0 0 0 0 0 0 0 0 0 0 0 0 0 0 0 0 0 0 0 0 0 0 0 0 0 0 0 0 0 0 0 0 0 0 0 0 0 0 0 0 0 0 0 0 0 0 0 0 0 0 0 0 0 0 0 0 0 0 0 0 0 0 0 0 0 0 0 0 0 0 0 0 0 0 0 0 0 0 0 0 0 0 0 0 0 0 0 0 0 0 0 0 0 0 0 0 0 0 0 0 0 0 0 0 0 0 0 0 0 0 0 0 0 0 0 0 0 0 0 0 0 0 0 0 0 0 0 0 0 0 0 0 0 0 0 0 0 0 0 0 0 0 0 0 0 0 0 0 0 0 0 0 0 0 0 0 0 0 0 0 0 0 0 0 0 0 0 0 0 0 0 0 0 0 0 0 0 0 0 0 0 0 0 0 0 0 0 0 0 0 0 0 0 0 0 0 0 0 0 0 0 0 0 0 0 0 0 0 0 0 0 0 0 0 0 0 0 0 0 0 0 0 0 0 0 0 0 0 0 0 0 0 0 0 0 0 0 0 0 0 0 0 0 0 0 0 0 0 0 0 0 0 0 0 0 0 0 0 0 0 0 0 0 0 0 0 0 0 0 0 0 0 0 0 0 0 0 0 0 0 0 0 0 0 0 0 0 0 0 0 0 0 0 0 0 0 0 0 0 0 0 0 0 0 0 0 0 0 0 0 0 0 0 0 0 0 0 0 0 0 0 0 0 0 0 0 0 0 0 0 0 0 0 0 0 0 0 0 0 0 0 0 0 0 0 0 0 0 0 0 0 0 0 0 0 0 0 0 0 0 0 0 0 0 0 0 0 0 0 0 0 0 0 0 0 0 0 0 0 0 0 0 0 0 0 0 0 0 0 0 0 0 0 0 0
ctxt 5230430543
btime 1790630938
processes 792552
procs_running 1
procs_blocked 0
softirq 4729101307 73526 12470223 2753162 308022806 504269 0 13560074 52337086 421 44412444
