Running 10s test @ http://127.0.0.1:18500/usleep?ms=10
  16 threads and 1000 connections
  Thread Stats   Avg      Stdev     Max   +/- Stdev
    Latency     1.33s   282.54ms   2.61s    79.39%
    Req/Sec    52.05     29.89   161.00     64.00%
  Latency Distribution
     50%    1.32s 
     75%    1.34s 
     90%    1.53s 
     99%    2.39s 
  7000 requests in 10.01s, 827.15KB read
Requests/sec:    699.39
Transfer/sec:     82.64KB
## server-stat
cpu  3621611 1604 1666721 48099063 379188 0 806001 0 0 0
cpu0 137285 29 47901 1504815 4707 0 26353 0 0 0
cpu1 138480 33 48842 1508081 5700 0 25765 0 0 0
cpu2 139878 34 48778 1507673 5694 0 25859 0 0 0
cpu3 215382 34 69794 1395548 4168 0 41837 0 0 0
cpu4 217011 37 68445 1396473 4745 0 41921 0 0 0
cpu5 145787 36 50621 1498806 6418 0 26836 0 0 0
cpu6 147389 33 51066 1496269 6692 0 27924 0 0 0
cpu7 153822 30 54333 1484369 6515 0 30606 0 0 0
cpu8 41364 59 44159 1573019 14505 0 13610 0 0 0
cpu9 47445 64 47352 1548645 17874 0 14828 0 0 0
cpu10 45014 65 45713 1556782 16117 0 14632 0 0 0
cpu11 41119 60 41570 1577425 14630 0 13015 0 0 0
cpu12 83070 139 51323 1505045 20005 0 16045 0 0 0
cpu13 79462 72 52318 1504410 20857 0 16395 0 0 0
cpu14 40982 59 41012 1580957 13804 0 12747 0 0 0
cpu15 38042 61 37630 1594550 14123 0 11577 0 0 0
cpu16 182032 27 59272 1447711 6289 0 34227 0 0 0
cpu17 172160 27 57539 1458403 8228 0 32840 0 0 0
cpu18 163977 27 56289 1469268 7931 0 32046 0 0 0
cpu19 284903 26 83594 1304207 3819 0 51903 0 0 0
cpu20 254141 25 78321 1341603 5695 0 49366 0 0 0
cpu21 159087 29 55284 1474030 9379 0 31254 0 0 0
cpu22 147194 33 52776 1489951 9306 0 29118 0 0 0
cpu23 127800 32 47166 1521242 8954 0 24496 0 0 0
cpu24 44285 61 42467 1575081 16623 0 13708 0 0 0
cpu25 49551 63 47422 1550395 18796 0 16207 0 0 0
cpu26 47383 58 46277 1556902 17916 0 15762 0 0 0
cpu27 40020 48 41227 1567511 16619 0 21589 0 0 0
cpu28 75836 82 55199 1491568 21125 0 28843 0 0 0
cpu29 79649 119 57190 1480290 21785 0 29373 0 0 0
cpu30 39431 44 42788 1561239 15207 0 21582 0 0 0
cpu31 42617 44 43038 1576778 14948 0 13724 0 0 0
intr 3313257805 126 0 0 0 0 0 0 0 0 1 0 0 0 0 0 0 0 0 0 0 0 0 0 0 0 0 0 1 1 1 0 0 0 0 1 0 1 0 0 75045 0 0 0 0 0 0 0 0 411 0 0 0 0 0 0 0 0 87 0 0 0 0 0 0 0 0 0 0 0 0 0 0 0 490432 2 35057746 34996869 34912487 35053829 0 14296 10792 12157 11569 8436 9755 12843 13893 10866 38427 52420 40915 34653 52665 50355 31515 28106 12625 14415 17219 7582 10999 15778 15596 13869 35894 45022 41080 33035 50982 54857 30092 32275 0 0 0 0 617173 4475 1036 0 264 0 0 0 0 0 0 0 0 0 0 0 0 0 0 0 0 0 0 0 0 0 0 0 0 0 0 0 0 0 0 0 0 0 0 0 0 0 0 0 0 0 0 0 0 0 0 0 0 0 0 0 0 0 0 0 0 0 0 0 0 0 0 0 0 0 0 0 0 0 0 0 0 0 0 0 0 0 0 0 0 0 0 0 0 0 0 0 0 0 0 0 0 0 0 0 0 0 0 0 0 0 0 0 0 0 0 0 0 0 0 0 0 0 0 0 0 0 0 0 0 0 0 0 0 0 0 0 0 0 0 0 0 0 0 0 0 0 0 0 0 0 0 0 0 0 0 0 0 0 0 0 0 0 0 0 0 0 0 0 0 0 0 0 0 0 0 0 0 0 0 0 0 0 0 0 0 0 0 0 0 0 0 0 0 0 0 0 0 0 0 0 0 0 0 0 0 0 0 0 0 0 0 0 0 0 0 0 0 0 0 0 0 0 0 0 0 0 0 0 0 0 0 0 0 0 0 0 0 0 0 0 0 0 0 0 0 0 0 0 0 0 0 0 0 0 0 0 0 0 0 0 0 0 0 0 0 0 0 0 0 0 0 0 0 0 0 0 0 0 0 0 0 0 0 0 0 0 0 0 0 0 0 0 0 0 0 0 0 0 0 0 0 0 0 0 0 0 0 0 0 0 0 0 0 0 0 0 0 0 0 0 0 0 0 0 0 0 0 0 0 0 0 0 0 0 0 0 0 0 0 0 0 0 0 0 0 0 0 0 0 0 0 0 0 0 0 0 0 0 0 0 0 0 0 0 0 0 0 0 0 0 0 0 0 0 0 0 0 0 0 0 0 0 0 0 0 0 0 0 0 0 0 0 0 0 0 0 0 0 0 0 0 0 0 0 0 0 0 0 0 0 0 0 0 0 0 0 0 0 0 0 0 0 0 0 0 0 0 0 0 0 0 0 0 0 0 0 0 0 0 0 0 0 0 0 0 0 0 0 0 0 0 0 0 0 0 0 0 0 0 0 0 0 0 0 0 0 0 0 0 0 0 0 0 0 0 0 0 0 0 0 0 0 0 0 0 0 0 0 0 0 0 0 0 0 0 0 0 0 0 0 0 0 0 0 0 0 0 0 0 0 0 0 0 0 0 0 0 0 0 0 0 0 0 0 0 0 0 0 0 0 0 0 0 0 0 0 0 0 0 0 0 0 0 0 0 0 0 0 0 0 0 0 0 0 0 0 0 0 0 0 0 0 0 0 0 0 0 0 0 0 0 0 0 0 0 0 0 0 0 0 0 0 0 0 0 0 0 0 0 0 0 0 0 0 0 0 0 0 0 0 0 0 0 0 0 0 0 0 0 0 0 0 0 0 0 0 0 0 0 0 0 0 0 0 0 0 0 0 0 0 0 0 0 0 0 0 0 0 0 0 0 0 0 0 0 0 0 0 0 0 0 0 0 0 0 0 0 0 0 0 0 0 0 0 0 0 0 0 0 0 0 0 0 0 0 0 0 0 0 0 0 0 0 0 0 0 0 0 0 0 0 0 0 0 0 0 0 0 0 0 0 0 0 0 0 0 0 0 0 0 0 0 0 0 0 0 0 0 0 0 0 0 0 0 0 0 0 0 0 0 0 0 0 0 0 0 0 0 0 0 0 0 0 0 0 0 0 0 0 0 0 0 0 0 0 0 0 0 0 0 0 0 0 0 0 0 0 0 0 0 0 0 0 0 0 0 0 0 0 0 0 0 0 0 0 0 0 0 0 0 0 0 0 0 0 0 0 0 0 0 0 0 0 0 0 0 0 0 0 0 0 0 0 0 0 0 0 0 0 0 0 0 0 0 0 0 0 0 0 0 0 0 0 0 0 0 0 0 0 0 0 0 0 0 0 0 0 0 0 0 0 0 0 0 0 0 0 0 0 0 0 0 0 0 0 0 0 0 0 0 0 0 0 0 0 0 0 0 0 0 0 0 0 0 0 0 0 0 0 0 0 0 0 0 0 0 0 0 0 0 0 0 0 0 0 0 0 0 0 0 0 0 0 0 0 0 0 0 0 0 0 0 0 0 0 0 0 0 0 0 0 0 0 0 0 0 0 0 0 0 0 0 0 0 0 0 0 0 0 0 0 0 0 0 0 0 0 0 0 0 0 0 0 0 0 0 0 0 0 0 0 0 0 0 0 0 0 0 0 0 0 0 0 0 0 0 0 0 0 0 0 0 0 0 0 0 0 0 0 0 0 0 0 0 0 0 0 0 0 0 0 0 0 0 0 0 0 0 0 0 0 0 0 0 0 0 0 0 0 0 0 0 0 0 0 0 0 0 0 0 0 0 0 0 0 0 0 0 0 0 0 0 0 0 0 0 0 0 0 0 0 0 0 0 0 0 0 0 0 0 0 0 0 0 0 0 0 0 0 0 0 0 0 0 0 0 0 0 0 0 0 0 0 0 0 0 0 0 0 0 0 0 0 0 0 0 0 0 0 0 0
ctxt 5253733028
btime 1790630938
processes 836927
procs_running 1
procs_blocked 1
softirq 4748724709 73526 12752884 2753162 323293167 512024 0 13560121 52964286 421 47847822
--
cpu  3621700 1605 1666738 48124491 379212 0 806006 0 0 0
cpu0 137290 29 47901 1505607 4707 0 26355 0 0 0
cpu1 138483 33 48843 1508875 5700 0 25765 0 0 0
cpu2 139880 34 48778 1508469 5694 0 25859 0 0 0
cpu3 215392 34 69796 1396334 4168 0 41838 0 0 0
cpu4 217019 37 68446 1397261 4745 0 41922 0 0 0
cpu5 145790 36 50622 1499601 6418 0 26836 0 0 0
cpu6 147390 33 51067 1497066 6692 0 27924 0 0 0
cpu7 153822 30 54333 1485168 6515 0 30606 0 0 0
cpu8 41365 59 44159 1573817 14505 0 13610 0 0 0
cpu9 47446 64 47353 1549441 17874 0 14828 0 0 0
cpu10 45015 65 45713 1557579 16117 0 14632 0 0 0
cpu11 41120 60 41570 1578223 14630 0 13015 0 0 0
cpu12 83088 139 51326 1505823 20006 0 16045 0 0 0
cpu13 79476 72 52319 1505191 20857 0 16396 0 0 0
cpu14 40983 59 41012 1581755 13804 0 12747 0 0 0
cpu15 38042 61 37631 1595348 14123 0 11577 0 0 0
cpu16 182032 27 59272 1448510 6289 0 34227 0 0 0
cpu17 172160 27 57539 1459202 8228 0 32840 0 0 0
cpu18 163977 27 56289 1470067 7931 0 32046 0 0 0
cpu19 284903 26 83594 1305006 3819 0 51903 0 0 0
cpu20 254141 25 78321 1342402 5695 0 49366 0 0 0
cpu21 159087 29 55284 1474829 9379 0 31254 0 0 0
cpu22 147195 33 52776 1490750 9306 0 29118 0 0 0
cpu23 127800 32 47166 1522041 8954 0 24496 0 0 0
cpu24 44285 61 42467 1575880 16623 0 13708 0 0 0
cpu25 49551 63 47423 1551192 18796 0 16207 0 0 0
cpu26 47383 58 46277 1557701 17916 0 15762 0 0 0
cpu27 40020 48 41228 1568310 16619 0 21589 0 0 0
cpu28 75853 82 55201 1492346 21125 0 28843 0 0 0
cpu29 79651 119 57190 1481064 21806 0 29373 0 0 0
cpu30 39431 44 42789 1562038 15207 0 21582 0 0 0
cpu31 42617 44 43038 1577577 14948 0 13724 0 0 0
intr 3313363962 126 0 0 0 0 0 0 0 0 1 0 0 0 0 0 0 0 0 0 0 0 0 0 0 0 0 0 1 1 1 0 0 0 0 1 0 1 0 0 75045 0 0 0 0 0 0 0 0 411 0 0 0 0 0 0 0 0 87 0 0 0 0 0 0 0 0 0 0 0 0 0 0 0 490568 2 35057773 34996931 34912502 35053876 0 14304 10792 12157 11569 8436 9757 12843 13893 10866 38427 52420 40915 34653 52730 50365 31515 28106 12625 14415 17219 7591 10999 15778 15596 13869 35894 45022 41080 33035 50982 54857 30092 32275 0 0 0 0 617173 4475 1036 0 264 0 0 0 0 0 0 0 0 0 0 0 0 0 0 0 0 0 0 0 0 0 0 0 0 0 0 0 0 0 0 0 0 0 0 0 0 0 0 0 0 0 0 0 0 0 0 0 0 0 0 0 0 0 0 0 0 0 0 0 0 0 0 0 0 0 0 0 0 0 0 0 0 0 0 0 0 0 0 0 0 0 0 0 0 0 0 0 0 0 0 0 0 0 0 0 0 0 0 0 0 0 0 0 0 0 0 0 0 0 0 0 0 0 0 0 0 0 0 0 0 0 0 0 0 0 0 0 0 0 0 0 0 0 0 0 0 0 0 0 0 0 0 0 0 0 0 0 0 0 0 0 0 0 0 0 0 0 0 0 0 0 0 0 0 0 0 0 0 0 0 0 0 0 0 0 0 0 0 0 0 0 0 0 0 0 0 0 0 0 0 0 0 0 0 0 0 0 0 0 0 0 0 0 0 0 0 0 0 0 0 0 0 0 0 0 0 0 0 0 0 0 0 0 0 0 0 0 0 0 0 0 0 0 0 0 0 0 0 0 0 0 0 0 0 0 0 0 0 0 0 0 0 0 0 0 0 0 0 0 0 0 0 0 0 0 0 0 0 0 0 0 0 0 0 0 0 0 0 0 0 0 0 0 0 0 0 0 0 0 0 0 0 0 0 0 0 0 0 0 0 0 0 0 0 0 0 0 0 0 0 0 0 0 0 0 0 0 0 0 0 0 0 0 0 0 0 0 0 0 0 0 0 0 0 0 0 0 0 0 0 0 0 0 0 0 0 0 0 0 0 0 0 0 0 0 0 0 0 0 0 0 0 0 0 0 0 0 0 0 0 0 0 0 0 0 0 0 0 0 0 0 0 0 0 0 0 0 0 0 0 0 0 0 0 0 0 0 0 0 0 0 0 0 0 0 0 0 0 0 0 0 0 0 0 0 0 0 0 0 0 0 0 0 0 0 0 0 0 0 0 0 0 0 0 0 0 0 0 0 0 0 0 0 0 0 0 0 0 0 0 0 0 0 0 0 0 0 0 0 0 0 0 0 0 0 0 0 0 0 0 0 0 0 0 0 0 0 0 0 0 0 0 0 0 0 0 0 0 0 0 0 0 0 0 0 0 0 0 0 0 0 0 0 0 0 0 0 0 0 0 0 0 0 0 0 0 0 0 0 0 0 0 0 0 0 0 0 0 0 0 0 0 0 0 0 0 0 0 0 0 0 0 0 0 0 0 0 0 0 0 0 0 0 0 0 0 0 0 0 0 0 0 0 0 0 0 0 0 0 0 0 0 0 0 0 0 0 0 0 0 0 0 0 0 0 0 0 0 0 0 0 0 0 0 0 0 0 0 0 0 0 0 0 0 0 0 0 0 0 0 0 0 0 0 0 0 0 0 0 0 0 0 0 0 0 0 0 0 0 0 0 0 0 0 0 0 0 0 0 0 0 0 0 0 0 0 0 0 0 0 0 0 0 0 0 0 0 0 0 0 0 0 0 0 0 0 0 0 0 0 0 0 0 0 0 0 0 0 0 0 0 0 0 0 0 0 0 0 0 0 0 0 0 0 0 0 0 0 0 0 0 0 0 0 0 0 0 0 0 0 0 0 0 0 0 0 0 0 0 0 0 0 0 0 0 0 0 0 0 0 0 0 0 0 0 0 0 0 0 0 0 0 0 0 0 0 0 0 0 0 0 0 0 0 0 0 0 0 0 0 0 0 0 0 0 0 0 0 0 0 0 0 0 0 0 0 0 0 0 0 0 0 0 0 0 0 0 0 0 0 0 0 0 0 0 0 0 0 0 0 0 0 0 0 0 0 0 0 0 0 0 0 0 0 0 0 0 0 0 0 0 0 0 0 0 0 0 0 0 0 0 0 0 0 0 0 0 0 0 0 0 0 0 0 0 0 0 0 0 0 0 0 0 0 0 0 0 0 0 0 0 0 0 0 0 0 0 0 0 0 0 0 0 0 0 0 0 0 0 0 0 0 0 0 0 0 0 0 0 0 0 0 0 0 0 0 0 0 0 0 0 0 0 0 0 0 0 0 0 0 0 0 0 0 0 0 0 0 0 0 0 0 0 0 0 0 0 0 0 0 0 0 0 0 0 0 0 0 0 0 0 0 0 0 0 0 0 0 0 0 0 0 0 0 0 0 0 0 0 0 0 0 0 0 0 0 0 0 0 0 0 0 0 0 0 0 0 0 0 0 0 0 0 0 0 0 0 0 0 0 0 0 0 0 0 0 0 0 0 0 0 0 0 0 0 0 0 0 0 0 0 0 0 0 0 0 0 0 0 0 0 0 0 0 0 0 0 0 0 0 0 0 0 0 0 0 0 0 0 0 0 0 0 0 0 0 0 0 0 0 0 0 0 0 0 0 0 0 0 0 0 0 0 0 0 0 0 0 0 0 0 0 0 0 0 0 0 0 0 0 0 0 0 0 0 0 0 0 0 0 0 0 0 0 0 0 0 0 0 0 0 0
ctxt 5253883307
btime 1790630938
processes 837003
procs_running 2
procs_blocked 0
softirq 4748764747 73526 12761961 2753162 323305935 512169 0 13560121 52973764 421 47856392
