Running 10s test @ http://127.0.0.1:18500/api/json
  16 threads and 128 connections
  Thread Stats   Avg      Stdev     Max   +/- Stdev
    Latency     6.63ms  615.29us  10.08ms   96.17%
    Req/Sec     1.21k   278.87     9.10k    99.88%
  Latency Distribution
     50%    6.65ms
     75%    6.81ms
     90%    7.00ms
     99%    7.39ms
  193332 requests in 10.10s, 38.72MB read
Requests/sec:  19142.34
Transfer/sec:      3.83MB
## server-stat
cpu  3368569 1525 1608323 45630581 248770 0 782144 0 0 0
cpu0 122478 28 44893 1433036 3647 0 24823 0 0 0
cpu1 125209 32 46201 1434282 4196 0 24597 0 0 0
cpu2 126744 32 46400 1433567 3936 0 24705 0 0 0
cpu3 199907 32 66701 1324289 3003 0 40526 0 0 0
cpu4 201417 36 65659 1324767 3561 0 40720 0 0 0
cpu5 133743 34 48336 1423802 4187 0 25725 0 0 0
cpu6 134189 31 48592 1423336 4094 0 26490 0 0 0
cpu7 141930 29 52080 1409805 3940 0 29323 0 0 0
cpu8 41046 55 43326 1488886 9079 0 13339 0 0 0
cpu9 47033 60 46454 1465611 11791 0 14523 0 0 0
cpu10 44671 60 44858 1473581 9979 0 14345 0 0 0
cpu11 40856 56 40809 1493375 8801 0 12767 0 0 0
cpu12 81354 135 50251 1423865 13837 0 15696 0 0 0
cpu13 77891 67 51200 1423407 14606 0 16040 0 0 0
cpu14 40675 56 40227 1496620 8384 0 12497 0 0 0
cpu15 37808 57 36927 1510091 8397 0 11348 0 0 0
cpu16 164737 26 56622 1377441 4811 0 33223 0 0 0
cpu17 154706 26 54839 1389002 6274 0 31680 0 0 0
cpu18 147965 26 53650 1398966 5350 0 30936 0 0 0
cpu19 263953 25 79976 1238456 2881 0 50545 0 0 0
cpu20 234978 24 74854 1273935 4695 0 48000 0 0 0
cpu21 142190 29 52447 1405148 6460 0 30107 0 0 0
cpu22 133759 32 50512 1417216 5919 0 28331 0 0 0
cpu23 116179 31 44840 1446924 5516 0 23624 0 0 0
cpu24 43906 58 41643 1491742 10218 0 13453 0 0 0
cpu25 49065 60 46464 1467922 12161 0 15885 0 0 0
cpu26 46968 55 45359 1474064 11490 0 15446 0 0 0
cpu27 39688 44 40396 1484176 10178 0 21328 0 0 0
cpu28 74158 78 53872 1411455 14370 0 28414 0 0 0
cpu29 77984 115 55828 1400596 14797 0 28936 0 0 0
cpu30 39086 40 41904 1477954 9282 0 21301 0 0 0
cpu31 42283 42 42185 1493251 8915 0 13456 0 0 0
intr 3213881044 126 0 0 0 0 0 0 0 0 1 0 0 0 0 0 0 0 0 0 0 0 0 0 0 0 0 0 1 1 1 0 0 0 0 1 0 1 0 0 75045 0 0 0 0 0 0 0 0 411 0 0 0 0 0 0 0 0 87 0 0 0 0 0 0 0 0 0 0 0 0 0 0 0 447136 2 35053993 34993061 34909697 35050466 0 13551 8247 9147 8599 6460 7662 8825 10321 7467 29663 41790 31417 25823 38344 38028 25184 21456 10294 10704 10364 5618 9252 11640 11357 9886 27260 32614 30036 24735 33587 35272 22516 23664 0 0 0 0 617113 4405 1036 0 264 0 0 0 0 0 0 0 0 0 0 0 0 0 0 0 0 0 0 0 0 0 0 0 0 0 0 0 0 0 0 0 0 0 0 0 0 0 0 0 0 0 0 0 0 0 0 0 0 0 0 0 0 0 0 0 0 0 0 0 0 0 0 0 0 0 0 0 0 0 0 0 0 0 0 0 0 0 0 0 0 0 0 0 0 0 0 0 0 0 0 0 0 0 0 0 0 0 0 0 0 0 0 0 0 0 0 0 0 0 0 0 0 0 0 0 0 0 0 0 0 0 0 0 0 0 0 0 0 0 0 0 0 0 0 0 0 0 0 0 0 0 0 0 0 0 0 0 0 0 0 0 0 0 0 0 0 0 0 0 0 0 0 0 0 0 0 0 0 0 0 0 0 0 0 0 0 0 0 0 0 0 0 0 0 0 0 0 0 0 0 0 0 0 0 0 0 0 0 0 0 0 0 0 0 0 0 0 0 0 0 0 0 0 0 0 0 0 0 0 0 0 0 0 0 0 0 0 0 0 0 0 0 0 0 0 0 0 0 0 0 0 0 0 0 0 0 0 0 0 0 0 0 0 0 0 0 0 0 0 0 0 0 0 0 0 0 0 0 0 0 0 0 0 0 0 0 0 0 0 0 0 0 0 0 0 0 0 0 0 0 0 0 0 0 0 0 0 0 0 0 0 0 0 0 0 0 0 0 0 0 0 0 0 0 0 0 0 0 0 0 0 0 0 0 0 0 0 0 0 0 0 0 0 0 0 0 0 0 0 0 0 0 0 0 0 0 0 0 0 0 0 0 0 0 0 0 0 0 0 0 0 0 0 0 0 0 0 0 0 0 0 0 0 0 0 0 0 0 0 0 0 0 0 0 0 0 0 0 0 0 0 0 0 0 0 0 0 0 0 0 0 0 0 0 0 0 0 0 0 0 0 0 0 0 0 0 0 0 0 0 0 0 0 0 0 0 0 0 0 0 0 0 0 0 0 0 0 0 0 0 0 0 0 0 0 0 0 0 0 0 0 0 0 0 0 0 0 0 0 0 0 0 0 0 0 0 0 0 0 0 0 0 0 0 0 0 0 0 0 0 0 0 0 0 0 0 0 0 0 0 0 0 0 0 0 0 0 0 0 0 0 0 0 0 0 0 0 0 0 0 0 0 0 0 0 0 0 0 0 0 0 0 0 0 0 0 0 0 0 0 0 0 0 0 0 0 0 0 0 0 0 0 0 0 0 0 0 0 0 0 0 0 0 0 0 0 0 0 0 0 0 0 0 0 0 0 0 0 0 0 0 0 0 0 0 0 0 0 0 0 0 0 0 0 0 0 0 0 0 0 0 0 0 0 0 0 0 0 0 0 0 0 0 0 0 0 0 0 0 0 0 0 0 0 0 0 0 0 0 0 0 0 0 0 0 0 0 0 0 0 0 0 0 0 0 0 0 0 0 0 0 0 0 0 0 0 0 0 0 0 0 0 0 0 0 0 0 0 0 0 0 0 0 0 0 0 0 0 0 0 0 0 0 0 0 0 0 0 0 0 0 0 0 0 0 0 0 0 0 0 0 0 0 0 0 0 0 0 0 0 0 0 0 0 0 0 0 0 0 0 0 0 0 0 0 0 0 0 0 0 0 0 0 0 0 0 0 0 0 0 0 0 0 0 0 0 0 0 0 0 0 0 0 0 0 0 0 0 0 0 0 0 0 0 0 0 0 0 0 0 0 0 0 0 0 0 0 0 0 0 0 0 0 0 0 0 0 0 0 0 0 0 0 0 0 0 0 0 0 0 0 0 0 0 0 0 0 0 0 0 0 0 0 0 0 0 0 0 0 0 0 0 0 0 0 0 0 0 0 0 0 0 0 0 0 0 0 0 0 0 0 0 0 0 0 0 0 0 0 0 0 0 0 0 0 0 0 0 0 0 0 0 0 0 0 0 0 0 0 0 0 0 0 0 0 0 0 0 0 0 0 0 0 0 0 0 0 0 0 0 0 0 0 0 0 0 0 0 0 0 0 0 0 0 0 0 0 0 0 0 0 0 0 0 0 0 0 0 0 0 0 0 0 0 0 0 0 0 0 0 0 0 0 0 0 0 0 0 0 0 0 0 0 0 0 0 0 0 0 0 0 0 0 0 0 0 0 0 0 0 0 0 0 0 0 0 0 0 0 0 0 0 0 0 0 0 0 0 0 0 0 0 0 0 0 0 0 0 0 0 0 0 0 0 0 0 0 0 0 0 0 0 0 0 0 0 0 0 0 0 0 0 0 0 0 0 0 0 0 0 0 0 0 0 0 0 0 0 0 0 0 0 0 0 0 0 0 0 0 0 0 0 0 0 0 0 0 0 0 0 0 0 0 0 0 0 0 0 0 0 0 0 0 0 0 0 0 0 0 0 0 0 0 0 0 0 0 0 0 0 0 0 0 0 0 0 0 0 0 0 0 0 0 0 0 0 0 0 0 0 0 0 0 0 0 0 0 0 0 0 0 0
ctxt 5079613094
btime 1790630938
processes 699539
procs_running 10
procs_blocked 0
softirq 4604371356 73526 11829548 2753158 188851979 467522 0 13559934 50540799 421 41327173
--
cpu  3375364 1525 1608671 45648429 248785 0 782286 0 0 0
cpu0 122773 28 44916 1433486 3647 0 24836 0 0 0
cpu1 125458 32 46226 1434775 4196 0 24611 0 0 0
cpu2 127060 32 46422 1433996 3936 0 24716 0 0 0
cpu3 200236 32 66723 1324708 3003 0 40539 0 0 0
cpu4 201733 36 65684 1325198 3561 0 40730 0 0 0
cpu5 134139 34 48358 1424157 4187 0 25733 0 0 0
cpu6 134590 31 48615 1423686 4094 0 26499 0 0 0
cpu7 142235 29 52099 1410248 3940 0 29334 0 0 0
cpu8 41046 55 43327 1489677 9079 0 13340 0 0 0
cpu9 47033 60 46455 1466394 11791 0 14524 0 0 0
cpu10 44671 61 44859 1474367 9979 0 14345 0 0 0
cpu11 40857 56 40809 1494167 8801 0 12767 0 0 0
cpu12 81362 135 50255 1424631 13837 0 15697 0 0 0
cpu13 77898 67 51203 1424159 14619 0 16042 0 0 0
cpu14 40676 56 40229 1497402 8385 0 12498 0 0 0
cpu15 37808 57 36927 1510882 8397 0 11349 0 0 0
cpu16 165309 26 56643 1377636 4811 0 33227 0 0 0
cpu17 155303 26 54859 1389170 6274 0 31684 0 0 0
cpu18 148492 26 53667 1399199 5350 0 30941 0 0 0
cpu19 264521 25 79993 1238652 2881 0 50550 0 0 0
cpu20 235572 24 74871 1274110 4695 0 48005 0 0 0
cpu21 142668 29 52467 1405428 6460 0 30113 0 0 0
cpu22 134199 32 50531 1417537 5919 0 28340 0 0 0
cpu23 116529 31 44859 1447327 5516 0 23631 0 0 0
cpu24 43907 58 41643 1492536 10218 0 13453 0 0 0
cpu25 49065 60 46465 1468712 12161 0 15885 0 0 0
cpu26 46969 55 45360 1474853 11490 0 15446 0 0 0
cpu27 39688 44 40396 1484970 10179 0 21328 0 0 0
cpu28 74176 78 53876 1412213 14370 0 28415 0 0 0
cpu29 78005 115 55832 1401356 14797 0 28938 0 0 0
cpu30 39086 40 41905 1478738 9282 0 21301 0 0 0
cpu31 42284 42 42185 1494042 8915 0 13457 0 0 0
intr 3214967452 126 0 0 0 0 0 0 0 0 1 0 0 0 0 0 0 0 0 0 0 0 0 0 0 0 0 0 1 1 1 0 0 0 0 1 0 1 0 0 75045 0 0 0 0 0 0 0 0 411 0 0 0 0 0 0 0 0 87 0 0 0 0 0 0 0 0 0 0 0 0 0 0 0 447259 2 35054038 34993111 34909723 35050488 0 13555 8247 9147 8599 6460 7662 8825 10321 7467 29663 41793 31417 25823 38344 38028 25185 21456 10294 10704 10364 5618 9252 11640 11357 9886 27260 32614 30037 24735 33587 35272 22516 23664 0 0 0 0 617113 4412 1036 0 264 0 0 0 0 0 0 0 0 0 0 0 0 0 0 0 0 0 0 0 0 0 0 0 0 0 0 0 0 0 0 0 0 0 0 0 0 0 0 0 0 0 0 0 0 0 0 0 0 0 0 0 0 0 0 0 0 0 0 0 0 0 0 0 0 0 0 0 0 0 0 0 0 0 0 0 0 0 0 0 0 0 0 0 0 0 0 0 0 0 0 0 0 0 0 0 0 0 0 0 0 0 0 0 0 0 0 0 0 0 0 0 0 0 0 0 0 0 0 0 0 0 0 0 0 0 0 0 0 0 0 0 0 0 0 0 0 0 0 0 0 0 0 0 0 0 0 0 0 0 0 0 0 0 0 0 0 0 0 0 0 0 0 0 0 0 0 0 0 0 0 0 0 0 0 0 0 0 0 0 0 0 0 0 0 0 0 0 0 0 0 0 0 0 0 0 0 0 0 0 0 0 0 0 0 0 0 0 0 0 0 0 0 0 0 0 0 0 0 0 0 0 0 0 0 0 0 0 0 0 0 0 0 0 0 0 0 0 0 0 0 0 0 0 0 0 0 0 0 0 0 0 0 0 0 0 0 0 0 0 0 0 0 0 0 0 0 0 0 0 0 0 0 0 0 0 0 0 0 0 0 0 0 0 0 0 0 0 0 0 0 0 0 0 0 0 0 0 0 0 0 0 0 0 0 0 0 0 0 0 0 0 0 0 0 0 0 0 0 0 0 0 0 0 0 0 0 0 0 0 0 0 0 0 0 0 0 0 0 0 0 0 0 0 0 0 0 0 0 0 0 0 0 0 0 0 0 0 0 0 0 0 0 0 0 0 0 0 0 0 0 0 0 0 0 0 0 0 0 0 0 0 0 0 0 0 0 0 0 0 0 0 0 0 0 0 0 0 0 0 0 0 0 0 0 0 0 0 0 0 0 0 0 0 0 0 0 0 0 0 0 0 0 0 0 0 0 0 0 0 0 0 0 0 0 0 0 0 0 0 0 0 0 0 0 0 0 0 0 0 0 0 0 0 0 0 0 0 0 0 0 0 0 0 0 0 0 0 0 0 0 0 0 0 0 0 0 0 0 0 0 0 0 0 0 0 0 0 0 0 0 0 0 0 0 0 0 0 0 0 0 0 0 0 0 0 0 0 0 0 0 0 0 0 0 0 0 0 0 0 0 0 0 0 0 0 0 0 0 0 0 0 0 0 0 0 0 0 0 0 0 0 0 0 0 0 0 0 0 0 0 0 0 0 0 0 0 0 0 0 0 0 0 0 0 0 0 0 0 0 0 0 0 0 0 0 0 0 0 0 0 0 0 0 0 0 0 0 0 0 0 0 0 0 0 0 0 0 0 0 0 0 0 0 0 0 0 0 0 0 0 0 0 0 0 0 0 0 0 0 0 0 0 0 0 0 0 0 0 0 0 0 0 0 0 0 0 0 0 0 0 0 0 0 0 0 0 0 0 0 0 0 0 0 0 0 0 0 0 0 0 0 0 0 0 0 0 0 0 0 0 0 0 0 0 0 0 0 0 0 0 0 0 0 0 0 0 0 0 0 0 0 0 0 0 0 0 0 0 0 0 0 0 0 0 0 0 0 0 0 0 0 0 0 0 0 0 0 0 0 0 0 0 0 0 0 0 0 0 0 0 0 0 0 0 0 0 0 0 0 0 0 0 0 0 0 0 0 0 0 0 0 0 0 0 0 0 0 0 0 0 0 0 0 0 0 0 0 0 0 0 0 0 0 0 0 0 0 0 0 0 0 0 0 0 0 0 0 0 0 0 0 0 0 0 0 0 0 0 0 0 0 0 0 0 0 0 0 0 0 0 0 0 0 0 0 0 0 0 0 0 0 0 0 0 0 0 0 0 0 0 0 0 0 0 0 0 0 0 0 0 0 0 0 0 0 0 0 0 0 0 0 0 0 0 0 0 0 0 0 0 0 0 0 0 0 0 0 0 0 0 0 0 0 0 0 0 0 0 0 0 0 0 0 0 0 0 0 0 0 0 0 0 0 0 0 0 0 0 0 0 0 0 0 0 0 0 0 0 0 0 0 0 0 0 0 0 0 0 0 0 0 0 0 0 0 0 0 0 0 0 0 0 0 0 0 0 0 0 0 0 0 0 0 0 0 0 0 0 0 0 0 0 0 0 0 0 0 0 0 0 0 0 0 0 0 0 0 0 0 0 0 0 0 0 0 0 0 0 0 0 0 0 0 0 0 0 0 0 0 0 0 0 0 0 0 0 0 0 0 0 0 0 0 0 0 0 0 0 0 0 0 0 0 0 0 0 0 0 0 0 0 0 0 0 0 0 0 0 0 0 0 0 0 0 0 0 0 0 0 0 0 0 0 0 0 0 0 0 0 0 0 0 0 0 0 0 0 0 0 0 0 0 0 0 0 0 0 0 0 0 0 0 0 0 0 0 0 0 0 0 0 0 0 0 0 0 0 0 0 0 0 0 0 0 0 0 0 0 0 0 0 0
ctxt 5081498830
btime 1790630938
processes 699572
procs_running 11
procs_blocked 0
softirq 4605104144 73526 11866041 2753158 189464802 467649 0 13559950 50592179 421 41359122
