Running 10s test @ http://127.0.0.1:18500/usleep?ms=10
  16 threads and 128 connections
  Thread Stats   Avg      Stdev     Max   +/- Stdev
    Latency   169.03ms   28.68ms 365.99ms   49.76%
    Req/Sec    47.12     16.27    80.00     62.82%
  Latency Distribution
     50%  169.14ms
     75%  196.39ms
     90%  211.20ms
     99%  211.96ms
  7516 requests in 10.10s, 1.30MB read
Requests/sec:    744.10
Transfer/sec:    132.25KB
## server-stat
cpu  3705225 1621 1678867 48670763 379742 0 809618 0 0 0
cpu0 140674 29 48416 1521644 4707 0 26580 0 0 0
cpu1 142349 33 49343 1524539 5701 0 25990 0 0 0
cpu2 146444 34 49610 1521065 5753 0 26118 0 0 0
cpu3 220348 34 70360 1410825 4194 0 42062 0 0 0
cpu4 222177 37 69008 1411609 4745 0 42131 0 0 0
cpu5 152243 37 51329 1512531 6434 0 27046 0 0 0
cpu6 153635 33 51859 1510110 6699 0 28156 0 0 0
cpu7 159665 31 55055 1498676 6516 0 30843 0 0 0
cpu8 41426 60 44277 1593736 14521 0 13625 0 0 0
cpu9 47552 66 47485 1569137 17938 0 14852 0 0 0
cpu10 45091 66 45839 1577398 16123 0 14652 0 0 0
cpu11 41186 60 41683 1598162 14638 0 13028 0 0 0
cpu12 83566 140 51520 1525021 20058 0 16093 0 0 0
cpu13 79802 73 52523 1524496 20904 0 16452 0 0 0
cpu14 41052 60 41148 1601574 13822 0 12770 0 0 0
cpu15 38101 62 37756 1615284 14126 0 11594 0 0 0
cpu16 188652 27 59991 1461281 6289 0 34439 0 0 0
cpu17 178355 27 58255 1472425 8228 0 33018 0 0 0
cpu18 167463 27 56700 1486352 7932 0 32180 0 0 0
cpu19 290509 26 84279 1318860 3820 0 52069 0 0 0
cpu20 259525 25 78990 1356494 5695 0 49533 0 0 0
cpu21 162923 30 55800 1490622 9380 0 31423 0 0 0
cpu22 150917 34 53219 1506727 9312 0 29281 0 0 0
cpu23 131429 32 47685 1538006 8954 0 24687 0 0 0
cpu24 44380 63 42592 1595814 16626 0 13724 0 0 0
cpu25 49667 63 47557 1571027 18802 0 16232 0 0 0
cpu26 47487 59 46391 1577601 17917 0 15781 0 0 0
cpu27 40109 48 41335 1588298 16635 0 21598 0 0 0
cpu28 76216 82 55378 1511783 21147 0 28881 0 0 0
cpu29 80060 119 57382 1500243 21955 0 29423 0 0 0
cpu30 39512 45 42929 1581890 15208 0 21605 0 0 0
cpu31 42697 45 43160 1597521 14949 0 13739 0 0 0
intr 3330162976 126 0 0 0 0 0 0 0 0 1 0 0 0 0 0 0 0 0 0 0 0 0 0 0 0 0 0 1 1 1 0 0 0 0 1 0 1 0 0 75045 0 0 0 0 0 0 0 0 411 0 0 0 0 0 0 0 0 87 0 0 0 0 0 0 0 0 0 0 0 0 0 0 0 495556 2 35058370 34997584 34912942 35054972 0 14465 10793 12160 11569 8441 9759 12843 13894 10866 38432 52526 40920 34659 52865 50530 31526 28110 12626 14416 17221 7592 10999 15779 15596 13870 35900 45024 41095 33037 50989 55144 30096 32284 0 0 0 0 617189 4497 1036 0 264 0 0 0 0 0 0 0 0 0 0 0 0 0 0 0 0 0 0 0 0 0 0 0 0 0 0 0 0 0 0 0 0 0 0 0 0 0 0 0 0 0 0 0 0 0 0 0 0 0 0 0 0 0 0 0 0 0 0 0 0 0 0 0 0 0 0 0 0 0 0 0 0 0 0 0 0 0 0 0 0 0 0 0 0 0 0 0 0 0 0 0 0 0 0 0 0 0 0 0 0 0 0 0 0 0 0 0 0 0 0 0 0 0 0 0 0 0 0 0 0 0 0 0 0 0 0 0 0 0 0 0 0 0 0 0 0 0 0 0 0 0 0 0 0 0 0 0 0 0 0 0 0 0 0 0 0 0 0 0 0 0 0 0 0 0 0 0 0 0 0 0 0 0 0 0 0 0 0 0 0 0 0 0 0 0 0 0 0 0 0 0 0 0 0 0 0 0 0 0 0 0 0 0 0 0 0 0 0 0 0 0 0 0 0 0 0 0 0 0 0 0 0 0 0 0 0 0 0 0 0 0 0 0 0 0 0 0 0 0 0 0 0 0 0 0 0 0 0 0 0 0 0 0 0 0 0 0 0 0 0 0 0 0 0 0 0 0 0 0 0 0 0 0 0 0 0 0 0 0 0 0 0 0 0 0 0 0 0 0 0 0 0 0 0 0 0 0 0 0 0 0 0 0 0 0 0 0 0 0 0 0 0 0 0 0 0 0 0 0 0 0 0 0 0 0 0 0 0 0 0 0 0 0 0 0 0 0 0 0 0 0 0 0 0 0 0 0 0 0 0 0 0 0 0 0 0 0 0 0 0 0 0 0 0 0 0 0 0 0 0 0 0 0 0 0 0 0 0 0 0 0 0 0 0 0 0 0 0 0 0 0 0 0 0 0 0 0 0 0 0 0 0 0 0 0 0 0 0 0 0 0 0 0 0 0 0 0 0 0 0 0 0 0 0 0 0 0 0 0 0 0 0 0 0 0 0 0 0 0 0 0 0 0 0 0 0 0 0 0 0 0 0 0 0 0 0 0 0 0 0 0 0 0 0 0 0 0 0 0 0 0 0 0 0 0 0 0 0 0 0 0 0 0 0 0 0 0 0 0 0 0 0 0 0 0 0 0 0 0 0 0 0 0 0 0 0 0 0 0 0 0 0 0 0 0 0 0 0 0 0 0 0 0 0 0 0 0 0 0 0 0 0 0 0 0 0 0 0 0 0 0 0 0 0 0 0 0 0 0 0 0 0 0 0 0 0 0 0 0 0 0 0 0 0 0 0 0 0 0 0 0 0 0 0 0 0 0 0 0 0 0 0 0 0 0 0 0 0 0 0 0 0 0 0 0 0 0 0 0 0 0 0 0 0 0 0 0 0 0 0 0 0 0 0 0 0 0 0 0 0 0 0 0 0 0 0 0 0 0 0 0 0 0 0 0 0 0 0 0 0 0 0 0 0 0 0 0 0 0 0 0 0 0 0 0 0 0 0 0 0 0 0 0 0 0 0 0 0 0 0 0 0 0 0 0 0 0 0 0 0 0 0 0 0 0 0 0 0 0 0 0 0 0 0 0 0 0 0 0 0 0 0 0 0 0 0 0 0 0 0 0 0 0 0 0 0 0 0 0 0 0 0 0 0 0 0 0 0 0 0 0 0 0 0 0 0 0 0 0 0 0 0 0 0 0 0 0 0 0 0 0 0 0 0 0 0 0 0 0 0 0 0 0 0 0 0 0 0 0 0 0 0 0 0 0 0 0 0 0 0 0 0 0 0 0 0 0 0 0 0 0 0 0 0 0 0 0 0 0 0 0 0 0 0 0 0 0 0 0 0 0 0 0 0 0 0 0 0 0 0 0 0 0 0 0 0 0 0 0 0 0 0 0 0 0 0 0 0 0 0 0 0 0 0 0 0 0 0 0 0 0 0 0 0 0 0 0 0 0 0 0 0 0 0 0 0 0 0 0 0 0 0 0 0 0 0 0 0 0 0 0 0 0 0 0 0 0 0 0 0 0 0 0 0 0 0 0 0 0 0 0 0 0 0 0 0 0 0 0 0 0 0 0 0 0 0 0 0 0 0 0 0 0 0 0 0 0 0 0 0 0 0 0 0 0 0 0 0 0 0 0 0 0 0 0 0 0 0 0 0 0 0 0 0 0 0 0 0 0 0 0 0 0 0 0 0 0 0 0 0 0 0 0 0 0 0 0 0 0 0 0 0 0 0 0 0 0 0 0 0 0 0 0 0 0 0 0 0 0 0 0 0 0 0 0 0 0 0 0 0 0 0 0 0 0 0 0 0 0 0 0 0 0 0 0 0 0 0 0 0 0 0 0 0 0 0 0 0 0 0 0 0 0 0 0 0 0 0 0 0 0 0 0 0 0 0 0 0 0 0 0 0 0 0 0 0 0 0 0 0 0 0 0 0 0 0 0 0 0 0 0 0 0 0 0 0 0 0 0 0 0 0 0 0 0 0 0 0 0 0 0 0
ctxt 5282982956
btime 1790630938
processes 881270
procs_running 1
procs_blocked 0
softirq 4768729810 73526 12940718 2753166 341689565 517419 0 13560186 53489716 421 48737797
--
cpu  3705584 1621 1678900 48695902 379758 0 809625 0 0 0
cpu0 140706 29 48418 1522404 4707 0 26581 0 0 0
cpu1 142383 34 49347 1525299 5702 0 25991 0 0 0
cpu2 146474 34 49612 1521830 5753 0 26118 0 0 0
cpu3 220410 34 70364 1411552 4194 0 42064 0 0 0
cpu4 222227 38 69011 1412352 4745 0 42132 0 0 0
cpu5 152276 37 51334 1513294 6435 0 27046 0 0 0
cpu6 153658 33 51862 1510886 6699 0 28157 0 0 0
cpu7 159674 31 55056 1499467 6516 0 30843 0 0 0
cpu8 41428 60 44277 1594532 14521 0 13625 0 0 0
cpu9 47557 66 47486 1569930 17938 0 14852 0 0 0
cpu10 45095 66 45840 1578192 16123 0 14652 0 0 0
cpu11 41188 60 41683 1598958 14638 0 13028 0 0 0
cpu12 83574 140 51521 1525808 20058 0 16093 0 0 0
cpu13 79822 73 52525 1525258 20915 0 16452 0 0 0
cpu14 41053 60 41148 1602367 13826 0 12770 0 0 0
cpu15 38101 62 37756 1616082 14126 0 11594 0 0 0
cpu16 188657 27 59991 1462075 6289 0 34439 0 0 0
cpu17 178356 27 58255 1473223 8228 0 33018 0 0 0
cpu18 167463 27 56700 1487151 7932 0 32180 0 0 0
cpu19 290509 26 84279 1319659 3820 0 52069 0 0 0
cpu20 259530 25 78990 1357286 5695 0 49533 0 0 0
cpu21 162923 30 55800 1491420 9380 0 31423 0 0 0
cpu22 150918 34 53219 1507526 9312 0 29281 0 0 0
cpu23 131429 32 47685 1538804 8954 0 24687 0 0 0
cpu24 44381 63 42592 1596612 16626 0 13724 0 0 0
cpu25 49668 63 47558 1571825 18802 0 16232 0 0 0
cpu26 47487 59 46392 1578399 17917 0 15781 0 0 0
cpu27 40109 48 41335 1589096 16635 0 21598 0 0 0
cpu28 76221 82 55379 1512574 21147 0 28881 0 0 0
cpu29 80078 119 57384 1501022 21955 0 29423 0 0 0
cpu30 39514 45 42929 1582687 15208 0 21605 0 0 0
cpu31 42699 45 43160 1598317 14949 0 13739 0 0 0
intr 3330272528 126 0 0 0 0 0 0 0 0 1 0 0 0 0 0 0 0 0 0 0 0 0 0 0 0 0 0 1 1 1 0 0 0 0 1 0 1 0 0 75045 0 0 0 0 0 0 0 0 411 0 0 0 0 0 0 0 0 87 0 0 0 0 0 0 0 0 0 0 0 0 0 0 0 495691 2 35058395 34997598 34912976 35055010 0 14473 10793 12161 11569 8441 9759 12843 13894 10866 38432 52526 40920 34659 52865 50536 31526 28110 12626 14416 17221 7592 10999 15779 15596 13870 35900 45024 41095 33037 50991 55144 30097 32284 0 0 0 0 617189 4497 1036 0 264 0 0 0 0 0 0 0 0 0 0 0 0 0 0 0 0 0 0 0 0 0 0 0 0 0 0 0 0 0 0 0 0 0 0 0 0 0 0 0 0 0 0 0 0 0 0 0 0 0 0 0 0 0 0 0 0 0 0 0 0 0 0 0 0 0 0 0 0 0 0 0 0 0 0 0 0 0 0 0 0 0 0 0 0 0 0 0 0 0 0 0 0 0 0 0 0 0 0 0 0 0 0 0 0 0 0 0 0 0 0 0 0 0 0 0 0 0 0 0 0 0 0 0 0 0 0 0 0 0 0 0 0 0 0 0 0 0 0 0 0 0 0 0 0 0 0 0 0 0 0 0 0 0 0 0 0 0 0 0 0 0 0 0 0 0 0 0 0 0 0 0 0 0 0 0 0 0 0 0 0 0 0 0 0 0 0 0 0 0 0 0 0 0 0 0 0 0 0 0 0 0 0 0 0 0 0 0 0 0 0 0 0 0 0 0 0 0 0 0 0 0 0 0 0 0 0 0 0 0 0 0 0 0 0 0 0 0 0 0 0 0 0 0 0 0 0 0 0 0 0 0 0 0 0 0 0 0 0 0 0 0 0 0 0 0 0 0 0 0 0 0 0 0 0 0 0 0 0 0 0 0 0 0 0 0 0 0 0 0 0 0 0 0 0 0 0 0 0 0 0 0 0 0 0 0 0 0 0 0 0 0 0 0 0 0 0 0 0 0 0 0 0 0 0 0 0 0 0 0 0 0 0 0 0 0 0 0 0 0 0 0 0 0 0 0 0 0 0 0 0 0 0 0 0 0 0 0 0 0 0 0 0 0 0 0 0 0 0 0 0 0 0 0 0 0 0 0 0 0 0 0 0 0 0 0 0 0 0 0 0 0 0 0 0 0 0 0 0 0 0 0 0 0 0 0 0 0 0 0 0 0 0 0 0 0 0 0 0 0 0 0 0 0 0 0 0 0 0 0 0 0 0 0 0 0 0 0 0 0 0 0 0 0 0 0 0 0 0 0 0 0 0 0 0 0 0 0 0 0 0 0 0 0 0 0 0 0 0 0 0 0 0 0 0 0 0 0 0 0 0 0 0 0 0 0 0 0 0 0 0 0 0 0 0 0 0 0 0 0 0 0 0 0 0 0 0 0 0 0 0 0 0 0 0 0 0 0 0 0 0 0 0 0 0 0 0 0 0 0 0 0 0 0 0 0 0 0 0 0 0 0 0 0 0 0 0 0 0 0 0 0 0 0 0 0 0 0 0 0 0 0 0 0 0 0 0 0 0 0 0 0 0 0 0 0 0 0 0 0 0 0 0 0 0 0 0 0 0 0 0 0 0 0 0 0 0 0 0 0 0 0 0 0 0 0 0 0 0 0 0 0 0 0 0 0 0 0 0 0 0 0 0 0 0 0 0 0 0 0 0 0 0 0 0 0 0 0 0 0 0 0 0 0 0 0 0 0 0 0 0 0 0 0 0 0 0 0 0 0 0 0 0 0 0 0 0 0 0 0 0 0 0 0 0 0 0 0 0 0 0 0 0 0 0 0 0 0 0 0 0 0 0 0 0 0 0 0 0 0 0 0 0 0 0 0 0 0 0 0 0 0 0 0 0 0 0 0 0 0 0 0 0 0 0 0 0 0 0 0 0 0 0 0 0 0 0 0 0 0 0 0 0 0 0 0 0 0 0 0 0 0 0 0 0 0 0 0 0 0 0 0 0 0 0 0 0 0 0 0 0 0 0 0 0 0 0 0 0 0 0 0 0 0 0 0 0 0 0 0 0 0 0 0 0 0 0 0 0 0 0 0 0 0 0 0 0 0 0 0 0 0 0 0 0 0 0 0 0 0 0 0 0 0 0 0 0 0 0 0 0 0 0 0 0 0 0 0 0 0 0 0 0 0 0 0 0 0 0 0 0 0 0 0 0 0 0 0 0 0 0 0 0 0 0 0 0 0 0 0 0 0 0 0 0 0 0 0 0 0 0 0 0 0 0 0 0 0 0 0 0 0 0 0 0 0 0 0 0 0 0 0 0 0 0 0 0 0 0 0 0 0 0 0 0 0 0 0 0 0 0 0 0 0 0 0 0 0 0 0 0 0 0 0 0 0 0 0 0 0 0 0 0 0 0 0 0 0 0 0 0 0 0 0 0 0 0 0 0 0 0 0 0 0 0 0 0 0 0 0 0 0 0 0 0 0 0 0 0 0 0 0 0 0 0 0 0 0 0 0 0 0 0 0 0 0 0 0 0 0 0 0 0 0 0 0 0 0 0 0 0 0 0 0 0 0 0 0 0 0 0 0 0 0 0 0 0 0 0 0 0 0 0 0 0 0 0 0 0 0 0 0 0 0 0 0 0 0 0 0 0 0 0 0 0 0 0 0 0 0 0 0 0 0 0 0 0 0 0 0 0 0 0 0 0 0 0 0 0 0 0 0 0 0 0 0 0 0 0 0 0 0 0 0 0 0 0 0 0 0 0 0 0
ctxt 5283139209
btime 1790630938
processes 881342
procs_running 1
procs_blocked 0
softirq 4768770957 73526 12947321 2753166 341705793 517566 0 13560186 53498935 421 48746747
