Running 10s test @ http://127.0.0.1:18500/api/json
  16 threads and 32 connections
  Thread Stats   Avg      Stdev     Max   +/- Stdev
    Latency    13.67ms   19.67ms 157.57ms   86.40%
    Req/Sec   313.36    377.65     3.67k    88.03%
  Latency Distribution
     50%    6.85ms
     75%   18.16ms
     90%   40.06ms
     99%   91.58ms
  49887 requests in 10.01s, 9.09MB read
Requests/sec:   4985.79
Transfer/sec:      0.91MB
## server-stat
cpu  3211454 1403 1571571 41115035 115422 0 773578 0 0 0
cpu0 118278 27 43982 1289099 1952 0 24286 0 0 0
cpu1 122634 30 45398 1288278 1994 0 24377 0 0 0
cpu2 124052 30 45576 1287586 1673 0 24543 0 0 0
cpu3 179682 29 63216 1198736 1890 0 39183 0 0 0
cpu4 182235 33 62544 1198504 1589 0 39234 0 0 0
cpu5 130937 31 47487 1278058 1757 0 25586 0 0 0
cpu6 131669 28 47802 1277238 1558 0 26359 0 0 0
cpu7 139587 25 51364 1263459 1334 0 29218 0 0 0
cpu8 40666 49 42793 1343350 4060 0 13300 0 0 0
cpu9 46396 54 45841 1321553 6413 0 14457 0 0 0
cpu10 44207 54 44278 1329341 4432 0 14294 0 0 0
cpu11 40516 50 40289 1348381 3346 0 12730 0 0 0
cpu12 78197 129 49373 1283292 8205 0 15592 0 0 0
cpu13 74906 60 50276 1283178 8625 0 15916 0 0 0
cpu14 40275 49 39640 1351578 3404 0 12447 0 0 0
cpu15 37526 51 36387 1364513 3391 0 11309 0 0 0
cpu16 159559 24 55572 1234635 2008 0 33063 0 0 0
cpu17 149594 24 53754 1246552 3106 0 31515 0 0 0
cpu18 143885 24 52664 1255602 1944 0 30781 0 0 0
cpu19 228505 23 74690 1130099 1600 0 48978 0 0 0
cpu20 207327 23 70961 1157093 2230 0 46817 0 0 0
cpu21 138768 26 51492 1261288 2817 0 29962 0 0 0
cpu22 131272 30 49678 1272224 2265 0 28211 0 0 0
cpu23 114354 29 44110 1300876 2090 0 23539 0 0 0
cpu24 43424 52 41030 1347300 4161 0 13420 0 0 0
cpu25 48512 55 45823 1323975 5886 0 15841 0 0 0
cpu26 46471 51 44731 1330036 5067 0 15402 0 0 0
cpu27 39265 39 39796 1339229 4280 0 21296 0 0 0
cpu28 72246 74 53087 1270205 7183 0 28343 0 0 0
cpu29 75840 112 55016 1259487 7810 0 28858 0 0 0
cpu30 38737 36 41314 1332475 3971 0 21272 0 0 0
cpu31 41917 36 41591 1347799 3368 0 13436 0 0 0
intr 3144159485 126 0 0 0 0 0 0 0 0 1 0 0 0 0 0 0 0 0 0 0 0 0 0 0 0 0 0 1 1 1 0 0 0 0 1 0 1 0 0 75045 0 0 0 0 0 0 0 0 411 0 0 0 0 0 0 0 0 87 0 0 0 0 0 0 0 0 0 0 0 0 0 0 0 394038 2 35046811 34987922 34906307 35045353 0 12328 4792 5449 4327 4475 4810 4640 5236 3656 20006 29405 20022 15527 25264 26211 17084 13365 5785 5432 4897 4006 5294 5991 5470 4156 17004 18846 16302 14890 18338 18850 12587 14518 0 0 0 0 617009 4291 1036 0 264 0 0 0 0 0 0 0 0 0 0 0 0 0 0 0 0 0 0 0 0 0 0 0 0 0 0 0 0 0 0 0 0 0 0 0 0 0 0 0 0 0 0 0 0 0 0 0 0 0 0 0 0 0 0 0 0 0 0 0 0 0 0 0 0 0 0 0 0 0 0 0 0 0 0 0 0 0 0 0 0 0 0 0 0 0 0 0 0 0 0 0 0 0 0 0 0 0 0 0 0 0 0 0 0 0 0 0 0 0 0 0 0 0 0 0 0 0 0 0 0 0 0 0 0 0 0 0 0 0 0 0 0 0 0 0 0 0 0 0 0 0 0 0 0 0 0 0 0 0 0 0 0 0 0 0 0 0 0 0 0 0 0 0 0 0 0 0 0 0 0 0 0 0 0 0 0 0 0 0 0 0 0 0 0 0 0 0 0 0 0 0 0 0 0 0 0 0 0 0 0 0 0 0 0 0 0 0 0 0 0 0 0 0 0 0 0 0 0 0 0 0 0 0 0 0 0 0 0 0 0 0 0 0 0 0 0 0 0 0 0 0 0 0 0 0 0 0 0 0 0 0 0 0 0 0 0 0 0 0 0 0 0 0 0 0 0 0 0 0 0 0 0 0 0 0 0 0 0 0 0 0 0 0 0 0 0 0 0 0 0 0 0 0 0 0 0 0 0 0 0 0 0 0 0 0 0 0 0 0 0 0 0 0 0 0 0 0 0 0 0 0 0 0 0 0 0 0 0 0 0 0 0 0 0 0 0 0 0 0 0 0 0 0 0 0 0 0 0 0 0 0 0 0 0 0 0 0 0 0 0 0 0 0 0 0 0 0 0 0 0 0 0 0 0 0 0 0 0 0 0 0 0 0 0 0 0 0 0 0 0 0 0 0 0 0 0 0 0 0 0 0 0 0 0 0 0 0 0 0 0 0 0 0 0 0 0 0 0 0 0 0 0 0 0 0 0 0 0 0 0 0 0 0 0 0 0 0 0 0 0 0 0 0 0 0 0 0 0 0 0 0 0 0 0 0 0 0 0 0 0 0 0 0 0 0 0 0 0 0 0 0 0 0 0 0 0 0 0 0 0 0 0 0 0 0 0 0 0 0 0 0 0 0 0 0 0 0 0 0 0 0 0 0 0 0 0 0 0 0 0 0 0 0 0 0 0 0 0 0 0 0 0 0 0 0 0 0 0 0 0 0 0 0 0 0 0 0 0 0 0 0 0 0 0 0 0 0 0 0 0 0 0 0 0 0 0 0 0 0 0 0 0 0 0 0 0 0 0 0 0 0 0 0 0 0 0 0 0 0 0 0 0 0 0 0 0 0 0 0 0 0 0 0 0 0 0 0 0 0 0 0 0 0 0 0 0 0 0 0 0 0 0 0 0 0 0 0 0 0 0 0 0 0 0 0 0 0 0 0 0 0 0 0 0 0 0 0 0 0 0 0 0 0 0 0 0 0 0 0 0 0 0 0 0 0 0 0 0 0 0 0 0 0 0 0 0 0 0 0 0 0 0 0 0 0 0 0 0 0 0 0 0 0 0 0 0 0 0 0 0 0 0 0 0 0 0 0 0 0 0 0 0 0 0 0 0 0 0 0 0 0 0 0 0 0 0 0 0 0 0 0 0 0 0 0 0 0 0 0 0 0 0 0 0 0 0 0 0 0 0 0 0 0 0 0 0 0 0 0 0 0 0 0 0 0 0 0 0 0 0 0 0 0 0 0 0 0 0 0 0 0 0 0 0 0 0 0 0 0 0 0 0 0 0 0 0 0 0 0 0 0 0 0 0 0 0 0 0 0 0 0 0 0 0 0 0 0 0 0 0 0 0 0 0 0 0 0 0 0 0 0 0 0 0 0 0 0 0 0 0 0 0 0 0 0 0 0 0 0 0 0 0 0 0 0 0 0 0 0 0 0 0 0 0 0 0 0 0 0 0 0 0 0 0 0 0 0 0 0 0 0 0 0 0 0 0 0 0 0 0 0 0 0 0 0 0 0 0 0 0 0 0 0 0 0 0 0 0 0 0 0 0 0 0 0 0 0 0 0 0 0 0 0 0 0 0 0 0 0 0 0 0 0 0 0 0 0 0 0 0 0 0 0 0 0 0 0 0 0 0 0 0 0 0 0 0 0 0 0 0 0 0 0 0 0 0 0 0 0 0 0 0 0 0 0 0 0 0 0 0 0 0 0 0 0 0 0 0 0 0 0 0 0 0 0 0 0 0 0 0 0 0 0 0 0 0 0 0 0 0 0 0 0 0 0 0 0 0 0 0 0 0 0 0 0 0 0 0 0 0 0 0 0 0 0 0 0 0 0 0 0 0 0 0 0 0 0 0 0 0 0 0 0 0 0 0 0 0 0 0 0 0 0 0 0 0 0 0 0 0 0 0 0 0 0 0 0 0 0 0 0 0 0 0 0 0 0 0 0 0 0 0 0 0 0 0 0 0 0 0 0 0 0 0 0 0 0 0 0 0 0 0
ctxt 4960296760
btime 1790630938
processes 460887
procs_running 3
procs_blocked 0
softirq 4539719648 73526 10921278 2753128 132356978 412447 0 13559648 48245140 421 36429786
--
cpu  3212949 1403 1571712 41138880 115449 0 773607 0 0 0
cpu0 118278 27 43982 1289891 1952 0 24288 0 0 0
cpu1 122634 30 45398 1289077 1994 0 24377 0 0 0
cpu2 124052 30 45576 1288385 1673 0 24543 0 0 0
cpu3 179727 29 63220 1199486 1890 0 39183 0 0 0
cpu4 182235 33 62544 1199304 1589 0 39234 0 0 0
cpu5 130937 31 47487 1278857 1757 0 25586 0 0 0
cpu6 131669 28 47802 1278037 1558 0 26359 0 0 0
cpu7 139587 25 51364 1264258 1334 0 29218 0 0 0
cpu8 40666 49 42793 1344143 4060 0 13300 0 0 0
cpu9 46397 54 45842 1322348 6413 0 14457 0 0 0
cpu10 44208 54 44279 1330134 4433 0 14294 0 0 0
cpu11 40517 50 40289 1349179 3347 0 12730 0 0 0
cpu12 78199 130 49375 1284080 8205 0 15592 0 0 0
cpu13 74908 60 50278 1283969 8625 0 15917 0 0 0
cpu14 40275 49 39641 1352374 3404 0 12447 0 0 0
cpu15 37526 51 36388 1365312 3391 0 11309 0 0 0
cpu16 159559 24 55572 1235434 2008 0 33063 0 0 0
cpu17 149594 24 53754 1247351 3106 0 31515 0 0 0
cpu18 143885 24 52664 1256401 1944 0 30781 0 0 0
cpu19 229183 23 74749 1130148 1600 0 48990 0 0 0
cpu20 208049 23 71027 1157093 2230 0 46830 0 0 0
cpu21 138769 26 51492 1262087 2817 0 29962 0 0 0
cpu22 131272 30 49678 1273023 2265 0 28211 0 0 0
cpu23 114354 29 44110 1301675 2090 0 23539 0 0 0
cpu24 43424 52 41030 1348099 4161 0 13420 0 0 0
cpu25 48513 55 45823 1324773 5886 0 15841 0 0 0
cpu26 46471 51 44731 1330834 5067 0 15402 0 0 0
cpu27 39265 39 39796 1340028 4280 0 21296 0 0 0
cpu28 72250 74 53088 1270990 7192 0 28343 0 0 0
cpu29 75878 112 55018 1260228 7825 0 28858 0 0 0
cpu30 38737 36 41314 1333274 3971 0 21272 0 0 0
cpu31 41918 37 41591 1348596 3368 0 13436 0 0 0
intr 3144314834 126 0 0 0 0 0 0 0 0 1 0 0 0 0 0 0 0 0 0 0 0 0 0 0 0 0 0 1 1 1 0 0 0 0 1 0 1 0 0 75045 0 0 0 0 0 0 0 0 411 0 0 0 0 0 0 0 0 87 0 0 0 0 0 0 0 0 0 0 0 0 0 0 0 394310 2 35046874 34987973 34906340 35045378 0 12336 4792 5449 4327 4475 4810 4640 5236 3656 20006 29405 20022 15527 25264 26217 17085 13365 5786 5432 4897 4006 5294 5992 5470 4156 17004 18848 16302 14891 18338 18850 12588 14518 0 0 0 0 617009 4291 1036 0 264 0 0 0 0 0 0 0 0 0 0 0 0 0 0 0 0 0 0 0 0 0 0 0 0 0 0 0 0 0 0 0 0 0 0 0 0 0 0 0 0 0 0 0 0 0 0 0 0 0 0 0 0 0 0 0 0 0 0 0 0 0 0 0 0 0 0 0 0 0 0 0 0 0 0 0 0 0 0 0 0 0 0 0 0 0 0 0 0 0 0 0 0 0 0 0 0 0 0 0 0 0 0 0 0 0 0 0 0 0 0 0 0 0 0 0 0 0 0 0 0 0 0 0 0 0 0 0 0 0 0 0 0 0 0 0 0 0 0 0 0 0 0 0 0 0 0 0 0 0 0 0 0 0 0 0 0 0 0 0 0 0 0 0 0 0 0 0 0 0 0 0 0 0 0 0 0 0 0 0 0 0 0 0 0 0 0 0 0 0 0 0 0 0 0 0 0 0 0 0 0 0 0 0 0 0 0 0 0 0 0 0 0 0 0 0 0 0 0 0 0 0 0 0 0 0 0 0 0 0 0 0 0 0 0 0 0 0 0 0 0 0 0 0 0 0 0 0 0 0 0 0 0 0 0 0 0 0 0 0 0 0 0 0 0 0 0 0 0 0 0 0 0 0 0 0 0 0 0 0 0 0 0 0 0 0 0 0 0 0 0 0 0 0 0 0 0 0 0 0 0 0 0 0 0 0 0 0 0 0 0 0 0 0 0 0 0 0 0 0 0 0 0 0 0 0 0 0 0 0 0 0 0 0 0 0 0 0 0 0 0 0 0 0 0 0 0 0 0 0 0 0 0 0 0 0 0 0 0 0 0 0 0 0 0 0 0 0 0 0 0 0 0 0 0 0 0 0 0 0 0 0 0 0 0 0 0 0 0 0 0 0 0 0 0 0 0 0 0 0 0 0 0 0 0 0 0 0 0 0 0 0 0 0 0 0 0 0 0 0 0 0 0 0 0 0 0 0 0 0 0 0 0 0 0 0 0 0 0 0 0 0 0 0 0 0 0 0 0 0 0 0 0 0 0 0 0 0 0 0 0 0 0 0 0 0 0 0 0 0 0 0 0 0 0 0 0 0 0 0 0 0 0 0 0 0 0 0 0 0 0 0 0 0 0 0 0 0 0 0 0 0 0 0 0 0 0 0 0 0 0 0 0 0 0 0 0 0 0 0 0 0 0 0 0 0 0 0 0 0 0 0 0 0 0 0 0 0 0 0 0 0 0 0 0 0 0 0 0 0 0 0 0 0 0 0 0 0 0 0 0 0 0 0 0 0 0 0 0 0 0 0 0 0 0 0 0 0 0 0 0 0 0 0 0 0 0 0 0 0 0 0 0 0 0 0 0 0 0 0 0 0 0 0 0 0 0 0 0 0 0 0 0 0 0 0 0 0 0 0 0 0 0 0 0 0 0 0 0 0 0 0 0 0 0 0 0 0 0 0 0 0 0 0 0 0 0 0 0 0 0 0 0 0 0 0 0 0 0 0 0 0 0 0 0 0 0 0 0 0 0 0 0 0 0 0 0 0 0 0 0 0 0 0 0 0 0 0 0 0 0 0 0 0 0 0 0 0 0 0 0 0 0 0 0 0 0 0 0 0 0 0 0 0 0 0 0 0 0 0 0 0 0 0 0 0 0 0 0 0 0 0 0 0 0 0 0 0 0 0 0 0 0 0 0 0 0 0 0 0 0 0 0 0 0 0 0 0 0 0 0 0 0 0 0 0 0 0 0 0 0 0 0 0 0 0 0 0 0 0 0 0 0 0 0 0 0 0 0 0 0 0 0 0 0 0 0 0 0 0 0 0 0 0 0 0 0 0 0 0 0 0 0 0 0 0 0 0 0 0 0 0 0 0 0 0 0 0 0 0 0 0 0 0 0 0 0 0 0 0 0 0 0 0 0 0 0 0 0 0 0 0 0 0 0 0 0 0 0 0 0 0 0 0 0 0 0 0 0 0 0 0 0 0 0 0 0 0 0 0 0 0 0 0 0 0 0 0 0 0 0 0 0 0 0 0 0 0 0 0 0 0 0 0 0 0 0 0 0 0 0 0 0 0 0 0 0 0 0 0 0 0 0 0 0 0 0 0 0 0 0 0 0 0 0 0 0 0 0 0 0 0 0 0 0 0 0 0 0 0 0 0 0 0 0 0 0 0 0 0 0 0 0 0 0 0 0 0 0 0 0 0 0 0 0 0 0 0 0 0 0 0 0 0 0 0 0 0 0 0 0 0 0 0 0 0 0 0 0 0 0 0 0 0 0 0 0 0 0 0 0 0 0 0 0 0 0 0 0 0 0 0 0 0 0 0 0 0 0 0 0 0 0 0 0 0 0 0 0 0 0 0 0 0 0 0 0 0 0 0 0 0 0 0 0 0 0 0 0 0 0 0 0 0 0 0 0 0 0 0 0 0 0 0 0 0 0 0 0 0 0 0 0 0 0 0 0 0 0 0 0 0 0 0 0 0 0 0 0 0 0 0 0
ctxt 4960504565
btime 1790630938
processes 460963
procs_running 3
procs_blocked 0
softirq 4539841092 73526 10925688 2753129 132439007 412731 0 13559649 48255982 421 36453663
