Running 10s test @ http://127.0.0.1:18500/usleep?ms=10
  16 threads and 1000 connections
  Thread Stats   Avg      Stdev     Max   +/- Stdev
    Latency     6.83s     1.68s    9.08s    49.53%
    Req/Sec    20.63     16.39   151.00     83.45%
  Latency Distribution
     50%    6.84s 
     75%    8.54s 
     90%    9.07s 
     99%    9.07s 
  1072 requests in 10.10s, 162.27KB read
Requests/sec:    106.14
Transfer/sec:     16.07KB
## server-stat
cpu  3240911 1430 1578171 42148570 152026 0 774139 0 0 0
cpu0 118832 27 44140 1322294 2427 0 24400 0 0 0
cpu1 122927 31 45539 1321794 2621 0 24393 0 0 0
cpu2 124215 31 45694 1321224 2352 0 24549 0 0 0
cpu3 183774 30 63690 1228494 2081 0 39229 0 0 0
cpu4 185941 34 62942 1228508 2083 0 39274 0 0 0
cpu5 131074 31 47607 1311726 2438 0 25591 0 0 0
cpu6 131775 28 47912 1310914 2281 0 26362 0 0 0
cpu7 139667 26 51461 1297259 1978 0 29220 0 0 0
cpu8 40769 50 42932 1376304 5417 0 13303 0 0 0
cpu9 46549 56 45991 1354227 7958 0 14461 0 0 0
cpu10 44323 55 44418 1362090 5956 0 14297 0 0 0
cpu11 40599 51 40415 1381284 4814 0 12733 0 0 0
cpu12 78811 130 49565 1315401 9778 0 15602 0 0 0
cpu13 75507 61 50471 1315225 10283 0 15926 0 0 0
cpu14 40369 50 39773 1384553 4775 0 12449 0 0 0
cpu15 37591 53 36513 1397595 4707 0 11311 0 0 0
cpu16 159833 25 55711 1267952 2875 0 33072 0 0 0
cpu17 149756 24 53887 1279808 4142 0 31521 0 0 0
cpu18 144008 24 52792 1288890 3001 0 30785 0 0 0
cpu19 238310 24 75775 1153359 1910 0 49115 0 0 0
cpu20 213252 24 71569 1184322 2999 0 46916 0 0 0
cpu21 138896 27 51640 1294592 3849 0 29967 0 0 0
cpu22 131365 30 49807 1305665 3219 0 28215 0 0 0
cpu23 114431 30 44220 1334405 2991 0 23541 0 0 0
cpu24 43534 53 41174 1380137 5666 0 13422 0 0 0
cpu25 48656 57 45990 1356442 7702 0 15845 0 0 0
cpu26 46604 51 44894 1362464 6939 0 15406 0 0 0
cpu27 39372 40 39949 1372105 5756 0 21298 0 0 0
cpu28 72738 75 53275 1302109 9153 0 28347 0 0 0
cpu29 76593 113 55218 1291179 9711 0 28866 0 0 0
cpu30 38818 36 41459 1365406 5432 0 21274 0 0 0
cpu31 42007 38 41735 1380828 4717 0 13437 0 0 0
intr 3153348806 126 0 0 0 0 0 0 0 0 1 0 0 0 0 0 0 0 0 0 0 0 0 0 0 0 0 0 1 1 1 0 0 0 0 1 0 1 0 0 75045 0 0 0 0 0 0 0 0 411 0 0 0 0 0 0 0 0 87 0 0 0 0 0 0 0 0 0 0 0 0 0 0 0 408543 2 35048612 34989724 34907750 35046591 0 12604 6554 7048 6023 5155 5645 6092 6996 5204 24962 35867 26170 20870 30401 31681 21306 17536 8000 8271 7679 4417 7001 8800 8283 6593 22395 25792 24087 20123 25689 26336 17406 19341 0 0 0 0 617033 4319 1036 0 264 0 0 0 0 0 0 0 0 0 0 0 0 0 0 0 0 0 0 0 0 0 0 0 0 0 0 0 0 0 0 0 0 0 0 0 0 0 0 0 0 0 0 0 0 0 0 0 0 0 0 0 0 0 0 0 0 0 0 0 0 0 0 0 0 0 0 0 0 0 0 0 0 0 0 0 0 0 0 0 0 0 0 0 0 0 0 0 0 0 0 0 0 0 0 0 0 0 0 0 0 0 0 0 0 0 0 0 0 0 0 0 0 0 0 0 0 0 0 0 0 0 0 0 0 0 0 0 0 0 0 0 0 0 0 0 0 0 0 0 0 0 0 0 0 0 0 0 0 0 0 0 0 0 0 0 0 0 0 0 0 0 0 0 0 0 0 0 0 0 0 0 0 0 0 0 0 0 0 0 0 0 0 0 0 0 0 0 0 0 0 0 0 0 0 0 0 0 0 0 0 0 0 0 0 0 0 0 0 0 0 0 0 0 0 0 0 0 0 0 0 0 0 0 0 0 0 0 0 0 0 0 0 0 0 0 0 0 0 0 0 0 0 0 0 0 0 0 0 0 0 0 0 0 0 0 0 0 0 0 0 0 0 0 0 0 0 0 0 0 0 0 0 0 0 0 0 0 0 0 0 0 0 0 0 0 0 0 0 0 0 0 0 0 0 0 0 0 0 0 0 0 0 0 0 0 0 0 0 0 0 0 0 0 0 0 0 0 0 0 0 0 0 0 0 0 0 0 0 0 0 0 0 0 0 0 0 0 0 0 0 0 0 0 0 0 0 0 0 0 0 0 0 0 0 0 0 0 0 0 0 0 0 0 0 0 0 0 0 0 0 0 0 0 0 0 0 0 0 0 0 0 0 0 0 0 0 0 0 0 0 0 0 0 0 0 0 0 0 0 0 0 0 0 0 0 0 0 0 0 0 0 0 0 0 0 0 0 0 0 0 0 0 0 0 0 0 0 0 0 0 0 0 0 0 0 0 0 0 0 0 0 0 0 0 0 0 0 0 0 0 0 0 0 0 0 0 0 0 0 0 0 0 0 0 0 0 0 0 0 0 0 0 0 0 0 0 0 0 0 0 0 0 0 0 0 0 0 0 0 0 0 0 0 0 0 0 0 0 0 0 0 0 0 0 0 0 0 0 0 0 0 0 0 0 0 0 0 0 0 0 0 0 0 0 0 0 0 0 0 0 0 0 0 0 0 0 0 0 0 0 0 0 0 0 0 0 0 0 0 0 0 0 0 0 0 0 0 0 0 0 0 0 0 0 0 0 0 0 0 0 0 0 0 0 0 0 0 0 0 0 0 0 0 0 0 0 0 0 0 0 0 0 0 0 0 0 0 0 0 0 0 0 0 0 0 0 0 0 0 0 0 0 0 0 0 0 0 0 0 0 0 0 0 0 0 0 0 0 0 0 0 0 0 0 0 0 0 0 0 0 0 0 0 0 0 0 0 0 0 0 0 0 0 0 0 0 0 0 0 0 0 0 0 0 0 0 0 0 0 0 0 0 0 0 0 0 0 0 0 0 0 0 0 0 0 0 0 0 0 0 0 0 0 0 0 0 0 0 0 0 0 0 0 0 0 0 0 0 0 0 0 0 0 0 0 0 0 0 0 0 0 0 0 0 0 0 0 0 0 0 0 0 0 0 0 0 0 0 0 0 0 0 0 0 0 0 0 0 0 0 0 0 0 0 0 0 0 0 0 0 0 0 0 0 0 0 0 0 0 0 0 0 0 0 0 0 0 0 0 0 0 0 0 0 0 0 0 0 0 0 0 0 0 0 0 0 0 0 0 0 0 0 0 0 0 0 0 0 0 0 0 0 0 0 0 0 0 0 0 0 0 0 0 0 0 0 0 0 0 0 0 0 0 0 0 0 0 0 0 0 0 0 0 0 0 0 0 0 0 0 0 0 0 0 0 0 0 0 0 0 0 0 0 0 0 0 0 0 0 0 0 0 0 0 0 0 0 0 0 0 0 0 0 0 0 0 0 0 0 0 0 0 0 0 0 0 0 0 0 0 0 0 0 0 0 0 0 0 0 0 0 0 0 0 0 0 0 0 0 0 0 0 0 0 0 0 0 0 0 0 0 0 0 0 0 0 0 0 0 0 0 0 0 0 0 0 0 0 0 0 0 0 0 0 0 0 0 0 0 0 0 0 0 0 0 0 0 0 0 0 0 0 0 0 0 0 0 0 0 0 0 0 0 0 0 0 0 0 0 0 0 0 0 0 0 0 0 0 0 0 0 0 0 0 0 0 0 0 0 0 0 0 0 0 0 0 0 0 0 0 0 0 0 0 0 0 0 0 0 0 0 0 0 0 0 0 0 0 0 0 0 0 0 0 0 0 0 0 0 0 0 0 0 0 0 0 0 0 0 0 0 0 0 0 0 0 0 0 0 0 0 0 0 0 0 0 0 0 0 0 0 0 0 0 0 0 0 0 0 0 0 0 0 0 0 0 0 0 0 0 0 0
ctxt 4974193846
btime 1790630938
processes 527778
procs_running 1
procs_blocked 0
softirq 4543506704 73526 11127541 2753138 134397786 427423 0 13559711 48761763 421 37438099
--
cpu  3240974 1431 1578182 42174031 152052 0 774140 0 0 0
cpu0 118832 27 44140 1323092 2427 0 24400 0 0 0
cpu1 122927 31 45539 1322593 2621 0 24393 0 0 0
cpu2 124215 31 45694 1322023 2352 0 24549 0 0 0
cpu3 183779 30 63693 1229280 2081 0 39230 0 0 0
cpu4 185941 34 62942 1229307 2083 0 39274 0 0 0
cpu5 131074 32 47607 1312525 2438 0 25591 0 0 0
cpu6 131775 29 47912 1311713 2281 0 26362 0 0 0
cpu7 139667 26 51461 1298057 1979 0 29220 0 0 0
cpu8 40769 50 42933 1377102 5417 0 13303 0 0 0
cpu9 46551 56 45991 1355023 7958 0 14461 0 0 0
cpu10 44325 56 44418 1362886 5956 0 14297 0 0 0
cpu11 40600 51 40415 1382082 4814 0 12733 0 0 0
cpu12 78844 130 49566 1316162 9778 0 15602 0 0 0
cpu13 75518 62 50472 1316003 10291 0 15926 0 0 0
cpu14 40370 50 39773 1385336 4790 0 12449 0 0 0
cpu15 37591 53 36513 1398394 4707 0 11311 0 0 0
cpu16 159833 25 55711 1268751 2875 0 33072 0 0 0
cpu17 149756 24 53887 1280607 4142 0 31521 0 0 0
cpu18 144008 24 52792 1289689 3002 0 30785 0 0 0
cpu19 238316 24 75777 1154147 1910 0 49115 0 0 0
cpu20 213252 24 71569 1185121 2999 0 46916 0 0 0
cpu21 138896 27 51640 1295392 3849 0 29967 0 0 0
cpu22 131365 30 49807 1306464 3219 0 28215 0 0 0
cpu23 114431 30 44220 1335204 2991 0 23541 0 0 0
cpu24 43535 53 41174 1380935 5667 0 13422 0 0 0
cpu25 48656 57 45991 1357241 7702 0 15845 0 0 0
cpu26 46604 51 44894 1363263 6939 0 15406 0 0 0
cpu27 39372 40 39949 1372904 5756 0 21298 0 0 0
cpu28 72738 75 53276 1302907 9153 0 28347 0 0 0
cpu29 76593 113 55218 1291977 9711 0 28866 0 0 0
cpu30 38818 36 41459 1366205 5432 0 21274 0 0 0
cpu31 42007 38 41735 1381627 4717 0 13437 0 0 0
intr 3153452362 126 0 0 0 0 0 0 0 0 1 0 0 0 0 0 0 0 0 0 0 0 0 0 0 0 0 0 1 1 1 0 0 0 0 1 0 1 0 0 75045 0 0 0 0 0 0 0 0 411 0 0 0 0 0 0 0 0 87 0 0 0 0 0 0 0 0 0 0 0 0 0 0 0 408817 2 35048635 34989746 34907778 35046616 0 12612 6556 7048 6068 5155 5645 6092 6996 5204 24964 35868 26170 20870 30401 31681 21306 17536 8000 8271 7686 4417 7001 8800 8283 6593 22395 25792 24087 20123 25689 26336 17406 19341 0 0 0 0 617033 4319 1036 0 264 0 0 0 0 0 0 0 0 0 0 0 0 0 0 0 0 0 0 0 0 0 0 0 0 0 0 0 0 0 0 0 0 0 0 0 0 0 0 0 0 0 0 0 0 0 0 0 0 0 0 0 0 0 0 0 0 0 0 0 0 0 0 0 0 0 0 0 0 0 0 0 0 0 0 0 0 0 0 0 0 0 0 0 0 0 0 0 0 0 0 0 0 0 0 0 0 0 0 0 0 0 0 0 0 0 0 0 0 0 0 0 0 0 0 0 0 0 0 0 0 0 0 0 0 0 0 0 0 0 0 0 0 0 0 0 0 0 0 0 0 0 0 0 0 0 0 0 0 0 0 0 0 0 0 0 0 0 0 0 0 0 0 0 0 0 0 0 0 0 0 0 0 0 0 0 0 0 0 0 0 0 0 0 0 0 0 0 0 0 0 0 0 0 0 0 0 0 0 0 0 0 0 0 0 0 0 0 0 0 0 0 0 0 0 0 0 0 0 0 0 0 0 0 0 0 0 0 0 0 0 0 0 0 0 0 0 0 0 0 0 0 0 0 0 0 0 0 0 0 0 0 0 0 0 0 0 0 0 0 0 0 0 0 0 0 0 0 0 0 0 0 0 0 0 0 0 0 0 0 0 0 0 0 0 0 0 0 0 0 0 0 0 0 0 0 0 0 0 0 0 0 0 0 0 0 0 0 0 0 0 0 0 0 0 0 0 0 0 0 0 0 0 0 0 0 0 0 0 0 0 0 0 0 0 0 0 0 0 0 0 0 0 0 0 0 0 0 0 0 0 0 0 0 0 0 0 0 0 0 0 0 0 0 0 0 0 0 0 0 0 0 0 0 0 0 0 0 0 0 0 0 0 0 0 0 0 0 0 0 0 0 0 0 0 0 0 0 0 0 0 0 0 0 0 0 0 0 0 0 0 0 0 0 0 0 0 0 0 0 0 0 0 0 0 0 0 0 0 0 0 0 0 0 0 0 0 0 0 0 0 0 0 0 0 0 0 0 0 0 0 0 0 0 0 0 0 0 0 0 0 0 0 0 0 0 0 0 0 0 0 0 0 0 0 0 0 0 0 0 0 0 0 0 0 0 0 0 0 0 0 0 0 0 0 0 0 0 0 0 0 0 0 0 0 0 0 0 0 0 0 0 0 0 0 0 0 0 0 0 0 0 0 0 0 0 0 0 0 0 0 0 0 0 0 0 0 0 0 0 0 0 0 0 0 0 0 0 0 0 0 0 0 0 0 0 0 0 0 0 0 0 0 0 0 0 0 0 0 0 0 0 0 0 0 0 0 0 0 0 0 0 0 0 0 0 0 0 0 0 0 0 0 0 0 0 0 0 0 0 0 0 0 0 0 0 0 0 0 0 0 0 0 0 0 0 0 0 0 0 0 0 0 0 0 0 0 0 0 0 0 0 0 0 0 0 0 0 0 0 0 0 0 0 0 0 0 0 0 0 0 0 0 0 0 0 0 0 0 0 0 0 0 0 0 0 0 0 0 0 0 0 0 0 0 0 0 0 0 0 0 0 0 0 0 0 0 0 0 0 0 0 0 0 0 0 0 0 0 0 0 0 0 0 0 0 0 0 0 0 0 0 0 0 0 0 0 0 0 0 0 0 0 0 0 0 0 0 0 0 0 0 0 0 0 0 0 0 0 0 0 0 0 0 0 0 0 0 0 0 0 0 0 0 0 0 0 0 0 0 0 0 0 0 0 0 0 0 0 0 0 0 0 0 0 0 0 0 0 0 0 0 0 0 0 0 0 0 0 0 0 0 0 0 0 0 0 0 0 0 0 0 0 0 0 0 0 0 0 0 0 0 0 0 0 0 0 0 0 0 0 0 0 0 0 0 0 0 0 0 0 0 0 0 0 0 0 0 0 0 0 0 0 0 0 0 0 0 0 0 0 0 0 0 0 0 0 0 0 0 0 0 0 0 0 0 0 0 0 0 0 0 0 0 0 0 0 0 0 0 0 0 0 0 0 0 0 0 0 0 0 0 0 0 0 0 0 0 0 0 0 0 0 0 0 0 0 0 0 0 0 0 0 0 0 0 0 0 0 0 0 0 0 0 0 0 0 0 0 0 0 0 0 0 0 0 0 0 0 0 0 0 0 0 0 0 0 0 0 0 0 0 0 0 0 0 0 0 0 0 0 0 0 0 0 0 0 0 0 0 0 0 0 0 0 0 0 0 0 0 0 0 0 0 0 0 0 0 0 0 0 0 0 0 0 0 0 0 0 0 0 0 0 0 0 0 0 0 0 0 0 0 0 0 0 0 0 0 0 0 0 0 0 0 0 0 0 0 0 0 0 0 0 0 0 0 0 0 0 0 0 0 0 0 0 0 0 0 0 0 0 0 0 0 0 0 0 0 0 0 0 0 0 0 0 0 0 0 0 0 0 0 0 0 0 0 0 0 0 0 0 0 0 0 0 0 0 0 0 0 0 0 0 0 0 0 0 0 0 0 0 0 0
ctxt 4974326739
btime 1790630938
processes 527846
procs_running 1
procs_blocked 1
softirq 4543528579 73526 11131113 2753138 134400223 427706 0 13559711 48769746 421 37445699
