Running 10s test @ http://127.0.0.1:18500/api/usleep?ms=10
  16 threads and 1000 connections
  Thread Stats   Avg      Stdev     Max   +/- Stdev
    Latency     7.55s     1.41s    9.99s    57.54%
    Req/Sec    28.04     20.49   141.00     76.32%
  Latency Distribution
     50%    7.56s 
     75%    8.78s 
     90%    9.51s 
     99%    9.95s 
  931 requests in 10.10s, 186.38KB read
  Socket errors: connect 0, read 0, write 0, timeout 3
Requests/sec:     92.18
Transfer/sec:     18.45KB
## server-stat
cpu  3226107 1414 1574706 41623432 127685 0 773864 0 0 0
cpu0 118591 27 44063 1305300 2087 0 24378 0 0 0
cpu1 122796 30 45471 1304714 2152 0 24389 0 0 0
cpu2 124136 30 45634 1304088 1870 0 24547 0 0 0
cpu3 181422 29 63394 1213569 1931 0 39197 0 0 0
cpu4 183655 34 62730 1213592 1733 0 39246 0 0 0
cpu5 130999 31 47548 1294549 1986 0 25589 0 0 0
cpu6 131715 28 47854 1293736 1806 0 26361 0 0 0
cpu7 139619 26 51409 1280039 1527 0 29220 0 0 0
cpu8 40718 49 42865 1359575 4532 0 13302 0 0 0
cpu9 46470 55 45909 1337671 6964 0 14459 0 0 0
cpu10 44263 55 44345 1345452 5010 0 14296 0 0 0
cpu11 40558 50 40353 1364567 3888 0 12732 0 0 0
cpu12 78509 130 49456 1299047 8853 0 15596 0 0 0
cpu13 75199 61 50368 1298983 9234 0 15922 0 0 0
cpu14 40323 50 39703 1367897 3803 0 12448 0 0 0
cpu15 37560 51 36449 1380851 3795 0 11310 0 0 0
cpu16 159694 25 55637 1251044 2239 0 33068 0 0 0
cpu17 149666 24 53813 1262930 3428 0 31519 0 0 0
cpu18 143938 24 52725 1271990 2280 0 30784 0 0 0
cpu19 233783 24 75231 1140983 1678 0 49029 0 0 0
cpu20 210604 23 71264 1170070 2488 0 46857 0 0 0
cpu21 138822 26 51564 1277667 3159 0 29965 0 0 0
cpu22 131314 30 49736 1288698 2539 0 28213 0 0 0
cpu23 114387 29 44160 1317398 2329 0 23540 0 0 0
cpu24 43477 52 41100 1363515 4661 0 13421 0 0 0
cpu25 48583 56 45904 1340037 6508 0 15843 0 0 0
cpu26 46531 51 44806 1346058 5746 0 15404 0 0 0
cpu27 39320 39 39866 1355474 4754 0 21298 0 0 0
cpu28 72503 75 53179 1285936 7931 0 28344 0 0 0
cpu29 76197 113 55114 1275148 8505 0 28862 0 0 0
cpu30 38777 36 41386 1348783 4403 0 21273 0 0 0
cpu31 41962 37 41655 1364056 3849 0 13436 0 0 0
intr 3148292387 126 0 0 0 0 0 0 0 0 1 0 0 0 0 0 0 0 0 0 0 0 0 0 0 0 0 0 1 1 1 0 0 0 0 1 0 1 0 0 75045 0 0 0 0 0 0 0 0 411 0 0 0 0 0 0 0 0 87 0 0 0 0 0 0 0 0 0 0 0 0 0 0 0 399597 2 35047842 34989057 34906990 35046014 0 12464 5366 6089 5076 4638 5132 5379 6065 4404 22844 32930 23297 18413 27796 28815 18939 15313 6603 6814 6272 4155 6002 7490 6933 5427 19605 22528 20326 17356 21555 22789 14852 16953 0 0 0 0 617021 4302 1036 0 264 0 0 0 0 0 0 0 0 0 0 0 0 0 0 0 0 0 0 0 0 0 0 0 0 0 0 0 0 0 0 0 0 0 0 0 0 0 0 0 0 0 0 0 0 0 0 0 0 0 0 0 0 0 0 0 0 0 0 0 0 0 0 0 0 0 0 0 0 0 0 0 0 0 0 0 0 0 0 0 0 0 0 0 0 0 0 0 0 0 0 0 0 0 0 0 0 0 0 0 0 0 0 0 0 0 0 0 0 0 0 0 0 0 0 0 0 0 0 0 0 0 0 0 0 0 0 0 0 0 0 0 0 0 0 0 0 0 0 0 0 0 0 0 0 0 0 0 0 0 0 0 0 0 0 0 0 0 0 0 0 0 0 0 0 0 0 0 0 0 0 0 0 0 0 0 0 0 0 0 0 0 0 0 0 0 0 0 0 0 0 0 0 0 0 0 0 0 0 0 0 0 0 0 0 0 0 0 0 0 0 0 0 0 0 0 0 0 0 0 0 0 0 0 0 0 0 0 0 0 0 0 0 0 0 0 0 0 0 0 0 0 0 0 0 0 0 0 0 0 0 0 0 0 0 0 0 0 0 0 0 0 0 0 0 0 0 0 0 0 0 0 0 0 0 0 0 0 0 0 0 0 0 0 0 0 0 0 0 0 0 0 0 0 0 0 0 0 0 0 0 0 0 0 0 0 0 0 0 0 0 0 0 0 0 0 0 0 0 0 0 0 0 0 0 0 0 0 0 0 0 0 0 0 0 0 0 0 0 0 0 0 0 0 0 0 0 0 0 0 0 0 0 0 0 0 0 0 0 0 0 0 0 0 0 0 0 0 0 0 0 0 0 0 0 0 0 0 0 0 0 0 0 0 0 0 0 0 0 0 0 0 0 0 0 0 0 0 0 0 0 0 0 0 0 0 0 0 0 0 0 0 0 0 0 0 0 0 0 0 0 0 0 0 0 0 0 0 0 0 0 0 0 0 0 0 0 0 0 0 0 0 0 0 0 0 0 0 0 0 0 0 0 0 0 0 0 0 0 0 0 0 0 0 0 0 0 0 0 0 0 0 0 0 0 0 0 0 0 0 0 0 0 0 0 0 0 0 0 0 0 0 0 0 0 0 0 0 0 0 0 0 0 0 0 0 0 0 0 0 0 0 0 0 0 0 0 0 0 0 0 0 0 0 0 0 0 0 0 0 0 0 0 0 0 0 0 0 0 0 0 0 0 0 0 0 0 0 0 0 0 0 0 0 0 0 0 0 0 0 0 0 0 0 0 0 0 0 0 0 0 0 0 0 0 0 0 0 0 0 0 0 0 0 0 0 0 0 0 0 0 0 0 0 0 0 0 0 0 0 0 0 0 0 0 0 0 0 0 0 0 0 0 0 0 0 0 0 0 0 0 0 0 0 0 0 0 0 0 0 0 0 0 0 0 0 0 0 0 0 0 0 0 0 0 0 0 0 0 0 0 0 0 0 0 0 0 0 0 0 0 0 0 0 0 0 0 0 0 0 0 0 0 0 0 0 0 0 0 0 0 0 0 0 0 0 0 0 0 0 0 0 0 0 0 0 0 0 0 0 0 0 0 0 0 0 0 0 0 0 0 0 0 0 0 0 0 0 0 0 0 0 0 0 0 0 0 0 0 0 0 0 0 0 0 0 0 0 0 0 0 0 0 0 0 0 0 0 0 0 0 0 0 0 0 0 0 0 0 0 0 0 0 0 0 0 0 0 0 0 0 0 0 0 0 0 0 0 0 0 0 0 0 0 0 0 0 0 0 0 0 0 0 0 0 0 0 0 0 0 0 0 0 0 0 0 0 0 0 0 0 0 0 0 0 0 0 0 0 0 0 0 0 0 0 0 0 0 0 0 0 0 0 0 0 0 0 0 0 0 0 0 0 0 0 0 0 0 0 0 0 0 0 0 0 0 0 0 0 0 0 0 0 0 0 0 0 0 0 0 0 0 0 0 0 0 0 0 0 0 0 0 0 0 0 0 0 0 0 0 0 0 0 0 0 0 0 0 0 0 0 0 0 0 0 0 0 0 0 0 0 0 0 0 0 0 0 0 0 0 0 0 0 0 0 0 0 0 0 0 0 0 0 0 0 0 0 0 0 0 0 0 0 0 0 0 0 0 0 0 0 0 0 0 0 0 0 0 0 0 0 0 0 0 0 0 0 0 0 0 0 0 0 0 0 0 0 0 0 0 0 0 0 0 0 0 0 0 0 0 0 0 0 0 0 0 0 0 0 0 0 0 0 0 0 0 0 0 0 0 0 0 0 0 0 0 0 0 0 0 0 0 0 0 0 0 0 0 0 0 0 0 0 0 0 0 0 0 0 0 0 0 0 0 0 0 0 0 0 0 0 0 0 0 0 0 0 0 0 0 0 0 0 0 0 0 0 0 0 0 0 0 0 0 0 0 0 0 0 0 0 0 0 0 0 0 0 0 0 0 0 0 0 0 0 0 0 0 0 0 0 0 0
ctxt 4966227514
btime 1790630938
processes 494146
procs_running 1
procs_blocked 0
softirq 4541366678 73526 11037972 2753132 133133181 418228 0 13559673 48514764 421 36908485
--
cpu  3226235 1415 1574716 41648828 127713 0 773867 0 0 0
cpu0 118593 27 44063 1306095 2087 0 24380 0 0 0
cpu1 122797 30 45471 1305511 2152 0 24389 0 0 0
cpu2 124137 30 45635 1304886 1870 0 24547 0 0 0
cpu3 181459 29 63394 1214331 1931 0 39197 0 0 0
cpu4 183681 34 62731 1214366 1733 0 39246 0 0 0
cpu5 131000 31 47548 1295347 1986 0 25589 0 0 0
cpu6 131715 28 47854 1294535 1806 0 26361 0 0 0
cpu7 139619 26 51409 1280838 1527 0 29220 0 0 0
cpu8 40719 49 42866 1360373 4532 0 13302 0 0 0
cpu9 46471 55 45909 1338469 6964 0 14459 0 0 0
cpu10 44265 55 44345 1346248 5010 0 14296 0 0 0
cpu11 40559 50 40353 1365366 3888 0 12732 0 0 0
cpu12 78516 130 49457 1299837 8853 0 15596 0 0 0
cpu13 75204 61 50368 1299775 9234 0 15922 0 0 0
cpu14 40323 50 39703 1368696 3803 0 12448 0 0 0
cpu15 37560 51 36449 1381649 3795 0 11310 0 0 0
cpu16 159694 25 55637 1251842 2239 0 33069 0 0 0
cpu17 149666 24 53813 1263728 3428 0 31519 0 0 0
cpu18 143939 24 52725 1272789 2280 0 30784 0 0 0
cpu19 233791 24 75232 1141772 1678 0 49029 0 0 0
cpu20 210605 23 71264 1170868 2488 0 46857 0 0 0
cpu21 138822 27 51564 1278466 3159 0 29965 0 0 0
cpu22 131314 30 49737 1289496 2539 0 28213 0 0 0
cpu23 114387 29 44160 1318197 2329 0 23540 0 0 0
cpu24 43478 52 41100 1364313 4661 0 13421 0 0 0
cpu25 48583 56 45904 1340836 6508 0 15843 0 0 0
cpu26 46531 51 44807 1346856 5746 0 15404 0 0 0
cpu27 39321 39 39866 1356272 4754 0 21298 0 0 0
cpu28 72504 75 53180 1286706 7959 0 28344 0 0 0
cpu29 76229 113 55117 1275912 8505 0 28862 0 0 0
cpu30 38777 36 41386 1349582 4403 0 21273 0 0 0
cpu31 41962 37 41655 1364856 3849 0 13436 0 0 0
intr 3148398041 126 0 0 0 0 0 0 0 0 1 0 0 0 0 0 0 0 0 0 0 0 0 0 0 0 0 0 1 1 1 0 0 0 0 1 0 1 0 0 75045 0 0 0 0 0 0 0 0 411 0 0 0 0 0 0 0 0 87 0 0 0 0 0 0 0 0 0 0 0 0 0 0 0 399877 2 35047889 34989120 34907042 35046034 0 12468 5366 6089 5076 4638 5132 5379 6068 4404 22844 32930 23297 18413 27796 28815 18939 15313 6603 6815 6272 4155 6002 7490 6933 5427 19605 22529 20326 17356 21555 22789 14863 16953 0 0 0 0 617021 4302 1036 0 264 0 0 0 0 0 0 0 0 0 0 0 0 0 0 0 0 0 0 0 0 0 0 0 0 0 0 0 0 0 0 0 0 0 0 0 0 0 0 0 0 0 0 0 0 0 0 0 0 0 0 0 0 0 0 0 0 0 0 0 0 0 0 0 0 0 0 0 0 0 0 0 0 0 0 0 0 0 0 0 0 0 0 0 0 0 0 0 0 0 0 0 0 0 0 0 0 0 0 0 0 0 0 0 0 0 0 0 0 0 0 0 0 0 0 0 0 0 0 0 0 0 0 0 0 0 0 0 0 0 0 0 0 0 0 0 0 0 0 0 0 0 0 0 0 0 0 0 0 0 0 0 0 0 0 0 0 0 0 0 0 0 0 0 0 0 0 0 0 0 0 0 0 0 0 0 0 0 0 0 0 0 0 0 0 0 0 0 0 0 0 0 0 0 0 0 0 0 0 0 0 0 0 0 0 0 0 0 0 0 0 0 0 0 0 0 0 0 0 0 0 0 0 0 0 0 0 0 0 0 0 0 0 0 0 0 0 0 0 0 0 0 0 0 0 0 0 0 0 0 0 0 0 0 0 0 0 0 0 0 0 0 0 0 0 0 0 0 0 0 0 0 0 0 0 0 0 0 0 0 0 0 0 0 0 0 0 0 0 0 0 0 0 0 0 0 0 0 0 0 0 0 0 0 0 0 0 0 0 0 0 0 0 0 0 0 0 0 0 0 0 0 0 0 0 0 0 0 0 0 0 0 0 0 0 0 0 0 0 0 0 0 0 0 0 0 0 0 0 0 0 0 0 0 0 0 0 0 0 0 0 0 0 0 0 0 0 0 0 0 0 0 0 0 0 0 0 0 0 0 0 0 0 0 0 0 0 0 0 0 0 0 0 0 0 0 0 0 0 0 0 0 0 0 0 0 0 0 0 0 0 0 0 0 0 0 0 0 0 0 0 0 0 0 0 0 0 0 0 0 0 0 0 0 0 0 0 0 0 0 0 0 0 0 0 0 0 0 0 0 0 0 0 0 0 0 0 0 0 0 0 0 0 0 0 0 0 0 0 0 0 0 0 0 0 0 0 0 0 0 0 0 0 0 0 0 0 0 0 0 0 0 0 0 0 0 0 0 0 0 0 0 0 0 0 0 0 0 0 0 0 0 0 0 0 0 0 0 0 0 0 0 0 0 0 0 0 0 0 0 0 0 0 0 0 0 0 0 0 0 0 0 0 0 0 0 0 0 0 0 0 0 0 0 0 0 0 0 0 0 0 0 0 0 0 0 0 0 0 0 0 0 0 0 0 0 0 0 0 0 0 0 0 0 0 0 0 0 0 0 0 0 0 0 0 0 0 0 0 0 0 0 0 0 0 0 0 0 0 0 0 0 0 0 0 0 0 0 0 0 0 0 0 0 0 0 0 0 0 0 0 0 0 0 0 0 0 0 0 0 0 0 0 0 0 0 0 0 0 0 0 0 0 0 0 0 0 0 0 0 0 0 0 0 0 0 0 0 0 0 0 0 0 0 0 0 0 0 0 0 0 0 0 0 0 0 0 0 0 0 0 0 0 0 0 0 0 0 0 0 0 0 0 0 0 0 0 0 0 0 0 0 0 0 0 0 0 0 0 0 0 0 0 0 0 0 0 0 0 0 0 0 0 0 0 0 0 0 0 0 0 0 0 0 0 0 0 0 0 0 0 0 0 0 0 0 0 0 0 0 0 0 0 0 0 0 0 0 0 0 0 0 0 0 0 0 0 0 0 0 0 0 0 0 0 0 0 0 0 0 0 0 0 0 0 0 0 0 0 0 0 0 0 0 0 0 0 0 0 0 0 0 0 0 0 0 0 0 0 0 0 0 0 0 0 0 0 0 0 0 0 0 0 0 0 0 0 0 0 0 0 0 0 0 0 0 0 0 0 0 0 0 0 0 0 0 0 0 0 0 0 0 0 0 0 0 0 0 0 0 0 0 0 0 0 0 0 0 0 0 0 0 0 0 0 0 0 0 0 0 0 0 0 0 0 0 0 0 0 0 0 0 0 0 0 0 0 0 0 0 0 0 0 0 0 0 0 0 0 0 0 0 0 0 0 0 0 0 0 0 0 0 0 0 0 0 0 0 0 0 0 0 0 0 0 0 0 0 0 0 0 0 0 0 0 0 0 0 0 0 0 0 0 0 0 0 0 0 0 0 0 0 0 0 0 0 0 0 0 0 0 0 0 0 0 0 0 0 0 0 0 0 0 0 0 0 0 0 0 0 0 0 0 0 0 0 0 0 0 0 0 0 0 0 0 0 0 0 0 0 0 0 0 0 0 0 0 0 0 0 0 0 0 0 0 0 0 0 0 0 0 0 0 0 0 0 0 0 0 0 0 0 0 0 0 0 0 0 0 0 0 0 0 0 0 0 0 0 0 0 0 0 0 0 0 0 0 0 0 0 0 0 0 0 0 0 0 0 0 0 0 0 0 0 0 0 0 0 0 0 0 0 0
ctxt 4966380818
btime 1790630938
processes 494193
procs_running 1
procs_blocked 0
softirq 4541386327 73526 11041229 2753138 133136586 418515 0 13559673 48521503 421 36914440
