Running 10s test @ http://127.0.0.1:18500/usleep?ms=10
  16 threads and 1000 connections
  Thread Stats   Avg      Stdev     Max   +/- Stdev
    Latency     1.33s   372.92ms   2.60s    79.47%
    Req/Sec    50.09     27.21   190.00     65.60%
  Latency Distribution
     50%    1.21s 
     75%    1.39s 
     90%    1.96s 
     99%    2.41s 
  6970 requests in 10.09s, 1.03MB read
Requests/sec:    690.67
Transfer/sec:    104.55KB
## server-stat
cpu  3431600 1544 1617899 46184403 311158 0 783497 0 0 0
cpu0 125407 28 45338 1450613 4042 0 24938 0 0 0
cpu1 128235 32 46639 1451743 4744 0 24687 0 0 0
cpu2 129573 32 46769 1451311 4518 0 24774 0 0 0
cpu3 203112 32 67192 1341545 3538 0 40600 0 0 0
cpu4 205257 36 66112 1341463 4067 0 40797 0 0 0
cpu5 136871 34 48730 1440991 5062 0 25785 0 0 0
cpu6 136845 32 48878 1440877 5179 0 26543 0 0 0
cpu7 144027 29 52346 1427788 5143 0 29376 0 0 0
cpu8 41123 56 43460 1507388 11917 0 13345 0 0 0
cpu9 47131 61 46599 1483891 14805 0 14531 0 0 0
cpu10 44756 61 44989 1491863 13042 0 14350 0 0 0
cpu11 40922 57 40932 1511702 11882 0 12770 0 0 0
cpu12 81715 136 50426 1441641 16994 0 15711 0 0 0
cpu13 78243 68 51381 1441328 17558 0 16056 0 0 0
cpu14 40745 57 40366 1515163 11196 0 12501 0 0 0
cpu15 37867 58 37050 1528563 11344 0 11353 0 0 0
cpu16 170637 26 57193 1392097 5257 0 33296 0 0 0
cpu17 160151 26 55342 1403993 6892 0 31752 0 0 0
cpu18 152869 26 54107 1414275 6223 0 31018 0 0 0
cpu19 270010 25 80632 1252985 3182 0 50630 0 0 0
cpu20 240295 25 75479 1289257 4996 0 48076 0 0 0
cpu21 146029 29 52870 1421313 7577 0 30194 0 0 0
cpu22 137033 33 50907 1433572 7408 0 28422 0 0 0
cpu23 118173 31 45182 1464578 7028 0 23697 0 0 0
cpu24 44002 59 41789 1509849 13480 0 13457 0 0 0
cpu25 49175 60 46613 1485924 15463 0 15891 0 0 0
cpu26 47069 56 45503 1492187 14703 0 15451 0 0 0
cpu27 39769 45 40542 1502232 13514 0 21330 0 0 0
cpu28 74610 79 54089 1428799 17756 0 28430 0 0 0
cpu29 78416 116 56044 1417916 18196 0 28956 0 0 0
cpu30 39154 42 42053 1496114 12386 0 21306 0 0 0
cpu31 42366 42 42331 1511427 12052 0 13460 0 0 0
intr 3225914517 126 0 0 0 0 0 0 0 0 1 0 0 0 0 0 0 0 0 0 0 0 0 0 0 0 0 0 1 1 1 0 0 0 0 1 0 1 0 0 75045 0 0 0 0 0 0 0 0 411 0 0 0 0 0 0 0 0 87 0 0 0 0 0 0 0 0 0 0 0 0 0 0 0 460557 2 35054869 34994147 34910323 35051055 0 13723 8910 9999 9549 7115 8340 10196 11795 9083 33835 45953 35373 30306 43759 43671 28306 24790 11056 11600 11548 6198 9700 13076 13414 11953 31112 37548 34212 28720 39907 42439 25534 26800 0 0 0 0 617125 4422 1036 0 264 0 0 0 0 0 0 0 0 0 0 0 0 0 0 0 0 0 0 0 0 0 0 0 0 0 0 0 0 0 0 0 0 0 0 0 0 0 0 0 0 0 0 0 0 0 0 0 0 0 0 0 0 0 0 0 0 0 0 0 0 0 0 0 0 0 0 0 0 0 0 0 0 0 0 0 0 0 0 0 0 0 0 0 0 0 0 0 0 0 0 0 0 0 0 0 0 0 0 0 0 0 0 0 0 0 0 0 0 0 0 0 0 0 0 0 0 0 0 0 0 0 0 0 0 0 0 0 0 0 0 0 0 0 0 0 0 0 0 0 0 0 0 0 0 0 0 0 0 0 0 0 0 0 0 0 0 0 0 0 0 0 0 0 0 0 0 0 0 0 0 0 0 0 0 0 0 0 0 0 0 0 0 0 0 0 0 0 0 0 0 0 0 0 0 0 0 0 0 0 0 0 0 0 0 0 0 0 0 0 0 0 0 0 0 0 0 0 0 0 0 0 0 0 0 0 0 0 0 0 0 0 0 0 0 0 0 0 0 0 0 0 0 0 0 0 0 0 0 0 0 0 0 0 0 0 0 0 0 0 0 0 0 0 0 0 0 0 0 0 0 0 0 0 0 0 0 0 0 0 0 0 0 0 0 0 0 0 0 0 0 0 0 0 0 0 0 0 0 0 0 0 0 0 0 0 0 0 0 0 0 0 0 0 0 0 0 0 0 0 0 0 0 0 0 0 0 0 0 0 0 0 0 0 0 0 0 0 0 0 0 0 0 0 0 0 0 0 0 0 0 0 0 0 0 0 0 0 0 0 0 0 0 0 0 0 0 0 0 0 0 0 0 0 0 0 0 0 0 0 0 0 0 0 0 0 0 0 0 0 0 0 0 0 0 0 0 0 0 0 0 0 0 0 0 0 0 0 0 0 0 0 0 0 0 0 0 0 0 0 0 0 0 0 0 0 0 0 0 0 0 0 0 0 0 0 0 0 0 0 0 0 0 0 0 0 0 0 0 0 0 0 0 0 0 0 0 0 0 0 0 0 0 0 0 0 0 0 0 0 0 0 0 0 0 0 0 0 0 0 0 0 0 0 0 0 0 0 0 0 0 0 0 0 0 0 0 0 0 0 0 0 0 0 0 0 0 0 0 0 0 0 0 0 0 0 0 0 0 0 0 0 0 0 0 0 0 0 0 0 0 0 0 0 0 0 0 0 0 0 0 0 0 0 0 0 0 0 0 0 0 0 0 0 0 0 0 0 0 0 0 0 0 0 0 0 0 0 0 0 0 0 0 0 0 0 0 0 0 0 0 0 0 0 0 0 0 0 0 0 0 0 0 0 0 0 0 0 0 0 0 0 0 0 0 0 0 0 0 0 0 0 0 0 0 0 0 0 0 0 0 0 0 0 0 0 0 0 0 0 0 0 0 0 0 0 0 0 0 0 0 0 0 0 0 0 0 0 0 0 0 0 0 0 0 0 0 0 0 0 0 0 0 0 0 0 0 0 0 0 0 0 0 0 0 0 0 0 0 0 0 0 0 0 0 0 0 0 0 0 0 0 0 0 0 0 0 0 0 0 0 0 0 0 0 0 0 0 0 0 0 0 0 0 0 0 0 0 0 0 0 0 0 0 0 0 0 0 0 0 0 0 0 0 0 0 0 0 0 0 0 0 0 0 0 0 0 0 0 0 0 0 0 0 0 0 0 0 0 0 0 0 0 0 0 0 0 0 0 0 0 0 0 0 0 0 0 0 0 0 0 0 0 0 0 0 0 0 0 0 0 0 0 0 0 0 0 0 0 0 0 0 0 0 0 0 0 0 0 0 0 0 0 0 0 0 0 0 0 0 0 0 0 0 0 0 0 0 0 0 0 0 0 0 0 0 0 0 0 0 0 0 0 0 0 0 0 0 0 0 0 0 0 0 0 0 0 0 0 0 0 0 0 0 0 0 0 0 0 0 0 0 0 0 0 0 0 0 0 0 0 0 0 0 0 0 0 0 0 0 0 0 0 0 0 0 0 0 0 0 0 0 0 0 0 0 0 0 0 0 0 0 0 0 0 0 0 0 0 0 0 0 0 0 0 0 0 0 0 0 0 0 0 0 0 0 0 0 0 0 0 0 0 0 0 0 0 0 0 0 0 0 0 0 0 0 0 0 0 0 0 0 0 0 0 0 0 0 0 0 0 0 0 0 0 0 0 0 0 0 0 0 0 0 0 0 0 0 0 0 0 0 0 0 0 0 0 0 0 0 0 0 0 0 0 0 0 0 0 0 0 0 0 0 0 0 0 0 0 0 0 0 0 0 0 0 0 0 0 0 0 0 0 0 0 0 0 0 0 0 0 0 0 0 0 0 0 0 0 0 0 0 0 0 0 0 0 0 0 0 0 0 0 0 0 0 0 0 0 0 0 0 0 0 0 0 0 0 0 0 0 0 0 0 0 0 0 0 0 0 0 0 0 0 0 0 0 0 0 0 0 0 0
ctxt 5099084995
btime 1790630938
processes 743890
procs_running 1
procs_blocked 0
softirq 4611547604 73526 12062191 2753158 194082120 481227 0 13559972 51029297 421 42538396
--
cpu  3431737 1544 1617923 46209783 311172 0 783513 0 0 0
cpu0 125415 28 45339 1451400 4042 0 24948 0 0 0
cpu1 128242 32 46640 1452534 4744 0 24690 0 0 0
cpu2 129577 33 46771 1452105 4518 0 24775 0 0 0
cpu3 203125 32 67196 1342325 3538 0 40601 0 0 0
cpu4 205269 36 66115 1342248 4067 0 40797 0 0 0
cpu5 136873 34 48730 1441788 5063 0 25785 0 0 0
cpu6 136845 32 48879 1441675 5179 0 26543 0 0 0
cpu7 144027 29 52347 1428586 5143 0 29376 0 0 0
cpu8 41124 56 43461 1508184 11917 0 13345 0 0 0
cpu9 47133 61 46600 1484687 14805 0 14531 0 0 0
cpu10 44758 61 44989 1492659 13042 0 14350 0 0 0
cpu11 40922 57 40932 1512500 11882 0 12770 0 0 0
cpu12 81742 136 50428 1442409 16994 0 15711 0 0 0
cpu13 78265 68 51383 1442101 17558 0 16056 0 0 0
cpu14 40747 57 40367 1515958 11196 0 12501 0 0 0
cpu15 37868 58 37050 1529361 11344 0 11353 0 0 0
cpu16 170637 26 57193 1392895 5257 0 33296 0 0 0
cpu17 160151 26 55342 1404792 6892 0 31752 0 0 0
cpu18 152869 26 54107 1415074 6223 0 31018 0 0 0
cpu19 270019 25 80634 1253771 3182 0 50631 0 0 0
cpu20 240305 25 75480 1290044 4996 0 48076 0 0 0
cpu21 146030 29 52870 1422112 7577 0 30194 0 0 0
cpu22 137033 33 50907 1434371 7408 0 28422 0 0 0
cpu23 118173 31 45182 1465378 7028 0 23697 0 0 0
cpu24 44002 59 41789 1510648 13480 0 13457 0 0 0
cpu25 49176 60 46614 1486722 15463 0 15891 0 0 0
cpu26 47071 56 45503 1492985 14703 0 15451 0 0 0
cpu27 39770 45 40542 1503029 13514 0 21330 0 0 0
cpu28 74612 79 54089 1429581 17768 0 28430 0 0 0
cpu29 78420 116 56045 1418710 18196 0 28956 0 0 0
cpu30 39156 42 42053 1496911 12386 0 21306 0 0 0
cpu31 42366 42 42331 1512225 12052 0 13460 0 0 0
intr 3226075226 126 0 0 0 0 0 0 0 0 1 0 0 0 0 0 0 0 0 0 0 0 0 0 0 0 0 0 1 1 1 0 0 0 0 1 0 1 0 0 75045 0 0 0 0 0 0 0 0 411 0 0 0 0 0 0 0 0 87 0 0 0 0 0 0 0 0 0 0 0 0 0 0 0 460683 2 35054897 34994181 34910346 35051072 0 13727 8910 9999 9549 7115 8340 10196 11795 9083 33835 45953 35373 30306 43759 43672 28306 24790 11056 11600 11548 6198 9700 13076 13414 11953 31115 37548 34212 28720 39907 42439 25534 26800 0 0 0 0 617125 4422 1036 0 264 0 0 0 0 0 0 0 0 0 0 0 0 0 0 0 0 0 0 0 0 0 0 0 0 0 0 0 0 0 0 0 0 0 0 0 0 0 0 0 0 0 0 0 0 0 0 0 0 0 0 0 0 0 0 0 0 0 0 0 0 0 0 0 0 0 0 0 0 0 0 0 0 0 0 0 0 0 0 0 0 0 0 0 0 0 0 0 0 0 0 0 0 0 0 0 0 0 0 0 0 0 0 0 0 0 0 0 0 0 0 0 0 0 0 0 0 0 0 0 0 0 0 0 0 0 0 0 0 0 0 0 0 0 0 0 0 0 0 0 0 0 0 0 0 0 0 0 0 0 0 0 0 0 0 0 0 0 0 0 0 0 0 0 0 0 0 0 0 0 0 0 0 0 0 0 0 0 0 0 0 0 0 0 0 0 0 0 0 0 0 0 0 0 0 0 0 0 0 0 0 0 0 0 0 0 0 0 0 0 0 0 0 0 0 0 0 0 0 0 0 0 0 0 0 0 0 0 0 0 0 0 0 0 0 0 0 0 0 0 0 0 0 0 0 0 0 0 0 0 0 0 0 0 0 0 0 0 0 0 0 0 0 0 0 0 0 0 0 0 0 0 0 0 0 0 0 0 0 0 0 0 0 0 0 0 0 0 0 0 0 0 0 0 0 0 0 0 0 0 0 0 0 0 0 0 0 0 0 0 0 0 0 0 0 0 0 0 0 0 0 0 0 0 0 0 0 0 0 0 0 0 0 0 0 0 0 0 0 0 0 0 0 0 0 0 0 0 0 0 0 0 0 0 0 0 0 0 0 0 0 0 0 0 0 0 0 0 0 0 0 0 0 0 0 0 0 0 0 0 0 0 0 0 0 0 0 0 0 0 0 0 0 0 0 0 0 0 0 0 0 0 0 0 0 0 0 0 0 0 0 0 0 0 0 0 0 0 0 0 0 0 0 0 0 0 0 0 0 0 0 0 0 0 0 0 0 0 0 0 0 0 0 0 0 0 0 0 0 0 0 0 0 0 0 0 0 0 0 0 0 0 0 0 0 0 0 0 0 0 0 0 0 0 0 0 0 0 0 0 0 0 0 0 0 0 0 0 0 0 0 0 0 0 0 0 0 0 0 0 0 0 0 0 0 0 0 0 0 0 0 0 0 0 0 0 0 0 0 0 0 0 0 0 0 0 0 0 0 0 0 0 0 0 0 0 0 0 0 0 0 0 0 0 0 0 0 0 0 0 0 0 0 0 0 0 0 0 0 0 0 0 0 0 0 0 0 0 0 0 0 0 0 0 0 0 0 0 0 0 0 0 0 0 0 0 0 0 0 0 0 0 0 0 0 0 0 0 0 0 0 0 0 0 0 0 0 0 0 0 0 0 0 0 0 0 0 0 0 0 0 0 0 0 0 0 0 0 0 0 0 0 0 0 0 0 0 0 0 0 0 0 0 0 0 0 0 0 0 0 0 0 0 0 0 0 0 0 0 0 0 0 0 0 0 0 0 0 0 0 0 0 0 0 0 0 0 0 0 0 0 0 0 0 0 0 0 0 0 0 0 0 0 0 0 0 0 0 0 0 0 0 0 0 0 0 0 0 0 0 0 0 0 0 0 0 0 0 0 0 0 0 0 0 0 0 0 0 0 0 0 0 0 0 0 0 0 0 0 0 0 0 0 0 0 0 0 0 0 0 0 0 0 0 0 0 0 0 0 0 0 0 0 0 0 0 0 0 0 0 0 0 0 0 0 0 0 0 0 0 0 0 0 0 0 0 0 0 0 0 0 0 0 0 0 0 0 0 0 0 0 0 0 0 0 0 0 0 0 0 0 0 0 0 0 0 0 0 0 0 0 0 0 0 0 0 0 0 0 0 0 0 0 0 0 0 0 0 0 0 0 0 0 0 0 0 0 0 0 0 0 0 0 0 0 0 0 0 0 0 0 0 0 0 0 0 0 0 0 0 0 0 0 0 0 0 0 0 0 0 0 0 0 0 0 0 0 0 0 0 0 0 0 0 0 0 0 0 0 0 0 0 0 0 0 0 0 0 0 0 0 0 0 0 0 0 0 0 0 0 0 0 0 0 0 0 0 0 0 0 0 0 0 0 0 0 0 0 0 0 0 0 0 0 0 0 0 0 0 0 0 0 0 0 0 0 0 0 0 0 0 0 0 0 0 0 0 0 0 0 0 0 0 0 0 0 0 0 0 0 0 0 0 0 0 0 0 0 0 0 0 0 0 0 0 0 0 0 0 0 0 0 0 0 0 0 0 0 0 0 0 0 0 0 0 0 0 0 0 0 0 0 0 0 0 0 0 0 0 0 0 0 0 0 0 0 0 0 0 0 0 0 0 0 0 0 0 0 0 0 0 0 0 0 0 0 0 0 0 0 0 0 0 0 0 0 0 0 0 0 0 0 0 0 0 0 0 0 0 0 0 0 0 0 0 0 0 0 0 0 0 0 0 0 0 0 0 0 0 0 0 0 0
ctxt 5099243897
btime 1790630938
processes 743933
procs_running 2
procs_blocked 0
softirq 4611608093 73526 12072744 2753158 194094663 481360 0 13559972 51046485 421 42558468
