Running 10s test @ http://127.0.0.1:18500/json
  16 threads and 32 connections
  Thread Stats   Avg      Stdev     Max   +/- Stdev
    Latency   179.11us   42.79us   1.06ms   93.59%
    Req/Sec    11.20k     1.41k   12.97k    76.05%
  Latency Distribution
     50%  177.00us
     75%  180.00us
     90%  187.00us
     99%  360.00us
  1800108 requests in 10.10s, 236.91MB read
Requests/sec: 178231.32
Transfer/sec:     23.46MB
## server-stat
cpu  3261901 1455 1585405 43010419 215789 0 776035 0 0 0
cpu0 119434 27 44306 1350287 3396 0 24482 0 0 0
cpu1 123239 31 45679 1349926 3913 0 24427 0 0 0
cpu2 124444 31 45821 1349490 3660 0 24568 0 0 0
cpu3 187672 30 64634 1252701 2639 0 39580 0 0 0
cpu4 188581 34 63527 1253770 3198 0 39643 0 0 0
cpu5 131301 32 47731 1339909 3846 0 25607 0 0 0
cpu6 131902 29 48034 1339295 3620 0 26375 0 0 0
cpu7 139769 27 51574 1325787 3211 0 29231 0 0 0
cpu8 40837 51 43038 1403744 7660 0 13309 0 0 0
cpu9 46684 57 46119 1381311 10266 0 14473 0 0 0
cpu10 44412 57 44543 1389292 8269 0 14305 0 0 0
cpu11 40658 52 40521 1408599 7144 0 12737 0 0 0
cpu12 79404 131 49739 1341625 12307 0 15620 0 0 0
cpu13 76077 63 50665 1341341 12914 0 15945 0 0 0
cpu14 40439 52 39896 1411963 6855 0 12457 0 0 0
cpu15 37642 54 36630 1425071 6856 0 11318 0 0 0
cpu16 160200 25 55873 1295652 4591 0 33092 0 0 0
cpu17 149984 24 54037 1307444 6066 0 31539 0 0 0
cpu18 144185 25 52932 1316547 4976 0 30799 0 0 0
cpu19 243524 24 76952 1175644 2748 0 49558 0 0 0
cpu20 216811 24 72233 1208209 4546 0 47252 0 0 0
cpu21 139055 28 51785 1322182 5918 0 29983 0 0 0
cpu22 131481 31 49943 1333532 5079 0 28225 0 0 0
cpu23 114528 30 44340 1362569 4595 0 23546 0 0 0
cpu24 43630 54 41314 1406872 8555 0 13427 0 0 0
cpu25 48764 58 46126 1383158 10546 0 15852 0 0 0
cpu26 46700 53 45024 1389232 9810 0 15413 0 0 0
cpu27 39457 41 40079 1399082 8524 0 21303 0 0 0
cpu28 73110 76 53446 1328268 12156 0 28358 0 0 0
cpu29 76993 114 55398 1317306 12702 0 28880 0 0 0
cpu30 38888 37 41588 1392678 7814 0 21278 0 0 0
cpu31 42081 39 41860 1407920 7391 0 13439 0 0 0
intr 3170319253 126 0 0 0 0 0 0 0 0 1 0 0 0 0 0 0 0 0 0 0 0 0 0 0 0 0 0 1 1 1 0 0 0 0 1 0 1 0 0 75045 0 0 0 0 0 0 0 0 411 0 0 0 0 0 0 0 0 87 0 0 0 0 0 0 0 0 0 0 0 0 0 0 0 421092 2 35049624 34990429 34908426 35047338 0 12849 7787 8585 7684 5945 7003 7958 8501 6483 27795 39025 29341 23514 35820 35542 23403 19825 9869 10357 9861 5362 8843 10889 10092 8610 25404 29983 27797 22957 31165 32725 20302 22081 0 0 0 0 617053 4337 1036 0 264 0 0 0 0 0 0 0 0 0 0 0 0 0 0 0 0 0 0 0 0 0 0 0 0 0 0 0 0 0 0 0 0 0 0 0 0 0 0 0 0 0 0 0 0 0 0 0 0 0 0 0 0 0 0 0 0 0 0 0 0 0 0 0 0 0 0 0 0 0 0 0 0 0 0 0 0 0 0 0 0 0 0 0 0 0 0 0 0 0 0 0 0 0 0 0 0 0 0 0 0 0 0 0 0 0 0 0 0 0 0 0 0 0 0 0 0 0 0 0 0 0 0 0 0 0 0 0 0 0 0 0 0 0 0 0 0 0 0 0 0 0 0 0 0 0 0 0 0 0 0 0 0 0 0 0 0 0 0 0 0 0 0 0 0 0 0 0 0 0 0 0 0 0 0 0 0 0 0 0 0 0 0 0 0 0 0 0 0 0 0 0 0 0 0 0 0 0 0 0 0 0 0 0 0 0 0 0 0 0 0 0 0 0 0 0 0 0 0 0 0 0 0 0 0 0 0 0 0 0 0 0 0 0 0 0 0 0 0 0 0 0 0 0 0 0 0 0 0 0 0 0 0 0 0 0 0 0 0 0 0 0 0 0 0 0 0 0 0 0 0 0 0 0 0 0 0 0 0 0 0 0 0 0 0 0 0 0 0 0 0 0 0 0 0 0 0 0 0 0 0 0 0 0 0 0 0 0 0 0 0 0 0 0 0 0 0 0 0 0 0 0 0 0 0 0 0 0 0 0 0 0 0 0 0 0 0 0 0 0 0 0 0 0 0 0 0 0 0 0 0 0 0 0 0 0 0 0 0 0 0 0 0 0 0 0 0 0 0 0 0 0 0 0 0 0 0 0 0 0 0 0 0 0 0 0 0 0 0 0 0 0 0 0 0 0 0 0 0 0 0 0 0 0 0 0 0 0 0 0 0 0 0 0 0 0 0 0 0 0 0 0 0 0 0 0 0 0 0 0 0 0 0 0 0 0 0 0 0 0 0 0 0 0 0 0 0 0 0 0 0 0 0 0 0 0 0 0 0 0 0 0 0 0 0 0 0 0 0 0 0 0 0 0 0 0 0 0 0 0 0 0 0 0 0 0 0 0 0 0 0 0 0 0 0 0 0 0 0 0 0 0 0 0 0 0 0 0 0 0 0 0 0 0 0 0 0 0 0 0 0 0 0 0 0 0 0 0 0 0 0 0 0 0 0 0 0 0 0 0 0 0 0 0 0 0 0 0 0 0 0 0 0 0 0 0 0 0 0 0 0 0 0 0 0 0 0 0 0 0 0 0 0 0 0 0 0 0 0 0 0 0 0 0 0 0 0 0 0 0 0 0 0 0 0 0 0 0 0 0 0 0 0 0 0 0 0 0 0 0 0 0 0 0 0 0 0 0 0 0 0 0 0 0 0 0 0 0 0 0 0 0 0 0 0 0 0 0 0 0 0 0 0 0 0 0 0 0 0 0 0 0 0 0 0 0 0 0 0 0 0 0 0 0 0 0 0 0 0 0 0 0 0 0 0 0 0 0 0 0 0 0 0 0 0 0 0 0 0 0 0 0 0 0 0 0 0 0 0 0 0 0 0 0 0 0 0 0 0 0 0 0 0 0 0 0 0 0 0 0 0 0 0 0 0 0 0 0 0 0 0 0 0 0 0 0 0 0 0 0 0 0 0 0 0 0 0 0 0 0 0 0 0 0 0 0 0 0 0 0 0 0 0 0 0 0 0 0 0 0 0 0 0 0 0 0 0 0 0 0 0 0 0 0 0 0 0 0 0 0 0 0 0 0 0 0 0 0 0 0 0 0 0 0 0 0 0 0 0 0 0 0 0 0 0 0 0 0 0 0 0 0 0 0 0 0 0 0 0 0 0 0 0 0 0 0 0 0 0 0 0 0 0 0 0 0 0 0 0 0 0 0 0 0 0 0 0 0 0 0 0 0 0 0 0 0 0 0 0 0 0 0 0 0 0 0 0 0 0 0 0 0 0 0 0 0 0 0 0 0 0 0 0 0 0 0 0 0 0 0 0 0 0 0 0 0 0 0 0 0 0 0 0 0 0 0 0 0 0 0 0 0 0 0 0 0 0 0 0 0 0 0 0 0 0 0 0 0 0 0 0 0 0 0 0 0 0 0 0 0 0 0 0 0 0 0 0 0 0 0 0 0 0 0 0 0 0 0 0 0 0 0 0 0 0 0 0 0 0 0 0 0 0 0 0 0 0 0 0 0 0 0 0 0 0 0 0 0 0 0 0 0 0 0 0 0 0 0 0 0 0 0 0 0 0 0 0 0 0 0 0 0 0 0 0 0 0 0 0 0 0 0 0 0 0 0 0 0 0 0 0 0 0 0 0 0 0 0 0 0 0 0 0 0 0 0 0 0 0 0 0 0 0 0 0 0 0 0 0 0 0 0 0 0 0 0 0 0 0 0 0 0 0 0 0 0 0 0 0 0 0 0 0 0 0 0 0 0 0 0 0 0 0
ctxt 5004551166
btime 1790630938
processes 573472
procs_running 3
procs_blocked 0
softirq 4559087241 73526 11290934 2753143 148581345 440389 0 13559759 49183434 421 38236994
--
cpu  3262939 1456 1585762 43033340 215801 0 776376 0 0 0
cpu0 119435 27 44307 1351073 3396 0 24482 0 0 0
cpu1 123245 31 45681 1350717 3913 0 24428 0 0 0
cpu2 124445 31 45821 1350287 3660 0 24569 0 0 0
cpu3 187798 30 64678 1253287 2639 0 39623 0 0 0
cpu4 188730 34 63578 1254316 3198 0 39696 0 0 0
cpu5 131302 32 47731 1340706 3846 0 25607 0 0 0
cpu6 131903 29 48035 1340092 3620 0 26375 0 0 0
cpu7 139770 27 51574 1326586 3211 0 29231 0 0 0
cpu8 40839 51 43039 1404510 7660 0 13309 0 0 0
cpu9 46688 57 46123 1382027 10266 0 14475 0 0 0
cpu10 44414 57 44545 1390022 8269 0 14306 0 0 0
cpu11 40660 52 40523 1409356 7144 0 12737 0 0 0
cpu12 79414 131 49744 1342310 12308 0 15622 0 0 0
cpu13 76084 63 50672 1341979 12921 0 15948 0 0 0
cpu14 40441 52 39899 1412673 6855 0 12457 0 0 0
cpu15 37643 54 36632 1425818 6856 0 11318 0 0 0
cpu16 160209 25 55873 1296442 4591 0 33092 0 0 0
cpu17 149984 24 54037 1308242 6066 0 31539 0 0 0
cpu18 144185 25 52932 1317345 4976 0 30799 0 0 0
cpu19 243873 24 77066 1175865 2748 0 49674 0 0 0
cpu20 217137 24 72341 1208463 4546 0 47363 0 0 0
cpu21 139057 28 51786 1322978 5918 0 29983 0 0 0
cpu22 131481 31 49943 1334330 5079 0 28225 0 0 0
cpu23 114528 30 44340 1363367 4595 0 23547 0 0 0
cpu24 43632 54 41315 1407644 8555 0 13427 0 0 0
cpu25 48768 58 46127 1383894 10546 0 15853 0 0 0
cpu26 46702 53 45026 1389985 9810 0 15414 0 0 0
cpu27 39460 41 40079 1399861 8524 0 21303 0 0 0
cpu28 73119 76 53449 1328986 12156 0 28360 0 0 0
cpu29 77006 114 55402 1318011 12706 0 28881 0 0 0
cpu30 38890 37 41589 1393447 7814 0 21278 0 0 0
cpu31 42081 39 41860 1408706 7391 0 13439 0 0 0
intr 3171817421 126 0 0 0 0 0 0 0 0 1 0 0 0 0 0 0 0 0 0 0 0 0 0 0 0 0 0 1 1 1 0 0 0 0 1 0 1 0 0 75045 0 0 0 0 0 0 0 0 411 0 0 0 0 0 0 0 0 87 0 0 0 0 0 0 0 0 0 0 0 0 0 0 0 421248 2 35049640 34990433 34908429 35047371 0 12853 7787 8585 7684 5945 7003 7958 8501 6483 27795 39025 29341 23514 35871 35549 23403 19825 9869 10390 9864 5362 8843 10889 10093 8610 25404 29983 27797 22957 31166 32725 20302 22081 0 0 0 0 617053 4337 1036 0 264 0 0 0 0 0 0 0 0 0 0 0 0 0 0 0 0 0 0 0 0 0 0 0 0 0 0 0 0 0 0 0 0 0 0 0 0 0 0 0 0 0 0 0 0 0 0 0 0 0 0 0 0 0 0 0 0 0 0 0 0 0 0 0 0 0 0 0 0 0 0 0 0 0 0 0 0 0 0 0 0 0 0 0 0 0 0 0 0 0 0 0 0 0 0 0 0 0 0 0 0 0 0 0 0 0 0 0 0 0 0 0 0 0 0 0 0 0 0 0 0 0 0 0 0 0 0 0 0 0 0 0 0 0 0 0 0 0 0 0 0 0 0 0 0 0 0 0 0 0 0 0 0 0 0 0 0 0 0 0 0 0 0 0 0 0 0 0 0 0 0 0 0 0 0 0 0 0 0 0 0 0 0 0 0 0 0 0 0 0 0 0 0 0 0 0 0 0 0 0 0 0 0 0 0 0 0 0 0 0 0 0 0 0 0 0 0 0 0 0 0 0 0 0 0 0 0 0 0 0 0 0 0 0 0 0 0 0 0 0 0 0 0 0 0 0 0 0 0 0 0 0 0 0 0 0 0 0 0 0 0 0 0 0 0 0 0 0 0 0 0 0 0 0 0 0 0 0 0 0 0 0 0 0 0 0 0 0 0 0 0 0 0 0 0 0 0 0 0 0 0 0 0 0 0 0 0 0 0 0 0 0 0 0 0 0 0 0 0 0 0 0 0 0 0 0 0 0 0 0 0 0 0 0 0 0 0 0 0 0 0 0 0 0 0 0 0 0 0 0 0 0 0 0 0 0 0 0 0 0 0 0 0 0 0 0 0 0 0 0 0 0 0 0 0 0 0 0 0 0 0 0 0 0 0 0 0 0 0 0 0 0 0 0 0 0 0 0 0 0 0 0 0 0 0 0 0 0 0 0 0 0 0 0 0 0 0 0 0 0 0 0 0 0 0 0 0 0 0 0 0 0 0 0 0 0 0 0 0 0 0 0 0 0 0 0 0 0 0 0 0 0 0 0 0 0 0 0 0 0 0 0 0 0 0 0 0 0 0 0 0 0 0 0 0 0 0 0 0 0 0 0 0 0 0 0 0 0 0 0 0 0 0 0 0 0 0 0 0 0 0 0 0 0 0 0 0 0 0 0 0 0 0 0 0 0 0 0 0 0 0 0 0 0 0 0 0 0 0 0 0 0 0 0 0 0 0 0 0 0 0 0 0 0 0 0 0 0 0 0 0 0 0 0 0 0 0 0 0 0 0 0 0 0 0 0 0 0 0 0 0 0 0 0 0 0 0 0 0 0 0 0 0 0 0 0 0 0 0 0 0 0 0 0 0 0 0 0 0 0 0 0 0 0 0 0 0 0 0 0 0 0 0 0 0 0 0 0 0 0 0 0 0 0 0 0 0 0 0 0 0 0 0 0 0 0 0 0 0 0 0 0 0 0 0 0 0 0 0 0 0 0 0 0 0 0 0 0 0 0 0 0 0 0 0 0 0 0 0 0 0 0 0 0 0 0 0 0 0 0 0 0 0 0 0 0 0 0 0 0 0 0 0 0 0 0 0 0 0 0 0 0 0 0 0 0 0 0 0 0 0 0 0 0 0 0 0 0 0 0 0 0 0 0 0 0 0 0 0 0 0 0 0 0 0 0 0 0 0 0 0 0 0 0 0 0 0 0 0 0 0 0 0 0 0 0 0 0 0 0 0 0 0 0 0 0 0 0 0 0 0 0 0 0 0 0 0 0 0 0 0 0 0 0 0 0 0 0 0 0 0 0 0 0 0 0 0 0 0 0 0 0 0 0 0 0 0 0 0 0 0 0 0 0 0 0 0 0 0 0 0 0 0 0 0 0 0 0 0 0 0 0 0 0 0 0 0 0 0 0 0 0 0 0 0 0 0 0 0 0 0 0 0 0 0 0 0 0 0 0 0 0 0 0 0 0 0 0 0 0 0 0 0 0 0 0 0 0 0 0 0 0 0 0 0 0 0 0 0 0 0 0 0 0 0 0 0 0 0 0 0 0 0 0 0 0 0 0 0 0 0 0 0 0 0 0 0 0 0 0 0 0 0 0 0 0 0 0 0 0 0 0 0 0 0 0 0 0 0 0 0 0 0 0 0 0 0 0 0 0 0 0 0 0 0 0 0 0 0 0 0 0 0 0 0 0 0 0 0 0 0 0 0 0 0 0 0 0 0 0 0 0 0 0 0 0 0 0 0 0 0 0 0 0 0 0 0 0 0 0 0 0 0 0 0 0 0 0 0 0 0 0 0 0 0 0 0 0 0 0 0 0 0 0 0 0 0 0 0 0 0 0 0 0 0 0 0 0 0 0 0 0 0 0 0 0 0 0 0 0 0 0 0 0 0 0 0 0 0 0 0 0 0 0 0 0 0 0 0 0 0 0 0 0 0 0 0 0 0 0 0 0 0 0 0 0 0 0 0 0 0 0 0 0 0 0 0 0 0 0 0 0 0
ctxt 5007434213
btime 1790630938
processes 573513
procs_running 4
procs_blocked 0
softirq 4561962722 73526 11294327 2753143 151433866 440557 0 13559759 49194870 421 38244957
