Running 10s test @ http://127.0.0.1:18500/usleep?ms=10
  16 threads and 128 connections
  Thread Stats   Avg      Stdev     Max   +/- Stdev
    Latency   161.74ms   63.35ms 325.55ms   87.40%
    Req/Sec    50.03     17.80    80.00     60.77%
  Latency Distribution
     50%  131.52ms
     75%  171.76ms
     90%  323.48ms
     99%  324.53ms
  7842 requests in 10.01s, 1.55MB read
Requests/sec:    783.69
Transfer/sec:    158.42KB
## server-stat
cpu  4286427 1881 1803861 57547590 698977 0 846966 0 0 0
cpu0 164233 33 53056 1798055 8321 0 28427 0 0 0
cpu1 166832 38 53968 1800818 10252 0 27554 0 0 0
cpu2 173917 38 54336 1793810 10921 0 27787 0 0 0
cpu3 270416 39 78594 1658227 6993 0 44963 0 0 0
cpu4 265943 45 76085 1666058 8670 0 44811 0 0 0
cpu5 175703 44 55931 1789168 12192 0 28581 0 0 0
cpu6 176981 39 55960 1786908 13089 0 29510 0 0 0
cpu7 183555 38 59449 1774438 12905 0 32601 0 0 0
cpu8 42338 70 45947 1888039 27108 0 13972 0 0 0
cpu9 48907 79 49346 1860393 31597 0 15259 0 0 0
cpu10 46143 77 47603 1869780 29425 0 15020 0 0 0
cpu11 41994 73 43263 1892250 27690 0 13327 0 0 0
cpu12 89766 154 53996 1809663 34031 0 16642 0 0 0
cpu13 85948 85 55096 1807921 35694 0 17022 0 0 0
cpu14 41962 71 42841 1896019 25833 0 13098 0 0 0
cpu15 38773 75 39281 1910740 26339 0 11872 0 0 0
cpu16 226554 32 65897 1722545 11582 0 36393 0 0 0
cpu17 211868 32 63710 1737108 14863 0 34759 0 0 0
cpu18 195185 32 61584 1756705 15574 0 33623 0 0 0
cpu19 358429 28 95264 1546004 6658 0 55274 0 0 0
cpu20 321507 28 88769 1589363 10273 0 52569 0 0 0
cpu21 194074 35 60943 1756818 17683 0 32904 0 0 0
cpu22 177235 38 58191 1777536 17913 0 30869 0 0 0
cpu23 152357 37 51948 1815298 17450 0 25820 0 0 0
cpu24 45463 76 44371 1887916 31586 0 14047 0 0 0
cpu25 50978 72 49489 1861102 34659 0 16647 0 0 0
cpu26 48627 68 48258 1868417 33632 0 16162 0 0 0
cpu27 41067 59 43079 1880694 31771 0 21909 0 0 0
cpu28 80887 94 57868 1796277 37634 0 29448 0 0 0
cpu29 84771 130 60024 1783588 38981 0 30036 0 0 0
cpu30 40413 53 44784 1875098 28585 0 21964 0 0 0
cpu31 43586 56 44915 1890820 29055 0 14079 0 0 0
intr 3541556668 126 0 0 0 0 0 0 0 0 1 0 0 0 0 0 0 0 0 0 0 0 0 0 0 0 0 0 1 1 1 0 0 0 0 1 0 1 0 0 75045 0 0 0 0 0 0 0 0 411 0 0 0 0 0 0 0 0 87 0 0 0 0 0 0 0 0 0 0 0 0 0 0 0 615223 2 35071969 35006111 34922342 35069169 0 16982 16667 20800 21077 12855 16427 21769 22542 19837 59000 80446 65827 55452 92838 84848 48752 45478 21571 25136 29670 12045 19215 28234 28376 24176 61747 76732 69202 56259 89361 97135 50452 51288 0 0 0 0 617397 4766 1036 0 264 0 0 0 0 0 0 0 0 0 0 0 0 0 0 0 0 0 0 0 0 0 0 0 0 0 0 0 0 0 0 0 0 0 0 0 0 0 0 0 0 0 0 0 0 0 0 0 0 0 0 0 0 0 0 0 0 0 0 0 0 0 0 0 0 0 0 0 0 0 0 0 0 0 0 0 0 0 0 0 0 0 0 0 0 0 0 0 0 0 0 0 0 0 0 0 0 0 0 0 0 0 0 0 0 0 0 0 0 0 0 0 0 0 0 0 0 0 0 0 0 0 0 0 0 0 0 0 0 0 0 0 0 0 0 0 0 0 0 0 0 0 0 0 0 0 0 0 0 0 0 0 0 0 0 0 0 0 0 0 0 0 0 0 0 0 0 0 0 0 0 0 0 0 0 0 0 0 0 0 0 0 0 0 0 0 0 0 0 0 0 0 0 0 0 0 0 0 0 0 0 0 0 0 0 0 0 0 0 0 0 0 0 0 0 0 0 0 0 0 0 0 0 0 0 0 0 0 0 0 0 0 0 0 0 0 0 0 0 0 0 0 0 0 0 0 0 0 0 0 0 0 0 0 0 0 0 0 0 0 0 0 0 0 0 0 0 0 0 0 0 0 0 0 0 0 0 0 0 0 0 0 0 0 0 0 0 0 0 0 0 0 0 0 0 0 0 0 0 0 0 0 0 0 0 0 0 0 0 0 0 0 0 0 0 0 0 0 0 0 0 0 0 0 0 0 0 0 0 0 0 0 0 0 0 0 0 0 0 0 0 0 0 0 0 0 0 0 0 0 0 0 0 0 0 0 0 0 0 0 0 0 0 0 0 0 0 0 0 0 0 0 0 0 0 0 0 0 0 0 0 0 0 0 0 0 0 0 0 0 0 0 0 0 0 0 0 0 0 0 0 0 0 0 0 0 0 0 0 0 0 0 0 0 0 0 0 0 0 0 0 0 0 0 0 0 0 0 0 0 0 0 0 0 0 0 0 0 0 0 0 0 0 0 0 0 0 0 0 0 0 0 0 0 0 0 0 0 0 0 0 0 0 0 0 0 0 0 0 0 0 0 0 0 0 0 0 0 0 0 0 0 0 0 0 0 0 0 0 0 0 0 0 0 0 0 0 0 0 0 0 0 0 0 0 0 0 0 0 0 0 0 0 0 0 0 0 0 0 0 0 0 0 0 0 0 0 0 0 0 0 0 0 0 0 0 0 0 0 0 0 0 0 0 0 0 0 0 0 0 0 0 0 0 0 0 0 0 0 0 0 0 0 0 0 0 0 0 0 0 0 0 0 0 0 0 0 0 0 0 0 0 0 0 0 0 0 0 0 0 0 0 0 0 0 0 0 0 0 0 0 0 0 0 0 0 0 0 0 0 0 0 0 0 0 0 0 0 0 0 0 0 0 0 0 0 0 0 0 0 0 0 0 0 0 0 0 0 0 0 0 0 0 0 0 0 0 0 0 0 0 0 0 0 0 0 0 0 0 0 0 0 0 0 0 0 0 0 0 0 0 0 0 0 0 0 0 0 0 0 0 0 0 0 0 0 0 0 0 0 0 0 0 0 0 0 0 0 0 0 0 0 0 0 0 0 0 0 0 0 0 0 0 0 0 0 0 0 0 0 0 0 0 0 0 0 0 0 0 0 0 0 0 0 0 0 0 0 0 0 0 0 0 0 0 0 0 0 0 0 0 0 0 0 0 0 0 0 0 0 0 0 0 0 0 0 0 0 0 0 0 0 0 0 0 0 0 0 0 0 0 0 0 0 0 0 0 0 0 0 0 0 0 0 0 0 0 0 0 0 0 0 0 0 0 0 0 0 0 0 0 0 0 0 0 0 0 0 0 0 0 0 0 0 0 0 0 0 0 0 0 0 0 0 0 0 0 0 0 0 0 0 0 0 0 0 0 0 0 0 0 0 0 0 0 0 0 0 0 0 0 0 0 0 0 0 0 0 0 0 0 0 0 0 0 0 0 0 0 0 0 0 0 0 0 0 0 0 0 0 0 0 0 0 0 0 0 0 0 0 0 0 0 0 0 0 0 0 0 0 0 0 0 0 0 0 0 0 0 0 0 0 0 0 0 0 0 0 0 0 0 0 0 0 0 0 0 0 0 0 0 0 0 0 0 0 0 0 0 0 0 0 0 0 0 0 0 0 0 0 0 0 0 0 0 0 0 0 0 0 0 0 0 0 0 0 0 0 0 0 0 0 0 0 0 0 0 0 0 0 0 0 0 0 0 0 0 0 0 0 0 0 0 0 0 0 0 0 0 0 0 0 0 0 0 0 0 0 0 0 0 0 0 0 0 0 0 0 0 0 0 0 0 0 0 0 0 0 0 0 0 0 0 0 0 0 0 0 0 0 0 0 0 0 0 0 0 0 0 0 0 0 0 0 0 0 0 0 0 0 0 0 0 0 0 0 0 0 0 0 0 0 0 0 0 0 0 0 0 0 0 0 0 0 0 0 0 0 0 0 0 0 0
ctxt 5649640725
btime 1790630938
processes 1370859
procs_running 4
procs_blocked 0
softirq 5009753733 73526 15219647 2753290 560769375 641090 0 13560896 59442114 421 62326078
--
cpu  4286539 1881 1803895 57572943 699027 0 846972 0 0 0
cpu0 164235 33 53057 1798849 8321 0 28430 0 0 0
cpu1 166833 38 53969 1801613 10252 0 27554 0 0 0
cpu2 173918 38 54337 1794606 10921 0 27788 0 0 0
cpu3 270438 39 78597 1659000 6993 0 44963 0 0 0
cpu4 265954 45 76086 1666844 8670 0 44812 0 0 0
cpu5 175705 44 55933 1789963 12192 0 28581 0 0 0
cpu6 176982 39 55961 1787705 13089 0 29511 0 0 0
cpu7 183555 38 59449 1775236 12905 0 32601 0 0 0
cpu8 42340 70 45947 1888835 27108 0 13972 0 0 0
cpu9 48908 79 49347 1861188 31598 0 15259 0 0 0
cpu10 46145 77 47604 1870577 29425 0 15020 0 0 0
cpu11 41995 73 43264 1893046 27690 0 13327 0 0 0
cpu12 89782 154 53998 1810443 34031 0 16643 0 0 0
cpu13 85962 85 55098 1808702 35694 0 17022 0 0 0
cpu14 41963 71 42841 1896817 25833 0 13098 0 0 0
cpu15 38775 75 39282 1911536 26339 0 11873 0 0 0
cpu16 226556 32 65898 1723324 11599 0 36393 0 0 0
cpu17 211869 32 63712 1737905 14863 0 34759 0 0 0
cpu18 195185 32 61584 1757503 15574 0 33623 0 0 0
cpu19 358432 28 95265 1546798 6658 0 55274 0 0 0
cpu20 321509 28 88770 1590159 10273 0 52569 0 0 0
cpu21 194074 35 60944 1757616 17683 0 32904 0 0 0
cpu22 177235 38 58192 1778334 17913 0 30869 0 0 0
cpu23 152357 37 51948 1816096 17450 0 25820 0 0 0
cpu24 45463 76 44372 1888714 31586 0 14047 0 0 0
cpu25 50980 72 49490 1861898 34659 0 16647 0 0 0
cpu26 48627 69 48259 1869213 33633 0 16162 0 0 0
cpu27 41067 59 43079 1881492 31771 0 21909 0 0 0
cpu28 80904 94 57870 1797056 37635 0 29448 0 0 0
cpu29 84777 130 60026 1784348 39012 0 30036 0 0 0
cpu30 40415 53 44785 1875893 28585 0 21964 0 0 0
cpu31 43586 56 44916 1891618 29055 0 14079 0 0 0
intr 3541690781 126 0 0 0 0 0 0 0 0 1 0 0 0 0 0 0 0 0 0 0 0 0 0 0 0 0 0 1 1 1 0 0 0 0 1 0 1 0 0 75045 0 0 0 0 0 0 0 0 411 0 0 0 0 0 0 0 0 87 0 0 0 0 0 0 0 0 0 0 0 0 0 0 0 615718 2 35072004 35006137 34922370 35069177 0 16986 16667 20800 21077 12855 16427 21769 22542 19838 59000 80446 65827 55452 92838 84849 48752 45478 21571 25136 29670 12045 19215 28234 28376 24176 61747 76735 69204 56259 89361 97135 50452 51288 0 0 0 0 617397 4766 1036 0 264 0 0 0 0 0 0 0 0 0 0 0 0 0 0 0 0 0 0 0 0 0 0 0 0 0 0 0 0 0 0 0 0 0 0 0 0 0 0 0 0 0 0 0 0 0 0 0 0 0 0 0 0 0 0 0 0 0 0 0 0 0 0 0 0 0 0 0 0 0 0 0 0 0 0 0 0 0 0 0 0 0 0 0 0 0 0 0 0 0 0 0 0 0 0 0 0 0 0 0 0 0 0 0 0 0 0 0 0 0 0 0 0 0 0 0 0 0 0 0 0 0 0 0 0 0 0 0 0 0 0 0 0 0 0 0 0 0 0 0 0 0 0 0 0 0 0 0 0 0 0 0 0 0 0 0 0 0 0 0 0 0 0 0 0 0 0 0 0 0 0 0 0 0 0 0 0 0 0 0 0 0 0 0 0 0 0 0 0 0 0 0 0 0 0 0 0 0 0 0 0 0 0 0 0 0 0 0 0 0 0 0 0 0 0 0 0 0 0 0 0 0 0 0 0 0 0 0 0 0 0 0 0 0 0 0 0 0 0 0 0 0 0 0 0 0 0 0 0 0 0 0 0 0 0 0 0 0 0 0 0 0 0 0 0 0 0 0 0 0 0 0 0 0 0 0 0 0 0 0 0 0 0 0 0 0 0 0 0 0 0 0 0 0 0 0 0 0 0 0 0 0 0 0 0 0 0 0 0 0 0 0 0 0 0 0 0 0 0 0 0 0 0 0 0 0 0 0 0 0 0 0 0 0 0 0 0 0 0 0 0 0 0 0 0 0 0 0 0 0 0 0 0 0 0 0 0 0 0 0 0 0 0 0 0 0 0 0 0 0 0 0 0 0 0 0 0 0 0 0 0 0 0 0 0 0 0 0 0 0 0 0 0 0 0 0 0 0 0 0 0 0 0 0 0 0 0 0 0 0 0 0 0 0 0 0 0 0 0 0 0 0 0 0 0 0 0 0 0 0 0 0 0 0 0 0 0 0 0 0 0 0 0 0 0 0 0 0 0 0 0 0 0 0 0 0 0 0 0 0 0 0 0 0 0 0 0 0 0 0 0 0 0 0 0 0 0 0 0 0 0 0 0 0 0 0 0 0 0 0 0 0 0 0 0 0 0 0 0 0 0 0 0 0 0 0 0 0 0 0 0 0 0 0 0 0 0 0 0 0 0 0 0 0 0 0 0 0 0 0 0 0 0 0 0 0 0 0 0 0 0 0 0 0 0 0 0 0 0 0 0 0 0 0 0 0 0 0 0 0 0 0 0 0 0 0 0 0 0 0 0 0 0 0 0 0 0 0 0 0 0 0 0 0 0 0 0 0 0 0 0 0 0 0 0 0 0 0 0 0 0 0 0 0 0 0 0 0 0 0 0 0 0 0 0 0 0 0 0 0 0 0 0 0 0 0 0 0 0 0 0 0 0 0 0 0 0 0 0 0 0 0 0 0 0 0 0 0 0 0 0 0 0 0 0 0 0 0 0 0 0 0 0 0 0 0 0 0 0 0 0 0 0 0 0 0 0 0 0 0 0 0 0 0 0 0 0 0 0 0 0 0 0 0 0 0 0 0 0 0 0 0 0 0 0 0 0 0 0 0 0 0 0 0 0 0 0 0 0 0 0 0 0 0 0 0 0 0 0 0 0 0 0 0 0 0 0 0 0 0 0 0 0 0 0 0 0 0 0 0 0 0 0 0 0 0 0 0 0 0 0 0 0 0 0 0 0 0 0 0 0 0 0 0 0 0 0 0 0 0 0 0 0 0 0 0 0 0 0 0 0 0 0 0 0 0 0 0 0 0 0 0 0 0 0 0 0 0 0 0 0 0 0 0 0 0 0 0 0 0 0 0 0 0 0 0 0 0 0 0 0 0 0 0 0 0 0 0 0 0 0 0 0 0 0 0 0 0 0 0 0 0 0 0 0 0 0 0 0 0 0 0 0 0 0 0 0 0 0 0 0 0 0 0 0 0 0 0 0 0 0 0 0 0 0 0 0 0 0 0 0 0 0 0 0 0 0 0 0 0 0 0 0 0 0 0 0 0 0 0 0 0 0 0 0 0 0 0 0 0 0 0 0 0 0 0 0 0 0 0 0 0 0 0 0 0 0 0 0 0 0 0 0 0 0 0 0 0 0 0 0 0 0 0 0 0 0 0 0 0 0 0 0 0 0 0 0 0 0 0 0 0 0 0 0 0 0 0 0 0 0 0 0 0 0 0 0 0 0 0 0 0 0 0 0 0 0 0 0 0 0 0 0 0 0 0 0 0 0 0 0 0 0 0 0 0 0 0 0 0 0 0 0 0 0 0 0 0 0 0 0 0 0 0 0 0 0 0 0 0 0 0 0 0 0 0 0 0 0 0 0 0 0 0 0 0 0 0 0 0 0 0 0 0 0 0 0 0 0 0 0 0 0 0 0 0 0 0 0 0 0 0 0 0 0 0 0 0 0 0 0 0 0 0 0 0 0 0 0 0 0 0 0
ctxt 5649838274
btime 1790630938
processes 1370903
procs_running 1
procs_blocked 0
softirq 5009805098 73526 15231132 2753290 560786871 641594 0 13560896 59452475 421 62337597
