Running 10s test @ http://127.0.0.1:18500/usleep?ms=10
  16 threads and 1000 connections
  Thread Stats   Avg      Stdev     Max   +/- Stdev
    Latency     1.34s   379.30ms   2.72s    86.27%
    Req/Sec    50.40     29.55   230.00     62.90%
  Latency Distribution
     50%    1.26s 
     75%    1.38s 
     90%    1.76s 
     99%    2.71s 
  6957 requests in 10.10s, 822.07KB read
Requests/sec:    688.85
Transfer/sec:     81.40KB
## server-stat
cpu  3640407 1608 1669838 48251984 379348 0 807562 0 0 0
cpu0 138429 29 48082 1508974 4707 0 26448 0 0 0
cpu1 140008 33 49027 1511853 5700 0 25882 0 0 0
cpu2 141496 34 49007 1511275 5736 0 25977 0 0 0
cpu3 216894 34 69991 1399322 4168 0 41953 0 0 0
cpu4 218189 37 68569 1400651 4745 0 42023 0 0 0
cpu5 146681 36 50716 1503330 6433 0 26915 0 0 0
cpu6 148744 33 51285 1500205 6696 0 28019 0 0 0
cpu7 154998 31 54498 1488546 6515 0 30695 0 0 0
cpu8 41382 59 44194 1578383 14520 0 13617 0 0 0
cpu9 47479 65 47395 1553978 17876 0 14839 0 0 0
cpu10 45037 65 45751 1562123 16117 0 14643 0 0 0
cpu11 41139 60 41601 1582801 14631 0 13023 0 0 0
cpu12 83222 139 51376 1510225 20007 0 16060 0 0 0
cpu13 79546 72 52369 1509650 20859 0 16413 0 0 0
cpu14 41003 59 41049 1586310 13804 0 12757 0 0 0
cpu15 38057 62 37669 1599922 14123 0 11587 0 0 0
cpu16 183149 27 59402 1451989 6289 0 34310 0 0 0
cpu17 172894 27 57654 1463104 8228 0 32895 0 0 0
cpu18 164611 27 56365 1474114 7931 0 32096 0 0 0
cpu19 285693 26 83709 1308844 3819 0 51963 0 0 0
cpu20 255240 25 78514 1345843 5695 0 49442 0 0 0
cpu21 160438 29 55503 1477969 9380 0 31353 0 0 0
cpu22 148080 33 52871 1494500 9310 0 29191 0 0 0
cpu23 128855 32 47310 1525566 8954 0 24579 0 0 0
cpu24 44314 62 42503 1580445 16623 0 13717 0 0 0
cpu25 49588 63 47462 1555733 18801 0 16220 0 0 0
cpu26 47415 59 46309 1562261 17917 0 15773 0 0 0
cpu27 40045 48 41260 1572890 16634 0 21595 0 0 0
cpu28 75946 82 55244 1496832 21134 0 28854 0 0 0
cpu29 79728 119 57239 1485531 21824 0 29388 0 0 0
cpu30 39453 44 42827 1566619 15207 0 21590 0 0 0
cpu31 42640 44 43072 1582178 14948 0 13730 0 0 0
intr 3318557180 126 0 0 0 0 0 0 0 0 1 0 0 0 0 0 0 0 0 0 0 0 0 0 0 0 0 0 1 1 1 0 0 0 0 1 0 1 0 0 75045 0 0 0 0 0 0 0 0 411 0 0 0 0 0 0 0 0 87 0 0 0 0 0 0 0 0 0 0 0 0 0 0 0 491774 2 35057926 34997256 34912664 35054168 0 14341 10792 12158 11569 8437 9757 12843 13893 10866 38428 52431 40915 34653 52783 50407 31516 28107 12625 14415 17219 7592 10999 15778 15596 13869 35897 45022 41081 33035 50982 55048 30096 32275 0 0 0 0 617177 4486 1036 0 264 0 0 0 0 0 0 0 0 0 0 0 0 0 0 0 0 0 0 0 0 0 0 0 0 0 0 0 0 0 0 0 0 0 0 0 0 0 0 0 0 0 0 0 0 0 0 0 0 0 0 0 0 0 0 0 0 0 0 0 0 0 0 0 0 0 0 0 0 0 0 0 0 0 0 0 0 0 0 0 0 0 0 0 0 0 0 0 0 0 0 0 0 0 0 0 0 0 0 0 0 0 0 0 0 0 0 0 0 0 0 0 0 0 0 0 0 0 0 0 0 0 0 0 0 0 0 0 0 0 0 0 0 0 0 0 0 0 0 0 0 0 0 0 0 0 0 0 0 0 0 0 0 0 0 0 0 0 0 0 0 0 0 0 0 0 0 0 0 0 0 0 0 0 0 0 0 0 0 0 0 0 0 0 0 0 0 0 0 0 0 0 0 0 0 0 0 0 0 0 0 0 0 0 0 0 0 0 0 0 0 0 0 0 0 0 0 0 0 0 0 0 0 0 0 0 0 0 0 0 0 0 0 0 0 0 0 0 0 0 0 0 0 0 0 0 0 0 0 0 0 0 0 0 0 0 0 0 0 0 0 0 0 0 0 0 0 0 0 0 0 0 0 0 0 0 0 0 0 0 0 0 0 0 0 0 0 0 0 0 0 0 0 0 0 0 0 0 0 0 0 0 0 0 0 0 0 0 0 0 0 0 0 0 0 0 0 0 0 0 0 0 0 0 0 0 0 0 0 0 0 0 0 0 0 0 0 0 0 0 0 0 0 0 0 0 0 0 0 0 0 0 0 0 0 0 0 0 0 0 0 0 0 0 0 0 0 0 0 0 0 0 0 0 0 0 0 0 0 0 0 0 0 0 0 0 0 0 0 0 0 0 0 0 0 0 0 0 0 0 0 0 0 0 0 0 0 0 0 0 0 0 0 0 0 0 0 0 0 0 0 0 0 0 0 0 0 0 0 0 0 0 0 0 0 0 0 0 0 0 0 0 0 0 0 0 0 0 0 0 0 0 0 0 0 0 0 0 0 0 0 0 0 0 0 0 0 0 0 0 0 0 0 0 0 0 0 0 0 0 0 0 0 0 0 0 0 0 0 0 0 0 0 0 0 0 0 0 0 0 0 0 0 0 0 0 0 0 0 0 0 0 0 0 0 0 0 0 0 0 0 0 0 0 0 0 0 0 0 0 0 0 0 0 0 0 0 0 0 0 0 0 0 0 0 0 0 0 0 0 0 0 0 0 0 0 0 0 0 0 0 0 0 0 0 0 0 0 0 0 0 0 0 0 0 0 0 0 0 0 0 0 0 0 0 0 0 0 0 0 0 0 0 0 0 0 0 0 0 0 0 0 0 0 0 0 0 0 0 0 0 0 0 0 0 0 0 0 0 0 0 0 0 0 0 0 0 0 0 0 0 0 0 0 0 0 0 0 0 0 0 0 0 0 0 0 0 0 0 0 0 0 0 0 0 0 0 0 0 0 0 0 0 0 0 0 0 0 0 0 0 0 0 0 0 0 0 0 0 0 0 0 0 0 0 0 0 0 0 0 0 0 0 0 0 0 0 0 0 0 0 0 0 0 0 0 0 0 0 0 0 0 0 0 0 0 0 0 0 0 0 0 0 0 0 0 0 0 0 0 0 0 0 0 0 0 0 0 0 0 0 0 0 0 0 0 0 0 0 0 0 0 0 0 0 0 0 0 0 0 0 0 0 0 0 0 0 0 0 0 0 0 0 0 0 0 0 0 0 0 0 0 0 0 0 0 0 0 0 0 0 0 0 0 0 0 0 0 0 0 0 0 0 0 0 0 0 0 0 0 0 0 0 0 0 0 0 0 0 0 0 0 0 0 0 0 0 0 0 0 0 0 0 0 0 0 0 0 0 0 0 0 0 0 0 0 0 0 0 0 0 0 0 0 0 0 0 0 0 0 0 0 0 0 0 0 0 0 0 0 0 0 0 0 0 0 0 0 0 0 0 0 0 0 0 0 0 0 0 0 0 0 0 0 0 0 0 0 0 0 0 0 0 0 0 0 0 0 0 0 0 0 0 0 0 0 0 0 0 0 0 0 0 0 0 0 0 0 0 0 0 0 0 0 0 0 0 0 0 0 0 0 0 0 0 0 0 0 0 0 0 0 0 0 0 0 0 0 0 0 0 0 0 0 0 0 0 0 0 0 0 0 0 0 0 0 0 0 0 0 0 0 0 0 0 0 0 0 0 0 0 0 0 0 0 0 0 0 0 0 0 0 0 0 0 0 0 0 0 0 0 0 0 0 0 0 0 0 0 0 0 0 0 0 0 0 0 0 0 0 0 0 0 0 0 0 0 0 0 0 0 0 0 0 0 0 0 0 0 0 0 0 0 0 0 0 0 0 0 0 0 0 0 0 0 0 0 0 0 0 0 0 0 0 0 0 0 0 0 0 0 0 0 0 0 0 0 0 0 0 0 0 0 0 0 0 0 0 0 0 0 0 0
ctxt 5263085790
btime 1790630938
processes 848177
procs_running 2
procs_blocked 0
softirq 4757999584 73526 12799393 2753163 332214954 513430 0 13560162 53054074 421 48063165
--
cpu  3640530 1609 1669854 48277374 379375 0 807566 0 0 0
cpu0 138433 29 48082 1509767 4707 0 26449 0 0 0
cpu1 140010 33 49027 1512650 5700 0 25882 0 0 0
cpu2 141496 34 49008 1512061 5749 0 25977 0 0 0
cpu3 216929 34 69993 1400070 4180 0 41954 0 0 0
cpu4 218213 37 68571 1401423 4745 0 42024 0 0 0
cpu5 146685 36 50717 1504125 6433 0 26915 0 0 0
cpu6 148745 33 51285 1501004 6696 0 28019 0 0 0
cpu7 154998 31 54498 1489345 6515 0 30695 0 0 0
cpu8 41382 59 44194 1579180 14521 0 13617 0 0 0
cpu9 47479 65 47396 1554775 17876 0 14839 0 0 0
cpu10 45037 65 45751 1562921 16117 0 14643 0 0 0
cpu11 41139 60 41602 1583600 14631 0 13023 0 0 0
cpu12 83222 139 51377 1511022 20007 0 16060 0 0 0
cpu13 79548 72 52371 1510443 20861 0 16413 0 0 0
cpu14 41003 59 41049 1587109 13804 0 12757 0 0 0
cpu15 38057 62 37669 1600721 14123 0 11587 0 0 0
cpu16 183149 27 59402 1452788 6289 0 34310 0 0 0
cpu17 172894 27 57654 1463904 8228 0 32895 0 0 0
cpu18 164611 27 56365 1474913 7931 0 32096 0 0 0
cpu19 285694 26 83709 1309642 3819 0 51963 0 0 0
cpu20 255241 25 78515 1346641 5695 0 49442 0 0 0
cpu21 160439 29 55503 1478767 9380 0 31353 0 0 0
cpu22 148080 33 52871 1495299 9310 0 29191 0 0 0
cpu23 128855 32 47310 1526366 8954 0 24579 0 0 0
cpu24 44314 62 42504 1581243 16623 0 13717 0 0 0
cpu25 49590 63 47463 1556529 18801 0 16220 0 0 0
cpu26 47415 59 46310 1563059 17917 0 15773 0 0 0
cpu27 40045 48 41261 1573689 16634 0 21595 0 0 0
cpu28 75952 82 55245 1497624 21134 0 28854 0 0 0
cpu29 79767 119 57241 1486287 21824 0 29388 0 0 0
cpu30 39453 44 42827 1567417 15207 0 21591 0 0 0
cpu31 42640 44 43073 1582976 14948 0 13730 0 0 0
intr 3318666590 126 0 0 0 0 0 0 0 0 1 0 0 0 0 0 0 0 0 0 0 0 0 0 0 0 0 0 1 1 1 0 0 0 0 1 0 1 0 0 75045 0 0 0 0 0 0 0 0 411 0 0 0 0 0 0 0 0 87 0 0 0 0 0 0 0 0 0 0 0 0 0 0 0 492008 2 35057952 34997275 34912675 35054210 0 14349 10792 12158 11569 8437 9757 12843 13894 10866 38428 52431 40915 34653 52806 50452 31516 28107 12625 14415 17220 7592 10999 15778 15596 13869 35897 45022 41090 33035 50982 55048 30096 32275 0 0 0 0 617177 4486 1036 0 264 0 0 0 0 0 0 0 0 0 0 0 0 0 0 0 0 0 0 0 0 0 0 0 0 0 0 0 0 0 0 0 0 0 0 0 0 0 0 0 0 0 0 0 0 0 0 0 0 0 0 0 0 0 0 0 0 0 0 0 0 0 0 0 0 0 0 0 0 0 0 0 0 0 0 0 0 0 0 0 0 0 0 0 0 0 0 0 0 0 0 0 0 0 0 0 0 0 0 0 0 0 0 0 0 0 0 0 0 0 0 0 0 0 0 0 0 0 0 0 0 0 0 0 0 0 0 0 0 0 0 0 0 0 0 0 0 0 0 0 0 0 0 0 0 0 0 0 0 0 0 0 0 0 0 0 0 0 0 0 0 0 0 0 0 0 0 0 0 0 0 0 0 0 0 0 0 0 0 0 0 0 0 0 0 0 0 0 0 0 0 0 0 0 0 0 0 0 0 0 0 0 0 0 0 0 0 0 0 0 0 0 0 0 0 0 0 0 0 0 0 0 0 0 0 0 0 0 0 0 0 0 0 0 0 0 0 0 0 0 0 0 0 0 0 0 0 0 0 0 0 0 0 0 0 0 0 0 0 0 0 0 0 0 0 0 0 0 0 0 0 0 0 0 0 0 0 0 0 0 0 0 0 0 0 0 0 0 0 0 0 0 0 0 0 0 0 0 0 0 0 0 0 0 0 0 0 0 0 0 0 0 0 0 0 0 0 0 0 0 0 0 0 0 0 0 0 0 0 0 0 0 0 0 0 0 0 0 0 0 0 0 0 0 0 0 0 0 0 0 0 0 0 0 0 0 0 0 0 0 0 0 0 0 0 0 0 0 0 0 0 0 0 0 0 0 0 0 0 0 0 0 0 0 0 0 0 0 0 0 0 0 0 0 0 0 0 0 0 0 0 0 0 0 0 0 0 0 0 0 0 0 0 0 0 0 0 0 0 0 0 0 0 0 0 0 0 0 0 0 0 0 0 0 0 0 0 0 0 0 0 0 0 0 0 0 0 0 0 0 0 0 0 0 0 0 0 0 0 0 0 0 0 0 0 0 0 0 0 0 0 0 0 0 0 0 0 0 0 0 0 0 0 0 0 0 0 0 0 0 0 0 0 0 0 0 0 0 0 0 0 0 0 0 0 0 0 0 0 0 0 0 0 0 0 0 0 0 0 0 0 0 0 0 0 0 0 0 0 0 0 0 0 0 0 0 0 0 0 0 0 0 0 0 0 0 0 0 0 0 0 0 0 0 0 0 0 0 0 0 0 0 0 0 0 0 0 0 0 0 0 0 0 0 0 0 0 0 0 0 0 0 0 0 0 0 0 0 0 0 0 0 0 0 0 0 0 0 0 0 0 0 0 0 0 0 0 0 0 0 0 0 0 0 0 0 0 0 0 0 0 0 0 0 0 0 0 0 0 0 0 0 0 0 0 0 0 0 0 0 0 0 0 0 0 0 0 0 0 0 0 0 0 0 0 0 0 0 0 0 0 0 0 0 0 0 0 0 0 0 0 0 0 0 0 0 0 0 0 0 0 0 0 0 0 0 0 0 0 0 0 0 0 0 0 0 0 0 0 0 0 0 0 0 0 0 0 0 0 0 0 0 0 0 0 0 0 0 0 0 0 0 0 0 0 0 0 0 0 0 0 0 0 0 0 0 0 0 0 0 0 0 0 0 0 0 0 0 0 0 0 0 0 0 0 0 0 0 0 0 0 0 0 0 0 0 0 0 0 0 0 0 0 0 0 0 0 0 0 0 0 0 0 0 0 0 0 0 0 0 0 0 0 0 0 0 0 0 0 0 0 0 0 0 0 0 0 0 0 0 0 0 0 0 0 0 0 0 0 0 0 0 0 0 0 0 0 0 0 0 0 0 0 0 0 0 0 0 0 0 0 0 0 0 0 0 0 0 0 0 0 0 0 0 0 0 0 0 0 0 0 0 0 0 0 0 0 0 0 0 0 0 0 0 0 0 0 0 0 0 0 0 0 0 0 0 0 0 0 0 0 0 0 0 0 0 0 0 0 0 0 0 0 0 0 0 0 0 0 0 0 0 0 0 0 0 0 0 0 0 0 0 0 0 0 0 0 0 0 0 0 0 0 0 0 0 0 0 0 0 0 0 0 0 0 0 0 0 0 0 0 0 0 0 0 0 0 0 0 0 0 0 0 0 0 0 0 0 0 0 0 0 0 0 0 0 0 0 0 0 0 0 0 0 0 0 0 0 0 0 0 0 0 0 0 0 0 0 0 0 0 0 0 0 0 0 0 0 0 0 0 0 0 0 0 0 0 0 0 0 0 0 0 0 0 0 0 0 0 0 0 0 0 0 0 0 0 0 0 0 0 0 0 0 0 0 0 0 0 0 0 0 0 0 0 0 0 0 0 0 0 0 0 0 0 0 0 0 0 0 0 0 0 0 0 0 0 0 0 0 0 0 0 0 0 0 0 0 0 0 0 0 0 0 0 0 0 0 0 0 0 0 0
ctxt 5263238199
btime 1790630938
processes 848253
procs_running 1
procs_blocked 0
softirq 4758039112 73526 12808224 2753163 332227329 513680 0 13560162 53063316 421 48071995
