Running 10s test @ http://127.0.0.1:18500/counter
  16 threads and 128 connections
  Thread Stats   Avg      Stdev     Max   +/- Stdev
    Latency     7.91ms    2.11ms  18.66ms   75.98%
    Req/Sec     1.02k   124.94     2.44k    77.36%
  Latency Distribution
     50%    6.47ms
     75%    8.63ms
     90%   11.96ms
     99%   12.07ms
  162569 requests in 10.10s, 22.96MB read
Requests/sec:  16095.45
Transfer/sec:      2.27MB
## server-stat
cpu  3677787 1615 1675204 48481052 379535 0 809179 0 0 0
cpu0 139631 29 48297 1515946 4707 0 26561 0 0 0
cpu1 141485 33 49246 1518598 5701 0 25976 0 0 0
cpu2 144256 34 49328 1516627 5753 0 26083 0 0 0
cpu3 219625 34 70274 1404720 4194 0 42052 0 0 0
cpu4 220655 37 68829 1406402 4745 0 42106 0 0 0
cpu5 149639 37 51014 1508536 6434 0 27009 0 0 0
cpu6 151157 33 51572 1505956 6699 0 28118 0 0 0
cpu7 157549 31 54821 1494104 6516 0 30810 0 0 0
cpu8 41408 60 44248 1586876 14521 0 13624 0 0 0
cpu9 47520 65 47458 1562327 17920 0 14851 0 0 0
cpu10 45072 65 45815 1570550 16119 0 14652 0 0 0
cpu11 41168 60 41656 1591302 14634 0 13028 0 0 0
cpu12 83399 140 51481 1518380 20023 0 16091 0 0 0
cpu13 79672 72 52481 1517831 20864 0 16448 0 0 0
cpu14 41037 60 41118 1594734 13812 0 12768 0 0 0
cpu15 38086 62 37728 1608423 14123 0 11593 0 0 0
cpu16 186326 27 59726 1456967 6289 0 34399 0 0 0
cpu17 175874 27 57964 1468295 8228 0 32976 0 0 0
cpu18 166337 27 56572 1480681 7931 0 32164 0 0 0
cpu19 287840 26 83946 1314963 3819 0 52025 0 0 0
cpu20 257664 25 78765 1351663 5695 0 49508 0 0 0
cpu21 162190 29 55714 1484511 9380 0 31415 0 0 0
cpu22 150086 33 53124 1500726 9311 0 29270 0 0 0
cpu23 130299 32 47531 1532367 8954 0 24668 0 0 0
cpu24 44357 62 42562 1588952 16623 0 13723 0 0 0
cpu25 49639 63 47527 1564182 18802 0 16231 0 0 0
cpu26 47463 59 46363 1570743 17917 0 15781 0 0 0
cpu27 40085 48 41310 1581428 16635 0 21598 0 0 0
cpu28 76132 82 55343 1505008 21147 0 28878 0 0 0
cpu29 79946 119 57346 1493580 21867 0 29420 0 0 0
cpu30 39495 45 42899 1575018 15208 0 21604 0 0 0
cpu31 42680 45 43135 1590640 14948 0 13738 0 0 0
intr 3328163773 126 0 0 0 0 0 0 0 0 1 0 0 0 0 0 0 0 0 0 0 0 0 0 0 0 0 0 1 1 1 0 0 0 0 1 0 1 0 0 75045 0 0 0 0 0 0 0 0 411 0 0 0 0 0 0 0 0 87 0 0 0 0 0 0 0 0 0 0 0 0 0 0 0 493546 2 35058188 34997469 34912818 35054651 0 14409 10792 12160 11569 8441 9758 12843 13894 10866 38429 52524 40917 34656 52845 50495 31517 28108 12625 14415 17220 7592 10999 15779 15596 13870 35897 45024 41095 33036 50988 55087 30096 32280 0 0 0 0 617185 4486 1036 0 264 0 0 0 0 0 0 0 0 0 0 0 0 0 0 0 0 0 0 0 0 0 0 0 0 0 0 0 0 0 0 0 0 0 0 0 0 0 0 0 0 0 0 0 0 0 0 0 0 0 0 0 0 0 0 0 0 0 0 0 0 0 0 0 0 0 0 0 0 0 0 0 0 0 0 0 0 0 0 0 0 0 0 0 0 0 0 0 0 0 0 0 0 0 0 0 0 0 0 0 0 0 0 0 0 0 0 0 0 0 0 0 0 0 0 0 0 0 0 0 0 0 0 0 0 0 0 0 0 0 0 0 0 0 0 0 0 0 0 0 0 0 0 0 0 0 0 0 0 0 0 0 0 0 0 0 0 0 0 0 0 0 0 0 0 0 0 0 0 0 0 0 0 0 0 0 0 0 0 0 0 0 0 0 0 0 0 0 0 0 0 0 0 0 0 0 0 0 0 0 0 0 0 0 0 0 0 0 0 0 0 0 0 0 0 0 0 0 0 0 0 0 0 0 0 0 0 0 0 0 0 0 0 0 0 0 0 0 0 0 0 0 0 0 0 0 0 0 0 0 0 0 0 0 0 0 0 0 0 0 0 0 0 0 0 0 0 0 0 0 0 0 0 0 0 0 0 0 0 0 0 0 0 0 0 0 0 0 0 0 0 0 0 0 0 0 0 0 0 0 0 0 0 0 0 0 0 0 0 0 0 0 0 0 0 0 0 0 0 0 0 0 0 0 0 0 0 0 0 0 0 0 0 0 0 0 0 0 0 0 0 0 0 0 0 0 0 0 0 0 0 0 0 0 0 0 0 0 0 0 0 0 0 0 0 0 0 0 0 0 0 0 0 0 0 0 0 0 0 0 0 0 0 0 0 0 0 0 0 0 0 0 0 0 0 0 0 0 0 0 0 0 0 0 0 0 0 0 0 0 0 0 0 0 0 0 0 0 0 0 0 0 0 0 0 0 0 0 0 0 0 0 0 0 0 0 0 0 0 0 0 0 0 0 0 0 0 0 0 0 0 0 0 0 0 0 0 0 0 0 0 0 0 0 0 0 0 0 0 0 0 0 0 0 0 0 0 0 0 0 0 0 0 0 0 0 0 0 0 0 0 0 0 0 0 0 0 0 0 0 0 0 0 0 0 0 0 0 0 0 0 0 0 0 0 0 0 0 0 0 0 0 0 0 0 0 0 0 0 0 0 0 0 0 0 0 0 0 0 0 0 0 0 0 0 0 0 0 0 0 0 0 0 0 0 0 0 0 0 0 0 0 0 0 0 0 0 0 0 0 0 0 0 0 0 0 0 0 0 0 0 0 0 0 0 0 0 0 0 0 0 0 0 0 0 0 0 0 0 0 0 0 0 0 0 0 0 0 0 0 0 0 0 0 0 0 0 0 0 0 0 0 0 0 0 0 0 0 0 0 0 0 0 0 0 0 0 0 0 0 0 0 0 0 0 0 0 0 0 0 0 0 0 0 0 0 0 0 0 0 0 0 0 0 0 0 0 0 0 0 0 0 0 0 0 0 0 0 0 0 0 0 0 0 0 0 0 0 0 0 0 0 0 0 0 0 0 0 0 0 0 0 0 0 0 0 0 0 0 0 0 0 0 0 0 0 0 0 0 0 0 0 0 0 0 0 0 0 0 0 0 0 0 0 0 0 0 0 0 0 0 0 0 0 0 0 0 0 0 0 0 0 0 0 0 0 0 0 0 0 0 0 0 0 0 0 0 0 0 0 0 0 0 0 0 0 0 0 0 0 0 0 0 0 0 0 0 0 0 0 0 0 0 0 0 0 0 0 0 0 0 0 0 0 0 0 0 0 0 0 0 0 0 0 0 0 0 0 0 0 0 0 0 0 0 0 0 0 0 0 0 0 0 0 0 0 0 0 0 0 0 0 0 0 0 0 0 0 0 0 0 0 0 0 0 0 0 0 0 0 0 0 0 0 0 0 0 0 0 0 0 0 0 0 0 0 0 0 0 0 0 0 0 0 0 0 0 0 0 0 0 0 0 0 0 0 0 0 0 0 0 0 0 0 0 0 0 0 0 0 0 0 0 0 0 0 0 0 0 0 0 0 0 0 0 0 0 0 0 0 0 0 0 0 0 0 0 0 0 0 0 0 0 0 0 0 0 0 0 0 0 0 0 0 0 0 0 0 0 0 0 0 0 0 0 0 0 0 0 0 0 0 0 0 0 0 0 0 0 0 0 0 0 0 0 0 0 0 0 0 0 0 0 0 0 0 0 0 0 0 0 0 0 0 0 0 0 0 0 0 0 0 0 0 0 0 0 0 0 0 0 0 0 0 0 0 0 0 0 0 0 0 0 0 0 0 0 0 0 0 0 0 0 0 0 0 0 0 0 0 0 0 0 0 0 0 0 0 0 0 0 0 0 0 0 0 0 0 0 0 0 0 0 0 0 0 0 0 0 0 0 0 0 0 0 0 0 0 0 0 0 0 0 0 0 0 0 0 0 0 0 0 0
ctxt 5280373109
btime 1790630938
processes 870062
procs_running 9
procs_blocked 0
softirq 4767004331 73526 12893942 2753166 340358571 515314 0 13560162 53386318 421 48495615
--
cpu  3683417 1617 1675980 48499972 379572 0 809264 0 0 0
cpu0 139631 29 48297 1516728 4707 0 26561 0 0 0
cpu1 141665 33 49270 1519191 5701 0 25978 0 0 0
cpu2 144953 34 49420 1516627 5753 0 26092 0 0 0
cpu3 219681 34 70281 1405456 4194 0 42052 0 0 0
cpu4 220656 37 68830 1407201 4745 0 42106 0 0 0
cpu5 150339 37 51104 1508536 6434 0 27019 0 0 0
cpu6 151559 33 51625 1506296 6699 0 28123 0 0 0
cpu7 158237 31 54921 1494104 6516 0 30822 0 0 0
cpu8 41409 60 44250 1587668 14521 0 13624 0 0 0
cpu9 47522 65 47459 1563098 17938 0 14851 0 0 0
cpu10 45072 65 45817 1571337 16122 0 14652 0 0 0
cpu11 41169 60 41656 1592093 14635 0 13028 0 0 0
cpu12 83406 140 51483 1519143 20037 0 16091 0 0 0
cpu13 79684 72 52483 1518602 20864 0 16449 0 0 0
cpu14 41038 60 41119 1595521 13812 0 12768 0 0 0
cpu15 38087 62 37728 1609215 14123 0 11594 0 0 0
cpu16 187016 27 59821 1456967 6289 0 34415 0 0 0
cpu17 176392 27 58035 1468499 8228 0 32982 0 0 0
cpu18 166337 27 56573 1481479 7931 0 32164 0 0 0
cpu19 288477 26 84036 1315026 3819 0 52035 0 0 0
cpu20 258362 25 78860 1351663 5695 0 49515 0 0 0
cpu21 162190 29 55714 1485309 9380 0 31415 0 0 0
cpu22 150389 33 53159 1501184 9311 0 29273 0 0 0
cpu23 130299 32 47531 1533165 8954 0 24668 0 0 0
cpu24 44358 62 42563 1589743 16624 0 13723 0 0 0
cpu25 49639 63 47528 1564969 18802 0 16231 0 0 0
cpu26 47463 59 46364 1571535 17917 0 15781 0 0 0
cpu27 40086 48 41310 1582220 16635 0 21598 0 0 0
cpu28 76137 82 55345 1505789 21147 0 28879 0 0 0
cpu29 79974 119 57349 1494343 21869 0 29420 0 0 0
cpu30 39495 45 42900 1575812 15208 0 21604 0 0 0
cpu31 42680 45 43135 1591437 14948 0 13738 0 0 0
intr 3328475409 126 0 0 0 0 0 0 0 0 1 0 0 0 0 0 0 0 0 0 0 0 0 0 0 0 0 0 1 1 1 0 0 0 0 1 0 1 0 0 75045 0 0 0 0 0 0 0 0 411 0 0 0 0 0 0 0 0 87 0 0 0 0 0 0 0 0 0 0 0 0 0 0 0 493961 2 35058205 34997482 34912829 35054690 0 14417 10792 12160 11569 8441 9758 12843 13894 10866 38429 52524 40917 34656 52845 50501 31519 28108 12625 14415 17220 7592 10999 15779 15596 13870 35898 45024 41095 33036 50988 55093 30096 32280 0 0 0 0 617185 4486 1036 0 264 0 0 0 0 0 0 0 0 0 0 0 0 0 0 0 0 0 0 0 0 0 0 0 0 0 0 0 0 0 0 0 0 0 0 0 0 0 0 0 0 0 0 0 0 0 0 0 0 0 0 0 0 0 0 0 0 0 0 0 0 0 0 0 0 0 0 0 0 0 0 0 0 0 0 0 0 0 0 0 0 0 0 0 0 0 0 0 0 0 0 0 0 0 0 0 0 0 0 0 0 0 0 0 0 0 0 0 0 0 0 0 0 0 0 0 0 0 0 0 0 0 0 0 0 0 0 0 0 0 0 0 0 0 0 0 0 0 0 0 0 0 0 0 0 0 0 0 0 0 0 0 0 0 0 0 0 0 0 0 0 0 0 0 0 0 0 0 0 0 0 0 0 0 0 0 0 0 0 0 0 0 0 0 0 0 0 0 0 0 0 0 0 0 0 0 0 0 0 0 0 0 0 0 0 0 0 0 0 0 0 0 0 0 0 0 0 0 0 0 0 0 0 0 0 0 0 0 0 0 0 0 0 0 0 0 0 0 0 0 0 0 0 0 0 0 0 0 0 0 0 0 0 0 0 0 0 0 0 0 0 0 0 0 0 0 0 0 0 0 0 0 0 0 0 0 0 0 0 0 0 0 0 0 0 0 0 0 0 0 0 0 0 0 0 0 0 0 0 0 0 0 0 0 0 0 0 0 0 0 0 0 0 0 0 0 0 0 0 0 0 0 0 0 0 0 0 0 0 0 0 0 0 0 0 0 0 0 0 0 0 0 0 0 0 0 0 0 0 0 0 0 0 0 0 0 0 0 0 0 0 0 0 0 0 0 0 0 0 0 0 0 0 0 0 0 0 0 0 0 0 0 0 0 0 0 0 0 0 0 0 0 0 0 0 0 0 0 0 0 0 0 0 0 0 0 0 0 0 0 0 0 0 0 0 0 0 0 0 0 0 0 0 0 0 0 0 0 0 0 0 0 0 0 0 0 0 0 0 0 0 0 0 0 0 0 0 0 0 0 0 0 0 0 0 0 0 0 0 0 0 0 0 0 0 0 0 0 0 0 0 0 0 0 0 0 0 0 0 0 0 0 0 0 0 0 0 0 0 0 0 0 0 0 0 0 0 0 0 0 0 0 0 0 0 0 0 0 0 0 0 0 0 0 0 0 0 0 0 0 0 0 0 0 0 0 0 0 0 0 0 0 0 0 0 0 0 0 0 0 0 0 0 0 0 0 0 0 0 0 0 0 0 0 0 0 0 0 0 0 0 0 0 0 0 0 0 0 0 0 0 0 0 0 0 0 0 0 0 0 0 0 0 0 0 0 0 0 0 0 0 0 0 0 0 0 0 0 0 0 0 0 0 0 0 0 0 0 0 0 0 0 0 0 0 0 0 0 0 0 0 0 0 0 0 0 0 0 0 0 0 0 0 0 0 0 0 0 0 0 0 0 0 0 0 0 0 0 0 0 0 0 0 0 0 0 0 0 0 0 0 0 0 0 0 0 0 0 0 0 0 0 0 0 0 0 0 0 0 0 0 0 0 0 0 0 0 0 0 0 0 0 0 0 0 0 0 0 0 0 0 0 0 0 0 0 0 0 0 0 0 0 0 0 0 0 0 0 0 0 0 0 0 0 0 0 0 0 0 0 0 0 0 0 0 0 0 0 0 0 0 0 0 0 0 0 0 0 0 0 0 0 0 0 0 0 0 0 0 0 0 0 0 0 0 0 0 0 0 0 0 0 0 0 0 0 0 0 0 0 0 0 0 0 0 0 0 0 0 0 0 0 0 0 0 0 0 0 0 0 0 0 0 0 0 0 0 0 0 0 0 0 0 0 0 0 0 0 0 0 0 0 0 0 0 0 0 0 0 0 0 0 0 0 0 0 0 0 0 0 0 0 0 0 0 0 0 0 0 0 0 0 0 0 0 0 0 0 0 0 0 0 0 0 0 0 0 0 0 0 0 0 0 0 0 0 0 0 0 0 0 0 0 0 0 0 0 0 0 0 0 0 0 0 0 0 0 0 0 0 0 0 0 0 0 0 0 0 0 0 0 0 0 0 0 0 0 0 0 0 0 0 0 0 0 0 0 0 0 0 0 0 0 0 0 0 0 0 0 0 0 0 0 0 0 0 0 0 0 0 0 0 0 0 0 0 0 0 0 0 0 0 0 0 0 0 0 0 0 0 0 0 0 0 0 0 0 0 0 0 0 0 0 0 0 0 0 0 0 0 0 0 0 0 0 0 0 0 0 0 0 0 0 0 0 0 0 0 0 0 0 0 0 0 0 0 0 0 0 0 0 0 0 0 0 0 0 0 0 0 0 0 0 0 0 0 0 0 0 0 0 0 0 0 0 0 0 0 0 0 0 0 0 0 0 0 0 0 0 0 0 0 0 0 0 0 0 0 0 0 0 0 0 0 0 0 0 0 0 0 0 0 0 0 0 0 0 0 0 0 0 0 0 0 0 0 0 0 0 0 0 0 0
ctxt 5280769004
btime 1790630938
processes 870139
procs_running 9
procs_blocked 0
softirq 4767300209 73526 12898153 2753166 340616242 515739 0 13560162 53397992 421 48517512
