Running 10s test @ http://127.0.0.1:18500/swerve/json
  16 threads and 32 connections
  Thread Stats   Avg      Stdev     Max   +/- Stdev
    Latency     5.96ms  368.11us   7.05ms   98.96%
    Req/Sec   336.99     51.90     2.39k    99.94%
  Latency Distribution
     50%    5.96ms
     75%    6.09ms
     90%    6.11ms
     99%    6.21ms
  53725 requests in 10.10s, 13.73MB read
Requests/sec:   5319.33
Transfer/sec:      1.36MB
## server-stat
cpu  3278457 1473 1590570 43680526 216292 0 779719 0 0 0
cpu0 119897 27 44435 1371362 3396 0 24581 0 0 0
cpu1 123671 32 45808 1371196 3915 0 24506 0 0 0
cpu2 124797 31 45942 1370873 3661 0 24638 0 0 0
cpu3 190437 30 65498 1270189 2639 0 40319 0 0 0
cpu4 191431 35 64420 1271143 3200 0 40458 0 0 0
cpu5 131634 33 47847 1361326 3848 0 25665 0 0 0
cpu6 132199 30 48139 1360788 3620 0 26431 0 0 0
cpu7 140036 28 51674 1347355 3212 0 29273 0 0 0
cpu8 40867 52 43076 1425383 7661 0 13330 0 0 0
cpu9 46757 57 46182 1402553 10269 0 14506 0 0 0
cpu10 44460 58 44598 1410563 8304 0 14331 0 0 0
cpu11 40691 53 40560 1430044 7215 0 12757 0 0 0
cpu12 79833 132 49849 1362210 12343 0 15666 0 0 0
cpu13 76487 64 50797 1361819 12982 0 16002 0 0 0
cpu14 40483 53 39946 1433251 6953 0 12485 0 0 0
cpu15 37667 55 36672 1446623 6872 0 11340 0 0 0
cpu16 160798 25 55986 1316831 4592 0 33146 0 0 0
cpu17 150426 26 54142 1328769 6068 0 31596 0 0 0
cpu18 144534 25 53036 1337969 4978 0 30859 0 0 0
cpu19 246256 25 77638 1193583 2748 0 50124 0 0 0
cpu20 218890 24 72738 1227142 4547 0 47655 0 0 0
cpu21 139386 28 51896 1343616 5919 0 30036 0 0 0
cpu22 131771 31 50045 1355043 5080 0 28274 0 0 0
cpu23 114797 30 44439 1384133 4602 0 23584 0 0 0
cpu24 43665 55 41348 1428498 8558 0 13446 0 0 0
cpu25 48813 58 46163 1404655 10564 0 15878 0 0 0
cpu26 46734 53 45065 1410808 9814 0 15439 0 0 0
cpu27 39477 42 40108 1420782 8559 0 21323 0 0 0
cpu28 73279 77 53519 1349471 12229 0 28395 0 0 0
cpu29 77250 114 55480 1338457 12708 0 28914 0 0 0
cpu30 38918 38 41622 1414352 7827 0 21296 0 0 0
cpu31 42103 39 41889 1429721 7392 0 13452 0 0 0
intr 3191839952 126 0 0 0 0 0 0 0 0 1 0 0 0 0 0 0 0 0 0 0 0 0 0 0 0 0 0 1 1 1 0 0 0 0 1 0 1 0 0 75045 0 0 0 0 0 0 0 0 411 0 0 0 0 0 0 0 0 87 0 0 0 0 0 0 0 0 0 0 0 0 0 0 0 425761 2 35050920 34990678 34908666 35048262 0 13021 7788 8588 7688 5948 7008 7958 8511 6485 27798 39027 29377 23517 35878 35561 23405 19827 9869 10398 9892 5364 8844 10895 10094 8698 25443 29989 27807 22959 31184 32727 20303 22082 0 0 0 0 617069 4359 1036 0 264 0 0 0 0 0 0 0 0 0 0 0 0 0 0 0 0 0 0 0 0 0 0 0 0 0 0 0 0 0 0 0 0 0 0 0 0 0 0 0 0 0 0 0 0 0 0 0 0 0 0 0 0 0 0 0 0 0 0 0 0 0 0 0 0 0 0 0 0 0 0 0 0 0 0 0 0 0 0 0 0 0 0 0 0 0 0 0 0 0 0 0 0 0 0 0 0 0 0 0 0 0 0 0 0 0 0 0 0 0 0 0 0 0 0 0 0 0 0 0 0 0 0 0 0 0 0 0 0 0 0 0 0 0 0 0 0 0 0 0 0 0 0 0 0 0 0 0 0 0 0 0 0 0 0 0 0 0 0 0 0 0 0 0 0 0 0 0 0 0 0 0 0 0 0 0 0 0 0 0 0 0 0 0 0 0 0 0 0 0 0 0 0 0 0 0 0 0 0 0 0 0 0 0 0 0 0 0 0 0 0 0 0 0 0 0 0 0 0 0 0 0 0 0 0 0 0 0 0 0 0 0 0 0 0 0 0 0 0 0 0 0 0 0 0 0 0 0 0 0 0 0 0 0 0 0 0 0 0 0 0 0 0 0 0 0 0 0 0 0 0 0 0 0 0 0 0 0 0 0 0 0 0 0 0 0 0 0 0 0 0 0 0 0 0 0 0 0 0 0 0 0 0 0 0 0 0 0 0 0 0 0 0 0 0 0 0 0 0 0 0 0 0 0 0 0 0 0 0 0 0 0 0 0 0 0 0 0 0 0 0 0 0 0 0 0 0 0 0 0 0 0 0 0 0 0 0 0 0 0 0 0 0 0 0 0 0 0 0 0 0 0 0 0 0 0 0 0 0 0 0 0 0 0 0 0 0 0 0 0 0 0 0 0 0 0 0 0 0 0 0 0 0 0 0 0 0 0 0 0 0 0 0 0 0 0 0 0 0 0 0 0 0 0 0 0 0 0 0 0 0 0 0 0 0 0 0 0 0 0 0 0 0 0 0 0 0 0 0 0 0 0 0 0 0 0 0 0 0 0 0 0 0 0 0 0 0 0 0 0 0 0 0 0 0 0 0 0 0 0 0 0 0 0 0 0 0 0 0 0 0 0 0 0 0 0 0 0 0 0 0 0 0 0 0 0 0 0 0 0 0 0 0 0 0 0 0 0 0 0 0 0 0 0 0 0 0 0 0 0 0 0 0 0 0 0 0 0 0 0 0 0 0 0 0 0 0 0 0 0 0 0 0 0 0 0 0 0 0 0 0 0 0 0 0 0 0 0 0 0 0 0 0 0 0 0 0 0 0 0 0 0 0 0 0 0 0 0 0 0 0 0 0 0 0 0 0 0 0 0 0 0 0 0 0 0 0 0 0 0 0 0 0 0 0 0 0 0 0 0 0 0 0 0 0 0 0 0 0 0 0 0 0 0 0 0 0 0 0 0 0 0 0 0 0 0 0 0 0 0 0 0 0 0 0 0 0 0 0 0 0 0 0 0 0 0 0 0 0 0 0 0 0 0 0 0 0 0 0 0 0 0 0 0 0 0 0 0 0 0 0 0 0 0 0 0 0 0 0 0 0 0 0 0 0 0 0 0 0 0 0 0 0 0 0 0 0 0 0 0 0 0 0 0 0 0 0 0 0 0 0 0 0 0 0 0 0 0 0 0 0 0 0 0 0 0 0 0 0 0 0 0 0 0 0 0 0 0 0 0 0 0 0 0 0 0 0 0 0 0 0 0 0 0 0 0 0 0 0 0 0 0 0 0 0 0 0 0 0 0 0 0 0 0 0 0 0 0 0 0 0 0 0 0 0 0 0 0 0 0 0 0 0 0 0 0 0 0 0 0 0 0 0 0 0 0 0 0 0 0 0 0 0 0 0 0 0 0 0 0 0 0 0 0 0 0 0 0 0 0 0 0 0 0 0 0 0 0 0 0 0 0 0 0 0 0 0 0 0 0 0 0 0 0 0 0 0 0 0 0 0 0 0 0 0 0 0 0 0 0 0 0 0 0 0 0 0 0 0 0 0 0 0 0 0 0 0 0 0 0 0 0 0 0 0 0 0 0 0 0 0 0 0 0 0 0 0 0 0 0 0 0 0 0 0 0 0 0 0 0 0 0 0 0 0 0 0 0 0 0 0 0 0 0 0 0 0 0 0 0 0 0 0 0 0 0 0 0 0 0 0 0 0 0 0 0 0 0 0 0 0 0 0 0 0 0 0 0 0 0 0 0 0 0 0 0 0 0 0 0 0 0 0 0 0 0 0 0 0 0 0 0 0 0 0 0 0 0 0 0 0 0 0 0 0 0 0 0 0 0 0 0 0 0 0 0 0 0 0 0 0 0 0 0 0 0 0 0 0 0 0 0 0 0 0 0 0 0 0 0 0 0 0 0 0 0 0 0 0 0 0 0 0 0 0 0 0 0 0 0 0 0 0 0 0 0 0 0 0 0 0 0 0 0 0 0 0 0 0 0 0 0 0
ctxt 5044890808
btime 1790630938
processes 576649
procs_running 3
procs_blocked 0
softirq 4588046204 73526 11387317 2753147 176829530 445293 0 13559808 49476798 421 38553068
--
cpu  3279921 1474 1590766 43704355 216306 0 779744 0 0 0
cpu0 119898 27 44435 1372152 3396 0 24583 0 0 0
cpu1 123673 32 45808 1371992 3915 0 24506 0 0 0
cpu2 124797 31 45942 1371671 3661 0 24638 0 0 0
cpu3 190613 30 65523 1270784 2639 0 40322 0 0 0
cpu4 191594 35 64439 1271757 3200 0 40461 0 0 0
cpu5 131636 33 47847 1362123 3848 0 25665 0 0 0
cpu6 132199 30 48139 1361586 3620 0 26431 0 0 0
cpu7 140036 28 51674 1348154 3212 0 29273 0 0 0
cpu8 40867 52 43077 1426179 7661 0 13330 0 0 0
cpu9 46760 57 46183 1403344 10269 0 14506 0 0 0
cpu10 44461 58 44599 1411354 8304 0 14331 0 0 0
cpu11 40691 53 40561 1430840 7215 0 12757 0 0 0
cpu12 79843 132 49850 1362991 12343 0 15666 0 0 0
cpu13 76500 64 50799 1362599 12982 0 16002 0 0 0
cpu14 40483 53 39946 1434049 6953 0 12486 0 0 0
cpu15 37669 55 36672 1447420 6872 0 11340 0 0 0
cpu16 160799 25 55986 1317628 4592 0 33146 0 0 0
cpu17 150426 26 54142 1329568 6068 0 31596 0 0 0
cpu18 144534 25 53036 1338768 4978 0 30859 0 0 0
cpu19 246768 25 77709 1193790 2748 0 50132 0 0 0
cpu20 219426 24 72805 1227329 4547 0 47663 0 0 0
cpu21 139386 28 51896 1344415 5919 0 30036 0 0 0
cpu22 131772 31 50045 1355842 5080 0 28274 0 0 0
cpu23 114797 30 44439 1384931 4603 0 23584 0 0 0
cpu24 43667 55 41349 1429292 8559 0 13446 0 0 0
cpu25 48813 58 46163 1405453 10565 0 15878 0 0 0
cpu26 46736 53 45065 1411606 9814 0 15439 0 0 0
cpu27 39479 42 40109 1421579 8559 0 21323 0 0 0
cpu28 73282 77 53520 1350249 12241 0 28395 0 0 0
cpu29 77276 114 55482 1339226 12708 0 28914 0 0 0
cpu30 38920 38 41622 1415148 7827 0 21296 0 0 0
cpu31 42103 40 41889 1430519 7392 0 13452 0 0 0
intr 3191997239 126 0 0 0 0 0 0 0 0 1 0 0 0 0 0 0 0 0 0 0 0 0 0 0 0 0 0 1 1 1 0 0 0 0 1 0 1 0 0 75045 0 0 0 0 0 0 0 0 411 0 0 0 0 0 0 0 0 87 0 0 0 0 0 0 0 0 0 0 0 0 0 0 0 425898 2 35050960 34990684 34908673 35048286 0 13029 7788 8588 7688 5948 7008 7958 8511 6485 27798 39028 29377 23517 35878 35561 23406 19827 9869 10398 9892 5364 8844 10895 10094 8704 25443 29989 27807 22959 31184 32727 20303 22082 0 0 0 0 617069 4359 1036 0 264 0 0 0 0 0 0 0 0 0 0 0 0 0 0 0 0 0 0 0 0 0 0 0 0 0 0 0 0 0 0 0 0 0 0 0 0 0 0 0 0 0 0 0 0 0 0 0 0 0 0 0 0 0 0 0 0 0 0 0 0 0 0 0 0 0 0 0 0 0 0 0 0 0 0 0 0 0 0 0 0 0 0 0 0 0 0 0 0 0 0 0 0 0 0 0 0 0 0 0 0 0 0 0 0 0 0 0 0 0 0 0 0 0 0 0 0 0 0 0 0 0 0 0 0 0 0 0 0 0 0 0 0 0 0 0 0 0 0 0 0 0 0 0 0 0 0 0 0 0 0 0 0 0 0 0 0 0 0 0 0 0 0 0 0 0 0 0 0 0 0 0 0 0 0 0 0 0 0 0 0 0 0 0 0 0 0 0 0 0 0 0 0 0 0 0 0 0 0 0 0 0 0 0 0 0 0 0 0 0 0 0 0 0 0 0 0 0 0 0 0 0 0 0 0 0 0 0 0 0 0 0 0 0 0 0 0 0 0 0 0 0 0 0 0 0 0 0 0 0 0 0 0 0 0 0 0 0 0 0 0 0 0 0 0 0 0 0 0 0 0 0 0 0 0 0 0 0 0 0 0 0 0 0 0 0 0 0 0 0 0 0 0 0 0 0 0 0 0 0 0 0 0 0 0 0 0 0 0 0 0 0 0 0 0 0 0 0 0 0 0 0 0 0 0 0 0 0 0 0 0 0 0 0 0 0 0 0 0 0 0 0 0 0 0 0 0 0 0 0 0 0 0 0 0 0 0 0 0 0 0 0 0 0 0 0 0 0 0 0 0 0 0 0 0 0 0 0 0 0 0 0 0 0 0 0 0 0 0 0 0 0 0 0 0 0 0 0 0 0 0 0 0 0 0 0 0 0 0 0 0 0 0 0 0 0 0 0 0 0 0 0 0 0 0 0 0 0 0 0 0 0 0 0 0 0 0 0 0 0 0 0 0 0 0 0 0 0 0 0 0 0 0 0 0 0 0 0 0 0 0 0 0 0 0 0 0 0 0 0 0 0 0 0 0 0 0 0 0 0 0 0 0 0 0 0 0 0 0 0 0 0 0 0 0 0 0 0 0 0 0 0 0 0 0 0 0 0 0 0 0 0 0 0 0 0 0 0 0 0 0 0 0 0 0 0 0 0 0 0 0 0 0 0 0 0 0 0 0 0 0 0 0 0 0 0 0 0 0 0 0 0 0 0 0 0 0 0 0 0 0 0 0 0 0 0 0 0 0 0 0 0 0 0 0 0 0 0 0 0 0 0 0 0 0 0 0 0 0 0 0 0 0 0 0 0 0 0 0 0 0 0 0 0 0 0 0 0 0 0 0 0 0 0 0 0 0 0 0 0 0 0 0 0 0 0 0 0 0 0 0 0 0 0 0 0 0 0 0 0 0 0 0 0 0 0 0 0 0 0 0 0 0 0 0 0 0 0 0 0 0 0 0 0 0 0 0 0 0 0 0 0 0 0 0 0 0 0 0 0 0 0 0 0 0 0 0 0 0 0 0 0 0 0 0 0 0 0 0 0 0 0 0 0 0 0 0 0 0 0 0 0 0 0 0 0 0 0 0 0 0 0 0 0 0 0 0 0 0 0 0 0 0 0 0 0 0 0 0 0 0 0 0 0 0 0 0 0 0 0 0 0 0 0 0 0 0 0 0 0 0 0 0 0 0 0 0 0 0 0 0 0 0 0 0 0 0 0 0 0 0 0 0 0 0 0 0 0 0 0 0 0 0 0 0 0 0 0 0 0 0 0 0 0 0 0 0 0 0 0 0 0 0 0 0 0 0 0 0 0 0 0 0 0 0 0 0 0 0 0 0 0 0 0 0 0 0 0 0 0 0 0 0 0 0 0 0 0 0 0 0 0 0 0 0 0 0 0 0 0 0 0 0 0 0 0 0 0 0 0 0 0 0 0 0 0 0 0 0 0 0 0 0 0 0 0 0 0 0 0 0 0 0 0 0 0 0 0 0 0 0 0 0 0 0 0 0 0 0 0 0 0 0 0 0 0 0 0 0 0 0 0 0 0 0 0 0 0 0 0 0 0 0 0 0 0 0 0 0 0 0 0 0 0 0 0 0 0 0 0 0 0 0 0 0 0 0 0 0 0 0 0 0 0 0 0 0 0 0 0 0 0 0 0 0 0 0 0 0 0 0 0 0 0 0 0 0 0 0 0 0 0 0 0 0 0 0 0 0 0 0 0 0 0 0 0 0 0 0 0 0 0 0 0 0 0 0 0 0 0 0 0 0 0 0 0 0 0 0 0 0 0 0 0 0 0 0 0 0 0 0 0 0 0 0 0 0 0 0 0 0 0 0 0 0 0 0 0 0 0 0 0 0 0 0 0 0 0 0 0 0 0 0 0 0 0 0 0 0 0 0 0 0 0 0 0 0 0 0 0 0 0 0 0 0 0 0 0 0 0 0 0 0
ctxt 5045106278
btime 1790630938
processes 576721
procs_running 4
procs_blocked 0
softirq 4588289798 73526 11390429 2753147 176915247 445438 0 13559808 49487144 421 38697342
