Running 10s test @ http://127.0.0.1:18500/swerve/json
  16 threads and 128 connections
  Thread Stats   Avg      Stdev     Max   +/- Stdev
    Latency     5.93ms  594.31us   9.47ms   94.17%
    Req/Sec     1.35k   434.88    18.72k    99.94%
  Latency Distribution
     50%    5.94ms
     75%    6.16ms
     90%    6.38ms
     99%    6.80ms
  215881 requests in 10.10s, 59.09MB read
Requests/sec:  21374.63
Transfer/sec:      5.85MB
## server-stat
cpu  3583814 1596 1661200 47838107 378926 0 804030 0 0 0
cpu0 134975 29 47636 1497929 4707 0 26191 0 0 0
cpu1 136727 33 48582 1500572 5700 0 25668 0 0 0
cpu2 137517 33 48491 1500822 5693 0 25701 0 0 0
cpu3 213935 34 69593 1387599 4168 0 41777 0 0 0
cpu4 214479 37 68182 1389760 4745 0 41783 0 0 0
cpu5 144050 36 50430 1491141 6418 0 26760 0 0 0
cpu6 144700 33 50739 1489777 6692 0 27759 0 0 0
cpu7 150993 30 53982 1478076 6514 0 30420 0 0 0
cpu8 41335 58 44102 1563597 14505 0 13603 0 0 0
cpu9 47402 64 47287 1539299 17874 0 14815 0 0 0
cpu10 44973 64 45650 1547522 16024 0 14621 0 0 0
cpu11 41084 59 41508 1568029 14629 0 13007 0 0 0
cpu12 82853 138 51238 1495917 20003 0 16024 0 0 0
cpu13 79274 71 52230 1495295 20842 0 16377 0 0 0
cpu14 40944 58 40945 1571590 13801 0 12735 0 0 0
cpu15 38010 61 37566 1585161 14105 0 11568 0 0 0
cpu16 179680 27 58981 1440749 6289 0 34156 0 0 0
cpu17 169284 27 57248 1452026 8227 0 32711 0 0 0
cpu18 161795 27 56026 1462113 7931 0 31979 0 0 0
cpu19 281494 26 83237 1298463 3819 0 51740 0 0 0
cpu20 251857 25 78029 1334585 5695 0 49291 0 0 0
cpu21 156163 29 54920 1467786 9379 0 31116 0 0 0
cpu22 145440 33 52537 1482342 9305 0 29056 0 0 0
cpu23 126659 32 46981 1512952 8954 0 24457 0 0 0
cpu24 44233 61 42409 1565693 16613 0 13698 0 0 0
cpu25 49484 62 47356 1541033 18795 0 16196 0 0 0
cpu26 47335 58 46213 1547534 17902 0 15754 0 0 0
cpu27 39983 47 41165 1558100 16596 0 21582 0 0 0
cpu28 75661 82 55120 1482357 21114 0 28826 0 0 0
cpu29 79510 118 57111 1471083 21737 0 29358 0 0 0
cpu30 39391 44 42722 1551829 15206 0 21574 0 0 0
cpu31 42581 44 42972 1567362 14930 0 13715 0 0 0
intr 3304242645 126 0 0 0 0 0 0 0 0 1 0 0 0 0 0 0 0 0 0 0 0 0 0 0 0 0 0 1 1 1 0 0 0 0 1 0 1 0 0 75045 0 0 0 0 0 0 0 0 411 0 0 0 0 0 0 0 0 87 0 0 0 0 0 0 0 0 0 0 0 0 0 0 0 487807 2 35057598 34996596 34912257 35053582 0 14216 10759 12155 11569 8434 9753 12843 13893 10866 38351 52412 40875 34652 52600 50314 31509 28104 12625 14414 17219 7578 10999 15777 15596 13867 35892 45003 41078 33029 50861 54838 30078 32244 0 0 0 0 617169 4465 1036 0 264 0 0 0 0 0 0 0 0 0 0 0 0 0 0 0 0 0 0 0 0 0 0 0 0 0 0 0 0 0 0 0 0 0 0 0 0 0 0 0 0 0 0 0 0 0 0 0 0 0 0 0 0 0 0 0 0 0 0 0 0 0 0 0 0 0 0 0 0 0 0 0 0 0 0 0 0 0 0 0 0 0 0 0 0 0 0 0 0 0 0 0 0 0 0 0 0 0 0 0 0 0 0 0 0 0 0 0 0 0 0 0 0 0 0 0 0 0 0 0 0 0 0 0 0 0 0 0 0 0 0 0 0 0 0 0 0 0 0 0 0 0 0 0 0 0 0 0 0 0 0 0 0 0 0 0 0 0 0 0 0 0 0 0 0 0 0 0 0 0 0 0 0 0 0 0 0 0 0 0 0 0 0 0 0 0 0 0 0 0 0 0 0 0 0 0 0 0 0 0 0 0 0 0 0 0 0 0 0 0 0 0 0 0 0 0 0 0 0 0 0 0 0 0 0 0 0 0 0 0 0 0 0 0 0 0 0 0 0 0 0 0 0 0 0 0 0 0 0 0 0 0 0 0 0 0 0 0 0 0 0 0 0 0 0 0 0 0 0 0 0 0 0 0 0 0 0 0 0 0 0 0 0 0 0 0 0 0 0 0 0 0 0 0 0 0 0 0 0 0 0 0 0 0 0 0 0 0 0 0 0 0 0 0 0 0 0 0 0 0 0 0 0 0 0 0 0 0 0 0 0 0 0 0 0 0 0 0 0 0 0 0 0 0 0 0 0 0 0 0 0 0 0 0 0 0 0 0 0 0 0 0 0 0 0 0 0 0 0 0 0 0 0 0 0 0 0 0 0 0 0 0 0 0 0 0 0 0 0 0 0 0 0 0 0 0 0 0 0 0 0 0 0 0 0 0 0 0 0 0 0 0 0 0 0 0 0 0 0 0 0 0 0 0 0 0 0 0 0 0 0 0 0 0 0 0 0 0 0 0 0 0 0 0 0 0 0 0 0 0 0 0 0 0 0 0 0 0 0 0 0 0 0 0 0 0 0 0 0 0 0 0 0 0 0 0 0 0 0 0 0 0 0 0 0 0 0 0 0 0 0 0 0 0 0 0 0 0 0 0 0 0 0 0 0 0 0 0 0 0 0 0 0 0 0 0 0 0 0 0 0 0 0 0 0 0 0 0 0 0 0 0 0 0 0 0 0 0 0 0 0 0 0 0 0 0 0 0 0 0 0 0 0 0 0 0 0 0 0 0 0 0 0 0 0 0 0 0 0 0 0 0 0 0 0 0 0 0 0 0 0 0 0 0 0 0 0 0 0 0 0 0 0 0 0 0 0 0 0 0 0 0 0 0 0 0 0 0 0 0 0 0 0 0 0 0 0 0 0 0 0 0 0 0 0 0 0 0 0 0 0 0 0 0 0 0 0 0 0 0 0 0 0 0 0 0 0 0 0 0 0 0 0 0 0 0 0 0 0 0 0 0 0 0 0 0 0 0 0 0 0 0 0 0 0 0 0 0 0 0 0 0 0 0 0 0 0 0 0 0 0 0 0 0 0 0 0 0 0 0 0 0 0 0 0 0 0 0 0 0 0 0 0 0 0 0 0 0 0 0 0 0 0 0 0 0 0 0 0 0 0 0 0 0 0 0 0 0 0 0 0 0 0 0 0 0 0 0 0 0 0 0 0 0 0 0 0 0 0 0 0 0 0 0 0 0 0 0 0 0 0 0 0 0 0 0 0 0 0 0 0 0 0 0 0 0 0 0 0 0 0 0 0 0 0 0 0 0 0 0 0 0 0 0 0 0 0 0 0 0 0 0 0 0 0 0 0 0 0 0 0 0 0 0 0 0 0 0 0 0 0 0 0 0 0 0 0 0 0 0 0 0 0 0 0 0 0 0 0 0 0 0 0 0 0 0 0 0 0 0 0 0 0 0 0 0 0 0 0 0 0 0 0 0 0 0 0 0 0 0 0 0 0 0 0 0 0 0 0 0 0 0 0 0 0 0 0 0 0 0 0 0 0 0 0 0 0 0 0 0 0 0 0 0 0 0 0 0 0 0 0 0 0 0 0 0 0 0 0 0 0 0 0 0 0 0 0 0 0 0 0 0 0 0 0 0 0 0 0 0 0 0 0 0 0 0 0 0 0 0 0 0 0 0 0 0 0 0 0 0 0 0 0 0 0 0 0 0 0 0 0 0 0 0 0 0 0 0 0 0 0 0 0 0 0 0 0 0 0 0 0 0 0 0 0 0 0 0 0 0 0 0 0 0 0 0 0 0 0 0 0 0 0 0 0 0 0 0 0 0 0 0 0 0 0 0 0 0 0 0 0 0 0 0 0 0 0 0 0 0 0 0 0 0 0 0 0 0 0 0 0 0 0 0 0 0 0 0 0 0 0 0 0 0 0 0 0 0 0 0 0 0 0 0 0 0 0 0 0 0 0 0 0 0 0 0 0 0 0 0 0 0 0
ctxt 5237924675
btime 1790630938
processes 815163
procs_running 11
procs_blocked 2
softirq 4737022123 73526 12602909 2753162 312502262 509291 0 13560088 52643061 421 47410107
--
cpu  3590406 1597 1661460 47856230 378932 0 804172 0 0 0
cpu0 135232 29 47655 1498418 4707 0 26208 0 0 0
cpu1 137049 33 48597 1501003 5700 0 25679 0 0 0
cpu2 137834 33 48508 1501258 5693 0 25712 0 0 0
cpu3 214255 34 69611 1388032 4168 0 41788 0 0 0
cpu4 214892 37 68197 1390110 4745 0 41791 0 0 0
cpu5 144444 36 50445 1491509 6418 0 26767 0 0 0
cpu6 145078 33 50755 1490158 6692 0 27768 0 0 0
cpu7 151308 30 53998 1478512 6514 0 30430 0 0 0
cpu8 41335 58 44102 1564389 14505 0 13603 0 0 0
cpu9 47402 64 47288 1540083 17874 0 14816 0 0 0
cpu10 44973 64 45651 1548302 16024 0 14621 0 0 0
cpu11 41085 59 41509 1568815 14629 0 13007 0 0 0
cpu12 82863 138 51243 1496678 20003 0 16027 0 0 0
cpu13 79278 71 52234 1496058 20842 0 16379 0 0 0
cpu14 40945 59 40946 1572370 13801 0 12736 0 0 0
cpu15 38011 61 37568 1585948 14105 0 11569 0 0 0
cpu16 180243 27 58992 1440957 6289 0 34160 0 0 0
cpu17 169810 27 57258 1452269 8227 0 32716 0 0 0
cpu18 162307 27 56037 1462365 7931 0 31983 0 0 0
cpu19 282032 26 83250 1298694 3819 0 51744 0 0 0
cpu20 252339 25 78042 1334867 5695 0 49297 0 0 0
cpu21 156630 29 54935 1468083 9379 0 31123 0 0 0
cpu22 145857 33 52551 1482687 9305 0 29063 0 0 0
cpu23 126967 32 47001 1513394 8954 0 24466 0 0 0
cpu24 44233 61 42409 1566485 16614 0 13698 0 0 0
cpu25 49484 62 47357 1541819 18795 0 16196 0 0 0
cpu26 47336 58 46214 1548318 17902 0 15754 0 0 0
cpu27 39983 47 41165 1558894 16596 0 21582 0 0 0
cpu28 75684 82 55121 1483118 21119 0 28827 0 0 0
cpu29 79527 118 57114 1471846 21737 0 29358 0 0 0
cpu30 39393 44 42722 1552619 15206 0 21574 0 0 0
cpu31 42583 44 42972 1568155 14930 0 13715 0 0 0
intr 3305459048 126 0 0 0 0 0 0 0 0 1 0 0 0 0 0 0 0 0 0 0 0 0 0 0 0 0 0 1 1 1 0 0 0 0 1 0 1 0 0 75045 0 0 0 0 0 0 0 0 411 0 0 0 0 0 0 0 0 87 0 0 0 0 0 0 0 0 0 0 0 0 0 0 0 487812 2 35057608 34996600 34912277 35053601 0 14220 10759 12155 11569 8434 9753 12843 13893 10866 38351 52412 40875 34653 52600 50314 31509 28104 12625 14414 17219 7578 10999 15777 15596 13867 35892 45003 41078 33029 50864 54838 30078 32244 0 0 0 0 617169 4465 1036 0 264 0 0 0 0 0 0 0 0 0 0 0 0 0 0 0 0 0 0 0 0 0 0 0 0 0 0 0 0 0 0 0 0 0 0 0 0 0 0 0 0 0 0 0 0 0 0 0 0 0 0 0 0 0 0 0 0 0 0 0 0 0 0 0 0 0 0 0 0 0 0 0 0 0 0 0 0 0 0 0 0 0 0 0 0 0 0 0 0 0 0 0 0 0 0 0 0 0 0 0 0 0 0 0 0 0 0 0 0 0 0 0 0 0 0 0 0 0 0 0 0 0 0 0 0 0 0 0 0 0 0 0 0 0 0 0 0 0 0 0 0 0 0 0 0 0 0 0 0 0 0 0 0 0 0 0 0 0 0 0 0 0 0 0 0 0 0 0 0 0 0 0 0 0 0 0 0 0 0 0 0 0 0 0 0 0 0 0 0 0 0 0 0 0 0 0 0 0 0 0 0 0 0 0 0 0 0 0 0 0 0 0 0 0 0 0 0 0 0 0 0 0 0 0 0 0 0 0 0 0 0 0 0 0 0 0 0 0 0 0 0 0 0 0 0 0 0 0 0 0 0 0 0 0 0 0 0 0 0 0 0 0 0 0 0 0 0 0 0 0 0 0 0 0 0 0 0 0 0 0 0 0 0 0 0 0 0 0 0 0 0 0 0 0 0 0 0 0 0 0 0 0 0 0 0 0 0 0 0 0 0 0 0 0 0 0 0 0 0 0 0 0 0 0 0 0 0 0 0 0 0 0 0 0 0 0 0 0 0 0 0 0 0 0 0 0 0 0 0 0 0 0 0 0 0 0 0 0 0 0 0 0 0 0 0 0 0 0 0 0 0 0 0 0 0 0 0 0 0 0 0 0 0 0 0 0 0 0 0 0 0 0 0 0 0 0 0 0 0 0 0 0 0 0 0 0 0 0 0 0 0 0 0 0 0 0 0 0 0 0 0 0 0 0 0 0 0 0 0 0 0 0 0 0 0 0 0 0 0 0 0 0 0 0 0 0 0 0 0 0 0 0 0 0 0 0 0 0 0 0 0 0 0 0 0 0 0 0 0 0 0 0 0 0 0 0 0 0 0 0 0 0 0 0 0 0 0 0 0 0 0 0 0 0 0 0 0 0 0 0 0 0 0 0 0 0 0 0 0 0 0 0 0 0 0 0 0 0 0 0 0 0 0 0 0 0 0 0 0 0 0 0 0 0 0 0 0 0 0 0 0 0 0 0 0 0 0 0 0 0 0 0 0 0 0 0 0 0 0 0 0 0 0 0 0 0 0 0 0 0 0 0 0 0 0 0 0 0 0 0 0 0 0 0 0 0 0 0 0 0 0 0 0 0 0 0 0 0 0 0 0 0 0 0 0 0 0 0 0 0 0 0 0 0 0 0 0 0 0 0 0 0 0 0 0 0 0 0 0 0 0 0 0 0 0 0 0 0 0 0 0 0 0 0 0 0 0 0 0 0 0 0 0 0 0 0 0 0 0 0 0 0 0 0 0 0 0 0 0 0 0 0 0 0 0 0 0 0 0 0 0 0 0 0 0 0 0 0 0 0 0 0 0 0 0 0 0 0 0 0 0 0 0 0 0 0 0 0 0 0 0 0 0 0 0 0 0 0 0 0 0 0 0 0 0 0 0 0 0 0 0 0 0 0 0 0 0 0 0 0 0 0 0 0 0 0 0 0 0 0 0 0 0 0 0 0 0 0 0 0 0 0 0 0 0 0 0 0 0 0 0 0 0 0 0 0 0 0 0 0 0 0 0 0 0 0 0 0 0 0 0 0 0 0 0 0 0 0 0 0 0 0 0 0 0 0 0 0 0 0 0 0 0 0 0 0 0 0 0 0 0 0 0 0 0 0 0 0 0 0 0 0 0 0 0 0 0 0 0 0 0 0 0 0 0 0 0 0 0 0 0 0 0 0 0 0 0 0 0 0 0 0 0 0 0 0 0 0 0 0 0 0 0 0 0 0 0 0 0 0 0 0 0 0 0 0 0 0 0 0 0 0 0 0 0 0 0 0 0 0 0 0 0 0 0 0 0 0 0 0 0 0 0 0 0 0 0 0 0 0 0 0 0 0 0 0 0 0 0 0 0 0 0 0 0 0 0 0 0 0 0 0 0 0 0 0 0 0 0 0 0 0 0 0 0 0 0 0 0 0 0 0 0 0 0 0 0 0 0 0 0 0 0 0 0 0 0 0 0 0 0 0 0 0 0 0 0 0 0 0 0 0 0 0 0 0 0 0 0 0 0 0 0 0 0 0 0 0 0 0 0 0 0 0 0 0 0 0 0 0 0 0 0 0 0 0 0 0 0 0 0 0 0 0 0 0 0 0 0 0 0 0 0 0 0 0 0 0 0 0 0 0 0 0 0 0 0 0 0 0 0 0 0 0 0 0 0 0 0 0 0 0 0 0 0 0 0 0 0 0 0 0 0 0 0 0 0 0 0 0 0 0 0 0 0 0 0 0 0 0 0 0 0
ctxt 5240107275
btime 1790630938
processes 815200
procs_running 11
procs_blocked 0
softirq 4737852875 73526 12637827 2753162 313187991 509300 0 13560088 52718170 421 47445094
