Running 10s test @ http://127.0.0.1:18500/api/json
  16 threads and 32 connections
  Thread Stats   Avg      Stdev     Max   +/- Stdev
    Latency     5.33ms  485.24us   6.15ms   98.63%
    Req/Sec   376.94    125.67     5.39k    99.94%
  Latency Distribution
     50%    5.35ms
     75%    5.40ms
     90%    5.50ms
     99%    5.74ms
  60126 requests in 10.10s, 12.04MB read
Requests/sec:   5953.17
Transfer/sec:      1.19MB
## server-stat
cpu  3221781 1411 1573827 41502433 123509 0 773759 0 0 0
cpu0 118480 27 44036 1301466 2026 0 24318 0 0 0
cpu1 122736 30 45446 1300784 2097 0 24382 0 0 0
cpu2 124101 30 45613 1300114 1826 0 24544 0 0 0
cpu3 180794 29 63350 1210173 1918 0 39197 0 0 0
cpu4 183125 33 62683 1210137 1684 0 39245 0 0 0
cpu5 130969 31 47522 1290624 1893 0 25587 0 0 0
cpu6 131696 28 47836 1289828 1679 0 26359 0 0 0
cpu7 139607 26 51394 1276049 1466 0 29219 0 0 0
cpu8 40701 49 42842 1355682 4394 0 13301 0 0 0
cpu9 46451 55 45887 1333817 6789 0 14458 0 0 0
cpu10 44246 54 44322 1341640 4797 0 14294 0 0 0
cpu11 40544 50 40330 1360690 3723 0 12731 0 0 0
cpu12 78418 130 49430 1295262 8686 0 15595 0 0 0
cpu13 75096 61 50338 1295241 9042 0 15919 0 0 0
cpu14 40309 49 39682 1363978 3682 0 12448 0 0 0
cpu15 37550 51 36430 1376953 3646 0 11309 0 0 0
cpu16 159647 24 55613 1247112 2171 0 33065 0 0 0
cpu17 149635 24 53791 1259039 3307 0 31516 0 0 0
cpu18 143915 24 52704 1268106 2136 0 30782 0 0 0
cpu19 232352 24 75128 1138460 1656 0 49027 0 0 0
cpu20 209789 23 71214 1166953 2390 0 46856 0 0 0
cpu21 138799 26 51539 1273736 3063 0 29963 0 0 0
cpu22 131297 30 49718 1284745 2449 0 28212 0 0 0
cpu23 114375 29 44143 1313421 2259 0 23540 0 0 0
cpu24 43462 52 41079 1359659 4472 0 13421 0 0 0
cpu25 48563 56 45879 1336213 6296 0 15842 0 0 0
cpu26 46513 51 44783 1342239 5525 0 15403 0 0 0
cpu27 39303 39 39847 1351592 4589 0 21297 0 0 0
cpu28 72450 75 53152 1282217 7652 0 28344 0 0 0
cpu29 76129 113 55086 1271392 8280 0 28861 0 0 0
cpu30 38766 36 41361 1344907 4230 0 21272 0 0 0
cpu31 41950 37 41635 1360188 3668 0 13436 0 0 0
intr 3146812061 126 0 0 0 0 0 0 0 0 1 0 0 0 0 0 0 0 0 0 0 0 0 0 0 0 0 0 1 1 1 0 0 0 0 1 0 1 0 0 75045 0 0 0 0 0 0 0 0 411 0 0 0 0 0 0 0 0 87 0 0 0 0 0 0 0 0 0 0 0 0 0 0 0 397989 2 35047616 34988813 34906775 35045841 0 12432 5084 5804 4928 4559 5022 5120 5708 4117 22096 31675 22212 17494 27090 27818 18255 14661 6329 6190 5676 4088 5757 7097 6494 5007 18490 21327 19110 16602 20439 21634 13975 15895 0 0 0 0 617017 4302 1036 0 264 0 0 0 0 0 0 0 0 0 0 0 0 0 0 0 0 0 0 0 0 0 0 0 0 0 0 0 0 0 0 0 0 0 0 0 0 0 0 0 0 0 0 0 0 0 0 0 0 0 0 0 0 0 0 0 0 0 0 0 0 0 0 0 0 0 0 0 0 0 0 0 0 0 0 0 0 0 0 0 0 0 0 0 0 0 0 0 0 0 0 0 0 0 0 0 0 0 0 0 0 0 0 0 0 0 0 0 0 0 0 0 0 0 0 0 0 0 0 0 0 0 0 0 0 0 0 0 0 0 0 0 0 0 0 0 0 0 0 0 0 0 0 0 0 0 0 0 0 0 0 0 0 0 0 0 0 0 0 0 0 0 0 0 0 0 0 0 0 0 0 0 0 0 0 0 0 0 0 0 0 0 0 0 0 0 0 0 0 0 0 0 0 0 0 0 0 0 0 0 0 0 0 0 0 0 0 0 0 0 0 0 0 0 0 0 0 0 0 0 0 0 0 0 0 0 0 0 0 0 0 0 0 0 0 0 0 0 0 0 0 0 0 0 0 0 0 0 0 0 0 0 0 0 0 0 0 0 0 0 0 0 0 0 0 0 0 0 0 0 0 0 0 0 0 0 0 0 0 0 0 0 0 0 0 0 0 0 0 0 0 0 0 0 0 0 0 0 0 0 0 0 0 0 0 0 0 0 0 0 0 0 0 0 0 0 0 0 0 0 0 0 0 0 0 0 0 0 0 0 0 0 0 0 0 0 0 0 0 0 0 0 0 0 0 0 0 0 0 0 0 0 0 0 0 0 0 0 0 0 0 0 0 0 0 0 0 0 0 0 0 0 0 0 0 0 0 0 0 0 0 0 0 0 0 0 0 0 0 0 0 0 0 0 0 0 0 0 0 0 0 0 0 0 0 0 0 0 0 0 0 0 0 0 0 0 0 0 0 0 0 0 0 0 0 0 0 0 0 0 0 0 0 0 0 0 0 0 0 0 0 0 0 0 0 0 0 0 0 0 0 0 0 0 0 0 0 0 0 0 0 0 0 0 0 0 0 0 0 0 0 0 0 0 0 0 0 0 0 0 0 0 0 0 0 0 0 0 0 0 0 0 0 0 0 0 0 0 0 0 0 0 0 0 0 0 0 0 0 0 0 0 0 0 0 0 0 0 0 0 0 0 0 0 0 0 0 0 0 0 0 0 0 0 0 0 0 0 0 0 0 0 0 0 0 0 0 0 0 0 0 0 0 0 0 0 0 0 0 0 0 0 0 0 0 0 0 0 0 0 0 0 0 0 0 0 0 0 0 0 0 0 0 0 0 0 0 0 0 0 0 0 0 0 0 0 0 0 0 0 0 0 0 0 0 0 0 0 0 0 0 0 0 0 0 0 0 0 0 0 0 0 0 0 0 0 0 0 0 0 0 0 0 0 0 0 0 0 0 0 0 0 0 0 0 0 0 0 0 0 0 0 0 0 0 0 0 0 0 0 0 0 0 0 0 0 0 0 0 0 0 0 0 0 0 0 0 0 0 0 0 0 0 0 0 0 0 0 0 0 0 0 0 0 0 0 0 0 0 0 0 0 0 0 0 0 0 0 0 0 0 0 0 0 0 0 0 0 0 0 0 0 0 0 0 0 0 0 0 0 0 0 0 0 0 0 0 0 0 0 0 0 0 0 0 0 0 0 0 0 0 0 0 0 0 0 0 0 0 0 0 0 0 0 0 0 0 0 0 0 0 0 0 0 0 0 0 0 0 0 0 0 0 0 0 0 0 0 0 0 0 0 0 0 0 0 0 0 0 0 0 0 0 0 0 0 0 0 0 0 0 0 0 0 0 0 0 0 0 0 0 0 0 0 0 0 0 0 0 0 0 0 0 0 0 0 0 0 0 0 0 0 0 0 0 0 0 0 0 0 0 0 0 0 0 0 0 0 0 0 0 0 0 0 0 0 0 0 0 0 0 0 0 0 0 0 0 0 0 0 0 0 0 0 0 0 0 0 0 0 0 0 0 0 0 0 0 0 0 0 0 0 0 0 0 0 0 0 0 0 0 0 0 0 0 0 0 0 0 0 0 0 0 0 0 0 0 0 0 0 0 0 0 0 0 0 0 0 0 0 0 0 0 0 0 0 0 0 0 0 0 0 0 0 0 0 0 0 0 0 0 0 0 0 0 0 0 0 0 0 0 0 0 0 0 0 0 0 0 0 0 0 0 0 0 0 0 0 0 0 0 0 0 0 0 0 0 0 0 0 0 0 0 0 0 0 0 0 0 0 0 0 0 0 0 0 0 0 0 0 0 0 0 0 0 0 0 0 0 0 0 0 0 0 0 0 0 0 0 0 0 0 0 0 0 0 0 0 0 0 0 0 0 0 0 0 0 0 0 0 0 0 0 0 0 0 0 0 0 0 0 0 0 0 0 0 0 0 0 0 0 0 0 0 0 0 0 0 0 0 0 0 0 0 0 0 0 0 0 0 0 0 0
ctxt 4963863111
btime 1790630938
processes 483421
procs_running 6
procs_blocked 0
softirq 4540812526 73526 10993963 2753132 132820858 416566 0 13559673 48443669 421 36783422
--
cpu  3223468 1412 1573903 41526056 123540 0 773808 0 0 0
cpu0 118498 27 44040 1302223 2026 0 24350 0 0 0
cpu1 122751 30 45450 1301556 2097 0 24385 0 0 0
cpu2 124106 30 45615 1300899 1826 0 24545 0 0 0
cpu3 181076 29 63359 1210679 1918 0 39197 0 0 0
cpu4 183339 33 62687 1210718 1684 0 39245 0 0 0
cpu5 130975 31 47525 1291407 1893 0 25588 0 0 0
cpu6 131698 28 47837 1290615 1679 0 26360 0 0 0
cpu7 139609 26 51396 1276840 1466 0 29219 0 0 0
cpu8 40703 49 42843 1356474 4394 0 13301 0 0 0
cpu9 46451 55 45887 1334609 6789 0 14459 0 0 0
cpu10 44248 54 44323 1342426 4797 0 14295 0 0 0
cpu11 40546 50 40331 1361484 3724 0 12731 0 0 0
cpu12 78442 130 49432 1296032 8686 0 15595 0 0 0
cpu13 75114 61 50340 1296012 9043 0 15920 0 0 0
cpu14 40310 49 39683 1364768 3682 0 12448 0 0 0
cpu15 37550 51 36431 1377746 3646 0 11309 0 0 0
cpu16 159654 24 55615 1247894 2171 0 33067 0 0 0
cpu17 149641 24 53794 1259818 3307 0 31518 0 0 0
cpu18 143919 24 52705 1268892 2136 0 30783 0 0 0
cpu19 232842 24 75140 1138755 1656 0 49028 0 0 0
cpu20 210346 23 71226 1167182 2390 0 46856 0 0 0
cpu21 138804 26 51542 1274520 3063 0 29965 0 0 0
cpu22 131299 30 49719 1285536 2449 0 28212 0 0 0
cpu23 114377 29 44144 1314212 2259 0 23540 0 0 0
cpu24 43462 52 41080 1360456 4472 0 13421 0 0 0
cpu25 48564 56 45879 1337011 6296 0 15842 0 0 0
cpu26 46513 51 44783 1343038 5525 0 15403 0 0 0
cpu27 39303 39 39847 1352391 4589 0 21297 0 0 0
cpu28 72451 75 53152 1282984 7682 0 28344 0 0 0
cpu29 76143 113 55088 1272172 8280 0 28861 0 0 0
cpu30 38766 36 41361 1345705 4230 0 21272 0 0 0
cpu31 41951 37 41635 1360985 3668 0 13436 0 0 0
intr 3147291745 126 0 0 0 0 0 0 0 0 1 0 0 0 0 0 0 0 0 0 0 0 0 0 0 0 0 0 1 1 1 0 0 0 0 1 0 1 0 0 75045 0 0 0 0 0 0 0 0 411 0 0 0 0 0 0 0 0 87 0 0 0 0 0 0 0 0 0 0 0 0 0 0 0 398275 2 35047658 34988861 34906811 35045868 0 12436 5085 5804 4928 4559 5022 5120 5708 4117 22096 31675 22212 17497 27090 27818 18255 14662 6329 6190 5676 4088 5757 7097 6494 5007 18491 21327 19111 16602 20439 21634 13975 15895 0 0 0 0 617017 4302 1036 0 264 0 0 0 0 0 0 0 0 0 0 0 0 0 0 0 0 0 0 0 0 0 0 0 0 0 0 0 0 0 0 0 0 0 0 0 0 0 0 0 0 0 0 0 0 0 0 0 0 0 0 0 0 0 0 0 0 0 0 0 0 0 0 0 0 0 0 0 0 0 0 0 0 0 0 0 0 0 0 0 0 0 0 0 0 0 0 0 0 0 0 0 0 0 0 0 0 0 0 0 0 0 0 0 0 0 0 0 0 0 0 0 0 0 0 0 0 0 0 0 0 0 0 0 0 0 0 0 0 0 0 0 0 0 0 0 0 0 0 0 0 0 0 0 0 0 0 0 0 0 0 0 0 0 0 0 0 0 0 0 0 0 0 0 0 0 0 0 0 0 0 0 0 0 0 0 0 0 0 0 0 0 0 0 0 0 0 0 0 0 0 0 0 0 0 0 0 0 0 0 0 0 0 0 0 0 0 0 0 0 0 0 0 0 0 0 0 0 0 0 0 0 0 0 0 0 0 0 0 0 0 0 0 0 0 0 0 0 0 0 0 0 0 0 0 0 0 0 0 0 0 0 0 0 0 0 0 0 0 0 0 0 0 0 0 0 0 0 0 0 0 0 0 0 0 0 0 0 0 0 0 0 0 0 0 0 0 0 0 0 0 0 0 0 0 0 0 0 0 0 0 0 0 0 0 0 0 0 0 0 0 0 0 0 0 0 0 0 0 0 0 0 0 0 0 0 0 0 0 0 0 0 0 0 0 0 0 0 0 0 0 0 0 0 0 0 0 0 0 0 0 0 0 0 0 0 0 0 0 0 0 0 0 0 0 0 0 0 0 0 0 0 0 0 0 0 0 0 0 0 0 0 0 0 0 0 0 0 0 0 0 0 0 0 0 0 0 0 0 0 0 0 0 0 0 0 0 0 0 0 0 0 0 0 0 0 0 0 0 0 0 0 0 0 0 0 0 0 0 0 0 0 0 0 0 0 0 0 0 0 0 0 0 0 0 0 0 0 0 0 0 0 0 0 0 0 0 0 0 0 0 0 0 0 0 0 0 0 0 0 0 0 0 0 0 0 0 0 0 0 0 0 0 0 0 0 0 0 0 0 0 0 0 0 0 0 0 0 0 0 0 0 0 0 0 0 0 0 0 0 0 0 0 0 0 0 0 0 0 0 0 0 0 0 0 0 0 0 0 0 0 0 0 0 0 0 0 0 0 0 0 0 0 0 0 0 0 0 0 0 0 0 0 0 0 0 0 0 0 0 0 0 0 0 0 0 0 0 0 0 0 0 0 0 0 0 0 0 0 0 0 0 0 0 0 0 0 0 0 0 0 0 0 0 0 0 0 0 0 0 0 0 0 0 0 0 0 0 0 0 0 0 0 0 0 0 0 0 0 0 0 0 0 0 0 0 0 0 0 0 0 0 0 0 0 0 0 0 0 0 0 0 0 0 0 0 0 0 0 0 0 0 0 0 0 0 0 0 0 0 0 0 0 0 0 0 0 0 0 0 0 0 0 0 0 0 0 0 0 0 0 0 0 0 0 0 0 0 0 0 0 0 0 0 0 0 0 0 0 0 0 0 0 0 0 0 0 0 0 0 0 0 0 0 0 0 0 0 0 0 0 0 0 0 0 0 0 0 0 0 0 0 0 0 0 0 0 0 0 0 0 0 0 0 0 0 0 0 0 0 0 0 0 0 0 0 0 0 0 0 0 0 0 0 0 0 0 0 0 0 0 0 0 0 0 0 0 0 0 0 0 0 0 0 0 0 0 0 0 0 0 0 0 0 0 0 0 0 0 0 0 0 0 0 0 0 0 0 0 0 0 0 0 0 0 0 0 0 0 0 0 0 0 0 0 0 0 0 0 0 0 0 0 0 0 0 0 0 0 0 0 0 0 0 0 0 0 0 0 0 0 0 0 0 0 0 0 0 0 0 0 0 0 0 0 0 0 0 0 0 0 0 0 0 0 0 0 0 0 0 0 0 0 0 0 0 0 0 0 0 0 0 0 0 0 0 0 0 0 0 0 0 0 0 0 0 0 0 0 0 0 0 0 0 0 0 0 0 0 0 0 0 0 0 0 0 0 0 0 0 0 0 0 0 0 0 0 0 0 0 0 0 0 0 0 0 0 0 0 0 0 0 0 0 0 0 0 0 0 0 0 0 0 0 0 0 0 0 0 0 0 0 0 0 0 0 0 0 0 0 0 0 0 0 0 0 0 0 0 0 0 0 0 0 0 0 0 0 0 0 0 0 0 0 0 0 0 0 0 0 0 0 0 0 0 0 0 0 0 0 0 0 0 0 0 0 0 0 0 0 0 0 0 0 0 0 0 0 0 0 0 0 0 0 0 0 0 0 0 0 0 0 0 0 0 0 0 0 0 0 0 0 0 0 0 0 0 0 0 0 0 0 0 0 0 0 0 0 0 0 0 0 0 0 0 0 0 0 0 0 0 0 0 0 0 0 0 0 0 0 0 0 0
ctxt 4964692459
btime 1790630938
processes 483473
procs_running 3
procs_blocked 0
softirq 4541038917 73526 11005164 2753132 133011780 416865 0 13559673 48456526 421 36794534
