Running 10s test @ http://127.0.0.1:18500/usleep?ms=10
  16 threads and 1000 connections
  Thread Stats   Avg      Stdev     Max   +/- Stdev
    Latency    85.24ms    9.31ms 103.97ms   81.89%
    Req/Sec   727.70     58.45     1.44k    73.27%
  Latency Distribution
     50%   87.64ms
     75%   89.13ms
     90%   98.63ms
     99%  101.31ms
  116010 requests in 10.10s, 17.15MB read
Requests/sec:  11489.06
Transfer/sec:      1.70MB
## server-stat
cpu  3444333 1548 1621828 46329189 328100 0 784236 0 0 0
cpu0 126325 28 45589 1454844 4202 0 25004 0 0 0
cpu1 128871 33 46816 1456282 4972 0 24738 0 0 0
cpu2 130110 33 46915 1455894 4856 0 24808 0 0 0
cpu3 204001 32 67438 1345799 3717 0 40644 0 0 0
cpu4 206096 36 66331 1345814 4243 0 40837 0 0 0
cpu5 137358 34 48867 1445624 5423 0 25813 0 0 0
cpu6 137085 32 48959 1445775 5583 0 26558 0 0 0
cpu7 144295 29 52423 1432627 5581 0 29390 0 0 0
cpu8 41139 56 43495 1512303 12519 0 13348 0 0 0
cpu9 47154 61 46639 1488634 15569 0 14533 0 0 0
cpu10 44774 62 45024 1496735 13709 0 14351 0 0 0
cpu11 40937 57 40964 1516652 12493 0 12771 0 0 0
cpu12 81814 136 50486 1446298 17694 0 15716 0 0 0
cpu13 78343 68 51440 1445974 18251 0 16062 0 0 0
cpu14 40764 57 40405 1520052 11812 0 12503 0 0 0
cpu15 37878 58 37083 1533449 11994 0 11354 0 0 0
cpu16 171415 27 57415 1396424 5526 0 33337 0 0 0
cpu17 160957 26 55554 1408227 7233 0 31795 0 0 0
cpu18 153608 26 54285 1418447 6738 0 31054 0 0 0
cpu19 271261 25 80982 1256781 3348 0 50694 0 0 0
cpu20 241468 25 75792 1293188 5151 0 48135 0 0 0
cpu21 146830 29 53063 1425407 8086 0 30240 0 0 0
cpu22 137925 33 51108 1437533 7935 0 28477 0 0 0
cpu23 119007 31 45371 1468602 7569 0 23745 0 0 0
cpu24 44024 59 41827 1514629 14243 0 13458 0 0 0
cpu25 49198 60 46659 1490684 16244 0 15892 0 0 0
cpu26 47095 56 45542 1496975 15461 0 15451 0 0 0
cpu27 39788 45 40581 1507042 14262 0 21331 0 0 0
cpu28 74698 79 54160 1433260 18615 0 28441 0 0 0
cpu29 78537 116 56129 1422124 19239 0 28968 0 0 0
cpu30 39179 42 42097 1500879 13064 0 21311 0 0 0
cpu31 42385 42 42375 1516215 12751 0 13462 0 0 0
intr 3229601405 126 0 0 0 0 0 0 0 0 1 0 0 0 0 0 0 0 0 0 0 0 0 0 0 0 0 0 1 1 1 0 0 0 0 1 0 1 0 0 75045 0 0 0 0 0 0 0 0 411 0 0 0 0 0 0 0 0 87 0 0 0 0 0 0 0 0 0 0 0 0 0 0 0 464920 2 35055106 34994458 34910495 35051189 0 13771 9333 10267 10343 7543 8627 10865 12441 9709 34930 47637 36795 31252 45860 45321 29169 25601 11494 12463 14936 6589 10049 13880 14099 12558 32173 39252 35540 29817 42362 46099 26427 28634 0 0 0 0 617129 4431 1036 0 264 0 0 0 0 0 0 0 0 0 0 0 0 0 0 0 0 0 0 0 0 0 0 0 0 0 0 0 0 0 0 0 0 0 0 0 0 0 0 0 0 0 0 0 0 0 0 0 0 0 0 0 0 0 0 0 0 0 0 0 0 0 0 0 0 0 0 0 0 0 0 0 0 0 0 0 0 0 0 0 0 0 0 0 0 0 0 0 0 0 0 0 0 0 0 0 0 0 0 0 0 0 0 0 0 0 0 0 0 0 0 0 0 0 0 0 0 0 0 0 0 0 0 0 0 0 0 0 0 0 0 0 0 0 0 0 0 0 0 0 0 0 0 0 0 0 0 0 0 0 0 0 0 0 0 0 0 0 0 0 0 0 0 0 0 0 0 0 0 0 0 0 0 0 0 0 0 0 0 0 0 0 0 0 0 0 0 0 0 0 0 0 0 0 0 0 0 0 0 0 0 0 0 0 0 0 0 0 0 0 0 0 0 0 0 0 0 0 0 0 0 0 0 0 0 0 0 0 0 0 0 0 0 0 0 0 0 0 0 0 0 0 0 0 0 0 0 0 0 0 0 0 0 0 0 0 0 0 0 0 0 0 0 0 0 0 0 0 0 0 0 0 0 0 0 0 0 0 0 0 0 0 0 0 0 0 0 0 0 0 0 0 0 0 0 0 0 0 0 0 0 0 0 0 0 0 0 0 0 0 0 0 0 0 0 0 0 0 0 0 0 0 0 0 0 0 0 0 0 0 0 0 0 0 0 0 0 0 0 0 0 0 0 0 0 0 0 0 0 0 0 0 0 0 0 0 0 0 0 0 0 0 0 0 0 0 0 0 0 0 0 0 0 0 0 0 0 0 0 0 0 0 0 0 0 0 0 0 0 0 0 0 0 0 0 0 0 0 0 0 0 0 0 0 0 0 0 0 0 0 0 0 0 0 0 0 0 0 0 0 0 0 0 0 0 0 0 0 0 0 0 0 0 0 0 0 0 0 0 0 0 0 0 0 0 0 0 0 0 0 0 0 0 0 0 0 0 0 0 0 0 0 0 0 0 0 0 0 0 0 0 0 0 0 0 0 0 0 0 0 0 0 0 0 0 0 0 0 0 0 0 0 0 0 0 0 0 0 0 0 0 0 0 0 0 0 0 0 0 0 0 0 0 0 0 0 0 0 0 0 0 0 0 0 0 0 0 0 0 0 0 0 0 0 0 0 0 0 0 0 0 0 0 0 0 0 0 0 0 0 0 0 0 0 0 0 0 0 0 0 0 0 0 0 0 0 0 0 0 0 0 0 0 0 0 0 0 0 0 0 0 0 0 0 0 0 0 0 0 0 0 0 0 0 0 0 0 0 0 0 0 0 0 0 0 0 0 0 0 0 0 0 0 0 0 0 0 0 0 0 0 0 0 0 0 0 0 0 0 0 0 0 0 0 0 0 0 0 0 0 0 0 0 0 0 0 0 0 0 0 0 0 0 0 0 0 0 0 0 0 0 0 0 0 0 0 0 0 0 0 0 0 0 0 0 0 0 0 0 0 0 0 0 0 0 0 0 0 0 0 0 0 0 0 0 0 0 0 0 0 0 0 0 0 0 0 0 0 0 0 0 0 0 0 0 0 0 0 0 0 0 0 0 0 0 0 0 0 0 0 0 0 0 0 0 0 0 0 0 0 0 0 0 0 0 0 0 0 0 0 0 0 0 0 0 0 0 0 0 0 0 0 0 0 0 0 0 0 0 0 0 0 0 0 0 0 0 0 0 0 0 0 0 0 0 0 0 0 0 0 0 0 0 0 0 0 0 0 0 0 0 0 0 0 0 0 0 0 0 0 0 0 0 0 0 0 0 0 0 0 0 0 0 0 0 0 0 0 0 0 0 0 0 0 0 0 0 0 0 0 0 0 0 0 0 0 0 0 0 0 0 0 0 0 0 0 0 0 0 0 0 0 0 0 0 0 0 0 0 0 0 0 0 0 0 0 0 0 0 0 0 0 0 0 0 0 0 0 0 0 0 0 0 0 0 0 0 0 0 0 0 0 0 0 0 0 0 0 0 0 0 0 0 0 0 0 0 0 0 0 0 0 0 0 0 0 0 0 0 0 0 0 0 0 0 0 0 0 0 0 0 0 0 0 0 0 0 0 0 0 0 0 0 0 0 0 0 0 0 0 0 0 0 0 0 0 0 0 0 0 0 0 0 0 0 0 0 0 0 0 0 0 0 0 0 0 0 0 0 0 0 0 0 0 0 0 0 0 0 0 0 0 0 0 0 0 0 0 0 0 0 0 0 0 0 0 0 0 0 0 0 0 0 0 0 0 0 0 0 0 0 0 0 0 0 0 0 0 0 0 0 0 0 0 0 0 0 0 0 0 0 0 0 0 0 0 0 0 0 0 0 0 0 0 0 0 0 0 0 0 0 0 0 0 0 0 0 0 0 0 0 0 0 0 0 0 0 0 0 0 0 0 0 0 0 0 0 0 0 0 0 0 0
ctxt 5104901715
btime 1790630938
processes 755000
procs_running 3
procs_blocked 0
softirq 4615533819 73526 12119766 2753158 197245928 485671 0 13559992 51184546 421 43143515
--
cpu  3444883 1548 1621932 46353994 328115 0 784276 0 0 0
cpu0 126365 28 45595 1455592 4202 0 25009 0 0 0
cpu1 128888 33 46819 1457057 4972 0 24740 0 0 0
cpu2 130114 33 46916 1456688 4856 0 24809 0 0 0
cpu3 204148 32 67461 1346417 3717 0 40655 0 0 0
cpu4 206198 36 66347 1346488 4243 0 40844 0 0 0
cpu5 137379 34 48872 1446398 5423 0 25814 0 0 0
cpu6 137086 32 48960 1446573 5583 0 26558 0 0 0
cpu7 144298 29 52424 1433422 5581 0 29390 0 0 0
cpu8 41141 56 43497 1513092 12519 0 13348 0 0 0
cpu9 47156 61 46641 1489408 15583 0 14534 0 0 0
cpu10 44777 62 45026 1497524 13710 0 14352 0 0 0
cpu11 40939 57 40965 1517446 12493 0 12771 0 0 0
cpu12 81835 136 50489 1447066 17695 0 15717 0 0 0
cpu13 78358 68 51444 1446746 18251 0 16063 0 0 0
cpu14 40767 57 40406 1520843 11812 0 12503 0 0 0
cpu15 37880 58 37084 1534242 11994 0 11354 0 0 0
cpu16 171434 27 57418 1397202 5526 0 33338 0 0 0
cpu17 160957 26 55554 1409026 7233 0 31795 0 0 0
cpu18 153608 26 54285 1419246 6738 0 31054 0 0 0
cpu19 271354 25 81000 1257464 3348 0 50700 0 0 0
cpu20 241497 25 75797 1293951 5151 0 48138 0 0 0
cpu21 146831 29 53063 1426204 8086 0 30240 0 0 0
cpu22 137927 33 51108 1438329 7935 0 28477 0 0 0
cpu23 119007 31 45371 1469401 7569 0 23745 0 0 0
cpu24 44026 59 41829 1515421 14243 0 13459 0 0 0
cpu25 49198 60 46659 1491478 16244 0 15892 0 0 0
cpu26 47095 56 45543 1497770 15461 0 15452 0 0 0
cpu27 39788 45 40581 1507840 14262 0 21331 0 0 0
cpu28 74700 79 54161 1434050 18615 0 28441 0 0 0
cpu29 78549 116 56130 1422909 19239 0 28968 0 0 0
cpu30 39181 42 42097 1501675 13064 0 21311 0 0 0
cpu31 42386 42 42376 1517011 12751 0 13462 0 0 0
intr 3229872077 126 0 0 0 0 0 0 0 0 1 0 0 0 0 0 0 0 0 0 0 0 0 0 0 0 0 0 1 1 1 0 0 0 0 1 0 1 0 0 75045 0 0 0 0 0 0 0 0 411 0 0 0 0 0 0 0 0 87 0 0 0 0 0 0 0 0 0 0 0 0 0 0 0 465087 2 35055151 34994497 34910533 35051233 0 13775 9333 10267 10343 7543 8628 10865 12441 9709 34930 47637 36796 31252 45860 45321 29169 25601 11494 12463 14936 6589 10049 13880 14099 12558 32173 39255 35540 29817 42362 46099 26427 28634 0 0 0 0 617129 4431 1036 0 264 0 0 0 0 0 0 0 0 0 0 0 0 0 0 0 0 0 0 0 0 0 0 0 0 0 0 0 0 0 0 0 0 0 0 0 0 0 0 0 0 0 0 0 0 0 0 0 0 0 0 0 0 0 0 0 0 0 0 0 0 0 0 0 0 0 0 0 0 0 0 0 0 0 0 0 0 0 0 0 0 0 0 0 0 0 0 0 0 0 0 0 0 0 0 0 0 0 0 0 0 0 0 0 0 0 0 0 0 0 0 0 0 0 0 0 0 0 0 0 0 0 0 0 0 0 0 0 0 0 0 0 0 0 0 0 0 0 0 0 0 0 0 0 0 0 0 0 0 0 0 0 0 0 0 0 0 0 0 0 0 0 0 0 0 0 0 0 0 0 0 0 0 0 0 0 0 0 0 0 0 0 0 0 0 0 0 0 0 0 0 0 0 0 0 0 0 0 0 0 0 0 0 0 0 0 0 0 0 0 0 0 0 0 0 0 0 0 0 0 0 0 0 0 0 0 0 0 0 0 0 0 0 0 0 0 0 0 0 0 0 0 0 0 0 0 0 0 0 0 0 0 0 0 0 0 0 0 0 0 0 0 0 0 0 0 0 0 0 0 0 0 0 0 0 0 0 0 0 0 0 0 0 0 0 0 0 0 0 0 0 0 0 0 0 0 0 0 0 0 0 0 0 0 0 0 0 0 0 0 0 0 0 0 0 0 0 0 0 0 0 0 0 0 0 0 0 0 0 0 0 0 0 0 0 0 0 0 0 0 0 0 0 0 0 0 0 0 0 0 0 0 0 0 0 0 0 0 0 0 0 0 0 0 0 0 0 0 0 0 0 0 0 0 0 0 0 0 0 0 0 0 0 0 0 0 0 0 0 0 0 0 0 0 0 0 0 0 0 0 0 0 0 0 0 0 0 0 0 0 0 0 0 0 0 0 0 0 0 0 0 0 0 0 0 0 0 0 0 0 0 0 0 0 0 0 0 0 0 0 0 0 0 0 0 0 0 0 0 0 0 0 0 0 0 0 0 0 0 0 0 0 0 0 0 0 0 0 0 0 0 0 0 0 0 0 0 0 0 0 0 0 0 0 0 0 0 0 0 0 0 0 0 0 0 0 0 0 0 0 0 0 0 0 0 0 0 0 0 0 0 0 0 0 0 0 0 0 0 0 0 0 0 0 0 0 0 0 0 0 0 0 0 0 0 0 0 0 0 0 0 0 0 0 0 0 0 0 0 0 0 0 0 0 0 0 0 0 0 0 0 0 0 0 0 0 0 0 0 0 0 0 0 0 0 0 0 0 0 0 0 0 0 0 0 0 0 0 0 0 0 0 0 0 0 0 0 0 0 0 0 0 0 0 0 0 0 0 0 0 0 0 0 0 0 0 0 0 0 0 0 0 0 0 0 0 0 0 0 0 0 0 0 0 0 0 0 0 0 0 0 0 0 0 0 0 0 0 0 0 0 0 0 0 0 0 0 0 0 0 0 0 0 0 0 0 0 0 0 0 0 0 0 0 0 0 0 0 0 0 0 0 0 0 0 0 0 0 0 0 0 0 0 0 0 0 0 0 0 0 0 0 0 0 0 0 0 0 0 0 0 0 0 0 0 0 0 0 0 0 0 0 0 0 0 0 0 0 0 0 0 0 0 0 0 0 0 0 0 0 0 0 0 0 0 0 0 0 0 0 0 0 0 0 0 0 0 0 0 0 0 0 0 0 0 0 0 0 0 0 0 0 0 0 0 0 0 0 0 0 0 0 0 0 0 0 0 0 0 0 0 0 0 0 0 0 0 0 0 0 0 0 0 0 0 0 0 0 0 0 0 0 0 0 0 0 0 0 0 0 0 0 0 0 0 0 0 0 0 0 0 0 0 0 0 0 0 0 0 0 0 0 0 0 0 0 0 0 0 0 0 0 0 0 0 0 0 0 0 0 0 0 0 0 0 0 0 0 0 0 0 0 0 0 0 0 0 0 0 0 0 0 0 0 0 0 0 0 0 0 0 0 0 0 0 0 0 0 0 0 0 0 0 0 0 0 0 0 0 0 0 0 0 0 0 0 0 0 0 0 0 0 0 0 0 0 0 0 0 0 0 0 0 0 0 0 0 0 0 0 0 0 0 0 0 0 0 0 0 0 0 0 0 0 0 0 0 0 0 0 0 0 0 0 0 0 0 0 0 0 0 0 0 0 0 0 0 0 0 0 0 0 0 0 0 0 0 0 0 0 0 0 0 0 0 0 0 0 0 0 0 0 0 0 0 0 0 0 0 0 0 0 0 0 0 0 0 0 0 0 0 0 0 0 0 0 0 0 0 0 0 0 0 0 0 0 0 0 0 0 0 0 0 0 0 0 0 0 0 0 0 0 0 0 0 0 0 0 0 0 0 0 0 0 0 0 0 0 0 0 0 0 0 0 0 0 0 0 0 0 0 0 0 0 0 0 0 0 0 0 0 0 0 0 0 0 0 0 0 0 0 0 0
ctxt 5105232034
btime 1790630938
processes 755042
procs_running 4
procs_blocked 0
softirq 4615895060 73526 12149227 2753159 197520553 485847 0 13559993 51208137 421 43176901
