Running 10s test @ http://127.0.0.1:18500/swerve/usleep?ms=10
  16 threads and 1000 connections
  Thread Stats   Avg      Stdev     Max   +/- Stdev
    Latency     7.54s     1.44s   10.00s    58.81%
    Req/Sec    26.85     15.12    80.00     67.16%
  Latency Distribution
     50%    7.54s 
     75%    8.77s 
     90%    9.51s 
     99%    9.95s 
  944 requests in 10.09s, 229.53KB read
  Socket errors: connect 0, read 0, write 0, timeout 2
Requests/sec:     93.53
Transfer/sec:     22.74KB
## server-stat
cpu  3283006 1477 1591931 43803104 216417 0 779793 0 0 0
cpu0 119925 27 44450 1375319 3396 0 24586 0 0 0
cpu1 123687 32 45825 1375186 3915 0 24506 0 0 0
cpu2 124806 31 45958 1374872 3661 0 24638 0 0 0
cpu3 190912 31 65593 1273634 2639 0 40327 0 0 0
cpu4 191900 35 64516 1274596 3200 0 40465 0 0 0
cpu5 131646 33 47864 1365323 3848 0 25665 0 0 0
cpu6 132208 30 48154 1364788 3621 0 26431 0 0 0
cpu7 140042 28 51688 1351360 3212 0 29273 0 0 0
cpu8 40880 52 43097 1429366 7662 0 13330 0 0 0
cpu9 46777 57 46202 1406527 10270 0 14507 0 0 0
cpu10 44473 58 44616 1414544 8304 0 14331 0 0 0
cpu11 40704 53 40579 1434032 7216 0 12757 0 0 0
cpu12 79896 132 49870 1366134 12344 0 15666 0 0 0
cpu13 76577 64 50821 1365716 12983 0 16003 0 0 0
cpu14 40494 53 39966 1437247 6953 0 12486 0 0 0
cpu15 37679 55 36691 1450616 6872 0 11340 0 0 0
cpu16 160836 25 56007 1320798 4592 0 33146 0 0 0
cpu17 150446 26 54165 1332751 6068 0 31596 0 0 0
cpu18 144551 25 53060 1341951 4978 0 30859 0 0 0
cpu19 247740 25 77938 1195801 2748 0 50146 0 0 0
cpu20 220327 24 73016 1229430 4547 0 47678 0 0 0
cpu21 139404 28 51921 1347597 5919 0 30036 0 0 0
cpu22 131786 31 50070 1359028 5081 0 28274 0 0 0
cpu23 114807 30 44461 1388124 4604 0 23585 0 0 0
cpu24 43685 55 41370 1432478 8560 0 13447 0 0 0
cpu25 48830 58 46185 1408639 10565 0 15878 0 0 0
cpu26 46752 53 45090 1414787 9814 0 15440 0 0 0
cpu27 39495 42 40132 1424763 8560 0 21324 0 0 0
cpu28 73305 77 53549 1353386 12268 0 28395 0 0 0
cpu29 77374 114 55507 1342247 12784 0 28915 0 0 0
cpu30 38931 38 41644 1418341 7827 0 21296 0 0 0
cpu31 42116 40 41913 1433708 7393 0 13453 0 0 0
intr 3192640315 126 0 0 0 0 0 0 0 0 1 0 0 0 0 0 0 0 0 0 0 0 0 0 0 0 0 0 1 1 1 0 0 0 0 1 0 1 0 0 75045 0 0 0 0 0 0 0 0 411 0 0 0 0 0 0 0 0 87 0 0 0 0 0 0 0 0 0 0 0 0 0 0 0 426968 2 35051157 34990723 34908724 35048395 0 13053 7788 8588 7688 5948 7008 7958 8542 6487 27799 39028 29377 23518 35878 35561 23406 19828 9870 10398 9892 5364 8844 10895 10120 8726 25443 29989 27808 22961 31184 32727 20303 22084 0 0 0 0 617069 4359 1036 0 264 0 0 0 0 0 0 0 0 0 0 0 0 0 0 0 0 0 0 0 0 0 0 0 0 0 0 0 0 0 0 0 0 0 0 0 0 0 0 0 0 0 0 0 0 0 0 0 0 0 0 0 0 0 0 0 0 0 0 0 0 0 0 0 0 0 0 0 0 0 0 0 0 0 0 0 0 0 0 0 0 0 0 0 0 0 0 0 0 0 0 0 0 0 0 0 0 0 0 0 0 0 0 0 0 0 0 0 0 0 0 0 0 0 0 0 0 0 0 0 0 0 0 0 0 0 0 0 0 0 0 0 0 0 0 0 0 0 0 0 0 0 0 0 0 0 0 0 0 0 0 0 0 0 0 0 0 0 0 0 0 0 0 0 0 0 0 0 0 0 0 0 0 0 0 0 0 0 0 0 0 0 0 0 0 0 0 0 0 0 0 0 0 0 0 0 0 0 0 0 0 0 0 0 0 0 0 0 0 0 0 0 0 0 0 0 0 0 0 0 0 0 0 0 0 0 0 0 0 0 0 0 0 0 0 0 0 0 0 0 0 0 0 0 0 0 0 0 0 0 0 0 0 0 0 0 0 0 0 0 0 0 0 0 0 0 0 0 0 0 0 0 0 0 0 0 0 0 0 0 0 0 0 0 0 0 0 0 0 0 0 0 0 0 0 0 0 0 0 0 0 0 0 0 0 0 0 0 0 0 0 0 0 0 0 0 0 0 0 0 0 0 0 0 0 0 0 0 0 0 0 0 0 0 0 0 0 0 0 0 0 0 0 0 0 0 0 0 0 0 0 0 0 0 0 0 0 0 0 0 0 0 0 0 0 0 0 0 0 0 0 0 0 0 0 0 0 0 0 0 0 0 0 0 0 0 0 0 0 0 0 0 0 0 0 0 0 0 0 0 0 0 0 0 0 0 0 0 0 0 0 0 0 0 0 0 0 0 0 0 0 0 0 0 0 0 0 0 0 0 0 0 0 0 0 0 0 0 0 0 0 0 0 0 0 0 0 0 0 0 0 0 0 0 0 0 0 0 0 0 0 0 0 0 0 0 0 0 0 0 0 0 0 0 0 0 0 0 0 0 0 0 0 0 0 0 0 0 0 0 0 0 0 0 0 0 0 0 0 0 0 0 0 0 0 0 0 0 0 0 0 0 0 0 0 0 0 0 0 0 0 0 0 0 0 0 0 0 0 0 0 0 0 0 0 0 0 0 0 0 0 0 0 0 0 0 0 0 0 0 0 0 0 0 0 0 0 0 0 0 0 0 0 0 0 0 0 0 0 0 0 0 0 0 0 0 0 0 0 0 0 0 0 0 0 0 0 0 0 0 0 0 0 0 0 0 0 0 0 0 0 0 0 0 0 0 0 0 0 0 0 0 0 0 0 0 0 0 0 0 0 0 0 0 0 0 0 0 0 0 0 0 0 0 0 0 0 0 0 0 0 0 0 0 0 0 0 0 0 0 0 0 0 0 0 0 0 0 0 0 0 0 0 0 0 0 0 0 0 0 0 0 0 0 0 0 0 0 0 0 0 0 0 0 0 0 0 0 0 0 0 0 0 0 0 0 0 0 0 0 0 0 0 0 0 0 0 0 0 0 0 0 0 0 0 0 0 0 0 0 0 0 0 0 0 0 0 0 0 0 0 0 0 0 0 0 0 0 0 0 0 0 0 0 0 0 0 0 0 0 0 0 0 0 0 0 0 0 0 0 0 0 0 0 0 0 0 0 0 0 0 0 0 0 0 0 0 0 0 0 0 0 0 0 0 0 0 0 0 0 0 0 0 0 0 0 0 0 0 0 0 0 0 0 0 0 0 0 0 0 0 0 0 0 0 0 0 0 0 0 0 0 0 0 0 0 0 0 0 0 0 0 0 0 0 0 0 0 0 0 0 0 0 0 0 0 0 0 0 0 0 0 0 0 0 0 0 0 0 0 0 0 0 0 0 0 0 0 0 0 0 0 0 0 0 0 0 0 0 0 0 0 0 0 0 0 0 0 0 0 0 0 0 0 0 0 0 0 0 0 0 0 0 0 0 0 0 0 0 0 0 0 0 0 0 0 0 0 0 0 0 0 0 0 0 0 0 0 0 0 0 0 0 0 0 0 0 0 0 0 0 0 0 0 0 0 0 0 0 0 0 0 0 0 0 0 0 0 0 0 0 0 0 0 0 0 0 0 0 0 0 0 0 0 0 0 0 0 0 0 0 0 0 0 0 0 0 0 0 0 0 0 0 0 0 0 0 0 0 0 0 0 0 0 0 0 0 0 0 0 0 0 0 0 0 0 0 0 0 0 0 0 0 0 0 0 0 0 0 0 0 0 0 0 0 0 0 0 0 0 0 0 0 0 0 0 0 0 0 0 0 0 0 0 0 0 0 0 0 0 0 0 0 0 0 0 0 0 0 0 0 0 0 0 0 0 0 0 0 0 0 0 0 0 0 0 0 0 0 0 0 0 0 0 0 0 0 0 0 0 0 0 0
ctxt 5045915225
btime 1790630938
processes 587359
procs_running 1
procs_blocked 0
softirq 4588801008 73526 11407240 2753147 177060135 446552 0 13559808 49536070 421 38996813
--
cpu  3283112 1477 1591949 43828528 216434 0 779795 0 0 0
cpu0 119926 27 44450 1376114 3396 0 24587 0 0 0
cpu1 123687 32 45825 1375985 3915 0 24506 0 0 0
cpu2 124807 31 45958 1375671 3661 0 24638 0 0 0
cpu3 190937 31 65596 1274403 2639 0 40327 0 0 0
cpu4 191909 35 64518 1275383 3200 0 40465 0 0 0
cpu5 131646 33 47864 1366122 3848 0 25665 0 0 0
cpu6 132208 30 48155 1365587 3621 0 26431 0 0 0
cpu7 140042 28 51688 1352159 3212 0 29273 0 0 0
cpu8 40880 52 43097 1430165 7662 0 13330 0 0 0
cpu9 46777 57 46202 1407325 10270 0 14507 0 0 0
cpu10 44474 58 44616 1415342 8304 0 14331 0 0 0
cpu11 40704 53 40579 1434831 7217 0 12757 0 0 0
cpu12 79927 132 49871 1366899 12344 0 15667 0 0 0
cpu13 76592 64 50823 1366496 12983 0 16003 0 0 0
cpu14 40495 53 39966 1438044 6954 0 12486 0 0 0
cpu15 37679 55 36691 1451414 6872 0 11340 0 0 0
cpu16 160836 25 56007 1321597 4592 0 33146 0 0 0
cpu17 150446 26 54165 1333550 6068 0 31596 0 0 0
cpu18 144551 25 53060 1342750 4978 0 30859 0 0 0
cpu19 247759 25 77942 1196576 2748 0 50146 0 0 0
cpu20 220327 24 73016 1230229 4547 0 47678 0 0 0
cpu21 139404 28 51921 1348397 5919 0 30036 0 0 0
cpu22 131786 31 50070 1359827 5081 0 28274 0 0 0
cpu23 114807 30 44462 1388923 4605 0 23585 0 0 0
cpu24 43685 55 41370 1433276 8561 0 13447 0 0 0
cpu25 48830 58 46186 1409438 10565 0 15878 0 0 0
cpu26 46752 53 45091 1415586 9814 0 15440 0 0 0
cpu27 39495 42 40132 1425562 8560 0 21324 0 0 0
cpu28 73306 77 53549 1354174 12278 0 28395 0 0 0
cpu29 77375 114 55507 1343039 12789 0 28915 0 0 0
cpu30 38931 38 41644 1419139 7827 0 21296 0 0 0
cpu31 42116 40 41913 1434507 7393 0 13453 0 0 0
intr 3192745255 126 0 0 0 0 0 0 0 0 1 0 0 0 0 0 0 0 0 0 0 0 0 0 0 0 0 0 1 1 1 0 0 0 0 1 0 1 0 0 75045 0 0 0 0 0 0 0 0 411 0 0 0 0 0 0 0 0 87 0 0 0 0 0 0 0 0 0 0 0 0 0 0 0 427092 2 35051207 34990733 34908728 35048419 0 13061 7791 8588 7688 5948 7008 7958 8542 6487 27799 39028 29377 23519 35878 35561 23406 19828 9870 10398 9892 5364 8844 10895 10120 8730 25443 29989 27808 22961 31184 32727 20303 22084 0 0 0 0 617071 4359 1036 0 264 0 0 0 0 0 0 0 0 0 0 0 0 0 0 0 0 0 0 0 0 0 0 0 0 0 0 0 0 0 0 0 0 0 0 0 0 0 0 0 0 0 0 0 0 0 0 0 0 0 0 0 0 0 0 0 0 0 0 0 0 0 0 0 0 0 0 0 0 0 0 0 0 0 0 0 0 0 0 0 0 0 0 0 0 0 0 0 0 0 0 0 0 0 0 0 0 0 0 0 0 0 0 0 0 0 0 0 0 0 0 0 0 0 0 0 0 0 0 0 0 0 0 0 0 0 0 0 0 0 0 0 0 0 0 0 0 0 0 0 0 0 0 0 0 0 0 0 0 0 0 0 0 0 0 0 0 0 0 0 0 0 0 0 0 0 0 0 0 0 0 0 0 0 0 0 0 0 0 0 0 0 0 0 0 0 0 0 0 0 0 0 0 0 0 0 0 0 0 0 0 0 0 0 0 0 0 0 0 0 0 0 0 0 0 0 0 0 0 0 0 0 0 0 0 0 0 0 0 0 0 0 0 0 0 0 0 0 0 0 0 0 0 0 0 0 0 0 0 0 0 0 0 0 0 0 0 0 0 0 0 0 0 0 0 0 0 0 0 0 0 0 0 0 0 0 0 0 0 0 0 0 0 0 0 0 0 0 0 0 0 0 0 0 0 0 0 0 0 0 0 0 0 0 0 0 0 0 0 0 0 0 0 0 0 0 0 0 0 0 0 0 0 0 0 0 0 0 0 0 0 0 0 0 0 0 0 0 0 0 0 0 0 0 0 0 0 0 0 0 0 0 0 0 0 0 0 0 0 0 0 0 0 0 0 0 0 0 0 0 0 0 0 0 0 0 0 0 0 0 0 0 0 0 0 0 0 0 0 0 0 0 0 0 0 0 0 0 0 0 0 0 0 0 0 0 0 0 0 0 0 0 0 0 0 0 0 0 0 0 0 0 0 0 0 0 0 0 0 0 0 0 0 0 0 0 0 0 0 0 0 0 0 0 0 0 0 0 0 0 0 0 0 0 0 0 0 0 0 0 0 0 0 0 0 0 0 0 0 0 0 0 0 0 0 0 0 0 0 0 0 0 0 0 0 0 0 0 0 0 0 0 0 0 0 0 0 0 0 0 0 0 0 0 0 0 0 0 0 0 0 0 0 0 0 0 0 0 0 0 0 0 0 0 0 0 0 0 0 0 0 0 0 0 0 0 0 0 0 0 0 0 0 0 0 0 0 0 0 0 0 0 0 0 0 0 0 0 0 0 0 0 0 0 0 0 0 0 0 0 0 0 0 0 0 0 0 0 0 0 0 0 0 0 0 0 0 0 0 0 0 0 0 0 0 0 0 0 0 0 0 0 0 0 0 0 0 0 0 0 0 0 0 0 0 0 0 0 0 0 0 0 0 0 0 0 0 0 0 0 0 0 0 0 0 0 0 0 0 0 0 0 0 0 0 0 0 0 0 0 0 0 0 0 0 0 0 0 0 0 0 0 0 0 0 0 0 0 0 0 0 0 0 0 0 0 0 0 0 0 0 0 0 0 0 0 0 0 0 0 0 0 0 0 0 0 0 0 0 0 0 0 0 0 0 0 0 0 0 0 0 0 0 0 0 0 0 0 0 0 0 0 0 0 0 0 0 0 0 0 0 0 0 0 0 0 0 0 0 0 0 0 0 0 0 0 0 0 0 0 0 0 0 0 0 0 0 0 0 0 0 0 0 0 0 0 0 0 0 0 0 0 0 0 0 0 0 0 0 0 0 0 0 0 0 0 0 0 0 0 0 0 0 0 0 0 0 0 0 0 0 0 0 0 0 0 0 0 0 0 0 0 0 0 0 0 0 0 0 0 0 0 0 0 0 0 0 0 0 0 0 0 0 0 0 0 0 0 0 0 0 0 0 0 0 0 0 0 0 0 0 0 0 0 0 0 0 0 0 0 0 0 0 0 0 0 0 0 0 0 0 0 0 0 0 0 0 0 0 0 0 0 0 0 0 0 0 0 0 0 0 0 0 0 0 0 0 0 0 0 0 0 0 0 0 0 0 0 0 0 0 0 0 0 0 0 0 0 0 0 0 0 0 0 0 0 0 0 0 0 0 0 0 0 0 0 0 0 0 0 0 0 0 0 0 0 0 0 0 0 0 0 0 0 0 0 0 0 0 0 0 0 0 0 0 0 0 0 0 0 0 0 0 0 0 0 0 0 0 0 0 0 0 0 0 0 0 0 0 0 0 0 0 0 0 0 0 0 0 0 0 0 0 0 0 0 0 0 0 0 0 0 0 0 0 0 0 0 0 0 0 0 0 0 0 0 0 0 0 0 0 0 0 0 0 0 0 0 0 0 0 0 0 0 0 0 0 0 0 0 0 0 0 0 0 0 0 0 0 0 0 0 0 0 0 0 0 0 0 0 0 0 0 0 0 0 0 0 0 0 0 0 0 0 0 0 0 0 0 0 0 0 0 0 0 0 0 0 0 0 0 0 0
ctxt 5046045150
btime 1790630938
processes 587436
procs_running 1
procs_blocked 0
softirq 4588822619 73526 11410467 2753147 177062552 446688 0 13559808 49544431 421 39004283
