Running 10s test @ http://127.0.0.1:18500/swerve/counter
  16 threads and 32 connections
  Thread Stats   Avg      Stdev     Max   +/- Stdev
    Latency     7.92ms    1.19ms  12.09ms   98.29%
    Req/Sec   253.41     88.16     3.64k    99.94%
  Latency Distribution
     50%    7.37ms
     75%    8.93ms
     90%    8.96ms
     99%    9.07ms
  40436 requests in 10.10s, 4.97MB read
Requests/sec:   4003.65
Transfer/sec:    503.99KB
## server-stat
cpu  3281205 1475 1591527 43721194 216328 0 779764 0 0 0
cpu0 119907 27 44447 1372718 3396 0 24584 0 0 0
cpu1 123685 32 45824 1372557 3915 0 24506 0 0 0
cpu2 124805 31 45958 1372241 3661 0 24638 0 0 0
cpu3 190687 30 65548 1271276 2639 0 40323 0 0 0
cpu4 191737 35 64480 1272164 3200 0 40463 0 0 0
cpu5 131644 33 47863 1362693 3848 0 25665 0 0 0
cpu6 132206 30 48154 1362157 3620 0 26431 0 0 0
cpu7 140042 28 51687 1348727 3212 0 29273 0 0 0
cpu8 40878 52 43095 1426742 7661 0 13330 0 0 0
cpu9 46770 57 46199 1403908 10269 0 14506 0 0 0
cpu10 44470 58 44614 1411919 8304 0 14331 0 0 0
cpu11 40701 53 40576 1431405 7216 0 12757 0 0 0
cpu12 79856 132 49866 1363553 12344 0 15666 0 0 0
cpu13 76520 64 50816 1363151 12982 0 16002 0 0 0
cpu14 40492 53 39964 1434616 6953 0 12486 0 0 0
cpu15 37677 55 36689 1447986 6872 0 11340 0 0 0
cpu16 160832 25 56005 1318169 4592 0 33146 0 0 0
cpu17 150445 26 54164 1330119 6068 0 31596 0 0 0
cpu18 144551 25 53059 1339318 4978 0 30859 0 0 0
cpu19 247158 25 77802 1193896 2748 0 50138 0 0 0
cpu20 219734 24 72885 1227529 4547 0 47668 0 0 0
cpu21 139403 28 51919 1344966 5919 0 30036 0 0 0
cpu22 131785 31 50069 1356396 5080 0 28274 0 0 0
cpu23 114806 30 44461 1385493 4603 0 23585 0 0 0
cpu24 43682 55 41369 1429848 8559 0 13446 0 0 0
cpu25 48827 58 46183 1406010 10565 0 15878 0 0 0
cpu26 46751 53 45088 1412159 9814 0 15440 0 0 0
cpu27 39493 42 40131 1422134 8559 0 21323 0 0 0
cpu28 73299 77 53546 1350791 12244 0 28395 0 0 0
cpu29 77306 114 55502 1339746 12726 0 28915 0 0 0
cpu30 38928 38 41642 1415712 7827 0 21296 0 0 0
cpu31 42114 40 41911 1431079 7392 0 13452 0 0 0
intr 3192218008 126 0 0 0 0 0 0 0 0 1 0 0 0 0 0 0 0 0 0 0 0 0 0 0 0 0 0 1 1 1 0 0 0 0 1 0 1 0 0 75045 0 0 0 0 0 0 0 0 411 0 0 0 0 0 0 0 0 87 0 0 0 0 0 0 0 0 0 0 0 0 0 0 0 426123 2 35050996 34990697 34908677 35048314 0 13033 7788 8588 7688 5948 7008 7958 8511 6485 27799 39028 29377 23517 35878 35561 23406 19827 9869 10398 9892 5364 8844 10895 10094 8707 25443 29989 27807 22959 31184 32727 20303 22082 0 0 0 0 617069 4359 1036 0 264 0 0 0 0 0 0 0 0 0 0 0 0 0 0 0 0 0 0 0 0 0 0 0 0 0 0 0 0 0 0 0 0 0 0 0 0 0 0 0 0 0 0 0 0 0 0 0 0 0 0 0 0 0 0 0 0 0 0 0 0 0 0 0 0 0 0 0 0 0 0 0 0 0 0 0 0 0 0 0 0 0 0 0 0 0 0 0 0 0 0 0 0 0 0 0 0 0 0 0 0 0 0 0 0 0 0 0 0 0 0 0 0 0 0 0 0 0 0 0 0 0 0 0 0 0 0 0 0 0 0 0 0 0 0 0 0 0 0 0 0 0 0 0 0 0 0 0 0 0 0 0 0 0 0 0 0 0 0 0 0 0 0 0 0 0 0 0 0 0 0 0 0 0 0 0 0 0 0 0 0 0 0 0 0 0 0 0 0 0 0 0 0 0 0 0 0 0 0 0 0 0 0 0 0 0 0 0 0 0 0 0 0 0 0 0 0 0 0 0 0 0 0 0 0 0 0 0 0 0 0 0 0 0 0 0 0 0 0 0 0 0 0 0 0 0 0 0 0 0 0 0 0 0 0 0 0 0 0 0 0 0 0 0 0 0 0 0 0 0 0 0 0 0 0 0 0 0 0 0 0 0 0 0 0 0 0 0 0 0 0 0 0 0 0 0 0 0 0 0 0 0 0 0 0 0 0 0 0 0 0 0 0 0 0 0 0 0 0 0 0 0 0 0 0 0 0 0 0 0 0 0 0 0 0 0 0 0 0 0 0 0 0 0 0 0 0 0 0 0 0 0 0 0 0 0 0 0 0 0 0 0 0 0 0 0 0 0 0 0 0 0 0 0 0 0 0 0 0 0 0 0 0 0 0 0 0 0 0 0 0 0 0 0 0 0 0 0 0 0 0 0 0 0 0 0 0 0 0 0 0 0 0 0 0 0 0 0 0 0 0 0 0 0 0 0 0 0 0 0 0 0 0 0 0 0 0 0 0 0 0 0 0 0 0 0 0 0 0 0 0 0 0 0 0 0 0 0 0 0 0 0 0 0 0 0 0 0 0 0 0 0 0 0 0 0 0 0 0 0 0 0 0 0 0 0 0 0 0 0 0 0 0 0 0 0 0 0 0 0 0 0 0 0 0 0 0 0 0 0 0 0 0 0 0 0 0 0 0 0 0 0 0 0 0 0 0 0 0 0 0 0 0 0 0 0 0 0 0 0 0 0 0 0 0 0 0 0 0 0 0 0 0 0 0 0 0 0 0 0 0 0 0 0 0 0 0 0 0 0 0 0 0 0 0 0 0 0 0 0 0 0 0 0 0 0 0 0 0 0 0 0 0 0 0 0 0 0 0 0 0 0 0 0 0 0 0 0 0 0 0 0 0 0 0 0 0 0 0 0 0 0 0 0 0 0 0 0 0 0 0 0 0 0 0 0 0 0 0 0 0 0 0 0 0 0 0 0 0 0 0 0 0 0 0 0 0 0 0 0 0 0 0 0 0 0 0 0 0 0 0 0 0 0 0 0 0 0 0 0 0 0 0 0 0 0 0 0 0 0 0 0 0 0 0 0 0 0 0 0 0 0 0 0 0 0 0 0 0 0 0 0 0 0 0 0 0 0 0 0 0 0 0 0 0 0 0 0 0 0 0 0 0 0 0 0 0 0 0 0 0 0 0 0 0 0 0 0 0 0 0 0 0 0 0 0 0 0 0 0 0 0 0 0 0 0 0 0 0 0 0 0 0 0 0 0 0 0 0 0 0 0 0 0 0 0 0 0 0 0 0 0 0 0 0 0 0 0 0 0 0 0 0 0 0 0 0 0 0 0 0 0 0 0 0 0 0 0 0 0 0 0 0 0 0 0 0 0 0 0 0 0 0 0 0 0 0 0 0 0 0 0 0 0 0 0 0 0 0 0 0 0 0 0 0 0 0 0 0 0 0 0 0 0 0 0 0 0 0 0 0 0 0 0 0 0 0 0 0 0 0 0 0 0 0 0 0 0 0 0 0 0 0 0 0 0 0 0 0 0 0 0 0 0 0 0 0 0 0 0 0 0 0 0 0 0 0 0 0 0 0 0 0 0 0 0 0 0 0 0 0 0 0 0 0 0 0 0 0 0 0 0 0 0 0 0 0 0 0 0 0 0 0 0 0 0 0 0 0 0 0 0 0 0 0 0 0 0 0 0 0 0 0 0 0 0 0 0 0 0 0 0 0 0 0 0 0 0 0 0 0 0 0 0 0 0 0 0 0 0 0 0 0 0 0 0 0 0 0 0 0 0 0 0 0 0 0 0 0 0 0 0 0 0 0 0 0 0 0 0 0 0 0 0 0 0 0 0 0 0 0 0 0 0 0 0 0 0 0 0 0 0 0 0 0 0 0 0 0 0 0 0 0 0 0 0 0 0 0 0 0 0 0 0 0 0 0 0 0 0 0 0 0 0 0 0 0 0 0 0 0 0 0 0 0 0 0 0 0 0 0 0 0
ctxt 5045376420
btime 1790630938
processes 587087
procs_running 3
procs_blocked 0
softirq 4588530088 73526 11393179 2753147 176972161 445669 0 13559808 49504078 421 38860803
--
cpu  3282567 1475 1591839 43745004 216352 0 779785 0 0 0
cpu0 119915 27 44448 1373500 3396 0 24585 0 0 0
cpu1 123685 32 45825 1373354 3915 0 24506 0 0 0
cpu2 124806 31 45958 1373038 3661 0 24638 0 0 0
cpu3 190823 30 65576 1271909 2639 0 40325 0 0 0
cpu4 191873 35 64512 1272794 3200 0 40464 0 0 0
cpu5 131645 33 47863 1363490 3848 0 25665 0 0 0
cpu6 132208 30 48154 1362953 3621 0 26431 0 0 0
cpu7 140042 28 51687 1349525 3212 0 29273 0 0 0
cpu8 40879 52 43096 1427534 7662 0 13330 0 0 0
cpu9 46773 57 46200 1404699 10269 0 14506 0 0 0
cpu10 44471 58 44614 1412713 8304 0 14331 0 0 0
cpu11 40702 53 40577 1432202 7216 0 12757 0 0 0
cpu12 79864 132 49867 1364338 12344 0 15666 0 0 0
cpu13 76535 64 50817 1363933 12982 0 16003 0 0 0
cpu14 40492 53 39964 1435414 6953 0 12486 0 0 0
cpu15 37679 55 36689 1448782 6872 0 11340 0 0 0
cpu16 160834 25 56007 1318964 4592 0 33146 0 0 0
cpu17 150446 26 54164 1330917 6068 0 31596 0 0 0
cpu18 144551 25 53060 1340116 4978 0 30859 0 0 0
cpu19 247656 25 77922 1194070 2748 0 50145 0 0 0
cpu20 220236 24 72996 1227707 4547 0 47677 0 0 0
cpu21 139403 28 51920 1345763 5919 0 30036 0 0 0
cpu22 131786 31 50069 1357194 5080 0 28274 0 0 0
cpu23 114806 30 44461 1386291 4603 0 23585 0 0 0
cpu24 43683 55 41369 1430645 8559 0 13446 0 0 0
cpu25 48829 58 46184 1406806 10565 0 15878 0 0 0
cpu26 46752 53 45089 1412954 9814 0 15440 0 0 0
cpu27 39495 42 40132 1422929 8559 0 21323 0 0 0
cpu28 73303 77 53547 1351580 12244 0 28395 0 0 0
cpu29 77335 114 55504 1340492 12748 0 28915 0 0 0
cpu30 38930 38 41642 1416508 7827 0 21296 0 0 0
cpu31 42114 40 41911 1431876 7392 0 13452 0 0 0
intr 3192374175 126 0 0 0 0 0 0 0 0 1 0 0 0 0 0 0 0 0 0 0 0 0 0 0 0 0 0 1 1 1 0 0 0 0 1 0 1 0 0 75045 0 0 0 0 0 0 0 0 411 0 0 0 0 0 0 0 0 87 0 0 0 0 0 0 0 0 0 0 0 0 0 0 0 426342 2 35051052 34990714 34908712 35048341 0 13041 7788 8588 7688 5948 7008 7958 8542 6487 27799 39028 29377 23518 35878 35561 23406 19828 9869 10398 9892 5364 8844 10895 10095 8713 25443 29989 27807 22959 31184 32727 20303 22082 0 0 0 0 617069 4359 1036 0 264 0 0 0 0 0 0 0 0 0 0 0 0 0 0 0 0 0 0 0 0 0 0 0 0 0 0 0 0 0 0 0 0 0 0 0 0 0 0 0 0 0 0 0 0 0 0 0 0 0 0 0 0 0 0 0 0 0 0 0 0 0 0 0 0 0 0 0 0 0 0 0 0 0 0 0 0 0 0 0 0 0 0 0 0 0 0 0 0 0 0 0 0 0 0 0 0 0 0 0 0 0 0 0 0 0 0 0 0 0 0 0 0 0 0 0 0 0 0 0 0 0 0 0 0 0 0 0 0 0 0 0 0 0 0 0 0 0 0 0 0 0 0 0 0 0 0 0 0 0 0 0 0 0 0 0 0 0 0 0 0 0 0 0 0 0 0 0 0 0 0 0 0 0 0 0 0 0 0 0 0 0 0 0 0 0 0 0 0 0 0 0 0 0 0 0 0 0 0 0 0 0 0 0 0 0 0 0 0 0 0 0 0 0 0 0 0 0 0 0 0 0 0 0 0 0 0 0 0 0 0 0 0 0 0 0 0 0 0 0 0 0 0 0 0 0 0 0 0 0 0 0 0 0 0 0 0 0 0 0 0 0 0 0 0 0 0 0 0 0 0 0 0 0 0 0 0 0 0 0 0 0 0 0 0 0 0 0 0 0 0 0 0 0 0 0 0 0 0 0 0 0 0 0 0 0 0 0 0 0 0 0 0 0 0 0 0 0 0 0 0 0 0 0 0 0 0 0 0 0 0 0 0 0 0 0 0 0 0 0 0 0 0 0 0 0 0 0 0 0 0 0 0 0 0 0 0 0 0 0 0 0 0 0 0 0 0 0 0 0 0 0 0 0 0 0 0 0 0 0 0 0 0 0 0 0 0 0 0 0 0 0 0 0 0 0 0 0 0 0 0 0 0 0 0 0 0 0 0 0 0 0 0 0 0 0 0 0 0 0 0 0 0 0 0 0 0 0 0 0 0 0 0 0 0 0 0 0 0 0 0 0 0 0 0 0 0 0 0 0 0 0 0 0 0 0 0 0 0 0 0 0 0 0 0 0 0 0 0 0 0 0 0 0 0 0 0 0 0 0 0 0 0 0 0 0 0 0 0 0 0 0 0 0 0 0 0 0 0 0 0 0 0 0 0 0 0 0 0 0 0 0 0 0 0 0 0 0 0 0 0 0 0 0 0 0 0 0 0 0 0 0 0 0 0 0 0 0 0 0 0 0 0 0 0 0 0 0 0 0 0 0 0 0 0 0 0 0 0 0 0 0 0 0 0 0 0 0 0 0 0 0 0 0 0 0 0 0 0 0 0 0 0 0 0 0 0 0 0 0 0 0 0 0 0 0 0 0 0 0 0 0 0 0 0 0 0 0 0 0 0 0 0 0 0 0 0 0 0 0 0 0 0 0 0 0 0 0 0 0 0 0 0 0 0 0 0 0 0 0 0 0 0 0 0 0 0 0 0 0 0 0 0 0 0 0 0 0 0 0 0 0 0 0 0 0 0 0 0 0 0 0 0 0 0 0 0 0 0 0 0 0 0 0 0 0 0 0 0 0 0 0 0 0 0 0 0 0 0 0 0 0 0 0 0 0 0 0 0 0 0 0 0 0 0 0 0 0 0 0 0 0 0 0 0 0 0 0 0 0 0 0 0 0 0 0 0 0 0 0 0 0 0 0 0 0 0 0 0 0 0 0 0 0 0 0 0 0 0 0 0 0 0 0 0 0 0 0 0 0 0 0 0 0 0 0 0 0 0 0 0 0 0 0 0 0 0 0 0 0 0 0 0 0 0 0 0 0 0 0 0 0 0 0 0 0 0 0 0 0 0 0 0 0 0 0 0 0 0 0 0 0 0 0 0 0 0 0 0 0 0 0 0 0 0 0 0 0 0 0 0 0 0 0 0 0 0 0 0 0 0 0 0 0 0 0 0 0 0 0 0 0 0 0 0 0 0 0 0 0 0 0 0 0 0 0 0 0 0 0 0 0 0 0 0 0 0 0 0 0 0 0 0 0 0 0 0 0 0 0 0 0 0 0 0 0 0 0 0 0 0 0 0 0 0 0 0 0 0 0 0 0 0 0 0 0 0 0 0 0 0 0 0 0 0 0 0 0 0 0 0 0 0 0 0 0 0 0 0 0 0 0 0 0 0 0 0 0 0 0 0 0 0 0 0 0 0 0 0 0 0 0 0 0 0 0 0 0 0 0 0 0 0 0 0 0 0 0 0 0 0 0 0 0 0 0 0 0 0 0 0 0 0 0 0 0 0 0 0 0 0 0 0 0 0 0 0 0 0 0 0 0 0 0 0 0 0 0 0 0 0 0 0 0 0 0 0 0 0 0 0 0 0 0 0 0 0 0 0 0 0 0 0 0 0 0 0 0 0 0 0 0 0 0 0 0 0 0 0 0 0 0 0 0 0 0 0 0 0 0 0 0 0 0 0 0 0 0 0 0 0 0 0 0 0 0 0 0 0 0 0 0 0
ctxt 5045585844
btime 1790630938
processes 587152
procs_running 3
procs_blocked 0
softirq 4588712424 73526 11396506 2753147 177036550 445900 0 13559808 49515097 421 38964173
