Running 10s test @ http://127.0.0.1:18500/swerve/counter
  16 threads and 32 connections
  Thread Stats   Avg      Stdev     Max   +/- Stdev
    Latency     8.31ms    1.40ms  20.09ms   91.69%
    Req/Sec   241.61     37.81     0.91k    72.34%
  Latency Distribution
     50%    7.36ms
     75%    9.50ms
     90%    9.54ms
     99%   10.01ms
  38625 requests in 10.10s, 4.75MB read
Requests/sec:   3824.12
Transfer/sec:    481.33KB
## server-stat
cpu  3286728 1479 1593039 43906226 216482 0 779858 0 0 0
cpu0 119949 27 44466 1378637 3396 0 24591 0 0 0
cpu1 123700 32 45840 1378538 3915 0 24507 0 0 0
cpu2 124818 31 45974 1378227 3661 0 24639 0 0 0
cpu3 191317 31 65661 1276532 2639 0 40333 0 0 0
cpu4 192238 35 64580 1277569 3200 0 40470 0 0 0
cpu5 131654 33 47878 1368680 3848 0 25665 0 0 0
cpu6 132214 30 48170 1368146 3621 0 26431 0 0 0
cpu7 140048 28 51703 1354720 3212 0 29273 0 0 0
cpu8 40891 52 43112 1432713 7662 0 13331 0 0 0
cpu9 46796 58 46216 1409863 10271 0 14507 0 0 0
cpu10 44490 58 44631 1417882 8304 0 14331 0 0 0
cpu11 40716 53 40595 1437381 7217 0 12757 0 0 0
cpu12 79983 133 49892 1369394 12345 0 15667 0 0 0
cpu13 76654 64 50849 1368979 12983 0 16004 0 0 0
cpu14 40510 53 39985 1440593 6954 0 12486 0 0 0
cpu15 37691 55 36707 1453968 6872 0 11340 0 0 0
cpu16 160868 25 56028 1324124 4592 0 33147 0 0 0
cpu17 150472 26 54186 1336085 6068 0 31597 0 0 0
cpu18 144569 25 53082 1345290 4978 0 30859 0 0 0
cpu19 248920 25 78138 1197781 2748 0 50165 0 0 0
cpu20 221520 24 73214 1231400 4547 0 47699 0 0 0
cpu21 139421 28 51948 1350935 5919 0 30036 0 0 0
cpu22 131801 31 50095 1362371 5081 0 28274 0 0 0
cpu23 114817 30 44483 1391475 4605 0 23585 0 0 0
cpu24 43704 55 41396 1435803 8561 0 13447 0 0 0
cpu25 48849 58 46212 1411974 10565 0 15878 0 0 0
cpu26 46767 53 45113 1418119 9814 0 15441 0 0 0
cpu27 39510 42 40154 1428103 8560 0 21324 0 0 0
cpu28 73346 77 53574 1356648 12319 0 28396 0 0 0
cpu29 77414 114 55533 1345552 12789 0 28915 0 0 0
cpu30 38941 38 41668 1421685 7827 0 21297 0 0 0
cpu31 42129 40 41938 1437045 7395 0 13453 0 0 0
intr 3193307460 126 0 0 0 0 0 0 0 0 1 0 0 0 0 0 0 0 0 0 0 0 0 0 0 0 0 0 1 1 1 0 0 0 0 1 0 1 0 0 75045 0 0 0 0 0 0 0 0 411 0 0 0 0 0 0 0 0 87 0 0 0 0 0 0 0 0 0 0 0 0 0 0 0 427461 2 35051354 34990752 34908746 35048499 0 13081 7797 8588 7688 5955 7040 7958 8543 6487 27799 39029 29377 23520 35881 35562 23415 19829 9870 10399 9892 5364 8844 10895 10120 8742 25443 29989 27808 22961 31184 32727 20303 22084 0 0 0 0 617073 4366 1036 0 264 0 0 0 0 0 0 0 0 0 0 0 0 0 0 0 0 0 0 0 0 0 0 0 0 0 0 0 0 0 0 0 0 0 0 0 0 0 0 0 0 0 0 0 0 0 0 0 0 0 0 0 0 0 0 0 0 0 0 0 0 0 0 0 0 0 0 0 0 0 0 0 0 0 0 0 0 0 0 0 0 0 0 0 0 0 0 0 0 0 0 0 0 0 0 0 0 0 0 0 0 0 0 0 0 0 0 0 0 0 0 0 0 0 0 0 0 0 0 0 0 0 0 0 0 0 0 0 0 0 0 0 0 0 0 0 0 0 0 0 0 0 0 0 0 0 0 0 0 0 0 0 0 0 0 0 0 0 0 0 0 0 0 0 0 0 0 0 0 0 0 0 0 0 0 0 0 0 0 0 0 0 0 0 0 0 0 0 0 0 0 0 0 0 0 0 0 0 0 0 0 0 0 0 0 0 0 0 0 0 0 0 0 0 0 0 0 0 0 0 0 0 0 0 0 0 0 0 0 0 0 0 0 0 0 0 0 0 0 0 0 0 0 0 0 0 0 0 0 0 0 0 0 0 0 0 0 0 0 0 0 0 0 0 0 0 0 0 0 0 0 0 0 0 0 0 0 0 0 0 0 0 0 0 0 0 0 0 0 0 0 0 0 0 0 0 0 0 0 0 0 0 0 0 0 0 0 0 0 0 0 0 0 0 0 0 0 0 0 0 0 0 0 0 0 0 0 0 0 0 0 0 0 0 0 0 0 0 0 0 0 0 0 0 0 0 0 0 0 0 0 0 0 0 0 0 0 0 0 0 0 0 0 0 0 0 0 0 0 0 0 0 0 0 0 0 0 0 0 0 0 0 0 0 0 0 0 0 0 0 0 0 0 0 0 0 0 0 0 0 0 0 0 0 0 0 0 0 0 0 0 0 0 0 0 0 0 0 0 0 0 0 0 0 0 0 0 0 0 0 0 0 0 0 0 0 0 0 0 0 0 0 0 0 0 0 0 0 0 0 0 0 0 0 0 0 0 0 0 0 0 0 0 0 0 0 0 0 0 0 0 0 0 0 0 0 0 0 0 0 0 0 0 0 0 0 0 0 0 0 0 0 0 0 0 0 0 0 0 0 0 0 0 0 0 0 0 0 0 0 0 0 0 0 0 0 0 0 0 0 0 0 0 0 0 0 0 0 0 0 0 0 0 0 0 0 0 0 0 0 0 0 0 0 0 0 0 0 0 0 0 0 0 0 0 0 0 0 0 0 0 0 0 0 0 0 0 0 0 0 0 0 0 0 0 0 0 0 0 0 0 0 0 0 0 0 0 0 0 0 0 0 0 0 0 0 0 0 0 0 0 0 0 0 0 0 0 0 0 0 0 0 0 0 0 0 0 0 0 0 0 0 0 0 0 0 0 0 0 0 0 0 0 0 0 0 0 0 0 0 0 0 0 0 0 0 0 0 0 0 0 0 0 0 0 0 0 0 0 0 0 0 0 0 0 0 0 0 0 0 0 0 0 0 0 0 0 0 0 0 0 0 0 0 0 0 0 0 0 0 0 0 0 0 0 0 0 0 0 0 0 0 0 0 0 0 0 0 0 0 0 0 0 0 0 0 0 0 0 0 0 0 0 0 0 0 0 0 0 0 0 0 0 0 0 0 0 0 0 0 0 0 0 0 0 0 0 0 0 0 0 0 0 0 0 0 0 0 0 0 0 0 0 0 0 0 0 0 0 0 0 0 0 0 0 0 0 0 0 0 0 0 0 0 0 0 0 0 0 0 0 0 0 0 0 0 0 0 0 0 0 0 0 0 0 0 0 0 0 0 0 0 0 0 0 0 0 0 0 0 0 0 0 0 0 0 0 0 0 0 0 0 0 0 0 0 0 0 0 0 0 0 0 0 0 0 0 0 0 0 0 0 0 0 0 0 0 0 0 0 0 0 0 0 0 0 0 0 0 0 0 0 0 0 0 0 0 0 0 0 0 0 0 0 0 0 0 0 0 0 0 0 0 0 0 0 0 0 0 0 0 0 0 0 0 0 0 0 0 0 0 0 0 0 0 0 0 0 0 0 0 0 0 0 0 0 0 0 0 0 0 0 0 0 0 0 0 0 0 0 0 0 0 0 0 0 0 0 0 0 0 0 0 0 0 0 0 0 0 0 0 0 0 0 0 0 0 0 0 0 0 0 0 0 0 0 0 0 0 0 0 0 0 0 0 0 0 0 0 0 0 0 0 0 0 0 0 0 0 0 0 0 0 0 0 0 0 0 0 0 0 0 0 0 0 0 0 0 0 0 0 0 0 0 0 0 0 0 0 0 0 0 0 0 0 0 0 0 0 0 0 0 0 0 0 0 0 0 0 0 0 0 0 0 0 0 0 0 0 0 0 0 0 0 0 0 0 0 0 0 0 0 0 0 0 0 0 0 0 0 0 0 0 0 0 0 0 0 0 0 0 0 0 0 0 0 0 0 0 0 0 0 0
ctxt 5046754401
btime 1790630938
processes 598182
procs_running 3
procs_blocked 0
softirq 4589426672 73526 11421080 2753147 177249327 447086 0 13559824 49586903 421 39368062
--
cpu  3288046 1479 1593385 43930019 216530 0 779880 0 0 0
cpu0 119950 27 44467 1379425 3397 0 24592 0 0 0
cpu1 123700 32 45841 1379336 3915 0 24507 0 0 0
cpu2 124818 31 45975 1379024 3661 0 24639 0 0 0
cpu3 191423 31 65689 1277196 2639 0 40335 0 0 0
cpu4 192370 35 64612 1278203 3200 0 40472 0 0 0
cpu5 131654 33 47879 1369479 3848 0 25665 0 0 0
cpu6 132214 30 48170 1368945 3621 0 26431 0 0 0
cpu7 140048 28 51703 1355518 3212 0 29273 0 0 0
cpu8 40892 52 43113 1433508 7662 0 13331 0 0 0
cpu9 46796 58 46218 1410655 10271 0 14507 0 0 0
cpu10 44491 58 44632 1418678 8304 0 14331 0 0 0
cpu11 40716 53 40596 1438177 7217 0 12757 0 0 0
cpu12 80004 133 49895 1370164 12345 0 15668 0 0 0
cpu13 76668 64 50852 1369756 12983 0 16004 0 0 0
cpu14 40511 53 39986 1441388 6954 0 12486 0 0 0
cpu15 37691 55 36708 1454765 6872 0 11340 0 0 0
cpu16 160870 25 56029 1324920 4592 0 33147 0 0 0
cpu17 150472 26 54187 1336883 6068 0 31597 0 0 0
cpu18 144569 25 53083 1346087 4978 0 30859 0 0 0
cpu19 249440 25 78273 1197919 2748 0 50173 0 0 0
cpu20 222022 24 73336 1231569 4547 0 47707 0 0 0
cpu21 139421 28 51949 1351733 5919 0 30036 0 0 0
cpu22 131801 31 50096 1363168 5081 0 28274 0 0 0
cpu23 114817 30 44483 1392273 4605 0 23585 0 0 0
cpu24 43704 55 41397 1436600 8561 0 13447 0 0 0
cpu25 48850 58 46213 1412768 10565 0 15878 0 0 0
cpu26 46768 53 45114 1418916 9814 0 15441 0 0 0
cpu27 39510 42 40156 1428899 8560 0 21324 0 0 0
cpu28 73356 77 53577 1357385 12365 0 28396 0 0 0
cpu29 77415 114 55535 1346343 12789 0 28916 0 0 0
cpu30 38941 38 41669 1422483 7827 0 21297 0 0 0
cpu31 42129 40 41938 1437843 7395 0 13453 0 0 0
intr 3193468617 126 0 0 0 0 0 0 0 0 1 0 0 0 0 0 0 0 0 0 0 0 0 0 0 0 0 0 1 1 1 0 0 0 0 1 0 1 0 0 75045 0 0 0 0 0 0 0 0 411 0 0 0 0 0 0 0 0 87 0 0 0 0 0 0 0 0 0 0 0 0 0 0 0 427942 2 35051404 34990760 34908750 35048528 0 13089 7802 8588 7688 5955 7040 7958 8543 6487 27799 39029 29377 23520 35881 35562 23417 19830 9871 10399 9892 5364 8844 10895 10120 8743 25443 29989 27808 22962 31184 32727 20303 22084 0 0 0 0 617073 4366 1036 0 264 0 0 0 0 0 0 0 0 0 0 0 0 0 0 0 0 0 0 0 0 0 0 0 0 0 0 0 0 0 0 0 0 0 0 0 0 0 0 0 0 0 0 0 0 0 0 0 0 0 0 0 0 0 0 0 0 0 0 0 0 0 0 0 0 0 0 0 0 0 0 0 0 0 0 0 0 0 0 0 0 0 0 0 0 0 0 0 0 0 0 0 0 0 0 0 0 0 0 0 0 0 0 0 0 0 0 0 0 0 0 0 0 0 0 0 0 0 0 0 0 0 0 0 0 0 0 0 0 0 0 0 0 0 0 0 0 0 0 0 0 0 0 0 0 0 0 0 0 0 0 0 0 0 0 0 0 0 0 0 0 0 0 0 0 0 0 0 0 0 0 0 0 0 0 0 0 0 0 0 0 0 0 0 0 0 0 0 0 0 0 0 0 0 0 0 0 0 0 0 0 0 0 0 0 0 0 0 0 0 0 0 0 0 0 0 0 0 0 0 0 0 0 0 0 0 0 0 0 0 0 0 0 0 0 0 0 0 0 0 0 0 0 0 0 0 0 0 0 0 0 0 0 0 0 0 0 0 0 0 0 0 0 0 0 0 0 0 0 0 0 0 0 0 0 0 0 0 0 0 0 0 0 0 0 0 0 0 0 0 0 0 0 0 0 0 0 0 0 0 0 0 0 0 0 0 0 0 0 0 0 0 0 0 0 0 0 0 0 0 0 0 0 0 0 0 0 0 0 0 0 0 0 0 0 0 0 0 0 0 0 0 0 0 0 0 0 0 0 0 0 0 0 0 0 0 0 0 0 0 0 0 0 0 0 0 0 0 0 0 0 0 0 0 0 0 0 0 0 0 0 0 0 0 0 0 0 0 0 0 0 0 0 0 0 0 0 0 0 0 0 0 0 0 0 0 0 0 0 0 0 0 0 0 0 0 0 0 0 0 0 0 0 0 0 0 0 0 0 0 0 0 0 0 0 0 0 0 0 0 0 0 0 0 0 0 0 0 0 0 0 0 0 0 0 0 0 0 0 0 0 0 0 0 0 0 0 0 0 0 0 0 0 0 0 0 0 0 0 0 0 0 0 0 0 0 0 0 0 0 0 0 0 0 0 0 0 0 0 0 0 0 0 0 0 0 0 0 0 0 0 0 0 0 0 0 0 0 0 0 0 0 0 0 0 0 0 0 0 0 0 0 0 0 0 0 0 0 0 0 0 0 0 0 0 0 0 0 0 0 0 0 0 0 0 0 0 0 0 0 0 0 0 0 0 0 0 0 0 0 0 0 0 0 0 0 0 0 0 0 0 0 0 0 0 0 0 0 0 0 0 0 0 0 0 0 0 0 0 0 0 0 0 0 0 0 0 0 0 0 0 0 0 0 0 0 0 0 0 0 0 0 0 0 0 0 0 0 0 0 0 0 0 0 0 0 0 0 0 0 0 0 0 0 0 0 0 0 0 0 0 0 0 0 0 0 0 0 0 0 0 0 0 0 0 0 0 0 0 0 0 0 0 0 0 0 0 0 0 0 0 0 0 0 0 0 0 0 0 0 0 0 0 0 0 0 0 0 0 0 0 0 0 0 0 0 0 0 0 0 0 0 0 0 0 0 0 0 0 0 0 0 0 0 0 0 0 0 0 0 0 0 0 0 0 0 0 0 0 0 0 0 0 0 0 0 0 0 0 0 0 0 0 0 0 0 0 0 0 0 0 0 0 0 0 0 0 0 0 0 0 0 0 0 0 0 0 0 0 0 0 0 0 0 0 0 0 0 0 0 0 0 0 0 0 0 0 0 0 0 0 0 0 0 0 0 0 0 0 0 0 0 0 0 0 0 0 0 0 0 0 0 0 0 0 0 0 0 0 0 0 0 0 0 0 0 0 0 0 0 0 0 0 0 0 0 0 0 0 0 0 0 0 0 0 0 0 0 0 0 0 0 0 0 0 0 0 0 0 0 0 0 0 0 0 0 0 0 0 0 0 0 0 0 0 0 0 0 0 0 0 0 0 0 0 0 0 0 0 0 0 0 0 0 0 0 0 0 0 0 0 0 0 0 0 0 0 0 0 0 0 0 0 0 0 0 0 0 0 0 0 0 0 0 0 0 0 0 0 0 0 0 0 0 0 0 0 0 0 0 0 0 0 0 0 0 0 0 0 0 0 0 0 0 0 0 0 0 0 0 0 0 0 0 0 0 0 0 0 0 0 0 0 0 0 0 0 0 0 0 0 0 0 0 0 0 0 0 0 0 0 0 0 0 0 0 0 0 0 0 0 0 0 0 0 0 0 0 0 0 0 0 0 0 0 0 0 0 0 0 0 0 0 0 0 0 0 0 0 0 0 0 0 0 0 0 0 0 0 0 0 0 0 0 0 0 0 0 0 0 0 0 0 0 0 0 0 0 0 0 0 0 0 0 0 0 0 0 0 0 0 0 0 0 0 0 0 0 0 0 0 0 0 0 0 0 0 0 0 0 0 0 0
ctxt 5046975100
btime 1790630938
processes 598256
procs_running 3
procs_blocked 0
softirq 4589615077 73526 11424425 2753147 177310679 447574 0 13559824 49598258 421 39479927
