Running 10s test @ http://127.0.0.1:18500/api/usleep?ms=10
  16 threads and 128 connections
  Thread Stats   Avg      Stdev     Max   +/- Stdev
    Latency   169.61ms   12.21ms 327.63ms   98.50%
    Req/Sec    49.56     22.51    80.00     58.89%
  Latency Distribution
     50%  168.23ms
     75%  168.45ms
     90%  168.67ms
     99%  233.14ms
  7488 requests in 10.01s, 1.71MB read
Requests/sec:    747.95
Transfer/sec:    174.57KB
## server-stat
cpu  3402270 1532 1612311 45825151 278503 0 782636 0 0 0
cpu0 124073 28 45048 1439222 3784 0 24868 0 0 0
cpu1 126927 32 46369 1440334 4386 0 24634 0 0 0
cpu2 128539 32 46573 1439564 4117 0 24736 0 0 0
cpu3 201548 32 66905 1330350 3245 0 40559 0 0 0
cpu4 203041 36 65833 1330894 3784 0 40750 0 0 0
cpu5 135602 34 48526 1429673 4441 0 25754 0 0 0
cpu6 135896 31 48754 1429304 4422 0 26521 0 0 0
cpu7 143363 29 52214 1415944 4386 0 29354 0 0 0
cpu8 41081 55 43389 1495487 10600 0 13342 0 0 0
cpu9 47074 61 46516 1472115 13386 0 14527 0 0 0
cpu10 44709 61 44923 1480027 11637 0 14348 0 0 0
cpu11 40890 56 40867 1499820 10488 0 12769 0 0 0
cpu12 81482 136 50330 1430226 15459 0 15704 0 0 0
cpu13 78056 67 51280 1429867 16070 0 16050 0 0 0
cpu14 40708 56 40295 1503252 9867 0 12499 0 0 0
cpu15 37837 57 36985 1516656 9970 0 11351 0 0 0
cpu16 167751 26 56854 1382299 4919 0 33236 0 0 0
cpu17 157489 26 55056 1394073 6392 0 31698 0 0 0
cpu18 150442 26 53833 1404276 5564 0 30955 0 0 0
cpu19 267080 25 80201 1243204 2983 0 50560 0 0 0
cpu20 238090 25 75075 1278720 4791 0 48015 0 0 0
cpu21 144231 29 52606 1410830 6762 0 30131 0 0 0
cpu22 135295 32 50655 1423241 6373 0 28360 0 0 0
cpu23 117303 31 44971 1453252 6067 0 23654 0 0 0
cpu24 43951 58 41712 1498149 11926 0 13456 0 0 0
cpu25 49123 60 46535 1474341 13823 0 15889 0 0 0
cpu26 47024 55 45431 1480508 13141 0 15449 0 0 0
cpu27 39727 44 40466 1490601 11878 0 21329 0 0 0
cpu28 74331 79 53960 1417724 16034 0 28420 0 0 0
cpu29 78150 115 55909 1406952 16386 0 28944 0 0 0
cpu30 39117 41 41972 1484508 10844 0 21303 0 0 0
cpu31 42324 42 42253 1499722 10566 0 13457 0 0 0
intr 3220159030 126 0 0 0 0 0 0 0 0 1 0 0 0 0 0 0 0 0 0 0 0 0 0 0 0 0 0 1 1 1 0 0 0 0 1 0 1 0 0 75045 0 0 0 0 0 0 0 0 411 0 0 0 0 0 0 0 0 87 0 0 0 0 0 0 0 0 0 0 0 0 0 0 0 452451 2 35054381 34993535 34909950 35050734 0 13615 8483 9395 8889 6712 7944 9251 10821 7977 31991 43686 33261 28250 40688 39920 26647 22971 10454 10880 10626 5777 9381 11991 11898 10962 29181 34729 32118 26581 35855 37489 24010 25344 0 0 0 0 617117 4412 1036 0 264 0 0 0 0 0 0 0 0 0 0 0 0 0 0 0 0 0 0 0 0 0 0 0 0 0 0 0 0 0 0 0 0 0 0 0 0 0 0 0 0 0 0 0 0 0 0 0 0 0 0 0 0 0 0 0 0 0 0 0 0 0 0 0 0 0 0 0 0 0 0 0 0 0 0 0 0 0 0 0 0 0 0 0 0 0 0 0 0 0 0 0 0 0 0 0 0 0 0 0 0 0 0 0 0 0 0 0 0 0 0 0 0 0 0 0 0 0 0 0 0 0 0 0 0 0 0 0 0 0 0 0 0 0 0 0 0 0 0 0 0 0 0 0 0 0 0 0 0 0 0 0 0 0 0 0 0 0 0 0 0 0 0 0 0 0 0 0 0 0 0 0 0 0 0 0 0 0 0 0 0 0 0 0 0 0 0 0 0 0 0 0 0 0 0 0 0 0 0 0 0 0 0 0 0 0 0 0 0 0 0 0 0 0 0 0 0 0 0 0 0 0 0 0 0 0 0 0 0 0 0 0 0 0 0 0 0 0 0 0 0 0 0 0 0 0 0 0 0 0 0 0 0 0 0 0 0 0 0 0 0 0 0 0 0 0 0 0 0 0 0 0 0 0 0 0 0 0 0 0 0 0 0 0 0 0 0 0 0 0 0 0 0 0 0 0 0 0 0 0 0 0 0 0 0 0 0 0 0 0 0 0 0 0 0 0 0 0 0 0 0 0 0 0 0 0 0 0 0 0 0 0 0 0 0 0 0 0 0 0 0 0 0 0 0 0 0 0 0 0 0 0 0 0 0 0 0 0 0 0 0 0 0 0 0 0 0 0 0 0 0 0 0 0 0 0 0 0 0 0 0 0 0 0 0 0 0 0 0 0 0 0 0 0 0 0 0 0 0 0 0 0 0 0 0 0 0 0 0 0 0 0 0 0 0 0 0 0 0 0 0 0 0 0 0 0 0 0 0 0 0 0 0 0 0 0 0 0 0 0 0 0 0 0 0 0 0 0 0 0 0 0 0 0 0 0 0 0 0 0 0 0 0 0 0 0 0 0 0 0 0 0 0 0 0 0 0 0 0 0 0 0 0 0 0 0 0 0 0 0 0 0 0 0 0 0 0 0 0 0 0 0 0 0 0 0 0 0 0 0 0 0 0 0 0 0 0 0 0 0 0 0 0 0 0 0 0 0 0 0 0 0 0 0 0 0 0 0 0 0 0 0 0 0 0 0 0 0 0 0 0 0 0 0 0 0 0 0 0 0 0 0 0 0 0 0 0 0 0 0 0 0 0 0 0 0 0 0 0 0 0 0 0 0 0 0 0 0 0 0 0 0 0 0 0 0 0 0 0 0 0 0 0 0 0 0 0 0 0 0 0 0 0 0 0 0 0 0 0 0 0 0 0 0 0 0 0 0 0 0 0 0 0 0 0 0 0 0 0 0 0 0 0 0 0 0 0 0 0 0 0 0 0 0 0 0 0 0 0 0 0 0 0 0 0 0 0 0 0 0 0 0 0 0 0 0 0 0 0 0 0 0 0 0 0 0 0 0 0 0 0 0 0 0 0 0 0 0 0 0 0 0 0 0 0 0 0 0 0 0 0 0 0 0 0 0 0 0 0 0 0 0 0 0 0 0 0 0 0 0 0 0 0 0 0 0 0 0 0 0 0 0 0 0 0 0 0 0 0 0 0 0 0 0 0 0 0 0 0 0 0 0 0 0 0 0 0 0 0 0 0 0 0 0 0 0 0 0 0 0 0 0 0 0 0 0 0 0 0 0 0 0 0 0 0 0 0 0 0 0 0 0 0 0 0 0 0 0 0 0 0 0 0 0 0 0 0 0 0 0 0 0 0 0 0 0 0 0 0 0 0 0 0 0 0 0 0 0 0 0 0 0 0 0 0 0 0 0 0 0 0 0 0 0 0 0 0 0 0 0 0 0 0 0 0 0 0 0 0 0 0 0 0 0 0 0 0 0 0 0 0 0 0 0 0 0 0 0 0 0 0 0 0 0 0 0 0 0 0 0 0 0 0 0 0 0 0 0 0 0 0 0 0 0 0 0 0 0 0 0 0 0 0 0 0 0 0 0 0 0 0 0 0 0 0 0 0 0 0 0 0 0 0 0 0 0 0 0 0 0 0 0 0 0 0 0 0 0 0 0 0 0 0 0 0 0 0 0 0 0 0 0 0 0 0 0 0 0 0 0 0 0 0 0 0 0 0 0 0 0 0 0 0 0 0 0 0 0 0 0 0 0 0 0 0 0 0 0 0 0 0 0 0 0 0 0 0 0 0 0 0 0 0 0 0 0 0 0 0 0 0 0 0 0 0 0 0 0 0 0 0 0 0 0 0 0 0 0 0 0 0 0 0 0 0 0 0 0 0 0 0 0 0 0 0 0 0 0 0 0 0 0 0 0 0 0 0 0 0 0 0 0 0 0 0 0 0 0 0 0 0 0 0 0 0 0 0 0 0 0 0 0 0
ctxt 5090231225
btime 1790630938
processes 721152
procs_running 1
procs_blocked 0
softirq 4606874715 73526 11940736 2753158 190598923 472937 0 13559950 50774804 421 41732964
--
cpu  3402635 1533 1612333 45850282 278519 0 782640 0 0 0
cpu0 124099 28 45049 1439990 3784 0 24869 0 0 0
cpu1 126951 32 46370 1441106 4386 0 24634 0 0 0
cpu2 128563 32 46574 1440337 4117 0 24736 0 0 0
cpu3 201592 32 66907 1331101 3245 0 40559 0 0 0
cpu4 203074 36 65835 1331658 3784 0 40750 0 0 0
cpu5 135626 34 48528 1430448 4441 0 25754 0 0 0
cpu6 135913 31 48754 1430087 4422 0 26521 0 0 0
cpu7 143370 29 52215 1416735 4386 0 29354 0 0 0
cpu8 41081 55 43390 1496285 10600 0 13342 0 0 0
cpu9 47075 61 46516 1472911 13386 0 14527 0 0 0
cpu10 44711 61 44924 1480810 11649 0 14348 0 0 0
cpu11 40894 56 40868 1500615 10488 0 12769 0 0 0
cpu12 81490 136 50331 1431014 15460 0 15704 0 0 0
cpu13 78066 67 51281 1430653 16070 0 16050 0 0 0
cpu14 40709 56 40295 1504049 9867 0 12499 0 0 0
cpu15 37839 57 36985 1517453 9970 0 11351 0 0 0
cpu16 167769 26 56855 1383079 4919 0 33237 0 0 0
cpu17 157502 26 55057 1394856 6392 0 31698 0 0 0
cpu18 150452 26 53834 1405064 5564 0 30956 0 0 0
cpu19 267103 25 80201 1243979 2983 0 50561 0 0 0
cpu20 238109 25 75076 1279497 4792 0 48015 0 0 0
cpu21 144237 29 52606 1411622 6762 0 30131 0 0 0
cpu22 135300 32 50656 1424033 6373 0 28360 0 0 0
cpu23 117306 31 44971 1454045 6067 0 23655 0 0 0
cpu24 43953 58 41712 1498944 11926 0 13456 0 0 0
cpu25 49124 60 46535 1475137 13823 0 15889 0 0 0
cpu26 47024 55 45431 1481306 13141 0 15449 0 0 0
cpu27 39727 44 40466 1491399 11878 0 21329 0 0 0
cpu28 74334 79 53960 1418518 16034 0 28420 0 0 0
cpu29 78185 115 55911 1407711 16386 0 28944 0 0 0
cpu30 39118 41 41972 1485305 10844 0 21303 0 0 0
cpu31 42325 42 42253 1500520 10566 0 13457 0 0 0
intr 3220334542 126 0 0 0 0 0 0 0 0 1 0 0 0 0 0 0 0 0 0 0 0 0 0 0 0 0 0 1 1 1 0 0 0 0 1 0 1 0 0 75045 0 0 0 0 0 0 0 0 411 0 0 0 0 0 0 0 0 87 0 0 0 0 0 0 0 0 0 0 0 0 0 0 0 452606 2 35054407 34993584 34909974 35050758 0 13623 8483 9395 8889 6712 7944 9251 10821 7977 31991 43688 33261 28250 40688 39920 26647 22971 10454 10880 10626 5777 9381 11991 11898 10962 29187 34729 32118 26581 35855 37489 24010 25345 0 0 0 0 617117 4412 1036 0 264 0 0 0 0 0 0 0 0 0 0 0 0 0 0 0 0 0 0 0 0 0 0 0 0 0 0 0 0 0 0 0 0 0 0 0 0 0 0 0 0 0 0 0 0 0 0 0 0 0 0 0 0 0 0 0 0 0 0 0 0 0 0 0 0 0 0 0 0 0 0 0 0 0 0 0 0 0 0 0 0 0 0 0 0 0 0 0 0 0 0 0 0 0 0 0 0 0 0 0 0 0 0 0 0 0 0 0 0 0 0 0 0 0 0 0 0 0 0 0 0 0 0 0 0 0 0 0 0 0 0 0 0 0 0 0 0 0 0 0 0 0 0 0 0 0 0 0 0 0 0 0 0 0 0 0 0 0 0 0 0 0 0 0 0 0 0 0 0 0 0 0 0 0 0 0 0 0 0 0 0 0 0 0 0 0 0 0 0 0 0 0 0 0 0 0 0 0 0 0 0 0 0 0 0 0 0 0 0 0 0 0 0 0 0 0 0 0 0 0 0 0 0 0 0 0 0 0 0 0 0 0 0 0 0 0 0 0 0 0 0 0 0 0 0 0 0 0 0 0 0 0 0 0 0 0 0 0 0 0 0 0 0 0 0 0 0 0 0 0 0 0 0 0 0 0 0 0 0 0 0 0 0 0 0 0 0 0 0 0 0 0 0 0 0 0 0 0 0 0 0 0 0 0 0 0 0 0 0 0 0 0 0 0 0 0 0 0 0 0 0 0 0 0 0 0 0 0 0 0 0 0 0 0 0 0 0 0 0 0 0 0 0 0 0 0 0 0 0 0 0 0 0 0 0 0 0 0 0 0 0 0 0 0 0 0 0 0 0 0 0 0 0 0 0 0 0 0 0 0 0 0 0 0 0 0 0 0 0 0 0 0 0 0 0 0 0 0 0 0 0 0 0 0 0 0 0 0 0 0 0 0 0 0 0 0 0 0 0 0 0 0 0 0 0 0 0 0 0 0 0 0 0 0 0 0 0 0 0 0 0 0 0 0 0 0 0 0 0 0 0 0 0 0 0 0 0 0 0 0 0 0 0 0 0 0 0 0 0 0 0 0 0 0 0 0 0 0 0 0 0 0 0 0 0 0 0 0 0 0 0 0 0 0 0 0 0 0 0 0 0 0 0 0 0 0 0 0 0 0 0 0 0 0 0 0 0 0 0 0 0 0 0 0 0 0 0 0 0 0 0 0 0 0 0 0 0 0 0 0 0 0 0 0 0 0 0 0 0 0 0 0 0 0 0 0 0 0 0 0 0 0 0 0 0 0 0 0 0 0 0 0 0 0 0 0 0 0 0 0 0 0 0 0 0 0 0 0 0 0 0 0 0 0 0 0 0 0 0 0 0 0 0 0 0 0 0 0 0 0 0 0 0 0 0 0 0 0 0 0 0 0 0 0 0 0 0 0 0 0 0 0 0 0 0 0 0 0 0 0 0 0 0 0 0 0 0 0 0 0 0 0 0 0 0 0 0 0 0 0 0 0 0 0 0 0 0 0 0 0 0 0 0 0 0 0 0 0 0 0 0 0 0 0 0 0 0 0 0 0 0 0 0 0 0 0 0 0 0 0 0 0 0 0 0 0 0 0 0 0 0 0 0 0 0 0 0 0 0 0 0 0 0 0 0 0 0 0 0 0 0 0 0 0 0 0 0 0 0 0 0 0 0 0 0 0 0 0 0 0 0 0 0 0 0 0 0 0 0 0 0 0 0 0 0 0 0 0 0 0 0 0 0 0 0 0 0 0 0 0 0 0 0 0 0 0 0 0 0 0 0 0 0 0 0 0 0 0 0 0 0 0 0 0 0 0 0 0 0 0 0 0 0 0 0 0 0 0 0 0 0 0 0 0 0 0 0 0 0 0 0 0 0 0 0 0 0 0 0 0 0 0 0 0 0 0 0 0 0 0 0 0 0 0 0 0 0 0 0 0 0 0 0 0 0 0 0 0 0 0 0 0 0 0 0 0 0 0 0 0 0 0 0 0 0 0 0 0 0 0 0 0 0 0 0 0 0 0 0 0 0 0 0 0 0 0 0 0 0 0 0 0 0 0 0 0 0 0 0 0 0 0 0 0 0 0 0 0 0 0 0 0 0 0 0 0 0 0 0 0 0 0 0 0 0 0 0 0 0 0 0 0 0 0 0 0 0 0 0 0 0 0 0 0 0 0 0 0 0 0 0 0 0 0 0 0 0 0 0 0 0 0 0 0 0 0 0 0 0 0 0 0 0 0 0 0 0 0 0 0 0 0 0 0 0 0 0 0 0 0 0 0 0 0 0 0 0 0 0 0 0 0 0 0 0 0 0 0 0 0 0 0 0 0 0 0 0 0 0 0 0 0 0 0 0 0 0 0 0 0 0 0 0 0 0 0 0 0 0 0 0 0 0 0 0 0 0 0 0 0 0 0 0 0 0 0 0 0 0 0 0 0 0 0 0 0 0 0 0 0 0 0 0 0 0 0 0 0 0 0 0 0 0
ctxt 5090521797
btime 1790630938
processes 721220
procs_running 1
procs_blocked 0
softirq 4606915062 73526 11946497 2753158 190615981 473103 0 13559950 50784002 421 41741128
