Running 10s test @ http://127.0.0.1:18500/counter
  16 threads and 32 connections
  Thread Stats   Avg      Stdev     Max   +/- Stdev
    Latency    19.00ms   25.59ms 168.87ms   82.12%
    Req/Sec   255.32    100.88     2.90k    80.31%
  Latency Distribution
     50%    4.48ms
     75%   28.48ms
     90%   63.27ms
     99%   85.90ms
  40675 requests in 10.10s, 8.72MB read
Requests/sec:   4027.25
Transfer/sec:      0.86MB
## server-stat
cpu  3239984 1429 1577749 42077492 140434 0 774112 0 0 0
cpu0 118824 27 44132 1319900 2220 0 24397 0 0 0
cpu1 122923 31 45532 1319456 2341 0 24392 0 0 0
cpu2 124212 31 45689 1318865 2092 0 24548 0 0 0
cpu3 183434 30 63585 1226400 2004 0 39219 0 0 0
cpu4 185907 34 62926 1226145 1870 0 39273 0 0 0
cpu5 131072 31 47603 1309373 2169 0 25591 0 0 0
cpu6 131774 28 47909 1308555 2015 0 26362 0 0 0
cpu7 139666 26 51457 1294881 1731 0 29220 0 0 0
cpu8 40767 50 42928 1374095 5007 0 13303 0 0 0
cpu9 46541 56 45985 1352085 7492 0 14461 0 0 0
cpu10 44316 55 44411 1359908 5527 0 14297 0 0 0
cpu11 40599 51 40411 1379062 4415 0 12732 0 0 0
cpu12 78791 130 49555 1313232 9356 0 15601 0 0 0
cpu13 75463 61 50461 1313188 9754 0 15926 0 0 0
cpu14 40367 50 39767 1382371 4336 0 12449 0 0 0
cpu15 37590 53 36509 1395360 4320 0 11311 0 0 0
cpu16 159827 25 55703 1265671 2541 0 33071 0 0 0
cpu17 149754 24 53881 1277565 3765 0 31521 0 0 0
cpu18 144006 24 52786 1286663 2607 0 30785 0 0 0
cpu19 238023 24 75667 1151272 1776 0 49106 0 0 0
cpu20 213208 24 71546 1182038 2719 0 46915 0 0 0
cpu21 138894 27 51634 1292330 3491 0 29967 0 0 0
cpu22 131365 30 49802 1303382 2878 0 28215 0 0 0
cpu23 114429 30 44216 1332166 2606 0 23541 0 0 0
cpu24 43532 53 41167 1377958 5228 0 13422 0 0 0
cpu25 48653 57 45983 1354354 7176 0 15845 0 0 0
cpu26 46599 51 44887 1360368 6421 0 15406 0 0 0
cpu27 39369 40 39942 1369938 5306 0 21298 0 0 0
cpu28 72720 75 53269 1300026 8638 0 28347 0 0 0
cpu29 76526 113 55207 1289087 9256 0 28866 0 0 0
cpu30 38816 36 41454 1363207 5010 0 21274 0 0 0
cpu31 42006 38 41729 1378576 4350 0 13436 0 0 0
intr 3152554439 126 0 0 0 0 0 0 0 0 1 0 0 0 0 0 0 0 0 0 0 0 0 0 0 0 0 0 1 1 1 0 0 0 0 1 0 1 0 0 75045 0 0 0 0 0 0 0 0 411 0 0 0 0 0 0 0 0 87 0 0 0 0 0 0 0 0 0 0 0 0 0 0 0 405609 2 35048539 34989656 34907643 35046501 0 12584 5843 6763 5702 4826 5445 5866 6790 5000 24499 35399 25598 20480 29797 30915 20783 17037 7675 7875 7332 4325 6614 8395 7987 6320 21899 25066 23514 19606 24701 25551 17073 18939 0 0 0 0 617033 4319 1036 0 264 0 0 0 0 0 0 0 0 0 0 0 0 0 0 0 0 0 0 0 0 0 0 0 0 0 0 0 0 0 0 0 0 0 0 0 0 0 0 0 0 0 0 0 0 0 0 0 0 0 0 0 0 0 0 0 0 0 0 0 0 0 0 0 0 0 0 0 0 0 0 0 0 0 0 0 0 0 0 0 0 0 0 0 0 0 0 0 0 0 0 0 0 0 0 0 0 0 0 0 0 0 0 0 0 0 0 0 0 0 0 0 0 0 0 0 0 0 0 0 0 0 0 0 0 0 0 0 0 0 0 0 0 0 0 0 0 0 0 0 0 0 0 0 0 0 0 0 0 0 0 0 0 0 0 0 0 0 0 0 0 0 0 0 0 0 0 0 0 0 0 0 0 0 0 0 0 0 0 0 0 0 0 0 0 0 0 0 0 0 0 0 0 0 0 0 0 0 0 0 0 0 0 0 0 0 0 0 0 0 0 0 0 0 0 0 0 0 0 0 0 0 0 0 0 0 0 0 0 0 0 0 0 0 0 0 0 0 0 0 0 0 0 0 0 0 0 0 0 0 0 0 0 0 0 0 0 0 0 0 0 0 0 0 0 0 0 0 0 0 0 0 0 0 0 0 0 0 0 0 0 0 0 0 0 0 0 0 0 0 0 0 0 0 0 0 0 0 0 0 0 0 0 0 0 0 0 0 0 0 0 0 0 0 0 0 0 0 0 0 0 0 0 0 0 0 0 0 0 0 0 0 0 0 0 0 0 0 0 0 0 0 0 0 0 0 0 0 0 0 0 0 0 0 0 0 0 0 0 0 0 0 0 0 0 0 0 0 0 0 0 0 0 0 0 0 0 0 0 0 0 0 0 0 0 0 0 0 0 0 0 0 0 0 0 0 0 0 0 0 0 0 0 0 0 0 0 0 0 0 0 0 0 0 0 0 0 0 0 0 0 0 0 0 0 0 0 0 0 0 0 0 0 0 0 0 0 0 0 0 0 0 0 0 0 0 0 0 0 0 0 0 0 0 0 0 0 0 0 0 0 0 0 0 0 0 0 0 0 0 0 0 0 0 0 0 0 0 0 0 0 0 0 0 0 0 0 0 0 0 0 0 0 0 0 0 0 0 0 0 0 0 0 0 0 0 0 0 0 0 0 0 0 0 0 0 0 0 0 0 0 0 0 0 0 0 0 0 0 0 0 0 0 0 0 0 0 0 0 0 0 0 0 0 0 0 0 0 0 0 0 0 0 0 0 0 0 0 0 0 0 0 0 0 0 0 0 0 0 0 0 0 0 0 0 0 0 0 0 0 0 0 0 0 0 0 0 0 0 0 0 0 0 0 0 0 0 0 0 0 0 0 0 0 0 0 0 0 0 0 0 0 0 0 0 0 0 0 0 0 0 0 0 0 0 0 0 0 0 0 0 0 0 0 0 0 0 0 0 0 0 0 0 0 0 0 0 0 0 0 0 0 0 0 0 0 0 0 0 0 0 0 0 0 0 0 0 0 0 0 0 0 0 0 0 0 0 0 0 0 0 0 0 0 0 0 0 0 0 0 0 0 0 0 0 0 0 0 0 0 0 0 0 0 0 0 0 0 0 0 0 0 0 0 0 0 0 0 0 0 0 0 0 0 0 0 0 0 0 0 0 0 0 0 0 0 0 0 0 0 0 0 0 0 0 0 0 0 0 0 0 0 0 0 0 0 0 0 0 0 0 0 0 0 0 0 0 0 0 0 0 0 0 0 0 0 0 0 0 0 0 0 0 0 0 0 0 0 0 0 0 0 0 0 0 0 0 0 0 0 0 0 0 0 0 0 0 0 0 0 0 0 0 0 0 0 0 0 0 0 0 0 0 0 0 0 0 0 0 0 0 0 0 0 0 0 0 0 0 0 0 0 0 0 0 0 0 0 0 0 0 0 0 0 0 0 0 0 0 0 0 0 0 0 0 0 0 0 0 0 0 0 0 0 0 0 0 0 0 0 0 0 0 0 0 0 0 0 0 0 0 0 0 0 0 0 0 0 0 0 0 0 0 0 0 0 0 0 0 0 0 0 0 0 0 0 0 0 0 0 0 0 0 0 0 0 0 0 0 0 0 0 0 0 0 0 0 0 0 0 0 0 0 0 0 0 0 0 0 0 0 0 0 0 0 0 0 0 0 0 0 0 0 0 0 0 0 0 0 0 0 0 0 0 0 0 0 0 0 0 0 0 0 0 0 0 0 0 0 0 0 0 0 0 0 0 0 0 0 0 0 0 0 0 0 0 0 0 0 0 0 0 0 0 0 0 0 0 0 0 0 0 0 0 0 0 0 0 0 0 0 0 0 0 0 0 0 0 0 0 0 0 0 0 0 0 0 0 0 0 0 0 0 0 0 0 0 0 0 0 0 0 0 0 0 0 0 0 0 0 0 0 0 0 0 0 0 0 0 0 0 0 0 0 0 0 0 0 0 0 0 0 0 0 0 0 0 0 0 0 0 0 0
ctxt 4972901377
btime 1790630938
processes 527504
procs_running 2
procs_blocked 14
softirq 4543331882 73526 11112729 2753138 134306986 424436 0 13559711 48730563 421 37403076
--
cpu  3240654 1429 1578050 42091937 150431 0 774133 0 0 0
cpu0 118830 27 44138 1320495 2401 0 24398 0 0 0
cpu1 122927 31 45537 1319983 2602 0 24393 0 0 0
cpu2 124214 31 45693 1319425 2320 0 24549 0 0 0
cpu3 183721 30 63674 1226742 2075 0 39228 0 0 0
cpu4 185936 34 62939 1226705 2062 0 39274 0 0 0
cpu5 131074 31 47606 1309927 2407 0 25591 0 0 0
cpu6 131775 28 47911 1309123 2241 0 26362 0 0 0
cpu7 139667 26 51459 1295447 1959 0 29220 0 0 0
cpu8 40768 50 42930 1374540 5352 0 13303 0 0 0
cpu9 46545 56 45987 1352467 7896 0 14461 0 0 0
cpu10 44320 55 44415 1360346 5874 0 14297 0 0 0
cpu11 40599 51 40413 1379518 4751 0 12732 0 0 0
cpu12 78794 130 49559 1313664 9708 0 15602 0 0 0
cpu13 75469 61 50465 1313542 10181 0 15926 0 0 0
cpu14 40367 50 39769 1382838 4661 0 12449 0 0 0
cpu15 37590 53 36511 1395836 4636 0 11311 0 0 0
cpu16 159831 25 55709 1266137 2862 0 33071 0 0 0
cpu17 149755 24 53884 1278030 4091 0 31521 0 0 0
cpu18 144007 24 52789 1287095 2966 0 30785 0 0 0
cpu19 238259 24 75755 1151614 1899 0 49113 0 0 0
cpu20 213246 24 71564 1182516 2982 0 46916 0 0 0
cpu21 138896 27 51638 1292805 3806 0 29967 0 0 0
cpu22 131365 30 49805 1303862 3192 0 28215 0 0 0
cpu23 114431 30 44218 1332605 2960 0 23541 0 0 0
cpu24 43532 53 41170 1378384 5593 0 13422 0 0 0
cpu25 48654 57 45987 1354684 7633 0 15845 0 0 0
cpu26 46600 51 44891 1360722 6855 0 15406 0 0 0
cpu27 39370 40 39946 1370340 5694 0 21298 0 0 0
cpu28 72736 75 53273 1300350 9085 0 28347 0 0 0
cpu29 76535 113 55211 1289471 9653 0 28866 0 0 0
cpu30 38817 36 41456 1363643 5367 0 21274 0 0 0
cpu31 42006 38 41732 1379064 4653 0 13436 0 0 0
intr 3153039960 126 0 0 0 0 0 0 0 0 1 0 0 0 0 0 0 0 0 0 0 0 0 0 0 0 0 0 1 1 1 0 0 0 0 1 0 1 0 0 75045 0 0 0 0 0 0 0 0 411 0 0 0 0 0 0 0 0 87 0 0 0 0 0 0 0 0 0 0 0 0 0 0 0 407463 2 35048565 34989674 34907671 35046529 0 12588 6067 7018 5976 4921 5624 6076 6965 5190 24883 35793 26054 20788 30250 31542 21155 17494 7985 8238 7630 4412 6983 8778 8254 6570 22319 25720 23991 20020 25540 26243 17346 19254 0 0 0 0 617033 4319 1036 0 264 0 0 0 0 0 0 0 0 0 0 0 0 0 0 0 0 0 0 0 0 0 0 0 0 0 0 0 0 0 0 0 0 0 0 0 0 0 0 0 0 0 0 0 0 0 0 0 0 0 0 0 0 0 0 0 0 0 0 0 0 0 0 0 0 0 0 0 0 0 0 0 0 0 0 0 0 0 0 0 0 0 0 0 0 0 0 0 0 0 0 0 0 0 0 0 0 0 0 0 0 0 0 0 0 0 0 0 0 0 0 0 0 0 0 0 0 0 0 0 0 0 0 0 0 0 0 0 0 0 0 0 0 0 0 0 0 0 0 0 0 0 0 0 0 0 0 0 0 0 0 0 0 0 0 0 0 0 0 0 0 0 0 0 0 0 0 0 0 0 0 0 0 0 0 0 0 0 0 0 0 0 0 0 0 0 0 0 0 0 0 0 0 0 0 0 0 0 0 0 0 0 0 0 0 0 0 0 0 0 0 0 0 0 0 0 0 0 0 0 0 0 0 0 0 0 0 0 0 0 0 0 0 0 0 0 0 0 0 0 0 0 0 0 0 0 0 0 0 0 0 0 0 0 0 0 0 0 0 0 0 0 0 0 0 0 0 0 0 0 0 0 0 0 0 0 0 0 0 0 0 0 0 0 0 0 0 0 0 0 0 0 0 0 0 0 0 0 0 0 0 0 0 0 0 0 0 0 0 0 0 0 0 0 0 0 0 0 0 0 0 0 0 0 0 0 0 0 0 0 0 0 0 0 0 0 0 0 0 0 0 0 0 0 0 0 0 0 0 0 0 0 0 0 0 0 0 0 0 0 0 0 0 0 0 0 0 0 0 0 0 0 0 0 0 0 0 0 0 0 0 0 0 0 0 0 0 0 0 0 0 0 0 0 0 0 0 0 0 0 0 0 0 0 0 0 0 0 0 0 0 0 0 0 0 0 0 0 0 0 0 0 0 0 0 0 0 0 0 0 0 0 0 0 0 0 0 0 0 0 0 0 0 0 0 0 0 0 0 0 0 0 0 0 0 0 0 0 0 0 0 0 0 0 0 0 0 0 0 0 0 0 0 0 0 0 0 0 0 0 0 0 0 0 0 0 0 0 0 0 0 0 0 0 0 0 0 0 0 0 0 0 0 0 0 0 0 0 0 0 0 0 0 0 0 0 0 0 0 0 0 0 0 0 0 0 0 0 0 0 0 0 0 0 0 0 0 0 0 0 0 0 0 0 0 0 0 0 0 0 0 0 0 0 0 0 0 0 0 0 0 0 0 0 0 0 0 0 0 0 0 0 0 0 0 0 0 0 0 0 0 0 0 0 0 0 0 0 0 0 0 0 0 0 0 0 0 0 0 0 0 0 0 0 0 0 0 0 0 0 0 0 0 0 0 0 0 0 0 0 0 0 0 0 0 0 0 0 0 0 0 0 0 0 0 0 0 0 0 0 0 0 0 0 0 0 0 0 0 0 0 0 0 0 0 0 0 0 0 0 0 0 0 0 0 0 0 0 0 0 0 0 0 0 0 0 0 0 0 0 0 0 0 0 0 0 0 0 0 0 0 0 0 0 0 0 0 0 0 0 0 0 0 0 0 0 0 0 0 0 0 0 0 0 0 0 0 0 0 0 0 0 0 0 0 0 0 0 0 0 0 0 0 0 0 0 0 0 0 0 0 0 0 0 0 0 0 0 0 0 0 0 0 0 0 0 0 0 0 0 0 0 0 0 0 0 0 0 0 0 0 0 0 0 0 0 0 0 0 0 0 0 0 0 0 0 0 0 0 0 0 0 0 0 0 0 0 0 0 0 0 0 0 0 0 0 0 0 0 0 0 0 0 0 0 0 0 0 0 0 0 0 0 0 0 0 0 0 0 0 0 0 0 0 0 0 0 0 0 0 0 0 0 0 0 0 0 0 0 0 0 0 0 0 0 0 0 0 0 0 0 0 0 0 0 0 0 0 0 0 0 0 0 0 0 0 0 0 0 0 0 0 0 0 0 0 0 0 0 0 0 0 0 0 0 0 0 0 0 0 0 0 0 0 0 0 0 0 0 0 0 0 0 0 0 0 0 0 0 0 0 0 0 0 0 0 0 0 0 0 0 0 0 0 0 0 0 0 0 0 0 0 0 0 0 0 0 0 0 0 0 0 0 0 0 0 0 0 0 0 0 0 0 0 0 0 0 0 0 0 0 0 0 0 0 0 0 0 0 0 0 0 0 0 0 0 0 0 0 0 0 0 0 0 0 0 0 0 0 0 0 0 0 0 0 0 0 0 0 0 0 0 0 0 0 0 0 0 0 0 0 0 0 0 0 0 0 0 0 0 0 0 0 0 0 0 0 0 0 0 0 0 0 0 0 0 0 0 0 0 0 0 0 0 0 0 0 0 0 0 0 0 0 0 0 0 0 0 0 0 0 0 0 0 0 0 0 0 0 0 0 0 0 0 0 0 0 0 0 0 0 0 0 0 0 0 0 0 0 0 0 0 0
ctxt 4973763489
btime 1790630938
processes 527552
procs_running 2
procs_blocked 18
softirq 4543434734 73526 11117961 2753138 134374382 426312 0 13559711 48742693 421 37419294
