Running 10s test @ http://127.0.0.1:18500/api/usleep?ms=10
  16 threads and 1000 connections
  Thread Stats   Avg      Stdev     Max   +/- Stdev
    Latency     1.48s     1.27s    5.37s    53.03%
    Req/Sec    48.82     40.85   333.00     81.10%
  Latency Distribution
     50%    1.53s 
     75%    2.05s 
     90%    3.46s 
     99%    4.64s 
  6600 requests in 10.09s, 1.18MB read
Requests/sec:    653.89
Transfer/sec:    119.41KB
## server-stat
cpu  3346917 1518 1605304 45436181 233418 0 781776 0 0 0
cpu0 121638 28 44786 1426839 3513 0 24792 0 0 0
cpu1 124478 32 46100 1427928 4066 0 24576 0 0 0
cpu2 125936 32 46283 1427292 3808 0 24691 0 0 0
cpu3 198611 31 66553 1318627 2826 0 40509 0 0 0
cpu4 200433 36 65551 1318695 3416 0 40707 0 0 0
cpu5 132757 34 48194 1417764 4015 0 25710 0 0 0
cpu6 133455 31 48487 1417084 3828 0 26478 0 0 0
cpu7 141168 29 51982 1403677 3587 0 29308 0 0 0
cpu8 41024 55 43292 1482316 8369 0 13338 0 0 0
cpu9 47001 60 46418 1459170 10987 0 14521 0 0 0
cpu10 44646 60 44827 1467118 9174 0 14344 0 0 0
cpu11 40840 55 40781 1486866 8019 0 12766 0 0 0
cpu12 81184 134 50198 1417481 13145 0 15692 0 0 0
cpu13 77757 67 51150 1417053 13855 0 16035 0 0 0
cpu14 40655 55 40190 1490067 7674 0 12496 0 0 0
cpu15 37792 57 36899 1503525 7674 0 11347 0 0 0
cpu16 162753 26 56403 1372409 4714 0 33196 0 0 0
cpu17 152663 26 54623 1384033 6168 0 31652 0 0 0
cpu18 146145 26 53458 1393813 5180 0 30908 0 0 0
cpu19 261787 25 79738 1233577 2844 0 50515 0 0 0
cpu20 232860 24 74624 1269040 4608 0 47973 0 0 0
cpu21 140743 29 52295 1399633 6232 0 30085 0 0 0
cpu22 132482 32 50370 1411691 5529 0 28306 0 0 0
cpu23 115283 31 44730 1440978 5127 0 23607 0 0 0
cpu24 43882 57 41609 1485249 9427 0 13452 0 0 0
cpu25 49034 59 46426 1461449 11374 0 15884 0 0 0
cpu26 46943 55 45322 1467644 10638 0 15445 0 0 0
cpu27 39668 43 40361 1477707 9362 0 21328 0 0 0
cpu28 74053 78 53830 1405082 13568 0 28412 0 0 0
cpu29 77904 115 55786 1394236 13970 0 28934 0 0 0
cpu30 39067 40 41873 1471403 8545 0 21300 0 0 0
cpu31 42263 42 42150 1486721 8160 0 13456 0 0 0
intr 3210978944 126 0 0 0 0 0 0 0 0 1 0 0 0 0 0 0 0 0 0 0 0 0 0 0 0 0 0 1 1 1 0 0 0 0 1 0 1 0 0 75045 0 0 0 0 0 0 0 0 411 0 0 0 0 0 0 0 0 87 0 0 0 0 0 0 0 0 0 0 0 0 0 0 0 443224 2 35053514 34992597 34909476 35050167 0 13491 8028 8953 8402 6221 7449 8565 9010 7003 28691 40027 30533 24823 36923 36968 24430 20634 10174 10554 10163 5487 9113 11382 10998 9439 26420 31582 28894 23897 32348 33963 21757 22824 0 0 0 0 617105 4405 1036 0 264 0 0 0 0 0 0 0 0 0 0 0 0 0 0 0 0 0 0 0 0 0 0 0 0 0 0 0 0 0 0 0 0 0 0 0 0 0 0 0 0 0 0 0 0 0 0 0 0 0 0 0 0 0 0 0 0 0 0 0 0 0 0 0 0 0 0 0 0 0 0 0 0 0 0 0 0 0 0 0 0 0 0 0 0 0 0 0 0 0 0 0 0 0 0 0 0 0 0 0 0 0 0 0 0 0 0 0 0 0 0 0 0 0 0 0 0 0 0 0 0 0 0 0 0 0 0 0 0 0 0 0 0 0 0 0 0 0 0 0 0 0 0 0 0 0 0 0 0 0 0 0 0 0 0 0 0 0 0 0 0 0 0 0 0 0 0 0 0 0 0 0 0 0 0 0 0 0 0 0 0 0 0 0 0 0 0 0 0 0 0 0 0 0 0 0 0 0 0 0 0 0 0 0 0 0 0 0 0 0 0 0 0 0 0 0 0 0 0 0 0 0 0 0 0 0 0 0 0 0 0 0 0 0 0 0 0 0 0 0 0 0 0 0 0 0 0 0 0 0 0 0 0 0 0 0 0 0 0 0 0 0 0 0 0 0 0 0 0 0 0 0 0 0 0 0 0 0 0 0 0 0 0 0 0 0 0 0 0 0 0 0 0 0 0 0 0 0 0 0 0 0 0 0 0 0 0 0 0 0 0 0 0 0 0 0 0 0 0 0 0 0 0 0 0 0 0 0 0 0 0 0 0 0 0 0 0 0 0 0 0 0 0 0 0 0 0 0 0 0 0 0 0 0 0 0 0 0 0 0 0 0 0 0 0 0 0 0 0 0 0 0 0 0 0 0 0 0 0 0 0 0 0 0 0 0 0 0 0 0 0 0 0 0 0 0 0 0 0 0 0 0 0 0 0 0 0 0 0 0 0 0 0 0 0 0 0 0 0 0 0 0 0 0 0 0 0 0 0 0 0 0 0 0 0 0 0 0 0 0 0 0 0 0 0 0 0 0 0 0 0 0 0 0 0 0 0 0 0 0 0 0 0 0 0 0 0 0 0 0 0 0 0 0 0 0 0 0 0 0 0 0 0 0 0 0 0 0 0 0 0 0 0 0 0 0 0 0 0 0 0 0 0 0 0 0 0 0 0 0 0 0 0 0 0 0 0 0 0 0 0 0 0 0 0 0 0 0 0 0 0 0 0 0 0 0 0 0 0 0 0 0 0 0 0 0 0 0 0 0 0 0 0 0 0 0 0 0 0 0 0 0 0 0 0 0 0 0 0 0 0 0 0 0 0 0 0 0 0 0 0 0 0 0 0 0 0 0 0 0 0 0 0 0 0 0 0 0 0 0 0 0 0 0 0 0 0 0 0 0 0 0 0 0 0 0 0 0 0 0 0 0 0 0 0 0 0 0 0 0 0 0 0 0 0 0 0 0 0 0 0 0 0 0 0 0 0 0 0 0 0 0 0 0 0 0 0 0 0 0 0 0 0 0 0 0 0 0 0 0 0 0 0 0 0 0 0 0 0 0 0 0 0 0 0 0 0 0 0 0 0 0 0 0 0 0 0 0 0 0 0 0 0 0 0 0 0 0 0 0 0 0 0 0 0 0 0 0 0 0 0 0 0 0 0 0 0 0 0 0 0 0 0 0 0 0 0 0 0 0 0 0 0 0 0 0 0 0 0 0 0 0 0 0 0 0 0 0 0 0 0 0 0 0 0 0 0 0 0 0 0 0 0 0 0 0 0 0 0 0 0 0 0 0 0 0 0 0 0 0 0 0 0 0 0 0 0 0 0 0 0 0 0 0 0 0 0 0 0 0 0 0 0 0 0 0 0 0 0 0 0 0 0 0 0 0 0 0 0 0 0 0 0 0 0 0 0 0 0 0 0 0 0 0 0 0 0 0 0 0 0 0 0 0 0 0 0 0 0 0 0 0 0 0 0 0 0 0 0 0 0 0 0 0 0 0 0 0 0 0 0 0 0 0 0 0 0 0 0 0 0 0 0 0 0 0 0 0 0 0 0 0 0 0 0 0 0 0 0 0 0 0 0 0 0 0 0 0 0 0 0 0 0 0 0 0 0 0 0 0 0 0 0 0 0 0 0 0 0 0 0 0 0 0 0 0 0 0 0 0 0 0 0 0 0 0 0 0 0 0 0 0 0 0 0 0 0 0 0 0 0 0 0 0 0 0 0 0 0 0 0 0 0 0 0 0 0 0 0 0 0 0 0 0 0 0 0 0 0 0 0 0 0 0 0 0 0 0 0 0 0 0 0 0 0 0 0 0 0 0 0 0 0 0 0 0 0 0 0 0 0 0 0 0 0 0 0 0 0 0 0 0 0 0 0 0 0 0 0 0 0 0 0 0 0 0 0 0 0 0 0 0 0 0 0 0 0 0 0 0 0 0 0 0 0 0 0 0 0 0 0 0 0 0 0 0 0 0 0 0 0 0 0 0 0 0 0 0 0 0 0 0 0
ctxt 5075626913
btime 1790630938
processes 688050
procs_running 1
procs_blocked 0
softirq 4602657565 73526 11733493 2753157 187816615 463512 0 13559934 50354053 421 40935558
--
cpu  3347258 1519 1605342 45461300 233466 0 781784 0 0 0
cpu0 121650 28 44787 1427622 3513 0 24795 0 0 0
cpu1 124479 32 46100 1428725 4066 0 24576 0 0 0
cpu2 125939 32 46283 1428087 3809 0 24691 0 0 0
cpu3 198755 31 66563 1319266 2826 0 40511 0 0 0
cpu4 200513 36 65557 1319406 3416 0 40708 0 0 0
cpu5 132758 34 48196 1418560 4015 0 25710 0 0 0
cpu6 133455 31 48487 1417883 3828 0 26478 0 0 0
cpu7 141168 29 51983 1404475 3588 0 29308 0 0 0
cpu8 41024 55 43293 1483113 8370 0 13338 0 0 0
cpu9 47003 60 46419 1459964 10987 0 14521 0 0 0
cpu10 44649 60 44828 1467911 9175 0 14344 0 0 0
cpu11 40841 56 40782 1487662 8020 0 12766 0 0 0
cpu12 81201 134 50200 1418260 13145 0 15693 0 0 0
cpu13 77778 67 51152 1417810 13872 0 16035 0 0 0
cpu14 40656 55 40192 1490861 7674 0 12496 0 0 0
cpu15 37793 57 36899 1504321 7675 0 11347 0 0 0
cpu16 162753 26 56403 1373208 4714 0 33196 0 0 0
cpu17 152663 26 54624 1384831 6168 0 31652 0 0 0
cpu18 146145 26 53459 1394612 5180 0 30908 0 0 0
cpu19 261829 25 79742 1234329 2844 0 50516 0 0 0
cpu20 232866 24 74624 1269833 4608 0 47973 0 0 0
cpu21 140743 29 52295 1400432 6232 0 30085 0 0 0
cpu22 132482 32 50370 1412489 5529 0 28306 0 0 0
cpu23 115283 31 44731 1441777 5127 0 23607 0 0 0
cpu24 43883 57 41610 1486046 9427 0 13452 0 0 0
cpu25 49035 59 46426 1462246 11374 0 15884 0 0 0
cpu26 46943 55 45322 1468442 10638 0 15445 0 0 0
cpu27 39668 43 40361 1478506 9362 0 21328 0 0 0
cpu28 74054 78 53831 1405858 13589 0 28412 0 0 0
cpu29 77904 115 55786 1395034 13970 0 28934 0 0 0
cpu30 39067 40 41874 1472195 8551 0 21300 0 0 0
cpu31 42263 42 42150 1487518 8160 0 13456 0 0 0
intr 3211114354 126 0 0 0 0 0 0 0 0 1 0 0 0 0 0 0 0 0 0 0 0 0 0 0 0 0 0 1 1 1 0 0 0 0 1 0 1 0 0 75045 0 0 0 0 0 0 0 0 411 0 0 0 0 0 0 0 0 87 0 0 0 0 0 0 0 0 0 0 0 0 0 0 0 443552 2 35053565 34992655 34909505 35050196 0 13499 8028 8954 8402 6221 7449 8565 9010 7003 28697 40027 30534 24823 36926 36968 24433 20634 10174 10554 10163 5487 9113 11382 10998 9439 26420 31583 28894 23897 32348 33963 21757 22824 0 0 0 0 617109 4405 1036 0 264 0 0 0 0 0 0 0 0 0 0 0 0 0 0 0 0 0 0 0 0 0 0 0 0 0 0 0 0 0 0 0 0 0 0 0 0 0 0 0 0 0 0 0 0 0 0 0 0 0 0 0 0 0 0 0 0 0 0 0 0 0 0 0 0 0 0 0 0 0 0 0 0 0 0 0 0 0 0 0 0 0 0 0 0 0 0 0 0 0 0 0 0 0 0 0 0 0 0 0 0 0 0 0 0 0 0 0 0 0 0 0 0 0 0 0 0 0 0 0 0 0 0 0 0 0 0 0 0 0 0 0 0 0 0 0 0 0 0 0 0 0 0 0 0 0 0 0 0 0 0 0 0 0 0 0 0 0 0 0 0 0 0 0 0 0 0 0 0 0 0 0 0 0 0 0 0 0 0 0 0 0 0 0 0 0 0 0 0 0 0 0 0 0 0 0 0 0 0 0 0 0 0 0 0 0 0 0 0 0 0 0 0 0 0 0 0 0 0 0 0 0 0 0 0 0 0 0 0 0 0 0 0 0 0 0 0 0 0 0 0 0 0 0 0 0 0 0 0 0 0 0 0 0 0 0 0 0 0 0 0 0 0 0 0 0 0 0 0 0 0 0 0 0 0 0 0 0 0 0 0 0 0 0 0 0 0 0 0 0 0 0 0 0 0 0 0 0 0 0 0 0 0 0 0 0 0 0 0 0 0 0 0 0 0 0 0 0 0 0 0 0 0 0 0 0 0 0 0 0 0 0 0 0 0 0 0 0 0 0 0 0 0 0 0 0 0 0 0 0 0 0 0 0 0 0 0 0 0 0 0 0 0 0 0 0 0 0 0 0 0 0 0 0 0 0 0 0 0 0 0 0 0 0 0 0 0 0 0 0 0 0 0 0 0 0 0 0 0 0 0 0 0 0 0 0 0 0 0 0 0 0 0 0 0 0 0 0 0 0 0 0 0 0 0 0 0 0 0 0 0 0 0 0 0 0 0 0 0 0 0 0 0 0 0 0 0 0 0 0 0 0 0 0 0 0 0 0 0 0 0 0 0 0 0 0 0 0 0 0 0 0 0 0 0 0 0 0 0 0 0 0 0 0 0 0 0 0 0 0 0 0 0 0 0 0 0 0 0 0 0 0 0 0 0 0 0 0 0 0 0 0 0 0 0 0 0 0 0 0 0 0 0 0 0 0 0 0 0 0 0 0 0 0 0 0 0 0 0 0 0 0 0 0 0 0 0 0 0 0 0 0 0 0 0 0 0 0 0 0 0 0 0 0 0 0 0 0 0 0 0 0 0 0 0 0 0 0 0 0 0 0 0 0 0 0 0 0 0 0 0 0 0 0 0 0 0 0 0 0 0 0 0 0 0 0 0 0 0 0 0 0 0 0 0 0 0 0 0 0 0 0 0 0 0 0 0 0 0 0 0 0 0 0 0 0 0 0 0 0 0 0 0 0 0 0 0 0 0 0 0 0 0 0 0 0 0 0 0 0 0 0 0 0 0 0 0 0 0 0 0 0 0 0 0 0 0 0 0 0 0 0 0 0 0 0 0 0 0 0 0 0 0 0 0 0 0 0 0 0 0 0 0 0 0 0 0 0 0 0 0 0 0 0 0 0 0 0 0 0 0 0 0 0 0 0 0 0 0 0 0 0 0 0 0 0 0 0 0 0 0 0 0 0 0 0 0 0 0 0 0 0 0 0 0 0 0 0 0 0 0 0 0 0 0 0 0 0 0 0 0 0 0 0 0 0 0 0 0 0 0 0 0 0 0 0 0 0 0 0 0 0 0 0 0 0 0 0 0 0 0 0 0 0 0 0 0 0 0 0 0 0 0 0 0 0 0 0 0 0 0 0 0 0 0 0 0 0 0 0 0 0 0 0 0 0 0 0 0 0 0 0 0 0 0 0 0 0 0 0 0 0 0 0 0 0 0 0 0 0 0 0 0 0 0 0 0 0 0 0 0 0 0 0 0 0 0 0 0 0 0 0 0 0 0 0 0 0 0 0 0 0 0 0 0 0 0 0 0 0 0 0 0 0 0 0 0 0 0 0 0 0 0 0 0 0 0 0 0 0 0 0 0 0 0 0 0 0 0 0 0 0 0 0 0 0 0 0 0 0 0 0 0 0 0 0 0 0 0 0 0 0 0 0 0 0 0 0 0 0 0 0 0 0 0 0 0 0 0 0 0 0 0 0 0 0 0 0 0 0 0 0 0 0 0 0 0 0 0 0 0 0 0 0 0 0 0 0 0 0 0 0 0 0 0 0 0 0 0 0 0 0 0 0 0 0 0 0 0 0 0 0 0 0 0 0 0 0 0 0 0 0 0 0 0 0 0 0 0 0 0 0 0 0 0 0 0 0 0 0 0 0 0 0 0 0 0 0 0 0 0 0 0 0 0 0 0 0 0 0 0 0 0 0 0 0 0 0 0 0 0 0 0 0 0 0 0 0 0 0 0 0 0 0 0 0 0 0 0 0 0 0 0
ctxt 5075782226
btime 1790630938
processes 688124
procs_running 2
procs_blocked 0
softirq 4602704419 73526 11742371 2753157 187828545 463853 0 13559934 50367746 421 40947570
