Running 10s test @ http://127.0.0.1:18500/api/json
  16 threads and 128 connections
  Thread Stats   Avg      Stdev     Max   +/- Stdev
    Latency     6.00ms  490.00us   8.89ms   98.91%
    Req/Sec     1.34k   346.06    15.15k    99.94%
  Latency Distribution
     50%    6.05ms
     75%    6.11ms
     90%    6.17ms
     99%    6.29ms
  213336 requests in 10.10s, 49.44MB read
Requests/sec:  21123.37
Transfer/sec:      4.90MB
## server-stat
cpu  4258619 1875 1798886 57354218 667199 0 846437 0 0 0
cpu0 163544 33 52799 1791502 8024 0 28372 0 0 0
cpu1 164705 37 53752 1795415 9913 0 27540 0 0 0
cpu2 172432 38 54139 1787894 10472 0 27750 0 0 0
cpu3 268743 39 78320 1652438 6718 0 44941 0 0 0
cpu4 264368 45 75820 1660174 8351 0 44785 0 0 0
cpu5 174740 44 55691 1782904 11727 0 28549 0 0 0
cpu6 176503 39 55759 1780343 12451 0 29471 0 0 0
cpu7 182523 38 59296 1768231 12255 0 32573 0 0 0
cpu8 42306 70 45882 1881372 25759 0 13962 0 0 0
cpu9 48858 79 49263 1853851 30202 0 15248 0 0 0
cpu10 46112 77 47532 1863197 28043 0 15009 0 0 0
cpu11 41964 73 43190 1885750 26189 0 13317 0 0 0
cpu12 89615 153 53901 1803323 32562 0 16626 0 0 0
cpu13 85820 84 54997 1801503 34302 0 17006 0 0 0
cpu14 41929 71 42766 1889330 24537 0 13088 0 0 0
cpu15 38746 75 39213 1904050 25005 0 11865 0 0 0
cpu16 223587 32 65654 1717883 11243 0 36390 0 0 0
cpu17 210459 32 63477 1731324 14321 0 34730 0 0 0
cpu18 193331 31 61370 1751428 14914 0 33614 0 0 0
cpu19 356066 28 94928 1540875 6434 0 55261 0 0 0
cpu20 319150 28 88456 1584327 9948 0 52556 0 0 0
cpu21 191876 34 60752 1751762 16983 0 32897 0 0 0
cpu22 175065 38 58028 1772461 17135 0 30864 0 0 0
cpu23 150978 37 51777 1809680 16613 0 25808 0 0 0
cpu24 45416 76 44293 1881507 30005 0 14039 0 0 0
cpu25 50920 72 49405 1854755 33061 0 16635 0 0 0
cpu26 48578 68 48179 1862080 32009 0 16150 0 0 0
cpu27 41030 59 42998 1874252 30209 0 21900 0 0 0
cpu28 80713 93 57764 1790058 36051 0 29432 0 0 0
cpu29 84600 130 59923 1777671 37077 0 30020 0 0 0
cpu30 40378 52 44706 1868606 27076 0 21955 0 0 0
cpu31 43549 56 44840 1884258 27596 0 14071 0 0 0
intr 3530669398 126 0 0 0 0 0 0 0 0 1 0 0 0 0 0 0 0 0 0 0 0 0 0 0 0 0 0 1 1 1 0 0 0 0 1 0 1 0 0 75045 0 0 0 0 0 0 0 0 411 0 0 0 0 0 0 0 0 87 0 0 0 0 0 0 0 0 0 0 0 0 0 0 0 609103 2 35071571 35005768 34922088 35069072 0 16918 16236 20131 20371 12413 15899 20917 21753 18209 57070 77829 63558 53590 88397 81597 46729 43893 20898 24332 28728 11682 18670 27270 27339 23375 59775 73970 66774 54239 85973 93362 48718 49692 0 0 0 0 617393 4758 1036 0 264 0 0 0 0 0 0 0 0 0 0 0 0 0 0 0 0 0 0 0 0 0 0 0 0 0 0 0 0 0 0 0 0 0 0 0 0 0 0 0 0 0 0 0 0 0 0 0 0 0 0 0 0 0 0 0 0 0 0 0 0 0 0 0 0 0 0 0 0 0 0 0 0 0 0 0 0 0 0 0 0 0 0 0 0 0 0 0 0 0 0 0 0 0 0 0 0 0 0 0 0 0 0 0 0 0 0 0 0 0 0 0 0 0 0 0 0 0 0 0 0 0 0 0 0 0 0 0 0 0 0 0 0 0 0 0 0 0 0 0 0 0 0 0 0 0 0 0 0 0 0 0 0 0 0 0 0 0 0 0 0 0 0 0 0 0 0 0 0 0 0 0 0 0 0 0 0 0 0 0 0 0 0 0 0 0 0 0 0 0 0 0 0 0 0 0 0 0 0 0 0 0 0 0 0 0 0 0 0 0 0 0 0 0 0 0 0 0 0 0 0 0 0 0 0 0 0 0 0 0 0 0 0 0 0 0 0 0 0 0 0 0 0 0 0 0 0 0 0 0 0 0 0 0 0 0 0 0 0 0 0 0 0 0 0 0 0 0 0 0 0 0 0 0 0 0 0 0 0 0 0 0 0 0 0 0 0 0 0 0 0 0 0 0 0 0 0 0 0 0 0 0 0 0 0 0 0 0 0 0 0 0 0 0 0 0 0 0 0 0 0 0 0 0 0 0 0 0 0 0 0 0 0 0 0 0 0 0 0 0 0 0 0 0 0 0 0 0 0 0 0 0 0 0 0 0 0 0 0 0 0 0 0 0 0 0 0 0 0 0 0 0 0 0 0 0 0 0 0 0 0 0 0 0 0 0 0 0 0 0 0 0 0 0 0 0 0 0 0 0 0 0 0 0 0 0 0 0 0 0 0 0 0 0 0 0 0 0 0 0 0 0 0 0 0 0 0 0 0 0 0 0 0 0 0 0 0 0 0 0 0 0 0 0 0 0 0 0 0 0 0 0 0 0 0 0 0 0 0 0 0 0 0 0 0 0 0 0 0 0 0 0 0 0 0 0 0 0 0 0 0 0 0 0 0 0 0 0 0 0 0 0 0 0 0 0 0 0 0 0 0 0 0 0 0 0 0 0 0 0 0 0 0 0 0 0 0 0 0 0 0 0 0 0 0 0 0 0 0 0 0 0 0 0 0 0 0 0 0 0 0 0 0 0 0 0 0 0 0 0 0 0 0 0 0 0 0 0 0 0 0 0 0 0 0 0 0 0 0 0 0 0 0 0 0 0 0 0 0 0 0 0 0 0 0 0 0 0 0 0 0 0 0 0 0 0 0 0 0 0 0 0 0 0 0 0 0 0 0 0 0 0 0 0 0 0 0 0 0 0 0 0 0 0 0 0 0 0 0 0 0 0 0 0 0 0 0 0 0 0 0 0 0 0 0 0 0 0 0 0 0 0 0 0 0 0 0 0 0 0 0 0 0 0 0 0 0 0 0 0 0 0 0 0 0 0 0 0 0 0 0 0 0 0 0 0 0 0 0 0 0 0 0 0 0 0 0 0 0 0 0 0 0 0 0 0 0 0 0 0 0 0 0 0 0 0 0 0 0 0 0 0 0 0 0 0 0 0 0 0 0 0 0 0 0 0 0 0 0 0 0 0 0 0 0 0 0 0 0 0 0 0 0 0 0 0 0 0 0 0 0 0 0 0 0 0 0 0 0 0 0 0 0 0 0 0 0 0 0 0 0 0 0 0 0 0 0 0 0 0 0 0 0 0 0 0 0 0 0 0 0 0 0 0 0 0 0 0 0 0 0 0 0 0 0 0 0 0 0 0 0 0 0 0 0 0 0 0 0 0 0 0 0 0 0 0 0 0 0 0 0 0 0 0 0 0 0 0 0 0 0 0 0 0 0 0 0 0 0 0 0 0 0 0 0 0 0 0 0 0 0 0 0 0 0 0 0 0 0 0 0 0 0 0 0 0 0 0 0 0 0 0 0 0 0 0 0 0 0 0 0 0 0 0 0 0 0 0 0 0 0 0 0 0 0 0 0 0 0 0 0 0 0 0 0 0 0 0 0 0 0 0 0 0 0 0 0 0 0 0 0 0 0 0 0 0 0 0 0 0 0 0 0 0 0 0 0 0 0 0 0 0 0 0 0 0 0 0 0 0 0 0 0 0 0 0 0 0 0 0 0 0 0 0 0 0 0 0 0 0 0 0 0 0 0 0 0 0 0 0 0 0 0 0 0 0 0 0 0 0 0 0 0 0 0 0 0 0 0 0 0 0 0 0 0 0 0 0 0 0 0 0 0 0 0 0 0 0 0 0 0 0 0 0 0 0 0 0 0 0 0 0 0 0 0 0 0 0 0 0 0 0 0 0 0 0 0 0 0 0 0 0 0 0 0 0 0 0 0 0 0 0 0 0 0 0 0 0 0 0 0 0 0 0 0 0 0 0 0 0 0 0 0
ctxt 5629716383
btime 1790630938
processes 1349170
procs_running 11
procs_blocked 0
softirq 5003717475 73526 15151668 2753290 555400744 634846 0 13560878 59251172 421 61923634
--
cpu  4264976 1875 1799031 57372759 667226 0 846627 0 0 0
cpu0 163545 33 52803 1792232 8024 0 28396 0 0 0
cpu1 165314 37 53760 1795587 9913 0 27547 0 0 0
cpu2 172433 38 54143 1788644 10472 0 27777 0 0 0
cpu3 268930 39 78325 1653017 6718 0 44956 0 0 0
cpu4 264491 45 75825 1660810 8351 0 44802 0 0 0
cpu5 174742 44 55693 1783659 11727 0 28570 0 0 0
cpu6 176504 39 55762 1781094 12451 0 29498 0 0 0
cpu7 182641 38 59300 1768870 12255 0 32593 0 0 0
cpu8 42307 70 45884 1882161 25759 0 13963 0 0 0
cpu9 48860 79 49264 1854633 30202 0 15248 0 0 0
cpu10 46112 77 47533 1863981 28043 0 15009 0 0 0
cpu11 41964 73 43191 1886542 26189 0 13317 0 0 0
cpu12 89631 153 53903 1804091 32562 0 16627 0 0 0
cpu13 85824 84 55000 1802278 34302 0 17007 0 0 0
cpu14 41930 71 42766 1890115 24537 0 13088 0 0 0
cpu15 38746 75 39213 1904840 25005 0 11865 0 0 0
cpu16 224373 32 65668 1717883 11243 0 36390 0 0 0
cpu17 210640 32 63481 1731908 14321 0 34746 0 0 0
cpu18 194118 31 61383 1751428 14914 0 33614 0 0 0
cpu19 356667 28 94940 1541055 6434 0 55265 0 0 0
cpu20 319815 28 88467 1584444 9948 0 52560 0 0 0
cpu21 192663 34 60765 1751762 16983 0 32897 0 0 0
cpu22 175849 38 58044 1772461 17135 0 30864 0 0 0
cpu23 151645 37 51791 1809792 16613 0 25813 0 0 0
cpu24 45417 76 44293 1882297 30005 0 14039 0 0 0
cpu25 50921 72 49406 1855543 33061 0 16635 0 0 0
cpu26 48578 68 48179 1862866 32009 0 16151 0 0 0
cpu27 41030 59 42998 1875045 30209 0 21900 0 0 0
cpu28 80717 93 57765 1790843 36051 0 29433 0 0 0
cpu29 84626 130 59925 1778412 37103 0 30020 0 0 0
cpu30 40378 52 44707 1869398 27076 0 21955 0 0 0
cpu31 43549 56 44840 1885054 27596 0 14071 0 0 0
intr 3531377361 126 0 0 0 0 0 0 0 0 1 0 0 0 0 0 0 0 0 0 0 0 0 0 0 0 0 0 1 1 1 0 0 0 0 1 0 1 0 0 75045 0 0 0 0 0 0 0 0 411 0 0 0 0 0 0 0 0 87 0 0 0 0 0 0 0 0 0 0 0 0 0 0 0 609353 2 35071609 35005809 34922122 35069083 0 16922 16236 20131 20371 12413 15899 20917 21753 18209 57070 77829 63558 53590 88397 81597 46729 43893 20898 24332 28728 11682 18670 27270 27339 23375 59775 73970 66775 54239 85973 93362 48721 49692 0 0 0 0 617393 4758 1036 0 264 0 0 0 0 0 0 0 0 0 0 0 0 0 0 0 0 0 0 0 0 0 0 0 0 0 0 0 0 0 0 0 0 0 0 0 0 0 0 0 0 0 0 0 0 0 0 0 0 0 0 0 0 0 0 0 0 0 0 0 0 0 0 0 0 0 0 0 0 0 0 0 0 0 0 0 0 0 0 0 0 0 0 0 0 0 0 0 0 0 0 0 0 0 0 0 0 0 0 0 0 0 0 0 0 0 0 0 0 0 0 0 0 0 0 0 0 0 0 0 0 0 0 0 0 0 0 0 0 0 0 0 0 0 0 0 0 0 0 0 0 0 0 0 0 0 0 0 0 0 0 0 0 0 0 0 0 0 0 0 0 0 0 0 0 0 0 0 0 0 0 0 0 0 0 0 0 0 0 0 0 0 0 0 0 0 0 0 0 0 0 0 0 0 0 0 0 0 0 0 0 0 0 0 0 0 0 0 0 0 0 0 0 0 0 0 0 0 0 0 0 0 0 0 0 0 0 0 0 0 0 0 0 0 0 0 0 0 0 0 0 0 0 0 0 0 0 0 0 0 0 0 0 0 0 0 0 0 0 0 0 0 0 0 0 0 0 0 0 0 0 0 0 0 0 0 0 0 0 0 0 0 0 0 0 0 0 0 0 0 0 0 0 0 0 0 0 0 0 0 0 0 0 0 0 0 0 0 0 0 0 0 0 0 0 0 0 0 0 0 0 0 0 0 0 0 0 0 0 0 0 0 0 0 0 0 0 0 0 0 0 0 0 0 0 0 0 0 0 0 0 0 0 0 0 0 0 0 0 0 0 0 0 0 0 0 0 0 0 0 0 0 0 0 0 0 0 0 0 0 0 0 0 0 0 0 0 0 0 0 0 0 0 0 0 0 0 0 0 0 0 0 0 0 0 0 0 0 0 0 0 0 0 0 0 0 0 0 0 0 0 0 0 0 0 0 0 0 0 0 0 0 0 0 0 0 0 0 0 0 0 0 0 0 0 0 0 0 0 0 0 0 0 0 0 0 0 0 0 0 0 0 0 0 0 0 0 0 0 0 0 0 0 0 0 0 0 0 0 0 0 0 0 0 0 0 0 0 0 0 0 0 0 0 0 0 0 0 0 0 0 0 0 0 0 0 0 0 0 0 0 0 0 0 0 0 0 0 0 0 0 0 0 0 0 0 0 0 0 0 0 0 0 0 0 0 0 0 0 0 0 0 0 0 0 0 0 0 0 0 0 0 0 0 0 0 0 0 0 0 0 0 0 0 0 0 0 0 0 0 0 0 0 0 0 0 0 0 0 0 0 0 0 0 0 0 0 0 0 0 0 0 0 0 0 0 0 0 0 0 0 0 0 0 0 0 0 0 0 0 0 0 0 0 0 0 0 0 0 0 0 0 0 0 0 0 0 0 0 0 0 0 0 0 0 0 0 0 0 0 0 0 0 0 0 0 0 0 0 0 0 0 0 0 0 0 0 0 0 0 0 0 0 0 0 0 0 0 0 0 0 0 0 0 0 0 0 0 0 0 0 0 0 0 0 0 0 0 0 0 0 0 0 0 0 0 0 0 0 0 0 0 0 0 0 0 0 0 0 0 0 0 0 0 0 0 0 0 0 0 0 0 0 0 0 0 0 0 0 0 0 0 0 0 0 0 0 0 0 0 0 0 0 0 0 0 0 0 0 0 0 0 0 0 0 0 0 0 0 0 0 0 0 0 0 0 0 0 0 0 0 0 0 0 0 0 0 0 0 0 0 0 0 0 0 0 0 0 0 0 0 0 0 0 0 0 0 0 0 0 0 0 0 0 0 0 0 0 0 0 0 0 0 0 0 0 0 0 0 0 0 0 0 0 0 0 0 0 0 0 0 0 0 0 0 0 0 0 0 0 0 0 0 0 0 0 0 0 0 0 0 0 0 0 0 0 0 0 0 0 0 0 0 0 0 0 0 0 0 0 0 0 0 0 0 0 0 0 0 0 0 0 0 0 0 0 0 0 0 0 0 0 0 0 0 0 0 0 0 0 0 0 0 0 0 0 0 0 0 0 0 0 0 0 0 0 0 0 0 0 0 0 0 0 0 0 0 0 0 0 0 0 0 0 0 0 0 0 0 0 0 0 0 0 0 0 0 0 0 0 0 0 0 0 0 0 0 0 0 0 0 0 0 0 0 0 0 0 0 0 0 0 0 0 0 0 0 0 0 0 0 0 0 0 0 0 0 0 0 0 0 0 0 0 0 0 0 0 0 0 0 0 0 0 0 0 0 0 0 0 0 0 0 0 0 0 0 0 0 0 0 0 0 0 0 0 0 0 0 0 0 0 0 0 0 0 0 0 0 0 0 0 0 0 0 0 0 0 0 0 0 0 0 0 0 0 0 0 0 0 0 0 0 0 0 0 0 0 0 0 0 0 0 0 0 0 0 0 0 0 0 0 0 0 0 0 0 0 0 0 0 0 0 0 0 0 0 0 0 0 0 0 0
ctxt 5630862112
btime 1790630938
processes 1349210
procs_running 9
procs_blocked 0
softirq 5004101265 73526 15154841 2753290 555740028 635113 0 13560878 59264864 421 61951008
