Running 10s test @ http://127.0.0.1:18500/usleep?ms=10
  16 threads and 1000 connections
  Thread Stats   Avg      Stdev     Max   +/- Stdev
    Latency     3.57s     2.88s    9.45s    70.82%
    Req/Sec    23.38     13.83    90.00     75.00%
  Latency Distribution
     50%    2.11s 
     75%    6.15s 
     90%    8.42s 
     99%    9.35s 
  1011 requests in 10.10s, 204.37KB read
Requests/sec:    100.10
Transfer/sec:     20.24KB
## server-stat
cpu  3258225 1450 1584096 42830828 215629 0 774926 0 0 0
cpu0 119381 27 44288 1344523 3396 0 24462 0 0 0
cpu1 123220 31 45672 1344123 3859 0 24420 0 0 0
cpu2 124435 31 45816 1343616 3660 0 24565 0 0 0
cpu3 186875 30 64364 1248127 2639 0 39332 0 0 0
cpu4 187717 34 63239 1249318 3198 0 39362 0 0 0
cpu5 131292 32 47727 1334032 3846 0 25605 0 0 0
cpu6 131898 29 48032 1333412 3617 0 26374 0 0 0
cpu7 139764 26 51571 1319907 3211 0 29229 0 0 0
cpu8 40825 51 43030 1397977 7658 0 13307 0 0 0
cpu9 46648 57 46103 1375679 10265 0 14468 0 0 0
cpu10 44398 57 44528 1383613 8268 0 14302 0 0 0
cpu11 40652 52 40513 1402854 7144 0 12735 0 0 0
cpu12 79316 131 49712 1336187 12295 0 15611 0 0 0
cpu13 75979 63 50627 1335954 12884 0 15936 0 0 0
cpu14 40427 52 39884 1406322 6855 0 12454 0 0 0
cpu15 37635 53 36621 1419366 6856 0 11314 0 0 0
cpu16 160185 25 55866 1289783 4590 0 33088 0 0 0
cpu17 149975 24 54034 1301564 6066 0 31538 0 0 0
cpu18 144182 24 52931 1310662 4974 0 30799 0 0 0
cpu19 242684 24 76676 1171154 2748 0 49283 0 0 0
cpu20 216231 24 72025 1203309 4546 0 47045 0 0 0
cpu21 139050 28 51782 1316298 5918 0 29982 0 0 0
cpu22 131478 31 49942 1327643 5079 0 28225 0 0 0
cpu23 114526 30 44339 1356691 4584 0 23546 0 0 0
cpu24 43622 54 41304 1401115 8555 0 13425 0 0 0
cpu25 48756 57 46118 1377437 10546 0 15849 0 0 0
cpu26 46690 53 45017 1383469 9810 0 15410 0 0 0
cpu27 39450 41 40074 1393250 8523 0 21301 0 0 0
cpu28 73029 76 53431 1322689 12156 0 28354 0 0 0
cpu29 76936 113 55376 1311723 12665 0 28874 0 0 0
cpu30 38882 37 41582 1386921 7814 0 21276 0 0 0
cpu31 42074 39 41857 1402092 7390 0 13438 0 0 0
intr 3165237220 126 0 0 0 0 0 0 0 0 1 0 0 0 0 0 0 0 0 0 0 0 0 0 0 0 0 0 1 1 1 0 0 0 0 1 0 1 0 0 75045 0 0 0 0 0 0 0 0 411 0 0 0 0 0 0 0 0 87 0 0 0 0 0 0 0 0 0 0 0 0 0 0 0 419387 2 35049287 34990268 34908383 35047061 0 12800 7786 8581 7683 5945 7002 7957 8477 6483 27795 39025 29340 23513 35818 35466 23402 19823 9866 10357 9837 5361 8843 10882 10092 8610 25402 29983 27655 22957 31162 32724 20302 22078 0 0 0 0 617049 4334 1036 0 264 0 0 0 0 0 0 0 0 0 0 0 0 0 0 0 0 0 0 0 0 0 0 0 0 0 0 0 0 0 0 0 0 0 0 0 0 0 0 0 0 0 0 0 0 0 0 0 0 0 0 0 0 0 0 0 0 0 0 0 0 0 0 0 0 0 0 0 0 0 0 0 0 0 0 0 0 0 0 0 0 0 0 0 0 0 0 0 0 0 0 0 0 0 0 0 0 0 0 0 0 0 0 0 0 0 0 0 0 0 0 0 0 0 0 0 0 0 0 0 0 0 0 0 0 0 0 0 0 0 0 0 0 0 0 0 0 0 0 0 0 0 0 0 0 0 0 0 0 0 0 0 0 0 0 0 0 0 0 0 0 0 0 0 0 0 0 0 0 0 0 0 0 0 0 0 0 0 0 0 0 0 0 0 0 0 0 0 0 0 0 0 0 0 0 0 0 0 0 0 0 0 0 0 0 0 0 0 0 0 0 0 0 0 0 0 0 0 0 0 0 0 0 0 0 0 0 0 0 0 0 0 0 0 0 0 0 0 0 0 0 0 0 0 0 0 0 0 0 0 0 0 0 0 0 0 0 0 0 0 0 0 0 0 0 0 0 0 0 0 0 0 0 0 0 0 0 0 0 0 0 0 0 0 0 0 0 0 0 0 0 0 0 0 0 0 0 0 0 0 0 0 0 0 0 0 0 0 0 0 0 0 0 0 0 0 0 0 0 0 0 0 0 0 0 0 0 0 0 0 0 0 0 0 0 0 0 0 0 0 0 0 0 0 0 0 0 0 0 0 0 0 0 0 0 0 0 0 0 0 0 0 0 0 0 0 0 0 0 0 0 0 0 0 0 0 0 0 0 0 0 0 0 0 0 0 0 0 0 0 0 0 0 0 0 0 0 0 0 0 0 0 0 0 0 0 0 0 0 0 0 0 0 0 0 0 0 0 0 0 0 0 0 0 0 0 0 0 0 0 0 0 0 0 0 0 0 0 0 0 0 0 0 0 0 0 0 0 0 0 0 0 0 0 0 0 0 0 0 0 0 0 0 0 0 0 0 0 0 0 0 0 0 0 0 0 0 0 0 0 0 0 0 0 0 0 0 0 0 0 0 0 0 0 0 0 0 0 0 0 0 0 0 0 0 0 0 0 0 0 0 0 0 0 0 0 0 0 0 0 0 0 0 0 0 0 0 0 0 0 0 0 0 0 0 0 0 0 0 0 0 0 0 0 0 0 0 0 0 0 0 0 0 0 0 0 0 0 0 0 0 0 0 0 0 0 0 0 0 0 0 0 0 0 0 0 0 0 0 0 0 0 0 0 0 0 0 0 0 0 0 0 0 0 0 0 0 0 0 0 0 0 0 0 0 0 0 0 0 0 0 0 0 0 0 0 0 0 0 0 0 0 0 0 0 0 0 0 0 0 0 0 0 0 0 0 0 0 0 0 0 0 0 0 0 0 0 0 0 0 0 0 0 0 0 0 0 0 0 0 0 0 0 0 0 0 0 0 0 0 0 0 0 0 0 0 0 0 0 0 0 0 0 0 0 0 0 0 0 0 0 0 0 0 0 0 0 0 0 0 0 0 0 0 0 0 0 0 0 0 0 0 0 0 0 0 0 0 0 0 0 0 0 0 0 0 0 0 0 0 0 0 0 0 0 0 0 0 0 0 0 0 0 0 0 0 0 0 0 0 0 0 0 0 0 0 0 0 0 0 0 0 0 0 0 0 0 0 0 0 0 0 0 0 0 0 0 0 0 0 0 0 0 0 0 0 0 0 0 0 0 0 0 0 0 0 0 0 0 0 0 0 0 0 0 0 0 0 0 0 0 0 0 0 0 0 0 0 0 0 0 0 0 0 0 0 0 0 0 0 0 0 0 0 0 0 0 0 0 0 0 0 0 0 0 0 0 0 0 0 0 0 0 0 0 0 0 0 0 0 0 0 0 0 0 0 0 0 0 0 0 0 0 0 0 0 0 0 0 0 0 0 0 0 0 0 0 0 0 0 0 0 0 0 0 0 0 0 0 0 0 0 0 0 0 0 0 0 0 0 0 0 0 0 0 0 0 0 0 0 0 0 0 0 0 0 0 0 0 0 0 0 0 0 0 0 0 0 0 0 0 0 0 0 0 0 0 0 0 0 0 0 0 0 0 0 0 0 0 0 0 0 0 0 0 0 0 0 0 0 0 0 0 0 0 0 0 0 0 0 0 0 0 0 0 0 0 0 0 0 0 0 0 0 0 0 0 0 0 0 0 0 0 0 0 0 0 0 0 0 0 0 0 0 0 0 0 0 0 0 0 0 0 0 0 0 0 0 0 0 0 0 0 0 0 0 0 0 0 0 0 0 0 0 0 0 0 0 0 0 0 0 0 0 0 0 0 0 0 0 0 0 0 0 0 0 0 0 0 0 0 0 0 0 0 0 0 0 0 0 0 0 0 0 0 0 0 0 0 0 0 0 0 0 0 0 0 0 0 0 0 0 0
ctxt 4994939919
btime 1790630938
processes 572278
procs_running 1
procs_blocked 0
softirq 4550064280 73526 11268858 2753138 139706797 438600 0 13559745 49111259 421 38184640
--
cpu  3258287 1451 1584106 42856298 215654 0 774928 0 0 0
cpu0 119381 27 44288 1345321 3396 0 24463 0 0 0
cpu1 123220 31 45672 1344922 3859 0 24420 0 0 0
cpu2 124435 31 45816 1344415 3660 0 24565 0 0 0
cpu3 186882 30 64365 1248918 2639 0 39332 0 0 0
cpu4 187718 34 63239 1250115 3198 0 39362 0 0 0
cpu5 131292 32 47727 1334831 3846 0 25605 0 0 0
cpu6 131898 29 48032 1334211 3617 0 26374 0 0 0
cpu7 139764 26 51571 1320705 3211 0 29229 0 0 0
cpu8 40826 51 43030 1398775 7658 0 13307 0 0 0
cpu9 46649 57 46103 1376477 10265 0 14469 0 0 0
cpu10 44399 57 44528 1384411 8268 0 14302 0 0 0
cpu11 40652 52 40513 1403652 7144 0 12735 0 0 0
cpu12 79329 131 49714 1336958 12307 0 15611 0 0 0
cpu13 76008 63 50629 1336720 12884 0 15936 0 0 0
cpu14 40428 52 39884 1407120 6855 0 12454 0 0 0
cpu15 37635 53 36621 1420165 6856 0 11314 0 0 0
cpu16 160185 25 55867 1290582 4590 0 33088 0 0 0
cpu17 149975 24 54035 1302363 6066 0 31538 0 0 0
cpu18 144182 25 52931 1311460 4974 0 30799 0 0 0
cpu19 242687 24 76676 1171950 2748 0 49283 0 0 0
cpu20 216232 24 72025 1204108 4546 0 47045 0 0 0
cpu21 139050 28 51782 1317097 5918 0 29982 0 0 0
cpu22 131478 31 49942 1328443 5079 0 28225 0 0 0
cpu23 114526 30 44339 1357490 4584 0 23546 0 0 0
cpu24 43622 54 41304 1401914 8555 0 13425 0 0 0
cpu25 48756 57 46118 1378236 10546 0 15849 0 0 0
cpu26 46690 53 45018 1384268 9810 0 15410 0 0 0
cpu27 39450 41 40074 1394049 8523 0 21301 0 0 0
cpu28 73029 76 53431 1323488 12156 0 28354 0 0 0
cpu29 76937 113 55377 1312508 12677 0 28874 0 0 0
cpu30 38882 37 41583 1387720 7814 0 21276 0 0 0
cpu31 42074 39 41857 1402891 7390 0 13438 0 0 0
intr 3165326372 126 0 0 0 0 0 0 0 0 1 0 0 0 0 0 0 0 0 0 0 0 0 0 0 0 0 0 1 1 1 0 0 0 0 1 0 1 0 0 75045 0 0 0 0 0 0 0 0 411 0 0 0 0 0 0 0 0 87 0 0 0 0 0 0 0 0 0 0 0 0 0 0 0 419653 2 35049337 34990281 34908389 35047096 0 12804 7786 8581 7683 5945 7002 7957 8483 6483 27795 39025 29341 23513 35818 35466 23402 19823 9866 10357 9837 5361 8843 10882 10092 8610 25402 29983 27655 22957 31162 32725 20302 22078 0 0 0 0 617049 4334 1036 0 264 0 0 0 0 0 0 0 0 0 0 0 0 0 0 0 0 0 0 0 0 0 0 0 0 0 0 0 0 0 0 0 0 0 0 0 0 0 0 0 0 0 0 0 0 0 0 0 0 0 0 0 0 0 0 0 0 0 0 0 0 0 0 0 0 0 0 0 0 0 0 0 0 0 0 0 0 0 0 0 0 0 0 0 0 0 0 0 0 0 0 0 0 0 0 0 0 0 0 0 0 0 0 0 0 0 0 0 0 0 0 0 0 0 0 0 0 0 0 0 0 0 0 0 0 0 0 0 0 0 0 0 0 0 0 0 0 0 0 0 0 0 0 0 0 0 0 0 0 0 0 0 0 0 0 0 0 0 0 0 0 0 0 0 0 0 0 0 0 0 0 0 0 0 0 0 0 0 0 0 0 0 0 0 0 0 0 0 0 0 0 0 0 0 0 0 0 0 0 0 0 0 0 0 0 0 0 0 0 0 0 0 0 0 0 0 0 0 0 0 0 0 0 0 0 0 0 0 0 0 0 0 0 0 0 0 0 0 0 0 0 0 0 0 0 0 0 0 0 0 0 0 0 0 0 0 0 0 0 0 0 0 0 0 0 0 0 0 0 0 0 0 0 0 0 0 0 0 0 0 0 0 0 0 0 0 0 0 0 0 0 0 0 0 0 0 0 0 0 0 0 0 0 0 0 0 0 0 0 0 0 0 0 0 0 0 0 0 0 0 0 0 0 0 0 0 0 0 0 0 0 0 0 0 0 0 0 0 0 0 0 0 0 0 0 0 0 0 0 0 0 0 0 0 0 0 0 0 0 0 0 0 0 0 0 0 0 0 0 0 0 0 0 0 0 0 0 0 0 0 0 0 0 0 0 0 0 0 0 0 0 0 0 0 0 0 0 0 0 0 0 0 0 0 0 0 0 0 0 0 0 0 0 0 0 0 0 0 0 0 0 0 0 0 0 0 0 0 0 0 0 0 0 0 0 0 0 0 0 0 0 0 0 0 0 0 0 0 0 0 0 0 0 0 0 0 0 0 0 0 0 0 0 0 0 0 0 0 0 0 0 0 0 0 0 0 0 0 0 0 0 0 0 0 0 0 0 0 0 0 0 0 0 0 0 0 0 0 0 0 0 0 0 0 0 0 0 0 0 0 0 0 0 0 0 0 0 0 0 0 0 0 0 0 0 0 0 0 0 0 0 0 0 0 0 0 0 0 0 0 0 0 0 0 0 0 0 0 0 0 0 0 0 0 0 0 0 0 0 0 0 0 0 0 0 0 0 0 0 0 0 0 0 0 0 0 0 0 0 0 0 0 0 0 0 0 0 0 0 0 0 0 0 0 0 0 0 0 0 0 0 0 0 0 0 0 0 0 0 0 0 0 0 0 0 0 0 0 0 0 0 0 0 0 0 0 0 0 0 0 0 0 0 0 0 0 0 0 0 0 0 0 0 0 0 0 0 0 0 0 0 0 0 0 0 0 0 0 0 0 0 0 0 0 0 0 0 0 0 0 0 0 0 0 0 0 0 0 0 0 0 0 0 0 0 0 0 0 0 0 0 0 0 0 0 0 0 0 0 0 0 0 0 0 0 0 0 0 0 0 0 0 0 0 0 0 0 0 0 0 0 0 0 0 0 0 0 0 0 0 0 0 0 0 0 0 0 0 0 0 0 0 0 0 0 0 0 0 0 0 0 0 0 0 0 0 0 0 0 0 0 0 0 0 0 0 0 0 0 0 0 0 0 0 0 0 0 0 0 0 0 0 0 0 0 0 0 0 0 0 0 0 0 0 0 0 0 0 0 0 0 0 0 0 0 0 0 0 0 0 0 0 0 0 0 0 0 0 0 0 0 0 0 0 0 0 0 0 0 0 0 0 0 0 0 0 0 0 0 0 0 0 0 0 0 0 0 0 0 0 0 0 0 0 0 0 0 0 0 0 0 0 0 0 0 0 0 0 0 0 0 0 0 0 0 0 0 0 0 0 0 0 0 0 0 0 0 0 0 0 0 0 0 0 0 0 0 0 0 0 0 0 0 0 0 0 0 0 0 0 0 0 0 0 0 0 0 0 0 0 0 0 0 0 0 0 0 0 0 0 0 0 0 0 0 0 0 0 0 0 0 0 0 0 0 0 0 0 0 0 0 0 0 0 0 0 0 0 0 0 0 0 0 0 0 0 0 0 0 0 0 0 0 0 0 0 0 0 0 0 0 0 0 0 0 0 0 0 0 0 0 0 0 0 0 0 0 0 0 0 0 0 0 0 0 0 0 0 0 0 0 0 0 0 0 0 0 0 0 0 0 0 0 0 0 0 0 0 0 0 0 0 0 0 0 0 0 0 0 0 0 0 0 0 0 0 0 0 0 0 0 0 0 0 0 0 0 0 0 0 0 0 0 0 0 0 0 0 0 0 0 0 0 0 0 0 0 0 0 0 0 0 0 0 0 0 0 0 0 0 0 0 0 0 0 0 0 0 0 0 0 0 0
ctxt 4995072553
btime 1790630938
processes 572328
procs_running 1
procs_blocked 0
softirq 4550081350 73526 11272961 2753138 139709349 438881 0 13559745 49116561 421 38189472
