Running 10s test @ http://127.0.0.1:18500/usleep?ms=10
  16 threads and 1000 connections
  Thread Stats   Avg      Stdev     Max   +/- Stdev
    Latency     7.31s     1.47s    9.86s    57.56%
    Req/Sec    28.97     22.57   131.00     83.23%
  Latency Distribution
     50%    7.31s 
     75%    8.59s 
     90%    9.36s 
     99%    9.81s 
  1018 requests in 10.01s, 171.99KB read
Requests/sec:    101.69
Transfer/sec:     17.18KB
## server-stat
cpu  3271568 1465 1588226 43354605 216059 0 777915 0 0 0
cpu0 119836 27 44416 1360860 3396 0 24562 0 0 0
cpu1 123623 32 45795 1360599 3914 0 24496 0 0 0
cpu2 124778 31 45934 1360236 3660 0 24634 0 0 0
cpu3 188740 30 64938 1262281 2639 0 39853 0 0 0
cpu4 189592 34 63805 1263470 3199 0 39905 0 0 0
cpu5 131615 32 47841 1350685 3848 0 25663 0 0 0
cpu6 132189 29 48134 1350135 3620 0 26429 0 0 0
cpu7 140032 27 51670 1336694 3212 0 29272 0 0 0
cpu8 40849 51 43056 1414928 7660 0 13322 0 0 0
cpu9 46717 57 46154 1392306 10268 0 14493 0 0 0
cpu10 44439 57 44572 1400302 8287 0 14320 0 0 0
cpu11 40673 53 40542 1419663 7215 0 12748 0 0 0
cpu12 79636 132 49798 1352309 12310 0 15649 0 0 0
cpu13 76301 64 50739 1351905 12980 0 15977 0 0 0
cpu14 40462 52 39921 1422976 6898 0 12473 0 0 0
cpu15 37655 54 36654 1436233 6858 0 11331 0 0 0
cpu16 160767 25 55978 1306207 4591 0 33142 0 0 0
cpu17 150416 25 54138 1318115 6067 0 31595 0 0 0
cpu18 144527 25 53034 1327310 4977 0 30858 0 0 0
cpu19 244861 25 77218 1185081 2748 0 49776 0 0 0
cpu20 217954 24 72469 1217881 4547 0 47447 0 0 0
cpu21 139383 28 51894 1332952 5919 0 30036 0 0 0
cpu22 131768 31 50042 1344381 5080 0 28274 0 0 0
cpu23 114793 30 44437 1373475 4597 0 23584 0 0 0
cpu24 43651 55 41333 1418060 8555 0 13439 0 0 0
cpu25 48793 58 46148 1394268 10547 0 15867 0 0 0
cpu26 46717 53 45043 1400397 9813 0 15427 0 0 0
cpu27 39468 41 40094 1410290 8559 0 21315 0 0 0
cpu28 73197 77 53488 1339274 12167 0 28381 0 0 0
cpu29 77125 114 55448 1328241 12707 0 28901 0 0 0
cpu30 38903 37 41608 1403889 7814 0 21289 0 0 0
cpu31 42094 39 41873 1419188 7391 0 13446 0 0 0
intr 3183921816 126 0 0 0 0 0 0 0 0 1 0 0 0 0 0 0 0 0 0 0 0 0 0 0 0 0 0 1 1 1 0 0 0 0 1 0 1 0 0 75045 0 0 0 0 0 0 0 0 411 0 0 0 0 0 0 0 0 87 0 0 0 0 0 0 0 0 0 0 0 0 0 0 0 423605 2 35050277 34990516 34908598 35047914 0 12937 7787 8586 7686 5947 7004 7958 8511 6485 27798 39027 29359 23515 35872 35554 23404 19826 9869 10397 9891 5363 8843 10895 10094 8635 25407 29984 27799 22959 31183 32725 20302 22082 0 0 0 0 617061 4349 1036 0 264 0 0 0 0 0 0 0 0 0 0 0 0 0 0 0 0 0 0 0 0 0 0 0 0 0 0 0 0 0 0 0 0 0 0 0 0 0 0 0 0 0 0 0 0 0 0 0 0 0 0 0 0 0 0 0 0 0 0 0 0 0 0 0 0 0 0 0 0 0 0 0 0 0 0 0 0 0 0 0 0 0 0 0 0 0 0 0 0 0 0 0 0 0 0 0 0 0 0 0 0 0 0 0 0 0 0 0 0 0 0 0 0 0 0 0 0 0 0 0 0 0 0 0 0 0 0 0 0 0 0 0 0 0 0 0 0 0 0 0 0 0 0 0 0 0 0 0 0 0 0 0 0 0 0 0 0 0 0 0 0 0 0 0 0 0 0 0 0 0 0 0 0 0 0 0 0 0 0 0 0 0 0 0 0 0 0 0 0 0 0 0 0 0 0 0 0 0 0 0 0 0 0 0 0 0 0 0 0 0 0 0 0 0 0 0 0 0 0 0 0 0 0 0 0 0 0 0 0 0 0 0 0 0 0 0 0 0 0 0 0 0 0 0 0 0 0 0 0 0 0 0 0 0 0 0 0 0 0 0 0 0 0 0 0 0 0 0 0 0 0 0 0 0 0 0 0 0 0 0 0 0 0 0 0 0 0 0 0 0 0 0 0 0 0 0 0 0 0 0 0 0 0 0 0 0 0 0 0 0 0 0 0 0 0 0 0 0 0 0 0 0 0 0 0 0 0 0 0 0 0 0 0 0 0 0 0 0 0 0 0 0 0 0 0 0 0 0 0 0 0 0 0 0 0 0 0 0 0 0 0 0 0 0 0 0 0 0 0 0 0 0 0 0 0 0 0 0 0 0 0 0 0 0 0 0 0 0 0 0 0 0 0 0 0 0 0 0 0 0 0 0 0 0 0 0 0 0 0 0 0 0 0 0 0 0 0 0 0 0 0 0 0 0 0 0 0 0 0 0 0 0 0 0 0 0 0 0 0 0 0 0 0 0 0 0 0 0 0 0 0 0 0 0 0 0 0 0 0 0 0 0 0 0 0 0 0 0 0 0 0 0 0 0 0 0 0 0 0 0 0 0 0 0 0 0 0 0 0 0 0 0 0 0 0 0 0 0 0 0 0 0 0 0 0 0 0 0 0 0 0 0 0 0 0 0 0 0 0 0 0 0 0 0 0 0 0 0 0 0 0 0 0 0 0 0 0 0 0 0 0 0 0 0 0 0 0 0 0 0 0 0 0 0 0 0 0 0 0 0 0 0 0 0 0 0 0 0 0 0 0 0 0 0 0 0 0 0 0 0 0 0 0 0 0 0 0 0 0 0 0 0 0 0 0 0 0 0 0 0 0 0 0 0 0 0 0 0 0 0 0 0 0 0 0 0 0 0 0 0 0 0 0 0 0 0 0 0 0 0 0 0 0 0 0 0 0 0 0 0 0 0 0 0 0 0 0 0 0 0 0 0 0 0 0 0 0 0 0 0 0 0 0 0 0 0 0 0 0 0 0 0 0 0 0 0 0 0 0 0 0 0 0 0 0 0 0 0 0 0 0 0 0 0 0 0 0 0 0 0 0 0 0 0 0 0 0 0 0 0 0 0 0 0 0 0 0 0 0 0 0 0 0 0 0 0 0 0 0 0 0 0 0 0 0 0 0 0 0 0 0 0 0 0 0 0 0 0 0 0 0 0 0 0 0 0 0 0 0 0 0 0 0 0 0 0 0 0 0 0 0 0 0 0 0 0 0 0 0 0 0 0 0 0 0 0 0 0 0 0 0 0 0 0 0 0 0 0 0 0 0 0 0 0 0 0 0 0 0 0 0 0 0 0 0 0 0 0 0 0 0 0 0 0 0 0 0 0 0 0 0 0 0 0 0 0 0 0 0 0 0 0 0 0 0 0 0 0 0 0 0 0 0 0 0 0 0 0 0 0 0 0 0 0 0 0 0 0 0 0 0 0 0 0 0 0 0 0 0 0 0 0 0 0 0 0 0 0 0 0 0 0 0 0 0 0 0 0 0 0 0 0 0 0 0 0 0 0 0 0 0 0 0 0 0 0 0 0 0 0 0 0 0 0 0 0 0 0 0 0 0 0 0 0 0 0 0 0 0 0 0 0 0 0 0 0 0 0 0 0 0 0 0 0 0 0 0 0 0 0 0 0 0 0 0 0 0 0 0 0 0 0 0 0 0 0 0 0 0 0 0 0 0 0 0 0 0 0 0 0 0 0 0 0 0 0 0 0 0 0 0 0 0 0 0 0 0 0 0 0 0 0 0 0 0 0 0 0 0 0 0 0 0 0 0 0 0 0 0 0 0 0 0 0 0 0 0 0 0 0 0 0 0 0 0 0 0 0 0 0 0 0 0 0 0 0 0 0 0 0 0 0 0 0 0 0 0 0 0 0 0 0 0 0 0 0 0 0 0 0 0 0 0 0 0 0 0 0 0 0 0 0 0 0 0 0 0 0 0 0 0 0 0
ctxt 5030099355
btime 1790630938
processes 575087
procs_running 1
procs_blocked 0
softirq 4573913891 73526 11350046 2753146 163021072 443037 0 13559785 49356231 421 38389331
--
cpu  3271646 1465 1588236 43380066 216073 0 777917 0 0 0
cpu0 119837 27 44416 1361658 3396 0 24562 0 0 0
cpu1 123624 32 45795 1361398 3914 0 24496 0 0 0
cpu2 124778 31 45934 1361034 3660 0 24634 0 0 0
cpu3 188741 30 64938 1263079 2639 0 39853 0 0 0
cpu4 189594 34 63805 1264267 3199 0 39905 0 0 0
cpu5 131616 32 47841 1351482 3848 0 25663 0 0 0
cpu6 132190 29 48135 1350934 3620 0 26429 0 0 0
cpu7 140032 27 51670 1337493 3212 0 29272 0 0 0
cpu8 40850 51 43056 1415726 7660 0 13322 0 0 0
cpu9 46718 57 46154 1393103 10269 0 14493 0 0 0
cpu10 44439 57 44572 1401101 8287 0 14320 0 0 0
cpu11 40673 53 40542 1420461 7215 0 12748 0 0 0
cpu12 79662 132 49798 1353080 12310 0 15649 0 0 0
cpu13 76324 64 50740 1352679 12980 0 15977 0 0 0
cpu14 40463 52 39922 1423761 6910 0 12473 0 0 0
cpu15 37655 54 36654 1437031 6858 0 11331 0 0 0
cpu16 160767 25 55979 1307003 4591 0 33142 0 0 0
cpu17 150417 25 54138 1318913 6067 0 31595 0 0 0
cpu18 144528 25 53034 1328107 4977 0 30858 0 0 0
cpu19 244862 25 77219 1185878 2748 0 49776 0 0 0
cpu20 217954 24 72469 1218679 4547 0 47447 0 0 0
cpu21 139383 28 51894 1333752 5919 0 30036 0 0 0
cpu22 131768 31 50042 1345180 5080 0 28274 0 0 0
cpu23 114793 30 44437 1374274 4597 0 23584 0 0 0
cpu24 43652 55 41333 1418857 8556 0 13439 0 0 0
cpu25 48795 58 46148 1395065 10547 0 15867 0 0 0
cpu26 46719 53 45044 1401193 9814 0 15427 0 0 0
cpu27 39469 41 40094 1411088 8559 0 21315 0 0 0
cpu28 73202 77 53488 1340067 12167 0 28381 0 0 0
cpu29 77130 114 55448 1329035 12707 0 28901 0 0 0
cpu30 38904 37 41608 1404687 7814 0 21289 0 0 0
cpu31 42095 39 41874 1419986 7391 0 13446 0 0 0
intr 3184053753 126 0 0 0 0 0 0 0 0 1 0 0 0 0 0 0 0 0 0 0 0 0 0 0 0 0 0 1 1 1 0 0 0 0 1 0 1 0 0 75045 0 0 0 0 0 0 0 0 411 0 0 0 0 0 0 0 0 87 0 0 0 0 0 0 0 0 0 0 0 0 0 0 0 423740 2 35050326 34990529 34908602 35047945 0 12945 7787 8586 7686 5947 7004 7958 8511 6485 27798 39027 29360 23515 35872 35554 23405 19826 9869 10397 9891 5363 8843 10895 10094 8641 25407 29984 27800 22959 31183 32725 20302 22082 0 0 0 0 617061 4349 1036 0 264 0 0 0 0 0 0 0 0 0 0 0 0 0 0 0 0 0 0 0 0 0 0 0 0 0 0 0 0 0 0 0 0 0 0 0 0 0 0 0 0 0 0 0 0 0 0 0 0 0 0 0 0 0 0 0 0 0 0 0 0 0 0 0 0 0 0 0 0 0 0 0 0 0 0 0 0 0 0 0 0 0 0 0 0 0 0 0 0 0 0 0 0 0 0 0 0 0 0 0 0 0 0 0 0 0 0 0 0 0 0 0 0 0 0 0 0 0 0 0 0 0 0 0 0 0 0 0 0 0 0 0 0 0 0 0 0 0 0 0 0 0 0 0 0 0 0 0 0 0 0 0 0 0 0 0 0 0 0 0 0 0 0 0 0 0 0 0 0 0 0 0 0 0 0 0 0 0 0 0 0 0 0 0 0 0 0 0 0 0 0 0 0 0 0 0 0 0 0 0 0 0 0 0 0 0 0 0 0 0 0 0 0 0 0 0 0 0 0 0 0 0 0 0 0 0 0 0 0 0 0 0 0 0 0 0 0 0 0 0 0 0 0 0 0 0 0 0 0 0 0 0 0 0 0 0 0 0 0 0 0 0 0 0 0 0 0 0 0 0 0 0 0 0 0 0 0 0 0 0 0 0 0 0 0 0 0 0 0 0 0 0 0 0 0 0 0 0 0 0 0 0 0 0 0 0 0 0 0 0 0 0 0 0 0 0 0 0 0 0 0 0 0 0 0 0 0 0 0 0 0 0 0 0 0 0 0 0 0 0 0 0 0 0 0 0 0 0 0 0 0 0 0 0 0 0 0 0 0 0 0 0 0 0 0 0 0 0 0 0 0 0 0 0 0 0 0 0 0 0 0 0 0 0 0 0 0 0 0 0 0 0 0 0 0 0 0 0 0 0 0 0 0 0 0 0 0 0 0 0 0 0 0 0 0 0 0 0 0 0 0 0 0 0 0 0 0 0 0 0 0 0 0 0 0 0 0 0 0 0 0 0 0 0 0 0 0 0 0 0 0 0 0 0 0 0 0 0 0 0 0 0 0 0 0 0 0 0 0 0 0 0 0 0 0 0 0 0 0 0 0 0 0 0 0 0 0 0 0 0 0 0 0 0 0 0 0 0 0 0 0 0 0 0 0 0 0 0 0 0 0 0 0 0 0 0 0 0 0 0 0 0 0 0 0 0 0 0 0 0 0 0 0 0 0 0 0 0 0 0 0 0 0 0 0 0 0 0 0 0 0 0 0 0 0 0 0 0 0 0 0 0 0 0 0 0 0 0 0 0 0 0 0 0 0 0 0 0 0 0 0 0 0 0 0 0 0 0 0 0 0 0 0 0 0 0 0 0 0 0 0 0 0 0 0 0 0 0 0 0 0 0 0 0 0 0 0 0 0 0 0 0 0 0 0 0 0 0 0 0 0 0 0 0 0 0 0 0 0 0 0 0 0 0 0 0 0 0 0 0 0 0 0 0 0 0 0 0 0 0 0 0 0 0 0 0 0 0 0 0 0 0 0 0 0 0 0 0 0 0 0 0 0 0 0 0 0 0 0 0 0 0 0 0 0 0 0 0 0 0 0 0 0 0 0 0 0 0 0 0 0 0 0 0 0 0 0 0 0 0 0 0 0 0 0 0 0 0 0 0 0 0 0 0 0 0 0 0 0 0 0 0 0 0 0 0 0 0 0 0 0 0 0 0 0 0 0 0 0 0 0 0 0 0 0 0 0 0 0 0 0 0 0 0 0 0 0 0 0 0 0 0 0 0 0 0 0 0 0 0 0 0 0 0 0 0 0 0 0 0 0 0 0 0 0 0 0 0 0 0 0 0 0 0 0 0 0 0 0 0 0 0 0 0 0 0 0 0 0 0 0 0 0 0 0 0 0 0 0 0 0 0 0 0 0 0 0 0 0 0 0 0 0 0 0 0 0 0 0 0 0 0 0 0 0 0 0 0 0 0 0 0 0 0 0 0 0 0 0 0 0 0 0 0 0 0 0 0 0 0 0 0 0 0 0 0 0 0 0 0 0 0 0 0 0 0 0 0 0 0 0 0 0 0 0 0 0 0 0 0 0 0 0 0 0 0 0 0 0 0 0 0 0 0 0 0 0 0 0 0 0 0 0 0 0 0 0 0 0 0 0 0 0 0 0 0 0 0 0 0 0 0 0 0 0 0 0 0 0 0 0 0 0 0 0 0 0 0 0 0 0 0 0 0 0 0 0 0 0 0 0 0 0 0 0 0 0 0 0 0 0 0 0 0 0 0 0 0 0 0 0 0 0 0 0 0 0 0 0 0 0 0 0 0 0 0 0 0 0 0 0 0 0 0 0 0 0 0 0 0 0 0 0 0 0 0 0 0 0 0 0 0 0 0 0 0 0 0 0 0 0 0 0 0 0 0 0 0 0 0 0 0 0 0 0 0 0 0 0 0 0 0 0 0 0 0 0 0 0 0 0 0 0 0 0 0 0 0 0 0 0 0 0
ctxt 5030296253
btime 1790630938
processes 575149
procs_running 1
procs_blocked 0
softirq 4573933342 73526 11353352 2753146 163023621 443178 0 13559785 49362970 421 38396047
