Running 10s test @ http://127.0.0.1:18500/counter
  16 threads and 128 connections
  Thread Stats   Avg      Stdev     Max   +/- Stdev
    Latency     0.90ms  268.25us   3.89ms   63.39%
    Req/Sec     8.98k     1.06k   10.97k    65.16%
  Latency Distribution
     50%    0.94ms
     75%    1.05ms
     90%    1.27ms
     99%    1.62ms
  1443466 requests in 10.10s, 246.43MB read
Requests/sec: 142924.91
Transfer/sec:     24.40MB
## server-stat
cpu  3634065 1606 1668774 48176330 379272 0 807086 0 0 0
cpu0 137814 29 47982 1507098 4707 0 26399 0 0 0
cpu1 139387 33 48937 1509964 5700 0 25839 0 0 0
cpu2 140749 34 48890 1509593 5694 0 25922 0 0 0
cpu3 216195 34 69885 1397538 4168 0 41903 0 0 0
cpu4 218159 37 68566 1398067 4745 0 42022 0 0 0
cpu5 146638 36 50707 1500750 6426 0 26912 0 0 0
cpu6 148000 33 51165 1498477 6695 0 27969 0 0 0
cpu7 154555 30 54429 1486447 6515 0 30664 0 0 0
cpu8 41378 59 44190 1575804 14520 0 13615 0 0 0
cpu9 47466 64 47385 1551424 17875 0 14836 0 0 0
cpu10 45032 65 45745 1559559 16117 0 14639 0 0 0
cpu11 41135 60 41596 1580224 14630 0 13020 0 0 0
cpu12 83125 139 51365 1507761 20006 0 16055 0 0 0
cpu13 79516 72 52357 1507123 20858 0 16409 0 0 0
cpu14 40997 59 41044 1583743 13804 0 12754 0 0 0
cpu15 38052 61 37664 1597350 14123 0 11583 0 0 0
cpu16 183006 27 59379 1449524 6289 0 34301 0 0 0
cpu17 172750 27 57633 1460637 8228 0 32886 0 0 0
cpu18 164609 27 56363 1471479 7931 0 32096 0 0 0
cpu19 285605 26 83695 1306314 3819 0 51958 0 0 0
cpu20 254491 25 78397 1344119 5695 0 49390 0 0 0
cpu21 159733 29 55388 1476196 9379 0 31304 0 0 0
cpu22 148079 33 52869 1491867 9306 0 29191 0 0 0
cpu23 128554 32 47260 1523297 8954 0 24559 0 0 0
cpu24 44309 62 42498 1577871 16623 0 13714 0 0 0
cpu25 49578 63 47457 1553170 18796 0 16217 0 0 0
cpu26 47405 59 46305 1559689 17916 0 15770 0 0 0
cpu27 40038 48 41256 1570303 16634 0 21593 0 0 0
cpu28 75909 82 55235 1494301 21125 0 28852 0 0 0
cpu29 79707 119 57230 1482993 21823 0 29383 0 0 0
cpu30 39447 44 42820 1564043 15207 0 21588 0 0 0
cpu31 42635 44 43069 1579591 14948 0 13728 0 0 0
intr 3316866011 126 0 0 0 0 0 0 0 0 1 0 0 0 0 0 0 0 0 0 0 0 0 0 0 0 0 0 1 1 1 0 0 0 0 1 0 1 0 0 75045 0 0 0 0 0 0 0 0 411 0 0 0 0 0 0 0 0 87 0 0 0 0 0 0 0 0 0 0 0 0 0 0 0 491114 2 35057824 34997067 34912575 35053997 0 14320 10792 12158 11569 8436 9757 12843 13893 10866 38428 52420 40915 34653 52763 50374 31515 28106 12625 14415 17219 7591 10999 15778 15596 13869 35897 45022 41080 33035 50982 54857 30092 32275 0 0 0 0 617177 4475 1036 0 264 0 0 0 0 0 0 0 0 0 0 0 0 0 0 0 0 0 0 0 0 0 0 0 0 0 0 0 0 0 0 0 0 0 0 0 0 0 0 0 0 0 0 0 0 0 0 0 0 0 0 0 0 0 0 0 0 0 0 0 0 0 0 0 0 0 0 0 0 0 0 0 0 0 0 0 0 0 0 0 0 0 0 0 0 0 0 0 0 0 0 0 0 0 0 0 0 0 0 0 0 0 0 0 0 0 0 0 0 0 0 0 0 0 0 0 0 0 0 0 0 0 0 0 0 0 0 0 0 0 0 0 0 0 0 0 0 0 0 0 0 0 0 0 0 0 0 0 0 0 0 0 0 0 0 0 0 0 0 0 0 0 0 0 0 0 0 0 0 0 0 0 0 0 0 0 0 0 0 0 0 0 0 0 0 0 0 0 0 0 0 0 0 0 0 0 0 0 0 0 0 0 0 0 0 0 0 0 0 0 0 0 0 0 0 0 0 0 0 0 0 0 0 0 0 0 0 0 0 0 0 0 0 0 0 0 0 0 0 0 0 0 0 0 0 0 0 0 0 0 0 0 0 0 0 0 0 0 0 0 0 0 0 0 0 0 0 0 0 0 0 0 0 0 0 0 0 0 0 0 0 0 0 0 0 0 0 0 0 0 0 0 0 0 0 0 0 0 0 0 0 0 0 0 0 0 0 0 0 0 0 0 0 0 0 0 0 0 0 0 0 0 0 0 0 0 0 0 0 0 0 0 0 0 0 0 0 0 0 0 0 0 0 0 0 0 0 0 0 0 0 0 0 0 0 0 0 0 0 0 0 0 0 0 0 0 0 0 0 0 0 0 0 0 0 0 0 0 0 0 0 0 0 0 0 0 0 0 0 0 0 0 0 0 0 0 0 0 0 0 0 0 0 0 0 0 0 0 0 0 0 0 0 0 0 0 0 0 0 0 0 0 0 0 0 0 0 0 0 0 0 0 0 0 0 0 0 0 0 0 0 0 0 0 0 0 0 0 0 0 0 0 0 0 0 0 0 0 0 0 0 0 0 0 0 0 0 0 0 0 0 0 0 0 0 0 0 0 0 0 0 0 0 0 0 0 0 0 0 0 0 0 0 0 0 0 0 0 0 0 0 0 0 0 0 0 0 0 0 0 0 0 0 0 0 0 0 0 0 0 0 0 0 0 0 0 0 0 0 0 0 0 0 0 0 0 0 0 0 0 0 0 0 0 0 0 0 0 0 0 0 0 0 0 0 0 0 0 0 0 0 0 0 0 0 0 0 0 0 0 0 0 0 0 0 0 0 0 0 0 0 0 0 0 0 0 0 0 0 0 0 0 0 0 0 0 0 0 0 0 0 0 0 0 0 0 0 0 0 0 0 0 0 0 0 0 0 0 0 0 0 0 0 0 0 0 0 0 0 0 0 0 0 0 0 0 0 0 0 0 0 0 0 0 0 0 0 0 0 0 0 0 0 0 0 0 0 0 0 0 0 0 0 0 0 0 0 0 0 0 0 0 0 0 0 0 0 0 0 0 0 0 0 0 0 0 0 0 0 0 0 0 0 0 0 0 0 0 0 0 0 0 0 0 0 0 0 0 0 0 0 0 0 0 0 0 0 0 0 0 0 0 0 0 0 0 0 0 0 0 0 0 0 0 0 0 0 0 0 0 0 0 0 0 0 0 0 0 0 0 0 0 0 0 0 0 0 0 0 0 0 0 0 0 0 0 0 0 0 0 0 0 0 0 0 0 0 0 0 0 0 0 0 0 0 0 0 0 0 0 0 0 0 0 0 0 0 0 0 0 0 0 0 0 0 0 0 0 0 0 0 0 0 0 0 0 0 0 0 0 0 0 0 0 0 0 0 0 0 0 0 0 0 0 0 0 0 0 0 0 0 0 0 0 0 0 0 0 0 0 0 0 0 0 0 0 0 0 0 0 0 0 0 0 0 0 0 0 0 0 0 0 0 0 0 0 0 0 0 0 0 0 0 0 0 0 0 0 0 0 0 0 0 0 0 0 0 0 0 0 0 0 0 0 0 0 0 0 0 0 0 0 0 0 0 0 0 0 0 0 0 0 0 0 0 0 0 0 0 0 0 0 0 0 0 0 0 0 0 0 0 0 0 0 0 0 0 0 0 0 0 0 0 0 0 0 0 0 0 0 0 0 0 0 0 0 0 0 0 0 0 0 0 0 0 0 0 0 0 0 0 0 0 0 0 0 0 0 0 0 0 0 0 0 0 0 0 0 0 0 0 0 0 0 0 0 0 0 0 0 0 0 0 0 0 0 0 0 0 0 0 0 0 0 0 0 0 0 0 0 0 0 0 0 0 0 0 0 0 0 0 0 0 0 0 0 0 0 0 0 0 0 0 0 0 0 0 0 0 0 0 0 0 0 0 0 0 0 0 0 0 0 0 0 0 0 0 0 0 0 0 0 0 0 0 0 0 0 0 0 0 0 0 0 0 0 0 0 0 0 0 0 0
ctxt 5260152991
btime 1790630938
processes 847673
procs_running 9
procs_blocked 0
softirq 4755244417 73526 12774761 2753162 329571519 512734 0 13560121 53016427 421 48014450
--
cpu  3639402 1607 1669673 48194439 379301 0 807491 0 0 0
cpu0 138323 29 48065 1507264 4707 0 26436 0 0 0
cpu1 139907 33 49011 1510135 5700 0 25874 0 0 0
cpu2 141400 34 48991 1509593 5694 0 25969 0 0 0
cpu3 216775 34 69974 1397628 4168 0 41944 0 0 0
cpu4 218160 37 68567 1398847 4745 0 42023 0 0 0
cpu5 146639 36 50708 1501538 6433 0 26912 0 0 0
cpu6 148647 33 51273 1498477 6696 0 28014 0 0 0
cpu7 154907 30 54484 1486815 6515 0 30688 0 0 0
cpu8 41381 59 44192 1576552 14520 0 13617 0 0 0
cpu9 47475 64 47391 1552154 17875 0 14839 0 0 0
cpu10 45036 65 45749 1560292 16117 0 14642 0 0 0
cpu11 41138 60 41600 1580966 14630 0 13023 0 0 0
cpu12 83141 139 51371 1508483 20007 0 16060 0 0 0
cpu13 79529 72 52365 1507841 20858 0 16412 0 0 0
cpu14 41001 59 41048 1584479 13804 0 12756 0 0 0
cpu15 38057 62 37668 1598089 14123 0 11586 0 0 0
cpu16 183147 27 59401 1450149 6289 0 34310 0 0 0
cpu17 172893 27 57653 1461263 8228 0 32895 0 0 0
cpu18 164610 27 56364 1472274 7931 0 32096 0 0 0
cpu19 285682 26 83707 1307018 3819 0 51962 0 0 0
cpu20 255145 25 78497 1344119 5695 0 49437 0 0 0
cpu21 160382 29 55494 1476196 9380 0 31349 0 0 0
cpu22 148079 33 52869 1492659 9309 0 29191 0 0 0
cpu23 128854 32 47309 1523725 8954 0 24579 0 0 0
cpu24 44312 62 42503 1578613 16623 0 13716 0 0 0
cpu25 49583 63 47461 1553903 18801 0 16219 0 0 0
cpu26 47410 59 46309 1560430 17917 0 15772 0 0 0
cpu27 40042 48 41259 1571058 16634 0 21595 0 0 0
cpu28 75925 82 55241 1495022 21133 0 28854 0 0 0
cpu29 79719 119 57236 1483712 21823 0 29387 0 0 0
cpu30 39452 44 42826 1564787 15207 0 21590 0 0 0
cpu31 42639 44 43071 1580344 14948 0 13730 0 0 0
intr 3318133799 126 0 0 0 0 0 0 0 0 1 0 0 0 0 0 0 0 0 0 0 0 0 0 0 0 0 0 1 1 1 0 0 0 0 1 0 1 0 0 75045 0 0 0 0 0 0 0 0 411 0 0 0 0 0 0 0 0 87 0 0 0 0 0 0 0 0 0 0 0 0 0 0 0 491370 2 35057842 34997112 34912591 35054035 0 14328 10792 12158 11569 8436 9757 12843 13893 10866 38428 52420 40915 34653 52782 50384 31516 28106 12625 14415 17219 7591 10999 15778 15596 13869 35897 45022 41080 33035 50982 54857 30092 32275 0 0 0 0 617177 4481 1036 0 264 0 0 0 0 0 0 0 0 0 0 0 0 0 0 0 0 0 0 0 0 0 0 0 0 0 0 0 0 0 0 0 0 0 0 0 0 0 0 0 0 0 0 0 0 0 0 0 0 0 0 0 0 0 0 0 0 0 0 0 0 0 0 0 0 0 0 0 0 0 0 0 0 0 0 0 0 0 0 0 0 0 0 0 0 0 0 0 0 0 0 0 0 0 0 0 0 0 0 0 0 0 0 0 0 0 0 0 0 0 0 0 0 0 0 0 0 0 0 0 0 0 0 0 0 0 0 0 0 0 0 0 0 0 0 0 0 0 0 0 0 0 0 0 0 0 0 0 0 0 0 0 0 0 0 0 0 0 0 0 0 0 0 0 0 0 0 0 0 0 0 0 0 0 0 0 0 0 0 0 0 0 0 0 0 0 0 0 0 0 0 0 0 0 0 0 0 0 0 0 0 0 0 0 0 0 0 0 0 0 0 0 0 0 0 0 0 0 0 0 0 0 0 0 0 0 0 0 0 0 0 0 0 0 0 0 0 0 0 0 0 0 0 0 0 0 0 0 0 0 0 0 0 0 0 0 0 0 0 0 0 0 0 0 0 0 0 0 0 0 0 0 0 0 0 0 0 0 0 0 0 0 0 0 0 0 0 0 0 0 0 0 0 0 0 0 0 0 0 0 0 0 0 0 0 0 0 0 0 0 0 0 0 0 0 0 0 0 0 0 0 0 0 0 0 0 0 0 0 0 0 0 0 0 0 0 0 0 0 0 0 0 0 0 0 0 0 0 0 0 0 0 0 0 0 0 0 0 0 0 0 0 0 0 0 0 0 0 0 0 0 0 0 0 0 0 0 0 0 0 0 0 0 0 0 0 0 0 0 0 0 0 0 0 0 0 0 0 0 0 0 0 0 0 0 0 0 0 0 0 0 0 0 0 0 0 0 0 0 0 0 0 0 0 0 0 0 0 0 0 0 0 0 0 0 0 0 0 0 0 0 0 0 0 0 0 0 0 0 0 0 0 0 0 0 0 0 0 0 0 0 0 0 0 0 0 0 0 0 0 0 0 0 0 0 0 0 0 0 0 0 0 0 0 0 0 0 0 0 0 0 0 0 0 0 0 0 0 0 0 0 0 0 0 0 0 0 0 0 0 0 0 0 0 0 0 0 0 0 0 0 0 0 0 0 0 0 0 0 0 0 0 0 0 0 0 0 0 0 0 0 0 0 0 0 0 0 0 0 0 0 0 0 0 0 0 0 0 0 0 0 0 0 0 0 0 0 0 0 0 0 0 0 0 0 0 0 0 0 0 0 0 0 0 0 0 0 0 0 0 0 0 0 0 0 0 0 0 0 0 0 0 0 0 0 0 0 0 0 0 0 0 0 0 0 0 0 0 0 0 0 0 0 0 0 0 0 0 0 0 0 0 0 0 0 0 0 0 0 0 0 0 0 0 0 0 0 0 0 0 0 0 0 0 0 0 0 0 0 0 0 0 0 0 0 0 0 0 0 0 0 0 0 0 0 0 0 0 0 0 0 0 0 0 0 0 0 0 0 0 0 0 0 0 0 0 0 0 0 0 0 0 0 0 0 0 0 0 0 0 0 0 0 0 0 0 0 0 0 0 0 0 0 0 0 0 0 0 0 0 0 0 0 0 0 0 0 0 0 0 0 0 0 0 0 0 0 0 0 0 0 0 0 0 0 0 0 0 0 0 0 0 0 0 0 0 0 0 0 0 0 0 0 0 0 0 0 0 0 0 0 0 0 0 0 0 0 0 0 0 0 0 0 0 0 0 0 0 0 0 0 0 0 0 0 0 0 0 0 0 0 0 0 0 0 0 0 0 0 0 0 0 0 0 0 0 0 0 0 0 0 0 0 0 0 0 0 0 0 0 0 0 0 0 0 0 0 0 0 0 0 0 0 0 0 0 0 0 0 0 0 0 0 0 0 0 0 0 0 0 0 0 0 0 0 0 0 0 0 0 0 0 0 0 0 0 0 0 0 0 0 0 0 0 0 0 0 0 0 0 0 0 0 0 0 0 0 0 0 0 0 0 0 0 0 0 0 0 0 0 0 0 0 0 0 0 0 0 0 0 0 0 0 0 0 0 0 0 0 0 0 0 0 0 0 0 0 0 0 0 0 0 0 0 0 0 0 0 0 0 0 0 0 0 0 0 0 0 0 0 0 0 0 0 0 0 0 0 0 0 0 0 0 0 0 0 0 0 0 0 0 0 0 0 0 0 0 0 0 0 0 0 0 0 0 0 0 0 0 0 0 0 0 0 0 0 0 0 0 0 0 0 0 0 0 0 0 0 0 0 0 0 0 0 0 0 0 0 0 0 0 0 0 0 0 0 0 0 0 0 0 0 0 0 0 0 0 0 0 0 0 0 0 0 0 0 0 0 0 0 0 0 0 0 0 0 0 0 0 0 0 0 0 0 0 0 0 0 0 0 0 0 0 0 0 0 0 0 0 0 0 0 0
ctxt 5262431570
btime 1790630938
processes 847757
procs_running 9
procs_blocked 0
softirq 4757574324 73526 12779560 2753162 331858839 513001 0 13560135 53029983 421 48038401
