Running 10s test @ http://127.0.0.1:18500/swerve/usleep?ms=10
  16 threads and 32 connections
  Thread Stats   Avg      Stdev     Max   +/- Stdev
    Latency   167.63ms   42.66ms 331.30ms   98.26%
    Req/Sec    12.53      4.57    20.00     70.83%
  Latency Distribution
     50%  152.93ms
     75%  209.21ms
     90%  209.48ms
     99%  210.46ms
  1893 requests in 10.01s, 460.37KB read
Requests/sec:    189.14
Transfer/sec:     46.00KB
## server-stat
cpu  3282810 1476 1591902 43761326 216374 0 779789 0 0 0
cpu0 119917 27 44449 1374015 3396 0 24585 0 0 0
cpu1 123686 32 45825 1373874 3915 0 24506 0 0 0
cpu2 124806 31 45958 1373558 3661 0 24638 0 0 0
cpu3 190877 30 65587 1272363 2639 0 40326 0 0 0
cpu4 191877 35 64513 1273309 3200 0 40464 0 0 0
cpu5 131646 33 47864 1364010 3848 0 25665 0 0 0
cpu6 132208 30 48154 1363473 3621 0 26431 0 0 0
cpu7 140042 28 51687 1350046 3212 0 29273 0 0 0
cpu8 40879 52 43097 1428053 7662 0 13330 0 0 0
cpu9 46773 57 46201 1405219 10269 0 14506 0 0 0
cpu10 44471 58 44615 1413232 8304 0 14331 0 0 0
cpu11 40702 53 40578 1432721 7216 0 12757 0 0 0
cpu12 79865 132 49867 1364855 12344 0 15666 0 0 0
cpu13 76539 64 50818 1364445 12983 0 16003 0 0 0
cpu14 40493 53 39965 1435933 6953 0 12486 0 0 0
cpu15 37679 55 36690 1449301 6872 0 11340 0 0 0
cpu16 160835 25 56007 1319484 4592 0 33146 0 0 0
cpu17 150446 26 54165 1331437 6068 0 31596 0 0 0
cpu18 144551 25 53060 1340637 4978 0 30859 0 0 0
cpu19 247713 25 77935 1194519 2748 0 50146 0 0 0
cpu20 220326 24 73016 1228116 4547 0 47678 0 0 0
cpu21 139403 28 51920 1346283 5919 0 30036 0 0 0
cpu22 131786 31 50070 1357714 5080 0 28274 0 0 0
cpu23 114807 30 44461 1386810 4604 0 23585 0 0 0
cpu24 43683 55 41369 1431165 8559 0 13446 0 0 0
cpu25 48829 58 46185 1407325 10565 0 15878 0 0 0
cpu26 46752 53 45090 1413473 9814 0 15440 0 0 0
cpu27 39495 42 40132 1423449 8560 0 21323 0 0 0
cpu28 73303 77 53548 1352099 12244 0 28395 0 0 0
cpu29 77360 114 55506 1340966 12767 0 28915 0 0 0
cpu30 38930 38 41643 1417028 7827 0 21296 0 0 0
cpu31 42114 40 41912 1432395 7393 0 13452 0 0 0
intr 3192458554 126 0 0 0 0 0 0 0 0 1 0 0 0 0 0 0 0 0 0 0 0 0 0 0 0 0 0 1 1 1 0 0 0 0 1 0 1 0 0 75045 0 0 0 0 0 0 0 0 411 0 0 0 0 0 0 0 0 87 0 0 0 0 0 0 0 0 0 0 0 0 0 0 0 426567 2 35051079 34990715 34908715 35048354 0 13045 7788 8588 7688 5948 7008 7958 8542 6487 27799 39028 29377 23518 35878 35561 23406 19828 9870 10398 9892 5364 8844 10895 10119 8719 25443 29989 27807 22961 31184 32727 20303 22084 0 0 0 0 617069 4359 1036 0 264 0 0 0 0 0 0 0 0 0 0 0 0 0 0 0 0 0 0 0 0 0 0 0 0 0 0 0 0 0 0 0 0 0 0 0 0 0 0 0 0 0 0 0 0 0 0 0 0 0 0 0 0 0 0 0 0 0 0 0 0 0 0 0 0 0 0 0 0 0 0 0 0 0 0 0 0 0 0 0 0 0 0 0 0 0 0 0 0 0 0 0 0 0 0 0 0 0 0 0 0 0 0 0 0 0 0 0 0 0 0 0 0 0 0 0 0 0 0 0 0 0 0 0 0 0 0 0 0 0 0 0 0 0 0 0 0 0 0 0 0 0 0 0 0 0 0 0 0 0 0 0 0 0 0 0 0 0 0 0 0 0 0 0 0 0 0 0 0 0 0 0 0 0 0 0 0 0 0 0 0 0 0 0 0 0 0 0 0 0 0 0 0 0 0 0 0 0 0 0 0 0 0 0 0 0 0 0 0 0 0 0 0 0 0 0 0 0 0 0 0 0 0 0 0 0 0 0 0 0 0 0 0 0 0 0 0 0 0 0 0 0 0 0 0 0 0 0 0 0 0 0 0 0 0 0 0 0 0 0 0 0 0 0 0 0 0 0 0 0 0 0 0 0 0 0 0 0 0 0 0 0 0 0 0 0 0 0 0 0 0 0 0 0 0 0 0 0 0 0 0 0 0 0 0 0 0 0 0 0 0 0 0 0 0 0 0 0 0 0 0 0 0 0 0 0 0 0 0 0 0 0 0 0 0 0 0 0 0 0 0 0 0 0 0 0 0 0 0 0 0 0 0 0 0 0 0 0 0 0 0 0 0 0 0 0 0 0 0 0 0 0 0 0 0 0 0 0 0 0 0 0 0 0 0 0 0 0 0 0 0 0 0 0 0 0 0 0 0 0 0 0 0 0 0 0 0 0 0 0 0 0 0 0 0 0 0 0 0 0 0 0 0 0 0 0 0 0 0 0 0 0 0 0 0 0 0 0 0 0 0 0 0 0 0 0 0 0 0 0 0 0 0 0 0 0 0 0 0 0 0 0 0 0 0 0 0 0 0 0 0 0 0 0 0 0 0 0 0 0 0 0 0 0 0 0 0 0 0 0 0 0 0 0 0 0 0 0 0 0 0 0 0 0 0 0 0 0 0 0 0 0 0 0 0 0 0 0 0 0 0 0 0 0 0 0 0 0 0 0 0 0 0 0 0 0 0 0 0 0 0 0 0 0 0 0 0 0 0 0 0 0 0 0 0 0 0 0 0 0 0 0 0 0 0 0 0 0 0 0 0 0 0 0 0 0 0 0 0 0 0 0 0 0 0 0 0 0 0 0 0 0 0 0 0 0 0 0 0 0 0 0 0 0 0 0 0 0 0 0 0 0 0 0 0 0 0 0 0 0 0 0 0 0 0 0 0 0 0 0 0 0 0 0 0 0 0 0 0 0 0 0 0 0 0 0 0 0 0 0 0 0 0 0 0 0 0 0 0 0 0 0 0 0 0 0 0 0 0 0 0 0 0 0 0 0 0 0 0 0 0 0 0 0 0 0 0 0 0 0 0 0 0 0 0 0 0 0 0 0 0 0 0 0 0 0 0 0 0 0 0 0 0 0 0 0 0 0 0 0 0 0 0 0 0 0 0 0 0 0 0 0 0 0 0 0 0 0 0 0 0 0 0 0 0 0 0 0 0 0 0 0 0 0 0 0 0 0 0 0 0 0 0 0 0 0 0 0 0 0 0 0 0 0 0 0 0 0 0 0 0 0 0 0 0 0 0 0 0 0 0 0 0 0 0 0 0 0 0 0 0 0 0 0 0 0 0 0 0 0 0 0 0 0 0 0 0 0 0 0 0 0 0 0 0 0 0 0 0 0 0 0 0 0 0 0 0 0 0 0 0 0 0 0 0 0 0 0 0 0 0 0 0 0 0 0 0 0 0 0 0 0 0 0 0 0 0 0 0 0 0 0 0 0 0 0 0 0 0 0 0 0 0 0 0 0 0 0 0 0 0 0 0 0 0 0 0 0 0 0 0 0 0 0 0 0 0 0 0 0 0 0 0 0 0 0 0 0 0 0 0 0 0 0 0 0 0 0 0 0 0 0 0 0 0 0 0 0 0 0 0 0 0 0 0 0 0 0 0 0 0 0 0 0 0 0 0 0 0 0 0 0 0 0 0 0 0 0 0 0 0 0 0 0 0 0 0 0 0 0 0 0 0 0 0 0 0 0 0 0 0 0 0 0 0 0 0 0 0 0 0 0 0 0 0 0 0 0 0 0 0 0 0 0 0 0 0 0 0 0 0 0 0 0 0 0 0 0 0 0 0 0 0 0 0 0 0 0 0 0 0 0 0 0 0 0 0 0 0 0 0 0 0 0 0 0 0 0 0 0 0 0 0 0 0 0 0 0 0 0 0 0 0 0 0 0 0 0 0 0 0 0 0 0 0 0 0 0 0 0 0 0 0 0 0 0 0 0 0 0 0 0 0
ctxt 5045695483
btime 1790630938
processes 587239
procs_running 1
procs_blocked 0
softirq 4588751367 73526 11399341 2753147 177047372 446135 0 13559808 49521334 421 38982987
--
cpu  3282914 1476 1591917 43786742 216402 0 779790 0 0 0
cpu0 119921 27 44449 1374809 3396 0 24586 0 0 0
cpu1 123686 32 45825 1374673 3915 0 24506 0 0 0
cpu2 124806 31 45958 1374357 3661 0 24638 0 0 0
cpu3 190897 30 65591 1273136 2639 0 40326 0 0 0
cpu4 191885 35 64514 1274100 3200 0 40464 0 0 0
cpu5 131646 33 47864 1364809 3848 0 25665 0 0 0
cpu6 132208 30 48154 1364272 3621 0 26431 0 0 0
cpu7 140042 28 51688 1350845 3212 0 29273 0 0 0
cpu8 40879 52 43097 1428852 7662 0 13330 0 0 0
cpu9 46775 57 46201 1406015 10270 0 14506 0 0 0
cpu10 44472 58 44615 1414031 8304 0 14331 0 0 0
cpu11 40703 53 40578 1433519 7216 0 12757 0 0 0
cpu12 79882 132 49868 1365634 12344 0 15666 0 0 0
cpu13 76558 64 50820 1365222 12983 0 16003 0 0 0
cpu14 40494 53 39965 1436732 6953 0 12486 0 0 0
cpu15 37679 55 36691 1450101 6872 0 11340 0 0 0
cpu16 160835 25 56007 1320283 4592 0 33146 0 0 0
cpu17 150446 26 54165 1332236 6068 0 31596 0 0 0
cpu18 144551 25 53060 1341436 4978 0 30859 0 0 0
cpu19 247735 25 77937 1195292 2748 0 50146 0 0 0
cpu20 220327 24 73016 1228915 4547 0 47678 0 0 0
cpu21 139404 28 51920 1347083 5919 0 30036 0 0 0
cpu22 131786 31 50070 1358513 5081 0 28274 0 0 0
cpu23 114807 30 44461 1387609 4604 0 23585 0 0 0
cpu24 43683 55 41369 1431965 8559 0 13446 0 0 0
cpu25 48830 58 46185 1408125 10565 0 15878 0 0 0
cpu26 46752 53 45090 1414272 9814 0 15440 0 0 0
cpu27 39495 42 40132 1424248 8560 0 21323 0 0 0
cpu28 73304 77 53549 1352882 12259 0 28395 0 0 0
cpu29 77369 114 55507 1341743 12779 0 28915 0 0 0
cpu30 38931 38 41643 1417826 7827 0 21296 0 0 0
cpu31 42114 40 41912 1433195 7393 0 13452 0 0 0
intr 3192565474 126 0 0 0 0 0 0 0 0 1 0 0 0 0 0 0 0 0 0 0 0 0 0 0 0 0 0 1 1 1 0 0 0 0 1 0 1 0 0 75045 0 0 0 0 0 0 0 0 411 0 0 0 0 0 0 0 0 87 0 0 0 0 0 0 0 0 0 0 0 0 0 0 0 426816 2 35051124 34990720 34908721 35048381 0 13049 7788 8588 7688 5948 7008 7958 8542 6487 27799 39028 29377 23518 35878 35561 23406 19828 9870 10398 9892 5364 8844 10895 10120 8722 25443 29989 27807 22961 31184 32727 20303 22084 0 0 0 0 617069 4359 1036 0 264 0 0 0 0 0 0 0 0 0 0 0 0 0 0 0 0 0 0 0 0 0 0 0 0 0 0 0 0 0 0 0 0 0 0 0 0 0 0 0 0 0 0 0 0 0 0 0 0 0 0 0 0 0 0 0 0 0 0 0 0 0 0 0 0 0 0 0 0 0 0 0 0 0 0 0 0 0 0 0 0 0 0 0 0 0 0 0 0 0 0 0 0 0 0 0 0 0 0 0 0 0 0 0 0 0 0 0 0 0 0 0 0 0 0 0 0 0 0 0 0 0 0 0 0 0 0 0 0 0 0 0 0 0 0 0 0 0 0 0 0 0 0 0 0 0 0 0 0 0 0 0 0 0 0 0 0 0 0 0 0 0 0 0 0 0 0 0 0 0 0 0 0 0 0 0 0 0 0 0 0 0 0 0 0 0 0 0 0 0 0 0 0 0 0 0 0 0 0 0 0 0 0 0 0 0 0 0 0 0 0 0 0 0 0 0 0 0 0 0 0 0 0 0 0 0 0 0 0 0 0 0 0 0 0 0 0 0 0 0 0 0 0 0 0 0 0 0 0 0 0 0 0 0 0 0 0 0 0 0 0 0 0 0 0 0 0 0 0 0 0 0 0 0 0 0 0 0 0 0 0 0 0 0 0 0 0 0 0 0 0 0 0 0 0 0 0 0 0 0 0 0 0 0 0 0 0 0 0 0 0 0 0 0 0 0 0 0 0 0 0 0 0 0 0 0 0 0 0 0 0 0 0 0 0 0 0 0 0 0 0 0 0 0 0 0 0 0 0 0 0 0 0 0 0 0 0 0 0 0 0 0 0 0 0 0 0 0 0 0 0 0 0 0 0 0 0 0 0 0 0 0 0 0 0 0 0 0 0 0 0 0 0 0 0 0 0 0 0 0 0 0 0 0 0 0 0 0 0 0 0 0 0 0 0 0 0 0 0 0 0 0 0 0 0 0 0 0 0 0 0 0 0 0 0 0 0 0 0 0 0 0 0 0 0 0 0 0 0 0 0 0 0 0 0 0 0 0 0 0 0 0 0 0 0 0 0 0 0 0 0 0 0 0 0 0 0 0 0 0 0 0 0 0 0 0 0 0 0 0 0 0 0 0 0 0 0 0 0 0 0 0 0 0 0 0 0 0 0 0 0 0 0 0 0 0 0 0 0 0 0 0 0 0 0 0 0 0 0 0 0 0 0 0 0 0 0 0 0 0 0 0 0 0 0 0 0 0 0 0 0 0 0 0 0 0 0 0 0 0 0 0 0 0 0 0 0 0 0 0 0 0 0 0 0 0 0 0 0 0 0 0 0 0 0 0 0 0 0 0 0 0 0 0 0 0 0 0 0 0 0 0 0 0 0 0 0 0 0 0 0 0 0 0 0 0 0 0 0 0 0 0 0 0 0 0 0 0 0 0 0 0 0 0 0 0 0 0 0 0 0 0 0 0 0 0 0 0 0 0 0 0 0 0 0 0 0 0 0 0 0 0 0 0 0 0 0 0 0 0 0 0 0 0 0 0 0 0 0 0 0 0 0 0 0 0 0 0 0 0 0 0 0 0 0 0 0 0 0 0 0 0 0 0 0 0 0 0 0 0 0 0 0 0 0 0 0 0 0 0 0 0 0 0 0 0 0 0 0 0 0 0 0 0 0 0 0 0 0 0 0 0 0 0 0 0 0 0 0 0 0 0 0 0 0 0 0 0 0 0 0 0 0 0 0 0 0 0 0 0 0 0 0 0 0 0 0 0 0 0 0 0 0 0 0 0 0 0 0 0 0 0 0 0 0 0 0 0 0 0 0 0 0 0 0 0 0 0 0 0 0 0 0 0 0 0 0 0 0 0 0 0 0 0 0 0 0 0 0 0 0 0 0 0 0 0 0 0 0 0 0 0 0 0 0 0 0 0 0 0 0 0 0 0 0 0 0 0 0 0 0 0 0 0 0 0 0 0 0 0 0 0 0 0 0 0 0 0 0 0 0 0 0 0 0 0 0 0 0 0 0 0 0 0 0 0 0 0 0 0 0 0 0 0 0 0 0 0 0 0 0 0 0 0 0 0 0 0 0 0 0 0 0 0 0 0 0 0 0 0 0 0 0 0 0 0 0 0 0 0 0 0 0 0 0 0 0 0 0 0 0 0 0 0 0 0 0 0 0 0 0 0 0 0 0 0 0 0 0 0 0 0 0 0 0 0 0 0 0 0 0 0 0 0 0 0 0 0 0 0 0 0 0 0 0 0 0 0 0 0 0 0 0 0 0 0 0 0 0 0 0 0 0 0 0 0 0 0 0 0 0 0 0 0 0 0 0 0 0 0 0 0 0 0 0 0 0 0 0 0 0 0 0 0 0 0 0 0 0 0 0 0 0 0 0 0 0 0 0 0 0 0 0 0 0 0 0 0 0 0 0 0 0 0 0 0 0 0 0 0 0 0 0 0 0 0 0 0 0 0 0 0 0 0 0 0 0 0 0 0 0 0 0
ctxt 5045828224
btime 1790630938
processes 587276
procs_running 1
procs_blocked 0
softirq 4588777281 73526 11404624 2753147 177051225 446394 0 13559808 49530015 421 38990825
