Running 10s test @ http://127.0.0.1:18500/usleep?ms=10
  16 threads and 128 connections
  Thread Stats   Avg      Stdev     Max   +/- Stdev
    Latency   164.18ms   11.15ms 313.03ms   98.55%
    Req/Sec    51.50     22.84    80.00     56.94%
  Latency Distribution
     50%  163.02ms
     75%  163.29ms
     90%  163.50ms
     99%  221.02ms
  7741 requests in 10.01s, 1.03MB read
Requests/sec:    773.28
Transfer/sec:    104.97KB
## server-stat
cpu  3664106 1612 1673390 48357022 379457 0 808944 0 0 0
cpu0 139593 29 48278 1511672 4707 0 26547 0 0 0
cpu1 141260 33 49212 1514490 5701 0 25970 0 0 0
cpu2 142796 34 49192 1513866 5752 0 26059 0 0 0
cpu3 218317 34 70171 1401777 4193 0 42034 0 0 0
cpu4 219725 37 68747 1403049 4745 0 42092 0 0 0
cpu5 148168 37 50884 1505778 6433 0 26986 0 0 0
cpu6 150072 33 51465 1502782 6699 0 28101 0 0 0
cpu7 156103 31 54694 1491317 6516 0 30789 0 0 0
cpu8 41397 59 44225 1582550 14521 0 13623 0 0 0
cpu9 47500 65 47435 1558071 17877 0 14850 0 0 0
cpu10 45057 65 45786 1566248 16117 0 14651 0 0 0
cpu11 41154 60 41632 1586986 14633 0 13026 0 0 0
cpu12 83277 139 51448 1514203 20011 0 16089 0 0 0
cpu13 79593 72 52443 1513603 20862 0 16445 0 0 0
cpu14 41021 59 41090 1590419 13811 0 12768 0 0 0
cpu15 38073 62 37703 1604092 14123 0 11593 0 0 0
cpu16 184734 27 59577 1454350 6289 0 34373 0 0 0
cpu17 174475 27 57827 1465469 8228 0 32957 0 0 0
cpu18 166182 27 56533 1476498 7931 0 32161 0 0 0
cpu19 287365 26 83872 1311141 3819 0 52016 0 0 0
cpu20 256930 25 78672 1348122 5695 0 49495 0 0 0
cpu21 162036 29 55673 1480327 9380 0 31412 0 0 0
cpu22 149567 33 53046 1496950 9310 0 29262 0 0 0
cpu23 130151 32 47489 1528178 8954 0 24666 0 0 0
cpu24 44335 62 42535 1584631 16623 0 13722 0 0 0
cpu25 49618 63 47503 1559856 18802 0 16230 0 0 0
cpu26 47438 59 46342 1566417 17917 0 15779 0 0 0
cpu27 40065 48 41287 1577097 16635 0 21597 0 0 0
cpu28 76082 82 55314 1500724 21147 0 28877 0 0 0
cpu29 79863 119 57318 1489342 21855 0 29419 0 0 0
cpu30 39481 45 42873 1570691 15208 0 21603 0 0 0
cpu31 42664 45 43110 1586310 14948 0 13738 0 0 0
intr 3326842040 126 0 0 0 0 0 0 0 0 1 0 0 0 0 0 0 0 0 0 0 0 0 0 0 0 0 0 1 1 1 0 0 0 0 1 0 1 0 0 75045 0 0 0 0 0 0 0 0 411 0 0 0 0 0 0 0 0 87 0 0 0 0 0 0 0 0 0 0 0 0 0 0 0 492835 2 35058042 34997367 34912743 35054423 0 14377 10792 12160 11569 8437 9757 12843 13894 10866 38428 52515 40916 34655 52841 50474 31516 28107 12625 14415 17220 7592 10999 15778 15596 13869 35897 45024 41090 33036 50983 55061 30096 32275 0 0 0 0 617181 4486 1036 0 264 0 0 0 0 0 0 0 0 0 0 0 0 0 0 0 0 0 0 0 0 0 0 0 0 0 0 0 0 0 0 0 0 0 0 0 0 0 0 0 0 0 0 0 0 0 0 0 0 0 0 0 0 0 0 0 0 0 0 0 0 0 0 0 0 0 0 0 0 0 0 0 0 0 0 0 0 0 0 0 0 0 0 0 0 0 0 0 0 0 0 0 0 0 0 0 0 0 0 0 0 0 0 0 0 0 0 0 0 0 0 0 0 0 0 0 0 0 0 0 0 0 0 0 0 0 0 0 0 0 0 0 0 0 0 0 0 0 0 0 0 0 0 0 0 0 0 0 0 0 0 0 0 0 0 0 0 0 0 0 0 0 0 0 0 0 0 0 0 0 0 0 0 0 0 0 0 0 0 0 0 0 0 0 0 0 0 0 0 0 0 0 0 0 0 0 0 0 0 0 0 0 0 0 0 0 0 0 0 0 0 0 0 0 0 0 0 0 0 0 0 0 0 0 0 0 0 0 0 0 0 0 0 0 0 0 0 0 0 0 0 0 0 0 0 0 0 0 0 0 0 0 0 0 0 0 0 0 0 0 0 0 0 0 0 0 0 0 0 0 0 0 0 0 0 0 0 0 0 0 0 0 0 0 0 0 0 0 0 0 0 0 0 0 0 0 0 0 0 0 0 0 0 0 0 0 0 0 0 0 0 0 0 0 0 0 0 0 0 0 0 0 0 0 0 0 0 0 0 0 0 0 0 0 0 0 0 0 0 0 0 0 0 0 0 0 0 0 0 0 0 0 0 0 0 0 0 0 0 0 0 0 0 0 0 0 0 0 0 0 0 0 0 0 0 0 0 0 0 0 0 0 0 0 0 0 0 0 0 0 0 0 0 0 0 0 0 0 0 0 0 0 0 0 0 0 0 0 0 0 0 0 0 0 0 0 0 0 0 0 0 0 0 0 0 0 0 0 0 0 0 0 0 0 0 0 0 0 0 0 0 0 0 0 0 0 0 0 0 0 0 0 0 0 0 0 0 0 0 0 0 0 0 0 0 0 0 0 0 0 0 0 0 0 0 0 0 0 0 0 0 0 0 0 0 0 0 0 0 0 0 0 0 0 0 0 0 0 0 0 0 0 0 0 0 0 0 0 0 0 0 0 0 0 0 0 0 0 0 0 0 0 0 0 0 0 0 0 0 0 0 0 0 0 0 0 0 0 0 0 0 0 0 0 0 0 0 0 0 0 0 0 0 0 0 0 0 0 0 0 0 0 0 0 0 0 0 0 0 0 0 0 0 0 0 0 0 0 0 0 0 0 0 0 0 0 0 0 0 0 0 0 0 0 0 0 0 0 0 0 0 0 0 0 0 0 0 0 0 0 0 0 0 0 0 0 0 0 0 0 0 0 0 0 0 0 0 0 0 0 0 0 0 0 0 0 0 0 0 0 0 0 0 0 0 0 0 0 0 0 0 0 0 0 0 0 0 0 0 0 0 0 0 0 0 0 0 0 0 0 0 0 0 0 0 0 0 0 0 0 0 0 0 0 0 0 0 0 0 0 0 0 0 0 0 0 0 0 0 0 0 0 0 0 0 0 0 0 0 0 0 0 0 0 0 0 0 0 0 0 0 0 0 0 0 0 0 0 0 0 0 0 0 0 0 0 0 0 0 0 0 0 0 0 0 0 0 0 0 0 0 0 0 0 0 0 0 0 0 0 0 0 0 0 0 0 0 0 0 0 0 0 0 0 0 0 0 0 0 0 0 0 0 0 0 0 0 0 0 0 0 0 0 0 0 0 0 0 0 0 0 0 0 0 0 0 0 0 0 0 0 0 0 0 0 0 0 0 0 0 0 0 0 0 0 0 0 0 0 0 0 0 0 0 0 0 0 0 0 0 0 0 0 0 0 0 0 0 0 0 0 0 0 0 0 0 0 0 0 0 0 0 0 0 0 0 0 0 0 0 0 0 0 0 0 0 0 0 0 0 0 0 0 0 0 0 0 0 0 0 0 0 0 0 0 0 0 0 0 0 0 0 0 0 0 0 0 0 0 0 0 0 0 0 0 0 0 0 0 0 0 0 0 0 0 0 0 0 0 0 0 0 0 0 0 0 0 0 0 0 0 0 0 0 0 0 0 0 0 0 0 0 0 0 0 0 0 0 0 0 0 0 0 0 0 0 0 0 0 0 0 0 0 0 0 0 0 0 0 0 0 0 0 0 0 0 0 0 0 0 0 0 0 0 0 0 0 0 0 0 0 0 0 0 0 0 0 0 0 0 0 0 0 0 0 0 0 0 0 0 0 0 0 0 0 0 0 0 0 0 0 0 0 0 0 0 0 0 0 0 0 0 0 0 0 0 0 0 0 0 0 0 0 0 0 0 0 0 0 0 0 0 0 0 0 0 0 0 0 0 0 0 0 0 0 0 0 0 0 0 0 0 0 0 0 0 0 0 0 0 0 0 0 0 0 0 0 0 0 0 0 0 0
ctxt 5278538056
btime 1790630938
processes 859168
procs_running 1
procs_blocked 0
softirq 4765945715 73526 12854503 2753163 339586853 514550 0 13560162 53321800 421 48313441
--
cpu  3664249 1612 1673403 48382393 379470 0 808951 0 0 0
cpu0 139596 29 48278 1512465 4707 0 26550 0 0 0
cpu1 141262 33 49213 1515282 5701 0 25971 0 0 0
cpu2 142798 34 49192 1514662 5752 0 26060 0 0 0
cpu3 218370 34 70171 1402519 4193 0 42034 0 0 0
cpu4 219740 37 68747 1403832 4745 0 42092 0 0 0
cpu5 148169 37 50885 1506575 6433 0 26986 0 0 0
cpu6 150072 33 51466 1503581 6699 0 28101 0 0 0
cpu7 156104 31 54694 1492117 6516 0 30789 0 0 0
cpu8 41398 59 44225 1583347 14521 0 13623 0 0 0
cpu9 47501 65 47436 1558867 17877 0 14850 0 0 0
cpu10 45058 65 45787 1567043 16117 0 14651 0 0 0
cpu11 41154 60 41632 1587783 14633 0 13027 0 0 0
cpu12 83310 139 51449 1514966 20011 0 16089 0 0 0
cpu13 79608 72 52444 1514384 20862 0 16445 0 0 0
cpu14 41021 59 41090 1591216 13811 0 12768 0 0 0
cpu15 38073 62 37704 1604890 14123 0 11593 0 0 0
cpu16 184734 27 59577 1455148 6289 0 34373 0 0 0
cpu17 174475 27 57827 1466265 8228 0 32957 0 0 0
cpu18 166182 27 56533 1477296 7931 0 32161 0 0 0
cpu19 287371 26 83872 1311934 3819 0 52016 0 0 0
cpu20 256931 25 78672 1348920 5695 0 49495 0 0 0
cpu21 162037 29 55674 1481124 9380 0 31412 0 0 0
cpu22 149567 33 53047 1497749 9310 0 29262 0 0 0
cpu23 130151 32 47489 1528977 8954 0 24666 0 0 0
cpu24 44335 62 42536 1585427 16623 0 13722 0 0 0
cpu25 49619 63 47503 1560655 18802 0 16230 0 0 0
cpu26 47438 59 46342 1567215 17917 0 15779 0 0 0
cpu27 40065 48 41287 1577895 16635 0 21597 0 0 0
cpu28 76083 82 55314 1501521 21147 0 28877 0 0 0
cpu29 79865 119 57318 1490126 21867 0 29419 0 0 0
cpu30 39481 45 42873 1571489 15208 0 21603 0 0 0
cpu31 42664 45 43111 1587108 14948 0 13738 0 0 0
intr 3326998047 126 0 0 0 0 0 0 0 0 1 0 0 0 0 0 0 0 0 0 0 0 0 0 0 0 0 0 1 1 1 0 0 0 0 1 0 1 0 0 75045 0 0 0 0 0 0 0 0 411 0 0 0 0 0 0 0 0 87 0 0 0 0 0 0 0 0 0 0 0 0 0 0 0 492974 2 35058068 34997380 34912757 35054463 0 14381 10792 12160 11569 8437 9757 12843 13894 10866 38428 52516 40916 34655 52844 50474 31516 28107 12625 14415 17220 7592 10999 15778 15596 13869 35897 45024 41090 33036 50986 55087 30096 32276 0 0 0 0 617181 4486 1036 0 264 0 0 0 0 0 0 0 0 0 0 0 0 0 0 0 0 0 0 0 0 0 0 0 0 0 0 0 0 0 0 0 0 0 0 0 0 0 0 0 0 0 0 0 0 0 0 0 0 0 0 0 0 0 0 0 0 0 0 0 0 0 0 0 0 0 0 0 0 0 0 0 0 0 0 0 0 0 0 0 0 0 0 0 0 0 0 0 0 0 0 0 0 0 0 0 0 0 0 0 0 0 0 0 0 0 0 0 0 0 0 0 0 0 0 0 0 0 0 0 0 0 0 0 0 0 0 0 0 0 0 0 0 0 0 0 0 0 0 0 0 0 0 0 0 0 0 0 0 0 0 0 0 0 0 0 0 0 0 0 0 0 0 0 0 0 0 0 0 0 0 0 0 0 0 0 0 0 0 0 0 0 0 0 0 0 0 0 0 0 0 0 0 0 0 0 0 0 0 0 0 0 0 0 0 0 0 0 0 0 0 0 0 0 0 0 0 0 0 0 0 0 0 0 0 0 0 0 0 0 0 0 0 0 0 0 0 0 0 0 0 0 0 0 0 0 0 0 0 0 0 0 0 0 0 0 0 0 0 0 0 0 0 0 0 0 0 0 0 0 0 0 0 0 0 0 0 0 0 0 0 0 0 0 0 0 0 0 0 0 0 0 0 0 0 0 0 0 0 0 0 0 0 0 0 0 0 0 0 0 0 0 0 0 0 0 0 0 0 0 0 0 0 0 0 0 0 0 0 0 0 0 0 0 0 0 0 0 0 0 0 0 0 0 0 0 0 0 0 0 0 0 0 0 0 0 0 0 0 0 0 0 0 0 0 0 0 0 0 0 0 0 0 0 0 0 0 0 0 0 0 0 0 0 0 0 0 0 0 0 0 0 0 0 0 0 0 0 0 0 0 0 0 0 0 0 0 0 0 0 0 0 0 0 0 0 0 0 0 0 0 0 0 0 0 0 0 0 0 0 0 0 0 0 0 0 0 0 0 0 0 0 0 0 0 0 0 0 0 0 0 0 0 0 0 0 0 0 0 0 0 0 0 0 0 0 0 0 0 0 0 0 0 0 0 0 0 0 0 0 0 0 0 0 0 0 0 0 0 0 0 0 0 0 0 0 0 0 0 0 0 0 0 0 0 0 0 0 0 0 0 0 0 0 0 0 0 0 0 0 0 0 0 0 0 0 0 0 0 0 0 0 0 0 0 0 0 0 0 0 0 0 0 0 0 0 0 0 0 0 0 0 0 0 0 0 0 0 0 0 0 0 0 0 0 0 0 0 0 0 0 0 0 0 0 0 0 0 0 0 0 0 0 0 0 0 0 0 0 0 0 0 0 0 0 0 0 0 0 0 0 0 0 0 0 0 0 0 0 0 0 0 0 0 0 0 0 0 0 0 0 0 0 0 0 0 0 0 0 0 0 0 0 0 0 0 0 0 0 0 0 0 0 0 0 0 0 0 0 0 0 0 0 0 0 0 0 0 0 0 0 0 0 0 0 0 0 0 0 0 0 0 0 0 0 0 0 0 0 0 0 0 0 0 0 0 0 0 0 0 0 0 0 0 0 0 0 0 0 0 0 0 0 0 0 0 0 0 0 0 0 0 0 0 0 0 0 0 0 0 0 0 0 0 0 0 0 0 0 0 0 0 0 0 0 0 0 0 0 0 0 0 0 0 0 0 0 0 0 0 0 0 0 0 0 0 0 0 0 0 0 0 0 0 0 0 0 0 0 0 0 0 0 0 0 0 0 0 0 0 0 0 0 0 0 0 0 0 0 0 0 0 0 0 0 0 0 0 0 0 0 0 0 0 0 0 0 0 0 0 0 0 0 0 0 0 0 0 0 0 0 0 0 0 0 0 0 0 0 0 0 0 0 0 0 0 0 0 0 0 0 0 0 0 0 0 0 0 0 0 0 0 0 0 0 0 0 0 0 0 0 0 0 0 0 0 0 0 0 0 0 0 0 0 0 0 0 0 0 0 0 0 0 0 0 0 0 0 0 0 0 0 0 0 0 0 0 0 0 0 0 0 0 0 0 0 0 0 0 0 0 0 0 0 0 0 0 0 0 0 0 0 0 0 0 0 0 0 0 0 0 0 0 0 0 0 0 0 0 0 0 0 0 0 0 0 0 0 0 0 0 0 0 0 0 0 0 0 0 0 0 0 0 0 0 0 0 0 0 0 0 0 0 0 0 0 0 0 0 0 0 0 0 0 0 0 0 0 0 0 0 0 0 0 0 0 0 0 0 0 0 0 0 0 0 0 0 0 0 0 0 0 0 0 0 0 0 0 0 0 0 0 0 0 0 0 0 0 0 0 0 0 0 0 0 0 0 0 0 0 0 0 0 0 0 0 0 0 0 0 0 0 0 0 0 0 0 0 0 0 0 0 0 0 0 0 0 0 0 0 0 0 0 0 0 0 0 0 0 0 0 0 0 0 0 0 0 0 0 0 0 0 0 0 0 0 0 0 0 0 0 0 0
ctxt 5278787654
btime 1790630938
processes 859213
procs_running 1
procs_blocked 0
softirq 4766004608 73526 12866099 2753163 339617073 514700 0 13560162 53330399 421 48321769
