Running 10s test @ http://127.0.0.1:18500/usleep?ms=10
  16 threads and 1000 connections
  Thread Stats   Avg      Stdev     Max   +/- Stdev
    Latency    14.10ms    0.92ms  20.97ms   67.49%
    Req/Sec     4.42k   251.05     5.25k    65.32%
  Latency Distribution
     50%   14.08ms
     75%   14.53ms
     90%   15.36ms
     99%   16.67ms
  704671 requests in 10.09s, 94.76MB read
Requests/sec:  69851.06
Transfer/sec:      9.39MB
## server-stat
cpu  3276607 1472 1590187 43636724 216246 0 779508 0 0 0
cpu0 119869 27 44429 1369955 3396 0 24577 0 0 0
cpu1 123648 32 45805 1369768 3915 0 24503 0 0 0
cpu2 124789 31 45939 1369427 3661 0 24637 0 0 0
cpu3 190109 30 65438 1269162 2639 0 40285 0 0 0
cpu4 191009 35 64337 1270245 3200 0 40396 0 0 0
cpu5 131626 33 47846 1359879 3848 0 25664 0 0 0
cpu6 132192 30 48139 1359339 3620 0 26430 0 0 0
cpu7 140034 27 51672 1345902 3212 0 29273 0 0 0
cpu8 40863 52 43070 1423960 7661 0 13328 0 0 0
cpu9 46752 57 46175 1401135 10269 0 14502 0 0 0
cpu10 44457 57 44592 1409142 8304 0 14328 0 0 0
cpu11 40688 53 40555 1428618 7215 0 12754 0 0 0
cpu12 79793 132 49839 1360850 12322 0 15663 0 0 0
cpu13 76467 64 50789 1360414 12981 0 15999 0 0 0
cpu14 40480 53 39941 1431823 6953 0 12483 0 0 0
cpu15 37666 55 36668 1445192 6872 0 11337 0 0 0
cpu16 160790 25 55985 1315384 4592 0 33145 0 0 0
cpu17 150425 25 54141 1327314 6068 0 31596 0 0 0
cpu18 144533 25 53035 1336512 4978 0 30859 0 0 0
cpu19 245695 25 77550 1192825 2748 0 50072 0 0 0
cpu20 218559 24 72696 1226062 4547 0 47648 0 0 0
cpu21 139386 28 51896 1342159 5919 0 30036 0 0 0
cpu22 131770 31 50045 1353587 5080 0 28274 0 0 0
cpu23 114797 30 44439 1382677 4602 0 23584 0 0 0
cpu24 43662 55 41345 1427068 8558 0 13445 0 0 0
cpu25 48808 58 46160 1403229 10564 0 15875 0 0 0
cpu26 46730 53 45058 1409387 9814 0 15437 0 0 0
cpu27 39475 42 40105 1419351 8559 0 21321 0 0 0
cpu28 73273 77 53512 1348075 12209 0 28391 0 0 0
cpu29 77234 114 55472 1337052 12708 0 28910 0 0 0
cpu30 38915 38 41617 1412925 7827 0 21294 0 0 0
cpu31 42102 39 41884 1428292 7391 0 13450 0 0 0
intr 3191079288 126 0 0 0 0 0 0 0 0 1 0 0 0 0 0 0 0 0 0 0 0 0 0 0 0 0 0 1 1 1 0 0 0 0 1 0 1 0 0 75045 0 0 0 0 0 0 0 0 411 0 0 0 0 0 0 0 0 87 0 0 0 0 0 0 0 0 0 0 0 0 0 0 0 425358 2 35050842 34990662 34908657 35048221 0 13009 7788 8588 7688 5948 7008 7958 8511 6485 27798 39027 29377 23516 35878 35560 23405 19827 9869 10398 9892 5363 8844 10895 10094 8689 25442 29989 27807 22959 31184 32727 20303 22082 0 0 0 0 617065 4359 1036 0 264 0 0 0 0 0 0 0 0 0 0 0 0 0 0 0 0 0 0 0 0 0 0 0 0 0 0 0 0 0 0 0 0 0 0 0 0 0 0 0 0 0 0 0 0 0 0 0 0 0 0 0 0 0 0 0 0 0 0 0 0 0 0 0 0 0 0 0 0 0 0 0 0 0 0 0 0 0 0 0 0 0 0 0 0 0 0 0 0 0 0 0 0 0 0 0 0 0 0 0 0 0 0 0 0 0 0 0 0 0 0 0 0 0 0 0 0 0 0 0 0 0 0 0 0 0 0 0 0 0 0 0 0 0 0 0 0 0 0 0 0 0 0 0 0 0 0 0 0 0 0 0 0 0 0 0 0 0 0 0 0 0 0 0 0 0 0 0 0 0 0 0 0 0 0 0 0 0 0 0 0 0 0 0 0 0 0 0 0 0 0 0 0 0 0 0 0 0 0 0 0 0 0 0 0 0 0 0 0 0 0 0 0 0 0 0 0 0 0 0 0 0 0 0 0 0 0 0 0 0 0 0 0 0 0 0 0 0 0 0 0 0 0 0 0 0 0 0 0 0 0 0 0 0 0 0 0 0 0 0 0 0 0 0 0 0 0 0 0 0 0 0 0 0 0 0 0 0 0 0 0 0 0 0 0 0 0 0 0 0 0 0 0 0 0 0 0 0 0 0 0 0 0 0 0 0 0 0 0 0 0 0 0 0 0 0 0 0 0 0 0 0 0 0 0 0 0 0 0 0 0 0 0 0 0 0 0 0 0 0 0 0 0 0 0 0 0 0 0 0 0 0 0 0 0 0 0 0 0 0 0 0 0 0 0 0 0 0 0 0 0 0 0 0 0 0 0 0 0 0 0 0 0 0 0 0 0 0 0 0 0 0 0 0 0 0 0 0 0 0 0 0 0 0 0 0 0 0 0 0 0 0 0 0 0 0 0 0 0 0 0 0 0 0 0 0 0 0 0 0 0 0 0 0 0 0 0 0 0 0 0 0 0 0 0 0 0 0 0 0 0 0 0 0 0 0 0 0 0 0 0 0 0 0 0 0 0 0 0 0 0 0 0 0 0 0 0 0 0 0 0 0 0 0 0 0 0 0 0 0 0 0 0 0 0 0 0 0 0 0 0 0 0 0 0 0 0 0 0 0 0 0 0 0 0 0 0 0 0 0 0 0 0 0 0 0 0 0 0 0 0 0 0 0 0 0 0 0 0 0 0 0 0 0 0 0 0 0 0 0 0 0 0 0 0 0 0 0 0 0 0 0 0 0 0 0 0 0 0 0 0 0 0 0 0 0 0 0 0 0 0 0 0 0 0 0 0 0 0 0 0 0 0 0 0 0 0 0 0 0 0 0 0 0 0 0 0 0 0 0 0 0 0 0 0 0 0 0 0 0 0 0 0 0 0 0 0 0 0 0 0 0 0 0 0 0 0 0 0 0 0 0 0 0 0 0 0 0 0 0 0 0 0 0 0 0 0 0 0 0 0 0 0 0 0 0 0 0 0 0 0 0 0 0 0 0 0 0 0 0 0 0 0 0 0 0 0 0 0 0 0 0 0 0 0 0 0 0 0 0 0 0 0 0 0 0 0 0 0 0 0 0 0 0 0 0 0 0 0 0 0 0 0 0 0 0 0 0 0 0 0 0 0 0 0 0 0 0 0 0 0 0 0 0 0 0 0 0 0 0 0 0 0 0 0 0 0 0 0 0 0 0 0 0 0 0 0 0 0 0 0 0 0 0 0 0 0 0 0 0 0 0 0 0 0 0 0 0 0 0 0 0 0 0 0 0 0 0 0 0 0 0 0 0 0 0 0 0 0 0 0 0 0 0 0 0 0 0 0 0 0 0 0 0 0 0 0 0 0 0 0 0 0 0 0 0 0 0 0 0 0 0 0 0 0 0 0 0 0 0 0 0 0 0 0 0 0 0 0 0 0 0 0 0 0 0 0 0 0 0 0 0 0 0 0 0 0 0 0 0 0 0 0 0 0 0 0 0 0 0 0 0 0 0 0 0 0 0 0 0 0 0 0 0 0 0 0 0 0 0 0 0 0 0 0 0 0 0 0 0 0 0 0 0 0 0 0 0 0 0 0 0 0 0 0 0 0 0 0 0 0 0 0 0 0 0 0 0 0 0 0 0 0 0 0 0 0 0 0 0 0 0 0 0 0 0 0 0 0 0 0 0 0 0 0 0 0 0 0 0 0 0 0 0 0 0 0 0 0 0 0 0 0 0 0 0 0 0 0 0 0 0 0 0 0 0 0 0 0 0 0 0 0 0 0 0 0 0 0 0 0 0 0 0 0 0 0 0 0 0 0 0 0 0 0 0 0 0 0 0 0 0 0 0 0 0 0 0 0 0 0 0 0 0 0 0 0 0 0 0 0 0 0 0 0 0 0 0 0 0 0 0 0 0 0 0 0 0 0 0 0 0 0 0 0 0 0 0 0 0 0 0 0 0 0 0 0 0 0 0 0 0 0
ctxt 5043547294
btime 1790630938
processes 576417
procs_running 2
procs_blocked 0
softirq 4586614973 73526 11382290 2753147 175509447 444876 0 13559808 49455411 421 38468751
--
cpu  3277557 1473 1590431 43660578 216274 0 779686 0 0 0
cpu0 119894 27 44434 1370712 3396 0 24581 0 0 0
cpu1 123666 32 45808 1370542 3915 0 24506 0 0 0
cpu2 124795 31 45940 1370217 3661 0 24638 0 0 0
cpu3 190259 30 65470 1269748 2639 0 40309 0 0 0
cpu4 191346 35 64404 1270590 3200 0 40450 0 0 0
cpu5 131632 33 47846 1360669 3848 0 25665 0 0 0
cpu6 132198 30 48139 1360130 3620 0 26430 0 0 0
cpu7 140036 27 51673 1346697 3212 0 29273 0 0 0
cpu8 40866 52 43075 1424729 7661 0 13329 0 0 0
cpu9 46756 57 46181 1401899 10269 0 14505 0 0 0
cpu10 44459 58 44597 1409911 8304 0 14330 0 0 0
cpu11 40690 53 40559 1429391 7215 0 12757 0 0 0
cpu12 79808 132 49845 1361596 12332 0 15666 0 0 0
cpu13 76486 64 50796 1361169 12982 0 16001 0 0 0
cpu14 40482 53 39945 1432598 6953 0 12485 0 0 0
cpu15 37667 55 36672 1445967 6872 0 11340 0 0 0
cpu16 160797 25 55986 1316174 4592 0 33146 0 0 0
cpu17 150425 25 54141 1328112 6068 0 31596 0 0 0
cpu18 144533 25 53035 1337311 4978 0 30859 0 0 0
cpu19 246004 25 77607 1193210 2748 0 50120 0 0 0
cpu20 218564 24 72697 1226854 4547 0 47649 0 0 0
cpu21 139386 28 51896 1342957 5919 0 30036 0 0 0
cpu22 131771 31 50045 1354384 5080 0 28274 0 0 0
cpu23 114797 30 44439 1383474 4602 0 23584 0 0 0
cpu24 43665 55 41348 1427843 8558 0 13446 0 0 0
cpu25 48812 58 46162 1404001 10564 0 15878 0 0 0
cpu26 46734 53 45064 1410153 9814 0 15439 0 0 0
cpu27 39476 42 40108 1420126 8559 0 21323 0 0 0
cpu28 73278 77 53518 1348823 12223 0 28394 0 0 0
cpu29 77240 114 55477 1337813 12708 0 28914 0 0 0
cpu30 38918 38 41621 1413696 7827 0 21296 0 0 0
cpu31 42103 39 41888 1429065 7392 0 13452 0 0 0
intr 3191663137 126 0 0 0 0 0 0 0 0 1 0 0 0 0 0 0 0 0 0 0 0 0 0 0 0 0 0 1 1 1 0 0 0 0 1 0 1 0 0 75045 0 0 0 0 0 0 0 0 411 0 0 0 0 0 0 0 0 87 0 0 0 0 0 0 0 0 0 0 0 0 0 0 0 425614 2 35050882 34990670 34908661 35048245 0 13017 7788 8588 7688 5948 7008 7958 8511 6485 27798 39027 29377 23517 35878 35561 23405 19827 9869 10398 9892 5363 8844 10895 10094 8695 25443 29989 27807 22959 31184 32727 20303 22082 0 0 0 0 617069 4359 1036 0 264 0 0 0 0 0 0 0 0 0 0 0 0 0 0 0 0 0 0 0 0 0 0 0 0 0 0 0 0 0 0 0 0 0 0 0 0 0 0 0 0 0 0 0 0 0 0 0 0 0 0 0 0 0 0 0 0 0 0 0 0 0 0 0 0 0 0 0 0 0 0 0 0 0 0 0 0 0 0 0 0 0 0 0 0 0 0 0 0 0 0 0 0 0 0 0 0 0 0 0 0 0 0 0 0 0 0 0 0 0 0 0 0 0 0 0 0 0 0 0 0 0 0 0 0 0 0 0 0 0 0 0 0 0 0 0 0 0 0 0 0 0 0 0 0 0 0 0 0 0 0 0 0 0 0 0 0 0 0 0 0 0 0 0 0 0 0 0 0 0 0 0 0 0 0 0 0 0 0 0 0 0 0 0 0 0 0 0 0 0 0 0 0 0 0 0 0 0 0 0 0 0 0 0 0 0 0 0 0 0 0 0 0 0 0 0 0 0 0 0 0 0 0 0 0 0 0 0 0 0 0 0 0 0 0 0 0 0 0 0 0 0 0 0 0 0 0 0 0 0 0 0 0 0 0 0 0 0 0 0 0 0 0 0 0 0 0 0 0 0 0 0 0 0 0 0 0 0 0 0 0 0 0 0 0 0 0 0 0 0 0 0 0 0 0 0 0 0 0 0 0 0 0 0 0 0 0 0 0 0 0 0 0 0 0 0 0 0 0 0 0 0 0 0 0 0 0 0 0 0 0 0 0 0 0 0 0 0 0 0 0 0 0 0 0 0 0 0 0 0 0 0 0 0 0 0 0 0 0 0 0 0 0 0 0 0 0 0 0 0 0 0 0 0 0 0 0 0 0 0 0 0 0 0 0 0 0 0 0 0 0 0 0 0 0 0 0 0 0 0 0 0 0 0 0 0 0 0 0 0 0 0 0 0 0 0 0 0 0 0 0 0 0 0 0 0 0 0 0 0 0 0 0 0 0 0 0 0 0 0 0 0 0 0 0 0 0 0 0 0 0 0 0 0 0 0 0 0 0 0 0 0 0 0 0 0 0 0 0 0 0 0 0 0 0 0 0 0 0 0 0 0 0 0 0 0 0 0 0 0 0 0 0 0 0 0 0 0 0 0 0 0 0 0 0 0 0 0 0 0 0 0 0 0 0 0 0 0 0 0 0 0 0 0 0 0 0 0 0 0 0 0 0 0 0 0 0 0 0 0 0 0 0 0 0 0 0 0 0 0 0 0 0 0 0 0 0 0 0 0 0 0 0 0 0 0 0 0 0 0 0 0 0 0 0 0 0 0 0 0 0 0 0 0 0 0 0 0 0 0 0 0 0 0 0 0 0 0 0 0 0 0 0 0 0 0 0 0 0 0 0 0 0 0 0 0 0 0 0 0 0 0 0 0 0 0 0 0 0 0 0 0 0 0 0 0 0 0 0 0 0 0 0 0 0 0 0 0 0 0 0 0 0 0 0 0 0 0 0 0 0 0 0 0 0 0 0 0 0 0 0 0 0 0 0 0 0 0 0 0 0 0 0 0 0 0 0 0 0 0 0 0 0 0 0 0 0 0 0 0 0 0 0 0 0 0 0 0 0 0 0 0 0 0 0 0 0 0 0 0 0 0 0 0 0 0 0 0 0 0 0 0 0 0 0 0 0 0 0 0 0 0 0 0 0 0 0 0 0 0 0 0 0 0 0 0 0 0 0 0 0 0 0 0 0 0 0 0 0 0 0 0 0 0 0 0 0 0 0 0 0 0 0 0 0 0 0 0 0 0 0 0 0 0 0 0 0 0 0 0 0 0 0 0 0 0 0 0 0 0 0 0 0 0 0 0 0 0 0 0 0 0 0 0 0 0 0 0 0 0 0 0 0 0 0 0 0 0 0 0 0 0 0 0 0 0 0 0 0 0 0 0 0 0 0 0 0 0 0 0 0 0 0 0 0 0 0 0 0 0 0 0 0 0 0 0 0 0 0 0 0 0 0 0 0 0 0 0 0 0 0 0 0 0 0 0 0 0 0 0 0 0 0 0 0 0 0 0 0 0 0 0 0 0 0 0 0 0 0 0 0 0 0 0 0 0 0 0 0 0 0 0 0 0 0 0 0 0 0 0 0 0 0 0 0 0 0 0 0 0 0 0 0 0 0 0 0 0 0 0 0 0 0 0 0 0 0 0 0 0 0 0 0 0 0 0 0 0 0 0 0 0 0 0 0 0 0 0 0 0 0 0 0 0 0 0 0 0 0 0 0 0 0 0 0 0 0 0 0 0 0 0 0 0 0 0 0 0 0 0 0 0 0 0 0 0 0 0 0 0 0 0 0 0 0 0 0 0 0 0 0 0 0 0 0 0 0 0 0 0 0 0 0 0 0 0 0 0 0 0 0 0 0 0 0 0 0 0 0 0 0 0 0 0 0 0 0 0 0 0 0 0 0 0 0 0 0 0 0 0 0 0 0 0 0 0 0 0 0 0 0 0 0
ctxt 5044615100
btime 1790630938
processes 576493
procs_running 4
procs_blocked 0
softirq 4587770797 73526 11384931 2753147 176639931 445143 0 13559808 49468178 421 38478416
