Running 10s test @ http://127.0.0.1:18500/json
  16 threads and 128 connections
  Thread Stats   Avg      Stdev     Max   +/- Stdev
    Latency   665.66us  168.43us   2.49ms   82.35%
    Req/Sec    12.08k     1.39k   15.25k    63.61%
  Latency Distribution
     50%  701.00us
     75%  777.00us
     90%  824.00us
     99%    1.32ms
  1942846 requests in 10.10s, 253.84MB read
Requests/sec: 192361.31
Transfer/sec:     25.13MB
## server-stat
cpu  3624610 1605 1667041 48146058 379244 0 806269 0 0 0
cpu0 137556 29 47923 1506091 4707 0 26380 0 0 0
cpu1 138835 33 48875 1509264 5700 0 25792 0 0 0
cpu2 140187 34 48803 1508912 5694 0 25883 0 0 0
cpu3 215460 34 69804 1397045 4168 0 41842 0 0 0
cpu4 217373 37 68478 1397643 4745 0 41953 0 0 0
cpu5 145846 36 50627 1500334 6418 0 26840 0 0 0
cpu6 147655 33 51090 1497557 6692 0 27945 0 0 0
cpu7 153825 30 54333 1485963 6515 0 30606 0 0 0
cpu8 41367 59 44165 1574562 14520 0 13611 0 0 0
cpu9 47449 64 47357 1550200 17874 0 14830 0 0 0
cpu10 45016 65 45717 1558337 16117 0 14633 0 0 0
cpu11 41121 60 41572 1578987 14630 0 13016 0 0 0
cpu12 83104 139 51333 1506561 20006 0 16048 0 0 0
cpu13 79489 72 52325 1505930 20857 0 16399 0 0 0
cpu14 40983 59 41014 1582518 13804 0 12749 0 0 0
cpu15 38042 61 37633 1596114 14123 0 11578 0 0 0
cpu16 182119 27 59281 1449207 6289 0 34234 0 0 0
cpu17 172161 27 57539 1459999 8228 0 32840 0 0 0
cpu18 164027 27 56293 1470809 7931 0 32049 0 0 0
cpu19 285198 26 83618 1305462 3819 0 51927 0 0 0
cpu20 254141 25 78322 1343200 5695 0 49366 0 0 0
cpu21 159391 29 55308 1475276 9379 0 31277 0 0 0
cpu22 147283 33 52782 1491446 9306 0 29125 0 0 0
cpu23 128148 32 47196 1522432 8954 0 24527 0 0 0
cpu24 44286 61 42469 1576644 16623 0 13710 0 0 0
cpu25 49555 63 47426 1551951 18796 0 16210 0 0 0
cpu26 47385 58 46279 1558463 17916 0 15764 0 0 0
cpu27 40021 48 41230 1569077 16619 0 21590 0 0 0
cpu28 75858 82 55204 1493102 21125 0 28845 0 0 0
cpu29 79665 119 57197 1481800 21823 0 29375 0 0 0
cpu30 39433 44 42792 1562807 15207 0 21583 0 0 0
cpu31 42618 44 43041 1578351 14948 0 13725 0 0 0
intr 3314250678 126 0 0 0 0 0 0 0 0 1 0 0 0 0 0 0 0 0 0 0 0 0 0 0 0 0 0 1 1 1 0 0 0 0 1 0 1 0 0 75045 0 0 0 0 0 0 0 0 411 0 0 0 0 0 0 0 0 87 0 0 0 0 0 0 0 0 0 0 0 0 0 0 0 490823 2 35057801 34996982 34912542 35053927 0 14308 10792 12157 11569 8436 9757 12843 13893 10866 38428 52420 40915 34653 52730 50368 31515 28106 12625 14415 17219 7591 10999 15778 15596 13869 35894 45022 41080 33035 50982 54857 30092 32275 0 0 0 0 617173 4475 1036 0 264 0 0 0 0 0 0 0 0 0 0 0 0 0 0 0 0 0 0 0 0 0 0 0 0 0 0 0 0 0 0 0 0 0 0 0 0 0 0 0 0 0 0 0 0 0 0 0 0 0 0 0 0 0 0 0 0 0 0 0 0 0 0 0 0 0 0 0 0 0 0 0 0 0 0 0 0 0 0 0 0 0 0 0 0 0 0 0 0 0 0 0 0 0 0 0 0 0 0 0 0 0 0 0 0 0 0 0 0 0 0 0 0 0 0 0 0 0 0 0 0 0 0 0 0 0 0 0 0 0 0 0 0 0 0 0 0 0 0 0 0 0 0 0 0 0 0 0 0 0 0 0 0 0 0 0 0 0 0 0 0 0 0 0 0 0 0 0 0 0 0 0 0 0 0 0 0 0 0 0 0 0 0 0 0 0 0 0 0 0 0 0 0 0 0 0 0 0 0 0 0 0 0 0 0 0 0 0 0 0 0 0 0 0 0 0 0 0 0 0 0 0 0 0 0 0 0 0 0 0 0 0 0 0 0 0 0 0 0 0 0 0 0 0 0 0 0 0 0 0 0 0 0 0 0 0 0 0 0 0 0 0 0 0 0 0 0 0 0 0 0 0 0 0 0 0 0 0 0 0 0 0 0 0 0 0 0 0 0 0 0 0 0 0 0 0 0 0 0 0 0 0 0 0 0 0 0 0 0 0 0 0 0 0 0 0 0 0 0 0 0 0 0 0 0 0 0 0 0 0 0 0 0 0 0 0 0 0 0 0 0 0 0 0 0 0 0 0 0 0 0 0 0 0 0 0 0 0 0 0 0 0 0 0 0 0 0 0 0 0 0 0 0 0 0 0 0 0 0 0 0 0 0 0 0 0 0 0 0 0 0 0 0 0 0 0 0 0 0 0 0 0 0 0 0 0 0 0 0 0 0 0 0 0 0 0 0 0 0 0 0 0 0 0 0 0 0 0 0 0 0 0 0 0 0 0 0 0 0 0 0 0 0 0 0 0 0 0 0 0 0 0 0 0 0 0 0 0 0 0 0 0 0 0 0 0 0 0 0 0 0 0 0 0 0 0 0 0 0 0 0 0 0 0 0 0 0 0 0 0 0 0 0 0 0 0 0 0 0 0 0 0 0 0 0 0 0 0 0 0 0 0 0 0 0 0 0 0 0 0 0 0 0 0 0 0 0 0 0 0 0 0 0 0 0 0 0 0 0 0 0 0 0 0 0 0 0 0 0 0 0 0 0 0 0 0 0 0 0 0 0 0 0 0 0 0 0 0 0 0 0 0 0 0 0 0 0 0 0 0 0 0 0 0 0 0 0 0 0 0 0 0 0 0 0 0 0 0 0 0 0 0 0 0 0 0 0 0 0 0 0 0 0 0 0 0 0 0 0 0 0 0 0 0 0 0 0 0 0 0 0 0 0 0 0 0 0 0 0 0 0 0 0 0 0 0 0 0 0 0 0 0 0 0 0 0 0 0 0 0 0 0 0 0 0 0 0 0 0 0 0 0 0 0 0 0 0 0 0 0 0 0 0 0 0 0 0 0 0 0 0 0 0 0 0 0 0 0 0 0 0 0 0 0 0 0 0 0 0 0 0 0 0 0 0 0 0 0 0 0 0 0 0 0 0 0 0 0 0 0 0 0 0 0 0 0 0 0 0 0 0 0 0 0 0 0 0 0 0 0 0 0 0 0 0 0 0 0 0 0 0 0 0 0 0 0 0 0 0 0 0 0 0 0 0 0 0 0 0 0 0 0 0 0 0 0 0 0 0 0 0 0 0 0 0 0 0 0 0 0 0 0 0 0 0 0 0 0 0 0 0 0 0 0 0 0 0 0 0 0 0 0 0 0 0 0 0 0 0 0 0 0 0 0 0 0 0 0 0 0 0 0 0 0 0 0 0 0 0 0 0 0 0 0 0 0 0 0 0 0 0 0 0 0 0 0 0 0 0 0 0 0 0 0 0 0 0 0 0 0 0 0 0 0 0 0 0 0 0 0 0 0 0 0 0 0 0 0 0 0 0 0 0 0 0 0 0 0 0 0 0 0 0 0 0 0 0 0 0 0 0 0 0 0 0 0 0 0 0 0 0 0 0 0 0 0 0 0 0 0 0 0 0 0 0 0 0 0 0 0 0 0 0 0 0 0 0 0 0 0 0 0 0 0 0 0 0 0 0 0 0 0 0 0 0 0 0 0 0 0 0 0 0 0 0 0 0 0 0 0 0 0 0 0 0 0 0 0 0 0 0 0 0 0 0 0 0 0 0 0 0 0 0 0 0 0 0 0 0 0 0 0 0 0 0 0 0 0 0 0 0 0 0 0 0 0 0 0 0 0 0 0 0 0 0 0 0 0 0 0 0 0 0 0 0 0 0 0 0 0 0 0 0 0 0 0 0 0 0 0 0 0 0 0 0 0 0 0 0 0 0 0 0 0 0 0 0 0 0 0 0 0 0 0 0 0 0 0 0 0 0 0 0
ctxt 5255474077
btime 1790630938
processes 837262
procs_running 9
procs_blocked 0
softirq 4750376044 73526 12766494 2753162 324886007 512430 0 13560121 52985108 421 47871479
--
cpu  3630201 1606 1667568 48164004 379260 0 806794 0 0 0
cpu0 137556 29 47924 1506867 4707 0 26381 0 0 0
cpu1 139283 33 48910 1509542 5700 0 25831 0 0 0
cpu2 140304 34 48814 1509572 5694 0 25893 0 0 0
cpu3 216146 34 69859 1397045 4168 0 41901 0 0 0
cpu4 218053 37 68537 1397643 4745 0 42014 0 0 0
cpu5 146529 36 50681 1500334 6418 0 26904 0 0 0
cpu6 147657 33 51091 1498351 6692 0 27945 0 0 0
cpu7 154196 30 54365 1486326 6515 0 30639 0 0 0
cpu8 41370 59 44169 1575294 14520 0 13613 0 0 0
cpu9 47454 64 47362 1550926 17875 0 14834 0 0 0
cpu10 45021 65 45722 1559060 16117 0 14636 0 0 0
cpu11 41123 60 41576 1579720 14630 0 13019 0 0 0
cpu12 83112 139 51340 1507273 20006 0 16052 0 0 0
cpu13 79500 72 52333 1506636 20858 0 16405 0 0 0
cpu14 40985 59 41019 1583246 13804 0 12753 0 0 0
cpu15 38043 61 37637 1596848 14123 0 11582 0 0 0
cpu16 182812 27 59333 1449207 6289 0 34288 0 0 0
cpu17 172401 27 57558 1460515 8228 0 32863 0 0 0
cpu18 164595 27 56338 1470948 7931 0 32096 0 0 0
cpu19 285200 26 83618 1306257 3819 0 51927 0 0 0
cpu20 254142 25 78322 1343997 5695 0 49366 0 0 0
cpu21 159391 29 55309 1476073 9379 0 31277 0 0 0
cpu22 147970 33 52836 1491446 9306 0 29183 0 0 0
cpu23 128462 32 47221 1522864 8954 0 24553 0 0 0
cpu24 44291 61 42474 1577376 16623 0 13713 0 0 0
cpu25 49561 63 47431 1552675 18796 0 16213 0 0 0
cpu26 47389 58 46282 1559193 17916 0 15767 0 0 0
cpu27 40023 48 41233 1569802 16633 0 21592 0 0 0
cpu28 75879 82 55211 1493814 21125 0 28850 0 0 0
cpu29 79683 119 57206 1482508 21823 0 29380 0 0 0
cpu30 39434 44 42796 1563542 15207 0 21587 0 0 0
cpu31 42620 44 43045 1579089 14948 0 13727 0 0 0
intr 3315883952 126 0 0 0 0 0 0 0 0 1 0 0 0 0 0 0 0 0 0 0 0 0 0 0 0 0 0 1 1 1 0 0 0 0 1 0 1 0 0 75045 0 0 0 0 0 0 0 0 411 0 0 0 0 0 0 0 0 87 0 0 0 0 0 0 0 0 0 0 0 0 0 0 0 490969 2 35057815 34997035 34912561 35053966 0 14316 10792 12157 11569 8436 9757 12843 13893 10866 38428 52420 40915 34653 52730 50374 31515 28106 12625 14415 17219 7591 10999 15778 15596 13869 35896 45022 41080 33035 50982 54857 30092 32275 0 0 0 0 617177 4475 1036 0 264 0 0 0 0 0 0 0 0 0 0 0 0 0 0 0 0 0 0 0 0 0 0 0 0 0 0 0 0 0 0 0 0 0 0 0 0 0 0 0 0 0 0 0 0 0 0 0 0 0 0 0 0 0 0 0 0 0 0 0 0 0 0 0 0 0 0 0 0 0 0 0 0 0 0 0 0 0 0 0 0 0 0 0 0 0 0 0 0 0 0 0 0 0 0 0 0 0 0 0 0 0 0 0 0 0 0 0 0 0 0 0 0 0 0 0 0 0 0 0 0 0 0 0 0 0 0 0 0 0 0 0 0 0 0 0 0 0 0 0 0 0 0 0 0 0 0 0 0 0 0 0 0 0 0 0 0 0 0 0 0 0 0 0 0 0 0 0 0 0 0 0 0 0 0 0 0 0 0 0 0 0 0 0 0 0 0 0 0 0 0 0 0 0 0 0 0 0 0 0 0 0 0 0 0 0 0 0 0 0 0 0 0 0 0 0 0 0 0 0 0 0 0 0 0 0 0 0 0 0 0 0 0 0 0 0 0 0 0 0 0 0 0 0 0 0 0 0 0 0 0 0 0 0 0 0 0 0 0 0 0 0 0 0 0 0 0 0 0 0 0 0 0 0 0 0 0 0 0 0 0 0 0 0 0 0 0 0 0 0 0 0 0 0 0 0 0 0 0 0 0 0 0 0 0 0 0 0 0 0 0 0 0 0 0 0 0 0 0 0 0 0 0 0 0 0 0 0 0 0 0 0 0 0 0 0 0 0 0 0 0 0 0 0 0 0 0 0 0 0 0 0 0 0 0 0 0 0 0 0 0 0 0 0 0 0 0 0 0 0 0 0 0 0 0 0 0 0 0 0 0 0 0 0 0 0 0 0 0 0 0 0 0 0 0 0 0 0 0 0 0 0 0 0 0 0 0 0 0 0 0 0 0 0 0 0 0 0 0 0 0 0 0 0 0 0 0 0 0 0 0 0 0 0 0 0 0 0 0 0 0 0 0 0 0 0 0 0 0 0 0 0 0 0 0 0 0 0 0 0 0 0 0 0 0 0 0 0 0 0 0 0 0 0 0 0 0 0 0 0 0 0 0 0 0 0 0 0 0 0 0 0 0 0 0 0 0 0 0 0 0 0 0 0 0 0 0 0 0 0 0 0 0 0 0 0 0 0 0 0 0 0 0 0 0 0 0 0 0 0 0 0 0 0 0 0 0 0 0 0 0 0 0 0 0 0 0 0 0 0 0 0 0 0 0 0 0 0 0 0 0 0 0 0 0 0 0 0 0 0 0 0 0 0 0 0 0 0 0 0 0 0 0 0 0 0 0 0 0 0 0 0 0 0 0 0 0 0 0 0 0 0 0 0 0 0 0 0 0 0 0 0 0 0 0 0 0 0 0 0 0 0 0 0 0 0 0 0 0 0 0 0 0 0 0 0 0 0 0 0 0 0 0 0 0 0 0 0 0 0 0 0 0 0 0 0 0 0 0 0 0 0 0 0 0 0 0 0 0 0 0 0 0 0 0 0 0 0 0 0 0 0 0 0 0 0 0 0 0 0 0 0 0 0 0 0 0 0 0 0 0 0 0 0 0 0 0 0 0 0 0 0 0 0 0 0 0 0 0 0 0 0 0 0 0 0 0 0 0 0 0 0 0 0 0 0 0 0 0 0 0 0 0 0 0 0 0 0 0 0 0 0 0 0 0 0 0 0 0 0 0 0 0 0 0 0 0 0 0 0 0 0 0 0 0 0 0 0 0 0 0 0 0 0 0 0 0 0 0 0 0 0 0 0 0 0 0 0 0 0 0 0 0 0 0 0 0 0 0 0 0 0 0 0 0 0 0 0 0 0 0 0 0 0 0 0 0 0 0 0 0 0 0 0 0 0 0 0 0 0 0 0 0 0 0 0 0 0 0 0 0 0 0 0 0 0 0 0 0 0 0 0 0 0 0 0 0 0 0 0 0 0 0 0 0 0 0 0 0 0 0 0 0 0 0 0 0 0 0 0 0 0 0 0 0 0 0 0 0 0 0 0 0 0 0 0 0 0 0 0 0 0 0 0 0 0 0 0 0 0 0 0 0 0 0 0 0 0 0 0 0 0 0 0 0 0 0 0 0 0 0 0 0 0 0 0 0 0 0 0 0 0 0 0 0 0 0 0 0 0 0 0 0 0 0 0 0 0 0 0 0 0 0 0 0 0 0 0 0 0 0 0 0 0 0 0 0 0 0 0 0 0 0 0 0 0 0 0 0 0 0 0 0 0 0 0 0 0 0 0 0 0 0 0 0 0 0 0 0 0 0 0 0 0 0 0 0 0 0 0 0 0 0 0 0 0 0 0 0 0 0 0 0 0 0 0 0 0 0 0 0 0 0 0 0 0 0 0 0 0 0 0 0 0 0 0 0 0 0 0 0 0 0 0 0 0 0 0 0 0 0 0 0 0 0 0 0 0 0 0 0 0 0 0 0 0 0 0 0 0 0 0 0
ctxt 5258453898
btime 1790630938
processes 837328
procs_running 12
procs_blocked 0
softirq 4753497973 73526 12771321 2753162 327965015 512583 0 13560121 52998737 421 47895791
