Running 10s test @ http://127.0.0.1:18500/json
  16 threads and 128 connections
  Thread Stats   Avg      Stdev     Max   +/- Stdev
    Latency     0.98ms  107.39us   2.26ms   87.18%
    Req/Sec     8.24k    92.19     8.94k    81.92%
  Latency Distribution
     50%    0.96ms
     75%    1.00ms
     90%    1.06ms
     99%    1.46ms
  1323588 requests in 10.10s, 198.18MB read
Requests/sec: 131048.69
Transfer/sec:     19.62MB
## server-stat
cpu  3504684 1572 1638630 47072497 377868 0 793727 0 0 0
cpu0 129696 28 46401 1477314 4702 0 25563 0 0 0
cpu1 132015 33 47444 1479214 5688 0 25096 0 0 0
cpu2 133449 33 47516 1478544 5692 0 25205 0 0 0
cpu3 209639 32 68727 1365362 4166 0 41457 0 0 0
cpu4 209998 36 67095 1368126 4744 0 41178 0 0 0
cpu5 140693 35 49604 1467922 6415 0 26321 0 0 0
cpu6 141191 32 49868 1466753 6677 0 27321 0 0 0
cpu7 147740 30 53132 1454824 6512 0 29941 0 0 0
cpu8 41241 57 43772 1537115 14442 0 13447 0 0 0
cpu9 47280 63 46947 1512933 17778 0 14665 0 0 0
cpu10 44885 63 45319 1521036 15957 0 14479 0 0 0
cpu11 41016 58 41235 1541299 14608 0 12875 0 0 0
cpu12 82353 137 50859 1469946 19979 0 15871 0 0 0
cpu13 78808 70 51820 1469456 20732 0 16213 0 0 0
cpu14 40858 58 40680 1544788 13774 0 12614 0 0 0
cpu15 37949 59 37338 1558222 14067 0 11453 0 0 0
cpu16 175421 27 58114 1418417 6284 0 33759 0 0 0
cpu17 164745 27 56316 1430021 8226 0 32335 0 0 0
cpu18 156814 27 54964 1440744 7917 0 31546 0 0 0
cpu19 274831 26 81740 1279565 3815 0 50975 0 0 0
cpu20 246140 25 76878 1314079 5689 0 48825 0 0 0
cpu21 150307 29 53650 1447542 9377 0 30626 0 0 0
cpu22 139960 33 51392 1461603 9283 0 28585 0 0 0
cpu23 121152 32 45834 1492178 8939 0 24046 0 0 0
cpu24 44134 60 42115 1538999 16588 0 13564 0 0 0
cpu25 49354 61 46976 1514789 18689 0 16011 0 0 0
cpu26 47216 57 45851 1521195 17853 0 15573 0 0 0
cpu27 39888 46 40858 1531513 16567 0 21441 0 0 0
cpu28 75144 80 54582 1456870 21069 0 28597 0 0 0
cpu29 78983 117 56550 1445851 21522 0 29130 0 0 0
cpu30 39282 44 42386 1525450 15172 0 21429 0 0 0
cpu31 42487 43 42653 1540810 14927 0 13571 0 0 0
intr 3266676191 126 0 0 0 0 0 0 0 0 1 0 0 0 0 0 0 0 0 0 0 0 0 0 0 0 0 0 1 1 1 0 0 0 0 1 0 1 0 0 75045 0 0 0 0 0 0 0 0 411 0 0 0 0 0 0 0 0 87 0 0 0 0 0 0 0 0 0 0 0 0 0 0 0 478789 2 35056615 34995843 34911705 35052709 0 13992 10749 12155 11568 8428 9748 12793 13893 10845 38303 52166 40854 34591 52580 50250 31358 28097 12624 14413 17217 7577 10999 15777 15595 13866 35874 44986 41064 33022 50815 54818 30073 32223 0 0 0 0 617149 4452 1036 0 264 0 0 0 0 0 0 0 0 0 0 0 0 0 0 0 0 0 0 0 0 0 0 0 0 0 0 0 0 0 0 0 0 0 0 0 0 0 0 0 0 0 0 0 0 0 0 0 0 0 0 0 0 0 0 0 0 0 0 0 0 0 0 0 0 0 0 0 0 0 0 0 0 0 0 0 0 0 0 0 0 0 0 0 0 0 0 0 0 0 0 0 0 0 0 0 0 0 0 0 0 0 0 0 0 0 0 0 0 0 0 0 0 0 0 0 0 0 0 0 0 0 0 0 0 0 0 0 0 0 0 0 0 0 0 0 0 0 0 0 0 0 0 0 0 0 0 0 0 0 0 0 0 0 0 0 0 0 0 0 0 0 0 0 0 0 0 0 0 0 0 0 0 0 0 0 0 0 0 0 0 0 0 0 0 0 0 0 0 0 0 0 0 0 0 0 0 0 0 0 0 0 0 0 0 0 0 0 0 0 0 0 0 0 0 0 0 0 0 0 0 0 0 0 0 0 0 0 0 0 0 0 0 0 0 0 0 0 0 0 0 0 0 0 0 0 0 0 0 0 0 0 0 0 0 0 0 0 0 0 0 0 0 0 0 0 0 0 0 0 0 0 0 0 0 0 0 0 0 0 0 0 0 0 0 0 0 0 0 0 0 0 0 0 0 0 0 0 0 0 0 0 0 0 0 0 0 0 0 0 0 0 0 0 0 0 0 0 0 0 0 0 0 0 0 0 0 0 0 0 0 0 0 0 0 0 0 0 0 0 0 0 0 0 0 0 0 0 0 0 0 0 0 0 0 0 0 0 0 0 0 0 0 0 0 0 0 0 0 0 0 0 0 0 0 0 0 0 0 0 0 0 0 0 0 0 0 0 0 0 0 0 0 0 0 0 0 0 0 0 0 0 0 0 0 0 0 0 0 0 0 0 0 0 0 0 0 0 0 0 0 0 0 0 0 0 0 0 0 0 0 0 0 0 0 0 0 0 0 0 0 0 0 0 0 0 0 0 0 0 0 0 0 0 0 0 0 0 0 0 0 0 0 0 0 0 0 0 0 0 0 0 0 0 0 0 0 0 0 0 0 0 0 0 0 0 0 0 0 0 0 0 0 0 0 0 0 0 0 0 0 0 0 0 0 0 0 0 0 0 0 0 0 0 0 0 0 0 0 0 0 0 0 0 0 0 0 0 0 0 0 0 0 0 0 0 0 0 0 0 0 0 0 0 0 0 0 0 0 0 0 0 0 0 0 0 0 0 0 0 0 0 0 0 0 0 0 0 0 0 0 0 0 0 0 0 0 0 0 0 0 0 0 0 0 0 0 0 0 0 0 0 0 0 0 0 0 0 0 0 0 0 0 0 0 0 0 0 0 0 0 0 0 0 0 0 0 0 0 0 0 0 0 0 0 0 0 0 0 0 0 0 0 0 0 0 0 0 0 0 0 0 0 0 0 0 0 0 0 0 0 0 0 0 0 0 0 0 0 0 0 0 0 0 0 0 0 0 0 0 0 0 0 0 0 0 0 0 0 0 0 0 0 0 0 0 0 0 0 0 0 0 0 0 0 0 0 0 0 0 0 0 0 0 0 0 0 0 0 0 0 0 0 0 0 0 0 0 0 0 0 0 0 0 0 0 0 0 0 0 0 0 0 0 0 0 0 0 0 0 0 0 0 0 0 0 0 0 0 0 0 0 0 0 0 0 0 0 0 0 0 0 0 0 0 0 0 0 0 0 0 0 0 0 0 0 0 0 0 0 0 0 0 0 0 0 0 0 0 0 0 0 0 0 0 0 0 0 0 0 0 0 0 0 0 0 0 0 0 0 0 0 0 0 0 0 0 0 0 0 0 0 0 0 0 0 0 0 0 0 0 0 0 0 0 0 0 0 0 0 0 0 0 0 0 0 0 0 0 0 0 0 0 0 0 0 0 0 0 0 0 0 0 0 0 0 0 0 0 0 0 0 0 0 0 0 0 0 0 0 0 0 0 0 0 0 0 0 0 0 0 0 0 0 0 0 0 0 0 0 0 0 0 0 0 0 0 0 0 0 0 0 0 0 0 0 0 0 0 0 0 0 0 0 0 0 0 0 0 0 0 0 0 0 0 0 0 0 0 0 0 0 0 0 0 0 0 0 0 0 0 0 0 0 0 0 0 0 0 0 0 0 0 0 0 0 0 0 0 0 0 0 0 0 0 0 0 0 0 0 0 0 0 0 0 0 0 0 0 0 0 0 0 0 0 0 0 0 0 0 0 0 0 0 0 0 0 0 0 0 0 0 0 0 0 0 0 0 0 0 0 0 0 0 0 0 0 0 0 0 0 0 0 0 0 0 0 0 0 0 0 0 0 0 0 0 0 0 0 0 0 0 0 0 0 0 0 0 0 0 0 0 0 0 0 0 0 0 0 0 0 0 0 0 0 0 0 0 0 0 0 0 0 0 0 0 0 0 0 0 0 0 0 0 0 0 0 0 0 0 0 0 0
ctxt 5173559182
btime 1790630938
processes 790372
procs_running 10
procs_blocked 0
softirq 4674270460 73526 12366423 2753162 254182338 499916 0 13560047 51832779 421 44034552
--
cpu  3510114 1573 1640039 47087919 377887 0 794536 0 0 0
cpu0 130013 28 46477 1477587 4702 0 25603 0 0 0
cpu1 132340 33 47513 1479484 5688 0 25135 0 0 0
cpu2 133766 33 47581 1478815 5692 0 25245 0 0 0
cpu3 209974 32 68796 1365624 4166 0 41497 0 0 0
cpu4 210340 36 67165 1368385 4744 0 41221 0 0 0
cpu5 141012 35 49675 1468181 6415 0 26364 0 0 0
cpu6 141507 32 49936 1467028 6677 0 27360 0 0 0
cpu7 148041 30 53202 1455109 6512 0 29978 0 0 0
cpu8 41245 57 43790 1537829 14442 0 13453 0 0 0
cpu9 47286 63 46970 1513601 17779 0 14675 0 0 0
cpu10 44889 63 45338 1521738 15957 0 14485 0 0 0
cpu11 41018 58 41243 1542052 14613 0 12878 0 0 0
cpu12 82359 138 50878 1470639 19991 0 15882 0 0 0
cpu13 78813 70 51840 1470156 20732 0 16229 0 0 0
cpu14 40859 58 40686 1545554 13774 0 12617 0 0 0
cpu15 37950 59 37342 1559001 14067 0 11455 0 0 0
cpu16 175767 27 58184 1418665 6284 0 33805 0 0 0
cpu17 165088 27 56386 1430267 8226 0 32377 0 0 0
cpu18 157165 27 55034 1440993 7917 0 31589 0 0 0
cpu19 275181 26 81808 1279810 3815 0 51018 0 0 0
cpu20 246490 25 76944 1314324 5689 0 48869 0 0 0
cpu21 150644 29 53720 1447791 9377 0 30668 0 0 0
cpu22 140295 33 51462 1461854 9283 0 28633 0 0 0
cpu23 121475 32 45907 1492438 8939 0 24089 0 0 0
cpu24 44137 60 42117 1539781 16588 0 13566 0 0 0
cpu25 49357 61 46985 1515543 18689 0 16015 0 0 0
cpu26 47218 57 45857 1521963 17853 0 15576 0 0 0
cpu27 39890 46 40860 1532298 16567 0 21442 0 0 0
cpu28 75181 80 54639 1457417 21070 0 28624 0 0 0
cpu29 79021 117 56612 1446368 21523 0 29159 0 0 0
cpu30 39288 44 42410 1526105 15172 0 21437 0 0 0
cpu31 42492 43 42670 1541504 14927 0 13577 0 0 0
intr 3272227486 126 0 0 0 0 0 0 0 0 1 0 0 0 0 0 0 0 0 0 0 0 0 0 0 0 0 0 1 1 1 0 0 0 0 1 0 1 0 0 75045 0 0 0 0 0 0 0 0 411 0 0 0 0 0 0 0 0 87 0 0 0 0 0 0 0 0 0 0 0 0 0 0 0 478903 2 35056653 34995872 34911720 35052737 0 14000 10749 12155 11568 8428 9748 12793 13893 10845 38307 52166 40854 34591 52580 50250 31358 28097 12624 14413 17217 7577 10999 15777 15595 13866 35874 44986 41064 33022 50816 54821 30073 32223 0 0 0 0 617149 4452 1036 0 264 0 0 0 0 0 0 0 0 0 0 0 0 0 0 0 0 0 0 0 0 0 0 0 0 0 0 0 0 0 0 0 0 0 0 0 0 0 0 0 0 0 0 0 0 0 0 0 0 0 0 0 0 0 0 0 0 0 0 0 0 0 0 0 0 0 0 0 0 0 0 0 0 0 0 0 0 0 0 0 0 0 0 0 0 0 0 0 0 0 0 0 0 0 0 0 0 0 0 0 0 0 0 0 0 0 0 0 0 0 0 0 0 0 0 0 0 0 0 0 0 0 0 0 0 0 0 0 0 0 0 0 0 0 0 0 0 0 0 0 0 0 0 0 0 0 0 0 0 0 0 0 0 0 0 0 0 0 0 0 0 0 0 0 0 0 0 0 0 0 0 0 0 0 0 0 0 0 0 0 0 0 0 0 0 0 0 0 0 0 0 0 0 0 0 0 0 0 0 0 0 0 0 0 0 0 0 0 0 0 0 0 0 0 0 0 0 0 0 0 0 0 0 0 0 0 0 0 0 0 0 0 0 0 0 0 0 0 0 0 0 0 0 0 0 0 0 0 0 0 0 0 0 0 0 0 0 0 0 0 0 0 0 0 0 0 0 0 0 0 0 0 0 0 0 0 0 0 0 0 0 0 0 0 0 0 0 0 0 0 0 0 0 0 0 0 0 0 0 0 0 0 0 0 0 0 0 0 0 0 0 0 0 0 0 0 0 0 0 0 0 0 0 0 0 0 0 0 0 0 0 0 0 0 0 0 0 0 0 0 0 0 0 0 0 0 0 0 0 0 0 0 0 0 0 0 0 0 0 0 0 0 0 0 0 0 0 0 0 0 0 0 0 0 0 0 0 0 0 0 0 0 0 0 0 0 0 0 0 0 0 0 0 0 0 0 0 0 0 0 0 0 0 0 0 0 0 0 0 0 0 0 0 0 0 0 0 0 0 0 0 0 0 0 0 0 0 0 0 0 0 0 0 0 0 0 0 0 0 0 0 0 0 0 0 0 0 0 0 0 0 0 0 0 0 0 0 0 0 0 0 0 0 0 0 0 0 0 0 0 0 0 0 0 0 0 0 0 0 0 0 0 0 0 0 0 0 0 0 0 0 0 0 0 0 0 0 0 0 0 0 0 0 0 0 0 0 0 0 0 0 0 0 0 0 0 0 0 0 0 0 0 0 0 0 0 0 0 0 0 0 0 0 0 0 0 0 0 0 0 0 0 0 0 0 0 0 0 0 0 0 0 0 0 0 0 0 0 0 0 0 0 0 0 0 0 0 0 0 0 0 0 0 0 0 0 0 0 0 0 0 0 0 0 0 0 0 0 0 0 0 0 0 0 0 0 0 0 0 0 0 0 0 0 0 0 0 0 0 0 0 0 0 0 0 0 0 0 0 0 0 0 0 0 0 0 0 0 0 0 0 0 0 0 0 0 0 0 0 0 0 0 0 0 0 0 0 0 0 0 0 0 0 0 0 0 0 0 0 0 0 0 0 0 0 0 0 0 0 0 0 0 0 0 0 0 0 0 0 0 0 0 0 0 0 0 0 0 0 0 0 0 0 0 0 0 0 0 0 0 0 0 0 0 0 0 0 0 0 0 0 0 0 0 0 0 0 0 0 0 0 0 0 0 0 0 0 0 0 0 0 0 0 0 0 0 0 0 0 0 0 0 0 0 0 0 0 0 0 0 0 0 0 0 0 0 0 0 0 0 0 0 0 0 0 0 0 0 0 0 0 0 0 0 0 0 0 0 0 0 0 0 0 0 0 0 0 0 0 0 0 0 0 0 0 0 0 0 0 0 0 0 0 0 0 0 0 0 0 0 0 0 0 0 0 0 0 0 0 0 0 0 0 0 0 0 0 0 0 0 0 0 0 0 0 0 0 0 0 0 0 0 0 0 0 0 0 0 0 0 0 0 0 0 0 0 0 0 0 0 0 0 0 0 0 0 0 0 0 0 0 0 0 0 0 0 0 0 0 0 0 0 0 0 0 0 0 0 0 0 0 0 0 0 0 0 0 0 0 0 0 0 0 0 0 0 0 0 0 0 0 0 0 0 0 0 0 0 0 0 0 0 0 0 0 0 0 0 0 0 0 0 0 0 0 0 0 0 0 0 0 0 0 0 0 0 0 0 0 0 0 0 0 0 0 0 0 0 0 0 0 0 0 0 0 0 0 0 0 0 0 0 0 0 0 0 0 0 0 0 0 0 0 0 0 0 0 0 0 0 0 0 0 0 0 0 0 0 0 0 0 0 0 0 0 0 0 0 0 0 0 0 0 0 0 0 0 0 0 0 0 0 0 0 0 0 0 0 0 0 0 0 0 0 0 0 0 0 0 0 0 0 0 0 0 0 0 0 0 0 0 0 0 0 0 0 0 0 0 0 0 0 0 0 0 0 0 0 0 0 0 0 0 0 0 0 0 0 0 0 0 0 0 0 0 0 0 0 0 0 0 0 0 0 0 0 0 0 0 0 0 0 0
ctxt 5183624366
btime 1790630938
processes 790448
procs_running 13
procs_blocked 0
softirq 4678599559 73526 12374078 2753162 258375768 500039 0 13560047 51917968 421 44077254
