Running 10s test @ http://127.0.0.1:18500/json
  16 threads and 128 connections
  Thread Stats   Avg      Stdev     Max   +/- Stdev
    Latency     1.60ms  153.11us   4.38ms   82.38%
    Req/Sec     5.02k    76.32     5.73k    90.83%
  Latency Distribution
     50%    1.57ms
     75%    1.65ms
     90%    1.76ms
     99%    2.19ms
  806412 requests in 10.10s, 119.97MB read
Requests/sec:  79842.24
Transfer/sec:     11.88MB
## server-stat
cpu  3644285 1610 1670274 48298357 379403 0 807809 0 0 0
cpu0 138617 29 48112 1510328 4707 0 26467 0 0 0
cpu1 140210 33 49053 1513199 5700 0 25897 0 0 0
cpu2 141708 34 49032 1512605 5749 0 25992 0 0 0
cpu3 217145 34 70017 1400593 4193 0 41968 0 0 0
cpu4 218455 37 68593 1401942 4745 0 42037 0 0 0
cpu5 146923 37 50736 1504647 6433 0 26927 0 0 0
cpu6 148949 33 51308 1501553 6696 0 28034 0 0 0
cpu7 155179 31 54525 1489913 6515 0 30710 0 0 0
cpu8 41383 59 44197 1579977 14521 0 13618 0 0 0
cpu9 47481 65 47401 1555557 17876 0 14841 0 0 0
cpu10 45039 65 45754 1563709 16117 0 14644 0 0 0
cpu11 41140 60 41603 1584399 14631 0 13023 0 0 0
cpu12 83227 139 51387 1511783 20007 0 16067 0 0 0
cpu13 79552 72 52384 1511201 20861 0 16419 0 0 0
cpu14 41004 59 41052 1587899 13804 0 12758 0 0 0
cpu15 38058 62 37671 1601519 14123 0 11588 0 0 0
cpu16 183409 27 59420 1453295 6289 0 34322 0 0 0
cpu17 173158 27 57673 1464409 8228 0 32905 0 0 0
cpu18 164866 27 56383 1475427 7931 0 32107 0 0 0
cpu19 285970 26 83726 1310139 3819 0 51972 0 0 0
cpu20 255499 25 78533 1347151 5695 0 49452 0 0 0
cpu21 160686 29 55521 1479286 9380 0 31363 0 0 0
cpu22 148321 33 52890 1495819 9310 0 29203 0 0 0
cpu23 129062 32 47332 1526916 8954 0 24597 0 0 0
cpu24 44315 62 42505 1582046 16623 0 13717 0 0 0
cpu25 49591 63 47468 1557322 18801 0 16223 0 0 0
cpu26 47415 59 46311 1563860 17917 0 15774 0 0 0
cpu27 40045 48 41262 1574496 16634 0 21595 0 0 0
cpu28 75984 82 55254 1498350 21147 0 28857 0 0 0
cpu29 79782 119 57250 1487032 21824 0 29394 0 0 0
cpu30 39455 44 42831 1568197 15208 0 21593 0 0 0
cpu31 42642 44 43075 1583770 14948 0 13731 0 0 0
intr 3320087663 126 0 0 0 0 0 0 0 0 1 0 0 0 0 0 0 0 0 0 0 0 0 0 0 0 0 0 1 1 1 0 0 0 0 1 0 1 0 0 75045 0 0 0 0 0 0 0 0 411 0 0 0 0 0 0 0 0 87 0 0 0 0 0 0 0 0 0 0 0 0 0 0 0 492254 2 35057970 34997323 34912693 35054274 0 14353 10792 12158 11569 8437 9757 12843 13894 10866 38428 52432 40915 34653 52806 50455 31516 28107 12625 14415 17220 7592 10999 15778 15596 13869 35897 45022 41090 33035 50982 55048 30096 32275 0 0 0 0 617177 4486 1036 0 264 0 0 0 0 0 0 0 0 0 0 0 0 0 0 0 0 0 0 0 0 0 0 0 0 0 0 0 0 0 0 0 0 0 0 0 0 0 0 0 0 0 0 0 0 0 0 0 0 0 0 0 0 0 0 0 0 0 0 0 0 0 0 0 0 0 0 0 0 0 0 0 0 0 0 0 0 0 0 0 0 0 0 0 0 0 0 0 0 0 0 0 0 0 0 0 0 0 0 0 0 0 0 0 0 0 0 0 0 0 0 0 0 0 0 0 0 0 0 0 0 0 0 0 0 0 0 0 0 0 0 0 0 0 0 0 0 0 0 0 0 0 0 0 0 0 0 0 0 0 0 0 0 0 0 0 0 0 0 0 0 0 0 0 0 0 0 0 0 0 0 0 0 0 0 0 0 0 0 0 0 0 0 0 0 0 0 0 0 0 0 0 0 0 0 0 0 0 0 0 0 0 0 0 0 0 0 0 0 0 0 0 0 0 0 0 0 0 0 0 0 0 0 0 0 0 0 0 0 0 0 0 0 0 0 0 0 0 0 0 0 0 0 0 0 0 0 0 0 0 0 0 0 0 0 0 0 0 0 0 0 0 0 0 0 0 0 0 0 0 0 0 0 0 0 0 0 0 0 0 0 0 0 0 0 0 0 0 0 0 0 0 0 0 0 0 0 0 0 0 0 0 0 0 0 0 0 0 0 0 0 0 0 0 0 0 0 0 0 0 0 0 0 0 0 0 0 0 0 0 0 0 0 0 0 0 0 0 0 0 0 0 0 0 0 0 0 0 0 0 0 0 0 0 0 0 0 0 0 0 0 0 0 0 0 0 0 0 0 0 0 0 0 0 0 0 0 0 0 0 0 0 0 0 0 0 0 0 0 0 0 0 0 0 0 0 0 0 0 0 0 0 0 0 0 0 0 0 0 0 0 0 0 0 0 0 0 0 0 0 0 0 0 0 0 0 0 0 0 0 0 0 0 0 0 0 0 0 0 0 0 0 0 0 0 0 0 0 0 0 0 0 0 0 0 0 0 0 0 0 0 0 0 0 0 0 0 0 0 0 0 0 0 0 0 0 0 0 0 0 0 0 0 0 0 0 0 0 0 0 0 0 0 0 0 0 0 0 0 0 0 0 0 0 0 0 0 0 0 0 0 0 0 0 0 0 0 0 0 0 0 0 0 0 0 0 0 0 0 0 0 0 0 0 0 0 0 0 0 0 0 0 0 0 0 0 0 0 0 0 0 0 0 0 0 0 0 0 0 0 0 0 0 0 0 0 0 0 0 0 0 0 0 0 0 0 0 0 0 0 0 0 0 0 0 0 0 0 0 0 0 0 0 0 0 0 0 0 0 0 0 0 0 0 0 0 0 0 0 0 0 0 0 0 0 0 0 0 0 0 0 0 0 0 0 0 0 0 0 0 0 0 0 0 0 0 0 0 0 0 0 0 0 0 0 0 0 0 0 0 0 0 0 0 0 0 0 0 0 0 0 0 0 0 0 0 0 0 0 0 0 0 0 0 0 0 0 0 0 0 0 0 0 0 0 0 0 0 0 0 0 0 0 0 0 0 0 0 0 0 0 0 0 0 0 0 0 0 0 0 0 0 0 0 0 0 0 0 0 0 0 0 0 0 0 0 0 0 0 0 0 0 0 0 0 0 0 0 0 0 0 0 0 0 0 0 0 0 0 0 0 0 0 0 0 0 0 0 0 0 0 0 0 0 0 0 0 0 0 0 0 0 0 0 0 0 0 0 0 0 0 0 0 0 0 0 0 0 0 0 0 0 0 0 0 0 0 0 0 0 0 0 0 0 0 0 0 0 0 0 0 0 0 0 0 0 0 0 0 0 0 0 0 0 0 0 0 0 0 0 0 0 0 0 0 0 0 0 0 0 0 0 0 0 0 0 0 0 0 0 0 0 0 0 0 0 0 0 0 0 0 0 0 0 0 0 0 0 0 0 0 0 0 0 0 0 0 0 0 0 0 0 0 0 0 0 0 0 0 0 0 0 0 0 0 0 0 0 0 0 0 0 0 0 0 0 0 0 0 0 0 0 0 0 0 0 0 0 0 0 0 0 0 0 0 0 0 0 0 0 0 0 0 0 0 0 0 0 0 0 0 0 0 0 0 0 0 0 0 0 0 0 0 0 0 0 0 0 0 0 0 0 0 0 0 0 0 0 0 0 0 0 0 0 0 0 0 0 0 0 0 0 0 0 0 0 0 0 0 0 0 0 0 0 0 0 0 0 0 0 0 0 0 0 0 0 0 0 0 0 0 0 0 0 0 0 0 0 0 0 0 0 0 0 0 0 0 0 0 0 0 0 0 0 0 0 0 0 0 0 0 0 0 0 0 0 0 0 0 0 0 0 0 0 0 0 0 0 0 0 0 0 0 0 0 0 0 0 0 0 0 0 0 0 0 0 0 0 0 0 0 0 0 0 0 0 0 0 0 0 0 0 0 0 0 0 0 0 0 0 0 0 0
ctxt 5265879886
btime 1790630938
processes 848583
procs_running 17
procs_blocked 0
softirq 4759420842 73526 12815937 2753163 333529596 513938 0 13560162 53106912 421 48099891
--
cpu  3651412 1610 1670996 48314383 379405 0 808264 0 0 0
cpu0 138973 29 48162 1510647 4707 0 26496 0 0 0
cpu1 140588 33 49095 1513499 5700 0 25926 0 0 0
cpu2 142108 34 49076 1512892 5749 0 26020 0 0 0
cpu3 217574 34 70057 1400858 4193 0 41995 0 0 0
cpu4 218908 37 68631 1402186 4745 0 42061 0 0 0
cpu5 147385 37 50772 1504884 6433 0 26949 0 0 0
cpu6 149350 33 51348 1501838 6696 0 28064 0 0 0
cpu7 155519 31 54576 1490243 6515 0 30743 0 0 0
cpu8 41384 59 44201 1580743 14521 0 13620 0 0 0
cpu9 47484 65 47408 1556297 17877 0 14843 0 0 0
cpu10 45041 65 45760 1564458 16117 0 14647 0 0 0
cpu11 41140 60 41605 1585174 14631 0 13025 0 0 0
cpu12 83235 139 51402 1512497 20008 0 16075 0 0 0
cpu13 79559 72 52398 1511909 20861 0 16430 0 0 0
cpu14 41006 59 41057 1588656 13804 0 12761 0 0 0
cpu15 38059 62 37674 1602293 14123 0 11590 0 0 0
cpu16 183895 27 59452 1453519 6289 0 34343 0 0 0
cpu17 173641 27 57707 1464629 8228 0 32926 0 0 0
cpu18 165345 27 56418 1475653 7931 0 32131 0 0 0
cpu19 286475 26 83757 1310347 3819 0 51990 0 0 0
cpu20 256020 25 78559 1347343 5695 0 49469 0 0 0
cpu21 161187 29 55554 1479495 9380 0 31382 0 0 0
cpu22 148772 33 52926 1496067 9310 0 29227 0 0 0
cpu23 129462 32 47373 1527204 8954 0 24626 0 0 0
cpu24 44316 62 42508 1582828 16623 0 13719 0 0 0
cpu25 49593 63 47472 1558086 18801 0 16224 0 0 0
cpu26 47416 59 46314 1564632 17917 0 15775 0 0 0
cpu27 40046 48 41263 1575283 16634 0 21595 0 0 0
cpu28 76009 82 55269 1499039 21147 0 28866 0 0 0
cpu29 79805 119 57269 1487708 21824 0 29405 0 0 0
cpu30 39458 45 42838 1568932 15208 0 21597 0 0 0
cpu31 42644 44 43081 1584525 14948 0 13734 0 0 0
intr 3322734659 126 0 0 0 0 0 0 0 0 1 0 0 0 0 0 0 0 0 0 0 0 0 0 0 0 0 0 1 1 1 0 0 0 0 1 0 1 0 0 75045 0 0 0 0 0 0 0 0 411 0 0 0 0 0 0 0 0 87 0 0 0 0 0 0 0 0 0 0 0 0 0 0 0 492254 2 35057990 34997337 34912705 35054316 0 14361 10792 12158 11569 8437 9757 12843 13894 10866 38428 52514 40916 34654 52823 50462 31516 28107 12625 14415 17220 7592 10999 15778 15596 13869 35897 45023 41090 33035 50982 55061 30096 32275 0 0 0 0 617181 4486 1036 0 264 0 0 0 0 0 0 0 0 0 0 0 0 0 0 0 0 0 0 0 0 0 0 0 0 0 0 0 0 0 0 0 0 0 0 0 0 0 0 0 0 0 0 0 0 0 0 0 0 0 0 0 0 0 0 0 0 0 0 0 0 0 0 0 0 0 0 0 0 0 0 0 0 0 0 0 0 0 0 0 0 0 0 0 0 0 0 0 0 0 0 0 0 0 0 0 0 0 0 0 0 0 0 0 0 0 0 0 0 0 0 0 0 0 0 0 0 0 0 0 0 0 0 0 0 0 0 0 0 0 0 0 0 0 0 0 0 0 0 0 0 0 0 0 0 0 0 0 0 0 0 0 0 0 0 0 0 0 0 0 0 0 0 0 0 0 0 0 0 0 0 0 0 0 0 0 0 0 0 0 0 0 0 0 0 0 0 0 0 0 0 0 0 0 0 0 0 0 0 0 0 0 0 0 0 0 0 0 0 0 0 0 0 0 0 0 0 0 0 0 0 0 0 0 0 0 0 0 0 0 0 0 0 0 0 0 0 0 0 0 0 0 0 0 0 0 0 0 0 0 0 0 0 0 0 0 0 0 0 0 0 0 0 0 0 0 0 0 0 0 0 0 0 0 0 0 0 0 0 0 0 0 0 0 0 0 0 0 0 0 0 0 0 0 0 0 0 0 0 0 0 0 0 0 0 0 0 0 0 0 0 0 0 0 0 0 0 0 0 0 0 0 0 0 0 0 0 0 0 0 0 0 0 0 0 0 0 0 0 0 0 0 0 0 0 0 0 0 0 0 0 0 0 0 0 0 0 0 0 0 0 0 0 0 0 0 0 0 0 0 0 0 0 0 0 0 0 0 0 0 0 0 0 0 0 0 0 0 0 0 0 0 0 0 0 0 0 0 0 0 0 0 0 0 0 0 0 0 0 0 0 0 0 0 0 0 0 0 0 0 0 0 0 0 0 0 0 0 0 0 0 0 0 0 0 0 0 0 0 0 0 0 0 0 0 0 0 0 0 0 0 0 0 0 0 0 0 0 0 0 0 0 0 0 0 0 0 0 0 0 0 0 0 0 0 0 0 0 0 0 0 0 0 0 0 0 0 0 0 0 0 0 0 0 0 0 0 0 0 0 0 0 0 0 0 0 0 0 0 0 0 0 0 0 0 0 0 0 0 0 0 0 0 0 0 0 0 0 0 0 0 0 0 0 0 0 0 0 0 0 0 0 0 0 0 0 0 0 0 0 0 0 0 0 0 0 0 0 0 0 0 0 0 0 0 0 0 0 0 0 0 0 0 0 0 0 0 0 0 0 0 0 0 0 0 0 0 0 0 0 0 0 0 0 0 0 0 0 0 0 0 0 0 0 0 0 0 0 0 0 0 0 0 0 0 0 0 0 0 0 0 0 0 0 0 0 0 0 0 0 0 0 0 0 0 0 0 0 0 0 0 0 0 0 0 0 0 0 0 0 0 0 0 0 0 0 0 0 0 0 0 0 0 0 0 0 0 0 0 0 0 0 0 0 0 0 0 0 0 0 0 0 0 0 0 0 0 0 0 0 0 0 0 0 0 0 0 0 0 0 0 0 0 0 0 0 0 0 0 0 0 0 0 0 0 0 0 0 0 0 0 0 0 0 0 0 0 0 0 0 0 0 0 0 0 0 0 0 0 0 0 0 0 0 0 0 0 0 0 0 0 0 0 0 0 0 0 0 0 0 0 0 0 0 0 0 0 0 0 0 0 0 0 0 0 0 0 0 0 0 0 0 0 0 0 0 0 0 0 0 0 0 0 0 0 0 0 0 0 0 0 0 0 0 0 0 0 0 0 0 0 0 0 0 0 0 0 0 0 0 0 0 0 0 0 0 0 0 0 0 0 0 0 0 0 0 0 0 0 0 0 0 0 0 0 0 0 0 0 0 0 0 0 0 0 0 0 0 0 0 0 0 0 0 0 0 0 0 0 0 0 0 0 0 0 0 0 0 0 0 0 0 0 0 0 0 0 0 0 0 0 0 0 0 0 0 0 0 0 0 0 0 0 0 0 0 0 0 0 0 0 0 0 0 0 0 0 0 0 0 0 0 0 0 0 0 0 0 0 0 0 0 0 0 0 0 0 0 0 0 0 0 0 0 0 0 0 0 0 0 0 0 0 0 0 0 0 0 0 0 0 0 0 0 0 0 0 0 0 0 0 0 0 0 0 0 0 0 0 0 0 0 0 0 0 0 0 0 0 0 0 0 0 0 0 0 0 0 0 0 0 0 0 0 0 0 0 0 0 0 0 0 0 0 0 0 0 0 0 0 0 0 0 0 0 0 0 0 0 0 0 0 0 0 0 0 0 0 0 0 0 0 0 0 0 0 0 0 0 0 0 0 0 0 0 0 0 0 0 0 0 0 0 0 0 0 0 0 0 0 0 0 0 0 0 0 0 0 0 0 0 0 0 0 0 0 0 0 0 0 0 0 0 0 0 0 0 0 0 0 0 0 0
ctxt 5270927893
btime 1790630938
processes 848656
procs_running 11
procs_blocked 0
softirq 4762099388 73526 12826303 2753163 336087249 513946 0 13560162 53179648 421 48137674
