Running 10s test @ http://127.0.0.1:18500/json
  16 threads and 32 connections
  Thread Stats   Avg      Stdev     Max   +/- Stdev
    Latency   490.31us   92.12us   2.44ms   96.00%
    Req/Sec     4.11k    52.06     4.20k    92.26%
  Latency Distribution
     50%  473.00us
     75%  477.00us
     90%  484.00us
     99%    1.08ms
  661483 requests in 10.10s, 148.88MB read
Requests/sec:  65495.77
Transfer/sec:     14.74MB
## server-stat
cpu  4251542 1870 1797235 57171930 649884 0 846311 0 0 0
cpu0 163381 33 52759 1785670 7704 0 28355 0 0 0
cpu1 164675 37 53724 1789454 9531 0 27529 0 0 0
cpu2 172014 38 54106 1782300 10045 0 27750 0 0 0
cpu3 267613 39 78118 1647351 6588 0 44938 0 0 0
cpu4 263469 44 75728 1654869 8096 0 44785 0 0 0
cpu5 174401 44 55657 1777160 11348 0 28546 0 0 0
cpu6 176454 39 55729 1774321 12044 0 29463 0 0 0
cpu7 182114 37 59264 1762539 11841 0 32572 0 0 0
cpu8 42287 70 45851 1875440 25213 0 13961 0 0 0
cpu9 48835 79 49229 1848037 29587 0 15246 0 0 0
cpu10 46099 77 47499 1857396 27396 0 15006 0 0 0
cpu11 41945 73 43162 1879897 25566 0 13316 0 0 0
cpu12 89504 153 53854 1797712 31890 0 16620 0 0 0
cpu13 85684 84 54936 1795894 33669 0 17002 0 0 0
cpu14 41915 70 42737 1883438 23973 0 13086 0 0 0
cpu15 38733 75 39183 1898092 24475 0 11864 0 0 0
cpu16 223261 32 65606 1712307 10690 0 36386 0 0 0
cpu17 210018 32 63435 1725815 13790 0 34730 0 0 0
cpu18 193291 31 61334 1745641 14281 0 33603 0 0 0
cpu19 355011 28 94695 1535830 6225 0 55250 0 0 0
cpu20 318614 28 88355 1578822 9567 0 52543 0 0 0
cpu21 191750 34 60715 1746000 16376 0 32891 0 0 0
cpu22 174655 38 57988 1766932 16570 0 30864 0 0 0
cpu23 150936 37 51746 1803683 16149 0 25798 0 0 0
cpu24 45397 76 44256 1875748 29278 0 14038 0 0 0
cpu25 50893 71 49369 1849091 32251 0 16633 0 0 0
cpu26 48551 68 48145 1856303 31303 0 16149 0 0 0
cpu27 41014 59 42963 1868454 29509 0 21899 0 0 0
cpu28 80598 93 57720 1784496 35237 0 29430 0 0 0
cpu29 84525 129 59877 1772103 36245 0 30018 0 0 0
cpu30 40359 52 44674 1862648 26540 0 21954 0 0 0
cpu31 43529 56 44806 1878472 26891 0 14070 0 0 0
intr 3526662305 126 0 0 0 0 0 0 0 0 1 0 0 0 0 0 0 0 0 0 0 0 0 0 0 0 0 0 1 1 1 0 0 0 0 1 0 1 0 0 75045 0 0 0 0 0 0 0 0 411 0 0 0 0 0 0 0 0 87 0 0 0 0 0 0 0 0 0 0 0 0 0 0 0 605394 2 35071254 35005487 34921886 35068984 0 16866 15894 19700 19883 12162 15488 20440 21258 17865 56314 76886 62673 52884 84748 80280 46227 43244 20298 23641 27988 11449 17932 26479 26797 22907 58770 72613 65777 53159 84292 91445 48078 48951 0 0 0 0 617389 4758 1036 0 264 0 0 0 0 0 0 0 0 0 0 0 0 0 0 0 0 0 0 0 0 0 0 0 0 0 0 0 0 0 0 0 0 0 0 0 0 0 0 0 0 0 0 0 0 0 0 0 0 0 0 0 0 0 0 0 0 0 0 0 0 0 0 0 0 0 0 0 0 0 0 0 0 0 0 0 0 0 0 0 0 0 0 0 0 0 0 0 0 0 0 0 0 0 0 0 0 0 0 0 0 0 0 0 0 0 0 0 0 0 0 0 0 0 0 0 0 0 0 0 0 0 0 0 0 0 0 0 0 0 0 0 0 0 0 0 0 0 0 0 0 0 0 0 0 0 0 0 0 0 0 0 0 0 0 0 0 0 0 0 0 0 0 0 0 0 0 0 0 0 0 0 0 0 0 0 0 0 0 0 0 0 0 0 0 0 0 0 0 0 0 0 0 0 0 0 0 0 0 0 0 0 0 0 0 0 0 0 0 0 0 0 0 0 0 0 0 0 0 0 0 0 0 0 0 0 0 0 0 0 0 0 0 0 0 0 0 0 0 0 0 0 0 0 0 0 0 0 0 0 0 0 0 0 0 0 0 0 0 0 0 0 0 0 0 0 0 0 0 0 0 0 0 0 0 0 0 0 0 0 0 0 0 0 0 0 0 0 0 0 0 0 0 0 0 0 0 0 0 0 0 0 0 0 0 0 0 0 0 0 0 0 0 0 0 0 0 0 0 0 0 0 0 0 0 0 0 0 0 0 0 0 0 0 0 0 0 0 0 0 0 0 0 0 0 0 0 0 0 0 0 0 0 0 0 0 0 0 0 0 0 0 0 0 0 0 0 0 0 0 0 0 0 0 0 0 0 0 0 0 0 0 0 0 0 0 0 0 0 0 0 0 0 0 0 0 0 0 0 0 0 0 0 0 0 0 0 0 0 0 0 0 0 0 0 0 0 0 0 0 0 0 0 0 0 0 0 0 0 0 0 0 0 0 0 0 0 0 0 0 0 0 0 0 0 0 0 0 0 0 0 0 0 0 0 0 0 0 0 0 0 0 0 0 0 0 0 0 0 0 0 0 0 0 0 0 0 0 0 0 0 0 0 0 0 0 0 0 0 0 0 0 0 0 0 0 0 0 0 0 0 0 0 0 0 0 0 0 0 0 0 0 0 0 0 0 0 0 0 0 0 0 0 0 0 0 0 0 0 0 0 0 0 0 0 0 0 0 0 0 0 0 0 0 0 0 0 0 0 0 0 0 0 0 0 0 0 0 0 0 0 0 0 0 0 0 0 0 0 0 0 0 0 0 0 0 0 0 0 0 0 0 0 0 0 0 0 0 0 0 0 0 0 0 0 0 0 0 0 0 0 0 0 0 0 0 0 0 0 0 0 0 0 0 0 0 0 0 0 0 0 0 0 0 0 0 0 0 0 0 0 0 0 0 0 0 0 0 0 0 0 0 0 0 0 0 0 0 0 0 0 0 0 0 0 0 0 0 0 0 0 0 0 0 0 0 0 0 0 0 0 0 0 0 0 0 0 0 0 0 0 0 0 0 0 0 0 0 0 0 0 0 0 0 0 0 0 0 0 0 0 0 0 0 0 0 0 0 0 0 0 0 0 0 0 0 0 0 0 0 0 0 0 0 0 0 0 0 0 0 0 0 0 0 0 0 0 0 0 0 0 0 0 0 0 0 0 0 0 0 0 0 0 0 0 0 0 0 0 0 0 0 0 0 0 0 0 0 0 0 0 0 0 0 0 0 0 0 0 0 0 0 0 0 0 0 0 0 0 0 0 0 0 0 0 0 0 0 0 0 0 0 0 0 0 0 0 0 0 0 0 0 0 0 0 0 0 0 0 0 0 0 0 0 0 0 0 0 0 0 0 0 0 0 0 0 0 0 0 0 0 0 0 0 0 0 0 0 0 0 0 0 0 0 0 0 0 0 0 0 0 0 0 0 0 0 0 0 0 0 0 0 0 0 0 0 0 0 0 0 0 0 0 0 0 0 0 0 0 0 0 0 0 0 0 0 0 0 0 0 0 0 0 0 0 0 0 0 0 0 0 0 0 0 0 0 0 0 0 0 0 0 0 0 0 0 0 0 0 0 0 0 0 0 0 0 0 0 0 0 0 0 0 0 0 0 0 0 0 0 0 0 0 0 0 0 0 0 0 0 0 0 0 0 0 0 0 0 0 0 0 0 0 0 0 0 0 0 0 0 0 0 0 0 0 0 0 0 0 0 0 0 0 0 0 0 0 0 0 0 0 0 0 0 0 0 0 0 0 0 0 0 0 0 0 0 0 0 0 0 0 0 0 0 0 0 0 0 0 0 0 0 0 0 0 0 0 0 0 0 0 0 0 0 0 0 0 0 0 0 0 0 0 0 0 0 0 0 0 0 0 0 0 0 0 0 0 0 0 0 0 0 0 0 0 0 0 0 0 0 0 0 0 0 0 0 0 0 0 0 0 0 0 0 0 0 0 0 0 0 0 0 0
ctxt 5622553601
btime 1790630938
processes 1337562
procs_running 3
procs_blocked 0
softirq 5001877844 73526 15119802 2753290 553845208 631046 0 13560878 59171060 421 61755317
--
cpu  4253107 1870 1797367 57194862 649899 0 846324 0 0 0
cpu0 163384 33 52759 1786324 7704 0 28356 0 0 0
cpu1 164675 37 53724 1790146 9531 0 27529 0 0 0
cpu2 172015 38 54106 1783028 10045 0 27750 0 0 0
cpu3 267857 39 78137 1647886 6588 0 44938 0 0 0
cpu4 263878 44 75761 1655227 8096 0 44785 0 0 0
cpu5 174401 44 55657 1777917 11348 0 28546 0 0 0
cpu6 176455 39 55730 1775094 12044 0 29463 0 0 0
cpu7 182115 37 59264 1763330 11841 0 32572 0 0 0
cpu8 42288 70 45852 1876220 25213 0 13961 0 0 0
cpu9 48835 79 49230 1848781 29587 0 15247 0 0 0
cpu10 46101 77 47500 1858147 27396 0 15007 0 0 0
cpu11 41949 73 43163 1880669 25566 0 13316 0 0 0
cpu12 89509 153 53858 1798431 31890 0 16623 0 0 0
cpu13 85690 84 54941 1796604 33669 0 17004 0 0 0
cpu14 41917 70 42738 1884198 23973 0 13087 0 0 0
cpu15 38734 75 39184 1898870 24475 0 11864 0 0 0
cpu16 223271 32 65607 1713054 10690 0 36386 0 0 0
cpu17 210019 32 63435 1726585 13790 0 34730 0 0 0
cpu18 193291 31 61334 1746410 14281 0 33603 0 0 0
cpu19 355515 28 94729 1536092 6225 0 55250 0 0 0
cpu20 318937 28 88379 1579271 9567 0 52543 0 0 0
cpu21 191751 34 60715 1746789 16376 0 32891 0 0 0
cpu22 174655 38 57988 1767719 16570 0 30864 0 0 0
cpu23 150936 37 51746 1804478 16149 0 25798 0 0 0
cpu24 45398 76 44257 1876538 29278 0 14038 0 0 0
cpu25 50895 71 49370 1849881 32251 0 16633 0 0 0
cpu26 48553 68 48145 1857092 31303 0 16150 0 0 0
cpu27 41014 59 42963 1869250 29509 0 21899 0 0 0
cpu28 80615 93 57722 1785266 35237 0 29431 0 0 0
cpu29 84548 129 59879 1772862 36245 0 30019 0 0 0
cpu30 40361 52 44675 1863436 26540 0 21954 0 0 0
cpu31 43531 56 44806 1879251 26905 0 14070 0 0 0
intr 3528344114 126 0 0 0 0 0 0 0 0 1 0 0 0 0 0 0 0 0 0 0 0 0 0 0 0 0 0 1 1 1 0 0 0 0 1 0 1 0 0 75045 0 0 0 0 0 0 0 0 411 0 0 0 0 0 0 0 0 87 0 0 0 0 0 0 0 0 0 0 0 0 0 0 0 605535 2 35071303 35005533 34921919 35068998 0 16870 15894 19700 19883 12162 15488 20440 21258 17865 56314 76886 62674 52884 84753 80280 46227 43244 20298 23641 27988 11449 17932 26479 26797 22907 58770 72613 65777 53159 84292 91445 48078 48951 0 0 0 0 617389 4758 1036 0 264 0 0 0 0 0 0 0 0 0 0 0 0 0 0 0 0 0 0 0 0 0 0 0 0 0 0 0 0 0 0 0 0 0 0 0 0 0 0 0 0 0 0 0 0 0 0 0 0 0 0 0 0 0 0 0 0 0 0 0 0 0 0 0 0 0 0 0 0 0 0 0 0 0 0 0 0 0 0 0 0 0 0 0 0 0 0 0 0 0 0 0 0 0 0 0 0 0 0 0 0 0 0 0 0 0 0 0 0 0 0 0 0 0 0 0 0 0 0 0 0 0 0 0 0 0 0 0 0 0 0 0 0 0 0 0 0 0 0 0 0 0 0 0 0 0 0 0 0 0 0 0 0 0 0 0 0 0 0 0 0 0 0 0 0 0 0 0 0 0 0 0 0 0 0 0 0 0 0 0 0 0 0 0 0 0 0 0 0 0 0 0 0 0 0 0 0 0 0 0 0 0 0 0 0 0 0 0 0 0 0 0 0 0 0 0 0 0 0 0 0 0 0 0 0 0 0 0 0 0 0 0 0 0 0 0 0 0 0 0 0 0 0 0 0 0 0 0 0 0 0 0 0 0 0 0 0 0 0 0 0 0 0 0 0 0 0 0 0 0 0 0 0 0 0 0 0 0 0 0 0 0 0 0 0 0 0 0 0 0 0 0 0 0 0 0 0 0 0 0 0 0 0 0 0 0 0 0 0 0 0 0 0 0 0 0 0 0 0 0 0 0 0 0 0 0 0 0 0 0 0 0 0 0 0 0 0 0 0 0 0 0 0 0 0 0 0 0 0 0 0 0 0 0 0 0 0 0 0 0 0 0 0 0 0 0 0 0 0 0 0 0 0 0 0 0 0 0 0 0 0 0 0 0 0 0 0 0 0 0 0 0 0 0 0 0 0 0 0 0 0 0 0 0 0 0 0 0 0 0 0 0 0 0 0 0 0 0 0 0 0 0 0 0 0 0 0 0 0 0 0 0 0 0 0 0 0 0 0 0 0 0 0 0 0 0 0 0 0 0 0 0 0 0 0 0 0 0 0 0 0 0 0 0 0 0 0 0 0 0 0 0 0 0 0 0 0 0 0 0 0 0 0 0 0 0 0 0 0 0 0 0 0 0 0 0 0 0 0 0 0 0 0 0 0 0 0 0 0 0 0 0 0 0 0 0 0 0 0 0 0 0 0 0 0 0 0 0 0 0 0 0 0 0 0 0 0 0 0 0 0 0 0 0 0 0 0 0 0 0 0 0 0 0 0 0 0 0 0 0 0 0 0 0 0 0 0 0 0 0 0 0 0 0 0 0 0 0 0 0 0 0 0 0 0 0 0 0 0 0 0 0 0 0 0 0 0 0 0 0 0 0 0 0 0 0 0 0 0 0 0 0 0 0 0 0 0 0 0 0 0 0 0 0 0 0 0 0 0 0 0 0 0 0 0 0 0 0 0 0 0 0 0 0 0 0 0 0 0 0 0 0 0 0 0 0 0 0 0 0 0 0 0 0 0 0 0 0 0 0 0 0 0 0 0 0 0 0 0 0 0 0 0 0 0 0 0 0 0 0 0 0 0 0 0 0 0 0 0 0 0 0 0 0 0 0 0 0 0 0 0 0 0 0 0 0 0 0 0 0 0 0 0 0 0 0 0 0 0 0 0 0 0 0 0 0 0 0 0 0 0 0 0 0 0 0 0 0 0 0 0 0 0 0 0 0 0 0 0 0 0 0 0 0 0 0 0 0 0 0 0 0 0 0 0 0 0 0 0 0 0 0 0 0 0 0 0 0 0 0 0 0 0 0 0 0 0 0 0 0 0 0 0 0 0 0 0 0 0 0 0 0 0 0 0 0 0 0 0 0 0 0 0 0 0 0 0 0 0 0 0 0 0 0 0 0 0 0 0 0 0 0 0 0 0 0 0 0 0 0 0 0 0 0 0 0 0 0 0 0 0 0 0 0 0 0 0 0 0 0 0 0 0 0 0 0 0 0 0 0 0 0 0 0 0 0 0 0 0 0 0 0 0 0 0 0 0 0 0 0 0 0 0 0 0 0 0 0 0 0 0 0 0 0 0 0 0 0 0 0 0 0 0 0 0 0 0 0 0 0 0 0 0 0 0 0 0 0 0 0 0 0 0 0 0 0 0 0 0 0 0 0 0 0 0 0 0 0 0 0 0 0 0 0 0 0 0 0 0 0 0 0 0 0 0 0 0 0 0 0 0 0 0 0 0 0 0 0 0 0 0 0 0 0 0 0 0 0 0 0 0 0 0 0 0 0 0 0 0 0 0 0 0 0 0 0 0 0 0 0 0 0 0 0 0 0 0 0 0 0 0 0 0 0 0 0 0 0 0 0 0 0 0 0 0 0 0 0 0 0 0 0 0 0 0 0 0 0 0 0 0 0 0 0 0 0 0 0 0 0 0 0 0 0 0 0 0 0 0 0 0 0 0 0 0 0 0 0 0 0 0 0 0 0 0 0 0 0 0 0 0 0 0
ctxt 5625804479
btime 1790630938
processes 1337603
procs_running 4
procs_blocked 0
softirq 5002947505 73526 15122572 2753290 554892916 631193 0 13560878 59182141 421 61763272
