Running 10s test @ http://127.0.0.1:18500/counter
  16 threads and 32 connections
  Thread Stats   Avg      Stdev     Max   +/- Stdev
    Latency     7.79ms    1.28ms  21.80ms   91.30%
    Req/Sec   257.83     33.06   700.00     74.47%
  Latency Distribution
     50%    8.19ms
     75%    8.81ms
     90%    8.84ms
     99%    9.27ms
  41241 requests in 10.10s, 5.82MB read
Requests/sec:   4083.17
Transfer/sec:    589.80KB
## server-stat
cpu  3321502 1508 1601013 45013371 217667 0 781443 0 0 0
cpu0 120658 28 44658 1413512 3400 0 24750 0 0 0
cpu1 124085 32 46019 1413933 3920 0 24567 0 0 0
cpu2 125053 32 46145 1413828 3662 0 24678 0 0 0
cpu3 196506 31 66276 1306600 2640 0 40494 0 0 0
cpu4 198622 35 65314 1306309 3201 0 40698 0 0 0
cpu5 131874 34 48053 1404301 3859 0 25699 0 0 0
cpu6 132376 31 48330 1403882 3621 0 26458 0 0 0
cpu7 140175 28 51849 1390533 3214 0 29292 0 0 0
cpu8 40983 54 43241 1468433 7698 0 13336 0 0 0
cpu9 46946 59 46360 1445340 10306 0 14519 0 0 0
cpu10 44610 60 44774 1453377 8370 0 14341 0 0 0
cpu11 40807 55 40732 1473026 7296 0 12764 0 0 0
cpu12 80821 134 50120 1404049 12419 0 15688 0 0 0
cpu13 77433 67 51069 1403605 13108 0 16030 0 0 0
cpu14 40621 54 40141 1476222 6976 0 12494 0 0 0
cpu15 37767 57 36850 1489701 6921 0 11346 0 0 0
cpu16 161296 26 56208 1359533 4602 0 33178 0 0 0
cpu17 150734 26 54370 1371682 6068 0 31627 0 0 0
cpu18 144788 25 53267 1380910 4995 0 30889 0 0 0
cpu19 257755 25 79223 1223568 2774 0 50480 0 0 0
cpu20 228847 24 74101 1258995 4548 0 47938 0 0 0
cpu21 139618 29 52135 1386590 5923 0 30067 0 0 0
cpu22 131958 32 50273 1398107 5083 0 28298 0 0 0
cpu23 114946 31 44649 1427235 4637 0 23602 0 0 0
cpu24 43831 57 41547 1471526 8610 0 13451 0 0 0
cpu25 48980 59 46366 1447723 10568 0 15882 0 0 0
cpu26 46892 54 45260 1453921 9824 0 15444 0 0 0
cpu27 39625 43 40305 1463951 8565 0 21326 0 0 0
cpu28 73867 78 53753 1391649 12633 0 28408 0 0 0
cpu29 77753 115 55707 1380829 12970 0 28930 0 0 0
cpu30 39030 39 41812 1457558 7839 0 21299 0 0 0
cpu31 42230 41 42091 1472926 7400 0 13455 0 0 0
intr 3206637563 126 0 0 0 0 0 0 0 0 1 0 0 0 0 0 0 0 0 0 0 0 0 0 0 0 0 0 1 1 1 0 0 0 0 1 0 1 0 0 75045 0 0 0 0 0 0 0 0 411 0 0 0 0 0 0 0 0 87 0 0 0 0 0 0 0 0 0 0 0 0 0 0 0 437353 2 35052894 34991764 34909059 35049349 0 13375 7839 8601 7689 5962 7064 8203 8549 6499 27837 39039 29555 23535 35916 35666 23584 19840 10003 10403 9896 5365 8845 10895 10151 8751 25453 30320 27812 22970 31192 32773 20306 22086 0 0 0 0 617097 4395 1036 0 264 0 0 0 0 0 0 0 0 0 0 0 0 0 0 0 0 0 0 0 0 0 0 0 0 0 0 0 0 0 0 0 0 0 0 0 0 0 0 0 0 0 0 0 0 0 0 0 0 0 0 0 0 0 0 0 0 0 0 0 0 0 0 0 0 0 0 0 0 0 0 0 0 0 0 0 0 0 0 0 0 0 0 0 0 0 0 0 0 0 0 0 0 0 0 0 0 0 0 0 0 0 0 0 0 0 0 0 0 0 0 0 0 0 0 0 0 0 0 0 0 0 0 0 0 0 0 0 0 0 0 0 0 0 0 0 0 0 0 0 0 0 0 0 0 0 0 0 0 0 0 0 0 0 0 0 0 0 0 0 0 0 0 0 0 0 0 0 0 0 0 0 0 0 0 0 0 0 0 0 0 0 0 0 0 0 0 0 0 0 0 0 0 0 0 0 0 0 0 0 0 0 0 0 0 0 0 0 0 0 0 0 0 0 0 0 0 0 0 0 0 0 0 0 0 0 0 0 0 0 0 0 0 0 0 0 0 0 0 0 0 0 0 0 0 0 0 0 0 0 0 0 0 0 0 0 0 0 0 0 0 0 0 0 0 0 0 0 0 0 0 0 0 0 0 0 0 0 0 0 0 0 0 0 0 0 0 0 0 0 0 0 0 0 0 0 0 0 0 0 0 0 0 0 0 0 0 0 0 0 0 0 0 0 0 0 0 0 0 0 0 0 0 0 0 0 0 0 0 0 0 0 0 0 0 0 0 0 0 0 0 0 0 0 0 0 0 0 0 0 0 0 0 0 0 0 0 0 0 0 0 0 0 0 0 0 0 0 0 0 0 0 0 0 0 0 0 0 0 0 0 0 0 0 0 0 0 0 0 0 0 0 0 0 0 0 0 0 0 0 0 0 0 0 0 0 0 0 0 0 0 0 0 0 0 0 0 0 0 0 0 0 0 0 0 0 0 0 0 0 0 0 0 0 0 0 0 0 0 0 0 0 0 0 0 0 0 0 0 0 0 0 0 0 0 0 0 0 0 0 0 0 0 0 0 0 0 0 0 0 0 0 0 0 0 0 0 0 0 0 0 0 0 0 0 0 0 0 0 0 0 0 0 0 0 0 0 0 0 0 0 0 0 0 0 0 0 0 0 0 0 0 0 0 0 0 0 0 0 0 0 0 0 0 0 0 0 0 0 0 0 0 0 0 0 0 0 0 0 0 0 0 0 0 0 0 0 0 0 0 0 0 0 0 0 0 0 0 0 0 0 0 0 0 0 0 0 0 0 0 0 0 0 0 0 0 0 0 0 0 0 0 0 0 0 0 0 0 0 0 0 0 0 0 0 0 0 0 0 0 0 0 0 0 0 0 0 0 0 0 0 0 0 0 0 0 0 0 0 0 0 0 0 0 0 0 0 0 0 0 0 0 0 0 0 0 0 0 0 0 0 0 0 0 0 0 0 0 0 0 0 0 0 0 0 0 0 0 0 0 0 0 0 0 0 0 0 0 0 0 0 0 0 0 0 0 0 0 0 0 0 0 0 0 0 0 0 0 0 0 0 0 0 0 0 0 0 0 0 0 0 0 0 0 0 0 0 0 0 0 0 0 0 0 0 0 0 0 0 0 0 0 0 0 0 0 0 0 0 0 0 0 0 0 0 0 0 0 0 0 0 0 0 0 0 0 0 0 0 0 0 0 0 0 0 0 0 0 0 0 0 0 0 0 0 0 0 0 0 0 0 0 0 0 0 0 0 0 0 0 0 0 0 0 0 0 0 0 0 0 0 0 0 0 0 0 0 0 0 0 0 0 0 0 0 0 0 0 0 0 0 0 0 0 0 0 0 0 0 0 0 0 0 0 0 0 0 0 0 0 0 0 0 0 0 0 0 0 0 0 0 0 0 0 0 0 0 0 0 0 0 0 0 0 0 0 0 0 0 0 0 0 0 0 0 0 0 0 0 0 0 0 0 0 0 0 0 0 0 0 0 0 0 0 0 0 0 0 0 0 0 0 0 0 0 0 0 0 0 0 0 0 0 0 0 0 0 0 0 0 0 0 0 0 0 0 0 0 0 0 0 0 0 0 0 0 0 0 0 0 0 0 0 0 0 0 0 0 0 0 0 0 0 0 0 0 0 0 0 0 0 0 0 0 0 0 0 0 0 0 0 0 0 0 0 0 0 0 0 0 0 0 0 0 0 0 0 0 0 0 0 0 0 0 0 0 0 0 0 0 0 0 0 0 0 0 0 0 0 0 0 0 0 0 0 0 0 0 0 0 0 0 0 0 0 0 0 0 0 0 0 0 0 0 0 0 0 0 0 0 0 0 0 0 0 0 0 0 0 0 0 0 0 0 0 0 0 0 0 0 0 0 0 0 0 0 0 0 0 0 0 0 0 0 0 0 0 0 0 0 0 0 0 0 0 0 0 0 0 0 0 0 0 0 0 0 0 0 0 0 0 0 0 0 0 0 0 0 0 0 0 0 0
ctxt 5069298707
btime 1790630938
processes 665375
procs_running 3
procs_blocked 0
softirq 4600735452 73526 11626761 2753148 186751171 457457 0 13559908 50120432 421 40425332
--
cpu  3322982 1509 1601208 45037171 217699 0 781467 0 0 0
cpu0 120664 28 44658 1414298 3401 0 24752 0 0 0
cpu1 124087 32 46020 1414729 3920 0 24567 0 0 0
cpu2 125053 32 46145 1414626 3662 0 24678 0 0 0
cpu3 196842 31 66320 1307013 2640 0 40500 0 0 0
cpu4 198676 35 65320 1307048 3201 0 40698 0 0 0
cpu5 131874 34 48053 1405099 3859 0 25699 0 0 0
cpu6 132376 31 48330 1404680 3621 0 26458 0 0 0
cpu7 140175 28 51849 1391331 3214 0 29292 0 0 0
cpu8 40985 54 43242 1469227 7699 0 13336 0 0 0
cpu9 46949 59 46361 1446129 10308 0 14520 0 0 0
cpu10 44610 60 44775 1454142 8400 0 14341 0 0 0
cpu11 40810 55 40734 1473818 7296 0 12765 0 0 0
cpu12 80838 134 50122 1404826 12419 0 15688 0 0 0
cpu13 77460 67 51072 1404372 13108 0 16030 0 0 0
cpu14 40622 55 40142 1477014 6976 0 12495 0 0 0
cpu15 37767 57 36851 1490498 6921 0 11346 0 0 0
cpu16 161300 26 56209 1360328 4602 0 33178 0 0 0
cpu17 150736 26 54370 1372478 6068 0 31627 0 0 0
cpu18 144789 25 53267 1381708 4995 0 30889 0 0 0
cpu19 258114 25 79264 1223962 2774 0 50485 0 0 0
cpu20 229493 24 74186 1259056 4548 0 47946 0 0 0
cpu21 139618 29 52135 1387388 5923 0 30067 0 0 0
cpu22 131958 32 50273 1398905 5083 0 28298 0 0 0
cpu23 114946 31 44650 1428034 4637 0 23602 0 0 0
cpu24 43834 57 41548 1472322 8611 0 13451 0 0 0
cpu25 48983 59 46366 1448519 10568 0 15882 0 0 0
cpu26 46894 54 45260 1454717 9824 0 15444 0 0 0
cpu27 39625 43 40305 1464749 8565 0 21326 0 0 0
cpu28 73869 78 53754 1392446 12633 0 28408 0 0 0
cpu29 77760 115 55709 1381618 12970 0 28931 0 0 0
cpu30 39031 39 41812 1458355 7839 0 21299 0 0 0
cpu31 42230 41 42092 1473721 7400 0 13455 0 0 0
intr 3206791100 126 0 0 0 0 0 0 0 0 1 0 0 0 0 0 0 0 0 0 0 0 0 0 0 0 0 0 1 1 1 0 0 0 0 1 0 1 0 0 75045 0 0 0 0 0 0 0 0 411 0 0 0 0 0 0 0 0 87 0 0 0 0 0 0 0 0 0 0 0 0 0 0 0 437677 2 35052941 34991825 34909060 35049366 0 13383 7839 8601 7689 5962 7064 8203 8549 6499 27841 39042 29555 23535 35916 35667 23584 19841 10003 10405 9896 5365 8845 10895 10151 8751 25453 30320 27812 22970 31192 32773 20306 22086 0 0 0 0 617097 4395 1036 0 264 0 0 0 0 0 0 0 0 0 0 0 0 0 0 0 0 0 0 0 0 0 0 0 0 0 0 0 0 0 0 0 0 0 0 0 0 0 0 0 0 0 0 0 0 0 0 0 0 0 0 0 0 0 0 0 0 0 0 0 0 0 0 0 0 0 0 0 0 0 0 0 0 0 0 0 0 0 0 0 0 0 0 0 0 0 0 0 0 0 0 0 0 0 0 0 0 0 0 0 0 0 0 0 0 0 0 0 0 0 0 0 0 0 0 0 0 0 0 0 0 0 0 0 0 0 0 0 0 0 0 0 0 0 0 0 0 0 0 0 0 0 0 0 0 0 0 0 0 0 0 0 0 0 0 0 0 0 0 0 0 0 0 0 0 0 0 0 0 0 0 0 0 0 0 0 0 0 0 0 0 0 0 0 0 0 0 0 0 0 0 0 0 0 0 0 0 0 0 0 0 0 0 0 0 0 0 0 0 0 0 0 0 0 0 0 0 0 0 0 0 0 0 0 0 0 0 0 0 0 0 0 0 0 0 0 0 0 0 0 0 0 0 0 0 0 0 0 0 0 0 0 0 0 0 0 0 0 0 0 0 0 0 0 0 0 0 0 0 0 0 0 0 0 0 0 0 0 0 0 0 0 0 0 0 0 0 0 0 0 0 0 0 0 0 0 0 0 0 0 0 0 0 0 0 0 0 0 0 0 0 0 0 0 0 0 0 0 0 0 0 0 0 0 0 0 0 0 0 0 0 0 0 0 0 0 0 0 0 0 0 0 0 0 0 0 0 0 0 0 0 0 0 0 0 0 0 0 0 0 0 0 0 0 0 0 0 0 0 0 0 0 0 0 0 0 0 0 0 0 0 0 0 0 0 0 0 0 0 0 0 0 0 0 0 0 0 0 0 0 0 0 0 0 0 0 0 0 0 0 0 0 0 0 0 0 0 0 0 0 0 0 0 0 0 0 0 0 0 0 0 0 0 0 0 0 0 0 0 0 0 0 0 0 0 0 0 0 0 0 0 0 0 0 0 0 0 0 0 0 0 0 0 0 0 0 0 0 0 0 0 0 0 0 0 0 0 0 0 0 0 0 0 0 0 0 0 0 0 0 0 0 0 0 0 0 0 0 0 0 0 0 0 0 0 0 0 0 0 0 0 0 0 0 0 0 0 0 0 0 0 0 0 0 0 0 0 0 0 0 0 0 0 0 0 0 0 0 0 0 0 0 0 0 0 0 0 0 0 0 0 0 0 0 0 0 0 0 0 0 0 0 0 0 0 0 0 0 0 0 0 0 0 0 0 0 0 0 0 0 0 0 0 0 0 0 0 0 0 0 0 0 0 0 0 0 0 0 0 0 0 0 0 0 0 0 0 0 0 0 0 0 0 0 0 0 0 0 0 0 0 0 0 0 0 0 0 0 0 0 0 0 0 0 0 0 0 0 0 0 0 0 0 0 0 0 0 0 0 0 0 0 0 0 0 0 0 0 0 0 0 0 0 0 0 0 0 0 0 0 0 0 0 0 0 0 0 0 0 0 0 0 0 0 0 0 0 0 0 0 0 0 0 0 0 0 0 0 0 0 0 0 0 0 0 0 0 0 0 0 0 0 0 0 0 0 0 0 0 0 0 0 0 0 0 0 0 0 0 0 0 0 0 0 0 0 0 0 0 0 0 0 0 0 0 0 0 0 0 0 0 0 0 0 0 0 0 0 0 0 0 0 0 0 0 0 0 0 0 0 0 0 0 0 0 0 0 0 0 0 0 0 0 0 0 0 0 0 0 0 0 0 0 0 0 0 0 0 0 0 0 0 0 0 0 0 0 0 0 0 0 0 0 0 0 0 0 0 0 0 0 0 0 0 0 0 0 0 0 0 0 0 0 0 0 0 0 0 0 0 0 0 0 0 0 0 0 0 0 0 0 0 0 0 0 0 0 0 0 0 0 0 0 0 0 0 0 0 0 0 0 0 0 0 0 0 0 0 0 0 0 0 0 0 0 0 0 0 0 0 0 0 0 0 0 0 0 0 0 0 0 0 0 0 0 0 0 0 0 0 0 0 0 0 0 0 0 0 0 0 0 0 0 0 0 0 0 0 0 0 0 0 0 0 0 0 0 0 0 0 0 0 0 0 0 0 0 0 0 0 0 0 0 0 0 0 0 0 0 0 0 0 0 0 0 0 0 0 0 0 0 0 0 0 0 0 0 0 0 0 0 0 0 0 0 0 0 0 0 0 0 0 0 0 0 0 0 0 0 0 0 0 0 0 0 0 0 0 0 0 0 0 0 0 0 0 0 0 0 0 0 0 0 0 0 0 0 0 0 0 0 0 0 0 0 0 0 0 0 0 0 0 0 0 0 0 0 0 0 0 0 0 0 0 0 0 0 0 0 0 0 0 0 0 0 0 0 0 0 0 0 0 0 0 0 0 0 0 0 0 0 0 0 0 0 0 0 0 0 0 0 0 0 0 0 0 0 0 0 0 0 0 0
ctxt 5069503631
btime 1790630938
processes 665458
procs_running 3
procs_blocked 0
softirq 4600822942 73526 11629550 2753148 186816645 457798 0 13559908 50130992 421 40433658
