Running 10s test @ http://127.0.0.1:18500/api/json
  16 threads and 32 connections
  Thread Stats   Avg      Stdev     Max   +/- Stdev
    Latency     5.09ms  149.19us   6.04ms   83.97%
    Req/Sec   394.55      8.67   410.00     55.81%
  Latency Distribution
     50%    5.04ms
     75%    5.10ms
     90%    5.31ms
     99%    5.59ms
  62870 requests in 10.01s, 14.57MB read
Requests/sec:   6283.23
Transfer/sec:      1.46MB
## server-stat
cpu  3227189 1416 1574785 41670777 127731 0 773872 0 0 0
cpu0 118603 27 44064 1306793 2087 0 24381 0 0 0
cpu1 122807 30 45472 1306217 2152 0 24389 0 0 0
cpu2 124138 30 45636 1305603 1870 0 24547 0 0 0
cpu3 181521 29 63409 1214975 1931 0 39198 0 0 0
cpu4 183901 34 62738 1214860 1733 0 39247 0 0 0
cpu5 131006 31 47549 1296057 1986 0 25589 0 0 0
cpu6 131717 28 47855 1295249 1807 0 26362 0 0 0
cpu7 139621 26 51410 1281551 1527 0 29220 0 0 0
cpu8 40719 49 42866 1361093 4532 0 13302 0 0 0
cpu9 46475 55 45910 1339184 6964 0 14460 0 0 0
cpu10 44266 55 44346 1346966 5010 0 14296 0 0 0
cpu11 40559 50 40354 1366085 3888 0 12732 0 0 0
cpu12 78520 130 49460 1300547 8853 0 15596 0 0 0
cpu13 75210 61 50370 1300486 9234 0 15922 0 0 0
cpu14 40325 50 39704 1369414 3803 0 12448 0 0 0
cpu15 37560 51 36449 1382367 3796 0 11310 0 0 0
cpu16 159698 25 55638 1252554 2239 0 33069 0 0 0
cpu17 149668 24 53814 1264442 3428 0 31519 0 0 0
cpu18 143943 24 52726 1273499 2281 0 30784 0 0 0
cpu19 234162 24 75243 1142112 1678 0 49029 0 0 0
cpu20 210792 23 71273 1171390 2488 0 46858 0 0 0
cpu21 138824 27 51564 1279180 3159 0 29965 0 0 0
cpu22 131318 30 49737 1290209 2539 0 28213 0 0 0
cpu23 114389 29 44161 1318912 2329 0 23540 0 0 0
cpu24 43479 52 41101 1365027 4661 0 13421 0 0 0
cpu25 48584 56 45905 1341553 6509 0 15843 0 0 0
cpu26 46533 51 44808 1347572 5746 0 15404 0 0 0
cpu27 39322 39 39868 1356988 4754 0 21298 0 0 0
cpu28 72519 75 53181 1287395 7973 0 28344 0 0 0
cpu29 76253 113 55118 1276605 8505 0 28863 0 0 0
cpu30 38779 36 41386 1350301 4403 0 21273 0 0 0
cpu31 41964 37 41655 1365575 3849 0 13436 0 0 0
intr 3148702582 126 0 0 0 0 0 0 0 0 1 0 0 0 0 0 0 0 0 0 0 0 0 0 0 0 0 0 1 1 1 0 0 0 0 1 0 1 0 0 75045 0 0 0 0 0 0 0 0 411 0 0 0 0 0 0 0 0 87 0 0 0 0 0 0 0 0 0 0 0 0 0 0 0 400032 2 35047924 34989152 34907071 35046056 0 12476 5366 6089 5076 4638 5132 5379 6074 4404 22844 32930 23298 18415 27796 28815 18939 15315 6603 6815 6272 4155 6002 7490 6933 5427 19605 22532 20326 17356 21667 22789 14863 16960 0 0 0 0 617021 4302 1036 0 264 0 0 0 0 0 0 0 0 0 0 0 0 0 0 0 0 0 0 0 0 0 0 0 0 0 0 0 0 0 0 0 0 0 0 0 0 0 0 0 0 0 0 0 0 0 0 0 0 0 0 0 0 0 0 0 0 0 0 0 0 0 0 0 0 0 0 0 0 0 0 0 0 0 0 0 0 0 0 0 0 0 0 0 0 0 0 0 0 0 0 0 0 0 0 0 0 0 0 0 0 0 0 0 0 0 0 0 0 0 0 0 0 0 0 0 0 0 0 0 0 0 0 0 0 0 0 0 0 0 0 0 0 0 0 0 0 0 0 0 0 0 0 0 0 0 0 0 0 0 0 0 0 0 0 0 0 0 0 0 0 0 0 0 0 0 0 0 0 0 0 0 0 0 0 0 0 0 0 0 0 0 0 0 0 0 0 0 0 0 0 0 0 0 0 0 0 0 0 0 0 0 0 0 0 0 0 0 0 0 0 0 0 0 0 0 0 0 0 0 0 0 0 0 0 0 0 0 0 0 0 0 0 0 0 0 0 0 0 0 0 0 0 0 0 0 0 0 0 0 0 0 0 0 0 0 0 0 0 0 0 0 0 0 0 0 0 0 0 0 0 0 0 0 0 0 0 0 0 0 0 0 0 0 0 0 0 0 0 0 0 0 0 0 0 0 0 0 0 0 0 0 0 0 0 0 0 0 0 0 0 0 0 0 0 0 0 0 0 0 0 0 0 0 0 0 0 0 0 0 0 0 0 0 0 0 0 0 0 0 0 0 0 0 0 0 0 0 0 0 0 0 0 0 0 0 0 0 0 0 0 0 0 0 0 0 0 0 0 0 0 0 0 0 0 0 0 0 0 0 0 0 0 0 0 0 0 0 0 0 0 0 0 0 0 0 0 0 0 0 0 0 0 0 0 0 0 0 0 0 0 0 0 0 0 0 0 0 0 0 0 0 0 0 0 0 0 0 0 0 0 0 0 0 0 0 0 0 0 0 0 0 0 0 0 0 0 0 0 0 0 0 0 0 0 0 0 0 0 0 0 0 0 0 0 0 0 0 0 0 0 0 0 0 0 0 0 0 0 0 0 0 0 0 0 0 0 0 0 0 0 0 0 0 0 0 0 0 0 0 0 0 0 0 0 0 0 0 0 0 0 0 0 0 0 0 0 0 0 0 0 0 0 0 0 0 0 0 0 0 0 0 0 0 0 0 0 0 0 0 0 0 0 0 0 0 0 0 0 0 0 0 0 0 0 0 0 0 0 0 0 0 0 0 0 0 0 0 0 0 0 0 0 0 0 0 0 0 0 0 0 0 0 0 0 0 0 0 0 0 0 0 0 0 0 0 0 0 0 0 0 0 0 0 0 0 0 0 0 0 0 0 0 0 0 0 0 0 0 0 0 0 0 0 0 0 0 0 0 0 0 0 0 0 0 0 0 0 0 0 0 0 0 0 0 0 0 0 0 0 0 0 0 0 0 0 0 0 0 0 0 0 0 0 0 0 0 0 0 0 0 0 0 0 0 0 0 0 0 0 0 0 0 0 0 0 0 0 0 0 0 0 0 0 0 0 0 0 0 0 0 0 0 0 0 0 0 0 0 0 0 0 0 0 0 0 0 0 0 0 0 0 0 0 0 0 0 0 0 0 0 0 0 0 0 0 0 0 0 0 0 0 0 0 0 0 0 0 0 0 0 0 0 0 0 0 0 0 0 0 0 0 0 0 0 0 0 0 0 0 0 0 0 0 0 0 0 0 0 0 0 0 0 0 0 0 0 0 0 0 0 0 0 0 0 0 0 0 0 0 0 0 0 0 0 0 0 0 0 0 0 0 0 0 0 0 0 0 0 0 0 0 0 0 0 0 0 0 0 0 0 0 0 0 0 0 0 0 0 0 0 0 0 0 0 0 0 0 0 0 0 0 0 0 0 0 0 0 0 0 0 0 0 0 0 0 0 0 0 0 0 0 0 0 0 0 0 0 0 0 0 0 0 0 0 0 0 0 0 0 0 0 0 0 0 0 0 0 0 0 0 0 0 0 0 0 0 0 0 0 0 0 0 0 0 0 0 0 0 0 0 0 0 0 0 0 0 0 0 0 0 0 0 0 0 0 0 0 0 0 0 0 0 0 0 0 0 0 0 0 0 0 0 0 0 0 0 0 0 0 0 0 0 0 0 0 0 0 0 0 0 0 0 0 0 0 0 0 0 0 0 0 0 0 0 0 0 0 0 0 0 0 0 0 0 0 0 0 0 0 0 0 0 0 0 0 0 0 0 0 0 0 0 0 0 0 0 0 0 0 0 0 0 0 0 0 0 0 0 0 0 0 0 0 0 0 0 0 0 0 0 0 0 0 0 0 0 0 0 0 0 0 0 0 0 0 0 0 0 0 0 0 0 0 0 0 0 0 0 0 0 0 0 0 0 0 0 0 0 0 0 0 0 0 0 0 0 0 0 0 0 0 0 0 0 0 0 0 0 0 0 0 0
ctxt 4966891079
btime 1790630938
processes 494454
procs_running 3
procs_blocked 0
softirq 4541462302 73526 11044018 2753138 133190308 418680 0 13559673 48531277 421 36923965
--
cpu  3228851 1416 1574836 41694429 127748 0 773877 0 0 0
cpu0 118623 27 44065 1307552 2087 0 24381 0 0 0
cpu1 122813 30 45473 1306994 2152 0 24389 0 0 0
cpu2 124141 30 45636 1306386 1870 0 24547 0 0 0
cpu3 181668 29 63414 1215619 1931 0 39199 0 0 0
cpu4 184209 34 62745 1215343 1733 0 39248 0 0 0
cpu5 131010 31 47550 1296838 1986 0 25590 0 0 0
cpu6 131719 28 47855 1296036 1807 0 26362 0 0 0
cpu7 139625 26 51410 1282339 1527 0 29220 0 0 0
cpu8 40719 49 42866 1361886 4532 0 13302 0 0 0
cpu9 46476 55 45910 1339978 6964 0 14460 0 0 0
cpu10 44267 55 44346 1347760 5010 0 14296 0 0 0
cpu11 40559 50 40354 1366884 3889 0 12732 0 0 0
cpu12 78526 130 49462 1301334 8853 0 15597 0 0 0
cpu13 75210 61 50372 1301278 9234 0 15922 0 0 0
cpu14 40326 50 39705 1370211 3803 0 12448 0 0 0
cpu15 37560 51 36450 1383161 3796 0 11310 0 0 0
cpu16 159707 25 55640 1253331 2239 0 33069 0 0 0
cpu17 149674 24 53815 1265211 3443 0 31519 0 0 0
cpu18 143945 24 52727 1274283 2281 0 30784 0 0 0
cpu19 234796 24 75256 1142263 1678 0 49029 0 0 0
cpu20 211252 23 71282 1171717 2488 0 46859 0 0 0
cpu21 138826 27 51565 1279970 3159 0 29965 0 0 0
cpu22 131319 30 49738 1291000 2539 0 28213 0 0 0
cpu23 114390 29 44161 1319702 2329 0 23540 0 0 0
cpu24 43479 52 41101 1365822 4661 0 13421 0 0 0
cpu25 48584 56 45906 1342346 6509 0 15843 0 0 0
cpu26 46533 51 44809 1348368 5747 0 15404 0 0 0
cpu27 39323 39 39868 1357787 4754 0 21298 0 0 0
cpu28 72545 75 53183 1288166 7973 0 28344 0 0 0
cpu29 76272 113 55119 1277381 8505 0 28863 0 0 0
cpu30 38779 36 41387 1351098 4403 0 21273 0 0 0
cpu31 41964 37 41655 1366372 3849 0 13436 0 0 0
intr 3149201340 126 0 0 0 0 0 0 0 0 1 0 0 0 0 0 0 0 0 0 0 0 0 0 0 0 0 0 1 1 1 0 0 0 0 1 0 1 0 0 75045 0 0 0 0 0 0 0 0 411 0 0 0 0 0 0 0 0 87 0 0 0 0 0 0 0 0 0 0 0 0 0 0 0 400172 2 35047969 34989193 34907105 35046075 0 12480 5366 6089 5076 4638 5132 5379 6077 4404 22846 32930 23298 18416 27796 28815 18939 15315 6603 6815 6272 4155 6002 7490 6933 5427 19607 22532 20328 17358 21667 22791 14863 16960 0 0 0 0 617021 4302 1036 0 264 0 0 0 0 0 0 0 0 0 0 0 0 0 0 0 0 0 0 0 0 0 0 0 0 0 0 0 0 0 0 0 0 0 0 0 0 0 0 0 0 0 0 0 0 0 0 0 0 0 0 0 0 0 0 0 0 0 0 0 0 0 0 0 0 0 0 0 0 0 0 0 0 0 0 0 0 0 0 0 0 0 0 0 0 0 0 0 0 0 0 0 0 0 0 0 0 0 0 0 0 0 0 0 0 0 0 0 0 0 0 0 0 0 0 0 0 0 0 0 0 0 0 0 0 0 0 0 0 0 0 0 0 0 0 0 0 0 0 0 0 0 0 0 0 0 0 0 0 0 0 0 0 0 0 0 0 0 0 0 0 0 0 0 0 0 0 0 0 0 0 0 0 0 0 0 0 0 0 0 0 0 0 0 0 0 0 0 0 0 0 0 0 0 0 0 0 0 0 0 0 0 0 0 0 0 0 0 0 0 0 0 0 0 0 0 0 0 0 0 0 0 0 0 0 0 0 0 0 0 0 0 0 0 0 0 0 0 0 0 0 0 0 0 0 0 0 0 0 0 0 0 0 0 0 0 0 0 0 0 0 0 0 0 0 0 0 0 0 0 0 0 0 0 0 0 0 0 0 0 0 0 0 0 0 0 0 0 0 0 0 0 0 0 0 0 0 0 0 0 0 0 0 0 0 0 0 0 0 0 0 0 0 0 0 0 0 0 0 0 0 0 0 0 0 0 0 0 0 0 0 0 0 0 0 0 0 0 0 0 0 0 0 0 0 0 0 0 0 0 0 0 0 0 0 0 0 0 0 0 0 0 0 0 0 0 0 0 0 0 0 0 0 0 0 0 0 0 0 0 0 0 0 0 0 0 0 0 0 0 0 0 0 0 0 0 0 0 0 0 0 0 0 0 0 0 0 0 0 0 0 0 0 0 0 0 0 0 0 0 0 0 0 0 0 0 0 0 0 0 0 0 0 0 0 0 0 0 0 0 0 0 0 0 0 0 0 0 0 0 0 0 0 0 0 0 0 0 0 0 0 0 0 0 0 0 0 0 0 0 0 0 0 0 0 0 0 0 0 0 0 0 0 0 0 0 0 0 0 0 0 0 0 0 0 0 0 0 0 0 0 0 0 0 0 0 0 0 0 0 0 0 0 0 0 0 0 0 0 0 0 0 0 0 0 0 0 0 0 0 0 0 0 0 0 0 0 0 0 0 0 0 0 0 0 0 0 0 0 0 0 0 0 0 0 0 0 0 0 0 0 0 0 0 0 0 0 0 0 0 0 0 0 0 0 0 0 0 0 0 0 0 0 0 0 0 0 0 0 0 0 0 0 0 0 0 0 0 0 0 0 0 0 0 0 0 0 0 0 0 0 0 0 0 0 0 0 0 0 0 0 0 0 0 0 0 0 0 0 0 0 0 0 0 0 0 0 0 0 0 0 0 0 0 0 0 0 0 0 0 0 0 0 0 0 0 0 0 0 0 0 0 0 0 0 0 0 0 0 0 0 0 0 0 0 0 0 0 0 0 0 0 0 0 0 0 0 0 0 0 0 0 0 0 0 0 0 0 0 0 0 0 0 0 0 0 0 0 0 0 0 0 0 0 0 0 0 0 0 0 0 0 0 0 0 0 0 0 0 0 0 0 0 0 0 0 0 0 0 0 0 0 0 0 0 0 0 0 0 0 0 0 0 0 0 0 0 0 0 0 0 0 0 0 0 0 0 0 0 0 0 0 0 0 0 0 0 0 0 0 0 0 0 0 0 0 0 0 0 0 0 0 0 0 0 0 0 0 0 0 0 0 0 0 0 0 0 0 0 0 0 0 0 0 0 0 0 0 0 0 0 0 0 0 0 0 0 0 0 0 0 0 0 0 0 0 0 0 0 0 0 0 0 0 0 0 0 0 0 0 0 0 0 0 0 0 0 0 0 0 0 0 0 0 0 0 0 0 0 0 0 0 0 0 0 0 0 0 0 0 0 0 0 0 0 0 0 0 0 0 0 0 0 0 0 0 0 0 0 0 0 0 0 0 0 0 0 0 0 0 0 0 0 0 0 0 0 0 0 0 0 0 0 0 0 0 0 0 0 0 0 0 0 0 0 0 0 0 0 0 0 0 0 0 0 0 0 0 0 0 0 0 0 0 0 0 0 0 0 0 0 0 0 0 0 0 0 0 0 0 0 0 0 0 0 0 0 0 0 0 0 0 0 0 0 0 0 0 0 0 0 0 0 0 0 0 0 0 0 0 0 0 0 0 0 0 0 0 0 0 0 0 0 0 0 0 0 0 0 0 0 0 0 0 0 0 0 0 0 0 0 0 0 0 0 0 0 0 0 0 0 0 0 0 0 0 0 0 0 0 0 0 0 0 0 0 0 0 0 0 0 0 0 0 0 0 0 0 0 0 0 0 0 0 0 0 0 0 0 0 0 0 0 0 0 0 0 0 0 0 0 0 0 0 0 0 0 0 0 0 0 0 0
ctxt 4967791450
btime 1790630938
processes 494512
procs_running 3
procs_blocked 0
softirq 4541583997 73526 11046411 2753138 133291045 418826 0 13559673 48541916 421 36931745
