Running 10s test @ http://127.0.0.1:18500/usleep?ms=10
  16 threads and 128 connections
  Thread Stats   Avg      Stdev     Max   +/- Stdev
    Latency   162.12ms   40.32ms 376.69ms   62.29%
    Req/Sec    49.15     17.34    90.00     58.65%
  Latency Distribution
     50%  152.08ms
     75%  190.84ms
     90%  233.06ms
     99%  233.37ms
  7837 requests in 10.10s, 0.90MB read
Requests/sec:    775.89
Transfer/sec:     91.68KB
## server-stat
cpu  3640191 1608 1669806 48209982 379317 0 807552 0 0 0
cpu0 138416 29 48080 1507669 4707 0 26444 0 0 0
cpu1 139999 33 49026 1510542 5700 0 25880 0 0 0
cpu2 141491 34 49006 1509988 5708 0 25976 0 0 0
cpu3 216870 34 69989 1398031 4168 0 41951 0 0 0
cpu4 218166 37 68567 1399358 4745 0 42023 0 0 0
cpu5 146674 36 50714 1502016 6433 0 26915 0 0 0
cpu6 148741 33 51285 1498887 6696 0 28019 0 0 0
cpu7 154996 31 54498 1487225 6515 0 30695 0 0 0
cpu8 41382 59 44193 1577063 14520 0 13617 0 0 0
cpu9 47477 65 47393 1552663 17876 0 14839 0 0 0
cpu10 45036 65 45750 1560804 16117 0 14642 0 0 0
cpu11 41139 60 41601 1581481 14630 0 13023 0 0 0
cpu12 83160 139 51373 1508971 20007 0 16060 0 0 0
cpu13 79537 72 52367 1508342 20859 0 16413 0 0 0
cpu14 41001 59 41048 1584991 13804 0 12757 0 0 0
cpu15 38057 62 37669 1598601 14123 0 11587 0 0 0
cpu16 183148 27 59401 1450668 6289 0 34310 0 0 0
cpu17 172893 27 57654 1461782 8228 0 32895 0 0 0
cpu18 164610 27 56365 1472793 7931 0 32096 0 0 0
cpu19 285685 26 83708 1307534 3819 0 51962 0 0 0
cpu20 255237 25 78513 1344526 5695 0 49442 0 0 0
cpu21 160438 29 55503 1476647 9380 0 31353 0 0 0
cpu22 148080 33 52870 1493178 9310 0 29191 0 0 0
cpu23 128855 32 47309 1524245 8954 0 24579 0 0 0
cpu24 44312 62 42503 1579126 16623 0 13717 0 0 0
cpu25 49583 63 47461 1554416 18801 0 16220 0 0 0
cpu26 47412 59 46309 1560942 17917 0 15773 0 0 0
cpu27 40042 48 41260 1571572 16634 0 21595 0 0 0
cpu28 75927 82 55242 1495533 21133 0 28854 0 0 0
cpu29 79722 119 57237 1484219 21823 0 29388 0 0 0
cpu30 39452 44 42827 1565299 15207 0 21590 0 0 0
cpu31 42640 44 43072 1580856 14948 0 13730 0 0 0
intr 3318366115 126 0 0 0 0 0 0 0 0 1 0 0 0 0 0 0 0 0 0 0 0 0 0 0 0 0 0 1 1 1 0 0 0 0 1 0 1 0 0 75045 0 0 0 0 0 0 0 0 411 0 0 0 0 0 0 0 0 87 0 0 0 0 0 0 0 0 0 0 0 0 0 0 0 491530 2 35057877 34997140 34912615 35054066 0 14332 10792 12158 11569 8437 9757 12843 13893 10866 38428 52429 40915 34653 52782 50395 31516 28106 12625 14415 17219 7591 10999 15778 15596 13869 35897 45022 41080 33035 50982 54857 30095 32275 0 0 0 0 617177 4483 1036 0 264 0 0 0 0 0 0 0 0 0 0 0 0 0 0 0 0 0 0 0 0 0 0 0 0 0 0 0 0 0 0 0 0 0 0 0 0 0 0 0 0 0 0 0 0 0 0 0 0 0 0 0 0 0 0 0 0 0 0 0 0 0 0 0 0 0 0 0 0 0 0 0 0 0 0 0 0 0 0 0 0 0 0 0 0 0 0 0 0 0 0 0 0 0 0 0 0 0 0 0 0 0 0 0 0 0 0 0 0 0 0 0 0 0 0 0 0 0 0 0 0 0 0 0 0 0 0 0 0 0 0 0 0 0 0 0 0 0 0 0 0 0 0 0 0 0 0 0 0 0 0 0 0 0 0 0 0 0 0 0 0 0 0 0 0 0 0 0 0 0 0 0 0 0 0 0 0 0 0 0 0 0 0 0 0 0 0 0 0 0 0 0 0 0 0 0 0 0 0 0 0 0 0 0 0 0 0 0 0 0 0 0 0 0 0 0 0 0 0 0 0 0 0 0 0 0 0 0 0 0 0 0 0 0 0 0 0 0 0 0 0 0 0 0 0 0 0 0 0 0 0 0 0 0 0 0 0 0 0 0 0 0 0 0 0 0 0 0 0 0 0 0 0 0 0 0 0 0 0 0 0 0 0 0 0 0 0 0 0 0 0 0 0 0 0 0 0 0 0 0 0 0 0 0 0 0 0 0 0 0 0 0 0 0 0 0 0 0 0 0 0 0 0 0 0 0 0 0 0 0 0 0 0 0 0 0 0 0 0 0 0 0 0 0 0 0 0 0 0 0 0 0 0 0 0 0 0 0 0 0 0 0 0 0 0 0 0 0 0 0 0 0 0 0 0 0 0 0 0 0 0 0 0 0 0 0 0 0 0 0 0 0 0 0 0 0 0 0 0 0 0 0 0 0 0 0 0 0 0 0 0 0 0 0 0 0 0 0 0 0 0 0 0 0 0 0 0 0 0 0 0 0 0 0 0 0 0 0 0 0 0 0 0 0 0 0 0 0 0 0 0 0 0 0 0 0 0 0 0 0 0 0 0 0 0 0 0 0 0 0 0 0 0 0 0 0 0 0 0 0 0 0 0 0 0 0 0 0 0 0 0 0 0 0 0 0 0 0 0 0 0 0 0 0 0 0 0 0 0 0 0 0 0 0 0 0 0 0 0 0 0 0 0 0 0 0 0 0 0 0 0 0 0 0 0 0 0 0 0 0 0 0 0 0 0 0 0 0 0 0 0 0 0 0 0 0 0 0 0 0 0 0 0 0 0 0 0 0 0 0 0 0 0 0 0 0 0 0 0 0 0 0 0 0 0 0 0 0 0 0 0 0 0 0 0 0 0 0 0 0 0 0 0 0 0 0 0 0 0 0 0 0 0 0 0 0 0 0 0 0 0 0 0 0 0 0 0 0 0 0 0 0 0 0 0 0 0 0 0 0 0 0 0 0 0 0 0 0 0 0 0 0 0 0 0 0 0 0 0 0 0 0 0 0 0 0 0 0 0 0 0 0 0 0 0 0 0 0 0 0 0 0 0 0 0 0 0 0 0 0 0 0 0 0 0 0 0 0 0 0 0 0 0 0 0 0 0 0 0 0 0 0 0 0 0 0 0 0 0 0 0 0 0 0 0 0 0 0 0 0 0 0 0 0 0 0 0 0 0 0 0 0 0 0 0 0 0 0 0 0 0 0 0 0 0 0 0 0 0 0 0 0 0 0 0 0 0 0 0 0 0 0 0 0 0 0 0 0 0 0 0 0 0 0 0 0 0 0 0 0 0 0 0 0 0 0 0 0 0 0 0 0 0 0 0 0 0 0 0 0 0 0 0 0 0 0 0 0 0 0 0 0 0 0 0 0 0 0 0 0 0 0 0 0 0 0 0 0 0 0 0 0 0 0 0 0 0 0 0 0 0 0 0 0 0 0 0 0 0 0 0 0 0 0 0 0 0 0 0 0 0 0 0 0 0 0 0 0 0 0 0 0 0 0 0 0 0 0 0 0 0 0 0 0 0 0 0 0 0 0 0 0 0 0 0 0 0 0 0 0 0 0 0 0 0 0 0 0 0 0 0 0 0 0 0 0 0 0 0 0 0 0 0 0 0 0 0 0 0 0 0 0 0 0 0 0 0 0 0 0 0 0 0 0 0 0 0 0 0 0 0 0 0 0 0 0 0 0 0 0 0 0 0 0 0 0 0 0 0 0 0 0 0 0 0 0 0 0 0 0 0 0 0 0 0 0 0 0 0 0 0 0 0 0 0 0 0 0 0 0 0 0 0 0 0 0 0 0 0 0 0 0 0 0 0 0 0 0 0 0 0 0 0 0 0 0 0 0 0 0 0 0 0 0 0 0 0 0 0 0 0 0 0 0 0 0 0 0 0 0 0 0 0 0 0 0 0 0 0 0 0 0 0 0 0 0 0 0 0 0 0 0 0 0 0 0 0 0 0 0 0 0 0 0 0 0 0 0 0 0 0 0 0
ctxt 5262826626
btime 1790630938
processes 847861
procs_running 2
procs_blocked 0
softirq 4757917740 73526 12784543 2753162 332182609 513171 0 13560139 53036792 421 48046081
--
cpu  3640302 1608 1669824 48235389 379333 0 807557 0 0 0
cpu0 138422 29 48081 1508459 4707 0 26447 0 0 0
cpu1 140005 33 49026 1511334 5700 0 25881 0 0 0
cpu2 141494 34 49007 1510768 5722 0 25976 0 0 0
cpu3 216879 34 69990 1398818 4168 0 41952 0 0 0
cpu4 218176 37 68568 1400145 4745 0 42023 0 0 0
cpu5 146678 36 50715 1502810 6433 0 26915 0 0 0
cpu6 148743 33 51285 1499684 6696 0 28019 0 0 0
cpu7 154997 31 54498 1488023 6515 0 30695 0 0 0
cpu8 41382 59 44193 1577861 14520 0 13617 0 0 0
cpu9 47479 65 47395 1553457 17876 0 14839 0 0 0
cpu10 45037 65 45750 1561602 16117 0 14642 0 0 0
cpu11 41139 60 41601 1582278 14631 0 13023 0 0 0
cpu12 83205 139 51375 1509722 20007 0 16060 0 0 0
cpu13 79540 72 52368 1509134 20859 0 16413 0 0 0
cpu14 41002 59 41048 1585789 13804 0 12757 0 0 0
cpu15 38057 62 37669 1599399 14123 0 11587 0 0 0
cpu16 183149 27 59402 1451466 6289 0 34310 0 0 0
cpu17 172894 27 57654 1462581 8228 0 32895 0 0 0
cpu18 164611 27 56365 1473592 7931 0 32096 0 0 0
cpu19 285691 26 83709 1308325 3819 0 51963 0 0 0
cpu20 255238 25 78514 1345322 5695 0 49442 0 0 0
cpu21 160438 29 55503 1477446 9380 0 31353 0 0 0
cpu22 148080 33 52870 1493977 9310 0 29191 0 0 0
cpu23 128855 32 47310 1525043 8954 0 24579 0 0 0
cpu24 44312 62 42503 1579924 16623 0 13717 0 0 0
cpu25 49585 63 47461 1555213 18801 0 16220 0 0 0
cpu26 47412 59 46309 1561741 17917 0 15773 0 0 0
cpu27 40042 48 41260 1572370 16634 0 21595 0 0 0
cpu28 75932 82 55244 1496325 21134 0 28854 0 0 0
cpu29 79725 119 57238 1485012 21824 0 29388 0 0 0
cpu30 39452 44 42827 1566097 15207 0 21590 0 0 0
cpu31 42640 44 43072 1581655 14948 0 13730 0 0 0
intr 3318476285 126 0 0 0 0 0 0 0 0 1 0 0 0 0 0 0 0 0 0 0 0 0 0 0 0 0 0 1 1 1 0 0 0 0 1 0 1 0 0 75045 0 0 0 0 0 0 0 0 411 0 0 0 0 0 0 0 0 87 0 0 0 0 0 0 0 0 0 0 0 0 0 0 0 491659 2 35057913 34997209 34912656 35054115 0 14337 10792 12158 11569 8437 9757 12843 13893 10866 38428 52430 40915 34653 52783 50404 31516 28106 12625 14415 17219 7592 10999 15778 15596 13869 35897 45022 41081 33035 50982 55048 30096 32275 0 0 0 0 617177 4486 1036 0 264 0 0 0 0 0 0 0 0 0 0 0 0 0 0 0 0 0 0 0 0 0 0 0 0 0 0 0 0 0 0 0 0 0 0 0 0 0 0 0 0 0 0 0 0 0 0 0 0 0 0 0 0 0 0 0 0 0 0 0 0 0 0 0 0 0 0 0 0 0 0 0 0 0 0 0 0 0 0 0 0 0 0 0 0 0 0 0 0 0 0 0 0 0 0 0 0 0 0 0 0 0 0 0 0 0 0 0 0 0 0 0 0 0 0 0 0 0 0 0 0 0 0 0 0 0 0 0 0 0 0 0 0 0 0 0 0 0 0 0 0 0 0 0 0 0 0 0 0 0 0 0 0 0 0 0 0 0 0 0 0 0 0 0 0 0 0 0 0 0 0 0 0 0 0 0 0 0 0 0 0 0 0 0 0 0 0 0 0 0 0 0 0 0 0 0 0 0 0 0 0 0 0 0 0 0 0 0 0 0 0 0 0 0 0 0 0 0 0 0 0 0 0 0 0 0 0 0 0 0 0 0 0 0 0 0 0 0 0 0 0 0 0 0 0 0 0 0 0 0 0 0 0 0 0 0 0 0 0 0 0 0 0 0 0 0 0 0 0 0 0 0 0 0 0 0 0 0 0 0 0 0 0 0 0 0 0 0 0 0 0 0 0 0 0 0 0 0 0 0 0 0 0 0 0 0 0 0 0 0 0 0 0 0 0 0 0 0 0 0 0 0 0 0 0 0 0 0 0 0 0 0 0 0 0 0 0 0 0 0 0 0 0 0 0 0 0 0 0 0 0 0 0 0 0 0 0 0 0 0 0 0 0 0 0 0 0 0 0 0 0 0 0 0 0 0 0 0 0 0 0 0 0 0 0 0 0 0 0 0 0 0 0 0 0 0 0 0 0 0 0 0 0 0 0 0 0 0 0 0 0 0 0 0 0 0 0 0 0 0 0 0 0 0 0 0 0 0 0 0 0 0 0 0 0 0 0 0 0 0 0 0 0 0 0 0 0 0 0 0 0 0 0 0 0 0 0 0 0 0 0 0 0 0 0 0 0 0 0 0 0 0 0 0 0 0 0 0 0 0 0 0 0 0 0 0 0 0 0 0 0 0 0 0 0 0 0 0 0 0 0 0 0 0 0 0 0 0 0 0 0 0 0 0 0 0 0 0 0 0 0 0 0 0 0 0 0 0 0 0 0 0 0 0 0 0 0 0 0 0 0 0 0 0 0 0 0 0 0 0 0 0 0 0 0 0 0 0 0 0 0 0 0 0 0 0 0 0 0 0 0 0 0 0 0 0 0 0 0 0 0 0 0 0 0 0 0 0 0 0 0 0 0 0 0 0 0 0 0 0 0 0 0 0 0 0 0 0 0 0 0 0 0 0 0 0 0 0 0 0 0 0 0 0 0 0 0 0 0 0 0 0 0 0 0 0 0 0 0 0 0 0 0 0 0 0 0 0 0 0 0 0 0 0 0 0 0 0 0 0 0 0 0 0 0 0 0 0 0 0 0 0 0 0 0 0 0 0 0 0 0 0 0 0 0 0 0 0 0 0 0 0 0 0 0 0 0 0 0 0 0 0 0 0 0 0 0 0 0 0 0 0 0 0 0 0 0 0 0 0 0 0 0 0 0 0 0 0 0 0 0 0 0 0 0 0 0 0 0 0 0 0 0 0 0 0 0 0 0 0 0 0 0 0 0 0 0 0 0 0 0 0 0 0 0 0 0 0 0 0 0 0 0 0 0 0 0 0 0 0 0 0 0 0 0 0 0 0 0 0 0 0 0 0 0 0 0 0 0 0 0 0 0 0 0 0 0 0 0 0 0 0 0 0 0 0 0 0 0 0 0 0 0 0 0 0 0 0 0 0 0 0 0 0 0 0 0 0 0 0 0 0 0 0 0 0 0 0 0 0 0 0 0 0 0 0 0 0 0 0 0 0 0 0 0 0 0 0 0 0 0 0 0 0 0 0 0 0 0 0 0 0 0 0 0 0 0 0 0 0 0 0 0 0 0 0 0 0 0 0 0 0 0 0 0 0 0 0 0 0 0 0 0 0 0 0 0 0 0 0 0 0 0 0 0 0 0 0 0 0 0 0 0 0 0 0 0 0 0 0 0 0 0 0 0 0 0 0 0 0 0 0 0 0 0 0 0 0 0 0 0 0 0 0 0 0 0 0 0 0 0 0 0 0 0 0 0 0 0 0 0 0 0 0 0 0 0 0 0 0 0 0 0 0 0 0 0 0 0 0 0 0 0 0 0 0 0 0 0 0 0 0 0 0 0 0 0 0 0 0 0 0 0 0 0 0 0 0 0 0 0 0 0 0 0 0 0 0 0 0 0 0 0 0 0 0 0 0 0 0 0 0 0 0 0 0 0 0 0 0 0 0 0 0 0 0 0 0 0 0 0 0 0 0 0 0 0 0 0 0 0 0 0 0 0 0 0 0 0 0 0 0 0 0 0 0 0 0 0 0 0 0 0
ctxt 5262981920
btime 1790630938
processes 848031
procs_running 1
procs_blocked 0
softirq 4757964958 73526 12794673 2753163 332199511 513307 0 13560161 53047188 421 48055712
