Running 10s test @ http://127.0.0.1:18500/usleep?ms=10
  16 threads and 1000 connections
  Thread Stats   Avg      Stdev     Max   +/- Stdev
    Latency     7.34s     1.49s    9.91s    58.07%
    Req/Sec    21.73     13.65   120.00     82.65%
  Latency Distribution
     50%    7.35s 
     75%    8.63s 
     90%    9.40s 
     99%    9.86s 
  1016 requests in 10.10s, 120.05KB read
Requests/sec:    100.60
Transfer/sec:     11.89KB
## server-stat
cpu  3300180 1491 1595995 44358137 216949 0 780478 0 0 0
cpu0 120137 27 44524 1392981 3399 0 24703 0 0 0
cpu1 123800 32 45890 1393060 3915 0 24525 0 0 0
cpu2 124885 32 46021 1392792 3661 0 24645 0 0 0
cpu3 192911 31 65834 1289419 2639 0 40352 0 0 0
cpu4 194688 35 64877 1289434 3200 0 40562 0 0 0
cpu5 131714 33 47931 1383249 3851 0 25669 0 0 0
cpu6 132257 31 48220 1382739 3621 0 26435 0 0 0
cpu7 140082 28 51748 1369334 3213 0 29276 0 0 0
cpu8 40918 53 43158 1447287 7665 0 13333 0 0 0
cpu9 46860 58 46266 1424336 10271 0 14510 0 0 0
cpu10 44532 59 44682 1432385 8311 0 14334 0 0 0
cpu11 40744 54 40647 1451936 7219 0 12759 0 0 0
cpu12 80278 133 49966 1383536 12414 0 15675 0 0 0
cpu13 76999 66 50926 1383102 13029 0 16011 0 0 0
cpu14 40547 53 40037 1455138 6955 0 12488 0 0 0
cpu15 37718 56 36755 1468553 6874 0 11342 0 0 0
cpu16 160955 26 56086 1338658 4593 0 33154 0 0 0
cpu17 150541 26 54241 1350646 6068 0 31602 0 0 0
cpu18 144635 25 53142 1359829 4995 0 30865 0 0 0
cpu19 253005 25 78705 1207645 2749 0 50342 0 0 0
cpu20 224536 24 73602 1242586 4547 0 47803 0 0 0
cpu21 139473 29 52002 1365509 5919 0 30041 0 0 0
cpu22 131851 32 50153 1376954 5082 0 28279 0 0 0
cpu23 114854 30 44535 1406075 4606 0 23587 0 0 0
cpu24 43755 56 41449 1450344 8588 0 13448 0 0 0
cpu25 48896 59 46265 1426522 10566 0 15880 0 0 0
cpu26 46815 54 45164 1432695 9815 0 15442 0 0 0
cpu27 39553 42 40211 1442690 8561 0 21325 0 0 0
cpu28 73528 77 53638 1370843 12532 0 28401 0 0 0
cpu29 77556 114 55598 1359901 12852 0 28924 0 0 0
cpu30 38977 38 41718 1436288 7827 0 21298 0 0 0
cpu31 42165 40 41991 1451657 7398 0 13454 0 0 0
intr 3198061695 126 0 0 0 0 0 0 0 0 1 0 0 0 0 0 0 0 0 0 0 0 0 0 0 0 0 0 1 1 1 0 0 0 0 1 0 1 0 0 75045 0 0 0 0 0 0 0 0 411 0 0 0 0 0 0 0 0 87 0 0 0 0 0 0 0 0 0 0 0 0 0 0 0 431846 2 35052187 34990912 34908845 35048912 0 13197 7838 8589 7689 5959 7061 8045 8549 6488 27801 39033 29388 23521 35895 35575 23571 19833 9883 10399 9892 5364 8844 10895 10145 8751 25445 30028 27809 22962 31186 32756 20304 22085 0 0 0 0 617081 4376 1036 0 264 0 0 0 0 0 0 0 0 0 0 0 0 0 0 0 0 0 0 0 0 0 0 0 0 0 0 0 0 0 0 0 0 0 0 0 0 0 0 0 0 0 0 0 0 0 0 0 0 0 0 0 0 0 0 0 0 0 0 0 0 0 0 0 0 0 0 0 0 0 0 0 0 0 0 0 0 0 0 0 0 0 0 0 0 0 0 0 0 0 0 0 0 0 0 0 0 0 0 0 0 0 0 0 0 0 0 0 0 0 0 0 0 0 0 0 0 0 0 0 0 0 0 0 0 0 0 0 0 0 0 0 0 0 0 0 0 0 0 0 0 0 0 0 0 0 0 0 0 0 0 0 0 0 0 0 0 0 0 0 0 0 0 0 0 0 0 0 0 0 0 0 0 0 0 0 0 0 0 0 0 0 0 0 0 0 0 0 0 0 0 0 0 0 0 0 0 0 0 0 0 0 0 0 0 0 0 0 0 0 0 0 0 0 0 0 0 0 0 0 0 0 0 0 0 0 0 0 0 0 0 0 0 0 0 0 0 0 0 0 0 0 0 0 0 0 0 0 0 0 0 0 0 0 0 0 0 0 0 0 0 0 0 0 0 0 0 0 0 0 0 0 0 0 0 0 0 0 0 0 0 0 0 0 0 0 0 0 0 0 0 0 0 0 0 0 0 0 0 0 0 0 0 0 0 0 0 0 0 0 0 0 0 0 0 0 0 0 0 0 0 0 0 0 0 0 0 0 0 0 0 0 0 0 0 0 0 0 0 0 0 0 0 0 0 0 0 0 0 0 0 0 0 0 0 0 0 0 0 0 0 0 0 0 0 0 0 0 0 0 0 0 0 0 0 0 0 0 0 0 0 0 0 0 0 0 0 0 0 0 0 0 0 0 0 0 0 0 0 0 0 0 0 0 0 0 0 0 0 0 0 0 0 0 0 0 0 0 0 0 0 0 0 0 0 0 0 0 0 0 0 0 0 0 0 0 0 0 0 0 0 0 0 0 0 0 0 0 0 0 0 0 0 0 0 0 0 0 0 0 0 0 0 0 0 0 0 0 0 0 0 0 0 0 0 0 0 0 0 0 0 0 0 0 0 0 0 0 0 0 0 0 0 0 0 0 0 0 0 0 0 0 0 0 0 0 0 0 0 0 0 0 0 0 0 0 0 0 0 0 0 0 0 0 0 0 0 0 0 0 0 0 0 0 0 0 0 0 0 0 0 0 0 0 0 0 0 0 0 0 0 0 0 0 0 0 0 0 0 0 0 0 0 0 0 0 0 0 0 0 0 0 0 0 0 0 0 0 0 0 0 0 0 0 0 0 0 0 0 0 0 0 0 0 0 0 0 0 0 0 0 0 0 0 0 0 0 0 0 0 0 0 0 0 0 0 0 0 0 0 0 0 0 0 0 0 0 0 0 0 0 0 0 0 0 0 0 0 0 0 0 0 0 0 0 0 0 0 0 0 0 0 0 0 0 0 0 0 0 0 0 0 0 0 0 0 0 0 0 0 0 0 0 0 0 0 0 0 0 0 0 0 0 0 0 0 0 0 0 0 0 0 0 0 0 0 0 0 0 0 0 0 0 0 0 0 0 0 0 0 0 0 0 0 0 0 0 0 0 0 0 0 0 0 0 0 0 0 0 0 0 0 0 0 0 0 0 0 0 0 0 0 0 0 0 0 0 0 0 0 0 0 0 0 0 0 0 0 0 0 0 0 0 0 0 0 0 0 0 0 0 0 0 0 0 0 0 0 0 0 0 0 0 0 0 0 0 0 0 0 0 0 0 0 0 0 0 0 0 0 0 0 0 0 0 0 0 0 0 0 0 0 0 0 0 0 0 0 0 0 0 0 0 0 0 0 0 0 0 0 0 0 0 0 0 0 0 0 0 0 0 0 0 0 0 0 0 0 0 0 0 0 0 0 0 0 0 0 0 0 0 0 0 0 0 0 0 0 0 0 0 0 0 0 0 0 0 0 0 0 0 0 0 0 0 0 0 0 0 0 0 0 0 0 0 0 0 0 0 0 0 0 0 0 0 0 0 0 0 0 0 0 0 0 0 0 0 0 0 0 0 0 0 0 0 0 0 0 0 0 0 0 0 0 0 0 0 0 0 0 0 0 0 0 0 0 0 0 0 0 0 0 0 0 0 0 0 0 0 0 0 0 0 0 0 0 0 0 0 0 0 0 0 0 0 0 0 0 0 0 0 0 0 0 0 0 0 0 0 0 0 0 0 0 0 0 0 0 0 0 0 0 0 0 0 0 0 0 0 0 0 0 0 0 0 0 0 0 0 0 0 0 0 0 0 0 0 0 0 0 0 0 0 0 0 0 0 0 0 0 0 0 0 0 0 0 0 0 0 0 0 0 0 0 0 0 0 0 0 0 0 0 0 0 0 0 0 0 0 0 0 0 0 0 0 0 0 0 0 0 0 0 0 0 0 0 0 0 0 0 0 0 0 0 0 0 0 0 0 0 0 0 0
ctxt 5054496631
btime 1790630938
processes 620737
procs_running 1
procs_blocked 0
softirq 4593412921 73526 11525112 2753147 180436319 451662 0 13559846 49804791 421 39840801
--
cpu  3300241 1491 1596006 44383601 216980 0 780480 0 0 0
cpu0 120137 27 44524 1393778 3399 0 24704 0 0 0
cpu1 123800 32 45890 1393859 3915 0 24525 0 0 0
cpu2 124885 32 46021 1393591 3661 0 24645 0 0 0
cpu3 192918 31 65835 1290210 2639 0 40353 0 0 0
cpu4 194690 35 64877 1290229 3200 0 40563 0 0 0
cpu5 131715 34 47931 1384048 3852 0 25669 0 0 0
cpu6 132257 31 48220 1383538 3621 0 26435 0 0 0
cpu7 140082 28 51749 1370132 3213 0 29276 0 0 0
cpu8 40919 53 43158 1448085 7665 0 13333 0 0 0
cpu9 46860 58 46266 1425125 10280 0 14510 0 0 0
cpu10 44533 59 44682 1433184 8311 0 14334 0 0 0
cpu11 40744 54 40647 1452736 7219 0 12759 0 0 0
cpu12 80312 133 49968 1384296 12414 0 15675 0 0 0
cpu13 77008 66 50927 1383871 13047 0 16011 0 0 0
cpu14 40548 53 40037 1455935 6955 0 12488 0 0 0
cpu15 37718 56 36756 1469351 6874 0 11342 0 0 0
cpu16 160955 26 56087 1339457 4593 0 33154 0 0 0
cpu17 150541 26 54241 1351445 6068 0 31602 0 0 0
cpu18 144635 25 53142 1360628 4995 0 30865 0 0 0
cpu19 253005 25 78705 1208444 2749 0 50342 0 0 0
cpu20 224536 24 73602 1243384 4547 0 47803 0 0 0
cpu21 139473 29 52002 1366308 5920 0 30041 0 0 0
cpu22 131851 32 50153 1377753 5082 0 28279 0 0 0
cpu23 114854 30 44536 1406874 4606 0 23587 0 0 0
cpu24 43755 56 41450 1451142 8588 0 13448 0 0 0
cpu25 48896 59 46266 1427320 10566 0 15880 0 0 0
cpu26 46815 54 45164 1433493 9816 0 15442 0 0 0
cpu27 39553 42 40211 1443489 8561 0 21325 0 0 0
cpu28 73528 77 53638 1371642 12532 0 28401 0 0 0
cpu29 77559 114 55599 1360696 12852 0 28924 0 0 0
cpu30 38977 38 41718 1437087 7827 0 21298 0 0 0
cpu31 42165 40 41991 1452456 7398 0 13454 0 0 0
intr 3198149172 126 0 0 0 0 0 0 0 0 1 0 0 0 0 0 0 0 0 0 0 0 0 0 0 0 0 0 1 1 1 0 0 0 0 1 0 1 0 0 75045 0 0 0 0 0 0 0 0 411 0 0 0 0 0 0 0 0 87 0 0 0 0 0 0 0 0 0 0 0 0 0 0 0 432145 2 35052223 34990920 34908865 35048935 0 13205 7838 8589 7689 5959 7062 8058 8549 6488 27815 39033 29388 23521 35895 35632 23578 19834 9883 10399 9892 5364 8844 10895 10145 8751 25446 30028 27809 22962 31187 32756 20304 22085 0 0 0 0 617085 4376 1036 0 264 0 0 0 0 0 0 0 0 0 0 0 0 0 0 0 0 0 0 0 0 0 0 0 0 0 0 0 0 0 0 0 0 0 0 0 0 0 0 0 0 0 0 0 0 0 0 0 0 0 0 0 0 0 0 0 0 0 0 0 0 0 0 0 0 0 0 0 0 0 0 0 0 0 0 0 0 0 0 0 0 0 0 0 0 0 0 0 0 0 0 0 0 0 0 0 0 0 0 0 0 0 0 0 0 0 0 0 0 0 0 0 0 0 0 0 0 0 0 0 0 0 0 0 0 0 0 0 0 0 0 0 0 0 0 0 0 0 0 0 0 0 0 0 0 0 0 0 0 0 0 0 0 0 0 0 0 0 0 0 0 0 0 0 0 0 0 0 0 0 0 0 0 0 0 0 0 0 0 0 0 0 0 0 0 0 0 0 0 0 0 0 0 0 0 0 0 0 0 0 0 0 0 0 0 0 0 0 0 0 0 0 0 0 0 0 0 0 0 0 0 0 0 0 0 0 0 0 0 0 0 0 0 0 0 0 0 0 0 0 0 0 0 0 0 0 0 0 0 0 0 0 0 0 0 0 0 0 0 0 0 0 0 0 0 0 0 0 0 0 0 0 0 0 0 0 0 0 0 0 0 0 0 0 0 0 0 0 0 0 0 0 0 0 0 0 0 0 0 0 0 0 0 0 0 0 0 0 0 0 0 0 0 0 0 0 0 0 0 0 0 0 0 0 0 0 0 0 0 0 0 0 0 0 0 0 0 0 0 0 0 0 0 0 0 0 0 0 0 0 0 0 0 0 0 0 0 0 0 0 0 0 0 0 0 0 0 0 0 0 0 0 0 0 0 0 0 0 0 0 0 0 0 0 0 0 0 0 0 0 0 0 0 0 0 0 0 0 0 0 0 0 0 0 0 0 0 0 0 0 0 0 0 0 0 0 0 0 0 0 0 0 0 0 0 0 0 0 0 0 0 0 0 0 0 0 0 0 0 0 0 0 0 0 0 0 0 0 0 0 0 0 0 0 0 0 0 0 0 0 0 0 0 0 0 0 0 0 0 0 0 0 0 0 0 0 0 0 0 0 0 0 0 0 0 0 0 0 0 0 0 0 0 0 0 0 0 0 0 0 0 0 0 0 0 0 0 0 0 0 0 0 0 0 0 0 0 0 0 0 0 0 0 0 0 0 0 0 0 0 0 0 0 0 0 0 0 0 0 0 0 0 0 0 0 0 0 0 0 0 0 0 0 0 0 0 0 0 0 0 0 0 0 0 0 0 0 0 0 0 0 0 0 0 0 0 0 0 0 0 0 0 0 0 0 0 0 0 0 0 0 0 0 0 0 0 0 0 0 0 0 0 0 0 0 0 0 0 0 0 0 0 0 0 0 0 0 0 0 0 0 0 0 0 0 0 0 0 0 0 0 0 0 0 0 0 0 0 0 0 0 0 0 0 0 0 0 0 0 0 0 0 0 0 0 0 0 0 0 0 0 0 0 0 0 0 0 0 0 0 0 0 0 0 0 0 0 0 0 0 0 0 0 0 0 0 0 0 0 0 0 0 0 0 0 0 0 0 0 0 0 0 0 0 0 0 0 0 0 0 0 0 0 0 0 0 0 0 0 0 0 0 0 0 0 0 0 0 0 0 0 0 0 0 0 0 0 0 0 0 0 0 0 0 0 0 0 0 0 0 0 0 0 0 0 0 0 0 0 0 0 0 0 0 0 0 0 0 0 0 0 0 0 0 0 0 0 0 0 0 0 0 0 0 0 0 0 0 0 0 0 0 0 0 0 0 0 0 0 0 0 0 0 0 0 0 0 0 0 0 0 0 0 0 0 0 0 0 0 0 0 0 0 0 0 0 0 0 0 0 0 0 0 0 0 0 0 0 0 0 0 0 0 0 0 0 0 0 0 0 0 0 0 0 0 0 0 0 0 0 0 0 0 0 0 0 0 0 0 0 0 0 0 0 0 0 0 0 0 0 0 0 0 0 0 0 0 0 0 0 0 0 0 0 0 0 0 0 0 0 0 0 0 0 0 0 0 0 0 0 0 0 0 0 0 0 0 0 0 0 0 0 0 0 0 0 0 0 0 0 0 0 0 0 0 0 0 0 0 0 0 0 0 0 0 0 0 0 0 0 0 0 0 0 0 0 0 0 0 0 0 0 0 0 0 0 0 0 0 0 0 0 0 0 0 0 0 0 0 0 0 0 0 0 0 0 0 0 0 0 0 0 0 0 0 0 0 0 0 0 0 0 0 0 0 0 0 0 0 0 0 0 0 0 0 0 0 0 0 0 0 0 0 0 0 0 0 0 0 0 0 0 0 0 0 0 0 0 0 0 0 0 0 0 0 0 0 0 0 0 0 0 0 0 0 0 0 0 0 0 0 0 0 0 0 0 0 0 0 0 0 0 0 0 0 0 0 0 0 0 0 0 0 0 0 0 0 0 0 0 0 0 0 0 0 0 0 0 0 0 0 0 0
ctxt 5054628946
btime 1790630938
processes 620824
procs_running 1
procs_blocked 0
softirq 4593428139 73526 11528239 2753147 180438856 451975 0 13559846 49809598 421 39845235
