Running 10s test @ http://127.0.0.1:18500/usleep?ms=10
  16 threads and 32 connections
  Thread Stats   Avg      Stdev     Max   +/- Stdev
    Latency    10.16ms   37.21us  10.71ms   75.28%
    Req/Sec   197.56      6.27   202.00     74.81%
  Latency Distribution
     50%   10.16ms
     75%   10.19ms
     90%   10.21ms
     99%   10.24ms
  31478 requests in 10.01s, 3.63MB read
Requests/sec:   3144.38
Transfer/sec:    371.55KB
## server-stat
cpu  3260086 1453 1584766 42925516 215708 0 775497 0 0 0
cpu0 119392 27 44292 1347589 3396 0 24467 0 0 0
cpu1 123224 31 45675 1347205 3873 0 24422 0 0 0
cpu2 124436 31 45817 1346716 3660 0 24566 0 0 0
cpu3 187340 30 64523 1250462 2639 0 39477 0 0 0
cpu4 188022 34 63344 1251905 3198 0 39468 0 0 0
cpu5 131294 32 47728 1337133 3846 0 25605 0 0 0
cpu6 131898 29 48034 1336512 3619 0 26375 0 0 0
cpu7 139764 26 51572 1323008 3211 0 29229 0 0 0
cpu8 40832 51 43034 1401022 7659 0 13308 0 0 0
cpu9 46661 57 46110 1378657 10265 0 14470 0 0 0
cpu10 44405 57 44534 1386615 8268 0 14303 0 0 0
cpu11 40655 52 40517 1405890 7144 0 12736 0 0 0
cpu12 79365 131 49724 1339032 12307 0 15614 0 0 0
cpu13 76041 63 50648 1338771 12894 0 15940 0 0 0
cpu14 40433 52 39888 1409294 6855 0 12455 0 0 0
cpu15 37638 54 36625 1422375 6856 0 11315 0 0 0
cpu16 160190 25 55868 1292880 4590 0 33089 0 0 0
cpu17 149982 24 54036 1304659 6066 0 31538 0 0 0
cpu18 144183 25 52932 1313762 4974 0 30799 0 0 0
cpu19 243019 24 76795 1173686 2748 0 49403 0 0 0
cpu20 216695 24 72190 1205619 4546 0 47212 0 0 0
cpu21 139053 28 51784 1319397 5918 0 29982 0 0 0
cpu22 131480 31 49943 1330744 5079 0 28225 0 0 0
cpu23 114527 30 44340 1359781 4595 0 23546 0 0 0
cpu24 43625 54 41309 1404152 8555 0 13426 0 0 0
cpu25 48760 57 46122 1380454 10546 0 15850 0 0 0
cpu26 46695 53 45021 1386505 9810 0 15411 0 0 0
cpu27 39454 41 40076 1396323 8524 0 21302 0 0 0
cpu28 73079 76 53439 1325603 12156 0 28356 0 0 0
cpu29 76965 114 55389 1314649 12689 0 28877 0 0 0
cpu30 38884 37 41585 1389947 7814 0 21276 0 0 0
cpu31 42078 39 41859 1405156 7391 0 13439 0 0 0
intr 3168010202 126 0 0 0 0 0 0 0 0 1 0 0 0 0 0 0 0 0 0 0 0 0 0 0 0 0 0 1 1 1 0 0 0 0 1 0 1 0 0 75045 0 0 0 0 0 0 0 0 411 0 0 0 0 0 0 0 0 87 0 0 0 0 0 0 0 0 0 0 0 0 0 0 0 420256 2 35049501 34990335 34908402 35047203 0 12825 7786 8582 7684 5945 7003 7958 8501 6483 27795 39025 29341 23513 35820 35467 23402 19823 9866 10357 9843 5361 8843 10883 10092 8610 25402 29983 27758 22957 31163 32725 20302 22079 0 0 0 0 617053 4337 1036 0 264 0 0 0 0 0 0 0 0 0 0 0 0 0 0 0 0 0 0 0 0 0 0 0 0 0 0 0 0 0 0 0 0 0 0 0 0 0 0 0 0 0 0 0 0 0 0 0 0 0 0 0 0 0 0 0 0 0 0 0 0 0 0 0 0 0 0 0 0 0 0 0 0 0 0 0 0 0 0 0 0 0 0 0 0 0 0 0 0 0 0 0 0 0 0 0 0 0 0 0 0 0 0 0 0 0 0 0 0 0 0 0 0 0 0 0 0 0 0 0 0 0 0 0 0 0 0 0 0 0 0 0 0 0 0 0 0 0 0 0 0 0 0 0 0 0 0 0 0 0 0 0 0 0 0 0 0 0 0 0 0 0 0 0 0 0 0 0 0 0 0 0 0 0 0 0 0 0 0 0 0 0 0 0 0 0 0 0 0 0 0 0 0 0 0 0 0 0 0 0 0 0 0 0 0 0 0 0 0 0 0 0 0 0 0 0 0 0 0 0 0 0 0 0 0 0 0 0 0 0 0 0 0 0 0 0 0 0 0 0 0 0 0 0 0 0 0 0 0 0 0 0 0 0 0 0 0 0 0 0 0 0 0 0 0 0 0 0 0 0 0 0 0 0 0 0 0 0 0 0 0 0 0 0 0 0 0 0 0 0 0 0 0 0 0 0 0 0 0 0 0 0 0 0 0 0 0 0 0 0 0 0 0 0 0 0 0 0 0 0 0 0 0 0 0 0 0 0 0 0 0 0 0 0 0 0 0 0 0 0 0 0 0 0 0 0 0 0 0 0 0 0 0 0 0 0 0 0 0 0 0 0 0 0 0 0 0 0 0 0 0 0 0 0 0 0 0 0 0 0 0 0 0 0 0 0 0 0 0 0 0 0 0 0 0 0 0 0 0 0 0 0 0 0 0 0 0 0 0 0 0 0 0 0 0 0 0 0 0 0 0 0 0 0 0 0 0 0 0 0 0 0 0 0 0 0 0 0 0 0 0 0 0 0 0 0 0 0 0 0 0 0 0 0 0 0 0 0 0 0 0 0 0 0 0 0 0 0 0 0 0 0 0 0 0 0 0 0 0 0 0 0 0 0 0 0 0 0 0 0 0 0 0 0 0 0 0 0 0 0 0 0 0 0 0 0 0 0 0 0 0 0 0 0 0 0 0 0 0 0 0 0 0 0 0 0 0 0 0 0 0 0 0 0 0 0 0 0 0 0 0 0 0 0 0 0 0 0 0 0 0 0 0 0 0 0 0 0 0 0 0 0 0 0 0 0 0 0 0 0 0 0 0 0 0 0 0 0 0 0 0 0 0 0 0 0 0 0 0 0 0 0 0 0 0 0 0 0 0 0 0 0 0 0 0 0 0 0 0 0 0 0 0 0 0 0 0 0 0 0 0 0 0 0 0 0 0 0 0 0 0 0 0 0 0 0 0 0 0 0 0 0 0 0 0 0 0 0 0 0 0 0 0 0 0 0 0 0 0 0 0 0 0 0 0 0 0 0 0 0 0 0 0 0 0 0 0 0 0 0 0 0 0 0 0 0 0 0 0 0 0 0 0 0 0 0 0 0 0 0 0 0 0 0 0 0 0 0 0 0 0 0 0 0 0 0 0 0 0 0 0 0 0 0 0 0 0 0 0 0 0 0 0 0 0 0 0 0 0 0 0 0 0 0 0 0 0 0 0 0 0 0 0 0 0 0 0 0 0 0 0 0 0 0 0 0 0 0 0 0 0 0 0 0 0 0 0 0 0 0 0 0 0 0 0 0 0 0 0 0 0 0 0 0 0 0 0 0 0 0 0 0 0 0 0 0 0 0 0 0 0 0 0 0 0 0 0 0 0 0 0 0 0 0 0 0 0 0 0 0 0 0 0 0 0 0 0 0 0 0 0 0 0 0 0 0 0 0 0 0 0 0 0 0 0 0 0 0 0 0 0 0 0 0 0 0 0 0 0 0 0 0 0 0 0 0 0 0 0 0 0 0 0 0 0 0 0 0 0 0 0 0 0 0 0 0 0 0 0 0 0 0 0 0 0 0 0 0 0 0 0 0 0 0 0 0 0 0 0 0 0 0 0 0 0 0 0 0 0 0 0 0 0 0 0 0 0 0 0 0 0 0 0 0 0 0 0 0 0 0 0 0 0 0 0 0 0 0 0 0 0 0 0 0 0 0 0 0 0 0 0 0 0 0 0 0 0 0 0 0 0 0 0 0 0 0 0 0 0 0 0 0 0 0 0 0 0 0 0 0 0 0 0 0 0 0 0 0 0 0 0 0 0 0 0 0 0 0 0 0 0 0 0 0 0 0 0 0 0 0 0 0 0 0 0 0 0 0 0 0 0 0 0 0 0 0 0 0 0 0 0 0 0 0 0 0 0 0 0 0 0 0 0 0 0 0 0 0 0 0 0 0 0 0 0 0 0 0 0 0 0 0 0 0 0 0 0 0 0 0 0 0 0 0 0 0 0 0 0 0 0 0 0
ctxt 5000168266
btime 1790630938
processes 572922
procs_running 2
procs_blocked 0
softirq 4554955071 73526 11281746 2753140 144524011 439514 0 13559757 49143803 421 38211857
--
cpu  3260185 1454 1584790 42950905 215737 0 775506 0 0 0
cpu0 119393 27 44293 1348385 3396 0 24468 0 0 0
cpu1 123224 31 45675 1347976 3900 0 24422 0 0 0
cpu2 124437 31 45817 1347515 3660 0 24566 0 0 0
cpu3 187354 30 64526 1251237 2639 0 39482 0 0 0
cpu4 188024 34 63345 1252701 3198 0 39468 0 0 0
cpu5 131294 32 47728 1337931 3846 0 25605 0 0 0
cpu6 131899 29 48034 1337310 3619 0 26375 0 0 0
cpu7 139764 26 51572 1323807 3211 0 29229 0 0 0
cpu8 40833 51 43034 1401819 7659 0 13308 0 0 0
cpu9 46666 57 46111 1379446 10266 0 14470 0 0 0
cpu10 44406 57 44535 1387410 8268 0 14303 0 0 0
cpu11 40656 52 40517 1406687 7144 0 12736 0 0 0
cpu12 79375 131 49727 1339815 12307 0 15614 0 0 0
cpu13 76051 63 50650 1339553 12894 0 15941 0 0 0
cpu14 40435 52 39889 1410089 6855 0 12455 0 0 0
cpu15 37638 54 36626 1423172 6856 0 11315 0 0 0
cpu16 160190 25 55869 1293679 4590 0 33089 0 0 0
cpu17 149982 24 54036 1305457 6066 0 31538 0 0 0
cpu18 144183 25 52932 1314560 4975 0 30799 0 0 0
cpu19 243029 24 76797 1174471 2748 0 49406 0 0 0
cpu20 216695 24 72190 1206418 4546 0 47212 0 0 0
cpu21 139053 28 51784 1320195 5918 0 29982 0 0 0
cpu22 131480 31 49943 1331543 5079 0 28225 0 0 0
cpu23 114527 30 44340 1360579 4595 0 23546 0 0 0
cpu24 43627 54 41309 1404949 8555 0 13426 0 0 0
cpu25 48761 57 46122 1381253 10546 0 15850 0 0 0
cpu26 46698 53 45022 1387301 9810 0 15411 0 0 0
cpu27 39455 41 40076 1397122 8524 0 21302 0 0 0
cpu28 73105 76 53441 1326372 12156 0 28356 0 0 0
cpu29 76972 114 55390 1315440 12689 0 28877 0 0 0
cpu30 38885 37 41586 1390746 7814 0 21276 0 0 0
cpu31 42080 39 41859 1405953 7391 0 13439 0 0 0
intr 3168127676 126 0 0 0 0 0 0 0 0 1 0 0 0 0 0 0 0 0 0 0 0 0 0 0 0 0 0 1 1 1 0 0 0 0 1 0 1 0 0 75045 0 0 0 0 0 0 0 0 411 0 0 0 0 0 0 0 0 87 0 0 0 0 0 0 0 0 0 0 0 0 0 0 0 420559 2 35049541 34990399 34908405 35047250 0 12833 7786 8585 7684 5945 7003 7958 8501 6483 27795 39025 29341 23513 35820 35541 23402 19824 9867 10357 9849 5362 8843 10883 10092 8610 25402 29983 27759 22957 31163 32725 20302 22079 0 0 0 0 617053 4337 1036 0 264 0 0 0 0 0 0 0 0 0 0 0 0 0 0 0 0 0 0 0 0 0 0 0 0 0 0 0 0 0 0 0 0 0 0 0 0 0 0 0 0 0 0 0 0 0 0 0 0 0 0 0 0 0 0 0 0 0 0 0 0 0 0 0 0 0 0 0 0 0 0 0 0 0 0 0 0 0 0 0 0 0 0 0 0 0 0 0 0 0 0 0 0 0 0 0 0 0 0 0 0 0 0 0 0 0 0 0 0 0 0 0 0 0 0 0 0 0 0 0 0 0 0 0 0 0 0 0 0 0 0 0 0 0 0 0 0 0 0 0 0 0 0 0 0 0 0 0 0 0 0 0 0 0 0 0 0 0 0 0 0 0 0 0 0 0 0 0 0 0 0 0 0 0 0 0 0 0 0 0 0 0 0 0 0 0 0 0 0 0 0 0 0 0 0 0 0 0 0 0 0 0 0 0 0 0 0 0 0 0 0 0 0 0 0 0 0 0 0 0 0 0 0 0 0 0 0 0 0 0 0 0 0 0 0 0 0 0 0 0 0 0 0 0 0 0 0 0 0 0 0 0 0 0 0 0 0 0 0 0 0 0 0 0 0 0 0 0 0 0 0 0 0 0 0 0 0 0 0 0 0 0 0 0 0 0 0 0 0 0 0 0 0 0 0 0 0 0 0 0 0 0 0 0 0 0 0 0 0 0 0 0 0 0 0 0 0 0 0 0 0 0 0 0 0 0 0 0 0 0 0 0 0 0 0 0 0 0 0 0 0 0 0 0 0 0 0 0 0 0 0 0 0 0 0 0 0 0 0 0 0 0 0 0 0 0 0 0 0 0 0 0 0 0 0 0 0 0 0 0 0 0 0 0 0 0 0 0 0 0 0 0 0 0 0 0 0 0 0 0 0 0 0 0 0 0 0 0 0 0 0 0 0 0 0 0 0 0 0 0 0 0 0 0 0 0 0 0 0 0 0 0 0 0 0 0 0 0 0 0 0 0 0 0 0 0 0 0 0 0 0 0 0 0 0 0 0 0 0 0 0 0 0 0 0 0 0 0 0 0 0 0 0 0 0 0 0 0 0 0 0 0 0 0 0 0 0 0 0 0 0 0 0 0 0 0 0 0 0 0 0 0 0 0 0 0 0 0 0 0 0 0 0 0 0 0 0 0 0 0 0 0 0 0 0 0 0 0 0 0 0 0 0 0 0 0 0 0 0 0 0 0 0 0 0 0 0 0 0 0 0 0 0 0 0 0 0 0 0 0 0 0 0 0 0 0 0 0 0 0 0 0 0 0 0 0 0 0 0 0 0 0 0 0 0 0 0 0 0 0 0 0 0 0 0 0 0 0 0 0 0 0 0 0 0 0 0 0 0 0 0 0 0 0 0 0 0 0 0 0 0 0 0 0 0 0 0 0 0 0 0 0 0 0 0 0 0 0 0 0 0 0 0 0 0 0 0 0 0 0 0 0 0 0 0 0 0 0 0 0 0 0 0 0 0 0 0 0 0 0 0 0 0 0 0 0 0 0 0 0 0 0 0 0 0 0 0 0 0 0 0 0 0 0 0 0 0 0 0 0 0 0 0 0 0 0 0 0 0 0 0 0 0 0 0 0 0 0 0 0 0 0 0 0 0 0 0 0 0 0 0 0 0 0 0 0 0 0 0 0 0 0 0 0 0 0 0 0 0 0 0 0 0 0 0 0 0 0 0 0 0 0 0 0 0 0 0 0 0 0 0 0 0 0 0 0 0 0 0 0 0 0 0 0 0 0 0 0 0 0 0 0 0 0 0 0 0 0 0 0 0 0 0 0 0 0 0 0 0 0 0 0 0 0 0 0 0 0 0 0 0 0 0 0 0 0 0 0 0 0 0 0 0 0 0 0 0 0 0 0 0 0 0 0 0 0 0 0 0 0 0 0 0 0 0 0 0 0 0 0 0 0 0 0 0 0 0 0 0 0 0 0 0 0 0 0 0 0 0 0 0 0 0 0 0 0 0 0 0 0 0 0 0 0 0 0 0 0 0 0 0 0 0 0 0 0 0 0 0 0 0 0 0 0 0 0 0 0 0 0 0 0 0 0 0 0 0 0 0 0 0 0 0 0 0 0 0 0 0 0 0 0 0 0 0 0 0 0 0 0 0 0 0 0 0 0 0 0 0 0 0 0 0 0 0 0 0 0 0 0 0 0 0 0 0 0 0 0 0 0 0 0 0 0 0 0 0 0 0 0 0 0 0 0 0 0 0 0 0 0 0 0 0 0 0 0 0 0 0 0 0 0 0 0 0 0 0 0 0 0 0 0 0 0 0 0 0 0 0 0 0 0 0 0 0 0 0 0 0 0 0 0 0 0 0 0 0 0 0 0 0 0 0 0 0 0 0 0 0 0 0 0 0 0 0 0 0 0 0 0 0 0 0 0 0 0 0 0 0 0 0 0 0 0 0 0 0 0 0 0 0 0 0 0 0 0 0 0 0 0 0 0 0
ctxt 5000353713
btime 1790630938
processes 573140
procs_running 1
procs_blocked 0
softirq 4555019081 73526 11284212 2753140 144574590 439825 0 13559759 49149217 421 38217095
