Running 10s test @ http://127.0.0.1:18500/usleep?ms=10
  16 threads and 128 connections
  Thread Stats   Avg      Stdev     Max   +/- Stdev
    Latency   160.98ms    5.96ms 238.43ms   98.48%
    Req/Sec    52.80     22.61    80.00     53.76%
  Latency Distribution
     50%  161.08ms
     75%  161.12ms
     90%  161.15ms
     99%  161.24ms
  7894 requests in 10.01s, 1.30MB read
Requests/sec:    788.62
Transfer/sec:    133.23KB
## server-stat
cpu  3524782 1577 1644339 47216942 378113 0 796708 0 0 0
cpu0 130894 28 46652 1481193 4703 0 25713 0 0 0
cpu1 133200 33 47694 1483098 5688 0 25240 0 0 0
cpu2 134639 33 47765 1482434 5692 0 25351 0 0 0
cpu3 210871 32 68971 1369217 4166 0 41601 0 0 0
cpu4 211226 36 67348 1371982 4744 0 41326 0 0 0
cpu5 141891 35 49850 1471795 6416 0 26467 0 0 0
cpu6 142375 32 50116 1470653 6677 0 27462 0 0 0
cpu7 148907 30 53376 1458738 6512 0 30083 0 0 0
cpu8 41257 57 43887 1542278 14473 0 13485 0 0 0
cpu9 47304 63 47055 1518041 17846 0 14705 0 0 0
cpu10 44899 63 45416 1526266 15966 0 14509 0 0 0
cpu11 41024 58 41299 1546659 14615 0 12898 0 0 0
cpu12 82452 138 50965 1475095 19994 0 15906 0 0 0
cpu13 78872 70 51939 1474579 20776 0 16254 0 0 0
cpu14 40868 58 40727 1550229 13775 0 12626 0 0 0
cpu15 37955 60 37371 1563685 14100 0 11464 0 0 0
cpu16 176656 27 58358 1422281 6284 0 33911 0 0 0
cpu17 165976 27 56559 1433880 8226 0 32480 0 0 0
cpu18 158041 27 55209 1444610 7917 0 31694 0 0 0
cpu19 276085 26 81986 1283410 3815 0 51115 0 0 0
cpu20 247387 25 77117 1317926 5689 0 48974 0 0 0
cpu21 151528 29 53902 1451405 9378 0 30771 0 0 0
cpu22 141187 33 51633 1465470 9283 0 28737 0 0 0
cpu23 122358 32 46074 1496063 8939 0 24199 0 0 0
cpu24 44148 60 42187 1544367 16589 0 13587 0 0 0
cpu25 49383 62 47113 1519865 18695 0 16067 0 0 0
cpu26 47238 57 45975 1526312 17856 0 15625 0 0 0
cpu27 39903 46 40947 1536773 16568 0 21472 0 0 0
cpu28 75274 81 54814 1461597 21074 0 28687 0 0 0
cpu29 79170 118 56790 1450454 21540 0 29223 0 0 0
cpu30 39298 44 42482 1530569 15174 0 21461 0 0 0
cpu31 42505 43 42752 1546003 14928 0 13601 0 0 0
intr 3282615643 126 0 0 0 0 0 0 0 0 1 0 0 0 0 0 0 0 0 0 0 0 0 0 0 0 0 0 1 1 1 0 0 0 0 1 0 1 0 0 75045 0 0 0 0 0 0 0 0 411 0 0 0 0 0 0 0 0 87 0 0 0 0 0 0 0 0 0 0 0 0 0 0 0 480646 2 35056894 34996030 34911817 35052889 0 14036 10750 12155 11568 8429 9748 12794 13893 10845 38331 52298 40854 34591 52583 50253 31489 28098 12624 14413 17218 7577 10999 15777 15595 13866 35881 44994 41065 33023 50820 54825 30073 32223 0 0 0 0 617153 4459 1036 0 264 0 0 0 0 0 0 0 0 0 0 0 0 0 0 0 0 0 0 0 0 0 0 0 0 0 0 0 0 0 0 0 0 0 0 0 0 0 0 0 0 0 0 0 0 0 0 0 0 0 0 0 0 0 0 0 0 0 0 0 0 0 0 0 0 0 0 0 0 0 0 0 0 0 0 0 0 0 0 0 0 0 0 0 0 0 0 0 0 0 0 0 0 0 0 0 0 0 0 0 0 0 0 0 0 0 0 0 0 0 0 0 0 0 0 0 0 0 0 0 0 0 0 0 0 0 0 0 0 0 0 0 0 0 0 0 0 0 0 0 0 0 0 0 0 0 0 0 0 0 0 0 0 0 0 0 0 0 0 0 0 0 0 0 0 0 0 0 0 0 0 0 0 0 0 0 0 0 0 0 0 0 0 0 0 0 0 0 0 0 0 0 0 0 0 0 0 0 0 0 0 0 0 0 0 0 0 0 0 0 0 0 0 0 0 0 0 0 0 0 0 0 0 0 0 0 0 0 0 0 0 0 0 0 0 0 0 0 0 0 0 0 0 0 0 0 0 0 0 0 0 0 0 0 0 0 0 0 0 0 0 0 0 0 0 0 0 0 0 0 0 0 0 0 0 0 0 0 0 0 0 0 0 0 0 0 0 0 0 0 0 0 0 0 0 0 0 0 0 0 0 0 0 0 0 0 0 0 0 0 0 0 0 0 0 0 0 0 0 0 0 0 0 0 0 0 0 0 0 0 0 0 0 0 0 0 0 0 0 0 0 0 0 0 0 0 0 0 0 0 0 0 0 0 0 0 0 0 0 0 0 0 0 0 0 0 0 0 0 0 0 0 0 0 0 0 0 0 0 0 0 0 0 0 0 0 0 0 0 0 0 0 0 0 0 0 0 0 0 0 0 0 0 0 0 0 0 0 0 0 0 0 0 0 0 0 0 0 0 0 0 0 0 0 0 0 0 0 0 0 0 0 0 0 0 0 0 0 0 0 0 0 0 0 0 0 0 0 0 0 0 0 0 0 0 0 0 0 0 0 0 0 0 0 0 0 0 0 0 0 0 0 0 0 0 0 0 0 0 0 0 0 0 0 0 0 0 0 0 0 0 0 0 0 0 0 0 0 0 0 0 0 0 0 0 0 0 0 0 0 0 0 0 0 0 0 0 0 0 0 0 0 0 0 0 0 0 0 0 0 0 0 0 0 0 0 0 0 0 0 0 0 0 0 0 0 0 0 0 0 0 0 0 0 0 0 0 0 0 0 0 0 0 0 0 0 0 0 0 0 0 0 0 0 0 0 0 0 0 0 0 0 0 0 0 0 0 0 0 0 0 0 0 0 0 0 0 0 0 0 0 0 0 0 0 0 0 0 0 0 0 0 0 0 0 0 0 0 0 0 0 0 0 0 0 0 0 0 0 0 0 0 0 0 0 0 0 0 0 0 0 0 0 0 0 0 0 0 0 0 0 0 0 0 0 0 0 0 0 0 0 0 0 0 0 0 0 0 0 0 0 0 0 0 0 0 0 0 0 0 0 0 0 0 0 0 0 0 0 0 0 0 0 0 0 0 0 0 0 0 0 0 0 0 0 0 0 0 0 0 0 0 0 0 0 0 0 0 0 0 0 0 0 0 0 0 0 0 0 0 0 0 0 0 0 0 0 0 0 0 0 0 0 0 0 0 0 0 0 0 0 0 0 0 0 0 0 0 0 0 0 0 0 0 0 0 0 0 0 0 0 0 0 0 0 0 0 0 0 0 0 0 0 0 0 0 0 0 0 0 0 0 0 0 0 0 0 0 0 0 0 0 0 0 0 0 0 0 0 0 0 0 0 0 0 0 0 0 0 0 0 0 0 0 0 0 0 0 0 0 0 0 0 0 0 0 0 0 0 0 0 0 0 0 0 0 0 0 0 0 0 0 0 0 0 0 0 0 0 0 0 0 0 0 0 0 0 0 0 0 0 0 0 0 0 0 0 0 0 0 0 0 0 0 0 0 0 0 0 0 0 0 0 0 0 0 0 0 0 0 0 0 0 0 0 0 0 0 0 0 0 0 0 0 0 0 0 0 0 0 0 0 0 0 0 0 0 0 0 0 0 0 0 0 0 0 0 0 0 0 0 0 0 0 0 0 0 0 0 0 0 0 0 0 0 0 0 0 0 0 0 0 0 0 0 0 0 0 0 0 0 0 0 0 0 0 0 0 0 0 0 0 0 0 0 0 0 0 0 0 0 0 0 0 0 0 0 0 0 0 0 0 0 0 0 0 0 0 0 0 0 0 0 0 0 0 0 0 0 0 0 0 0 0 0 0 0 0 0 0 0 0 0 0 0 0 0 0 0 0 0 0 0 0 0 0 0 0 0 0 0 0 0 0 0 0 0 0 0 0 0 0 0 0 0 0 0 0 0 0 0 0 0 0 0 0 0 0 0 0 0 0 0 0 0 0 0 0 0 0 0 0 0 0 0 0 0 0 0 0 0 0 0
ctxt 5199208891
btime 1790630938
processes 791303
procs_running 1
procs_blocked 0
softirq 4689307217 73526 12414926 2753162 268663446 501857 0 13560074 52159856 421 44212653
--
cpu  3524854 1578 1644353 47242370 378141 0 796711 0 0 0
cpu0 130895 28 46652 1481988 4703 0 25714 0 0 0
cpu1 133201 33 47694 1483894 5688 0 25240 0 0 0
cpu2 134641 33 47765 1483230 5692 0 25351 0 0 0
cpu3 210873 32 68971 1370011 4167 0 41601 0 0 0
cpu4 211227 36 67348 1372778 4744 0 41327 0 0 0
cpu5 141892 35 49851 1472592 6416 0 26467 0 0 0
cpu6 142376 32 50117 1471451 6677 0 27462 0 0 0
cpu7 148907 30 53376 1459534 6512 0 30083 0 0 0
cpu8 41258 57 43888 1543076 14473 0 13485 0 0 0
cpu9 47305 63 47055 1518838 17846 0 14705 0 0 0
cpu10 44900 63 45416 1527063 15966 0 14509 0 0 0
cpu11 41024 59 41300 1547457 14615 0 12898 0 0 0
cpu12 82485 138 50966 1475857 19994 0 15906 0 0 0
cpu13 78885 70 51940 1475359 20777 0 16254 0 0 0
cpu14 40869 58 40727 1551027 13775 0 12626 0 0 0
cpu15 37955 60 37371 1564484 14100 0 11464 0 0 0
cpu16 176656 27 58359 1423077 6284 0 33911 0 0 0
cpu17 165976 27 56559 1434677 8226 0 32480 0 0 0
cpu18 158043 27 55210 1445406 7917 0 31695 0 0 0
cpu19 276086 26 81986 1284206 3815 0 51115 0 0 0
cpu20 247388 25 77117 1318722 5689 0 48974 0 0 0
cpu21 151529 29 53902 1452203 9378 0 30771 0 0 0
cpu22 141188 33 51633 1466267 9283 0 28737 0 0 0
cpu23 122358 32 46074 1496862 8939 0 24199 0 0 0
cpu24 44148 60 42187 1545165 16589 0 13587 0 0 0
cpu25 49383 62 47113 1520664 18695 0 16067 0 0 0
cpu26 47238 57 45975 1527111 17856 0 15625 0 0 0
cpu27 39903 46 40947 1537572 16568 0 21472 0 0 0
cpu28 75276 81 54815 1462391 21074 0 28687 0 0 0
cpu29 79171 118 56791 1451225 21566 0 29223 0 0 0
cpu30 39298 44 42483 1531367 15174 0 21461 0 0 0
cpu31 42505 43 42752 1546801 14928 0 13601 0 0 0
intr 3282791862 126 0 0 0 0 0 0 0 0 1 0 0 0 0 0 0 0 0 0 0 0 0 0 0 0 0 0 1 1 1 0 0 0 0 1 0 1 0 0 75045 0 0 0 0 0 0 0 0 411 0 0 0 0 0 0 0 0 87 0 0 0 0 0 0 0 0 0 0 0 0 0 0 0 480889 2 35056932 34996056 34911832 35052913 0 14044 10750 12155 11568 8429 9748 12794 13893 10845 38331 52304 40855 34591 52583 50253 31489 28098 12625 14413 17218 7577 10999 15777 15595 13866 35881 44995 41065 33023 50820 54826 30073 32223 0 0 0 0 617153 4459 1036 0 264 0 0 0 0 0 0 0 0 0 0 0 0 0 0 0 0 0 0 0 0 0 0 0 0 0 0 0 0 0 0 0 0 0 0 0 0 0 0 0 0 0 0 0 0 0 0 0 0 0 0 0 0 0 0 0 0 0 0 0 0 0 0 0 0 0 0 0 0 0 0 0 0 0 0 0 0 0 0 0 0 0 0 0 0 0 0 0 0 0 0 0 0 0 0 0 0 0 0 0 0 0 0 0 0 0 0 0 0 0 0 0 0 0 0 0 0 0 0 0 0 0 0 0 0 0 0 0 0 0 0 0 0 0 0 0 0 0 0 0 0 0 0 0 0 0 0 0 0 0 0 0 0 0 0 0 0 0 0 0 0 0 0 0 0 0 0 0 0 0 0 0 0 0 0 0 0 0 0 0 0 0 0 0 0 0 0 0 0 0 0 0 0 0 0 0 0 0 0 0 0 0 0 0 0 0 0 0 0 0 0 0 0 0 0 0 0 0 0 0 0 0 0 0 0 0 0 0 0 0 0 0 0 0 0 0 0 0 0 0 0 0 0 0 0 0 0 0 0 0 0 0 0 0 0 0 0 0 0 0 0 0 0 0 0 0 0 0 0 0 0 0 0 0 0 0 0 0 0 0 0 0 0 0 0 0 0 0 0 0 0 0 0 0 0 0 0 0 0 0 0 0 0 0 0 0 0 0 0 0 0 0 0 0 0 0 0 0 0 0 0 0 0 0 0 0 0 0 0 0 0 0 0 0 0 0 0 0 0 0 0 0 0 0 0 0 0 0 0 0 0 0 0 0 0 0 0 0 0 0 0 0 0 0 0 0 0 0 0 0 0 0 0 0 0 0 0 0 0 0 0 0 0 0 0 0 0 0 0 0 0 0 0 0 0 0 0 0 0 0 0 0 0 0 0 0 0 0 0 0 0 0 0 0 0 0 0 0 0 0 0 0 0 0 0 0 0 0 0 0 0 0 0 0 0 0 0 0 0 0 0 0 0 0 0 0 0 0 0 0 0 0 0 0 0 0 0 0 0 0 0 0 0 0 0 0 0 0 0 0 0 0 0 0 0 0 0 0 0 0 0 0 0 0 0 0 0 0 0 0 0 0 0 0 0 0 0 0 0 0 0 0 0 0 0 0 0 0 0 0 0 0 0 0 0 0 0 0 0 0 0 0 0 0 0 0 0 0 0 0 0 0 0 0 0 0 0 0 0 0 0 0 0 0 0 0 0 0 0 0 0 0 0 0 0 0 0 0 0 0 0 0 0 0 0 0 0 0 0 0 0 0 0 0 0 0 0 0 0 0 0 0 0 0 0 0 0 0 0 0 0 0 0 0 0 0 0 0 0 0 0 0 0 0 0 0 0 0 0 0 0 0 0 0 0 0 0 0 0 0 0 0 0 0 0 0 0 0 0 0 0 0 0 0 0 0 0 0 0 0 0 0 0 0 0 0 0 0 0 0 0 0 0 0 0 0 0 0 0 0 0 0 0 0 0 0 0 0 0 0 0 0 0 0 0 0 0 0 0 0 0 0 0 0 0 0 0 0 0 0 0 0 0 0 0 0 0 0 0 0 0 0 0 0 0 0 0 0 0 0 0 0 0 0 0 0 0 0 0 0 0 0 0 0 0 0 0 0 0 0 0 0 0 0 0 0 0 0 0 0 0 0 0 0 0 0 0 0 0 0 0 0 0 0 0 0 0 0 0 0 0 0 0 0 0 0 0 0 0 0 0 0 0 0 0 0 0 0 0 0 0 0 0 0 0 0 0 0 0 0 0 0 0 0 0 0 0 0 0 0 0 0 0 0 0 0 0 0 0 0 0 0 0 0 0 0 0 0 0 0 0 0 0 0 0 0 0 0 0 0 0 0 0 0 0 0 0 0 0 0 0 0 0 0 0 0 0 0 0 0 0 0 0 0 0 0 0 0 0 0 0 0 0 0 0 0 0 0 0 0 0 0 0 0 0 0 0 0 0 0 0 0 0 0 0 0 0 0 0 0 0 0 0 0 0 0 0 0 0 0 0 0 0 0 0 0 0 0 0 0 0 0 0 0 0 0 0 0 0 0 0 0 0 0 0 0 0 0 0 0 0 0 0 0 0 0 0 0 0 0 0 0 0 0 0 0 0 0 0 0 0 0 0 0 0 0 0 0 0 0 0 0 0 0 0 0 0 0 0 0 0 0 0 0 0 0 0 0 0 0 0 0 0 0 0 0 0 0 0 0 0 0 0 0 0 0 0 0 0 0 0 0 0 0 0 0 0 0 0 0 0 0 0 0 0 0 0 0 0 0 0 0 0 0 0 0 0 0 0 0 0 0 0 0 0 0 0 0 0 0 0 0 0 0 0 0 0 0 0 0 0 0 0 0 0 0 0 0 0 0 0 0 0 0 0 0 0 0 0 0 0 0 0 0 0 0 0 0 0 0 0 0 0 0 0 0 0 0 0 0 0 0 0 0 0 0 0 0 0 0 0 0 0
ctxt 5199504463
btime 1790630938
processes 791383
procs_running 1
procs_blocked 0
softirq 4689350541 73526 12422782 2753162 268681465 502118 0 13560074 52168377 421 44221320
