Running 10s test @ http://127.0.0.1:18500/json
  16 threads and 32 connections
  Thread Stats   Avg      Stdev     Max   +/- Stdev
    Latency     1.21ms  490.12us   4.22ms   72.88%
    Req/Sec     1.67k   458.88     3.65k    83.71%
  Latency Distribution
     50%    1.46ms
     75%    1.62ms
     90%    1.64ms
     99%    2.62ms
  266816 requests in 10.10s, 46.82MB read
Requests/sec:  26417.45
Transfer/sec:      4.64MB
## server-stat
cpu  3241758 1432 1578349 42209837 152086 0 774184 0 0 0
cpu0 118836 27 44140 1324236 2427 0 24401 0 0 0
cpu1 122927 31 45540 1323746 2621 0 24393 0 0 0
cpu2 124215 31 45694 1323177 2352 0 24549 0 0 0
cpu3 183853 30 63710 1230337 2081 0 39234 0 0 0
cpu4 186042 34 62962 1230334 2083 0 39280 0 0 0
cpu5 131076 32 47609 1313677 2438 0 25591 0 0 0
cpu6 131776 29 47913 1312866 2281 0 26362 0 0 0
cpu7 139667 26 51462 1299211 1979 0 29220 0 0 0
cpu8 40773 50 42934 1378246 5418 0 13303 0 0 0
cpu9 46552 56 45993 1356165 7958 0 14461 0 0 0
cpu10 44325 56 44421 1364033 5956 0 14298 0 0 0
cpu11 40601 51 40417 1383228 4815 0 12733 0 0 0
cpu12 78896 131 49571 1317254 9779 0 15602 0 0 0
cpu13 75539 62 50478 1317107 10303 0 15926 0 0 0
cpu14 40370 50 39776 1386468 4805 0 12449 0 0 0
cpu15 37593 53 36517 1399537 4710 0 11311 0 0 0
cpu16 159837 25 55712 1269900 2875 0 33072 0 0 0
cpu17 149756 24 53888 1281760 4142 0 31521 0 0 0
cpu18 144008 24 52792 1290842 3002 0 30785 0 0 0
cpu19 238581 24 75827 1154972 1910 0 49130 0 0 0
cpu20 213487 24 71610 1185984 2999 0 46932 0 0 0
cpu21 138897 27 51640 1296545 3849 0 29967 0 0 0
cpu22 131367 30 49807 1307617 3219 0 28215 0 0 0
cpu23 114431 30 44220 1336358 2991 0 23541 0 0 0
cpu24 43537 53 41176 1382071 5667 0 13422 0 0 0
cpu25 48658 57 45991 1358386 7702 0 15845 0 0 0
cpu26 46605 51 44895 1364412 6939 0 15406 0 0 0
cpu27 39373 40 39949 1374055 5756 0 21298 0 0 0
cpu28 72742 75 53278 1304053 9153 0 28347 0 0 0
cpu29 76596 113 55219 1293118 9711 0 28866 0 0 0
cpu30 38820 36 41459 1367351 5432 0 21274 0 0 0
cpu31 42009 38 41736 1382775 4717 0 13437 0 0 0
intr 3153715211 126 0 0 0 0 0 0 0 0 1 0 0 0 0 0 0 0 0 0 0 0 0 0 0 0 0 0 1 1 1 0 0 0 0 1 0 1 0 0 75045 0 0 0 0 0 0 0 0 411 0 0 0 0 0 0 0 0 87 0 0 0 0 0 0 0 0 0 0 0 0 0 0 0 409114 2 35048667 34989775 34907817 35046648 0 12620 6556 7048 6068 5156 5645 6093 6996 5204 24964 35870 26174 20870 30403 31681 21306 17536 8000 8271 7692 4417 7001 8800 8283 6593 22395 25792 24087 20123 25689 26336 17406 19341 0 0 0 0 617033 4319 1036 0 264 0 0 0 0 0 0 0 0 0 0 0 0 0 0 0 0 0 0 0 0 0 0 0 0 0 0 0 0 0 0 0 0 0 0 0 0 0 0 0 0 0 0 0 0 0 0 0 0 0 0 0 0 0 0 0 0 0 0 0 0 0 0 0 0 0 0 0 0 0 0 0 0 0 0 0 0 0 0 0 0 0 0 0 0 0 0 0 0 0 0 0 0 0 0 0 0 0 0 0 0 0 0 0 0 0 0 0 0 0 0 0 0 0 0 0 0 0 0 0 0 0 0 0 0 0 0 0 0 0 0 0 0 0 0 0 0 0 0 0 0 0 0 0 0 0 0 0 0 0 0 0 0 0 0 0 0 0 0 0 0 0 0 0 0 0 0 0 0 0 0 0 0 0 0 0 0 0 0 0 0 0 0 0 0 0 0 0 0 0 0 0 0 0 0 0 0 0 0 0 0 0 0 0 0 0 0 0 0 0 0 0 0 0 0 0 0 0 0 0 0 0 0 0 0 0 0 0 0 0 0 0 0 0 0 0 0 0 0 0 0 0 0 0 0 0 0 0 0 0 0 0 0 0 0 0 0 0 0 0 0 0 0 0 0 0 0 0 0 0 0 0 0 0 0 0 0 0 0 0 0 0 0 0 0 0 0 0 0 0 0 0 0 0 0 0 0 0 0 0 0 0 0 0 0 0 0 0 0 0 0 0 0 0 0 0 0 0 0 0 0 0 0 0 0 0 0 0 0 0 0 0 0 0 0 0 0 0 0 0 0 0 0 0 0 0 0 0 0 0 0 0 0 0 0 0 0 0 0 0 0 0 0 0 0 0 0 0 0 0 0 0 0 0 0 0 0 0 0 0 0 0 0 0 0 0 0 0 0 0 0 0 0 0 0 0 0 0 0 0 0 0 0 0 0 0 0 0 0 0 0 0 0 0 0 0 0 0 0 0 0 0 0 0 0 0 0 0 0 0 0 0 0 0 0 0 0 0 0 0 0 0 0 0 0 0 0 0 0 0 0 0 0 0 0 0 0 0 0 0 0 0 0 0 0 0 0 0 0 0 0 0 0 0 0 0 0 0 0 0 0 0 0 0 0 0 0 0 0 0 0 0 0 0 0 0 0 0 0 0 0 0 0 0 0 0 0 0 0 0 0 0 0 0 0 0 0 0 0 0 0 0 0 0 0 0 0 0 0 0 0 0 0 0 0 0 0 0 0 0 0 0 0 0 0 0 0 0 0 0 0 0 0 0 0 0 0 0 0 0 0 0 0 0 0 0 0 0 0 0 0 0 0 0 0 0 0 0 0 0 0 0 0 0 0 0 0 0 0 0 0 0 0 0 0 0 0 0 0 0 0 0 0 0 0 0 0 0 0 0 0 0 0 0 0 0 0 0 0 0 0 0 0 0 0 0 0 0 0 0 0 0 0 0 0 0 0 0 0 0 0 0 0 0 0 0 0 0 0 0 0 0 0 0 0 0 0 0 0 0 0 0 0 0 0 0 0 0 0 0 0 0 0 0 0 0 0 0 0 0 0 0 0 0 0 0 0 0 0 0 0 0 0 0 0 0 0 0 0 0 0 0 0 0 0 0 0 0 0 0 0 0 0 0 0 0 0 0 0 0 0 0 0 0 0 0 0 0 0 0 0 0 0 0 0 0 0 0 0 0 0 0 0 0 0 0 0 0 0 0 0 0 0 0 0 0 0 0 0 0 0 0 0 0 0 0 0 0 0 0 0 0 0 0 0 0 0 0 0 0 0 0 0 0 0 0 0 0 0 0 0 0 0 0 0 0 0 0 0 0 0 0 0 0 0 0 0 0 0 0 0 0 0 0 0 0 0 0 0 0 0 0 0 0 0 0 0 0 0 0 0 0 0 0 0 0 0 0 0 0 0 0 0 0 0 0 0 0 0 0 0 0 0 0 0 0 0 0 0 0 0 0 0 0 0 0 0 0 0 0 0 0 0 0 0 0 0 0 0 0 0 0 0 0 0 0 0 0 0 0 0 0 0 0 0 0 0 0 0 0 0 0 0 0 0 0 0 0 0 0 0 0 0 0 0 0 0 0 0 0 0 0 0 0 0 0 0 0 0 0 0 0 0 0 0 0 0 0 0 0 0 0 0 0 0 0 0 0 0 0 0 0 0 0 0 0 0 0 0 0 0 0 0 0 0 0 0 0 0 0 0 0 0 0 0 0 0 0 0 0 0 0 0 0 0 0 0 0 0 0 0 0 0 0 0 0 0 0 0 0 0 0 0 0 0 0 0 0 0 0 0 0 0 0 0 0 0 0 0 0 0 0 0 0 0 0 0 0 0 0 0 0 0 0 0 0 0 0 0 0 0 0 0 0 0 0 0 0 0 0 0 0 0 0 0 0 0 0 0 0 0 0 0 0 0 0 0 0 0 0 0 0 0 0 0 0 0 0 0 0 0 0 0 0 0 0 0 0 0 0 0 0 0 0 0 0 0 0 0 0 0 0 0
ctxt 4974720159
btime 1790630938
processes 528163
procs_running 3
procs_blocked 0
softirq 4543799554 73526 11135500 2753138 134607116 428018 0 13559711 48782871 421 37491957
--
cpu  3243077 1432 1578610 42233572 152103 0 774271 0 0 0
cpu0 118839 27 44141 1325021 2427 0 24402 0 0 0
cpu1 122927 31 45540 1324545 2621 0 24393 0 0 0
cpu2 124215 31 45694 1323976 2352 0 24549 0 0 0
cpu3 183932 30 63726 1231037 2081 0 39239 0 0 0
cpu4 186171 34 62989 1230968 2083 0 39289 0 0 0
cpu5 131076 32 47609 1314476 2438 0 25591 0 0 0
cpu6 131776 29 47913 1313665 2281 0 26362 0 0 0
cpu7 139667 26 51462 1300010 1979 0 29220 0 0 0
cpu8 40773 50 42934 1379042 5418 0 13303 0 0 0
cpu9 46555 56 45994 1356949 7958 0 14462 0 0 0
cpu10 44326 56 44421 1364826 5956 0 14298 0 0 0
cpu11 40601 51 40417 1384021 4815 0 12733 0 0 0
cpu12 78919 131 49574 1318015 9779 0 15602 0 0 0
cpu13 75553 62 50479 1317857 10317 0 15927 0 0 0
cpu14 40371 50 39776 1387251 4805 0 12449 0 0 0
cpu15 37593 53 36517 1400330 4710 0 11311 0 0 0
cpu16 159837 25 55712 1270700 2875 0 33072 0 0 0
cpu17 149756 24 53888 1282559 4142 0 31521 0 0 0
cpu18 144008 24 52792 1291640 3002 0 30785 0 0 0
cpu19 239130 24 75936 1155076 1910 0 49167 0 0 0
cpu20 213993 24 71705 1186149 2999 0 46965 0 0 0
cpu21 138897 27 51640 1297344 3849 0 29967 0 0 0
cpu22 131367 30 49807 1308416 3219 0 28215 0 0 0
cpu23 114431 30 44220 1337158 2991 0 23541 0 0 0
cpu24 43537 53 41176 1382866 5667 0 13422 0 0 0
cpu25 48658 57 45991 1359180 7702 0 15845 0 0 0
cpu26 46605 51 44895 1365208 6939 0 15406 0 0 0
cpu27 39374 40 39950 1374853 5756 0 21298 0 0 0
cpu28 72742 75 53279 1304825 9154 0 28347 0 0 0
cpu29 76603 113 55221 1293883 9712 0 28867 0 0 0
cpu30 38821 36 41460 1368137 5432 0 21274 0 0 0
cpu31 42011 38 41736 1383570 4717 0 13437 0 0 0
intr 3154039373 126 0 0 0 0 0 0 0 0 1 0 0 0 0 0 0 0 0 0 0 0 0 0 0 0 0 0 1 1 1 0 0 0 0 1 0 1 0 0 75045 0 0 0 0 0 0 0 0 411 0 0 0 0 0 0 0 0 87 0 0 0 0 0 0 0 0 0 0 0 0 0 0 0 409269 2 35048686 34989796 34907848 35046679 0 12624 6556 7048 6068 5156 5645 6093 6996 5204 24964 35870 26174 20870 30403 31682 21306 17536 8000 8271 7695 4417 7001 8800 8283 6593 22395 25792 24087 20123 26175 26911 17406 19342 0 0 0 0 617033 4319 1036 0 264 0 0 0 0 0 0 0 0 0 0 0 0 0 0 0 0 0 0 0 0 0 0 0 0 0 0 0 0 0 0 0 0 0 0 0 0 0 0 0 0 0 0 0 0 0 0 0 0 0 0 0 0 0 0 0 0 0 0 0 0 0 0 0 0 0 0 0 0 0 0 0 0 0 0 0 0 0 0 0 0 0 0 0 0 0 0 0 0 0 0 0 0 0 0 0 0 0 0 0 0 0 0 0 0 0 0 0 0 0 0 0 0 0 0 0 0 0 0 0 0 0 0 0 0 0 0 0 0 0 0 0 0 0 0 0 0 0 0 0 0 0 0 0 0 0 0 0 0 0 0 0 0 0 0 0 0 0 0 0 0 0 0 0 0 0 0 0 0 0 0 0 0 0 0 0 0 0 0 0 0 0 0 0 0 0 0 0 0 0 0 0 0 0 0 0 0 0 0 0 0 0 0 0 0 0 0 0 0 0 0 0 0 0 0 0 0 0 0 0 0 0 0 0 0 0 0 0 0 0 0 0 0 0 0 0 0 0 0 0 0 0 0 0 0 0 0 0 0 0 0 0 0 0 0 0 0 0 0 0 0 0 0 0 0 0 0 0 0 0 0 0 0 0 0 0 0 0 0 0 0 0 0 0 0 0 0 0 0 0 0 0 0 0 0 0 0 0 0 0 0 0 0 0 0 0 0 0 0 0 0 0 0 0 0 0 0 0 0 0 0 0 0 0 0 0 0 0 0 0 0 0 0 0 0 0 0 0 0 0 0 0 0 0 0 0 0 0 0 0 0 0 0 0 0 0 0 0 0 0 0 0 0 0 0 0 0 0 0 0 0 0 0 0 0 0 0 0 0 0 0 0 0 0 0 0 0 0 0 0 0 0 0 0 0 0 0 0 0 0 0 0 0 0 0 0 0 0 0 0 0 0 0 0 0 0 0 0 0 0 0 0 0 0 0 0 0 0 0 0 0 0 0 0 0 0 0 0 0 0 0 0 0 0 0 0 0 0 0 0 0 0 0 0 0 0 0 0 0 0 0 0 0 0 0 0 0 0 0 0 0 0 0 0 0 0 0 0 0 0 0 0 0 0 0 0 0 0 0 0 0 0 0 0 0 0 0 0 0 0 0 0 0 0 0 0 0 0 0 0 0 0 0 0 0 0 0 0 0 0 0 0 0 0 0 0 0 0 0 0 0 0 0 0 0 0 0 0 0 0 0 0 0 0 0 0 0 0 0 0 0 0 0 0 0 0 0 0 0 0 0 0 0 0 0 0 0 0 0 0 0 0 0 0 0 0 0 0 0 0 0 0 0 0 0 0 0 0 0 0 0 0 0 0 0 0 0 0 0 0 0 0 0 0 0 0 0 0 0 0 0 0 0 0 0 0 0 0 0 0 0 0 0 0 0 0 0 0 0 0 0 0 0 0 0 0 0 0 0 0 0 0 0 0 0 0 0 0 0 0 0 0 0 0 0 0 0 0 0 0 0 0 0 0 0 0 0 0 0 0 0 0 0 0 0 0 0 0 0 0 0 0 0 0 0 0 0 0 0 0 0 0 0 0 0 0 0 0 0 0 0 0 0 0 0 0 0 0 0 0 0 0 0 0 0 0 0 0 0 0 0 0 0 0 0 0 0 0 0 0 0 0 0 0 0 0 0 0 0 0 0 0 0 0 0 0 0 0 0 0 0 0 0 0 0 0 0 0 0 0 0 0 0 0 0 0 0 0 0 0 0 0 0 0 0 0 0 0 0 0 0 0 0 0 0 0 0 0 0 0 0 0 0 0 0 0 0 0 0 0 0 0 0 0 0 0 0 0 0 0 0 0 0 0 0 0 0 0 0 0 0 0 0 0 0 0 0 0 0 0 0 0 0 0 0 0 0 0 0 0 0 0 0 0 0 0 0 0 0 0 0 0 0 0 0 0 0 0 0 0 0 0 0 0 0 0 0 0 0 0 0 0 0 0 0 0 0 0 0 0 0 0 0 0 0 0 0 0 0 0 0 0 0 0 0 0 0 0 0 0 0 0 0 0 0 0 0 0 0 0 0 0 0 0 0 0 0 0 0 0 0 0 0 0 0 0 0 0 0 0 0 0 0 0 0 0 0 0 0 0 0 0 0 0 0 0 0 0 0 0 0 0 0 0 0 0 0 0 0 0 0 0 0 0 0 0 0 0 0 0 0 0 0 0 0 0 0 0 0 0 0 0 0 0 0 0 0 0 0 0 0 0 0 0 0 0 0 0 0 0 0 0 0 0 0 0 0 0 0 0 0 0 0 0 0 0 0 0 0 0 0 0 0 0 0 0 0 0 0 0 0 0 0 0 0 0 0 0 0 0 0 0 0 0 0 0 0 0 0 0 0 0 0 0 0 0 0 0 0 0 0 0 0 0 0 0 0 0 0 0 0 0 0 0 0 0 0 0 0 0 0 0 0 0 0 0 0 0 0 0 0 0 0 0 0 0 0 0 0 0 0 0 0
ctxt 4975269742
btime 1790630938
processes 528214
procs_running 3
procs_blocked 0
softirq 4544302128 73526 11139116 2753138 135029904 428181 0 13559711 48793490 421 37557345
