Running 10s test @ http://127.0.0.1:18500/counter
  16 threads and 32 connections
  Thread Stats   Avg      Stdev     Max   +/- Stdev
    Latency    22.08ms    4.04ms  97.76ms   95.32%
    Req/Sec    91.10      9.99   161.00     70.12%
  Latency Distribution
     50%   21.56ms
     75%   23.66ms
     90%   24.42ms
     99%   34.33ms
  14641 requests in 10.10s, 15.36MB read
Requests/sec:   1449.60
Transfer/sec:      1.52MB
## server-stat
cpu  3224689 1412 1574501 41543918 125018 0 773835 0 0 0
cpu0 118537 27 44055 1302804 2043 0 24361 0 0 0
cpu1 122781 30 45466 1302155 2113 0 24387 0 0 0
cpu2 124120 30 45632 1301506 1851 0 24546 0 0 0
cpu3 181184 29 63376 1211210 1925 0 39197 0 0 0
cpu4 183452 33 62708 1211228 1703 0 39246 0 0 0
cpu5 130987 31 47542 1292011 1923 0 25589 0 0 0
cpu6 131709 28 47850 1291215 1715 0 26361 0 0 0
cpu7 139616 26 51407 1277460 1490 0 29220 0 0 0
cpu8 40717 49 42864 1357045 4448 0 13301 0 0 0
cpu9 46465 55 45907 1335138 6884 0 14459 0 0 0
cpu10 44260 54 44341 1342985 4864 0 14295 0 0 0
cpu11 40556 50 40350 1362067 3775 0 12731 0 0 0
cpu12 78461 130 49450 1296593 8746 0 15596 0 0 0
cpu13 75144 61 50362 1296569 9095 0 15921 0 0 0
cpu14 40319 49 39699 1365347 3742 0 12448 0 0 0
cpu15 37559 51 36447 1378322 3707 0 11310 0 0 0
cpu16 159684 24 55632 1248488 2190 0 33068 0 0 0
cpu17 149659 24 53810 1260394 3355 0 31519 0 0 0
cpu18 143934 24 52721 1269472 2188 0 30783 0 0 0
cpu19 233220 24 75175 1138997 1664 0 49028 0 0 0
cpu20 210525 23 71253 1167606 2423 0 46856 0 0 0
cpu21 138817 26 51561 1275120 3093 0 29965 0 0 0
cpu22 131310 30 49734 1286143 2481 0 28213 0 0 0
cpu23 114384 29 44159 1314835 2277 0 23540 0 0 0
cpu24 43474 52 41098 1361032 4529 0 13421 0 0 0
cpu25 48581 56 45901 1337568 6363 0 15843 0 0 0
cpu26 46528 51 44804 1343573 5615 0 15404 0 0 0
cpu27 39318 39 39864 1352955 4655 0 21298 0 0 0
cpu28 72469 75 53174 1283524 7764 0 28344 0 0 0
cpu29 76170 113 55109 1272710 8356 0 28862 0 0 0
cpu30 38776 36 41384 1346280 4288 0 21272 0 0 0
cpu31 41961 37 41653 1361549 3739 0 13436 0 0 0
intr 3147701411 126 0 0 0 0 0 0 0 0 1 0 0 0 0 0 0 0 0 0 0 0 0 0 0 0 0 0 1 1 1 0 0 0 0 1 0 1 0 0 75045 0 0 0 0 0 0 0 0 411 0 0 0 0 0 0 0 0 87 0 0 0 0 0 0 0 0 0 0 0 0 0 0 0 398514 2 35047686 34988902 34906845 35045887 0 12440 5155 5949 5007 4624 5083 5221 5835 4227 22366 32343 22540 17748 27295 28111 18605 14906 6460 6414 5952 4116 5873 7267 6662 5162 18875 21639 19633 16862 20748 22021 14268 16300 0 0 0 0 617021 4302 1036 0 264 0 0 0 0 0 0 0 0 0 0 0 0 0 0 0 0 0 0 0 0 0 0 0 0 0 0 0 0 0 0 0 0 0 0 0 0 0 0 0 0 0 0 0 0 0 0 0 0 0 0 0 0 0 0 0 0 0 0 0 0 0 0 0 0 0 0 0 0 0 0 0 0 0 0 0 0 0 0 0 0 0 0 0 0 0 0 0 0 0 0 0 0 0 0 0 0 0 0 0 0 0 0 0 0 0 0 0 0 0 0 0 0 0 0 0 0 0 0 0 0 0 0 0 0 0 0 0 0 0 0 0 0 0 0 0 0 0 0 0 0 0 0 0 0 0 0 0 0 0 0 0 0 0 0 0 0 0 0 0 0 0 0 0 0 0 0 0 0 0 0 0 0 0 0 0 0 0 0 0 0 0 0 0 0 0 0 0 0 0 0 0 0 0 0 0 0 0 0 0 0 0 0 0 0 0 0 0 0 0 0 0 0 0 0 0 0 0 0 0 0 0 0 0 0 0 0 0 0 0 0 0 0 0 0 0 0 0 0 0 0 0 0 0 0 0 0 0 0 0 0 0 0 0 0 0 0 0 0 0 0 0 0 0 0 0 0 0 0 0 0 0 0 0 0 0 0 0 0 0 0 0 0 0 0 0 0 0 0 0 0 0 0 0 0 0 0 0 0 0 0 0 0 0 0 0 0 0 0 0 0 0 0 0 0 0 0 0 0 0 0 0 0 0 0 0 0 0 0 0 0 0 0 0 0 0 0 0 0 0 0 0 0 0 0 0 0 0 0 0 0 0 0 0 0 0 0 0 0 0 0 0 0 0 0 0 0 0 0 0 0 0 0 0 0 0 0 0 0 0 0 0 0 0 0 0 0 0 0 0 0 0 0 0 0 0 0 0 0 0 0 0 0 0 0 0 0 0 0 0 0 0 0 0 0 0 0 0 0 0 0 0 0 0 0 0 0 0 0 0 0 0 0 0 0 0 0 0 0 0 0 0 0 0 0 0 0 0 0 0 0 0 0 0 0 0 0 0 0 0 0 0 0 0 0 0 0 0 0 0 0 0 0 0 0 0 0 0 0 0 0 0 0 0 0 0 0 0 0 0 0 0 0 0 0 0 0 0 0 0 0 0 0 0 0 0 0 0 0 0 0 0 0 0 0 0 0 0 0 0 0 0 0 0 0 0 0 0 0 0 0 0 0 0 0 0 0 0 0 0 0 0 0 0 0 0 0 0 0 0 0 0 0 0 0 0 0 0 0 0 0 0 0 0 0 0 0 0 0 0 0 0 0 0 0 0 0 0 0 0 0 0 0 0 0 0 0 0 0 0 0 0 0 0 0 0 0 0 0 0 0 0 0 0 0 0 0 0 0 0 0 0 0 0 0 0 0 0 0 0 0 0 0 0 0 0 0 0 0 0 0 0 0 0 0 0 0 0 0 0 0 0 0 0 0 0 0 0 0 0 0 0 0 0 0 0 0 0 0 0 0 0 0 0 0 0 0 0 0 0 0 0 0 0 0 0 0 0 0 0 0 0 0 0 0 0 0 0 0 0 0 0 0 0 0 0 0 0 0 0 0 0 0 0 0 0 0 0 0 0 0 0 0 0 0 0 0 0 0 0 0 0 0 0 0 0 0 0 0 0 0 0 0 0 0 0 0 0 0 0 0 0 0 0 0 0 0 0 0 0 0 0 0 0 0 0 0 0 0 0 0 0 0 0 0 0 0 0 0 0 0 0 0 0 0 0 0 0 0 0 0 0 0 0 0 0 0 0 0 0 0 0 0 0 0 0 0 0 0 0 0 0 0 0 0 0 0 0 0 0 0 0 0 0 0 0 0 0 0 0 0 0 0 0 0 0 0 0 0 0 0 0 0 0 0 0 0 0 0 0 0 0 0 0 0 0 0 0 0 0 0 0 0 0 0 0 0 0 0 0 0 0 0 0 0 0 0 0 0 0 0 0 0 0 0 0 0 0 0 0 0 0 0 0 0 0 0 0 0 0 0 0 0 0 0 0 0 0 0 0 0 0 0 0 0 0 0 0 0 0 0 0 0 0 0 0 0 0 0 0 0 0 0 0 0 0 0 0 0 0 0 0 0 0 0 0 0 0 0 0 0 0 0 0 0 0 0 0 0 0 0 0 0 0 0 0 0 0 0 0 0 0 0 0 0 0 0 0 0 0 0 0 0 0 0 0 0 0 0 0 0 0 0 0 0 0 0 0 0 0 0 0 0 0 0 0 0 0 0 0 0 0 0 0 0 0 0 0 0 0 0 0 0 0 0 0 0 0 0 0 0 0 0 0 0 0 0 0 0 0 0 0 0 0 0 0 0 0 0 0 0 0 0 0 0 0 0 0 0 0 0 0 0 0 0 0 0 0 0 0 0 0 0 0 0 0 0 0 0 0 0 0 0 0 0 0 0 0 0 0 0 0 0 0 0 0 0 0 0 0 0 0 0 0 0 0 0 0 0 0 0 0 0
ctxt 4965290315
btime 1790630938
processes 493835
procs_running 2
procs_blocked 2
softirq 4541220187 73526 11013177 2753132 133071926 417112 0 13559673 48482215 421 36881709
--
cpu  3225656 1413 1574653 41565943 127343 0 773855 0 0 0
cpu0 118584 27 44061 1303496 2083 0 24373 0 0 0
cpu1 122792 30 45470 1302897 2152 0 24388 0 0 0
cpu2 124132 30 45633 1302270 1870 0 24546 0 0 0
cpu3 181288 29 63389 1211886 1931 0 39197 0 0 0
cpu4 183623 34 62727 1211810 1727 0 39246 0 0 0
cpu5 130998 31 47545 1292732 1983 0 25589 0 0 0
cpu6 131713 28 47852 1291920 1802 0 26361 0 0 0
cpu7 139619 26 51408 1278218 1525 0 29220 0 0 0
cpu8 40718 49 42865 1357763 4522 0 13302 0 0 0
cpu9 46468 55 45908 1335862 6952 0 14459 0 0 0
cpu10 44261 54 44343 1343647 4997 0 14295 0 0 0
cpu11 40556 50 40351 1362757 3881 0 12731 0 0 0
cpu12 78472 130 49454 1297279 8841 0 15596 0 0 0
cpu13 75155 61 50364 1297233 9211 0 15921 0 0 0
cpu14 40320 50 39701 1366085 3797 0 12448 0 0 0
cpu15 37559 51 36448 1379045 3779 0 11310 0 0 0
cpu16 159693 24 55635 1249233 2228 0 33068 0 0 0
cpu17 149665 24 53812 1261113 3423 0 31519 0 0 0
cpu18 143938 24 52724 1270181 2267 0 30784 0 0 0
cpu19 233670 24 75223 1139281 1678 0 49029 0 0 0
cpu20 210597 23 71262 1168267 2477 0 46857 0 0 0
cpu21 138822 26 51563 1275851 3153 0 29965 0 0 0
cpu22 131313 30 49736 1286883 2532 0 28213 0 0 0
cpu23 114386 29 44160 1315587 2317 0 23540 0 0 0
cpu24 43475 52 41099 1361713 4642 0 13421 0 0 0
cpu25 48581 56 45903 1338240 6485 0 15843 0 0 0
cpu26 46528 51 44805 1344251 5732 0 15404 0 0 0
cpu27 39318 39 39866 1353659 4747 0 21298 0 0 0
cpu28 72474 75 53177 1284174 7902 0 28344 0 0 0
cpu29 76189 113 55113 1273375 8464 0 28862 0 0 0
cpu30 38777 36 41385 1346984 4380 0 21272 0 0 0
cpu31 41961 37 41654 1362237 3846 0 13436 0 0 0
intr 3148013571 126 0 0 0 0 0 0 0 0 1 0 0 0 0 0 0 0 0 0 0 0 0 0 0 0 0 0 1 1 1 0 0 0 0 1 0 1 0 0 75045 0 0 0 0 0 0 0 0 411 0 0 0 0 0 0 0 0 87 0 0 0 0 0 0 0 0 0 0 0 0 0 0 0 399221 2 35047738 34988955 34906886 35045926 0 12448 5353 6089 5075 4635 5128 5361 6049 4389 22814 32816 23202 18375 27716 28714 18859 15252 6579 6757 6240 4151 5985 7463 6886 5354 19507 22392 20226 17312 21365 22650 14725 16929 0 0 0 0 617021 4302 1036 0 264 0 0 0 0 0 0 0 0 0 0 0 0 0 0 0 0 0 0 0 0 0 0 0 0 0 0 0 0 0 0 0 0 0 0 0 0 0 0 0 0 0 0 0 0 0 0 0 0 0 0 0 0 0 0 0 0 0 0 0 0 0 0 0 0 0 0 0 0 0 0 0 0 0 0 0 0 0 0 0 0 0 0 0 0 0 0 0 0 0 0 0 0 0 0 0 0 0 0 0 0 0 0 0 0 0 0 0 0 0 0 0 0 0 0 0 0 0 0 0 0 0 0 0 0 0 0 0 0 0 0 0 0 0 0 0 0 0 0 0 0 0 0 0 0 0 0 0 0 0 0 0 0 0 0 0 0 0 0 0 0 0 0 0 0 0 0 0 0 0 0 0 0 0 0 0 0 0 0 0 0 0 0 0 0 0 0 0 0 0 0 0 0 0 0 0 0 0 0 0 0 0 0 0 0 0 0 0 0 0 0 0 0 0 0 0 0 0 0 0 0 0 0 0 0 0 0 0 0 0 0 0 0 0 0 0 0 0 0 0 0 0 0 0 0 0 0 0 0 0 0 0 0 0 0 0 0 0 0 0 0 0 0 0 0 0 0 0 0 0 0 0 0 0 0 0 0 0 0 0 0 0 0 0 0 0 0 0 0 0 0 0 0 0 0 0 0 0 0 0 0 0 0 0 0 0 0 0 0 0 0 0 0 0 0 0 0 0 0 0 0 0 0 0 0 0 0 0 0 0 0 0 0 0 0 0 0 0 0 0 0 0 0 0 0 0 0 0 0 0 0 0 0 0 0 0 0 0 0 0 0 0 0 0 0 0 0 0 0 0 0 0 0 0 0 0 0 0 0 0 0 0 0 0 0 0 0 0 0 0 0 0 0 0 0 0 0 0 0 0 0 0 0 0 0 0 0 0 0 0 0 0 0 0 0 0 0 0 0 0 0 0 0 0 0 0 0 0 0 0 0 0 0 0 0 0 0 0 0 0 0 0 0 0 0 0 0 0 0 0 0 0 0 0 0 0 0 0 0 0 0 0 0 0 0 0 0 0 0 0 0 0 0 0 0 0 0 0 0 0 0 0 0 0 0 0 0 0 0 0 0 0 0 0 0 0 0 0 0 0 0 0 0 0 0 0 0 0 0 0 0 0 0 0 0 0 0 0 0 0 0 0 0 0 0 0 0 0 0 0 0 0 0 0 0 0 0 0 0 0 0 0 0 0 0 0 0 0 0 0 0 0 0 0 0 0 0 0 0 0 0 0 0 0 0 0 0 0 0 0 0 0 0 0 0 0 0 0 0 0 0 0 0 0 0 0 0 0 0 0 0 0 0 0 0 0 0 0 0 0 0 0 0 0 0 0 0 0 0 0 0 0 0 0 0 0 0 0 0 0 0 0 0 0 0 0 0 0 0 0 0 0 0 0 0 0 0 0 0 0 0 0 0 0 0 0 0 0 0 0 0 0 0 0 0 0 0 0 0 0 0 0 0 0 0 0 0 0 0 0 0 0 0 0 0 0 0 0 0 0 0 0 0 0 0 0 0 0 0 0 0 0 0 0 0 0 0 0 0 0 0 0 0 0 0 0 0 0 0 0 0 0 0 0 0 0 0 0 0 0 0 0 0 0 0 0 0 0 0 0 0 0 0 0 0 0 0 0 0 0 0 0 0 0 0 0 0 0 0 0 0 0 0 0 0 0 0 0 0 0 0 0 0 0 0 0 0 0 0 0 0 0 0 0 0 0 0 0 0 0 0 0 0 0 0 0 0 0 0 0 0 0 0 0 0 0 0 0 0 0 0 0 0 0 0 0 0 0 0 0 0 0 0 0 0 0 0 0 0 0 0 0 0 0 0 0 0 0 0 0 0 0 0 0 0 0 0 0 0 0 0 0 0 0 0 0 0 0 0 0 0 0 0 0 0 0 0 0 0 0 0 0 0 0 0 0 0 0 0 0 0 0 0 0 0 0 0 0 0 0 0 0 0 0 0 0 0 0 0 0 0 0 0 0 0 0 0 0 0 0 0 0 0 0 0 0 0 0 0 0 0 0 0 0 0 0 0 0 0 0 0 0 0 0 0 0 0 0 0 0 0 0 0 0 0 0 0 0 0 0 0 0 0 0 0 0 0 0 0 0 0 0 0 0 0 0 0 0 0 0 0 0 0 0 0 0 0 0 0 0 0 0 0 0 0 0 0 0 0 0 0 0 0 0 0 0 0 0 0 0 0 0 0 0 0 0 0 0 0 0 0 0 0 0 0 0 0 0 0 0 0 0 0 0 0 0 0 0 0 0 0 0 0 0 0 0 0 0 0 0 0 0 0 0 0 0 0 0 0 0 0 0 0 0 0 0 0 0 0 0 0 0 0 0 0 0 0 0 0 0 0 0 0 0 0 0 0 0 0 0 0 0 0 0 0 0 0 0 0 0 0 0 0 0 0 0 0 0 0 0 0 0 0 0 0 0 0 0 0 0 0 0 0
ctxt 4965809431
btime 1790630938
processes 493918
procs_running 2
procs_blocked 5
softirq 4541292452 73526 11023354 2753132 133107291 417833 0 13559673 48497262 421 36892664
