Running 10s test @ http://127.0.0.1:18500/counter
  16 threads and 32 connections
  Thread Stats   Avg      Stdev     Max   +/- Stdev
    Latency    17.50ms   24.84ms 158.63ms   81.57%
    Req/Sec   363.00    158.36   666.00     59.69%
  Latency Distribution
     50%    4.07ms
     75%   26.66ms
     90%   62.80ms
     99%   85.28ms
  57836 requests in 10.10s, 15.33MB read
Requests/sec:   5726.23
Transfer/sec:      1.52MB
## server-stat
cpu  4254009 1871 1798156 57206245 655371 0 846336 0 0 0
cpu0 163396 33 52779 1786750 7810 0 28359 0 0 0
cpu1 164685 37 53740 1790559 9659 0 27529 0 0 0
cpu2 172023 38 54123 1783478 10144 0 27750 0 0 0
cpu3 268094 39 78202 1648130 6626 0 44939 0 0 0
cpu4 263903 44 75784 1655706 8152 0 44785 0 0 0
cpu5 174409 44 55675 1778385 11430 0 28546 0 0 0
cpu6 176461 39 55747 1775522 12169 0 29463 0 0 0
cpu7 182120 37 59281 1763770 11962 0 32572 0 0 0
cpu8 42298 70 45871 1876594 25390 0 13961 0 0 0
cpu9 48845 79 49248 1849109 29811 0 15247 0 0 0
cpu10 46108 77 47518 1858485 27612 0 15008 0 0 0
cpu11 41957 73 43179 1880992 25798 0 13317 0 0 0
cpu12 89520 153 53874 1798762 32101 0 16624 0 0 0
cpu13 85698 84 54957 1796937 33876 0 17005 0 0 0
cpu14 41924 71 42756 1884535 24186 0 13087 0 0 0
cpu15 38740 75 39200 1899241 24666 0 11864 0 0 0
cpu16 223289 32 65632 1713438 10845 0 36386 0 0 0
cpu17 210039 32 63458 1726975 13939 0 34730 0 0 0
cpu18 193306 31 61357 1746756 14477 0 33603 0 0 0
cpu19 355661 28 94803 1536413 6269 0 55251 0 0 0
cpu20 319084 28 88425 1579551 9677 0 52544 0 0 0
cpu21 191763 34 60738 1747180 16531 0 32892 0 0 0
cpu22 174666 38 58012 1768095 16746 0 30864 0 0 0
cpu23 150945 37 51767 1804915 16268 0 25799 0 0 0
cpu24 45412 76 44280 1876859 29505 0 14038 0 0 0
cpu25 50914 71 49394 1850160 32513 0 16633 0 0 0
cpu26 48570 68 48170 1857382 31555 0 16150 0 0 0
cpu27 41028 59 42989 1869574 29730 0 21900 0 0 0
cpu28 80651 93 57748 1785535 35490 0 29431 0 0 0
cpu29 84566 129 59906 1773157 36482 0 30019 0 0 0
cpu30 40373 52 44698 1863778 26748 0 21955 0 0 0
cpu31 43544 56 44831 1879507 27191 0 14070 0 0 0
intr 3529071047 126 0 0 0 0 0 0 0 0 1 0 0 0 0 0 0 0 0 0 0 0 0 0 0 0 0 0 1 1 1 0 0 0 0 1 0 1 0 0 75045 0 0 0 0 0 0 0 0 411 0 0 0 0 0 0 0 0 87 0 0 0 0 0 0 0 0 0 0 0 0 0 0 0 606092 2 35071340 35005555 34921937 35069009 0 16874 16050 19866 20037 12243 15581 20581 21402 17960 56618 77219 62954 53214 85249 80582 46410 43464 20480 23867 28237 11533 18023 26623 27045 23049 59048 73019 66154 53410 84755 92092 48290 49203 0 0 0 0 617389 4758 1036 0 264 0 0 0 0 0 0 0 0 0 0 0 0 0 0 0 0 0 0 0 0 0 0 0 0 0 0 0 0 0 0 0 0 0 0 0 0 0 0 0 0 0 0 0 0 0 0 0 0 0 0 0 0 0 0 0 0 0 0 0 0 0 0 0 0 0 0 0 0 0 0 0 0 0 0 0 0 0 0 0 0 0 0 0 0 0 0 0 0 0 0 0 0 0 0 0 0 0 0 0 0 0 0 0 0 0 0 0 0 0 0 0 0 0 0 0 0 0 0 0 0 0 0 0 0 0 0 0 0 0 0 0 0 0 0 0 0 0 0 0 0 0 0 0 0 0 0 0 0 0 0 0 0 0 0 0 0 0 0 0 0 0 0 0 0 0 0 0 0 0 0 0 0 0 0 0 0 0 0 0 0 0 0 0 0 0 0 0 0 0 0 0 0 0 0 0 0 0 0 0 0 0 0 0 0 0 0 0 0 0 0 0 0 0 0 0 0 0 0 0 0 0 0 0 0 0 0 0 0 0 0 0 0 0 0 0 0 0 0 0 0 0 0 0 0 0 0 0 0 0 0 0 0 0 0 0 0 0 0 0 0 0 0 0 0 0 0 0 0 0 0 0 0 0 0 0 0 0 0 0 0 0 0 0 0 0 0 0 0 0 0 0 0 0 0 0 0 0 0 0 0 0 0 0 0 0 0 0 0 0 0 0 0 0 0 0 0 0 0 0 0 0 0 0 0 0 0 0 0 0 0 0 0 0 0 0 0 0 0 0 0 0 0 0 0 0 0 0 0 0 0 0 0 0 0 0 0 0 0 0 0 0 0 0 0 0 0 0 0 0 0 0 0 0 0 0 0 0 0 0 0 0 0 0 0 0 0 0 0 0 0 0 0 0 0 0 0 0 0 0 0 0 0 0 0 0 0 0 0 0 0 0 0 0 0 0 0 0 0 0 0 0 0 0 0 0 0 0 0 0 0 0 0 0 0 0 0 0 0 0 0 0 0 0 0 0 0 0 0 0 0 0 0 0 0 0 0 0 0 0 0 0 0 0 0 0 0 0 0 0 0 0 0 0 0 0 0 0 0 0 0 0 0 0 0 0 0 0 0 0 0 0 0 0 0 0 0 0 0 0 0 0 0 0 0 0 0 0 0 0 0 0 0 0 0 0 0 0 0 0 0 0 0 0 0 0 0 0 0 0 0 0 0 0 0 0 0 0 0 0 0 0 0 0 0 0 0 0 0 0 0 0 0 0 0 0 0 0 0 0 0 0 0 0 0 0 0 0 0 0 0 0 0 0 0 0 0 0 0 0 0 0 0 0 0 0 0 0 0 0 0 0 0 0 0 0 0 0 0 0 0 0 0 0 0 0 0 0 0 0 0 0 0 0 0 0 0 0 0 0 0 0 0 0 0 0 0 0 0 0 0 0 0 0 0 0 0 0 0 0 0 0 0 0 0 0 0 0 0 0 0 0 0 0 0 0 0 0 0 0 0 0 0 0 0 0 0 0 0 0 0 0 0 0 0 0 0 0 0 0 0 0 0 0 0 0 0 0 0 0 0 0 0 0 0 0 0 0 0 0 0 0 0 0 0 0 0 0 0 0 0 0 0 0 0 0 0 0 0 0 0 0 0 0 0 0 0 0 0 0 0 0 0 0 0 0 0 0 0 0 0 0 0 0 0 0 0 0 0 0 0 0 0 0 0 0 0 0 0 0 0 0 0 0 0 0 0 0 0 0 0 0 0 0 0 0 0 0 0 0 0 0 0 0 0 0 0 0 0 0 0 0 0 0 0 0 0 0 0 0 0 0 0 0 0 0 0 0 0 0 0 0 0 0 0 0 0 0 0 0 0 0 0 0 0 0 0 0 0 0 0 0 0 0 0 0 0 0 0 0 0 0 0 0 0 0 0 0 0 0 0 0 0 0 0 0 0 0 0 0 0 0 0 0 0 0 0 0 0 0 0 0 0 0 0 0 0 0 0 0 0 0 0 0 0 0 0 0 0 0 0 0 0 0 0 0 0 0 0 0 0 0 0 0 0 0 0 0 0 0 0 0 0 0 0 0 0 0 0 0 0 0 0 0 0 0 0 0 0 0 0 0 0 0 0 0 0 0 0 0 0 0 0 0 0 0 0 0 0 0 0 0 0 0 0 0 0 0 0 0 0 0 0 0 0 0 0 0 0 0 0 0 0 0 0 0 0 0 0 0 0 0 0 0 0 0 0 0 0 0 0 0 0 0 0 0 0 0 0 0 0 0 0 0 0 0 0 0 0 0 0 0 0 0 0 0 0 0 0 0 0 0 0 0 0 0 0 0 0 0 0 0 0 0 0 0 0 0 0 0 0 0 0 0 0 0 0 0 0 0 0 0 0 0 0 0 0 0 0 0 0 0 0 0 0 0 0 0 0 0 0 0 0 0 0 0 0 0 0 0 0 0 0 0 0 0 0 0 0 0 0 0 0 0 0 0 0 0 0 0 0 0 0
ctxt 5627082416
btime 1790630938
processes 1347960
procs_running 2
procs_blocked 8
softirq 5003277985 73526 15125953 2753290 555098425 631756 0 13560878 59199220 421 61867220
--
cpu  4254687 1872 1798531 57220545 665384 0 846344 0 0 0
cpu0 163401 33 52786 1787324 8001 0 28362 0 0 0
cpu1 164688 37 53744 1791121 9880 0 27529 0 0 0
cpu2 172026 38 54128 1783988 10419 0 27750 0 0 0
cpu3 268361 39 78298 1648486 6702 0 44939 0 0 0
cpu4 263942 44 75803 1656275 8316 0 44785 0 0 0
cpu5 174409 44 55679 1778921 11682 0 28546 0 0 0
cpu6 176462 39 55750 1776079 12404 0 29463 0 0 0
cpu7 182121 37 59283 1764306 12216 0 32572 0 0 0
cpu8 42299 70 45876 1877081 25692 0 13962 0 0 0
cpu9 48846 79 49254 1849545 30160 0 15248 0 0 0
cpu10 46110 77 47523 1858894 27988 0 15008 0 0 0
cpu11 41958 73 43184 1881435 26143 0 13317 0 0 0
cpu12 89528 153 53880 1799186 32453 0 16625 0 0 0
cpu13 85712 84 54963 1797343 34244 0 17005 0 0 0
cpu14 41926 71 42760 1885011 24497 0 13087 0 0 0
cpu15 38740 75 39203 1899725 24973 0 11864 0 0 0
cpu16 223296 32 65641 1713870 11191 0 36386 0 0 0
cpu17 210041 32 63463 1727422 14275 0 34730 0 0 0
cpu18 193307 31 61361 1747190 14831 0 33603 0 0 0
cpu19 355907 28 94904 1536731 6403 0 55251 0 0 0
cpu20 319127 28 88447 1580058 9898 0 52544 0 0 0
cpu21 191764 34 60743 1747583 16915 0 32892 0 0 0
cpu22 174666 38 58015 1768554 17076 0 30864 0 0 0
cpu23 150946 37 51770 1805403 16571 0 25799 0 0 0
cpu24 45412 76 44285 1877210 29941 0 14038 0 0 0
cpu25 50915 72 49399 1850474 32984 0 16634 0 0 0
cpu26 48571 68 48174 1857784 31940 0 16150 0 0 0
cpu27 41029 59 42993 1869967 30125 0 21900 0 0 0
cpu28 80663 93 57756 1785827 35972 0 29432 0 0 0
cpu29 84579 130 59913 1773497 36912 0 30020 0 0 0
cpu30 40375 52 44701 1864291 27024 0 21955 0 0 0
cpu31 43546 56 44836 1879945 27541 0 14071 0 0 0
intr 3529682004 126 0 0 0 0 0 0 0 0 1 0 0 0 0 0 0 0 0 0 0 0 0 0 0 0 0 0 1 1 1 0 0 0 0 1 0 1 0 0 75045 0 0 0 0 0 0 0 0 411 0 0 0 0 0 0 0 0 87 0 0 0 0 0 0 0 0 0 0 0 0 0 0 0 606904 2 35071382 35005589 34921964 35069017 0 16882 16216 20062 20278 12339 15821 20859 21669 18186 57025 77734 63490 53551 85989 81361 46678 43864 20859 24248 28601 11663 18492 27142 27298 23303 59656 73731 66652 53890 85852 93289 48629 49660 0 0 0 0 617389 4758 1036 0 264 0 0 0 0 0 0 0 0 0 0 0 0 0 0 0 0 0 0 0 0 0 0 0 0 0 0 0 0 0 0 0 0 0 0 0 0 0 0 0 0 0 0 0 0 0 0 0 0 0 0 0 0 0 0 0 0 0 0 0 0 0 0 0 0 0 0 0 0 0 0 0 0 0 0 0 0 0 0 0 0 0 0 0 0 0 0 0 0 0 0 0 0 0 0 0 0 0 0 0 0 0 0 0 0 0 0 0 0 0 0 0 0 0 0 0 0 0 0 0 0 0 0 0 0 0 0 0 0 0 0 0 0 0 0 0 0 0 0 0 0 0 0 0 0 0 0 0 0 0 0 0 0 0 0 0 0 0 0 0 0 0 0 0 0 0 0 0 0 0 0 0 0 0 0 0 0 0 0 0 0 0 0 0 0 0 0 0 0 0 0 0 0 0 0 0 0 0 0 0 0 0 0 0 0 0 0 0 0 0 0 0 0 0 0 0 0 0 0 0 0 0 0 0 0 0 0 0 0 0 0 0 0 0 0 0 0 0 0 0 0 0 0 0 0 0 0 0 0 0 0 0 0 0 0 0 0 0 0 0 0 0 0 0 0 0 0 0 0 0 0 0 0 0 0 0 0 0 0 0 0 0 0 0 0 0 0 0 0 0 0 0 0 0 0 0 0 0 0 0 0 0 0 0 0 0 0 0 0 0 0 0 0 0 0 0 0 0 0 0 0 0 0 0 0 0 0 0 0 0 0 0 0 0 0 0 0 0 0 0 0 0 0 0 0 0 0 0 0 0 0 0 0 0 0 0 0 0 0 0 0 0 0 0 0 0 0 0 0 0 0 0 0 0 0 0 0 0 0 0 0 0 0 0 0 0 0 0 0 0 0 0 0 0 0 0 0 0 0 0 0 0 0 0 0 0 0 0 0 0 0 0 0 0 0 0 0 0 0 0 0 0 0 0 0 0 0 0 0 0 0 0 0 0 0 0 0 0 0 0 0 0 0 0 0 0 0 0 0 0 0 0 0 0 0 0 0 0 0 0 0 0 0 0 0 0 0 0 0 0 0 0 0 0 0 0 0 0 0 0 0 0 0 0 0 0 0 0 0 0 0 0 0 0 0 0 0 0 0 0 0 0 0 0 0 0 0 0 0 0 0 0 0 0 0 0 0 0 0 0 0 0 0 0 0 0 0 0 0 0 0 0 0 0 0 0 0 0 0 0 0 0 0 0 0 0 0 0 0 0 0 0 0 0 0 0 0 0 0 0 0 0 0 0 0 0 0 0 0 0 0 0 0 0 0 0 0 0 0 0 0 0 0 0 0 0 0 0 0 0 0 0 0 0 0 0 0 0 0 0 0 0 0 0 0 0 0 0 0 0 0 0 0 0 0 0 0 0 0 0 0 0 0 0 0 0 0 0 0 0 0 0 0 0 0 0 0 0 0 0 0 0 0 0 0 0 0 0 0 0 0 0 0 0 0 0 0 0 0 0 0 0 0 0 0 0 0 0 0 0 0 0 0 0 0 0 0 0 0 0 0 0 0 0 0 0 0 0 0 0 0 0 0 0 0 0 0 0 0 0 0 0 0 0 0 0 0 0 0 0 0 0 0 0 0 0 0 0 0 0 0 0 0 0 0 0 0 0 0 0 0 0 0 0 0 0 0 0 0 0 0 0 0 0 0 0 0 0 0 0 0 0 0 0 0 0 0 0 0 0 0 0 0 0 0 0 0 0 0 0 0 0 0 0 0 0 0 0 0 0 0 0 0 0 0 0 0 0 0 0 0 0 0 0 0 0 0 0 0 0 0 0 0 0 0 0 0 0 0 0 0 0 0 0 0 0 0 0 0 0 0 0 0 0 0 0 0 0 0 0 0 0 0 0 0 0 0 0 0 0 0 0 0 0 0 0 0 0 0 0 0 0 0 0 0 0 0 0 0 0 0 0 0 0 0 0 0 0 0 0 0 0 0 0 0 0 0 0 0 0 0 0 0 0 0 0 0 0 0 0 0 0 0 0 0 0 0 0 0 0 0 0 0 0 0 0 0 0 0 0 0 0 0 0 0 0 0 0 0 0 0 0 0 0 0 0 0 0 0 0 0 0 0 0 0 0 0 0 0 0 0 0 0 0 0 0 0 0 0 0 0 0 0 0 0 0 0 0 0 0 0 0 0 0 0 0 0 0 0 0 0 0 0 0 0 0 0 0 0 0 0 0 0 0 0 0 0 0 0 0 0 0 0 0 0 0 0 0 0 0 0 0 0 0 0 0 0 0 0 0 0 0 0 0 0 0 0 0 0 0 0 0 0 0 0 0 0 0 0 0 0 0 0 0 0 0 0 0 0 0 0 0 0 0 0 0 0 0 0 0 0 0 0 0 0 0 0 0 0 0 0 0 0 0 0 0 0 0 0 0 0 0 0 0 0 0 0 0 0 0 0 0 0 0 0 0 0 0 0 0 0 0 0 0 0 0 0 0 0 0 0 0 0
ctxt 5628205958
btime 1790630938
processes 1348035
procs_running 2
procs_blocked 5
softirq 5003399156 73526 15130502 2753290 555193871 632580 0 13560878 59210760 421 61876032
