Running 10s test @ http://127.0.0.1:18500/swerve/usleep?ms=10
  16 threads and 1000 connections
  Thread Stats   Avg      Stdev     Max   +/- Stdev
    Latency     1.38s   237.81ms   2.49s    90.19%
    Req/Sec    74.38     53.58   390.00     69.83%
  Latency Distribution
     50%    1.30s 
     75%    1.30s 
     90%    1.60s 
     99%    2.39s 
  6718 requests in 10.10s, 1.71MB read
Requests/sec:    665.39
Transfer/sec:    173.53KB
## server-stat
cpu  3602660 1599 1663624 47943382 379057 0 804412 0 0 0
cpu0 135837 29 47742 1500873 4707 0 26232 0 0 0
cpu1 137597 33 48682 1503521 5700 0 25698 0 0 0
cpu2 138362 34 48593 1503805 5694 0 25730 0 0 0
cpu3 214850 34 69700 1390510 4168 0 41804 0 0 0
cpu4 215551 37 68284 1392521 4745 0 41804 0 0 0
cpu5 145119 36 50547 1493905 6418 0 26782 0 0 0
cpu6 145769 33 50865 1492532 6692 0 27779 0 0 0
cpu7 151862 30 54094 1481026 6515 0 30446 0 0 0
cpu8 41347 58 44130 1567540 14505 0 13604 0 0 0
cpu9 47421 64 47317 1543212 17874 0 14820 0 0 0
cpu10 44991 65 45679 1551343 16116 0 14624 0 0 0
cpu11 41103 59 41538 1571963 14629 0 13008 0 0 0
cpu12 82959 139 51276 1499725 20004 0 16031 0 0 0
cpu13 79356 71 52266 1499118 20842 0 16384 0 0 0
cpu14 40963 59 40975 1575510 13801 0 12738 0 0 0
cpu15 38023 61 37596 1589101 14105 0 11571 0 0 0
cpu16 181150 27 59116 1443106 6289 0 34170 0 0 0
cpu17 170764 27 57386 1454368 8227 0 32724 0 0 0
cpu18 163234 27 56161 1464493 7931 0 31992 0 0 0
cpu19 283072 26 83375 1300708 3819 0 51751 0 0 0
cpu20 253272 25 78170 1336984 5695 0 49304 0 0 0
cpu21 157479 29 55050 1470290 9379 0 31132 0 0 0
cpu22 146589 33 52658 1485020 9305 0 29072 0 0 0
cpu23 127534 32 47099 1515896 8954 0 24477 0 0 0
cpu24 44259 61 42435 1569626 16615 0 13700 0 0 0
cpu25 49508 62 47383 1544962 18795 0 16197 0 0 0
cpu26 47357 58 46243 1551458 17902 0 15756 0 0 0
cpu27 39999 47 41193 1562019 16619 0 21584 0 0 0
cpu28 75730 82 55154 1486216 21124 0 28831 0 0 0
cpu29 79580 119 57147 1474943 21737 0 29363 0 0 0
cpu30 39409 44 42753 1555768 15206 0 21576 0 0 0
cpu31 42598 44 43003 1571307 14931 0 13716 0 0 0
intr 3307822437 126 0 0 0 0 0 0 0 0 1 0 0 0 0 0 0 0 0 0 0 0 0 0 0 0 0 0 1 1 1 0 0 0 0 1 0 1 0 0 75045 0 0 0 0 0 0 0 0 411 0 0 0 0 0 0 0 0 87 0 0 0 0 0 0 0 0 0 0 0 0 0 0 0 489068 2 35057655 34996621 34912359 35053688 0 14252 10791 12157 11569 8435 9755 12843 13893 10866 38351 52412 40906 34653 52602 50314 31509 28105 12625 14414 17219 7582 10999 15777 15596 13867 35894 45003 41078 33031 50885 54838 30078 32244 0 0 0 0 617169 4475 1036 0 264 0 0 0 0 0 0 0 0 0 0 0 0 0 0 0 0 0 0 0 0 0 0 0 0 0 0 0 0 0 0 0 0 0 0 0 0 0 0 0 0 0 0 0 0 0 0 0 0 0 0 0 0 0 0 0 0 0 0 0 0 0 0 0 0 0 0 0 0 0 0 0 0 0 0 0 0 0 0 0 0 0 0 0 0 0 0 0 0 0 0 0 0 0 0 0 0 0 0 0 0 0 0 0 0 0 0 0 0 0 0 0 0 0 0 0 0 0 0 0 0 0 0 0 0 0 0 0 0 0 0 0 0 0 0 0 0 0 0 0 0 0 0 0 0 0 0 0 0 0 0 0 0 0 0 0 0 0 0 0 0 0 0 0 0 0 0 0 0 0 0 0 0 0 0 0 0 0 0 0 0 0 0 0 0 0 0 0 0 0 0 0 0 0 0 0 0 0 0 0 0 0 0 0 0 0 0 0 0 0 0 0 0 0 0 0 0 0 0 0 0 0 0 0 0 0 0 0 0 0 0 0 0 0 0 0 0 0 0 0 0 0 0 0 0 0 0 0 0 0 0 0 0 0 0 0 0 0 0 0 0 0 0 0 0 0 0 0 0 0 0 0 0 0 0 0 0 0 0 0 0 0 0 0 0 0 0 0 0 0 0 0 0 0 0 0 0 0 0 0 0 0 0 0 0 0 0 0 0 0 0 0 0 0 0 0 0 0 0 0 0 0 0 0 0 0 0 0 0 0 0 0 0 0 0 0 0 0 0 0 0 0 0 0 0 0 0 0 0 0 0 0 0 0 0 0 0 0 0 0 0 0 0 0 0 0 0 0 0 0 0 0 0 0 0 0 0 0 0 0 0 0 0 0 0 0 0 0 0 0 0 0 0 0 0 0 0 0 0 0 0 0 0 0 0 0 0 0 0 0 0 0 0 0 0 0 0 0 0 0 0 0 0 0 0 0 0 0 0 0 0 0 0 0 0 0 0 0 0 0 0 0 0 0 0 0 0 0 0 0 0 0 0 0 0 0 0 0 0 0 0 0 0 0 0 0 0 0 0 0 0 0 0 0 0 0 0 0 0 0 0 0 0 0 0 0 0 0 0 0 0 0 0 0 0 0 0 0 0 0 0 0 0 0 0 0 0 0 0 0 0 0 0 0 0 0 0 0 0 0 0 0 0 0 0 0 0 0 0 0 0 0 0 0 0 0 0 0 0 0 0 0 0 0 0 0 0 0 0 0 0 0 0 0 0 0 0 0 0 0 0 0 0 0 0 0 0 0 0 0 0 0 0 0 0 0 0 0 0 0 0 0 0 0 0 0 0 0 0 0 0 0 0 0 0 0 0 0 0 0 0 0 0 0 0 0 0 0 0 0 0 0 0 0 0 0 0 0 0 0 0 0 0 0 0 0 0 0 0 0 0 0 0 0 0 0 0 0 0 0 0 0 0 0 0 0 0 0 0 0 0 0 0 0 0 0 0 0 0 0 0 0 0 0 0 0 0 0 0 0 0 0 0 0 0 0 0 0 0 0 0 0 0 0 0 0 0 0 0 0 0 0 0 0 0 0 0 0 0 0 0 0 0 0 0 0 0 0 0 0 0 0 0 0 0 0 0 0 0 0 0 0 0 0 0 0 0 0 0 0 0 0 0 0 0 0 0 0 0 0 0 0 0 0 0 0 0 0 0 0 0 0 0 0 0 0 0 0 0 0 0 0 0 0 0 0 0 0 0 0 0 0 0 0 0 0 0 0 0 0 0 0 0 0 0 0 0 0 0 0 0 0 0 0 0 0 0 0 0 0 0 0 0 0 0 0 0 0 0 0 0 0 0 0 0 0 0 0 0 0 0 0 0 0 0 0 0 0 0 0 0 0 0 0 0 0 0 0 0 0 0 0 0 0 0 0 0 0 0 0 0 0 0 0 0 0 0 0 0 0 0 0 0 0 0 0 0 0 0 0 0 0 0 0 0 0 0 0 0 0 0 0 0 0 0 0 0 0 0 0 0 0 0 0 0 0 0 0 0 0 0 0 0 0 0 0 0 0 0 0 0 0 0 0 0 0 0 0 0 0 0 0 0 0 0 0 0 0 0 0 0 0 0 0 0 0 0 0 0 0 0 0 0 0 0 0 0 0 0 0 0 0 0 0 0 0 0 0 0 0 0 0 0 0 0 0 0 0 0 0 0 0 0 0 0 0 0 0 0 0 0 0 0 0 0 0 0 0 0 0 0 0 0 0 0 0 0 0 0 0 0 0 0 0 0 0 0 0 0 0 0 0 0 0 0 0 0 0 0 0 0 0 0 0 0 0 0 0 0 0 0 0 0 0 0 0 0 0 0 0 0 0 0 0 0 0 0 0 0 0 0 0 0 0 0 0 0 0 0 0 0 0 0 0 0 0 0 0 0 0 0 0 0 0 0 0 0 0 0 0 0 0 0 0 0 0 0 0 0 0 0 0 0 0 0 0 0 0 0 0 0 0 0
ctxt 5244104712
btime 1790630938
processes 825861
procs_running 1
procs_blocked 0
softirq 4739293800 73526 12710155 2753162 314206605 510599 0 13560121 52876778 421 47635137
--
cpu  3603013 1600 1663645 47968518 379087 0 804418 0 0 0
cpu0 135875 29 47743 1501628 4707 0 26232 0 0 0
cpu1 137627 33 48683 1504289 5700 0 25698 0 0 0
cpu2 138383 34 48594 1504582 5694 0 25730 0 0 0
cpu3 214894 34 69700 1391263 4168 0 41804 0 0 0
cpu4 215588 37 68286 1393281 4745 0 41804 0 0 0
cpu5 145136 36 50548 1494686 6418 0 26782 0 0 0
cpu6 145777 33 50866 1493322 6692 0 27780 0 0 0
cpu7 151866 30 54094 1481820 6515 0 30446 0 0 0
cpu8 41347 58 44130 1568337 14505 0 13604 0 0 0
cpu9 47422 64 47317 1544007 17874 0 14820 0 0 0
cpu10 44994 65 45679 1552137 16117 0 14624 0 0 0
cpu11 41105 59 41538 1572759 14629 0 13008 0 0 0
cpu12 82989 139 51278 1500491 20004 0 16031 0 0 0
cpu13 79378 71 52269 1499878 20855 0 16384 0 0 0
cpu14 40964 59 40976 1576307 13801 0 12738 0 0 0
cpu15 38024 61 37597 1589884 14120 0 11571 0 0 0
cpu16 181159 27 59116 1443896 6289 0 34170 0 0 0
cpu17 170771 27 57387 1455160 8227 0 32724 0 0 0
cpu18 163238 27 56162 1465288 7931 0 31992 0 0 0
cpu19 283105 26 83376 1301474 3819 0 51751 0 0 0
cpu20 253297 25 78170 1337758 5695 0 49305 0 0 0
cpu21 157484 29 55051 1471083 9379 0 31132 0 0 0
cpu22 146592 33 52658 1485814 9305 0 29072 0 0 0
cpu23 127535 32 47100 1516692 8954 0 24478 0 0 0
cpu24 44261 61 42435 1570423 16615 0 13700 0 0 0
cpu25 49510 62 47383 1545756 18795 0 16198 0 0 0
cpu26 47357 58 46243 1552256 17902 0 15756 0 0 0
cpu27 40000 47 41194 1562816 16619 0 21584 0 0 0
cpu28 75730 82 55154 1487012 21124 0 28831 0 0 0
cpu29 79583 119 57148 1475736 21738 0 29363 0 0 0
cpu30 39410 44 42753 1556566 15206 0 21576 0 0 0
cpu31 42600 44 43003 1572103 14931 0 13716 0 0 0
intr 3307969884 126 0 0 0 0 0 0 0 0 1 0 0 0 0 0 0 0 0 0 0 0 0 0 0 0 0 0 1 1 1 0 0 0 0 1 0 1 0 0 75045 0 0 0 0 0 0 0 0 411 0 0 0 0 0 0 0 0 87 0 0 0 0 0 0 0 0 0 0 0 0 0 0 0 489349 2 35057669 34996662 34912388 35053711 0 14256 10791 12157 11569 8435 9755 12843 13893 10866 38351 52412 40906 34653 52602 50314 31509 28105 12625 14414 17219 7582 10999 15777 15596 13867 35894 45003 41078 33032 50888 54838 30078 32244 0 0 0 0 617169 4475 1036 0 264 0 0 0 0 0 0 0 0 0 0 0 0 0 0 0 0 0 0 0 0 0 0 0 0 0 0 0 0 0 0 0 0 0 0 0 0 0 0 0 0 0 0 0 0 0 0 0 0 0 0 0 0 0 0 0 0 0 0 0 0 0 0 0 0 0 0 0 0 0 0 0 0 0 0 0 0 0 0 0 0 0 0 0 0 0 0 0 0 0 0 0 0 0 0 0 0 0 0 0 0 0 0 0 0 0 0 0 0 0 0 0 0 0 0 0 0 0 0 0 0 0 0 0 0 0 0 0 0 0 0 0 0 0 0 0 0 0 0 0 0 0 0 0 0 0 0 0 0 0 0 0 0 0 0 0 0 0 0 0 0 0 0 0 0 0 0 0 0 0 0 0 0 0 0 0 0 0 0 0 0 0 0 0 0 0 0 0 0 0 0 0 0 0 0 0 0 0 0 0 0 0 0 0 0 0 0 0 0 0 0 0 0 0 0 0 0 0 0 0 0 0 0 0 0 0 0 0 0 0 0 0 0 0 0 0 0 0 0 0 0 0 0 0 0 0 0 0 0 0 0 0 0 0 0 0 0 0 0 0 0 0 0 0 0 0 0 0 0 0 0 0 0 0 0 0 0 0 0 0 0 0 0 0 0 0 0 0 0 0 0 0 0 0 0 0 0 0 0 0 0 0 0 0 0 0 0 0 0 0 0 0 0 0 0 0 0 0 0 0 0 0 0 0 0 0 0 0 0 0 0 0 0 0 0 0 0 0 0 0 0 0 0 0 0 0 0 0 0 0 0 0 0 0 0 0 0 0 0 0 0 0 0 0 0 0 0 0 0 0 0 0 0 0 0 0 0 0 0 0 0 0 0 0 0 0 0 0 0 0 0 0 0 0 0 0 0 0 0 0 0 0 0 0 0 0 0 0 0 0 0 0 0 0 0 0 0 0 0 0 0 0 0 0 0 0 0 0 0 0 0 0 0 0 0 0 0 0 0 0 0 0 0 0 0 0 0 0 0 0 0 0 0 0 0 0 0 0 0 0 0 0 0 0 0 0 0 0 0 0 0 0 0 0 0 0 0 0 0 0 0 0 0 0 0 0 0 0 0 0 0 0 0 0 0 0 0 0 0 0 0 0 0 0 0 0 0 0 0 0 0 0 0 0 0 0 0 0 0 0 0 0 0 0 0 0 0 0 0 0 0 0 0 0 0 0 0 0 0 0 0 0 0 0 0 0 0 0 0 0 0 0 0 0 0 0 0 0 0 0 0 0 0 0 0 0 0 0 0 0 0 0 0 0 0 0 0 0 0 0 0 0 0 0 0 0 0 0 0 0 0 0 0 0 0 0 0 0 0 0 0 0 0 0 0 0 0 0 0 0 0 0 0 0 0 0 0 0 0 0 0 0 0 0 0 0 0 0 0 0 0 0 0 0 0 0 0 0 0 0 0 0 0 0 0 0 0 0 0 0 0 0 0 0 0 0 0 0 0 0 0 0 0 0 0 0 0 0 0 0 0 0 0 0 0 0 0 0 0 0 0 0 0 0 0 0 0 0 0 0 0 0 0 0 0 0 0 0 0 0 0 0 0 0 0 0 0 0 0 0 0 0 0 0 0 0 0 0 0 0 0 0 0 0 0 0 0 0 0 0 0 0 0 0 0 0 0 0 0 0 0 0 0 0 0 0 0 0 0 0 0 0 0 0 0 0 0 0 0 0 0 0 0 0 0 0 0 0 0 0 0 0 0 0 0 0 0 0 0 0 0 0 0 0 0 0 0 0 0 0 0 0 0 0 0 0 0 0 0 0 0 0 0 0 0 0 0 0 0 0 0 0 0 0 0 0 0 0 0 0 0 0 0 0 0 0 0 0 0 0 0 0 0 0 0 0 0 0 0 0 0 0 0 0 0 0 0 0 0 0 0 0 0 0 0 0 0 0 0 0 0 0 0 0 0 0 0 0 0 0 0 0 0 0 0 0 0 0 0 0 0 0 0 0 0 0 0 0 0 0 0 0 0 0 0 0 0 0 0 0 0 0 0 0 0 0 0 0 0 0 0 0 0 0 0 0 0 0 0 0 0 0 0 0 0 0 0 0 0 0 0 0 0 0 0 0 0 0 0 0 0 0 0 0 0 0 0 0 0 0 0 0 0 0 0 0 0 0 0 0 0 0 0 0 0 0 0 0 0 0 0 0 0 0 0 0 0 0 0 0 0 0 0 0 0 0 0 0 0 0 0 0 0 0 0 0 0 0 0 0 0 0 0 0 0 0 0 0 0 0 0 0 0 0 0 0 0 0 0 0 0 0 0 0 0 0 0 0 0 0 0 0 0 0 0 0 0 0 0 0 0 0 0 0 0 0 0 0 0 0 0 0 0 0 0 0 0 0 0 0 0 0 0 0 0 0 0 0 0 0 0 0 0 0 0 0 0 0 0 0 0 0 0 0 0 0 0 0 0 0 0 0 0 0 0 0 0 0 0 0 0 0 0
ctxt 5244340422
btime 1790630938
processes 825917
procs_running 1
procs_blocked 0
softirq 4739340444 73526 12716475 2753162 314229854 510887 0 13560121 52885441 421 47643261
