Running 10s test @ http://127.0.0.1:18500/usleep?ms=10
  16 threads and 1000 connections
  Thread Stats   Avg      Stdev     Max   +/- Stdev
    Latency     1.41s   281.36ms   2.76s    89.99%
    Req/Sec    51.98     31.34   210.00     66.48%
  Latency Distribution
     50%    1.33s 
     75%    1.48s 
     90%    1.67s 
     99%    2.54s 
  6566 requests in 10.10s, 1.14MB read
Requests/sec:    650.32
Transfer/sec:    115.58KB
## server-stat
cpu  3705856 1621 1678926 48712309 379771 0 809630 0 0 0
cpu0 140736 29 48420 1522892 4707 0 26583 0 0 0
cpu1 142410 34 49349 1525790 5702 0 25991 0 0 0
cpu2 146493 34 49613 1522332 5753 0 26118 0 0 0
cpu3 220453 34 70368 1412026 4194 0 42064 0 0 0
cpu4 222262 38 69013 1412838 4745 0 42132 0 0 0
cpu5 152300 37 51336 1513792 6435 0 27046 0 0 0
cpu6 153666 33 51862 1511402 6699 0 28157 0 0 0
cpu7 159680 31 55056 1499984 6516 0 30843 0 0 0
cpu8 41429 60 44277 1595052 14521 0 13625 0 0 0
cpu9 47557 66 47486 1570451 17938 0 14852 0 0 0
cpu10 45096 66 45840 1578714 16123 0 14652 0 0 0
cpu11 41188 60 41683 1599480 14638 0 13028 0 0 0
cpu12 83577 140 51522 1526326 20058 0 16093 0 0 0
cpu13 79836 73 52526 1525765 20915 0 16452 0 0 0
cpu14 41053 60 41149 1602882 13833 0 12770 0 0 0
cpu15 38102 62 37756 1616604 14126 0 11594 0 0 0
cpu16 188661 27 59992 1462593 6289 0 34439 0 0 0
cpu17 178357 27 58255 1473745 8228 0 33018 0 0 0
cpu18 167467 27 56700 1487669 7932 0 32180 0 0 0
cpu19 290535 26 84281 1320154 3820 0 52069 0 0 0
cpu20 259539 25 78991 1357800 5695 0 49533 0 0 0
cpu21 162925 30 55800 1491941 9380 0 31423 0 0 0
cpu22 150918 34 53219 1508048 9312 0 29281 0 0 0
cpu23 131429 32 47685 1539327 8954 0 24687 0 0 0
cpu24 44381 63 42592 1597134 16626 0 13724 0 0 0
cpu25 49668 63 47558 1572347 18802 0 16232 0 0 0
cpu26 47487 59 46392 1578921 17917 0 15781 0 0 0
cpu27 40109 48 41335 1589617 16636 0 21599 0 0 0
cpu28 76222 82 55379 1513095 21147 0 28881 0 0 0
cpu29 80094 119 57386 1501522 21960 0 29423 0 0 0
cpu30 39514 45 42930 1583209 15208 0 21605 0 0 0
cpu31 42699 45 43160 1598839 14949 0 13739 0 0 0
intr 3330354710 126 0 0 0 0 0 0 0 0 1 0 0 0 0 0 0 0 0 0 0 0 0 0 0 0 0 0 1 1 1 0 0 0 0 1 0 1 0 0 75045 0 0 0 0 0 0 0 0 411 0 0 0 0 0 0 0 0 87 0 0 0 0 0 0 0 0 0 0 0 0 0 0 0 495829 2 35058405 34997606 34912985 35055036 0 14477 10793 12161 11569 8441 9759 12843 13894 10866 38432 52526 40920 34659 52865 50539 31526 28110 12626 14416 17221 7592 10999 15780 15596 13870 35900 45024 41095 33037 50991 55144 30097 32284 0 0 0 0 617189 4497 1036 0 264 0 0 0 0 0 0 0 0 0 0 0 0 0 0 0 0 0 0 0 0 0 0 0 0 0 0 0 0 0 0 0 0 0 0 0 0 0 0 0 0 0 0 0 0 0 0 0 0 0 0 0 0 0 0 0 0 0 0 0 0 0 0 0 0 0 0 0 0 0 0 0 0 0 0 0 0 0 0 0 0 0 0 0 0 0 0 0 0 0 0 0 0 0 0 0 0 0 0 0 0 0 0 0 0 0 0 0 0 0 0 0 0 0 0 0 0 0 0 0 0 0 0 0 0 0 0 0 0 0 0 0 0 0 0 0 0 0 0 0 0 0 0 0 0 0 0 0 0 0 0 0 0 0 0 0 0 0 0 0 0 0 0 0 0 0 0 0 0 0 0 0 0 0 0 0 0 0 0 0 0 0 0 0 0 0 0 0 0 0 0 0 0 0 0 0 0 0 0 0 0 0 0 0 0 0 0 0 0 0 0 0 0 0 0 0 0 0 0 0 0 0 0 0 0 0 0 0 0 0 0 0 0 0 0 0 0 0 0 0 0 0 0 0 0 0 0 0 0 0 0 0 0 0 0 0 0 0 0 0 0 0 0 0 0 0 0 0 0 0 0 0 0 0 0 0 0 0 0 0 0 0 0 0 0 0 0 0 0 0 0 0 0 0 0 0 0 0 0 0 0 0 0 0 0 0 0 0 0 0 0 0 0 0 0 0 0 0 0 0 0 0 0 0 0 0 0 0 0 0 0 0 0 0 0 0 0 0 0 0 0 0 0 0 0 0 0 0 0 0 0 0 0 0 0 0 0 0 0 0 0 0 0 0 0 0 0 0 0 0 0 0 0 0 0 0 0 0 0 0 0 0 0 0 0 0 0 0 0 0 0 0 0 0 0 0 0 0 0 0 0 0 0 0 0 0 0 0 0 0 0 0 0 0 0 0 0 0 0 0 0 0 0 0 0 0 0 0 0 0 0 0 0 0 0 0 0 0 0 0 0 0 0 0 0 0 0 0 0 0 0 0 0 0 0 0 0 0 0 0 0 0 0 0 0 0 0 0 0 0 0 0 0 0 0 0 0 0 0 0 0 0 0 0 0 0 0 0 0 0 0 0 0 0 0 0 0 0 0 0 0 0 0 0 0 0 0 0 0 0 0 0 0 0 0 0 0 0 0 0 0 0 0 0 0 0 0 0 0 0 0 0 0 0 0 0 0 0 0 0 0 0 0 0 0 0 0 0 0 0 0 0 0 0 0 0 0 0 0 0 0 0 0 0 0 0 0 0 0 0 0 0 0 0 0 0 0 0 0 0 0 0 0 0 0 0 0 0 0 0 0 0 0 0 0 0 0 0 0 0 0 0 0 0 0 0 0 0 0 0 0 0 0 0 0 0 0 0 0 0 0 0 0 0 0 0 0 0 0 0 0 0 0 0 0 0 0 0 0 0 0 0 0 0 0 0 0 0 0 0 0 0 0 0 0 0 0 0 0 0 0 0 0 0 0 0 0 0 0 0 0 0 0 0 0 0 0 0 0 0 0 0 0 0 0 0 0 0 0 0 0 0 0 0 0 0 0 0 0 0 0 0 0 0 0 0 0 0 0 0 0 0 0 0 0 0 0 0 0 0 0 0 0 0 0 0 0 0 0 0 0 0 0 0 0 0 0 0 0 0 0 0 0 0 0 0 0 0 0 0 0 0 0 0 0 0 0 0 0 0 0 0 0 0 0 0 0 0 0 0 0 0 0 0 0 0 0 0 0 0 0 0 0 0 0 0 0 0 0 0 0 0 0 0 0 0 0 0 0 0 0 0 0 0 0 0 0 0 0 0 0 0 0 0 0 0 0 0 0 0 0 0 0 0 0 0 0 0 0 0 0 0 0 0 0 0 0 0 0 0 0 0 0 0 0 0 0 0 0 0 0 0 0 0 0 0 0 0 0 0 0 0 0 0 0 0 0 0 0 0 0 0 0 0 0 0 0 0 0 0 0 0 0 0 0 0 0 0 0 0 0 0 0 0 0 0 0 0 0 0 0 0 0 0 0 0 0 0 0 0 0 0 0 0 0 0 0 0 0 0 0 0 0 0 0 0 0 0 0 0 0 0 0 0 0 0 0 0 0 0 0 0 0 0 0 0 0 0 0 0 0 0 0 0 0 0 0 0 0 0 0 0 0 0 0 0 0 0 0 0 0 0 0 0 0 0 0 0 0 0 0 0 0 0 0 0 0 0 0 0 0 0 0 0 0 0 0 0 0 0 0 0 0 0 0 0 0 0 0 0 0 0 0 0 0 0 0 0 0 0 0 0 0 0 0 0 0 0 0 0 0 0 0 0 0 0 0 0 0 0 0 0 0 0 0 0 0 0 0 0 0 0 0 0 0 0 0 0 0 0 0 0 0 0 0 0 0 0 0 0 0 0 0 0 0 0 0 0 0 0 0 0 0 0 0 0 0 0 0 0 0 0 0 0 0 0 0 0 0 0 0 0 0
ctxt 5283240322
btime 1790630938
processes 881430
procs_running 1
procs_blocked 0
softirq 4768806964 73526 12951906 2753166 341720601 517710 0 13560186 53507128 421 48755024
--
cpu  3706312 1622 1678956 48737363 379784 0 809638 0 0 0
cpu0 140780 29 48423 1523641 4707 0 26586 0 0 0
cpu1 142454 34 49351 1526542 5702 0 25992 0 0 0
cpu2 146529 34 49615 1523093 5753 0 26119 0 0 0
cpu3 220536 34 70373 1412736 4194 0 42065 0 0 0
cpu4 222327 38 69016 1413567 4745 0 42133 0 0 0
cpu5 152337 37 51338 1514552 6435 0 27047 0 0 0
cpu6 153690 33 51865 1512176 6699 0 28157 0 0 0
cpu7 159688 31 55057 1500775 6516 0 30843 0 0 0
cpu8 41434 60 44278 1595846 14521 0 13625 0 0 0
cpu9 47560 66 47486 1571247 17938 0 14852 0 0 0
cpu10 45098 66 45840 1579510 16123 0 14652 0 0 0
cpu11 41190 60 41683 1600276 14638 0 13028 0 0 0
cpu12 83586 140 51523 1527113 20058 0 16094 0 0 0
cpu13 79863 73 52528 1526533 20915 0 16452 0 0 0
cpu14 41055 60 41149 1603677 13833 0 12770 0 0 0
cpu15 38102 62 37756 1617402 14126 0 11594 0 0 0
cpu16 188671 27 59992 1463382 6290 0 34439 0 0 0
cpu17 178360 27 58255 1474541 8228 0 33018 0 0 0
cpu18 167468 27 56701 1488468 7932 0 32180 0 0 0
cpu19 290560 26 84283 1320926 3820 0 52069 0 0 0
cpu20 259544 25 78991 1358594 5695 0 49533 0 0 0
cpu21 162927 30 55800 1492738 9380 0 31423 0 0 0
cpu22 150919 34 53219 1508848 9312 0 29281 0 0 0
cpu23 131430 32 47685 1540126 8954 0 24687 0 0 0
cpu24 44381 63 42593 1597932 16626 0 13724 0 0 0
cpu25 49668 63 47558 1573146 18802 0 16232 0 0 0
cpu26 47487 59 46392 1579720 17917 0 15781 0 0 0
cpu27 40110 48 41335 1590416 16636 0 21599 0 0 0
cpu28 76223 82 55380 1513891 21147 0 28881 0 0 0
cpu29 80109 119 57388 1502291 21972 0 29423 0 0 0
cpu30 39514 45 42930 1584007 15208 0 21605 0 0 0
cpu31 42700 45 43160 1599636 14949 0 13739 0 0 0
intr 3330465850 126 0 0 0 0 0 0 0 0 1 0 0 0 0 0 0 0 0 0 0 0 0 0 0 0 0 0 1 1 1 0 0 0 0 1 0 1 0 0 75045 0 0 0 0 0 0 0 0 411 0 0 0 0 0 0 0 0 87 0 0 0 0 0 0 0 0 0 0 0 0 0 0 0 495957 2 35058427 34997620 34912999 35055075 0 14481 10793 12161 11569 8441 9759 12843 13894 10866 38432 52526 40920 34659 52866 50539 31529 28110 12626 14416 17221 7592 10999 15780 15596 13870 35900 45024 41095 33037 50991 55144 30097 32284 0 0 0 0 617189 4497 1036 0 264 0 0 0 0 0 0 0 0 0 0 0 0 0 0 0 0 0 0 0 0 0 0 0 0 0 0 0 0 0 0 0 0 0 0 0 0 0 0 0 0 0 0 0 0 0 0 0 0 0 0 0 0 0 0 0 0 0 0 0 0 0 0 0 0 0 0 0 0 0 0 0 0 0 0 0 0 0 0 0 0 0 0 0 0 0 0 0 0 0 0 0 0 0 0 0 0 0 0 0 0 0 0 0 0 0 0 0 0 0 0 0 0 0 0 0 0 0 0 0 0 0 0 0 0 0 0 0 0 0 0 0 0 0 0 0 0 0 0 0 0 0 0 0 0 0 0 0 0 0 0 0 0 0 0 0 0 0 0 0 0 0 0 0 0 0 0 0 0 0 0 0 0 0 0 0 0 0 0 0 0 0 0 0 0 0 0 0 0 0 0 0 0 0 0 0 0 0 0 0 0 0 0 0 0 0 0 0 0 0 0 0 0 0 0 0 0 0 0 0 0 0 0 0 0 0 0 0 0 0 0 0 0 0 0 0 0 0 0 0 0 0 0 0 0 0 0 0 0 0 0 0 0 0 0 0 0 0 0 0 0 0 0 0 0 0 0 0 0 0 0 0 0 0 0 0 0 0 0 0 0 0 0 0 0 0 0 0 0 0 0 0 0 0 0 0 0 0 0 0 0 0 0 0 0 0 0 0 0 0 0 0 0 0 0 0 0 0 0 0 0 0 0 0 0 0 0 0 0 0 0 0 0 0 0 0 0 0 0 0 0 0 0 0 0 0 0 0 0 0 0 0 0 0 0 0 0 0 0 0 0 0 0 0 0 0 0 0 0 0 0 0 0 0 0 0 0 0 0 0 0 0 0 0 0 0 0 0 0 0 0 0 0 0 0 0 0 0 0 0 0 0 0 0 0 0 0 0 0 0 0 0 0 0 0 0 0 0 0 0 0 0 0 0 0 0 0 0 0 0 0 0 0 0 0 0 0 0 0 0 0 0 0 0 0 0 0 0 0 0 0 0 0 0 0 0 0 0 0 0 0 0 0 0 0 0 0 0 0 0 0 0 0 0 0 0 0 0 0 0 0 0 0 0 0 0 0 0 0 0 0 0 0 0 0 0 0 0 0 0 0 0 0 0 0 0 0 0 0 0 0 0 0 0 0 0 0 0 0 0 0 0 0 0 0 0 0 0 0 0 0 0 0 0 0 0 0 0 0 0 0 0 0 0 0 0 0 0 0 0 0 0 0 0 0 0 0 0 0 0 0 0 0 0 0 0 0 0 0 0 0 0 0 0 0 0 0 0 0 0 0 0 0 0 0 0 0 0 0 0 0 0 0 0 0 0 0 0 0 0 0 0 0 0 0 0 0 0 0 0 0 0 0 0 0 0 0 0 0 0 0 0 0 0 0 0 0 0 0 0 0 0 0 0 0 0 0 0 0 0 0 0 0 0 0 0 0 0 0 0 0 0 0 0 0 0 0 0 0 0 0 0 0 0 0 0 0 0 0 0 0 0 0 0 0 0 0 0 0 0 0 0 0 0 0 0 0 0 0 0 0 0 0 0 0 0 0 0 0 0 0 0 0 0 0 0 0 0 0 0 0 0 0 0 0 0 0 0 0 0 0 0 0 0 0 0 0 0 0 0 0 0 0 0 0 0 0 0 0 0 0 0 0 0 0 0 0 0 0 0 0 0 0 0 0 0 0 0 0 0 0 0 0 0 0 0 0 0 0 0 0 0 0 0 0 0 0 0 0 0 0 0 0 0 0 0 0 0 0 0 0 0 0 0 0 0 0 0 0 0 0 0 0 0 0 0 0 0 0 0 0 0 0 0 0 0 0 0 0 0 0 0 0 0 0 0 0 0 0 0 0 0 0 0 0 0 0 0 0 0 0 0 0 0 0 0 0 0 0 0 0 0 0 0 0 0 0 0 0 0 0 0 0 0 0 0 0 0 0 0 0 0 0 0 0 0 0 0 0 0 0 0 0 0 0 0 0 0 0 0 0 0 0 0 0 0 0 0 0 0 0 0 0 0 0 0 0 0 0 0 0 0 0 0 0 0 0 0 0 0 0 0 0 0 0 0 0 0 0 0 0 0 0 0 0 0 0 0 0 0 0 0 0 0 0 0 0 0 0 0 0 0 0 0 0 0 0 0 0 0 0 0 0 0 0 0 0 0 0 0 0 0 0 0 0 0 0 0 0 0 0 0 0 0 0 0 0 0 0 0 0 0 0 0 0 0 0 0 0 0 0 0 0 0 0 0 0 0 0 0 0 0 0 0 0 0 0 0 0 0 0 0 0 0 0 0 0 0 0 0 0 0 0 0 0 0 0 0 0 0 0 0 0 0 0 0 0 0 0 0 0 0 0 0 0 0 0 0 0 0 0 0 0 0 0 0 0 0 0 0 0 0 0 0 0 0 0 0 0 0 0 0 0 0 0 0 0 0 0 0 0 0 0 0 0 0 0 0 0 0 0 0 0
ctxt 5283391927
btime 1790630938
processes 881468
procs_running 5
procs_blocked 0
softirq 4768847610 73526 12959534 2753166 341732490 517842 0 13560186 53517609 421 48765540
