Running 10s test @ http://127.0.0.1:18500/usleep?ms=10
  16 threads and 1000 connections
  Thread Stats   Avg      Stdev     Max   +/- Stdev
    Latency     7.39s     1.49s    9.97s    57.42%
    Req/Sec    27.85     23.38   191.00     88.53%
  Latency Distribution
     50%    7.38s 
     75%    8.67s 
     90%    9.46s 
     99%    9.91s 
  1017 requests in 10.10s, 138.05KB read
Requests/sec:    100.71
Transfer/sec:     13.67KB
## server-stat
cpu  3311668 1500 1598954 44722774 217285 0 781291 0 0 0
cpu0 120623 27 44629 1404154 3399 0 24740 0 0 0
cpu1 124058 32 45988 1404520 3915 0 24565 0 0 0
cpu2 125033 32 46113 1404406 3661 0 24678 0 0 0
cpu3 194993 31 66126 1298814 2640 0 40473 0 0 0
cpu4 196578 35 65115 1299096 3201 0 40668 0 0 0
cpu5 131853 34 48021 1394879 3858 0 25698 0 0 0
cpu6 132358 31 48297 1394456 3621 0 26458 0 0 0
cpu7 140160 28 51817 1381100 3213 0 29292 0 0 0
cpu8 40953 53 43205 1459044 7696 0 13336 0 0 0
cpu9 46905 59 46325 1435970 10305 0 14518 0 0 0
cpu10 44572 59 44737 1444044 8325 0 14340 0 0 0
cpu11 40778 54 40698 1463649 7275 0 12763 0 0 0
cpu12 80623 134 50053 1394870 12414 0 15686 0 0 0
cpu13 77241 67 51020 1394406 13107 0 16029 0 0 0
cpu14 40590 54 40100 1466837 6971 0 12494 0 0 0
cpu15 37747 56 36810 1480304 6904 0 11345 0 0 0
cpu16 161213 26 56174 1350187 4593 0 33176 0 0 0
cpu17 150681 26 54324 1362305 6068 0 31626 0 0 0
cpu18 144748 25 53222 1371524 4995 0 30889 0 0 0
cpu19 255060 25 78939 1217135 2750 0 50441 0 0 0
cpu20 226739 24 73876 1251881 4548 0 47907 0 0 0
cpu21 139586 29 52082 1377201 5920 0 30066 0 0 0
cpu22 131930 32 50226 1388707 5082 0 28298 0 0 0
cpu23 114925 31 44604 1417822 4637 0 23602 0 0 0
cpu24 43796 57 41500 1462156 8589 0 13451 0 0 0
cpu25 48938 59 46317 1438343 10567 0 15881 0 0 0
cpu26 46852 54 45210 1444549 9816 0 15443 0 0 0
cpu27 39590 42 40258 1454561 8562 0 21326 0 0 0
cpu28 73648 77 53693 1382562 12533 0 28407 0 0 0
cpu29 77677 114 55655 1371582 12879 0 28928 0 0 0
cpu30 39007 39 41767 1448157 7829 0 21299 0 0 0
cpu31 42198 40 42038 1463536 7399 0 13454 0 0 0
intr 3204937348 126 0 0 0 0 0 0 0 0 1 0 0 0 0 0 0 0 0 0 0 0 0 0 0 0 0 0 1 1 1 0 0 0 0 1 0 1 0 0 75045 0 0 0 0 0 0 0 0 411 0 0 0 0 0 0 0 0 87 0 0 0 0 0 0 0 0 0 0 0 0 0 0 0 434641 2 35052409 34991110 34908953 35049065 0 13298 7838 8589 7689 5960 7064 8195 8549 6488 27820 39035 29392 23531 35911 35665 23579 19838 9886 10400 9893 5364 8845 10895 10146 8751 25450 30317 27811 22970 31191 32756 20304 22085 0 0 0 0 617089 4383 1036 0 264 0 0 0 0 0 0 0 0 0 0 0 0 0 0 0 0 0 0 0 0 0 0 0 0 0 0 0 0 0 0 0 0 0 0 0 0 0 0 0 0 0 0 0 0 0 0 0 0 0 0 0 0 0 0 0 0 0 0 0 0 0 0 0 0 0 0 0 0 0 0 0 0 0 0 0 0 0 0 0 0 0 0 0 0 0 0 0 0 0 0 0 0 0 0 0 0 0 0 0 0 0 0 0 0 0 0 0 0 0 0 0 0 0 0 0 0 0 0 0 0 0 0 0 0 0 0 0 0 0 0 0 0 0 0 0 0 0 0 0 0 0 0 0 0 0 0 0 0 0 0 0 0 0 0 0 0 0 0 0 0 0 0 0 0 0 0 0 0 0 0 0 0 0 0 0 0 0 0 0 0 0 0 0 0 0 0 0 0 0 0 0 0 0 0 0 0 0 0 0 0 0 0 0 0 0 0 0 0 0 0 0 0 0 0 0 0 0 0 0 0 0 0 0 0 0 0 0 0 0 0 0 0 0 0 0 0 0 0 0 0 0 0 0 0 0 0 0 0 0 0 0 0 0 0 0 0 0 0 0 0 0 0 0 0 0 0 0 0 0 0 0 0 0 0 0 0 0 0 0 0 0 0 0 0 0 0 0 0 0 0 0 0 0 0 0 0 0 0 0 0 0 0 0 0 0 0 0 0 0 0 0 0 0 0 0 0 0 0 0 0 0 0 0 0 0 0 0 0 0 0 0 0 0 0 0 0 0 0 0 0 0 0 0 0 0 0 0 0 0 0 0 0 0 0 0 0 0 0 0 0 0 0 0 0 0 0 0 0 0 0 0 0 0 0 0 0 0 0 0 0 0 0 0 0 0 0 0 0 0 0 0 0 0 0 0 0 0 0 0 0 0 0 0 0 0 0 0 0 0 0 0 0 0 0 0 0 0 0 0 0 0 0 0 0 0 0 0 0 0 0 0 0 0 0 0 0 0 0 0 0 0 0 0 0 0 0 0 0 0 0 0 0 0 0 0 0 0 0 0 0 0 0 0 0 0 0 0 0 0 0 0 0 0 0 0 0 0 0 0 0 0 0 0 0 0 0 0 0 0 0 0 0 0 0 0 0 0 0 0 0 0 0 0 0 0 0 0 0 0 0 0 0 0 0 0 0 0 0 0 0 0 0 0 0 0 0 0 0 0 0 0 0 0 0 0 0 0 0 0 0 0 0 0 0 0 0 0 0 0 0 0 0 0 0 0 0 0 0 0 0 0 0 0 0 0 0 0 0 0 0 0 0 0 0 0 0 0 0 0 0 0 0 0 0 0 0 0 0 0 0 0 0 0 0 0 0 0 0 0 0 0 0 0 0 0 0 0 0 0 0 0 0 0 0 0 0 0 0 0 0 0 0 0 0 0 0 0 0 0 0 0 0 0 0 0 0 0 0 0 0 0 0 0 0 0 0 0 0 0 0 0 0 0 0 0 0 0 0 0 0 0 0 0 0 0 0 0 0 0 0 0 0 0 0 0 0 0 0 0 0 0 0 0 0 0 0 0 0 0 0 0 0 0 0 0 0 0 0 0 0 0 0 0 0 0 0 0 0 0 0 0 0 0 0 0 0 0 0 0 0 0 0 0 0 0 0 0 0 0 0 0 0 0 0 0 0 0 0 0 0 0 0 0 0 0 0 0 0 0 0 0 0 0 0 0 0 0 0 0 0 0 0 0 0 0 0 0 0 0 0 0 0 0 0 0 0 0 0 0 0 0 0 0 0 0 0 0 0 0 0 0 0 0 0 0 0 0 0 0 0 0 0 0 0 0 0 0 0 0 0 0 0 0 0 0 0 0 0 0 0 0 0 0 0 0 0 0 0 0 0 0 0 0 0 0 0 0 0 0 0 0 0 0 0 0 0 0 0 0 0 0 0 0 0 0 0 0 0 0 0 0 0 0 0 0 0 0 0 0 0 0 0 0 0 0 0 0 0 0 0 0 0 0 0 0 0 0 0 0 0 0 0 0 0 0 0 0 0 0 0 0 0 0 0 0 0 0 0 0 0 0 0 0 0 0 0 0 0 0 0 0 0 0 0 0 0 0 0 0 0 0 0 0 0 0 0 0 0 0 0 0 0 0 0 0 0 0 0 0 0 0 0 0 0 0 0 0 0 0 0 0 0 0 0 0 0 0 0 0 0 0 0 0 0 0 0 0 0 0 0 0 0 0 0 0 0 0 0 0 0 0 0 0 0 0 0 0 0 0 0 0 0 0 0 0 0 0 0 0 0 0 0 0 0 0 0 0 0 0 0 0 0 0 0 0 0 0 0 0 0 0 0 0 0 0 0 0 0 0 0 0 0 0 0 0 0 0 0 0 0 0 0 0 0 0 0 0 0 0 0 0 0 0 0 0 0 0 0 0 0 0 0 0 0 0 0 0 0 0 0 0 0 0 0 0 0 0 0 0 0 0 0 0 0 0 0 0 0 0 0 0 0
ctxt 5067036445
btime 1790630938
processes 642991
procs_running 1
procs_blocked 0
softirq 4599841281 73526 11589047 2753147 186275393 454605 0 13559862 49999991 421 40167993
--
cpu  3311744 1501 1598982 44748106 217410 0 781293 0 0 0
cpu0 120624 27 44631 1404950 3399 0 24741 0 0 0
cpu1 124058 32 45989 1405314 3919 0 24566 0 0 0
cpu2 125033 32 46113 1405204 3662 0 24678 0 0 0
cpu3 195009 31 66126 1299595 2640 0 40473 0 0 0
cpu4 196578 35 65117 1299892 3201 0 40668 0 0 0
cpu5 131853 34 48021 1395677 3858 0 25698 0 0 0
cpu6 132358 31 48298 1395254 3621 0 26458 0 0 0
cpu7 140160 28 51817 1381899 3213 0 29292 0 0 0
cpu8 40953 53 43206 1459841 7697 0 13336 0 0 0
cpu9 46906 59 46325 1436767 10306 0 14518 0 0 0
cpu10 44573 59 44738 1444841 8325 0 14340 0 0 0
cpu11 40778 54 40699 1464426 7295 0 12763 0 0 0
cpu12 80651 134 50064 1395624 12418 0 15686 0 0 0
cpu13 77263 67 51022 1395180 13107 0 16029 0 0 0
cpu14 40591 54 40100 1467630 6975 0 12494 0 0 0
cpu15 37747 56 36810 1481102 6904 0 11345 0 0 0
cpu16 161213 26 56174 1350981 4599 0 33176 0 0 0
cpu17 150682 26 54324 1363103 6068 0 31626 0 0 0
cpu18 144748 25 53223 1372322 4995 0 30889 0 0 0
cpu19 255062 25 78940 1217907 2773 0 50441 0 0 0
cpu20 226740 24 73877 1252678 4548 0 47907 0 0 0
cpu21 139586 29 52082 1377996 5923 0 30066 0 0 0
cpu22 131931 32 50226 1389506 5082 0 28298 0 0 0
cpu23 114925 31 44605 1418621 4637 0 23602 0 0 0
cpu24 43796 57 41501 1462933 8610 0 13451 0 0 0
cpu25 48939 59 46317 1439141 10568 0 15881 0 0 0
cpu26 46852 54 45210 1445342 9822 0 15443 0 0 0
cpu27 39590 42 40258 1455359 8563 0 21326 0 0 0
cpu28 73648 77 53694 1383338 12556 0 28407 0 0 0
cpu29 77678 114 55656 1372379 12881 0 28928 0 0 0
cpu30 39007 39 41767 1448955 7829 0 21299 0 0 0
cpu31 42198 40 42039 1464334 7399 0 13454 0 0 0
intr 3205050470 126 0 0 0 0 0 0 0 0 1 0 0 0 0 0 0 0 0 0 0 0 0 0 0 0 0 0 1 1 1 0 0 0 0 1 0 1 0 0 75045 0 0 0 0 0 0 0 0 411 0 0 0 0 0 0 0 0 87 0 0 0 0 0 0 0 0 0 0 0 0 0 0 0 435077 2 35052418 34991141 34908957 35049083 0 13306 7838 8589 7689 5960 7064 8203 8549 6488 27821 39035 29395 23531 35912 35665 23579 19838 9953 10400 9893 5364 8845 10895 10146 8751 25450 30317 27811 22970 31192 32773 20305 22085 0 0 0 0 617093 4383 1036 0 264 0 0 0 0 0 0 0 0 0 0 0 0 0 0 0 0 0 0 0 0 0 0 0 0 0 0 0 0 0 0 0 0 0 0 0 0 0 0 0 0 0 0 0 0 0 0 0 0 0 0 0 0 0 0 0 0 0 0 0 0 0 0 0 0 0 0 0 0 0 0 0 0 0 0 0 0 0 0 0 0 0 0 0 0 0 0 0 0 0 0 0 0 0 0 0 0 0 0 0 0 0 0 0 0 0 0 0 0 0 0 0 0 0 0 0 0 0 0 0 0 0 0 0 0 0 0 0 0 0 0 0 0 0 0 0 0 0 0 0 0 0 0 0 0 0 0 0 0 0 0 0 0 0 0 0 0 0 0 0 0 0 0 0 0 0 0 0 0 0 0 0 0 0 0 0 0 0 0 0 0 0 0 0 0 0 0 0 0 0 0 0 0 0 0 0 0 0 0 0 0 0 0 0 0 0 0 0 0 0 0 0 0 0 0 0 0 0 0 0 0 0 0 0 0 0 0 0 0 0 0 0 0 0 0 0 0 0 0 0 0 0 0 0 0 0 0 0 0 0 0 0 0 0 0 0 0 0 0 0 0 0 0 0 0 0 0 0 0 0 0 0 0 0 0 0 0 0 0 0 0 0 0 0 0 0 0 0 0 0 0 0 0 0 0 0 0 0 0 0 0 0 0 0 0 0 0 0 0 0 0 0 0 0 0 0 0 0 0 0 0 0 0 0 0 0 0 0 0 0 0 0 0 0 0 0 0 0 0 0 0 0 0 0 0 0 0 0 0 0 0 0 0 0 0 0 0 0 0 0 0 0 0 0 0 0 0 0 0 0 0 0 0 0 0 0 0 0 0 0 0 0 0 0 0 0 0 0 0 0 0 0 0 0 0 0 0 0 0 0 0 0 0 0 0 0 0 0 0 0 0 0 0 0 0 0 0 0 0 0 0 0 0 0 0 0 0 0 0 0 0 0 0 0 0 0 0 0 0 0 0 0 0 0 0 0 0 0 0 0 0 0 0 0 0 0 0 0 0 0 0 0 0 0 0 0 0 0 0 0 0 0 0 0 0 0 0 0 0 0 0 0 0 0 0 0 0 0 0 0 0 0 0 0 0 0 0 0 0 0 0 0 0 0 0 0 0 0 0 0 0 0 0 0 0 0 0 0 0 0 0 0 0 0 0 0 0 0 0 0 0 0 0 0 0 0 0 0 0 0 0 0 0 0 0 0 0 0 0 0 0 0 0 0 0 0 0 0 0 0 0 0 0 0 0 0 0 0 0 0 0 0 0 0 0 0 0 0 0 0 0 0 0 0 0 0 0 0 0 0 0 0 0 0 0 0 0 0 0 0 0 0 0 0 0 0 0 0 0 0 0 0 0 0 0 0 0 0 0 0 0 0 0 0 0 0 0 0 0 0 0 0 0 0 0 0 0 0 0 0 0 0 0 0 0 0 0 0 0 0 0 0 0 0 0 0 0 0 0 0 0 0 0 0 0 0 0 0 0 0 0 0 0 0 0 0 0 0 0 0 0 0 0 0 0 0 0 0 0 0 0 0 0 0 0 0 0 0 0 0 0 0 0 0 0 0 0 0 0 0 0 0 0 0 0 0 0 0 0 0 0 0 0 0 0 0 0 0 0 0 0 0 0 0 0 0 0 0 0 0 0 0 0 0 0 0 0 0 0 0 0 0 0 0 0 0 0 0 0 0 0 0 0 0 0 0 0 0 0 0 0 0 0 0 0 0 0 0 0 0 0 0 0 0 0 0 0 0 0 0 0 0 0 0 0 0 0 0 0 0 0 0 0 0 0 0 0 0 0 0 0 0 0 0 0 0 0 0 0 0 0 0 0 0 0 0 0 0 0 0 0 0 0 0 0 0 0 0 0 0 0 0 0 0 0 0 0 0 0 0 0 0 0 0 0 0 0 0 0 0 0 0 0 0 0 0 0 0 0 0 0 0 0 0 0 0 0 0 0 0 0 0 0 0 0 0 0 0 0 0 0 0 0 0 0 0 0 0 0 0 0 0 0 0 0 0 0 0 0 0 0 0 0 0 0 0 0 0 0 0 0 0 0 0 0 0 0 0 0 0 0 0 0 0 0 0 0 0 0 0 0 0 0 0 0 0 0 0 0 0 0 0 0 0 0 0 0 0 0 0 0 0 0 0 0 0 0 0 0 0 0 0 0 0 0 0 0 0 0 0 0 0 0 0 0 0 0 0 0 0 0 0 0 0 0 0 0 0 0 0 0 0 0 0 0 0 0 0 0 0 0 0 0 0 0 0 0 0 0 0 0 0 0 0 0 0 0 0 0 0 0 0 0 0 0 0 0 0 0 0 0 0 0 0 0 0 0 0 0 0 0 0 0 0 0 0 0 0 0 0 0 0 0 0 0 0 0 0 0 0 0 0 0 0 0 0 0 0 0 0 0 0 0 0 0 0 0 0 0 0 0 0 0 0 0 0 0 0 0 0 0 0 0
ctxt 5067196810
btime 1790630938
processes 643183
procs_running 3
procs_blocked 0
softirq 4599862390 73526 11592576 2753147 186278833 455055 0 13559862 50006929 421 40174745
