Running 10s test @ http://127.0.0.1:18500/usleep?ms=10
  16 threads and 128 connections
  Thread Stats   Avg      Stdev     Max   +/- Stdev
    Latency   627.10ms  174.71ms 981.78ms   92.30%
    Req/Sec    21.03     17.34    70.00     65.30%
  Latency Distribution
     50%  496.72ms
     75%  800.03ms
     90%  800.49ms
     99%  802.46ms
  1974 requests in 10.01s, 399.04KB read
Requests/sec:    197.17
Transfer/sec:     39.86KB
## server-stat
cpu  3485425 1562 1630327 46750049 377537 0 786644 0 0 0
cpu0 128485 28 46049 1467881 4688 0 25182 0 0 0
cpu1 131348 33 47250 1468814 5687 0 24925 0 0 0
cpu2 132765 33 47305 1468176 5691 0 25012 0 0 0
cpu3 207613 32 68107 1357206 4166 0 40849 0 0 0
cpu4 209289 36 66885 1357758 4743 0 41007 0 0 0
cpu5 139331 35 49183 1458634 6414 0 25908 0 0 0
cpu6 139356 32 49281 1458319 6658 0 26720 0 0 0
cpu7 146597 29 52772 1445223 6512 0 29576 0 0 0
cpu8 41200 57 43604 1526520 14440 0 13357 0 0 0
cpu9 47227 62 46768 1502465 17760 0 14555 0 0 0
cpu10 44836 63 45145 1510535 15955 0 14368 0 0 0
cpu11 40985 58 41078 1530797 14494 0 12782 0 0 0
cpu12 82159 137 50656 1459654 19955 0 15746 0 0 0
cpu13 78622 69 51624 1459176 20704 0 16092 0 0 0
cpu14 40817 57 40527 1534147 13774 0 12520 0 0 0
cpu15 37921 59 37202 1547529 14042 0 11366 0 0 0
cpu16 174384 27 57826 1408563 6284 0 33470 0 0 0
cpu17 163217 27 55870 1420971 8226 0 31881 0 0 0
cpu18 155413 27 54532 1431540 7917 0 31110 0 0 0
cpu19 274053 26 81515 1269309 3815 0 50768 0 0 0
cpu20 244336 25 76324 1305553 5688 0 48230 0 0 0
cpu21 149465 29 53400 1437398 9377 0 30387 0 0 0
cpu22 139773 33 51351 1450388 9283 0 28563 0 0 0
cpu23 120349 31 45594 1481982 8939 0 23811 0 0 0
cpu24 44095 60 41958 1528384 16586 0 13472 0 0 0
cpu25 49291 61 46798 1504290 18659 0 15908 0 0 0
cpu26 47163 57 45669 1510665 17849 0 15466 0 0 0
cpu27 39851 46 40701 1520895 16564 0 21340 0 0 0
cpu28 74995 79 54331 1446591 21034 0 28465 0 0 0
cpu29 78787 116 56296 1435618 21516 0 28996 0 0 0
cpu30 39244 43 42219 1514865 15172 0 21325 0 0 0
cpu31 42444 43 42496 1530185 14925 0 13473 0 0 0
intr 3245928050 126 0 0 0 0 0 0 0 0 1 0 0 0 0 0 0 0 0 0 0 0 0 0 0 0 0 0 1 1 1 0 0 0 0 1 0 1 0 0 75045 0 0 0 0 0 0 0 0 411 0 0 0 0 0 0 0 0 87 0 0 0 0 0 0 0 0 0 0 0 0 0 0 0 475835 2 35056082 34995306 34911289 35052195 0 13900 10749 12154 11567 8426 9748 12788 13890 10844 38294 52057 40839 34041 51422 50243 31215 28092 12624 14411 17217 7577 10999 15777 15595 13866 35514 44963 39486 32993 50739 54641 30071 32221 0 0 0 0 617141 4442 1036 0 264 0 0 0 0 0 0 0 0 0 0 0 0 0 0 0 0 0 0 0 0 0 0 0 0 0 0 0 0 0 0 0 0 0 0 0 0 0 0 0 0 0 0 0 0 0 0 0 0 0 0 0 0 0 0 0 0 0 0 0 0 0 0 0 0 0 0 0 0 0 0 0 0 0 0 0 0 0 0 0 0 0 0 0 0 0 0 0 0 0 0 0 0 0 0 0 0 0 0 0 0 0 0 0 0 0 0 0 0 0 0 0 0 0 0 0 0 0 0 0 0 0 0 0 0 0 0 0 0 0 0 0 0 0 0 0 0 0 0 0 0 0 0 0 0 0 0 0 0 0 0 0 0 0 0 0 0 0 0 0 0 0 0 0 0 0 0 0 0 0 0 0 0 0 0 0 0 0 0 0 0 0 0 0 0 0 0 0 0 0 0 0 0 0 0 0 0 0 0 0 0 0 0 0 0 0 0 0 0 0 0 0 0 0 0 0 0 0 0 0 0 0 0 0 0 0 0 0 0 0 0 0 0 0 0 0 0 0 0 0 0 0 0 0 0 0 0 0 0 0 0 0 0 0 0 0 0 0 0 0 0 0 0 0 0 0 0 0 0 0 0 0 0 0 0 0 0 0 0 0 0 0 0 0 0 0 0 0 0 0 0 0 0 0 0 0 0 0 0 0 0 0 0 0 0 0 0 0 0 0 0 0 0 0 0 0 0 0 0 0 0 0 0 0 0 0 0 0 0 0 0 0 0 0 0 0 0 0 0 0 0 0 0 0 0 0 0 0 0 0 0 0 0 0 0 0 0 0 0 0 0 0 0 0 0 0 0 0 0 0 0 0 0 0 0 0 0 0 0 0 0 0 0 0 0 0 0 0 0 0 0 0 0 0 0 0 0 0 0 0 0 0 0 0 0 0 0 0 0 0 0 0 0 0 0 0 0 0 0 0 0 0 0 0 0 0 0 0 0 0 0 0 0 0 0 0 0 0 0 0 0 0 0 0 0 0 0 0 0 0 0 0 0 0 0 0 0 0 0 0 0 0 0 0 0 0 0 0 0 0 0 0 0 0 0 0 0 0 0 0 0 0 0 0 0 0 0 0 0 0 0 0 0 0 0 0 0 0 0 0 0 0 0 0 0 0 0 0 0 0 0 0 0 0 0 0 0 0 0 0 0 0 0 0 0 0 0 0 0 0 0 0 0 0 0 0 0 0 0 0 0 0 0 0 0 0 0 0 0 0 0 0 0 0 0 0 0 0 0 0 0 0 0 0 0 0 0 0 0 0 0 0 0 0 0 0 0 0 0 0 0 0 0 0 0 0 0 0 0 0 0 0 0 0 0 0 0 0 0 0 0 0 0 0 0 0 0 0 0 0 0 0 0 0 0 0 0 0 0 0 0 0 0 0 0 0 0 0 0 0 0 0 0 0 0 0 0 0 0 0 0 0 0 0 0 0 0 0 0 0 0 0 0 0 0 0 0 0 0 0 0 0 0 0 0 0 0 0 0 0 0 0 0 0 0 0 0 0 0 0 0 0 0 0 0 0 0 0 0 0 0 0 0 0 0 0 0 0 0 0 0 0 0 0 0 0 0 0 0 0 0 0 0 0 0 0 0 0 0 0 0 0 0 0 0 0 0 0 0 0 0 0 0 0 0 0 0 0 0 0 0 0 0 0 0 0 0 0 0 0 0 0 0 0 0 0 0 0 0 0 0 0 0 0 0 0 0 0 0 0 0 0 0 0 0 0 0 0 0 0 0 0 0 0 0 0 0 0 0 0 0 0 0 0 0 0 0 0 0 0 0 0 0 0 0 0 0 0 0 0 0 0 0 0 0 0 0 0 0 0 0 0 0 0 0 0 0 0 0 0 0 0 0 0 0 0 0 0 0 0 0 0 0 0 0 0 0 0 0 0 0 0 0 0 0 0 0 0 0 0 0 0 0 0 0 0 0 0 0 0 0 0 0 0 0 0 0 0 0 0 0 0 0 0 0 0 0 0 0 0 0 0 0 0 0 0 0 0 0 0 0 0 0 0 0 0 0 0 0 0 0 0 0 0 0 0 0 0 0 0 0 0 0 0 0 0 0 0 0 0 0 0 0 0 0 0 0 0 0 0 0 0 0 0 0 0 0 0 0 0 0 0 0 0 0 0 0 0 0 0 0 0 0 0 0 0 0 0 0 0 0 0 0 0 0 0 0 0 0 0 0 0 0 0 0 0 0 0 0 0 0 0 0 0 0 0 0 0 0 0 0 0 0 0 0 0 0 0 0 0 0 0 0 0 0 0 0 0 0 0 0 0 0 0 0 0 0 0 0 0 0 0 0 0 0 0 0 0 0 0 0 0 0 0 0 0 0 0 0 0 0 0 0 0 0 0 0 0 0 0 0 0 0 0 0 0 0 0 0 0 0 0 0 0 0 0 0 0 0 0 0 0 0 0 0 0 0 0 0 0 0 0 0 0 0 0 0 0 0 0 0 0 0
ctxt 5134050634
btime 1790630938
processes 788540
procs_running 1
procs_blocked 0
softirq 4628999141 73526 12305147 2753160 209410681 496823 0 13560023 51611580 421 43820484
--
cpu  3485485 1563 1630339 46775506 377572 0 786646 0 0 0
cpu0 128486 28 46049 1468664 4702 0 25183 0 0 0
cpu1 131348 33 47250 1469612 5688 0 24925 0 0 0
cpu2 132765 33 47305 1468975 5691 0 25012 0 0 0
cpu3 207615 32 68107 1358002 4166 0 40849 0 0 0
cpu4 209291 36 66885 1358554 4743 0 41008 0 0 0
cpu5 139331 35 49183 1459433 6414 0 25908 0 0 0
cpu6 139356 32 49281 1459100 6676 0 26720 0 0 0
cpu7 146597 29 52773 1446022 6512 0 29576 0 0 0
cpu8 41200 57 43604 1527318 14441 0 13357 0 0 0
cpu9 47228 62 46768 1503263 17760 0 14555 0 0 0
cpu10 44836 63 45145 1511334 15955 0 14368 0 0 0
cpu11 40985 58 41078 1531596 14495 0 12782 0 0 0
cpu12 82186 137 50658 1460423 19955 0 15747 0 0 0
cpu13 78626 69 51624 1459970 20704 0 16092 0 0 0
cpu14 40817 57 40528 1534946 13774 0 12520 0 0 0
cpu15 37921 59 37202 1548328 14042 0 11366 0 0 0
cpu16 174384 27 57826 1409362 6284 0 33470 0 0 0
cpu17 163217 27 55870 1421771 8226 0 31881 0 0 0
cpu18 155413 27 54532 1432339 7917 0 31110 0 0 0
cpu19 274060 26 81515 1270102 3815 0 50768 0 0 0
cpu20 244336 25 76324 1306352 5688 0 48230 0 0 0
cpu21 149465 29 53400 1438197 9377 0 30387 0 0 0
cpu22 139773 33 51351 1451187 9283 0 28563 0 0 0
cpu23 120349 31 45595 1482781 8939 0 23811 0 0 0
cpu24 44095 60 41958 1529182 16586 0 13472 0 0 0
cpu25 49292 61 46798 1505088 18659 0 15908 0 0 0
cpu26 47163 57 45669 1511463 17849 0 15466 0 0 0
cpu27 39851 46 40701 1521694 16564 0 21340 0 0 0
cpu28 74995 79 54332 1447386 21035 0 28465 0 0 0
cpu29 78803 116 56297 1436400 21516 0 28996 0 0 0
cpu30 39244 43 42220 1515664 15172 0 21325 0 0 0
cpu31 42444 43 42496 1530983 14925 0 13473 0 0 0
intr 3246024386 126 0 0 0 0 0 0 0 0 1 0 0 0 0 0 0 0 0 0 0 0 0 0 0 0 0 0 1 1 1 0 0 0 0 1 0 1 0 0 75045 0 0 0 0 0 0 0 0 411 0 0 0 0 0 0 0 0 87 0 0 0 0 0 0 0 0 0 0 0 0 0 0 0 476088 2 35056120 34995347 34911319 35052226 0 13908 10749 12154 11567 8426 9748 12789 13890 10844 38294 52057 40840 34047 51423 50243 31215 28092 12624 14411 17217 7577 10999 15777 15595 13866 35514 44963 39486 32994 50739 54641 30071 32221 0 0 0 0 617141 4442 1036 0 264 0 0 0 0 0 0 0 0 0 0 0 0 0 0 0 0 0 0 0 0 0 0 0 0 0 0 0 0 0 0 0 0 0 0 0 0 0 0 0 0 0 0 0 0 0 0 0 0 0 0 0 0 0 0 0 0 0 0 0 0 0 0 0 0 0 0 0 0 0 0 0 0 0 0 0 0 0 0 0 0 0 0 0 0 0 0 0 0 0 0 0 0 0 0 0 0 0 0 0 0 0 0 0 0 0 0 0 0 0 0 0 0 0 0 0 0 0 0 0 0 0 0 0 0 0 0 0 0 0 0 0 0 0 0 0 0 0 0 0 0 0 0 0 0 0 0 0 0 0 0 0 0 0 0 0 0 0 0 0 0 0 0 0 0 0 0 0 0 0 0 0 0 0 0 0 0 0 0 0 0 0 0 0 0 0 0 0 0 0 0 0 0 0 0 0 0 0 0 0 0 0 0 0 0 0 0 0 0 0 0 0 0 0 0 0 0 0 0 0 0 0 0 0 0 0 0 0 0 0 0 0 0 0 0 0 0 0 0 0 0 0 0 0 0 0 0 0 0 0 0 0 0 0 0 0 0 0 0 0 0 0 0 0 0 0 0 0 0 0 0 0 0 0 0 0 0 0 0 0 0 0 0 0 0 0 0 0 0 0 0 0 0 0 0 0 0 0 0 0 0 0 0 0 0 0 0 0 0 0 0 0 0 0 0 0 0 0 0 0 0 0 0 0 0 0 0 0 0 0 0 0 0 0 0 0 0 0 0 0 0 0 0 0 0 0 0 0 0 0 0 0 0 0 0 0 0 0 0 0 0 0 0 0 0 0 0 0 0 0 0 0 0 0 0 0 0 0 0 0 0 0 0 0 0 0 0 0 0 0 0 0 0 0 0 0 0 0 0 0 0 0 0 0 0 0 0 0 0 0 0 0 0 0 0 0 0 0 0 0 0 0 0 0 0 0 0 0 0 0 0 0 0 0 0 0 0 0 0 0 0 0 0 0 0 0 0 0 0 0 0 0 0 0 0 0 0 0 0 0 0 0 0 0 0 0 0 0 0 0 0 0 0 0 0 0 0 0 0 0 0 0 0 0 0 0 0 0 0 0 0 0 0 0 0 0 0 0 0 0 0 0 0 0 0 0 0 0 0 0 0 0 0 0 0 0 0 0 0 0 0 0 0 0 0 0 0 0 0 0 0 0 0 0 0 0 0 0 0 0 0 0 0 0 0 0 0 0 0 0 0 0 0 0 0 0 0 0 0 0 0 0 0 0 0 0 0 0 0 0 0 0 0 0 0 0 0 0 0 0 0 0 0 0 0 0 0 0 0 0 0 0 0 0 0 0 0 0 0 0 0 0 0 0 0 0 0 0 0 0 0 0 0 0 0 0 0 0 0 0 0 0 0 0 0 0 0 0 0 0 0 0 0 0 0 0 0 0 0 0 0 0 0 0 0 0 0 0 0 0 0 0 0 0 0 0 0 0 0 0 0 0 0 0 0 0 0 0 0 0 0 0 0 0 0 0 0 0 0 0 0 0 0 0 0 0 0 0 0 0 0 0 0 0 0 0 0 0 0 0 0 0 0 0 0 0 0 0 0 0 0 0 0 0 0 0 0 0 0 0 0 0 0 0 0 0 0 0 0 0 0 0 0 0 0 0 0 0 0 0 0 0 0 0 0 0 0 0 0 0 0 0 0 0 0 0 0 0 0 0 0 0 0 0 0 0 0 0 0 0 0 0 0 0 0 0 0 0 0 0 0 0 0 0 0 0 0 0 0 0 0 0 0 0 0 0 0 0 0 0 0 0 0 0 0 0 0 0 0 0 0 0 0 0 0 0 0 0 0 0 0 0 0 0 0 0 0 0 0 0 0 0 0 0 0 0 0 0 0 0 0 0 0 0 0 0 0 0 0 0 0 0 0 0 0 0 0 0 0 0 0 0 0 0 0 0 0 0 0 0 0 0 0 0 0 0 0 0 0 0 0 0 0 0 0 0 0 0 0 0 0 0 0 0 0 0 0 0 0 0 0 0 0 0 0 0 0 0 0 0 0 0 0 0 0 0 0 0 0 0 0 0 0 0 0 0 0 0 0 0 0 0 0 0 0 0 0 0 0 0 0 0 0 0 0 0 0 0 0 0 0 0 0 0 0 0 0 0 0 0 0 0 0 0 0 0 0 0 0 0 0 0 0 0 0 0 0 0 0 0 0 0 0 0 0 0 0 0 0 0 0 0 0 0 0 0 0 0 0 0 0 0 0 0 0 0 0 0 0 0 0 0 0 0 0 0 0 0 0 0 0 0 0 0 0 0 0 0 0 0 0 0 0 0 0 0 0 0 0 0 0 0 0 0 0 0 0 0 0 0 0 0 0 0 0 0 0 0 0 0 0 0 0 0 0 0 0 0 0 0 0 0 0 0 0 0 0 0 0 0 0 0 0 0 0 0 0 0 0 0 0 0 0 0 0 0 0 0 0 0 0 0 0
ctxt 5134189989
btime 1790630938
processes 788607
procs_running 1
procs_blocked 0
softirq 4629021902 73526 12311731 2753160 209414045 497087 0 13560023 51617985 421 43826628
