Running 10s test @ http://127.0.0.1:18500/counter
  16 threads and 128 connections
  Thread Stats   Avg      Stdev     Max   +/- Stdev
    Latency    27.42ms   26.78ms 212.49ms   86.85%
    Req/Sec   366.66    137.47     1.30k    78.81%
  Latency Distribution
     50%   20.16ms
     75%   34.12ms
     90%   64.97ms
     99%  122.58ms
  58764 requests in 10.10s, 60.64MB read
Requests/sec:   5818.09
Transfer/sec:      6.00MB
## server-stat
cpu  3341977 1516 1604484 45368813 222826 0 781715 0 0 0
cpu0 121417 28 44755 1424550 3452 0 24781 0 0 0
cpu1 124287 32 46071 1425630 3969 0 24572 0 0 0
cpu2 125669 32 46240 1425069 3723 0 24688 0 0 0
cpu3 198260 31 66510 1316574 2692 0 40504 0 0 0
cpu4 200148 35 65520 1316533 3289 0 40705 0 0 0
cpu5 132398 34 48138 1415659 3911 0 25706 0 0 0
cpu6 133277 31 48451 1414809 3689 0 26475 0 0 0
cpu7 141129 28 51970 1401375 3317 0 29307 0 0 0
cpu8 41020 55 43285 1480183 7899 0 13337 0 0 0
cpu9 46994 60 46411 1457052 10505 0 14520 0 0 0
cpu10 44640 60 44818 1465055 8638 0 14343 0 0 0
cpu11 40837 55 40774 1484759 7522 0 12765 0 0 0
cpu12 81126 134 50188 1415474 12610 0 15692 0 0 0
cpu13 77697 67 51139 1415028 13338 0 16034 0 0 0
cpu14 40653 55 40184 1487931 7201 0 12496 0 0 0
cpu15 37789 57 36893 1501458 7133 0 11347 0 0 0
cpu16 162227 26 56330 1370448 4649 0 33192 0 0 0
cpu17 152156 26 54552 1382054 6101 0 31649 0 0 0
cpu18 145752 26 53400 1391754 5066 0 30905 0 0 0
cpu19 261183 25 79654 1231700 2799 0 50509 0 0 0
cpu20 232284 24 74547 1267109 4568 0 47969 0 0 0
cpu21 140597 29 52269 1397376 6032 0 30084 0 0 0
cpu22 132425 32 50356 1409435 5230 0 28305 0 0 0
cpu23 115266 31 44721 1438714 4791 0 23607 0 0 0
cpu24 43878 57 41602 1483206 8865 0 13452 0 0 0
cpu25 49027 59 46420 1459410 10813 0 15884 0 0 0
cpu26 46938 55 45314 1465580 10097 0 15445 0 0 0
cpu27 39662 43 40355 1475636 8828 0 21327 0 0 0
cpu28 74039 78 53819 1403169 12892 0 28411 0 0 0
cpu29 77866 115 55773 1392206 13439 0 28933 0 0 0
cpu30 39063 40 41867 1469236 8105 0 21300 0 0 0
cpu31 42260 42 42144 1484627 7647 0 13456 0 0 0
intr 3210100643 126 0 0 0 0 0 0 0 0 1 0 0 0 0 0 0 0 0 0 0 0 0 0 0 0 0 0 1 1 1 0 0 0 0 1 0 1 0 0 75045 0 0 0 0 0 0 0 0 411 0 0 0 0 0 0 0 0 87 0 0 0 0 0 0 0 0 0 0 0 0 0 0 0 440917 2 35053386 34992465 34909380 35050098 0 13471 7938 8852 8303 6105 7321 8451 8808 6731 28172 39405 29912 24258 36274 36339 23951 20127 10119 10494 10029 5440 9015 11218 10694 9122 25774 30705 28200 23274 31589 33163 20572 22348 0 0 0 0 617105 4405 1036 0 264 0 0 0 0 0 0 0 0 0 0 0 0 0 0 0 0 0 0 0 0 0 0 0 0 0 0 0 0 0 0 0 0 0 0 0 0 0 0 0 0 0 0 0 0 0 0 0 0 0 0 0 0 0 0 0 0 0 0 0 0 0 0 0 0 0 0 0 0 0 0 0 0 0 0 0 0 0 0 0 0 0 0 0 0 0 0 0 0 0 0 0 0 0 0 0 0 0 0 0 0 0 0 0 0 0 0 0 0 0 0 0 0 0 0 0 0 0 0 0 0 0 0 0 0 0 0 0 0 0 0 0 0 0 0 0 0 0 0 0 0 0 0 0 0 0 0 0 0 0 0 0 0 0 0 0 0 0 0 0 0 0 0 0 0 0 0 0 0 0 0 0 0 0 0 0 0 0 0 0 0 0 0 0 0 0 0 0 0 0 0 0 0 0 0 0 0 0 0 0 0 0 0 0 0 0 0 0 0 0 0 0 0 0 0 0 0 0 0 0 0 0 0 0 0 0 0 0 0 0 0 0 0 0 0 0 0 0 0 0 0 0 0 0 0 0 0 0 0 0 0 0 0 0 0 0 0 0 0 0 0 0 0 0 0 0 0 0 0 0 0 0 0 0 0 0 0 0 0 0 0 0 0 0 0 0 0 0 0 0 0 0 0 0 0 0 0 0 0 0 0 0 0 0 0 0 0 0 0 0 0 0 0 0 0 0 0 0 0 0 0 0 0 0 0 0 0 0 0 0 0 0 0 0 0 0 0 0 0 0 0 0 0 0 0 0 0 0 0 0 0 0 0 0 0 0 0 0 0 0 0 0 0 0 0 0 0 0 0 0 0 0 0 0 0 0 0 0 0 0 0 0 0 0 0 0 0 0 0 0 0 0 0 0 0 0 0 0 0 0 0 0 0 0 0 0 0 0 0 0 0 0 0 0 0 0 0 0 0 0 0 0 0 0 0 0 0 0 0 0 0 0 0 0 0 0 0 0 0 0 0 0 0 0 0 0 0 0 0 0 0 0 0 0 0 0 0 0 0 0 0 0 0 0 0 0 0 0 0 0 0 0 0 0 0 0 0 0 0 0 0 0 0 0 0 0 0 0 0 0 0 0 0 0 0 0 0 0 0 0 0 0 0 0 0 0 0 0 0 0 0 0 0 0 0 0 0 0 0 0 0 0 0 0 0 0 0 0 0 0 0 0 0 0 0 0 0 0 0 0 0 0 0 0 0 0 0 0 0 0 0 0 0 0 0 0 0 0 0 0 0 0 0 0 0 0 0 0 0 0 0 0 0 0 0 0 0 0 0 0 0 0 0 0 0 0 0 0 0 0 0 0 0 0 0 0 0 0 0 0 0 0 0 0 0 0 0 0 0 0 0 0 0 0 0 0 0 0 0 0 0 0 0 0 0 0 0 0 0 0 0 0 0 0 0 0 0 0 0 0 0 0 0 0 0 0 0 0 0 0 0 0 0 0 0 0 0 0 0 0 0 0 0 0 0 0 0 0 0 0 0 0 0 0 0 0 0 0 0 0 0 0 0 0 0 0 0 0 0 0 0 0 0 0 0 0 0 0 0 0 0 0 0 0 0 0 0 0 0 0 0 0 0 0 0 0 0 0 0 0 0 0 0 0 0 0 0 0 0 0 0 0 0 0 0 0 0 0 0 0 0 0 0 0 0 0 0 0 0 0 0 0 0 0 0 0 0 0 0 0 0 0 0 0 0 0 0 0 0 0 0 0 0 0 0 0 0 0 0 0 0 0 0 0 0 0 0 0 0 0 0 0 0 0 0 0 0 0 0 0 0 0 0 0 0 0 0 0 0 0 0 0 0 0 0 0 0 0 0 0 0 0 0 0 0 0 0 0 0 0 0 0 0 0 0 0 0 0 0 0 0 0 0 0 0 0 0 0 0 0 0 0 0 0 0 0 0 0 0 0 0 0 0 0 0 0 0 0 0 0 0 0 0 0 0 0 0 0 0 0 0 0 0 0 0 0 0 0 0 0 0 0 0 0 0 0 0 0 0 0 0 0 0 0 0 0 0 0 0 0 0 0 0 0 0 0 0 0 0 0 0 0 0 0 0 0 0 0 0 0 0 0 0 0 0 0 0 0 0 0 0 0 0 0 0 0 0 0 0 0 0 0 0 0 0 0 0 0 0 0 0 0 0 0 0 0 0 0 0 0 0 0 0 0 0 0 0 0 0 0 0 0 0 0 0 0 0 0 0 0 0 0 0 0 0 0 0 0 0 0 0 0 0 0 0 0 0 0 0 0 0 0 0 0 0 0 0 0 0 0 0 0 0 0 0 0 0 0 0 0 0 0 0 0 0 0 0 0 0 0 0 0 0 0 0 0 0 0 0 0 0 0 0 0 0 0 0 0 0 0 0 0 0 0 0 0 0 0 0 0 0 0 0 0 0 0 0 0 0 0 0 0 0 0 0 0 0 0 0 0 0 0 0 0 0 0 0 0 0 0 0 0 0
ctxt 5074449219
btime 1790630938
processes 687753
procs_running 5
procs_blocked 31
softirq 4602329209 73526 11697706 2753153 187664256 461174 0 13559932 50289861 421 40861884
--
cpu  3345723 1516 1605137 45380766 231857 0 781749 0 0 0
cpu0 121571 28 44778 1425097 3511 0 24784 0 0 0
cpu1 124444 32 46094 1426170 4039 0 24573 0 0 0
cpu2 125897 32 46277 1425513 3805 0 24690 0 0 0
cpu3 198406 31 66533 1317090 2803 0 40505 0 0 0
cpu4 200262 35 65538 1317085 3402 0 40706 0 0 0
cpu5 132700 34 48186 1416010 4005 0 25709 0 0 0
cpu6 133432 31 48482 1415305 3806 0 26478 0 0 0
cpu7 141160 28 51980 1401884 3561 0 29308 0 0 0
cpu8 41022 55 43290 1480567 8300 0 13337 0 0 0
cpu9 46998 60 46416 1457426 10915 0 14521 0 0 0
cpu10 44643 60 44824 1465378 9098 0 14343 0 0 0
cpu11 40839 55 40779 1485105 7960 0 12766 0 0 0
cpu12 81138 134 50193 1415795 13061 0 15692 0 0 0
cpu13 77710 67 51146 1415369 13768 0 16034 0 0 0
cpu14 40654 55 40188 1488323 7597 0 12496 0 0 0
cpu15 37790 57 36898 1501776 7600 0 11347 0 0 0
cpu16 162692 26 56394 1370671 4694 0 33196 0 0 0
cpu17 152599 26 54614 1382288 6158 0 31652 0 0 0
cpu18 146098 26 53450 1392061 5159 0 30907 0 0 0
cpu19 261624 25 79721 1231944 2843 0 50513 0 0 0
cpu20 232783 24 74614 1267310 4597 0 47973 0 0 0
cpu21 140722 29 52291 1397843 6217 0 30085 0 0 0
cpu22 132472 32 50367 1409912 5492 0 28306 0 0 0
cpu23 115279 31 44729 1439185 5096 0 23607 0 0 0
cpu24 43879 57 41608 1483515 9340 0 13452 0 0 0
cpu25 49030 59 46425 1459714 11290 0 15884 0 0 0
cpu26 46941 55 45320 1465885 10576 0 15445 0 0 0
cpu27 39665 43 40360 1475961 9288 0 21328 0 0 0
cpu28 74049 78 53827 1403430 13403 0 28412 0 0 0
cpu29 77881 115 55782 1392526 13884 0 28934 0 0 0
cpu30 39065 40 41871 1469643 8485 0 21300 0 0 0
cpu31 42262 42 42148 1484972 8088 0 13456 0 0 0
intr 3210599083 126 0 0 0 0 0 0 0 0 1 0 0 0 0 0 0 0 0 0 0 0 0 0 0 0 0 0 1 1 1 0 0 0 0 1 0 1 0 0 75045 0 0 0 0 0 0 0 0 411 0 0 0 0 0 0 0 0 87 0 0 0 0 0 0 0 0 0 0 0 0 0 0 0 442267 2 35053420 34992505 34909418 35050110 0 13475 8019 8939 8395 6209 7428 8550 8986 6978 28603 39938 30450 24725 36819 36909 24350 20565 10161 10550 10147 5484 9098 11373 10943 9409 26338 31449 28797 23835 32264 33813 20916 22779 0 0 0 0 617105 4405 1036 0 264 0 0 0 0 0 0 0 0 0 0 0 0 0 0 0 0 0 0 0 0 0 0 0 0 0 0 0 0 0 0 0 0 0 0 0 0 0 0 0 0 0 0 0 0 0 0 0 0 0 0 0 0 0 0 0 0 0 0 0 0 0 0 0 0 0 0 0 0 0 0 0 0 0 0 0 0 0 0 0 0 0 0 0 0 0 0 0 0 0 0 0 0 0 0 0 0 0 0 0 0 0 0 0 0 0 0 0 0 0 0 0 0 0 0 0 0 0 0 0 0 0 0 0 0 0 0 0 0 0 0 0 0 0 0 0 0 0 0 0 0 0 0 0 0 0 0 0 0 0 0 0 0 0 0 0 0 0 0 0 0 0 0 0 0 0 0 0 0 0 0 0 0 0 0 0 0 0 0 0 0 0 0 0 0 0 0 0 0 0 0 0 0 0 0 0 0 0 0 0 0 0 0 0 0 0 0 0 0 0 0 0 0 0 0 0 0 0 0 0 0 0 0 0 0 0 0 0 0 0 0 0 0 0 0 0 0 0 0 0 0 0 0 0 0 0 0 0 0 0 0 0 0 0 0 0 0 0 0 0 0 0 0 0 0 0 0 0 0 0 0 0 0 0 0 0 0 0 0 0 0 0 0 0 0 0 0 0 0 0 0 0 0 0 0 0 0 0 0 0 0 0 0 0 0 0 0 0 0 0 0 0 0 0 0 0 0 0 0 0 0 0 0 0 0 0 0 0 0 0 0 0 0 0 0 0 0 0 0 0 0 0 0 0 0 0 0 0 0 0 0 0 0 0 0 0 0 0 0 0 0 0 0 0 0 0 0 0 0 0 0 0 0 0 0 0 0 0 0 0 0 0 0 0 0 0 0 0 0 0 0 0 0 0 0 0 0 0 0 0 0 0 0 0 0 0 0 0 0 0 0 0 0 0 0 0 0 0 0 0 0 0 0 0 0 0 0 0 0 0 0 0 0 0 0 0 0 0 0 0 0 0 0 0 0 0 0 0 0 0 0 0 0 0 0 0 0 0 0 0 0 0 0 0 0 0 0 0 0 0 0 0 0 0 0 0 0 0 0 0 0 0 0 0 0 0 0 0 0 0 0 0 0 0 0 0 0 0 0 0 0 0 0 0 0 0 0 0 0 0 0 0 0 0 0 0 0 0 0 0 0 0 0 0 0 0 0 0 0 0 0 0 0 0 0 0 0 0 0 0 0 0 0 0 0 0 0 0 0 0 0 0 0 0 0 0 0 0 0 0 0 0 0 0 0 0 0 0 0 0 0 0 0 0 0 0 0 0 0 0 0 0 0 0 0 0 0 0 0 0 0 0 0 0 0 0 0 0 0 0 0 0 0 0 0 0 0 0 0 0 0 0 0 0 0 0 0 0 0 0 0 0 0 0 0 0 0 0 0 0 0 0 0 0 0 0 0 0 0 0 0 0 0 0 0 0 0 0 0 0 0 0 0 0 0 0 0 0 0 0 0 0 0 0 0 0 0 0 0 0 0 0 0 0 0 0 0 0 0 0 0 0 0 0 0 0 0 0 0 0 0 0 0 0 0 0 0 0 0 0 0 0 0 0 0 0 0 0 0 0 0 0 0 0 0 0 0 0 0 0 0 0 0 0 0 0 0 0 0 0 0 0 0 0 0 0 0 0 0 0 0 0 0 0 0 0 0 0 0 0 0 0 0 0 0 0 0 0 0 0 0 0 0 0 0 0 0 0 0 0 0 0 0 0 0 0 0 0 0 0 0 0 0 0 0 0 0 0 0 0 0 0 0 0 0 0 0 0 0 0 0 0 0 0 0 0 0 0 0 0 0 0 0 0 0 0 0 0 0 0 0 0 0 0 0 0 0 0 0 0 0 0 0 0 0 0 0 0 0 0 0 0 0 0 0 0 0 0 0 0 0 0 0 0 0 0 0 0 0 0 0 0 0 0 0 0 0 0 0 0 0 0 0 0 0 0 0 0 0 0 0 0 0 0 0 0 0 0 0 0 0 0 0 0 0 0 0 0 0 0 0 0 0 0 0 0 0 0 0 0 0 0 0 0 0 0 0 0 0 0 0 0 0 0 0 0 0 0 0 0 0 0 0 0 0 0 0 0 0 0 0 0 0 0 0 0 0 0 0 0 0 0 0 0 0 0 0 0 0 0 0 0 0 0 0 0 0 0 0 0 0 0 0 0 0 0 0 0 0 0 0 0 0 0 0 0 0 0 0 0 0 0 0 0 0 0 0 0 0 0 0 0 0 0 0 0 0 0 0 0 0 0 0 0 0 0 0 0 0 0 0 0 0 0 0 0 0 0 0 0 0 0 0 0 0 0 0 0 0 0 0 0 0 0 0 0 0 0 0 0 0 0 0 0 0 0 0 0 0 0 0 0 0 0 0 0 0 0 0 0 0 0 0 0 0 0 0 0 0 0 0 0 0 0 0 0 0 0 0 0 0 0 0 0 0 0 0 0 0 0 0 0 0
ctxt 5075181151
btime 1790630938
processes 687809
procs_running 6
procs_blocked 14
softirq 4602515732 73526 11712522 2753155 187766184 462534 0 13559933 50318789 421 40901372
