Running 10s test @ http://127.0.0.1:18500/api/json
  16 threads and 32 connections
  Thread Stats   Avg      Stdev     Max   +/- Stdev
    Latency     5.57ms    4.89ms  12.29ms   61.15%
    Req/Sec   360.71    651.98     2.93k    93.69%
  Latency Distribution
     50%  728.00us
     75%   10.50ms
     90%   10.53ms
     99%   10.59ms
  57484 requests in 10.10s, 13.32MB read
Requests/sec:   5691.92
Transfer/sec:      1.32MB
## server-stat
cpu  3232683 1422 1575745 41871608 131635 0 773918 0 0 0
cpu0 118727 27 44094 1313181 2105 0 24390 0 0 0
cpu1 122879 31 45498 1312678 2183 0 24391 0 0 0
cpu2 124181 30 45656 1312093 1908 0 24548 0 0 0
cpu3 182347 30 63463 1220682 1946 0 39202 0 0 0
cpu4 185019 34 62805 1220248 1762 0 39254 0 0 0
cpu5 131044 31 47569 1302580 2003 0 25590 0 0 0
cpu6 131749 28 47876 1301749 1856 0 26362 0 0 0
cpu7 139651 26 51427 1288075 1561 0 29220 0 0 0
cpu8 40738 50 42887 1367480 4700 0 13303 0 0 0
cpu9 46504 55 45940 1345579 7110 0 14461 0 0 0
cpu10 44284 55 44368 1353340 5197 0 14297 0 0 0
cpu11 40575 50 40375 1372471 4073 0 12732 0 0 0
cpu12 78655 130 49496 1306783 9033 0 15599 0 0 0
cpu13 75340 61 50407 1306763 9376 0 15924 0 0 0
cpu14 40340 50 39725 1375783 4003 0 12449 0 0 0
cpu15 37572 52 36472 1388739 3997 0 11310 0 0 0
cpu16 159769 25 55663 1259005 2286 0 33070 0 0 0
cpu17 149717 24 53839 1270868 3522 0 31520 0 0 0
cpu18 143974 24 52747 1279943 2379 0 30785 0 0 0
cpu19 235755 24 75342 1147017 1684 0 49031 0 0 0
cpu20 211485 24 71315 1177231 2516 0 46860 0 0 0
cpu21 138858 27 51587 1285675 3211 0 29966 0 0 0
cpu22 131343 30 49761 1296695 2610 0 28214 0 0 0
cpu23 114410 29 44178 1325435 2373 0 23541 0 0 0
cpu24 43499 52 41125 1371387 4863 0 13422 0 0 0
cpu25 48610 56 45935 1347853 6756 0 15844 0 0 0
cpu26 46559 51 44841 1353890 5977 0 15405 0 0 0
cpu27 39340 40 39892 1363370 4943 0 21298 0 0 0
cpu28 72633 75 53213 1293616 8208 0 28345 0 0 0
cpu29 76343 113 55150 1282790 8796 0 28865 0 0 0
cpu30 38791 36 41409 1356623 4653 0 21273 0 0 0
cpu31 41979 38 41679 1371968 4029 0 13436 0 0 0
intr 3150650478 126 0 0 0 0 0 0 0 0 1 0 0 0 0 0 0 0 0 0 0 0 0 0 0 0 0 0 1 1 1 0 0 0 0 1 0 1 0 0 75045 0 0 0 0 0 0 0 0 411 0 0 0 0 0 0 0 0 87 0 0 0 0 0 0 0 0 0 0 0 0 0 0 0 401988 2 35048282 34989463 34907364 35046274 0 12528 5532 6262 5227 4692 5232 5482 6359 4586 23849 33864 24502 19383 28777 29439 19811 16268 6736 7106 6581 4195 6111 7682 7364 5656 20579 23953 21788 18387 23153 24241 15879 17732 0 0 0 0 617025 4309 1036 0 264 0 0 0 0 0 0 0 0 0 0 0 0 0 0 0 0 0 0 0 0 0 0 0 0 0 0 0 0 0 0 0 0 0 0 0 0 0 0 0 0 0 0 0 0 0 0 0 0 0 0 0 0 0 0 0 0 0 0 0 0 0 0 0 0 0 0 0 0 0 0 0 0 0 0 0 0 0 0 0 0 0 0 0 0 0 0 0 0 0 0 0 0 0 0 0 0 0 0 0 0 0 0 0 0 0 0 0 0 0 0 0 0 0 0 0 0 0 0 0 0 0 0 0 0 0 0 0 0 0 0 0 0 0 0 0 0 0 0 0 0 0 0 0 0 0 0 0 0 0 0 0 0 0 0 0 0 0 0 0 0 0 0 0 0 0 0 0 0 0 0 0 0 0 0 0 0 0 0 0 0 0 0 0 0 0 0 0 0 0 0 0 0 0 0 0 0 0 0 0 0 0 0 0 0 0 0 0 0 0 0 0 0 0 0 0 0 0 0 0 0 0 0 0 0 0 0 0 0 0 0 0 0 0 0 0 0 0 0 0 0 0 0 0 0 0 0 0 0 0 0 0 0 0 0 0 0 0 0 0 0 0 0 0 0 0 0 0 0 0 0 0 0 0 0 0 0 0 0 0 0 0 0 0 0 0 0 0 0 0 0 0 0 0 0 0 0 0 0 0 0 0 0 0 0 0 0 0 0 0 0 0 0 0 0 0 0 0 0 0 0 0 0 0 0 0 0 0 0 0 0 0 0 0 0 0 0 0 0 0 0 0 0 0 0 0 0 0 0 0 0 0 0 0 0 0 0 0 0 0 0 0 0 0 0 0 0 0 0 0 0 0 0 0 0 0 0 0 0 0 0 0 0 0 0 0 0 0 0 0 0 0 0 0 0 0 0 0 0 0 0 0 0 0 0 0 0 0 0 0 0 0 0 0 0 0 0 0 0 0 0 0 0 0 0 0 0 0 0 0 0 0 0 0 0 0 0 0 0 0 0 0 0 0 0 0 0 0 0 0 0 0 0 0 0 0 0 0 0 0 0 0 0 0 0 0 0 0 0 0 0 0 0 0 0 0 0 0 0 0 0 0 0 0 0 0 0 0 0 0 0 0 0 0 0 0 0 0 0 0 0 0 0 0 0 0 0 0 0 0 0 0 0 0 0 0 0 0 0 0 0 0 0 0 0 0 0 0 0 0 0 0 0 0 0 0 0 0 0 0 0 0 0 0 0 0 0 0 0 0 0 0 0 0 0 0 0 0 0 0 0 0 0 0 0 0 0 0 0 0 0 0 0 0 0 0 0 0 0 0 0 0 0 0 0 0 0 0 0 0 0 0 0 0 0 0 0 0 0 0 0 0 0 0 0 0 0 0 0 0 0 0 0 0 0 0 0 0 0 0 0 0 0 0 0 0 0 0 0 0 0 0 0 0 0 0 0 0 0 0 0 0 0 0 0 0 0 0 0 0 0 0 0 0 0 0 0 0 0 0 0 0 0 0 0 0 0 0 0 0 0 0 0 0 0 0 0 0 0 0 0 0 0 0 0 0 0 0 0 0 0 0 0 0 0 0 0 0 0 0 0 0 0 0 0 0 0 0 0 0 0 0 0 0 0 0 0 0 0 0 0 0 0 0 0 0 0 0 0 0 0 0 0 0 0 0 0 0 0 0 0 0 0 0 0 0 0 0 0 0 0 0 0 0 0 0 0 0 0 0 0 0 0 0 0 0 0 0 0 0 0 0 0 0 0 0 0 0 0 0 0 0 0 0 0 0 0 0 0 0 0 0 0 0 0 0 0 0 0 0 0 0 0 0 0 0 0 0 0 0 0 0 0 0 0 0 0 0 0 0 0 0 0 0 0 0 0 0 0 0 0 0 0 0 0 0 0 0 0 0 0 0 0 0 0 0 0 0 0 0 0 0 0 0 0 0 0 0 0 0 0 0 0 0 0 0 0 0 0 0 0 0 0 0 0 0 0 0 0 0 0 0 0 0 0 0 0 0 0 0 0 0 0 0 0 0 0 0 0 0 0 0 0 0 0 0 0 0 0 0 0 0 0 0 0 0 0 0 0 0 0 0 0 0 0 0 0 0 0 0 0 0 0 0 0 0 0 0 0 0 0 0 0 0 0 0 0 0 0 0 0 0 0 0 0 0 0 0 0 0 0 0 0 0 0 0 0 0 0 0 0 0 0 0 0 0 0 0 0 0 0 0 0 0 0 0 0 0 0 0 0 0 0 0 0 0 0 0 0 0 0 0 0 0 0 0 0 0 0 0 0 0 0 0 0 0 0 0 0 0 0 0 0 0 0 0 0 0 0 0 0 0 0 0 0 0 0 0 0 0 0 0 0 0 0 0 0 0 0 0 0 0 0 0 0 0 0 0 0 0 0 0 0 0 0 0 0 0 0 0 0 0 0 0 0 0 0 0 0 0 0 0 0 0 0 0 0 0 0 0 0 0 0 0 0 0 0 0 0 0 0 0 0
ctxt 4970034823
btime 1790630938
processes 505921
procs_running 3
procs_blocked 0
softirq 4541957713 73526 11072387 2753138 133423855 420712 0 13559689 48619982 421 37066707
--
cpu  3234290 1422 1575787 41895457 131649 0 773934 0 0 0
cpu0 118731 27 44094 1313970 2105 0 24390 0 0 0
cpu1 122879 31 45498 1313477 2183 0 24391 0 0 0
cpu2 124182 30 45656 1312892 1908 0 24548 0 0 0
cpu3 182643 30 63469 1221176 1946 0 39205 0 0 0
cpu4 185171 34 62809 1220892 1762 0 39254 0 0 0
cpu5 131044 31 47569 1303379 2003 0 25590 0 0 0
cpu6 131749 28 47876 1302548 1856 0 26362 0 0 0
cpu7 139652 26 51427 1288874 1561 0 29220 0 0 0
cpu8 40738 50 42887 1368273 4700 0 13303 0 0 0
cpu9 46505 55 45940 1346372 7110 0 14461 0 0 0
cpu10 44289 55 44368 1354130 5197 0 14297 0 0 0
cpu11 40576 51 40376 1373264 4073 0 12732 0 0 0
cpu12 78670 130 49497 1307562 9033 0 15599 0 0 0
cpu13 75349 61 50408 1307550 9376 0 15924 0 0 0
cpu14 40341 50 39725 1376575 4006 0 12449 0 0 0
cpu15 37572 52 36472 1389534 3997 0 11310 0 0 0
cpu16 159769 25 55663 1259805 2286 0 33070 0 0 0
cpu17 149717 24 53839 1271667 3522 0 31520 0 0 0
cpu18 143974 24 52747 1280742 2379 0 30785 0 0 0
cpu19 236234 24 75351 1147322 1684 0 49036 0 0 0
cpu20 212104 24 71330 1177390 2516 0 46867 0 0 0
cpu21 138859 27 51587 1286472 3211 0 29966 0 0 0
cpu22 131343 30 49761 1297494 2610 0 28214 0 0 0
cpu23 114410 29 44178 1326234 2373 0 23541 0 0 0
cpu24 43499 52 41125 1372186 4863 0 13422 0 0 0
cpu25 48610 56 45935 1348651 6756 0 15844 0 0 0
cpu26 46559 51 44842 1354688 5977 0 15405 0 0 0
cpu27 39340 40 39892 1364168 4943 0 21298 0 0 0
cpu28 72634 75 53213 1294412 8209 0 28345 0 0 0
cpu29 76361 113 55151 1283557 8806 0 28865 0 0 0
cpu30 38793 36 41410 1357418 4653 0 21273 0 0 0
cpu31 41979 38 41679 1372766 4029 0 13436 0 0 0
intr 3150811600 126 0 0 0 0 0 0 0 0 1 0 0 0 0 0 0 0 0 0 0 0 0 0 0 0 0 0 1 1 1 0 0 0 0 1 0 1 0 0 75045 0 0 0 0 0 0 0 0 411 0 0 0 0 0 0 0 0 87 0 0 0 0 0 0 0 0 0 0 0 0 0 0 0 402128 2 35048321 34989489 34907392 35046296 0 12532 5532 6262 5227 4692 5232 5482 6362 4586 23849 33864 24502 19383 28777 29439 19811 16268 6736 7107 6581 4195 6111 7684 7364 5656 20579 23954 21788 18387 23153 24241 15879 17732 0 0 0 0 617027 4309 1036 0 264 0 0 0 0 0 0 0 0 0 0 0 0 0 0 0 0 0 0 0 0 0 0 0 0 0 0 0 0 0 0 0 0 0 0 0 0 0 0 0 0 0 0 0 0 0 0 0 0 0 0 0 0 0 0 0 0 0 0 0 0 0 0 0 0 0 0 0 0 0 0 0 0 0 0 0 0 0 0 0 0 0 0 0 0 0 0 0 0 0 0 0 0 0 0 0 0 0 0 0 0 0 0 0 0 0 0 0 0 0 0 0 0 0 0 0 0 0 0 0 0 0 0 0 0 0 0 0 0 0 0 0 0 0 0 0 0 0 0 0 0 0 0 0 0 0 0 0 0 0 0 0 0 0 0 0 0 0 0 0 0 0 0 0 0 0 0 0 0 0 0 0 0 0 0 0 0 0 0 0 0 0 0 0 0 0 0 0 0 0 0 0 0 0 0 0 0 0 0 0 0 0 0 0 0 0 0 0 0 0 0 0 0 0 0 0 0 0 0 0 0 0 0 0 0 0 0 0 0 0 0 0 0 0 0 0 0 0 0 0 0 0 0 0 0 0 0 0 0 0 0 0 0 0 0 0 0 0 0 0 0 0 0 0 0 0 0 0 0 0 0 0 0 0 0 0 0 0 0 0 0 0 0 0 0 0 0 0 0 0 0 0 0 0 0 0 0 0 0 0 0 0 0 0 0 0 0 0 0 0 0 0 0 0 0 0 0 0 0 0 0 0 0 0 0 0 0 0 0 0 0 0 0 0 0 0 0 0 0 0 0 0 0 0 0 0 0 0 0 0 0 0 0 0 0 0 0 0 0 0 0 0 0 0 0 0 0 0 0 0 0 0 0 0 0 0 0 0 0 0 0 0 0 0 0 0 0 0 0 0 0 0 0 0 0 0 0 0 0 0 0 0 0 0 0 0 0 0 0 0 0 0 0 0 0 0 0 0 0 0 0 0 0 0 0 0 0 0 0 0 0 0 0 0 0 0 0 0 0 0 0 0 0 0 0 0 0 0 0 0 0 0 0 0 0 0 0 0 0 0 0 0 0 0 0 0 0 0 0 0 0 0 0 0 0 0 0 0 0 0 0 0 0 0 0 0 0 0 0 0 0 0 0 0 0 0 0 0 0 0 0 0 0 0 0 0 0 0 0 0 0 0 0 0 0 0 0 0 0 0 0 0 0 0 0 0 0 0 0 0 0 0 0 0 0 0 0 0 0 0 0 0 0 0 0 0 0 0 0 0 0 0 0 0 0 0 0 0 0 0 0 0 0 0 0 0 0 0 0 0 0 0 0 0 0 0 0 0 0 0 0 0 0 0 0 0 0 0 0 0 0 0 0 0 0 0 0 0 0 0 0 0 0 0 0 0 0 0 0 0 0 0 0 0 0 0 0 0 0 0 0 0 0 0 0 0 0 0 0 0 0 0 0 0 0 0 0 0 0 0 0 0 0 0 0 0 0 0 0 0 0 0 0 0 0 0 0 0 0 0 0 0 0 0 0 0 0 0 0 0 0 0 0 0 0 0 0 0 0 0 0 0 0 0 0 0 0 0 0 0 0 0 0 0 0 0 0 0 0 0 0 0 0 0 0 0 0 0 0 0 0 0 0 0 0 0 0 0 0 0 0 0 0 0 0 0 0 0 0 0 0 0 0 0 0 0 0 0 0 0 0 0 0 0 0 0 0 0 0 0 0 0 0 0 0 0 0 0 0 0 0 0 0 0 0 0 0 0 0 0 0 0 0 0 0 0 0 0 0 0 0 0 0 0 0 0 0 0 0 0 0 0 0 0 0 0 0 0 0 0 0 0 0 0 0 0 0 0 0 0 0 0 0 0 0 0 0 0 0 0 0 0 0 0 0 0 0 0 0 0 0 0 0 0 0 0 0 0 0 0 0 0 0 0 0 0 0 0 0 0 0 0 0 0 0 0 0 0 0 0 0 0 0 0 0 0 0 0 0 0 0 0 0 0 0 0 0 0 0 0 0 0 0 0 0 0 0 0 0 0 0 0 0 0 0 0 0 0 0 0 0 0 0 0 0 0 0 0 0 0 0 0 0 0 0 0 0 0 0 0 0 0 0 0 0 0 0 0 0 0 0 0 0 0 0 0 0 0 0 0 0 0 0 0 0 0 0 0 0 0 0 0 0 0 0 0 0 0 0 0 0 0 0 0 0 0 0 0 0 0 0 0 0 0 0 0 0 0 0 0 0 0 0 0 0 0 0 0 0 0 0 0 0 0 0 0 0 0 0 0 0 0 0 0 0 0 0 0 0 0 0 0 0 0 0 0 0 0 0 0 0 0 0 0 0 0 0 0 0 0 0 0 0 0 0 0 0 0 0 0 0 0 0 0 0 0 0 0 0 0 0 0 0 0 0 0 0 0 0 0 0 0 0 0 0 0 0 0 0 0 0 0 0 0 0 0 0 0 0 0 0 0 0 0 0 0 0 0 0 0 0 0 0 0 0 0 0 0 0 0 0 0 0
ctxt 4970252718
btime 1790630938
processes 505971
procs_running 3
procs_blocked 0
softirq 4542070605 73526 11075110 2753138 133515501 420861 0 13559689 48630232 421 37074831
