Running 10s test @ http://127.0.0.1:18500/counter
  16 threads and 128 connections
  Thread Stats   Avg      Stdev     Max   +/- Stdev
    Latency    18.54ms    7.52ms 346.81ms   95.68%
    Req/Sec   443.85    101.59     3.33k    97.82%
  Latency Distribution
     50%   17.46ms
     75%   18.75ms
     90%   20.46ms
     99%   50.31ms
  70820 requests in 10.10s, 16.48MB read
Requests/sec:   7012.76
Transfer/sec:      1.63MB
## server-stat
cpu  3456381 1550 1623746 46400108 333246 0 784863 0 0 0
cpu0 127025 28 45689 1456763 4275 0 25050 0 0 0
cpu1 129543 33 46900 1458246 5039 0 24780 0 0 0
cpu2 130757 33 46994 1457895 4923 0 24848 0 0 0
cpu3 204896 32 67551 1347527 3763 0 40690 0 0 0
cpu4 206956 36 66437 1347590 4290 0 40873 0 0 0
cpu5 138032 34 48950 1447573 5515 0 25845 0 0 0
cpu6 137718 32 49036 1447787 5662 0 26593 0 0 0
cpu7 144859 29 52508 1434688 5670 0 29427 0 0 0
cpu8 41151 56 43520 1514908 12727 0 13349 0 0 0
cpu9 47170 61 46667 1491145 15839 0 14537 0 0 0
cpu10 44791 62 45056 1499280 13943 0 14354 0 0 0
cpu11 40950 57 40989 1519244 12715 0 12772 0 0 0
cpu12 81880 136 50527 1448755 17925 0 15725 0 0 0
cpu13 78389 69 51485 1448425 18489 0 16071 0 0 0
cpu14 40781 57 40436 1522596 12034 0 12507 0 0 0
cpu15 37888 58 37113 1536028 12209 0 11357 0 0 0
cpu16 172209 27 57499 1398302 5576 0 33366 0 0 0
cpu17 161705 26 55638 1410128 7302 0 31827 0 0 0
cpu18 154309 26 54359 1420396 6816 0 31084 0 0 0
cpu19 272158 25 81092 1258518 3397 0 50730 0 0 0
cpu20 242297 25 75894 1294991 5215 0 48167 0 0 0
cpu21 147543 29 53142 1427296 8216 0 30265 0 0 0
cpu22 138589 33 51183 1439464 8063 0 28511 0 0 0
cpu23 119621 31 45447 1470578 7700 0 23781 0 0 0
cpu24 44046 59 41857 1517158 14508 0 13461 0 0 0
cpu25 49221 61 46690 1493189 16510 0 15896 0 0 0
cpu26 47116 56 45572 1499496 15730 0 15454 0 0 0
cpu27 39807 45 40608 1509616 14500 0 21332 0 0 0
cpu28 74767 79 54197 1435715 18882 0 28446 0 0 0
cpu29 78592 116 56164 1424571 19515 0 28975 0 0 0
cpu30 39198 42 42127 1503448 13289 0 21313 0 0 0
cpu31 42402 42 42404 1518780 12991 0 13464 0 0 0
intr 3234416191 126 0 0 0 0 0 0 0 0 1 0 0 0 0 0 0 0 0 0 0 0 0 0 0 0 0 0 1 1 1 0 0 0 0 1 0 1 0 0 75045 0 0 0 0 0 0 0 0 411 0 0 0 0 0 0 0 0 87 0 0 0 0 0 0 0 0 0 0 0 0 0 0 0 465747 2 35055273 34994598 34910640 35051315 0 13791 9520 10378 10508 7722 8740 11042 12582 9905 35300 48147 37387 31574 46557 45846 29407 25871 11596 12561 15146 6665 10164 14134 14226 12764 32556 39753 35972 30048 43058 47517 27255 28984 0 0 0 0 617133 4431 1036 0 264 0 0 0 0 0 0 0 0 0 0 0 0 0 0 0 0 0 0 0 0 0 0 0 0 0 0 0 0 0 0 0 0 0 0 0 0 0 0 0 0 0 0 0 0 0 0 0 0 0 0 0 0 0 0 0 0 0 0 0 0 0 0 0 0 0 0 0 0 0 0 0 0 0 0 0 0 0 0 0 0 0 0 0 0 0 0 0 0 0 0 0 0 0 0 0 0 0 0 0 0 0 0 0 0 0 0 0 0 0 0 0 0 0 0 0 0 0 0 0 0 0 0 0 0 0 0 0 0 0 0 0 0 0 0 0 0 0 0 0 0 0 0 0 0 0 0 0 0 0 0 0 0 0 0 0 0 0 0 0 0 0 0 0 0 0 0 0 0 0 0 0 0 0 0 0 0 0 0 0 0 0 0 0 0 0 0 0 0 0 0 0 0 0 0 0 0 0 0 0 0 0 0 0 0 0 0 0 0 0 0 0 0 0 0 0 0 0 0 0 0 0 0 0 0 0 0 0 0 0 0 0 0 0 0 0 0 0 0 0 0 0 0 0 0 0 0 0 0 0 0 0 0 0 0 0 0 0 0 0 0 0 0 0 0 0 0 0 0 0 0 0 0 0 0 0 0 0 0 0 0 0 0 0 0 0 0 0 0 0 0 0 0 0 0 0 0 0 0 0 0 0 0 0 0 0 0 0 0 0 0 0 0 0 0 0 0 0 0 0 0 0 0 0 0 0 0 0 0 0 0 0 0 0 0 0 0 0 0 0 0 0 0 0 0 0 0 0 0 0 0 0 0 0 0 0 0 0 0 0 0 0 0 0 0 0 0 0 0 0 0 0 0 0 0 0 0 0 0 0 0 0 0 0 0 0 0 0 0 0 0 0 0 0 0 0 0 0 0 0 0 0 0 0 0 0 0 0 0 0 0 0 0 0 0 0 0 0 0 0 0 0 0 0 0 0 0 0 0 0 0 0 0 0 0 0 0 0 0 0 0 0 0 0 0 0 0 0 0 0 0 0 0 0 0 0 0 0 0 0 0 0 0 0 0 0 0 0 0 0 0 0 0 0 0 0 0 0 0 0 0 0 0 0 0 0 0 0 0 0 0 0 0 0 0 0 0 0 0 0 0 0 0 0 0 0 0 0 0 0 0 0 0 0 0 0 0 0 0 0 0 0 0 0 0 0 0 0 0 0 0 0 0 0 0 0 0 0 0 0 0 0 0 0 0 0 0 0 0 0 0 0 0 0 0 0 0 0 0 0 0 0 0 0 0 0 0 0 0 0 0 0 0 0 0 0 0 0 0 0 0 0 0 0 0 0 0 0 0 0 0 0 0 0 0 0 0 0 0 0 0 0 0 0 0 0 0 0 0 0 0 0 0 0 0 0 0 0 0 0 0 0 0 0 0 0 0 0 0 0 0 0 0 0 0 0 0 0 0 0 0 0 0 0 0 0 0 0 0 0 0 0 0 0 0 0 0 0 0 0 0 0 0 0 0 0 0 0 0 0 0 0 0 0 0 0 0 0 0 0 0 0 0 0 0 0 0 0 0 0 0 0 0 0 0 0 0 0 0 0 0 0 0 0 0 0 0 0 0 0 0 0 0 0 0 0 0 0 0 0 0 0 0 0 0 0 0 0 0 0 0 0 0 0 0 0 0 0 0 0 0 0 0 0 0 0 0 0 0 0 0 0 0 0 0 0 0 0 0 0 0 0 0 0 0 0 0 0 0 0 0 0 0 0 0 0 0 0 0 0 0 0 0 0 0 0 0 0 0 0 0 0 0 0 0 0 0 0 0 0 0 0 0 0 0 0 0 0 0 0 0 0 0 0 0 0 0 0 0 0 0 0 0 0 0 0 0 0 0 0 0 0 0 0 0 0 0 0 0 0 0 0 0 0 0 0 0 0 0 0 0 0 0 0 0 0 0 0 0 0 0 0 0 0 0 0 0 0 0 0 0 0 0 0 0 0 0 0 0 0 0 0 0 0 0 0 0 0 0 0 0 0 0 0 0 0 0 0 0 0 0 0 0 0 0 0 0 0 0 0 0 0 0 0 0 0 0 0 0 0 0 0 0 0 0 0 0 0 0 0 0 0 0 0 0 0 0 0 0 0 0 0 0 0 0 0 0 0 0 0 0 0 0 0 0 0 0 0 0 0 0 0 0 0 0 0 0 0 0 0 0 0 0 0 0 0 0 0 0 0 0 0 0 0 0 0 0 0 0 0 0 0 0 0 0 0 0 0 0 0 0 0 0 0 0 0 0 0 0 0 0 0 0 0 0 0 0 0 0 0 0 0 0 0 0 0 0 0 0 0 0 0 0 0 0 0 0 0 0 0 0 0 0 0 0 0 0 0 0 0 0 0 0 0 0 0 0 0 0 0 0 0 0 0 0 0 0 0 0 0 0 0 0 0 0 0 0 0 0 0 0 0 0 0 0 0 0 0 0 0 0 0 0 0 0 0 0 0 0 0 0 0 0
ctxt 5113656683
btime 1790630938
processes 765763
procs_running 3
procs_blocked 0
softirq 4619432364 73526 12185280 2753159 200708981 486532 0 13559993 51335542 421 43361634
--
cpu  3457762 1550 1624415 46413789 342706 0 784917 0 0 0
cpu0 127151 28 45731 1457288 4352 0 25059 0 0 0
cpu1 129643 33 46932 1458789 5144 0 24784 0 0 0
cpu2 130821 33 47022 1458466 5042 0 24852 0 0 0
cpu3 205040 32 67601 1348052 3826 0 40691 0 0 0
cpu4 207105 36 66482 1348093 4377 0 40874 0 0 0
cpu5 138086 34 48973 1448102 5695 0 25847 0 0 0
cpu6 137750 32 49051 1448357 5832 0 26594 0 0 0
cpu7 144878 29 52518 1435287 5831 0 29428 0 0 0
cpu8 41152 56 43528 1515283 13133 0 13350 0 0 0
cpu9 47171 62 46677 1491476 16287 0 14539 0 0 0
cpu10 44792 62 45065 1499590 14409 0 14356 0 0 0
cpu11 40951 57 40999 1519615 13124 0 12773 0 0 0
cpu12 81886 137 50539 1449119 18330 0 15727 0 0 0
cpu13 78407 69 51500 1448640 19033 0 16072 0 0 0
cpu14 40782 57 40445 1522946 12466 0 12508 0 0 0
cpu15 37889 58 37119 1536359 12660 0 11357 0 0 0
cpu16 172310 27 57544 1398828 5692 0 33367 0 0 0
cpu17 161774 26 55670 1410651 7467 0 31828 0 0 0
cpu18 154359 26 54379 1420902 7023 0 31087 0 0 0
cpu19 272326 25 81155 1258967 3505 0 50731 0 0 0
cpu20 242454 25 75960 1295460 5310 0 48168 0 0 0
cpu21 147593 29 53163 1427770 8458 0 30268 0 0 0
cpu22 138611 33 51192 1439975 8305 0 28513 0 0 0
cpu23 119634 31 45458 1471164 7879 0 23782 0 0 0
cpu24 44047 59 41868 1517445 15000 0 13462 0 0 0
cpu25 49224 61 46701 1493499 16975 0 15896 0 0 0
cpu26 47117 56 45582 1499797 16207 0 15455 0 0 0
cpu27 39808 45 40616 1509984 14912 0 21333 0 0 0
cpu28 74783 79 54210 1436036 19324 0 28447 0 0 0
cpu29 78602 116 56177 1424895 19956 0 28976 0 0 0
cpu30 39199 42 42134 1503808 13712 0 21314 0 0 0
cpu31 42403 42 42411 1519132 13422 0 13464 0 0 0
intr 3235504897 126 0 0 0 0 0 0 0 0 1 0 0 0 0 0 0 0 0 0 0 0 0 0 0 0 0 0 1 1 1 0 0 0 0 1 0 1 0 0 75045 0 0 0 0 0 0 0 0 411 0 0 0 0 0 0 0 0 87 0 0 0 0 0 0 0 0 0 0 0 0 0 0 0 467411 2 35055317 34994636 34910680 35051351 0 13799 9634 10476 10649 7824 8903 11272 12790 10083 35795 49010 38113 32053 47529 46796 29800 26329 11745 12813 15439 6897 10357 14509 14436 12924 33238 40942 36731 30553 44368 49154 27792 29509 0 0 0 0 617133 4431 1036 0 264 0 0 0 0 0 0 0 0 0 0 0 0 0 0 0 0 0 0 0 0 0 0 0 0 0 0 0 0 0 0 0 0 0 0 0 0 0 0 0 0 0 0 0 0 0 0 0 0 0 0 0 0 0 0 0 0 0 0 0 0 0 0 0 0 0 0 0 0 0 0 0 0 0 0 0 0 0 0 0 0 0 0 0 0 0 0 0 0 0 0 0 0 0 0 0 0 0 0 0 0 0 0 0 0 0 0 0 0 0 0 0 0 0 0 0 0 0 0 0 0 0 0 0 0 0 0 0 0 0 0 0 0 0 0 0 0 0 0 0 0 0 0 0 0 0 0 0 0 0 0 0 0 0 0 0 0 0 0 0 0 0 0 0 0 0 0 0 0 0 0 0 0 0 0 0 0 0 0 0 0 0 0 0 0 0 0 0 0 0 0 0 0 0 0 0 0 0 0 0 0 0 0 0 0 0 0 0 0 0 0 0 0 0 0 0 0 0 0 0 0 0 0 0 0 0 0 0 0 0 0 0 0 0 0 0 0 0 0 0 0 0 0 0 0 0 0 0 0 0 0 0 0 0 0 0 0 0 0 0 0 0 0 0 0 0 0 0 0 0 0 0 0 0 0 0 0 0 0 0 0 0 0 0 0 0 0 0 0 0 0 0 0 0 0 0 0 0 0 0 0 0 0 0 0 0 0 0 0 0 0 0 0 0 0 0 0 0 0 0 0 0 0 0 0 0 0 0 0 0 0 0 0 0 0 0 0 0 0 0 0 0 0 0 0 0 0 0 0 0 0 0 0 0 0 0 0 0 0 0 0 0 0 0 0 0 0 0 0 0 0 0 0 0 0 0 0 0 0 0 0 0 0 0 0 0 0 0 0 0 0 0 0 0 0 0 0 0 0 0 0 0 0 0 0 0 0 0 0 0 0 0 0 0 0 0 0 0 0 0 0 0 0 0 0 0 0 0 0 0 0 0 0 0 0 0 0 0 0 0 0 0 0 0 0 0 0 0 0 0 0 0 0 0 0 0 0 0 0 0 0 0 0 0 0 0 0 0 0 0 0 0 0 0 0 0 0 0 0 0 0 0 0 0 0 0 0 0 0 0 0 0 0 0 0 0 0 0 0 0 0 0 0 0 0 0 0 0 0 0 0 0 0 0 0 0 0 0 0 0 0 0 0 0 0 0 0 0 0 0 0 0 0 0 0 0 0 0 0 0 0 0 0 0 0 0 0 0 0 0 0 0 0 0 0 0 0 0 0 0 0 0 0 0 0 0 0 0 0 0 0 0 0 0 0 0 0 0 0 0 0 0 0 0 0 0 0 0 0 0 0 0 0 0 0 0 0 0 0 0 0 0 0 0 0 0 0 0 0 0 0 0 0 0 0 0 0 0 0 0 0 0 0 0 0 0 0 0 0 0 0 0 0 0 0 0 0 0 0 0 0 0 0 0 0 0 0 0 0 0 0 0 0 0 0 0 0 0 0 0 0 0 0 0 0 0 0 0 0 0 0 0 0 0 0 0 0 0 0 0 0 0 0 0 0 0 0 0 0 0 0 0 0 0 0 0 0 0 0 0 0 0 0 0 0 0 0 0 0 0 0 0 0 0 0 0 0 0 0 0 0 0 0 0 0 0 0 0 0 0 0 0 0 0 0 0 0 0 0 0 0 0 0 0 0 0 0 0 0 0 0 0 0 0 0 0 0 0 0 0 0 0 0 0 0 0 0 0 0 0 0 0 0 0 0 0 0 0 0 0 0 0 0 0 0 0 0 0 0 0 0 0 0 0 0 0 0 0 0 0 0 0 0 0 0 0 0 0 0 0 0 0 0 0 0 0 0 0 0 0 0 0 0 0 0 0 0 0 0 0 0 0 0 0 0 0 0 0 0 0 0 0 0 0 0 0 0 0 0 0 0 0 0 0 0 0 0 0 0 0 0 0 0 0 0 0 0 0 0 0 0 0 0 0 0 0 0 0 0 0 0 0 0 0 0 0 0 0 0 0 0 0 0 0 0 0 0 0 0 0 0 0 0 0 0 0 0 0 0 0 0 0 0 0 0 0 0 0 0 0 0 0 0 0 0 0 0 0 0 0 0 0 0 0 0 0 0 0 0 0 0 0 0 0 0 0 0 0 0 0 0 0 0 0 0 0 0 0 0 0 0 0 0 0 0 0 0 0 0 0 0 0 0 0 0 0 0 0 0 0 0 0 0 0 0 0 0 0 0 0 0 0 0 0 0 0 0 0 0 0 0 0 0 0 0 0 0 0 0 0 0 0 0 0 0 0 0 0 0 0 0 0 0 0 0 0 0 0 0 0 0 0 0 0 0 0 0 0 0 0 0 0 0 0 0 0 0 0 0 0 0 0 0 0 0 0 0 0 0 0 0 0 0 0 0 0 0 0 0 0 0 0 0 0 0 0 0 0 0 0 0 0 0 0 0 0 0 0 0 0 0 0 0 0 0 0 0 0 0 0 0 0 0
ctxt 5115657467
btime 1790630938
processes 765842
procs_running 3
procs_blocked 19
softirq 4619724541 73526 12200957 2753159 200933699 488218 0 13559993 51362157 421 43385115
