Running 10s test @ http://127.0.0.1:18500/usleep?ms=10
  16 threads and 32 connections
  Thread Stats   Avg      Stdev     Max   +/- Stdev
    Latency   160.86ms    6.17ms 221.98ms   98.48%
    Req/Sec    13.75      4.90    20.00     61.63%
  Latency Distribution
     50%  161.08ms
     75%  161.14ms
     90%  161.18ms
     99%  161.24ms
  1974 requests in 10.01s, 333.50KB read
Requests/sec:    197.16
Transfer/sec:     33.31KB
## server-stat
cpu  3271453 1464 1588210 43312792 216031 0 777912 0 0 0
cpu0 119834 27 44415 1359551 3396 0 24562 0 0 0
cpu1 123623 32 45794 1359290 3914 0 24496 0 0 0
cpu2 124777 31 45933 1358925 3660 0 24634 0 0 0
cpu3 188738 30 64937 1260972 2639 0 39853 0 0 0
cpu4 189591 34 63805 1262160 3199 0 39905 0 0 0
cpu5 131614 32 47840 1349376 3847 0 25663 0 0 0
cpu6 132189 29 48134 1348823 3620 0 26429 0 0 0
cpu7 140032 27 51670 1335382 3212 0 29272 0 0 0
cpu8 40849 51 43056 1413617 7660 0 13322 0 0 0
cpu9 46714 57 46153 1390997 10268 0 14493 0 0 0
cpu10 44437 57 44571 1398993 8286 0 14320 0 0 0
cpu11 40672 53 40542 1418351 7215 0 12748 0 0 0
cpu12 79615 132 49797 1351023 12310 0 15649 0 0 0
cpu13 76250 64 50737 1350646 12980 0 15976 0 0 0
cpu14 40461 52 39921 1421691 6873 0 12473 0 0 0
cpu15 37654 54 36654 1434922 6858 0 11331 0 0 0
cpu16 160766 25 55978 1304895 4591 0 33142 0 0 0
cpu17 150416 25 54138 1316804 6067 0 31595 0 0 0
cpu18 144527 25 53034 1325998 4977 0 30858 0 0 0
cpu19 244860 25 77218 1183770 2748 0 49776 0 0 0
cpu20 217953 24 72469 1216572 4547 0 47446 0 0 0
cpu21 139382 28 51894 1331641 5919 0 30035 0 0 0
cpu22 131767 31 50042 1343069 5079 0 28274 0 0 0
cpu23 114793 30 44437 1372163 4597 0 23584 0 0 0
cpu24 43650 55 41332 1416749 8555 0 13439 0 0 0
cpu25 48790 58 46147 1392960 10547 0 15867 0 0 0
cpu26 46717 53 45043 1399086 9813 0 15426 0 0 0
cpu27 39467 41 40093 1408980 8559 0 21315 0 0 0
cpu28 73186 77 53487 1337977 12167 0 28380 0 0 0
cpu29 77123 114 55446 1326934 12707 0 28901 0 0 0
cpu30 38901 37 41608 1402579 7814 0 21289 0 0 0
cpu31 42092 39 41873 1417877 7391 0 13446 0 0 0
intr 3183705469 126 0 0 0 0 0 0 0 0 1 0 0 0 0 0 0 0 0 0 0 0 0 0 0 0 0 0 1 1 1 0 0 0 0 1 0 1 0 0 75045 0 0 0 0 0 0 0 0 411 0 0 0 0 0 0 0 0 87 0 0 0 0 0 0 0 0 0 0 0 0 0 0 0 423348 2 35050184 34990504 34908581 35047849 0 12929 7787 8585 7686 5947 7004 7958 8511 6485 27798 39027 29349 23515 35872 35554 23404 19826 9869 10397 9891 5363 8843 10895 10093 8629 25407 29984 27799 22959 31182 32725 20302 22082 0 0 0 0 617061 4349 1036 0 264 0 0 0 0 0 0 0 0 0 0 0 0 0 0 0 0 0 0 0 0 0 0 0 0 0 0 0 0 0 0 0 0 0 0 0 0 0 0 0 0 0 0 0 0 0 0 0 0 0 0 0 0 0 0 0 0 0 0 0 0 0 0 0 0 0 0 0 0 0 0 0 0 0 0 0 0 0 0 0 0 0 0 0 0 0 0 0 0 0 0 0 0 0 0 0 0 0 0 0 0 0 0 0 0 0 0 0 0 0 0 0 0 0 0 0 0 0 0 0 0 0 0 0 0 0 0 0 0 0 0 0 0 0 0 0 0 0 0 0 0 0 0 0 0 0 0 0 0 0 0 0 0 0 0 0 0 0 0 0 0 0 0 0 0 0 0 0 0 0 0 0 0 0 0 0 0 0 0 0 0 0 0 0 0 0 0 0 0 0 0 0 0 0 0 0 0 0 0 0 0 0 0 0 0 0 0 0 0 0 0 0 0 0 0 0 0 0 0 0 0 0 0 0 0 0 0 0 0 0 0 0 0 0 0 0 0 0 0 0 0 0 0 0 0 0 0 0 0 0 0 0 0 0 0 0 0 0 0 0 0 0 0 0 0 0 0 0 0 0 0 0 0 0 0 0 0 0 0 0 0 0 0 0 0 0 0 0 0 0 0 0 0 0 0 0 0 0 0 0 0 0 0 0 0 0 0 0 0 0 0 0 0 0 0 0 0 0 0 0 0 0 0 0 0 0 0 0 0 0 0 0 0 0 0 0 0 0 0 0 0 0 0 0 0 0 0 0 0 0 0 0 0 0 0 0 0 0 0 0 0 0 0 0 0 0 0 0 0 0 0 0 0 0 0 0 0 0 0 0 0 0 0 0 0 0 0 0 0 0 0 0 0 0 0 0 0 0 0 0 0 0 0 0 0 0 0 0 0 0 0 0 0 0 0 0 0 0 0 0 0 0 0 0 0 0 0 0 0 0 0 0 0 0 0 0 0 0 0 0 0 0 0 0 0 0 0 0 0 0 0 0 0 0 0 0 0 0 0 0 0 0 0 0 0 0 0 0 0 0 0 0 0 0 0 0 0 0 0 0 0 0 0 0 0 0 0 0 0 0 0 0 0 0 0 0 0 0 0 0 0 0 0 0 0 0 0 0 0 0 0 0 0 0 0 0 0 0 0 0 0 0 0 0 0 0 0 0 0 0 0 0 0 0 0 0 0 0 0 0 0 0 0 0 0 0 0 0 0 0 0 0 0 0 0 0 0 0 0 0 0 0 0 0 0 0 0 0 0 0 0 0 0 0 0 0 0 0 0 0 0 0 0 0 0 0 0 0 0 0 0 0 0 0 0 0 0 0 0 0 0 0 0 0 0 0 0 0 0 0 0 0 0 0 0 0 0 0 0 0 0 0 0 0 0 0 0 0 0 0 0 0 0 0 0 0 0 0 0 0 0 0 0 0 0 0 0 0 0 0 0 0 0 0 0 0 0 0 0 0 0 0 0 0 0 0 0 0 0 0 0 0 0 0 0 0 0 0 0 0 0 0 0 0 0 0 0 0 0 0 0 0 0 0 0 0 0 0 0 0 0 0 0 0 0 0 0 0 0 0 0 0 0 0 0 0 0 0 0 0 0 0 0 0 0 0 0 0 0 0 0 0 0 0 0 0 0 0 0 0 0 0 0 0 0 0 0 0 0 0 0 0 0 0 0 0 0 0 0 0 0 0 0 0 0 0 0 0 0 0 0 0 0 0 0 0 0 0 0 0 0 0 0 0 0 0 0 0 0 0 0 0 0 0 0 0 0 0 0 0 0 0 0 0 0 0 0 0 0 0 0 0 0 0 0 0 0 0 0 0 0 0 0 0 0 0 0 0 0 0 0 0 0 0 0 0 0 0 0 0 0 0 0 0 0 0 0 0 0 0 0 0 0 0 0 0 0 0 0 0 0 0 0 0 0 0 0 0 0 0 0 0 0 0 0 0 0 0 0 0 0 0 0 0 0 0 0 0 0 0 0 0 0 0 0 0 0 0 0 0 0 0 0 0 0 0 0 0 0 0 0 0 0 0 0 0 0 0 0 0 0 0 0 0 0 0 0 0 0 0 0 0 0 0 0 0 0 0 0 0 0 0 0 0 0 0 0 0 0 0 0 0 0 0 0 0 0 0 0 0 0 0 0 0 0 0 0 0 0 0 0 0 0 0 0 0 0 0 0 0 0 0 0 0 0 0 0 0 0 0 0 0 0 0 0 0 0 0 0 0 0 0 0 0 0 0 0 0 0 0 0 0 0 0 0 0 0 0 0 0 0 0 0 0 0 0 0 0 0 0 0 0 0 0 0 0 0 0 0 0 0 0 0 0 0 0 0 0 0 0 0 0 0 0 0 0 0 0 0 0 0 0 0 0 0 0 0 0 0 0 0 0 0 0 0 0 0 0 0 0 0 0 0 0 0 0 0 0 0 0 0 0 0 0 0 0 0 0 0 0 0 0 0
ctxt 5029753511
btime 1790630938
processes 574952
procs_running 1
procs_blocked 0
softirq 4573872794 73526 11342692 2753144 163007305 442767 0 13559785 49346585 421 38379273
--
cpu  3271526 1465 1588218 43338256 216045 0 777913 0 0 0
cpu0 119835 27 44415 1360349 3396 0 24562 0 0 0
cpu1 123623 32 45794 1360087 3914 0 24496 0 0 0
cpu2 124778 31 45934 1359724 3660 0 24634 0 0 0
cpu3 188739 30 64938 1261769 2639 0 39853 0 0 0
cpu4 189591 34 63805 1262958 3199 0 39905 0 0 0
cpu5 131614 32 47840 1350173 3848 0 25663 0 0 0
cpu6 132189 29 48134 1349623 3620 0 26429 0 0 0
cpu7 140032 27 51670 1336182 3212 0 29272 0 0 0
cpu8 40849 51 43056 1414415 7660 0 13322 0 0 0
cpu9 46717 57 46154 1391793 10268 0 14493 0 0 0
cpu10 44439 57 44572 1399790 8287 0 14320 0 0 0
cpu11 40673 53 40542 1419150 7215 0 12748 0 0 0
cpu12 79625 132 49797 1351809 12310 0 15649 0 0 0
cpu13 76284 64 50738 1351410 12980 0 15976 0 0 0
cpu14 40462 52 39921 1422476 6885 0 12473 0 0 0
cpu15 37654 54 36654 1435720 6858 0 11331 0 0 0
cpu16 160767 25 55978 1305694 4591 0 33142 0 0 0
cpu17 150416 25 54138 1317603 6067 0 31595 0 0 0
cpu18 144527 25 53034 1326797 4977 0 30858 0 0 0
cpu19 244861 25 77218 1184569 2748 0 49776 0 0 0
cpu20 217953 24 72469 1217368 4547 0 47446 0 0 0
cpu21 139383 28 51894 1332440 5919 0 30035 0 0 0
cpu22 131767 31 50042 1343869 5079 0 28274 0 0 0
cpu23 114793 30 44437 1372962 4597 0 23584 0 0 0
cpu24 43651 55 41333 1417547 8555 0 13439 0 0 0
cpu25 48793 58 46147 1393755 10547 0 15867 0 0 0
cpu26 46717 53 45043 1399885 9813 0 15426 0 0 0
cpu27 39468 41 40094 1409777 8559 0 21315 0 0 0
cpu28 73193 77 53487 1338767 12167 0 28381 0 0 0
cpu29 77125 114 55447 1327730 12707 0 28901 0 0 0
cpu30 38903 37 41608 1403376 7814 0 21289 0 0 0
cpu31 42094 39 41873 1418674 7391 0 13446 0 0 0
intr 3183832279 126 0 0 0 0 0 0 0 0 1 0 0 0 0 0 0 0 0 0 0 0 0 0 0 0 0 0 1 1 1 0 0 0 0 1 0 1 0 0 75045 0 0 0 0 0 0 0 0 411 0 0 0 0 0 0 0 0 87 0 0 0 0 0 0 0 0 0 0 0 0 0 0 0 423467 2 35050249 34990513 34908596 35047898 0 12933 7787 8586 7686 5947 7004 7958 8511 6485 27798 39027 29358 23515 35872 35554 23404 19826 9869 10397 9891 5363 8843 10895 10093 8632 25407 29984 27799 22959 31183 32725 20302 22082 0 0 0 0 617061 4349 1036 0 264 0 0 0 0 0 0 0 0 0 0 0 0 0 0 0 0 0 0 0 0 0 0 0 0 0 0 0 0 0 0 0 0 0 0 0 0 0 0 0 0 0 0 0 0 0 0 0 0 0 0 0 0 0 0 0 0 0 0 0 0 0 0 0 0 0 0 0 0 0 0 0 0 0 0 0 0 0 0 0 0 0 0 0 0 0 0 0 0 0 0 0 0 0 0 0 0 0 0 0 0 0 0 0 0 0 0 0 0 0 0 0 0 0 0 0 0 0 0 0 0 0 0 0 0 0 0 0 0 0 0 0 0 0 0 0 0 0 0 0 0 0 0 0 0 0 0 0 0 0 0 0 0 0 0 0 0 0 0 0 0 0 0 0 0 0 0 0 0 0 0 0 0 0 0 0 0 0 0 0 0 0 0 0 0 0 0 0 0 0 0 0 0 0 0 0 0 0 0 0 0 0 0 0 0 0 0 0 0 0 0 0 0 0 0 0 0 0 0 0 0 0 0 0 0 0 0 0 0 0 0 0 0 0 0 0 0 0 0 0 0 0 0 0 0 0 0 0 0 0 0 0 0 0 0 0 0 0 0 0 0 0 0 0 0 0 0 0 0 0 0 0 0 0 0 0 0 0 0 0 0 0 0 0 0 0 0 0 0 0 0 0 0 0 0 0 0 0 0 0 0 0 0 0 0 0 0 0 0 0 0 0 0 0 0 0 0 0 0 0 0 0 0 0 0 0 0 0 0 0 0 0 0 0 0 0 0 0 0 0 0 0 0 0 0 0 0 0 0 0 0 0 0 0 0 0 0 0 0 0 0 0 0 0 0 0 0 0 0 0 0 0 0 0 0 0 0 0 0 0 0 0 0 0 0 0 0 0 0 0 0 0 0 0 0 0 0 0 0 0 0 0 0 0 0 0 0 0 0 0 0 0 0 0 0 0 0 0 0 0 0 0 0 0 0 0 0 0 0 0 0 0 0 0 0 0 0 0 0 0 0 0 0 0 0 0 0 0 0 0 0 0 0 0 0 0 0 0 0 0 0 0 0 0 0 0 0 0 0 0 0 0 0 0 0 0 0 0 0 0 0 0 0 0 0 0 0 0 0 0 0 0 0 0 0 0 0 0 0 0 0 0 0 0 0 0 0 0 0 0 0 0 0 0 0 0 0 0 0 0 0 0 0 0 0 0 0 0 0 0 0 0 0 0 0 0 0 0 0 0 0 0 0 0 0 0 0 0 0 0 0 0 0 0 0 0 0 0 0 0 0 0 0 0 0 0 0 0 0 0 0 0 0 0 0 0 0 0 0 0 0 0 0 0 0 0 0 0 0 0 0 0 0 0 0 0 0 0 0 0 0 0 0 0 0 0 0 0 0 0 0 0 0 0 0 0 0 0 0 0 0 0 0 0 0 0 0 0 0 0 0 0 0 0 0 0 0 0 0 0 0 0 0 0 0 0 0 0 0 0 0 0 0 0 0 0 0 0 0 0 0 0 0 0 0 0 0 0 0 0 0 0 0 0 0 0 0 0 0 0 0 0 0 0 0 0 0 0 0 0 0 0 0 0 0 0 0 0 0 0 0 0 0 0 0 0 0 0 0 0 0 0 0 0 0 0 0 0 0 0 0 0 0 0 0 0 0 0 0 0 0 0 0 0 0 0 0 0 0 0 0 0 0 0 0 0 0 0 0 0 0 0 0 0 0 0 0 0 0 0 0 0 0 0 0 0 0 0 0 0 0 0 0 0 0 0 0 0 0 0 0 0 0 0 0 0 0 0 0 0 0 0 0 0 0 0 0 0 0 0 0 0 0 0 0 0 0 0 0 0 0 0 0 0 0 0 0 0 0 0 0 0 0 0 0 0 0 0 0 0 0 0 0 0 0 0 0 0 0 0 0 0 0 0 0 0 0 0 0 0 0 0 0 0 0 0 0 0 0 0 0 0 0 0 0 0 0 0 0 0 0 0 0 0 0 0 0 0 0 0 0 0 0 0 0 0 0 0 0 0 0 0 0 0 0 0 0 0 0 0 0 0 0 0 0 0 0 0 0 0 0 0 0 0 0 0 0 0 0 0 0 0 0 0 0 0 0 0 0 0 0 0 0 0 0 0 0 0 0 0 0 0 0 0 0 0 0 0 0 0 0 0 0 0 0 0 0 0 0 0 0 0 0 0 0 0 0 0 0 0 0 0 0 0 0 0 0 0 0 0 0 0 0 0 0 0 0 0 0 0 0 0 0 0 0 0 0 0 0 0 0 0 0 0 0 0 0 0 0 0 0 0 0 0 0 0 0 0 0 0 0 0 0 0 0 0 0 0 0 0 0 0 0 0 0 0 0 0 0 0 0 0 0 0 0 0 0 0 0 0 0 0 0 0 0 0 0 0 0 0 0 0 0 0 0 0 0 0 0 0 0 0 0 0 0 0 0 0 0 0 0 0 0 0 0 0 0 0 0 0 0 0 0 0 0 0 0 0 0 0 0 0 0
ctxt 5029960094
btime 1790630938
processes 574994
procs_running 1
procs_blocked 0
softirq 4573893333 73526 11347401 2753146 163011978 442889 0 13559785 49352031 421 38384860
