Running 10s test @ http://127.0.0.1:18500/usleep?ms=10
  16 threads and 1000 connections
  Thread Stats   Avg      Stdev     Max   +/- Stdev
    Latency     7.81s     1.26s    9.99s    57.94%
    Req/Sec    26.09     19.56    90.00     75.74%
  Latency Distribution
     50%    7.81s 
     75%    8.90s 
     90%    9.56s 
     99%    9.95s 
  777 requests in 10.10s, 138.10KB read
  Socket errors: connect 0, read 0, write 0, timeout 2
Requests/sec:     76.94
Transfer/sec:     13.68KB
## server-stat
cpu  3323552 1509 1601282 45094967 217890 0 781474 0 0 0
cpu0 120668 28 44659 1416119 3401 0 24753 0 0 0
cpu1 124090 32 46020 1416552 3927 0 24567 0 0 0
cpu2 125054 32 46146 1416435 3684 0 24678 0 0 0
cpu3 196960 31 66328 1308716 2640 0 40501 0 0 0
cpu4 198764 35 65326 1308786 3203 0 40699 0 0 0
cpu5 131875 34 48054 1406926 3864 0 25699 0 0 0
cpu6 132377 31 48331 1406507 3627 0 26458 0 0 0
cpu7 140175 28 51850 1393163 3215 0 29292 0 0 0
cpu8 40990 54 43242 1471054 7699 0 13337 0 0 0
cpu9 46956 59 46362 1447952 10308 0 14520 0 0 0
cpu10 44612 60 44776 1455938 8432 0 14341 0 0 0
cpu11 40810 55 40735 1475628 7315 0 12765 0 0 0
cpu12 80890 134 50130 1406592 12423 0 15688 0 0 0
cpu13 77497 67 51080 1406142 13122 0 16031 0 0 0
cpu14 40625 55 40143 1478834 6983 0 12495 0 0 0
cpu15 37768 57 36852 1492328 6922 0 11346 0 0 0
cpu16 161302 26 56209 1362156 4605 0 33178 0 0 0
cpu17 150737 26 54370 1374309 6069 0 31627 0 0 0
cpu18 144789 25 53267 1383540 4995 0 30889 0 0 0
cpu19 258215 25 79276 1225681 2775 0 50487 0 0 0
cpu20 229599 24 74199 1260764 4553 0 47947 0 0 0
cpu21 139618 29 52135 1389211 5932 0 30067 0 0 0
cpu22 131958 32 50274 1400724 5096 0 28298 0 0 0
cpu23 114946 31 44650 1429860 4644 0 23602 0 0 0
cpu24 43834 57 41549 1474152 8612 0 13451 0 0 0
cpu25 48984 59 46367 1450351 10568 0 15882 0 0 0
cpu26 46894 54 45261 1456549 9824 0 15444 0 0 0
cpu27 39626 43 40305 1466581 8565 0 21326 0 0 0
cpu28 73891 78 53756 1394253 12633 0 28408 0 0 0
cpu29 77769 115 55711 1383411 12999 0 28931 0 0 0
cpu30 39032 39 41813 1460186 7839 0 21299 0 0 0
cpu31 42232 41 42093 1475551 7400 0 13455 0 0 0
intr 3207037087 126 0 0 0 0 0 0 0 0 1 0 0 0 0 0 0 0 0 0 0 0 0 0 0 0 0 0 1 1 1 0 0 0 0 1 0 1 0 0 75045 0 0 0 0 0 0 0 0 411 0 0 0 0 0 0 0 0 87 0 0 0 0 0 0 0 0 0 0 0 0 0 0 0 438282 2 35053047 34992001 34909279 35049885 0 13395 7839 8750 8207 5972 7104 8330 8674 6501 27841 39055 29601 23995 35994 35997 23716 19881 10069 10431 9896 5381 8964 11102 10463 8913 25483 30320 27812 22971 31192 32773 20306 22086 0 0 0 0 617097 4395 1036 0 264 0 0 0 0 0 0 0 0 0 0 0 0 0 0 0 0 0 0 0 0 0 0 0 0 0 0 0 0 0 0 0 0 0 0 0 0 0 0 0 0 0 0 0 0 0 0 0 0 0 0 0 0 0 0 0 0 0 0 0 0 0 0 0 0 0 0 0 0 0 0 0 0 0 0 0 0 0 0 0 0 0 0 0 0 0 0 0 0 0 0 0 0 0 0 0 0 0 0 0 0 0 0 0 0 0 0 0 0 0 0 0 0 0 0 0 0 0 0 0 0 0 0 0 0 0 0 0 0 0 0 0 0 0 0 0 0 0 0 0 0 0 0 0 0 0 0 0 0 0 0 0 0 0 0 0 0 0 0 0 0 0 0 0 0 0 0 0 0 0 0 0 0 0 0 0 0 0 0 0 0 0 0 0 0 0 0 0 0 0 0 0 0 0 0 0 0 0 0 0 0 0 0 0 0 0 0 0 0 0 0 0 0 0 0 0 0 0 0 0 0 0 0 0 0 0 0 0 0 0 0 0 0 0 0 0 0 0 0 0 0 0 0 0 0 0 0 0 0 0 0 0 0 0 0 0 0 0 0 0 0 0 0 0 0 0 0 0 0 0 0 0 0 0 0 0 0 0 0 0 0 0 0 0 0 0 0 0 0 0 0 0 0 0 0 0 0 0 0 0 0 0 0 0 0 0 0 0 0 0 0 0 0 0 0 0 0 0 0 0 0 0 0 0 0 0 0 0 0 0 0 0 0 0 0 0 0 0 0 0 0 0 0 0 0 0 0 0 0 0 0 0 0 0 0 0 0 0 0 0 0 0 0 0 0 0 0 0 0 0 0 0 0 0 0 0 0 0 0 0 0 0 0 0 0 0 0 0 0 0 0 0 0 0 0 0 0 0 0 0 0 0 0 0 0 0 0 0 0 0 0 0 0 0 0 0 0 0 0 0 0 0 0 0 0 0 0 0 0 0 0 0 0 0 0 0 0 0 0 0 0 0 0 0 0 0 0 0 0 0 0 0 0 0 0 0 0 0 0 0 0 0 0 0 0 0 0 0 0 0 0 0 0 0 0 0 0 0 0 0 0 0 0 0 0 0 0 0 0 0 0 0 0 0 0 0 0 0 0 0 0 0 0 0 0 0 0 0 0 0 0 0 0 0 0 0 0 0 0 0 0 0 0 0 0 0 0 0 0 0 0 0 0 0 0 0 0 0 0 0 0 0 0 0 0 0 0 0 0 0 0 0 0 0 0 0 0 0 0 0 0 0 0 0 0 0 0 0 0 0 0 0 0 0 0 0 0 0 0 0 0 0 0 0 0 0 0 0 0 0 0 0 0 0 0 0 0 0 0 0 0 0 0 0 0 0 0 0 0 0 0 0 0 0 0 0 0 0 0 0 0 0 0 0 0 0 0 0 0 0 0 0 0 0 0 0 0 0 0 0 0 0 0 0 0 0 0 0 0 0 0 0 0 0 0 0 0 0 0 0 0 0 0 0 0 0 0 0 0 0 0 0 0 0 0 0 0 0 0 0 0 0 0 0 0 0 0 0 0 0 0 0 0 0 0 0 0 0 0 0 0 0 0 0 0 0 0 0 0 0 0 0 0 0 0 0 0 0 0 0 0 0 0 0 0 0 0 0 0 0 0 0 0 0 0 0 0 0 0 0 0 0 0 0 0 0 0 0 0 0 0 0 0 0 0 0 0 0 0 0 0 0 0 0 0 0 0 0 0 0 0 0 0 0 0 0 0 0 0 0 0 0 0 0 0 0 0 0 0 0 0 0 0 0 0 0 0 0 0 0 0 0 0 0 0 0 0 0 0 0 0 0 0 0 0 0 0 0 0 0 0 0 0 0 0 0 0 0 0 0 0 0 0 0 0 0 0 0 0 0 0 0 0 0 0 0 0 0 0 0 0 0 0 0 0 0 0 0 0 0 0 0 0 0 0 0 0 0 0 0 0 0 0 0 0 0 0 0 0 0 0 0 0 0 0 0 0 0 0 0 0 0 0 0 0 0 0 0 0 0 0 0 0 0 0 0 0 0 0 0 0 0 0 0 0 0 0 0 0 0 0 0 0 0 0 0 0 0 0 0 0 0 0 0 0 0 0 0 0 0 0 0 0 0 0 0 0 0 0 0 0 0 0 0 0 0 0 0 0 0 0 0 0 0 0 0 0 0 0 0 0 0 0 0 0 0 0 0 0 0 0 0 0 0 0 0 0 0 0 0 0 0 0 0 0 0 0 0 0 0 0 0 0 0 0 0 0 0 0 0 0 0 0 0 0 0 0 0 0 0 0 0 0 0 0 0 0 0 0 0 0 0 0 0 0 0 0 0 0 0 0 0 0 0 0 0 0 0 0 0 0 0 0 0 0 0 0 0 0 0 0 0 0 0 0 0 0 0 0 0 0 0 0 0 0 0 0 0 0 0 0 0 0 0 0 0 0 0 0 0 0 0 0 0 0 0 0 0 0 0 0 0 0
ctxt 5069862690
btime 1790630938
processes 665684
procs_running 2
procs_blocked 0
softirq 4600890180 73526 11639674 2753151 186841559 458421 0 13559908 50147536 421 40448688
--
cpu  3323779 1510 1601296 45120286 217892 0 781476 0 0 0
cpu0 120669 28 44660 1416915 3401 0 24753 0 0 0
cpu1 124091 32 46020 1417349 3927 0 24567 0 0 0
cpu2 125055 32 46146 1417234 3684 0 24678 0 0 0
cpu3 197116 31 66333 1309350 2640 0 40501 0 0 0
cpu4 198786 35 65327 1309563 3203 0 40699 0 0 0
cpu5 131875 34 48054 1407725 3864 0 25699 0 0 0
cpu6 132377 31 48331 1407306 3627 0 26458 0 0 0
cpu7 140175 28 51850 1393962 3215 0 29292 0 0 0
cpu8 40990 54 43243 1471852 7699 0 13337 0 0 0
cpu9 46956 59 46362 1448750 10309 0 14520 0 0 0
cpu10 44612 60 44776 1456735 8432 0 14341 0 0 0
cpu11 40810 55 40735 1476427 7315 0 12765 0 0 0
cpu12 80927 134 50133 1407352 12423 0 15688 0 0 0
cpu13 77505 67 51080 1406930 13123 0 16031 0 0 0
cpu14 40627 55 40144 1479632 6983 0 12495 0 0 0
cpu15 37768 57 36852 1493127 6922 0 11346 0 0 0
cpu16 161302 26 56209 1362955 4605 0 33178 0 0 0
cpu17 150737 26 54370 1375109 6069 0 31627 0 0 0
cpu18 144789 25 53267 1384339 4995 0 30889 0 0 0
cpu19 258215 25 79276 1226479 2775 0 50487 0 0 0
cpu20 229599 24 74199 1261563 4553 0 47947 0 0 0
cpu21 139618 29 52135 1390010 5932 0 30067 0 0 0
cpu22 131958 32 50274 1401523 5096 0 28298 0 0 0
cpu23 114946 31 44650 1430659 4644 0 23602 0 0 0
cpu24 43834 57 41550 1474950 8612 0 13451 0 0 0
cpu25 48984 59 46367 1451150 10568 0 15882 0 0 0
cpu26 46894 54 45261 1457349 9824 0 15444 0 0 0
cpu27 39626 43 40305 1467380 8565 0 21326 0 0 0
cpu28 73891 78 53756 1395051 12634 0 28408 0 0 0
cpu29 77769 115 55711 1384210 12999 0 28931 0 0 0
cpu30 39032 39 41813 1460984 7839 0 21299 0 0 0
cpu31 42232 41 42093 1476351 7400 0 13455 0 0 0
intr 3207130957 126 0 0 0 0 0 0 0 0 1 0 0 0 0 0 0 0 0 0 0 0 0 0 0 0 0 0 1 1 1 0 0 0 0 1 0 1 0 0 75045 0 0 0 0 0 0 0 0 411 0 0 0 0 0 0 0 0 87 0 0 0 0 0 0 0 0 0 0 0 0 0 0 0 438282 2 35053072 34992043 34909283 35049903 0 13403 7839 8750 8207 5972 7104 8330 8674 6501 27841 39061 29601 23996 35995 35997 23716 19881 10069 10431 9896 5381 8964 11102 10463 8913 25483 30320 27812 22971 31192 32773 20306 22086 0 0 0 0 617101 4395 1036 0 264 0 0 0 0 0 0 0 0 0 0 0 0 0 0 0 0 0 0 0 0 0 0 0 0 0 0 0 0 0 0 0 0 0 0 0 0 0 0 0 0 0 0 0 0 0 0 0 0 0 0 0 0 0 0 0 0 0 0 0 0 0 0 0 0 0 0 0 0 0 0 0 0 0 0 0 0 0 0 0 0 0 0 0 0 0 0 0 0 0 0 0 0 0 0 0 0 0 0 0 0 0 0 0 0 0 0 0 0 0 0 0 0 0 0 0 0 0 0 0 0 0 0 0 0 0 0 0 0 0 0 0 0 0 0 0 0 0 0 0 0 0 0 0 0 0 0 0 0 0 0 0 0 0 0 0 0 0 0 0 0 0 0 0 0 0 0 0 0 0 0 0 0 0 0 0 0 0 0 0 0 0 0 0 0 0 0 0 0 0 0 0 0 0 0 0 0 0 0 0 0 0 0 0 0 0 0 0 0 0 0 0 0 0 0 0 0 0 0 0 0 0 0 0 0 0 0 0 0 0 0 0 0 0 0 0 0 0 0 0 0 0 0 0 0 0 0 0 0 0 0 0 0 0 0 0 0 0 0 0 0 0 0 0 0 0 0 0 0 0 0 0 0 0 0 0 0 0 0 0 0 0 0 0 0 0 0 0 0 0 0 0 0 0 0 0 0 0 0 0 0 0 0 0 0 0 0 0 0 0 0 0 0 0 0 0 0 0 0 0 0 0 0 0 0 0 0 0 0 0 0 0 0 0 0 0 0 0 0 0 0 0 0 0 0 0 0 0 0 0 0 0 0 0 0 0 0 0 0 0 0 0 0 0 0 0 0 0 0 0 0 0 0 0 0 0 0 0 0 0 0 0 0 0 0 0 0 0 0 0 0 0 0 0 0 0 0 0 0 0 0 0 0 0 0 0 0 0 0 0 0 0 0 0 0 0 0 0 0 0 0 0 0 0 0 0 0 0 0 0 0 0 0 0 0 0 0 0 0 0 0 0 0 0 0 0 0 0 0 0 0 0 0 0 0 0 0 0 0 0 0 0 0 0 0 0 0 0 0 0 0 0 0 0 0 0 0 0 0 0 0 0 0 0 0 0 0 0 0 0 0 0 0 0 0 0 0 0 0 0 0 0 0 0 0 0 0 0 0 0 0 0 0 0 0 0 0 0 0 0 0 0 0 0 0 0 0 0 0 0 0 0 0 0 0 0 0 0 0 0 0 0 0 0 0 0 0 0 0 0 0 0 0 0 0 0 0 0 0 0 0 0 0 0 0 0 0 0 0 0 0 0 0 0 0 0 0 0 0 0 0 0 0 0 0 0 0 0 0 0 0 0 0 0 0 0 0 0 0 0 0 0 0 0 0 0 0 0 0 0 0 0 0 0 0 0 0 0 0 0 0 0 0 0 0 0 0 0 0 0 0 0 0 0 0 0 0 0 0 0 0 0 0 0 0 0 0 0 0 0 0 0 0 0 0 0 0 0 0 0 0 0 0 0 0 0 0 0 0 0 0 0 0 0 0 0 0 0 0 0 0 0 0 0 0 0 0 0 0 0 0 0 0 0 0 0 0 0 0 0 0 0 0 0 0 0 0 0 0 0 0 0 0 0 0 0 0 0 0 0 0 0 0 0 0 0 0 0 0 0 0 0 0 0 0 0 0 0 0 0 0 0 0 0 0 0 0 0 0 0 0 0 0 0 0 0 0 0 0 0 0 0 0 0 0 0 0 0 0 0 0 0 0 0 0 0 0 0 0 0 0 0 0 0 0 0 0 0 0 0 0 0 0 0 0 0 0 0 0 0 0 0 0 0 0 0 0 0 0 0 0 0 0 0 0 0 0 0 0 0 0 0 0 0 0 0 0 0 0 0 0 0 0 0 0 0 0 0 0 0 0 0 0 0 0 0 0 0 0 0 0 0 0 0 0 0 0 0 0 0 0 0 0 0 0 0 0 0 0 0 0 0 0 0 0 0 0 0 0 0 0 0 0 0 0 0 0 0 0 0 0 0 0 0 0 0 0 0 0 0 0 0 0 0 0 0 0 0 0 0 0 0 0 0 0 0 0 0 0 0 0 0 0 0 0 0 0 0 0 0 0 0 0 0 0 0 0 0 0 0 0 0 0 0 0 0 0 0 0 0 0 0 0 0 0 0 0 0 0 0 0 0 0 0 0 0 0 0 0 0 0 0 0 0 0 0 0 0 0 0 0 0 0 0 0 0 0 0 0 0 0 0 0 0 0 0 0 0 0 0 0 0 0 0 0 0 0 0 0 0 0 0 0 0 0 0 0 0 0 0 0 0 0 0 0 0 0 0 0 0 0 0 0 0 0 0 0 0 0 0 0 0 0 0 0 0 0 0 0 0 0 0 0 0 0 0 0 0 0 0 0 0 0 0 0 0 0 0 0 0 0 0 0 0 0 0 0 0 0 0 0 0 0 0 0 0 0 0 0 0 0 0 0 0 0 0 0 0 0 0 0 0 0
ctxt 5069989602
btime 1790630938
processes 665739
procs_running 1
procs_blocked 0
softirq 4600908900 73526 11643149 2753151 186843714 458429 0 13559908 50154819 421 40454487
