Running 10s test @ http://127.0.0.1:18500/counter
  16 threads and 128 connections
  Thread Stats   Avg      Stdev     Max   +/- Stdev
    Latency    25.34ms   20.87ms 223.81ms   86.51%
    Req/Sec   370.17     66.28   840.00     67.79%
  Latency Distribution
     50%   19.91ms
     75%   26.74ms
     90%   52.42ms
     99%  102.90ms
  59290 requests in 10.10s, 61.18MB read
Requests/sec:   5870.53
Transfer/sec:      6.06MB
## server-stat
cpu  3359540 1521 1607209 45513222 238546 0 781986 0 0 0
cpu0 122085 28 44847 1429297 3552 0 24803 0 0 0
cpu1 124719 32 46138 1430625 4113 0 24579 0 0 0
cpu2 126132 32 46330 1430068 3821 0 24694 0 0 0
cpu3 199241 31 66627 1320905 2870 0 40515 0 0 0
cpu4 200825 36 65601 1321247 3454 0 40710 0 0 0
cpu5 133198 34 48262 1420240 4062 0 25717 0 0 0
cpu6 133774 31 48544 1419641 3932 0 26482 0 0 0
cpu7 141728 29 52055 1405999 3661 0 29317 0 0 0
cpu8 41039 55 43316 1485058 8618 0 13338 0 0 0
cpu9 47019 60 46440 1461886 11242 0 14522 0 0 0
cpu10 44663 60 44848 1469802 9471 0 14344 0 0 0
cpu11 40850 56 40800 1489594 8289 0 12766 0 0 0
cpu12 81245 135 50231 1420132 13402 0 15694 0 0 0
cpu13 77811 67 51179 1419686 14135 0 16037 0 0 0
cpu14 40666 55 40217 1492782 7936 0 12496 0 0 0
cpu15 37803 57 36919 1506251 7941 0 11347 0 0 0
cpu16 163885 26 56535 1374126 4755 0 33214 0 0 0
cpu17 153993 26 54770 1385544 6195 0 31675 0 0 0
cpu18 147483 26 53604 1395306 5220 0 30931 0 0 0
cpu19 262944 25 79873 1235284 2862 0 50535 0 0 0
cpu20 234145 24 74769 1270596 4640 0 47992 0 0 0
cpu21 141749 29 52413 1401457 6306 0 30103 0 0 0
cpu22 133513 32 50486 1413448 5647 0 28326 0 0 0
cpu23 115974 31 44820 1443112 5240 0 23620 0 0 0
cpu24 43900 58 41635 1487967 9695 0 13453 0 0 0
cpu25 49058 59 46453 1464153 11643 0 15884 0 0 0
cpu26 46962 55 45346 1470351 10915 0 15446 0 0 0
cpu27 39684 44 40387 1480438 9621 0 21328 0 0 0
cpu28 74119 78 53859 1407725 13848 0 28412 0 0 0
cpu29 77960 115 55817 1396894 14236 0 28935 0 0 0
cpu30 39082 40 41896 1474139 8797 0 21300 0 0 0
cpu31 42279 42 42176 1489454 8412 0 13456 0 0 0
intr 3212121652 126 0 0 0 0 0 0 0 0 1 0 0 0 0 0 0 0 0 0 0 0 0 0 0 0 0 0 1 1 1 0 0 0 0 1 0 1 0 0 75045 0 0 0 0 0 0 0 0 411 0 0 0 0 0 0 0 0 87 0 0 0 0 0 0 0 0 0 0 0 0 0 0 0 444562 2 35053705 34992795 34909570 35050298 0 13515 8133 9016 8464 6319 7538 8650 9106 7143 28999 41140 30836 25120 37588 37301 24691 20918 10232 10619 10227 5550 9191 11484 11088 9637 26693 31891 29255 24146 32780 34346 22025 23105 0 0 0 0 617109 4405 1036 0 264 0 0 0 0 0 0 0 0 0 0 0 0 0 0 0 0 0 0 0 0 0 0 0 0 0 0 0 0 0 0 0 0 0 0 0 0 0 0 0 0 0 0 0 0 0 0 0 0 0 0 0 0 0 0 0 0 0 0 0 0 0 0 0 0 0 0 0 0 0 0 0 0 0 0 0 0 0 0 0 0 0 0 0 0 0 0 0 0 0 0 0 0 0 0 0 0 0 0 0 0 0 0 0 0 0 0 0 0 0 0 0 0 0 0 0 0 0 0 0 0 0 0 0 0 0 0 0 0 0 0 0 0 0 0 0 0 0 0 0 0 0 0 0 0 0 0 0 0 0 0 0 0 0 0 0 0 0 0 0 0 0 0 0 0 0 0 0 0 0 0 0 0 0 0 0 0 0 0 0 0 0 0 0 0 0 0 0 0 0 0 0 0 0 0 0 0 0 0 0 0 0 0 0 0 0 0 0 0 0 0 0 0 0 0 0 0 0 0 0 0 0 0 0 0 0 0 0 0 0 0 0 0 0 0 0 0 0 0 0 0 0 0 0 0 0 0 0 0 0 0 0 0 0 0 0 0 0 0 0 0 0 0 0 0 0 0 0 0 0 0 0 0 0 0 0 0 0 0 0 0 0 0 0 0 0 0 0 0 0 0 0 0 0 0 0 0 0 0 0 0 0 0 0 0 0 0 0 0 0 0 0 0 0 0 0 0 0 0 0 0 0 0 0 0 0 0 0 0 0 0 0 0 0 0 0 0 0 0 0 0 0 0 0 0 0 0 0 0 0 0 0 0 0 0 0 0 0 0 0 0 0 0 0 0 0 0 0 0 0 0 0 0 0 0 0 0 0 0 0 0 0 0 0 0 0 0 0 0 0 0 0 0 0 0 0 0 0 0 0 0 0 0 0 0 0 0 0 0 0 0 0 0 0 0 0 0 0 0 0 0 0 0 0 0 0 0 0 0 0 0 0 0 0 0 0 0 0 0 0 0 0 0 0 0 0 0 0 0 0 0 0 0 0 0 0 0 0 0 0 0 0 0 0 0 0 0 0 0 0 0 0 0 0 0 0 0 0 0 0 0 0 0 0 0 0 0 0 0 0 0 0 0 0 0 0 0 0 0 0 0 0 0 0 0 0 0 0 0 0 0 0 0 0 0 0 0 0 0 0 0 0 0 0 0 0 0 0 0 0 0 0 0 0 0 0 0 0 0 0 0 0 0 0 0 0 0 0 0 0 0 0 0 0 0 0 0 0 0 0 0 0 0 0 0 0 0 0 0 0 0 0 0 0 0 0 0 0 0 0 0 0 0 0 0 0 0 0 0 0 0 0 0 0 0 0 0 0 0 0 0 0 0 0 0 0 0 0 0 0 0 0 0 0 0 0 0 0 0 0 0 0 0 0 0 0 0 0 0 0 0 0 0 0 0 0 0 0 0 0 0 0 0 0 0 0 0 0 0 0 0 0 0 0 0 0 0 0 0 0 0 0 0 0 0 0 0 0 0 0 0 0 0 0 0 0 0 0 0 0 0 0 0 0 0 0 0 0 0 0 0 0 0 0 0 0 0 0 0 0 0 0 0 0 0 0 0 0 0 0 0 0 0 0 0 0 0 0 0 0 0 0 0 0 0 0 0 0 0 0 0 0 0 0 0 0 0 0 0 0 0 0 0 0 0 0 0 0 0 0 0 0 0 0 0 0 0 0 0 0 0 0 0 0 0 0 0 0 0 0 0 0 0 0 0 0 0 0 0 0 0 0 0 0 0 0 0 0 0 0 0 0 0 0 0 0 0 0 0 0 0 0 0 0 0 0 0 0 0 0 0 0 0 0 0 0 0 0 0 0 0 0 0 0 0 0 0 0 0 0 0 0 0 0 0 0 0 0 0 0 0 0 0 0 0 0 0 0 0 0 0 0 0 0 0 0 0 0 0 0 0 0 0 0 0 0 0 0 0 0 0 0 0 0 0 0 0 0 0 0 0 0 0 0 0 0 0 0 0 0 0 0 0 0 0 0 0 0 0 0 0 0 0 0 0 0 0 0 0 0 0 0 0 0 0 0 0 0 0 0 0 0 0 0 0 0 0 0 0 0 0 0 0 0 0 0 0 0 0 0 0 0 0 0 0 0 0 0 0 0 0 0 0 0 0 0 0 0 0 0 0 0 0 0 0 0 0 0 0 0 0 0 0 0 0 0 0 0 0 0 0 0 0 0 0 0 0 0 0 0 0 0 0 0 0 0 0 0 0 0 0 0 0 0 0 0 0 0 0 0 0 0 0 0 0 0 0 0 0 0 0 0 0 0 0 0 0 0 0 0 0 0 0 0 0 0 0 0 0 0 0 0 0 0 0 0 0 0 0 0 0 0 0 0 0 0 0 0 0 0 0 0 0 0 0 0 0 0 0 0 0 0 0 0 0 0 0 0 0 0 0 0 0 0 0 0 0 0 0 0 0 0 0 0 0 0 0 0 0 0 0 0 0
ctxt 5077073475
btime 1790630938
processes 698825
procs_running 6
procs_blocked 16
softirq 4603589928 73526 11760356 2753158 188380178 464882 0 13559934 50422640 421 41207537
--
cpu  3363348 1521 1607879 45525426 247227 0 782028 0 0 0
cpu0 122221 28 44867 1429849 3629 0 24804 0 0 0
cpu1 124984 32 46179 1431042 4176 0 24583 0 0 0
cpu2 126462 32 46376 1430368 3932 0 24697 0 0 0
cpu3 199389 31 66648 1321420 2981 0 40516 0 0 0
cpu4 200963 36 65624 1321793 3541 0 40712 0 0 0
cpu5 133526 34 48315 1420548 4167 0 25719 0 0 0
cpu6 133944 31 48573 1420124 4055 0 26484 0 0 0
cpu7 141768 29 52067 1406516 3890 0 29317 0 0 0
cpu8 41041 55 43322 1485429 9032 0 13338 0 0 0
cpu9 47021 60 46447 1462227 11681 0 14522 0 0 0
cpu10 44664 60 44853 1470160 9898 0 14344 0 0 0
cpu11 40852 56 40806 1489936 8731 0 12766 0 0 0
cpu12 81257 135 50239 1420529 13773 0 15695 0 0 0
cpu13 77816 67 51187 1420098 14501 0 16037 0 0 0
cpu14 40667 56 40223 1493181 8324 0 12497 0 0 0
cpu15 37803 57 36924 1506623 8356 0 11348 0 0 0
cpu16 164367 26 56600 1374319 4806 0 33220 0 0 0
cpu17 154347 26 54818 1385867 6265 0 31677 0 0 0
cpu18 147716 26 53639 1395755 5302 0 30933 0 0 0
cpu19 263413 25 79942 1235519 2880 0 50540 0 0 0
cpu20 234622 24 74833 1270803 4686 0 47997 0 0 0
cpu21 141871 29 52433 1401989 6429 0 30105 0 0 0
cpu22 133553 32 50497 1413962 5879 0 28326 0 0 0
cpu23 115990 31 44828 1443662 5464 0 23620 0 0 0
cpu24 43901 58 41641 1488293 10154 0 13453 0 0 0
cpu25 49061 59 46460 1464496 12081 0 15884 0 0 0
cpu26 46964 55 45353 1470646 11401 0 15446 0 0 0
cpu27 39685 44 40393 1480741 10101 0 21328 0 0 0
cpu28 74132 78 53868 1408030 14311 0 28413 0 0 0
cpu29 77971 115 55825 1397168 14733 0 28936 0 0 0
cpu30 39084 40 41901 1474512 9209 0 21300 0 0 0
cpu31 42281 42 42182 1489806 8845 0 13456 0 0 0
intr 3212692543 126 0 0 0 0 0 0 0 0 1 0 0 0 0 0 0 0 0 0 0 0 0 0 0 0 0 0 1 1 1 0 0 0 0 1 0 1 0 0 75045 0 0 0 0 0 0 0 0 411 0 0 0 0 0 0 0 0 87 0 0 0 0 0 0 0 0 0 0 0 0 0 0 0 445888 2 35053760 34992845 34909594 35050336 0 13523 8228 9133 8582 6423 7637 8809 9242 7405 29601 41676 31351 25739 38245 37937 25127 21402 10288 10695 10336 5614 9248 11621 11305 9846 27202 32529 29948 24669 33518 35116 22473 23581 0 0 0 0 617109 4405 1036 0 264 0 0 0 0 0 0 0 0 0 0 0 0 0 0 0 0 0 0 0 0 0 0 0 0 0 0 0 0 0 0 0 0 0 0 0 0 0 0 0 0 0 0 0 0 0 0 0 0 0 0 0 0 0 0 0 0 0 0 0 0 0 0 0 0 0 0 0 0 0 0 0 0 0 0 0 0 0 0 0 0 0 0 0 0 0 0 0 0 0 0 0 0 0 0 0 0 0 0 0 0 0 0 0 0 0 0 0 0 0 0 0 0 0 0 0 0 0 0 0 0 0 0 0 0 0 0 0 0 0 0 0 0 0 0 0 0 0 0 0 0 0 0 0 0 0 0 0 0 0 0 0 0 0 0 0 0 0 0 0 0 0 0 0 0 0 0 0 0 0 0 0 0 0 0 0 0 0 0 0 0 0 0 0 0 0 0 0 0 0 0 0 0 0 0 0 0 0 0 0 0 0 0 0 0 0 0 0 0 0 0 0 0 0 0 0 0 0 0 0 0 0 0 0 0 0 0 0 0 0 0 0 0 0 0 0 0 0 0 0 0 0 0 0 0 0 0 0 0 0 0 0 0 0 0 0 0 0 0 0 0 0 0 0 0 0 0 0 0 0 0 0 0 0 0 0 0 0 0 0 0 0 0 0 0 0 0 0 0 0 0 0 0 0 0 0 0 0 0 0 0 0 0 0 0 0 0 0 0 0 0 0 0 0 0 0 0 0 0 0 0 0 0 0 0 0 0 0 0 0 0 0 0 0 0 0 0 0 0 0 0 0 0 0 0 0 0 0 0 0 0 0 0 0 0 0 0 0 0 0 0 0 0 0 0 0 0 0 0 0 0 0 0 0 0 0 0 0 0 0 0 0 0 0 0 0 0 0 0 0 0 0 0 0 0 0 0 0 0 0 0 0 0 0 0 0 0 0 0 0 0 0 0 0 0 0 0 0 0 0 0 0 0 0 0 0 0 0 0 0 0 0 0 0 0 0 0 0 0 0 0 0 0 0 0 0 0 0 0 0 0 0 0 0 0 0 0 0 0 0 0 0 0 0 0 0 0 0 0 0 0 0 0 0 0 0 0 0 0 0 0 0 0 0 0 0 0 0 0 0 0 0 0 0 0 0 0 0 0 0 0 0 0 0 0 0 0 0 0 0 0 0 0 0 0 0 0 0 0 0 0 0 0 0 0 0 0 0 0 0 0 0 0 0 0 0 0 0 0 0 0 0 0 0 0 0 0 0 0 0 0 0 0 0 0 0 0 0 0 0 0 0 0 0 0 0 0 0 0 0 0 0 0 0 0 0 0 0 0 0 0 0 0 0 0 0 0 0 0 0 0 0 0 0 0 0 0 0 0 0 0 0 0 0 0 0 0 0 0 0 0 0 0 0 0 0 0 0 0 0 0 0 0 0 0 0 0 0 0 0 0 0 0 0 0 0 0 0 0 0 0 0 0 0 0 0 0 0 0 0 0 0 0 0 0 0 0 0 0 0 0 0 0 0 0 0 0 0 0 0 0 0 0 0 0 0 0 0 0 0 0 0 0 0 0 0 0 0 0 0 0 0 0 0 0 0 0 0 0 0 0 0 0 0 0 0 0 0 0 0 0 0 0 0 0 0 0 0 0 0 0 0 0 0 0 0 0 0 0 0 0 0 0 0 0 0 0 0 0 0 0 0 0 0 0 0 0 0 0 0 0 0 0 0 0 0 0 0 0 0 0 0 0 0 0 0 0 0 0 0 0 0 0 0 0 0 0 0 0 0 0 0 0 0 0 0 0 0 0 0 0 0 0 0 0 0 0 0 0 0 0 0 0 0 0 0 0 0 0 0 0 0 0 0 0 0 0 0 0 0 0 0 0 0 0 0 0 0 0 0 0 0 0 0 0 0 0 0 0 0 0 0 0 0 0 0 0 0 0 0 0 0 0 0 0 0 0 0 0 0 0 0 0 0 0 0 0 0 0 0 0 0 0 0 0 0 0 0 0 0 0 0 0 0 0 0 0 0 0 0 0 0 0 0 0 0 0 0 0 0 0 0 0 0 0 0 0 0 0 0 0 0 0 0 0 0 0 0 0 0 0 0 0 0 0 0 0 0 0 0 0 0 0 0 0 0 0 0 0 0 0 0 0 0 0 0 0 0 0 0 0 0 0 0 0 0 0 0 0 0 0 0 0 0 0 0 0 0 0 0 0 0 0 0 0 0 0 0 0 0 0 0 0 0 0 0 0 0 0 0 0 0 0 0 0 0 0 0 0 0 0 0 0 0 0 0 0 0 0 0 0 0 0 0 0 0 0 0 0 0 0 0 0 0 0 0 0 0 0 0 0 0 0 0 0 0 0 0 0 0 0 0 0 0 0 0 0 0 0 0 0 0 0 0 0 0 0 0 0 0 0 0 0 0 0 0 0 0 0 0 0 0 0 0 0 0 0 0 0 0 0 0 0 0 0 0 0 0 0 0 0 0 0 0 0 0 0 0 0 0 0 0 0
ctxt 5077969157
btime 1790630938
processes 698899
procs_running 7
procs_blocked 7
softirq 4603768275 73526 11771333 2753158 188479940 466221 0 13559934 50450709 421 41245737
