Running 10s test @ http://127.0.0.1:18500/counter
  16 threads and 128 connections
  Thread Stats   Avg      Stdev     Max   +/- Stdev
    Latency    21.75ms   23.39ms 189.54ms   87.06%
    Req/Sec   501.94    106.50     1.28k    82.45%
  Latency Distribution
     50%   12.70ms
     75%   26.39ms
     90%   55.16ms
     99%  104.22ms
  80327 requests in 10.10s, 21.30MB read
Requests/sec:   7952.85
Transfer/sec:      2.11MB
## server-stat
cpu  4285215 1880 1803077 57519238 687424 0 846939 0 0 0
cpu0 164123 33 52999 1797083 8162 0 28420 0 0 0
cpu1 166754 38 53928 1799785 10094 0 27552 0 0 0
cpu2 173879 38 54315 1792813 10669 0 27786 0 0 0
cpu3 270245 39 78517 1657298 6862 0 44963 0 0 0
cpu4 265790 45 76014 1665117 8525 0 44811 0 0 0
cpu5 175652 44 55904 1788148 11979 0 28580 0 0 0
cpu6 176969 39 55948 1785895 12819 0 29510 0 0 0
cpu7 183547 38 59440 1773420 12630 0 32601 0 0 0
cpu8 42333 70 45937 1887145 26706 0 13971 0 0 0
cpu9 48901 79 49333 1859547 31151 0 15258 0 0 0
cpu10 46141 77 47592 1868945 28967 0 15020 0 0 0
cpu11 41993 73 43254 1891393 27247 0 13327 0 0 0
cpu12 89752 154 53983 1808859 33558 0 16641 0 0 0
cpu13 85934 85 55085 1807071 35263 0 17021 0 0 0
cpu14 41961 71 42832 1895091 25462 0 13097 0 0 0
cpu15 38772 75 39273 1909833 25943 0 11872 0 0 0
cpu16 226487 32 65859 1721540 11375 0 36393 0 0 0
cpu17 211832 32 63686 1736188 14530 0 34759 0 0 0
cpu18 195172 32 61571 1755773 15225 0 33622 0 0 0
cpu19 358270 28 95172 1545056 6542 0 55274 0 0 0
cpu20 321356 28 88691 1588486 10067 0 52568 0 0 0
cpu21 194043 35 60919 1755921 17326 0 32903 0 0 0
cpu22 177225 38 58180 1776605 17554 0 30869 0 0 0
cpu23 152352 37 51940 1814374 17073 0 25819 0 0 0
cpu24 45461 76 44360 1887094 31112 0 14047 0 0 0
cpu25 50972 72 49476 1860371 34102 0 16647 0 0 0
cpu26 48624 68 48246 1867661 33094 0 16161 0 0 0
cpu27 41066 59 43066 1879923 31244 0 21909 0 0 0
cpu28 80849 94 57853 1795543 37113 0 29448 0 0 0
cpu29 84755 130 60009 1782968 38327 0 30036 0 0 0
cpu30 40410 52 44774 1874272 28113 0 21963 0 0 0
cpu31 43582 56 44906 1890005 28572 0 14079 0 0 0
intr 3540551193 126 0 0 0 0 0 0 0 0 1 0 0 0 0 0 0 0 0 0 0 0 0 0 0 0 0 0 1 1 1 0 0 0 0 1 0 1 0 0 75045 0 0 0 0 0 0 0 0 411 0 0 0 0 0 0 0 0 87 0 0 0 0 0 0 0 0 0 0 0 0 0 0 0 613111 2 35071887 35006052 34922301 35069154 0 16970 16476 20507 20721 12647 16122 21414 22189 19617 58324 79641 64811 54803 90576 83514 48241 44954 21130 24643 29105 11852 18936 27662 27917 23838 61145 75512 68164 55475 87640 95467 49877 50770 0 0 0 0 617397 4766 1036 0 264 0 0 0 0 0 0 0 0 0 0 0 0 0 0 0 0 0 0 0 0 0 0 0 0 0 0 0 0 0 0 0 0 0 0 0 0 0 0 0 0 0 0 0 0 0 0 0 0 0 0 0 0 0 0 0 0 0 0 0 0 0 0 0 0 0 0 0 0 0 0 0 0 0 0 0 0 0 0 0 0 0 0 0 0 0 0 0 0 0 0 0 0 0 0 0 0 0 0 0 0 0 0 0 0 0 0 0 0 0 0 0 0 0 0 0 0 0 0 0 0 0 0 0 0 0 0 0 0 0 0 0 0 0 0 0 0 0 0 0 0 0 0 0 0 0 0 0 0 0 0 0 0 0 0 0 0 0 0 0 0 0 0 0 0 0 0 0 0 0 0 0 0 0 0 0 0 0 0 0 0 0 0 0 0 0 0 0 0 0 0 0 0 0 0 0 0 0 0 0 0 0 0 0 0 0 0 0 0 0 0 0 0 0 0 0 0 0 0 0 0 0 0 0 0 0 0 0 0 0 0 0 0 0 0 0 0 0 0 0 0 0 0 0 0 0 0 0 0 0 0 0 0 0 0 0 0 0 0 0 0 0 0 0 0 0 0 0 0 0 0 0 0 0 0 0 0 0 0 0 0 0 0 0 0 0 0 0 0 0 0 0 0 0 0 0 0 0 0 0 0 0 0 0 0 0 0 0 0 0 0 0 0 0 0 0 0 0 0 0 0 0 0 0 0 0 0 0 0 0 0 0 0 0 0 0 0 0 0 0 0 0 0 0 0 0 0 0 0 0 0 0 0 0 0 0 0 0 0 0 0 0 0 0 0 0 0 0 0 0 0 0 0 0 0 0 0 0 0 0 0 0 0 0 0 0 0 0 0 0 0 0 0 0 0 0 0 0 0 0 0 0 0 0 0 0 0 0 0 0 0 0 0 0 0 0 0 0 0 0 0 0 0 0 0 0 0 0 0 0 0 0 0 0 0 0 0 0 0 0 0 0 0 0 0 0 0 0 0 0 0 0 0 0 0 0 0 0 0 0 0 0 0 0 0 0 0 0 0 0 0 0 0 0 0 0 0 0 0 0 0 0 0 0 0 0 0 0 0 0 0 0 0 0 0 0 0 0 0 0 0 0 0 0 0 0 0 0 0 0 0 0 0 0 0 0 0 0 0 0 0 0 0 0 0 0 0 0 0 0 0 0 0 0 0 0 0 0 0 0 0 0 0 0 0 0 0 0 0 0 0 0 0 0 0 0 0 0 0 0 0 0 0 0 0 0 0 0 0 0 0 0 0 0 0 0 0 0 0 0 0 0 0 0 0 0 0 0 0 0 0 0 0 0 0 0 0 0 0 0 0 0 0 0 0 0 0 0 0 0 0 0 0 0 0 0 0 0 0 0 0 0 0 0 0 0 0 0 0 0 0 0 0 0 0 0 0 0 0 0 0 0 0 0 0 0 0 0 0 0 0 0 0 0 0 0 0 0 0 0 0 0 0 0 0 0 0 0 0 0 0 0 0 0 0 0 0 0 0 0 0 0 0 0 0 0 0 0 0 0 0 0 0 0 0 0 0 0 0 0 0 0 0 0 0 0 0 0 0 0 0 0 0 0 0 0 0 0 0 0 0 0 0 0 0 0 0 0 0 0 0 0 0 0 0 0 0 0 0 0 0 0 0 0 0 0 0 0 0 0 0 0 0 0 0 0 0 0 0 0 0 0 0 0 0 0 0 0 0 0 0 0 0 0 0 0 0 0 0 0 0 0 0 0 0 0 0 0 0 0 0 0 0 0 0 0 0 0 0 0 0 0 0 0 0 0 0 0 0 0 0 0 0 0 0 0 0 0 0 0 0 0 0 0 0 0 0 0 0 0 0 0 0 0 0 0 0 0 0 0 0 0 0 0 0 0 0 0 0 0 0 0 0 0 0 0 0 0 0 0 0 0 0 0 0 0 0 0 0 0 0 0 0 0 0 0 0 0 0 0 0 0 0 0 0 0 0 0 0 0 0 0 0 0 0 0 0 0 0 0 0 0 0 0 0 0 0 0 0 0 0 0 0 0 0 0 0 0 0 0 0 0 0 0 0 0 0 0 0 0 0 0 0 0 0 0 0 0 0 0 0 0 0 0 0 0 0 0 0 0 0 0 0 0 0 0 0 0 0 0 0 0 0 0 0 0 0 0 0 0 0 0 0 0 0 0 0 0 0 0 0 0 0 0 0 0 0 0 0 0 0 0 0 0 0 0 0 0 0 0 0 0 0 0 0 0 0 0 0 0 0 0 0 0 0 0 0 0 0 0 0 0 0 0 0 0 0 0 0 0 0 0 0 0 0 0 0 0 0 0 0 0 0 0 0 0 0 0 0 0 0 0 0 0 0 0 0 0 0 0 0 0 0 0 0 0 0 0 0 0 0 0 0 0 0 0 0 0 0 0 0 0 0 0 0 0 0 0 0 0 0 0 0 0 0 0 0 0 0 0 0 0 0
ctxt 5647834969
btime 1790630938
processes 1370707
procs_running 3
procs_blocked 4
softirq 5009519170 73526 15203680 2753290 560608359 638950 0 13560896 59413681 421 62299071
--
cpu  4286239 1880 1803688 57532970 697347 0 846961 0 0 0
cpu0 164221 33 53045 1797586 8296 0 28425 0 0 0
cpu1 166821 38 53963 1800337 10230 0 27553 0 0 0
cpu2 173913 38 54332 1793333 10888 0 27787 0 0 0
cpu3 270391 39 78582 1657766 6972 0 44963 0 0 0
cpu4 265923 45 76073 1665607 8632 0 44811 0 0 0
cpu5 175699 44 55927 1788689 12160 0 28581 0 0 0
cpu6 176980 39 55957 1786442 13039 0 29510 0 0 0
cpu7 183552 38 59446 1773969 12859 0 32601 0 0 0
cpu8 42337 70 45943 1887561 27071 0 13972 0 0 0
cpu9 48906 79 49341 1859946 31531 0 15259 0 0 0
cpu10 46143 77 47600 1869321 29370 0 15020 0 0 0
cpu11 41994 73 43259 1891792 27633 0 13327 0 0 0
cpu12 89765 154 53992 1809203 33982 0 16642 0 0 0
cpu13 85944 85 55092 1807472 35632 0 17022 0 0 0
cpu14 41961 71 42838 1895535 25801 0 13098 0 0 0
cpu15 38773 75 39278 1910275 26289 0 11872 0 0 0
cpu16 226543 32 65889 1722074 11551 0 36393 0 0 0
cpu17 211861 32 63704 1736662 14803 0 34759 0 0 0
cpu18 195184 32 61581 1756231 15534 0 33623 0 0 0
cpu19 358408 28 95251 1545540 6638 0 55274 0 0 0
cpu20 321485 28 88759 1588910 10239 0 52569 0 0 0
cpu21 194068 35 60938 1756359 17632 0 32904 0 0 0
cpu22 177233 38 58188 1777072 17862 0 30869 0 0 0
cpu23 152356 37 51945 1814826 17407 0 25819 0 0 0
cpu24 45463 76 44367 1887463 31523 0 14047 0 0 0
cpu25 50977 72 49484 1860656 34592 0 16647 0 0 0
cpu26 48627 68 48254 1867977 33557 0 16162 0 0 0
cpu27 41067 59 43075 1880257 31693 0 21909 0 0 0
cpu28 80863 94 57863 1795854 37568 0 29448 0 0 0
cpu29 84768 130 60018 1783223 38838 0 30036 0 0 0
cpu30 40413 53 44780 1874654 28514 0 21964 0 0 0
cpu31 43586 56 44912 1890361 28998 0 14079 0 0 0
intr 3541356555 126 0 0 0 0 0 0 0 0 1 0 0 0 0 0 0 0 0 0 0 0 0 0 0 0 0 0 1 1 1 0 0 0 0 1 0 1 0 0 75045 0 0 0 0 0 0 0 0 411 0 0 0 0 0 0 0 0 87 0 0 0 0 0 0 0 0 0 0 0 0 0 0 0 614102 2 35071946 35006089 34922328 35069163 0 16978 16627 20758 21030 12838 16400 21745 22502 19800 58889 80290 65560 55312 91550 84617 48722 45363 21472 25090 29599 11970 19125 28138 28316 24140 61636 76514 69047 56125 89122 96848 50345 51208 0 0 0 0 617397 4766 1036 0 264 0 0 0 0 0 0 0 0 0 0 0 0 0 0 0 0 0 0 0 0 0 0 0 0 0 0 0 0 0 0 0 0 0 0 0 0 0 0 0 0 0 0 0 0 0 0 0 0 0 0 0 0 0 0 0 0 0 0 0 0 0 0 0 0 0 0 0 0 0 0 0 0 0 0 0 0 0 0 0 0 0 0 0 0 0 0 0 0 0 0 0 0 0 0 0 0 0 0 0 0 0 0 0 0 0 0 0 0 0 0 0 0 0 0 0 0 0 0 0 0 0 0 0 0 0 0 0 0 0 0 0 0 0 0 0 0 0 0 0 0 0 0 0 0 0 0 0 0 0 0 0 0 0 0 0 0 0 0 0 0 0 0 0 0 0 0 0 0 0 0 0 0 0 0 0 0 0 0 0 0 0 0 0 0 0 0 0 0 0 0 0 0 0 0 0 0 0 0 0 0 0 0 0 0 0 0 0 0 0 0 0 0 0 0 0 0 0 0 0 0 0 0 0 0 0 0 0 0 0 0 0 0 0 0 0 0 0 0 0 0 0 0 0 0 0 0 0 0 0 0 0 0 0 0 0 0 0 0 0 0 0 0 0 0 0 0 0 0 0 0 0 0 0 0 0 0 0 0 0 0 0 0 0 0 0 0 0 0 0 0 0 0 0 0 0 0 0 0 0 0 0 0 0 0 0 0 0 0 0 0 0 0 0 0 0 0 0 0 0 0 0 0 0 0 0 0 0 0 0 0 0 0 0 0 0 0 0 0 0 0 0 0 0 0 0 0 0 0 0 0 0 0 0 0 0 0 0 0 0 0 0 0 0 0 0 0 0 0 0 0 0 0 0 0 0 0 0 0 0 0 0 0 0 0 0 0 0 0 0 0 0 0 0 0 0 0 0 0 0 0 0 0 0 0 0 0 0 0 0 0 0 0 0 0 0 0 0 0 0 0 0 0 0 0 0 0 0 0 0 0 0 0 0 0 0 0 0 0 0 0 0 0 0 0 0 0 0 0 0 0 0 0 0 0 0 0 0 0 0 0 0 0 0 0 0 0 0 0 0 0 0 0 0 0 0 0 0 0 0 0 0 0 0 0 0 0 0 0 0 0 0 0 0 0 0 0 0 0 0 0 0 0 0 0 0 0 0 0 0 0 0 0 0 0 0 0 0 0 0 0 0 0 0 0 0 0 0 0 0 0 0 0 0 0 0 0 0 0 0 0 0 0 0 0 0 0 0 0 0 0 0 0 0 0 0 0 0 0 0 0 0 0 0 0 0 0 0 0 0 0 0 0 0 0 0 0 0 0 0 0 0 0 0 0 0 0 0 0 0 0 0 0 0 0 0 0 0 0 0 0 0 0 0 0 0 0 0 0 0 0 0 0 0 0 0 0 0 0 0 0 0 0 0 0 0 0 0 0 0 0 0 0 0 0 0 0 0 0 0 0 0 0 0 0 0 0 0 0 0 0 0 0 0 0 0 0 0 0 0 0 0 0 0 0 0 0 0 0 0 0 0 0 0 0 0 0 0 0 0 0 0 0 0 0 0 0 0 0 0 0 0 0 0 0 0 0 0 0 0 0 0 0 0 0 0 0 0 0 0 0 0 0 0 0 0 0 0 0 0 0 0 0 0 0 0 0 0 0 0 0 0 0 0 0 0 0 0 0 0 0 0 0 0 0 0 0 0 0 0 0 0 0 0 0 0 0 0 0 0 0 0 0 0 0 0 0 0 0 0 0 0 0 0 0 0 0 0 0 0 0 0 0 0 0 0 0 0 0 0 0 0 0 0 0 0 0 0 0 0 0 0 0 0 0 0 0 0 0 0 0 0 0 0 0 0 0 0 0 0 0 0 0 0 0 0 0 0 0 0 0 0 0 0 0 0 0 0 0 0 0 0 0 0 0 0 0 0 0 0 0 0 0 0 0 0 0 0 0 0 0 0 0 0 0 0 0 0 0 0 0 0 0 0 0 0 0 0 0 0 0 0 0 0 0 0 0 0 0 0 0 0 0 0 0 0 0 0 0 0 0 0 0 0 0 0 0 0 0 0 0 0 0 0 0 0 0 0 0 0 0 0 0 0 0 0 0 0 0 0 0 0 0 0 0 0 0 0 0 0 0 0 0 0 0 0 0 0 0 0 0 0 0 0 0 0 0 0 0 0 0 0 0 0 0 0 0 0 0 0 0 0 0 0 0 0 0 0 0 0 0 0 0 0 0 0 0 0 0 0 0 0 0 0 0 0 0 0 0 0 0 0 0 0 0 0 0 0 0 0 0 0 0 0 0 0 0 0 0 0 0 0 0 0 0 0 0 0 0 0 0 0 0 0 0 0 0 0 0 0 0 0 0 0 0 0 0 0 0 0 0 0 0 0 0 0 0 0 0 0 0 0 0 0 0 0 0 0 0 0 0 0 0 0 0 0 0 0 0 0 0 0 0 0 0 0 0 0 0 0 0 0 0 0 0 0 0 0 0 0 0 0 0
ctxt 5649303862
btime 1790630938
processes 1370789
procs_running 5
procs_blocked 32
softirq 5009704151 73526 15212975 2753290 560743730 639957 0 13560896 59433639 421 62318421
