Running 10s test @ http://127.0.0.1:18500/api/usleep?ms=10
  16 threads and 32 connections
  Thread Stats   Avg      Stdev     Max   +/- Stdev
    Latency   169.36ms   11.98ms 325.28ms   98.51%
    Req/Sec    12.75      4.57    20.00     70.71%
  Latency Distribution
     50%  167.99ms
     75%  168.13ms
     90%  168.30ms
     99%  231.02ms
  1875 requests in 10.01s, 437.62KB read
Requests/sec:    187.25
Transfer/sec:     43.70KB
## server-stat
cpu  3231198 1418 1575594 41750183 131558 0 773895 0 0 0
cpu0 118710 27 44089 1309364 2105 0 24383 0 0 0
cpu1 122866 31 45495 1308845 2183 0 24390 0 0 0
cpu2 124168 30 45653 1308259 1908 0 24547 0 0 0
cpu3 181957 30 63449 1217241 1945 0 39199 0 0 0
cpu4 184536 34 62788 1216904 1761 0 39248 0 0 0
cpu5 131030 31 47565 1298747 2003 0 25590 0 0 0
cpu6 131737 28 47872 1297917 1854 0 26362 0 0 0
cpu7 139640 26 51425 1284238 1560 0 29220 0 0 0
cpu8 40732 50 42884 1363644 4699 0 13303 0 0 0
cpu9 46491 55 45933 1341751 7110 0 14460 0 0 0
cpu10 44280 55 44365 1349502 5196 0 14296 0 0 0
cpu11 40571 50 40373 1368629 4073 0 12732 0 0 0
cpu12 78552 130 49481 1303064 9032 0 15598 0 0 0
cpu13 75239 61 50394 1303041 9371 0 15924 0 0 0
cpu14 40334 50 39723 1371958 3990 0 12449 0 0 0
cpu15 37569 51 36470 1384897 3996 0 11310 0 0 0
cpu16 159753 25 55659 1255176 2286 0 33069 0 0 0
cpu17 149704 24 53834 1267037 3522 0 31520 0 0 0
cpu18 143963 24 52745 1276106 2379 0 30784 0 0 0
cpu19 235610 24 75335 1143321 1684 0 49030 0 0 0
cpu20 211470 23 71312 1173400 2516 0 46860 0 0 0
cpu21 138846 27 51585 1281838 3211 0 29966 0 0 0
cpu22 131332 30 49757 1292859 2609 0 28214 0 0 0
cpu23 114403 29 44176 1321593 2373 0 23541 0 0 0
cpu24 43497 52 41123 1367542 4862 0 13422 0 0 0
cpu25 48603 56 45932 1344014 6755 0 15844 0 0 0
cpu26 46551 51 44835 1350055 5976 0 15405 0 0 0
cpu27 39337 39 39891 1359524 4943 0 21298 0 0 0
cpu28 72613 75 53209 1289794 8207 0 28345 0 0 0
cpu29 76325 113 55146 1278999 8761 0 28864 0 0 0
cpu30 38789 36 41408 1352789 4641 0 21273 0 0 0
cpu31 41975 37 41677 1368122 4029 0 13436 0 0 0
intr 3150037267 126 0 0 0 0 0 0 0 0 1 0 0 0 0 0 0 0 0 0 0 0 0 0 0 0 0 0 1 1 1 0 0 0 0 1 0 1 0 0 75045 0 0 0 0 0 0 0 0 411 0 0 0 0 0 0 0 0 87 0 0 0 0 0 0 0 0 0 0 0 0 0 0 0 401320 2 35048063 34989289 34907193 35046136 0 12496 5532 6262 5227 4691 5231 5482 6332 4586 23847 33731 24429 19383 28776 29431 19811 16266 6735 7105 6581 4192 6111 7682 7364 5656 20578 23942 21751 18387 23121 24241 15879 17732 0 0 0 0 617025 4309 1036 0 264 0 0 0 0 0 0 0 0 0 0 0 0 0 0 0 0 0 0 0 0 0 0 0 0 0 0 0 0 0 0 0 0 0 0 0 0 0 0 0 0 0 0 0 0 0 0 0 0 0 0 0 0 0 0 0 0 0 0 0 0 0 0 0 0 0 0 0 0 0 0 0 0 0 0 0 0 0 0 0 0 0 0 0 0 0 0 0 0 0 0 0 0 0 0 0 0 0 0 0 0 0 0 0 0 0 0 0 0 0 0 0 0 0 0 0 0 0 0 0 0 0 0 0 0 0 0 0 0 0 0 0 0 0 0 0 0 0 0 0 0 0 0 0 0 0 0 0 0 0 0 0 0 0 0 0 0 0 0 0 0 0 0 0 0 0 0 0 0 0 0 0 0 0 0 0 0 0 0 0 0 0 0 0 0 0 0 0 0 0 0 0 0 0 0 0 0 0 0 0 0 0 0 0 0 0 0 0 0 0 0 0 0 0 0 0 0 0 0 0 0 0 0 0 0 0 0 0 0 0 0 0 0 0 0 0 0 0 0 0 0 0 0 0 0 0 0 0 0 0 0 0 0 0 0 0 0 0 0 0 0 0 0 0 0 0 0 0 0 0 0 0 0 0 0 0 0 0 0 0 0 0 0 0 0 0 0 0 0 0 0 0 0 0 0 0 0 0 0 0 0 0 0 0 0 0 0 0 0 0 0 0 0 0 0 0 0 0 0 0 0 0 0 0 0 0 0 0 0 0 0 0 0 0 0 0 0 0 0 0 0 0 0 0 0 0 0 0 0 0 0 0 0 0 0 0 0 0 0 0 0 0 0 0 0 0 0 0 0 0 0 0 0 0 0 0 0 0 0 0 0 0 0 0 0 0 0 0 0 0 0 0 0 0 0 0 0 0 0 0 0 0 0 0 0 0 0 0 0 0 0 0 0 0 0 0 0 0 0 0 0 0 0 0 0 0 0 0 0 0 0 0 0 0 0 0 0 0 0 0 0 0 0 0 0 0 0 0 0 0 0 0 0 0 0 0 0 0 0 0 0 0 0 0 0 0 0 0 0 0 0 0 0 0 0 0 0 0 0 0 0 0 0 0 0 0 0 0 0 0 0 0 0 0 0 0 0 0 0 0 0 0 0 0 0 0 0 0 0 0 0 0 0 0 0 0 0 0 0 0 0 0 0 0 0 0 0 0 0 0 0 0 0 0 0 0 0 0 0 0 0 0 0 0 0 0 0 0 0 0 0 0 0 0 0 0 0 0 0 0 0 0 0 0 0 0 0 0 0 0 0 0 0 0 0 0 0 0 0 0 0 0 0 0 0 0 0 0 0 0 0 0 0 0 0 0 0 0 0 0 0 0 0 0 0 0 0 0 0 0 0 0 0 0 0 0 0 0 0 0 0 0 0 0 0 0 0 0 0 0 0 0 0 0 0 0 0 0 0 0 0 0 0 0 0 0 0 0 0 0 0 0 0 0 0 0 0 0 0 0 0 0 0 0 0 0 0 0 0 0 0 0 0 0 0 0 0 0 0 0 0 0 0 0 0 0 0 0 0 0 0 0 0 0 0 0 0 0 0 0 0 0 0 0 0 0 0 0 0 0 0 0 0 0 0 0 0 0 0 0 0 0 0 0 0 0 0 0 0 0 0 0 0 0 0 0 0 0 0 0 0 0 0 0 0 0 0 0 0 0 0 0 0 0 0 0 0 0 0 0 0 0 0 0 0 0 0 0 0 0 0 0 0 0 0 0 0 0 0 0 0 0 0 0 0 0 0 0 0 0 0 0 0 0 0 0 0 0 0 0 0 0 0 0 0 0 0 0 0 0 0 0 0 0 0 0 0 0 0 0 0 0 0 0 0 0 0 0 0 0 0 0 0 0 0 0 0 0 0 0 0 0 0 0 0 0 0 0 0 0 0 0 0 0 0 0 0 0 0 0 0 0 0 0 0 0 0 0 0 0 0 0 0 0 0 0 0 0 0 0 0 0 0 0 0 0 0 0 0 0 0 0 0 0 0 0 0 0 0 0 0 0 0 0 0 0 0 0 0 0 0 0 0 0 0 0 0 0 0 0 0 0 0 0 0 0 0 0 0 0 0 0 0 0 0 0 0 0 0 0 0 0 0 0 0 0 0 0 0 0 0 0 0 0 0 0 0 0 0 0 0 0 0 0 0 0 0 0 0 0 0 0 0 0 0 0 0 0 0 0 0 0 0 0 0 0 0 0 0 0 0 0 0 0 0 0 0 0 0 0 0 0 0 0 0 0 0 0 0 0 0 0 0 0 0 0 0 0 0 0 0 0 0 0 0 0 0 0 0 0 0 0 0 0 0 0 0 0 0 0 0 0 0 0 0 0 0 0 0 0 0 0 0 0 0 0 0 0 0 0 0 0 0 0 0 0 0 0 0 0 0 0 0 0 0 0 0 0 0 0 0 0 0 0 0 0 0 0 0 0 0 0 0 0 0 0 0 0 0 0 0 0 0
ctxt 4969148871
btime 1790630938
processes 505024
procs_running 1
procs_blocked 0
softirq 4541804414 73526 11056516 2753138 133357562 419999 0 13559689 48584560 421 37031707
--
cpu  3231340 1419 1575604 41775581 131560 0 773897 0 0 0
cpu0 118712 27 44090 1310158 2105 0 24384 0 0 0
cpu1 122867 31 45495 1309641 2183 0 24391 0 0 0
cpu2 124169 30 45654 1309056 1908 0 24548 0 0 0
cpu3 181989 30 63449 1218007 1945 0 39199 0 0 0
cpu4 184562 34 62788 1217675 1762 0 39248 0 0 0
cpu5 131031 31 47565 1299545 2003 0 25590 0 0 0
cpu6 131737 28 47873 1298715 1854 0 26362 0 0 0
cpu7 139640 26 51425 1285037 1560 0 29220 0 0 0
cpu8 40733 50 42884 1364442 4699 0 13303 0 0 0
cpu9 46494 55 45934 1342546 7110 0 14460 0 0 0
cpu10 44281 55 44366 1350298 5196 0 14296 0 0 0
cpu11 40572 50 40373 1369426 4073 0 12732 0 0 0
cpu12 78570 130 49483 1303841 9032 0 15598 0 0 0
cpu13 75245 61 50394 1303833 9371 0 15924 0 0 0
cpu14 40334 50 39723 1372755 3991 0 12449 0 0 0
cpu15 37570 51 36470 1385695 3996 0 11310 0 0 0
cpu16 159754 25 55659 1255973 2286 0 33070 0 0 0
cpu17 149704 24 53835 1267833 3522 0 31520 0 0 0
cpu18 143964 24 52745 1276905 2379 0 30784 0 0 0
cpu19 235615 24 75335 1144114 1684 0 49030 0 0 0
cpu20 211471 23 71312 1174197 2516 0 46860 0 0 0
cpu21 138846 27 51585 1282636 3211 0 29966 0 0 0
cpu22 131333 30 49757 1293657 2610 0 28214 0 0 0
cpu23 114403 29 44176 1322392 2373 0 23541 0 0 0
cpu24 43497 52 41123 1368341 4862 0 13422 0 0 0
cpu25 48605 56 45932 1344811 6755 0 15844 0 0 0
cpu26 46553 51 44835 1350852 5976 0 15405 0 0 0
cpu27 39339 40 39891 1360321 4943 0 21298 0 0 0
cpu28 72628 75 53209 1290577 8207 0 28345 0 0 0
cpu29 76338 113 55147 1279784 8761 0 28864 0 0 0
cpu30 38791 36 41408 1353586 4641 0 21273 0 0 0
cpu31 41977 37 41677 1368919 4029 0 13436 0 0 0
intr 3150165496 126 0 0 0 0 0 0 0 0 1 0 0 0 0 0 0 0 0 0 0 0 0 0 0 0 0 0 1 1 1 0 0 0 0 1 0 1 0 0 75045 0 0 0 0 0 0 0 0 411 0 0 0 0 0 0 0 0 87 0 0 0 0 0 0 0 0 0 0 0 0 0 0 0 401320 2 35048115 34989330 34907245 35046164 0 12504 5532 6262 5227 4692 5231 5482 6341 4586 23847 33731 24500 19383 28776 29431 19811 16266 6735 7106 6581 4192 6111 7682 7364 5656 20579 23942 21751 18387 23153 24241 15879 17732 0 0 0 0 617025 4309 1036 0 264 0 0 0 0 0 0 0 0 0 0 0 0 0 0 0 0 0 0 0 0 0 0 0 0 0 0 0 0 0 0 0 0 0 0 0 0 0 0 0 0 0 0 0 0 0 0 0 0 0 0 0 0 0 0 0 0 0 0 0 0 0 0 0 0 0 0 0 0 0 0 0 0 0 0 0 0 0 0 0 0 0 0 0 0 0 0 0 0 0 0 0 0 0 0 0 0 0 0 0 0 0 0 0 0 0 0 0 0 0 0 0 0 0 0 0 0 0 0 0 0 0 0 0 0 0 0 0 0 0 0 0 0 0 0 0 0 0 0 0 0 0 0 0 0 0 0 0 0 0 0 0 0 0 0 0 0 0 0 0 0 0 0 0 0 0 0 0 0 0 0 0 0 0 0 0 0 0 0 0 0 0 0 0 0 0 0 0 0 0 0 0 0 0 0 0 0 0 0 0 0 0 0 0 0 0 0 0 0 0 0 0 0 0 0 0 0 0 0 0 0 0 0 0 0 0 0 0 0 0 0 0 0 0 0 0 0 0 0 0 0 0 0 0 0 0 0 0 0 0 0 0 0 0 0 0 0 0 0 0 0 0 0 0 0 0 0 0 0 0 0 0 0 0 0 0 0 0 0 0 0 0 0 0 0 0 0 0 0 0 0 0 0 0 0 0 0 0 0 0 0 0 0 0 0 0 0 0 0 0 0 0 0 0 0 0 0 0 0 0 0 0 0 0 0 0 0 0 0 0 0 0 0 0 0 0 0 0 0 0 0 0 0 0 0 0 0 0 0 0 0 0 0 0 0 0 0 0 0 0 0 0 0 0 0 0 0 0 0 0 0 0 0 0 0 0 0 0 0 0 0 0 0 0 0 0 0 0 0 0 0 0 0 0 0 0 0 0 0 0 0 0 0 0 0 0 0 0 0 0 0 0 0 0 0 0 0 0 0 0 0 0 0 0 0 0 0 0 0 0 0 0 0 0 0 0 0 0 0 0 0 0 0 0 0 0 0 0 0 0 0 0 0 0 0 0 0 0 0 0 0 0 0 0 0 0 0 0 0 0 0 0 0 0 0 0 0 0 0 0 0 0 0 0 0 0 0 0 0 0 0 0 0 0 0 0 0 0 0 0 0 0 0 0 0 0 0 0 0 0 0 0 0 0 0 0 0 0 0 0 0 0 0 0 0 0 0 0 0 0 0 0 0 0 0 0 0 0 0 0 0 0 0 0 0 0 0 0 0 0 0 0 0 0 0 0 0 0 0 0 0 0 0 0 0 0 0 0 0 0 0 0 0 0 0 0 0 0 0 0 0 0 0 0 0 0 0 0 0 0 0 0 0 0 0 0 0 0 0 0 0 0 0 0 0 0 0 0 0 0 0 0 0 0 0 0 0 0 0 0 0 0 0 0 0 0 0 0 0 0 0 0 0 0 0 0 0 0 0 0 0 0 0 0 0 0 0 0 0 0 0 0 0 0 0 0 0 0 0 0 0 0 0 0 0 0 0 0 0 0 0 0 0 0 0 0 0 0 0 0 0 0 0 0 0 0 0 0 0 0 0 0 0 0 0 0 0 0 0 0 0 0 0 0 0 0 0 0 0 0 0 0 0 0 0 0 0 0 0 0 0 0 0 0 0 0 0 0 0 0 0 0 0 0 0 0 0 0 0 0 0 0 0 0 0 0 0 0 0 0 0 0 0 0 0 0 0 0 0 0 0 0 0 0 0 0 0 0 0 0 0 0 0 0 0 0 0 0 0 0 0 0 0 0 0 0 0 0 0 0 0 0 0 0 0 0 0 0 0 0 0 0 0 0 0 0 0 0 0 0 0 0 0 0 0 0 0 0 0 0 0 0 0 0 0 0 0 0 0 0 0 0 0 0 0 0 0 0 0 0 0 0 0 0 0 0 0 0 0 0 0 0 0 0 0 0 0 0 0 0 0 0 0 0 0 0 0 0 0 0 0 0 0 0 0 0 0 0 0 0 0 0 0 0 0 0 0 0 0 0 0 0 0 0 0 0 0 0 0 0 0 0 0 0 0 0 0 0 0 0 0 0 0 0 0 0 0 0 0 0 0 0 0 0 0 0 0 0 0 0 0 0 0 0 0 0 0 0 0 0 0 0 0 0 0 0 0 0 0 0 0 0 0 0 0 0 0 0 0 0 0 0 0 0 0 0 0 0 0 0 0 0 0 0 0 0 0 0 0 0 0 0 0 0 0 0 0 0 0 0 0 0 0 0 0 0 0 0 0 0 0 0 0 0 0 0 0 0 0 0 0 0 0 0 0 0 0 0 0 0 0 0 0 0 0 0 0 0 0 0 0 0 0 0 0 0 0 0 0 0 0 0 0 0 0 0 0 0 0 0 0 0 0 0 0 0 0 0 0 0 0 0 0 0 0 0 0 0 0 0 0 0 0 0 0 0 0 0 0 0 0 0 0 0 0 0 0 0 0 0 0 0 0 0 0 0 0 0 0 0 0 0 0
ctxt 4969355675
btime 1790630938
processes 505090
procs_running 2
procs_blocked 0
softirq 4541825012 73526 11060772 2753138 133362036 420007 0 13559689 48590751 421 37037376
