Running 10s test @ http://127.0.0.1:18500/api/usleep?ms=10
  16 threads and 32 connections
  Thread Stats   Avg      Stdev     Max   +/- Stdev
    Latency   170.81ms   12.21ms 330.50ms   98.49%
    Req/Sec    12.83      4.60    20.00     69.78%
  Latency Distribution
     50%  169.44ms
     75%  169.60ms
     90%  169.73ms
     99%  235.35ms
  1859 requests in 10.01s, 372.16KB read
Requests/sec:    185.68
Transfer/sec:     37.17KB
## server-stat
cpu  3225861 1414 1574683 41581738 127669 0 773861 0 0 0
cpu0 118590 27 44062 1303994 2087 0 24377 0 0 0
cpu1 122795 30 45470 1303403 2152 0 24388 0 0 0
cpu2 124135 30 45634 1302778 1870 0 24546 0 0 0
cpu3 181327 29 63391 1212355 1931 0 39197 0 0 0
cpu4 183653 34 62730 1212284 1733 0 39246 0 0 0
cpu5 130999 31 47547 1293239 1986 0 25589 0 0 0
cpu6 131714 28 47853 1292425 1806 0 26361 0 0 0
cpu7 139619 26 51409 1278727 1527 0 29220 0 0 0
cpu8 40718 49 42865 1358265 4532 0 13302 0 0 0
cpu9 46469 55 45909 1336360 6964 0 14459 0 0 0
cpu10 44261 55 44344 1344144 5010 0 14295 0 0 0
cpu11 40556 50 40352 1363260 3888 0 12732 0 0 0
cpu12 78487 130 49454 1297761 8852 0 15596 0 0 0
cpu13 75167 61 50366 1297708 9233 0 15922 0 0 0
cpu14 40320 50 39702 1366589 3803 0 12448 0 0 0
cpu15 37559 51 36448 1379540 3795 0 11310 0 0 0
cpu16 159693 25 55636 1249733 2239 0 33068 0 0 0
cpu17 149666 24 53812 1261619 3428 0 31519 0 0 0
cpu18 143938 24 52724 1270679 2280 0 30784 0 0 0
cpu19 233748 24 75230 1139707 1678 0 49029 0 0 0
cpu20 210604 23 71264 1168759 2488 0 46857 0 0 0
cpu21 138822 26 51563 1276356 3159 0 29965 0 0 0
cpu22 131313 30 49736 1287386 2539 0 28213 0 0 0
cpu23 114387 29 44160 1316086 2329 0 23540 0 0 0
cpu24 43475 52 41100 1362205 4661 0 13421 0 0 0
cpu25 48581 56 45903 1338727 6508 0 15843 0 0 0
cpu26 46529 51 44806 1344747 5746 0 15404 0 0 0
cpu27 39318 39 39866 1354163 4754 0 21298 0 0 0
cpu28 72477 75 53178 1284662 7921 0 28344 0 0 0
cpu29 76189 113 55114 1273846 8504 0 28862 0 0 0
cpu30 38777 36 41386 1347472 4403 0 21273 0 0 0
cpu31 41961 37 41655 1362745 3849 0 13436 0 0 0
intr 3148113395 126 0 0 0 0 0 0 0 0 1 0 0 0 0 0 0 0 0 0 0 0 0 0 0 0 0 0 1 1 1 0 0 0 0 1 0 1 0 0 75045 0 0 0 0 0 0 0 0 411 0 0 0 0 0 0 0 0 87 0 0 0 0 0 0 0 0 0 0 0 0 0 0 0 399456 2 35047776 34988993 34906929 35045971 0 12452 5366 6089 5076 4638 5132 5379 6056 4404 22844 32930 23297 18413 27796 28815 18939 15313 6603 6811 6272 4155 6001 7489 6933 5427 19605 22528 20326 17356 21555 22788 14852 16953 0 0 0 0 617021 4302 1036 0 264 0 0 0 0 0 0 0 0 0 0 0 0 0 0 0 0 0 0 0 0 0 0 0 0 0 0 0 0 0 0 0 0 0 0 0 0 0 0 0 0 0 0 0 0 0 0 0 0 0 0 0 0 0 0 0 0 0 0 0 0 0 0 0 0 0 0 0 0 0 0 0 0 0 0 0 0 0 0 0 0 0 0 0 0 0 0 0 0 0 0 0 0 0 0 0 0 0 0 0 0 0 0 0 0 0 0 0 0 0 0 0 0 0 0 0 0 0 0 0 0 0 0 0 0 0 0 0 0 0 0 0 0 0 0 0 0 0 0 0 0 0 0 0 0 0 0 0 0 0 0 0 0 0 0 0 0 0 0 0 0 0 0 0 0 0 0 0 0 0 0 0 0 0 0 0 0 0 0 0 0 0 0 0 0 0 0 0 0 0 0 0 0 0 0 0 0 0 0 0 0 0 0 0 0 0 0 0 0 0 0 0 0 0 0 0 0 0 0 0 0 0 0 0 0 0 0 0 0 0 0 0 0 0 0 0 0 0 0 0 0 0 0 0 0 0 0 0 0 0 0 0 0 0 0 0 0 0 0 0 0 0 0 0 0 0 0 0 0 0 0 0 0 0 0 0 0 0 0 0 0 0 0 0 0 0 0 0 0 0 0 0 0 0 0 0 0 0 0 0 0 0 0 0 0 0 0 0 0 0 0 0 0 0 0 0 0 0 0 0 0 0 0 0 0 0 0 0 0 0 0 0 0 0 0 0 0 0 0 0 0 0 0 0 0 0 0 0 0 0 0 0 0 0 0 0 0 0 0 0 0 0 0 0 0 0 0 0 0 0 0 0 0 0 0 0 0 0 0 0 0 0 0 0 0 0 0 0 0 0 0 0 0 0 0 0 0 0 0 0 0 0 0 0 0 0 0 0 0 0 0 0 0 0 0 0 0 0 0 0 0 0 0 0 0 0 0 0 0 0 0 0 0 0 0 0 0 0 0 0 0 0 0 0 0 0 0 0 0 0 0 0 0 0 0 0 0 0 0 0 0 0 0 0 0 0 0 0 0 0 0 0 0 0 0 0 0 0 0 0 0 0 0 0 0 0 0 0 0 0 0 0 0 0 0 0 0 0 0 0 0 0 0 0 0 0 0 0 0 0 0 0 0 0 0 0 0 0 0 0 0 0 0 0 0 0 0 0 0 0 0 0 0 0 0 0 0 0 0 0 0 0 0 0 0 0 0 0 0 0 0 0 0 0 0 0 0 0 0 0 0 0 0 0 0 0 0 0 0 0 0 0 0 0 0 0 0 0 0 0 0 0 0 0 0 0 0 0 0 0 0 0 0 0 0 0 0 0 0 0 0 0 0 0 0 0 0 0 0 0 0 0 0 0 0 0 0 0 0 0 0 0 0 0 0 0 0 0 0 0 0 0 0 0 0 0 0 0 0 0 0 0 0 0 0 0 0 0 0 0 0 0 0 0 0 0 0 0 0 0 0 0 0 0 0 0 0 0 0 0 0 0 0 0 0 0 0 0 0 0 0 0 0 0 0 0 0 0 0 0 0 0 0 0 0 0 0 0 0 0 0 0 0 0 0 0 0 0 0 0 0 0 0 0 0 0 0 0 0 0 0 0 0 0 0 0 0 0 0 0 0 0 0 0 0 0 0 0 0 0 0 0 0 0 0 0 0 0 0 0 0 0 0 0 0 0 0 0 0 0 0 0 0 0 0 0 0 0 0 0 0 0 0 0 0 0 0 0 0 0 0 0 0 0 0 0 0 0 0 0 0 0 0 0 0 0 0 0 0 0 0 0 0 0 0 0 0 0 0 0 0 0 0 0 0 0 0 0 0 0 0 0 0 0 0 0 0 0 0 0 0 0 0 0 0 0 0 0 0 0 0 0 0 0 0 0 0 0 0 0 0 0 0 0 0 0 0 0 0 0 0 0 0 0 0 0 0 0 0 0 0 0 0 0 0 0 0 0 0 0 0 0 0 0 0 0 0 0 0 0 0 0 0 0 0 0 0 0 0 0 0 0 0 0 0 0 0 0 0 0 0 0 0 0 0 0 0 0 0 0 0 0 0 0 0 0 0 0 0 0 0 0 0 0 0 0 0 0 0 0 0 0 0 0 0 0 0 0 0 0 0 0 0 0 0 0 0 0 0 0 0 0 0 0 0 0 0 0 0 0 0 0 0 0 0 0 0 0 0 0 0 0 0 0 0 0 0 0 0 0 0 0 0 0 0 0 0 0 0 0 0 0 0 0 0 0 0 0 0 0 0 0 0 0 0 0 0 0 0 0 0 0 0 0 0 0 0 0 0 0 0 0 0 0 0 0 0 0 0 0 0 0 0 0 0 0 0 0 0 0 0 0 0 0 0 0 0 0 0 0 0 0 0 0 0 0 0 0 0 0 0 0 0 0 0 0 0 0 0 0 0 0 0 0 0 0 0 0 0 0 0 0 0 0 0 0 0 0 0 0 0 0 0
ctxt 4965964105
btime 1790630938
processes 493999
procs_running 1
procs_blocked 0
softirq 4541316847 73526 11028070 2753132 133115645 418073 0 13559673 48503182 421 36897829
--
cpu  3225994 1414 1574695 41607152 127671 0 773863 0 0 0
cpu0 118590 27 44063 1304789 2087 0 24378 0 0 0
cpu1 122795 30 45471 1304202 2152 0 24389 0 0 0
cpu2 124135 30 45634 1303577 1870 0 24546 0 0 0
cpu3 181388 29 63393 1213092 1931 0 39197 0 0 0
cpu4 183654 34 62730 1213081 1733 0 39246 0 0 0
cpu5 130999 31 47548 1294036 1986 0 25589 0 0 0
cpu6 131714 28 47853 1293224 1806 0 26361 0 0 0
cpu7 139619 26 51409 1279526 1527 0 29220 0 0 0
cpu8 40718 49 42865 1359063 4532 0 13302 0 0 0
cpu9 46469 55 45909 1337159 6964 0 14459 0 0 0
cpu10 44262 55 44344 1344942 5010 0 14295 0 0 0
cpu11 40558 50 40353 1364056 3888 0 12732 0 0 0
cpu12 78507 130 49455 1298537 8853 0 15596 0 0 0
cpu13 75191 61 50367 1298479 9234 0 15922 0 0 0
cpu14 40322 50 39702 1367386 3803 0 12448 0 0 0
cpu15 37560 51 36449 1380338 3795 0 11310 0 0 0
cpu16 159694 25 55637 1250531 2239 0 33068 0 0 0
cpu17 149666 24 53813 1262417 3428 0 31519 0 0 0
cpu18 143938 24 52724 1271477 2280 0 30784 0 0 0
cpu19 233766 24 75231 1140487 1678 0 49029 0 0 0
cpu20 210604 23 71264 1169558 2488 0 46857 0 0 0
cpu21 138822 26 51564 1277155 3159 0 29965 0 0 0
cpu22 131313 30 49736 1288185 2539 0 28213 0 0 0
cpu23 114387 29 44160 1316885 2329 0 23540 0 0 0
cpu24 43475 52 41100 1363003 4661 0 13421 0 0 0
cpu25 48581 56 45903 1339526 6508 0 15843 0 0 0
cpu26 46529 51 44806 1345546 5746 0 15404 0 0 0
cpu27 39318 39 39866 1354962 4754 0 21298 0 0 0
cpu28 72479 75 53178 1285458 7921 0 28344 0 0 0
cpu29 76189 113 55114 1274644 8504 0 28862 0 0 0
cpu30 38777 36 41386 1348271 4403 0 21273 0 0 0
cpu31 41961 37 41655 1363544 3849 0 13436 0 0 0
intr 3148217213 126 0 0 0 0 0 0 0 0 1 0 0 0 0 0 0 0 0 0 0 0 0 0 0 0 0 0 1 1 1 0 0 0 0 1 0 1 0 0 75045 0 0 0 0 0 0 0 0 411 0 0 0 0 0 0 0 0 87 0 0 0 0 0 0 0 0 0 0 0 0 0 0 0 399456 2 35047817 34989030 34906967 35045998 0 12460 5366 6089 5076 4638 5132 5379 6062 4404 22844 32930 23297 18413 27796 28815 18939 15313 6603 6813 6272 4155 6001 7490 6933 5427 19605 22528 20326 17356 21555 22789 14852 16953 0 0 0 0 617021 4302 1036 0 264 0 0 0 0 0 0 0 0 0 0 0 0 0 0 0 0 0 0 0 0 0 0 0 0 0 0 0 0 0 0 0 0 0 0 0 0 0 0 0 0 0 0 0 0 0 0 0 0 0 0 0 0 0 0 0 0 0 0 0 0 0 0 0 0 0 0 0 0 0 0 0 0 0 0 0 0 0 0 0 0 0 0 0 0 0 0 0 0 0 0 0 0 0 0 0 0 0 0 0 0 0 0 0 0 0 0 0 0 0 0 0 0 0 0 0 0 0 0 0 0 0 0 0 0 0 0 0 0 0 0 0 0 0 0 0 0 0 0 0 0 0 0 0 0 0 0 0 0 0 0 0 0 0 0 0 0 0 0 0 0 0 0 0 0 0 0 0 0 0 0 0 0 0 0 0 0 0 0 0 0 0 0 0 0 0 0 0 0 0 0 0 0 0 0 0 0 0 0 0 0 0 0 0 0 0 0 0 0 0 0 0 0 0 0 0 0 0 0 0 0 0 0 0 0 0 0 0 0 0 0 0 0 0 0 0 0 0 0 0 0 0 0 0 0 0 0 0 0 0 0 0 0 0 0 0 0 0 0 0 0 0 0 0 0 0 0 0 0 0 0 0 0 0 0 0 0 0 0 0 0 0 0 0 0 0 0 0 0 0 0 0 0 0 0 0 0 0 0 0 0 0 0 0 0 0 0 0 0 0 0 0 0 0 0 0 0 0 0 0 0 0 0 0 0 0 0 0 0 0 0 0 0 0 0 0 0 0 0 0 0 0 0 0 0 0 0 0 0 0 0 0 0 0 0 0 0 0 0 0 0 0 0 0 0 0 0 0 0 0 0 0 0 0 0 0 0 0 0 0 0 0 0 0 0 0 0 0 0 0 0 0 0 0 0 0 0 0 0 0 0 0 0 0 0 0 0 0 0 0 0 0 0 0 0 0 0 0 0 0 0 0 0 0 0 0 0 0 0 0 0 0 0 0 0 0 0 0 0 0 0 0 0 0 0 0 0 0 0 0 0 0 0 0 0 0 0 0 0 0 0 0 0 0 0 0 0 0 0 0 0 0 0 0 0 0 0 0 0 0 0 0 0 0 0 0 0 0 0 0 0 0 0 0 0 0 0 0 0 0 0 0 0 0 0 0 0 0 0 0 0 0 0 0 0 0 0 0 0 0 0 0 0 0 0 0 0 0 0 0 0 0 0 0 0 0 0 0 0 0 0 0 0 0 0 0 0 0 0 0 0 0 0 0 0 0 0 0 0 0 0 0 0 0 0 0 0 0 0 0 0 0 0 0 0 0 0 0 0 0 0 0 0 0 0 0 0 0 0 0 0 0 0 0 0 0 0 0 0 0 0 0 0 0 0 0 0 0 0 0 0 0 0 0 0 0 0 0 0 0 0 0 0 0 0 0 0 0 0 0 0 0 0 0 0 0 0 0 0 0 0 0 0 0 0 0 0 0 0 0 0 0 0 0 0 0 0 0 0 0 0 0 0 0 0 0 0 0 0 0 0 0 0 0 0 0 0 0 0 0 0 0 0 0 0 0 0 0 0 0 0 0 0 0 0 0 0 0 0 0 0 0 0 0 0 0 0 0 0 0 0 0 0 0 0 0 0 0 0 0 0 0 0 0 0 0 0 0 0 0 0 0 0 0 0 0 0 0 0 0 0 0 0 0 0 0 0 0 0 0 0 0 0 0 0 0 0 0 0 0 0 0 0 0 0 0 0 0 0 0 0 0 0 0 0 0 0 0 0 0 0 0 0 0 0 0 0 0 0 0 0 0 0 0 0 0 0 0 0 0 0 0 0 0 0 0 0 0 0 0 0 0 0 0 0 0 0 0 0 0 0 0 0 0 0 0 0 0 0 0 0 0 0 0 0 0 0 0 0 0 0 0 0 0 0 0 0 0 0 0 0 0 0 0 0 0 0 0 0 0 0 0 0 0 0 0 0 0 0 0 0 0 0 0 0 0 0 0 0 0 0 0 0 0 0 0 0 0 0 0 0 0 0 0 0 0 0 0 0 0 0 0 0 0 0 0 0 0 0 0 0 0 0 0 0 0 0 0 0 0 0 0 0 0 0 0 0 0 0 0 0 0 0 0 0 0 0 0 0 0 0 0 0 0 0 0 0 0 0 0 0 0 0 0 0 0 0 0 0 0 0 0 0 0 0 0 0 0 0 0 0 0 0 0 0 0 0 0 0 0 0 0 0 0 0 0 0 0 0 0 0 0 0 0 0 0 0 0 0 0 0 0 0 0 0 0 0 0 0 0 0 0 0 0 0 0 0 0 0 0 0 0 0 0 0 0 0 0 0 0 0 0 0 0 0 0 0 0 0 0 0 0 0 0 0 0 0 0 0 0 0 0 0 0 0 0 0 0 0 0 0 0 0 0 0 0 0 0 0 0 0 0 0 0 0 0 0 0 0 0 0 0 0 0 0 0 0 0 0 0 0 0 0 0 0 0 0 0 0 0 0 0 0
ctxt 4966120593
btime 1790630938
processes 494070
procs_running 1
procs_blocked 0
softirq 4541344468 73526 11035232 2753132 133123061 418081 0 13559673 48510104 421 36903942
