Running 10s test @ http://127.0.0.1:18500/usleep?ms=10
  16 threads and 32 connections
  Thread Stats   Avg      Stdev     Max   +/- Stdev
    Latency   161.17ms    6.25ms 225.78ms   98.58%
    Req/Sec    13.52      4.80    20.00     64.33%
  Latency Distribution
     50%  161.38ms
     75%  161.46ms
     90%  161.58ms
     99%  162.22ms
  1971 requests in 10.01s, 267.55KB read
Requests/sec:    196.88
Transfer/sec:     26.73KB
## server-stat
cpu  3265668 1460 1586917 43173552 215904 0 777290 0 0 0
cpu0 119538 27 44350 1355360 3396 0 24523 0 0 0
cpu1 123338 32 45729 1355064 3913 0 24463 0 0 0
cpu2 124522 31 45862 1354679 3660 0 24603 0 0 0
cpu3 188385 30 64877 1256821 2639 0 39808 0 0 0
cpu4 189221 34 63744 1258021 3199 0 39866 0 0 0
cpu5 131375 32 47770 1345113 3847 0 25638 0 0 0
cpu6 131957 29 48065 1344556 3620 0 26399 0 0 0
cpu7 139811 27 51597 1331099 3211 0 29247 0 0 0
cpu8 40844 51 43045 1409058 7660 0 13312 0 0 0
cpu9 46704 57 46139 1386457 10266 0 14482 0 0 0
cpu10 44427 57 44557 1394464 8271 0 14312 0 0 0
cpu11 40668 52 40532 1413828 7175 0 12742 0 0 0
cpu12 79485 132 49773 1346616 12309 0 15637 0 0 0
cpu13 76157 64 50709 1346226 12958 0 15965 0 0 0
cpu14 40452 52 39912 1417141 6855 0 12464 0 0 0
cpu15 37646 54 36642 1430348 6858 0 11322 0 0 0
cpu16 160318 25 55916 1300811 4591 0 33118 0 0 0
cpu17 150068 25 54076 1312630 6066 0 31570 0 0 0
cpu18 144252 25 52968 1321762 4977 0 30828 0 0 0
cpu19 244143 24 77162 1179926 2748 0 49758 0 0 0
cpu20 217312 24 72413 1212659 4547 0 47425 0 0 0
cpu21 139128 28 51820 1327397 5918 0 30008 0 0 0
cpu22 131527 31 49970 1338813 5079 0 28243 0 0 0
cpu23 114563 30 44360 1367888 4596 0 23560 0 0 0
cpu24 43638 55 41320 1412192 8555 0 13430 0 0 0
cpu25 48778 58 46135 1388418 10546 0 15857 0 0 0
cpu26 46708 53 45030 1394541 9812 0 15416 0 0 0
cpu27 39461 41 40083 1404434 8546 0 21304 0 0 0
cpu28 73151 77 53468 1333468 12156 0 28366 0 0 0
cpu29 77096 114 55418 1322424 12706 0 28889 0 0 0
cpu30 38895 37 41596 1398014 7814 0 21281 0 0 0
cpu31 42085 39 41863 1413309 7391 0 13439 0 0 0
intr 3177483922 126 0 0 0 0 0 0 0 0 1 0 0 0 0 0 0 0 0 0 0 0 0 0 0 0 0 0 1 1 1 0 0 0 0 1 0 1 0 0 75045 0 0 0 0 0 0 0 0 411 0 0 0 0 0 0 0 0 87 0 0 0 0 0 0 0 0 0 0 0 0 0 0 0 422176 2 35049854 34990469 34908492 35047596 0 12889 7787 8585 7686 5946 7004 7958 8504 6483 27797 39025 29344 23515 35872 35549 23403 19825 9869 10390 9891 5362 8843 10894 10093 8611 25405 29983 27799 22958 31179 32725 20302 22082 0 0 0 0 617057 4349 1036 0 264 0 0 0 0 0 0 0 0 0 0 0 0 0 0 0 0 0 0 0 0 0 0 0 0 0 0 0 0 0 0 0 0 0 0 0 0 0 0 0 0 0 0 0 0 0 0 0 0 0 0 0 0 0 0 0 0 0 0 0 0 0 0 0 0 0 0 0 0 0 0 0 0 0 0 0 0 0 0 0 0 0 0 0 0 0 0 0 0 0 0 0 0 0 0 0 0 0 0 0 0 0 0 0 0 0 0 0 0 0 0 0 0 0 0 0 0 0 0 0 0 0 0 0 0 0 0 0 0 0 0 0 0 0 0 0 0 0 0 0 0 0 0 0 0 0 0 0 0 0 0 0 0 0 0 0 0 0 0 0 0 0 0 0 0 0 0 0 0 0 0 0 0 0 0 0 0 0 0 0 0 0 0 0 0 0 0 0 0 0 0 0 0 0 0 0 0 0 0 0 0 0 0 0 0 0 0 0 0 0 0 0 0 0 0 0 0 0 0 0 0 0 0 0 0 0 0 0 0 0 0 0 0 0 0 0 0 0 0 0 0 0 0 0 0 0 0 0 0 0 0 0 0 0 0 0 0 0 0 0 0 0 0 0 0 0 0 0 0 0 0 0 0 0 0 0 0 0 0 0 0 0 0 0 0 0 0 0 0 0 0 0 0 0 0 0 0 0 0 0 0 0 0 0 0 0 0 0 0 0 0 0 0 0 0 0 0 0 0 0 0 0 0 0 0 0 0 0 0 0 0 0 0 0 0 0 0 0 0 0 0 0 0 0 0 0 0 0 0 0 0 0 0 0 0 0 0 0 0 0 0 0 0 0 0 0 0 0 0 0 0 0 0 0 0 0 0 0 0 0 0 0 0 0 0 0 0 0 0 0 0 0 0 0 0 0 0 0 0 0 0 0 0 0 0 0 0 0 0 0 0 0 0 0 0 0 0 0 0 0 0 0 0 0 0 0 0 0 0 0 0 0 0 0 0 0 0 0 0 0 0 0 0 0 0 0 0 0 0 0 0 0 0 0 0 0 0 0 0 0 0 0 0 0 0 0 0 0 0 0 0 0 0 0 0 0 0 0 0 0 0 0 0 0 0 0 0 0 0 0 0 0 0 0 0 0 0 0 0 0 0 0 0 0 0 0 0 0 0 0 0 0 0 0 0 0 0 0 0 0 0 0 0 0 0 0 0 0 0 0 0 0 0 0 0 0 0 0 0 0 0 0 0 0 0 0 0 0 0 0 0 0 0 0 0 0 0 0 0 0 0 0 0 0 0 0 0 0 0 0 0 0 0 0 0 0 0 0 0 0 0 0 0 0 0 0 0 0 0 0 0 0 0 0 0 0 0 0 0 0 0 0 0 0 0 0 0 0 0 0 0 0 0 0 0 0 0 0 0 0 0 0 0 0 0 0 0 0 0 0 0 0 0 0 0 0 0 0 0 0 0 0 0 0 0 0 0 0 0 0 0 0 0 0 0 0 0 0 0 0 0 0 0 0 0 0 0 0 0 0 0 0 0 0 0 0 0 0 0 0 0 0 0 0 0 0 0 0 0 0 0 0 0 0 0 0 0 0 0 0 0 0 0 0 0 0 0 0 0 0 0 0 0 0 0 0 0 0 0 0 0 0 0 0 0 0 0 0 0 0 0 0 0 0 0 0 0 0 0 0 0 0 0 0 0 0 0 0 0 0 0 0 0 0 0 0 0 0 0 0 0 0 0 0 0 0 0 0 0 0 0 0 0 0 0 0 0 0 0 0 0 0 0 0 0 0 0 0 0 0 0 0 0 0 0 0 0 0 0 0 0 0 0 0 0 0 0 0 0 0 0 0 0 0 0 0 0 0 0 0 0 0 0 0 0 0 0 0 0 0 0 0 0 0 0 0 0 0 0 0 0 0 0 0 0 0 0 0 0 0 0 0 0 0 0 0 0 0 0 0 0 0 0 0 0 0 0 0 0 0 0 0 0 0 0 0 0 0 0 0 0 0 0 0 0 0 0 0 0 0 0 0 0 0 0 0 0 0 0 0 0 0 0 0 0 0 0 0 0 0 0 0 0 0 0 0 0 0 0 0 0 0 0 0 0 0 0 0 0 0 0 0 0 0 0 0 0 0 0 0 0 0 0 0 0 0 0 0 0 0 0 0 0 0 0 0 0 0 0 0 0 0 0 0 0 0 0 0 0 0 0 0 0 0 0 0 0 0 0 0 0 0 0 0 0 0 0 0 0 0 0 0 0 0 0 0 0 0 0 0 0 0 0 0 0 0 0 0 0 0 0 0 0 0 0 0 0 0 0 0 0 0 0 0 0 0 0 0 0 0 0 0 0 0 0 0 0 0 0 0 0 0 0 0 0 0 0 0 0 0 0 0 0 0 0 0 0 0 0 0 0 0 0 0 0 0 0 0 0 0 0 0 0 0 0 0 0 0 0 0 0 0 0 0 0 0 0 0 0 0 0 0 0 0 0 0 0 0 0 0 0 0 0
ctxt 5018443322
btime 1790630938
processes 574168
procs_running 1
procs_blocked 0
softirq 4568714243 73526 11318383 2753143 158039206 441542 0 13559785 49260747 421 38300194
--
cpu  3265740 1461 1586928 43199014 215918 0 777292 0 0 0
cpu0 119538 27 44350 1356158 3396 0 24524 0 0 0
cpu1 123339 32 45729 1355861 3913 0 24463 0 0 0
cpu2 124522 31 45862 1355478 3660 0 24603 0 0 0
cpu3 188386 30 64878 1257618 2639 0 39808 0 0 0
cpu4 189221 34 63744 1258819 3199 0 39866 0 0 0
cpu5 131376 32 47771 1345912 3847 0 25638 0 0 0
cpu6 131957 29 48065 1345354 3620 0 26400 0 0 0
cpu7 139811 27 51597 1331898 3211 0 29247 0 0 0
cpu8 40844 51 43045 1409855 7660 0 13312 0 0 0
cpu9 46705 57 46139 1387253 10267 0 14483 0 0 0
cpu10 44427 57 44557 1395261 8271 0 14312 0 0 0
cpu11 40669 53 40533 1414625 7175 0 12742 0 0 0
cpu12 79504 132 49774 1347395 12309 0 15637 0 0 0
cpu13 76179 64 50711 1346998 12958 0 15965 0 0 0
cpu14 40452 52 39913 1417938 6855 0 12464 0 0 0
cpu15 37647 54 36642 1431145 6858 0 11322 0 0 0
cpu16 160318 25 55916 1301610 4591 0 33118 0 0 0
cpu17 150069 25 54076 1313428 6067 0 31570 0 0 0
cpu18 144253 25 52968 1322561 4977 0 30828 0 0 0
cpu19 244149 25 77163 1180717 2748 0 49758 0 0 0
cpu20 217312 24 72413 1213458 4547 0 47425 0 0 0
cpu21 139128 28 51820 1328196 5918 0 30008 0 0 0
cpu22 131527 31 49970 1339611 5079 0 28243 0 0 0
cpu23 114563 30 44361 1368687 4596 0 23560 0 0 0
cpu24 43640 55 41321 1412989 8555 0 13430 0 0 0
cpu25 48780 58 46136 1389215 10546 0 15857 0 0 0
cpu26 46710 53 45031 1395338 9812 0 15416 0 0 0
cpu27 39463 41 40083 1405219 8558 0 21304 0 0 0
cpu28 73153 77 53468 1334265 12156 0 28366 0 0 0
cpu29 77102 114 55419 1323215 12706 0 28889 0 0 0
cpu30 38895 37 41596 1398812 7814 0 21281 0 0 0
cpu31 42087 39 41863 1414106 7391 0 13439 0 0 0
intr 3177592332 126 0 0 0 0 0 0 0 0 1 0 0 0 0 0 0 0 0 0 0 0 0 0 0 0 0 0 1 1 1 0 0 0 0 1 0 1 0 0 75045 0 0 0 0 0 0 0 0 411 0 0 0 0 0 0 0 0 87 0 0 0 0 0 0 0 0 0 0 0 0 0 0 0 422306 2 35049912 34990476 34908503 35047643 0 12897 7787 8585 7686 5946 7004 7958 8510 6483 27797 39025 29344 23515 35872 35549 23404 19826 9869 10390 9891 5362 8843 10894 10093 8611 25405 29983 27799 22958 31179 32725 20302 22082 0 0 0 0 617057 4349 1036 0 264 0 0 0 0 0 0 0 0 0 0 0 0 0 0 0 0 0 0 0 0 0 0 0 0 0 0 0 0 0 0 0 0 0 0 0 0 0 0 0 0 0 0 0 0 0 0 0 0 0 0 0 0 0 0 0 0 0 0 0 0 0 0 0 0 0 0 0 0 0 0 0 0 0 0 0 0 0 0 0 0 0 0 0 0 0 0 0 0 0 0 0 0 0 0 0 0 0 0 0 0 0 0 0 0 0 0 0 0 0 0 0 0 0 0 0 0 0 0 0 0 0 0 0 0 0 0 0 0 0 0 0 0 0 0 0 0 0 0 0 0 0 0 0 0 0 0 0 0 0 0 0 0 0 0 0 0 0 0 0 0 0 0 0 0 0 0 0 0 0 0 0 0 0 0 0 0 0 0 0 0 0 0 0 0 0 0 0 0 0 0 0 0 0 0 0 0 0 0 0 0 0 0 0 0 0 0 0 0 0 0 0 0 0 0 0 0 0 0 0 0 0 0 0 0 0 0 0 0 0 0 0 0 0 0 0 0 0 0 0 0 0 0 0 0 0 0 0 0 0 0 0 0 0 0 0 0 0 0 0 0 0 0 0 0 0 0 0 0 0 0 0 0 0 0 0 0 0 0 0 0 0 0 0 0 0 0 0 0 0 0 0 0 0 0 0 0 0 0 0 0 0 0 0 0 0 0 0 0 0 0 0 0 0 0 0 0 0 0 0 0 0 0 0 0 0 0 0 0 0 0 0 0 0 0 0 0 0 0 0 0 0 0 0 0 0 0 0 0 0 0 0 0 0 0 0 0 0 0 0 0 0 0 0 0 0 0 0 0 0 0 0 0 0 0 0 0 0 0 0 0 0 0 0 0 0 0 0 0 0 0 0 0 0 0 0 0 0 0 0 0 0 0 0 0 0 0 0 0 0 0 0 0 0 0 0 0 0 0 0 0 0 0 0 0 0 0 0 0 0 0 0 0 0 0 0 0 0 0 0 0 0 0 0 0 0 0 0 0 0 0 0 0 0 0 0 0 0 0 0 0 0 0 0 0 0 0 0 0 0 0 0 0 0 0 0 0 0 0 0 0 0 0 0 0 0 0 0 0 0 0 0 0 0 0 0 0 0 0 0 0 0 0 0 0 0 0 0 0 0 0 0 0 0 0 0 0 0 0 0 0 0 0 0 0 0 0 0 0 0 0 0 0 0 0 0 0 0 0 0 0 0 0 0 0 0 0 0 0 0 0 0 0 0 0 0 0 0 0 0 0 0 0 0 0 0 0 0 0 0 0 0 0 0 0 0 0 0 0 0 0 0 0 0 0 0 0 0 0 0 0 0 0 0 0 0 0 0 0 0 0 0 0 0 0 0 0 0 0 0 0 0 0 0 0 0 0 0 0 0 0 0 0 0 0 0 0 0 0 0 0 0 0 0 0 0 0 0 0 0 0 0 0 0 0 0 0 0 0 0 0 0 0 0 0 0 0 0 0 0 0 0 0 0 0 0 0 0 0 0 0 0 0 0 0 0 0 0 0 0 0 0 0 0 0 0 0 0 0 0 0 0 0 0 0 0 0 0 0 0 0 0 0 0 0 0 0 0 0 0 0 0 0 0 0 0 0 0 0 0 0 0 0 0 0 0 0 0 0 0 0 0 0 0 0 0 0 0 0 0 0 0 0 0 0 0 0 0 0 0 0 0 0 0 0 0 0 0 0 0 0 0 0 0 0 0 0 0 0 0 0 0 0 0 0 0 0 0 0 0 0 0 0 0 0 0 0 0 0 0 0 0 0 0 0 0 0 0 0 0 0 0 0 0 0 0 0 0 0 0 0 0 0 0 0 0 0 0 0 0 0 0 0 0 0 0 0 0 0 0 0 0 0 0 0 0 0 0 0 0 0 0 0 0 0 0 0 0 0 0 0 0 0 0 0 0 0 0 0 0 0 0 0 0 0 0 0 0 0 0 0 0 0 0 0 0 0 0 0 0 0 0 0 0 0 0 0 0 0 0 0 0 0 0 0 0 0 0 0 0 0 0 0 0 0 0 0 0 0 0 0 0 0 0 0 0 0 0 0 0 0 0 0 0 0 0 0 0 0 0 0 0 0 0 0 0 0 0 0 0 0 0 0 0 0 0 0 0 0 0 0 0 0 0 0 0 0 0 0 0 0 0 0 0 0 0 0 0 0 0 0 0 0 0 0 0 0 0 0 0 0 0 0 0 0 0 0 0 0 0 0 0 0 0 0 0 0 0 0 0 0 0 0 0 0 0 0 0 0 0 0 0 0 0 0 0 0 0 0 0 0 0 0 0 0 0 0 0 0 0 0 0 0 0 0 0 0 0 0 0 0 0 0 0 0 0 0 0 0 0 0 0 0 0 0 0 0 0 0 0 0 0 0 0 0 0 0 0 0 0 0 0 0 0 0 0 0 0 0 0 0 0 0 0 0 0 0 0 0 0 0 0 0 0 0 0 0 0 0 0 0 0 0
ctxt 5018607562
btime 1790630938
processes 574243
procs_running 1
procs_blocked 0
softirq 4568741042 73526 11325130 2753143 158047021 441682 0 13559785 49266766 421 38306272
