Running 10s test @ http://127.0.0.1:18500/json
  16 threads and 32 connections
  Thread Stats   Avg      Stdev     Max   +/- Stdev
    Latency     0.86ms  133.37us   2.29ms   89.14%
    Req/Sec     2.32k    78.65     2.49k    61.36%
  Latency Distribution
     50%  801.00us
     75%    0.91ms
     90%    1.01ms
     99%    1.45ms
  373308 requests in 10.10s, 55.54MB read
Requests/sec:  36961.26
Transfer/sec:      5.50MB
## server-stat
cpu  3306507 1497 1597506 44603466 217165 0 780939 0 0 0
cpu0 120229 27 44556 1400764 3399 0 24712 0 0 0
cpu1 123865 32 45921 1400903 3915 0 24534 0 0 0
cpu2 124920 32 46050 1400678 3661 0 24650 0 0 0
cpu3 194364 31 66048 1295596 2640 0 40460 0 0 0
cpu4 195913 35 65030 1295917 3200 0 40653 0 0 0
cpu5 131752 34 47963 1391126 3855 0 25675 0 0 0
cpu6 132285 31 48249 1390638 3621 0 26440 0 0 0
cpu7 140104 28 51774 1377244 3213 0 29280 0 0 0
cpu8 40940 53 43182 1455118 7694 0 13334 0 0 0
cpu9 46890 58 46295 1432102 10305 0 14513 0 0 0
cpu10 44558 59 44711 1440183 8312 0 14336 0 0 0
cpu11 40762 54 40671 1459762 7248 0 12761 0 0 0
cpu12 80537 133 50015 1391101 12414 0 15678 0 0 0
cpu13 77132 66 50978 1390666 13106 0 16017 0 0 0
cpu14 40572 54 40068 1462957 6969 0 12490 0 0 0
cpu15 37735 56 36784 1476392 6890 0 11344 0 0 0
cpu16 161049 26 56120 1346486 4593 0 33157 0 0 0
cpu17 150575 26 54268 1358536 6068 0 31606 0 0 0
cpu18 144672 25 53173 1367717 4995 0 30869 0 0 0
cpu19 254102 25 78841 1214282 2750 0 50426 0 0 0
cpu20 225796 24 73782 1249011 4547 0 47894 0 0 0
cpu21 139505 29 52031 1373403 5920 0 30045 0 0 0
cpu22 131877 32 50182 1384851 5082 0 28284 0 0 0
cpu23 114877 31 44563 1413985 4606 0 23590 0 0 0
cpu24 43776 57 41476 1458219 8589 0 13449 0 0 0
cpu25 48919 59 46292 1434404 10567 0 15881 0 0 0
cpu26 46830 54 45188 1440608 9816 0 15443 0 0 0
cpu27 39572 42 40234 1450611 8562 0 21325 0 0 0
cpu28 73603 77 53665 1378663 12533 0 28403 0 0 0
cpu29 77606 114 55625 1367735 12853 0 28926 0 0 0
cpu30 38991 39 41743 1444210 7828 0 21298 0 0 0
cpu31 42182 40 42014 1459582 7398 0 13454 0 0 0
intr 3201023723 126 0 0 0 0 0 0 0 0 1 0 0 0 0 0 0 0 0 0 0 0 0 0 0 0 0 0 1 1 1 0 0 0 0 1 0 1 0 0 75045 0 0 0 0 0 0 0 0 411 0 0 0 0 0 0 0 0 87 0 0 0 0 0 0 0 0 0 0 0 0 0 0 0 433854 2 35052345 34991011 34908919 35049005 0 13261 7838 8589 7689 5960 7064 8161 8549 6488 27818 39034 29391 23528 35905 35633 23579 19838 9886 10400 9892 5364 8844 10895 10145 8751 25448 30317 27811 22962 31190 32756 20304 22085 0 0 0 0 617089 4383 1036 0 264 0 0 0 0 0 0 0 0 0 0 0 0 0 0 0 0 0 0 0 0 0 0 0 0 0 0 0 0 0 0 0 0 0 0 0 0 0 0 0 0 0 0 0 0 0 0 0 0 0 0 0 0 0 0 0 0 0 0 0 0 0 0 0 0 0 0 0 0 0 0 0 0 0 0 0 0 0 0 0 0 0 0 0 0 0 0 0 0 0 0 0 0 0 0 0 0 0 0 0 0 0 0 0 0 0 0 0 0 0 0 0 0 0 0 0 0 0 0 0 0 0 0 0 0 0 0 0 0 0 0 0 0 0 0 0 0 0 0 0 0 0 0 0 0 0 0 0 0 0 0 0 0 0 0 0 0 0 0 0 0 0 0 0 0 0 0 0 0 0 0 0 0 0 0 0 0 0 0 0 0 0 0 0 0 0 0 0 0 0 0 0 0 0 0 0 0 0 0 0 0 0 0 0 0 0 0 0 0 0 0 0 0 0 0 0 0 0 0 0 0 0 0 0 0 0 0 0 0 0 0 0 0 0 0 0 0 0 0 0 0 0 0 0 0 0 0 0 0 0 0 0 0 0 0 0 0 0 0 0 0 0 0 0 0 0 0 0 0 0 0 0 0 0 0 0 0 0 0 0 0 0 0 0 0 0 0 0 0 0 0 0 0 0 0 0 0 0 0 0 0 0 0 0 0 0 0 0 0 0 0 0 0 0 0 0 0 0 0 0 0 0 0 0 0 0 0 0 0 0 0 0 0 0 0 0 0 0 0 0 0 0 0 0 0 0 0 0 0 0 0 0 0 0 0 0 0 0 0 0 0 0 0 0 0 0 0 0 0 0 0 0 0 0 0 0 0 0 0 0 0 0 0 0 0 0 0 0 0 0 0 0 0 0 0 0 0 0 0 0 0 0 0 0 0 0 0 0 0 0 0 0 0 0 0 0 0 0 0 0 0 0 0 0 0 0 0 0 0 0 0 0 0 0 0 0 0 0 0 0 0 0 0 0 0 0 0 0 0 0 0 0 0 0 0 0 0 0 0 0 0 0 0 0 0 0 0 0 0 0 0 0 0 0 0 0 0 0 0 0 0 0 0 0 0 0 0 0 0 0 0 0 0 0 0 0 0 0 0 0 0 0 0 0 0 0 0 0 0 0 0 0 0 0 0 0 0 0 0 0 0 0 0 0 0 0 0 0 0 0 0 0 0 0 0 0 0 0 0 0 0 0 0 0 0 0 0 0 0 0 0 0 0 0 0 0 0 0 0 0 0 0 0 0 0 0 0 0 0 0 0 0 0 0 0 0 0 0 0 0 0 0 0 0 0 0 0 0 0 0 0 0 0 0 0 0 0 0 0 0 0 0 0 0 0 0 0 0 0 0 0 0 0 0 0 0 0 0 0 0 0 0 0 0 0 0 0 0 0 0 0 0 0 0 0 0 0 0 0 0 0 0 0 0 0 0 0 0 0 0 0 0 0 0 0 0 0 0 0 0 0 0 0 0 0 0 0 0 0 0 0 0 0 0 0 0 0 0 0 0 0 0 0 0 0 0 0 0 0 0 0 0 0 0 0 0 0 0 0 0 0 0 0 0 0 0 0 0 0 0 0 0 0 0 0 0 0 0 0 0 0 0 0 0 0 0 0 0 0 0 0 0 0 0 0 0 0 0 0 0 0 0 0 0 0 0 0 0 0 0 0 0 0 0 0 0 0 0 0 0 0 0 0 0 0 0 0 0 0 0 0 0 0 0 0 0 0 0 0 0 0 0 0 0 0 0 0 0 0 0 0 0 0 0 0 0 0 0 0 0 0 0 0 0 0 0 0 0 0 0 0 0 0 0 0 0 0 0 0 0 0 0 0 0 0 0 0 0 0 0 0 0 0 0 0 0 0 0 0 0 0 0 0 0 0 0 0 0 0 0 0 0 0 0 0 0 0 0 0 0 0 0 0 0 0 0 0 0 0 0 0 0 0 0 0 0 0 0 0 0 0 0 0 0 0 0 0 0 0 0 0 0 0 0 0 0 0 0 0 0 0 0 0 0 0 0 0 0 0 0 0 0 0 0 0 0 0 0 0 0 0 0 0 0 0 0 0 0 0 0 0 0 0 0 0 0 0 0 0 0 0 0 0 0 0 0 0 0 0 0 0 0 0 0 0 0 0 0 0 0 0 0 0 0 0 0 0 0 0 0 0 0 0 0 0 0 0 0 0 0 0 0 0 0 0 0 0 0 0 0 0 0 0 0 0 0 0 0 0 0 0 0 0 0 0 0 0 0 0 0 0 0 0 0 0 0 0 0 0 0 0 0 0 0 0 0 0 0 0 0 0 0 0 0 0 0 0 0 0 0 0 0 0 0 0 0 0 0 0 0 0 0 0 0 0 0 0 0 0 0 0 0 0 0 0 0 0 0 0 0 0 0 0 0 0 0 0 0 0 0 0 0 0 0 0 0 0 0 0 0 0 0 0 0 0 0 0 0 0 0 0 0 0
ctxt 5059568566
btime 1790630938
processes 632297
procs_running 4
procs_blocked 0
softirq 4596683479 73526 11558730 2753147 183404115 453761 0 13559862 49900434 421 40012187
--
cpu  3308151 1498 1597725 44626361 217181 0 781070 0 0 0
cpu0 120378 27 44573 1401341 3399 0 24722 0 0 0
cpu1 123932 32 45938 1401571 3915 0 24548 0 0 0
cpu2 124966 32 46067 1401371 3661 0 24661 0 0 0
cpu3 194587 31 66062 1296124 2640 0 40466 0 0 0
cpu4 196110 35 65042 1296477 3200 0 40660 0 0 0
cpu5 131785 34 47978 1391839 3856 0 25684 0 0 0
cpu6 132312 31 48258 1391376 3621 0 26447 0 0 0
cpu7 140122 28 51782 1378000 3213 0 29284 0 0 0
cpu8 40940 53 43182 1455904 7695 0 13334 0 0 0
cpu9 46891 58 46296 1432864 10305 0 14514 0 0 0
cpu10 44559 59 44713 1440946 8312 0 14337 0 0 0
cpu11 40763 54 40672 1460540 7249 0 12761 0 0 0
cpu12 80551 133 50019 1391836 12414 0 15681 0 0 0
cpu13 77143 66 50984 1391406 13106 0 16021 0 0 0
cpu14 40574 54 40071 1463716 6969 0 12491 0 0 0
cpu15 37736 56 36785 1477161 6903 0 11344 0 0 0
cpu16 161112 26 56130 1347184 4593 0 33165 0 0 0
cpu17 150608 26 54280 1359264 6068 0 31613 0 0 0
cpu18 144693 25 53184 1368458 4995 0 30876 0 0 0
cpu19 254400 25 78853 1214730 2750 0 50433 0 0 0
cpu20 226153 24 73795 1249396 4547 0 47899 0 0 0
cpu21 139532 29 52043 1374140 5920 0 30053 0 0 0
cpu22 131894 32 50189 1385609 5082 0 28288 0 0 0
cpu23 114891 31 44571 1414748 4606 0 23594 0 0 0
cpu24 43776 57 41477 1459010 8589 0 13450 0 0 0
cpu25 48919 59 46292 1435192 10567 0 15881 0 0 0
cpu26 46831 54 45189 1441395 9816 0 15443 0 0 0
cpu27 39572 42 40234 1451408 8562 0 21325 0 0 0
cpu28 73604 77 53666 1379453 12533 0 28404 0 0 0
cpu29 77630 114 55628 1368502 12853 0 28926 0 0 0
cpu30 38992 39 41743 1445005 7828 0 21298 0 0 0
cpu31 42182 40 42014 1460378 7398 0 13454 0 0 0
intr 3202453539 126 0 0 0 0 0 0 0 0 1 0 0 0 0 0 0 0 0 0 0 0 0 0 0 0 0 0 1 1 1 0 0 0 0 1 0 1 0 0 75045 0 0 0 0 0 0 0 0 411 0 0 0 0 0 0 0 0 87 0 0 0 0 0 0 0 0 0 0 0 0 0 0 0 433994 2 35052356 34991023 34908929 35049012 0 13273 7838 8589 7689 5960 7064 8168 8549 6488 27819 39035 29391 23528 35911 35665 23579 19838 9886 10400 9892 5364 8844 10895 10146 8751 25450 30317 27811 22966 31190 32756 20304 22085 0 0 0 0 617089 4383 1036 0 264 0 0 0 0 0 0 0 0 0 0 0 0 0 0 0 0 0 0 0 0 0 0 0 0 0 0 0 0 0 0 0 0 0 0 0 0 0 0 0 0 0 0 0 0 0 0 0 0 0 0 0 0 0 0 0 0 0 0 0 0 0 0 0 0 0 0 0 0 0 0 0 0 0 0 0 0 0 0 0 0 0 0 0 0 0 0 0 0 0 0 0 0 0 0 0 0 0 0 0 0 0 0 0 0 0 0 0 0 0 0 0 0 0 0 0 0 0 0 0 0 0 0 0 0 0 0 0 0 0 0 0 0 0 0 0 0 0 0 0 0 0 0 0 0 0 0 0 0 0 0 0 0 0 0 0 0 0 0 0 0 0 0 0 0 0 0 0 0 0 0 0 0 0 0 0 0 0 0 0 0 0 0 0 0 0 0 0 0 0 0 0 0 0 0 0 0 0 0 0 0 0 0 0 0 0 0 0 0 0 0 0 0 0 0 0 0 0 0 0 0 0 0 0 0 0 0 0 0 0 0 0 0 0 0 0 0 0 0 0 0 0 0 0 0 0 0 0 0 0 0 0 0 0 0 0 0 0 0 0 0 0 0 0 0 0 0 0 0 0 0 0 0 0 0 0 0 0 0 0 0 0 0 0 0 0 0 0 0 0 0 0 0 0 0 0 0 0 0 0 0 0 0 0 0 0 0 0 0 0 0 0 0 0 0 0 0 0 0 0 0 0 0 0 0 0 0 0 0 0 0 0 0 0 0 0 0 0 0 0 0 0 0 0 0 0 0 0 0 0 0 0 0 0 0 0 0 0 0 0 0 0 0 0 0 0 0 0 0 0 0 0 0 0 0 0 0 0 0 0 0 0 0 0 0 0 0 0 0 0 0 0 0 0 0 0 0 0 0 0 0 0 0 0 0 0 0 0 0 0 0 0 0 0 0 0 0 0 0 0 0 0 0 0 0 0 0 0 0 0 0 0 0 0 0 0 0 0 0 0 0 0 0 0 0 0 0 0 0 0 0 0 0 0 0 0 0 0 0 0 0 0 0 0 0 0 0 0 0 0 0 0 0 0 0 0 0 0 0 0 0 0 0 0 0 0 0 0 0 0 0 0 0 0 0 0 0 0 0 0 0 0 0 0 0 0 0 0 0 0 0 0 0 0 0 0 0 0 0 0 0 0 0 0 0 0 0 0 0 0 0 0 0 0 0 0 0 0 0 0 0 0 0 0 0 0 0 0 0 0 0 0 0 0 0 0 0 0 0 0 0 0 0 0 0 0 0 0 0 0 0 0 0 0 0 0 0 0 0 0 0 0 0 0 0 0 0 0 0 0 0 0 0 0 0 0 0 0 0 0 0 0 0 0 0 0 0 0 0 0 0 0 0 0 0 0 0 0 0 0 0 0 0 0 0 0 0 0 0 0 0 0 0 0 0 0 0 0 0 0 0 0 0 0 0 0 0 0 0 0 0 0 0 0 0 0 0 0 0 0 0 0 0 0 0 0 0 0 0 0 0 0 0 0 0 0 0 0 0 0 0 0 0 0 0 0 0 0 0 0 0 0 0 0 0 0 0 0 0 0 0 0 0 0 0 0 0 0 0 0 0 0 0 0 0 0 0 0 0 0 0 0 0 0 0 0 0 0 0 0 0 0 0 0 0 0 0 0 0 0 0 0 0 0 0 0 0 0 0 0 0 0 0 0 0 0 0 0 0 0 0 0 0 0 0 0 0 0 0 0 0 0 0 0 0 0 0 0 0 0 0 0 0 0 0 0 0 0 0 0 0 0 0 0 0 0 0 0 0 0 0 0 0 0 0 0 0 0 0 0 0 0 0 0 0 0 0 0 0 0 0 0 0 0 0 0 0 0 0 0 0 0 0 0 0 0 0 0 0 0 0 0 0 0 0 0 0 0 0 0 0 0 0 0 0 0 0 0 0 0 0 0 0 0 0 0 0 0 0 0 0 0 0 0 0 0 0 0 0 0 0 0 0 0 0 0 0 0 0 0 0 0 0 0 0 0 0 0 0 0 0 0 0 0 0 0 0 0 0 0 0 0 0 0 0 0 0 0 0 0 0 0 0 0 0 0 0 0 0 0 0 0 0 0 0 0 0 0 0 0 0 0 0 0 0 0 0 0 0 0 0 0 0 0 0 0 0 0 0 0 0 0 0 0 0 0 0 0 0 0 0 0 0 0 0 0 0 0 0 0 0 0 0 0 0 0 0 0 0 0 0 0 0 0 0 0 0 0 0 0 0 0 0 0 0 0 0 0 0 0 0 0 0 0 0 0 0 0 0 0 0 0 0 0 0 0 0 0 0 0 0 0 0 0 0 0 0 0 0 0 0 0 0 0 0 0 0 0 0 0 0 0 0 0 0 0 0 0 0 0 0 0 0 0 0 0 0 0 0 0 0 0 0 0 0 0 0 0 0 0 0 0 0 0 0 0 0 0 0 0 0 0 0 0 0 0 0 0 0 0 0 0 0
ctxt 5062359880
btime 1790630938
processes 632370
procs_running 4
procs_blocked 0
softirq 4597909467 73526 11564721 2753147 184586399 453918 0 13559862 49926520 421 40023657
