Running 10s test @ http://127.0.0.1:18500/api/json
  16 threads and 128 connections
  Thread Stats   Avg      Stdev     Max   +/- Stdev
    Latency     6.94ms    1.97ms  29.10ms   70.52%
    Req/Sec     1.16k   289.76     9.23k    99.88%
  Latency Distribution
     50%    7.39ms
     75%    7.91ms
     90%    9.17ms
     99%   10.45ms
  184747 requests in 10.10s, 33.65MB read
Requests/sec:  18291.79
Transfer/sec:      3.33MB
## server-stat
cpu  3350418 1520 1605669 45483483 233710 0 781838 0 0 0
cpu0 121688 28 44792 1428383 3515 0 24796 0 0 0
cpu1 124495 32 46102 1429520 4066 0 24577 0 0 0
cpu2 125948 32 46287 1428888 3809 0 24692 0 0 0
cpu3 199100 31 66598 1319696 2826 0 40514 0 0 0
cpu4 200743 36 65576 1319967 3416 0 40710 0 0 0
cpu5 132881 34 48206 1419239 4015 0 25712 0 0 0
cpu6 133522 31 48497 1418603 3845 0 26479 0 0 0
cpu7 141425 29 52009 1405002 3588 0 29311 0 0 0
cpu8 41026 55 43296 1483894 8394 0 13338 0 0 0
cpu9 47005 60 46420 1460768 10988 0 14521 0 0 0
cpu10 44650 60 44829 1468695 9199 0 14344 0 0 0
cpu11 40841 56 40782 1488470 8024 0 12766 0 0 0
cpu12 81221 135 50206 1419025 13158 0 15694 0 0 0
cpu13 77786 67 51157 1418570 13902 0 16035 0 0 0
cpu14 40657 55 40193 1491657 7684 0 12496 0 0 0
cpu15 37793 57 36900 1505112 7695 0 11347 0 0 0
cpu16 163104 26 56435 1373613 4735 0 33203 0 0 0
cpu17 153035 26 54656 1385234 6168 0 31659 0 0 0
cpu18 146520 26 53494 1395008 5180 0 30915 0 0 0
cpu19 261899 25 79750 1235063 2844 0 50517 0 0 0
cpu20 233038 24 74640 1270456 4608 0 47977 0 0 0
cpu21 140999 29 52319 1400956 6235 0 30090 0 0 0
cpu22 132789 32 50400 1412938 5553 0 28312 0 0 0
cpu23 115396 31 44742 1442461 5129 0 23609 0 0 0
cpu24 43884 57 41610 1486853 9432 0 13452 0 0 0
cpu25 49035 59 46428 1463043 11388 0 15884 0 0 0
cpu26 46944 55 45323 1469238 10651 0 15445 0 0 0
cpu27 39668 43 40362 1479313 9367 0 21328 0 0 0
cpu28 74071 78 53834 1406646 13593 0 28412 0 0 0
cpu29 77912 115 55789 1395825 13975 0 28934 0 0 0
cpu30 39069 40 41874 1473002 8553 0 21300 0 0 0
cpu31 42264 42 42150 1488330 8161 0 13456 0 0 0
intr 3211362306 126 0 0 0 0 0 0 0 0 1 0 0 0 0 0 0 0 0 0 0 0 0 0 0 0 0 0 1 1 1 0 0 0 0 1 0 1 0 0 75045 0 0 0 0 0 0 0 0 411 0 0 0 0 0 0 0 0 87 0 0 0 0 0 0 0 0 0 0 0 0 0 0 0 443875 2 35053601 34992713 34909529 35050229 0 13503 8029 8959 8402 6221 7449 8565 9010 7003 28700 40028 30534 24823 36926 36972 24433 20634 10174 10554 10163 5487 9113 11382 10998 9515 26420 31583 28894 23898 32348 33963 21757 22825 0 0 0 0 617109 4405 1036 0 264 0 0 0 0 0 0 0 0 0 0 0 0 0 0 0 0 0 0 0 0 0 0 0 0 0 0 0 0 0 0 0 0 0 0 0 0 0 0 0 0 0 0 0 0 0 0 0 0 0 0 0 0 0 0 0 0 0 0 0 0 0 0 0 0 0 0 0 0 0 0 0 0 0 0 0 0 0 0 0 0 0 0 0 0 0 0 0 0 0 0 0 0 0 0 0 0 0 0 0 0 0 0 0 0 0 0 0 0 0 0 0 0 0 0 0 0 0 0 0 0 0 0 0 0 0 0 0 0 0 0 0 0 0 0 0 0 0 0 0 0 0 0 0 0 0 0 0 0 0 0 0 0 0 0 0 0 0 0 0 0 0 0 0 0 0 0 0 0 0 0 0 0 0 0 0 0 0 0 0 0 0 0 0 0 0 0 0 0 0 0 0 0 0 0 0 0 0 0 0 0 0 0 0 0 0 0 0 0 0 0 0 0 0 0 0 0 0 0 0 0 0 0 0 0 0 0 0 0 0 0 0 0 0 0 0 0 0 0 0 0 0 0 0 0 0 0 0 0 0 0 0 0 0 0 0 0 0 0 0 0 0 0 0 0 0 0 0 0 0 0 0 0 0 0 0 0 0 0 0 0 0 0 0 0 0 0 0 0 0 0 0 0 0 0 0 0 0 0 0 0 0 0 0 0 0 0 0 0 0 0 0 0 0 0 0 0 0 0 0 0 0 0 0 0 0 0 0 0 0 0 0 0 0 0 0 0 0 0 0 0 0 0 0 0 0 0 0 0 0 0 0 0 0 0 0 0 0 0 0 0 0 0 0 0 0 0 0 0 0 0 0 0 0 0 0 0 0 0 0 0 0 0 0 0 0 0 0 0 0 0 0 0 0 0 0 0 0 0 0 0 0 0 0 0 0 0 0 0 0 0 0 0 0 0 0 0 0 0 0 0 0 0 0 0 0 0 0 0 0 0 0 0 0 0 0 0 0 0 0 0 0 0 0 0 0 0 0 0 0 0 0 0 0 0 0 0 0 0 0 0 0 0 0 0 0 0 0 0 0 0 0 0 0 0 0 0 0 0 0 0 0 0 0 0 0 0 0 0 0 0 0 0 0 0 0 0 0 0 0 0 0 0 0 0 0 0 0 0 0 0 0 0 0 0 0 0 0 0 0 0 0 0 0 0 0 0 0 0 0 0 0 0 0 0 0 0 0 0 0 0 0 0 0 0 0 0 0 0 0 0 0 0 0 0 0 0 0 0 0 0 0 0 0 0 0 0 0 0 0 0 0 0 0 0 0 0 0 0 0 0 0 0 0 0 0 0 0 0 0 0 0 0 0 0 0 0 0 0 0 0 0 0 0 0 0 0 0 0 0 0 0 0 0 0 0 0 0 0 0 0 0 0 0 0 0 0 0 0 0 0 0 0 0 0 0 0 0 0 0 0 0 0 0 0 0 0 0 0 0 0 0 0 0 0 0 0 0 0 0 0 0 0 0 0 0 0 0 0 0 0 0 0 0 0 0 0 0 0 0 0 0 0 0 0 0 0 0 0 0 0 0 0 0 0 0 0 0 0 0 0 0 0 0 0 0 0 0 0 0 0 0 0 0 0 0 0 0 0 0 0 0 0 0 0 0 0 0 0 0 0 0 0 0 0 0 0 0 0 0 0 0 0 0 0 0 0 0 0 0 0 0 0 0 0 0 0 0 0 0 0 0 0 0 0 0 0 0 0 0 0 0 0 0 0 0 0 0 0 0 0 0 0 0 0 0 0 0 0 0 0 0 0 0 0 0 0 0 0 0 0 0 0 0 0 0 0 0 0 0 0 0 0 0 0 0 0 0 0 0 0 0 0 0 0 0 0 0 0 0 0 0 0 0 0 0 0 0 0 0 0 0 0 0 0 0 0 0 0 0 0 0 0 0 0 0 0 0 0 0 0 0 0 0 0 0 0 0 0 0 0 0 0 0 0 0 0 0 0 0 0 0 0 0 0 0 0 0 0 0 0 0 0 0 0 0 0 0 0 0 0 0 0 0 0 0 0 0 0 0 0 0 0 0 0 0 0 0 0 0 0 0 0 0 0 0 0 0 0 0 0 0 0 0 0 0 0 0 0 0 0 0 0 0 0 0 0 0 0 0 0 0 0 0 0 0 0 0 0 0 0 0 0 0 0 0 0 0 0 0 0 0 0 0 0 0 0 0 0 0 0 0 0 0 0 0 0 0 0 0 0 0 0 0 0 0 0 0 0 0 0 0 0 0 0 0 0 0 0 0 0 0 0 0 0 0 0 0 0 0 0 0 0 0 0 0 0 0 0 0 0 0 0 0 0 0 0 0 0 0 0 0 0 0 0 0 0 0 0 0 0 0 0 0 0 0 0 0 0 0 0 0 0 0 0 0 0 0 0 0 0 0 0 0 0 0 0 0 0 0 0 0 0 0 0 0 0 0 0 0 0 0 0 0 0 0 0 0 0 0 0 0 0
ctxt 5076082186
btime 1790630938
processes 688384
procs_running 11
procs_blocked 0
softirq 4602931910 73526 11747873 2753157 187982610 464181 0 13559934 50382172 421 41000740
--
cpu  3356250 1520 1606228 45502399 233741 0 781947 0 0 0
cpu0 121893 28 44813 1428941 3515 0 24800 0 0 0
cpu1 124592 32 46110 1430208 4066 0 24578 0 0 0
cpu2 125949 32 46287 1429687 3809 0 24692 0 0 0
cpu3 199165 31 66605 1320423 2826 0 40514 0 0 0
cpu4 200743 36 65576 1320767 3416 0 40710 0 0 0
cpu5 132942 34 48213 1419969 4015 0 25713 0 0 0
cpu6 133638 31 48507 1419259 3860 0 26481 0 0 0
cpu7 141689 29 52034 1405507 3588 0 29317 0 0 0
cpu8 41026 55 43297 1484691 8395 0 13338 0 0 0
cpu9 47006 60 46422 1461542 11000 0 14521 0 0 0
cpu10 44651 60 44830 1469485 9199 0 14344 0 0 0
cpu11 40841 56 40783 1489264 8024 0 12766 0 0 0
cpu12 81229 135 50208 1419795 13158 0 15694 0 0 0
cpu13 77789 67 51159 1419343 13902 0 16036 0 0 0
cpu14 40658 55 40194 1492444 7684 0 12496 0 0 0
cpu15 37794 57 36900 1505901 7695 0 11347 0 0 0
cpu16 163613 26 56487 1373843 4735 0 33211 0 0 0
cpu17 153655 26 54716 1385341 6168 0 31671 0 0 0
cpu18 147245 26 53557 1395008 5180 0 30928 0 0 0
cpu19 262553 25 79810 1235135 2844 0 50530 0 0 0
cpu20 233757 24 74710 1270456 4608 0 47988 0 0 0
cpu21 141656 29 52382 1401025 6235 0 30102 0 0 0
cpu22 133396 32 50454 1413066 5553 0 28323 0 0 0
cpu23 115849 31 44786 1442754 5129 0 23618 0 0 0
cpu24 43885 58 41611 1487646 9433 0 13453 0 0 0
cpu25 49038 59 46428 1463835 11388 0 15884 0 0 0
cpu26 46945 55 45323 1470033 10651 0 15445 0 0 0
cpu27 39669 43 40362 1480108 9367 0 21328 0 0 0
cpu28 74095 78 53836 1407406 13593 0 28412 0 0 0
cpu29 77937 115 55791 1396586 13975 0 28935 0 0 0
cpu30 39072 40 41874 1473793 8553 0 21300 0 0 0
cpu31 42265 42 42151 1489122 8161 0 13456 0 0 0
intr 3211695335 126 0 0 0 0 0 0 0 0 1 0 0 0 0 0 0 0 0 0 0 0 0 0 0 0 0 0 1 1 1 0 0 0 0 1 0 1 0 0 75045 0 0 0 0 0 0 0 0 411 0 0 0 0 0 0 0 0 87 0 0 0 0 0 0 0 0 0 0 0 0 0 0 0 444128 2 35053639 34992753 34909553 35050262 0 13511 8029 8959 8402 6221 7449 8565 9010 7003 28709 40810 30535 24823 37226 36973 24433 20634 10174 10554 10163 5487 9113 11382 10998 9515 26420 31583 28894 23898 32348 33964 21757 22827 0 0 0 0 617109 4405 1036 0 264 0 0 0 0 0 0 0 0 0 0 0 0 0 0 0 0 0 0 0 0 0 0 0 0 0 0 0 0 0 0 0 0 0 0 0 0 0 0 0 0 0 0 0 0 0 0 0 0 0 0 0 0 0 0 0 0 0 0 0 0 0 0 0 0 0 0 0 0 0 0 0 0 0 0 0 0 0 0 0 0 0 0 0 0 0 0 0 0 0 0 0 0 0 0 0 0 0 0 0 0 0 0 0 0 0 0 0 0 0 0 0 0 0 0 0 0 0 0 0 0 0 0 0 0 0 0 0 0 0 0 0 0 0 0 0 0 0 0 0 0 0 0 0 0 0 0 0 0 0 0 0 0 0 0 0 0 0 0 0 0 0 0 0 0 0 0 0 0 0 0 0 0 0 0 0 0 0 0 0 0 0 0 0 0 0 0 0 0 0 0 0 0 0 0 0 0 0 0 0 0 0 0 0 0 0 0 0 0 0 0 0 0 0 0 0 0 0 0 0 0 0 0 0 0 0 0 0 0 0 0 0 0 0 0 0 0 0 0 0 0 0 0 0 0 0 0 0 0 0 0 0 0 0 0 0 0 0 0 0 0 0 0 0 0 0 0 0 0 0 0 0 0 0 0 0 0 0 0 0 0 0 0 0 0 0 0 0 0 0 0 0 0 0 0 0 0 0 0 0 0 0 0 0 0 0 0 0 0 0 0 0 0 0 0 0 0 0 0 0 0 0 0 0 0 0 0 0 0 0 0 0 0 0 0 0 0 0 0 0 0 0 0 0 0 0 0 0 0 0 0 0 0 0 0 0 0 0 0 0 0 0 0 0 0 0 0 0 0 0 0 0 0 0 0 0 0 0 0 0 0 0 0 0 0 0 0 0 0 0 0 0 0 0 0 0 0 0 0 0 0 0 0 0 0 0 0 0 0 0 0 0 0 0 0 0 0 0 0 0 0 0 0 0 0 0 0 0 0 0 0 0 0 0 0 0 0 0 0 0 0 0 0 0 0 0 0 0 0 0 0 0 0 0 0 0 0 0 0 0 0 0 0 0 0 0 0 0 0 0 0 0 0 0 0 0 0 0 0 0 0 0 0 0 0 0 0 0 0 0 0 0 0 0 0 0 0 0 0 0 0 0 0 0 0 0 0 0 0 0 0 0 0 0 0 0 0 0 0 0 0 0 0 0 0 0 0 0 0 0 0 0 0 0 0 0 0 0 0 0 0 0 0 0 0 0 0 0 0 0 0 0 0 0 0 0 0 0 0 0 0 0 0 0 0 0 0 0 0 0 0 0 0 0 0 0 0 0 0 0 0 0 0 0 0 0 0 0 0 0 0 0 0 0 0 0 0 0 0 0 0 0 0 0 0 0 0 0 0 0 0 0 0 0 0 0 0 0 0 0 0 0 0 0 0 0 0 0 0 0 0 0 0 0 0 0 0 0 0 0 0 0 0 0 0 0 0 0 0 0 0 0 0 0 0 0 0 0 0 0 0 0 0 0 0 0 0 0 0 0 0 0 0 0 0 0 0 0 0 0 0 0 0 0 0 0 0 0 0 0 0 0 0 0 0 0 0 0 0 0 0 0 0 0 0 0 0 0 0 0 0 0 0 0 0 0 0 0 0 0 0 0 0 0 0 0 0 0 0 0 0 0 0 0 0 0 0 0 0 0 0 0 0 0 0 0 0 0 0 0 0 0 0 0 0 0 0 0 0 0 0 0 0 0 0 0 0 0 0 0 0 0 0 0 0 0 0 0 0 0 0 0 0 0 0 0 0 0 0 0 0 0 0 0 0 0 0 0 0 0 0 0 0 0 0 0 0 0 0 0 0 0 0 0 0 0 0 0 0 0 0 0 0 0 0 0 0 0 0 0 0 0 0 0 0 0 0 0 0 0 0 0 0 0 0 0 0 0 0 0 0 0 0 0 0 0 0 0 0 0 0 0 0 0 0 0 0 0 0 0 0 0 0 0 0 0 0 0 0 0 0 0 0 0 0 0 0 0 0 0 0 0 0 0 0 0 0 0 0 0 0 0 0 0 0 0 0 0 0 0 0 0 0 0 0 0 0 0 0 0 0 0 0 0 0 0 0 0 0 0 0 0 0 0 0 0 0 0 0 0 0 0 0 0 0 0 0 0 0 0 0 0 0 0 0 0 0 0 0 0 0 0 0 0 0 0 0 0 0 0 0 0 0 0 0 0 0 0 0 0 0 0 0 0 0 0 0 0 0 0 0 0 0 0 0 0 0 0 0 0 0 0 0 0 0 0 0 0 0 0 0 0 0 0 0 0 0 0 0 0 0 0 0 0 0 0 0 0 0 0 0 0 0 0 0 0 0 0 0 0 0 0 0 0 0 0 0 0 0 0 0 0 0 0 0 0 0 0 0 0 0 0 0 0 0 0 0 0 0 0 0 0 0 0 0 0 0 0 0 0 0 0 0 0 0 0 0 0 0 0 0 0 0 0 0 0 0 0 0 0 0 0 0
ctxt 5076508711
btime 1790630938
processes 688458
procs_running 11
procs_blocked 0
softirq 4603330327 73526 11753115 2753157 188275602 464444 0 13559934 50394252 421 41088580
