Running 10s test @ http://127.0.0.1:18500/json
  16 threads and 32 connections
  Thread Stats   Avg      Stdev     Max   +/- Stdev
    Latency   170.38us   41.08us   2.12ms   85.86%
    Req/Sec    11.76k   101.86    12.01k    70.30%
  Latency Distribution
     50%  155.00us
     75%  183.00us
     90%  219.00us
     99%  321.00us
  1890881 requests in 10.10s, 342.62MB read
Requests/sec: 187222.04
Transfer/sec:     33.92MB
## server-stat
cpu  3267634 1463 1587358 43277624 215988 0 777488 0 0 0
cpu0 119634 27 44372 1358564 3396 0 24536 0 0 0
cpu1 123423 32 45750 1358284 3914 0 24474 0 0 0
cpu2 124603 31 45884 1357907 3660 0 24614 0 0 0
cpu3 188492 30 64898 1260017 2639 0 39823 0 0 0
cpu4 189336 34 63763 1261209 3199 0 39877 0 0 0
cpu5 131451 32 47793 1348343 3847 0 25647 0 0 0
cpu6 132027 29 48089 1347789 3620 0 26408 0 0 0
cpu7 139881 27 51620 1334338 3212 0 29254 0 0 0
cpu8 40847 51 43049 1412380 7660 0 13315 0 0 0
cpu9 46710 57 46145 1389769 10268 0 14486 0 0 0
cpu10 44432 57 44563 1397765 8285 0 14315 0 0 0
cpu11 40671 53 40536 1417111 7215 0 12745 0 0 0
cpu12 79596 132 49785 1349814 12309 0 15642 0 0 0
cpu13 76228 64 50723 1349462 12959 0 15969 0 0 0
cpu14 40458 52 39916 1420466 6855 0 12467 0 0 0
cpu15 37652 54 36648 1433675 6858 0 11325 0 0 0
cpu16 160468 25 55936 1303982 4591 0 33125 0 0 0
cpu17 150175 25 54093 1315839 6067 0 31576 0 0 0
cpu18 144338 25 52988 1324985 4977 0 30837 0 0 0
cpu19 244379 25 77182 1183015 2748 0 49762 0 0 0
cpu20 217504 24 72429 1215788 4547 0 47433 0 0 0
cpu21 139206 28 51844 1330626 5919 0 30016 0 0 0
cpu22 131601 31 49993 1342043 5079 0 28252 0 0 0
cpu23 114633 30 44383 1371125 4596 0 23568 0 0 0
cpu24 43646 55 41325 1415513 8555 0 13433 0 0 0
cpu25 48785 58 46140 1391735 10547 0 15861 0 0 0
cpu26 46715 53 45035 1397859 9813 0 15420 0 0 0
cpu27 39465 41 40087 1407744 8558 0 21307 0 0 0
cpu28 73168 77 53474 1336766 12166 0 28371 0 0 0
cpu29 77112 114 55434 1325720 12707 0 28893 0 0 0
cpu30 38897 37 41601 1401340 7814 0 21283 0 0 0
cpu31 42089 39 41866 1416635 7391 0 13442 0 0 0
intr 3179689513 126 0 0 0 0 0 0 0 0 1 0 0 0 0 0 0 0 0 0 0 0 0 0 0 0 0 0 1 1 1 0 0 0 0 1 0 1 0 0 75045 0 0 0 0 0 0 0 0 411 0 0 0 0 0 0 0 0 87 0 0 0 0 0 0 0 0 0 0 0 0 0 0 0 422946 2 35050104 34990492 34908556 35047782 0 12917 7787 8585 7686 5946 7004 7958 8511 6485 27798 39025 29344 23515 35872 35554 23404 19826 9869 10393 9891 5363 8843 10895 10093 8624 25407 29983 27799 22958 31181 32725 20302 22082 0 0 0 0 617057 4349 1036 0 264 0 0 0 0 0 0 0 0 0 0 0 0 0 0 0 0 0 0 0 0 0 0 0 0 0 0 0 0 0 0 0 0 0 0 0 0 0 0 0 0 0 0 0 0 0 0 0 0 0 0 0 0 0 0 0 0 0 0 0 0 0 0 0 0 0 0 0 0 0 0 0 0 0 0 0 0 0 0 0 0 0 0 0 0 0 0 0 0 0 0 0 0 0 0 0 0 0 0 0 0 0 0 0 0 0 0 0 0 0 0 0 0 0 0 0 0 0 0 0 0 0 0 0 0 0 0 0 0 0 0 0 0 0 0 0 0 0 0 0 0 0 0 0 0 0 0 0 0 0 0 0 0 0 0 0 0 0 0 0 0 0 0 0 0 0 0 0 0 0 0 0 0 0 0 0 0 0 0 0 0 0 0 0 0 0 0 0 0 0 0 0 0 0 0 0 0 0 0 0 0 0 0 0 0 0 0 0 0 0 0 0 0 0 0 0 0 0 0 0 0 0 0 0 0 0 0 0 0 0 0 0 0 0 0 0 0 0 0 0 0 0 0 0 0 0 0 0 0 0 0 0 0 0 0 0 0 0 0 0 0 0 0 0 0 0 0 0 0 0 0 0 0 0 0 0 0 0 0 0 0 0 0 0 0 0 0 0 0 0 0 0 0 0 0 0 0 0 0 0 0 0 0 0 0 0 0 0 0 0 0 0 0 0 0 0 0 0 0 0 0 0 0 0 0 0 0 0 0 0 0 0 0 0 0 0 0 0 0 0 0 0 0 0 0 0 0 0 0 0 0 0 0 0 0 0 0 0 0 0 0 0 0 0 0 0 0 0 0 0 0 0 0 0 0 0 0 0 0 0 0 0 0 0 0 0 0 0 0 0 0 0 0 0 0 0 0 0 0 0 0 0 0 0 0 0 0 0 0 0 0 0 0 0 0 0 0 0 0 0 0 0 0 0 0 0 0 0 0 0 0 0 0 0 0 0 0 0 0 0 0 0 0 0 0 0 0 0 0 0 0 0 0 0 0 0 0 0 0 0 0 0 0 0 0 0 0 0 0 0 0 0 0 0 0 0 0 0 0 0 0 0 0 0 0 0 0 0 0 0 0 0 0 0 0 0 0 0 0 0 0 0 0 0 0 0 0 0 0 0 0 0 0 0 0 0 0 0 0 0 0 0 0 0 0 0 0 0 0 0 0 0 0 0 0 0 0 0 0 0 0 0 0 0 0 0 0 0 0 0 0 0 0 0 0 0 0 0 0 0 0 0 0 0 0 0 0 0 0 0 0 0 0 0 0 0 0 0 0 0 0 0 0 0 0 0 0 0 0 0 0 0 0 0 0 0 0 0 0 0 0 0 0 0 0 0 0 0 0 0 0 0 0 0 0 0 0 0 0 0 0 0 0 0 0 0 0 0 0 0 0 0 0 0 0 0 0 0 0 0 0 0 0 0 0 0 0 0 0 0 0 0 0 0 0 0 0 0 0 0 0 0 0 0 0 0 0 0 0 0 0 0 0 0 0 0 0 0 0 0 0 0 0 0 0 0 0 0 0 0 0 0 0 0 0 0 0 0 0 0 0 0 0 0 0 0 0 0 0 0 0 0 0 0 0 0 0 0 0 0 0 0 0 0 0 0 0 0 0 0 0 0 0 0 0 0 0 0 0 0 0 0 0 0 0 0 0 0 0 0 0 0 0 0 0 0 0 0 0 0 0 0 0 0 0 0 0 0 0 0 0 0 0 0 0 0 0 0 0 0 0 0 0 0 0 0 0 0 0 0 0 0 0 0 0 0 0 0 0 0 0 0 0 0 0 0 0 0 0 0 0 0 0 0 0 0 0 0 0 0 0 0 0 0 0 0 0 0 0 0 0 0 0 0 0 0 0 0 0 0 0 0 0 0 0 0 0 0 0 0 0 0 0 0 0 0 0 0 0 0 0 0 0 0 0 0 0 0 0 0 0 0 0 0 0 0 0 0 0 0 0 0 0 0 0 0 0 0 0 0 0 0 0 0 0 0 0 0 0 0 0 0 0 0 0 0 0 0 0 0 0 0 0 0 0 0 0 0 0 0 0 0 0 0 0 0 0 0 0 0 0 0 0 0 0 0 0 0 0 0 0 0 0 0 0 0 0 0 0 0 0 0 0 0 0 0 0 0 0 0 0 0 0 0 0 0 0 0 0 0 0 0 0 0 0 0 0 0 0 0 0 0 0 0 0 0 0 0 0 0 0 0 0 0 0 0 0 0 0 0 0 0 0 0 0 0 0 0 0 0 0 0 0 0 0 0 0 0 0 0 0 0 0 0 0 0 0 0 0 0 0 0 0 0 0 0 0 0 0 0 0 0 0 0 0 0 0 0 0 0 0 0 0 0 0 0 0 0 0 0 0 0 0 0 0 0 0 0 0 0 0 0 0 0 0 0 0 0 0 0 0 0 0 0 0 0 0 0 0 0 0 0 0 0 0 0 0 0 0 0 0 0 0
ctxt 5022323581
btime 1790630938
processes 574795
procs_running 6
procs_blocked 0
softirq 4570374647 73526 11336331 2753144 159597537 442351 0 13559785 49303037 421 38341219
--
cpu  3270955 1464 1588105 43297047 216017 0 777865 0 0 0
cpu0 119809 27 44409 1359072 3396 0 24559 0 0 0
cpu1 123597 32 45788 1358809 3914 0 24493 0 0 0
cpu2 124754 31 45928 1358443 3660 0 24631 0 0 0
cpu3 188707 30 64932 1260497 2639 0 39850 0 0 0
cpu4 189564 34 63800 1261681 3199 0 39902 0 0 0
cpu5 131593 32 47835 1348892 3847 0 25661 0 0 0
cpu6 132170 29 48129 1348336 3620 0 26428 0 0 0
cpu7 140012 27 51664 1334895 3212 0 29271 0 0 0
cpu8 40848 51 43054 1413107 7660 0 13321 0 0 0
cpu9 46713 57 46153 1390489 10268 0 14492 0 0 0
cpu10 44436 57 44570 1398485 8285 0 14319 0 0 0
cpu11 40672 53 40541 1417841 7215 0 12748 0 0 0
cpu12 79604 132 49795 1350526 12310 0 15648 0 0 0
cpu13 76238 64 50735 1350151 12980 0 15976 0 0 0
cpu14 40460 52 39921 1421194 6860 0 12472 0 0 0
cpu15 37654 54 36653 1434411 6858 0 11330 0 0 0
cpu16 160722 25 55973 1304430 4591 0 33141 0 0 0
cpu17 150380 25 54133 1316331 6067 0 31593 0 0 0
cpu18 144505 25 53029 1325513 4977 0 30856 0 0 0
cpu19 244810 25 77213 1183311 2748 0 49775 0 0 0
cpu20 217891 24 72464 1216122 4547 0 47445 0 0 0
cpu21 139361 28 51888 1331157 5919 0 30033 0 0 0
cpu22 131749 31 50034 1342583 5079 0 28271 0 0 0
cpu23 114775 30 44429 1371676 4596 0 23582 0 0 0
cpu24 43648 55 41331 1416241 8555 0 13438 0 0 0
cpu25 48789 58 46146 1392453 10547 0 15867 0 0 0
cpu26 46716 53 45042 1398578 9813 0 15425 0 0 0
cpu27 39467 41 40093 1408471 8559 0 21313 0 0 0
cpu28 73184 77 53485 1337472 12167 0 28379 0 0 0
cpu29 77121 114 55445 1326428 12707 0 28900 0 0 0
cpu30 38900 37 41607 1402069 7814 0 21288 0 0 0
cpu31 42092 39 41873 1417367 7391 0 13446 0 0 0
intr 3183162701 126 0 0 0 0 0 0 0 0 1 0 0 0 0 0 0 0 0 0 0 0 0 0 0 0 0 0 1 1 1 0 0 0 0 1 0 1 0 0 75045 0 0 0 0 0 0 0 0 411 0 0 0 0 0 0 0 0 87 0 0 0 0 0 0 0 0 0 0 0 0 0 0 0 423215 2 35050157 34990500 34908571 35047826 0 12925 7787 8585 7686 5946 7004 7958 8511 6485 27798 39027 29348 23515 35872 35554 23404 19826 9869 10397 9891 5363 8843 10895 10093 8626 25407 29984 27799 22959 31182 32725 20302 22082 0 0 0 0 617061 4349 1036 0 264 0 0 0 0 0 0 0 0 0 0 0 0 0 0 0 0 0 0 0 0 0 0 0 0 0 0 0 0 0 0 0 0 0 0 0 0 0 0 0 0 0 0 0 0 0 0 0 0 0 0 0 0 0 0 0 0 0 0 0 0 0 0 0 0 0 0 0 0 0 0 0 0 0 0 0 0 0 0 0 0 0 0 0 0 0 0 0 0 0 0 0 0 0 0 0 0 0 0 0 0 0 0 0 0 0 0 0 0 0 0 0 0 0 0 0 0 0 0 0 0 0 0 0 0 0 0 0 0 0 0 0 0 0 0 0 0 0 0 0 0 0 0 0 0 0 0 0 0 0 0 0 0 0 0 0 0 0 0 0 0 0 0 0 0 0 0 0 0 0 0 0 0 0 0 0 0 0 0 0 0 0 0 0 0 0 0 0 0 0 0 0 0 0 0 0 0 0 0 0 0 0 0 0 0 0 0 0 0 0 0 0 0 0 0 0 0 0 0 0 0 0 0 0 0 0 0 0 0 0 0 0 0 0 0 0 0 0 0 0 0 0 0 0 0 0 0 0 0 0 0 0 0 0 0 0 0 0 0 0 0 0 0 0 0 0 0 0 0 0 0 0 0 0 0 0 0 0 0 0 0 0 0 0 0 0 0 0 0 0 0 0 0 0 0 0 0 0 0 0 0 0 0 0 0 0 0 0 0 0 0 0 0 0 0 0 0 0 0 0 0 0 0 0 0 0 0 0 0 0 0 0 0 0 0 0 0 0 0 0 0 0 0 0 0 0 0 0 0 0 0 0 0 0 0 0 0 0 0 0 0 0 0 0 0 0 0 0 0 0 0 0 0 0 0 0 0 0 0 0 0 0 0 0 0 0 0 0 0 0 0 0 0 0 0 0 0 0 0 0 0 0 0 0 0 0 0 0 0 0 0 0 0 0 0 0 0 0 0 0 0 0 0 0 0 0 0 0 0 0 0 0 0 0 0 0 0 0 0 0 0 0 0 0 0 0 0 0 0 0 0 0 0 0 0 0 0 0 0 0 0 0 0 0 0 0 0 0 0 0 0 0 0 0 0 0 0 0 0 0 0 0 0 0 0 0 0 0 0 0 0 0 0 0 0 0 0 0 0 0 0 0 0 0 0 0 0 0 0 0 0 0 0 0 0 0 0 0 0 0 0 0 0 0 0 0 0 0 0 0 0 0 0 0 0 0 0 0 0 0 0 0 0 0 0 0 0 0 0 0 0 0 0 0 0 0 0 0 0 0 0 0 0 0 0 0 0 0 0 0 0 0 0 0 0 0 0 0 0 0 0 0 0 0 0 0 0 0 0 0 0 0 0 0 0 0 0 0 0 0 0 0 0 0 0 0 0 0 0 0 0 0 0 0 0 0 0 0 0 0 0 0 0 0 0 0 0 0 0 0 0 0 0 0 0 0 0 0 0 0 0 0 0 0 0 0 0 0 0 0 0 0 0 0 0 0 0 0 0 0 0 0 0 0 0 0 0 0 0 0 0 0 0 0 0 0 0 0 0 0 0 0 0 0 0 0 0 0 0 0 0 0 0 0 0 0 0 0 0 0 0 0 0 0 0 0 0 0 0 0 0 0 0 0 0 0 0 0 0 0 0 0 0 0 0 0 0 0 0 0 0 0 0 0 0 0 0 0 0 0 0 0 0 0 0 0 0 0 0 0 0 0 0 0 0 0 0 0 0 0 0 0 0 0 0 0 0 0 0 0 0 0 0 0 0 0 0 0 0 0 0 0 0 0 0 0 0 0 0 0 0 0 0 0 0 0 0 0 0 0 0 0 0 0 0 0 0 0 0 0 0 0 0 0 0 0 0 0 0 0 0 0 0 0 0 0 0 0 0 0 0 0 0 0 0 0 0 0 0 0 0 0 0 0 0 0 0 0 0 0 0 0 0 0 0 0 0 0 0 0 0 0 0 0 0 0 0 0 0 0 0 0 0 0 0 0 0 0 0 0 0 0 0 0 0 0 0 0 0 0 0 0 0 0 0 0 0 0 0 0 0 0 0 0 0 0 0 0 0 0 0 0 0 0 0 0 0 0 0 0 0 0 0 0 0 0 0 0 0 0 0 0 0 0 0 0 0 0 0 0 0 0 0 0 0 0 0 0 0 0 0 0 0 0 0 0 0 0 0 0 0 0 0 0 0 0 0 0 0 0 0 0 0 0 0 0 0 0 0 0 0 0 0 0 0 0 0 0 0 0 0 0 0 0 0 0 0 0 0 0 0 0 0 0 0 0 0 0 0 0 0 0 0 0 0 0 0 0 0 0 0 0 0 0 0 0 0 0 0 0 0 0 0 0 0 0 0 0 0 0 0 0 0 0 0 0 0 0 0 0 0 0 0 0 0 0 0 0 0 0 0 0 0 0 0 0 0 0 0 0 0 0 0 0 0 0 0 0 0 0 0 0 0 0 0 0 0 0 0 0 0 0 0 0 0 0 0 0 0 0 0 0 0
ctxt 5028760526
btime 1790630938
processes 574864
procs_running 16
procs_blocked 0
softirq 4573440286 73526 11339781 2753144 162593020 442626 0 13559785 49338561 421 38372126
