Running 10s test @ http://127.0.0.1:18500/api/usleep?ms=10
  16 threads and 1000 connections
  Thread Stats   Avg      Stdev     Max   +/- Stdev
    Latency     1.39s   241.97ms   2.51s    90.08%
    Req/Sec    73.88     49.66   420.00     64.68%
  Latency Distribution
     50%    1.31s 
     75%    1.31s 
     90%    1.63s 
     99%    2.43s 
  6653 requests in 10.01s, 1.30MB read
Requests/sec:    664.52
Transfer/sec:    133.03KB
## server-stat
cpu  3383988 1528 1610296 45726076 263437 0 782410 0 0 0
cpu0 123177 28 44968 1436140 3708 0 24850 0 0 0
cpu1 125884 32 46283 1437383 4293 0 24619 0 0 0
cpu2 127520 32 46486 1436547 4062 0 24722 0 0 0
cpu3 200675 32 66782 1327264 3153 0 40544 0 0 0
cpu4 202169 36 65740 1327771 3699 0 40733 0 0 0
cpu5 134630 34 48430 1426679 4309 0 25738 0 0 0
cpu6 134937 31 48681 1426327 4240 0 26509 0 0 0
cpu7 142430 29 52145 1412966 4172 0 29345 0 0 0
cpu8 41062 55 43357 1492119 9800 0 13341 0 0 0
cpu9 47054 61 46485 1468749 12592 0 14526 0 0 0
cpu10 44688 61 44891 1476736 10770 0 14347 0 0 0
cpu11 40872 56 40836 1496544 9589 0 12768 0 0 0
cpu12 81410 136 50290 1427046 14543 0 15700 0 0 0
cpu13 77972 67 51240 1426551 15315 0 16045 0 0 0
cpu14 40691 56 40261 1499867 9084 0 12499 0 0 0
cpu15 37820 57 36956 1513281 9169 0 11350 0 0 0
cpu16 166151 26 56737 1379859 4868 0 33229 0 0 0
cpu17 156116 26 54948 1391412 6343 0 31686 0 0 0
cpu18 149162 26 53745 1401561 5452 0 30945 0 0 0
cpu19 265404 25 80084 1240841 2927 0 50553 0 0 0
cpu20 236450 25 74963 1276317 4731 0 48007 0 0 0
cpu21 143115 29 52532 1407963 6618 0 30119 0 0 0
cpu22 134447 32 50583 1420173 6180 0 28347 0 0 0
cpu23 116683 31 44905 1450001 5833 0 23640 0 0 0
cpu24 43930 58 41677 1494856 11052 0 13455 0 0 0
cpu25 49090 60 46499 1471019 13002 0 15886 0 0 0
cpu26 46995 55 45396 1477185 12303 0 15448 0 0 0
cpu27 39709 44 40435 1487270 11033 0 21328 0 0 0
cpu28 74251 78 53918 1414441 15229 0 28418 0 0 0
cpu29 78071 115 55872 1403670 15581 0 28942 0 0 0
cpu30 39102 40 41939 1481127 10054 0 21302 0 0 0
cpu31 42305 42 42220 1496397 9716 0 13457 0 0 0
intr 3216929207 126 0 0 0 0 0 0 0 0 1 0 0 0 0 0 0 0 0 0 0 0 0 0 0 0 0 0 1 1 1 0 0 0 0 1 0 1 0 0 75045 0 0 0 0 0 0 0 0 411 0 0 0 0 0 0 0 0 87 0 0 0 0 0 0 0 0 0 0 0 0 0 0 0 449483 2 35054237 34993301 34909822 35050602 0 13583 8351 9299 8800 6592 7842 9062 10587 7757 30560 42783 32356 26710 39325 38994 25915 22187 10377 10791 10501 5710 9315 11828 11699 10722 28235 33728 31083 25688 34717 36415 23283 24506 0 0 0 0 617113 4412 1036 0 264 0 0 0 0 0 0 0 0 0 0 0 0 0 0 0 0 0 0 0 0 0 0 0 0 0 0 0 0 0 0 0 0 0 0 0 0 0 0 0 0 0 0 0 0 0 0 0 0 0 0 0 0 0 0 0 0 0 0 0 0 0 0 0 0 0 0 0 0 0 0 0 0 0 0 0 0 0 0 0 0 0 0 0 0 0 0 0 0 0 0 0 0 0 0 0 0 0 0 0 0 0 0 0 0 0 0 0 0 0 0 0 0 0 0 0 0 0 0 0 0 0 0 0 0 0 0 0 0 0 0 0 0 0 0 0 0 0 0 0 0 0 0 0 0 0 0 0 0 0 0 0 0 0 0 0 0 0 0 0 0 0 0 0 0 0 0 0 0 0 0 0 0 0 0 0 0 0 0 0 0 0 0 0 0 0 0 0 0 0 0 0 0 0 0 0 0 0 0 0 0 0 0 0 0 0 0 0 0 0 0 0 0 0 0 0 0 0 0 0 0 0 0 0 0 0 0 0 0 0 0 0 0 0 0 0 0 0 0 0 0 0 0 0 0 0 0 0 0 0 0 0 0 0 0 0 0 0 0 0 0 0 0 0 0 0 0 0 0 0 0 0 0 0 0 0 0 0 0 0 0 0 0 0 0 0 0 0 0 0 0 0 0 0 0 0 0 0 0 0 0 0 0 0 0 0 0 0 0 0 0 0 0 0 0 0 0 0 0 0 0 0 0 0 0 0 0 0 0 0 0 0 0 0 0 0 0 0 0 0 0 0 0 0 0 0 0 0 0 0 0 0 0 0 0 0 0 0 0 0 0 0 0 0 0 0 0 0 0 0 0 0 0 0 0 0 0 0 0 0 0 0 0 0 0 0 0 0 0 0 0 0 0 0 0 0 0 0 0 0 0 0 0 0 0 0 0 0 0 0 0 0 0 0 0 0 0 0 0 0 0 0 0 0 0 0 0 0 0 0 0 0 0 0 0 0 0 0 0 0 0 0 0 0 0 0 0 0 0 0 0 0 0 0 0 0 0 0 0 0 0 0 0 0 0 0 0 0 0 0 0 0 0 0 0 0 0 0 0 0 0 0 0 0 0 0 0 0 0 0 0 0 0 0 0 0 0 0 0 0 0 0 0 0 0 0 0 0 0 0 0 0 0 0 0 0 0 0 0 0 0 0 0 0 0 0 0 0 0 0 0 0 0 0 0 0 0 0 0 0 0 0 0 0 0 0 0 0 0 0 0 0 0 0 0 0 0 0 0 0 0 0 0 0 0 0 0 0 0 0 0 0 0 0 0 0 0 0 0 0 0 0 0 0 0 0 0 0 0 0 0 0 0 0 0 0 0 0 0 0 0 0 0 0 0 0 0 0 0 0 0 0 0 0 0 0 0 0 0 0 0 0 0 0 0 0 0 0 0 0 0 0 0 0 0 0 0 0 0 0 0 0 0 0 0 0 0 0 0 0 0 0 0 0 0 0 0 0 0 0 0 0 0 0 0 0 0 0 0 0 0 0 0 0 0 0 0 0 0 0 0 0 0 0 0 0 0 0 0 0 0 0 0 0 0 0 0 0 0 0 0 0 0 0 0 0 0 0 0 0 0 0 0 0 0 0 0 0 0 0 0 0 0 0 0 0 0 0 0 0 0 0 0 0 0 0 0 0 0 0 0 0 0 0 0 0 0 0 0 0 0 0 0 0 0 0 0 0 0 0 0 0 0 0 0 0 0 0 0 0 0 0 0 0 0 0 0 0 0 0 0 0 0 0 0 0 0 0 0 0 0 0 0 0 0 0 0 0 0 0 0 0 0 0 0 0 0 0 0 0 0 0 0 0 0 0 0 0 0 0 0 0 0 0 0 0 0 0 0 0 0 0 0 0 0 0 0 0 0 0 0 0 0 0 0 0 0 0 0 0 0 0 0 0 0 0 0 0 0 0 0 0 0 0 0 0 0 0 0 0 0 0 0 0 0 0 0 0 0 0 0 0 0 0 0 0 0 0 0 0 0 0 0 0 0 0 0 0 0 0 0 0 0 0 0 0 0 0 0 0 0 0 0 0 0 0 0 0 0 0 0 0 0 0 0 0 0 0 0 0 0 0 0 0 0 0 0 0 0 0 0 0 0 0 0 0 0 0 0 0 0 0 0 0 0 0 0 0 0 0 0 0 0 0 0 0 0 0 0 0 0 0 0 0 0 0 0 0 0 0 0 0 0 0 0 0 0 0 0 0 0 0 0 0 0 0 0 0 0 0 0 0 0 0 0 0 0 0 0 0 0 0 0 0 0 0 0 0 0 0 0 0 0 0 0 0 0 0 0 0 0 0 0 0 0 0 0 0 0 0 0 0 0 0 0 0 0 0 0 0 0 0 0 0 0 0 0 0 0 0 0 0 0 0 0 0 0 0 0 0 0 0 0 0 0 0 0 0 0 0 0 0 0 0 0 0 0 0 0 0 0 0 0 0 0 0 0 0 0 0 0 0 0
ctxt 5084759666
btime 1790630938
processes 710238
procs_running 5
procs_blocked 0
softirq 4605796795 73526 11914814 2753158 189846691 469922 0 13559950 50676534 421 41534483
--
cpu  3384377 1528 1610320 45751162 263470 0 782419 0 0 0
cpu0 123211 28 44969 1436900 3708 0 24850 0 0 0
cpu1 125918 32 46284 1438145 4293 0 24620 0 0 0
cpu2 127550 32 46487 1437315 4062 0 24722 0 0 0
cpu3 200714 32 66783 1328021 3153 0 40544 0 0 0
cpu4 202207 36 65741 1328527 3700 0 40733 0 0 0
cpu5 134659 34 48432 1427450 4309 0 25738 0 0 0
cpu6 134958 31 48681 1427106 4240 0 26509 0 0 0
cpu7 142440 29 52146 1413753 4172 0 29345 0 0 0
cpu8 41063 55 43357 1492915 9800 0 13341 0 0 0
cpu9 47054 61 46485 1469545 12592 0 14526 0 0 0
cpu10 44691 61 44892 1477526 10776 0 14347 0 0 0
cpu11 40872 56 40837 1497316 9614 0 12768 0 0 0
cpu12 81412 136 50291 1427840 14544 0 15700 0 0 0
cpu13 77997 67 51242 1427320 15315 0 16045 0 0 0
cpu14 40692 56 40261 1500664 9084 0 12499 0 0 0
cpu15 37821 57 36956 1514078 9169 0 11350 0 0 0
cpu16 166168 26 56737 1380639 4868 0 33230 0 0 0
cpu17 156128 26 54949 1392197 6343 0 31686 0 0 0
cpu18 149171 26 53746 1402349 5452 0 30945 0 0 0
cpu19 265431 25 80085 1241612 2927 0 50553 0 0 0
cpu20 236468 25 74964 1277095 4731 0 48007 0 0 0
cpu21 143123 29 52533 1408752 6618 0 30120 0 0 0
cpu22 134452 32 50583 1420965 6180 0 28347 0 0 0
cpu23 116686 31 44906 1450795 5833 0 23641 0 0 0
cpu24 43931 58 41677 1495655 11052 0 13455 0 0 0
cpu25 49091 60 46499 1471814 13002 0 15887 0 0 0
cpu26 46995 55 45396 1477983 12303 0 15448 0 0 0
cpu27 39709 44 40435 1488068 11033 0 21328 0 0 0
cpu28 74269 78 53919 1415220 15229 0 28418 0 0 0
cpu29 78072 115 55873 1404466 15581 0 28942 0 0 0
cpu30 39102 40 41939 1481923 10055 0 21302 0 0 0
cpu31 42307 42 42221 1497194 9716 0 13457 0 0 0
intr 3217075693 126 0 0 0 0 0 0 0 0 1 0 0 0 0 0 0 0 0 0 0 0 0 0 0 0 0 0 1 1 1 0 0 0 0 1 0 1 0 0 75045 0 0 0 0 0 0 0 0 411 0 0 0 0 0 0 0 0 87 0 0 0 0 0 0 0 0 0 0 0 0 0 0 0 449730 2 35054267 34993335 34909844 35050630 0 13587 8351 9299 8800 6592 7843 9062 10587 7757 30563 42783 32356 26712 39330 38994 25915 22187 10377 10791 10501 5710 9315 11828 11699 10722 28235 33728 31083 25688 34717 36415 23283 24508 0 0 0 0 617113 4412 1036 0 264 0 0 0 0 0 0 0 0 0 0 0 0 0 0 0 0 0 0 0 0 0 0 0 0 0 0 0 0 0 0 0 0 0 0 0 0 0 0 0 0 0 0 0 0 0 0 0 0 0 0 0 0 0 0 0 0 0 0 0 0 0 0 0 0 0 0 0 0 0 0 0 0 0 0 0 0 0 0 0 0 0 0 0 0 0 0 0 0 0 0 0 0 0 0 0 0 0 0 0 0 0 0 0 0 0 0 0 0 0 0 0 0 0 0 0 0 0 0 0 0 0 0 0 0 0 0 0 0 0 0 0 0 0 0 0 0 0 0 0 0 0 0 0 0 0 0 0 0 0 0 0 0 0 0 0 0 0 0 0 0 0 0 0 0 0 0 0 0 0 0 0 0 0 0 0 0 0 0 0 0 0 0 0 0 0 0 0 0 0 0 0 0 0 0 0 0 0 0 0 0 0 0 0 0 0 0 0 0 0 0 0 0 0 0 0 0 0 0 0 0 0 0 0 0 0 0 0 0 0 0 0 0 0 0 0 0 0 0 0 0 0 0 0 0 0 0 0 0 0 0 0 0 0 0 0 0 0 0 0 0 0 0 0 0 0 0 0 0 0 0 0 0 0 0 0 0 0 0 0 0 0 0 0 0 0 0 0 0 0 0 0 0 0 0 0 0 0 0 0 0 0 0 0 0 0 0 0 0 0 0 0 0 0 0 0 0 0 0 0 0 0 0 0 0 0 0 0 0 0 0 0 0 0 0 0 0 0 0 0 0 0 0 0 0 0 0 0 0 0 0 0 0 0 0 0 0 0 0 0 0 0 0 0 0 0 0 0 0 0 0 0 0 0 0 0 0 0 0 0 0 0 0 0 0 0 0 0 0 0 0 0 0 0 0 0 0 0 0 0 0 0 0 0 0 0 0 0 0 0 0 0 0 0 0 0 0 0 0 0 0 0 0 0 0 0 0 0 0 0 0 0 0 0 0 0 0 0 0 0 0 0 0 0 0 0 0 0 0 0 0 0 0 0 0 0 0 0 0 0 0 0 0 0 0 0 0 0 0 0 0 0 0 0 0 0 0 0 0 0 0 0 0 0 0 0 0 0 0 0 0 0 0 0 0 0 0 0 0 0 0 0 0 0 0 0 0 0 0 0 0 0 0 0 0 0 0 0 0 0 0 0 0 0 0 0 0 0 0 0 0 0 0 0 0 0 0 0 0 0 0 0 0 0 0 0 0 0 0 0 0 0 0 0 0 0 0 0 0 0 0 0 0 0 0 0 0 0 0 0 0 0 0 0 0 0 0 0 0 0 0 0 0 0 0 0 0 0 0 0 0 0 0 0 0 0 0 0 0 0 0 0 0 0 0 0 0 0 0 0 0 0 0 0 0 0 0 0 0 0 0 0 0 0 0 0 0 0 0 0 0 0 0 0 0 0 0 0 0 0 0 0 0 0 0 0 0 0 0 0 0 0 0 0 0 0 0 0 0 0 0 0 0 0 0 0 0 0 0 0 0 0 0 0 0 0 0 0 0 0 0 0 0 0 0 0 0 0 0 0 0 0 0 0 0 0 0 0 0 0 0 0 0 0 0 0 0 0 0 0 0 0 0 0 0 0 0 0 0 0 0 0 0 0 0 0 0 0 0 0 0 0 0 0 0 0 0 0 0 0 0 0 0 0 0 0 0 0 0 0 0 0 0 0 0 0 0 0 0 0 0 0 0 0 0 0 0 0 0 0 0 0 0 0 0 0 0 0 0 0 0 0 0 0 0 0 0 0 0 0 0 0 0 0 0 0 0 0 0 0 0 0 0 0 0 0 0 0 0 0 0 0 0 0 0 0 0 0 0 0 0 0 0 0 0 0 0 0 0 0 0 0 0 0 0 0 0 0 0 0 0 0 0 0 0 0 0 0 0 0 0 0 0 0 0 0 0 0 0 0 0 0 0 0 0 0 0 0 0 0 0 0 0 0 0 0 0 0 0 0 0 0 0 0 0 0 0 0 0 0 0 0 0 0 0 0 0 0 0 0 0 0 0 0 0 0 0 0 0 0 0 0 0 0 0 0 0 0 0 0 0 0 0 0 0 0 0 0 0 0 0 0 0 0 0 0 0 0 0 0 0 0 0 0 0 0 0 0 0 0 0 0 0 0 0 0 0 0 0 0 0 0 0 0 0 0 0 0 0 0 0 0 0 0 0 0 0 0 0 0 0 0 0 0 0 0 0 0 0 0 0 0 0 0 0 0 0 0 0 0 0 0 0 0 0 0 0 0 0 0 0 0 0 0 0 0 0 0 0 0 0 0 0 0 0 0 0 0 0 0 0 0 0 0 0 0 0 0 0 0 0 0 0 0 0 0 0 0 0 0 0 0 0 0 0 0 0 0 0 0 0 0 0 0 0 0 0 0 0 0 0 0 0 0 0 0 0 0 0 0 0 0 0 0 0 0 0 0 0 0 0 0 0 0 0 0 0 0 0 0 0 0 0
ctxt 5084992240
btime 1790630938
processes 710296
procs_running 1
procs_blocked 0
softirq 4605845880 73526 11922166 2753158 189869710 470174 0 13559950 50686545 421 41542934
