Running 10s test @ http://127.0.0.1:18500/swerve/usleep?ms=10
  16 threads and 1000 connections
  Thread Stats   Avg      Stdev     Max   +/- Stdev
    Latency     1.39s   301.63ms   2.66s    88.96%
    Req/Sec    58.89     41.33   272.00     68.11%
  Latency Distribution
     50%    1.30s 
     75%    1.35s 
     90%    1.71s 
     99%    2.52s 
  6657 requests in 10.09s, 1.58MB read
Requests/sec:    659.50
Transfer/sec:    160.37KB
## server-stat
cpu  3579917 1595 1660961 47789996 378871 0 803948 0 0 0
cpu0 134778 29 47619 1496516 4707 0 26181 0 0 0
cpu1 136599 33 48570 1499084 5700 0 25657 0 0 0
cpu2 137327 33 48481 1499390 5693 0 25697 0 0 0
cpu3 213639 34 69564 1386297 4168 0 41771 0 0 0
cpu4 214221 37 68164 1388410 4745 0 41776 0 0 0
cpu5 143845 36 50417 1489725 6418 0 26756 0 0 0
cpu6 144497 33 50730 1488355 6692 0 27754 0 0 0
cpu7 150819 30 53972 1476629 6514 0 30415 0 0 0
cpu8 41331 58 44100 1561961 14505 0 13602 0 0 0
cpu9 47398 64 47281 1537678 17873 0 14814 0 0 0
cpu10 44972 64 45648 1545892 16024 0 14620 0 0 0
cpu11 41083 59 41506 1566396 14629 0 13007 0 0 0
cpu12 82823 138 51233 1494318 20003 0 16023 0 0 0
cpu13 79241 71 52224 1493707 20842 0 16376 0 0 0
cpu14 40942 58 40941 1569961 13801 0 12734 0 0 0
cpu15 38009 61 37564 1583530 14105 0 11568 0 0 0
cpu16 179421 27 58972 1439384 6289 0 34153 0 0 0
cpu17 168982 27 57239 1450697 8227 0 32709 0 0 0
cpu18 161556 27 56017 1460724 7931 0 31976 0 0 0
cpu19 281117 26 83220 1297225 3819 0 51736 0 0 0
cpu20 251549 25 78018 1333267 5694 0 49288 0 0 0
cpu21 155909 29 54912 1466411 9379 0 31114 0 0 0
cpu22 145210 33 52528 1480947 9305 0 29053 0 0 0
cpu23 126497 32 46970 1511494 8954 0 24453 0 0 0
cpu24 44232 61 42407 1564060 16611 0 13698 0 0 0
cpu25 49484 62 47355 1539397 18794 0 16195 0 0 0
cpu26 47334 58 46212 1545928 17871 0 15754 0 0 0
cpu27 39982 47 41164 1556467 16588 0 21582 0 0 0
cpu28 75633 82 55117 1480762 21103 0 28826 0 0 0
cpu29 79503 118 57109 1469456 21737 0 29357 0 0 0
cpu30 39389 44 42720 1550191 15206 0 21574 0 0 0
cpu31 42581 44 42971 1565722 14930 0 13715 0 0 0
intr 3303404710 126 0 0 0 0 0 0 0 0 1 0 0 0 0 0 0 0 0 0 0 0 0 0 0 0 0 0 1 1 1 0 0 0 0 1 0 1 0 0 75045 0 0 0 0 0 0 0 0 411 0 0 0 0 0 0 0 0 87 0 0 0 0 0 0 0 0 0 0 0 0 0 0 0 487281 2 35057559 34996569 34912216 35053544 0 14204 10759 12155 11569 8434 9753 12843 13893 10866 38351 52411 40875 34652 52600 50313 31490 28104 12625 14414 17219 7578 10999 15777 15596 13867 35892 45003 41078 33029 50847 54838 30078 32243 0 0 0 0 617165 4465 1036 0 264 0 0 0 0 0 0 0 0 0 0 0 0 0 0 0 0 0 0 0 0 0 0 0 0 0 0 0 0 0 0 0 0 0 0 0 0 0 0 0 0 0 0 0 0 0 0 0 0 0 0 0 0 0 0 0 0 0 0 0 0 0 0 0 0 0 0 0 0 0 0 0 0 0 0 0 0 0 0 0 0 0 0 0 0 0 0 0 0 0 0 0 0 0 0 0 0 0 0 0 0 0 0 0 0 0 0 0 0 0 0 0 0 0 0 0 0 0 0 0 0 0 0 0 0 0 0 0 0 0 0 0 0 0 0 0 0 0 0 0 0 0 0 0 0 0 0 0 0 0 0 0 0 0 0 0 0 0 0 0 0 0 0 0 0 0 0 0 0 0 0 0 0 0 0 0 0 0 0 0 0 0 0 0 0 0 0 0 0 0 0 0 0 0 0 0 0 0 0 0 0 0 0 0 0 0 0 0 0 0 0 0 0 0 0 0 0 0 0 0 0 0 0 0 0 0 0 0 0 0 0 0 0 0 0 0 0 0 0 0 0 0 0 0 0 0 0 0 0 0 0 0 0 0 0 0 0 0 0 0 0 0 0 0 0 0 0 0 0 0 0 0 0 0 0 0 0 0 0 0 0 0 0 0 0 0 0 0 0 0 0 0 0 0 0 0 0 0 0 0 0 0 0 0 0 0 0 0 0 0 0 0 0 0 0 0 0 0 0 0 0 0 0 0 0 0 0 0 0 0 0 0 0 0 0 0 0 0 0 0 0 0 0 0 0 0 0 0 0 0 0 0 0 0 0 0 0 0 0 0 0 0 0 0 0 0 0 0 0 0 0 0 0 0 0 0 0 0 0 0 0 0 0 0 0 0 0 0 0 0 0 0 0 0 0 0 0 0 0 0 0 0 0 0 0 0 0 0 0 0 0 0 0 0 0 0 0 0 0 0 0 0 0 0 0 0 0 0 0 0 0 0 0 0 0 0 0 0 0 0 0 0 0 0 0 0 0 0 0 0 0 0 0 0 0 0 0 0 0 0 0 0 0 0 0 0 0 0 0 0 0 0 0 0 0 0 0 0 0 0 0 0 0 0 0 0 0 0 0 0 0 0 0 0 0 0 0 0 0 0 0 0 0 0 0 0 0 0 0 0 0 0 0 0 0 0 0 0 0 0 0 0 0 0 0 0 0 0 0 0 0 0 0 0 0 0 0 0 0 0 0 0 0 0 0 0 0 0 0 0 0 0 0 0 0 0 0 0 0 0 0 0 0 0 0 0 0 0 0 0 0 0 0 0 0 0 0 0 0 0 0 0 0 0 0 0 0 0 0 0 0 0 0 0 0 0 0 0 0 0 0 0 0 0 0 0 0 0 0 0 0 0 0 0 0 0 0 0 0 0 0 0 0 0 0 0 0 0 0 0 0 0 0 0 0 0 0 0 0 0 0 0 0 0 0 0 0 0 0 0 0 0 0 0 0 0 0 0 0 0 0 0 0 0 0 0 0 0 0 0 0 0 0 0 0 0 0 0 0 0 0 0 0 0 0 0 0 0 0 0 0 0 0 0 0 0 0 0 0 0 0 0 0 0 0 0 0 0 0 0 0 0 0 0 0 0 0 0 0 0 0 0 0 0 0 0 0 0 0 0 0 0 0 0 0 0 0 0 0 0 0 0 0 0 0 0 0 0 0 0 0 0 0 0 0 0 0 0 0 0 0 0 0 0 0 0 0 0 0 0 0 0 0 0 0 0 0 0 0 0 0 0 0 0 0 0 0 0 0 0 0 0 0 0 0 0 0 0 0 0 0 0 0 0 0 0 0 0 0 0 0 0 0 0 0 0 0 0 0 0 0 0 0 0 0 0 0 0 0 0 0 0 0 0 0 0 0 0 0 0 0 0 0 0 0 0 0 0 0 0 0 0 0 0 0 0 0 0 0 0 0 0 0 0 0 0 0 0 0 0 0 0 0 0 0 0 0 0 0 0 0 0 0 0 0 0 0 0 0 0 0 0 0 0 0 0 0 0 0 0 0 0 0 0 0 0 0 0 0 0 0 0 0 0 0 0 0 0 0 0 0 0 0 0 0 0 0 0 0 0 0 0 0 0 0 0 0 0 0 0 0 0 0 0 0 0 0 0 0 0 0 0 0 0 0 0 0 0 0 0 0 0 0 0 0 0 0 0 0 0 0 0 0 0 0 0 0 0 0 0 0 0 0 0 0 0 0 0 0 0 0 0 0 0 0 0 0 0 0 0 0 0 0 0 0 0 0 0 0 0 0 0 0 0 0 0 0 0 0 0 0 0 0 0 0 0 0 0 0 0 0 0 0 0 0 0 0 0 0 0 0 0 0 0 0 0 0 0 0 0 0 0 0 0 0 0 0 0 0 0 0 0 0 0 0 0 0 0 0 0 0 0 0 0 0 0 0 0 0 0 0 0 0 0 0 0 0 0 0 0 0 0 0 0 0 0 0 0 0 0 0 0 0
ctxt 5236589838
btime 1790630938
processes 814752
procs_running 3
procs_blocked 0
softirq 4736522127 73526 12571317 2753162 312141481 508754 0 13560088 52581961 421 47364121
--
cpu  3580241 1595 1661005 47815149 378900 0 803956 0 0 0
cpu0 134798 29 47622 1497290 4707 0 26184 0 0 0
cpu1 136606 33 48572 1499874 5700 0 25658 0 0 0
cpu2 137329 33 48481 1500188 5693 0 25697 0 0 0
cpu3 213741 34 69577 1386977 4168 0 41772 0 0 0
cpu4 214272 37 68170 1389149 4745 0 41777 0 0 0
cpu5 143846 36 50417 1490523 6418 0 26756 0 0 0
cpu6 144498 33 50730 1489154 6692 0 27754 0 0 0
cpu7 150819 30 53972 1477428 6514 0 30415 0 0 0
cpu8 41333 58 44101 1562757 14505 0 13602 0 0 0
cpu9 47399 64 47281 1538475 17873 0 14814 0 0 0
cpu10 44973 64 45648 1546689 16024 0 14620 0 0 0
cpu11 41083 59 41507 1567193 14629 0 13007 0 0 0
cpu12 82839 138 51235 1495099 20003 0 16023 0 0 0
cpu13 79264 71 52225 1494481 20842 0 16376 0 0 0
cpu14 40942 58 40942 1570758 13801 0 12734 0 0 0
cpu15 38009 61 37564 1584328 14105 0 11568 0 0 0
cpu16 179421 27 58972 1440183 6289 0 34153 0 0 0
cpu17 168983 27 57239 1451496 8227 0 32709 0 0 0
cpu18 161556 27 56017 1461524 7931 0 31976 0 0 0
cpu19 281184 26 83228 1297946 3819 0 51737 0 0 0
cpu20 251568 25 78021 1334045 5695 0 49288 0 0 0
cpu21 155909 29 54912 1467211 9379 0 31114 0 0 0
cpu22 145210 33 52528 1481747 9305 0 29053 0 0 0
cpu23 126497 32 46971 1512294 8954 0 24453 0 0 0
cpu24 44232 61 42407 1564858 16611 0 13698 0 0 0
cpu25 49484 62 47356 1540194 18795 0 16195 0 0 0
cpu26 47334 58 46212 1546707 17890 0 15754 0 0 0
cpu27 39982 47 41164 1557257 16596 0 21582 0 0 0
cpu28 75641 82 55118 1481551 21104 0 28826 0 0 0
cpu29 79506 118 57109 1470248 21737 0 29357 0 0 0
cpu30 39389 44 42720 1550989 15206 0 21574 0 0 0
cpu31 42581 44 42972 1566519 14930 0 13715 0 0 0
intr 3303548862 126 0 0 0 0 0 0 0 0 1 0 0 0 0 0 0 0 0 0 0 0 0 0 0 0 0 0 1 1 1 0 0 0 0 1 0 1 0 0 75045 0 0 0 0 0 0 0 0 411 0 0 0 0 0 0 0 0 87 0 0 0 0 0 0 0 0 0 0 0 0 0 0 0 487551 2 35057587 34996588 34912239 35053563 0 14208 10759 12155 11569 8434 9753 12843 13893 10866 38351 52411 40875 34652 52600 50313 31491 28104 12625 14414 17219 7578 10999 15777 15596 13867 35892 45003 41078 33029 50853 54838 30078 32244 0 0 0 0 617165 4465 1036 0 264 0 0 0 0 0 0 0 0 0 0 0 0 0 0 0 0 0 0 0 0 0 0 0 0 0 0 0 0 0 0 0 0 0 0 0 0 0 0 0 0 0 0 0 0 0 0 0 0 0 0 0 0 0 0 0 0 0 0 0 0 0 0 0 0 0 0 0 0 0 0 0 0 0 0 0 0 0 0 0 0 0 0 0 0 0 0 0 0 0 0 0 0 0 0 0 0 0 0 0 0 0 0 0 0 0 0 0 0 0 0 0 0 0 0 0 0 0 0 0 0 0 0 0 0 0 0 0 0 0 0 0 0 0 0 0 0 0 0 0 0 0 0 0 0 0 0 0 0 0 0 0 0 0 0 0 0 0 0 0 0 0 0 0 0 0 0 0 0 0 0 0 0 0 0 0 0 0 0 0 0 0 0 0 0 0 0 0 0 0 0 0 0 0 0 0 0 0 0 0 0 0 0 0 0 0 0 0 0 0 0 0 0 0 0 0 0 0 0 0 0 0 0 0 0 0 0 0 0 0 0 0 0 0 0 0 0 0 0 0 0 0 0 0 0 0 0 0 0 0 0 0 0 0 0 0 0 0 0 0 0 0 0 0 0 0 0 0 0 0 0 0 0 0 0 0 0 0 0 0 0 0 0 0 0 0 0 0 0 0 0 0 0 0 0 0 0 0 0 0 0 0 0 0 0 0 0 0 0 0 0 0 0 0 0 0 0 0 0 0 0 0 0 0 0 0 0 0 0 0 0 0 0 0 0 0 0 0 0 0 0 0 0 0 0 0 0 0 0 0 0 0 0 0 0 0 0 0 0 0 0 0 0 0 0 0 0 0 0 0 0 0 0 0 0 0 0 0 0 0 0 0 0 0 0 0 0 0 0 0 0 0 0 0 0 0 0 0 0 0 0 0 0 0 0 0 0 0 0 0 0 0 0 0 0 0 0 0 0 0 0 0 0 0 0 0 0 0 0 0 0 0 0 0 0 0 0 0 0 0 0 0 0 0 0 0 0 0 0 0 0 0 0 0 0 0 0 0 0 0 0 0 0 0 0 0 0 0 0 0 0 0 0 0 0 0 0 0 0 0 0 0 0 0 0 0 0 0 0 0 0 0 0 0 0 0 0 0 0 0 0 0 0 0 0 0 0 0 0 0 0 0 0 0 0 0 0 0 0 0 0 0 0 0 0 0 0 0 0 0 0 0 0 0 0 0 0 0 0 0 0 0 0 0 0 0 0 0 0 0 0 0 0 0 0 0 0 0 0 0 0 0 0 0 0 0 0 0 0 0 0 0 0 0 0 0 0 0 0 0 0 0 0 0 0 0 0 0 0 0 0 0 0 0 0 0 0 0 0 0 0 0 0 0 0 0 0 0 0 0 0 0 0 0 0 0 0 0 0 0 0 0 0 0 0 0 0 0 0 0 0 0 0 0 0 0 0 0 0 0 0 0 0 0 0 0 0 0 0 0 0 0 0 0 0 0 0 0 0 0 0 0 0 0 0 0 0 0 0 0 0 0 0 0 0 0 0 0 0 0 0 0 0 0 0 0 0 0 0 0 0 0 0 0 0 0 0 0 0 0 0 0 0 0 0 0 0 0 0 0 0 0 0 0 0 0 0 0 0 0 0 0 0 0 0 0 0 0 0 0 0 0 0 0 0 0 0 0 0 0 0 0 0 0 0 0 0 0 0 0 0 0 0 0 0 0 0 0 0 0 0 0 0 0 0 0 0 0 0 0 0 0 0 0 0 0 0 0 0 0 0 0 0 0 0 0 0 0 0 0 0 0 0 0 0 0 0 0 0 0 0 0 0 0 0 0 0 0 0 0 0 0 0 0 0 0 0 0 0 0 0 0 0 0 0 0 0 0 0 0 0 0 0 0 0 0 0 0 0 0 0 0 0 0 0 0 0 0 0 0 0 0 0 0 0 0 0 0 0 0 0 0 0 0 0 0 0 0 0 0 0 0 0 0 0 0 0 0 0 0 0 0 0 0 0 0 0 0 0 0 0 0 0 0 0 0 0 0 0 0 0 0 0 0 0 0 0 0 0 0 0 0 0 0 0 0 0 0 0 0 0 0 0 0 0 0 0 0 0 0 0 0 0 0 0 0 0 0 0 0 0 0 0 0 0 0 0 0 0 0 0 0 0 0 0 0 0 0 0 0 0 0 0 0 0 0 0 0 0 0 0 0 0 0 0 0 0 0 0 0 0 0 0 0 0 0 0 0 0 0 0 0 0 0 0 0 0 0 0 0 0 0 0 0 0 0 0 0 0 0 0 0 0 0 0 0 0 0 0 0 0 0 0 0 0 0 0 0 0 0 0 0 0 0 0 0 0 0 0 0 0 0 0 0 0 0 0 0 0 0 0 0 0 0 0 0 0 0 0 0 0 0 0 0 0 0 0 0 0 0 0 0 0 0 0 0 0 0 0 0 0 0 0 0 0 0 0 0 0 0 0 0 0 0 0 0 0 0 0 0 0 0 0
ctxt 5236743145
btime 1790630938
processes 814815
procs_running 1
procs_blocked 0
softirq 4736578189 73526 12582783 2753162 312153501 509026 0 13560088 52597770 421 47380616
