Running 10s test @ http://127.0.0.1:18500/usleep?ms=10
  16 threads and 32 connections
  Thread Stats   Avg      Stdev     Max   +/- Stdev
    Latency    10.15ms  408.94us  10.70ms   76.90%
    Req/Sec   197.63      5.83   212.00     74.38%
  Latency Distribution
     50%   10.33ms
     75%   10.42ms
     90%   10.48ms
     99%   10.58ms
  31515 requests in 10.01s, 5.20MB read
Requests/sec:   3148.52
Transfer/sec:    531.93KB
## server-stat
cpu  3273316 1468 1588974 43471598 216146 0 778537 0 0 0
cpu0 119839 27 44417 1364648 3396 0 24565 0 0 0
cpu1 123628 32 45797 1364403 3915 0 24497 0 0 0
cpu2 124779 31 45935 1364044 3660 0 24635 0 0 0
cpu3 189112 30 65099 1265409 2639 0 40003 0 0 0
cpu4 190118 34 64031 1266311 3199 0 40126 0 0 0
cpu5 131617 33 47843 1354493 3848 0 25663 0 0 0
cpu6 132190 29 48135 1353946 3620 0 26429 0 0 0
cpu7 140032 27 51671 1340506 3212 0 29272 0 0 0
cpu8 40854 51 43061 1418677 7660 0 13322 0 0 0
cpu9 46729 57 46161 1395925 10269 0 14494 0 0 0
cpu10 44446 57 44578 1403940 8288 0 14321 0 0 0
cpu11 40678 53 40546 1423368 7215 0 12749 0 0 0
cpu12 79712 132 49814 1355743 12310 0 15652 0 0 0
cpu13 76372 64 50760 1355328 12981 0 15980 0 0 0
cpu14 40469 52 39927 1426600 6940 0 12474 0 0 0
cpu15 37657 54 36656 1439955 6859 0 11332 0 0 0
cpu16 160786 25 55983 1309991 4591 0 33145 0 0 0
cpu17 150421 25 54140 1321920 6068 0 31595 0 0 0
cpu18 144530 25 53034 1331117 4978 0 30858 0 0 0
cpu19 245206 25 77375 1188249 2748 0 49921 0 0 0
cpu20 218137 24 72552 1221348 4547 0 47528 0 0 0
cpu21 139384 28 51895 1336763 5919 0 30036 0 0 0
cpu22 131769 31 50043 1348190 5080 0 28274 0 0 0
cpu23 114794 30 44437 1377283 4600 0 23584 0 0 0
cpu24 43656 55 41337 1421818 8557 0 13439 0 0 0
cpu25 48801 58 46151 1397999 10563 0 15868 0 0 0
cpu26 46723 53 45047 1404153 9814 0 15427 0 0 0
cpu27 39470 41 40098 1414067 8559 0 21315 0 0 0
cpu28 73228 77 53495 1342904 12184 0 28382 0 0 0
cpu29 77160 114 55455 1331866 12707 0 28903 0 0 0
cpu30 38908 38 41611 1407645 7814 0 21289 0 0 0
cpu31 42096 39 41875 1422974 7391 0 13447 0 0 0
intr 3187260260 126 0 0 0 0 0 0 0 0 1 0 0 0 0 0 0 0 0 0 0 0 0 0 0 0 0 0 1 1 1 0 0 0 0 1 0 1 0 0 75045 0 0 0 0 0 0 0 0 411 0 0 0 0 0 0 0 0 87 0 0 0 0 0 0 0 0 0 0 0 0 0 0 0 424454 2 35050513 34990590 34908623 35048051 0 12969 7787 8588 7686 5948 7005 7958 8511 6485 27798 39027 29370 23515 35874 35555 23405 19826 9869 10398 9892 5363 8843 10895 10094 8659 25407 29988 27803 22959 31183 32725 20302 22082 0 0 0 0 617065 4351 1036 0 264 0 0 0 0 0 0 0 0 0 0 0 0 0 0 0 0 0 0 0 0 0 0 0 0 0 0 0 0 0 0 0 0 0 0 0 0 0 0 0 0 0 0 0 0 0 0 0 0 0 0 0 0 0 0 0 0 0 0 0 0 0 0 0 0 0 0 0 0 0 0 0 0 0 0 0 0 0 0 0 0 0 0 0 0 0 0 0 0 0 0 0 0 0 0 0 0 0 0 0 0 0 0 0 0 0 0 0 0 0 0 0 0 0 0 0 0 0 0 0 0 0 0 0 0 0 0 0 0 0 0 0 0 0 0 0 0 0 0 0 0 0 0 0 0 0 0 0 0 0 0 0 0 0 0 0 0 0 0 0 0 0 0 0 0 0 0 0 0 0 0 0 0 0 0 0 0 0 0 0 0 0 0 0 0 0 0 0 0 0 0 0 0 0 0 0 0 0 0 0 0 0 0 0 0 0 0 0 0 0 0 0 0 0 0 0 0 0 0 0 0 0 0 0 0 0 0 0 0 0 0 0 0 0 0 0 0 0 0 0 0 0 0 0 0 0 0 0 0 0 0 0 0 0 0 0 0 0 0 0 0 0 0 0 0 0 0 0 0 0 0 0 0 0 0 0 0 0 0 0 0 0 0 0 0 0 0 0 0 0 0 0 0 0 0 0 0 0 0 0 0 0 0 0 0 0 0 0 0 0 0 0 0 0 0 0 0 0 0 0 0 0 0 0 0 0 0 0 0 0 0 0 0 0 0 0 0 0 0 0 0 0 0 0 0 0 0 0 0 0 0 0 0 0 0 0 0 0 0 0 0 0 0 0 0 0 0 0 0 0 0 0 0 0 0 0 0 0 0 0 0 0 0 0 0 0 0 0 0 0 0 0 0 0 0 0 0 0 0 0 0 0 0 0 0 0 0 0 0 0 0 0 0 0 0 0 0 0 0 0 0 0 0 0 0 0 0 0 0 0 0 0 0 0 0 0 0 0 0 0 0 0 0 0 0 0 0 0 0 0 0 0 0 0 0 0 0 0 0 0 0 0 0 0 0 0 0 0 0 0 0 0 0 0 0 0 0 0 0 0 0 0 0 0 0 0 0 0 0 0 0 0 0 0 0 0 0 0 0 0 0 0 0 0 0 0 0 0 0 0 0 0 0 0 0 0 0 0 0 0 0 0 0 0 0 0 0 0 0 0 0 0 0 0 0 0 0 0 0 0 0 0 0 0 0 0 0 0 0 0 0 0 0 0 0 0 0 0 0 0 0 0 0 0 0 0 0 0 0 0 0 0 0 0 0 0 0 0 0 0 0 0 0 0 0 0 0 0 0 0 0 0 0 0 0 0 0 0 0 0 0 0 0 0 0 0 0 0 0 0 0 0 0 0 0 0 0 0 0 0 0 0 0 0 0 0 0 0 0 0 0 0 0 0 0 0 0 0 0 0 0 0 0 0 0 0 0 0 0 0 0 0 0 0 0 0 0 0 0 0 0 0 0 0 0 0 0 0 0 0 0 0 0 0 0 0 0 0 0 0 0 0 0 0 0 0 0 0 0 0 0 0 0 0 0 0 0 0 0 0 0 0 0 0 0 0 0 0 0 0 0 0 0 0 0 0 0 0 0 0 0 0 0 0 0 0 0 0 0 0 0 0 0 0 0 0 0 0 0 0 0 0 0 0 0 0 0 0 0 0 0 0 0 0 0 0 0 0 0 0 0 0 0 0 0 0 0 0 0 0 0 0 0 0 0 0 0 0 0 0 0 0 0 0 0 0 0 0 0 0 0 0 0 0 0 0 0 0 0 0 0 0 0 0 0 0 0 0 0 0 0 0 0 0 0 0 0 0 0 0 0 0 0 0 0 0 0 0 0 0 0 0 0 0 0 0 0 0 0 0 0 0 0 0 0 0 0 0 0 0 0 0 0 0 0 0 0 0 0 0 0 0 0 0 0 0 0 0 0 0 0 0 0 0 0 0 0 0 0 0 0 0 0 0 0 0 0 0 0 0 0 0 0 0 0 0 0 0 0 0 0 0 0 0 0 0 0 0 0 0 0 0 0 0 0 0 0 0 0 0 0 0 0 0 0 0 0 0 0 0 0 0 0 0 0 0 0 0 0 0 0 0 0 0 0 0 0 0 0 0 0 0 0 0 0 0 0 0 0 0 0 0 0 0 0 0 0 0 0 0 0 0 0 0 0 0 0 0 0 0 0 0 0 0 0 0 0 0 0 0 0 0 0 0 0 0 0 0 0 0 0 0 0 0 0 0 0 0 0 0 0 0 0 0 0 0 0 0 0 0 0 0 0 0 0 0 0 0 0 0 0 0 0 0 0 0 0 0 0 0 0 0 0 0 0 0 0 0 0 0 0 0 0 0 0 0 0 0 0 0 0 0 0 0 0 0 0 0 0 0 0 0 0 0 0 0 0 0 0 0 0 0 0 0 0 0 0 0 0 0 0 0 0 0 0 0 0 0 0 0 0 0 0
ctxt 5036437814
btime 1790630938
processes 575790
procs_running 1
procs_blocked 0
softirq 4579692817 73526 11363160 2753147 168717567 443918 0 13559792 49393292 421 38420698
--
cpu  3273386 1469 1588988 43497054 216147 0 778544 0 0 0
cpu0 119839 27 44417 1365445 3396 0 24565 0 0 0
cpu1 123628 32 45797 1365201 3915 0 24497 0 0 0
cpu2 124779 31 45936 1364843 3661 0 24635 0 0 0
cpu3 189126 30 65103 1266181 2639 0 40006 0 0 0
cpu4 190123 35 64033 1267098 3199 0 40128 0 0 0
cpu5 131617 33 47843 1355292 3848 0 25663 0 0 0
cpu6 132190 30 48135 1354745 3620 0 26429 0 0 0
cpu7 140032 27 51671 1341305 3212 0 29272 0 0 0
cpu8 40854 51 43061 1419474 7660 0 13322 0 0 0
cpu9 46730 57 46161 1396720 10269 0 14494 0 0 0
cpu10 44446 57 44578 1404736 8288 0 14321 0 0 0
cpu11 40678 53 40547 1424166 7215 0 12749 0 0 0
cpu12 79722 132 49815 1356528 12310 0 15652 0 0 0
cpu13 76392 64 50762 1356104 12981 0 15980 0 0 0
cpu14 40470 52 39928 1427396 6940 0 12474 0 0 0
cpu15 37657 54 36656 1440753 6859 0 11332 0 0 0
cpu16 160786 25 55983 1310790 4591 0 33145 0 0 0
cpu17 150421 25 54140 1322718 6068 0 31595 0 0 0
cpu18 144530 25 53034 1331916 4978 0 30858 0 0 0
cpu19 245206 25 77375 1189048 2748 0 49921 0 0 0
cpu20 218137 24 72552 1222147 4547 0 47528 0 0 0
cpu21 139384 28 51895 1337562 5919 0 30036 0 0 0
cpu22 131769 31 50043 1348989 5080 0 28274 0 0 0
cpu23 114795 30 44437 1378081 4600 0 23584 0 0 0
cpu24 43656 55 41337 1422616 8558 0 13439 0 0 0
cpu25 48801 58 46151 1398798 10563 0 15868 0 0 0
cpu26 46723 53 45047 1404953 9814 0 15427 0 0 0
cpu27 39470 41 40098 1414866 8559 0 21315 0 0 0
cpu28 73235 77 53496 1343693 12184 0 28382 0 0 0
cpu29 77170 114 55456 1332653 12707 0 28903 0 0 0
cpu30 38909 38 41611 1408444 7814 0 21289 0 0 0
cpu31 42096 39 41875 1423773 7391 0 13447 0 0 0
intr 3187373189 126 0 0 0 0 0 0 0 0 1 0 0 0 0 0 0 0 0 0 0 0 0 0 0 0 0 0 1 1 1 0 0 0 0 1 0 1 0 0 75045 0 0 0 0 0 0 0 0 411 0 0 0 0 0 0 0 0 87 0 0 0 0 0 0 0 0 0 0 0 0 0 0 0 424454 2 35050560 34990594 34908628 35048075 0 12973 7787 8588 7687 5948 7005 7958 8511 6485 27798 39027 29370 23515 35876 35556 23405 19826 9869 10398 9892 5363 8843 10895 10094 8662 25442 29989 27803 22959 31183 32725 20303 22082 0 0 0 0 617065 4359 1036 0 264 0 0 0 0 0 0 0 0 0 0 0 0 0 0 0 0 0 0 0 0 0 0 0 0 0 0 0 0 0 0 0 0 0 0 0 0 0 0 0 0 0 0 0 0 0 0 0 0 0 0 0 0 0 0 0 0 0 0 0 0 0 0 0 0 0 0 0 0 0 0 0 0 0 0 0 0 0 0 0 0 0 0 0 0 0 0 0 0 0 0 0 0 0 0 0 0 0 0 0 0 0 0 0 0 0 0 0 0 0 0 0 0 0 0 0 0 0 0 0 0 0 0 0 0 0 0 0 0 0 0 0 0 0 0 0 0 0 0 0 0 0 0 0 0 0 0 0 0 0 0 0 0 0 0 0 0 0 0 0 0 0 0 0 0 0 0 0 0 0 0 0 0 0 0 0 0 0 0 0 0 0 0 0 0 0 0 0 0 0 0 0 0 0 0 0 0 0 0 0 0 0 0 0 0 0 0 0 0 0 0 0 0 0 0 0 0 0 0 0 0 0 0 0 0 0 0 0 0 0 0 0 0 0 0 0 0 0 0 0 0 0 0 0 0 0 0 0 0 0 0 0 0 0 0 0 0 0 0 0 0 0 0 0 0 0 0 0 0 0 0 0 0 0 0 0 0 0 0 0 0 0 0 0 0 0 0 0 0 0 0 0 0 0 0 0 0 0 0 0 0 0 0 0 0 0 0 0 0 0 0 0 0 0 0 0 0 0 0 0 0 0 0 0 0 0 0 0 0 0 0 0 0 0 0 0 0 0 0 0 0 0 0 0 0 0 0 0 0 0 0 0 0 0 0 0 0 0 0 0 0 0 0 0 0 0 0 0 0 0 0 0 0 0 0 0 0 0 0 0 0 0 0 0 0 0 0 0 0 0 0 0 0 0 0 0 0 0 0 0 0 0 0 0 0 0 0 0 0 0 0 0 0 0 0 0 0 0 0 0 0 0 0 0 0 0 0 0 0 0 0 0 0 0 0 0 0 0 0 0 0 0 0 0 0 0 0 0 0 0 0 0 0 0 0 0 0 0 0 0 0 0 0 0 0 0 0 0 0 0 0 0 0 0 0 0 0 0 0 0 0 0 0 0 0 0 0 0 0 0 0 0 0 0 0 0 0 0 0 0 0 0 0 0 0 0 0 0 0 0 0 0 0 0 0 0 0 0 0 0 0 0 0 0 0 0 0 0 0 0 0 0 0 0 0 0 0 0 0 0 0 0 0 0 0 0 0 0 0 0 0 0 0 0 0 0 0 0 0 0 0 0 0 0 0 0 0 0 0 0 0 0 0 0 0 0 0 0 0 0 0 0 0 0 0 0 0 0 0 0 0 0 0 0 0 0 0 0 0 0 0 0 0 0 0 0 0 0 0 0 0 0 0 0 0 0 0 0 0 0 0 0 0 0 0 0 0 0 0 0 0 0 0 0 0 0 0 0 0 0 0 0 0 0 0 0 0 0 0 0 0 0 0 0 0 0 0 0 0 0 0 0 0 0 0 0 0 0 0 0 0 0 0 0 0 0 0 0 0 0 0 0 0 0 0 0 0 0 0 0 0 0 0 0 0 0 0 0 0 0 0 0 0 0 0 0 0 0 0 0 0 0 0 0 0 0 0 0 0 0 0 0 0 0 0 0 0 0 0 0 0 0 0 0 0 0 0 0 0 0 0 0 0 0 0 0 0 0 0 0 0 0 0 0 0 0 0 0 0 0 0 0 0 0 0 0 0 0 0 0 0 0 0 0 0 0 0 0 0 0 0 0 0 0 0 0 0 0 0 0 0 0 0 0 0 0 0 0 0 0 0 0 0 0 0 0 0 0 0 0 0 0 0 0 0 0 0 0 0 0 0 0 0 0 0 0 0 0 0 0 0 0 0 0 0 0 0 0 0 0 0 0 0 0 0 0 0 0 0 0 0 0 0 0 0 0 0 0 0 0 0 0 0 0 0 0 0 0 0 0 0 0 0 0 0 0 0 0 0 0 0 0 0 0 0 0 0 0 0 0 0 0 0 0 0 0 0 0 0 0 0 0 0 0 0 0 0 0 0 0 0 0 0 0 0 0 0 0 0 0 0 0 0 0 0 0 0 0 0 0 0 0 0 0 0 0 0 0 0 0 0 0 0 0 0 0 0 0 0 0 0 0 0 0 0 0 0 0 0 0 0 0 0 0 0 0 0 0 0 0 0 0 0 0 0 0 0 0 0 0 0 0 0 0 0 0 0 0 0 0 0 0 0 0 0 0 0 0 0 0 0 0 0 0 0 0 0 0 0 0 0 0 0 0 0 0 0 0 0 0 0 0 0 0 0 0 0 0 0 0 0 0 0 0 0 0 0 0 0 0 0 0 0 0 0 0 0 0 0 0 0 0 0 0 0 0 0 0 0 0 0 0 0 0 0 0 0 0 0 0 0 0 0 0 0 0 0 0 0 0 0 0 0 0 0 0 0 0 0 0 0 0 0 0 0 0 0 0 0 0 0 0 0
ctxt 5036618827
btime 1790630938
processes 575830
procs_running 1
procs_blocked 0
softirq 4579755313 73526 11365694 2753147 168768175 443922 0 13559808 49398153 421 38425171
