Running 10s test @ http://127.0.0.1:18500/usleep?ms=10
  16 threads and 1000 connections
  Thread Stats   Avg      Stdev     Max   +/- Stdev
    Latency     1.33s   231.45ms   2.39s    90.52%
    Req/Sec    66.89     53.53   500.00     63.91%
  Latency Distribution
     50%    1.22s 
     75%    1.28s 
     90%    1.50s 
     99%    2.30s 
  7027 requests in 10.10s, 1.39MB read
Requests/sec:    695.90
Transfer/sec:    140.67KB
## server-stat
cpu  4286595 1882 1803910 57589252 699044 0 846977 0 0 0
cpu0 164235 33 53057 1799360 8321 0 28432 0 0 0
cpu1 166834 38 53970 1802124 10252 0 27554 0 0 0
cpu2 173919 38 54337 1795117 10921 0 27788 0 0 0
cpu3 270447 39 78598 1659501 6993 0 44963 0 0 0
cpu4 265958 45 76086 1667351 8670 0 44812 0 0 0
cpu5 175707 44 55933 1790473 12192 0 28581 0 0 0
cpu6 176983 39 55961 1788216 13089 0 29511 0 0 0
cpu7 183555 38 59450 1775748 12905 0 32601 0 0 0
cpu8 42341 70 45948 1889346 27108 0 13972 0 0 0
cpu9 48908 79 49349 1861698 31598 0 15260 0 0 0
cpu10 46145 77 47604 1871089 29425 0 15020 0 0 0
cpu11 41995 73 43264 1893557 27690 0 13328 0 0 0
cpu12 89807 154 53999 1810929 34032 0 16643 0 0 0
cpu13 85966 85 55099 1809209 35694 0 17022 0 0 0
cpu14 41963 71 42842 1897328 25833 0 13098 0 0 0
cpu15 38775 76 39282 1912048 26339 0 11873 0 0 0
cpu16 226556 32 65899 1723835 11599 0 36393 0 0 0
cpu17 211869 32 63712 1738416 14864 0 34759 0 0 0
cpu18 195185 32 61584 1758015 15574 0 33624 0 0 0
cpu19 358433 28 95267 1547308 6658 0 55274 0 0 0
cpu20 321511 28 88770 1590668 10273 0 52569 0 0 0
cpu21 194074 35 60945 1758128 17683 0 32904 0 0 0
cpu22 177235 38 58192 1778846 17913 0 30869 0 0 0
cpu23 152357 37 51949 1816609 17450 0 25820 0 0 0
cpu24 45464 76 44373 1889226 31586 0 14047 0 0 0
cpu25 50980 72 49490 1862410 34660 0 16647 0 0 0
cpu26 48628 69 48260 1869725 33633 0 16162 0 0 0
cpu27 41067 59 43080 1882005 31771 0 21909 0 0 0
cpu28 80904 94 57870 1797567 37635 0 29448 0 0 0
cpu29 84778 130 60026 1784845 39026 0 30036 0 0 0
cpu30 40415 53 44785 1876406 28585 0 21964 0 0 0
cpu31 43586 56 44916 1892131 29055 0 14079 0 0 0
intr 3541784616 126 0 0 0 0 0 0 0 0 1 0 0 0 0 0 0 0 0 0 0 0 0 0 0 0 0 0 1 1 1 0 0 0 0 1 0 1 0 0 75045 0 0 0 0 0 0 0 0 411 0 0 0 0 0 0 0 0 87 0 0 0 0 0 0 0 0 0 0 0 0 0 0 0 615858 2 35072028 35006156 34922384 35069183 0 16994 16667 20800 21077 12855 16427 21769 22542 19838 59000 80448 65827 55453 92838 84849 48752 45478 21571 25136 29670 12045 19216 28234 28376 24176 61747 76741 69204 56259 89362 97135 50452 51288 0 0 0 0 617397 4766 1036 0 264 0 0 0 0 0 0 0 0 0 0 0 0 0 0 0 0 0 0 0 0 0 0 0 0 0 0 0 0 0 0 0 0 0 0 0 0 0 0 0 0 0 0 0 0 0 0 0 0 0 0 0 0 0 0 0 0 0 0 0 0 0 0 0 0 0 0 0 0 0 0 0 0 0 0 0 0 0 0 0 0 0 0 0 0 0 0 0 0 0 0 0 0 0 0 0 0 0 0 0 0 0 0 0 0 0 0 0 0 0 0 0 0 0 0 0 0 0 0 0 0 0 0 0 0 0 0 0 0 0 0 0 0 0 0 0 0 0 0 0 0 0 0 0 0 0 0 0 0 0 0 0 0 0 0 0 0 0 0 0 0 0 0 0 0 0 0 0 0 0 0 0 0 0 0 0 0 0 0 0 0 0 0 0 0 0 0 0 0 0 0 0 0 0 0 0 0 0 0 0 0 0 0 0 0 0 0 0 0 0 0 0 0 0 0 0 0 0 0 0 0 0 0 0 0 0 0 0 0 0 0 0 0 0 0 0 0 0 0 0 0 0 0 0 0 0 0 0 0 0 0 0 0 0 0 0 0 0 0 0 0 0 0 0 0 0 0 0 0 0 0 0 0 0 0 0 0 0 0 0 0 0 0 0 0 0 0 0 0 0 0 0 0 0 0 0 0 0 0 0 0 0 0 0 0 0 0 0 0 0 0 0 0 0 0 0 0 0 0 0 0 0 0 0 0 0 0 0 0 0 0 0 0 0 0 0 0 0 0 0 0 0 0 0 0 0 0 0 0 0 0 0 0 0 0 0 0 0 0 0 0 0 0 0 0 0 0 0 0 0 0 0 0 0 0 0 0 0 0 0 0 0 0 0 0 0 0 0 0 0 0 0 0 0 0 0 0 0 0 0 0 0 0 0 0 0 0 0 0 0 0 0 0 0 0 0 0 0 0 0 0 0 0 0 0 0 0 0 0 0 0 0 0 0 0 0 0 0 0 0 0 0 0 0 0 0 0 0 0 0 0 0 0 0 0 0 0 0 0 0 0 0 0 0 0 0 0 0 0 0 0 0 0 0 0 0 0 0 0 0 0 0 0 0 0 0 0 0 0 0 0 0 0 0 0 0 0 0 0 0 0 0 0 0 0 0 0 0 0 0 0 0 0 0 0 0 0 0 0 0 0 0 0 0 0 0 0 0 0 0 0 0 0 0 0 0 0 0 0 0 0 0 0 0 0 0 0 0 0 0 0 0 0 0 0 0 0 0 0 0 0 0 0 0 0 0 0 0 0 0 0 0 0 0 0 0 0 0 0 0 0 0 0 0 0 0 0 0 0 0 0 0 0 0 0 0 0 0 0 0 0 0 0 0 0 0 0 0 0 0 0 0 0 0 0 0 0 0 0 0 0 0 0 0 0 0 0 0 0 0 0 0 0 0 0 0 0 0 0 0 0 0 0 0 0 0 0 0 0 0 0 0 0 0 0 0 0 0 0 0 0 0 0 0 0 0 0 0 0 0 0 0 0 0 0 0 0 0 0 0 0 0 0 0 0 0 0 0 0 0 0 0 0 0 0 0 0 0 0 0 0 0 0 0 0 0 0 0 0 0 0 0 0 0 0 0 0 0 0 0 0 0 0 0 0 0 0 0 0 0 0 0 0 0 0 0 0 0 0 0 0 0 0 0 0 0 0 0 0 0 0 0 0 0 0 0 0 0 0 0 0 0 0 0 0 0 0 0 0 0 0 0 0 0 0 0 0 0 0 0 0 0 0 0 0 0 0 0 0 0 0 0 0 0 0 0 0 0 0 0 0 0 0 0 0 0 0 0 0 0 0 0 0 0 0 0 0 0 0 0 0 0 0 0 0 0 0 0 0 0 0 0 0 0 0 0 0 0 0 0 0 0 0 0 0 0 0 0 0 0 0 0 0 0 0 0 0 0 0 0 0 0 0 0 0 0 0 0 0 0 0 0 0 0 0 0 0 0 0 0 0 0 0 0 0 0 0 0 0 0 0 0 0 0 0 0 0 0 0 0 0 0 0 0 0 0 0 0 0 0 0 0 0 0 0 0 0 0 0 0 0 0 0 0 0 0 0 0 0 0 0 0 0 0 0 0 0 0 0 0 0 0 0 0 0 0 0 0 0 0 0 0 0 0 0 0 0 0 0 0 0 0 0 0 0 0 0 0 0 0 0 0 0 0 0 0 0 0 0 0 0 0 0 0 0 0 0 0 0 0 0 0 0 0 0 0 0 0 0 0 0 0 0 0 0 0 0 0 0 0 0 0 0 0 0 0 0 0 0 0 0 0 0 0 0 0 0 0 0 0 0 0 0 0 0 0 0 0 0 0 0 0 0 0 0 0 0 0 0 0 0 0 0 0 0 0 0 0 0 0 0 0 0 0 0 0 0 0 0 0 0 0 0 0 0 0 0 0 0 0 0 0 0 0 0 0 0 0 0 0 0 0 0 0 0 0 0 0 0 0 0 0 0
ctxt 5649962911
btime 1790630938
processes 1371003
procs_running 1
procs_blocked 0
softirq 5009842755 73526 15236782 2753290 560801930 641743 0 13560896 59460635 421 62346236
--
cpu  4286705 1883 1803927 57614646 699073 0 846983 0 0 0
cpu0 164239 33 53058 1800151 8321 0 28433 0 0 0
cpu1 166835 38 53970 1802921 10252 0 27555 0 0 0
cpu2 173919 38 54338 1795914 10921 0 27788 0 0 0
cpu3 270460 39 78599 1660285 6993 0 44963 0 0 0
cpu4 265966 45 76086 1668141 8670 0 44812 0 0 0
cpu5 175709 44 55934 1791270 12192 0 28582 0 0 0
cpu6 176984 39 55962 1789014 13089 0 29511 0 0 0
cpu7 183555 38 59450 1776547 12905 0 32601 0 0 0
cpu8 42341 70 45948 1890144 27108 0 13972 0 0 0
cpu9 48910 79 49350 1862495 31598 0 15260 0 0 0
cpu10 46147 77 47605 1871884 29426 0 15021 0 0 0
cpu11 41998 73 43265 1894353 27690 0 13328 0 0 0
cpu12 89825 154 54001 1811708 34032 0 16643 0 0 0
cpu13 85976 85 55101 1809994 35694 0 17022 0 0 0
cpu14 41964 71 42842 1898124 25834 0 13098 0 0 0
cpu15 38775 76 39283 1912846 26339 0 11873 0 0 0
cpu16 226557 32 65899 1724633 11599 0 36393 0 0 0
cpu17 211870 32 63713 1739214 14864 0 34759 0 0 0
cpu18 195186 32 61585 1758813 15574 0 33624 0 0 0
cpu19 358438 28 95267 1548100 6658 0 55275 0 0 0
cpu20 321512 28 88771 1591463 10273 0 52570 0 0 0
cpu21 194075 35 60945 1758927 17683 0 32904 0 0 0
cpu22 177235 38 58192 1779645 17913 0 30869 0 0 0
cpu23 152357 37 51949 1817408 17450 0 25820 0 0 0
cpu24 45466 76 44374 1890021 31586 0 14047 0 0 0
cpu25 50984 72 49490 1863204 34660 0 16648 0 0 0
cpu26 48628 69 48260 1870524 33633 0 16162 0 0 0
cpu27 41067 59 43080 1882804 31771 0 21909 0 0 0
cpu28 80912 94 57871 1798357 37635 0 29448 0 0 0
cpu29 84798 130 60028 1785620 39027 0 30036 0 0 0
cpu30 40415 53 44785 1877178 28612 0 21964 0 0 0
cpu31 43588 56 44917 1892928 29055 0 14080 0 0 0
intr 3541913268 126 0 0 0 0 0 0 0 0 1 0 0 0 0 0 0 0 0 0 0 0 0 0 0 0 0 0 1 1 1 0 0 0 0 1 0 1 0 0 75045 0 0 0 0 0 0 0 0 411 0 0 0 0 0 0 0 0 87 0 0 0 0 0 0 0 0 0 0 0 0 0 0 0 616133 2 35072054 35006187 34922402 35069192 0 16998 16667 20800 21077 12855 16427 21769 22542 19838 59000 80448 65831 55453 92838 84849 48752 45478 21571 25136 29671 12045 19216 28234 28376 24176 61748 76774 69204 56259 89362 97135 50452 51288 0 0 0 0 617397 4766 1036 0 264 0 0 0 0 0 0 0 0 0 0 0 0 0 0 0 0 0 0 0 0 0 0 0 0 0 0 0 0 0 0 0 0 0 0 0 0 0 0 0 0 0 0 0 0 0 0 0 0 0 0 0 0 0 0 0 0 0 0 0 0 0 0 0 0 0 0 0 0 0 0 0 0 0 0 0 0 0 0 0 0 0 0 0 0 0 0 0 0 0 0 0 0 0 0 0 0 0 0 0 0 0 0 0 0 0 0 0 0 0 0 0 0 0 0 0 0 0 0 0 0 0 0 0 0 0 0 0 0 0 0 0 0 0 0 0 0 0 0 0 0 0 0 0 0 0 0 0 0 0 0 0 0 0 0 0 0 0 0 0 0 0 0 0 0 0 0 0 0 0 0 0 0 0 0 0 0 0 0 0 0 0 0 0 0 0 0 0 0 0 0 0 0 0 0 0 0 0 0 0 0 0 0 0 0 0 0 0 0 0 0 0 0 0 0 0 0 0 0 0 0 0 0 0 0 0 0 0 0 0 0 0 0 0 0 0 0 0 0 0 0 0 0 0 0 0 0 0 0 0 0 0 0 0 0 0 0 0 0 0 0 0 0 0 0 0 0 0 0 0 0 0 0 0 0 0 0 0 0 0 0 0 0 0 0 0 0 0 0 0 0 0 0 0 0 0 0 0 0 0 0 0 0 0 0 0 0 0 0 0 0 0 0 0 0 0 0 0 0 0 0 0 0 0 0 0 0 0 0 0 0 0 0 0 0 0 0 0 0 0 0 0 0 0 0 0 0 0 0 0 0 0 0 0 0 0 0 0 0 0 0 0 0 0 0 0 0 0 0 0 0 0 0 0 0 0 0 0 0 0 0 0 0 0 0 0 0 0 0 0 0 0 0 0 0 0 0 0 0 0 0 0 0 0 0 0 0 0 0 0 0 0 0 0 0 0 0 0 0 0 0 0 0 0 0 0 0 0 0 0 0 0 0 0 0 0 0 0 0 0 0 0 0 0 0 0 0 0 0 0 0 0 0 0 0 0 0 0 0 0 0 0 0 0 0 0 0 0 0 0 0 0 0 0 0 0 0 0 0 0 0 0 0 0 0 0 0 0 0 0 0 0 0 0 0 0 0 0 0 0 0 0 0 0 0 0 0 0 0 0 0 0 0 0 0 0 0 0 0 0 0 0 0 0 0 0 0 0 0 0 0 0 0 0 0 0 0 0 0 0 0 0 0 0 0 0 0 0 0 0 0 0 0 0 0 0 0 0 0 0 0 0 0 0 0 0 0 0 0 0 0 0 0 0 0 0 0 0 0 0 0 0 0 0 0 0 0 0 0 0 0 0 0 0 0 0 0 0 0 0 0 0 0 0 0 0 0 0 0 0 0 0 0 0 0 0 0 0 0 0 0 0 0 0 0 0 0 0 0 0 0 0 0 0 0 0 0 0 0 0 0 0 0 0 0 0 0 0 0 0 0 0 0 0 0 0 0 0 0 0 0 0 0 0 0 0 0 0 0 0 0 0 0 0 0 0 0 0 0 0 0 0 0 0 0 0 0 0 0 0 0 0 0 0 0 0 0 0 0 0 0 0 0 0 0 0 0 0 0 0 0 0 0 0 0 0 0 0 0 0 0 0 0 0 0 0 0 0 0 0 0 0 0 0 0 0 0 0 0 0 0 0 0 0 0 0 0 0 0 0 0 0 0 0 0 0 0 0 0 0 0 0 0 0 0 0 0 0 0 0 0 0 0 0 0 0 0 0 0 0 0 0 0 0 0 0 0 0 0 0 0 0 0 0 0 0 0 0 0 0 0 0 0 0 0 0 0 0 0 0 0 0 0 0 0 0 0 0 0 0 0 0 0 0 0 0 0 0 0 0 0 0 0 0 0 0 0 0 0 0 0 0 0 0 0 0 0 0 0 0 0 0 0 0 0 0 0 0 0 0 0 0 0 0 0 0 0 0 0 0 0 0 0 0 0 0 0 0 0 0 0 0 0 0 0 0 0 0 0 0 0 0 0 0 0 0 0 0 0 0 0 0 0 0 0 0 0 0 0 0 0 0 0 0 0 0 0 0 0 0 0 0 0 0 0 0 0 0 0 0 0 0 0 0 0 0 0 0 0 0 0 0 0 0 0 0 0 0 0 0 0 0 0 0 0 0 0 0 0 0 0 0 0 0 0 0 0 0 0 0 0 0 0 0 0 0 0 0 0 0 0 0 0 0 0 0 0 0 0 0 0 0 0 0 0 0 0 0 0 0 0 0 0 0 0 0 0 0 0 0 0 0 0 0 0 0 0 0 0 0 0 0 0 0 0 0 0 0 0 0 0 0 0 0 0 0 0 0 0 0 0 0 0 0 0 0 0 0 0 0 0 0 0 0 0 0 0 0 0 0 0 0 0 0 0 0 0 0 0 0 0 0 0 0 0 0 0 0 0 0 0 0 0 0 0 0 0 0 0 0 0 0 0 0 0 0 0 0 0 0 0 0 0
ctxt 5650150363
btime 1790630938
processes 1371051
procs_running 1
procs_blocked 0
softirq 5009886558 73526 15246745 2753290 560814576 642031 0 13560896 59470525 421 62357252
