Running 10s test @ http://127.0.0.1:18500/usleep?ms=10
  16 threads and 32 connections
  Thread Stats   Avg      Stdev     Max   +/- Stdev
    Latency   161.50ms  120.89ms 288.69ms    2.60%
    Req/Sec    16.56     11.57    40.00     70.08%
  Latency Distribution
     50%  147.23ms
     75%  283.30ms
     90%  283.46ms
     99%  284.15ms
  1958 requests in 10.01s, 395.81KB read
Requests/sec:    195.54
Transfer/sec:     39.53KB
## server-stat
cpu  4254810 1872 1798645 57235305 667003 0 846347 0 0 0
cpu0 163403 33 52790 1787813 8024 0 28364 0 0 0
cpu1 164690 37 53746 1791604 9912 0 27529 0 0 0
cpu2 172026 38 54129 1784452 10472 0 27750 0 0 0
cpu3 268388 39 78307 1648954 6718 0 44939 0 0 0
cpu4 263944 44 75808 1656753 8351 0 44785 0 0 0
cpu5 174410 44 55681 1779393 11727 0 28546 0 0 0
cpu6 176463 39 55752 1776549 12450 0 29463 0 0 0
cpu7 182121 37 59286 1764786 12254 0 32572 0 0 0
cpu8 42299 70 45878 1877532 25757 0 13962 0 0 0
cpu9 48847 79 49257 1850025 30196 0 15248 0 0 0
cpu10 46110 77 47527 1859356 28042 0 15008 0 0 0
cpu11 41958 73 43186 1881907 26189 0 13317 0 0 0
cpu12 89543 153 53884 1799625 32514 0 16625 0 0 0
cpu13 85714 84 54966 1797801 34301 0 17005 0 0 0
cpu14 41926 71 42763 1885490 24535 0 13087 0 0 0
cpu15 38741 75 39206 1900210 25004 0 11865 0 0 0
cpu16 223296 32 65644 1714334 11242 0 36386 0 0 0
cpu17 210042 32 63466 1727892 14321 0 34730 0 0 0
cpu18 193308 31 61365 1747642 14894 0 33603 0 0 0
cpu19 355951 28 94922 1537157 6433 0 55251 0 0 0
cpu20 319131 28 88451 1580521 9947 0 52544 0 0 0
cpu21 191764 34 60746 1748032 16983 0 32892 0 0 0
cpu22 174666 38 58017 1769012 17135 0 30864 0 0 0
cpu23 150946 37 51772 1805879 16612 0 25799 0 0 0
cpu24 45412 76 44287 1877663 30004 0 14038 0 0 0
cpu25 50916 72 49402 1850912 33060 0 16634 0 0 0
cpu26 48571 68 48178 1858234 32006 0 16150 0 0 0
cpu27 41029 59 42996 1870443 30166 0 21900 0 0 0
cpu28 80674 93 57759 1786269 36034 0 29432 0 0 0
cpu29 84583 130 59918 1773885 37035 0 30020 0 0 0
cpu30 40375 52 44703 1864759 27073 0 21955 0 0 0
cpu31 43546 56 44838 1880407 27596 0 14071 0 0 0
intr 3529855709 126 0 0 0 0 0 0 0 0 1 0 0 0 0 0 0 0 0 0 0 0 0 0 0 0 0 0 1 1 1 0 0 0 0 1 0 1 0 0 75045 0 0 0 0 0 0 0 0 411 0 0 0 0 0 0 0 0 87 0 0 0 0 0 0 0 0 0 0 0 0 0 0 0 607630 2 35071403 35005611 34921980 35069028 0 16886 16236 20128 20371 12413 15899 20917 21753 18209 57070 77829 63558 53590 86063 81596 46725 43892 20897 24331 28726 11682 18670 27269 27338 23375 59775 73970 66774 54238 85970 93360 48688 49692 0 0 0 0 617389 4758 1036 0 264 0 0 0 0 0 0 0 0 0 0 0 0 0 0 0 0 0 0 0 0 0 0 0 0 0 0 0 0 0 0 0 0 0 0 0 0 0 0 0 0 0 0 0 0 0 0 0 0 0 0 0 0 0 0 0 0 0 0 0 0 0 0 0 0 0 0 0 0 0 0 0 0 0 0 0 0 0 0 0 0 0 0 0 0 0 0 0 0 0 0 0 0 0 0 0 0 0 0 0 0 0 0 0 0 0 0 0 0 0 0 0 0 0 0 0 0 0 0 0 0 0 0 0 0 0 0 0 0 0 0 0 0 0 0 0 0 0 0 0 0 0 0 0 0 0 0 0 0 0 0 0 0 0 0 0 0 0 0 0 0 0 0 0 0 0 0 0 0 0 0 0 0 0 0 0 0 0 0 0 0 0 0 0 0 0 0 0 0 0 0 0 0 0 0 0 0 0 0 0 0 0 0 0 0 0 0 0 0 0 0 0 0 0 0 0 0 0 0 0 0 0 0 0 0 0 0 0 0 0 0 0 0 0 0 0 0 0 0 0 0 0 0 0 0 0 0 0 0 0 0 0 0 0 0 0 0 0 0 0 0 0 0 0 0 0 0 0 0 0 0 0 0 0 0 0 0 0 0 0 0 0 0 0 0 0 0 0 0 0 0 0 0 0 0 0 0 0 0 0 0 0 0 0 0 0 0 0 0 0 0 0 0 0 0 0 0 0 0 0 0 0 0 0 0 0 0 0 0 0 0 0 0 0 0 0 0 0 0 0 0 0 0 0 0 0 0 0 0 0 0 0 0 0 0 0 0 0 0 0 0 0 0 0 0 0 0 0 0 0 0 0 0 0 0 0 0 0 0 0 0 0 0 0 0 0 0 0 0 0 0 0 0 0 0 0 0 0 0 0 0 0 0 0 0 0 0 0 0 0 0 0 0 0 0 0 0 0 0 0 0 0 0 0 0 0 0 0 0 0 0 0 0 0 0 0 0 0 0 0 0 0 0 0 0 0 0 0 0 0 0 0 0 0 0 0 0 0 0 0 0 0 0 0 0 0 0 0 0 0 0 0 0 0 0 0 0 0 0 0 0 0 0 0 0 0 0 0 0 0 0 0 0 0 0 0 0 0 0 0 0 0 0 0 0 0 0 0 0 0 0 0 0 0 0 0 0 0 0 0 0 0 0 0 0 0 0 0 0 0 0 0 0 0 0 0 0 0 0 0 0 0 0 0 0 0 0 0 0 0 0 0 0 0 0 0 0 0 0 0 0 0 0 0 0 0 0 0 0 0 0 0 0 0 0 0 0 0 0 0 0 0 0 0 0 0 0 0 0 0 0 0 0 0 0 0 0 0 0 0 0 0 0 0 0 0 0 0 0 0 0 0 0 0 0 0 0 0 0 0 0 0 0 0 0 0 0 0 0 0 0 0 0 0 0 0 0 0 0 0 0 0 0 0 0 0 0 0 0 0 0 0 0 0 0 0 0 0 0 0 0 0 0 0 0 0 0 0 0 0 0 0 0 0 0 0 0 0 0 0 0 0 0 0 0 0 0 0 0 0 0 0 0 0 0 0 0 0 0 0 0 0 0 0 0 0 0 0 0 0 0 0 0 0 0 0 0 0 0 0 0 0 0 0 0 0 0 0 0 0 0 0 0 0 0 0 0 0 0 0 0 0 0 0 0 0 0 0 0 0 0 0 0 0 0 0 0 0 0 0 0 0 0 0 0 0 0 0 0 0 0 0 0 0 0 0 0 0 0 0 0 0 0 0 0 0 0 0 0 0 0 0 0 0 0 0 0 0 0 0 0 0 0 0 0 0 0 0 0 0 0 0 0 0 0 0 0 0 0 0 0 0 0 0 0 0 0 0 0 0 0 0 0 0 0 0 0 0 0 0 0 0 0 0 0 0 0 0 0 0 0 0 0 0 0 0 0 0 0 0 0 0 0 0 0 0 0 0 0 0 0 0 0 0 0 0 0 0 0 0 0 0 0 0 0 0 0 0 0 0 0 0 0 0 0 0 0 0 0 0 0 0 0 0 0 0 0 0 0 0 0 0 0 0 0 0 0 0 0 0 0 0 0 0 0 0 0 0 0 0 0 0 0 0 0 0 0 0 0 0 0 0 0 0 0 0 0 0 0 0 0 0 0 0 0 0 0 0 0 0 0 0 0 0 0 0 0 0 0 0 0 0 0 0 0 0 0 0 0 0 0 0 0 0 0 0 0 0 0 0 0 0 0 0 0 0 0 0 0 0 0 0 0 0 0 0 0 0 0 0 0 0 0 0 0 0 0 0 0 0 0 0 0 0 0 0 0 0 0 0 0 0 0 0 0 0 0 0 0 0 0 0 0 0 0 0 0 0 0 0 0 0 0 0 0 0 0 0 0 0 0 0 0 0 0 0 0 0 0 0 0 0 0 0 0 0 0 0 0 0 0 0 0 0 0 0 0 0 0 0 0 0 0 0 0 0 0 0 0 0 0 0 0
ctxt 5628507723
btime 1790630938
processes 1348114
procs_running 1
procs_blocked 0
softirq 5003427765 73526 15134361 2753290 555207717 633316 0 13560878 59216045 421 61880915
--
cpu  4254893 1873 1798665 57260721 667046 0 846348 0 0 0
cpu0 163404 33 52790 1788610 8024 0 28365 0 0 0
cpu1 164690 37 53747 1792402 9912 0 27529 0 0 0
cpu2 172027 38 54130 1785250 10472 0 27750 0 0 0
cpu3 268396 39 78308 1649745 6718 0 44939 0 0 0
cpu4 263946 44 75809 1657549 8351 0 44785 0 0 0
cpu5 174410 44 55682 1780191 11727 0 28546 0 0 0
cpu6 176463 39 55753 1777347 12450 0 29463 0 0 0
cpu7 182121 38 59286 1765584 12254 0 32572 0 0 0
cpu8 42300 70 45879 1878328 25757 0 13962 0 0 0
cpu9 48848 79 49257 1850817 30202 0 15248 0 0 0
cpu10 46110 77 47527 1860154 28042 0 15008 0 0 0
cpu11 41961 73 43186 1882703 26189 0 13317 0 0 0
cpu12 89549 153 53885 1800404 32526 0 16625 0 0 0
cpu13 85752 84 54969 1798556 34301 0 17005 0 0 0
cpu14 41927 71 42764 1886286 24536 0 13087 0 0 0
cpu15 38741 75 39207 1901009 25004 0 11865 0 0 0
cpu16 223296 32 65644 1715132 11242 0 36386 0 0 0
cpu17 210044 32 63467 1728689 14321 0 34730 0 0 0
cpu18 193308 31 61365 1748440 14894 0 33603 0 0 0
cpu19 355954 28 94923 1537952 6433 0 55251 0 0 0
cpu20 319133 28 88451 1581317 9947 0 52544 0 0 0
cpu21 191765 34 60747 1748830 16983 0 32892 0 0 0
cpu22 174666 38 58018 1769810 17135 0 30864 0 0 0
cpu23 150946 37 51773 1806678 16612 0 25799 0 0 0
cpu24 45413 76 44287 1878461 30004 0 14038 0 0 0
cpu25 50917 72 49403 1851710 33060 0 16634 0 0 0
cpu26 48573 68 48178 1859030 32007 0 16150 0 0 0
cpu27 41029 59 42996 1871241 30166 0 21900 0 0 0
cpu28 80680 93 57760 1787061 36034 0 29432 0 0 0
cpu29 84586 130 59918 1774658 37057 0 30020 0 0 0
cpu30 40376 52 44704 1865557 27073 0 21955 0 0 0
cpu31 43548 56 44838 1881204 27596 0 14071 0 0 0
intr 3529956862 126 0 0 0 0 0 0 0 0 1 0 0 0 0 0 0 0 0 0 0 0 0 0 0 0 0 0 1 1 1 0 0 0 0 1 0 1 0 0 75045 0 0 0 0 0 0 0 0 411 0 0 0 0 0 0 0 0 87 0 0 0 0 0 0 0 0 0 0 0 0 0 0 0 608082 2 35071437 35005643 34922001 35069034 0 16894 16236 20130 20371 12413 15899 20917 21753 18209 57070 77829 63558 53590 86063 81596 46728 43892 20897 24331 28726 11682 18670 27270 27338 23375 59775 73970 66774 54238 85973 93360 48694 49692 0 0 0 0 617389 4758 1036 0 264 0 0 0 0 0 0 0 0 0 0 0 0 0 0 0 0 0 0 0 0 0 0 0 0 0 0 0 0 0 0 0 0 0 0 0 0 0 0 0 0 0 0 0 0 0 0 0 0 0 0 0 0 0 0 0 0 0 0 0 0 0 0 0 0 0 0 0 0 0 0 0 0 0 0 0 0 0 0 0 0 0 0 0 0 0 0 0 0 0 0 0 0 0 0 0 0 0 0 0 0 0 0 0 0 0 0 0 0 0 0 0 0 0 0 0 0 0 0 0 0 0 0 0 0 0 0 0 0 0 0 0 0 0 0 0 0 0 0 0 0 0 0 0 0 0 0 0 0 0 0 0 0 0 0 0 0 0 0 0 0 0 0 0 0 0 0 0 0 0 0 0 0 0 0 0 0 0 0 0 0 0 0 0 0 0 0 0 0 0 0 0 0 0 0 0 0 0 0 0 0 0 0 0 0 0 0 0 0 0 0 0 0 0 0 0 0 0 0 0 0 0 0 0 0 0 0 0 0 0 0 0 0 0 0 0 0 0 0 0 0 0 0 0 0 0 0 0 0 0 0 0 0 0 0 0 0 0 0 0 0 0 0 0 0 0 0 0 0 0 0 0 0 0 0 0 0 0 0 0 0 0 0 0 0 0 0 0 0 0 0 0 0 0 0 0 0 0 0 0 0 0 0 0 0 0 0 0 0 0 0 0 0 0 0 0 0 0 0 0 0 0 0 0 0 0 0 0 0 0 0 0 0 0 0 0 0 0 0 0 0 0 0 0 0 0 0 0 0 0 0 0 0 0 0 0 0 0 0 0 0 0 0 0 0 0 0 0 0 0 0 0 0 0 0 0 0 0 0 0 0 0 0 0 0 0 0 0 0 0 0 0 0 0 0 0 0 0 0 0 0 0 0 0 0 0 0 0 0 0 0 0 0 0 0 0 0 0 0 0 0 0 0 0 0 0 0 0 0 0 0 0 0 0 0 0 0 0 0 0 0 0 0 0 0 0 0 0 0 0 0 0 0 0 0 0 0 0 0 0 0 0 0 0 0 0 0 0 0 0 0 0 0 0 0 0 0 0 0 0 0 0 0 0 0 0 0 0 0 0 0 0 0 0 0 0 0 0 0 0 0 0 0 0 0 0 0 0 0 0 0 0 0 0 0 0 0 0 0 0 0 0 0 0 0 0 0 0 0 0 0 0 0 0 0 0 0 0 0 0 0 0 0 0 0 0 0 0 0 0 0 0 0 0 0 0 0 0 0 0 0 0 0 0 0 0 0 0 0 0 0 0 0 0 0 0 0 0 0 0 0 0 0 0 0 0 0 0 0 0 0 0 0 0 0 0 0 0 0 0 0 0 0 0 0 0 0 0 0 0 0 0 0 0 0 0 0 0 0 0 0 0 0 0 0 0 0 0 0 0 0 0 0 0 0 0 0 0 0 0 0 0 0 0 0 0 0 0 0 0 0 0 0 0 0 0 0 0 0 0 0 0 0 0 0 0 0 0 0 0 0 0 0 0 0 0 0 0 0 0 0 0 0 0 0 0 0 0 0 0 0 0 0 0 0 0 0 0 0 0 0 0 0 0 0 0 0 0 0 0 0 0 0 0 0 0 0 0 0 0 0 0 0 0 0 0 0 0 0 0 0 0 0 0 0 0 0 0 0 0 0 0 0 0 0 0 0 0 0 0 0 0 0 0 0 0 0 0 0 0 0 0 0 0 0 0 0 0 0 0 0 0 0 0 0 0 0 0 0 0 0 0 0 0 0 0 0 0 0 0 0 0 0 0 0 0 0 0 0 0 0 0 0 0 0 0 0 0 0 0 0 0 0 0 0 0 0 0 0 0 0 0 0 0 0 0 0 0 0 0 0 0 0 0 0 0 0 0 0 0 0 0 0 0 0 0 0 0 0 0 0 0 0 0 0 0 0 0 0 0 0 0 0 0 0 0 0 0 0 0 0 0 0 0 0 0 0 0 0 0 0 0 0 0 0 0 0 0 0 0 0 0 0 0 0 0 0 0 0 0 0 0 0 0 0 0 0 0 0 0 0 0 0 0 0 0 0 0 0 0 0 0 0 0 0 0 0 0 0 0 0 0 0 0 0 0 0 0 0 0 0 0 0 0 0 0 0 0 0 0 0 0 0 0 0 0 0 0 0 0 0 0 0 0 0 0 0 0 0 0 0 0 0 0 0 0 0 0 0 0 0 0 0 0 0 0 0 0 0 0 0 0 0 0 0 0 0 0 0 0 0 0 0 0 0 0 0 0 0 0 0 0 0 0 0 0 0 0 0 0 0 0 0 0 0 0 0 0 0 0 0 0 0 0 0 0 0 0 0 0 0 0 0 0 0 0 0 0 0 0 0 0 0 0 0 0 0 0 0 0 0 0 0 0 0 0 0 0 0 0 0 0 0 0 0 0 0 0 0 0 0 0 0 0 0 0 0 0 0 0 0 0 0 0 0 0 0 0 0 0 0 0 0
ctxt 5628659167
btime 1790630938
processes 1348183
procs_running 1
procs_blocked 0
softirq 5003448622 73526 15139439 2753290 555211807 633784 0 13560878 59221745 421 61886436
