Running 10s test @ http://127.0.0.1:18500/usleep?ms=10
  16 threads and 1000 connections
  Thread Stats   Avg      Stdev     Max   +/- Stdev
    Latency     7.34s     1.48s    9.90s    57.68%
    Req/Sec    39.35     30.18   202.00     81.09%
  Latency Distribution
     50%    7.35s 
     75%    8.63s 
     90%    9.40s 
     99%    9.85s 
  1016 requests in 10.10s, 205.38KB read
Requests/sec:    100.60
Transfer/sec:     20.34KB
## server-stat
cpu  4254934 1874 1798675 57277074 667059 0 846350 0 0 0
cpu0 163404 33 52790 1789122 8024 0 28365 0 0 0
cpu1 164690 37 53747 1792914 9912 0 27530 0 0 0
cpu2 172027 38 54130 1785763 10472 0 27750 0 0 0
cpu3 268400 39 78309 1650251 6718 0 44939 0 0 0
cpu4 263947 45 75809 1658060 8351 0 44785 0 0 0
cpu5 174410 44 55682 1780703 11727 0 28546 0 0 0
cpu6 176463 39 55754 1777860 12450 0 29463 0 0 0
cpu7 182121 38 59286 1766098 12254 0 32572 0 0 0
cpu8 42300 70 45879 1878841 25757 0 13962 0 0 0
cpu9 48848 79 49258 1851329 30202 0 15248 0 0 0
cpu10 46110 77 47528 1860666 28042 0 15008 0 0 0
cpu11 41961 73 43186 1883216 26189 0 13317 0 0 0
cpu12 89559 153 53886 1800904 32526 0 16625 0 0 0
cpu13 85753 84 54969 1799067 34301 0 17005 0 0 0
cpu14 41928 71 42764 1886798 24536 0 13087 0 0 0
cpu15 38741 75 39207 1901521 25004 0 11865 0 0 0
cpu16 223296 32 65645 1715646 11242 0 36386 0 0 0
cpu17 210044 32 63467 1729202 14321 0 34730 0 0 0
cpu18 193308 31 61365 1748953 14894 0 33603 0 0 0
cpu19 355954 28 94923 1538465 6433 0 55251 0 0 0
cpu20 319134 28 88451 1581829 9947 0 52544 0 0 0
cpu21 191765 34 60747 1749343 16983 0 32892 0 0 0
cpu22 174666 38 58018 1770324 17135 0 30864 0 0 0
cpu23 150946 37 51773 1807192 16612 0 25799 0 0 0
cpu24 45413 76 44288 1878973 30004 0 14039 0 0 0
cpu25 50918 72 49403 1852221 33060 0 16634 0 0 0
cpu26 48573 68 48178 1859543 32007 0 16150 0 0 0
cpu27 41029 59 42997 1871742 30178 0 21900 0 0 0
cpu28 80699 93 57761 1787553 36034 0 29432 0 0 0
cpu29 84587 130 59919 1775169 37057 0 30020 0 0 0
cpu30 40376 52 44704 1866070 27074 0 21955 0 0 0
cpu31 43548 56 44838 1881717 27596 0 14071 0 0 0
intr 3530023778 126 0 0 0 0 0 0 0 0 1 0 0 0 0 0 0 0 0 0 0 0 0 0 0 0 0 0 1 1 1 0 0 0 0 1 0 1 0 0 75045 0 0 0 0 0 0 0 0 411 0 0 0 0 0 0 0 0 87 0 0 0 0 0 0 0 0 0 0 0 0 0 0 0 608230 2 35071456 35005664 34922011 35069041 0 16898 16236 20130 20371 12413 15899 20917 21753 18209 57070 77829 63558 53590 86063 81597 46729 43892 20897 24331 28726 11682 18670 27270 27338 23375 59775 73970 66774 54238 85973 93361 48697 49692 0 0 0 0 617389 4758 1036 0 264 0 0 0 0 0 0 0 0 0 0 0 0 0 0 0 0 0 0 0 0 0 0 0 0 0 0 0 0 0 0 0 0 0 0 0 0 0 0 0 0 0 0 0 0 0 0 0 0 0 0 0 0 0 0 0 0 0 0 0 0 0 0 0 0 0 0 0 0 0 0 0 0 0 0 0 0 0 0 0 0 0 0 0 0 0 0 0 0 0 0 0 0 0 0 0 0 0 0 0 0 0 0 0 0 0 0 0 0 0 0 0 0 0 0 0 0 0 0 0 0 0 0 0 0 0 0 0 0 0 0 0 0 0 0 0 0 0 0 0 0 0 0 0 0 0 0 0 0 0 0 0 0 0 0 0 0 0 0 0 0 0 0 0 0 0 0 0 0 0 0 0 0 0 0 0 0 0 0 0 0 0 0 0 0 0 0 0 0 0 0 0 0 0 0 0 0 0 0 0 0 0 0 0 0 0 0 0 0 0 0 0 0 0 0 0 0 0 0 0 0 0 0 0 0 0 0 0 0 0 0 0 0 0 0 0 0 0 0 0 0 0 0 0 0 0 0 0 0 0 0 0 0 0 0 0 0 0 0 0 0 0 0 0 0 0 0 0 0 0 0 0 0 0 0 0 0 0 0 0 0 0 0 0 0 0 0 0 0 0 0 0 0 0 0 0 0 0 0 0 0 0 0 0 0 0 0 0 0 0 0 0 0 0 0 0 0 0 0 0 0 0 0 0 0 0 0 0 0 0 0 0 0 0 0 0 0 0 0 0 0 0 0 0 0 0 0 0 0 0 0 0 0 0 0 0 0 0 0 0 0 0 0 0 0 0 0 0 0 0 0 0 0 0 0 0 0 0 0 0 0 0 0 0 0 0 0 0 0 0 0 0 0 0 0 0 0 0 0 0 0 0 0 0 0 0 0 0 0 0 0 0 0 0 0 0 0 0 0 0 0 0 0 0 0 0 0 0 0 0 0 0 0 0 0 0 0 0 0 0 0 0 0 0 0 0 0 0 0 0 0 0 0 0 0 0 0 0 0 0 0 0 0 0 0 0 0 0 0 0 0 0 0 0 0 0 0 0 0 0 0 0 0 0 0 0 0 0 0 0 0 0 0 0 0 0 0 0 0 0 0 0 0 0 0 0 0 0 0 0 0 0 0 0 0 0 0 0 0 0 0 0 0 0 0 0 0 0 0 0 0 0 0 0 0 0 0 0 0 0 0 0 0 0 0 0 0 0 0 0 0 0 0 0 0 0 0 0 0 0 0 0 0 0 0 0 0 0 0 0 0 0 0 0 0 0 0 0 0 0 0 0 0 0 0 0 0 0 0 0 0 0 0 0 0 0 0 0 0 0 0 0 0 0 0 0 0 0 0 0 0 0 0 0 0 0 0 0 0 0 0 0 0 0 0 0 0 0 0 0 0 0 0 0 0 0 0 0 0 0 0 0 0 0 0 0 0 0 0 0 0 0 0 0 0 0 0 0 0 0 0 0 0 0 0 0 0 0 0 0 0 0 0 0 0 0 0 0 0 0 0 0 0 0 0 0 0 0 0 0 0 0 0 0 0 0 0 0 0 0 0 0 0 0 0 0 0 0 0 0 0 0 0 0 0 0 0 0 0 0 0 0 0 0 0 0 0 0 0 0 0 0 0 0 0 0 0 0 0 0 0 0 0 0 0 0 0 0 0 0 0 0 0 0 0 0 0 0 0 0 0 0 0 0 0 0 0 0 0 0 0 0 0 0 0 0 0 0 0 0 0 0 0 0 0 0 0 0 0 0 0 0 0 0 0 0 0 0 0 0 0 0 0 0 0 0 0 0 0 0 0 0 0 0 0 0 0 0 0 0 0 0 0 0 0 0 0 0 0 0 0 0 0 0 0 0 0 0 0 0 0 0 0 0 0 0 0 0 0 0 0 0 0 0 0 0 0 0 0 0 0 0 0 0 0 0 0 0 0 0 0 0 0 0 0 0 0 0 0 0 0 0 0 0 0 0 0 0 0 0 0 0 0 0 0 0 0 0 0 0 0 0 0 0 0 0 0 0 0 0 0 0 0 0 0 0 0 0 0 0 0 0 0 0 0 0 0 0 0 0 0 0 0 0 0 0 0 0 0 0 0 0 0 0 0 0 0 0 0 0 0 0 0 0 0 0 0 0 0 0 0 0 0 0 0 0 0 0 0 0 0 0 0 0 0 0 0 0 0 0 0 0 0 0 0 0 0 0 0 0 0 0 0 0 0 0 0 0 0 0 0 0 0 0 0 0 0 0 0 0 0 0 0 0 0 0 0 0 0 0 0 0 0 0 0 0 0 0 0 0 0 0 0 0 0 0 0 0 0 0 0 0 0 0 0 0 0 0 0 0 0 0 0 0 0 0 0 0 0 0 0 0 0 0 0 0 0 0 0 0 0 0 0 0 0 0 0 0 0 0 0 0 0 0 0 0 0 0 0 0 0 0 0 0 0 0 0 0 0 0 0 0 0
ctxt 5628755469
btime 1790630938
processes 1348258
procs_running 1
procs_blocked 0
softirq 5003469350 73526 15142317 2753290 555220791 633943 0 13560878 59226085 421 61890803
--
cpu  4255015 1874 1798683 57302534 667075 0 846351 0 0 0
cpu0 163404 33 52791 1789920 8024 0 28366 0 0 0
cpu1 164690 37 53747 1793713 9912 0 27530 0 0 0
cpu2 172027 38 54130 1786561 10472 0 27750 0 0 0
cpu3 268409 39 78309 1651042 6718 0 44939 0 0 0
cpu4 263949 45 75809 1658857 8351 0 44785 0 0 0
cpu5 174410 44 55682 1781502 11727 0 28546 0 0 0
cpu6 176463 39 55754 1778659 12450 0 29463 0 0 0
cpu7 182121 38 59286 1766897 12254 0 32572 0 0 0
cpu8 42303 70 45879 1879637 25758 0 13962 0 0 0
cpu9 48852 79 49258 1852124 30202 0 15248 0 0 0
cpu10 46110 77 47528 1861465 28042 0 15008 0 0 0
cpu11 41962 73 43187 1884013 26189 0 13317 0 0 0
cpu12 89578 153 53887 1801681 32527 0 16625 0 0 0
cpu13 85782 84 54970 1799836 34301 0 17005 0 0 0
cpu14 41928 71 42764 1887596 24536 0 13087 0 0 0
cpu15 38742 75 39208 1902319 25004 0 11865 0 0 0
cpu16 223296 32 65645 1716445 11242 0 36386 0 0 0
cpu17 210044 32 63467 1730001 14321 0 34730 0 0 0
cpu18 193308 31 61365 1749753 14894 0 33603 0 0 0
cpu19 355954 28 94923 1539264 6433 0 55251 0 0 0
cpu20 319135 28 88451 1582627 9947 0 52544 0 0 0
cpu21 191765 34 60747 1750142 16983 0 32892 0 0 0
cpu22 174666 38 58018 1771123 17135 0 30864 0 0 0
cpu23 150946 37 51773 1807990 16612 0 25799 0 0 0
cpu24 45413 76 44288 1879772 30004 0 14039 0 0 0
cpu25 50918 72 49403 1853019 33060 0 16634 0 0 0
cpu26 48575 68 48178 1860340 32007 0 16150 0 0 0
cpu27 41029 59 42997 1872526 30192 0 21900 0 0 0
cpu28 80703 93 57761 1788346 36034 0 29432 0 0 0
cpu29 84590 130 59919 1775965 37057 0 30020 0 0 0
cpu30 40376 52 44704 1866868 27074 0 21955 0 0 0
cpu31 43549 56 44839 1882516 27596 0 14071 0 0 0
intr 3530124667 126 0 0 0 0 0 0 0 0 1 0 0 0 0 0 0 0 0 0 0 0 0 0 0 0 0 0 1 1 1 0 0 0 0 1 0 1 0 0 75045 0 0 0 0 0 0 0 0 411 0 0 0 0 0 0 0 0 87 0 0 0 0 0 0 0 0 0 0 0 0 0 0 0 608362 2 35071494 35005699 34922035 35069048 0 16902 16236 20130 20371 12413 15899 20917 21753 18209 57070 77829 63558 53590 86063 81597 46729 43893 20898 24331 28726 11682 18670 27270 27338 23375 59775 73970 66774 54238 85973 93361 48700 49692 0 0 0 0 617389 4758 1036 0 264 0 0 0 0 0 0 0 0 0 0 0 0 0 0 0 0 0 0 0 0 0 0 0 0 0 0 0 0 0 0 0 0 0 0 0 0 0 0 0 0 0 0 0 0 0 0 0 0 0 0 0 0 0 0 0 0 0 0 0 0 0 0 0 0 0 0 0 0 0 0 0 0 0 0 0 0 0 0 0 0 0 0 0 0 0 0 0 0 0 0 0 0 0 0 0 0 0 0 0 0 0 0 0 0 0 0 0 0 0 0 0 0 0 0 0 0 0 0 0 0 0 0 0 0 0 0 0 0 0 0 0 0 0 0 0 0 0 0 0 0 0 0 0 0 0 0 0 0 0 0 0 0 0 0 0 0 0 0 0 0 0 0 0 0 0 0 0 0 0 0 0 0 0 0 0 0 0 0 0 0 0 0 0 0 0 0 0 0 0 0 0 0 0 0 0 0 0 0 0 0 0 0 0 0 0 0 0 0 0 0 0 0 0 0 0 0 0 0 0 0 0 0 0 0 0 0 0 0 0 0 0 0 0 0 0 0 0 0 0 0 0 0 0 0 0 0 0 0 0 0 0 0 0 0 0 0 0 0 0 0 0 0 0 0 0 0 0 0 0 0 0 0 0 0 0 0 0 0 0 0 0 0 0 0 0 0 0 0 0 0 0 0 0 0 0 0 0 0 0 0 0 0 0 0 0 0 0 0 0 0 0 0 0 0 0 0 0 0 0 0 0 0 0 0 0 0 0 0 0 0 0 0 0 0 0 0 0 0 0 0 0 0 0 0 0 0 0 0 0 0 0 0 0 0 0 0 0 0 0 0 0 0 0 0 0 0 0 0 0 0 0 0 0 0 0 0 0 0 0 0 0 0 0 0 0 0 0 0 0 0 0 0 0 0 0 0 0 0 0 0 0 0 0 0 0 0 0 0 0 0 0 0 0 0 0 0 0 0 0 0 0 0 0 0 0 0 0 0 0 0 0 0 0 0 0 0 0 0 0 0 0 0 0 0 0 0 0 0 0 0 0 0 0 0 0 0 0 0 0 0 0 0 0 0 0 0 0 0 0 0 0 0 0 0 0 0 0 0 0 0 0 0 0 0 0 0 0 0 0 0 0 0 0 0 0 0 0 0 0 0 0 0 0 0 0 0 0 0 0 0 0 0 0 0 0 0 0 0 0 0 0 0 0 0 0 0 0 0 0 0 0 0 0 0 0 0 0 0 0 0 0 0 0 0 0 0 0 0 0 0 0 0 0 0 0 0 0 0 0 0 0 0 0 0 0 0 0 0 0 0 0 0 0 0 0 0 0 0 0 0 0 0 0 0 0 0 0 0 0 0 0 0 0 0 0 0 0 0 0 0 0 0 0 0 0 0 0 0 0 0 0 0 0 0 0 0 0 0 0 0 0 0 0 0 0 0 0 0 0 0 0 0 0 0 0 0 0 0 0 0 0 0 0 0 0 0 0 0 0 0 0 0 0 0 0 0 0 0 0 0 0 0 0 0 0 0 0 0 0 0 0 0 0 0 0 0 0 0 0 0 0 0 0 0 0 0 0 0 0 0 0 0 0 0 0 0 0 0 0 0 0 0 0 0 0 0 0 0 0 0 0 0 0 0 0 0 0 0 0 0 0 0 0 0 0 0 0 0 0 0 0 0 0 0 0 0 0 0 0 0 0 0 0 0 0 0 0 0 0 0 0 0 0 0 0 0 0 0 0 0 0 0 0 0 0 0 0 0 0 0 0 0 0 0 0 0 0 0 0 0 0 0 0 0 0 0 0 0 0 0 0 0 0 0 0 0 0 0 0 0 0 0 0 0 0 0 0 0 0 0 0 0 0 0 0 0 0 0 0 0 0 0 0 0 0 0 0 0 0 0 0 0 0 0 0 0 0 0 0 0 0 0 0 0 0 0 0 0 0 0 0 0 0 0 0 0 0 0 0 0 0 0 0 0 0 0 0 0 0 0 0 0 0 0 0 0 0 0 0 0 0 0 0 0 0 0 0 0 0 0 0 0 0 0 0 0 0 0 0 0 0 0 0 0 0 0 0 0 0 0 0 0 0 0 0 0 0 0 0 0 0 0 0 0 0 0 0 0 0 0 0 0 0 0 0 0 0 0 0 0 0 0 0 0 0 0 0 0 0 0 0 0 0 0 0 0 0 0 0 0 0 0 0 0 0 0 0 0 0 0 0 0 0 0 0 0 0 0 0 0 0 0 0 0 0 0 0 0 0 0 0 0 0 0 0 0 0 0 0 0 0 0 0 0 0 0 0 0 0 0 0 0 0 0 0 0 0 0 0 0 0 0 0 0 0 0 0 0 0 0 0 0 0 0 0 0 0 0 0 0 0 0 0 0 0 0 0 0 0 0 0 0 0 0 0 0 0 0 0 0 0 0 0 0 0 0 0 0 0 0 0 0 0 0 0 0 0 0 0 0 0 0 0 0 0 0 0 0 0 0 0 0 0 0 0 0 0 0 0 0 0 0
ctxt 5628898538
btime 1790630938
processes 1348301
procs_running 1
procs_blocked 0
softirq 5003487742 73526 15145561 2753290 555223335 634082 0 13560878 59232126 421 61897227
