Running 10s test @ http://127.0.0.1:18500/usleep?ms=10
  16 threads and 128 connections
  Thread Stats   Avg      Stdev     Max   +/- Stdev
    Latency    11.79ms    2.84ms  23.99ms   92.41%
    Req/Sec   681.03     35.52   760.00     69.56%
  Latency Distribution
     50%   10.97ms
     75%   11.05ms
     90%   12.05ms
     99%   22.07ms
  108505 requests in 10.01s, 16.04MB read
Requests/sec:  10840.58
Transfer/sec:      1.60MB
## server-stat
cpu  3443474 1547 1621682 46288424 328049 0 784178 0 0 0
cpu0 126243 28 45577 1453636 4202 0 24995 0 0 0
cpu1 128837 32 46810 1455016 4972 0 24731 0 0 0
cpu2 130094 33 46913 1454602 4856 0 24807 0 0 0
cpu3 203782 32 67405 1344757 3717 0 40631 0 0 0
cpu4 205944 36 66311 1344683 4243 0 40828 0 0 0
cpu5 137321 34 48862 1444355 5423 0 25811 0 0 0
cpu6 137077 32 48958 1444473 5583 0 26557 0 0 0
cpu7 144290 29 52422 1431320 5581 0 29390 0 0 0
cpu8 41137 56 43494 1511002 12519 0 13348 0 0 0
cpu9 47151 61 46637 1487350 15564 0 14532 0 0 0
cpu10 44772 62 45022 1495460 13685 0 14351 0 0 0
cpu11 40936 57 40962 1515348 12493 0 12771 0 0 0
cpu12 81800 136 50484 1445015 17694 0 15715 0 0 0
cpu13 78305 68 51435 1444716 18249 0 16061 0 0 0
cpu14 40761 57 40403 1518751 11811 0 12503 0 0 0
cpu15 37878 58 37083 1532146 11994 0 11354 0 0 0
cpu16 171401 27 57413 1395129 5526 0 33337 0 0 0
cpu17 160949 26 55552 1406926 7233 0 31795 0 0 0
cpu18 153607 26 54284 1417137 6738 0 31053 0 0 0
cpu19 271137 25 80961 1255624 3348 0 50686 0 0 0
cpu20 241421 25 75786 1291931 5151 0 48133 0 0 0
cpu21 146827 29 53062 1424098 8086 0 30240 0 0 0
cpu22 137922 33 51107 1436225 7935 0 28477 0 0 0
cpu23 119007 31 45369 1467292 7569 0 23745 0 0 0
cpu24 44024 59 41826 1513321 14243 0 13458 0 0 0
cpu25 49195 60 46657 1489379 16244 0 15892 0 0 0
cpu26 47093 56 45541 1495669 15461 0 15451 0 0 0
cpu27 39786 45 40580 1505737 14262 0 21331 0 0 0
cpu28 74690 79 54158 1431965 18615 0 28440 0 0 0
cpu29 78514 116 56125 1420863 19222 0 28968 0 0 0
cpu30 39178 42 42096 1499575 13064 0 21311 0 0 0
cpu31 42384 42 42373 1514910 12750 0 13462 0 0 0
intr 3229191507 126 0 0 0 0 0 0 0 0 1 0 0 0 0 0 0 0 0 0 0 0 0 0 0 0 0 0 1 1 1 0 0 0 0 1 0 1 0 0 75045 0 0 0 0 0 0 0 0 411 0 0 0 0 0 0 0 0 87 0 0 0 0 0 0 0 0 0 0 0 0 0 0 0 464461 2 35055030 34994395 34910442 35051149 0 13759 9279 10267 10343 7543 8627 10865 12441 9709 34929 47637 36794 31252 45860 45321 29169 25601 11494 12463 14936 6588 10049 13878 14099 12558 32173 39243 35539 29816 42362 45263 26426 27739 0 0 0 0 617129 4431 1036 0 264 0 0 0 0 0 0 0 0 0 0 0 0 0 0 0 0 0 0 0 0 0 0 0 0 0 0 0 0 0 0 0 0 0 0 0 0 0 0 0 0 0 0 0 0 0 0 0 0 0 0 0 0 0 0 0 0 0 0 0 0 0 0 0 0 0 0 0 0 0 0 0 0 0 0 0 0 0 0 0 0 0 0 0 0 0 0 0 0 0 0 0 0 0 0 0 0 0 0 0 0 0 0 0 0 0 0 0 0 0 0 0 0 0 0 0 0 0 0 0 0 0 0 0 0 0 0 0 0 0 0 0 0 0 0 0 0 0 0 0 0 0 0 0 0 0 0 0 0 0 0 0 0 0 0 0 0 0 0 0 0 0 0 0 0 0 0 0 0 0 0 0 0 0 0 0 0 0 0 0 0 0 0 0 0 0 0 0 0 0 0 0 0 0 0 0 0 0 0 0 0 0 0 0 0 0 0 0 0 0 0 0 0 0 0 0 0 0 0 0 0 0 0 0 0 0 0 0 0 0 0 0 0 0 0 0 0 0 0 0 0 0 0 0 0 0 0 0 0 0 0 0 0 0 0 0 0 0 0 0 0 0 0 0 0 0 0 0 0 0 0 0 0 0 0 0 0 0 0 0 0 0 0 0 0 0 0 0 0 0 0 0 0 0 0 0 0 0 0 0 0 0 0 0 0 0 0 0 0 0 0 0 0 0 0 0 0 0 0 0 0 0 0 0 0 0 0 0 0 0 0 0 0 0 0 0 0 0 0 0 0 0 0 0 0 0 0 0 0 0 0 0 0 0 0 0 0 0 0 0 0 0 0 0 0 0 0 0 0 0 0 0 0 0 0 0 0 0 0 0 0 0 0 0 0 0 0 0 0 0 0 0 0 0 0 0 0 0 0 0 0 0 0 0 0 0 0 0 0 0 0 0 0 0 0 0 0 0 0 0 0 0 0 0 0 0 0 0 0 0 0 0 0 0 0 0 0 0 0 0 0 0 0 0 0 0 0 0 0 0 0 0 0 0 0 0 0 0 0 0 0 0 0 0 0 0 0 0 0 0 0 0 0 0 0 0 0 0 0 0 0 0 0 0 0 0 0 0 0 0 0 0 0 0 0 0 0 0 0 0 0 0 0 0 0 0 0 0 0 0 0 0 0 0 0 0 0 0 0 0 0 0 0 0 0 0 0 0 0 0 0 0 0 0 0 0 0 0 0 0 0 0 0 0 0 0 0 0 0 0 0 0 0 0 0 0 0 0 0 0 0 0 0 0 0 0 0 0 0 0 0 0 0 0 0 0 0 0 0 0 0 0 0 0 0 0 0 0 0 0 0 0 0 0 0 0 0 0 0 0 0 0 0 0 0 0 0 0 0 0 0 0 0 0 0 0 0 0 0 0 0 0 0 0 0 0 0 0 0 0 0 0 0 0 0 0 0 0 0 0 0 0 0 0 0 0 0 0 0 0 0 0 0 0 0 0 0 0 0 0 0 0 0 0 0 0 0 0 0 0 0 0 0 0 0 0 0 0 0 0 0 0 0 0 0 0 0 0 0 0 0 0 0 0 0 0 0 0 0 0 0 0 0 0 0 0 0 0 0 0 0 0 0 0 0 0 0 0 0 0 0 0 0 0 0 0 0 0 0 0 0 0 0 0 0 0 0 0 0 0 0 0 0 0 0 0 0 0 0 0 0 0 0 0 0 0 0 0 0 0 0 0 0 0 0 0 0 0 0 0 0 0 0 0 0 0 0 0 0 0 0 0 0 0 0 0 0 0 0 0 0 0 0 0 0 0 0 0 0 0 0 0 0 0 0 0 0 0 0 0 0 0 0 0 0 0 0 0 0 0 0 0 0 0 0 0 0 0 0 0 0 0 0 0 0 0 0 0 0 0 0 0 0 0 0 0 0 0 0 0 0 0 0 0 0 0 0 0 0 0 0 0 0 0 0 0 0 0 0 0 0 0 0 0 0 0 0 0 0 0 0 0 0 0 0 0 0 0 0 0 0 0 0 0 0 0 0 0 0 0 0 0 0 0 0 0 0 0 0 0 0 0 0 0 0 0 0 0 0 0 0 0 0 0 0 0 0 0 0 0 0 0 0 0 0 0 0 0 0 0 0 0 0 0 0 0 0 0 0 0 0 0 0 0 0 0 0 0 0 0 0 0 0 0 0 0 0 0 0 0 0 0 0 0 0 0 0 0 0 0 0 0 0 0 0 0 0 0 0 0 0 0 0 0 0 0 0 0 0 0 0 0 0 0 0 0 0 0 0 0 0 0 0 0 0 0 0 0 0 0 0 0 0 0 0 0 0 0 0 0 0 0 0 0 0 0 0 0 0 0 0 0 0 0 0 0 0 0 0 0 0 0 0 0 0 0 0 0 0 0 0 0 0 0 0 0 0 0 0 0 0 0 0 0 0 0 0 0 0 0 0 0 0 0 0 0 0 0 0 0 0 0 0 0 0 0 0 0 0 0 0 0 0
ctxt 5104363345
btime 1790630938
processes 754849
procs_running 2
procs_blocked 0
softirq 4615133282 73526 12105402 2753158 196928492 485192 0 13559992 51153174 421 43106629
--
cpu  3443995 1548 1621767 46313250 328084 0 784213 0 0 0
cpu0 126300 28 45585 1454365 4202 0 25000 0 0 0
cpu1 128859 32 46815 1455784 4972 0 24737 0 0 0
cpu2 130105 33 46914 1455387 4856 0 24808 0 0 0
cpu3 203914 32 67425 1345394 3717 0 40639 0 0 0
cpu4 206035 36 66324 1345373 4243 0 40833 0 0 0
cpu5 137336 34 48864 1445136 5423 0 25812 0 0 0
cpu6 137078 32 48958 1445270 5583 0 26557 0 0 0
cpu7 144294 29 52423 1432114 5581 0 29390 0 0 0
cpu8 41139 56 43494 1511793 12519 0 13348 0 0 0
cpu9 47152 61 46637 1488135 15565 0 14533 0 0 0
cpu10 44774 62 45023 1496239 13698 0 14351 0 0 0
cpu11 40937 57 40963 1516143 12493 0 12771 0 0 0
cpu12 81811 136 50485 1445793 17694 0 15716 0 0 0
cpu13 78331 68 51438 1445480 18250 0 16062 0 0 0
cpu14 40764 57 40404 1519542 11812 0 12503 0 0 0
cpu15 37878 58 37083 1532938 11994 0 11354 0 0 0
cpu16 171409 27 57414 1395919 5526 0 33337 0 0 0
cpu17 160952 26 55553 1407721 7233 0 31795 0 0 0
cpu18 153607 26 54285 1417935 6738 0 31053 0 0 0
cpu19 271204 25 80973 1256338 3348 0 50691 0 0 0
cpu20 241458 25 75790 1292687 5151 0 48135 0 0 0
cpu21 146827 29 53062 1424897 8086 0 30240 0 0 0
cpu22 137922 33 51107 1437023 7935 0 28477 0 0 0
cpu23 119007 31 45370 1468090 7569 0 23745 0 0 0
cpu24 44024 59 41827 1514118 14243 0 13458 0 0 0
cpu25 49198 60 46658 1490173 16244 0 15892 0 0 0
cpu26 47094 56 45542 1496464 15461 0 15451 0 0 0
cpu27 39787 45 40580 1506531 14262 0 21331 0 0 0
cpu28 74696 79 54159 1432752 18615 0 28440 0 0 0
cpu29 78525 116 56127 1421627 19239 0 28968 0 0 0
cpu30 39179 42 42096 1500369 13064 0 21311 0 0 0
cpu31 42384 42 42374 1515704 12751 0 13462 0 0 0
intr 3229435568 126 0 0 0 0 0 0 0 0 1 0 0 0 0 0 0 0 0 0 0 0 0 0 0 0 0 0 1 1 1 0 0 0 0 1 0 1 0 0 75045 0 0 0 0 0 0 0 0 411 0 0 0 0 0 0 0 0 87 0 0 0 0 0 0 0 0 0 0 0 0 0 0 0 464777 2 35055075 34994436 34910479 35051172 0 13767 9333 10267 10343 7543 8627 10865 12441 9709 34930 47637 36795 31252 45860 45321 29169 25601 11494 12463 14936 6589 10049 13880 14099 12558 32173 39249 35540 29816 42362 46099 26427 28634 0 0 0 0 617129 4431 1036 0 264 0 0 0 0 0 0 0 0 0 0 0 0 0 0 0 0 0 0 0 0 0 0 0 0 0 0 0 0 0 0 0 0 0 0 0 0 0 0 0 0 0 0 0 0 0 0 0 0 0 0 0 0 0 0 0 0 0 0 0 0 0 0 0 0 0 0 0 0 0 0 0 0 0 0 0 0 0 0 0 0 0 0 0 0 0 0 0 0 0 0 0 0 0 0 0 0 0 0 0 0 0 0 0 0 0 0 0 0 0 0 0 0 0 0 0 0 0 0 0 0 0 0 0 0 0 0 0 0 0 0 0 0 0 0 0 0 0 0 0 0 0 0 0 0 0 0 0 0 0 0 0 0 0 0 0 0 0 0 0 0 0 0 0 0 0 0 0 0 0 0 0 0 0 0 0 0 0 0 0 0 0 0 0 0 0 0 0 0 0 0 0 0 0 0 0 0 0 0 0 0 0 0 0 0 0 0 0 0 0 0 0 0 0 0 0 0 0 0 0 0 0 0 0 0 0 0 0 0 0 0 0 0 0 0 0 0 0 0 0 0 0 0 0 0 0 0 0 0 0 0 0 0 0 0 0 0 0 0 0 0 0 0 0 0 0 0 0 0 0 0 0 0 0 0 0 0 0 0 0 0 0 0 0 0 0 0 0 0 0 0 0 0 0 0 0 0 0 0 0 0 0 0 0 0 0 0 0 0 0 0 0 0 0 0 0 0 0 0 0 0 0 0 0 0 0 0 0 0 0 0 0 0 0 0 0 0 0 0 0 0 0 0 0 0 0 0 0 0 0 0 0 0 0 0 0 0 0 0 0 0 0 0 0 0 0 0 0 0 0 0 0 0 0 0 0 0 0 0 0 0 0 0 0 0 0 0 0 0 0 0 0 0 0 0 0 0 0 0 0 0 0 0 0 0 0 0 0 0 0 0 0 0 0 0 0 0 0 0 0 0 0 0 0 0 0 0 0 0 0 0 0 0 0 0 0 0 0 0 0 0 0 0 0 0 0 0 0 0 0 0 0 0 0 0 0 0 0 0 0 0 0 0 0 0 0 0 0 0 0 0 0 0 0 0 0 0 0 0 0 0 0 0 0 0 0 0 0 0 0 0 0 0 0 0 0 0 0 0 0 0 0 0 0 0 0 0 0 0 0 0 0 0 0 0 0 0 0 0 0 0 0 0 0 0 0 0 0 0 0 0 0 0 0 0 0 0 0 0 0 0 0 0 0 0 0 0 0 0 0 0 0 0 0 0 0 0 0 0 0 0 0 0 0 0 0 0 0 0 0 0 0 0 0 0 0 0 0 0 0 0 0 0 0 0 0 0 0 0 0 0 0 0 0 0 0 0 0 0 0 0 0 0 0 0 0 0 0 0 0 0 0 0 0 0 0 0 0 0 0 0 0 0 0 0 0 0 0 0 0 0 0 0 0 0 0 0 0 0 0 0 0 0 0 0 0 0 0 0 0 0 0 0 0 0 0 0 0 0 0 0 0 0 0 0 0 0 0 0 0 0 0 0 0 0 0 0 0 0 0 0 0 0 0 0 0 0 0 0 0 0 0 0 0 0 0 0 0 0 0 0 0 0 0 0 0 0 0 0 0 0 0 0 0 0 0 0 0 0 0 0 0 0 0 0 0 0 0 0 0 0 0 0 0 0 0 0 0 0 0 0 0 0 0 0 0 0 0 0 0 0 0 0 0 0 0 0 0 0 0 0 0 0 0 0 0 0 0 0 0 0 0 0 0 0 0 0 0 0 0 0 0 0 0 0 0 0 0 0 0 0 0 0 0 0 0 0 0 0 0 0 0 0 0 0 0 0 0 0 0 0 0 0 0 0 0 0 0 0 0 0 0 0 0 0 0 0 0 0 0 0 0 0 0 0 0 0 0 0 0 0 0 0 0 0 0 0 0 0 0 0 0 0 0 0 0 0 0 0 0 0 0 0 0 0 0 0 0 0 0 0 0 0 0 0 0 0 0 0 0 0 0 0 0 0 0 0 0 0 0 0 0 0 0 0 0 0 0 0 0 0 0 0 0 0 0 0 0 0 0 0 0 0 0 0 0 0 0 0 0 0 0 0 0 0 0 0 0 0 0 0 0 0 0 0 0 0 0 0 0 0 0 0 0 0 0 0 0 0 0 0 0 0 0 0 0 0 0 0 0 0 0 0 0 0 0 0 0 0 0 0 0 0 0 0 0 0 0 0 0 0 0 0 0 0 0 0 0 0 0 0 0 0 0 0 0 0 0 0 0 0 0 0 0 0 0 0 0 0 0 0 0 0 0 0 0 0 0 0 0 0 0 0 0 0 0 0 0 0 0 0 0 0 0 0 0 0 0 0 0 0 0 0 0 0 0 0 0 0 0 0 0 0 0 0 0 0 0 0 0 0 0 0 0 0 0 0 0 0 0 0 0 0 0 0 0 0 0 0 0 0 0 0 0 0 0 0 0 0 0 0 0 0 0 0 0 0 0 0 0 0 0 0
ctxt 5104688833
btime 1790630938
processes 754919
procs_running 1
procs_blocked 0
softirq 4615350578 73526 12109798 2753158 197102453 485521 0 13559992 51171574 421 43126839
