Running 10s test @ http://127.0.0.1:18500/usleep?ms=10
  16 threads and 32 connections
  Thread Stats   Avg      Stdev     Max   +/- Stdev
    Latency   169.80ms   17.43ms 368.71ms   98.34%
    Req/Sec    12.36      4.36    20.00     74.65%
  Latency Distribution
     50%  178.42ms
     75%  178.96ms
     90%  179.11ms
     99%  242.29ms
  1870 requests in 10.01s, 332.36KB read
Requests/sec:    186.73
Transfer/sec:     33.19KB
## server-stat
cpu  3317280 1505 1600106 44868054 217529 0 781377 0 0 0
cpu0 120640 28 44645 1408857 3400 0 24743 0 0 0
cpu1 124073 32 46007 1409249 3919 0 24566 0 0 0
cpu2 125043 32 46129 1409143 3662 0 24678 0 0 0
cpu3 195905 31 66212 1302568 2640 0 40486 0 0 0
cpu4 197647 35 65230 1302665 3201 0 40683 0 0 0
cpu5 131862 34 48037 1399618 3859 0 25699 0 0 0
cpu6 132367 31 48313 1399196 3621 0 26458 0 0 0
cpu7 140167 28 51834 1385843 3214 0 29292 0 0 0
cpu8 40969 53 43221 1463765 7697 0 13336 0 0 0
cpu9 46924 59 46341 1440684 10306 0 14519 0 0 0
cpu10 44592 59 44753 1448756 8326 0 14341 0 0 0
cpu11 40794 54 40717 1468350 7295 0 12764 0 0 0
cpu12 80744 134 50093 1399459 12418 0 15687 0 0 0
cpu13 77377 67 51047 1398987 13108 0 16030 0 0 0
cpu14 40606 54 40121 1471550 6976 0 12494 0 0 0
cpu15 37757 57 36832 1485033 6905 0 11346 0 0 0
cpu16 161262 26 56191 1354877 4601 0 33177 0 0 0
cpu17 150705 26 54348 1367021 6068 0 31627 0 0 0
cpu18 144771 25 53246 1376240 4995 0 30889 0 0 0
cpu19 256591 25 79120 1220144 2774 0 50463 0 0 0
cpu20 228080 24 74020 1255141 4548 0 47928 0 0 0
cpu21 139603 29 52110 1381918 5923 0 30066 0 0 0
cpu22 131946 32 50251 1393431 5082 0 28298 0 0 0
cpu23 114935 31 44628 1422555 4637 0 23602 0 0 0
cpu24 43815 57 41527 1466853 8610 0 13451 0 0 0
cpu25 48962 59 46340 1443058 10568 0 15882 0 0 0
cpu26 46876 54 45238 1449255 9823 0 15444 0 0 0
cpu27 39607 43 40282 1459283 8563 0 21326 0 0 0
cpu28 73713 78 53724 1387128 12632 0 28408 0 0 0
cpu29 77699 114 55681 1376265 12911 0 28929 0 0 0
cpu30 39019 39 41791 1452887 7831 0 21299 0 0 0
cpu31 42213 41 42065 1468258 7400 0 13455 0 0 0
intr 3205851125 126 0 0 0 0 0 0 0 0 1 0 0 0 0 0 0 0 0 0 0 0 0 0 0 0 0 0 1 1 1 0 0 0 0 1 0 1 0 0 75045 0 0 0 0 0 0 0 0 411 0 0 0 0 0 0 0 0 87 0 0 0 0 0 0 0 0 0 0 0 0 0 0 0 436209 2 35052614 34991361 34909007 35049160 0 13339 7838 8589 7689 5960 7064 8203 8549 6498 27821 39036 29501 23533 35912 35666 23580 19839 9985 10403 9896 5364 8845 10895 10146 8751 25452 30317 27812 22970 31192 32773 20306 22085 0 0 0 0 617093 4386 1036 0 264 0 0 0 0 0 0 0 0 0 0 0 0 0 0 0 0 0 0 0 0 0 0 0 0 0 0 0 0 0 0 0 0 0 0 0 0 0 0 0 0 0 0 0 0 0 0 0 0 0 0 0 0 0 0 0 0 0 0 0 0 0 0 0 0 0 0 0 0 0 0 0 0 0 0 0 0 0 0 0 0 0 0 0 0 0 0 0 0 0 0 0 0 0 0 0 0 0 0 0 0 0 0 0 0 0 0 0 0 0 0 0 0 0 0 0 0 0 0 0 0 0 0 0 0 0 0 0 0 0 0 0 0 0 0 0 0 0 0 0 0 0 0 0 0 0 0 0 0 0 0 0 0 0 0 0 0 0 0 0 0 0 0 0 0 0 0 0 0 0 0 0 0 0 0 0 0 0 0 0 0 0 0 0 0 0 0 0 0 0 0 0 0 0 0 0 0 0 0 0 0 0 0 0 0 0 0 0 0 0 0 0 0 0 0 0 0 0 0 0 0 0 0 0 0 0 0 0 0 0 0 0 0 0 0 0 0 0 0 0 0 0 0 0 0 0 0 0 0 0 0 0 0 0 0 0 0 0 0 0 0 0 0 0 0 0 0 0 0 0 0 0 0 0 0 0 0 0 0 0 0 0 0 0 0 0 0 0 0 0 0 0 0 0 0 0 0 0 0 0 0 0 0 0 0 0 0 0 0 0 0 0 0 0 0 0 0 0 0 0 0 0 0 0 0 0 0 0 0 0 0 0 0 0 0 0 0 0 0 0 0 0 0 0 0 0 0 0 0 0 0 0 0 0 0 0 0 0 0 0 0 0 0 0 0 0 0 0 0 0 0 0 0 0 0 0 0 0 0 0 0 0 0 0 0 0 0 0 0 0 0 0 0 0 0 0 0 0 0 0 0 0 0 0 0 0 0 0 0 0 0 0 0 0 0 0 0 0 0 0 0 0 0 0 0 0 0 0 0 0 0 0 0 0 0 0 0 0 0 0 0 0 0 0 0 0 0 0 0 0 0 0 0 0 0 0 0 0 0 0 0 0 0 0 0 0 0 0 0 0 0 0 0 0 0 0 0 0 0 0 0 0 0 0 0 0 0 0 0 0 0 0 0 0 0 0 0 0 0 0 0 0 0 0 0 0 0 0 0 0 0 0 0 0 0 0 0 0 0 0 0 0 0 0 0 0 0 0 0 0 0 0 0 0 0 0 0 0 0 0 0 0 0 0 0 0 0 0 0 0 0 0 0 0 0 0 0 0 0 0 0 0 0 0 0 0 0 0 0 0 0 0 0 0 0 0 0 0 0 0 0 0 0 0 0 0 0 0 0 0 0 0 0 0 0 0 0 0 0 0 0 0 0 0 0 0 0 0 0 0 0 0 0 0 0 0 0 0 0 0 0 0 0 0 0 0 0 0 0 0 0 0 0 0 0 0 0 0 0 0 0 0 0 0 0 0 0 0 0 0 0 0 0 0 0 0 0 0 0 0 0 0 0 0 0 0 0 0 0 0 0 0 0 0 0 0 0 0 0 0 0 0 0 0 0 0 0 0 0 0 0 0 0 0 0 0 0 0 0 0 0 0 0 0 0 0 0 0 0 0 0 0 0 0 0 0 0 0 0 0 0 0 0 0 0 0 0 0 0 0 0 0 0 0 0 0 0 0 0 0 0 0 0 0 0 0 0 0 0 0 0 0 0 0 0 0 0 0 0 0 0 0 0 0 0 0 0 0 0 0 0 0 0 0 0 0 0 0 0 0 0 0 0 0 0 0 0 0 0 0 0 0 0 0 0 0 0 0 0 0 0 0 0 0 0 0 0 0 0 0 0 0 0 0 0 0 0 0 0 0 0 0 0 0 0 0 0 0 0 0 0 0 0 0 0 0 0 0 0 0 0 0 0 0 0 0 0 0 0 0 0 0 0 0 0 0 0 0 0 0 0 0 0 0 0 0 0 0 0 0 0 0 0 0 0 0 0 0 0 0 0 0 0 0 0 0 0 0 0 0 0 0 0 0 0 0 0 0 0 0 0 0 0 0 0 0 0 0 0 0 0 0 0 0 0 0 0 0 0 0 0 0 0 0 0 0 0 0 0 0 0 0 0 0 0 0 0 0 0 0 0 0 0 0 0 0 0 0 0 0 0 0 0 0 0 0 0 0 0 0 0 0 0 0 0 0 0 0 0 0 0 0 0 0 0 0 0 0 0 0 0 0 0 0 0 0 0 0 0 0 0 0 0 0 0 0 0 0 0 0 0 0 0 0 0 0 0 0 0 0 0 0 0 0 0 0 0 0 0 0 0 0 0 0 0 0 0 0 0 0 0 0 0 0 0 0 0 0 0 0 0 0 0 0 0 0 0 0 0 0 0 0 0 0 0 0 0 0 0 0 0 0 0 0 0 0 0 0 0 0 0 0 0 0 0 0 0 0 0 0 0 0 0 0 0 0 0 0 0 0 0 0 0 0 0 0 0 0 0 0 0 0 0
ctxt 5068244239
btime 1790630938
processes 654277
procs_running 1
procs_blocked 0
softirq 4600330612 73526 11607280 2753148 186549017 456238 0 13559875 50063307 421 40300504
--
cpu  3317424 1505 1600119 44893431 217559 0 781378 0 0 0
cpu0 120641 28 44646 1409653 3400 0 24743 0 0 0
cpu1 124073 32 46007 1410048 3919 0 24566 0 0 0
cpu2 125043 32 46129 1409942 3662 0 24678 0 0 0
cpu3 195939 31 66213 1303329 2640 0 40487 0 0 0
cpu4 197681 35 65232 1303429 3201 0 40683 0 0 0
cpu5 131864 34 48037 1400416 3859 0 25699 0 0 0
cpu6 132367 31 48313 1399995 3621 0 26458 0 0 0
cpu7 140168 28 51834 1386642 3214 0 29292 0 0 0
cpu8 40969 53 43221 1464563 7697 0 13336 0 0 0
cpu9 46926 59 46342 1441479 10306 0 14519 0 0 0
cpu10 44592 59 44754 1449554 8326 0 14341 0 0 0
cpu11 40795 54 40717 1469149 7295 0 12764 0 0 0
cpu12 80758 134 50094 1400241 12418 0 15687 0 0 0
cpu13 77403 67 51049 1399757 13108 0 16030 0 0 0
cpu14 40609 54 40121 1472346 6976 0 12494 0 0 0
cpu15 37758 57 36833 1485830 6905 0 11346 0 0 0
cpu16 161262 26 56192 1355675 4602 0 33177 0 0 0
cpu17 150705 26 54349 1367820 6068 0 31627 0 0 0
cpu18 144771 25 53246 1377039 4995 0 30889 0 0 0
cpu19 256591 25 79120 1220943 2774 0 50463 0 0 0
cpu20 228081 24 74020 1255940 4548 0 47928 0 0 0
cpu21 139603 29 52110 1382718 5923 0 30066 0 0 0
cpu22 131946 32 50251 1394230 5082 0 28298 0 0 0
cpu23 114935 31 44628 1423354 4637 0 23602 0 0 0
cpu24 43817 57 41527 1467650 8610 0 13451 0 0 0
cpu25 48963 59 46340 1443855 10568 0 15882 0 0 0
cpu26 46878 54 45238 1450052 9823 0 15444 0 0 0
cpu27 39609 43 40282 1460081 8563 0 21326 0 0 0
cpu28 73727 78 53725 1387912 12633 0 28408 0 0 0
cpu29 77701 114 55681 1377033 12939 0 28929 0 0 0
cpu30 39019 39 41791 1453685 7831 0 21299 0 0 0
cpu31 42215 41 42065 1469055 7400 0 13455 0 0 0
intr 3205944746 126 0 0 0 0 0 0 0 0 1 0 0 0 0 0 0 0 0 0 0 0 0 0 0 0 0 0 1 1 1 0 0 0 0 1 0 1 0 0 75045 0 0 0 0 0 0 0 0 411 0 0 0 0 0 0 0 0 87 0 0 0 0 0 0 0 0 0 0 0 0 0 0 0 436466 2 35052658 34991430 34909032 35049202 0 13343 7838 8589 7689 5961 7064 8203 8549 6499 27821 39036 29501 23533 35912 35666 23580 19839 9991 10403 9896 5364 8845 10895 10146 8751 25452 30320 27812 22970 31192 32773 20306 22085 0 0 0 0 617093 4386 1036 0 264 0 0 0 0 0 0 0 0 0 0 0 0 0 0 0 0 0 0 0 0 0 0 0 0 0 0 0 0 0 0 0 0 0 0 0 0 0 0 0 0 0 0 0 0 0 0 0 0 0 0 0 0 0 0 0 0 0 0 0 0 0 0 0 0 0 0 0 0 0 0 0 0 0 0 0 0 0 0 0 0 0 0 0 0 0 0 0 0 0 0 0 0 0 0 0 0 0 0 0 0 0 0 0 0 0 0 0 0 0 0 0 0 0 0 0 0 0 0 0 0 0 0 0 0 0 0 0 0 0 0 0 0 0 0 0 0 0 0 0 0 0 0 0 0 0 0 0 0 0 0 0 0 0 0 0 0 0 0 0 0 0 0 0 0 0 0 0 0 0 0 0 0 0 0 0 0 0 0 0 0 0 0 0 0 0 0 0 0 0 0 0 0 0 0 0 0 0 0 0 0 0 0 0 0 0 0 0 0 0 0 0 0 0 0 0 0 0 0 0 0 0 0 0 0 0 0 0 0 0 0 0 0 0 0 0 0 0 0 0 0 0 0 0 0 0 0 0 0 0 0 0 0 0 0 0 0 0 0 0 0 0 0 0 0 0 0 0 0 0 0 0 0 0 0 0 0 0 0 0 0 0 0 0 0 0 0 0 0 0 0 0 0 0 0 0 0 0 0 0 0 0 0 0 0 0 0 0 0 0 0 0 0 0 0 0 0 0 0 0 0 0 0 0 0 0 0 0 0 0 0 0 0 0 0 0 0 0 0 0 0 0 0 0 0 0 0 0 0 0 0 0 0 0 0 0 0 0 0 0 0 0 0 0 0 0 0 0 0 0 0 0 0 0 0 0 0 0 0 0 0 0 0 0 0 0 0 0 0 0 0 0 0 0 0 0 0 0 0 0 0 0 0 0 0 0 0 0 0 0 0 0 0 0 0 0 0 0 0 0 0 0 0 0 0 0 0 0 0 0 0 0 0 0 0 0 0 0 0 0 0 0 0 0 0 0 0 0 0 0 0 0 0 0 0 0 0 0 0 0 0 0 0 0 0 0 0 0 0 0 0 0 0 0 0 0 0 0 0 0 0 0 0 0 0 0 0 0 0 0 0 0 0 0 0 0 0 0 0 0 0 0 0 0 0 0 0 0 0 0 0 0 0 0 0 0 0 0 0 0 0 0 0 0 0 0 0 0 0 0 0 0 0 0 0 0 0 0 0 0 0 0 0 0 0 0 0 0 0 0 0 0 0 0 0 0 0 0 0 0 0 0 0 0 0 0 0 0 0 0 0 0 0 0 0 0 0 0 0 0 0 0 0 0 0 0 0 0 0 0 0 0 0 0 0 0 0 0 0 0 0 0 0 0 0 0 0 0 0 0 0 0 0 0 0 0 0 0 0 0 0 0 0 0 0 0 0 0 0 0 0 0 0 0 0 0 0 0 0 0 0 0 0 0 0 0 0 0 0 0 0 0 0 0 0 0 0 0 0 0 0 0 0 0 0 0 0 0 0 0 0 0 0 0 0 0 0 0 0 0 0 0 0 0 0 0 0 0 0 0 0 0 0 0 0 0 0 0 0 0 0 0 0 0 0 0 0 0 0 0 0 0 0 0 0 0 0 0 0 0 0 0 0 0 0 0 0 0 0 0 0 0 0 0 0 0 0 0 0 0 0 0 0 0 0 0 0 0 0 0 0 0 0 0 0 0 0 0 0 0 0 0 0 0 0 0 0 0 0 0 0 0 0 0 0 0 0 0 0 0 0 0 0 0 0 0 0 0 0 0 0 0 0 0 0 0 0 0 0 0 0 0 0 0 0 0 0 0 0 0 0 0 0 0 0 0 0 0 0 0 0 0 0 0 0 0 0 0 0 0 0 0 0 0 0 0 0 0 0 0 0 0 0 0 0 0 0 0 0 0 0 0 0 0 0 0 0 0 0 0 0 0 0 0 0 0 0 0 0 0 0 0 0 0 0 0 0 0 0 0 0 0 0 0 0 0 0 0 0 0 0 0 0 0 0 0 0 0 0 0 0 0 0 0 0 0 0 0 0 0 0 0 0 0 0 0 0 0 0 0 0 0 0 0 0 0 0 0 0 0 0 0 0 0 0 0 0 0 0 0 0 0 0 0 0 0 0 0 0 0 0 0 0 0 0 0 0 0 0 0 0 0 0 0 0 0 0 0 0 0 0 0 0 0 0 0 0 0 0 0 0 0 0 0 0 0 0 0 0 0 0 0 0 0 0 0 0 0 0 0 0 0 0 0 0 0 0 0 0 0 0 0 0 0 0 0 0 0 0 0 0 0 0 0 0 0 0 0 0 0 0 0 0 0 0 0 0 0 0 0 0 0 0 0 0 0 0 0 0 0 0 0 0 0 0 0 0 0 0 0 0 0 0 0 0 0 0 0 0 0 0 0 0 0 0 0 0 0 0 0 0 0 0 0 0 0 0 0 0 0 0 0 0 0 0 0 0 0 0 0 0 0 0
ctxt 5068380236
btime 1790630938
processes 654390
procs_running 1
procs_blocked 0
softirq 4600352819 73526 11612234 2753148 186553254 456507 0 13559876 50070181 421 40306376
