Running 10s test @ http://127.0.0.1:18500/usleep?ms=10
  16 threads and 32 connections
  Thread Stats   Avg      Stdev     Max   +/- Stdev
    Latency   163.87ms   11.60ms 316.63ms   98.56%
    Req/Sec    13.52      4.86    20.00     63.05%
  Latency Distribution
     50%  162.56ms
     75%  162.78ms
     90%  162.93ms
     99%  225.06ms
  1938 requests in 10.01s, 391.76KB read
Requests/sec:    193.58
Transfer/sec:     39.13KB
## server-stat
cpu  3254562 1443 1582844 42599449 202656 0 774665 0 0 0
cpu0 119362 27 44265 1336944 3230 0 24453 0 0 0
cpu1 123204 31 45652 1336587 3620 0 24420 0 0 0
cpu2 124422 31 45797 1336131 3363 0 24565 0 0 0
cpu3 186190 30 64226 1241367 2460 0 39280 0 0 0
cpu4 187201 34 63162 1242411 2930 0 39312 0 0 0
cpu5 131279 32 47707 1326503 3596 0 25604 0 0 0
cpu6 131889 29 48011 1325880 3365 0 26374 0 0 0
cpu7 139757 26 51551 1312346 2984 0 29229 0 0 0
cpu8 40808 50 43007 1390645 7243 0 13307 0 0 0
cpu9 46629 57 46077 1368463 9772 0 14468 0 0 0
cpu10 44381 56 44502 1376344 7804 0 14301 0 0 0
cpu11 40637 52 40492 1395598 6657 0 12735 0 0 0
cpu12 79129 131 49674 1329182 11764 0 15609 0 0 0
cpu13 75825 62 50588 1328898 12385 0 15934 0 0 0
cpu14 40411 51 39859 1398982 6468 0 12453 0 0 0
cpu15 37623 53 36594 1412036 6428 0 11314 0 0 0
cpu16 160157 25 55838 1282404 4214 0 33087 0 0 0
cpu17 149955 24 54008 1294189 5674 0 31538 0 0 0
cpu18 144163 24 52903 1303302 4571 0 30798 0 0 0
cpu19 241801 24 76494 1164753 2475 0 49210 0 0 0
cpu20 215577 24 71929 1196687 4162 0 46986 0 0 0
cpu21 139034 27 51753 1308949 5501 0 29981 0 0 0
cpu22 131464 30 49911 1320251 4703 0 28225 0 0 0
cpu23 114514 30 44314 1349247 4251 0 23546 0 0 0
cpu24 43601 54 41275 1393945 7965 0 13424 0 0 0
cpu25 48732 57 46090 1370302 9941 0 15849 0 0 0
cpu26 46668 52 44986 1376272 9264 0 15410 0 0 0
cpu27 39432 41 40045 1386020 7995 0 21301 0 0 0
cpu28 72946 76 53396 1315633 11536 0 28353 0 0 0
cpu29 76836 113 55341 1304712 12065 0 28873 0 0 0
cpu30 38866 37 41552 1379615 7371 0 21276 0 0 0
cpu31 42057 39 41830 1394836 6883 0 13438 0 0 0
intr 3162947222 126 0 0 0 0 0 0 0 0 1 0 0 0 0 0 0 0 0 0 0 0 0 0 0 0 0 0 1 1 1 0 0 0 0 1 0 1 0 0 75045 0 0 0 0 0 0 0 0 411 0 0 0 0 0 0 0 0 87 0 0 0 0 0 0 0 0 0 0 0 0 0 0 0 417040 2 35049070 34990105 34908318 35046982 0 12732 7529 8240 7314 5770 6721 7678 8166 6214 27292 38500 28596 22981 34435 34673 23033 19403 9495 9942 9458 5087 8383 10482 9780 8342 24830 29021 26912 22410 30284 30765 19869 21568 0 0 0 0 617045 4327 1036 0 264 0 0 0 0 0 0 0 0 0 0 0 0 0 0 0 0 0 0 0 0 0 0 0 0 0 0 0 0 0 0 0 0 0 0 0 0 0 0 0 0 0 0 0 0 0 0 0 0 0 0 0 0 0 0 0 0 0 0 0 0 0 0 0 0 0 0 0 0 0 0 0 0 0 0 0 0 0 0 0 0 0 0 0 0 0 0 0 0 0 0 0 0 0 0 0 0 0 0 0 0 0 0 0 0 0 0 0 0 0 0 0 0 0 0 0 0 0 0 0 0 0 0 0 0 0 0 0 0 0 0 0 0 0 0 0 0 0 0 0 0 0 0 0 0 0 0 0 0 0 0 0 0 0 0 0 0 0 0 0 0 0 0 0 0 0 0 0 0 0 0 0 0 0 0 0 0 0 0 0 0 0 0 0 0 0 0 0 0 0 0 0 0 0 0 0 0 0 0 0 0 0 0 0 0 0 0 0 0 0 0 0 0 0 0 0 0 0 0 0 0 0 0 0 0 0 0 0 0 0 0 0 0 0 0 0 0 0 0 0 0 0 0 0 0 0 0 0 0 0 0 0 0 0 0 0 0 0 0 0 0 0 0 0 0 0 0 0 0 0 0 0 0 0 0 0 0 0 0 0 0 0 0 0 0 0 0 0 0 0 0 0 0 0 0 0 0 0 0 0 0 0 0 0 0 0 0 0 0 0 0 0 0 0 0 0 0 0 0 0 0 0 0 0 0 0 0 0 0 0 0 0 0 0 0 0 0 0 0 0 0 0 0 0 0 0 0 0 0 0 0 0 0 0 0 0 0 0 0 0 0 0 0 0 0 0 0 0 0 0 0 0 0 0 0 0 0 0 0 0 0 0 0 0 0 0 0 0 0 0 0 0 0 0 0 0 0 0 0 0 0 0 0 0 0 0 0 0 0 0 0 0 0 0 0 0 0 0 0 0 0 0 0 0 0 0 0 0 0 0 0 0 0 0 0 0 0 0 0 0 0 0 0 0 0 0 0 0 0 0 0 0 0 0 0 0 0 0 0 0 0 0 0 0 0 0 0 0 0 0 0 0 0 0 0 0 0 0 0 0 0 0 0 0 0 0 0 0 0 0 0 0 0 0 0 0 0 0 0 0 0 0 0 0 0 0 0 0 0 0 0 0 0 0 0 0 0 0 0 0 0 0 0 0 0 0 0 0 0 0 0 0 0 0 0 0 0 0 0 0 0 0 0 0 0 0 0 0 0 0 0 0 0 0 0 0 0 0 0 0 0 0 0 0 0 0 0 0 0 0 0 0 0 0 0 0 0 0 0 0 0 0 0 0 0 0 0 0 0 0 0 0 0 0 0 0 0 0 0 0 0 0 0 0 0 0 0 0 0 0 0 0 0 0 0 0 0 0 0 0 0 0 0 0 0 0 0 0 0 0 0 0 0 0 0 0 0 0 0 0 0 0 0 0 0 0 0 0 0 0 0 0 0 0 0 0 0 0 0 0 0 0 0 0 0 0 0 0 0 0 0 0 0 0 0 0 0 0 0 0 0 0 0 0 0 0 0 0 0 0 0 0 0 0 0 0 0 0 0 0 0 0 0 0 0 0 0 0 0 0 0 0 0 0 0 0 0 0 0 0 0 0 0 0 0 0 0 0 0 0 0 0 0 0 0 0 0 0 0 0 0 0 0 0 0 0 0 0 0 0 0 0 0 0 0 0 0 0 0 0 0 0 0 0 0 0 0 0 0 0 0 0 0 0 0 0 0 0 0 0 0 0 0 0 0 0 0 0 0 0 0 0 0 0 0 0 0 0 0 0 0 0 0 0 0 0 0 0 0 0 0 0 0 0 0 0 0 0 0 0 0 0 0 0 0 0 0 0 0 0 0 0 0 0 0 0 0 0 0 0 0 0 0 0 0 0 0 0 0 0 0 0 0 0 0 0 0 0 0 0 0 0 0 0 0 0 0 0 0 0 0 0 0 0 0 0 0 0 0 0 0 0 0 0 0 0 0 0 0 0 0 0 0 0 0 0 0 0 0 0 0 0 0 0 0 0 0 0 0 0 0 0 0 0 0 0 0 0 0 0 0 0 0 0 0 0 0 0 0 0 0 0 0 0 0 0 0 0 0 0 0 0 0 0 0 0 0 0 0 0 0 0 0 0 0 0 0 0 0 0 0 0 0 0 0 0 0 0 0 0 0 0 0 0 0 0 0 0 0 0 0 0 0 0 0 0 0 0 0 0 0 0 0 0 0 0 0 0 0 0 0 0 0 0 0 0 0 0 0 0 0 0 0 0 0 0 0 0 0 0 0 0 0 0 0 0 0 0 0 0 0 0 0 0 0 0 0 0 0 0 0 0 0 0 0 0 0 0 0 0 0 0 0 0 0 0 0 0 0 0 0 0 0 0 0 0 0 0 0 0 0 0 0 0 0 0 0 0 0 0 0 0 0 0 0 0 0 0 0 0 0 0 0 0 0 0 0 0 0 0 0 0 0
ctxt 4991120369
btime 1790630938
processes 560876
procs_running 1
procs_blocked 0
softirq 4548192218 73526 11228523 2753138 138118064 436153 0 13559729 49030581 421 38024787
--
cpu  3254633 1444 1582856 42624905 202674 0 774666 0 0 0
cpu0 119363 27 44265 1337740 3230 0 24454 0 0 0
cpu1 123206 31 45652 1337383 3620 0 24420 0 0 0
cpu2 124423 31 45798 1336928 3363 0 24565 0 0 0
cpu3 186196 30 64226 1242158 2461 0 39280 0 0 0
cpu4 187204 34 63163 1243206 2930 0 39312 0 0 0
cpu5 131279 32 47708 1327301 3596 0 25605 0 0 0
cpu6 131889 29 48011 1326679 3365 0 26374 0 0 0
cpu7 139757 26 51551 1313144 2984 0 29229 0 0 0
cpu8 40808 50 43007 1391443 7243 0 13307 0 0 0
cpu9 46629 57 46077 1369259 9772 0 14468 0 0 0
cpu10 44381 56 44503 1377141 7804 0 14301 0 0 0
cpu11 40637 52 40493 1396396 6657 0 12735 0 0 0
cpu12 79132 131 49675 1329976 11764 0 15609 0 0 0
cpu13 75851 62 50590 1329669 12385 0 15934 0 0 0
cpu14 40411 51 39859 1399781 6468 0 12453 0 0 0
cpu15 37623 53 36594 1412835 6428 0 11314 0 0 0
cpu16 160158 25 55838 1283202 4214 0 33087 0 0 0
cpu17 149955 24 54008 1294989 5674 0 31538 0 0 0
cpu18 144164 24 52903 1304100 4572 0 30798 0 0 0
cpu19 241803 24 76494 1165549 2475 0 49210 0 0 0
cpu20 215578 24 71929 1197485 4162 0 46986 0 0 0
cpu21 139034 27 51753 1309746 5501 0 29981 0 0 0
cpu22 131464 30 49911 1321049 4703 0 28225 0 0 0
cpu23 114514 30 44315 1350045 4251 0 23546 0 0 0
cpu24 43601 54 41275 1394744 7965 0 13424 0 0 0
cpu25 48733 57 46090 1371099 9941 0 15849 0 0 0
cpu26 46668 52 44986 1377070 9264 0 15410 0 0 0
cpu27 39432 41 40045 1386819 7995 0 21301 0 0 0
cpu28 72950 76 53397 1316412 11551 0 28353 0 0 0
cpu29 76850 113 55342 1305495 12065 0 28873 0 0 0
cpu30 38866 37 41552 1380414 7371 0 21276 0 0 0
cpu31 42057 39 41831 1395635 6883 0 13438 0 0 0
intr 3163077429 126 0 0 0 0 0 0 0 0 1 0 0 0 0 0 0 0 0 0 0 0 0 0 0 0 0 0 1 1 1 0 0 0 0 1 0 1 0 0 75045 0 0 0 0 0 0 0 0 411 0 0 0 0 0 0 0 0 87 0 0 0 0 0 0 0 0 0 0 0 0 0 0 0 417191 2 35049090 34990122 34908323 35046987 0 12740 7529 8240 7314 5770 6721 7678 8166 6215 27292 38500 28596 22981 34435 34673 23033 19403 9497 9942 9467 5088 8383 10482 9781 8342 24830 29021 26912 22410 30284 30765 19869 21568 0 0 0 0 617045 4327 1036 0 264 0 0 0 0 0 0 0 0 0 0 0 0 0 0 0 0 0 0 0 0 0 0 0 0 0 0 0 0 0 0 0 0 0 0 0 0 0 0 0 0 0 0 0 0 0 0 0 0 0 0 0 0 0 0 0 0 0 0 0 0 0 0 0 0 0 0 0 0 0 0 0 0 0 0 0 0 0 0 0 0 0 0 0 0 0 0 0 0 0 0 0 0 0 0 0 0 0 0 0 0 0 0 0 0 0 0 0 0 0 0 0 0 0 0 0 0 0 0 0 0 0 0 0 0 0 0 0 0 0 0 0 0 0 0 0 0 0 0 0 0 0 0 0 0 0 0 0 0 0 0 0 0 0 0 0 0 0 0 0 0 0 0 0 0 0 0 0 0 0 0 0 0 0 0 0 0 0 0 0 0 0 0 0 0 0 0 0 0 0 0 0 0 0 0 0 0 0 0 0 0 0 0 0 0 0 0 0 0 0 0 0 0 0 0 0 0 0 0 0 0 0 0 0 0 0 0 0 0 0 0 0 0 0 0 0 0 0 0 0 0 0 0 0 0 0 0 0 0 0 0 0 0 0 0 0 0 0 0 0 0 0 0 0 0 0 0 0 0 0 0 0 0 0 0 0 0 0 0 0 0 0 0 0 0 0 0 0 0 0 0 0 0 0 0 0 0 0 0 0 0 0 0 0 0 0 0 0 0 0 0 0 0 0 0 0 0 0 0 0 0 0 0 0 0 0 0 0 0 0 0 0 0 0 0 0 0 0 0 0 0 0 0 0 0 0 0 0 0 0 0 0 0 0 0 0 0 0 0 0 0 0 0 0 0 0 0 0 0 0 0 0 0 0 0 0 0 0 0 0 0 0 0 0 0 0 0 0 0 0 0 0 0 0 0 0 0 0 0 0 0 0 0 0 0 0 0 0 0 0 0 0 0 0 0 0 0 0 0 0 0 0 0 0 0 0 0 0 0 0 0 0 0 0 0 0 0 0 0 0 0 0 0 0 0 0 0 0 0 0 0 0 0 0 0 0 0 0 0 0 0 0 0 0 0 0 0 0 0 0 0 0 0 0 0 0 0 0 0 0 0 0 0 0 0 0 0 0 0 0 0 0 0 0 0 0 0 0 0 0 0 0 0 0 0 0 0 0 0 0 0 0 0 0 0 0 0 0 0 0 0 0 0 0 0 0 0 0 0 0 0 0 0 0 0 0 0 0 0 0 0 0 0 0 0 0 0 0 0 0 0 0 0 0 0 0 0 0 0 0 0 0 0 0 0 0 0 0 0 0 0 0 0 0 0 0 0 0 0 0 0 0 0 0 0 0 0 0 0 0 0 0 0 0 0 0 0 0 0 0 0 0 0 0 0 0 0 0 0 0 0 0 0 0 0 0 0 0 0 0 0 0 0 0 0 0 0 0 0 0 0 0 0 0 0 0 0 0 0 0 0 0 0 0 0 0 0 0 0 0 0 0 0 0 0 0 0 0 0 0 0 0 0 0 0 0 0 0 0 0 0 0 0 0 0 0 0 0 0 0 0 0 0 0 0 0 0 0 0 0 0 0 0 0 0 0 0 0 0 0 0 0 0 0 0 0 0 0 0 0 0 0 0 0 0 0 0 0 0 0 0 0 0 0 0 0 0 0 0 0 0 0 0 0 0 0 0 0 0 0 0 0 0 0 0 0 0 0 0 0 0 0 0 0 0 0 0 0 0 0 0 0 0 0 0 0 0 0 0 0 0 0 0 0 0 0 0 0 0 0 0 0 0 0 0 0 0 0 0 0 0 0 0 0 0 0 0 0 0 0 0 0 0 0 0 0 0 0 0 0 0 0 0 0 0 0 0 0 0 0 0 0 0 0 0 0 0 0 0 0 0 0 0 0 0 0 0 0 0 0 0 0 0 0 0 0 0 0 0 0 0 0 0 0 0 0 0 0 0 0 0 0 0 0 0 0 0 0 0 0 0 0 0 0 0 0 0 0 0 0 0 0 0 0 0 0 0 0 0 0 0 0 0 0 0 0 0 0 0 0 0 0 0 0 0 0 0 0 0 0 0 0 0 0 0 0 0 0 0 0 0 0 0 0 0 0 0 0 0 0 0 0 0 0 0 0 0 0 0 0 0 0 0 0 0 0 0 0 0 0 0 0 0 0 0 0 0 0 0 0 0 0 0 0 0 0 0 0 0 0 0 0 0 0 0 0 0 0 0 0 0 0 0 0 0 0 0 0 0 0 0 0 0 0 0 0 0 0 0 0 0 0 0 0 0 0 0 0 0 0 0 0 0 0 0 0 0 0 0 0 0 0 0 0 0 0 0 0 0 0 0 0 0 0 0 0 0 0 0 0 0 0 0 0 0 0 0 0 0 0 0 0 0 0 0 0 0 0 0 0 0 0 0 0 0 0 0 0 0 0 0 0 0 0 0 0 0 0 0 0 0 0 0 0 0 0 0 0 0 0 0 0 0 0 0 0 0 0 0 0 0 0 0
ctxt 4991332138
btime 1790630938
processes 560942
procs_running 1
procs_blocked 0
softirq 4548215521 73526 11234468 2753138 138122518 436317 0 13559729 49037492 421 38030616
