Running 10s test @ http://127.0.0.1:18500/usleep?ms=10
  16 threads and 128 connections
  Thread Stats   Avg      Stdev     Max   +/- Stdev
    Latency    10.29ms   46.74us  11.23ms   70.41%
    Req/Sec   780.58     20.21   808.00     69.94%
  Latency Distribution
     50%   10.29ms
     75%   10.32ms
     90%   10.35ms
     99%   10.39ms
  124361 requests in 10.01s, 14.35MB read
Requests/sec:  12427.44
Transfer/sec:      1.43MB
## server-stat
cpu  3500613 1570 1637415 46991054 377794 0 792936 0 0 0
cpu0 129444 28 46339 1474947 4702 0 25513 0 0 0
cpu1 131788 33 47391 1476783 5688 0 25059 0 0 0
cpu2 133246 33 47467 1476079 5692 0 25175 0 0 0
cpu3 209117 32 68583 1363432 4166 0 41332 0 0 0
cpu4 209549 36 66972 1366051 4744 0 41073 0 0 0
cpu5 140410 35 49532 1465575 6414 0 26265 0 0 0
cpu6 140995 32 49819 1464279 6677 0 27291 0 0 0
cpu7 147580 29 53091 1452303 6512 0 29919 0 0 0
cpu8 41235 57 43758 1534404 14442 0 13442 0 0 0
cpu9 47270 63 46926 1510275 17778 0 14656 0 0 0
cpu10 44874 63 45300 1518366 15956 0 14472 0 0 0
cpu11 41012 58 41225 1538607 14577 0 12870 0 0 0
cpu12 82313 137 50831 1467335 19963 0 15855 0 0 0
cpu13 78747 70 51790 1466853 20732 0 16198 0 0 0
cpu14 40852 58 40667 1542074 13774 0 12608 0 0 0
cpu15 37946 59 37329 1555488 14067 0 11451 0 0 0
cpu16 175228 27 58077 1415930 6284 0 33732 0 0 0
cpu17 164560 27 56278 1427517 8226 0 32311 0 0 0
cpu18 156628 27 54924 1438243 7917 0 31524 0 0 0
cpu19 274596 26 81685 1277137 3815 0 50941 0 0 0
cpu20 245941 25 76838 1311596 5689 0 48794 0 0 0
cpu21 150122 29 53613 1445033 9377 0 30605 0 0 0
cpu22 139780 33 51353 1459095 9283 0 28563 0 0 0
cpu23 120976 32 45795 1489661 8939 0 24025 0 0 0
cpu24 44129 60 42107 1536256 16588 0 13560 0 0 0
cpu25 49343 61 46963 1512079 18680 0 16006 0 0 0
cpu26 47213 57 45839 1518474 17853 0 15569 0 0 0
cpu27 39885 46 40851 1528753 16566 0 21438 0 0 0
cpu28 75113 80 54539 1454288 21061 0 28581 0 0 0
cpu29 78947 117 56508 1443283 21517 0 29108 0 0 0
cpu30 39279 44 42369 1522757 15172 0 21421 0 0 0
cpu31 42483 43 42643 1538089 14926 0 13567 0 0 0
intr 3262483617 126 0 0 0 0 0 0 0 0 1 0 0 0 0 0 0 0 0 0 0 0 0 0 0 0 0 0 1 1 1 0 0 0 0 1 0 1 0 0 75045 0 0 0 0 0 0 0 0 411 0 0 0 0 0 0 0 0 87 0 0 0 0 0 0 0 0 0 0 0 0 0 0 0 478150 2 35056481 34995728 34911650 35052599 0 13972 10749 12154 11568 8428 9748 12791 13893 10845 38300 52166 40844 34590 52580 50250 31355 28097 12624 14413 17217 7577 10999 15777 15595 13866 35833 44981 41064 33020 50813 54727 30073 32223 0 0 0 0 617145 4452 1036 0 264 0 0 0 0 0 0 0 0 0 0 0 0 0 0 0 0 0 0 0 0 0 0 0 0 0 0 0 0 0 0 0 0 0 0 0 0 0 0 0 0 0 0 0 0 0 0 0 0 0 0 0 0 0 0 0 0 0 0 0 0 0 0 0 0 0 0 0 0 0 0 0 0 0 0 0 0 0 0 0 0 0 0 0 0 0 0 0 0 0 0 0 0 0 0 0 0 0 0 0 0 0 0 0 0 0 0 0 0 0 0 0 0 0 0 0 0 0 0 0 0 0 0 0 0 0 0 0 0 0 0 0 0 0 0 0 0 0 0 0 0 0 0 0 0 0 0 0 0 0 0 0 0 0 0 0 0 0 0 0 0 0 0 0 0 0 0 0 0 0 0 0 0 0 0 0 0 0 0 0 0 0 0 0 0 0 0 0 0 0 0 0 0 0 0 0 0 0 0 0 0 0 0 0 0 0 0 0 0 0 0 0 0 0 0 0 0 0 0 0 0 0 0 0 0 0 0 0 0 0 0 0 0 0 0 0 0 0 0 0 0 0 0 0 0 0 0 0 0 0 0 0 0 0 0 0 0 0 0 0 0 0 0 0 0 0 0 0 0 0 0 0 0 0 0 0 0 0 0 0 0 0 0 0 0 0 0 0 0 0 0 0 0 0 0 0 0 0 0 0 0 0 0 0 0 0 0 0 0 0 0 0 0 0 0 0 0 0 0 0 0 0 0 0 0 0 0 0 0 0 0 0 0 0 0 0 0 0 0 0 0 0 0 0 0 0 0 0 0 0 0 0 0 0 0 0 0 0 0 0 0 0 0 0 0 0 0 0 0 0 0 0 0 0 0 0 0 0 0 0 0 0 0 0 0 0 0 0 0 0 0 0 0 0 0 0 0 0 0 0 0 0 0 0 0 0 0 0 0 0 0 0 0 0 0 0 0 0 0 0 0 0 0 0 0 0 0 0 0 0 0 0 0 0 0 0 0 0 0 0 0 0 0 0 0 0 0 0 0 0 0 0 0 0 0 0 0 0 0 0 0 0 0 0 0 0 0 0 0 0 0 0 0 0 0 0 0 0 0 0 0 0 0 0 0 0 0 0 0 0 0 0 0 0 0 0 0 0 0 0 0 0 0 0 0 0 0 0 0 0 0 0 0 0 0 0 0 0 0 0 0 0 0 0 0 0 0 0 0 0 0 0 0 0 0 0 0 0 0 0 0 0 0 0 0 0 0 0 0 0 0 0 0 0 0 0 0 0 0 0 0 0 0 0 0 0 0 0 0 0 0 0 0 0 0 0 0 0 0 0 0 0 0 0 0 0 0 0 0 0 0 0 0 0 0 0 0 0 0 0 0 0 0 0 0 0 0 0 0 0 0 0 0 0 0 0 0 0 0 0 0 0 0 0 0 0 0 0 0 0 0 0 0 0 0 0 0 0 0 0 0 0 0 0 0 0 0 0 0 0 0 0 0 0 0 0 0 0 0 0 0 0 0 0 0 0 0 0 0 0 0 0 0 0 0 0 0 0 0 0 0 0 0 0 0 0 0 0 0 0 0 0 0 0 0 0 0 0 0 0 0 0 0 0 0 0 0 0 0 0 0 0 0 0 0 0 0 0 0 0 0 0 0 0 0 0 0 0 0 0 0 0 0 0 0 0 0 0 0 0 0 0 0 0 0 0 0 0 0 0 0 0 0 0 0 0 0 0 0 0 0 0 0 0 0 0 0 0 0 0 0 0 0 0 0 0 0 0 0 0 0 0 0 0 0 0 0 0 0 0 0 0 0 0 0 0 0 0 0 0 0 0 0 0 0 0 0 0 0 0 0 0 0 0 0 0 0 0 0 0 0 0 0 0 0 0 0 0 0 0 0 0 0 0 0 0 0 0 0 0 0 0 0 0 0 0 0 0 0 0 0 0 0 0 0 0 0 0 0 0 0 0 0 0 0 0 0 0 0 0 0 0 0 0 0 0 0 0 0 0 0 0 0 0 0 0 0 0 0 0 0 0 0 0 0 0 0 0 0 0 0 0 0 0 0 0 0 0 0 0 0 0 0 0 0 0 0 0 0 0 0 0 0 0 0 0 0 0 0 0 0 0 0 0 0 0 0 0 0 0 0 0 0 0 0 0 0 0 0 0 0 0 0 0 0 0 0 0 0 0 0 0 0 0 0 0 0 0 0 0 0 0 0 0 0 0 0 0 0 0 0 0 0 0 0 0 0 0 0 0 0 0 0 0 0 0 0 0 0 0 0 0 0 0 0 0 0 0 0 0 0 0 0 0 0 0 0 0 0 0 0 0 0 0 0 0 0 0 0 0 0 0 0 0 0 0 0 0 0 0 0 0 0 0 0 0 0 0 0 0 0 0 0 0 0 0 0 0 0 0 0 0 0 0 0 0 0 0 0 0 0 0 0 0 0 0 0 0 0 0 0 0 0 0 0 0 0 0 0 0 0 0 0 0 0 0 0 0 0 0 0 0 0
ctxt 5165863092
btime 1790630938
processes 789897
procs_running 1
procs_blocked 0
softirq 4669481669 73526 12354214 2753162 249531443 499236 0 13560047 51757202 421 43985122
--
cpu  3500747 1570 1637456 47016336 377809 0 792969 0 0 0
cpu0 129444 28 46339 1475743 4702 0 25513 0 0 0
cpu1 131789 33 47392 1477580 5688 0 25060 0 0 0
cpu2 133246 33 47467 1476877 5692 0 25175 0 0 0
cpu3 209173 32 68602 1364132 4166 0 41351 0 0 0
cpu4 209571 36 66979 1366813 4744 0 41079 0 0 0
cpu5 140413 35 49533 1466369 6414 0 26266 0 0 0
cpu6 140995 32 49819 1465078 6677 0 27291 0 0 0
cpu7 147580 29 53091 1453102 6512 0 29919 0 0 0
cpu8 41236 57 43758 1535201 14442 0 13442 0 0 0
cpu9 47271 63 46926 1511063 17778 0 14656 0 0 0
cpu10 44875 63 45300 1519153 15956 0 14473 0 0 0
cpu11 41012 58 41226 1539393 14582 0 12871 0 0 0
cpu12 82322 137 50833 1468114 19963 0 15856 0 0 0
cpu13 78772 70 51794 1467615 20732 0 16200 0 0 0
cpu14 40852 58 40668 1542866 13774 0 12608 0 0 0
cpu15 37946 59 37330 1556282 14067 0 11451 0 0 0
cpu16 175228 27 58077 1416728 6284 0 33732 0 0 0
cpu17 164560 27 56278 1428316 8226 0 32311 0 0 0
cpu18 156628 27 54924 1439041 7917 0 31524 0 0 0
cpu19 274596 26 81685 1277936 3815 0 50941 0 0 0
cpu20 245941 25 76838 1312395 5689 0 48794 0 0 0
cpu21 150122 29 53613 1445832 9377 0 30605 0 0 0
cpu22 139780 33 51353 1459893 9283 0 28563 0 0 0
cpu23 120976 32 45795 1490460 8939 0 24025 0 0 0
cpu24 44129 60 42107 1537051 16588 0 13560 0 0 0
cpu25 49343 61 46963 1512869 18688 0 16006 0 0 0
cpu26 47213 57 45840 1519271 17853 0 15569 0 0 0
cpu27 39885 46 40851 1529552 16566 0 21438 0 0 0
cpu28 75123 80 54539 1455075 21061 0 28581 0 0 0
cpu29 78947 117 56509 1444079 21517 0 29108 0 0 0
cpu30 39279 44 42369 1523556 15172 0 21421 0 0 0
cpu31 42483 43 42643 1538888 14927 0 13567 0 0 0
intr 3262661073 126 0 0 0 0 0 0 0 0 1 0 0 0 0 0 0 0 0 0 0 0 0 0 0 0 0 0 1 1 1 0 0 0 0 1 0 1 0 0 75045 0 0 0 0 0 0 0 0 411 0 0 0 0 0 0 0 0 87 0 0 0 0 0 0 0 0 0 0 0 0 0 0 0 478273 2 35056520 34995759 34911667 35052628 0 13976 10749 12154 11568 8428 9748 12792 13893 10845 38300 52166 40844 34590 52580 50250 31355 28097 12624 14413 17217 7577 10999 15777 15595 13866 35833 44981 41064 33020 50813 54730 30073 32223 0 0 0 0 617149 4452 1036 0 264 0 0 0 0 0 0 0 0 0 0 0 0 0 0 0 0 0 0 0 0 0 0 0 0 0 0 0 0 0 0 0 0 0 0 0 0 0 0 0 0 0 0 0 0 0 0 0 0 0 0 0 0 0 0 0 0 0 0 0 0 0 0 0 0 0 0 0 0 0 0 0 0 0 0 0 0 0 0 0 0 0 0 0 0 0 0 0 0 0 0 0 0 0 0 0 0 0 0 0 0 0 0 0 0 0 0 0 0 0 0 0 0 0 0 0 0 0 0 0 0 0 0 0 0 0 0 0 0 0 0 0 0 0 0 0 0 0 0 0 0 0 0 0 0 0 0 0 0 0 0 0 0 0 0 0 0 0 0 0 0 0 0 0 0 0 0 0 0 0 0 0 0 0 0 0 0 0 0 0 0 0 0 0 0 0 0 0 0 0 0 0 0 0 0 0 0 0 0 0 0 0 0 0 0 0 0 0 0 0 0 0 0 0 0 0 0 0 0 0 0 0 0 0 0 0 0 0 0 0 0 0 0 0 0 0 0 0 0 0 0 0 0 0 0 0 0 0 0 0 0 0 0 0 0 0 0 0 0 0 0 0 0 0 0 0 0 0 0 0 0 0 0 0 0 0 0 0 0 0 0 0 0 0 0 0 0 0 0 0 0 0 0 0 0 0 0 0 0 0 0 0 0 0 0 0 0 0 0 0 0 0 0 0 0 0 0 0 0 0 0 0 0 0 0 0 0 0 0 0 0 0 0 0 0 0 0 0 0 0 0 0 0 0 0 0 0 0 0 0 0 0 0 0 0 0 0 0 0 0 0 0 0 0 0 0 0 0 0 0 0 0 0 0 0 0 0 0 0 0 0 0 0 0 0 0 0 0 0 0 0 0 0 0 0 0 0 0 0 0 0 0 0 0 0 0 0 0 0 0 0 0 0 0 0 0 0 0 0 0 0 0 0 0 0 0 0 0 0 0 0 0 0 0 0 0 0 0 0 0 0 0 0 0 0 0 0 0 0 0 0 0 0 0 0 0 0 0 0 0 0 0 0 0 0 0 0 0 0 0 0 0 0 0 0 0 0 0 0 0 0 0 0 0 0 0 0 0 0 0 0 0 0 0 0 0 0 0 0 0 0 0 0 0 0 0 0 0 0 0 0 0 0 0 0 0 0 0 0 0 0 0 0 0 0 0 0 0 0 0 0 0 0 0 0 0 0 0 0 0 0 0 0 0 0 0 0 0 0 0 0 0 0 0 0 0 0 0 0 0 0 0 0 0 0 0 0 0 0 0 0 0 0 0 0 0 0 0 0 0 0 0 0 0 0 0 0 0 0 0 0 0 0 0 0 0 0 0 0 0 0 0 0 0 0 0 0 0 0 0 0 0 0 0 0 0 0 0 0 0 0 0 0 0 0 0 0 0 0 0 0 0 0 0 0 0 0 0 0 0 0 0 0 0 0 0 0 0 0 0 0 0 0 0 0 0 0 0 0 0 0 0 0 0 0 0 0 0 0 0 0 0 0 0 0 0 0 0 0 0 0 0 0 0 0 0 0 0 0 0 0 0 0 0 0 0 0 0 0 0 0 0 0 0 0 0 0 0 0 0 0 0 0 0 0 0 0 0 0 0 0 0 0 0 0 0 0 0 0 0 0 0 0 0 0 0 0 0 0 0 0 0 0 0 0 0 0 0 0 0 0 0 0 0 0 0 0 0 0 0 0 0 0 0 0 0 0 0 0 0 0 0 0 0 0 0 0 0 0 0 0 0 0 0 0 0 0 0 0 0 0 0 0 0 0 0 0 0 0 0 0 0 0 0 0 0 0 0 0 0 0 0 0 0 0 0 0 0 0 0 0 0 0 0 0 0 0 0 0 0 0 0 0 0 0 0 0 0 0 0 0 0 0 0 0 0 0 0 0 0 0 0 0 0 0 0 0 0 0 0 0 0 0 0 0 0 0 0 0 0 0 0 0 0 0 0 0 0 0 0 0 0 0 0 0 0 0 0 0 0 0 0 0 0 0 0 0 0 0 0 0 0 0 0 0 0 0 0 0 0 0 0 0 0 0 0 0 0 0 0 0 0 0 0 0 0 0 0 0 0 0 0 0 0 0 0 0 0 0 0 0 0 0 0 0 0 0 0 0 0 0 0 0 0 0 0 0 0 0 0 0 0 0 0 0 0 0 0 0 0 0 0 0 0 0 0 0 0 0 0 0 0 0 0 0 0 0 0 0 0 0 0 0 0 0 0 0 0 0 0 0 0 0 0 0 0 0 0 0 0 0 0 0 0 0 0 0 0 0 0 0 0 0 0 0 0 0 0 0 0 0 0 0 0 0 0 0 0 0 0 0 0 0 0 0 0 0 0 0 0 0 0 0 0 0 0 0 0 0 0 0 0 0 0 0 0 0 0 0 0 0 0 0 0 0 0 0 0 0 0 0 0 0 0 0 0 0 0 0 0 0 0 0 0 0 0 0 0 0 0 0 0 0
ctxt 5166179078
btime 1790630938
processes 789936
procs_running 3
procs_blocked 0
softirq 4669694587 73526 12356618 2753162 249730610 499366 0 13560047 51763286 421 43990255
