Running 10s test @ http://127.0.0.1:18500/usleep?ms=10
  16 threads and 32 connections
  Thread Stats   Avg      Stdev     Max   +/- Stdev
    Latency   319.23ms   32.27ms 637.56ms   97.16%
    Req/Sec     6.19      2.11    20.00     72.98%
  Latency Distribution
     50%  323.84ms
     75%  323.88ms
     90%  324.04ms
     99%  325.20ms
  987 requests in 10.01s, 199.52KB read
Requests/sec:     98.59
Transfer/sec:     19.93KB
## server-stat
cpu  3258129 1449 1584081 42788989 215597 0 774924 0 0 0
cpu0 119381 27 44288 1343212 3396 0 24461 0 0 0
cpu1 123220 31 45672 1342811 3859 0 24420 0 0 0
cpu2 124435 31 45816 1342304 3660 0 24565 0 0 0
cpu3 186871 30 64363 1246821 2638 0 39331 0 0 0
cpu4 187716 34 63239 1248006 3198 0 39362 0 0 0
cpu5 131292 32 47727 1332720 3846 0 25605 0 0 0
cpu6 131897 29 48032 1332101 3616 0 26374 0 0 0
cpu7 139764 26 51571 1318595 3211 0 29229 0 0 0
cpu8 40825 51 43029 1396667 7657 0 13307 0 0 0
cpu9 46647 57 46103 1374369 10265 0 14468 0 0 0
cpu10 44398 57 44527 1382303 8268 0 14302 0 0 0
cpu11 40651 52 40512 1401543 7144 0 12735 0 0 0
cpu12 79282 131 49710 1334916 12295 0 15611 0 0 0
cpu13 75946 63 50625 1334678 12884 0 15936 0 0 0
cpu14 40426 52 39883 1405012 6855 0 12454 0 0 0
cpu15 37635 53 36620 1418054 6856 0 11314 0 0 0
cpu16 160185 25 55866 1288471 4590 0 33088 0 0 0
cpu17 149975 24 54034 1300252 6066 0 31538 0 0 0
cpu18 144182 24 52931 1309350 4974 0 30799 0 0 0
cpu19 242678 24 76675 1169851 2748 0 49283 0 0 0
cpu20 216231 24 72024 1201998 4546 0 47045 0 0 0
cpu21 139050 27 51782 1314986 5918 0 29982 0 0 0
cpu22 131478 31 49942 1326333 5079 0 28225 0 0 0
cpu23 114526 30 44339 1355379 4584 0 23546 0 0 0
cpu24 43622 54 41304 1399803 8555 0 13425 0 0 0
cpu25 48756 57 46118 1376124 10546 0 15849 0 0 0
cpu26 46689 53 45017 1382157 9810 0 15410 0 0 0
cpu27 39450 41 40073 1391937 8523 0 21301 0 0 0
cpu28 73029 76 53430 1321379 12155 0 28354 0 0 0
cpu29 76923 113 55375 1310452 12637 0 28874 0 0 0
cpu30 38882 37 41582 1385609 7814 0 21276 0 0 0
cpu31 42074 39 41857 1400780 7390 0 13438 0 0 0
intr 3165089538 126 0 0 0 0 0 0 0 0 1 0 0 0 0 0 0 0 0 0 0 0 0 0 0 0 0 0 1 1 1 0 0 0 0 1 0 1 0 0 75045 0 0 0 0 0 0 0 0 411 0 0 0 0 0 0 0 0 87 0 0 0 0 0 0 0 0 0 0 0 0 0 0 0 419110 2 35049255 34990227 34908369 35047047 0 12788 7786 8581 7683 5944 7002 7957 8468 6482 27795 39025 29340 23512 35632 35466 23402 19822 9866 10357 9837 5360 8843 10882 10092 8610 25402 29983 27654 22957 31162 32724 20302 22078 0 0 0 0 617049 4334 1036 0 264 0 0 0 0 0 0 0 0 0 0 0 0 0 0 0 0 0 0 0 0 0 0 0 0 0 0 0 0 0 0 0 0 0 0 0 0 0 0 0 0 0 0 0 0 0 0 0 0 0 0 0 0 0 0 0 0 0 0 0 0 0 0 0 0 0 0 0 0 0 0 0 0 0 0 0 0 0 0 0 0 0 0 0 0 0 0 0 0 0 0 0 0 0 0 0 0 0 0 0 0 0 0 0 0 0 0 0 0 0 0 0 0 0 0 0 0 0 0 0 0 0 0 0 0 0 0 0 0 0 0 0 0 0 0 0 0 0 0 0 0 0 0 0 0 0 0 0 0 0 0 0 0 0 0 0 0 0 0 0 0 0 0 0 0 0 0 0 0 0 0 0 0 0 0 0 0 0 0 0 0 0 0 0 0 0 0 0 0 0 0 0 0 0 0 0 0 0 0 0 0 0 0 0 0 0 0 0 0 0 0 0 0 0 0 0 0 0 0 0 0 0 0 0 0 0 0 0 0 0 0 0 0 0 0 0 0 0 0 0 0 0 0 0 0 0 0 0 0 0 0 0 0 0 0 0 0 0 0 0 0 0 0 0 0 0 0 0 0 0 0 0 0 0 0 0 0 0 0 0 0 0 0 0 0 0 0 0 0 0 0 0 0 0 0 0 0 0 0 0 0 0 0 0 0 0 0 0 0 0 0 0 0 0 0 0 0 0 0 0 0 0 0 0 0 0 0 0 0 0 0 0 0 0 0 0 0 0 0 0 0 0 0 0 0 0 0 0 0 0 0 0 0 0 0 0 0 0 0 0 0 0 0 0 0 0 0 0 0 0 0 0 0 0 0 0 0 0 0 0 0 0 0 0 0 0 0 0 0 0 0 0 0 0 0 0 0 0 0 0 0 0 0 0 0 0 0 0 0 0 0 0 0 0 0 0 0 0 0 0 0 0 0 0 0 0 0 0 0 0 0 0 0 0 0 0 0 0 0 0 0 0 0 0 0 0 0 0 0 0 0 0 0 0 0 0 0 0 0 0 0 0 0 0 0 0 0 0 0 0 0 0 0 0 0 0 0 0 0 0 0 0 0 0 0 0 0 0 0 0 0 0 0 0 0 0 0 0 0 0 0 0 0 0 0 0 0 0 0 0 0 0 0 0 0 0 0 0 0 0 0 0 0 0 0 0 0 0 0 0 0 0 0 0 0 0 0 0 0 0 0 0 0 0 0 0 0 0 0 0 0 0 0 0 0 0 0 0 0 0 0 0 0 0 0 0 0 0 0 0 0 0 0 0 0 0 0 0 0 0 0 0 0 0 0 0 0 0 0 0 0 0 0 0 0 0 0 0 0 0 0 0 0 0 0 0 0 0 0 0 0 0 0 0 0 0 0 0 0 0 0 0 0 0 0 0 0 0 0 0 0 0 0 0 0 0 0 0 0 0 0 0 0 0 0 0 0 0 0 0 0 0 0 0 0 0 0 0 0 0 0 0 0 0 0 0 0 0 0 0 0 0 0 0 0 0 0 0 0 0 0 0 0 0 0 0 0 0 0 0 0 0 0 0 0 0 0 0 0 0 0 0 0 0 0 0 0 0 0 0 0 0 0 0 0 0 0 0 0 0 0 0 0 0 0 0 0 0 0 0 0 0 0 0 0 0 0 0 0 0 0 0 0 0 0 0 0 0 0 0 0 0 0 0 0 0 0 0 0 0 0 0 0 0 0 0 0 0 0 0 0 0 0 0 0 0 0 0 0 0 0 0 0 0 0 0 0 0 0 0 0 0 0 0 0 0 0 0 0 0 0 0 0 0 0 0 0 0 0 0 0 0 0 0 0 0 0 0 0 0 0 0 0 0 0 0 0 0 0 0 0 0 0 0 0 0 0 0 0 0 0 0 0 0 0 0 0 0 0 0 0 0 0 0 0 0 0 0 0 0 0 0 0 0 0 0 0 0 0 0 0 0 0 0 0 0 0 0 0 0 0 0 0 0 0 0 0 0 0 0 0 0 0 0 0 0 0 0 0 0 0 0 0 0 0 0 0 0 0 0 0 0 0 0 0 0 0 0 0 0 0 0 0 0 0 0 0 0 0 0 0 0 0 0 0 0 0 0 0 0 0 0 0 0 0 0 0 0 0 0 0 0 0 0 0 0 0 0 0 0 0 0 0 0 0 0 0 0 0 0 0 0 0 0 0 0 0 0 0 0 0 0 0 0 0 0 0 0 0 0 0 0 0 0 0 0 0 0 0 0 0 0 0 0 0 0 0 0 0 0 0 0 0 0 0 0 0 0 0 0 0 0 0 0 0 0 0 0 0 0 0 0 0 0 0 0 0 0 0 0 0 0 0 0 0 0 0 0 0 0 0 0 0 0 0 0 0 0 0 0 0 0 0 0 0 0 0 0 0 0 0 0 0 0 0 0 0 0 0 0 0 0 0 0 0 0 0 0 0 0 0 0 0 0 0 0 0 0 0 0 0 0 0
ctxt 4994724453
btime 1790630938
processes 572126
procs_running 1
procs_blocked 0
softirq 4550025565 73526 11260058 2753138 139696473 438305 0 13559745 49101242 421 38175361
--
cpu  3258188 1450 1584089 42814473 215615 0 774925 0 0 0
cpu0 119381 27 44288 1344011 3396 0 24462 0 0 0
cpu1 123220 31 45672 1343610 3859 0 24420 0 0 0
cpu2 124435 31 45816 1343103 3660 0 24565 0 0 0
cpu3 186873 30 64363 1247618 2638 0 39332 0 0 0
cpu4 187716 34 63239 1248805 3198 0 39362 0 0 0
cpu5 131292 32 47727 1333519 3846 0 25605 0 0 0
cpu6 131897 29 48032 1332900 3617 0 26374 0 0 0
cpu7 139764 26 51571 1319394 3211 0 29229 0 0 0
cpu8 40825 51 43029 1397465 7658 0 13307 0 0 0
cpu9 46648 57 46103 1375167 10265 0 14468 0 0 0
cpu10 44398 57 44528 1383101 8268 0 14302 0 0 0
cpu11 40652 52 40513 1402341 7144 0 12735 0 0 0
cpu12 79300 131 49712 1335691 12295 0 15611 0 0 0
cpu13 75966 63 50626 1335458 12884 0 15936 0 0 0
cpu14 40427 52 39883 1405810 6855 0 12454 0 0 0
cpu15 37635 53 36620 1418853 6856 0 11314 0 0 0
cpu16 160185 25 55866 1289270 4590 0 33088 0 0 0
cpu17 149975 24 54034 1301051 6066 0 31538 0 0 0
cpu18 144182 24 52931 1310149 4974 0 30799 0 0 0
cpu19 242682 24 76675 1170645 2748 0 49283 0 0 0
cpu20 216231 24 72025 1202796 4546 0 47045 0 0 0
cpu21 139050 28 51782 1315785 5918 0 29982 0 0 0
cpu22 131478 31 49942 1327130 5079 0 28225 0 0 0
cpu23 114526 30 44339 1356178 4584 0 23546 0 0 0
cpu24 43622 54 41304 1400602 8555 0 13425 0 0 0
cpu25 48756 57 46118 1376924 10546 0 15849 0 0 0
cpu26 46689 53 45017 1382957 9810 0 15410 0 0 0
cpu27 39450 41 40073 1392737 8523 0 21301 0 0 0
cpu28 73029 76 53430 1322178 12155 0 28354 0 0 0
cpu29 76935 113 55376 1311222 12652 0 28874 0 0 0
cpu30 38882 37 41582 1386408 7814 0 21276 0 0 0
cpu31 42074 39 41857 1401579 7390 0 13438 0 0 0
intr 3165178325 126 0 0 0 0 0 0 0 0 1 0 0 0 0 0 0 0 0 0 0 0 0 0 0 0 0 0 1 1 1 0 0 0 0 1 0 1 0 0 75045 0 0 0 0 0 0 0 0 411 0 0 0 0 0 0 0 0 87 0 0 0 0 0 0 0 0 0 0 0 0 0 0 0 419255 2 35049277 34990257 34908378 35047054 0 12796 7786 8581 7683 5944 7002 7957 8474 6483 27795 39025 29340 23513 35632 35466 23402 19823 9866 10357 9837 5361 8843 10882 10092 8610 25402 29983 27654 22957 31162 32724 20302 22078 0 0 0 0 617049 4334 1036 0 264 0 0 0 0 0 0 0 0 0 0 0 0 0 0 0 0 0 0 0 0 0 0 0 0 0 0 0 0 0 0 0 0 0 0 0 0 0 0 0 0 0 0 0 0 0 0 0 0 0 0 0 0 0 0 0 0 0 0 0 0 0 0 0 0 0 0 0 0 0 0 0 0 0 0 0 0 0 0 0 0 0 0 0 0 0 0 0 0 0 0 0 0 0 0 0 0 0 0 0 0 0 0 0 0 0 0 0 0 0 0 0 0 0 0 0 0 0 0 0 0 0 0 0 0 0 0 0 0 0 0 0 0 0 0 0 0 0 0 0 0 0 0 0 0 0 0 0 0 0 0 0 0 0 0 0 0 0 0 0 0 0 0 0 0 0 0 0 0 0 0 0 0 0 0 0 0 0 0 0 0 0 0 0 0 0 0 0 0 0 0 0 0 0 0 0 0 0 0 0 0 0 0 0 0 0 0 0 0 0 0 0 0 0 0 0 0 0 0 0 0 0 0 0 0 0 0 0 0 0 0 0 0 0 0 0 0 0 0 0 0 0 0 0 0 0 0 0 0 0 0 0 0 0 0 0 0 0 0 0 0 0 0 0 0 0 0 0 0 0 0 0 0 0 0 0 0 0 0 0 0 0 0 0 0 0 0 0 0 0 0 0 0 0 0 0 0 0 0 0 0 0 0 0 0 0 0 0 0 0 0 0 0 0 0 0 0 0 0 0 0 0 0 0 0 0 0 0 0 0 0 0 0 0 0 0 0 0 0 0 0 0 0 0 0 0 0 0 0 0 0 0 0 0 0 0 0 0 0 0 0 0 0 0 0 0 0 0 0 0 0 0 0 0 0 0 0 0 0 0 0 0 0 0 0 0 0 0 0 0 0 0 0 0 0 0 0 0 0 0 0 0 0 0 0 0 0 0 0 0 0 0 0 0 0 0 0 0 0 0 0 0 0 0 0 0 0 0 0 0 0 0 0 0 0 0 0 0 0 0 0 0 0 0 0 0 0 0 0 0 0 0 0 0 0 0 0 0 0 0 0 0 0 0 0 0 0 0 0 0 0 0 0 0 0 0 0 0 0 0 0 0 0 0 0 0 0 0 0 0 0 0 0 0 0 0 0 0 0 0 0 0 0 0 0 0 0 0 0 0 0 0 0 0 0 0 0 0 0 0 0 0 0 0 0 0 0 0 0 0 0 0 0 0 0 0 0 0 0 0 0 0 0 0 0 0 0 0 0 0 0 0 0 0 0 0 0 0 0 0 0 0 0 0 0 0 0 0 0 0 0 0 0 0 0 0 0 0 0 0 0 0 0 0 0 0 0 0 0 0 0 0 0 0 0 0 0 0 0 0 0 0 0 0 0 0 0 0 0 0 0 0 0 0 0 0 0 0 0 0 0 0 0 0 0 0 0 0 0 0 0 0 0 0 0 0 0 0 0 0 0 0 0 0 0 0 0 0 0 0 0 0 0 0 0 0 0 0 0 0 0 0 0 0 0 0 0 0 0 0 0 0 0 0 0 0 0 0 0 0 0 0 0 0 0 0 0 0 0 0 0 0 0 0 0 0 0 0 0 0 0 0 0 0 0 0 0 0 0 0 0 0 0 0 0 0 0 0 0 0 0 0 0 0 0 0 0 0 0 0 0 0 0 0 0 0 0 0 0 0 0 0 0 0 0 0 0 0 0 0 0 0 0 0 0 0 0 0 0 0 0 0 0 0 0 0 0 0 0 0 0 0 0 0 0 0 0 0 0 0 0 0 0 0 0 0 0 0 0 0 0 0 0 0 0 0 0 0 0 0 0 0 0 0 0 0 0 0 0 0 0 0 0 0 0 0 0 0 0 0 0 0 0 0 0 0 0 0 0 0 0 0 0 0 0 0 0 0 0 0 0 0 0 0 0 0 0 0 0 0 0 0 0 0 0 0 0 0 0 0 0 0 0 0 0 0 0 0 0 0 0 0 0 0 0 0 0 0 0 0 0 0 0 0 0 0 0 0 0 0 0 0 0 0 0 0 0 0 0 0 0 0 0 0 0 0 0 0 0 0 0 0 0 0 0 0 0 0 0 0 0 0 0 0 0 0 0 0 0 0 0 0 0 0 0 0 0 0 0 0 0 0 0 0 0 0 0 0 0 0 0 0 0 0 0 0 0 0 0 0 0 0 0 0 0 0 0 0 0 0 0 0 0 0 0 0 0 0 0 0 0 0 0 0 0 0 0 0 0 0 0 0 0 0 0 0 0 0 0 0 0 0 0 0 0 0 0 0 0 0 0 0 0 0 0 0 0 0 0 0 0 0 0 0 0 0 0 0 0 0 0 0 0 0 0 0 0 0 0 0 0 0 0 0 0 0 0 0 0 0 0 0 0 0 0 0 0 0 0 0 0 0 0 0 0 0 0 0 0 0 0 0 0 0 0 0 0 0 0 0 0 0 0 0 0 0 0 0 0 0 0 0 0 0 0 0 0 0 0 0 0 0 0
ctxt 4994855055
btime 1790630938
processes 572203
procs_running 1
procs_blocked 0
softirq 4550044577 73526 11265735 2753138 139698156 438459 0 13559745 49107298 421 38180803
