Running 10s test @ http://127.0.0.1:18500/usleep?ms=10
  16 threads and 32 connections
  Thread Stats   Avg      Stdev     Max   +/- Stdev
    Latency    10.30ms   48.57us  10.81ms   65.58%
    Req/Sec   194.62      8.09   202.00     80.50%
  Latency Distribution
     50%   10.31ms
     75%   10.35ms
     90%   10.35ms
     99%   10.40ms
  31050 requests in 10.01s, 3.58MB read
Requests/sec:   3101.79
Transfer/sec:    366.52KB
## server-stat
cpu  3263113 1456 1585821 43049561 215802 0 776431 0 0 0
cpu0 119435 27 44307 1351590 3396 0 24483 0 0 0
cpu1 123245 31 45681 1351236 3913 0 24428 0 0 0
cpu2 124445 31 45821 1350807 3660 0 24569 0 0 0
cpu3 187866 30 64702 1253692 2639 0 39646 0 0 0
cpu4 188747 34 63584 1254806 3198 0 39704 0 0 0
cpu5 131302 32 47731 1341226 3846 0 25607 0 0 0
cpu6 131903 29 48035 1340612 3620 0 26375 0 0 0
cpu7 139770 27 51575 1327106 3211 0 29231 0 0 0
cpu8 40839 51 43040 1405023 7660 0 13309 0 0 0
cpu9 46689 57 46123 1382536 10266 0 14476 0 0 0
cpu10 44415 57 44546 1390524 8269 0 14306 0 0 0
cpu11 40661 52 40523 1409867 7144 0 12738 0 0 0
cpu12 79427 131 49746 1342796 12308 0 15623 0 0 0
cpu13 76098 63 50673 1342468 12921 0 15949 0 0 0
cpu14 40442 52 39899 1413184 6855 0 12457 0 0 0
cpu15 37643 54 36632 1426333 6856 0 11319 0 0 0
cpu16 160211 25 55874 1296957 4591 0 33093 0 0 0
cpu17 149985 24 54037 1308761 6066 0 31539 0 0 0
cpu18 144185 25 52933 1317864 4976 0 30799 0 0 0
cpu19 243880 24 77068 1176373 2748 0 49678 0 0 0
cpu20 217182 24 72357 1208907 4546 0 47379 0 0 0
cpu21 139057 28 51786 1323498 5918 0 29983 0 0 0
cpu22 131481 31 49944 1334850 5079 0 28225 0 0 0
cpu23 114528 30 44340 1363887 4595 0 23547 0 0 0
cpu24 43632 54 41315 1408159 8555 0 13428 0 0 0
cpu25 48768 58 46128 1384414 10546 0 15853 0 0 0
cpu26 46702 53 45026 1390502 9811 0 15414 0 0 0
cpu27 39460 41 40079 1400381 8524 0 21303 0 0 0
cpu28 73123 77 53451 1329497 12156 0 28360 0 0 0
cpu29 77007 114 55403 1318508 12706 0 28882 0 0 0
cpu30 38890 37 41589 1393960 7814 0 21278 0 0 0
cpu31 42081 39 41861 1409224 7391 0 13439 0 0 0
intr 3172078540 126 0 0 0 0 0 0 0 0 1 0 0 0 0 0 0 0 0 0 0 0 0 0 0 0 0 0 1 1 1 0 0 0 0 1 0 1 0 0 75045 0 0 0 0 0 0 0 0 411 0 0 0 0 0 0 0 0 87 0 0 0 0 0 0 0 0 0 0 0 0 0 0 0 421248 2 35049660 34990436 34908434 35047397 0 12857 7787 8585 7685 5945 7003 7958 8501 6483 27795 39025 29343 23514 35871 35549 23403 19825 9869 10390 9867 5362 8843 10889 10093 8610 25404 29983 27797 22957 31166 32725 20302 22081 0 0 0 0 617053 4337 1036 0 264 0 0 0 0 0 0 0 0 0 0 0 0 0 0 0 0 0 0 0 0 0 0 0 0 0 0 0 0 0 0 0 0 0 0 0 0 0 0 0 0 0 0 0 0 0 0 0 0 0 0 0 0 0 0 0 0 0 0 0 0 0 0 0 0 0 0 0 0 0 0 0 0 0 0 0 0 0 0 0 0 0 0 0 0 0 0 0 0 0 0 0 0 0 0 0 0 0 0 0 0 0 0 0 0 0 0 0 0 0 0 0 0 0 0 0 0 0 0 0 0 0 0 0 0 0 0 0 0 0 0 0 0 0 0 0 0 0 0 0 0 0 0 0 0 0 0 0 0 0 0 0 0 0 0 0 0 0 0 0 0 0 0 0 0 0 0 0 0 0 0 0 0 0 0 0 0 0 0 0 0 0 0 0 0 0 0 0 0 0 0 0 0 0 0 0 0 0 0 0 0 0 0 0 0 0 0 0 0 0 0 0 0 0 0 0 0 0 0 0 0 0 0 0 0 0 0 0 0 0 0 0 0 0 0 0 0 0 0 0 0 0 0 0 0 0 0 0 0 0 0 0 0 0 0 0 0 0 0 0 0 0 0 0 0 0 0 0 0 0 0 0 0 0 0 0 0 0 0 0 0 0 0 0 0 0 0 0 0 0 0 0 0 0 0 0 0 0 0 0 0 0 0 0 0 0 0 0 0 0 0 0 0 0 0 0 0 0 0 0 0 0 0 0 0 0 0 0 0 0 0 0 0 0 0 0 0 0 0 0 0 0 0 0 0 0 0 0 0 0 0 0 0 0 0 0 0 0 0 0 0 0 0 0 0 0 0 0 0 0 0 0 0 0 0 0 0 0 0 0 0 0 0 0 0 0 0 0 0 0 0 0 0 0 0 0 0 0 0 0 0 0 0 0 0 0 0 0 0 0 0 0 0 0 0 0 0 0 0 0 0 0 0 0 0 0 0 0 0 0 0 0 0 0 0 0 0 0 0 0 0 0 0 0 0 0 0 0 0 0 0 0 0 0 0 0 0 0 0 0 0 0 0 0 0 0 0 0 0 0 0 0 0 0 0 0 0 0 0 0 0 0 0 0 0 0 0 0 0 0 0 0 0 0 0 0 0 0 0 0 0 0 0 0 0 0 0 0 0 0 0 0 0 0 0 0 0 0 0 0 0 0 0 0 0 0 0 0 0 0 0 0 0 0 0 0 0 0 0 0 0 0 0 0 0 0 0 0 0 0 0 0 0 0 0 0 0 0 0 0 0 0 0 0 0 0 0 0 0 0 0 0 0 0 0 0 0 0 0 0 0 0 0 0 0 0 0 0 0 0 0 0 0 0 0 0 0 0 0 0 0 0 0 0 0 0 0 0 0 0 0 0 0 0 0 0 0 0 0 0 0 0 0 0 0 0 0 0 0 0 0 0 0 0 0 0 0 0 0 0 0 0 0 0 0 0 0 0 0 0 0 0 0 0 0 0 0 0 0 0 0 0 0 0 0 0 0 0 0 0 0 0 0 0 0 0 0 0 0 0 0 0 0 0 0 0 0 0 0 0 0 0 0 0 0 0 0 0 0 0 0 0 0 0 0 0 0 0 0 0 0 0 0 0 0 0 0 0 0 0 0 0 0 0 0 0 0 0 0 0 0 0 0 0 0 0 0 0 0 0 0 0 0 0 0 0 0 0 0 0 0 0 0 0 0 0 0 0 0 0 0 0 0 0 0 0 0 0 0 0 0 0 0 0 0 0 0 0 0 0 0 0 0 0 0 0 0 0 0 0 0 0 0 0 0 0 0 0 0 0 0 0 0 0 0 0 0 0 0 0 0 0 0 0 0 0 0 0 0 0 0 0 0 0 0 0 0 0 0 0 0 0 0 0 0 0 0 0 0 0 0 0 0 0 0 0 0 0 0 0 0 0 0 0 0 0 0 0 0 0 0 0 0 0 0 0 0 0 0 0 0 0 0 0 0 0 0 0 0 0 0 0 0 0 0 0 0 0 0 0 0 0 0 0 0 0 0 0 0 0 0 0 0 0 0 0 0 0 0 0 0 0 0 0 0 0 0 0 0 0 0 0 0 0 0 0 0 0 0 0 0 0 0 0 0 0 0 0 0 0 0 0 0 0 0 0 0 0 0 0 0 0 0 0 0 0 0 0 0 0 0 0 0 0 0 0 0 0 0 0 0 0 0 0 0 0 0 0 0 0 0 0 0 0 0 0 0 0 0 0 0 0 0 0 0 0 0 0 0 0 0 0 0 0 0 0 0 0 0 0 0 0 0 0 0 0 0 0 0 0 0 0 0 0 0 0 0 0 0 0 0 0 0 0 0 0 0 0 0 0 0 0 0 0 0 0 0 0 0 0 0 0 0 0 0 0 0 0 0 0 0 0 0 0 0 0 0 0 0 0 0 0 0 0 0 0 0 0 0 0 0 0 0 0 0 0 0 0 0 0 0 0 0 0 0 0 0 0 0 0 0 0 0
ctxt 5007918703
btime 1790630938
processes 573585
procs_running 2
procs_blocked 0
softirq 4562389656 73526 11295978 2753143 151851850 440561 0 13559759 49198902 421 38248220
--
cpu  3263205 1457 1585842 43074963 215830 0 776440 0 0 0
cpu0 119435 27 44307 1352387 3396 0 24483 0 0 0
cpu1 123245 32 45681 1352035 3913 0 24428 0 0 0
cpu2 124445 31 45821 1351605 3660 0 24569 0 0 0
cpu3 187889 30 64708 1254455 2639 0 39652 0 0 0
cpu4 188749 34 63584 1255600 3199 0 39705 0 0 0
cpu5 131303 32 47732 1342024 3846 0 25607 0 0 0
cpu6 131903 29 48035 1341410 3620 0 26375 0 0 0
cpu7 139770 27 51575 1327904 3211 0 29231 0 0 0
cpu8 40839 51 43040 1405821 7660 0 13309 0 0 0
cpu9 46692 57 46124 1383328 10266 0 14476 0 0 0
cpu10 44415 57 44546 1391320 8269 0 14306 0 0 0
cpu11 40663 52 40523 1410663 7144 0 12738 0 0 0
cpu12 79442 131 49748 1343573 12309 0 15624 0 0 0
cpu13 76122 63 50676 1343211 12946 0 15949 0 0 0
cpu14 40444 52 39900 1413978 6855 0 12458 0 0 0
cpu15 37643 54 36632 1427131 6856 0 11319 0 0 0
cpu16 160211 25 55874 1297756 4591 0 33093 0 0 0
cpu17 149985 25 54037 1309560 6066 0 31539 0 0 0
cpu18 144186 25 52933 1318662 4977 0 30799 0 0 0
cpu19 243880 24 77068 1177171 2748 0 49678 0 0 0
cpu20 217182 24 72357 1209706 4546 0 47379 0 0 0
cpu21 139057 28 51786 1324297 5918 0 29983 0 0 0
cpu22 131481 31 49944 1335649 5079 0 28225 0 0 0
cpu23 114528 30 44340 1364685 4595 0 23547 0 0 0
cpu24 43633 54 41315 1408956 8555 0 13428 0 0 0
cpu25 48770 58 46128 1385210 10546 0 15853 0 0 0
cpu26 46704 53 45026 1391299 9811 0 15414 0 0 0
cpu27 39460 41 40079 1401180 8524 0 21303 0 0 0
cpu28 73125 77 53452 1330293 12156 0 28360 0 0 0
cpu29 77017 114 55404 1319295 12706 0 28882 0 0 0
cpu30 38890 37 41590 1394760 7814 0 21278 0 0 0
cpu31 42083 39 41861 1410022 7391 0 13439 0 0 0
intr 3172186331 126 0 0 0 0 0 0 0 0 1 0 0 0 0 0 0 0 0 0 0 0 0 0 0 0 0 0 1 1 1 0 0 0 0 1 0 1 0 0 75045 0 0 0 0 0 0 0 0 411 0 0 0 0 0 0 0 0 87 0 0 0 0 0 0 0 0 0 0 0 0 0 0 0 421495 2 35049677 34990442 34908438 35047426 0 12865 7787 8585 7686 5945 7003 7958 8501 6483 27795 39025 29343 23514 35871 35549 23403 19825 9869 10390 9876 5362 8843 10889 10093 8610 25404 29983 27797 22957 31166 32725 20302 22081 0 0 0 0 617053 4337 1036 0 264 0 0 0 0 0 0 0 0 0 0 0 0 0 0 0 0 0 0 0 0 0 0 0 0 0 0 0 0 0 0 0 0 0 0 0 0 0 0 0 0 0 0 0 0 0 0 0 0 0 0 0 0 0 0 0 0 0 0 0 0 0 0 0 0 0 0 0 0 0 0 0 0 0 0 0 0 0 0 0 0 0 0 0 0 0 0 0 0 0 0 0 0 0 0 0 0 0 0 0 0 0 0 0 0 0 0 0 0 0 0 0 0 0 0 0 0 0 0 0 0 0 0 0 0 0 0 0 0 0 0 0 0 0 0 0 0 0 0 0 0 0 0 0 0 0 0 0 0 0 0 0 0 0 0 0 0 0 0 0 0 0 0 0 0 0 0 0 0 0 0 0 0 0 0 0 0 0 0 0 0 0 0 0 0 0 0 0 0 0 0 0 0 0 0 0 0 0 0 0 0 0 0 0 0 0 0 0 0 0 0 0 0 0 0 0 0 0 0 0 0 0 0 0 0 0 0 0 0 0 0 0 0 0 0 0 0 0 0 0 0 0 0 0 0 0 0 0 0 0 0 0 0 0 0 0 0 0 0 0 0 0 0 0 0 0 0 0 0 0 0 0 0 0 0 0 0 0 0 0 0 0 0 0 0 0 0 0 0 0 0 0 0 0 0 0 0 0 0 0 0 0 0 0 0 0 0 0 0 0 0 0 0 0 0 0 0 0 0 0 0 0 0 0 0 0 0 0 0 0 0 0 0 0 0 0 0 0 0 0 0 0 0 0 0 0 0 0 0 0 0 0 0 0 0 0 0 0 0 0 0 0 0 0 0 0 0 0 0 0 0 0 0 0 0 0 0 0 0 0 0 0 0 0 0 0 0 0 0 0 0 0 0 0 0 0 0 0 0 0 0 0 0 0 0 0 0 0 0 0 0 0 0 0 0 0 0 0 0 0 0 0 0 0 0 0 0 0 0 0 0 0 0 0 0 0 0 0 0 0 0 0 0 0 0 0 0 0 0 0 0 0 0 0 0 0 0 0 0 0 0 0 0 0 0 0 0 0 0 0 0 0 0 0 0 0 0 0 0 0 0 0 0 0 0 0 0 0 0 0 0 0 0 0 0 0 0 0 0 0 0 0 0 0 0 0 0 0 0 0 0 0 0 0 0 0 0 0 0 0 0 0 0 0 0 0 0 0 0 0 0 0 0 0 0 0 0 0 0 0 0 0 0 0 0 0 0 0 0 0 0 0 0 0 0 0 0 0 0 0 0 0 0 0 0 0 0 0 0 0 0 0 0 0 0 0 0 0 0 0 0 0 0 0 0 0 0 0 0 0 0 0 0 0 0 0 0 0 0 0 0 0 0 0 0 0 0 0 0 0 0 0 0 0 0 0 0 0 0 0 0 0 0 0 0 0 0 0 0 0 0 0 0 0 0 0 0 0 0 0 0 0 0 0 0 0 0 0 0 0 0 0 0 0 0 0 0 0 0 0 0 0 0 0 0 0 0 0 0 0 0 0 0 0 0 0 0 0 0 0 0 0 0 0 0 0 0 0 0 0 0 0 0 0 0 0 0 0 0 0 0 0 0 0 0 0 0 0 0 0 0 0 0 0 0 0 0 0 0 0 0 0 0 0 0 0 0 0 0 0 0 0 0 0 0 0 0 0 0 0 0 0 0 0 0 0 0 0 0 0 0 0 0 0 0 0 0 0 0 0 0 0 0 0 0 0 0 0 0 0 0 0 0 0 0 0 0 0 0 0 0 0 0 0 0 0 0 0 0 0 0 0 0 0 0 0 0 0 0 0 0 0 0 0 0 0 0 0 0 0 0 0 0 0 0 0 0 0 0 0 0 0 0 0 0 0 0 0 0 0 0 0 0 0 0 0 0 0 0 0 0 0 0 0 0 0 0 0 0 0 0 0 0 0 0 0 0 0 0 0 0 0 0 0 0 0 0 0 0 0 0 0 0 0 0 0 0 0 0 0 0 0 0 0 0 0 0 0 0 0 0 0 0 0 0 0 0 0 0 0 0 0 0 0 0 0 0 0 0 0 0 0 0 0 0 0 0 0 0 0 0 0 0 0 0 0 0 0 0 0 0 0 0 0 0 0 0 0 0 0 0 0 0 0 0 0 0 0 0 0 0 0 0 0 0 0 0 0 0 0 0 0 0 0 0 0 0 0 0 0 0 0 0 0 0 0 0 0 0 0 0 0 0 0 0 0 0 0 0 0 0 0 0 0 0 0 0 0 0 0 0 0 0 0 0 0 0 0 0 0 0 0 0 0 0 0 0 0 0 0 0 0 0 0 0 0 0 0 0 0 0 0 0 0 0 0 0 0 0 0 0 0 0 0 0 0 0 0 0 0 0 0 0 0 0 0 0 0 0 0 0 0 0 0 0 0 0 0 0 0 0 0 0 0 0 0 0 0 0 0 0 0 0 0 0 0 0 0 0 0 0 0 0 0 0 0 0 0 0 0 0 0 0
ctxt 5008092884
btime 1790630938
processes 573662
procs_running 1
procs_blocked 0
softirq 4562450716 73526 11298155 2753143 151901626 440816 0 13559759 49203456 421 38252518
