Running 10s test @ http://127.0.0.1:18500/counter
  16 threads and 128 connections
  Thread Stats   Avg      Stdev     Max   +/- Stdev
    Latency     2.16ms  175.24us   4.25ms   81.03%
    Req/Sec     3.72k    68.51     4.35k    90.27%
  Latency Distribution
     50%    2.13ms
     75%    2.22ms
     90%    2.37ms
     99%    2.76ms
  596846 requests in 10.10s, 113.84MB read
Requests/sec:  59096.61
Transfer/sec:     11.27MB
## server-stat
cpu  3656309 1611 1672267 48325542 379412 0 808521 0 0 0
cpu0 139204 29 48213 1510888 4707 0 26514 0 0 0
cpu1 140837 33 49148 1513728 5700 0 25944 0 0 0
cpu2 142370 34 49131 1513106 5752 0 26035 0 0 0
cpu3 217846 34 70111 1401067 4193 0 42010 0 0 0
cpu4 219211 37 68685 1402367 4745 0 42072 0 0 0
cpu5 147678 37 50827 1505071 6433 0 26965 0 0 0
cpu6 149616 33 51400 1502048 6699 0 28080 0 0 0
cpu7 155733 31 54632 1490503 6515 0 30759 0 0 0
cpu8 41394 59 44222 1581269 14521 0 13621 0 0 0
cpu9 47495 65 47430 1556811 17877 0 14846 0 0 0
cpu10 45053 65 45781 1564976 16117 0 14649 0 0 0
cpu11 41151 60 41629 1585701 14631 0 13025 0 0 0
cpu12 83251 139 51432 1512989 20009 0 16080 0 0 0
cpu13 79577 72 52427 1512395 20861 0 16435 0 0 0
cpu14 41017 59 41083 1589167 13804 0 12763 0 0 0
cpu15 38071 62 37699 1602813 14123 0 11591 0 0 0
cpu16 184221 27 59509 1453675 6289 0 34354 0 0 0
cpu17 173962 27 57763 1464792 8228 0 32936 0 0 0
cpu18 165660 27 56471 1475823 7931 0 32142 0 0 0
cpu19 286804 26 83808 1310502 3819 0 52000 0 0 0
cpu20 256369 25 78611 1347483 5695 0 49480 0 0 0
cpu21 161509 29 55608 1479658 9380 0 31391 0 0 0
cpu22 149078 33 52982 1496246 9310 0 29238 0 0 0
cpu23 129721 32 47427 1527420 8954 0 24641 0 0 0
cpu24 44333 62 42532 1583344 16623 0 13720 0 0 0
cpu25 49614 63 47497 1558588 18801 0 16226 0 0 0
cpu26 47436 59 46338 1565139 17917 0 15777 0 0 0
cpu27 40063 48 41285 1575802 16634 0 21596 0 0 0
cpu28 76046 82 55300 1499514 21147 0 28869 0 0 0
cpu29 79838 119 57303 1488171 21824 0 29411 0 0 0
cpu30 39475 45 42866 1569434 15208 0 21599 0 0 0
cpu31 42660 44 43106 1585038 14948 0 13735 0 0 0
intr 3324323949 126 0 0 0 0 0 0 0 0 1 0 0 0 0 0 0 0 0 0 0 0 0 0 0 0 0 0 1 1 1 0 0 0 0 1 0 1 0 0 75045 0 0 0 0 0 0 0 0 411 0 0 0 0 0 0 0 0 87 0 0 0 0 0 0 0 0 0 0 0 0 0 0 0 492403 2 35057999 34997346 34912718 35054339 0 14365 10792 12158 11569 8437 9757 12843 13894 10866 38428 52515 40916 34654 52823 50465 31516 28107 12625 14415 17220 7592 10999 15778 15596 13869 35897 45023 41090 33035 50983 55061 30096 32275 0 0 0 0 617181 4486 1036 0 264 0 0 0 0 0 0 0 0 0 0 0 0 0 0 0 0 0 0 0 0 0 0 0 0 0 0 0 0 0 0 0 0 0 0 0 0 0 0 0 0 0 0 0 0 0 0 0 0 0 0 0 0 0 0 0 0 0 0 0 0 0 0 0 0 0 0 0 0 0 0 0 0 0 0 0 0 0 0 0 0 0 0 0 0 0 0 0 0 0 0 0 0 0 0 0 0 0 0 0 0 0 0 0 0 0 0 0 0 0 0 0 0 0 0 0 0 0 0 0 0 0 0 0 0 0 0 0 0 0 0 0 0 0 0 0 0 0 0 0 0 0 0 0 0 0 0 0 0 0 0 0 0 0 0 0 0 0 0 0 0 0 0 0 0 0 0 0 0 0 0 0 0 0 0 0 0 0 0 0 0 0 0 0 0 0 0 0 0 0 0 0 0 0 0 0 0 0 0 0 0 0 0 0 0 0 0 0 0 0 0 0 0 0 0 0 0 0 0 0 0 0 0 0 0 0 0 0 0 0 0 0 0 0 0 0 0 0 0 0 0 0 0 0 0 0 0 0 0 0 0 0 0 0 0 0 0 0 0 0 0 0 0 0 0 0 0 0 0 0 0 0 0 0 0 0 0 0 0 0 0 0 0 0 0 0 0 0 0 0 0 0 0 0 0 0 0 0 0 0 0 0 0 0 0 0 0 0 0 0 0 0 0 0 0 0 0 0 0 0 0 0 0 0 0 0 0 0 0 0 0 0 0 0 0 0 0 0 0 0 0 0 0 0 0 0 0 0 0 0 0 0 0 0 0 0 0 0 0 0 0 0 0 0 0 0 0 0 0 0 0 0 0 0 0 0 0 0 0 0 0 0 0 0 0 0 0 0 0 0 0 0 0 0 0 0 0 0 0 0 0 0 0 0 0 0 0 0 0 0 0 0 0 0 0 0 0 0 0 0 0 0 0 0 0 0 0 0 0 0 0 0 0 0 0 0 0 0 0 0 0 0 0 0 0 0 0 0 0 0 0 0 0 0 0 0 0 0 0 0 0 0 0 0 0 0 0 0 0 0 0 0 0 0 0 0 0 0 0 0 0 0 0 0 0 0 0 0 0 0 0 0 0 0 0 0 0 0 0 0 0 0 0 0 0 0 0 0 0 0 0 0 0 0 0 0 0 0 0 0 0 0 0 0 0 0 0 0 0 0 0 0 0 0 0 0 0 0 0 0 0 0 0 0 0 0 0 0 0 0 0 0 0 0 0 0 0 0 0 0 0 0 0 0 0 0 0 0 0 0 0 0 0 0 0 0 0 0 0 0 0 0 0 0 0 0 0 0 0 0 0 0 0 0 0 0 0 0 0 0 0 0 0 0 0 0 0 0 0 0 0 0 0 0 0 0 0 0 0 0 0 0 0 0 0 0 0 0 0 0 0 0 0 0 0 0 0 0 0 0 0 0 0 0 0 0 0 0 0 0 0 0 0 0 0 0 0 0 0 0 0 0 0 0 0 0 0 0 0 0 0 0 0 0 0 0 0 0 0 0 0 0 0 0 0 0 0 0 0 0 0 0 0 0 0 0 0 0 0 0 0 0 0 0 0 0 0 0 0 0 0 0 0 0 0 0 0 0 0 0 0 0 0 0 0 0 0 0 0 0 0 0 0 0 0 0 0 0 0 0 0 0 0 0 0 0 0 0 0 0 0 0 0 0 0 0 0 0 0 0 0 0 0 0 0 0 0 0 0 0 0 0 0 0 0 0 0 0 0 0 0 0 0 0 0 0 0 0 0 0 0 0 0 0 0 0 0 0 0 0 0 0 0 0 0 0 0 0 0 0 0 0 0 0 0 0 0 0 0 0 0 0 0 0 0 0 0 0 0 0 0 0 0 0 0 0 0 0 0 0 0 0 0 0 0 0 0 0 0 0 0 0 0 0 0 0 0 0 0 0 0 0 0 0 0 0 0 0 0 0 0 0 0 0 0 0 0 0 0 0 0 0 0 0 0 0 0 0 0 0 0 0 0 0 0 0 0 0 0 0 0 0 0 0 0 0 0 0 0 0 0 0 0 0 0 0 0 0 0 0 0 0 0 0 0 0 0 0 0 0 0 0 0 0 0 0 0 0 0 0 0 0 0 0 0 0 0 0 0 0 0 0 0 0 0 0 0 0 0 0 0 0 0 0 0 0 0 0 0 0 0 0 0 0 0 0 0 0 0 0 0 0 0 0 0 0 0 0 0 0 0 0 0 0 0 0 0 0 0 0 0 0 0 0 0 0 0 0 0 0 0 0 0 0 0 0 0 0 0 0 0 0 0 0 0 0 0 0 0 0 0 0 0 0 0 0 0 0 0 0 0 0 0 0 0 0 0 0 0 0 0 0 0 0 0 0 0 0 0 0 0 0 0 0 0 0 0 0 0 0 0 0 0 0 0 0 0 0 0 0 0 0 0 0 0 0 0 0 0 0 0 0 0 0 0 0 0 0 0 0 0 0 0
ctxt 5273841950
btime 1790630938
processes 858995
procs_running 11
procs_blocked 0
softirq 4763635245 73526 12835149 2753163 337422710 514104 0 13560162 53236360 421 48272354
--
cpu  3663077 1611 1673243 48342047 379442 0 808891 0 0 0
cpu0 139540 29 48270 1511230 4707 0 26542 0 0 0
cpu1 141207 33 49205 1514048 5700 0 25968 0 0 0
cpu2 142740 34 49184 1513426 5752 0 26056 0 0 0
cpu3 218245 34 70164 1401354 4193 0 42031 0 0 0
cpu4 219658 37 68739 1402619 4745 0 42090 0 0 0
cpu5 148102 37 50877 1505346 6433 0 26984 0 0 0
cpu6 150016 33 51458 1502341 6699 0 28098 0 0 0
cpu7 156057 31 54685 1490867 6516 0 30785 0 0 0
cpu8 41395 59 44224 1582045 14521 0 13622 0 0 0
cpu9 47499 65 47435 1557570 17877 0 14849 0 0 0
cpu10 45055 65 45785 1565744 16117 0 14651 0 0 0
cpu11 41152 60 41631 1586482 14632 0 13026 0 0 0
cpu12 83262 139 51446 1513717 20009 0 16088 0 0 0
cpu13 79587 72 52440 1513112 20862 0 16443 0 0 0
cpu14 41020 59 41089 1589916 13811 0 12767 0 0 0
cpu15 38072 62 37703 1603585 14123 0 11593 0 0 0
cpu16 184671 27 59569 1453917 6289 0 34372 0 0 0
cpu17 174412 27 57818 1465035 8228 0 32955 0 0 0
cpu18 166120 27 56526 1476063 7931 0 32159 0 0 0
cpu19 287295 26 83863 1310715 3819 0 52014 0 0 0
cpu20 256865 25 78663 1347692 5695 0 49493 0 0 0
cpu21 161972 29 55665 1479894 9380 0 31409 0 0 0
cpu22 149505 33 53038 1496516 9310 0 29260 0 0 0
cpu23 130099 32 47481 1527735 8954 0 24663 0 0 0
cpu24 44334 62 42535 1584124 16623 0 13722 0 0 0
cpu25 49618 63 47502 1559349 18802 0 16230 0 0 0
cpu26 47437 59 46342 1565910 17917 0 15779 0 0 0
cpu27 40064 48 41287 1576588 16635 0 21597 0 0 0
cpu28 76068 82 55311 1500237 21147 0 28876 0 0 0
cpu29 79857 119 57317 1488861 21842 0 29418 0 0 0
cpu30 39479 45 42872 1570188 15208 0 21603 0 0 0
cpu31 42663 44 43110 1585806 14948 0 13738 0 0 0
intr 3326468055 126 0 0 0 0 0 0 0 0 1 0 0 0 0 0 0 0 0 0 0 0 0 0 0 0 0 0 1 1 1 0 0 0 0 1 0 1 0 0 75045 0 0 0 0 0 0 0 0 411 0 0 0 0 0 0 0 0 87 0 0 0 0 0 0 0 0 0 0 0 0 0 0 0 492714 2 35058021 34997356 34912731 35054380 0 14373 10792 12158 11569 8437 9757 12843 13894 10866 38428 52515 40916 34655 52826 50474 31516 28107 12625 14415 17220 7592 10999 15778 15596 13869 35897 45024 41090 33035 50983 55061 30096 32275 0 0 0 0 617181 4486 1036 0 264 0 0 0 0 0 0 0 0 0 0 0 0 0 0 0 0 0 0 0 0 0 0 0 0 0 0 0 0 0 0 0 0 0 0 0 0 0 0 0 0 0 0 0 0 0 0 0 0 0 0 0 0 0 0 0 0 0 0 0 0 0 0 0 0 0 0 0 0 0 0 0 0 0 0 0 0 0 0 0 0 0 0 0 0 0 0 0 0 0 0 0 0 0 0 0 0 0 0 0 0 0 0 0 0 0 0 0 0 0 0 0 0 0 0 0 0 0 0 0 0 0 0 0 0 0 0 0 0 0 0 0 0 0 0 0 0 0 0 0 0 0 0 0 0 0 0 0 0 0 0 0 0 0 0 0 0 0 0 0 0 0 0 0 0 0 0 0 0 0 0 0 0 0 0 0 0 0 0 0 0 0 0 0 0 0 0 0 0 0 0 0 0 0 0 0 0 0 0 0 0 0 0 0 0 0 0 0 0 0 0 0 0 0 0 0 0 0 0 0 0 0 0 0 0 0 0 0 0 0 0 0 0 0 0 0 0 0 0 0 0 0 0 0 0 0 0 0 0 0 0 0 0 0 0 0 0 0 0 0 0 0 0 0 0 0 0 0 0 0 0 0 0 0 0 0 0 0 0 0 0 0 0 0 0 0 0 0 0 0 0 0 0 0 0 0 0 0 0 0 0 0 0 0 0 0 0 0 0 0 0 0 0 0 0 0 0 0 0 0 0 0 0 0 0 0 0 0 0 0 0 0 0 0 0 0 0 0 0 0 0 0 0 0 0 0 0 0 0 0 0 0 0 0 0 0 0 0 0 0 0 0 0 0 0 0 0 0 0 0 0 0 0 0 0 0 0 0 0 0 0 0 0 0 0 0 0 0 0 0 0 0 0 0 0 0 0 0 0 0 0 0 0 0 0 0 0 0 0 0 0 0 0 0 0 0 0 0 0 0 0 0 0 0 0 0 0 0 0 0 0 0 0 0 0 0 0 0 0 0 0 0 0 0 0 0 0 0 0 0 0 0 0 0 0 0 0 0 0 0 0 0 0 0 0 0 0 0 0 0 0 0 0 0 0 0 0 0 0 0 0 0 0 0 0 0 0 0 0 0 0 0 0 0 0 0 0 0 0 0 0 0 0 0 0 0 0 0 0 0 0 0 0 0 0 0 0 0 0 0 0 0 0 0 0 0 0 0 0 0 0 0 0 0 0 0 0 0 0 0 0 0 0 0 0 0 0 0 0 0 0 0 0 0 0 0 0 0 0 0 0 0 0 0 0 0 0 0 0 0 0 0 0 0 0 0 0 0 0 0 0 0 0 0 0 0 0 0 0 0 0 0 0 0 0 0 0 0 0 0 0 0 0 0 0 0 0 0 0 0 0 0 0 0 0 0 0 0 0 0 0 0 0 0 0 0 0 0 0 0 0 0 0 0 0 0 0 0 0 0 0 0 0 0 0 0 0 0 0 0 0 0 0 0 0 0 0 0 0 0 0 0 0 0 0 0 0 0 0 0 0 0 0 0 0 0 0 0 0 0 0 0 0 0 0 0 0 0 0 0 0 0 0 0 0 0 0 0 0 0 0 0 0 0 0 0 0 0 0 0 0 0 0 0 0 0 0 0 0 0 0 0 0 0 0 0 0 0 0 0 0 0 0 0 0 0 0 0 0 0 0 0 0 0 0 0 0 0 0 0 0 0 0 0 0 0 0 0 0 0 0 0 0 0 0 0 0 0 0 0 0 0 0 0 0 0 0 0 0 0 0 0 0 0 0 0 0 0 0 0 0 0 0 0 0 0 0 0 0 0 0 0 0 0 0 0 0 0 0 0 0 0 0 0 0 0 0 0 0 0 0 0 0 0 0 0 0 0 0 0 0 0 0 0 0 0 0 0 0 0 0 0 0 0 0 0 0 0 0 0 0 0 0 0 0 0 0 0 0 0 0 0 0 0 0 0 0 0 0 0 0 0 0 0 0 0 0 0 0 0 0 0 0 0 0 0 0 0 0 0 0 0 0 0 0 0 0 0 0 0 0 0 0 0 0 0 0 0 0 0 0 0 0 0 0 0 0 0 0 0 0 0 0 0 0 0 0 0 0 0 0 0 0 0 0 0 0 0 0 0 0 0 0 0 0 0 0 0 0 0 0 0 0 0 0 0 0 0 0 0 0 0 0 0 0 0 0 0 0 0 0 0 0 0 0 0 0 0 0 0 0 0 0 0 0 0 0 0 0 0 0 0 0 0 0 0 0 0 0 0 0 0 0 0 0 0 0 0 0 0 0 0 0 0 0 0 0 0 0 0 0 0 0 0 0 0 0 0 0 0 0 0 0 0 0 0 0 0 0 0 0 0 0 0 0 0 0 0 0 0 0 0 0 0 0 0 0 0 0 0 0 0 0 0 0 0 0 0 0 0 0 0 0 0 0 0 0 0 0 0 0 0 0 0 0 0 0 0 0 0 0 0 0 0 0 0 0 0 0 0 0 0 0
ctxt 5277859851
btime 1790630938
processes 859075
procs_running 10
procs_blocked 0
softirq 4765643326 73526 12848963 2753163 339312894 514426 0 13560162 53307906 421 48304569
