Running 10s test @ http://127.0.0.1:18500/counter
  16 threads and 128 connections
  Thread Stats   Avg      Stdev     Max   +/- Stdev
    Latency     0.89ms  240.77us   3.04ms   62.19%
    Req/Sec     9.00k   814.08    11.23k    62.62%
  Latency Distribution
     50%    0.92ms
     75%    1.14ms
     90%    1.20ms
     99%    1.24ms
  1447234 requests in 10.10s, 247.07MB read
Requests/sec: 143300.33
Transfer/sec:     24.46MB
## server-stat
cpu  3615400 1602 1665667 48023266 379131 0 805502 0 0 0
cpu0 137016 29 47857 1502524 4707 0 26331 0 0 0
cpu1 137820 33 48730 1506264 5700 0 25712 0 0 0
cpu2 139445 34 48708 1505567 5694 0 25827 0 0 0
cpu3 214942 34 69724 1393450 4168 0 41805 0 0 0
cpu4 216745 37 68405 1394167 4745 0 41901 0 0 0
cpu5 145781 36 50619 1496176 6418 0 26836 0 0 0
cpu6 147234 33 51041 1493821 6692 0 27911 0 0 0
cpu7 153080 30 54216 1482637 6515 0 30554 0 0 0
cpu8 41360 59 44155 1570439 14505 0 13607 0 0 0
cpu9 47438 64 47347 1546082 17874 0 14826 0 0 0
cpu10 45011 65 45709 1554214 16117 0 14629 0 0 0
cpu11 41115 59 41567 1574852 14630 0 13012 0 0 0
cpu12 83029 139 51314 1502522 20005 0 16039 0 0 0
cpu13 79414 71 52307 1501903 20855 0 16391 0 0 0
cpu14 40978 59 41006 1578386 13802 0 12743 0 0 0
cpu15 38038 61 37625 1591974 14122 0 11574 0 0 0
cpu16 181551 27 59195 1445662 6289 0 34193 0 0 0
cpu17 172081 27 57526 1455862 8227 0 32834 0 0 0
cpu18 163668 27 56238 1467013 7931 0 32022 0 0 0
cpu19 284582 26 83541 1301964 3819 0 51880 0 0 0
cpu20 253648 25 78244 1339569 5695 0 49330 0 0 0
cpu21 158349 29 55166 1472299 9379 0 31199 0 0 0
cpu22 146609 33 52683 1488033 9305 0 29073 0 0 0
cpu23 127799 32 47165 1518604 8954 0 24496 0 0 0
cpu24 44283 61 42464 1572506 16615 0 13705 0 0 0
cpu25 49542 63 47415 1547827 18795 0 16204 0 0 0
cpu26 47377 58 46273 1554336 17904 0 15761 0 0 0
cpu27 40017 48 41225 1564919 16619 0 21586 0 0 0
cpu28 75765 82 55188 1489061 21125 0 28838 0 0 0
cpu29 79628 119 57180 1477767 21757 0 29369 0 0 0
cpu30 39425 44 42785 1558660 15206 0 21579 0 0 0
cpu31 42615 44 43035 1574189 14948 0 13722 0 0 0
intr 3311577191 126 0 0 0 0 0 0 0 0 1 0 0 0 0 0 0 0 0 0 0 0 0 0 0 0 0 0 1 1 1 0 0 0 0 1 0 1 0 0 75045 0 0 0 0 0 0 0 0 411 0 0 0 0 0 0 0 0 87 0 0 0 0 0 0 0 0 0 0 0 0 0 0 0 489909 2 35057698 34996731 34912439 35053759 0 14276 10791 12157 11569 8435 9755 12843 13893 10866 38353 52412 40906 34653 52604 50315 31513 28105 12625 14415 17219 7582 10999 15778 15596 13867 35894 45003 41078 33032 50931 54838 30083 32244 0 0 0 0 617173 4475 1036 0 264 0 0 0 0 0 0 0 0 0 0 0 0 0 0 0 0 0 0 0 0 0 0 0 0 0 0 0 0 0 0 0 0 0 0 0 0 0 0 0 0 0 0 0 0 0 0 0 0 0 0 0 0 0 0 0 0 0 0 0 0 0 0 0 0 0 0 0 0 0 0 0 0 0 0 0 0 0 0 0 0 0 0 0 0 0 0 0 0 0 0 0 0 0 0 0 0 0 0 0 0 0 0 0 0 0 0 0 0 0 0 0 0 0 0 0 0 0 0 0 0 0 0 0 0 0 0 0 0 0 0 0 0 0 0 0 0 0 0 0 0 0 0 0 0 0 0 0 0 0 0 0 0 0 0 0 0 0 0 0 0 0 0 0 0 0 0 0 0 0 0 0 0 0 0 0 0 0 0 0 0 0 0 0 0 0 0 0 0 0 0 0 0 0 0 0 0 0 0 0 0 0 0 0 0 0 0 0 0 0 0 0 0 0 0 0 0 0 0 0 0 0 0 0 0 0 0 0 0 0 0 0 0 0 0 0 0 0 0 0 0 0 0 0 0 0 0 0 0 0 0 0 0 0 0 0 0 0 0 0 0 0 0 0 0 0 0 0 0 0 0 0 0 0 0 0 0 0 0 0 0 0 0 0 0 0 0 0 0 0 0 0 0 0 0 0 0 0 0 0 0 0 0 0 0 0 0 0 0 0 0 0 0 0 0 0 0 0 0 0 0 0 0 0 0 0 0 0 0 0 0 0 0 0 0 0 0 0 0 0 0 0 0 0 0 0 0 0 0 0 0 0 0 0 0 0 0 0 0 0 0 0 0 0 0 0 0 0 0 0 0 0 0 0 0 0 0 0 0 0 0 0 0 0 0 0 0 0 0 0 0 0 0 0 0 0 0 0 0 0 0 0 0 0 0 0 0 0 0 0 0 0 0 0 0 0 0 0 0 0 0 0 0 0 0 0 0 0 0 0 0 0 0 0 0 0 0 0 0 0 0 0 0 0 0 0 0 0 0 0 0 0 0 0 0 0 0 0 0 0 0 0 0 0 0 0 0 0 0 0 0 0 0 0 0 0 0 0 0 0 0 0 0 0 0 0 0 0 0 0 0 0 0 0 0 0 0 0 0 0 0 0 0 0 0 0 0 0 0 0 0 0 0 0 0 0 0 0 0 0 0 0 0 0 0 0 0 0 0 0 0 0 0 0 0 0 0 0 0 0 0 0 0 0 0 0 0 0 0 0 0 0 0 0 0 0 0 0 0 0 0 0 0 0 0 0 0 0 0 0 0 0 0 0 0 0 0 0 0 0 0 0 0 0 0 0 0 0 0 0 0 0 0 0 0 0 0 0 0 0 0 0 0 0 0 0 0 0 0 0 0 0 0 0 0 0 0 0 0 0 0 0 0 0 0 0 0 0 0 0 0 0 0 0 0 0 0 0 0 0 0 0 0 0 0 0 0 0 0 0 0 0 0 0 0 0 0 0 0 0 0 0 0 0 0 0 0 0 0 0 0 0 0 0 0 0 0 0 0 0 0 0 0 0 0 0 0 0 0 0 0 0 0 0 0 0 0 0 0 0 0 0 0 0 0 0 0 0 0 0 0 0 0 0 0 0 0 0 0 0 0 0 0 0 0 0 0 0 0 0 0 0 0 0 0 0 0 0 0 0 0 0 0 0 0 0 0 0 0 0 0 0 0 0 0 0 0 0 0 0 0 0 0 0 0 0 0 0 0 0 0 0 0 0 0 0 0 0 0 0 0 0 0 0 0 0 0 0 0 0 0 0 0 0 0 0 0 0 0 0 0 0 0 0 0 0 0 0 0 0 0 0 0 0 0 0 0 0 0 0 0 0 0 0 0 0 0 0 0 0 0 0 0 0 0 0 0 0 0 0 0 0 0 0 0 0 0 0 0 0 0 0 0 0 0 0 0 0 0 0 0 0 0 0 0 0 0 0 0 0 0 0 0 0 0 0 0 0 0 0 0 0 0 0 0 0 0 0 0 0 0 0 0 0 0 0 0 0 0 0 0 0 0 0 0 0 0 0 0 0 0 0 0 0 0 0 0 0 0 0 0 0 0 0 0 0 0 0 0 0 0 0 0 0 0 0 0 0 0 0 0 0 0 0 0 0 0 0 0 0 0 0 0 0 0 0 0 0 0 0 0 0 0 0 0 0 0 0 0 0 0 0 0 0 0 0 0 0 0 0 0 0 0 0 0 0 0 0 0 0 0 0 0 0 0 0 0 0 0 0 0 0 0 0 0 0 0 0 0 0 0 0 0 0 0 0 0 0 0 0 0 0 0 0 0 0 0 0 0 0 0 0 0 0 0 0 0 0 0 0 0 0 0 0 0 0 0 0 0 0 0 0 0 0 0 0 0 0 0 0 0 0 0 0 0 0 0 0 0 0 0 0 0 0 0 0 0 0 0 0 0 0 0 0 0 0 0 0 0 0 0 0 0 0 0 0 0 0 0 0 0 0 0
ctxt 5250800293
btime 1790630938
processes 836645
procs_running 9
procs_blocked 0
softirq 4745973214 73526 12728860 2753162 320646191 511476 0 13560121 52929317 421 47802844
--
cpu  3620671 1602 1666567 48041441 379147 0 805932 0 0 0
cpu0 137186 29 47884 1503097 4707 0 26343 0 0 0
cpu1 138387 33 48823 1506359 5700 0 25757 0 0 0
cpu2 139782 34 48764 1505947 5694 0 25852 0 0 0
cpu3 215267 34 69778 1393845 4168 0 41829 0 0 0
cpu4 216995 37 68444 1394655 4745 0 41920 0 0 0
cpu5 145781 36 50620 1496972 6418 0 26836 0 0 0
cpu6 147386 33 51066 1494429 6692 0 27924 0 0 0
cpu7 153732 30 54318 1482638 6515 0 30599 0 0 0
cpu8 41362 59 44158 1571187 14505 0 13610 0 0 0
cpu9 47444 64 47350 1546816 17874 0 14828 0 0 0
cpu10 45013 65 45712 1554952 16117 0 14631 0 0 0
cpu11 41117 59 41569 1575596 14630 0 13014 0 0 0
cpu12 83042 139 51320 1503246 20005 0 16044 0 0 0
cpu13 79426 72 52314 1502622 20855 0 16394 0 0 0
cpu14 40981 59 41010 1579126 13803 0 12746 0 0 0
cpu15 38040 61 37629 1592718 14122 0 11576 0 0 0
cpu16 182031 27 59272 1445870 6289 0 34227 0 0 0
cpu17 172159 27 57539 1456563 8227 0 32840 0 0 0
cpu18 163977 27 56289 1467427 7931 0 32046 0 0 0
cpu19 284903 26 83594 1302365 3819 0 51903 0 0 0
cpu20 254048 25 78307 1339875 5695 0 49360 0 0 0
cpu21 158996 29 55271 1472299 9379 0 31246 0 0 0
cpu22 147105 33 52763 1488220 9306 0 29110 0 0 0
cpu23 127800 32 47165 1519400 8954 0 24496 0 0 0
cpu24 44285 61 42466 1573246 16623 0 13708 0 0 0
cpu25 49548 63 47420 1548567 18795 0 16207 0 0 0
cpu26 47379 58 46276 1555078 17909 0 15762 0 0 0
cpu27 40019 48 41227 1565675 16619 0 21588 0 0 0
cpu28 75781 82 55195 1489792 21125 0 28843 0 0 0
cpu29 79642 119 57187 1478494 21757 0 29372 0 0 0
cpu30 39428 44 42788 1559406 15207 0 21582 0 0 0
cpu31 42617 44 43037 1574944 14948 0 13724 0 0 0
intr 3312850469 126 0 0 0 0 0 0 0 0 1 0 0 0 0 0 0 0 0 0 0 0 0 0 0 0 0 0 1 1 1 0 0 0 0 1 0 1 0 0 75045 0 0 0 0 0 0 0 0 411 0 0 0 0 0 0 0 0 87 0 0 0 0 0 0 0 0 0 0 0 0 0 0 0 490040 2 35057712 34996752 34912454 35053772 0 14280 10791 12157 11569 8435 9755 12843 13893 10866 38427 52419 40915 34653 52658 50331 31515 28106 12625 14415 17219 7582 10999 15778 15596 13869 35894 45021 41079 33035 50980 54857 30092 32275 0 0 0 0 617173 4475 1036 0 264 0 0 0 0 0 0 0 0 0 0 0 0 0 0 0 0 0 0 0 0 0 0 0 0 0 0 0 0 0 0 0 0 0 0 0 0 0 0 0 0 0 0 0 0 0 0 0 0 0 0 0 0 0 0 0 0 0 0 0 0 0 0 0 0 0 0 0 0 0 0 0 0 0 0 0 0 0 0 0 0 0 0 0 0 0 0 0 0 0 0 0 0 0 0 0 0 0 0 0 0 0 0 0 0 0 0 0 0 0 0 0 0 0 0 0 0 0 0 0 0 0 0 0 0 0 0 0 0 0 0 0 0 0 0 0 0 0 0 0 0 0 0 0 0 0 0 0 0 0 0 0 0 0 0 0 0 0 0 0 0 0 0 0 0 0 0 0 0 0 0 0 0 0 0 0 0 0 0 0 0 0 0 0 0 0 0 0 0 0 0 0 0 0 0 0 0 0 0 0 0 0 0 0 0 0 0 0 0 0 0 0 0 0 0 0 0 0 0 0 0 0 0 0 0 0 0 0 0 0 0 0 0 0 0 0 0 0 0 0 0 0 0 0 0 0 0 0 0 0 0 0 0 0 0 0 0 0 0 0 0 0 0 0 0 0 0 0 0 0 0 0 0 0 0 0 0 0 0 0 0 0 0 0 0 0 0 0 0 0 0 0 0 0 0 0 0 0 0 0 0 0 0 0 0 0 0 0 0 0 0 0 0 0 0 0 0 0 0 0 0 0 0 0 0 0 0 0 0 0 0 0 0 0 0 0 0 0 0 0 0 0 0 0 0 0 0 0 0 0 0 0 0 0 0 0 0 0 0 0 0 0 0 0 0 0 0 0 0 0 0 0 0 0 0 0 0 0 0 0 0 0 0 0 0 0 0 0 0 0 0 0 0 0 0 0 0 0 0 0 0 0 0 0 0 0 0 0 0 0 0 0 0 0 0 0 0 0 0 0 0 0 0 0 0 0 0 0 0 0 0 0 0 0 0 0 0 0 0 0 0 0 0 0 0 0 0 0 0 0 0 0 0 0 0 0 0 0 0 0 0 0 0 0 0 0 0 0 0 0 0 0 0 0 0 0 0 0 0 0 0 0 0 0 0 0 0 0 0 0 0 0 0 0 0 0 0 0 0 0 0 0 0 0 0 0 0 0 0 0 0 0 0 0 0 0 0 0 0 0 0 0 0 0 0 0 0 0 0 0 0 0 0 0 0 0 0 0 0 0 0 0 0 0 0 0 0 0 0 0 0 0 0 0 0 0 0 0 0 0 0 0 0 0 0 0 0 0 0 0 0 0 0 0 0 0 0 0 0 0 0 0 0 0 0 0 0 0 0 0 0 0 0 0 0 0 0 0 0 0 0 0 0 0 0 0 0 0 0 0 0 0 0 0 0 0 0 0 0 0 0 0 0 0 0 0 0 0 0 0 0 0 0 0 0 0 0 0 0 0 0 0 0 0 0 0 0 0 0 0 0 0 0 0 0 0 0 0 0 0 0 0 0 0 0 0 0 0 0 0 0 0 0 0 0 0 0 0 0 0 0 0 0 0 0 0 0 0 0 0 0 0 0 0 0 0 0 0 0 0 0 0 0 0 0 0 0 0 0 0 0 0 0 0 0 0 0 0 0 0 0 0 0 0 0 0 0 0 0 0 0 0 0 0 0 0 0 0 0 0 0 0 0 0 0 0 0 0 0 0 0 0 0 0 0 0 0 0 0 0 0 0 0 0 0 0 0 0 0 0 0 0 0 0 0 0 0 0 0 0 0 0 0 0 0 0 0 0 0 0 0 0 0 0 0 0 0 0 0 0 0 0 0 0 0 0 0 0 0 0 0 0 0 0 0 0 0 0 0 0 0 0 0 0 0 0 0 0 0 0 0 0 0 0 0 0 0 0 0 0 0 0 0 0 0 0 0 0 0 0 0 0 0 0 0 0 0 0 0 0 0 0 0 0 0 0 0 0 0 0 0 0 0 0 0 0 0 0 0 0 0 0 0 0 0 0 0 0 0 0 0 0 0 0 0 0 0 0 0 0 0 0 0 0 0 0 0 0 0 0 0 0 0 0 0 0 0 0 0 0 0 0 0 0 0 0 0 0 0 0 0 0 0 0 0 0 0 0 0 0 0 0 0 0 0 0 0 0 0 0 0 0 0 0 0 0 0 0 0 0 0 0 0 0 0 0 0 0 0 0 0 0 0 0 0 0 0 0 0 0 0 0 0 0 0 0 0 0 0 0 0 0 0 0 0 0 0 0 0 0 0 0 0 0 0 0 0 0 0 0 0 0 0 0 0 0 0 0 0 0 0 0 0 0 0 0 0 0 0 0 0 0 0 0 0 0 0 0 0 0 0 0 0 0 0 0 0 0 0 0 0 0 0 0 0 0 0 0 0 0 0 0 0 0 0 0 0 0 0 0 0 0 0 0 0 0 0 0 0 0 0 0 0 0 0 0 0 0 0 0 0 0 0 0 0 0 0 0 0 0 0 0 0
ctxt 5253089300
btime 1790630938
processes 836691
procs_running 12
procs_blocked 0
softirq 4748305523 73526 12733269 2753162 322938977 511610 0 13560121 52942101 421 47825040
