Running 10s test @ http://127.0.0.1:18500/json
  16 threads and 128 connections
  Thread Stats   Avg      Stdev     Max   +/- Stdev
    Latency     7.18ms  232.34us   9.50ms   83.58%
    Req/Sec     1.12k    17.73     1.17k    78.69%
  Latency Distribution
     50%    7.12ms
     75%    7.22ms
     90%    7.49ms
     99%    7.88ms
  178277 requests in 10.01s, 45.22MB read
Requests/sec:  17811.94
Transfer/sec:      4.52MB
## server-stat
cpu  3709703 1623 1679283 48759905 379812 0 809691 0 0 0
cpu0 140978 29 48442 1524239 4707 0 26590 0 0 0
cpu1 142610 34 49368 1527183 5702 0 25996 0 0 0
cpu2 146651 34 49628 1523769 5753 0 26124 0 0 0
cpu3 220736 34 70391 1413334 4194 0 42069 0 0 0
cpu4 222626 38 69040 1414069 4745 0 42135 0 0 0
cpu5 152450 37 51351 1515236 6435 0 27052 0 0 0
cpu6 153856 33 51881 1512812 6699 0 28161 0 0 0
cpu7 159870 31 55074 1501395 6516 0 30847 0 0 0
cpu8 41434 60 44280 1596667 14521 0 13625 0 0 0
cpu9 47561 66 47487 1572066 17938 0 14852 0 0 0
cpu10 45098 66 45841 1580332 16123 0 14652 0 0 0
cpu11 41191 61 41683 1601100 14638 0 13028 0 0 0
cpu12 83599 140 51526 1527908 20070 0 16094 0 0 0
cpu13 79886 73 52531 1527324 20915 0 16453 0 0 0
cpu14 41058 60 41150 1604498 13834 0 12770 0 0 0
cpu15 38103 63 37757 1618224 14128 0 11594 0 0 0
cpu16 188886 27 60009 1463969 6290 0 34442 0 0 0
cpu17 178626 27 58279 1475075 8228 0 33020 0 0 0
cpu18 167764 27 56723 1488975 7932 0 32182 0 0 0
cpu19 290790 26 84304 1321494 3820 0 52071 0 0 0
cpu20 259678 25 79006 1359260 5695 0 49537 0 0 0
cpu21 163227 30 55825 1493236 9380 0 31425 0 0 0
cpu22 151162 34 53239 1509405 9312 0 29284 0 0 0
cpu23 131642 32 47705 1540715 8954 0 24690 0 0 0
cpu24 44381 63 42594 1598756 16626 0 13725 0 0 0
cpu25 49669 64 47560 1573964 18802 0 16232 0 0 0
cpu26 47488 59 46393 1580544 17917 0 15782 0 0 0
cpu27 40112 48 41337 1591240 16636 0 21599 0 0 0
cpu28 76234 82 55382 1514703 21147 0 28881 0 0 0
cpu29 80109 119 57388 1503103 21985 0 29423 0 0 0
cpu30 39515 45 42930 1584834 15208 0 21605 0 0 0
cpu31 42700 45 43162 1600460 14950 0 13739 0 0 0
intr 3330971310 126 0 0 0 0 0 0 0 0 1 0 0 0 0 0 0 0 0 0 0 0 0 0 0 0 0 0 1 1 1 0 0 0 0 1 0 1 0 0 75045 0 0 0 0 0 0 0 0 411 0 0 0 0 0 0 0 0 87 0 0 0 0 0 0 0 0 0 0 0 0 0 0 0 496264 2 35058448 34997634 34913034 35055121 0 14489 10793 12161 11569 8441 9760 12843 13894 10866 38432 52526 40920 34659 52866 50539 31538 28110 12626 14416 17221 7593 10999 15780 15596 13870 35900 45024 41095 33037 50991 55147 30097 32285 0 0 0 0 617189 4497 1036 0 264 0 0 0 0 0 0 0 0 0 0 0 0 0 0 0 0 0 0 0 0 0 0 0 0 0 0 0 0 0 0 0 0 0 0 0 0 0 0 0 0 0 0 0 0 0 0 0 0 0 0 0 0 0 0 0 0 0 0 0 0 0 0 0 0 0 0 0 0 0 0 0 0 0 0 0 0 0 0 0 0 0 0 0 0 0 0 0 0 0 0 0 0 0 0 0 0 0 0 0 0 0 0 0 0 0 0 0 0 0 0 0 0 0 0 0 0 0 0 0 0 0 0 0 0 0 0 0 0 0 0 0 0 0 0 0 0 0 0 0 0 0 0 0 0 0 0 0 0 0 0 0 0 0 0 0 0 0 0 0 0 0 0 0 0 0 0 0 0 0 0 0 0 0 0 0 0 0 0 0 0 0 0 0 0 0 0 0 0 0 0 0 0 0 0 0 0 0 0 0 0 0 0 0 0 0 0 0 0 0 0 0 0 0 0 0 0 0 0 0 0 0 0 0 0 0 0 0 0 0 0 0 0 0 0 0 0 0 0 0 0 0 0 0 0 0 0 0 0 0 0 0 0 0 0 0 0 0 0 0 0 0 0 0 0 0 0 0 0 0 0 0 0 0 0 0 0 0 0 0 0 0 0 0 0 0 0 0 0 0 0 0 0 0 0 0 0 0 0 0 0 0 0 0 0 0 0 0 0 0 0 0 0 0 0 0 0 0 0 0 0 0 0 0 0 0 0 0 0 0 0 0 0 0 0 0 0 0 0 0 0 0 0 0 0 0 0 0 0 0 0 0 0 0 0 0 0 0 0 0 0 0 0 0 0 0 0 0 0 0 0 0 0 0 0 0 0 0 0 0 0 0 0 0 0 0 0 0 0 0 0 0 0 0 0 0 0 0 0 0 0 0 0 0 0 0 0 0 0 0 0 0 0 0 0 0 0 0 0 0 0 0 0 0 0 0 0 0 0 0 0 0 0 0 0 0 0 0 0 0 0 0 0 0 0 0 0 0 0 0 0 0 0 0 0 0 0 0 0 0 0 0 0 0 0 0 0 0 0 0 0 0 0 0 0 0 0 0 0 0 0 0 0 0 0 0 0 0 0 0 0 0 0 0 0 0 0 0 0 0 0 0 0 0 0 0 0 0 0 0 0 0 0 0 0 0 0 0 0 0 0 0 0 0 0 0 0 0 0 0 0 0 0 0 0 0 0 0 0 0 0 0 0 0 0 0 0 0 0 0 0 0 0 0 0 0 0 0 0 0 0 0 0 0 0 0 0 0 0 0 0 0 0 0 0 0 0 0 0 0 0 0 0 0 0 0 0 0 0 0 0 0 0 0 0 0 0 0 0 0 0 0 0 0 0 0 0 0 0 0 0 0 0 0 0 0 0 0 0 0 0 0 0 0 0 0 0 0 0 0 0 0 0 0 0 0 0 0 0 0 0 0 0 0 0 0 0 0 0 0 0 0 0 0 0 0 0 0 0 0 0 0 0 0 0 0 0 0 0 0 0 0 0 0 0 0 0 0 0 0 0 0 0 0 0 0 0 0 0 0 0 0 0 0 0 0 0 0 0 0 0 0 0 0 0 0 0 0 0 0 0 0 0 0 0 0 0 0 0 0 0 0 0 0 0 0 0 0 0 0 0 0 0 0 0 0 0 0 0 0 0 0 0 0 0 0 0 0 0 0 0 0 0 0 0 0 0 0 0 0 0 0 0 0 0 0 0 0 0 0 0 0 0 0 0 0 0 0 0 0 0 0 0 0 0 0 0 0 0 0 0 0 0 0 0 0 0 0 0 0 0 0 0 0 0 0 0 0 0 0 0 0 0 0 0 0 0 0 0 0 0 0 0 0 0 0 0 0 0 0 0 0 0 0 0 0 0 0 0 0 0 0 0 0 0 0 0 0 0 0 0 0 0 0 0 0 0 0 0 0 0 0 0 0 0 0 0 0 0 0 0 0 0 0 0 0 0 0 0 0 0 0 0 0 0 0 0 0 0 0 0 0 0 0 0 0 0 0 0 0 0 0 0 0 0 0 0 0 0 0 0 0 0 0 0 0 0 0 0 0 0 0 0 0 0 0 0 0 0 0 0 0 0 0 0 0 0 0 0 0 0 0 0 0 0 0 0 0 0 0 0 0 0 0 0 0 0 0 0 0 0 0 0 0 0 0 0 0 0 0 0 0 0 0 0 0 0 0 0 0 0 0 0 0 0 0 0 0 0 0 0 0 0 0 0 0 0 0 0 0 0 0 0 0 0 0 0 0 0 0 0 0 0 0 0 0 0 0 0 0 0 0 0 0 0 0 0 0 0 0 0 0 0 0 0 0 0 0 0 0 0 0 0 0 0 0 0 0 0 0 0 0 0 0 0 0 0 0 0 0 0 0 0 0 0 0 0 0 0 0 0 0 0 0 0 0 0 0 0 0 0 0 0 0 0 0 0 0 0 0 0 0 0 0 0 0 0 0 0 0 0 0 0
ctxt 5284191763
btime 1790630938
processes 881783
procs_running 10
procs_blocked 0
softirq 4769038461 73526 12963412 2753166 341882122 518164 0 13560186 53533371 421 48786797
--
cpu  3716080 1623 1679863 48778054 379827 0 809789 0 0 0
cpu0 141216 29 48470 1524733 4707 0 26599 0 0 0
cpu1 142902 34 49395 1527635 5702 0 26003 0 0 0
cpu2 146922 34 49660 1524237 5753 0 26131 0 0 0
cpu3 220978 34 70417 1413839 4194 0 42078 0 0 0
cpu4 222738 38 69063 1414693 4745 0 42146 0 0 0
cpu5 152918 37 51390 1515515 6435 0 27055 0 0 0
cpu6 154235 33 51919 1513173 6699 0 28168 0 0 0
cpu7 160449 31 55114 1501565 6516 0 30849 0 0 0
cpu8 41434 60 44281 1597461 14522 0 13625 0 0 0
cpu9 47563 66 47488 1572846 17938 0 14853 0 0 0
cpu10 45098 66 45842 1581120 16123 0 14652 0 0 0
cpu11 41191 61 41684 1601890 14638 0 13028 0 0 0
cpu12 83614 140 51530 1528678 20070 0 16096 0 0 0
cpu13 79893 73 52533 1528097 20915 0 16453 0 0 0
cpu14 41058 60 41151 1605287 13834 0 12771 0 0 0
cpu15 38104 63 37758 1619016 14128 0 11594 0 0 0
cpu16 189446 27 60049 1464157 6290 0 34445 0 0 0
cpu17 179118 27 58323 1475324 8228 0 33024 0 0 0
cpu18 168287 27 56762 1489197 7932 0 32186 0 0 0
cpu19 291342 26 84345 1321691 3820 0 52074 0 0 0
cpu20 260359 25 79055 1359327 5695 0 49538 0 0 0
cpu21 163560 30 55857 1493653 9380 0 31433 0 0 0
cpu22 151576 34 53280 1509734 9312 0 29288 0 0 0
cpu23 131828 32 47729 1541269 8954 0 24701 0 0 0
cpu24 44382 63 42594 1599544 16626 0 13725 0 0 0
cpu25 49669 64 47561 1574752 18802 0 16232 0 0 0
cpu26 47488 59 46393 1581334 17917 0 15782 0 0 0
cpu27 40112 48 41338 1592037 16636 0 21599 0 0 0
cpu28 76258 82 55384 1515475 21147 0 28882 0 0 0
cpu29 80111 119 57390 1503875 21997 0 29424 0 0 0
cpu30 39515 45 42931 1585629 15208 0 21605 0 0 0
cpu31 42700 45 43162 1601258 14950 0 13739 0 0 0
intr 3331805790 126 0 0 0 0 0 0 0 0 1 0 0 0 0 0 0 0 0 0 0 0 0 0 0 0 0 0 1 1 1 0 0 0 0 1 0 1 0 0 75045 0 0 0 0 0 0 0 0 411 0 0 0 0 0 0 0 0 87 0 0 0 0 0 0 0 0 0 0 0 0 0 0 0 496393 2 35058462 34997645 34913049 35055161 0 14497 10793 12161 11569 8442 9760 12843 13894 10866 38432 52527 40920 34659 52866 50540 31544 28110 12626 14416 17221 7593 10999 15780 15596 13870 35901 45024 41095 33037 50991 55147 30097 32285 0 0 0 0 617189 4497 1036 0 264 0 0 0 0 0 0 0 0 0 0 0 0 0 0 0 0 0 0 0 0 0 0 0 0 0 0 0 0 0 0 0 0 0 0 0 0 0 0 0 0 0 0 0 0 0 0 0 0 0 0 0 0 0 0 0 0 0 0 0 0 0 0 0 0 0 0 0 0 0 0 0 0 0 0 0 0 0 0 0 0 0 0 0 0 0 0 0 0 0 0 0 0 0 0 0 0 0 0 0 0 0 0 0 0 0 0 0 0 0 0 0 0 0 0 0 0 0 0 0 0 0 0 0 0 0 0 0 0 0 0 0 0 0 0 0 0 0 0 0 0 0 0 0 0 0 0 0 0 0 0 0 0 0 0 0 0 0 0 0 0 0 0 0 0 0 0 0 0 0 0 0 0 0 0 0 0 0 0 0 0 0 0 0 0 0 0 0 0 0 0 0 0 0 0 0 0 0 0 0 0 0 0 0 0 0 0 0 0 0 0 0 0 0 0 0 0 0 0 0 0 0 0 0 0 0 0 0 0 0 0 0 0 0 0 0 0 0 0 0 0 0 0 0 0 0 0 0 0 0 0 0 0 0 0 0 0 0 0 0 0 0 0 0 0 0 0 0 0 0 0 0 0 0 0 0 0 0 0 0 0 0 0 0 0 0 0 0 0 0 0 0 0 0 0 0 0 0 0 0 0 0 0 0 0 0 0 0 0 0 0 0 0 0 0 0 0 0 0 0 0 0 0 0 0 0 0 0 0 0 0 0 0 0 0 0 0 0 0 0 0 0 0 0 0 0 0 0 0 0 0 0 0 0 0 0 0 0 0 0 0 0 0 0 0 0 0 0 0 0 0 0 0 0 0 0 0 0 0 0 0 0 0 0 0 0 0 0 0 0 0 0 0 0 0 0 0 0 0 0 0 0 0 0 0 0 0 0 0 0 0 0 0 0 0 0 0 0 0 0 0 0 0 0 0 0 0 0 0 0 0 0 0 0 0 0 0 0 0 0 0 0 0 0 0 0 0 0 0 0 0 0 0 0 0 0 0 0 0 0 0 0 0 0 0 0 0 0 0 0 0 0 0 0 0 0 0 0 0 0 0 0 0 0 0 0 0 0 0 0 0 0 0 0 0 0 0 0 0 0 0 0 0 0 0 0 0 0 0 0 0 0 0 0 0 0 0 0 0 0 0 0 0 0 0 0 0 0 0 0 0 0 0 0 0 0 0 0 0 0 0 0 0 0 0 0 0 0 0 0 0 0 0 0 0 0 0 0 0 0 0 0 0 0 0 0 0 0 0 0 0 0 0 0 0 0 0 0 0 0 0 0 0 0 0 0 0 0 0 0 0 0 0 0 0 0 0 0 0 0 0 0 0 0 0 0 0 0 0 0 0 0 0 0 0 0 0 0 0 0 0 0 0 0 0 0 0 0 0 0 0 0 0 0 0 0 0 0 0 0 0 0 0 0 0 0 0 0 0 0 0 0 0 0 0 0 0 0 0 0 0 0 0 0 0 0 0 0 0 0 0 0 0 0 0 0 0 0 0 0 0 0 0 0 0 0 0 0 0 0 0 0 0 0 0 0 0 0 0 0 0 0 0 0 0 0 0 0 0 0 0 0 0 0 0 0 0 0 0 0 0 0 0 0 0 0 0 0 0 0 0 0 0 0 0 0 0 0 0 0 0 0 0 0 0 0 0 0 0 0 0 0 0 0 0 0 0 0 0 0 0 0 0 0 0 0 0 0 0 0 0 0 0 0 0 0 0 0 0 0 0 0 0 0 0 0 0 0 0 0 0 0 0 0 0 0 0 0 0 0 0 0 0 0 0 0 0 0 0 0 0 0 0 0 0 0 0 0 0 0 0 0 0 0 0 0 0 0 0 0 0 0 0 0 0 0 0 0 0 0 0 0 0 0 0 0 0 0 0 0 0 0 0 0 0 0 0 0 0 0 0 0 0 0 0 0 0 0 0 0 0 0 0 0 0 0 0 0 0 0 0 0 0 0 0 0 0 0 0 0 0 0 0 0 0 0 0 0 0 0 0 0 0 0 0 0 0 0 0 0 0 0 0 0 0 0 0 0 0 0 0 0 0 0 0 0 0 0 0 0 0 0 0 0 0 0 0 0 0 0 0 0 0 0 0 0 0 0 0 0 0 0 0 0 0 0 0 0 0 0 0 0 0 0 0 0 0 0 0 0 0 0 0 0 0 0 0 0 0 0 0 0 0 0 0 0 0 0 0 0 0 0 0 0 0 0 0 0 0 0 0 0 0 0 0 0 0 0 0 0 0 0 0 0 0 0 0 0 0 0 0 0 0 0 0 0 0 0 0 0 0 0 0 0 0 0 0 0 0 0 0 0 0 0 0 0 0 0 0 0 0 0 0 0 0 0 0 0 0 0 0 0 0 0 0 0 0 0 0 0 0 0 0 0 0 0 0 0 0 0 0 0 0 0 0 0 0 0 0 0 0 0 0 0 0 0 0 0 0 0 0 0 0
ctxt 5285616353
btime 1790630938
processes 881857
procs_running 9
procs_blocked 0
softirq 4769369405 73526 12966419 2753166 342167723 518302 0 13560186 53550265 421 48812101
