Running 10s test @ http://127.0.0.1:18500/usleep?ms=10
  16 threads and 1000 connections
  Thread Stats   Avg      Stdev     Max   +/- Stdev
    Latency     1.39s   235.75ms   2.49s    90.20%
    Req/Sec    74.70     58.18   430.00     77.02%
  Latency Distribution
     50%    1.31s 
     75%    1.31s 
     90%    1.61s 
     99%    2.40s 
  6675 requests in 10.09s, 1.49MB read
Requests/sec:    661.25
Transfer/sec:    151.11KB
## server-stat
cpu  3727090 1626 1683132 48865498 379908 0 809922 0 0 0
cpu0 141832 29 48620 1527115 4707 0 26612 0 0 0
cpu1 143485 34 49560 1530049 5702 0 26013 0 0 0
cpu2 147708 34 49889 1526403 5753 0 26135 0 0 0
cpu3 221407 34 70509 1416473 4194 0 42091 0 0 0
cpu4 223292 38 69194 1417179 4745 0 42154 0 0 0
cpu5 153560 37 51543 1517897 6435 0 27061 0 0 0
cpu6 154701 33 52043 1515751 6699 0 28178 0 0 0
cpu7 161223 31 55324 1503766 6516 0 30854 0 0 0
cpu8 41450 60 44306 1600609 14522 0 13626 0 0 0
cpu9 47582 66 47511 1575988 17939 0 14854 0 0 0
cpu10 45118 66 45868 1584266 16123 0 14653 0 0 0
cpu11 41204 61 41708 1605042 14638 0 13029 0 0 0
cpu12 83657 140 51560 1531750 20102 0 16098 0 0 0
cpu13 79945 73 52562 1531190 20918 0 16457 0 0 0
cpu14 41072 60 41178 1608435 13835 0 12771 0 0 0
cpu15 38119 63 37783 1622165 14129 0 11595 0 0 0
cpu16 190147 27 60269 1466411 6290 0 34454 0 0 0
cpu17 179857 27 58508 1477579 8228 0 33030 0 0 0
cpu18 168795 27 56897 1491724 7932 0 32194 0 0 0
cpu19 292304 26 84622 1323638 3820 0 52078 0 0 0
cpu20 261186 25 79274 1361463 5695 0 49542 0 0 0
cpu21 164237 30 56041 1495966 9380 0 31439 0 0 0
cpu22 152399 34 53499 1511875 9312 0 29294 0 0 0
cpu23 132275 32 47881 1543837 8955 0 24709 0 0 0
cpu24 44400 63 42621 1602694 16626 0 13725 0 0 0
cpu25 49687 64 47588 1577898 18802 0 16233 0 0 0
cpu26 47509 59 46418 1584481 17917 0 15782 0 0 0
cpu27 40129 49 41363 1595187 16636 0 21599 0 0 0
cpu28 76301 82 55411 1518597 21147 0 28883 0 0 0
cpu29 80242 119 57422 1506863 22039 0 29424 0 0 0
cpu30 39532 45 42961 1588778 15208 0 21605 0 0 0
cpu31 42720 45 43187 1604412 14950 0 13739 0 0 0
intr 3333583773 126 0 0 0 0 0 0 0 0 1 0 0 0 0 0 0 0 0 0 0 0 0 0 0 0 0 0 1 1 1 0 0 0 0 1 0 1 0 0 75045 0 0 0 0 0 0 0 0 411 0 0 0 0 0 0 0 0 87 0 0 0 0 0 0 0 0 0 0 0 0 0 0 0 497123 2 35058558 34997696 34913125 35055318 0 14521 10793 12161 11569 8447 9760 12843 13894 10866 38432 52528 40920 34659 52867 50609 31546 28110 12627 14417 17223 7593 10999 15780 15596 13870 35901 45024 41097 33037 50992 55149 30097 32285 0 0 0 0 617193 4508 1036 0 264 0 0 0 0 0 0 0 0 0 0 0 0 0 0 0 0 0 0 0 0 0 0 0 0 0 0 0 0 0 0 0 0 0 0 0 0 0 0 0 0 0 0 0 0 0 0 0 0 0 0 0 0 0 0 0 0 0 0 0 0 0 0 0 0 0 0 0 0 0 0 0 0 0 0 0 0 0 0 0 0 0 0 0 0 0 0 0 0 0 0 0 0 0 0 0 0 0 0 0 0 0 0 0 0 0 0 0 0 0 0 0 0 0 0 0 0 0 0 0 0 0 0 0 0 0 0 0 0 0 0 0 0 0 0 0 0 0 0 0 0 0 0 0 0 0 0 0 0 0 0 0 0 0 0 0 0 0 0 0 0 0 0 0 0 0 0 0 0 0 0 0 0 0 0 0 0 0 0 0 0 0 0 0 0 0 0 0 0 0 0 0 0 0 0 0 0 0 0 0 0 0 0 0 0 0 0 0 0 0 0 0 0 0 0 0 0 0 0 0 0 0 0 0 0 0 0 0 0 0 0 0 0 0 0 0 0 0 0 0 0 0 0 0 0 0 0 0 0 0 0 0 0 0 0 0 0 0 0 0 0 0 0 0 0 0 0 0 0 0 0 0 0 0 0 0 0 0 0 0 0 0 0 0 0 0 0 0 0 0 0 0 0 0 0 0 0 0 0 0 0 0 0 0 0 0 0 0 0 0 0 0 0 0 0 0 0 0 0 0 0 0 0 0 0 0 0 0 0 0 0 0 0 0 0 0 0 0 0 0 0 0 0 0 0 0 0 0 0 0 0 0 0 0 0 0 0 0 0 0 0 0 0 0 0 0 0 0 0 0 0 0 0 0 0 0 0 0 0 0 0 0 0 0 0 0 0 0 0 0 0 0 0 0 0 0 0 0 0 0 0 0 0 0 0 0 0 0 0 0 0 0 0 0 0 0 0 0 0 0 0 0 0 0 0 0 0 0 0 0 0 0 0 0 0 0 0 0 0 0 0 0 0 0 0 0 0 0 0 0 0 0 0 0 0 0 0 0 0 0 0 0 0 0 0 0 0 0 0 0 0 0 0 0 0 0 0 0 0 0 0 0 0 0 0 0 0 0 0 0 0 0 0 0 0 0 0 0 0 0 0 0 0 0 0 0 0 0 0 0 0 0 0 0 0 0 0 0 0 0 0 0 0 0 0 0 0 0 0 0 0 0 0 0 0 0 0 0 0 0 0 0 0 0 0 0 0 0 0 0 0 0 0 0 0 0 0 0 0 0 0 0 0 0 0 0 0 0 0 0 0 0 0 0 0 0 0 0 0 0 0 0 0 0 0 0 0 0 0 0 0 0 0 0 0 0 0 0 0 0 0 0 0 0 0 0 0 0 0 0 0 0 0 0 0 0 0 0 0 0 0 0 0 0 0 0 0 0 0 0 0 0 0 0 0 0 0 0 0 0 0 0 0 0 0 0 0 0 0 0 0 0 0 0 0 0 0 0 0 0 0 0 0 0 0 0 0 0 0 0 0 0 0 0 0 0 0 0 0 0 0 0 0 0 0 0 0 0 0 0 0 0 0 0 0 0 0 0 0 0 0 0 0 0 0 0 0 0 0 0 0 0 0 0 0 0 0 0 0 0 0 0 0 0 0 0 0 0 0 0 0 0 0 0 0 0 0 0 0 0 0 0 0 0 0 0 0 0 0 0 0 0 0 0 0 0 0 0 0 0 0 0 0 0 0 0 0 0 0 0 0 0 0 0 0 0 0 0 0 0 0 0 0 0 0 0 0 0 0 0 0 0 0 0 0 0 0 0 0 0 0 0 0 0 0 0 0 0 0 0 0 0 0 0 0 0 0 0 0 0 0 0 0 0 0 0 0 0 0 0 0 0 0 0 0 0 0 0 0 0 0 0 0 0 0 0 0 0 0 0 0 0 0 0 0 0 0 0 0 0 0 0 0 0 0 0 0 0 0 0 0 0 0 0 0 0 0 0 0 0 0 0 0 0 0 0 0 0 0 0 0 0 0 0 0 0 0 0 0 0 0 0 0 0 0 0 0 0 0 0 0 0 0 0 0 0 0 0 0 0 0 0 0 0 0 0 0 0 0 0 0 0 0 0 0 0 0 0 0 0 0 0 0 0 0 0 0 0 0 0 0 0 0 0 0 0 0 0 0 0 0 0 0 0 0 0 0 0 0 0 0 0 0 0 0 0 0 0 0 0 0 0 0 0 0 0 0 0 0 0 0 0 0 0 0 0 0 0 0 0 0 0 0 0 0 0 0 0 0 0 0 0 0 0 0 0 0 0 0 0 0 0 0 0 0 0 0 0 0 0 0 0 0 0 0 0 0 0 0 0 0 0 0 0 0 0 0 0 0 0 0 0 0 0 0 0 0 0 0 0 0 0 0 0 0 0 0 0 0 0 0 0 0 0 0 0 0 0 0 0 0 0 0 0 0 0 0 0 0 0 0 0 0 0 0 0 0 0 0 0 0 0 0
ctxt 5288465981
btime 1790630938
processes 892494
procs_running 1
procs_blocked 0
softirq 4770002777 73526 12984207 2753166 342552543 519074 0 13560210 53610832 421 48981502
--
cpu  3727474 1627 1683169 48890608 379911 0 809927 0 0 0
cpu0 141860 29 48622 1527880 4707 0 26612 0 0 0
cpu1 143512 34 49562 1530819 5702 0 26013 0 0 0
cpu2 147734 34 49891 1527174 5753 0 26135 0 0 0
cpu3 221464 34 70513 1417209 4194 0 42091 0 0 0
cpu4 223331 38 69196 1417937 4745 0 42154 0 0 0
cpu5 153579 37 51545 1518676 6435 0 27061 0 0 0
cpu6 154713 33 52044 1516535 6699 0 28178 0 0 0
cpu7 161231 31 55325 1504556 6516 0 30854 0 0 0
cpu8 41452 60 44306 1601405 14522 0 13626 0 0 0
cpu9 47585 66 47512 1576782 17939 0 14854 0 0 0
cpu10 45120 66 45869 1585060 16123 0 14653 0 0 0
cpu11 41206 61 41709 1605838 14638 0 13029 0 0 0
cpu12 83692 141 51563 1532509 20103 0 16098 0 0 0
cpu13 79963 73 52563 1531967 20919 0 16457 0 0 0
cpu14 41072 60 41179 1609231 13835 0 12771 0 0 0
cpu15 38120 63 37783 1622962 14129 0 11595 0 0 0
cpu16 190163 27 60271 1467191 6290 0 34454 0 0 0
cpu17 179864 27 58509 1478370 8228 0 33030 0 0 0
cpu18 168802 27 56898 1492515 7932 0 32194 0 0 0
cpu19 292329 26 84625 1324407 3820 0 52078 0 0 0
cpu20 261211 25 79275 1362234 5695 0 49542 0 0 0
cpu21 164244 30 56042 1496756 9380 0 31439 0 0 0
cpu22 152404 34 53499 1512667 9312 0 29294 0 0 0
cpu23 132279 32 47882 1544630 8955 0 24709 0 0 0
cpu24 44402 63 42621 1603491 16626 0 13725 0 0 0
cpu25 49690 64 47588 1578693 18802 0 16233 0 0 0
cpu26 47509 59 46418 1585279 17917 0 15782 0 0 0
cpu27 40130 49 41363 1595985 16636 0 21599 0 0 0
cpu28 76303 82 55412 1519391 21147 0 28883 0 0 0
cpu29 80243 119 57422 1507659 22040 0 29424 0 0 0
cpu30 39534 45 42961 1589574 15208 0 21605 0 0 0
cpu31 42720 45 43187 1605210 14950 0 13739 0 0 0
intr 3333762132 126 0 0 0 0 0 0 0 0 1 0 0 0 0 0 0 0 0 0 0 0 0 0 0 0 0 0 1 1 1 0 0 0 0 1 0 1 0 0 75045 0 0 0 0 0 0 0 0 411 0 0 0 0 0 0 0 0 87 0 0 0 0 0 0 0 0 0 0 0 0 0 0 0 497123 2 35058577 34997711 34913138 35055354 0 14529 10793 12161 11569 8447 9760 12843 13894 10866 38433 52528 40920 34659 52867 50615 31546 28110 12628 14417 17223 7593 10999 15780 15596 13870 35901 45024 41097 33037 50995 55157 30097 32285 0 0 0 0 617193 4508 1036 0 264 0 0 0 0 0 0 0 0 0 0 0 0 0 0 0 0 0 0 0 0 0 0 0 0 0 0 0 0 0 0 0 0 0 0 0 0 0 0 0 0 0 0 0 0 0 0 0 0 0 0 0 0 0 0 0 0 0 0 0 0 0 0 0 0 0 0 0 0 0 0 0 0 0 0 0 0 0 0 0 0 0 0 0 0 0 0 0 0 0 0 0 0 0 0 0 0 0 0 0 0 0 0 0 0 0 0 0 0 0 0 0 0 0 0 0 0 0 0 0 0 0 0 0 0 0 0 0 0 0 0 0 0 0 0 0 0 0 0 0 0 0 0 0 0 0 0 0 0 0 0 0 0 0 0 0 0 0 0 0 0 0 0 0 0 0 0 0 0 0 0 0 0 0 0 0 0 0 0 0 0 0 0 0 0 0 0 0 0 0 0 0 0 0 0 0 0 0 0 0 0 0 0 0 0 0 0 0 0 0 0 0 0 0 0 0 0 0 0 0 0 0 0 0 0 0 0 0 0 0 0 0 0 0 0 0 0 0 0 0 0 0 0 0 0 0 0 0 0 0 0 0 0 0 0 0 0 0 0 0 0 0 0 0 0 0 0 0 0 0 0 0 0 0 0 0 0 0 0 0 0 0 0 0 0 0 0 0 0 0 0 0 0 0 0 0 0 0 0 0 0 0 0 0 0 0 0 0 0 0 0 0 0 0 0 0 0 0 0 0 0 0 0 0 0 0 0 0 0 0 0 0 0 0 0 0 0 0 0 0 0 0 0 0 0 0 0 0 0 0 0 0 0 0 0 0 0 0 0 0 0 0 0 0 0 0 0 0 0 0 0 0 0 0 0 0 0 0 0 0 0 0 0 0 0 0 0 0 0 0 0 0 0 0 0 0 0 0 0 0 0 0 0 0 0 0 0 0 0 0 0 0 0 0 0 0 0 0 0 0 0 0 0 0 0 0 0 0 0 0 0 0 0 0 0 0 0 0 0 0 0 0 0 0 0 0 0 0 0 0 0 0 0 0 0 0 0 0 0 0 0 0 0 0 0 0 0 0 0 0 0 0 0 0 0 0 0 0 0 0 0 0 0 0 0 0 0 0 0 0 0 0 0 0 0 0 0 0 0 0 0 0 0 0 0 0 0 0 0 0 0 0 0 0 0 0 0 0 0 0 0 0 0 0 0 0 0 0 0 0 0 0 0 0 0 0 0 0 0 0 0 0 0 0 0 0 0 0 0 0 0 0 0 0 0 0 0 0 0 0 0 0 0 0 0 0 0 0 0 0 0 0 0 0 0 0 0 0 0 0 0 0 0 0 0 0 0 0 0 0 0 0 0 0 0 0 0 0 0 0 0 0 0 0 0 0 0 0 0 0 0 0 0 0 0 0 0 0 0 0 0 0 0 0 0 0 0 0 0 0 0 0 0 0 0 0 0 0 0 0 0 0 0 0 0 0 0 0 0 0 0 0 0 0 0 0 0 0 0 0 0 0 0 0 0 0 0 0 0 0 0 0 0 0 0 0 0 0 0 0 0 0 0 0 0 0 0 0 0 0 0 0 0 0 0 0 0 0 0 0 0 0 0 0 0 0 0 0 0 0 0 0 0 0 0 0 0 0 0 0 0 0 0 0 0 0 0 0 0 0 0 0 0 0 0 0 0 0 0 0 0 0 0 0 0 0 0 0 0 0 0 0 0 0 0 0 0 0 0 0 0 0 0 0 0 0 0 0 0 0 0 0 0 0 0 0 0 0 0 0 0 0 0 0 0 0 0 0 0 0 0 0 0 0 0 0 0 0 0 0 0 0 0 0 0 0 0 0 0 0 0 0 0 0 0 0 0 0 0 0 0 0 0 0 0 0 0 0 0 0 0 0 0 0 0 0 0 0 0 0 0 0 0 0 0 0 0 0 0 0 0 0 0 0 0 0 0 0 0 0 0 0 0 0 0 0 0 0 0 0 0 0 0 0 0 0 0 0 0 0 0 0 0 0 0 0 0 0 0 0 0 0 0 0 0 0 0 0 0 0 0 0 0 0 0 0 0 0 0 0 0 0 0 0 0 0 0 0 0 0 0 0 0 0 0 0 0 0 0 0 0 0 0 0 0 0 0 0 0 0 0 0 0 0 0 0 0 0 0 0 0 0 0 0 0 0 0 0 0 0 0 0 0 0 0 0 0 0 0 0 0 0 0 0 0 0 0 0 0 0 0 0 0 0 0 0 0 0 0 0 0 0 0 0 0 0 0 0 0 0 0 0 0 0 0 0 0 0 0 0 0 0 0 0 0 0 0 0 0 0 0 0 0 0 0 0 0 0 0 0 0 0 0 0 0 0 0 0 0 0 0 0 0 0 0 0 0 0 0 0 0 0 0 0 0 0 0 0 0 0 0 0 0 0 0 0 0 0 0 0 0 0 0 0 0 0 0 0 0 0 0 0 0 0 0 0 0 0 0 0 0 0 0 0 0 0 0 0 0 0 0 0 0
ctxt 5288759138
btime 1790630938
processes 892569
procs_running 1
procs_blocked 0
softirq 4770041164 73526 12991064 2753166 342564656 519082 0 13560210 53620641 421 48991102
