Running 10s test @ http://127.0.0.1:18500/json
  16 threads and 32 connections
  Thread Stats   Avg      Stdev     Max   +/- Stdev
    Latency   618.35us  113.38us   1.28ms   54.17%
    Req/Sec     3.25k   390.45     4.01k    56.25%
  Latency Distribution
     50%  719.00us
     75%  730.00us
     90%  734.00us
     99%  746.00us
  522263 requests in 10.10s, 68.24MB read
Requests/sec:  51710.46
Transfer/sec:      6.76MB
## server-stat
cpu  3295821 1488 1594774 44236787 216846 0 780158 0 0 0
cpu0 120126 27 44506 1389039 3399 0 24699 0 0 0
cpu1 123787 32 45870 1389095 3915 0 24525 0 0 0
cpu2 124876 32 46000 1388822 3661 0 24644 0 0 0
cpu3 192865 31 65810 1285494 2639 0 40350 0 0 0
cpu4 193773 35 64740 1286557 3200 0 40488 0 0 0
cpu5 131703 33 47911 1379286 3848 0 25669 0 0 0
cpu6 132247 31 48199 1378770 3621 0 26435 0 0 0
cpu7 140073 28 51728 1365363 3213 0 29275 0 0 0
cpu8 40908 53 43137 1443353 7664 0 13333 0 0 0
cpu9 46830 58 46244 1420468 10271 0 14509 0 0 0
cpu10 44513 59 44658 1428508 8306 0 14333 0 0 0
cpu11 40731 54 40624 1448024 7218 0 12758 0 0 0
cpu12 80183 133 49936 1379780 12375 0 15673 0 0 0
cpu13 76888 65 50893 1379336 13007 0 16009 0 0 0
cpu14 40527 53 40011 1451238 6955 0 12487 0 0 0
cpu15 37707 55 36732 1464617 6873 0 11342 0 0 0
cpu16 160933 26 56062 1334705 4593 0 33153 0 0 0
cpu17 150525 26 54220 1346683 6068 0 31602 0 0 0
cpu18 144618 25 53119 1355886 4978 0 30864 0 0 0
cpu19 251186 25 78434 1205877 2748 0 50196 0 0 0
cpu20 223588 24 73453 1239755 4547 0 47727 0 0 0
cpu21 139459 28 51979 1361547 5919 0 30041 0 0 0
cpu22 131836 32 50131 1372991 5081 0 28278 0 0 0
cpu23 114842 30 44510 1402112 4606 0 23587 0 0 0
cpu24 43732 56 41425 1446422 8576 0 13448 0 0 0
cpu25 48876 59 46245 1422596 10566 0 15879 0 0 0
cpu26 46798 54 45144 1428744 9814 0 15442 0 0 0
cpu27 39536 42 40188 1438739 8561 0 21324 0 0 0
cpu28 73499 77 53615 1366926 12532 0 28400 0 0 0
cpu29 77531 114 55574 1356002 12852 0 28922 0 0 0
cpu30 38960 38 41696 1432336 7827 0 21298 0 0 0
cpu31 42150 40 41967 1447697 7396 0 13453 0 0 0
intr 3196465990 126 0 0 0 0 0 0 0 0 1 0 0 0 0 0 0 0 0 0 0 0 0 0 0 0 0 0 1 1 1 0 0 0 0 1 0 1 0 0 75045 0 0 0 0 0 0 0 0 411 0 0 0 0 0 0 0 0 87 0 0 0 0 0 0 0 0 0 0 0 0 0 0 0 430950 2 35051995 34990882 34908821 35048825 0 13165 7838 8589 7689 5959 7061 7964 8549 6488 27799 39030 29380 23521 35893 35564 23418 19833 9883 10399 9892 5364 8844 10895 10130 8751 25444 30027 27809 22962 31184 32756 20303 22085 0 0 0 0 617081 4376 1036 0 264 0 0 0 0 0 0 0 0 0 0 0 0 0 0 0 0 0 0 0 0 0 0 0 0 0 0 0 0 0 0 0 0 0 0 0 0 0 0 0 0 0 0 0 0 0 0 0 0 0 0 0 0 0 0 0 0 0 0 0 0 0 0 0 0 0 0 0 0 0 0 0 0 0 0 0 0 0 0 0 0 0 0 0 0 0 0 0 0 0 0 0 0 0 0 0 0 0 0 0 0 0 0 0 0 0 0 0 0 0 0 0 0 0 0 0 0 0 0 0 0 0 0 0 0 0 0 0 0 0 0 0 0 0 0 0 0 0 0 0 0 0 0 0 0 0 0 0 0 0 0 0 0 0 0 0 0 0 0 0 0 0 0 0 0 0 0 0 0 0 0 0 0 0 0 0 0 0 0 0 0 0 0 0 0 0 0 0 0 0 0 0 0 0 0 0 0 0 0 0 0 0 0 0 0 0 0 0 0 0 0 0 0 0 0 0 0 0 0 0 0 0 0 0 0 0 0 0 0 0 0 0 0 0 0 0 0 0 0 0 0 0 0 0 0 0 0 0 0 0 0 0 0 0 0 0 0 0 0 0 0 0 0 0 0 0 0 0 0 0 0 0 0 0 0 0 0 0 0 0 0 0 0 0 0 0 0 0 0 0 0 0 0 0 0 0 0 0 0 0 0 0 0 0 0 0 0 0 0 0 0 0 0 0 0 0 0 0 0 0 0 0 0 0 0 0 0 0 0 0 0 0 0 0 0 0 0 0 0 0 0 0 0 0 0 0 0 0 0 0 0 0 0 0 0 0 0 0 0 0 0 0 0 0 0 0 0 0 0 0 0 0 0 0 0 0 0 0 0 0 0 0 0 0 0 0 0 0 0 0 0 0 0 0 0 0 0 0 0 0 0 0 0 0 0 0 0 0 0 0 0 0 0 0 0 0 0 0 0 0 0 0 0 0 0 0 0 0 0 0 0 0 0 0 0 0 0 0 0 0 0 0 0 0 0 0 0 0 0 0 0 0 0 0 0 0 0 0 0 0 0 0 0 0 0 0 0 0 0 0 0 0 0 0 0 0 0 0 0 0 0 0 0 0 0 0 0 0 0 0 0 0 0 0 0 0 0 0 0 0 0 0 0 0 0 0 0 0 0 0 0 0 0 0 0 0 0 0 0 0 0 0 0 0 0 0 0 0 0 0 0 0 0 0 0 0 0 0 0 0 0 0 0 0 0 0 0 0 0 0 0 0 0 0 0 0 0 0 0 0 0 0 0 0 0 0 0 0 0 0 0 0 0 0 0 0 0 0 0 0 0 0 0 0 0 0 0 0 0 0 0 0 0 0 0 0 0 0 0 0 0 0 0 0 0 0 0 0 0 0 0 0 0 0 0 0 0 0 0 0 0 0 0 0 0 0 0 0 0 0 0 0 0 0 0 0 0 0 0 0 0 0 0 0 0 0 0 0 0 0 0 0 0 0 0 0 0 0 0 0 0 0 0 0 0 0 0 0 0 0 0 0 0 0 0 0 0 0 0 0 0 0 0 0 0 0 0 0 0 0 0 0 0 0 0 0 0 0 0 0 0 0 0 0 0 0 0 0 0 0 0 0 0 0 0 0 0 0 0 0 0 0 0 0 0 0 0 0 0 0 0 0 0 0 0 0 0 0 0 0 0 0 0 0 0 0 0 0 0 0 0 0 0 0 0 0 0 0 0 0 0 0 0 0 0 0 0 0 0 0 0 0 0 0 0 0 0 0 0 0 0 0 0 0 0 0 0 0 0 0 0 0 0 0 0 0 0 0 0 0 0 0 0 0 0 0 0 0 0 0 0 0 0 0 0 0 0 0 0 0 0 0 0 0 0 0 0 0 0 0 0 0 0 0 0 0 0 0 0 0 0 0 0 0 0 0 0 0 0 0 0 0 0 0 0 0 0 0 0 0 0 0 0 0 0 0 0 0 0 0 0 0 0 0 0 0 0 0 0 0 0 0 0 0 0 0 0 0 0 0 0 0 0 0 0 0 0 0 0 0 0 0 0 0 0 0 0 0 0 0 0 0 0 0 0 0 0 0 0 0 0 0 0 0 0 0 0 0 0 0 0 0 0 0 0 0 0 0 0 0 0 0 0 0 0 0 0 0 0 0 0 0 0 0 0 0 0 0 0 0 0 0 0 0 0 0 0 0 0 0 0 0 0 0 0 0 0 0 0 0 0 0 0 0 0 0 0 0 0 0 0 0 0 0 0 0 0 0 0 0 0 0 0 0 0 0 0 0 0 0 0 0 0 0 0 0 0 0 0 0 0 0 0 0 0 0 0 0 0 0 0 0 0 0 0 0 0 0 0 0 0 0 0 0 0 0 0 0 0 0 0 0 0 0 0 0 0 0 0 0 0 0 0 0 0 0 0 0 0 0 0 0 0 0 0 0 0 0 0 0 0 0 0 0 0 0 0 0 0 0 0 0 0 0 0 0 0 0 0 0 0 0 0
ctxt 5051807975
btime 1790630938
processes 610042
procs_running 4
procs_blocked 0
softirq 4591222839 73526 11505269 2753147 178455300 450700 0 13559846 49752906 421 39704428
--
cpu  3297235 1489 1594909 44260404 216859 0 780280 0 0 0
cpu0 120126 27 44506 1389828 3399 0 24700 0 0 0
cpu1 123787 32 45870 1389893 3915 0 24525 0 0 0
cpu2 124876 32 46000 1389620 3661 0 24644 0 0 0
cpu3 192865 31 65810 1286293 2639 0 40350 0 0 0
cpu4 194172 35 64775 1286887 3200 0 40523 0 0 0
cpu5 131703 33 47911 1380084 3848 0 25669 0 0 0
cpu6 132247 31 48199 1379569 3621 0 26435 0 0 0
cpu7 140073 28 51729 1366162 3213 0 29275 0 0 0
cpu8 40908 53 43138 1444142 7664 0 13333 0 0 0
cpu9 46834 58 46245 1421229 10271 0 14509 0 0 0
cpu10 44513 59 44659 1429267 8310 0 14333 0 0 0
cpu11 40731 54 40624 1448794 7218 0 12758 0 0 0
cpu12 80192 133 49937 1380537 12375 0 15673 0 0 0
cpu13 76910 65 50896 1380078 13014 0 16010 0 0 0
cpu14 40527 53 40013 1452010 6955 0 12488 0 0 0
cpu15 37707 56 36733 1465402 6874 0 11342 0 0 0
cpu16 160933 26 56063 1335503 4593 0 33153 0 0 0
cpu17 150525 26 54220 1347482 6068 0 31602 0 0 0
cpu18 144618 25 53119 1356685 4978 0 30864 0 0 0
cpu19 251867 25 78496 1205877 2748 0 50254 0 0 0
cpu20 223870 24 73476 1240225 4547 0 47752 0 0 0
cpu21 139459 28 51979 1362345 5919 0 30041 0 0 0
cpu22 131836 32 50131 1373790 5082 0 28278 0 0 0
cpu23 114842 30 44510 1402911 4606 0 23587 0 0 0
cpu24 43732 56 41426 1447210 8577 0 13448 0 0 0
cpu25 48876 59 46245 1423378 10566 0 15879 0 0 0
cpu26 46798 54 45144 1429537 9814 0 15442 0 0 0
cpu27 39537 42 40188 1439535 8561 0 21324 0 0 0
cpu28 73510 77 53615 1367702 12532 0 28400 0 0 0
cpu29 77534 114 55576 1356786 12852 0 28922 0 0 0
cpu30 38961 38 41696 1433130 7827 0 21298 0 0 0
cpu31 42150 40 41967 1448496 7396 0 13453 0 0 0
intr 3196992558 126 0 0 0 0 0 0 0 0 1 0 0 0 0 0 0 0 0 0 0 0 0 0 0 0 0 0 1 1 1 0 0 0 0 1 0 1 0 0 75045 0 0 0 0 0 0 0 0 411 0 0 0 0 0 0 0 0 87 0 0 0 0 0 0 0 0 0 0 0 0 0 0 0 431091 2 35052029 34990885 34908827 35048840 0 13173 7838 8589 7689 5959 7061 7964 8549 6488 27799 39031 29380 23521 35893 35564 23418 19833 9883 10399 9892 5364 8844 10895 10136 8751 25444 30028 27809 22962 31184 32756 20303 22085 0 0 0 0 617081 4376 1036 0 264 0 0 0 0 0 0 0 0 0 0 0 0 0 0 0 0 0 0 0 0 0 0 0 0 0 0 0 0 0 0 0 0 0 0 0 0 0 0 0 0 0 0 0 0 0 0 0 0 0 0 0 0 0 0 0 0 0 0 0 0 0 0 0 0 0 0 0 0 0 0 0 0 0 0 0 0 0 0 0 0 0 0 0 0 0 0 0 0 0 0 0 0 0 0 0 0 0 0 0 0 0 0 0 0 0 0 0 0 0 0 0 0 0 0 0 0 0 0 0 0 0 0 0 0 0 0 0 0 0 0 0 0 0 0 0 0 0 0 0 0 0 0 0 0 0 0 0 0 0 0 0 0 0 0 0 0 0 0 0 0 0 0 0 0 0 0 0 0 0 0 0 0 0 0 0 0 0 0 0 0 0 0 0 0 0 0 0 0 0 0 0 0 0 0 0 0 0 0 0 0 0 0 0 0 0 0 0 0 0 0 0 0 0 0 0 0 0 0 0 0 0 0 0 0 0 0 0 0 0 0 0 0 0 0 0 0 0 0 0 0 0 0 0 0 0 0 0 0 0 0 0 0 0 0 0 0 0 0 0 0 0 0 0 0 0 0 0 0 0 0 0 0 0 0 0 0 0 0 0 0 0 0 0 0 0 0 0 0 0 0 0 0 0 0 0 0 0 0 0 0 0 0 0 0 0 0 0 0 0 0 0 0 0 0 0 0 0 0 0 0 0 0 0 0 0 0 0 0 0 0 0 0 0 0 0 0 0 0 0 0 0 0 0 0 0 0 0 0 0 0 0 0 0 0 0 0 0 0 0 0 0 0 0 0 0 0 0 0 0 0 0 0 0 0 0 0 0 0 0 0 0 0 0 0 0 0 0 0 0 0 0 0 0 0 0 0 0 0 0 0 0 0 0 0 0 0 0 0 0 0 0 0 0 0 0 0 0 0 0 0 0 0 0 0 0 0 0 0 0 0 0 0 0 0 0 0 0 0 0 0 0 0 0 0 0 0 0 0 0 0 0 0 0 0 0 0 0 0 0 0 0 0 0 0 0 0 0 0 0 0 0 0 0 0 0 0 0 0 0 0 0 0 0 0 0 0 0 0 0 0 0 0 0 0 0 0 0 0 0 0 0 0 0 0 0 0 0 0 0 0 0 0 0 0 0 0 0 0 0 0 0 0 0 0 0 0 0 0 0 0 0 0 0 0 0 0 0 0 0 0 0 0 0 0 0 0 0 0 0 0 0 0 0 0 0 0 0 0 0 0 0 0 0 0 0 0 0 0 0 0 0 0 0 0 0 0 0 0 0 0 0 0 0 0 0 0 0 0 0 0 0 0 0 0 0 0 0 0 0 0 0 0 0 0 0 0 0 0 0 0 0 0 0 0 0 0 0 0 0 0 0 0 0 0 0 0 0 0 0 0 0 0 0 0 0 0 0 0 0 0 0 0 0 0 0 0 0 0 0 0 0 0 0 0 0 0 0 0 0 0 0 0 0 0 0 0 0 0 0 0 0 0 0 0 0 0 0 0 0 0 0 0 0 0 0 0 0 0 0 0 0 0 0 0 0 0 0 0 0 0 0 0 0 0 0 0 0 0 0 0 0 0 0 0 0 0 0 0 0 0 0 0 0 0 0 0 0 0 0 0 0 0 0 0 0 0 0 0 0 0 0 0 0 0 0 0 0 0 0 0 0 0 0 0 0 0 0 0 0 0 0 0 0 0 0 0 0 0 0 0 0 0 0 0 0 0 0 0 0 0 0 0 0 0 0 0 0 0 0 0 0 0 0 0 0 0 0 0 0 0 0 0 0 0 0 0 0 0 0 0 0 0 0 0 0 0 0 0 0 0 0 0 0 0 0 0 0 0 0 0 0 0 0 0 0 0 0 0 0 0 0 0 0 0 0 0 0 0 0 0 0 0 0 0 0 0 0 0 0 0 0 0 0 0 0 0 0 0 0 0 0 0 0 0 0 0 0 0 0 0 0 0 0 0 0 0 0 0 0 0 0 0 0 0 0 0 0 0 0 0 0 0 0 0 0 0 0 0 0 0 0 0 0 0 0 0 0 0 0 0 0 0 0 0 0 0 0 0 0 0 0 0 0 0 0 0 0 0 0 0 0 0 0 0 0 0 0 0 0 0 0 0 0 0 0 0 0 0 0 0 0 0 0 0 0 0 0 0 0 0 0 0 0 0 0 0 0 0 0 0 0 0 0 0 0 0 0 0 0 0 0 0 0 0 0 0 0 0 0 0 0 0 0 0 0 0 0 0 0 0 0 0 0 0 0 0 0 0 0 0 0 0 0 0 0 0 0 0 0 0 0 0 0 0 0 0 0 0 0 0 0 0 0 0 0 0 0 0 0 0 0 0 0 0 0 0 0 0 0 0 0 0 0 0 0 0 0 0 0 0 0 0 0 0 0 0 0 0 0 0 0 0 0 0 0 0 0 0 0 0 0 0 0 0 0 0 0 0 0 0 0 0
ctxt 5052750856
btime 1790630938
processes 610111
procs_running 3
procs_blocked 0
softirq 4592071364 73526 11508030 2753147 179282663 450856 0 13559846 49763230 421 39712349
