Running 10s test @ http://127.0.0.1:18500/api/json
  16 threads and 32 connections
  Thread Stats   Avg      Stdev     Max   +/- Stdev
    Latency     6.50ms    0.88ms  15.15ms   96.44%
    Req/Sec   308.97     16.46   400.00     67.19%
  Latency Distribution
     50%    6.84ms
     75%    6.93ms
     90%    6.96ms
     99%    7.75ms
  49226 requests in 10.01s, 8.97MB read
Requests/sec:   4918.23
Transfer/sec:      0.90MB
## server-stat
cpu  3216623 1408 1572725 41315959 119599 0 773661 0 0 0
cpu0 118361 27 44004 1295534 1994 0 24294 0 0 0
cpu1 122679 30 45420 1294772 2047 0 24378 0 0 0
cpu2 124077 30 45595 1294076 1754 0 24543 0 0 0
cpu3 180220 29 63286 1204711 1897 0 39189 0 0 0
cpu4 182669 33 62623 1204559 1637 0 39239 0 0 0
cpu5 130952 31 47506 1284581 1816 0 25587 0 0 0
cpu6 131685 28 47819 1283761 1619 0 26359 0 0 0
cpu7 139596 26 51379 1270004 1383 0 29218 0 0 0
cpu8 40685 49 42819 1349739 4230 0 13300 0 0 0
cpu9 46421 55 45867 1327920 6595 0 14458 0 0 0
cpu10 44230 54 44301 1335726 4606 0 14294 0 0 0
cpu11 40529 50 40308 1354772 3532 0 12731 0 0 0
cpu12 78279 130 49401 1289562 8418 0 15594 0 0 0
cpu13 75008 60 50308 1289415 8855 0 15918 0 0 0
cpu14 40292 49 39660 1357991 3560 0 12447 0 0 0
cpu15 37538 51 36407 1370932 3550 0 11309 0 0 0
cpu16 159602 24 55591 1241115 2082 0 33063 0 0 0
cpu17 149607 24 53771 1253049 3193 0 31515 0 0 0
cpu18 143899 24 52681 1262082 2047 0 30781 0 0 0
cpu19 230444 24 74914 1134485 1626 0 49006 0 0 0
cpu20 208595 23 71096 1162186 2330 0 46839 0 0 0
cpu21 138782 26 51517 1267734 2951 0 29962 0 0 0
cpu22 131283 30 49698 1278711 2363 0 28211 0 0 0
cpu23 114366 29 44126 1307359 2194 0 23539 0 0 0
cpu24 43440 52 41054 1353693 4337 0 13421 0 0 0
cpu25 48537 56 45852 1330317 6099 0 15842 0 0 0
cpu26 46491 51 44755 1336348 5318 0 15403 0 0 0
cpu27 39284 39 39824 1345618 4457 0 21296 0 0 0
cpu28 72369 74 53120 1276382 7453 0 28343 0 0 0
cpu29 76003 113 55052 1265657 8033 0 28860 0 0 0
cpu30 38752 36 41340 1338913 4105 0 21272 0 0 0
cpu31 41933 37 41616 1354237 3502 0 13436 0 0 0
intr 3145431112 126 0 0 0 0 0 0 0 0 1 0 0 0 0 0 0 0 0 0 0 0 0 0 0 0 0 0 1 1 1 0 0 0 0 1 0 1 0 0 75045 0 0 0 0 0 0 0 0 411 0 0 0 0 0 0 0 0 87 0 0 0 0 0 0 0 0 0 0 0 0 0 0 0 396155 2 35047272 34988377 34906523 35045606 0 12380 4948 5614 4632 4508 4934 4813 5486 3785 20998 30466 20977 16384 26116 27172 17803 14173 5980 5708 5325 4039 5614 6702 6019 4663 17864 20167 17763 15902 19329 19936 13241 15020 0 0 0 0 617013 4291 1036 0 264 0 0 0 0 0 0 0 0 0 0 0 0 0 0 0 0 0 0 0 0 0 0 0 0 0 0 0 0 0 0 0 0 0 0 0 0 0 0 0 0 0 0 0 0 0 0 0 0 0 0 0 0 0 0 0 0 0 0 0 0 0 0 0 0 0 0 0 0 0 0 0 0 0 0 0 0 0 0 0 0 0 0 0 0 0 0 0 0 0 0 0 0 0 0 0 0 0 0 0 0 0 0 0 0 0 0 0 0 0 0 0 0 0 0 0 0 0 0 0 0 0 0 0 0 0 0 0 0 0 0 0 0 0 0 0 0 0 0 0 0 0 0 0 0 0 0 0 0 0 0 0 0 0 0 0 0 0 0 0 0 0 0 0 0 0 0 0 0 0 0 0 0 0 0 0 0 0 0 0 0 0 0 0 0 0 0 0 0 0 0 0 0 0 0 0 0 0 0 0 0 0 0 0 0 0 0 0 0 0 0 0 0 0 0 0 0 0 0 0 0 0 0 0 0 0 0 0 0 0 0 0 0 0 0 0 0 0 0 0 0 0 0 0 0 0 0 0 0 0 0 0 0 0 0 0 0 0 0 0 0 0 0 0 0 0 0 0 0 0 0 0 0 0 0 0 0 0 0 0 0 0 0 0 0 0 0 0 0 0 0 0 0 0 0 0 0 0 0 0 0 0 0 0 0 0 0 0 0 0 0 0 0 0 0 0 0 0 0 0 0 0 0 0 0 0 0 0 0 0 0 0 0 0 0 0 0 0 0 0 0 0 0 0 0 0 0 0 0 0 0 0 0 0 0 0 0 0 0 0 0 0 0 0 0 0 0 0 0 0 0 0 0 0 0 0 0 0 0 0 0 0 0 0 0 0 0 0 0 0 0 0 0 0 0 0 0 0 0 0 0 0 0 0 0 0 0 0 0 0 0 0 0 0 0 0 0 0 0 0 0 0 0 0 0 0 0 0 0 0 0 0 0 0 0 0 0 0 0 0 0 0 0 0 0 0 0 0 0 0 0 0 0 0 0 0 0 0 0 0 0 0 0 0 0 0 0 0 0 0 0 0 0 0 0 0 0 0 0 0 0 0 0 0 0 0 0 0 0 0 0 0 0 0 0 0 0 0 0 0 0 0 0 0 0 0 0 0 0 0 0 0 0 0 0 0 0 0 0 0 0 0 0 0 0 0 0 0 0 0 0 0 0 0 0 0 0 0 0 0 0 0 0 0 0 0 0 0 0 0 0 0 0 0 0 0 0 0 0 0 0 0 0 0 0 0 0 0 0 0 0 0 0 0 0 0 0 0 0 0 0 0 0 0 0 0 0 0 0 0 0 0 0 0 0 0 0 0 0 0 0 0 0 0 0 0 0 0 0 0 0 0 0 0 0 0 0 0 0 0 0 0 0 0 0 0 0 0 0 0 0 0 0 0 0 0 0 0 0 0 0 0 0 0 0 0 0 0 0 0 0 0 0 0 0 0 0 0 0 0 0 0 0 0 0 0 0 0 0 0 0 0 0 0 0 0 0 0 0 0 0 0 0 0 0 0 0 0 0 0 0 0 0 0 0 0 0 0 0 0 0 0 0 0 0 0 0 0 0 0 0 0 0 0 0 0 0 0 0 0 0 0 0 0 0 0 0 0 0 0 0 0 0 0 0 0 0 0 0 0 0 0 0 0 0 0 0 0 0 0 0 0 0 0 0 0 0 0 0 0 0 0 0 0 0 0 0 0 0 0 0 0 0 0 0 0 0 0 0 0 0 0 0 0 0 0 0 0 0 0 0 0 0 0 0 0 0 0 0 0 0 0 0 0 0 0 0 0 0 0 0 0 0 0 0 0 0 0 0 0 0 0 0 0 0 0 0 0 0 0 0 0 0 0 0 0 0 0 0 0 0 0 0 0 0 0 0 0 0 0 0 0 0 0 0 0 0 0 0 0 0 0 0 0 0 0 0 0 0 0 0 0 0 0 0 0 0 0 0 0 0 0 0 0 0 0 0 0 0 0 0 0 0 0 0 0 0 0 0 0 0 0 0 0 0 0 0 0 0 0 0 0 0 0 0 0 0 0 0 0 0 0 0 0 0 0 0 0 0 0 0 0 0 0 0 0 0 0 0 0 0 0 0 0 0 0 0 0 0 0 0 0 0 0 0 0 0 0 0 0 0 0 0 0 0 0 0 0 0 0 0 0 0 0 0 0 0 0 0 0 0 0 0 0 0 0 0 0 0 0 0 0 0 0 0 0 0 0 0 0 0 0 0 0 0 0 0 0 0 0 0 0 0 0 0 0 0 0 0 0 0 0 0 0 0 0 0 0 0 0 0 0 0 0 0 0 0 0 0 0 0 0 0 0 0 0 0 0 0 0 0 0 0 0 0 0 0 0 0 0 0 0 0 0 0 0 0 0 0 0 0 0 0 0 0 0 0 0 0 0 0 0 0 0 0 0 0 0 0 0 0 0 0 0 0 0 0 0 0 0 0 0 0
ctxt 4961953889
btime 1790630938
processes 472198
procs_running 3
procs_blocked 0
softirq 4540247746 73526 10957184 2753129 132564209 414658 0 13559649 48346223 421 36611451
--
cpu  3218105 1408 1572875 41339813 119613 0 773694 0 0 0
cpu0 118370 27 44005 1296316 1994 0 24294 0 0 0
cpu1 122680 30 45420 1295570 2047 0 24378 0 0 0
cpu2 124077 30 45596 1294875 1754 0 24543 0 0 0
cpu3 180376 29 63300 1205338 1897 0 39192 0 0 0
cpu4 182776 33 62633 1205238 1637 0 39241 0 0 0
cpu5 130953 31 47507 1285379 1816 0 25587 0 0 0
cpu6 131685 28 47819 1284560 1619 0 26359 0 0 0
cpu7 139597 26 51379 1270803 1383 0 29218 0 0 0
cpu8 40685 49 42820 1350535 4231 0 13300 0 0 0
cpu9 46424 55 45867 1328714 6595 0 14458 0 0 0
cpu10 44230 54 44301 1336522 4606 0 14294 0 0 0
cpu11 40529 50 40309 1355567 3532 0 12731 0 0 0
cpu12 78299 130 49402 1290329 8425 0 15594 0 0 0
cpu13 75020 60 50309 1290191 8859 0 15918 0 0 0
cpu14 40293 49 39661 1358783 3560 0 12447 0 0 0
cpu15 37538 51 36408 1371729 3550 0 11309 0 0 0
cpu16 159602 24 55592 1241915 2082 0 33063 0 0 0
cpu17 149607 24 53771 1253849 3193 0 31515 0 0 0
cpu18 143899 24 52681 1262881 2047 0 30781 0 0 0
cpu19 230996 24 74969 1134666 1626 0 49018 0 0 0
cpu20 209196 23 71156 1162310 2330 0 46853 0 0 0
cpu21 138782 26 51517 1268534 2951 0 29962 0 0 0
cpu22 131283 30 49698 1279510 2363 0 28211 0 0 0
cpu23 114366 29 44126 1308158 2194 0 23539 0 0 0
cpu24 43440 52 41055 1354488 4337 0 13421 0 0 0
cpu25 48538 56 45852 1331112 6099 0 15842 0 0 0
cpu26 46491 51 44755 1337144 5318 0 15403 0 0 0
cpu27 39285 39 39824 1346417 4457 0 21297 0 0 0
cpu28 72381 75 53121 1277165 7454 0 28343 0 0 0
cpu29 76003 113 55053 1266453 8033 0 28860 0 0 0
cpu30 38752 36 41340 1339712 4105 0 21272 0 0 0
cpu31 41934 37 41616 1355036 3502 0 13436 0 0 0
intr 3145582489 126 0 0 0 0 0 0 0 0 1 0 0 0 0 0 0 0 0 0 0 0 0 0 0 0 0 0 1 1 1 0 0 0 0 1 0 1 0 0 75045 0 0 0 0 0 0 0 0 411 0 0 0 0 0 0 0 0 87 0 0 0 0 0 0 0 0 0 0 0 0 0 0 0 396272 2 35047321 34988426 34906551 35045639 0 12388 4948 5614 4632 4508 4934 4813 5488 3785 20998 30466 20977 16384 26116 27172 17809 14175 5980 5708 5325 4039 5614 6702 6019 4663 17864 20167 17763 15902 19329 19936 13241 15020 0 0 0 0 617013 4291 1036 0 264 0 0 0 0 0 0 0 0 0 0 0 0 0 0 0 0 0 0 0 0 0 0 0 0 0 0 0 0 0 0 0 0 0 0 0 0 0 0 0 0 0 0 0 0 0 0 0 0 0 0 0 0 0 0 0 0 0 0 0 0 0 0 0 0 0 0 0 0 0 0 0 0 0 0 0 0 0 0 0 0 0 0 0 0 0 0 0 0 0 0 0 0 0 0 0 0 0 0 0 0 0 0 0 0 0 0 0 0 0 0 0 0 0 0 0 0 0 0 0 0 0 0 0 0 0 0 0 0 0 0 0 0 0 0 0 0 0 0 0 0 0 0 0 0 0 0 0 0 0 0 0 0 0 0 0 0 0 0 0 0 0 0 0 0 0 0 0 0 0 0 0 0 0 0 0 0 0 0 0 0 0 0 0 0 0 0 0 0 0 0 0 0 0 0 0 0 0 0 0 0 0 0 0 0 0 0 0 0 0 0 0 0 0 0 0 0 0 0 0 0 0 0 0 0 0 0 0 0 0 0 0 0 0 0 0 0 0 0 0 0 0 0 0 0 0 0 0 0 0 0 0 0 0 0 0 0 0 0 0 0 0 0 0 0 0 0 0 0 0 0 0 0 0 0 0 0 0 0 0 0 0 0 0 0 0 0 0 0 0 0 0 0 0 0 0 0 0 0 0 0 0 0 0 0 0 0 0 0 0 0 0 0 0 0 0 0 0 0 0 0 0 0 0 0 0 0 0 0 0 0 0 0 0 0 0 0 0 0 0 0 0 0 0 0 0 0 0 0 0 0 0 0 0 0 0 0 0 0 0 0 0 0 0 0 0 0 0 0 0 0 0 0 0 0 0 0 0 0 0 0 0 0 0 0 0 0 0 0 0 0 0 0 0 0 0 0 0 0 0 0 0 0 0 0 0 0 0 0 0 0 0 0 0 0 0 0 0 0 0 0 0 0 0 0 0 0 0 0 0 0 0 0 0 0 0 0 0 0 0 0 0 0 0 0 0 0 0 0 0 0 0 0 0 0 0 0 0 0 0 0 0 0 0 0 0 0 0 0 0 0 0 0 0 0 0 0 0 0 0 0 0 0 0 0 0 0 0 0 0 0 0 0 0 0 0 0 0 0 0 0 0 0 0 0 0 0 0 0 0 0 0 0 0 0 0 0 0 0 0 0 0 0 0 0 0 0 0 0 0 0 0 0 0 0 0 0 0 0 0 0 0 0 0 0 0 0 0 0 0 0 0 0 0 0 0 0 0 0 0 0 0 0 0 0 0 0 0 0 0 0 0 0 0 0 0 0 0 0 0 0 0 0 0 0 0 0 0 0 0 0 0 0 0 0 0 0 0 0 0 0 0 0 0 0 0 0 0 0 0 0 0 0 0 0 0 0 0 0 0 0 0 0 0 0 0 0 0 0 0 0 0 0 0 0 0 0 0 0 0 0 0 0 0 0 0 0 0 0 0 0 0 0 0 0 0 0 0 0 0 0 0 0 0 0 0 0 0 0 0 0 0 0 0 0 0 0 0 0 0 0 0 0 0 0 0 0 0 0 0 0 0 0 0 0 0 0 0 0 0 0 0 0 0 0 0 0 0 0 0 0 0 0 0 0 0 0 0 0 0 0 0 0 0 0 0 0 0 0 0 0 0 0 0 0 0 0 0 0 0 0 0 0 0 0 0 0 0 0 0 0 0 0 0 0 0 0 0 0 0 0 0 0 0 0 0 0 0 0 0 0 0 0 0 0 0 0 0 0 0 0 0 0 0 0 0 0 0 0 0 0 0 0 0 0 0 0 0 0 0 0 0 0 0 0 0 0 0 0 0 0 0 0 0 0 0 0 0 0 0 0 0 0 0 0 0 0 0 0 0 0 0 0 0 0 0 0 0 0 0 0 0 0 0 0 0 0 0 0 0 0 0 0 0 0 0 0 0 0 0 0 0 0 0 0 0 0 0 0 0 0 0 0 0 0 0 0 0 0 0 0 0 0 0 0 0 0 0 0 0 0 0 0 0 0 0 0 0 0 0 0 0 0 0 0 0 0 0 0 0 0 0 0 0 0 0 0 0 0 0 0 0 0 0 0 0 0 0 0 0 0 0 0 0 0 0 0 0 0 0 0 0 0 0 0 0 0 0 0 0 0 0 0 0 0 0 0 0 0 0 0 0 0 0 0 0 0 0 0 0 0 0 0 0 0 0 0 0 0 0 0 0 0 0 0 0 0 0 0 0 0 0 0 0 0 0 0 0 0 0 0 0 0 0 0 0 0 0 0 0 0 0 0 0 0 0 0 0 0 0 0 0 0 0 0 0 0 0 0 0 0 0 0 0 0 0 0 0 0 0 0 0 0 0 0 0 0 0 0 0 0 0 0 0 0 0 0 0 0 0 0 0 0 0 0 0 0 0 0 0 0 0 0 0 0 0 0 0 0 0 0 0 0 0 0 0 0 0 0 0 0 0 0 0 0 0 0 0 0 0 0 0 0
ctxt 4962158601
btime 1790630938
processes 472274
procs_running 3
procs_blocked 0
softirq 4540365525 73526 10960827 2753129 132643229 414782 0 13559649 48356734 421 36635932
