Running 10s test @ http://127.0.0.1:18500/counter
  16 threads and 32 connections
  Thread Stats   Avg      Stdev     Max   +/- Stdev
    Latency    30.30ms   31.82ms 175.17ms   77.61%
    Req/Sec    99.60     38.74     1.31k    83.06%
  Latency Distribution
     50%    5.55ms
     75%   52.67ms
     90%   85.25ms
     99%   94.96ms
  15866 requests in 10.10s, 4.19MB read
Requests/sec:   1570.87
Transfer/sec:    424.69KB
## server-stat
cpu  3257825 1448 1583950 42755050 208122 0 774913 0 0 0
cpu0 119379 27 44286 1341994 3312 0 24460 0 0 0
cpu1 123220 31 45671 1341630 3732 0 24420 0 0 0
cpu2 124434 31 45815 1341162 3495 0 24565 0 0 0
cpu3 186813 30 64341 1245715 2517 0 39329 0 0 0
cpu4 187713 34 63237 1246842 3058 0 39362 0 0 0
cpu5 131292 32 47726 1331551 3707 0 25605 0 0 0
cpu6 131897 29 48030 1330920 3490 0 26374 0 0 0
cpu7 139763 26 51570 1317388 3110 0 29229 0 0 0
cpu8 40824 51 43026 1395590 7430 0 13307 0 0 0
cpu9 46645 57 46100 1373323 10008 0 14468 0 0 0
cpu10 44396 57 44526 1381282 7987 0 14302 0 0 0
cpu11 40650 52 40511 1400539 6843 0 12735 0 0 0
cpu12 79246 131 49706 1333954 11989 0 15611 0 0 0
cpu13 75931 63 50623 1333695 12579 0 15935 0 0 0
cpu14 40425 52 39882 1403934 6627 0 12454 0 0 0
cpu15 37634 53 36618 1417005 6597 0 11314 0 0 0
cpu16 160185 25 55864 1287362 4393 0 33088 0 0 0
cpu17 149975 24 54033 1299152 5860 0 31538 0 0 0
cpu18 144182 24 52930 1308272 4745 0 30799 0 0 0
cpu19 242547 24 76626 1168920 2557 0 49277 0 0 0
cpu20 216227 24 72022 1200943 4299 0 47045 0 0 0
cpu21 139050 27 51780 1313869 5728 0 29982 0 0 0
cpu22 131478 31 49940 1325247 4858 0 28225 0 0 0
cpu23 114526 30 44338 1354250 4405 0 23546 0 0 0
cpu24 43620 54 41302 1398858 8194 0 13425 0 0 0
cpu25 48754 57 46115 1375182 10185 0 15849 0 0 0
cpu26 46688 53 45015 1381189 9476 0 15410 0 0 0
cpu27 39449 41 40072 1390961 8193 0 21301 0 0 0
cpu28 73014 76 53426 1320445 11798 0 28354 0 0 0
cpu29 76903 113 55371 1309520 12285 0 28874 0 0 0
cpu30 38879 37 41579 1384554 7567 0 21276 0 0 0
cpu31 42072 39 41855 1399787 7081 0 13438 0 0 0
intr 3164786131 126 0 0 0 0 0 0 0 0 1 0 0 0 0 0 0 0 0 0 0 0 0 0 0 0 0 0 1 1 1 0 0 0 0 1 0 1 0 0 75045 0 0 0 0 0 0 0 0 411 0 0 0 0 0 0 0 0 87 0 0 0 0 0 0 0 0 0 0 0 0 0 0 0 418383 2 35049209 34990196 34908355 35047038 0 12776 7661 8421 7533 5847 6844 7818 8345 6353 27503 38736 28972 23194 35329 35111 23192 19586 9686 10146 9644 5213 8533 10714 9938 8466 25050 29455 27237 22618 30673 32289 20065 21808 0 0 0 0 617049 4334 1036 0 264 0 0 0 0 0 0 0 0 0 0 0 0 0 0 0 0 0 0 0 0 0 0 0 0 0 0 0 0 0 0 0 0 0 0 0 0 0 0 0 0 0 0 0 0 0 0 0 0 0 0 0 0 0 0 0 0 0 0 0 0 0 0 0 0 0 0 0 0 0 0 0 0 0 0 0 0 0 0 0 0 0 0 0 0 0 0 0 0 0 0 0 0 0 0 0 0 0 0 0 0 0 0 0 0 0 0 0 0 0 0 0 0 0 0 0 0 0 0 0 0 0 0 0 0 0 0 0 0 0 0 0 0 0 0 0 0 0 0 0 0 0 0 0 0 0 0 0 0 0 0 0 0 0 0 0 0 0 0 0 0 0 0 0 0 0 0 0 0 0 0 0 0 0 0 0 0 0 0 0 0 0 0 0 0 0 0 0 0 0 0 0 0 0 0 0 0 0 0 0 0 0 0 0 0 0 0 0 0 0 0 0 0 0 0 0 0 0 0 0 0 0 0 0 0 0 0 0 0 0 0 0 0 0 0 0 0 0 0 0 0 0 0 0 0 0 0 0 0 0 0 0 0 0 0 0 0 0 0 0 0 0 0 0 0 0 0 0 0 0 0 0 0 0 0 0 0 0 0 0 0 0 0 0 0 0 0 0 0 0 0 0 0 0 0 0 0 0 0 0 0 0 0 0 0 0 0 0 0 0 0 0 0 0 0 0 0 0 0 0 0 0 0 0 0 0 0 0 0 0 0 0 0 0 0 0 0 0 0 0 0 0 0 0 0 0 0 0 0 0 0 0 0 0 0 0 0 0 0 0 0 0 0 0 0 0 0 0 0 0 0 0 0 0 0 0 0 0 0 0 0 0 0 0 0 0 0 0 0 0 0 0 0 0 0 0 0 0 0 0 0 0 0 0 0 0 0 0 0 0 0 0 0 0 0 0 0 0 0 0 0 0 0 0 0 0 0 0 0 0 0 0 0 0 0 0 0 0 0 0 0 0 0 0 0 0 0 0 0 0 0 0 0 0 0 0 0 0 0 0 0 0 0 0 0 0 0 0 0 0 0 0 0 0 0 0 0 0 0 0 0 0 0 0 0 0 0 0 0 0 0 0 0 0 0 0 0 0 0 0 0 0 0 0 0 0 0 0 0 0 0 0 0 0 0 0 0 0 0 0 0 0 0 0 0 0 0 0 0 0 0 0 0 0 0 0 0 0 0 0 0 0 0 0 0 0 0 0 0 0 0 0 0 0 0 0 0 0 0 0 0 0 0 0 0 0 0 0 0 0 0 0 0 0 0 0 0 0 0 0 0 0 0 0 0 0 0 0 0 0 0 0 0 0 0 0 0 0 0 0 0 0 0 0 0 0 0 0 0 0 0 0 0 0 0 0 0 0 0 0 0 0 0 0 0 0 0 0 0 0 0 0 0 0 0 0 0 0 0 0 0 0 0 0 0 0 0 0 0 0 0 0 0 0 0 0 0 0 0 0 0 0 0 0 0 0 0 0 0 0 0 0 0 0 0 0 0 0 0 0 0 0 0 0 0 0 0 0 0 0 0 0 0 0 0 0 0 0 0 0 0 0 0 0 0 0 0 0 0 0 0 0 0 0 0 0 0 0 0 0 0 0 0 0 0 0 0 0 0 0 0 0 0 0 0 0 0 0 0 0 0 0 0 0 0 0 0 0 0 0 0 0 0 0 0 0 0 0 0 0 0 0 0 0 0 0 0 0 0 0 0 0 0 0 0 0 0 0 0 0 0 0 0 0 0 0 0 0 0 0 0 0 0 0 0 0 0 0 0 0 0 0 0 0 0 0 0 0 0 0 0 0 0 0 0 0 0 0 0 0 0 0 0 0 0 0 0 0 0 0 0 0 0 0 0 0 0 0 0 0 0 0 0 0 0 0 0 0 0 0 0 0 0 0 0 0 0 0 0 0 0 0 0 0 0 0 0 0 0 0 0 0 0 0 0 0 0 0 0 0 0 0 0 0 0 0 0 0 0 0 0 0 0 0 0 0 0 0 0 0 0 0 0 0 0 0 0 0 0 0 0 0 0 0 0 0 0 0 0 0 0 0 0 0 0 0 0 0 0 0 0 0 0 0 0 0 0 0 0 0 0 0 0 0 0 0 0 0 0 0 0 0 0 0 0 0 0 0 0 0 0 0 0 0 0 0 0 0 0 0 0 0 0 0 0 0 0 0 0 0 0 0 0 0 0 0 0 0 0 0 0 0 0 0 0 0 0 0 0 0 0 0 0 0 0 0 0 0 0 0 0 0 0 0 0 0 0 0 0 0 0 0 0 0 0 0 0 0 0 0 0 0 0 0 0 0 0 0 0 0 0 0 0 0 0 0 0 0 0 0 0 0 0 0 0 0 0 0 0 0 0 0 0 0 0 0 0 0 0 0 0 0 0 0 0 0 0 0 0 0 0 0 0 0 0 0 0 0 0 0 0 0 0 0 0 0 0 0 0 0 0 0 0
ctxt 4994207821
btime 1790630938
processes 571996
procs_running 1
procs_blocked 14
softirq 4549964975 73526 11253188 2753138 139662352 437557 0 13559745 49091349 421 38166403
--
cpu  3258068 1449 1584061 42773694 214623 0 774922 0 0 0
cpu0 119380 27 44287 1342709 3390 0 24461 0 0 0
cpu1 123220 31 45672 1342313 3846 0 24420 0 0 0
cpu2 124435 31 45816 1341811 3642 0 24565 0 0 0
cpu3 186863 30 64360 1246333 2627 0 39331 0 0 0
cpu4 187716 34 63238 1247510 3184 0 39362 0 0 0
cpu5 131292 32 47727 1332232 3823 0 25605 0 0 0
cpu6 131897 29 48032 1331602 3605 0 26374 0 0 0
cpu7 139763 26 51571 1318102 3193 0 29229 0 0 0
cpu8 40824 51 43028 1396202 7613 0 13307 0 0 0
cpu9 46646 57 46102 1373911 10213 0 14468 0 0 0
cpu10 44398 57 44527 1381839 8222 0 14302 0 0 0
cpu11 40651 52 40512 1401077 7099 0 12735 0 0 0
cpu12 79267 131 49709 1334490 12226 0 15611 0 0 0
cpu13 75942 63 50624 1334207 12849 0 15936 0 0 0
cpu14 40426 52 39883 1404535 6822 0 12454 0 0 0
cpu15 37635 53 36620 1417583 6816 0 11314 0 0 0
cpu16 160185 25 55866 1287983 4568 0 33088 0 0 0
cpu17 149975 24 54034 1299769 6038 0 31538 0 0 0
cpu18 144182 24 52931 1308872 4941 0 30799 0 0 0
cpu19 242661 24 76669 1169381 2732 0 49282 0 0 0
cpu20 216230 24 72024 1201519 4515 0 47045 0 0 0
cpu21 139050 27 51782 1314494 5899 0 29982 0 0 0
cpu22 131478 31 49942 1325848 5053 0 28225 0 0 0
cpu23 114526 30 44339 1354894 4557 0 23546 0 0 0
cpu24 43622 54 41304 1399325 8522 0 13425 0 0 0
cpu25 48756 57 46118 1375656 10504 0 15849 0 0 0
cpu26 46689 53 45017 1381683 9773 0 15410 0 0 0
cpu27 39450 41 40073 1391471 8478 0 21301 0 0 0
cpu28 73028 76 53430 1320908 12115 0 28354 0 0 0
cpu29 76910 113 55374 1309992 12600 0 28874 0 0 0
cpu30 38881 37 41581 1385128 7785 0 21276 0 0 0
cpu31 42074 39 41857 1400300 7359 0 13438 0 0 0
intr 3165013427 126 0 0 0 0 0 0 0 0 1 0 0 0 0 0 0 0 0 0 0 0 0 0 0 0 0 0 1 1 1 0 0 0 0 1 0 1 0 0 75045 0 0 0 0 0 0 0 0 411 0 0 0 0 0 0 0 0 87 0 0 0 0 0 0 0 0 0 0 0 0 0 0 0 418941 2 35049240 34990219 34908363 35047046 0 12780 7771 8567 7666 5934 6986 7940 8442 6469 27750 38976 29293 23466 35590 35424 23376 19796 9836 10324 9805 5327 8783 10861 10068 8589 25373 29926 27612 22926 31117 32681 20281 22052 0 0 0 0 617049 4334 1036 0 264 0 0 0 0 0 0 0 0 0 0 0 0 0 0 0 0 0 0 0 0 0 0 0 0 0 0 0 0 0 0 0 0 0 0 0 0 0 0 0 0 0 0 0 0 0 0 0 0 0 0 0 0 0 0 0 0 0 0 0 0 0 0 0 0 0 0 0 0 0 0 0 0 0 0 0 0 0 0 0 0 0 0 0 0 0 0 0 0 0 0 0 0 0 0 0 0 0 0 0 0 0 0 0 0 0 0 0 0 0 0 0 0 0 0 0 0 0 0 0 0 0 0 0 0 0 0 0 0 0 0 0 0 0 0 0 0 0 0 0 0 0 0 0 0 0 0 0 0 0 0 0 0 0 0 0 0 0 0 0 0 0 0 0 0 0 0 0 0 0 0 0 0 0 0 0 0 0 0 0 0 0 0 0 0 0 0 0 0 0 0 0 0 0 0 0 0 0 0 0 0 0 0 0 0 0 0 0 0 0 0 0 0 0 0 0 0 0 0 0 0 0 0 0 0 0 0 0 0 0 0 0 0 0 0 0 0 0 0 0 0 0 0 0 0 0 0 0 0 0 0 0 0 0 0 0 0 0 0 0 0 0 0 0 0 0 0 0 0 0 0 0 0 0 0 0 0 0 0 0 0 0 0 0 0 0 0 0 0 0 0 0 0 0 0 0 0 0 0 0 0 0 0 0 0 0 0 0 0 0 0 0 0 0 0 0 0 0 0 0 0 0 0 0 0 0 0 0 0 0 0 0 0 0 0 0 0 0 0 0 0 0 0 0 0 0 0 0 0 0 0 0 0 0 0 0 0 0 0 0 0 0 0 0 0 0 0 0 0 0 0 0 0 0 0 0 0 0 0 0 0 0 0 0 0 0 0 0 0 0 0 0 0 0 0 0 0 0 0 0 0 0 0 0 0 0 0 0 0 0 0 0 0 0 0 0 0 0 0 0 0 0 0 0 0 0 0 0 0 0 0 0 0 0 0 0 0 0 0 0 0 0 0 0 0 0 0 0 0 0 0 0 0 0 0 0 0 0 0 0 0 0 0 0 0 0 0 0 0 0 0 0 0 0 0 0 0 0 0 0 0 0 0 0 0 0 0 0 0 0 0 0 0 0 0 0 0 0 0 0 0 0 0 0 0 0 0 0 0 0 0 0 0 0 0 0 0 0 0 0 0 0 0 0 0 0 0 0 0 0 0 0 0 0 0 0 0 0 0 0 0 0 0 0 0 0 0 0 0 0 0 0 0 0 0 0 0 0 0 0 0 0 0 0 0 0 0 0 0 0 0 0 0 0 0 0 0 0 0 0 0 0 0 0 0 0 0 0 0 0 0 0 0 0 0 0 0 0 0 0 0 0 0 0 0 0 0 0 0 0 0 0 0 0 0 0 0 0 0 0 0 0 0 0 0 0 0 0 0 0 0 0 0 0 0 0 0 0 0 0 0 0 0 0 0 0 0 0 0 0 0 0 0 0 0 0 0 0 0 0 0 0 0 0 0 0 0 0 0 0 0 0 0 0 0 0 0 0 0 0 0 0 0 0 0 0 0 0 0 0 0 0 0 0 0 0 0 0 0 0 0 0 0 0 0 0 0 0 0 0 0 0 0 0 0 0 0 0 0 0 0 0 0 0 0 0 0 0 0 0 0 0 0 0 0 0 0 0 0 0 0 0 0 0 0 0 0 0 0 0 0 0 0 0 0 0 0 0 0 0 0 0 0 0 0 0 0 0 0 0 0 0 0 0 0 0 0 0 0 0 0 0 0 0 0 0 0 0 0 0 0 0 0 0 0 0 0 0 0 0 0 0 0 0 0 0 0 0 0 0 0 0 0 0 0 0 0 0 0 0 0 0 0 0 0 0 0 0 0 0 0 0 0 0 0 0 0 0 0 0 0 0 0 0 0 0 0 0 0 0 0 0 0 0 0 0 0 0 0 0 0 0 0 0 0 0 0 0 0 0 0 0 0 0 0 0 0 0 0 0 0 0 0 0 0 0 0 0 0 0 0 0 0 0 0 0 0 0 0 0 0 0 0 0 0 0 0 0 0 0 0 0 0 0 0 0 0 0 0 0 0 0 0 0 0 0 0 0 0 0 0 0 0 0 0 0 0 0 0 0 0 0 0 0 0 0 0 0 0 0 0 0 0 0 0 0 0 0 0 0 0 0 0 0 0 0 0 0 0 0 0 0 0 0 0 0 0 0 0 0 0 0 0 0 0 0 0 0 0 0 0 0 0 0 0 0 0 0 0 0 0 0 0 0 0 0 0 0 0 0 0 0 0 0 0 0 0 0 0 0 0 0 0 0 0 0 0 0 0 0 0 0 0 0 0 0 0 0 0 0 0 0 0 0 0 0 0 0 0 0 0 0 0 0 0 0 0 0 0 0 0 0 0 0 0 0 0 0 0 0 0 0 0 0 0 0 0 0 0 0 0 0 0 0 0 0 0 0 0 0 0 0 0 0 0 0 0 0 0 0 0 0 0
ctxt 4994605306
btime 1790630938
processes 572043
procs_running 2
procs_blocked 32
softirq 4550010134 73526 11257344 2753138 139691132 438122 0 13559745 49097652 421 38171758
