Running 10s test @ http://127.0.0.1:18500/swerve/counter
  16 threads and 128 connections
  Thread Stats   Avg      Stdev     Max   +/- Stdev
    Latency     8.80ms    1.65ms  25.02ms   74.04%
    Req/Sec     0.91k    98.56     2.81k    97.95%
  Latency Distribution
     50%    8.41ms
     75%    9.02ms
     90%   12.10ms
     99%   12.33ms
  146067 requests in 10.10s, 17.97MB read
Requests/sec:  14462.65
Transfer/sec:      1.78MB
## server-stat
cpu  3573358 1592 1659442 47714542 378780 0 803825 0 0 0
cpu0 134243 29 47498 1494566 4706 0 26164 0 0 0
cpu1 136211 33 48481 1496950 5700 0 25647 0 0 0
cpu2 137041 33 48410 1497133 5693 0 25691 0 0 0
cpu3 213257 33 69483 1384165 4168 0 41763 0 0 0
cpu4 213895 37 68093 1386194 4745 0 41771 0 0 0
cpu5 143656 36 50373 1487336 6417 0 26752 0 0 0
cpu6 144270 33 50671 1486033 6678 0 27751 0 0 0
cpu7 150645 30 53933 1474219 6514 0 30412 0 0 0
cpu8 41328 58 44097 1559351 14505 0 13602 0 0 0
cpu9 47392 64 47279 1535071 17873 0 14814 0 0 0
cpu10 44967 64 45645 1543283 16024 0 14620 0 0 0
cpu11 41081 59 41505 1563781 14628 0 13007 0 0 0
cpu12 82789 138 51228 1491759 20001 0 16022 0 0 0
cpu13 79197 71 52214 1491168 20841 0 16374 0 0 0
cpu14 40940 58 40940 1567351 13801 0 12734 0 0 0
cpu15 38007 61 37562 1580916 14105 0 11567 0 0 0
cpu16 179159 27 58911 1437084 6289 0 34151 0 0 0
cpu17 168603 27 57153 1448542 8227 0 32703 0 0 0
cpu18 161100 27 55911 1458681 7917 0 31969 0 0 0
cpu19 280555 26 83095 1295311 3819 0 51728 0 0 0
cpu20 251007 25 77892 1331326 5694 0 49281 0 0 0
cpu21 155350 29 54782 1464481 9379 0 31106 0 0 0
cpu22 144703 33 52410 1478972 9289 0 29043 0 0 0
cpu23 125940 32 46840 1509566 8954 0 24442 0 0 0
cpu24 44230 61 42405 1561445 16610 0 13698 0 0 0
cpu25 49481 62 47353 1536806 18771 0 16195 0 0 0
cpu26 47331 58 46210 1543329 17858 0 15753 0 0 0
cpu27 39980 47 41162 1553853 16587 0 21582 0 0 0
cpu28 75559 82 55108 1478247 21102 0 28823 0 0 0
cpu29 79468 118 57099 1466905 21735 0 29355 0 0 0
cpu30 39383 44 42718 1547591 15206 0 21574 0 0 0
cpu31 42578 44 42969 1563109 14930 0 13715 0 0 0
intr 3302688803 126 0 0 0 0 0 0 0 0 1 0 0 0 0 0 0 0 0 0 0 0 0 0 0 0 0 0 1 1 1 0 0 0 0 1 0 1 0 0 75045 0 0 0 0 0 0 0 0 411 0 0 0 0 0 0 0 0 87 0 0 0 0 0 0 0 0 0 0 0 0 0 0 0 486343 2 35057522 34996530 34912169 35053491 0 14180 10758 12155 11569 8434 9751 12842 13893 10866 38332 52411 40874 34652 52590 50313 31490 28104 12625 14414 17219 7578 10999 15777 15596 13867 35892 45000 41077 33029 50827 54836 30078 32243 0 0 0 0 617165 4465 1036 0 264 0 0 0 0 0 0 0 0 0 0 0 0 0 0 0 0 0 0 0 0 0 0 0 0 0 0 0 0 0 0 0 0 0 0 0 0 0 0 0 0 0 0 0 0 0 0 0 0 0 0 0 0 0 0 0 0 0 0 0 0 0 0 0 0 0 0 0 0 0 0 0 0 0 0 0 0 0 0 0 0 0 0 0 0 0 0 0 0 0 0 0 0 0 0 0 0 0 0 0 0 0 0 0 0 0 0 0 0 0 0 0 0 0 0 0 0 0 0 0 0 0 0 0 0 0 0 0 0 0 0 0 0 0 0 0 0 0 0 0 0 0 0 0 0 0 0 0 0 0 0 0 0 0 0 0 0 0 0 0 0 0 0 0 0 0 0 0 0 0 0 0 0 0 0 0 0 0 0 0 0 0 0 0 0 0 0 0 0 0 0 0 0 0 0 0 0 0 0 0 0 0 0 0 0 0 0 0 0 0 0 0 0 0 0 0 0 0 0 0 0 0 0 0 0 0 0 0 0 0 0 0 0 0 0 0 0 0 0 0 0 0 0 0 0 0 0 0 0 0 0 0 0 0 0 0 0 0 0 0 0 0 0 0 0 0 0 0 0 0 0 0 0 0 0 0 0 0 0 0 0 0 0 0 0 0 0 0 0 0 0 0 0 0 0 0 0 0 0 0 0 0 0 0 0 0 0 0 0 0 0 0 0 0 0 0 0 0 0 0 0 0 0 0 0 0 0 0 0 0 0 0 0 0 0 0 0 0 0 0 0 0 0 0 0 0 0 0 0 0 0 0 0 0 0 0 0 0 0 0 0 0 0 0 0 0 0 0 0 0 0 0 0 0 0 0 0 0 0 0 0 0 0 0 0 0 0 0 0 0 0 0 0 0 0 0 0 0 0 0 0 0 0 0 0 0 0 0 0 0 0 0 0 0 0 0 0 0 0 0 0 0 0 0 0 0 0 0 0 0 0 0 0 0 0 0 0 0 0 0 0 0 0 0 0 0 0 0 0 0 0 0 0 0 0 0 0 0 0 0 0 0 0 0 0 0 0 0 0 0 0 0 0 0 0 0 0 0 0 0 0 0 0 0 0 0 0 0 0 0 0 0 0 0 0 0 0 0 0 0 0 0 0 0 0 0 0 0 0 0 0 0 0 0 0 0 0 0 0 0 0 0 0 0 0 0 0 0 0 0 0 0 0 0 0 0 0 0 0 0 0 0 0 0 0 0 0 0 0 0 0 0 0 0 0 0 0 0 0 0 0 0 0 0 0 0 0 0 0 0 0 0 0 0 0 0 0 0 0 0 0 0 0 0 0 0 0 0 0 0 0 0 0 0 0 0 0 0 0 0 0 0 0 0 0 0 0 0 0 0 0 0 0 0 0 0 0 0 0 0 0 0 0 0 0 0 0 0 0 0 0 0 0 0 0 0 0 0 0 0 0 0 0 0 0 0 0 0 0 0 0 0 0 0 0 0 0 0 0 0 0 0 0 0 0 0 0 0 0 0 0 0 0 0 0 0 0 0 0 0 0 0 0 0 0 0 0 0 0 0 0 0 0 0 0 0 0 0 0 0 0 0 0 0 0 0 0 0 0 0 0 0 0 0 0 0 0 0 0 0 0 0 0 0 0 0 0 0 0 0 0 0 0 0 0 0 0 0 0 0 0 0 0 0 0 0 0 0 0 0 0 0 0 0 0 0 0 0 0 0 0 0 0 0 0 0 0 0 0 0 0 0 0 0 0 0 0 0 0 0 0 0 0 0 0 0 0 0 0 0 0 0 0 0 0 0 0 0 0 0 0 0 0 0 0 0 0 0 0 0 0 0 0 0 0 0 0 0 0 0 0 0 0 0 0 0 0 0 0 0 0 0 0 0 0 0 0 0 0 0 0 0 0 0 0 0 0 0 0 0 0 0 0 0 0 0 0 0 0 0 0 0 0 0 0 0 0 0 0 0 0 0 0 0 0 0 0 0 0 0 0 0 0 0 0 0 0 0 0 0 0 0 0 0 0 0 0 0 0 0 0 0 0 0 0 0 0 0 0 0 0 0 0 0 0 0 0 0 0 0 0 0 0 0 0 0 0 0 0 0 0 0 0 0 0 0 0 0 0 0 0 0 0 0 0 0 0 0 0 0 0 0 0 0 0 0 0 0 0 0 0 0 0 0 0 0 0 0 0 0 0 0 0 0 0 0 0 0 0 0 0 0 0 0 0 0 0 0 0 0 0 0 0 0 0 0 0 0 0 0 0 0 0 0 0 0 0 0 0 0 0 0 0 0 0 0 0 0 0 0 0 0 0 0 0 0 0 0 0 0 0 0 0 0 0 0 0 0 0 0 0 0 0 0 0 0 0 0 0 0 0 0 0 0 0 0 0 0 0 0 0 0 0 0 0 0 0 0 0 0 0 0 0 0 0 0 0 0 0 0 0 0 0 0 0 0 0 0 0 0 0 0 0 0 0 0 0 0 0 0 0 0 0
ctxt 5235778803
btime 1790630938
processes 814447
procs_running 9
procs_blocked 0
softirq 4735718707 73526 12542047 2753162 311839508 507779 0 13560088 52526816 421 46948064
--
cpu  3578561 1593 1660686 47733418 378817 0 803912 0 0 0
cpu0 134650 29 47595 1494849 4706 0 26171 0 0 0
cpu1 136517 33 48555 1497360 5700 0 25652 0 0 0
cpu2 137276 33 48468 1497633 5693 0 25694 0 0 0
cpu3 213475 33 69539 1384685 4168 0 41768 0 0 0
cpu4 214088 37 68142 1386747 4745 0 41774 0 0 0
cpu5 143826 36 50413 1487922 6417 0 26756 0 0 0
cpu6 144461 33 50719 1486576 6692 0 27754 0 0 0
cpu7 150802 30 53969 1474823 6514 0 30414 0 0 0
cpu8 41329 58 44099 1560144 14505 0 13602 0 0 0
cpu9 47394 64 47279 1535864 17873 0 14814 0 0 0
cpu10 44969 64 45647 1544077 16024 0 14620 0 0 0
cpu11 41082 59 41505 1564577 14628 0 13007 0 0 0
cpu12 82798 138 51230 1492530 20001 0 16023 0 0 0
cpu13 79204 71 52218 1491935 20841 0 16376 0 0 0
cpu14 40941 58 40941 1568142 13801 0 12734 0 0 0
cpu15 38007 61 37563 1581712 14105 0 11567 0 0 0
cpu16 179392 27 58966 1437594 6289 0 34153 0 0 0
cpu17 168938 27 57228 1448926 8227 0 32708 0 0 0
cpu18 161505 27 56006 1458976 7917 0 31974 0 0 0
cpu19 280974 26 83194 1295586 3819 0 51735 0 0 0
cpu20 251451 25 77997 1331570 5694 0 49287 0 0 0
cpu21 155823 29 54890 1464693 9379 0 31113 0 0 0
cpu22 145149 33 52515 1479195 9305 0 29052 0 0 0
cpu23 126422 32 46952 1509762 8954 0 24452 0 0 0
cpu24 44230 61 42407 1562240 16610 0 13698 0 0 0
cpu25 49483 62 47354 1537599 18771 0 16195 0 0 0
cpu26 47332 58 46211 1544122 17859 0 15753 0 0 0
cpu27 39981 47 41163 1554647 16588 0 21582 0 0 0
cpu28 75589 82 55112 1478992 21103 0 28825 0 0 0
cpu29 79493 118 57105 1467650 21737 0 29357 0 0 0
cpu30 39387 44 42719 1548374 15206 0 21574 0 0 0
cpu31 42580 44 42970 1563902 14930 0 13715 0 0 0
intr 3303017553 126 0 0 0 0 0 0 0 0 1 0 0 0 0 0 0 0 0 0 0 0 0 0 0 0 0 0 1 1 1 0 0 0 0 1 0 1 0 0 75045 0 0 0 0 0 0 0 0 411 0 0 0 0 0 0 0 0 87 0 0 0 0 0 0 0 0 0 0 0 0 0 0 0 486817 2 35057535 34996533 34912184 35053507 0 14188 10758 12155 11569 8434 9752 12842 13893 10866 38351 52411 40874 34652 52599 50313 31490 28104 12625 14414 17219 7578 10999 15777 15596 13867 35892 45002 41078 33029 50834 54836 30078 32243 0 0 0 0 617165 4465 1036 0 264 0 0 0 0 0 0 0 0 0 0 0 0 0 0 0 0 0 0 0 0 0 0 0 0 0 0 0 0 0 0 0 0 0 0 0 0 0 0 0 0 0 0 0 0 0 0 0 0 0 0 0 0 0 0 0 0 0 0 0 0 0 0 0 0 0 0 0 0 0 0 0 0 0 0 0 0 0 0 0 0 0 0 0 0 0 0 0 0 0 0 0 0 0 0 0 0 0 0 0 0 0 0 0 0 0 0 0 0 0 0 0 0 0 0 0 0 0 0 0 0 0 0 0 0 0 0 0 0 0 0 0 0 0 0 0 0 0 0 0 0 0 0 0 0 0 0 0 0 0 0 0 0 0 0 0 0 0 0 0 0 0 0 0 0 0 0 0 0 0 0 0 0 0 0 0 0 0 0 0 0 0 0 0 0 0 0 0 0 0 0 0 0 0 0 0 0 0 0 0 0 0 0 0 0 0 0 0 0 0 0 0 0 0 0 0 0 0 0 0 0 0 0 0 0 0 0 0 0 0 0 0 0 0 0 0 0 0 0 0 0 0 0 0 0 0 0 0 0 0 0 0 0 0 0 0 0 0 0 0 0 0 0 0 0 0 0 0 0 0 0 0 0 0 0 0 0 0 0 0 0 0 0 0 0 0 0 0 0 0 0 0 0 0 0 0 0 0 0 0 0 0 0 0 0 0 0 0 0 0 0 0 0 0 0 0 0 0 0 0 0 0 0 0 0 0 0 0 0 0 0 0 0 0 0 0 0 0 0 0 0 0 0 0 0 0 0 0 0 0 0 0 0 0 0 0 0 0 0 0 0 0 0 0 0 0 0 0 0 0 0 0 0 0 0 0 0 0 0 0 0 0 0 0 0 0 0 0 0 0 0 0 0 0 0 0 0 0 0 0 0 0 0 0 0 0 0 0 0 0 0 0 0 0 0 0 0 0 0 0 0 0 0 0 0 0 0 0 0 0 0 0 0 0 0 0 0 0 0 0 0 0 0 0 0 0 0 0 0 0 0 0 0 0 0 0 0 0 0 0 0 0 0 0 0 0 0 0 0 0 0 0 0 0 0 0 0 0 0 0 0 0 0 0 0 0 0 0 0 0 0 0 0 0 0 0 0 0 0 0 0 0 0 0 0 0 0 0 0 0 0 0 0 0 0 0 0 0 0 0 0 0 0 0 0 0 0 0 0 0 0 0 0 0 0 0 0 0 0 0 0 0 0 0 0 0 0 0 0 0 0 0 0 0 0 0 0 0 0 0 0 0 0 0 0 0 0 0 0 0 0 0 0 0 0 0 0 0 0 0 0 0 0 0 0 0 0 0 0 0 0 0 0 0 0 0 0 0 0 0 0 0 0 0 0 0 0 0 0 0 0 0 0 0 0 0 0 0 0 0 0 0 0 0 0 0 0 0 0 0 0 0 0 0 0 0 0 0 0 0 0 0 0 0 0 0 0 0 0 0 0 0 0 0 0 0 0 0 0 0 0 0 0 0 0 0 0 0 0 0 0 0 0 0 0 0 0 0 0 0 0 0 0 0 0 0 0 0 0 0 0 0 0 0 0 0 0 0 0 0 0 0 0 0 0 0 0 0 0 0 0 0 0 0 0 0 0 0 0 0 0 0 0 0 0 0 0 0 0 0 0 0 0 0 0 0 0 0 0 0 0 0 0 0 0 0 0 0 0 0 0 0 0 0 0 0 0 0 0 0 0 0 0 0 0 0 0 0 0 0 0 0 0 0 0 0 0 0 0 0 0 0 0 0 0 0 0 0 0 0 0 0 0 0 0 0 0 0 0 0 0 0 0 0 0 0 0 0 0 0 0 0 0 0 0 0 0 0 0 0 0 0 0 0 0 0 0 0 0 0 0 0 0 0 0 0 0 0 0 0 0 0 0 0 0 0 0 0 0 0 0 0 0 0 0 0 0 0 0 0 0 0 0 0 0 0 0 0 0 0 0 0 0 0 0 0 0 0 0 0 0 0 0 0 0 0 0 0 0 0 0 0 0 0 0 0 0 0 0 0 0 0 0 0 0 0 0 0 0 0 0 0 0 0 0 0 0 0 0 0 0 0 0 0 0 0 0 0 0 0 0 0 0 0 0 0 0 0 0 0 0 0 0 0 0 0 0 0 0 0 0 0 0 0 0 0 0 0 0 0 0 0 0 0 0 0 0 0 0 0 0 0 0 0 0 0 0 0 0 0 0 0 0 0 0 0 0 0 0 0 0 0 0 0 0 0 0 0 0 0 0 0 0 0 0 0 0 0 0 0 0 0 0 0 0 0 0 0 0 0 0 0 0 0 0 0 0 0 0 0 0 0 0 0 0 0 0 0 0 0 0 0 0 0 0 0 0 0 0 0 0 0 0 0 0 0 0 0 0 0 0 0 0 0 0 0 0 0 0 0 0 0 0 0 0 0 0 0 0 0 0 0 0 0 0 0 0 0 0 0 0 0 0 0 0 0 0 0 0 0 0 0 0
ctxt 5236190433
btime 1790630938
processes 814527
procs_running 10
procs_blocked 0
softirq 4736300439 73526 12547035 2753162 312071330 508267 0 13560088 52542092 421 47277222
