Running 10s test @ http://127.0.0.1:18500/usleep?ms=10
  16 threads and 1000 connections
  Thread Stats   Avg      Stdev     Max   +/- Stdev
    Latency     1.40s   289.49ms   2.89s    89.85%
    Req/Sec    48.62     26.22   190.00     65.85%
  Latency Distribution
     50%    1.28s 
     75%    1.37s 
     90%    1.69s 
     99%    2.55s 
  6632 requests in 10.01s, 1.15MB read
Requests/sec:    662.47
Transfer/sec:    117.74KB
## server-stat
cpu  3684921 1618 1676152 48556467 379639 0 809294 0 0 0
cpu0 139735 29 48306 1518427 4707 0 26565 0 0 0
cpu1 141733 33 49275 1520935 5701 0 25980 0 0 0
cpu2 145118 34 49438 1518264 5753 0 26096 0 0 0
cpu3 219874 34 70301 1407054 4194 0 42055 0 0 0
cpu4 220739 37 68836 1408927 4745 0 42107 0 0 0
cpu5 150509 37 51122 1510172 6434 0 27021 0 0 0
cpu6 151713 33 51643 1507951 6699 0 28125 0 0 0
cpu7 158363 31 54941 1495784 6516 0 30825 0 0 0
cpu8 41414 60 44251 1589482 14521 0 13624 0 0 0
cpu9 47525 65 47461 1564913 17938 0 14851 0 0 0
cpu10 45075 65 45817 1573152 16122 0 14652 0 0 0
cpu11 41170 60 41657 1593912 14636 0 13028 0 0 0
cpu12 83455 140 51486 1520908 20038 0 16091 0 0 0
cpu13 79711 73 52486 1520388 20866 0 16449 0 0 0
cpu14 41040 60 41120 1597337 13813 0 12769 0 0 0
cpu15 38089 62 37730 1611029 14124 0 11594 0 0 0
cpu16 187092 27 59832 1458703 6289 0 34416 0 0 0
cpu17 176495 27 58048 1470203 8228 0 32985 0 0 0
cpu18 166339 27 56573 1483300 7932 0 32164 0 0 0
cpu19 288485 26 84036 1316838 3820 0 52035 0 0 0
cpu20 258471 25 78868 1353366 5695 0 49517 0 0 0
cpu21 162192 29 55714 1487129 9380 0 31415 0 0 0
cpu22 150391 33 53159 1503003 9311 0 29273 0 0 0
cpu23 130299 32 47532 1534987 8954 0 24668 0 0 0
cpu24 44359 62 42565 1591561 16624 0 13723 0 0 0
cpu25 49641 63 47529 1566784 18802 0 16231 0 0 0
cpu26 47464 59 46366 1573353 17917 0 15781 0 0 0
cpu27 40087 48 41311 1584037 16635 0 21598 0 0 0
cpu28 76170 82 55348 1507569 21147 0 28879 0 0 0
cpu29 79983 119 57351 1496090 21929 0 29420 0 0 0
cpu30 39497 45 42901 1577631 15208 0 21604 0 0 0
cpu31 42681 45 43135 1593258 14948 0 13738 0 0 0
intr 3328753803 126 0 0 0 0 0 0 0 0 1 0 0 0 0 0 0 0 0 0 0 0 0 0 0 0 0 0 1 1 1 0 0 0 0 1 0 1 0 0 75045 0 0 0 0 0 0 0 0 411 0 0 0 0 0 0 0 0 87 0 0 0 0 0 0 0 0 0 0 0 0 0 0 0 494514 2 35058255 34997515 34912855 35054781 0 14433 10793 12160 11569 8441 9759 12843 13894 10866 38429 52525 40917 34656 52845 50521 31525 28108 12625 14415 17221 7592 10999 15779 15596 13870 35898 45024 41095 33037 50989 55137 30096 32280 0 0 0 0 617185 4497 1036 0 264 0 0 0 0 0 0 0 0 0 0 0 0 0 0 0 0 0 0 0 0 0 0 0 0 0 0 0 0 0 0 0 0 0 0 0 0 0 0 0 0 0 0 0 0 0 0 0 0 0 0 0 0 0 0 0 0 0 0 0 0 0 0 0 0 0 0 0 0 0 0 0 0 0 0 0 0 0 0 0 0 0 0 0 0 0 0 0 0 0 0 0 0 0 0 0 0 0 0 0 0 0 0 0 0 0 0 0 0 0 0 0 0 0 0 0 0 0 0 0 0 0 0 0 0 0 0 0 0 0 0 0 0 0 0 0 0 0 0 0 0 0 0 0 0 0 0 0 0 0 0 0 0 0 0 0 0 0 0 0 0 0 0 0 0 0 0 0 0 0 0 0 0 0 0 0 0 0 0 0 0 0 0 0 0 0 0 0 0 0 0 0 0 0 0 0 0 0 0 0 0 0 0 0 0 0 0 0 0 0 0 0 0 0 0 0 0 0 0 0 0 0 0 0 0 0 0 0 0 0 0 0 0 0 0 0 0 0 0 0 0 0 0 0 0 0 0 0 0 0 0 0 0 0 0 0 0 0 0 0 0 0 0 0 0 0 0 0 0 0 0 0 0 0 0 0 0 0 0 0 0 0 0 0 0 0 0 0 0 0 0 0 0 0 0 0 0 0 0 0 0 0 0 0 0 0 0 0 0 0 0 0 0 0 0 0 0 0 0 0 0 0 0 0 0 0 0 0 0 0 0 0 0 0 0 0 0 0 0 0 0 0 0 0 0 0 0 0 0 0 0 0 0 0 0 0 0 0 0 0 0 0 0 0 0 0 0 0 0 0 0 0 0 0 0 0 0 0 0 0 0 0 0 0 0 0 0 0 0 0 0 0 0 0 0 0 0 0 0 0 0 0 0 0 0 0 0 0 0 0 0 0 0 0 0 0 0 0 0 0 0 0 0 0 0 0 0 0 0 0 0 0 0 0 0 0 0 0 0 0 0 0 0 0 0 0 0 0 0 0 0 0 0 0 0 0 0 0 0 0 0 0 0 0 0 0 0 0 0 0 0 0 0 0 0 0 0 0 0 0 0 0 0 0 0 0 0 0 0 0 0 0 0 0 0 0 0 0 0 0 0 0 0 0 0 0 0 0 0 0 0 0 0 0 0 0 0 0 0 0 0 0 0 0 0 0 0 0 0 0 0 0 0 0 0 0 0 0 0 0 0 0 0 0 0 0 0 0 0 0 0 0 0 0 0 0 0 0 0 0 0 0 0 0 0 0 0 0 0 0 0 0 0 0 0 0 0 0 0 0 0 0 0 0 0 0 0 0 0 0 0 0 0 0 0 0 0 0 0 0 0 0 0 0 0 0 0 0 0 0 0 0 0 0 0 0 0 0 0 0 0 0 0 0 0 0 0 0 0 0 0 0 0 0 0 0 0 0 0 0 0 0 0 0 0 0 0 0 0 0 0 0 0 0 0 0 0 0 0 0 0 0 0 0 0 0 0 0 0 0 0 0 0 0 0 0 0 0 0 0 0 0 0 0 0 0 0 0 0 0 0 0 0 0 0 0 0 0 0 0 0 0 0 0 0 0 0 0 0 0 0 0 0 0 0 0 0 0 0 0 0 0 0 0 0 0 0 0 0 0 0 0 0 0 0 0 0 0 0 0 0 0 0 0 0 0 0 0 0 0 0 0 0 0 0 0 0 0 0 0 0 0 0 0 0 0 0 0 0 0 0 0 0 0 0 0 0 0 0 0 0 0 0 0 0 0 0 0 0 0 0 0 0 0 0 0 0 0 0 0 0 0 0 0 0 0 0 0 0 0 0 0 0 0 0 0 0 0 0 0 0 0 0 0 0 0 0 0 0 0 0 0 0 0 0 0 0 0 0 0 0 0 0 0 0 0 0 0 0 0 0 0 0 0 0 0 0 0 0 0 0 0 0 0 0 0 0 0 0 0 0 0 0 0 0 0 0 0 0 0 0 0 0 0 0 0 0 0 0 0 0 0 0 0 0 0 0 0 0 0 0 0 0 0 0 0 0 0 0 0 0 0 0 0 0 0 0 0 0 0 0 0 0 0 0 0 0 0 0 0 0 0 0 0 0 0 0 0 0 0 0 0 0 0 0 0 0 0 0 0 0 0 0 0 0 0 0 0 0 0 0 0 0 0 0 0 0 0 0 0 0 0 0 0 0 0 0 0 0 0 0 0 0 0 0 0 0 0 0 0 0 0 0 0 0 0 0 0 0 0 0 0 0 0 0 0 0 0 0 0 0 0 0 0 0 0 0 0 0 0 0 0 0 0 0 0 0 0 0 0 0 0 0 0 0 0 0 0 0 0 0 0 0 0 0 0 0 0 0 0 0 0 0 0 0 0 0 0 0 0 0 0 0 0 0 0 0 0 0 0 0 0 0 0 0 0 0 0 0 0 0 0 0 0 0 0 0 0 0 0 0 0 0 0 0 0 0 0 0 0 0 0 0
ctxt 5281158005
btime 1790630938
processes 870385
procs_running 1
procs_blocked 0
softirq 4767431332 73526 12912479 2753166 340688047 516314 0 13560186 53420359 421 48539538
--
cpu  3685273 1618 1676184 48581639 379640 0 809299 0 0 0
cpu0 139773 29 48308 1519183 4707 0 26567 0 0 0
cpu1 141768 33 49278 1521694 5701 0 25980 0 0 0
cpu2 145153 34 49440 1519025 5753 0 26096 0 0 0
cpu3 219918 34 70305 1407802 4194 0 42055 0 0 0
cpu4 220785 37 68838 1409675 4745 0 42108 0 0 0
cpu5 150544 37 51125 1510934 6434 0 27021 0 0 0
cpu6 151741 33 51645 1508723 6699 0 28126 0 0 0
cpu7 158376 31 54942 1496572 6516 0 30826 0 0 0
cpu8 41414 60 44251 1590280 14521 0 13624 0 0 0
cpu9 47527 65 47461 1565708 17938 0 14851 0 0 0
cpu10 45075 65 45817 1573948 16123 0 14652 0 0 0
cpu11 41170 60 41657 1594710 14636 0 13028 0 0 0
cpu12 83483 140 51488 1521674 20038 0 16092 0 0 0
cpu13 79728 73 52488 1521167 20866 0 16449 0 0 0
cpu14 41040 60 41120 1598136 13813 0 12769 0 0 0
cpu15 38089 62 37730 1611826 14124 0 11594 0 0 0
cpu16 187094 27 59832 1459499 6289 0 34416 0 0 0
cpu17 176499 27 58048 1470999 8228 0 32985 0 0 0
cpu18 166340 27 56573 1484098 7932 0 32164 0 0 0
cpu19 288498 26 84037 1317624 3820 0 52035 0 0 0
cpu20 258472 25 78868 1354164 5695 0 49517 0 0 0
cpu21 162192 29 55714 1487929 9380 0 31415 0 0 0
cpu22 150392 33 53159 1503802 9311 0 29273 0 0 0
cpu23 130300 32 47532 1535787 8954 0 24668 0 0 0
cpu24 44359 62 42565 1592360 16624 0 13723 0 0 0
cpu25 49642 63 47530 1567582 18802 0 16231 0 0 0
cpu26 47464 59 46366 1574151 17917 0 15781 0 0 0
cpu27 40087 48 41311 1584835 16635 0 21598 0 0 0
cpu28 76170 82 55349 1508367 21147 0 28879 0 0 0
cpu29 79986 119 57353 1496882 21929 0 29420 0 0 0
cpu30 39497 45 42901 1578430 15208 0 21604 0 0 0
cpu31 42681 45 43135 1594057 14948 0 13738 0 0 0
intr 3328858963 126 0 0 0 0 0 0 0 0 1 0 0 0 0 0 0 0 0 0 0 0 0 0 0 0 0 0 1 1 1 0 0 0 0 1 0 1 0 0 75045 0 0 0 0 0 0 0 0 411 0 0 0 0 0 0 0 0 87 0 0 0 0 0 0 0 0 0 0 0 0 0 0 0 494514 2 35058276 34997526 34912870 35054818 0 14437 10793 12160 11569 8441 9759 12843 13894 10866 38429 52525 40917 34656 52848 50521 31525 28108 12626 14415 17221 7592 10999 15779 15596 13870 35898 45024 41095 33037 50989 55137 30096 32280 0 0 0 0 617185 4497 1036 0 264 0 0 0 0 0 0 0 0 0 0 0 0 0 0 0 0 0 0 0 0 0 0 0 0 0 0 0 0 0 0 0 0 0 0 0 0 0 0 0 0 0 0 0 0 0 0 0 0 0 0 0 0 0 0 0 0 0 0 0 0 0 0 0 0 0 0 0 0 0 0 0 0 0 0 0 0 0 0 0 0 0 0 0 0 0 0 0 0 0 0 0 0 0 0 0 0 0 0 0 0 0 0 0 0 0 0 0 0 0 0 0 0 0 0 0 0 0 0 0 0 0 0 0 0 0 0 0 0 0 0 0 0 0 0 0 0 0 0 0 0 0 0 0 0 0 0 0 0 0 0 0 0 0 0 0 0 0 0 0 0 0 0 0 0 0 0 0 0 0 0 0 0 0 0 0 0 0 0 0 0 0 0 0 0 0 0 0 0 0 0 0 0 0 0 0 0 0 0 0 0 0 0 0 0 0 0 0 0 0 0 0 0 0 0 0 0 0 0 0 0 0 0 0 0 0 0 0 0 0 0 0 0 0 0 0 0 0 0 0 0 0 0 0 0 0 0 0 0 0 0 0 0 0 0 0 0 0 0 0 0 0 0 0 0 0 0 0 0 0 0 0 0 0 0 0 0 0 0 0 0 0 0 0 0 0 0 0 0 0 0 0 0 0 0 0 0 0 0 0 0 0 0 0 0 0 0 0 0 0 0 0 0 0 0 0 0 0 0 0 0 0 0 0 0 0 0 0 0 0 0 0 0 0 0 0 0 0 0 0 0 0 0 0 0 0 0 0 0 0 0 0 0 0 0 0 0 0 0 0 0 0 0 0 0 0 0 0 0 0 0 0 0 0 0 0 0 0 0 0 0 0 0 0 0 0 0 0 0 0 0 0 0 0 0 0 0 0 0 0 0 0 0 0 0 0 0 0 0 0 0 0 0 0 0 0 0 0 0 0 0 0 0 0 0 0 0 0 0 0 0 0 0 0 0 0 0 0 0 0 0 0 0 0 0 0 0 0 0 0 0 0 0 0 0 0 0 0 0 0 0 0 0 0 0 0 0 0 0 0 0 0 0 0 0 0 0 0 0 0 0 0 0 0 0 0 0 0 0 0 0 0 0 0 0 0 0 0 0 0 0 0 0 0 0 0 0 0 0 0 0 0 0 0 0 0 0 0 0 0 0 0 0 0 0 0 0 0 0 0 0 0 0 0 0 0 0 0 0 0 0 0 0 0 0 0 0 0 0 0 0 0 0 0 0 0 0 0 0 0 0 0 0 0 0 0 0 0 0 0 0 0 0 0 0 0 0 0 0 0 0 0 0 0 0 0 0 0 0 0 0 0 0 0 0 0 0 0 0 0 0 0 0 0 0 0 0 0 0 0 0 0 0 0 0 0 0 0 0 0 0 0 0 0 0 0 0 0 0 0 0 0 0 0 0 0 0 0 0 0 0 0 0 0 0 0 0 0 0 0 0 0 0 0 0 0 0 0 0 0 0 0 0 0 0 0 0 0 0 0 0 0 0 0 0 0 0 0 0 0 0 0 0 0 0 0 0 0 0 0 0 0 0 0 0 0 0 0 0 0 0 0 0 0 0 0 0 0 0 0 0 0 0 0 0 0 0 0 0 0 0 0 0 0 0 0 0 0 0 0 0 0 0 0 0 0 0 0 0 0 0 0 0 0 0 0 0 0 0 0 0 0 0 0 0 0 0 0 0 0 0 0 0 0 0 0 0 0 0 0 0 0 0 0 0 0 0 0 0 0 0 0 0 0 0 0 0 0 0 0 0 0 0 0 0 0 0 0 0 0 0 0 0 0 0 0 0 0 0 0 0 0 0 0 0 0 0 0 0 0 0 0 0 0 0 0 0 0 0 0 0 0 0 0 0 0 0 0 0 0 0 0 0 0 0 0 0 0 0 0 0 0 0 0 0 0 0 0 0 0 0 0 0 0 0 0 0 0 0 0 0 0 0 0 0 0 0 0 0 0 0 0 0 0 0 0 0 0 0 0 0 0 0 0 0 0 0 0 0 0 0 0 0 0 0 0 0 0 0 0 0 0 0 0 0 0 0 0 0 0 0 0 0 0 0 0 0 0 0 0 0 0 0 0 0 0 0 0 0 0 0 0 0 0 0 0 0 0 0 0 0 0 0 0 0 0 0 0 0 0 0 0 0 0 0 0 0 0 0 0 0 0 0 0 0 0 0 0 0 0 0 0 0 0 0 0 0 0 0 0 0 0 0 0 0 0 0 0 0 0 0 0 0 0 0 0 0 0 0 0 0 0 0 0 0 0 0 0 0 0 0 0 0 0 0 0 0 0 0 0 0 0 0 0 0 0 0 0 0 0 0 0 0 0 0 0 0 0 0 0 0 0 0 0 0 0 0 0 0 0 0 0 0 0 0 0 0 0 0 0 0 0 0 0 0 0 0 0 0 0 0 0 0 0 0 0 0 0 0 0 0 0 0 0 0 0 0 0 0 0 0 0 0
ctxt 5281307052
btime 1790630938
processes 870426
procs_running 1
procs_blocked 0
softirq 4767470162 73526 12919898 2753166 340700108 516318 0 13560186 53430618 421 48548625
