Running 10s test @ http://127.0.0.1:18500/api/usleep?ms=10
  16 threads and 1000 connections
  Thread Stats   Avg      Stdev     Max   +/- Stdev
    Latency     1.99s     3.02s    9.99s    80.21%
    Req/Sec    25.66     24.00   160.00     79.23%
  Latency Distribution
     50%   11.14ms
     75%    3.49s 
     90%    7.51s 
     99%    9.77s 
  1834 requests in 10.10s, 334.92KB read
  Socket errors: connect 0, read 1, write 0, timeout 0
Requests/sec:    181.58
Transfer/sec:     33.16KB
## server-stat
cpu  3215428 1406 1572566 41237122 119533 0 773640 0 0 0
cpu0 118356 27 44003 1293038 1994 0 24293 0 0 0
cpu1 122676 30 45419 1292265 2047 0 24378 0 0 0
cpu2 124076 30 45595 1291567 1754 0 24543 0 0 0
cpu3 180043 29 63266 1202405 1897 0 39186 0 0 0
cpu4 182605 33 62615 1202119 1637 0 39238 0 0 0
cpu5 130950 31 47505 1282075 1816 0 25587 0 0 0
cpu6 131684 28 47818 1281251 1619 0 26359 0 0 0
cpu7 139595 25 51377 1267495 1383 0 29218 0 0 0
cpu8 40683 49 42817 1347234 4230 0 13300 0 0 0
cpu9 46413 55 45863 1325424 6595 0 14458 0 0 0
cpu10 44224 54 44299 1333224 4606 0 14294 0 0 0
cpu11 40526 50 40304 1352273 3531 0 12730 0 0 0
cpu12 78231 130 49393 1287141 8392 0 15593 0 0 0
cpu13 74951 60 50298 1286977 8853 0 15918 0 0 0
cpu14 40286 49 39658 1355493 3559 0 12447 0 0 0
cpu15 37536 51 36406 1368426 3550 0 11309 0 0 0
cpu16 159600 24 55590 1238608 2082 0 33063 0 0 0
cpu17 149607 24 53770 1250539 3193 0 31515 0 0 0
cpu18 143899 24 52681 1259572 2047 0 30781 0 0 0
cpu19 230044 23 74876 1132424 1626 0 48998 0 0 0
cpu20 208251 23 71059 1160063 2330 0 46832 0 0 0
cpu21 138781 26 51516 1265225 2951 0 29962 0 0 0
cpu22 131283 30 49697 1276201 2363 0 28211 0 0 0
cpu23 114364 29 44125 1304852 2194 0 23539 0 0 0
cpu24 43438 52 41052 1351190 4337 0 13421 0 0 0
cpu25 48535 55 45848 1327815 6099 0 15842 0 0 0
cpu26 46490 51 44754 1333842 5318 0 15403 0 0 0
cpu27 39283 39 39824 1343112 4456 0 21296 0 0 0
cpu28 72357 74 53119 1273920 7419 0 28343 0 0 0
cpu29 75962 113 55048 1263199 8032 0 28859 0 0 0
cpu30 38751 36 41340 1336405 4105 0 21272 0 0 0
cpu31 41931 37 41614 1351730 3502 0 13436 0 0 0
intr 3145067604 126 0 0 0 0 0 0 0 0 1 0 0 0 0 0 0 0 0 0 0 0 0 0 0 0 0 0 1 1 1 0 0 0 0 1 0 1 0 0 75045 0 0 0 0 0 0 0 0 411 0 0 0 0 0 0 0 0 87 0 0 0 0 0 0 0 0 0 0 0 0 0 0 0 395641 2 35047093 34988206 34906453 35045501 0 12360 4948 5613 4631 4505 4934 4812 5485 3785 20998 30466 20977 16384 26116 27172 17788 14173 5979 5708 5325 4037 5613 6605 6019 4663 17864 20116 17763 15901 19329 19936 13241 15020 0 0 0 0 617013 4291 1036 0 264 0 0 0 0 0 0 0 0 0 0 0 0 0 0 0 0 0 0 0 0 0 0 0 0 0 0 0 0 0 0 0 0 0 0 0 0 0 0 0 0 0 0 0 0 0 0 0 0 0 0 0 0 0 0 0 0 0 0 0 0 0 0 0 0 0 0 0 0 0 0 0 0 0 0 0 0 0 0 0 0 0 0 0 0 0 0 0 0 0 0 0 0 0 0 0 0 0 0 0 0 0 0 0 0 0 0 0 0 0 0 0 0 0 0 0 0 0 0 0 0 0 0 0 0 0 0 0 0 0 0 0 0 0 0 0 0 0 0 0 0 0 0 0 0 0 0 0 0 0 0 0 0 0 0 0 0 0 0 0 0 0 0 0 0 0 0 0 0 0 0 0 0 0 0 0 0 0 0 0 0 0 0 0 0 0 0 0 0 0 0 0 0 0 0 0 0 0 0 0 0 0 0 0 0 0 0 0 0 0 0 0 0 0 0 0 0 0 0 0 0 0 0 0 0 0 0 0 0 0 0 0 0 0 0 0 0 0 0 0 0 0 0 0 0 0 0 0 0 0 0 0 0 0 0 0 0 0 0 0 0 0 0 0 0 0 0 0 0 0 0 0 0 0 0 0 0 0 0 0 0 0 0 0 0 0 0 0 0 0 0 0 0 0 0 0 0 0 0 0 0 0 0 0 0 0 0 0 0 0 0 0 0 0 0 0 0 0 0 0 0 0 0 0 0 0 0 0 0 0 0 0 0 0 0 0 0 0 0 0 0 0 0 0 0 0 0 0 0 0 0 0 0 0 0 0 0 0 0 0 0 0 0 0 0 0 0 0 0 0 0 0 0 0 0 0 0 0 0 0 0 0 0 0 0 0 0 0 0 0 0 0 0 0 0 0 0 0 0 0 0 0 0 0 0 0 0 0 0 0 0 0 0 0 0 0 0 0 0 0 0 0 0 0 0 0 0 0 0 0 0 0 0 0 0 0 0 0 0 0 0 0 0 0 0 0 0 0 0 0 0 0 0 0 0 0 0 0 0 0 0 0 0 0 0 0 0 0 0 0 0 0 0 0 0 0 0 0 0 0 0 0 0 0 0 0 0 0 0 0 0 0 0 0 0 0 0 0 0 0 0 0 0 0 0 0 0 0 0 0 0 0 0 0 0 0 0 0 0 0 0 0 0 0 0 0 0 0 0 0 0 0 0 0 0 0 0 0 0 0 0 0 0 0 0 0 0 0 0 0 0 0 0 0 0 0 0 0 0 0 0 0 0 0 0 0 0 0 0 0 0 0 0 0 0 0 0 0 0 0 0 0 0 0 0 0 0 0 0 0 0 0 0 0 0 0 0 0 0 0 0 0 0 0 0 0 0 0 0 0 0 0 0 0 0 0 0 0 0 0 0 0 0 0 0 0 0 0 0 0 0 0 0 0 0 0 0 0 0 0 0 0 0 0 0 0 0 0 0 0 0 0 0 0 0 0 0 0 0 0 0 0 0 0 0 0 0 0 0 0 0 0 0 0 0 0 0 0 0 0 0 0 0 0 0 0 0 0 0 0 0 0 0 0 0 0 0 0 0 0 0 0 0 0 0 0 0 0 0 0 0 0 0 0 0 0 0 0 0 0 0 0 0 0 0 0 0 0 0 0 0 0 0 0 0 0 0 0 0 0 0 0 0 0 0 0 0 0 0 0 0 0 0 0 0 0 0 0 0 0 0 0 0 0 0 0 0 0 0 0 0 0 0 0 0 0 0 0 0 0 0 0 0 0 0 0 0 0 0 0 0 0 0 0 0 0 0 0 0 0 0 0 0 0 0 0 0 0 0 0 0 0 0 0 0 0 0 0 0 0 0 0 0 0 0 0 0 0 0 0 0 0 0 0 0 0 0 0 0 0 0 0 0 0 0 0 0 0 0 0 0 0 0 0 0 0 0 0 0 0 0 0 0 0 0 0 0 0 0 0 0 0 0 0 0 0 0 0 0 0 0 0 0 0 0 0 0 0 0 0 0 0 0 0 0 0 0 0 0 0 0 0 0 0 0 0 0 0 0 0 0 0 0 0 0 0 0 0 0 0 0 0 0 0 0 0 0 0 0 0 0 0 0 0 0 0 0 0 0 0 0 0 0 0 0 0 0 0 0 0 0 0 0 0 0 0 0 0 0 0 0 0 0 0 0 0 0 0 0 0 0 0 0 0 0 0 0 0 0 0 0 0 0 0 0 0 0 0 0 0 0 0 0 0 0 0 0 0 0 0 0 0 0 0 0 0 0 0 0 0 0 0 0 0 0 0 0 0 0 0 0 0 0 0 0 0 0 0 0 0 0 0 0 0 0 0 0 0 0 0 0 0 0 0 0 0 0 0 0 0 0 0 0 0 0 0 0 0 0 0 0 0 0 0 0 0 0 0 0 0 0 0 0 0 0 0 0 0 0 0 0 0 0 0 0 0 0 0 0 0 0 0 0 0 0 0 0 0 0 0 0 0 0
ctxt 4961505444
btime 1790630938
processes 471647
procs_running 2
procs_blocked 0
softirq 4540126920 73526 10947076 2753129 132516645 414112 0 13559649 48317477 421 36577589
--
cpu  3215596 1407 1572579 41262486 119549 0 773641 0 0 0
cpu0 118356 27 44003 1293835 1994 0 24293 0 0 0
cpu1 122676 30 45419 1293064 2047 0 24378 0 0 0
cpu2 124076 30 45595 1292367 1754 0 24543 0 0 0
cpu3 180107 29 63270 1203136 1897 0 39187 0 0 0
cpu4 182605 33 62615 1202918 1637 0 39238 0 0 0
cpu5 130950 31 47505 1282874 1816 0 25587 0 0 0
cpu6 131684 28 47818 1282050 1619 0 26359 0 0 0
cpu7 139595 26 51378 1268295 1383 0 29218 0 0 0
cpu8 40683 49 42817 1348033 4230 0 13300 0 0 0
cpu9 46414 55 45863 1326222 6595 0 14458 0 0 0
cpu10 44226 54 44299 1334022 4606 0 14294 0 0 0
cpu11 40526 50 40305 1353071 3532 0 12730 0 0 0
cpu12 78246 130 49393 1287920 8395 0 15593 0 0 0
cpu13 74954 60 50300 1287769 8854 0 15918 0 0 0
cpu14 40287 49 39658 1356290 3559 0 12447 0 0 0
cpu15 37536 51 36407 1369225 3550 0 11309 0 0 0
cpu16 159601 24 55590 1239407 2082 0 33063 0 0 0
cpu17 149607 24 53770 1251338 3193 0 31515 0 0 0
cpu18 143899 24 52681 1260371 2047 0 30781 0 0 0
cpu19 230098 24 74879 1133164 1626 0 48999 0 0 0
cpu20 208251 23 71059 1160862 2330 0 46832 0 0 0
cpu21 138781 26 51516 1266025 2951 0 29962 0 0 0
cpu22 131283 30 49697 1277001 2363 0 28211 0 0 0
cpu23 114364 29 44125 1305651 2194 0 23539 0 0 0
cpu24 43438 52 41052 1351989 4337 0 13421 0 0 0
cpu25 48535 55 45848 1328613 6099 0 15842 0 0 0
cpu26 46490 51 44754 1334641 5318 0 15403 0 0 0
cpu27 39283 39 39824 1343911 4456 0 21296 0 0 0
cpu28 72357 74 53119 1274708 7430 0 28343 0 0 0
cpu29 75992 113 55049 1263966 8032 0 28859 0 0 0
cpu30 38751 36 41340 1337204 4105 0 21272 0 0 0
cpu31 41931 37 41615 1352529 3502 0 13436 0 0 0
intr 3145167784 126 0 0 0 0 0 0 0 0 1 0 0 0 0 0 0 0 0 0 0 0 0 0 0 0 0 0 1 1 1 0 0 0 0 1 0 1 0 0 75045 0 0 0 0 0 0 0 0 411 0 0 0 0 0 0 0 0 87 0 0 0 0 0 0 0 0 0 0 0 0 0 0 0 395770 2 35047149 34988264 34906474 35045539 0 12368 4948 5613 4631 4506 4934 4812 5486 3785 20998 30466 20977 16384 26116 27172 17794 14173 5979 5708 5325 4037 5613 6605 6019 4663 17864 20116 17763 15901 19329 19936 13241 15020 0 0 0 0 617013 4291 1036 0 264 0 0 0 0 0 0 0 0 0 0 0 0 0 0 0 0 0 0 0 0 0 0 0 0 0 0 0 0 0 0 0 0 0 0 0 0 0 0 0 0 0 0 0 0 0 0 0 0 0 0 0 0 0 0 0 0 0 0 0 0 0 0 0 0 0 0 0 0 0 0 0 0 0 0 0 0 0 0 0 0 0 0 0 0 0 0 0 0 0 0 0 0 0 0 0 0 0 0 0 0 0 0 0 0 0 0 0 0 0 0 0 0 0 0 0 0 0 0 0 0 0 0 0 0 0 0 0 0 0 0 0 0 0 0 0 0 0 0 0 0 0 0 0 0 0 0 0 0 0 0 0 0 0 0 0 0 0 0 0 0 0 0 0 0 0 0 0 0 0 0 0 0 0 0 0 0 0 0 0 0 0 0 0 0 0 0 0 0 0 0 0 0 0 0 0 0 0 0 0 0 0 0 0 0 0 0 0 0 0 0 0 0 0 0 0 0 0 0 0 0 0 0 0 0 0 0 0 0 0 0 0 0 0 0 0 0 0 0 0 0 0 0 0 0 0 0 0 0 0 0 0 0 0 0 0 0 0 0 0 0 0 0 0 0 0 0 0 0 0 0 0 0 0 0 0 0 0 0 0 0 0 0 0 0 0 0 0 0 0 0 0 0 0 0 0 0 0 0 0 0 0 0 0 0 0 0 0 0 0 0 0 0 0 0 0 0 0 0 0 0 0 0 0 0 0 0 0 0 0 0 0 0 0 0 0 0 0 0 0 0 0 0 0 0 0 0 0 0 0 0 0 0 0 0 0 0 0 0 0 0 0 0 0 0 0 0 0 0 0 0 0 0 0 0 0 0 0 0 0 0 0 0 0 0 0 0 0 0 0 0 0 0 0 0 0 0 0 0 0 0 0 0 0 0 0 0 0 0 0 0 0 0 0 0 0 0 0 0 0 0 0 0 0 0 0 0 0 0 0 0 0 0 0 0 0 0 0 0 0 0 0 0 0 0 0 0 0 0 0 0 0 0 0 0 0 0 0 0 0 0 0 0 0 0 0 0 0 0 0 0 0 0 0 0 0 0 0 0 0 0 0 0 0 0 0 0 0 0 0 0 0 0 0 0 0 0 0 0 0 0 0 0 0 0 0 0 0 0 0 0 0 0 0 0 0 0 0 0 0 0 0 0 0 0 0 0 0 0 0 0 0 0 0 0 0 0 0 0 0 0 0 0 0 0 0 0 0 0 0 0 0 0 0 0 0 0 0 0 0 0 0 0 0 0 0 0 0 0 0 0 0 0 0 0 0 0 0 0 0 0 0 0 0 0 0 0 0 0 0 0 0 0 0 0 0 0 0 0 0 0 0 0 0 0 0 0 0 0 0 0 0 0 0 0 0 0 0 0 0 0 0 0 0 0 0 0 0 0 0 0 0 0 0 0 0 0 0 0 0 0 0 0 0 0 0 0 0 0 0 0 0 0 0 0 0 0 0 0 0 0 0 0 0 0 0 0 0 0 0 0 0 0 0 0 0 0 0 0 0 0 0 0 0 0 0 0 0 0 0 0 0 0 0 0 0 0 0 0 0 0 0 0 0 0 0 0 0 0 0 0 0 0 0 0 0 0 0 0 0 0 0 0 0 0 0 0 0 0 0 0 0 0 0 0 0 0 0 0 0 0 0 0 0 0 0 0 0 0 0 0 0 0 0 0 0 0 0 0 0 0 0 0 0 0 0 0 0 0 0 0 0 0 0 0 0 0 0 0 0 0 0 0 0 0 0 0 0 0 0 0 0 0 0 0 0 0 0 0 0 0 0 0 0 0 0 0 0 0 0 0 0 0 0 0 0 0 0 0 0 0 0 0 0 0 0 0 0 0 0 0 0 0 0 0 0 0 0 0 0 0 0 0 0 0 0 0 0 0 0 0 0 0 0 0 0 0 0 0 0 0 0 0 0 0 0 0 0 0 0 0 0 0 0 0 0 0 0 0 0 0 0 0 0 0 0 0 0 0 0 0 0 0 0 0 0 0 0 0 0 0 0 0 0 0 0 0 0 0 0 0 0 0 0 0 0 0 0 0 0 0 0 0 0 0 0 0 0 0 0 0 0 0 0 0 0 0 0 0 0 0 0 0 0 0 0 0 0 0 0 0 0 0 0 0 0 0 0 0 0 0 0 0 0 0 0 0 0 0 0 0 0 0 0 0 0 0 0 0 0 0 0 0 0 0 0 0 0 0 0 0 0 0 0 0 0 0 0 0 0 0 0 0 0 0 0 0 0 0 0 0 0 0 0 0 0 0 0 0 0 0 0 0 0 0 0 0 0 0 0 0 0 0 0 0 0 0 0 0 0 0 0 0 0 0 0 0 0 0 0 0 0 0 0 0 0 0 0 0 0 0 0 0 0 0 0 0 0 0 0 0 0 0 0 0 0 0 0 0 0 0 0 0 0 0 0 0 0 0 0 0 0 0 0 0 0 0 0 0 0 0 0 0
ctxt 4961637143
btime 1790630938
processes 471717
procs_running 1
procs_blocked 0
softirq 4540148592 73526 10950997 2753129 132520122 414252 0 13559649 48325161 421 36584039
