Running 10s test @ http://127.0.0.1:18500/usleep?ms=10
  16 threads and 1000 connections
  Thread Stats   Avg      Stdev     Max   +/- Stdev
    Latency    11.09ms  676.70us  15.53ms   68.10%
    Req/Sec     5.61k   121.33     6.14k    73.99%
  Latency Distribution
     50%   11.03ms
     75%   11.52ms
     90%   12.01ms
     99%   12.80ms
  895554 requests in 10.10s, 147.75MB read
Requests/sec:  88669.66
Transfer/sec:     14.63MB
## server-stat
cpu  3273670 1469 1589108 43512740 216161 0 778640 0 0 0
cpu0 119844 27 44420 1365945 3396 0 24567 0 0 0
cpu1 123633 32 45800 1365706 3915 0 24499 0 0 0
cpu2 124782 31 45936 1365352 3661 0 24635 0 0 0
cpu3 189177 30 65125 1266602 2639 0 40024 0 0 0
cpu4 190208 35 64068 1267458 3199 0 40160 0 0 0
cpu5 131618 33 47843 1355804 3848 0 25663 0 0 0
cpu6 132191 30 48136 1355256 3620 0 26430 0 0 0
cpu7 140032 27 51671 1341818 3212 0 29272 0 0 0
cpu8 40856 51 43061 1419975 7661 0 13323 0 0 0
cpu9 46736 57 46163 1397210 10269 0 14495 0 0 0
cpu10 44448 57 44580 1405227 8288 0 14322 0 0 0
cpu11 40680 53 40548 1424662 7215 0 12750 0 0 0
cpu12 79732 132 49817 1357011 12310 0 15653 0 0 0
cpu13 76398 64 50764 1356589 12981 0 15982 0 0 0
cpu14 40471 52 39929 1427879 6953 0 12476 0 0 0
cpu15 37658 54 36657 1441251 6859 0 11332 0 0 0
cpu16 160787 25 55983 1311303 4591 0 33145 0 0 0
cpu17 150421 25 54140 1323232 6068 0 31595 0 0 0
cpu18 144530 25 53035 1332429 4978 0 30858 0 0 0
cpu19 245282 25 77407 1189426 2748 0 49945 0 0 0
cpu20 218140 24 72554 1222655 4547 0 47529 0 0 0
cpu21 139385 28 51896 1338073 5919 0 30036 0 0 0
cpu22 131769 31 50043 1349503 5080 0 28274 0 0 0
cpu23 114795 30 44437 1378595 4600 0 23584 0 0 0
cpu24 43658 55 41338 1423114 8558 0 13440 0 0 0
cpu25 48801 58 46152 1399293 10563 0 15869 0 0 0
cpu26 46725 53 45048 1405447 9814 0 15428 0 0 0
cpu27 39472 41 40099 1415364 8559 0 21316 0 0 0
cpu28 73243 77 53497 1344182 12185 0 28383 0 0 0
cpu29 77176 114 55457 1333142 12707 0 28904 0 0 0
cpu30 38910 38 41611 1408947 7814 0 21290 0 0 0
cpu31 42099 39 41877 1424275 7391 0 13447 0 0 0
intr 3187779532 126 0 0 0 0 0 0 0 0 1 0 0 0 0 0 0 0 0 0 0 0 0 0 0 0 0 0 1 1 1 0 0 0 0 1 0 1 0 0 75045 0 0 0 0 0 0 0 0 411 0 0 0 0 0 0 0 0 87 0 0 0 0 0 0 0 0 0 0 0 0 0 0 0 424582 2 35050590 34990597 34908634 35048091 0 12977 7787 8588 7687 5948 7005 7958 8511 6485 27798 39027 29370 23516 35878 35556 23405 19826 9869 10398 9892 5363 8843 10895 10094 8665 25442 29989 27803 22959 31183 32725 20303 22082 0 0 0 0 617065 4359 1036 0 264 0 0 0 0 0 0 0 0 0 0 0 0 0 0 0 0 0 0 0 0 0 0 0 0 0 0 0 0 0 0 0 0 0 0 0 0 0 0 0 0 0 0 0 0 0 0 0 0 0 0 0 0 0 0 0 0 0 0 0 0 0 0 0 0 0 0 0 0 0 0 0 0 0 0 0 0 0 0 0 0 0 0 0 0 0 0 0 0 0 0 0 0 0 0 0 0 0 0 0 0 0 0 0 0 0 0 0 0 0 0 0 0 0 0 0 0 0 0 0 0 0 0 0 0 0 0 0 0 0 0 0 0 0 0 0 0 0 0 0 0 0 0 0 0 0 0 0 0 0 0 0 0 0 0 0 0 0 0 0 0 0 0 0 0 0 0 0 0 0 0 0 0 0 0 0 0 0 0 0 0 0 0 0 0 0 0 0 0 0 0 0 0 0 0 0 0 0 0 0 0 0 0 0 0 0 0 0 0 0 0 0 0 0 0 0 0 0 0 0 0 0 0 0 0 0 0 0 0 0 0 0 0 0 0 0 0 0 0 0 0 0 0 0 0 0 0 0 0 0 0 0 0 0 0 0 0 0 0 0 0 0 0 0 0 0 0 0 0 0 0 0 0 0 0 0 0 0 0 0 0 0 0 0 0 0 0 0 0 0 0 0 0 0 0 0 0 0 0 0 0 0 0 0 0 0 0 0 0 0 0 0 0 0 0 0 0 0 0 0 0 0 0 0 0 0 0 0 0 0 0 0 0 0 0 0 0 0 0 0 0 0 0 0 0 0 0 0 0 0 0 0 0 0 0 0 0 0 0 0 0 0 0 0 0 0 0 0 0 0 0 0 0 0 0 0 0 0 0 0 0 0 0 0 0 0 0 0 0 0 0 0 0 0 0 0 0 0 0 0 0 0 0 0 0 0 0 0 0 0 0 0 0 0 0 0 0 0 0 0 0 0 0 0 0 0 0 0 0 0 0 0 0 0 0 0 0 0 0 0 0 0 0 0 0 0 0 0 0 0 0 0 0 0 0 0 0 0 0 0 0 0 0 0 0 0 0 0 0 0 0 0 0 0 0 0 0 0 0 0 0 0 0 0 0 0 0 0 0 0 0 0 0 0 0 0 0 0 0 0 0 0 0 0 0 0 0 0 0 0 0 0 0 0 0 0 0 0 0 0 0 0 0 0 0 0 0 0 0 0 0 0 0 0 0 0 0 0 0 0 0 0 0 0 0 0 0 0 0 0 0 0 0 0 0 0 0 0 0 0 0 0 0 0 0 0 0 0 0 0 0 0 0 0 0 0 0 0 0 0 0 0 0 0 0 0 0 0 0 0 0 0 0 0 0 0 0 0 0 0 0 0 0 0 0 0 0 0 0 0 0 0 0 0 0 0 0 0 0 0 0 0 0 0 0 0 0 0 0 0 0 0 0 0 0 0 0 0 0 0 0 0 0 0 0 0 0 0 0 0 0 0 0 0 0 0 0 0 0 0 0 0 0 0 0 0 0 0 0 0 0 0 0 0 0 0 0 0 0 0 0 0 0 0 0 0 0 0 0 0 0 0 0 0 0 0 0 0 0 0 0 0 0 0 0 0 0 0 0 0 0 0 0 0 0 0 0 0 0 0 0 0 0 0 0 0 0 0 0 0 0 0 0 0 0 0 0 0 0 0 0 0 0 0 0 0 0 0 0 0 0 0 0 0 0 0 0 0 0 0 0 0 0 0 0 0 0 0 0 0 0 0 0 0 0 0 0 0 0 0 0 0 0 0 0 0 0 0 0 0 0 0 0 0 0 0 0 0 0 0 0 0 0 0 0 0 0 0 0 0 0 0 0 0 0 0 0 0 0 0 0 0 0 0 0 0 0 0 0 0 0 0 0 0 0 0 0 0 0 0 0 0 0 0 0 0 0 0 0 0 0 0 0 0 0 0 0 0 0 0 0 0 0 0 0 0 0 0 0 0 0 0 0 0 0 0 0 0 0 0 0 0 0 0 0 0 0 0 0 0 0 0 0 0 0 0 0 0 0 0 0 0 0 0 0 0 0 0 0 0 0 0 0 0 0 0 0 0 0 0 0 0 0 0 0 0 0 0 0 0 0 0 0 0 0 0 0 0 0 0 0 0 0 0 0 0 0 0 0 0 0 0 0 0 0 0 0 0 0 0 0 0 0 0 0 0 0 0 0 0 0 0 0 0 0 0 0 0 0 0 0 0 0 0 0 0 0 0 0 0 0 0 0 0 0 0 0 0 0 0 0 0 0 0 0 0 0 0 0 0 0 0 0 0 0 0 0 0 0 0 0 0 0 0 0 0 0 0 0 0 0 0 0 0 0 0 0 0 0 0 0 0 0 0 0 0 0 0 0 0 0 0 0 0 0 0 0 0 0 0 0 0 0 0 0 0 0 0 0 0 0 0 0 0 0 0 0 0 0 0 0 0 0 0 0 0 0 0 0 0 0 0 0 0 0 0 0 0 0 0 0 0 0
ctxt 5037368742
btime 1790630938
processes 575905
procs_running 4
procs_blocked 0
softirq 4580499126 73526 11367775 2753147 169496000 444056 0 13559808 49405885 421 38431212
--
cpu  3274158 1470 1589342 43536883 216192 0 778844 0 0 0
cpu0 119857 27 44425 1366713 3396 0 24572 0 0 0
cpu1 123641 32 45803 1366491 3915 0 24501 0 0 0
cpu2 124786 31 45937 1366145 3661 0 24636 0 0 0
cpu3 189331 30 65196 1267103 2639 0 40083 0 0 0
cpu4 190387 35 64147 1267928 3199 0 40232 0 0 0
cpu5 131622 33 47844 1356597 3848 0 25664 0 0 0
cpu6 132192 30 48137 1356054 3620 0 26430 0 0 0
cpu7 140032 27 51672 1342616 3212 0 29272 0 0 0
cpu8 40859 51 43063 1420748 7661 0 13324 0 0 0
cpu9 46740 57 46164 1397970 10269 0 14497 0 0 0
cpu10 44450 57 44582 1405973 8303 0 14324 0 0 0
cpu11 40682 53 40550 1425426 7215 0 12751 0 0 0
cpu12 79739 132 49821 1357761 12310 0 15656 0 0 0
cpu13 76412 64 50769 1357334 12981 0 15986 0 0 0
cpu14 40472 52 39932 1428642 6953 0 12478 0 0 0
cpu15 37660 55 36661 1442007 6872 0 11333 0 0 0
cpu16 160787 25 55984 1312101 4591 0 33145 0 0 0
cpu17 150422 25 54140 1324030 6068 0 31596 0 0 0
cpu18 144531 25 53035 1333228 4978 0 30858 0 0 0
cpu19 245350 25 77439 1190092 2748 0 49975 0 0 0
cpu20 218143 24 72555 1223448 4547 0 47530 0 0 0
cpu21 139385 28 51896 1338872 5919 0 30036 0 0 0
cpu22 131769 31 50043 1350301 5080 0 28274 0 0 0
cpu23 114795 30 44438 1379392 4601 0 23584 0 0 0
cpu24 43659 55 41339 1423882 8558 0 13442 0 0 0
cpu25 48802 58 46153 1400055 10563 0 15871 0 0 0
cpu26 46726 53 45050 1406213 9814 0 15431 0 0 0
cpu27 39472 41 40101 1416135 8559 0 21317 0 0 0
cpu28 73252 77 53501 1344939 12185 0 28386 0 0 0
cpu29 77179 114 55461 1333899 12707 0 28906 0 0 0
cpu30 38911 38 41612 1409717 7815 0 21291 0 0 0
cpu31 42099 39 41878 1425055 7391 0 13448 0 0 0
intr 3188557032 126 0 0 0 0 0 0 0 0 1 0 0 0 0 0 0 0 0 0 0 0 0 0 0 0 0 0 1 1 1 0 0 0 0 1 0 1 0 0 75045 0 0 0 0 0 0 0 0 411 0 0 0 0 0 0 0 0 87 0 0 0 0 0 0 0 0 0 0 0 0 0 0 0 424813 2 35050634 34990607 34908636 35048120 0 12985 7787 8588 7687 5948 7006 7958 8511 6485 27798 39027 29370 23516 35878 35556 23405 19826 9869 10398 9892 5363 8844 10895 10094 8671 25442 29989 27803 22959 31183 32725 20303 22082 0 0 0 0 617065 4359 1036 0 264 0 0 0 0 0 0 0 0 0 0 0 0 0 0 0 0 0 0 0 0 0 0 0 0 0 0 0 0 0 0 0 0 0 0 0 0 0 0 0 0 0 0 0 0 0 0 0 0 0 0 0 0 0 0 0 0 0 0 0 0 0 0 0 0 0 0 0 0 0 0 0 0 0 0 0 0 0 0 0 0 0 0 0 0 0 0 0 0 0 0 0 0 0 0 0 0 0 0 0 0 0 0 0 0 0 0 0 0 0 0 0 0 0 0 0 0 0 0 0 0 0 0 0 0 0 0 0 0 0 0 0 0 0 0 0 0 0 0 0 0 0 0 0 0 0 0 0 0 0 0 0 0 0 0 0 0 0 0 0 0 0 0 0 0 0 0 0 0 0 0 0 0 0 0 0 0 0 0 0 0 0 0 0 0 0 0 0 0 0 0 0 0 0 0 0 0 0 0 0 0 0 0 0 0 0 0 0 0 0 0 0 0 0 0 0 0 0 0 0 0 0 0 0 0 0 0 0 0 0 0 0 0 0 0 0 0 0 0 0 0 0 0 0 0 0 0 0 0 0 0 0 0 0 0 0 0 0 0 0 0 0 0 0 0 0 0 0 0 0 0 0 0 0 0 0 0 0 0 0 0 0 0 0 0 0 0 0 0 0 0 0 0 0 0 0 0 0 0 0 0 0 0 0 0 0 0 0 0 0 0 0 0 0 0 0 0 0 0 0 0 0 0 0 0 0 0 0 0 0 0 0 0 0 0 0 0 0 0 0 0 0 0 0 0 0 0 0 0 0 0 0 0 0 0 0 0 0 0 0 0 0 0 0 0 0 0 0 0 0 0 0 0 0 0 0 0 0 0 0 0 0 0 0 0 0 0 0 0 0 0 0 0 0 0 0 0 0 0 0 0 0 0 0 0 0 0 0 0 0 0 0 0 0 0 0 0 0 0 0 0 0 0 0 0 0 0 0 0 0 0 0 0 0 0 0 0 0 0 0 0 0 0 0 0 0 0 0 0 0 0 0 0 0 0 0 0 0 0 0 0 0 0 0 0 0 0 0 0 0 0 0 0 0 0 0 0 0 0 0 0 0 0 0 0 0 0 0 0 0 0 0 0 0 0 0 0 0 0 0 0 0 0 0 0 0 0 0 0 0 0 0 0 0 0 0 0 0 0 0 0 0 0 0 0 0 0 0 0 0 0 0 0 0 0 0 0 0 0 0 0 0 0 0 0 0 0 0 0 0 0 0 0 0 0 0 0 0 0 0 0 0 0 0 0 0 0 0 0 0 0 0 0 0 0 0 0 0 0 0 0 0 0 0 0 0 0 0 0 0 0 0 0 0 0 0 0 0 0 0 0 0 0 0 0 0 0 0 0 0 0 0 0 0 0 0 0 0 0 0 0 0 0 0 0 0 0 0 0 0 0 0 0 0 0 0 0 0 0 0 0 0 0 0 0 0 0 0 0 0 0 0 0 0 0 0 0 0 0 0 0 0 0 0 0 0 0 0 0 0 0 0 0 0 0 0 0 0 0 0 0 0 0 0 0 0 0 0 0 0 0 0 0 0 0 0 0 0 0 0 0 0 0 0 0 0 0 0 0 0 0 0 0 0 0 0 0 0 0 0 0 0 0 0 0 0 0 0 0 0 0 0 0 0 0 0 0 0 0 0 0 0 0 0 0 0 0 0 0 0 0 0 0 0 0 0 0 0 0 0 0 0 0 0 0 0 0 0 0 0 0 0 0 0 0 0 0 0 0 0 0 0 0 0 0 0 0 0 0 0 0 0 0 0 0 0 0 0 0 0 0 0 0 0 0 0 0 0 0 0 0 0 0 0 0 0 0 0 0 0 0 0 0 0 0 0 0 0 0 0 0 0 0 0 0 0 0 0 0 0 0 0 0 0 0 0 0 0 0 0 0 0 0 0 0 0 0 0 0 0 0 0 0 0 0 0 0 0 0 0 0 0 0 0 0 0 0 0 0 0 0 0 0 0 0 0 0 0 0 0 0 0 0 0 0 0 0 0 0 0 0 0 0 0 0 0 0 0 0 0 0 0 0 0 0 0 0 0 0 0 0 0 0 0 0 0 0 0 0 0 0 0 0 0 0 0 0 0 0 0 0 0 0 0 0 0 0 0 0 0 0 0 0 0 0 0 0 0 0 0 0 0 0 0 0 0 0 0 0 0 0 0 0 0 0 0 0 0 0 0 0 0 0 0 0 0 0 0 0 0 0 0 0 0 0 0 0 0 0 0 0 0 0 0 0 0 0 0 0 0 0 0 0 0 0 0 0 0 0 0 0 0 0 0 0 0 0 0 0 0 0 0 0 0 0 0 0 0 0 0 0 0 0 0 0 0 0 0 0 0 0 0 0 0 0 0 0 0 0 0 0 0 0 0 0 0 0 0 0 0 0 0 0 0 0 0 0 0 0 0 0 0 0 0 0 0 0 0 0 0 0 0 0 0 0 0 0 0 0 0 0 0 0
ctxt 5038826589
btime 1790630938
processes 575996
procs_running 4
procs_blocked 0
softirq 4581956803 73526 11371357 2753147 170927320 444303 0 13559808 49418976 421 38440649
