Running 10s test @ http://127.0.0.1:18500/json
  16 threads and 32 connections
  Thread Stats   Avg      Stdev     Max   +/- Stdev
    Latency   227.53us   59.36us   2.99ms   71.07%
    Req/Sec     8.82k     1.57k   11.97k    50.00%
  Latency Distribution
     50%  265.00us
     75%  284.00us
     90%  287.00us
     99%  292.00us
  1418002 requests in 10.10s, 213.67MB read
Requests/sec: 140399.28
Transfer/sec:     21.16MB
## server-stat
cpu  3274783 1470 1589573 43556460 216206 0 779035 0 0 0
cpu0 119858 27 44426 1367361 3396 0 24574 0 0 0
cpu1 123643 32 45804 1367145 3915 0 24501 0 0 0
cpu2 124787 31 45938 1366800 3661 0 24637 0 0 0
cpu3 189448 30 65236 1267572 2639 0 40114 0 0 0
cpu4 190499 35 64186 1268394 3199 0 40272 0 0 0
cpu5 131623 33 47845 1357253 3848 0 25664 0 0 0
cpu6 132192 30 48138 1356710 3620 0 26430 0 0 0
cpu7 140032 27 51672 1343273 3212 0 29272 0 0 0
cpu8 40860 52 43065 1421381 7661 0 13324 0 0 0
cpu9 46740 57 46167 1398587 10269 0 14499 0 0 0
cpu10 44451 57 44585 1406592 8303 0 14326 0 0 0
cpu11 40684 53 40552 1426057 7215 0 12752 0 0 0
cpu12 79742 132 49826 1358371 12310 0 15659 0 0 0
cpu13 76416 64 50774 1357938 12981 0 15990 0 0 0
cpu14 40474 52 39934 1429270 6953 0 12479 0 0 0
cpu15 37661 55 36663 1442633 6872 0 11334 0 0 0
cpu16 160787 25 55984 1312757 4592 0 33145 0 0 0
cpu17 150425 25 54140 1324684 6068 0 31596 0 0 0
cpu18 144531 25 53035 1333884 4978 0 30859 0 0 0
cpu19 245518 25 77496 1190472 2748 0 50027 0 0 0
cpu20 218311 24 72605 1223842 4547 0 47576 0 0 0
cpu21 139386 28 51896 1339529 5919 0 30036 0 0 0
cpu22 131769 31 50043 1350958 5080 0 28274 0 0 0
cpu23 114796 30 44438 1380049 4601 0 23584 0 0 0
cpu24 43659 55 41340 1424511 8558 0 13443 0 0 0
cpu25 48804 58 46156 1400682 10563 0 15872 0 0 0
cpu26 46727 53 45052 1406837 9814 0 15433 0 0 0
cpu27 39472 41 40101 1416777 8559 0 21318 0 0 0
cpu28 73256 77 53504 1345559 12185 0 28387 0 0 0
cpu29 77206 114 55464 1334514 12707 0 28907 0 0 0
cpu30 38912 38 41613 1410350 7826 0 21291 0 0 0
cpu31 42100 39 41879 1425704 7391 0 13449 0 0 0
intr 3189274236 126 0 0 0 0 0 0 0 0 1 0 0 0 0 0 0 0 0 0 0 0 0 0 0 0 0 0 1 1 1 0 0 0 0 1 0 1 0 0 75045 0 0 0 0 0 0 0 0 411 0 0 0 0 0 0 0 0 87 0 0 0 0 0 0 0 0 0 0 0 0 0 0 0 424955 2 35050685 34990618 34908643 35048145 0 12989 7788 8588 7687 5948 7006 7958 8511 6485 27798 39027 29376 23516 35878 35558 23405 19827 9869 10398 9892 5363 8844 10895 10094 8674 25442 29989 27807 22959 31183 32725 20303 22082 0 0 0 0 617065 4359 1036 0 264 0 0 0 0 0 0 0 0 0 0 0 0 0 0 0 0 0 0 0 0 0 0 0 0 0 0 0 0 0 0 0 0 0 0 0 0 0 0 0 0 0 0 0 0 0 0 0 0 0 0 0 0 0 0 0 0 0 0 0 0 0 0 0 0 0 0 0 0 0 0 0 0 0 0 0 0 0 0 0 0 0 0 0 0 0 0 0 0 0 0 0 0 0 0 0 0 0 0 0 0 0 0 0 0 0 0 0 0 0 0 0 0 0 0 0 0 0 0 0 0 0 0 0 0 0 0 0 0 0 0 0 0 0 0 0 0 0 0 0 0 0 0 0 0 0 0 0 0 0 0 0 0 0 0 0 0 0 0 0 0 0 0 0 0 0 0 0 0 0 0 0 0 0 0 0 0 0 0 0 0 0 0 0 0 0 0 0 0 0 0 0 0 0 0 0 0 0 0 0 0 0 0 0 0 0 0 0 0 0 0 0 0 0 0 0 0 0 0 0 0 0 0 0 0 0 0 0 0 0 0 0 0 0 0 0 0 0 0 0 0 0 0 0 0 0 0 0 0 0 0 0 0 0 0 0 0 0 0 0 0 0 0 0 0 0 0 0 0 0 0 0 0 0 0 0 0 0 0 0 0 0 0 0 0 0 0 0 0 0 0 0 0 0 0 0 0 0 0 0 0 0 0 0 0 0 0 0 0 0 0 0 0 0 0 0 0 0 0 0 0 0 0 0 0 0 0 0 0 0 0 0 0 0 0 0 0 0 0 0 0 0 0 0 0 0 0 0 0 0 0 0 0 0 0 0 0 0 0 0 0 0 0 0 0 0 0 0 0 0 0 0 0 0 0 0 0 0 0 0 0 0 0 0 0 0 0 0 0 0 0 0 0 0 0 0 0 0 0 0 0 0 0 0 0 0 0 0 0 0 0 0 0 0 0 0 0 0 0 0 0 0 0 0 0 0 0 0 0 0 0 0 0 0 0 0 0 0 0 0 0 0 0 0 0 0 0 0 0 0 0 0 0 0 0 0 0 0 0 0 0 0 0 0 0 0 0 0 0 0 0 0 0 0 0 0 0 0 0 0 0 0 0 0 0 0 0 0 0 0 0 0 0 0 0 0 0 0 0 0 0 0 0 0 0 0 0 0 0 0 0 0 0 0 0 0 0 0 0 0 0 0 0 0 0 0 0 0 0 0 0 0 0 0 0 0 0 0 0 0 0 0 0 0 0 0 0 0 0 0 0 0 0 0 0 0 0 0 0 0 0 0 0 0 0 0 0 0 0 0 0 0 0 0 0 0 0 0 0 0 0 0 0 0 0 0 0 0 0 0 0 0 0 0 0 0 0 0 0 0 0 0 0 0 0 0 0 0 0 0 0 0 0 0 0 0 0 0 0 0 0 0 0 0 0 0 0 0 0 0 0 0 0 0 0 0 0 0 0 0 0 0 0 0 0 0 0 0 0 0 0 0 0 0 0 0 0 0 0 0 0 0 0 0 0 0 0 0 0 0 0 0 0 0 0 0 0 0 0 0 0 0 0 0 0 0 0 0 0 0 0 0 0 0 0 0 0 0 0 0 0 0 0 0 0 0 0 0 0 0 0 0 0 0 0 0 0 0 0 0 0 0 0 0 0 0 0 0 0 0 0 0 0 0 0 0 0 0 0 0 0 0 0 0 0 0 0 0 0 0 0 0 0 0 0 0 0 0 0 0 0 0 0 0 0 0 0 0 0 0 0 0 0 0 0 0 0 0 0 0 0 0 0 0 0 0 0 0 0 0 0 0 0 0 0 0 0 0 0 0 0 0 0 0 0 0 0 0 0 0 0 0 0 0 0 0 0 0 0 0 0 0 0 0 0 0 0 0 0 0 0 0 0 0 0 0 0 0 0 0 0 0 0 0 0 0 0 0 0 0 0 0 0 0 0 0 0 0 0 0 0 0 0 0 0 0 0 0 0 0 0 0 0 0 0 0 0 0 0 0 0 0 0 0 0 0 0 0 0 0 0 0 0 0 0 0 0 0 0 0 0 0 0 0 0 0 0 0 0 0 0 0 0 0 0 0 0 0 0 0 0 0 0 0 0 0 0 0 0 0 0 0 0 0 0 0 0 0 0 0 0 0 0 0 0 0 0 0 0 0 0 0 0 0 0 0 0 0 0 0 0 0 0 0 0 0 0 0 0 0 0 0 0 0 0 0 0 0 0 0 0 0 0 0 0 0 0 0 0 0 0 0 0 0 0 0 0 0 0 0 0 0 0 0 0 0 0 0 0 0 0 0 0 0 0 0 0 0 0 0 0 0 0 0 0 0 0 0 0 0 0 0 0 0 0 0 0 0 0 0 0 0 0 0 0 0 0 0 0 0 0 0 0 0 0 0 0 0 0 0 0 0 0 0 0 0 0 0 0 0 0 0 0 0 0 0 0 0 0 0 0 0 0 0 0 0 0 0 0 0 0 0 0 0 0 0 0 0 0 0 0 0 0
ctxt 5040179748
btime 1790630938
processes 576142
procs_running 3
procs_blocked 0
softirq 4583315327 73526 11373813 2753147 172266860 444451 0 13559808 49428038 421 38447967
--
cpu  3275822 1471 1589966 43579573 216219 0 779355 0 0 0
cpu0 119862 27 44428 1368142 3396 0 24575 0 0 0
cpu1 123644 32 45804 1367942 3915 0 24502 0 0 0
cpu2 124787 31 45938 1367598 3661 0 24637 0 0 0
cpu3 189862 30 65384 1267677 2639 0 40246 0 0 0
cpu4 190795 35 64291 1268702 3199 0 40363 0 0 0
cpu5 131623 33 47845 1358051 3848 0 25664 0 0 0
cpu6 132192 30 48138 1357508 3620 0 26430 0 0 0
cpu7 140033 27 51672 1344072 3212 0 29272 0 0 0
cpu8 40861 52 43067 1422148 7661 0 13326 0 0 0
cpu9 46748 57 46172 1399332 10269 0 14500 0 0 0
cpu10 44454 57 44587 1407340 8304 0 14326 0 0 0
cpu11 40687 53 40553 1426813 7215 0 12752 0 0 0
cpu12 79748 132 49831 1359096 12317 0 15661 0 0 0
cpu13 76423 64 50780 1358660 12981 0 15995 0 0 0
cpu14 40476 53 39938 1430016 6953 0 12481 0 0 0
cpu15 37664 55 36665 1443382 6872 0 11336 0 0 0
cpu16 160788 25 55984 1313555 4592 0 33145 0 0 0
cpu17 150425 25 54141 1325482 6068 0 31596 0 0 0
cpu18 144532 25 53035 1334682 4978 0 30859 0 0 0
cpu19 245581 25 77518 1191168 2748 0 50045 0 0 0
cpu20 218494 24 72673 1224340 4547 0 47627 0 0 0
cpu21 139386 28 51896 1340327 5919 0 30036 0 0 0
cpu22 131770 31 50044 1351756 5080 0 28274 0 0 0
cpu23 114796 30 44438 1380847 4601 0 23584 0 0 0
cpu24 43661 55 41343 1425258 8558 0 13444 0 0 0
cpu25 48807 58 46158 1401421 10564 0 15873 0 0 0
cpu26 46729 53 45054 1407579 9814 0 15435 0 0 0
cpu27 39475 41 40103 1417535 8559 0 21319 0 0 0
cpu28 73270 77 53507 1346291 12189 0 28389 0 0 0
cpu29 77224 114 55468 1335254 12707 0 28909 0 0 0
cpu30 38914 38 41615 1411110 7827 0 21292 0 0 0
cpu31 42102 39 41881 1426474 7391 0 13449 0 0 0
intr 3190448086 126 0 0 0 0 0 0 0 0 1 0 0 0 0 0 0 0 0 0 0 0 0 0 0 0 0 0 1 1 1 0 0 0 0 1 0 1 0 0 75045 0 0 0 0 0 0 0 0 411 0 0 0 0 0 0 0 0 87 0 0 0 0 0 0 0 0 0 0 0 0 0 0 0 425087 2 35050731 34990624 34908647 35048166 0 12997 7788 8588 7687 5948 7006 7958 8511 6485 27798 39027 29377 23516 35878 35558 23405 19827 9869 10398 9892 5363 8844 10895 10094 8680 25442 29989 27807 22959 31184 32726 20303 22082 0 0 0 0 617065 4359 1036 0 264 0 0 0 0 0 0 0 0 0 0 0 0 0 0 0 0 0 0 0 0 0 0 0 0 0 0 0 0 0 0 0 0 0 0 0 0 0 0 0 0 0 0 0 0 0 0 0 0 0 0 0 0 0 0 0 0 0 0 0 0 0 0 0 0 0 0 0 0 0 0 0 0 0 0 0 0 0 0 0 0 0 0 0 0 0 0 0 0 0 0 0 0 0 0 0 0 0 0 0 0 0 0 0 0 0 0 0 0 0 0 0 0 0 0 0 0 0 0 0 0 0 0 0 0 0 0 0 0 0 0 0 0 0 0 0 0 0 0 0 0 0 0 0 0 0 0 0 0 0 0 0 0 0 0 0 0 0 0 0 0 0 0 0 0 0 0 0 0 0 0 0 0 0 0 0 0 0 0 0 0 0 0 0 0 0 0 0 0 0 0 0 0 0 0 0 0 0 0 0 0 0 0 0 0 0 0 0 0 0 0 0 0 0 0 0 0 0 0 0 0 0 0 0 0 0 0 0 0 0 0 0 0 0 0 0 0 0 0 0 0 0 0 0 0 0 0 0 0 0 0 0 0 0 0 0 0 0 0 0 0 0 0 0 0 0 0 0 0 0 0 0 0 0 0 0 0 0 0 0 0 0 0 0 0 0 0 0 0 0 0 0 0 0 0 0 0 0 0 0 0 0 0 0 0 0 0 0 0 0 0 0 0 0 0 0 0 0 0 0 0 0 0 0 0 0 0 0 0 0 0 0 0 0 0 0 0 0 0 0 0 0 0 0 0 0 0 0 0 0 0 0 0 0 0 0 0 0 0 0 0 0 0 0 0 0 0 0 0 0 0 0 0 0 0 0 0 0 0 0 0 0 0 0 0 0 0 0 0 0 0 0 0 0 0 0 0 0 0 0 0 0 0 0 0 0 0 0 0 0 0 0 0 0 0 0 0 0 0 0 0 0 0 0 0 0 0 0 0 0 0 0 0 0 0 0 0 0 0 0 0 0 0 0 0 0 0 0 0 0 0 0 0 0 0 0 0 0 0 0 0 0 0 0 0 0 0 0 0 0 0 0 0 0 0 0 0 0 0 0 0 0 0 0 0 0 0 0 0 0 0 0 0 0 0 0 0 0 0 0 0 0 0 0 0 0 0 0 0 0 0 0 0 0 0 0 0 0 0 0 0 0 0 0 0 0 0 0 0 0 0 0 0 0 0 0 0 0 0 0 0 0 0 0 0 0 0 0 0 0 0 0 0 0 0 0 0 0 0 0 0 0 0 0 0 0 0 0 0 0 0 0 0 0 0 0 0 0 0 0 0 0 0 0 0 0 0 0 0 0 0 0 0 0 0 0 0 0 0 0 0 0 0 0 0 0 0 0 0 0 0 0 0 0 0 0 0 0 0 0 0 0 0 0 0 0 0 0 0 0 0 0 0 0 0 0 0 0 0 0 0 0 0 0 0 0 0 0 0 0 0 0 0 0 0 0 0 0 0 0 0 0 0 0 0 0 0 0 0 0 0 0 0 0 0 0 0 0 0 0 0 0 0 0 0 0 0 0 0 0 0 0 0 0 0 0 0 0 0 0 0 0 0 0 0 0 0 0 0 0 0 0 0 0 0 0 0 0 0 0 0 0 0 0 0 0 0 0 0 0 0 0 0 0 0 0 0 0 0 0 0 0 0 0 0 0 0 0 0 0 0 0 0 0 0 0 0 0 0 0 0 0 0 0 0 0 0 0 0 0 0 0 0 0 0 0 0 0 0 0 0 0 0 0 0 0 0 0 0 0 0 0 0 0 0 0 0 0 0 0 0 0 0 0 0 0 0 0 0 0 0 0 0 0 0 0 0 0 0 0 0 0 0 0 0 0 0 0 0 0 0 0 0 0 0 0 0 0 0 0 0 0 0 0 0 0 0 0 0 0 0 0 0 0 0 0 0 0 0 0 0 0 0 0 0 0 0 0 0 0 0 0 0 0 0 0 0 0 0 0 0 0 0 0 0 0 0 0 0 0 0 0 0 0 0 0 0 0 0 0 0 0 0 0 0 0 0 0 0 0 0 0 0 0 0 0 0 0 0 0 0 0 0 0 0 0 0 0 0 0 0 0 0 0 0 0 0 0 0 0 0 0 0 0 0 0 0 0 0 0 0 0 0 0 0 0 0 0 0 0 0 0 0 0 0 0 0 0 0 0 0 0 0 0 0 0 0 0 0 0 0 0 0 0 0 0 0 0 0 0 0 0 0 0 0 0 0 0 0 0 0 0 0 0 0 0 0 0 0 0 0 0 0 0 0 0 0 0 0 0 0 0 0 0 0 0 0 0 0 0 0 0 0 0 0 0 0 0 0 0 0 0 0 0 0 0 0 0 0 0 0 0 0 0 0 0 0 0 0 0 0 0 0 0 0 0 0 0 0 0 0 0 0 0 0 0 0 0 0 0 0 0 0 0 0 0 0 0 0 0 0 0 0 0 0 0 0 0 0 0 0 0 0
ctxt 5042410765
btime 1790630938
processes 576218
procs_running 7
procs_blocked 0
softirq 4585587405 73526 11377095 2753147 174515404 444591 0 13559808 49439548 421 38456569
