Running 10s test @ http://127.0.0.1:18500/api/json
  16 threads and 128 connections
  Thread Stats   Avg      Stdev     Max   +/- Stdev
    Latency     5.94ms  184.71us   9.36ms   82.34%
    Req/Sec     1.35k    17.62     1.40k    66.81%
  Latency Distribution
     50%    5.90ms
     75%    5.99ms
     90%    6.19ms
     99%    6.43ms
  215372 requests in 10.01s, 49.91MB read
Requests/sec:  21525.56
Transfer/sec:      4.99MB
## server-stat
cpu  3388039 1529 1610556 45770841 263488 0 782474 0 0 0
cpu0 123322 28 44981 1437495 3708 0 24856 0 0 0
cpu1 126222 32 46293 1438569 4293 0 24622 0 0 0
cpu2 127756 32 46496 1437832 4062 0 24726 0 0 0
cpu3 200892 32 66832 1328522 3153 0 40549 0 0 0
cpu4 202383 36 65757 1329064 3700 0 40738 0 0 0
cpu5 134785 34 48443 1428043 4309 0 25743 0 0 0
cpu6 135203 31 48691 1427586 4240 0 26512 0 0 0
cpu7 142681 29 52156 1414239 4172 0 29347 0 0 0
cpu8 41066 55 43361 1493645 9801 0 13342 0 0 0
cpu9 47058 61 46487 1470279 12593 0 14526 0 0 0
cpu10 44692 61 44893 1478248 10790 0 14347 0 0 0
cpu11 40874 56 40838 1498054 9614 0 12768 0 0 0
cpu12 81424 136 50295 1428561 14544 0 15701 0 0 0
cpu13 78007 67 51248 1428043 15315 0 16046 0 0 0
cpu14 40694 56 40263 1501402 9084 0 12499 0 0 0
cpu15 37823 57 36957 1514817 9170 0 11350 0 0 0
cpu16 166514 26 56746 1381028 4868 0 33231 0 0 0
cpu17 156268 26 54960 1392771 6343 0 31690 0 0 0
cpu18 149408 26 53758 1402835 5452 0 30948 0 0 0
cpu19 265722 25 80095 1242049 2927 0 50555 0 0 0
cpu20 236749 25 74973 1277545 4731 0 48009 0 0 0
cpu21 143444 29 52541 1409167 6618 0 30121 0 0 0
cpu22 134653 32 50596 1421487 6180 0 28350 0 0 0
cpu23 116870 31 44918 1451334 5833 0 23644 0 0 0
cpu24 43931 58 41679 1496394 11052 0 13455 0 0 0
cpu25 49092 60 46500 1472552 13003 0 15888 0 0 0
cpu26 46999 55 45396 1478722 12303 0 15448 0 0 0
cpu27 39709 44 40435 1488810 11033 0 21328 0 0 0
cpu28 74289 78 53920 1415939 15229 0 28418 0 0 0
cpu29 78084 115 55874 1405191 15581 0 28942 0 0 0
cpu30 39103 40 41939 1482666 10055 0 21302 0 0 0
cpu31 42307 42 42221 1497935 9716 0 13457 0 0 0
intr 3217625064 126 0 0 0 0 0 0 0 0 1 0 0 0 0 0 0 0 0 0 0 0 0 0 0 0 0 0 1 1 1 0 0 0 0 1 0 1 0 0 75045 0 0 0 0 0 0 0 0 411 0 0 0 0 0 0 0 0 87 0 0 0 0 0 0 0 0 0 0 0 0 0 0 0 449853 2 35054296 34993377 34909865 35050654 0 13595 8351 9299 8800 6593 7843 9062 10587 7757 31180 42863 32356 26712 39679 38995 25915 22192 10377 10791 10501 5710 9315 11828 11699 10722 28239 33729 31083 25688 34717 36415 23284 24508 0 0 0 0 617117 4412 1036 0 264 0 0 0 0 0 0 0 0 0 0 0 0 0 0 0 0 0 0 0 0 0 0 0 0 0 0 0 0 0 0 0 0 0 0 0 0 0 0 0 0 0 0 0 0 0 0 0 0 0 0 0 0 0 0 0 0 0 0 0 0 0 0 0 0 0 0 0 0 0 0 0 0 0 0 0 0 0 0 0 0 0 0 0 0 0 0 0 0 0 0 0 0 0 0 0 0 0 0 0 0 0 0 0 0 0 0 0 0 0 0 0 0 0 0 0 0 0 0 0 0 0 0 0 0 0 0 0 0 0 0 0 0 0 0 0 0 0 0 0 0 0 0 0 0 0 0 0 0 0 0 0 0 0 0 0 0 0 0 0 0 0 0 0 0 0 0 0 0 0 0 0 0 0 0 0 0 0 0 0 0 0 0 0 0 0 0 0 0 0 0 0 0 0 0 0 0 0 0 0 0 0 0 0 0 0 0 0 0 0 0 0 0 0 0 0 0 0 0 0 0 0 0 0 0 0 0 0 0 0 0 0 0 0 0 0 0 0 0 0 0 0 0 0 0 0 0 0 0 0 0 0 0 0 0 0 0 0 0 0 0 0 0 0 0 0 0 0 0 0 0 0 0 0 0 0 0 0 0 0 0 0 0 0 0 0 0 0 0 0 0 0 0 0 0 0 0 0 0 0 0 0 0 0 0 0 0 0 0 0 0 0 0 0 0 0 0 0 0 0 0 0 0 0 0 0 0 0 0 0 0 0 0 0 0 0 0 0 0 0 0 0 0 0 0 0 0 0 0 0 0 0 0 0 0 0 0 0 0 0 0 0 0 0 0 0 0 0 0 0 0 0 0 0 0 0 0 0 0 0 0 0 0 0 0 0 0 0 0 0 0 0 0 0 0 0 0 0 0 0 0 0 0 0 0 0 0 0 0 0 0 0 0 0 0 0 0 0 0 0 0 0 0 0 0 0 0 0 0 0 0 0 0 0 0 0 0 0 0 0 0 0 0 0 0 0 0 0 0 0 0 0 0 0 0 0 0 0 0 0 0 0 0 0 0 0 0 0 0 0 0 0 0 0 0 0 0 0 0 0 0 0 0 0 0 0 0 0 0 0 0 0 0 0 0 0 0 0 0 0 0 0 0 0 0 0 0 0 0 0 0 0 0 0 0 0 0 0 0 0 0 0 0 0 0 0 0 0 0 0 0 0 0 0 0 0 0 0 0 0 0 0 0 0 0 0 0 0 0 0 0 0 0 0 0 0 0 0 0 0 0 0 0 0 0 0 0 0 0 0 0 0 0 0 0 0 0 0 0 0 0 0 0 0 0 0 0 0 0 0 0 0 0 0 0 0 0 0 0 0 0 0 0 0 0 0 0 0 0 0 0 0 0 0 0 0 0 0 0 0 0 0 0 0 0 0 0 0 0 0 0 0 0 0 0 0 0 0 0 0 0 0 0 0 0 0 0 0 0 0 0 0 0 0 0 0 0 0 0 0 0 0 0 0 0 0 0 0 0 0 0 0 0 0 0 0 0 0 0 0 0 0 0 0 0 0 0 0 0 0 0 0 0 0 0 0 0 0 0 0 0 0 0 0 0 0 0 0 0 0 0 0 0 0 0 0 0 0 0 0 0 0 0 0 0 0 0 0 0 0 0 0 0 0 0 0 0 0 0 0 0 0 0 0 0 0 0 0 0 0 0 0 0 0 0 0 0 0 0 0 0 0 0 0 0 0 0 0 0 0 0 0 0 0 0 0 0 0 0 0 0 0 0 0 0 0 0 0 0 0 0 0 0 0 0 0 0 0 0 0 0 0 0 0 0 0 0 0 0 0 0 0 0 0 0 0 0 0 0 0 0 0 0 0 0 0 0 0 0 0 0 0 0 0 0 0 0 0 0 0 0 0 0 0 0 0 0 0 0 0 0 0 0 0 0 0 0 0 0 0 0 0 0 0 0 0 0 0 0 0 0 0 0 0 0 0 0 0 0 0 0 0 0 0 0 0 0 0 0 0 0 0 0 0 0 0 0 0 0 0 0 0 0 0 0 0 0 0 0 0 0 0 0 0 0 0 0 0 0 0 0 0 0 0 0 0 0 0 0 0 0 0 0 0 0 0 0 0 0 0 0 0 0 0 0 0 0 0 0 0 0 0 0 0 0 0 0 0 0 0 0 0 0 0 0 0 0 0 0 0 0 0 0 0 0 0 0 0 0 0 0 0 0 0 0 0 0 0 0 0 0 0 0 0 0 0 0 0 0 0 0 0 0 0 0 0 0 0 0 0 0 0 0 0 0 0 0 0 0 0 0 0 0 0 0 0 0 0 0 0 0 0 0 0 0 0 0 0 0 0 0 0 0 0 0 0 0 0 0 0 0 0 0 0 0 0 0 0 0 0 0 0 0 0 0 0 0 0 0 0 0 0 0 0 0 0 0 0 0 0 0 0 0 0 0 0 0 0 0 0 0 0 0 0 0 0 0 0 0 0 0 0 0
ctxt 5085880975
btime 1790630938
processes 710585
procs_running 12
procs_blocked 0
softirq 4606065625 73526 11925841 2753158 190050802 470309 0 13559950 50701601 421 41562721
--
cpu  3394868 1530 1610855 45788718 263520 0 782579 0 0 0
cpu0 123720 28 45000 1437843 3708 0 24863 0 0 0
cpu1 126518 32 46312 1439018 4293 0 24631 0 0 0
cpu2 128044 32 46514 1438291 4062 0 24734 0 0 0
cpu3 201219 32 66854 1328943 3153 0 40556 0 0 0
cpu4 202687 36 65778 1329508 3700 0 40746 0 0 0
cpu5 135115 34 48463 1428466 4309 0 25752 0 0 0
cpu6 135574 31 48710 1427966 4240 0 26519 0 0 0
cpu7 143196 29 52172 1414491 4172 0 29352 0 0 0
cpu8 41067 55 43361 1494437 9801 0 13342 0 0 0
cpu9 47060 61 46487 1471064 12593 0 14526 0 0 0
cpu10 44694 61 44894 1479032 10790 0 14347 0 0 0
cpu11 40874 56 40838 1498848 9614 0 12769 0 0 0
cpu12 81448 136 50299 1429292 14576 0 15702 0 0 0
cpu13 78019 67 51251 1428810 15315 0 16047 0 0 0
cpu14 40695 56 40264 1502189 9084 0 12499 0 0 0
cpu15 37824 57 36957 1515606 9170 0 11350 0 0 0
cpu16 166972 26 56765 1381329 4868 0 33235 0 0 0
cpu17 156813 26 54976 1392992 6343 0 31695 0 0 0
cpu18 149956 26 53772 1403055 5452 0 30952 0 0 0
cpu19 266260 25 80110 1242277 2927 0 50559 0 0 0
cpu20 237302 25 74989 1277761 4731 0 48013 0 0 0
cpu21 143955 29 52554 1409426 6618 0 30126 0 0 0
cpu22 135147 32 50612 1421755 6180 0 28356 0 0 0
cpu23 117168 31 44937 1451786 5833 0 23653 0 0 0
cpu24 43931 58 41679 1497188 11052 0 13455 0 0 0
cpu25 49093 60 46502 1473339 13003 0 15888 0 0 0
cpu26 46999 55 45397 1479514 12303 0 15448 0 0 0
cpu27 39709 44 40435 1489605 11033 0 21329 0 0 0
cpu28 74291 79 53922 1416722 15229 0 28419 0 0 0
cpu29 78090 115 55876 1405965 15581 0 28942 0 0 0
cpu30 39104 40 41940 1483454 10056 0 21302 0 0 0
cpu31 42308 42 42222 1498730 9716 0 13457 0 0 0
intr 3218552853 126 0 0 0 0 0 0 0 0 1 0 0 0 0 0 0 0 0 0 0 0 0 0 0 0 0 0 1 1 1 0 0 0 0 1 0 1 0 0 75045 0 0 0 0 0 0 0 0 411 0 0 0 0 0 0 0 0 87 0 0 0 0 0 0 0 0 0 0 0 0 0 0 0 450126 2 35054319 34993425 34909887 35050678 0 13599 8351 9299 8800 6593 7843 9062 10587 7757 31180 42863 32356 26713 39683 38995 25915 22193 10377 10791 10501 5710 9315 11828 11699 10722 28239 33729 31083 25688 34717 36417 23284 24508 0 0 0 0 617117 4412 1036 0 264 0 0 0 0 0 0 0 0 0 0 0 0 0 0 0 0 0 0 0 0 0 0 0 0 0 0 0 0 0 0 0 0 0 0 0 0 0 0 0 0 0 0 0 0 0 0 0 0 0 0 0 0 0 0 0 0 0 0 0 0 0 0 0 0 0 0 0 0 0 0 0 0 0 0 0 0 0 0 0 0 0 0 0 0 0 0 0 0 0 0 0 0 0 0 0 0 0 0 0 0 0 0 0 0 0 0 0 0 0 0 0 0 0 0 0 0 0 0 0 0 0 0 0 0 0 0 0 0 0 0 0 0 0 0 0 0 0 0 0 0 0 0 0 0 0 0 0 0 0 0 0 0 0 0 0 0 0 0 0 0 0 0 0 0 0 0 0 0 0 0 0 0 0 0 0 0 0 0 0 0 0 0 0 0 0 0 0 0 0 0 0 0 0 0 0 0 0 0 0 0 0 0 0 0 0 0 0 0 0 0 0 0 0 0 0 0 0 0 0 0 0 0 0 0 0 0 0 0 0 0 0 0 0 0 0 0 0 0 0 0 0 0 0 0 0 0 0 0 0 0 0 0 0 0 0 0 0 0 0 0 0 0 0 0 0 0 0 0 0 0 0 0 0 0 0 0 0 0 0 0 0 0 0 0 0 0 0 0 0 0 0 0 0 0 0 0 0 0 0 0 0 0 0 0 0 0 0 0 0 0 0 0 0 0 0 0 0 0 0 0 0 0 0 0 0 0 0 0 0 0 0 0 0 0 0 0 0 0 0 0 0 0 0 0 0 0 0 0 0 0 0 0 0 0 0 0 0 0 0 0 0 0 0 0 0 0 0 0 0 0 0 0 0 0 0 0 0 0 0 0 0 0 0 0 0 0 0 0 0 0 0 0 0 0 0 0 0 0 0 0 0 0 0 0 0 0 0 0 0 0 0 0 0 0 0 0 0 0 0 0 0 0 0 0 0 0 0 0 0 0 0 0 0 0 0 0 0 0 0 0 0 0 0 0 0 0 0 0 0 0 0 0 0 0 0 0 0 0 0 0 0 0 0 0 0 0 0 0 0 0 0 0 0 0 0 0 0 0 0 0 0 0 0 0 0 0 0 0 0 0 0 0 0 0 0 0 0 0 0 0 0 0 0 0 0 0 0 0 0 0 0 0 0 0 0 0 0 0 0 0 0 0 0 0 0 0 0 0 0 0 0 0 0 0 0 0 0 0 0 0 0 0 0 0 0 0 0 0 0 0 0 0 0 0 0 0 0 0 0 0 0 0 0 0 0 0 0 0 0 0 0 0 0 0 0 0 0 0 0 0 0 0 0 0 0 0 0 0 0 0 0 0 0 0 0 0 0 0 0 0 0 0 0 0 0 0 0 0 0 0 0 0 0 0 0 0 0 0 0 0 0 0 0 0 0 0 0 0 0 0 0 0 0 0 0 0 0 0 0 0 0 0 0 0 0 0 0 0 0 0 0 0 0 0 0 0 0 0 0 0 0 0 0 0 0 0 0 0 0 0 0 0 0 0 0 0 0 0 0 0 0 0 0 0 0 0 0 0 0 0 0 0 0 0 0 0 0 0 0 0 0 0 0 0 0 0 0 0 0 0 0 0 0 0 0 0 0 0 0 0 0 0 0 0 0 0 0 0 0 0 0 0 0 0 0 0 0 0 0 0 0 0 0 0 0 0 0 0 0 0 0 0 0 0 0 0 0 0 0 0 0 0 0 0 0 0 0 0 0 0 0 0 0 0 0 0 0 0 0 0 0 0 0 0 0 0 0 0 0 0 0 0 0 0 0 0 0 0 0 0 0 0 0 0 0 0 0 0 0 0 0 0 0 0 0 0 0 0 0 0 0 0 0 0 0 0 0 0 0 0 0 0 0 0 0 0 0 0 0 0 0 0 0 0 0 0 0 0 0 0 0 0 0 0 0 0 0 0 0 0 0 0 0 0 0 0 0 0 0 0 0 0 0 0 0 0 0 0 0 0 0 0 0 0 0 0 0 0 0 0 0 0 0 0 0 0 0 0 0 0 0 0 0 0 0 0 0 0 0 0 0 0 0 0 0 0 0 0 0 0 0 0 0 0 0 0 0 0 0 0 0 0 0 0 0 0 0 0 0 0 0 0 0 0 0 0 0 0 0 0 0 0 0 0 0 0 0 0 0 0 0 0 0 0 0 0 0 0 0 0 0 0 0 0 0 0 0 0 0 0 0 0 0 0 0 0 0 0 0 0 0 0 0 0 0 0 0 0 0 0 0 0 0 0 0 0 0 0 0 0 0 0 0 0 0 0 0 0 0 0 0 0 0 0 0 0 0 0 0 0 0 0 0 0 0 0 0 0 0 0 0 0 0 0 0 0 0 0 0 0 0 0 0 0 0 0 0 0 0 0 0 0 0 0 0 0 0 0 0 0 0 0 0 0 0 0 0 0 0 0 0 0 0 0 0 0 0 0 0 0 0 0 0 0 0 0 0 0 0 0 0 0
ctxt 5087474180
btime 1790630938
processes 710631
procs_running 11
procs_blocked 0
softirq 4606459820 73526 11929208 2753158 190395346 470582 0 13559950 50720032 421 41590301
