Running 10s test @ http://127.0.0.1:18500/usleep?ms=10
  16 threads and 1000 connections
  Thread Stats   Avg      Stdev     Max   +/- Stdev
    Latency     1.32s   220.30ms   2.37s    90.59%
    Req/Sec    77.79     62.60   350.00     75.64%
  Latency Distribution
     50%    1.25s 
     75%    1.25s 
     90%    1.48s 
     99%    2.29s 
  7059 requests in 10.10s, 1.16MB read
Requests/sec:    699.04
Transfer/sec:    118.10KB
## server-stat
cpu  3524905 1578 1644366 47258673 378156 0 796715 0 0 0
cpu0 130896 28 46652 1482497 4703 0 25715 0 0 0
cpu1 133203 33 47695 1484404 5688 0 25240 0 0 0
cpu2 134641 33 47766 1483741 5692 0 25351 0 0 0
cpu3 210875 32 68972 1370521 4167 0 41601 0 0 0
cpu4 211229 36 67349 1373288 4744 0 41327 0 0 0
cpu5 141893 35 49851 1473102 6416 0 26467 0 0 0
cpu6 142377 33 50117 1471962 6677 0 27462 0 0 0
cpu7 148908 30 53376 1460045 6512 0 30083 0 0 0
cpu8 41258 57 43888 1543587 14474 0 13485 0 0 0
cpu9 47305 63 47055 1519348 17847 0 14705 0 0 0
cpu10 44900 63 45417 1527574 15966 0 14509 0 0 0
cpu11 41024 59 41301 1547967 14615 0 12898 0 0 0
cpu12 82504 138 50968 1476349 19994 0 15906 0 0 0
cpu13 78896 70 51941 1475857 20777 0 16255 0 0 0
cpu14 40870 58 40727 1551538 13775 0 12626 0 0 0
cpu15 37955 60 37371 1564996 14100 0 11464 0 0 0
cpu16 176657 27 58359 1423587 6284 0 33911 0 0 0
cpu17 165977 27 56559 1435187 8226 0 32480 0 0 0
cpu18 158044 27 55210 1445917 7917 0 31695 0 0 0
cpu19 276087 26 81986 1284717 3815 0 51115 0 0 0
cpu20 247390 25 77117 1319232 5689 0 48975 0 0 0
cpu21 151530 29 53902 1452713 9378 0 30771 0 0 0
cpu22 141189 33 51634 1466778 9283 0 28737 0 0 0
cpu23 122359 32 46074 1497374 8939 0 24199 0 0 0
cpu24 44148 60 42187 1545677 16589 0 13587 0 0 0
cpu25 49383 62 47113 1521176 18695 0 16067 0 0 0
cpu26 47238 57 45975 1527622 17856 0 15625 0 0 0
cpu27 39903 46 40948 1538084 16568 0 21472 0 0 0
cpu28 75277 81 54815 1462902 21074 0 28687 0 0 0
cpu29 79171 118 56791 1451722 21580 0 29223 0 0 0
cpu30 39298 44 42483 1531879 15174 0 21462 0 0 0
cpu31 42505 43 42752 1547314 14928 0 13601 0 0 0
intr 3282908109 126 0 0 0 0 0 0 0 0 1 0 0 0 0 0 0 0 0 0 0 0 0 0 0 0 0 0 1 1 1 0 0 0 0 1 0 1 0 0 75045 0 0 0 0 0 0 0 0 411 0 0 0 0 0 0 0 0 87 0 0 0 0 0 0 0 0 0 0 0 0 0 0 0 481044 2 35056953 34996074 34911842 35052930 0 14048 10751 12155 11568 8429 9748 12794 13893 10845 38331 52354 40855 34591 52584 50253 31489 28098 12625 14413 17218 7577 10999 15777 15595 13866 35881 44995 41065 33023 50820 54828 30073 32223 0 0 0 0 617153 4459 1036 0 264 0 0 0 0 0 0 0 0 0 0 0 0 0 0 0 0 0 0 0 0 0 0 0 0 0 0 0 0 0 0 0 0 0 0 0 0 0 0 0 0 0 0 0 0 0 0 0 0 0 0 0 0 0 0 0 0 0 0 0 0 0 0 0 0 0 0 0 0 0 0 0 0 0 0 0 0 0 0 0 0 0 0 0 0 0 0 0 0 0 0 0 0 0 0 0 0 0 0 0 0 0 0 0 0 0 0 0 0 0 0 0 0 0 0 0 0 0 0 0 0 0 0 0 0 0 0 0 0 0 0 0 0 0 0 0 0 0 0 0 0 0 0 0 0 0 0 0 0 0 0 0 0 0 0 0 0 0 0 0 0 0 0 0 0 0 0 0 0 0 0 0 0 0 0 0 0 0 0 0 0 0 0 0 0 0 0 0 0 0 0 0 0 0 0 0 0 0 0 0 0 0 0 0 0 0 0 0 0 0 0 0 0 0 0 0 0 0 0 0 0 0 0 0 0 0 0 0 0 0 0 0 0 0 0 0 0 0 0 0 0 0 0 0 0 0 0 0 0 0 0 0 0 0 0 0 0 0 0 0 0 0 0 0 0 0 0 0 0 0 0 0 0 0 0 0 0 0 0 0 0 0 0 0 0 0 0 0 0 0 0 0 0 0 0 0 0 0 0 0 0 0 0 0 0 0 0 0 0 0 0 0 0 0 0 0 0 0 0 0 0 0 0 0 0 0 0 0 0 0 0 0 0 0 0 0 0 0 0 0 0 0 0 0 0 0 0 0 0 0 0 0 0 0 0 0 0 0 0 0 0 0 0 0 0 0 0 0 0 0 0 0 0 0 0 0 0 0 0 0 0 0 0 0 0 0 0 0 0 0 0 0 0 0 0 0 0 0 0 0 0 0 0 0 0 0 0 0 0 0 0 0 0 0 0 0 0 0 0 0 0 0 0 0 0 0 0 0 0 0 0 0 0 0 0 0 0 0 0 0 0 0 0 0 0 0 0 0 0 0 0 0 0 0 0 0 0 0 0 0 0 0 0 0 0 0 0 0 0 0 0 0 0 0 0 0 0 0 0 0 0 0 0 0 0 0 0 0 0 0 0 0 0 0 0 0 0 0 0 0 0 0 0 0 0 0 0 0 0 0 0 0 0 0 0 0 0 0 0 0 0 0 0 0 0 0 0 0 0 0 0 0 0 0 0 0 0 0 0 0 0 0 0 0 0 0 0 0 0 0 0 0 0 0 0 0 0 0 0 0 0 0 0 0 0 0 0 0 0 0 0 0 0 0 0 0 0 0 0 0 0 0 0 0 0 0 0 0 0 0 0 0 0 0 0 0 0 0 0 0 0 0 0 0 0 0 0 0 0 0 0 0 0 0 0 0 0 0 0 0 0 0 0 0 0 0 0 0 0 0 0 0 0 0 0 0 0 0 0 0 0 0 0 0 0 0 0 0 0 0 0 0 0 0 0 0 0 0 0 0 0 0 0 0 0 0 0 0 0 0 0 0 0 0 0 0 0 0 0 0 0 0 0 0 0 0 0 0 0 0 0 0 0 0 0 0 0 0 0 0 0 0 0 0 0 0 0 0 0 0 0 0 0 0 0 0 0 0 0 0 0 0 0 0 0 0 0 0 0 0 0 0 0 0 0 0 0 0 0 0 0 0 0 0 0 0 0 0 0 0 0 0 0 0 0 0 0 0 0 0 0 0 0 0 0 0 0 0 0 0 0 0 0 0 0 0 0 0 0 0 0 0 0 0 0 0 0 0 0 0 0 0 0 0 0 0 0 0 0 0 0 0 0 0 0 0 0 0 0 0 0 0 0 0 0 0 0 0 0 0 0 0 0 0 0 0 0 0 0 0 0 0 0 0 0 0 0 0 0 0 0 0 0 0 0 0 0 0 0 0 0 0 0 0 0 0 0 0 0 0 0 0 0 0 0 0 0 0 0 0 0 0 0 0 0 0 0 0 0 0 0 0 0 0 0 0 0 0 0 0 0 0 0 0 0 0 0 0 0 0 0 0 0 0 0 0 0 0 0 0 0 0 0 0 0 0 0 0 0 0 0 0 0 0 0 0 0 0 0 0 0 0 0 0 0 0 0 0 0 0 0 0 0 0 0 0 0 0 0 0 0 0 0 0 0 0 0 0 0 0 0 0 0 0 0 0 0 0 0 0 0 0 0 0 0 0 0 0 0 0 0 0 0 0 0 0 0 0 0 0 0 0 0 0 0 0 0 0 0 0 0 0 0 0 0 0 0 0 0 0 0 0 0 0 0 0 0 0 0 0 0 0 0 0 0 0 0 0 0 0 0 0 0 0 0 0 0 0 0 0 0 0 0 0 0 0 0 0 0 0 0 0 0 0 0 0 0 0 0 0 0 0 0 0 0 0 0 0 0 0 0 0 0 0 0 0 0 0 0 0 0 0 0 0 0 0 0 0 0 0 0 0 0 0 0 0 0 0 0 0 0 0 0
ctxt 5199684244
btime 1790630938
processes 791458
procs_running 3
procs_blocked 0
softirq 4689382742 73526 12426842 2753162 268696647 502281 0 13560074 52174600 421 44227893
--
cpu  3524997 1579 1644383 47284093 378173 0 796719 0 0 0
cpu0 130898 28 46653 1483292 4703 0 25716 0 0 0
cpu1 133203 33 47695 1485201 5688 0 25240 0 0 0
cpu2 134643 33 47766 1484538 5692 0 25351 0 0 0
cpu3 210878 32 68972 1371316 4167 0 41601 0 0 0
cpu4 211231 36 67349 1374083 4744 0 41327 0 0 0
cpu5 141895 35 49851 1473899 6416 0 26467 0 0 0
cpu6 142378 33 50118 1472758 6677 0 27463 0 0 0
cpu7 148908 30 53377 1460842 6512 0 30083 0 0 0
cpu8 41259 57 43889 1544383 14474 0 13485 0 0 0
cpu9 47309 63 47056 1520141 17847 0 14705 0 0 0
cpu10 44903 63 45418 1528367 15967 0 14509 0 0 0
cpu11 41024 59 41301 1548765 14615 0 12898 0 0 0
cpu12 82524 138 50970 1477123 19995 0 15906 0 0 0
cpu13 78923 70 51944 1476625 20778 0 16255 0 0 0
cpu14 40872 58 40728 1552334 13775 0 12626 0 0 0
cpu15 37956 60 37371 1565794 14100 0 11464 0 0 0
cpu16 176659 27 58359 1424383 6284 0 33911 0 0 0
cpu17 165978 27 56560 1435983 8226 0 32480 0 0 0
cpu18 158045 27 55210 1446713 7917 0 31695 0 0 0
cpu19 276090 26 81987 1285511 3815 0 51115 0 0 0
cpu20 247391 25 77117 1320029 5689 0 48975 0 0 0
cpu21 151531 29 53902 1453511 9378 0 30771 0 0 0
cpu22 141189 33 51634 1467577 9283 0 28737 0 0 0
cpu23 122359 32 46075 1498172 8939 0 24199 0 0 0
cpu24 44150 60 42187 1546475 16589 0 13587 0 0 0
cpu25 49383 62 47113 1521974 18695 0 16068 0 0 0
cpu26 47239 57 45975 1528421 17856 0 15625 0 0 0
cpu27 39905 46 40948 1538881 16568 0 21472 0 0 0
cpu28 75285 81 54816 1463693 21074 0 28687 0 0 0
cpu29 79171 118 56792 1452505 21594 0 29223 0 0 0
cpu30 39298 44 42483 1532677 15174 0 21462 0 0 0
cpu31 42505 43 42752 1548111 14928 0 13601 0 0 0
intr 3283082184 126 0 0 0 0 0 0 0 0 1 0 0 0 0 0 0 0 0 0 0 0 0 0 0 0 0 0 1 1 1 0 0 0 0 1 0 1 0 0 75045 0 0 0 0 0 0 0 0 411 0 0 0 0 0 0 0 0 87 0 0 0 0 0 0 0 0 0 0 0 0 0 0 0 481188 2 35056986 34996099 34911856 35052953 0 14056 10751 12155 11568 8429 9748 12794 13893 10845 38331 52360 40856 34591 52584 50253 31489 28099 12625 14414 17218 7577 10999 15777 15595 13866 35881 44995 41065 33023 50820 54828 30073 32223 0 0 0 0 617153 4459 1036 0 264 0 0 0 0 0 0 0 0 0 0 0 0 0 0 0 0 0 0 0 0 0 0 0 0 0 0 0 0 0 0 0 0 0 0 0 0 0 0 0 0 0 0 0 0 0 0 0 0 0 0 0 0 0 0 0 0 0 0 0 0 0 0 0 0 0 0 0 0 0 0 0 0 0 0 0 0 0 0 0 0 0 0 0 0 0 0 0 0 0 0 0 0 0 0 0 0 0 0 0 0 0 0 0 0 0 0 0 0 0 0 0 0 0 0 0 0 0 0 0 0 0 0 0 0 0 0 0 0 0 0 0 0 0 0 0 0 0 0 0 0 0 0 0 0 0 0 0 0 0 0 0 0 0 0 0 0 0 0 0 0 0 0 0 0 0 0 0 0 0 0 0 0 0 0 0 0 0 0 0 0 0 0 0 0 0 0 0 0 0 0 0 0 0 0 0 0 0 0 0 0 0 0 0 0 0 0 0 0 0 0 0 0 0 0 0 0 0 0 0 0 0 0 0 0 0 0 0 0 0 0 0 0 0 0 0 0 0 0 0 0 0 0 0 0 0 0 0 0 0 0 0 0 0 0 0 0 0 0 0 0 0 0 0 0 0 0 0 0 0 0 0 0 0 0 0 0 0 0 0 0 0 0 0 0 0 0 0 0 0 0 0 0 0 0 0 0 0 0 0 0 0 0 0 0 0 0 0 0 0 0 0 0 0 0 0 0 0 0 0 0 0 0 0 0 0 0 0 0 0 0 0 0 0 0 0 0 0 0 0 0 0 0 0 0 0 0 0 0 0 0 0 0 0 0 0 0 0 0 0 0 0 0 0 0 0 0 0 0 0 0 0 0 0 0 0 0 0 0 0 0 0 0 0 0 0 0 0 0 0 0 0 0 0 0 0 0 0 0 0 0 0 0 0 0 0 0 0 0 0 0 0 0 0 0 0 0 0 0 0 0 0 0 0 0 0 0 0 0 0 0 0 0 0 0 0 0 0 0 0 0 0 0 0 0 0 0 0 0 0 0 0 0 0 0 0 0 0 0 0 0 0 0 0 0 0 0 0 0 0 0 0 0 0 0 0 0 0 0 0 0 0 0 0 0 0 0 0 0 0 0 0 0 0 0 0 0 0 0 0 0 0 0 0 0 0 0 0 0 0 0 0 0 0 0 0 0 0 0 0 0 0 0 0 0 0 0 0 0 0 0 0 0 0 0 0 0 0 0 0 0 0 0 0 0 0 0 0 0 0 0 0 0 0 0 0 0 0 0 0 0 0 0 0 0 0 0 0 0 0 0 0 0 0 0 0 0 0 0 0 0 0 0 0 0 0 0 0 0 0 0 0 0 0 0 0 0 0 0 0 0 0 0 0 0 0 0 0 0 0 0 0 0 0 0 0 0 0 0 0 0 0 0 0 0 0 0 0 0 0 0 0 0 0 0 0 0 0 0 0 0 0 0 0 0 0 0 0 0 0 0 0 0 0 0 0 0 0 0 0 0 0 0 0 0 0 0 0 0 0 0 0 0 0 0 0 0 0 0 0 0 0 0 0 0 0 0 0 0 0 0 0 0 0 0 0 0 0 0 0 0 0 0 0 0 0 0 0 0 0 0 0 0 0 0 0 0 0 0 0 0 0 0 0 0 0 0 0 0 0 0 0 0 0 0 0 0 0 0 0 0 0 0 0 0 0 0 0 0 0 0 0 0 0 0 0 0 0 0 0 0 0 0 0 0 0 0 0 0 0 0 0 0 0 0 0 0 0 0 0 0 0 0 0 0 0 0 0 0 0 0 0 0 0 0 0 0 0 0 0 0 0 0 0 0 0 0 0 0 0 0 0 0 0 0 0 0 0 0 0 0 0 0 0 0 0 0 0 0 0 0 0 0 0 0 0 0 0 0 0 0 0 0 0 0 0 0 0 0 0 0 0 0 0 0 0 0 0 0 0 0 0 0 0 0 0 0 0 0 0 0 0 0 0 0 0 0 0 0 0 0 0 0 0 0 0 0 0 0 0 0 0 0 0 0 0 0 0 0 0 0 0 0 0 0 0 0 0 0 0 0 0 0 0 0 0 0 0 0 0 0 0 0 0 0 0 0 0 0 0 0 0 0 0 0 0 0 0 0 0 0 0 0 0 0 0 0 0 0 0 0 0 0 0 0 0 0 0 0 0 0 0 0 0 0 0 0 0 0 0 0 0 0 0 0 0 0 0 0 0 0 0 0 0 0 0 0 0 0 0 0 0 0 0 0 0 0 0 0 0 0 0 0 0 0 0 0 0 0 0 0 0 0 0 0 0 0 0 0 0 0 0 0 0 0 0 0 0 0 0 0 0 0 0 0 0 0 0 0 0 0 0 0 0 0 0 0 0 0 0 0 0 0 0 0 0 0 0 0 0 0 0 0 0 0 0 0 0 0 0 0 0 0 0 0 0 0 0 0 0 0 0 0 0 0 0 0 0 0 0 0 0 0 0 0 0 0 0 0 0 0 0 0
ctxt 5199971789
btime 1790630938
processes 791528
procs_running 2
procs_blocked 0
softirq 4689420836 73526 12434649 2753162 268709389 502434 0 13560074 52183063 421 44236822
