Running 10s test @ http://127.0.0.1:18500/json
  16 threads and 32 connections
  Thread Stats   Avg      Stdev     Max   +/- Stdev
    Latency   149.97us   51.02us 592.00us   90.50%
    Req/Sec    13.50k     3.97k   19.93k    61.94%
  Latency Distribution
     50%  174.00us
     75%  177.00us
     90%  186.00us
     99%  354.00us
  2169386 requests in 10.10s, 393.09MB read
Requests/sec: 214797.56
Transfer/sec:     38.92MB
## server-stat
cpu  3272217 1467 1588496 43432681 216116 0 778112 0 0 0
cpu0 119838 27 44417 1363343 3396 0 24564 0 0 0
cpu1 123628 32 45797 1363085 3915 0 24497 0 0 0
cpu2 124779 31 45935 1362728 3660 0 24634 0 0 0
cpu3 188909 30 65011 1264466 2639 0 39919 0 0 0
cpu4 189811 34 63900 1265557 3199 0 39999 0 0 0
cpu5 131617 33 47842 1353175 3848 0 25663 0 0 0
cpu6 132190 29 48135 1352628 3620 0 26429 0 0 0
cpu7 140032 27 51671 1339188 3212 0 29272 0 0 0
cpu8 40852 51 43059 1417400 7660 0 13322 0 0 0
cpu9 46723 57 46158 1394735 10269 0 14494 0 0 0
cpu10 44440 57 44576 1402743 8288 0 14320 0 0 0
cpu11 40674 53 40544 1422138 7215 0 12749 0 0 0
cpu12 79702 132 49807 1354640 12310 0 15650 0 0 0
cpu13 76366 64 50751 1354218 12980 0 15978 0 0 0
cpu14 40468 52 39925 1425378 6940 0 12474 0 0 0
cpu15 37657 54 36656 1438706 6859 0 11331 0 0 0
cpu16 160782 25 55981 1308680 4591 0 33143 0 0 0
cpu17 150418 25 54140 1320606 6067 0 31595 0 0 0
cpu18 144528 25 53034 1329801 4977 0 30858 0 0 0
cpu19 244916 25 77245 1187470 2748 0 49799 0 0 0
cpu20 217954 24 72471 1220373 4547 0 47447 0 0 0
cpu21 139384 28 51895 1335445 5919 0 30036 0 0 0
cpu22 131769 31 50043 1346872 5080 0 28274 0 0 0
cpu23 114794 30 44437 1375967 4598 0 23584 0 0 0
cpu24 43653 55 41337 1420533 8556 0 13439 0 0 0
cpu25 48796 58 46150 1396732 10547 0 15867 0 0 0
cpu26 46720 53 45046 1402858 9814 0 15427 0 0 0
cpu27 39470 41 40097 1412759 8559 0 21315 0 0 0
cpu28 73204 77 53490 1341717 12175 0 28381 0 0 0
cpu29 77132 114 55449 1330681 12707 0 28902 0 0 0
cpu30 38905 38 41609 1406367 7814 0 21289 0 0 0
cpu31 42095 39 41874 1421676 7391 0 13447 0 0 0
intr 3185135488 126 0 0 0 0 0 0 0 0 1 0 0 0 0 0 0 0 0 0 0 0 0 0 0 0 0 0 1 1 1 0 0 0 0 1 0 1 0 0 75045 0 0 0 0 0 0 0 0 411 0 0 0 0 0 0 0 0 87 0 0 0 0 0 0 0 0 0 0 0 0 0 0 0 424156 2 35050444 34990582 34908618 35048007 0 12957 7787 8588 7686 5948 7005 7958 8511 6485 27798 39027 29370 23515 35874 35554 23405 19826 9869 10397 9891 5363 8843 10895 10094 8650 25407 29985 27802 22959 31183 32725 20302 22082 0 0 0 0 617061 4349 1036 0 264 0 0 0 0 0 0 0 0 0 0 0 0 0 0 0 0 0 0 0 0 0 0 0 0 0 0 0 0 0 0 0 0 0 0 0 0 0 0 0 0 0 0 0 0 0 0 0 0 0 0 0 0 0 0 0 0 0 0 0 0 0 0 0 0 0 0 0 0 0 0 0 0 0 0 0 0 0 0 0 0 0 0 0 0 0 0 0 0 0 0 0 0 0 0 0 0 0 0 0 0 0 0 0 0 0 0 0 0 0 0 0 0 0 0 0 0 0 0 0 0 0 0 0 0 0 0 0 0 0 0 0 0 0 0 0 0 0 0 0 0 0 0 0 0 0 0 0 0 0 0 0 0 0 0 0 0 0 0 0 0 0 0 0 0 0 0 0 0 0 0 0 0 0 0 0 0 0 0 0 0 0 0 0 0 0 0 0 0 0 0 0 0 0 0 0 0 0 0 0 0 0 0 0 0 0 0 0 0 0 0 0 0 0 0 0 0 0 0 0 0 0 0 0 0 0 0 0 0 0 0 0 0 0 0 0 0 0 0 0 0 0 0 0 0 0 0 0 0 0 0 0 0 0 0 0 0 0 0 0 0 0 0 0 0 0 0 0 0 0 0 0 0 0 0 0 0 0 0 0 0 0 0 0 0 0 0 0 0 0 0 0 0 0 0 0 0 0 0 0 0 0 0 0 0 0 0 0 0 0 0 0 0 0 0 0 0 0 0 0 0 0 0 0 0 0 0 0 0 0 0 0 0 0 0 0 0 0 0 0 0 0 0 0 0 0 0 0 0 0 0 0 0 0 0 0 0 0 0 0 0 0 0 0 0 0 0 0 0 0 0 0 0 0 0 0 0 0 0 0 0 0 0 0 0 0 0 0 0 0 0 0 0 0 0 0 0 0 0 0 0 0 0 0 0 0 0 0 0 0 0 0 0 0 0 0 0 0 0 0 0 0 0 0 0 0 0 0 0 0 0 0 0 0 0 0 0 0 0 0 0 0 0 0 0 0 0 0 0 0 0 0 0 0 0 0 0 0 0 0 0 0 0 0 0 0 0 0 0 0 0 0 0 0 0 0 0 0 0 0 0 0 0 0 0 0 0 0 0 0 0 0 0 0 0 0 0 0 0 0 0 0 0 0 0 0 0 0 0 0 0 0 0 0 0 0 0 0 0 0 0 0 0 0 0 0 0 0 0 0 0 0 0 0 0 0 0 0 0 0 0 0 0 0 0 0 0 0 0 0 0 0 0 0 0 0 0 0 0 0 0 0 0 0 0 0 0 0 0 0 0 0 0 0 0 0 0 0 0 0 0 0 0 0 0 0 0 0 0 0 0 0 0 0 0 0 0 0 0 0 0 0 0 0 0 0 0 0 0 0 0 0 0 0 0 0 0 0 0 0 0 0 0 0 0 0 0 0 0 0 0 0 0 0 0 0 0 0 0 0 0 0 0 0 0 0 0 0 0 0 0 0 0 0 0 0 0 0 0 0 0 0 0 0 0 0 0 0 0 0 0 0 0 0 0 0 0 0 0 0 0 0 0 0 0 0 0 0 0 0 0 0 0 0 0 0 0 0 0 0 0 0 0 0 0 0 0 0 0 0 0 0 0 0 0 0 0 0 0 0 0 0 0 0 0 0 0 0 0 0 0 0 0 0 0 0 0 0 0 0 0 0 0 0 0 0 0 0 0 0 0 0 0 0 0 0 0 0 0 0 0 0 0 0 0 0 0 0 0 0 0 0 0 0 0 0 0 0 0 0 0 0 0 0 0 0 0 0 0 0 0 0 0 0 0 0 0 0 0 0 0 0 0 0 0 0 0 0 0 0 0 0 0 0 0 0 0 0 0 0 0 0 0 0 0 0 0 0 0 0 0 0 0 0 0 0 0 0 0 0 0 0 0 0 0 0 0 0 0 0 0 0 0 0 0 0 0 0 0 0 0 0 0 0 0 0 0 0 0 0 0 0 0 0 0 0 0 0 0 0 0 0 0 0 0 0 0 0 0 0 0 0 0 0 0 0 0 0 0 0 0 0 0 0 0 0 0 0 0 0 0 0 0 0 0 0 0 0 0 0 0 0 0 0 0 0 0 0 0 0 0 0 0 0 0 0 0 0 0 0 0 0 0 0 0 0 0 0 0 0 0 0 0 0 0 0 0 0 0 0 0 0 0 0 0 0 0 0 0 0 0 0 0 0 0 0 0 0 0 0 0 0 0 0 0 0 0 0 0 0 0 0 0 0 0 0 0 0 0 0 0 0 0 0 0 0 0 0 0 0 0 0 0 0 0 0 0 0 0 0 0 0 0 0 0 0 0 0 0 0 0 0 0 0 0 0 0 0 0 0 0 0 0 0 0 0 0 0 0 0 0 0 0 0 0 0 0 0 0 0 0 0 0 0 0 0 0 0 0 0 0 0 0 0 0 0 0 0 0 0 0 0 0 0 0 0 0 0 0 0 0 0 0 0 0 0 0 0 0 0 0 0 0
ctxt 5032316130
btime 1790630938
processes 575639
procs_running 4
procs_blocked 0
softirq 4575726768 73526 11358866 2753147 164781935 443607 0 13559785 49378304 421 38409881
--
cpu  3273151 1467 1588910 43455419 216130 0 778484 0 0 0
cpu0 119839 27 44417 1364131 3396 0 24565 0 0 0
cpu1 123628 32 45797 1363884 3915 0 24497 0 0 0
cpu2 124779 31 45935 1363525 3660 0 24634 0 0 0
cpu3 189042 30 65071 1265012 2639 0 39979 0 0 0
cpu4 190111 34 64027 1265806 3199 0 40122 0 0 0
cpu5 131617 33 47843 1353974 3848 0 25663 0 0 0
cpu6 132190 29 48135 1353427 3620 0 26429 0 0 0
cpu7 140032 27 51671 1339986 3212 0 29272 0 0 0
cpu8 40854 51 43060 1418165 7660 0 13322 0 0 0
cpu9 46727 57 46160 1395428 10269 0 14494 0 0 0
cpu10 44446 57 44578 1403442 8288 0 14321 0 0 0
cpu11 40678 53 40545 1422862 7215 0 12749 0 0 0
cpu12 79709 132 49812 1355250 12310 0 15651 0 0 0
cpu13 76372 64 50759 1354834 12981 0 15980 0 0 0
cpu14 40469 52 39927 1426095 6940 0 12474 0 0 0
cpu15 37657 54 36656 1439441 6859 0 11331 0 0 0
cpu16 160786 25 55983 1309471 4591 0 33145 0 0 0
cpu17 150421 25 54140 1321400 6067 0 31595 0 0 0
cpu18 144530 25 53034 1330597 4978 0 30858 0 0 0
cpu19 245206 25 77375 1187729 2748 0 49921 0 0 0
cpu20 218083 24 72530 1220926 4547 0 47504 0 0 0
cpu21 139384 28 51895 1336243 5919 0 30036 0 0 0
cpu22 131769 31 50043 1347671 5080 0 28274 0 0 0
cpu23 114794 30 44437 1376764 4600 0 23584 0 0 0
cpu24 43656 55 41337 1421302 8556 0 13439 0 0 0
cpu25 48801 58 46151 1397487 10557 0 15868 0 0 0
cpu26 46723 53 45047 1403636 9814 0 15427 0 0 0
cpu27 39470 41 40098 1413549 8559 0 21315 0 0 0
cpu28 73211 77 53494 1342415 12175 0 28382 0 0 0
cpu29 77151 114 55454 1331368 12707 0 28902 0 0 0
cpu30 38908 38 41610 1407127 7814 0 21289 0 0 0
cpu31 42095 39 41875 1422456 7391 0 13447 0 0 0
intr 3186953585 126 0 0 0 0 0 0 0 0 1 0 0 0 0 0 0 0 0 0 0 0 0 0 0 0 0 0 1 1 1 0 0 0 0 1 0 1 0 0 75045 0 0 0 0 0 0 0 0 411 0 0 0 0 0 0 0 0 87 0 0 0 0 0 0 0 0 0 0 0 0 0 0 0 424311 2 35050481 34990585 34908622 35048034 0 12965 7787 8588 7686 5948 7005 7958 8511 6485 27798 39027 29370 23515 35874 35554 23405 19826 9869 10397 9892 5363 8843 10895 10094 8656 25407 29988 27803 22959 31183 32725 20302 22082 0 0 0 0 617061 4349 1036 0 264 0 0 0 0 0 0 0 0 0 0 0 0 0 0 0 0 0 0 0 0 0 0 0 0 0 0 0 0 0 0 0 0 0 0 0 0 0 0 0 0 0 0 0 0 0 0 0 0 0 0 0 0 0 0 0 0 0 0 0 0 0 0 0 0 0 0 0 0 0 0 0 0 0 0 0 0 0 0 0 0 0 0 0 0 0 0 0 0 0 0 0 0 0 0 0 0 0 0 0 0 0 0 0 0 0 0 0 0 0 0 0 0 0 0 0 0 0 0 0 0 0 0 0 0 0 0 0 0 0 0 0 0 0 0 0 0 0 0 0 0 0 0 0 0 0 0 0 0 0 0 0 0 0 0 0 0 0 0 0 0 0 0 0 0 0 0 0 0 0 0 0 0 0 0 0 0 0 0 0 0 0 0 0 0 0 0 0 0 0 0 0 0 0 0 0 0 0 0 0 0 0 0 0 0 0 0 0 0 0 0 0 0 0 0 0 0 0 0 0 0 0 0 0 0 0 0 0 0 0 0 0 0 0 0 0 0 0 0 0 0 0 0 0 0 0 0 0 0 0 0 0 0 0 0 0 0 0 0 0 0 0 0 0 0 0 0 0 0 0 0 0 0 0 0 0 0 0 0 0 0 0 0 0 0 0 0 0 0 0 0 0 0 0 0 0 0 0 0 0 0 0 0 0 0 0 0 0 0 0 0 0 0 0 0 0 0 0 0 0 0 0 0 0 0 0 0 0 0 0 0 0 0 0 0 0 0 0 0 0 0 0 0 0 0 0 0 0 0 0 0 0 0 0 0 0 0 0 0 0 0 0 0 0 0 0 0 0 0 0 0 0 0 0 0 0 0 0 0 0 0 0 0 0 0 0 0 0 0 0 0 0 0 0 0 0 0 0 0 0 0 0 0 0 0 0 0 0 0 0 0 0 0 0 0 0 0 0 0 0 0 0 0 0 0 0 0 0 0 0 0 0 0 0 0 0 0 0 0 0 0 0 0 0 0 0 0 0 0 0 0 0 0 0 0 0 0 0 0 0 0 0 0 0 0 0 0 0 0 0 0 0 0 0 0 0 0 0 0 0 0 0 0 0 0 0 0 0 0 0 0 0 0 0 0 0 0 0 0 0 0 0 0 0 0 0 0 0 0 0 0 0 0 0 0 0 0 0 0 0 0 0 0 0 0 0 0 0 0 0 0 0 0 0 0 0 0 0 0 0 0 0 0 0 0 0 0 0 0 0 0 0 0 0 0 0 0 0 0 0 0 0 0 0 0 0 0 0 0 0 0 0 0 0 0 0 0 0 0 0 0 0 0 0 0 0 0 0 0 0 0 0 0 0 0 0 0 0 0 0 0 0 0 0 0 0 0 0 0 0 0 0 0 0 0 0 0 0 0 0 0 0 0 0 0 0 0 0 0 0 0 0 0 0 0 0 0 0 0 0 0 0 0 0 0 0 0 0 0 0 0 0 0 0 0 0 0 0 0 0 0 0 0 0 0 0 0 0 0 0 0 0 0 0 0 0 0 0 0 0 0 0 0 0 0 0 0 0 0 0 0 0 0 0 0 0 0 0 0 0 0 0 0 0 0 0 0 0 0 0 0 0 0 0 0 0 0 0 0 0 0 0 0 0 0 0 0 0 0 0 0 0 0 0 0 0 0 0 0 0 0 0 0 0 0 0 0 0 0 0 0 0 0 0 0 0 0 0 0 0 0 0 0 0 0 0 0 0 0 0 0 0 0 0 0 0 0 0 0 0 0 0 0 0 0 0 0 0 0 0 0 0 0 0 0 0 0 0 0 0 0 0 0 0 0 0 0 0 0 0 0 0 0 0 0 0 0 0 0 0 0 0 0 0 0 0 0 0 0 0 0 0 0 0 0 0 0 0 0 0 0 0 0 0 0 0 0 0 0 0 0 0 0 0 0 0 0 0 0 0 0 0 0 0 0 0 0 0 0 0 0 0 0 0 0 0 0 0 0 0 0 0 0 0 0 0 0 0 0 0 0 0 0 0 0 0 0 0 0 0 0 0 0 0 0 0 0 0 0 0 0 0 0 0 0 0 0 0 0 0 0 0 0 0 0 0 0 0 0 0 0 0 0 0 0 0 0 0 0 0 0 0 0 0 0 0 0 0 0 0 0 0 0 0 0 0 0 0 0 0 0 0 0 0 0 0 0 0 0 0 0 0 0 0 0 0 0 0 0 0 0 0 0 0 0 0 0 0 0 0 0 0 0 0 0 0 0 0 0 0 0 0 0 0 0 0 0 0 0 0 0 0 0 0 0 0 0 0 0 0 0 0 0 0 0 0 0 0 0 0 0 0 0 0 0 0 0 0 0 0 0 0 0 0 0 0 0 0 0 0 0 0 0 0 0 0 0 0 0 0 0 0 0 0 0 0 0 0 0 0 0 0 0 0 0 0 0 0 0 0 0 0 0 0 0 0 0 0 0 0 0 0 0 0 0 0 0 0 0 0 0 0 0
ctxt 5035859188
btime 1790630938
processes 575717
procs_running 4
procs_blocked 0
softirq 4579186040 73526 11361644 2753147 168219735 443772 0 13559785 49389295 421 38417419
