Running 10s test @ http://127.0.0.1:18500/counter
  16 threads and 128 connections
  Thread Stats   Avg      Stdev     Max   +/- Stdev
    Latency    25.68ms   19.61ms 146.55ms   77.99%
    Req/Sec   354.74    117.85   808.00     84.36%
  Latency Distribution
     50%   20.28ms
     75%   27.06ms
     90%   49.88ms
     99%   97.58ms
  56918 requests in 10.10s, 61.61MB read
Requests/sec:   5635.84
Transfer/sec:      6.10MB
## server-stat
cpu  4268309 1876 1799935 57382707 672023 0 846671 0 0 0
cpu0 163608 33 52824 1792689 8063 0 28401 0 0 0
cpu1 165542 37 53787 1795892 9946 0 27547 0 0 0
cpu2 172599 38 54174 1788996 10511 0 27779 0 0 0
cpu3 269135 39 78354 1653330 6769 0 44957 0 0 0
cpu4 264596 45 75850 1661234 8389 0 44805 0 0 0
cpu5 174899 44 55725 1784022 11767 0 28575 0 0 0
cpu6 176590 39 55787 1781515 12511 0 29502 0 0 0
cpu7 182684 38 59323 1769290 12357 0 32597 0 0 0
cpu8 42318 70 45907 1882498 25985 0 13963 0 0 0
cpu9 48873 79 49289 1854957 30435 0 15248 0 0 0
cpu10 46124 77 47555 1864294 28289 0 15009 0 0 0
cpu11 41976 73 43216 1886861 26430 0 13317 0 0 0
cpu12 89644 153 53927 1804391 32815 0 16627 0 0 0
cpu13 85846 84 55026 1802592 34529 0 17007 0 0 0
cpu14 41942 71 42791 1890436 24772 0 13089 0 0 0
cpu15 38756 75 39236 1905164 25243 0 11865 0 0 0
cpu16 224777 32 65711 1718017 11261 0 36390 0 0 0
cpu17 210869 32 63517 1732191 14366 0 34749 0 0 0
cpu18 194377 32 61419 1751682 14964 0 33615 0 0 0
cpu19 356933 28 94981 1541317 6455 0 55268 0 0 0
cpu20 320187 28 88506 1584608 9970 0 52560 0 0 0
cpu21 192859 34 60793 1752068 17046 0 32898 0 0 0
cpu22 176002 38 58072 1772784 17224 0 30865 0 0 0
cpu23 151777 37 51816 1810125 16711 0 25814 0 0 0
cpu24 45437 76 44320 1882573 30274 0 14040 0 0 0
cpu25 50941 72 49433 1855821 33329 0 16635 0 0 0
cpu26 48598 68 48207 1863151 32272 0 16152 0 0 0
cpu27 41048 59 43026 1875353 30451 0 21900 0 0 0
cpu28 80747 93 57792 1791129 36300 0 29434 0 0 0
cpu29 84654 130 59951 1778670 37384 0 30021 0 0 0
cpu30 40393 52 44735 1869685 27343 0 21955 0 0 0
cpu31 43565 56 44869 1885355 27845 0 14071 0 0 0
intr 3531905075 126 0 0 0 0 0 0 0 0 1 0 0 0 0 0 0 0 0 0 0 0 0 0 0 0 0 0 1 1 1 0 0 0 0 1 0 1 0 0 75045 0 0 0 0 0 0 0 0 411 0 0 0 0 0 0 0 0 87 0 0 0 0 0 0 0 0 0 0 0 0 0 0 0 609912 2 35071639 35005833 34922136 35069090 0 16926 16309 20188 20436 12459 15947 20999 21849 18359 57314 78112 63887 53870 88799 81946 46974 44097 20944 24383 28788 11716 18716 27338 27487 23490 60132 74379 67123 54505 86359 93815 48980 49940 0 0 0 0 617393 4758 1036 0 264 0 0 0 0 0 0 0 0 0 0 0 0 0 0 0 0 0 0 0 0 0 0 0 0 0 0 0 0 0 0 0 0 0 0 0 0 0 0 0 0 0 0 0 0 0 0 0 0 0 0 0 0 0 0 0 0 0 0 0 0 0 0 0 0 0 0 0 0 0 0 0 0 0 0 0 0 0 0 0 0 0 0 0 0 0 0 0 0 0 0 0 0 0 0 0 0 0 0 0 0 0 0 0 0 0 0 0 0 0 0 0 0 0 0 0 0 0 0 0 0 0 0 0 0 0 0 0 0 0 0 0 0 0 0 0 0 0 0 0 0 0 0 0 0 0 0 0 0 0 0 0 0 0 0 0 0 0 0 0 0 0 0 0 0 0 0 0 0 0 0 0 0 0 0 0 0 0 0 0 0 0 0 0 0 0 0 0 0 0 0 0 0 0 0 0 0 0 0 0 0 0 0 0 0 0 0 0 0 0 0 0 0 0 0 0 0 0 0 0 0 0 0 0 0 0 0 0 0 0 0 0 0 0 0 0 0 0 0 0 0 0 0 0 0 0 0 0 0 0 0 0 0 0 0 0 0 0 0 0 0 0 0 0 0 0 0 0 0 0 0 0 0 0 0 0 0 0 0 0 0 0 0 0 0 0 0 0 0 0 0 0 0 0 0 0 0 0 0 0 0 0 0 0 0 0 0 0 0 0 0 0 0 0 0 0 0 0 0 0 0 0 0 0 0 0 0 0 0 0 0 0 0 0 0 0 0 0 0 0 0 0 0 0 0 0 0 0 0 0 0 0 0 0 0 0 0 0 0 0 0 0 0 0 0 0 0 0 0 0 0 0 0 0 0 0 0 0 0 0 0 0 0 0 0 0 0 0 0 0 0 0 0 0 0 0 0 0 0 0 0 0 0 0 0 0 0 0 0 0 0 0 0 0 0 0 0 0 0 0 0 0 0 0 0 0 0 0 0 0 0 0 0 0 0 0 0 0 0 0 0 0 0 0 0 0 0 0 0 0 0 0 0 0 0 0 0 0 0 0 0 0 0 0 0 0 0 0 0 0 0 0 0 0 0 0 0 0 0 0 0 0 0 0 0 0 0 0 0 0 0 0 0 0 0 0 0 0 0 0 0 0 0 0 0 0 0 0 0 0 0 0 0 0 0 0 0 0 0 0 0 0 0 0 0 0 0 0 0 0 0 0 0 0 0 0 0 0 0 0 0 0 0 0 0 0 0 0 0 0 0 0 0 0 0 0 0 0 0 0 0 0 0 0 0 0 0 0 0 0 0 0 0 0 0 0 0 0 0 0 0 0 0 0 0 0 0 0 0 0 0 0 0 0 0 0 0 0 0 0 0 0 0 0 0 0 0 0 0 0 0 0 0 0 0 0 0 0 0 0 0 0 0 0 0 0 0 0 0 0 0 0 0 0 0 0 0 0 0 0 0 0 0 0 0 0 0 0 0 0 0 0 0 0 0 0 0 0 0 0 0 0 0 0 0 0 0 0 0 0 0 0 0 0 0 0 0 0 0 0 0 0 0 0 0 0 0 0 0 0 0 0 0 0 0 0 0 0 0 0 0 0 0 0 0 0 0 0 0 0 0 0 0 0 0 0 0 0 0 0 0 0 0 0 0 0 0 0 0 0 0 0 0 0 0 0 0 0 0 0 0 0 0 0 0 0 0 0 0 0 0 0 0 0 0 0 0 0 0 0 0 0 0 0 0 0 0 0 0 0 0 0 0 0 0 0 0 0 0 0 0 0 0 0 0 0 0 0 0 0 0 0 0 0 0 0 0 0 0 0 0 0 0 0 0 0 0 0 0 0 0 0 0 0 0 0 0 0 0 0 0 0 0 0 0 0 0 0 0 0 0 0 0 0 0 0 0 0 0 0 0 0 0 0 0 0 0 0 0 0 0 0 0 0 0 0 0 0 0 0 0 0 0 0 0 0 0 0 0 0 0 0 0 0 0 0 0 0 0 0 0 0 0 0 0 0 0 0 0 0 0 0 0 0 0 0 0 0 0 0 0 0 0 0 0 0 0 0 0 0 0 0 0 0 0 0 0 0 0 0 0 0 0 0 0 0 0 0 0 0 0 0 0 0 0 0 0 0 0 0 0 0 0 0 0 0 0 0 0 0 0 0 0 0 0 0 0 0 0 0 0 0 0 0 0 0 0 0 0 0 0 0 0 0 0 0 0 0 0 0 0 0 0 0 0 0 0 0 0 0 0 0 0 0 0 0 0 0 0 0 0 0 0 0 0 0 0 0 0 0 0 0 0 0 0 0 0 0 0 0 0 0 0 0 0 0 0 0 0 0 0 0 0 0 0 0 0 0 0 0 0 0 0 0 0 0 0 0 0 0 0 0 0 0 0 0 0 0 0 0 0 0 0 0 0 0 0 0 0 0 0 0 0 0 0 0 0 0 0 0 0 0 0 0 0 0 0 0 0 0 0 0 0 0 0 0 0 0 0 0 0 0 0
ctxt 5631684871
btime 1790630938
processes 1359575
procs_running 5
procs_blocked 9
softirq 5004359816 73526 15160750 2753290 555847759 635679 0 13560878 59288774 421 62071443
--
cpu  4272001 1877 1800384 57395102 680831 0 846688 0 0 0
cpu0 163791 33 52843 1793211 8122 0 28403 0 0 0
cpu1 165737 37 53809 1796412 9997 0 27548 0 0 0
cpu2 172905 38 54204 1789413 10550 0 27780 0 0 0
cpu3 269277 39 78371 1653930 6806 0 44958 0 0 0
cpu4 264789 45 75871 1661748 8457 0 44806 0 0 0
cpu5 175184 44 55759 1784415 11854 0 28575 0 0 0
cpu6 176723 39 55806 1781994 12676 0 29502 0 0 0
cpu7 182732 38 59332 1769848 12530 0 32597 0 0 0
cpu8 42319 70 45910 1882844 26427 0 13963 0 0 0
cpu9 48875 79 49292 1855298 30878 0 15249 0 0 0
cpu10 46127 77 47558 1864671 28697 0 15010 0 0 0
cpu11 41977 73 43218 1887190 26888 0 13318 0 0 0
cpu12 89661 153 53932 1804755 33218 0 16628 0 0 0
cpu13 85852 84 55034 1802948 34946 0 17008 0 0 0
cpu14 41943 71 42795 1890815 25181 0 13089 0 0 0
cpu15 38757 75 39240 1905536 25660 0 11865 0 0 0
cpu16 225190 32 65749 1718316 11309 0 36390 0 0 0
cpu17 211271 32 63555 1732503 14411 0 34750 0 0 0
cpu18 194619 32 61445 1752100 15074 0 33615 0 0 0
cpu19 357402 28 95024 1541574 6485 0 55268 0 0 0
cpu20 320617 28 88545 1584911 9994 0 52561 0 0 0
cpu21 192980 34 60811 1752571 17197 0 32900 0 0 0
cpu22 176046 38 58081 1773330 17414 0 30867 0 0 0
cpu23 151797 37 51822 1810672 16922 0 25814 0 0 0
cpu24 45439 76 44323 1882867 30769 0 14040 0 0 0
cpu25 50947 72 49438 1856116 33816 0 16636 0 0 0
cpu26 48600 68 48209 1863420 32788 0 16152 0 0 0
cpu27 41049 59 43029 1875646 30945 0 21901 0 0 0
cpu28 80757 94 57798 1791390 36812 0 29435 0 0 0
cpu29 84666 130 59957 1778935 37893 0 30021 0 0 0
cpu30 40394 52 44738 1870020 27796 0 21955 0 0 0
cpu31 43566 56 44872 1885687 28303 0 14072 0 0 0
intr 3532480960 126 0 0 0 0 0 0 0 0 1 0 0 0 0 0 0 0 0 0 0 0 0 0 0 0 0 0 1 1 1 0 0 0 0 1 0 1 0 0 75045 0 0 0 0 0 0 0 0 411 0 0 0 0 0 0 0 0 87 0 0 0 0 0 0 0 0 0 0 0 0 0 0 0 610484 2 35071677 35005863 34922163 35069101 0 16934 16405 20275 20523 12560 16010 21116 22045 19430 57867 78690 64416 54327 89345 82545 47374 44545 20992 24455 28902 11745 18785 27483 27705 23714 60700 75005 67779 55073 87052 94538 49463 50458 0 0 0 0 617393 4758 1036 0 264 0 0 0 0 0 0 0 0 0 0 0 0 0 0 0 0 0 0 0 0 0 0 0 0 0 0 0 0 0 0 0 0 0 0 0 0 0 0 0 0 0 0 0 0 0 0 0 0 0 0 0 0 0 0 0 0 0 0 0 0 0 0 0 0 0 0 0 0 0 0 0 0 0 0 0 0 0 0 0 0 0 0 0 0 0 0 0 0 0 0 0 0 0 0 0 0 0 0 0 0 0 0 0 0 0 0 0 0 0 0 0 0 0 0 0 0 0 0 0 0 0 0 0 0 0 0 0 0 0 0 0 0 0 0 0 0 0 0 0 0 0 0 0 0 0 0 0 0 0 0 0 0 0 0 0 0 0 0 0 0 0 0 0 0 0 0 0 0 0 0 0 0 0 0 0 0 0 0 0 0 0 0 0 0 0 0 0 0 0 0 0 0 0 0 0 0 0 0 0 0 0 0 0 0 0 0 0 0 0 0 0 0 0 0 0 0 0 0 0 0 0 0 0 0 0 0 0 0 0 0 0 0 0 0 0 0 0 0 0 0 0 0 0 0 0 0 0 0 0 0 0 0 0 0 0 0 0 0 0 0 0 0 0 0 0 0 0 0 0 0 0 0 0 0 0 0 0 0 0 0 0 0 0 0 0 0 0 0 0 0 0 0 0 0 0 0 0 0 0 0 0 0 0 0 0 0 0 0 0 0 0 0 0 0 0 0 0 0 0 0 0 0 0 0 0 0 0 0 0 0 0 0 0 0 0 0 0 0 0 0 0 0 0 0 0 0 0 0 0 0 0 0 0 0 0 0 0 0 0 0 0 0 0 0 0 0 0 0 0 0 0 0 0 0 0 0 0 0 0 0 0 0 0 0 0 0 0 0 0 0 0 0 0 0 0 0 0 0 0 0 0 0 0 0 0 0 0 0 0 0 0 0 0 0 0 0 0 0 0 0 0 0 0 0 0 0 0 0 0 0 0 0 0 0 0 0 0 0 0 0 0 0 0 0 0 0 0 0 0 0 0 0 0 0 0 0 0 0 0 0 0 0 0 0 0 0 0 0 0 0 0 0 0 0 0 0 0 0 0 0 0 0 0 0 0 0 0 0 0 0 0 0 0 0 0 0 0 0 0 0 0 0 0 0 0 0 0 0 0 0 0 0 0 0 0 0 0 0 0 0 0 0 0 0 0 0 0 0 0 0 0 0 0 0 0 0 0 0 0 0 0 0 0 0 0 0 0 0 0 0 0 0 0 0 0 0 0 0 0 0 0 0 0 0 0 0 0 0 0 0 0 0 0 0 0 0 0 0 0 0 0 0 0 0 0 0 0 0 0 0 0 0 0 0 0 0 0 0 0 0 0 0 0 0 0 0 0 0 0 0 0 0 0 0 0 0 0 0 0 0 0 0 0 0 0 0 0 0 0 0 0 0 0 0 0 0 0 0 0 0 0 0 0 0 0 0 0 0 0 0 0 0 0 0 0 0 0 0 0 0 0 0 0 0 0 0 0 0 0 0 0 0 0 0 0 0 0 0 0 0 0 0 0 0 0 0 0 0 0 0 0 0 0 0 0 0 0 0 0 0 0 0 0 0 0 0 0 0 0 0 0 0 0 0 0 0 0 0 0 0 0 0 0 0 0 0 0 0 0 0 0 0 0 0 0 0 0 0 0 0 0 0 0 0 0 0 0 0 0 0 0 0 0 0 0 0 0 0 0 0 0 0 0 0 0 0 0 0 0 0 0 0 0 0 0 0 0 0 0 0 0 0 0 0 0 0 0 0 0 0 0 0 0 0 0 0 0 0 0 0 0 0 0 0 0 0 0 0 0 0 0 0 0 0 0 0 0 0 0 0 0 0 0 0 0 0 0 0 0 0 0 0 0 0 0 0 0 0 0 0 0 0 0 0 0 0 0 0 0 0 0 0 0 0 0 0 0 0 0 0 0 0 0 0 0 0 0 0 0 0 0 0 0 0 0 0 0 0 0 0 0 0 0 0 0 0 0 0 0 0 0 0 0 0 0 0 0 0 0 0 0 0 0 0 0 0 0 0 0 0 0 0 0 0 0 0 0 0 0 0 0 0 0 0 0 0 0 0 0 0 0 0 0 0 0 0 0 0 0 0 0 0 0 0 0 0 0 0 0 0 0 0 0 0 0 0 0 0 0 0 0 0 0 0 0 0 0 0 0 0 0 0 0 0 0 0 0 0 0 0 0 0 0 0 0 0 0 0 0 0 0 0 0 0 0 0 0 0 0 0 0 0 0 0 0 0 0 0 0 0 0 0 0 0 0 0 0 0 0 0 0 0 0 0 0 0 0 0 0 0 0 0 0 0 0 0 0 0 0 0 0 0 0 0 0 0 0 0 0 0 0 0 0 0 0 0 0 0 0 0 0 0 0 0 0 0 0 0 0 0 0 0 0 0 0 0 0 0 0 0 0 0 0 0 0 0 0 0 0 0 0 0 0 0 0 0 0 0 0 0 0 0
ctxt 5632654173
btime 1790630938
processes 1359649
procs_running 6
procs_blocked 15
softirq 5004509006 73526 15170024 2753290 555943352 636263 0 13560878 59309710 421 62094246
