Running 10s test @ http://127.0.0.1:18500/counter
  16 threads and 128 connections
  Thread Stats   Avg      Stdev     Max   +/- Stdev
    Latency    23.85ms   28.36ms 168.22ms   86.05%
    Req/Sec   519.06    535.26     3.21k    85.90%
  Latency Distribution
     50%   13.05ms
     75%   30.26ms
     90%   66.74ms
     99%  122.39ms
  81783 requests in 10.10s, 21.61MB read
Requests/sec:   8098.11
Transfer/sec:      2.14MB
## server-stat
cpu  3484180 1561 1629538 46722255 365757 0 786586 0 0 0
cpu0 128372 28 45997 1466860 4583 0 25171 0 0 0
cpu1 131298 33 47221 1467798 5482 0 24922 0 0 0
cpu2 132740 33 47290 1467172 5432 0 25011 0 0 0
cpu3 207422 32 68027 1356316 4032 0 40843 0 0 0
cpu4 209106 36 66811 1356856 4606 0 40999 0 0 0
cpu5 139285 35 49159 1457707 6102 0 25907 0 0 0
cpu6 139347 32 49269 1457392 6300 0 26720 0 0 0
cpu7 146590 29 52765 1444188 6259 0 29576 0 0 0
cpu8 41197 57 43594 1525647 14026 0 13357 0 0 0
cpu9 47222 62 46756 1501641 17306 0 14555 0 0 0
cpu10 44832 63 45135 1509733 15475 0 14368 0 0 0
cpu11 40983 58 41067 1529915 14087 0 12781 0 0 0
cpu12 82137 137 50639 1458872 19481 0 15746 0 0 0
cpu13 78608 69 51609 1458380 20230 0 16092 0 0 0
cpu14 40816 57 40517 1533284 13347 0 12520 0 0 0
cpu15 37920 59 37192 1546662 13618 0 11365 0 0 0
cpu16 174327 27 57791 1407582 6053 0 33467 0 0 0
cpu17 163187 27 55848 1420005 7941 0 31880 0 0 0
cpu18 155404 27 54517 1430604 7570 0 31109 0 0 0
cpu19 273817 26 81406 1268467 3711 0 50756 0 0 0
cpu20 244174 25 76240 1304638 5550 0 48224 0 0 0
cpu21 149453 29 53387 1436483 9013 0 30387 0 0 0
cpu22 139768 33 51342 1449456 8925 0 28563 0 0 0
cpu23 120346 31 45586 1481157 8469 0 23811 0 0 0
cpu24 44092 60 41946 1527624 16060 0 13472 0 0 0
cpu25 49288 61 46784 1503568 18102 0 15908 0 0 0
cpu26 47161 57 45654 1509939 17291 0 15465 0 0 0
cpu27 39849 46 40689 1520161 16012 0 21340 0 0 0
cpu28 74982 79 54315 1445881 20477 0 28464 0 0 0
cpu29 78761 116 56280 1434876 21002 0 28996 0 0 0
cpu30 39241 43 42209 1514012 14739 0 21324 0 0 0
cpu31 42442 43 42485 1529362 14461 0 13473 0 0 0
intr 3245085288 126 0 0 0 0 0 0 0 0 1 0 0 0 0 0 0 0 0 0 0 0 0 0 0 0 0 0 1 1 1 0 0 0 0 1 0 1 0 0 75045 0 0 0 0 0 0 0 0 411 0 0 0 0 0 0 0 0 87 0 0 0 0 0 0 0 0 0 0 0 0 0 0 0 473020 2 35056007 34995239 34911227 35052123 0 13892 10593 11896 11279 8185 9398 12422 13468 10562 37700 51271 39941 33403 50242 48868 30716 27613 12225 13677 16717 7346 10779 15348 15198 13519 34775 43595 38670 32263 48886 52956 29557 31549 0 0 0 0 617141 4442 1036 0 264 0 0 0 0 0 0 0 0 0 0 0 0 0 0 0 0 0 0 0 0 0 0 0 0 0 0 0 0 0 0 0 0 0 0 0 0 0 0 0 0 0 0 0 0 0 0 0 0 0 0 0 0 0 0 0 0 0 0 0 0 0 0 0 0 0 0 0 0 0 0 0 0 0 0 0 0 0 0 0 0 0 0 0 0 0 0 0 0 0 0 0 0 0 0 0 0 0 0 0 0 0 0 0 0 0 0 0 0 0 0 0 0 0 0 0 0 0 0 0 0 0 0 0 0 0 0 0 0 0 0 0 0 0 0 0 0 0 0 0 0 0 0 0 0 0 0 0 0 0 0 0 0 0 0 0 0 0 0 0 0 0 0 0 0 0 0 0 0 0 0 0 0 0 0 0 0 0 0 0 0 0 0 0 0 0 0 0 0 0 0 0 0 0 0 0 0 0 0 0 0 0 0 0 0 0 0 0 0 0 0 0 0 0 0 0 0 0 0 0 0 0 0 0 0 0 0 0 0 0 0 0 0 0 0 0 0 0 0 0 0 0 0 0 0 0 0 0 0 0 0 0 0 0 0 0 0 0 0 0 0 0 0 0 0 0 0 0 0 0 0 0 0 0 0 0 0 0 0 0 0 0 0 0 0 0 0 0 0 0 0 0 0 0 0 0 0 0 0 0 0 0 0 0 0 0 0 0 0 0 0 0 0 0 0 0 0 0 0 0 0 0 0 0 0 0 0 0 0 0 0 0 0 0 0 0 0 0 0 0 0 0 0 0 0 0 0 0 0 0 0 0 0 0 0 0 0 0 0 0 0 0 0 0 0 0 0 0 0 0 0 0 0 0 0 0 0 0 0 0 0 0 0 0 0 0 0 0 0 0 0 0 0 0 0 0 0 0 0 0 0 0 0 0 0 0 0 0 0 0 0 0 0 0 0 0 0 0 0 0 0 0 0 0 0 0 0 0 0 0 0 0 0 0 0 0 0 0 0 0 0 0 0 0 0 0 0 0 0 0 0 0 0 0 0 0 0 0 0 0 0 0 0 0 0 0 0 0 0 0 0 0 0 0 0 0 0 0 0 0 0 0 0 0 0 0 0 0 0 0 0 0 0 0 0 0 0 0 0 0 0 0 0 0 0 0 0 0 0 0 0 0 0 0 0 0 0 0 0 0 0 0 0 0 0 0 0 0 0 0 0 0 0 0 0 0 0 0 0 0 0 0 0 0 0 0 0 0 0 0 0 0 0 0 0 0 0 0 0 0 0 0 0 0 0 0 0 0 0 0 0 0 0 0 0 0 0 0 0 0 0 0 0 0 0 0 0 0 0 0 0 0 0 0 0 0 0 0 0 0 0 0 0 0 0 0 0 0 0 0 0 0 0 0 0 0 0 0 0 0 0 0 0 0 0 0 0 0 0 0 0 0 0 0 0 0 0 0 0 0 0 0 0 0 0 0 0 0 0 0 0 0 0 0 0 0 0 0 0 0 0 0 0 0 0 0 0 0 0 0 0 0 0 0 0 0 0 0 0 0 0 0 0 0 0 0 0 0 0 0 0 0 0 0 0 0 0 0 0 0 0 0 0 0 0 0 0 0 0 0 0 0 0 0 0 0 0 0 0 0 0 0 0 0 0 0 0 0 0 0 0 0 0 0 0 0 0 0 0 0 0 0 0 0 0 0 0 0 0 0 0 0 0 0 0 0 0 0 0 0 0 0 0 0 0 0 0 0 0 0 0 0 0 0 0 0 0 0 0 0 0 0 0 0 0 0 0 0 0 0 0 0 0 0 0 0 0 0 0 0 0 0 0 0 0 0 0 0 0 0 0 0 0 0 0 0 0 0 0 0 0 0 0 0 0 0 0 0 0 0 0 0 0 0 0 0 0 0 0 0 0 0 0 0 0 0 0 0 0 0 0 0 0 0 0 0 0 0 0 0 0 0 0 0 0 0 0 0 0 0 0 0 0 0 0 0 0 0 0 0 0 0 0 0 0 0 0 0 0 0 0 0 0 0 0 0 0 0 0 0 0 0 0 0 0 0 0 0 0 0 0 0 0 0 0 0 0 0 0 0 0 0 0 0 0 0 0 0 0 0 0 0 0 0 0 0 0 0 0 0 0 0 0 0 0 0 0 0 0 0 0 0 0 0 0 0 0 0 0 0 0 0 0 0 0 0 0 0 0 0 0 0 0 0 0 0 0 0 0 0 0 0 0 0 0 0 0 0 0 0 0 0 0 0 0 0 0 0 0 0 0 0 0 0 0 0 0 0 0 0 0 0 0 0 0 0 0 0 0 0 0 0 0 0 0 0 0 0 0 0 0 0 0 0 0 0 0 0 0 0 0 0 0 0 0 0 0 0 0 0 0 0 0 0 0 0 0 0 0 0 0 0 0 0 0 0 0 0 0 0 0 0 0 0 0 0 0 0 0 0 0 0 0 0 0 0 0 0 0 0 0 0 0 0 0 0 0 0 0 0 0 0 0
ctxt 5132543369
btime 1790630938
processes 788406
procs_running 3
procs_blocked 27
softirq 4628780149 73526 12293519 2753160 209250454 493985 0 13560023 51587208 421 43800557
--
cpu  3485214 1562 1630178 46735813 375837 0 786635 0 0 0
cpu0 128468 28 46038 1467418 4671 0 25179 0 0 0
cpu1 131340 33 47244 1468342 5664 0 24925 0 0 0
cpu2 132763 33 47302 1467693 5670 0 25012 0 0 0
cpu3 207586 32 68096 1356751 4150 0 40849 0 0 0
cpu4 209269 36 66876 1357289 4732 0 41006 0 0 0
cpu5 139326 35 49180 1458146 6398 0 25908 0 0 0
cpu6 139353 32 49279 1457908 6564 0 26720 0 0 0
cpu7 146597 29 52771 1444752 6476 0 29576 0 0 0
cpu8 41198 57 43601 1526081 14375 0 13357 0 0 0
cpu9 47225 62 46764 1502030 17692 0 14555 0 0 0
cpu10 44834 63 45142 1510098 15888 0 14368 0 0 0
cpu11 40984 58 41075 1530357 14430 0 12781 0 0 0
cpu12 82145 137 50651 1459236 19885 0 15746 0 0 0
cpu13 78617 69 51619 1458759 20623 0 16092 0 0 0
cpu14 40817 57 40523 1533716 13699 0 12520 0 0 0
cpu15 37920 59 37199 1547096 13969 0 11366 0 0 0
cpu16 174376 27 57820 1408089 6262 0 33470 0 0 0
cpu17 163215 27 55866 1420492 8201 0 31881 0 0 0
cpu18 155412 27 54529 1431066 7884 0 31110 0 0 0
cpu19 274014 26 81501 1268874 3796 0 50765 0 0 0
cpu20 244312 25 76310 1305099 5671 0 48228 0 0 0
cpu21 149463 29 53397 1436932 9340 0 30387 0 0 0
cpu22 139771 33 51348 1449916 9250 0 28563 0 0 0
cpu23 120348 31 45592 1481560 8854 0 23811 0 0 0
cpu24 44094 60 41955 1527945 16521 0 13472 0 0 0
cpu25 49290 61 46794 1503879 18565 0 15908 0 0 0
cpu26 47162 57 45664 1510248 17761 0 15465 0 0 0
cpu27 39849 46 40698 1520471 16484 0 21340 0 0 0
cpu28 74992 79 54326 1446185 20938 0 28465 0 0 0
cpu29 78775 116 56291 1435196 21446 0 28996 0 0 0
cpu30 39243 43 42217 1514418 15113 0 21324 0 0 0
cpu31 42444 43 42492 1529754 14850 0 13473 0 0 0
intr 3245745356 126 0 0 0 0 0 0 0 0 1 0 0 0 0 0 0 0 0 0 0 0 0 0 0 0 0 0 1 1 1 0 0 0 0 1 0 1 0 0 75045 0 0 0 0 0 0 0 0 411 0 0 0 0 0 0 0 0 87 0 0 0 0 0 0 0 0 0 0 0 0 0 0 0 474918 2 35056050 34995284 34911268 35052170 0 13896 10733 12143 11540 8363 9732 12760 13863 10820 38167 51964 40672 33877 51222 50013 31144 28009 12613 14362 17150 7521 10988 15753 15576 13843 35364 44683 39359 32906 50322 54340 29988 32159 0 0 0 0 617141 4442 1036 0 264 0 0 0 0 0 0 0 0 0 0 0 0 0 0 0 0 0 0 0 0 0 0 0 0 0 0 0 0 0 0 0 0 0 0 0 0 0 0 0 0 0 0 0 0 0 0 0 0 0 0 0 0 0 0 0 0 0 0 0 0 0 0 0 0 0 0 0 0 0 0 0 0 0 0 0 0 0 0 0 0 0 0 0 0 0 0 0 0 0 0 0 0 0 0 0 0 0 0 0 0 0 0 0 0 0 0 0 0 0 0 0 0 0 0 0 0 0 0 0 0 0 0 0 0 0 0 0 0 0 0 0 0 0 0 0 0 0 0 0 0 0 0 0 0 0 0 0 0 0 0 0 0 0 0 0 0 0 0 0 0 0 0 0 0 0 0 0 0 0 0 0 0 0 0 0 0 0 0 0 0 0 0 0 0 0 0 0 0 0 0 0 0 0 0 0 0 0 0 0 0 0 0 0 0 0 0 0 0 0 0 0 0 0 0 0 0 0 0 0 0 0 0 0 0 0 0 0 0 0 0 0 0 0 0 0 0 0 0 0 0 0 0 0 0 0 0 0 0 0 0 0 0 0 0 0 0 0 0 0 0 0 0 0 0 0 0 0 0 0 0 0 0 0 0 0 0 0 0 0 0 0 0 0 0 0 0 0 0 0 0 0 0 0 0 0 0 0 0 0 0 0 0 0 0 0 0 0 0 0 0 0 0 0 0 0 0 0 0 0 0 0 0 0 0 0 0 0 0 0 0 0 0 0 0 0 0 0 0 0 0 0 0 0 0 0 0 0 0 0 0 0 0 0 0 0 0 0 0 0 0 0 0 0 0 0 0 0 0 0 0 0 0 0 0 0 0 0 0 0 0 0 0 0 0 0 0 0 0 0 0 0 0 0 0 0 0 0 0 0 0 0 0 0 0 0 0 0 0 0 0 0 0 0 0 0 0 0 0 0 0 0 0 0 0 0 0 0 0 0 0 0 0 0 0 0 0 0 0 0 0 0 0 0 0 0 0 0 0 0 0 0 0 0 0 0 0 0 0 0 0 0 0 0 0 0 0 0 0 0 0 0 0 0 0 0 0 0 0 0 0 0 0 0 0 0 0 0 0 0 0 0 0 0 0 0 0 0 0 0 0 0 0 0 0 0 0 0 0 0 0 0 0 0 0 0 0 0 0 0 0 0 0 0 0 0 0 0 0 0 0 0 0 0 0 0 0 0 0 0 0 0 0 0 0 0 0 0 0 0 0 0 0 0 0 0 0 0 0 0 0 0 0 0 0 0 0 0 0 0 0 0 0 0 0 0 0 0 0 0 0 0 0 0 0 0 0 0 0 0 0 0 0 0 0 0 0 0 0 0 0 0 0 0 0 0 0 0 0 0 0 0 0 0 0 0 0 0 0 0 0 0 0 0 0 0 0 0 0 0 0 0 0 0 0 0 0 0 0 0 0 0 0 0 0 0 0 0 0 0 0 0 0 0 0 0 0 0 0 0 0 0 0 0 0 0 0 0 0 0 0 0 0 0 0 0 0 0 0 0 0 0 0 0 0 0 0 0 0 0 0 0 0 0 0 0 0 0 0 0 0 0 0 0 0 0 0 0 0 0 0 0 0 0 0 0 0 0 0 0 0 0 0 0 0 0 0 0 0 0 0 0 0 0 0 0 0 0 0 0 0 0 0 0 0 0 0 0 0 0 0 0 0 0 0 0 0 0 0 0 0 0 0 0 0 0 0 0 0 0 0 0 0 0 0 0 0 0 0 0 0 0 0 0 0 0 0 0 0 0 0 0 0 0 0 0 0 0 0 0 0 0 0 0 0 0 0 0 0 0 0 0 0 0 0 0 0 0 0 0 0 0 0 0 0 0 0 0 0 0 0 0 0 0 0 0 0 0 0 0 0 0 0 0 0 0 0 0 0 0 0 0 0 0 0 0 0 0 0 0 0 0 0 0 0 0 0 0 0 0 0 0 0 0 0 0 0 0 0 0 0 0 0 0 0 0 0 0 0 0 0 0 0 0 0 0 0 0 0 0 0 0 0 0 0 0 0 0 0 0 0 0 0 0 0 0 0 0 0 0 0 0 0 0 0 0 0 0 0 0 0 0 0 0 0 0 0 0 0 0 0 0 0 0 0 0 0 0 0 0 0 0 0 0 0 0 0 0 0 0 0 0 0 0 0 0 0 0 0 0 0 0 0 0 0 0 0 0 0 0 0 0 0 0 0 0 0 0 0 0 0 0 0 0 0 0 0 0 0 0 0 0 0 0 0 0 0 0 0 0 0 0 0 0 0 0 0 0 0 0 0 0 0 0 0 0 0 0 0 0 0 0 0 0 0 0 0 0 0 0 0 0 0 0 0 0 0 0 0 0 0 0 0 0 0 0 0 0 0 0 0 0 0 0 0 0 0 0 0 0 0 0 0 0 0 0 0 0 0 0 0 0 0 0 0 0 0 0 0 0 0 0 0 0 0 0 0 0 0 0 0 0 0
ctxt 5133738400
btime 1790630938
processes 788458
procs_running 3
procs_blocked 11
softirq 4628954889 73526 12300433 2753160 209385800 495895 0 13560023 51604511 421 43813824
