Running 10s test @ http://127.0.0.1:18500/usleep?ms=10
  16 threads and 32 connections
  Thread Stats   Avg      Stdev     Max   +/- Stdev
    Latency   162.64ms   34.43ms 295.31ms   87.51%
    Req/Sec    12.77      4.76    20.00     67.11%
  Latency Distribution
     50%  152.62ms
     75%  162.86ms
     90%  213.55ms
     99%  284.99ms
  1953 requests in 10.01s, 295.62KB read
Requests/sec:    195.09
Transfer/sec:     29.53KB
## server-stat
cpu  3240782 1429 1578139 42106805 151974 0 774137 0 0 0
cpu0 118832 27 44139 1320984 2427 0 24400 0 0 0
cpu1 122927 31 45538 1320482 2621 0 24393 0 0 0
cpu2 124215 31 45694 1319913 2351 0 24549 0 0 0
cpu3 183760 30 63685 1227204 2080 0 39229 0 0 0
cpu4 185938 34 62941 1227202 2083 0 39274 0 0 0
cpu5 131074 31 47607 1310415 2438 0 25591 0 0 0
cpu6 131775 28 47912 1309602 2281 0 26362 0 0 0
cpu7 139667 26 51461 1295947 1978 0 29220 0 0 0
cpu8 40768 50 42932 1374993 5417 0 13303 0 0 0
cpu9 46546 56 45989 1352922 7957 0 14461 0 0 0
cpu10 44321 55 44417 1360782 5956 0 14297 0 0 0
cpu11 40599 51 40415 1379972 4813 0 12733 0 0 0
cpu12 78797 130 49562 1314108 9778 0 15602 0 0 0
cpu13 75485 61 50468 1313941 10282 0 15926 0 0 0
cpu14 40368 50 39771 1383290 4728 0 12449 0 0 0
cpu15 37590 53 36512 1396283 4707 0 11311 0 0 0
cpu16 159833 25 55711 1266640 2875 0 33072 0 0 0
cpu17 149756 24 53887 1278496 4142 0 31521 0 0 0
cpu18 144007 24 52792 1287579 3000 0 30785 0 0 0
cpu19 238301 24 75773 1152060 1910 0 49114 0 0 0
cpu20 213252 24 71568 1183010 2999 0 46916 0 0 0
cpu21 138896 27 51639 1293280 3849 0 29967 0 0 0
cpu22 131365 30 49806 1304353 3219 0 28215 0 0 0
cpu23 114431 30 44220 1333093 2991 0 23541 0 0 0
cpu24 43532 53 41173 1378828 5666 0 13422 0 0 0
cpu25 48654 57 45990 1355132 7702 0 15845 0 0 0
cpu26 46601 51 44894 1361155 6939 0 15406 0 0 0
cpu27 39370 40 39948 1370795 5756 0 21298 0 0 0
cpu28 72737 75 53275 1300800 9152 0 28347 0 0 0
cpu29 76547 113 55214 1289917 9711 0 28866 0 0 0
cpu30 38817 36 41458 1364095 5432 0 21274 0 0 0
cpu31 42007 38 41734 1379516 4717 0 13436 0 0 0
intr 3153170778 126 0 0 0 0 0 0 0 0 1 0 0 0 0 0 0 0 0 0 0 0 0 0 0 0 0 0 1 1 1 0 0 0 0 1 0 1 0 0 75045 0 0 0 0 0 0 0 0 411 0 0 0 0 0 0 0 0 87 0 0 0 0 0 0 0 0 0 0 0 0 0 0 0 408057 2 35048577 34989687 34907690 35046547 0 12592 6095 7048 6023 4925 5645 6092 6996 5204 24962 35867 26170 20870 30400 31681 21306 17535 7999 8271 7667 4417 7001 8799 8283 6593 22395 25792 24086 20122 25689 26336 17406 19341 0 0 0 0 617033 4319 1036 0 264 0 0 0 0 0 0 0 0 0 0 0 0 0 0 0 0 0 0 0 0 0 0 0 0 0 0 0 0 0 0 0 0 0 0 0 0 0 0 0 0 0 0 0 0 0 0 0 0 0 0 0 0 0 0 0 0 0 0 0 0 0 0 0 0 0 0 0 0 0 0 0 0 0 0 0 0 0 0 0 0 0 0 0 0 0 0 0 0 0 0 0 0 0 0 0 0 0 0 0 0 0 0 0 0 0 0 0 0 0 0 0 0 0 0 0 0 0 0 0 0 0 0 0 0 0 0 0 0 0 0 0 0 0 0 0 0 0 0 0 0 0 0 0 0 0 0 0 0 0 0 0 0 0 0 0 0 0 0 0 0 0 0 0 0 0 0 0 0 0 0 0 0 0 0 0 0 0 0 0 0 0 0 0 0 0 0 0 0 0 0 0 0 0 0 0 0 0 0 0 0 0 0 0 0 0 0 0 0 0 0 0 0 0 0 0 0 0 0 0 0 0 0 0 0 0 0 0 0 0 0 0 0 0 0 0 0 0 0 0 0 0 0 0 0 0 0 0 0 0 0 0 0 0 0 0 0 0 0 0 0 0 0 0 0 0 0 0 0 0 0 0 0 0 0 0 0 0 0 0 0 0 0 0 0 0 0 0 0 0 0 0 0 0 0 0 0 0 0 0 0 0 0 0 0 0 0 0 0 0 0 0 0 0 0 0 0 0 0 0 0 0 0 0 0 0 0 0 0 0 0 0 0 0 0 0 0 0 0 0 0 0 0 0 0 0 0 0 0 0 0 0 0 0 0 0 0 0 0 0 0 0 0 0 0 0 0 0 0 0 0 0 0 0 0 0 0 0 0 0 0 0 0 0 0 0 0 0 0 0 0 0 0 0 0 0 0 0 0 0 0 0 0 0 0 0 0 0 0 0 0 0 0 0 0 0 0 0 0 0 0 0 0 0 0 0 0 0 0 0 0 0 0 0 0 0 0 0 0 0 0 0 0 0 0 0 0 0 0 0 0 0 0 0 0 0 0 0 0 0 0 0 0 0 0 0 0 0 0 0 0 0 0 0 0 0 0 0 0 0 0 0 0 0 0 0 0 0 0 0 0 0 0 0 0 0 0 0 0 0 0 0 0 0 0 0 0 0 0 0 0 0 0 0 0 0 0 0 0 0 0 0 0 0 0 0 0 0 0 0 0 0 0 0 0 0 0 0 0 0 0 0 0 0 0 0 0 0 0 0 0 0 0 0 0 0 0 0 0 0 0 0 0 0 0 0 0 0 0 0 0 0 0 0 0 0 0 0 0 0 0 0 0 0 0 0 0 0 0 0 0 0 0 0 0 0 0 0 0 0 0 0 0 0 0 0 0 0 0 0 0 0 0 0 0 0 0 0 0 0 0 0 0 0 0 0 0 0 0 0 0 0 0 0 0 0 0 0 0 0 0 0 0 0 0 0 0 0 0 0 0 0 0 0 0 0 0 0 0 0 0 0 0 0 0 0 0 0 0 0 0 0 0 0 0 0 0 0 0 0 0 0 0 0 0 0 0 0 0 0 0 0 0 0 0 0 0 0 0 0 0 0 0 0 0 0 0 0 0 0 0 0 0 0 0 0 0 0 0 0 0 0 0 0 0 0 0 0 0 0 0 0 0 0 0 0 0 0 0 0 0 0 0 0 0 0 0 0 0 0 0 0 0 0 0 0 0 0 0 0 0 0 0 0 0 0 0 0 0 0 0 0 0 0 0 0 0 0 0 0 0 0 0 0 0 0 0 0 0 0 0 0 0 0 0 0 0 0 0 0 0 0 0 0 0 0 0 0 0 0 0 0 0 0 0 0 0 0 0 0 0 0 0 0 0 0 0 0 0 0 0 0 0 0 0 0 0 0 0 0 0 0 0 0 0 0 0 0 0 0 0 0 0 0 0 0 0 0 0 0 0 0 0 0 0 0 0 0 0 0 0 0 0 0 0 0 0 0 0 0 0 0 0 0 0 0 0 0 0 0 0 0 0 0 0 0 0 0 0 0 0 0 0 0 0 0 0 0 0 0 0 0 0 0 0 0 0 0 0 0 0 0 0 0 0 0 0 0 0 0 0 0 0 0 0 0 0 0 0 0 0 0 0 0 0 0 0 0 0 0 0 0 0 0 0 0 0 0 0 0 0 0 0 0 0 0 0 0 0 0 0 0 0 0 0 0 0 0 0 0 0 0 0 0 0 0 0 0 0 0 0 0 0 0 0 0 0 0 0 0 0 0 0 0 0 0 0 0 0 0 0 0 0 0 0 0 0 0 0 0 0 0 0 0 0 0 0 0 0 0 0 0 0 0 0 0 0 0 0 0 0 0 0 0 0 0 0 0 0 0 0 0 0 0 0 0 0 0 0 0 0 0 0 0 0 0 0 0 0 0 0 0 0 0 0 0 0 0 0 0 0 0 0 0 0 0 0 0 0 0 0 0 0 0 0 0 0 0 0 0 0 0 0
ctxt 4973967262
btime 1790630938
processes 527621
procs_running 1
procs_blocked 0
softirq 4543461894 73526 11120820 2753138 134385466 426914 0 13559711 48748769 421 37425833
--
cpu  3240870 1430 1578158 42132224 152011 0 774138 0 0 0
cpu0 118832 27 44140 1321781 2427 0 24400 0 0 0
cpu1 122927 31 45539 1321281 2621 0 24393 0 0 0
cpu2 124215 31 45694 1320711 2352 0 24549 0 0 0
cpu3 183770 30 63688 1227989 2081 0 39229 0 0 0
cpu4 185940 34 62942 1227995 2083 0 39274 0 0 0
cpu5 131074 31 47607 1311213 2438 0 25591 0 0 0
cpu6 131775 28 47912 1310401 2281 0 26362 0 0 0
cpu7 139667 26 51461 1296746 1978 0 29220 0 0 0
cpu8 40769 50 42932 1375791 5417 0 13303 0 0 0
cpu9 46549 56 45990 1353716 7958 0 14461 0 0 0
cpu10 44322 55 44417 1361579 5956 0 14297 0 0 0
cpu11 40599 51 40415 1380771 4814 0 12733 0 0 0
cpu12 78802 130 49563 1314899 9778 0 15602 0 0 0
cpu13 75504 61 50470 1314718 10283 0 15926 0 0 0
cpu14 40369 50 39772 1384054 4761 0 12449 0 0 0
cpu15 37591 53 36513 1397082 4707 0 11311 0 0 0
cpu16 159833 25 55711 1267439 2875 0 33072 0 0 0
cpu17 149756 24 53887 1279295 4142 0 31521 0 0 0
cpu18 144008 24 52792 1288377 3001 0 30785 0 0 0
cpu19 238305 24 75774 1152854 1910 0 49114 0 0 0
cpu20 213252 24 71569 1183809 2999 0 46916 0 0 0
cpu21 138896 27 51639 1294079 3849 0 29967 0 0 0
cpu22 131365 30 49807 1305152 3219 0 28215 0 0 0
cpu23 114431 30 44220 1333892 2991 0 23541 0 0 0
cpu24 43534 53 41174 1379625 5666 0 13422 0 0 0
cpu25 48656 57 45990 1355929 7702 0 15845 0 0 0
cpu26 46604 51 44894 1361951 6939 0 15406 0 0 0
cpu27 39372 40 39949 1371592 5756 0 21298 0 0 0
cpu28 72738 75 53275 1301596 9153 0 28347 0 0 0
cpu29 76576 113 55217 1290685 9711 0 28866 0 0 0
cpu30 38818 36 41459 1364893 5432 0 21274 0 0 0
cpu31 42007 38 41734 1380315 4717 0 13436 0 0 0
intr 3153279798 126 0 0 0 0 0 0 0 0 1 0 0 0 0 0 0 0 0 0 0 0 0 0 0 0 0 0 1 1 1 0 0 0 0 1 0 1 0 0 75045 0 0 0 0 0 0 0 0 411 0 0 0 0 0 0 0 0 87 0 0 0 0 0 0 0 0 0 0 0 0 0 0 0 408436 2 35048597 34989709 34907728 35046572 0 12600 6554 7048 6023 5155 5645 6092 6996 5204 24962 35867 26170 20870 30401 31681 21306 17535 8000 8271 7676 4417 7001 8799 8283 6593 22395 25792 24087 20123 25689 26336 17406 19341 0 0 0 0 617033 4319 1036 0 264 0 0 0 0 0 0 0 0 0 0 0 0 0 0 0 0 0 0 0 0 0 0 0 0 0 0 0 0 0 0 0 0 0 0 0 0 0 0 0 0 0 0 0 0 0 0 0 0 0 0 0 0 0 0 0 0 0 0 0 0 0 0 0 0 0 0 0 0 0 0 0 0 0 0 0 0 0 0 0 0 0 0 0 0 0 0 0 0 0 0 0 0 0 0 0 0 0 0 0 0 0 0 0 0 0 0 0 0 0 0 0 0 0 0 0 0 0 0 0 0 0 0 0 0 0 0 0 0 0 0 0 0 0 0 0 0 0 0 0 0 0 0 0 0 0 0 0 0 0 0 0 0 0 0 0 0 0 0 0 0 0 0 0 0 0 0 0 0 0 0 0 0 0 0 0 0 0 0 0 0 0 0 0 0 0 0 0 0 0 0 0 0 0 0 0 0 0 0 0 0 0 0 0 0 0 0 0 0 0 0 0 0 0 0 0 0 0 0 0 0 0 0 0 0 0 0 0 0 0 0 0 0 0 0 0 0 0 0 0 0 0 0 0 0 0 0 0 0 0 0 0 0 0 0 0 0 0 0 0 0 0 0 0 0 0 0 0 0 0 0 0 0 0 0 0 0 0 0 0 0 0 0 0 0 0 0 0 0 0 0 0 0 0 0 0 0 0 0 0 0 0 0 0 0 0 0 0 0 0 0 0 0 0 0 0 0 0 0 0 0 0 0 0 0 0 0 0 0 0 0 0 0 0 0 0 0 0 0 0 0 0 0 0 0 0 0 0 0 0 0 0 0 0 0 0 0 0 0 0 0 0 0 0 0 0 0 0 0 0 0 0 0 0 0 0 0 0 0 0 0 0 0 0 0 0 0 0 0 0 0 0 0 0 0 0 0 0 0 0 0 0 0 0 0 0 0 0 0 0 0 0 0 0 0 0 0 0 0 0 0 0 0 0 0 0 0 0 0 0 0 0 0 0 0 0 0 0 0 0 0 0 0 0 0 0 0 0 0 0 0 0 0 0 0 0 0 0 0 0 0 0 0 0 0 0 0 0 0 0 0 0 0 0 0 0 0 0 0 0 0 0 0 0 0 0 0 0 0 0 0 0 0 0 0 0 0 0 0 0 0 0 0 0 0 0 0 0 0 0 0 0 0 0 0 0 0 0 0 0 0 0 0 0 0 0 0 0 0 0 0 0 0 0 0 0 0 0 0 0 0 0 0 0 0 0 0 0 0 0 0 0 0 0 0 0 0 0 0 0 0 0 0 0 0 0 0 0 0 0 0 0 0 0 0 0 0 0 0 0 0 0 0 0 0 0 0 0 0 0 0 0 0 0 0 0 0 0 0 0 0 0 0 0 0 0 0 0 0 0 0 0 0 0 0 0 0 0 0 0 0 0 0 0 0 0 0 0 0 0 0 0 0 0 0 0 0 0 0 0 0 0 0 0 0 0 0 0 0 0 0 0 0 0 0 0 0 0 0 0 0 0 0 0 0 0 0 0 0 0 0 0 0 0 0 0 0 0 0 0 0 0 0 0 0 0 0 0 0 0 0 0 0 0 0 0 0 0 0 0 0 0 0 0 0 0 0 0 0 0 0 0 0 0 0 0 0 0 0 0 0 0 0 0 0 0 0 0 0 0 0 0 0 0 0 0 0 0 0 0 0 0 0 0 0 0 0 0 0 0 0 0 0 0 0 0 0 0 0 0 0 0 0 0 0 0 0 0 0 0 0 0 0 0 0 0 0 0 0 0 0 0 0 0 0 0 0 0 0 0 0 0 0 0 0 0 0 0 0 0 0 0 0 0 0 0 0 0 0 0 0 0 0 0 0 0 0 0 0 0 0 0 0 0 0 0 0 0 0 0 0 0 0 0 0 0 0 0 0 0 0 0 0 0 0 0 0 0 0 0 0 0 0 0 0 0 0 0 0 0 0 0 0 0 0 0 0 0 0 0 0 0 0 0 0 0 0 0 0 0 0 0 0 0 0 0 0 0 0 0 0 0 0 0 0 0 0 0 0 0 0 0 0 0 0 0 0 0 0 0 0 0 0 0 0 0 0 0 0 0 0 0 0 0 0 0 0 0 0 0 0 0 0 0 0 0 0 0 0 0 0 0 0 0 0 0 0 0 0 0 0 0 0 0 0 0 0 0 0 0 0 0 0 0 0 0 0 0 0 0 0 0 0 0 0 0 0 0 0 0 0 0 0 0 0 0 0 0 0 0 0 0 0 0 0 0 0 0 0 0 0 0 0 0 0 0 0 0 0 0 0 0 0 0 0 0 0 0 0 0 0 0 0 0 0 0 0 0 0 0 0 0 0 0 0 0 0 0 0 0 0 0 0 0 0 0 0 0 0 0 0 0 0 0 0 0 0 0 0 0 0 0 0 0 0 0 0 0 0 0 0 0 0 0 0 0 0 0 0 0 0 0 0 0 0 0 0 0 0 0 0 0 0 0 0 0 0 0 0 0 0 0 0
ctxt 4974108516
btime 1790630938
processes 527704
procs_running 1
procs_blocked 0
softirq 4543484594 73526 11125035 2753138 134389114 427308 0 13559711 48756237 421 37432808
