Running 10s test @ http://127.0.0.1:18500/json
  16 threads and 32 connections
  Thread Stats   Avg      Stdev     Max   +/- Stdev
    Latency     0.90ms  140.81us   2.50ms   82.34%
    Req/Sec     2.23k   131.44     2.62k    65.12%
  Latency Distribution
     50%  839.00us
     75%    0.99ms
     90%    1.07ms
     99%    1.33ms
  357870 requests in 10.10s, 80.54MB read
Requests/sec:  35433.50
Transfer/sec:      7.97MB
## server-stat
cpu  3250721 1441 1581527 42536231 186034 0 774587 0 0 0
cpu0 119198 27 44234 1334778 2979 0 24444 0 0 0
cpu1 123126 31 45621 1334374 3318 0 24415 0 0 0
cpu2 124356 31 45763 1333902 3055 0 24561 0 0 0
cpu3 185450 30 64081 1239698 2352 0 39276 0 0 0
cpu4 186911 34 63116 1240371 2649 0 39307 0 0 0
cpu5 131224 32 47676 1324297 3247 0 25602 0 0 0
cpu6 131849 29 47979 1323630 3036 0 26372 0 0 0
cpu7 139720 26 51520 1310001 2740 0 29227 0 0 0
cpu8 40797 50 42986 1388653 6599 0 13306 0 0 0
cpu9 46611 57 46051 1366515 9103 0 14466 0 0 0
cpu10 44366 56 44476 1374354 7171 0 14301 0 0 0
cpu11 40625 52 40468 1393636 5989 0 12734 0 0 0
cpu12 79093 131 49643 1327301 11052 0 15608 0 0 0
cpu13 75795 62 50556 1326959 11728 0 15932 0 0 0
cpu14 40398 51 39832 1396912 5914 0 12453 0 0 0
cpu15 37613 53 36570 1410048 5785 0 11313 0 0 0
cpu16 160056 25 55796 1280303 3813 0 33083 0 0 0
cpu17 149892 24 53969 1292107 5222 0 31534 0 0 0
cpu18 144108 24 52868 1301234 4090 0 30795 0 0 0
cpu19 240829 24 76321 1163417 2300 0 49203 0 0 0
cpu20 214897 24 71860 1195121 3816 0 46983 0 0 0
cpu21 138994 27 51716 1306922 4952 0 29978 0 0 0
cpu22 131427 30 49875 1318130 4242 0 28222 0 0 0
cpu23 114486 30 44282 1346998 3902 0 23544 0 0 0
cpu24 43581 53 41243 1392081 7217 0 13423 0 0 0
cpu25 48709 57 46058 1368418 9216 0 15848 0 0 0
cpu26 46645 52 44956 1374423 8492 0 15408 0 0 0
cpu27 39415 40 40016 1384137 7251 0 21300 0 0 0
cpu28 72911 75 53359 1313898 10685 0 28351 0 0 0
cpu29 76733 113 55303 1302945 11302 0 28872 0 0 0
cpu30 38852 37 41520 1377693 6666 0 21275 0 0 0
cpu31 42040 38 41798 1392958 6133 0 13437 0 0 0
intr 3160044138 126 0 0 0 0 0 0 0 0 1 0 0 0 0 0 0 0 0 0 0 0 0 0 0 0 0 0 1 1 1 0 0 0 0 1 0 1 0 0 75045 0 0 0 0 0 0 0 0 411 0 0 0 0 0 0 0 0 87 0 0 0 0 0 0 0 0 0 0 0 0 0 0 0 414865 2 35048998 34990058 34908261 35046955 0 12712 7208 7960 6998 5545 6378 7290 7809 5942 26487 37547 27706 22177 33360 33661 22492 18721 9008 9433 8912 4916 7929 10001 9326 8072 24007 27996 25891 21715 28722 29353 18712 20819 0 0 0 0 617041 4327 1036 0 264 0 0 0 0 0 0 0 0 0 0 0 0 0 0 0 0 0 0 0 0 0 0 0 0 0 0 0 0 0 0 0 0 0 0 0 0 0 0 0 0 0 0 0 0 0 0 0 0 0 0 0 0 0 0 0 0 0 0 0 0 0 0 0 0 0 0 0 0 0 0 0 0 0 0 0 0 0 0 0 0 0 0 0 0 0 0 0 0 0 0 0 0 0 0 0 0 0 0 0 0 0 0 0 0 0 0 0 0 0 0 0 0 0 0 0 0 0 0 0 0 0 0 0 0 0 0 0 0 0 0 0 0 0 0 0 0 0 0 0 0 0 0 0 0 0 0 0 0 0 0 0 0 0 0 0 0 0 0 0 0 0 0 0 0 0 0 0 0 0 0 0 0 0 0 0 0 0 0 0 0 0 0 0 0 0 0 0 0 0 0 0 0 0 0 0 0 0 0 0 0 0 0 0 0 0 0 0 0 0 0 0 0 0 0 0 0 0 0 0 0 0 0 0 0 0 0 0 0 0 0 0 0 0 0 0 0 0 0 0 0 0 0 0 0 0 0 0 0 0 0 0 0 0 0 0 0 0 0 0 0 0 0 0 0 0 0 0 0 0 0 0 0 0 0 0 0 0 0 0 0 0 0 0 0 0 0 0 0 0 0 0 0 0 0 0 0 0 0 0 0 0 0 0 0 0 0 0 0 0 0 0 0 0 0 0 0 0 0 0 0 0 0 0 0 0 0 0 0 0 0 0 0 0 0 0 0 0 0 0 0 0 0 0 0 0 0 0 0 0 0 0 0 0 0 0 0 0 0 0 0 0 0 0 0 0 0 0 0 0 0 0 0 0 0 0 0 0 0 0 0 0 0 0 0 0 0 0 0 0 0 0 0 0 0 0 0 0 0 0 0 0 0 0 0 0 0 0 0 0 0 0 0 0 0 0 0 0 0 0 0 0 0 0 0 0 0 0 0 0 0 0 0 0 0 0 0 0 0 0 0 0 0 0 0 0 0 0 0 0 0 0 0 0 0 0 0 0 0 0 0 0 0 0 0 0 0 0 0 0 0 0 0 0 0 0 0 0 0 0 0 0 0 0 0 0 0 0 0 0 0 0 0 0 0 0 0 0 0 0 0 0 0 0 0 0 0 0 0 0 0 0 0 0 0 0 0 0 0 0 0 0 0 0 0 0 0 0 0 0 0 0 0 0 0 0 0 0 0 0 0 0 0 0 0 0 0 0 0 0 0 0 0 0 0 0 0 0 0 0 0 0 0 0 0 0 0 0 0 0 0 0 0 0 0 0 0 0 0 0 0 0 0 0 0 0 0 0 0 0 0 0 0 0 0 0 0 0 0 0 0 0 0 0 0 0 0 0 0 0 0 0 0 0 0 0 0 0 0 0 0 0 0 0 0 0 0 0 0 0 0 0 0 0 0 0 0 0 0 0 0 0 0 0 0 0 0 0 0 0 0 0 0 0 0 0 0 0 0 0 0 0 0 0 0 0 0 0 0 0 0 0 0 0 0 0 0 0 0 0 0 0 0 0 0 0 0 0 0 0 0 0 0 0 0 0 0 0 0 0 0 0 0 0 0 0 0 0 0 0 0 0 0 0 0 0 0 0 0 0 0 0 0 0 0 0 0 0 0 0 0 0 0 0 0 0 0 0 0 0 0 0 0 0 0 0 0 0 0 0 0 0 0 0 0 0 0 0 0 0 0 0 0 0 0 0 0 0 0 0 0 0 0 0 0 0 0 0 0 0 0 0 0 0 0 0 0 0 0 0 0 0 0 0 0 0 0 0 0 0 0 0 0 0 0 0 0 0 0 0 0 0 0 0 0 0 0 0 0 0 0 0 0 0 0 0 0 0 0 0 0 0 0 0 0 0 0 0 0 0 0 0 0 0 0 0 0 0 0 0 0 0 0 0 0 0 0 0 0 0 0 0 0 0 0 0 0 0 0 0 0 0 0 0 0 0 0 0 0 0 0 0 0 0 0 0 0 0 0 0 0 0 0 0 0 0 0 0 0 0 0 0 0 0 0 0 0 0 0 0 0 0 0 0 0 0 0 0 0 0 0 0 0 0 0 0 0 0 0 0 0 0 0 0 0 0 0 0 0 0 0 0 0 0 0 0 0 0 0 0 0 0 0 0 0 0 0 0 0 0 0 0 0 0 0 0 0 0 0 0 0 0 0 0 0 0 0 0 0 0 0 0 0 0 0 0 0 0 0 0 0 0 0 0 0 0 0 0 0 0 0 0 0 0 0 0 0 0 0 0 0 0 0 0 0 0 0 0 0 0 0 0 0 0 0 0 0 0 0 0 0 0 0 0 0 0 0 0 0 0 0 0 0 0 0 0 0 0 0 0 0 0 0 0 0 0 0 0 0 0 0 0 0 0 0 0 0 0 0 0 0 0 0 0 0 0 0 0 0 0 0 0 0 0 0 0 0 0 0 0 0 0 0 0 0 0 0 0 0 0 0 0 0
ctxt 4985784730
btime 1790630938
processes 550325
procs_running 4
procs_blocked 0
softirq 4547224483 73526 11216698 2753138 137345250 433951 0 13559729 48981265 421 37893209
--
cpu  3252613 1442 1581680 42559094 186037 0 774635 0 0 0
cpu0 119324 27 44241 1335404 2979 0 24447 0 0 0
cpu1 123170 31 45629 1335079 3318 0 24419 0 0 0
cpu2 124399 31 45771 1334617 3055 0 24564 0 0 0
cpu3 185666 30 64095 1240248 2352 0 39279 0 0 0
cpu4 187093 34 63128 1240961 2649 0 39312 0 0 0
cpu5 131262 32 47684 1325017 3247 0 25604 0 0 0
cpu6 131872 29 47986 1324372 3036 0 26374 0 0 0
cpu7 139742 26 51525 1310750 2740 0 29229 0 0 0
cpu8 40798 50 42986 1389440 6599 0 13306 0 0 0
cpu9 46615 57 46052 1367290 9104 0 14467 0 0 0
cpu10 44368 56 44478 1375132 7171 0 14301 0 0 0
cpu11 40627 52 40469 1394417 5989 0 12734 0 0 0
cpu12 79102 131 49645 1328070 11053 0 15608 0 0 0
cpu13 75802 62 50560 1327728 11728 0 15933 0 0 0
cpu14 40400 51 39833 1397690 5914 0 12453 0 0 0
cpu15 37614 53 36570 1410828 5785 0 11314 0 0 0
cpu16 160100 25 55805 1281018 3813 0 33086 0 0 0
cpu17 149925 24 53976 1292833 5222 0 31537 0 0 0
cpu18 144133 24 52874 1301969 4090 0 30797 0 0 0
cpu19 241274 24 76339 1163732 2300 0 49207 0 0 0
cpu20 215423 24 71875 1195366 3816 0 46985 0 0 0
cpu21 139009 27 51722 1307676 4952 0 29980 0 0 0
cpu22 131446 30 49880 1318884 4242 0 28224 0 0 0
cpu23 114502 30 44285 1347757 3902 0 23546 0 0 0
cpu24 43582 53 41244 1392860 7217 0 13423 0 0 0
cpu25 48709 57 46059 1369203 9216 0 15848 0 0 0
cpu26 46646 52 44957 1375212 8493 0 15409 0 0 0
cpu27 39416 40 40016 1384926 7251 0 21300 0 0 0
cpu28 72913 76 53361 1314676 10685 0 28351 0 0 0
cpu29 76772 113 55305 1303695 11302 0 28872 0 0 0
cpu30 38854 37 41522 1378480 6667 0 21275 0 0 0
cpu31 42042 38 41798 1393749 6133 0 13437 0 0 0
intr 3161292001 126 0 0 0 0 0 0 0 0 1 0 0 0 0 0 0 0 0 0 0 0 0 0 0 0 0 0 1 1 1 0 0 0 0 1 0 1 0 0 75045 0 0 0 0 0 0 0 0 411 0 0 0 0 0 0 0 0 87 0 0 0 0 0 0 0 0 0 0 0 0 0 0 0 414865 2 35049022 34990069 34908280 35046966 0 12720 7208 7960 6998 5545 6378 7290 7809 5942 26487 37547 27706 22178 33360 33661 22492 18722 9008 9433 8918 4916 7929 10001 9326 8072 24007 27996 25891 21715 28722 29353 19272 20819 0 0 0 0 617041 4327 1036 0 264 0 0 0 0 0 0 0 0 0 0 0 0 0 0 0 0 0 0 0 0 0 0 0 0 0 0 0 0 0 0 0 0 0 0 0 0 0 0 0 0 0 0 0 0 0 0 0 0 0 0 0 0 0 0 0 0 0 0 0 0 0 0 0 0 0 0 0 0 0 0 0 0 0 0 0 0 0 0 0 0 0 0 0 0 0 0 0 0 0 0 0 0 0 0 0 0 0 0 0 0 0 0 0 0 0 0 0 0 0 0 0 0 0 0 0 0 0 0 0 0 0 0 0 0 0 0 0 0 0 0 0 0 0 0 0 0 0 0 0 0 0 0 0 0 0 0 0 0 0 0 0 0 0 0 0 0 0 0 0 0 0 0 0 0 0 0 0 0 0 0 0 0 0 0 0 0 0 0 0 0 0 0 0 0 0 0 0 0 0 0 0 0 0 0 0 0 0 0 0 0 0 0 0 0 0 0 0 0 0 0 0 0 0 0 0 0 0 0 0 0 0 0 0 0 0 0 0 0 0 0 0 0 0 0 0 0 0 0 0 0 0 0 0 0 0 0 0 0 0 0 0 0 0 0 0 0 0 0 0 0 0 0 0 0 0 0 0 0 0 0 0 0 0 0 0 0 0 0 0 0 0 0 0 0 0 0 0 0 0 0 0 0 0 0 0 0 0 0 0 0 0 0 0 0 0 0 0 0 0 0 0 0 0 0 0 0 0 0 0 0 0 0 0 0 0 0 0 0 0 0 0 0 0 0 0 0 0 0 0 0 0 0 0 0 0 0 0 0 0 0 0 0 0 0 0 0 0 0 0 0 0 0 0 0 0 0 0 0 0 0 0 0 0 0 0 0 0 0 0 0 0 0 0 0 0 0 0 0 0 0 0 0 0 0 0 0 0 0 0 0 0 0 0 0 0 0 0 0 0 0 0 0 0 0 0 0 0 0 0 0 0 0 0 0 0 0 0 0 0 0 0 0 0 0 0 0 0 0 0 0 0 0 0 0 0 0 0 0 0 0 0 0 0 0 0 0 0 0 0 0 0 0 0 0 0 0 0 0 0 0 0 0 0 0 0 0 0 0 0 0 0 0 0 0 0 0 0 0 0 0 0 0 0 0 0 0 0 0 0 0 0 0 0 0 0 0 0 0 0 0 0 0 0 0 0 0 0 0 0 0 0 0 0 0 0 0 0 0 0 0 0 0 0 0 0 0 0 0 0 0 0 0 0 0 0 0 0 0 0 0 0 0 0 0 0 0 0 0 0 0 0 0 0 0 0 0 0 0 0 0 0 0 0 0 0 0 0 0 0 0 0 0 0 0 0 0 0 0 0 0 0 0 0 0 0 0 0 0 0 0 0 0 0 0 0 0 0 0 0 0 0 0 0 0 0 0 0 0 0 0 0 0 0 0 0 0 0 0 0 0 0 0 0 0 0 0 0 0 0 0 0 0 0 0 0 0 0 0 0 0 0 0 0 0 0 0 0 0 0 0 0 0 0 0 0 0 0 0 0 0 0 0 0 0 0 0 0 0 0 0 0 0 0 0 0 0 0 0 0 0 0 0 0 0 0 0 0 0 0 0 0 0 0 0 0 0 0 0 0 0 0 0 0 0 0 0 0 0 0 0 0 0 0 0 0 0 0 0 0 0 0 0 0 0 0 0 0 0 0 0 0 0 0 0 0 0 0 0 0 0 0 0 0 0 0 0 0 0 0 0 0 0 0 0 0 0 0 0 0 0 0 0 0 0 0 0 0 0 0 0 0 0 0 0 0 0 0 0 0 0 0 0 0 0 0 0 0 0 0 0 0 0 0 0 0 0 0 0 0 0 0 0 0 0 0 0 0 0 0 0 0 0 0 0 0 0 0 0 0 0 0 0 0 0 0 0 0 0 0 0 0 0 0 0 0 0 0 0 0 0 0 0 0 0 0 0 0 0 0 0 0 0 0 0 0 0 0 0 0 0 0 0 0 0 0 0 0 0 0 0 0 0 0 0 0 0 0 0 0 0 0 0 0 0 0 0 0 0 0 0 0 0 0 0 0 0 0 0 0 0 0 0 0 0 0 0 0 0 0 0 0 0 0 0 0 0 0 0 0 0 0 0 0 0 0 0 0 0 0 0 0 0 0 0 0 0 0 0 0 0 0 0 0 0 0 0 0 0 0 0 0 0 0 0 0 0 0 0 0 0 0 0 0 0 0 0 0 0 0 0 0 0 0 0 0 0 0 0 0 0 0 0 0 0 0 0 0 0 0 0 0 0 0 0 0 0 0 0 0 0 0 0 0 0 0 0 0 0 0 0 0 0 0 0 0 0 0 0 0 0 0 0 0 0 0 0 0 0 0 0 0 0 0 0 0 0 0 0 0 0 0 0 0 0 0 0 0 0 0 0 0 0 0 0 0 0 0 0 0 0 0 0 0 0 0 0 0 0 0 0 0 0 0 0 0 0 0 0 0 0 0 0 0 0 0 0 0 0 0 0 0 0
ctxt 4988126060
btime 1790630938
processes 550405
procs_running 4
procs_blocked 0
softirq 4547821180 73526 11219670 2753138 137911230 433959 0 13559729 48996461 421 37905750
