Running 10s test @ http://127.0.0.1:18500/swerve/counter
  16 threads and 32 connections
  Thread Stats   Avg      Stdev     Max   +/- Stdev
    Latency     8.26ms    2.19ms  20.42ms   90.71%
    Req/Sec   243.28     61.97     1.73k    70.46%
  Latency Distribution
     50%    9.77ms
     75%   10.35ms
     90%   10.39ms
     99%   10.54ms
  38807 requests in 10.10s, 4.81MB read
Requests/sec:   3842.72
Transfer/sec:    487.43KB
## server-stat
cpu  3803757 1704 1704949 51734311 481047 0 816271 0 0 0
cpu0 143549 31 49133 1618953 6270 0 26922 0 0 0
cpu1 144612 35 50014 1622671 7678 0 26146 0 0 0
cpu2 148484 35 50301 1619484 7740 0 26235 0 0 0
cpu3 232300 35 72646 1498018 4988 0 43003 0 0 0
cpu4 234311 40 71293 1497661 6297 0 43410 0 0 0
cpu5 154280 40 51972 1610937 8544 0 27147 0 0 0
cpu6 155269 35 52422 1609140 8733 0 28250 0 0 0
cpu7 161700 33 55665 1597568 8317 0 30911 0 0 0
cpu8 41706 63 44632 1692542 17971 0 13660 0 0 0
cpu9 47950 70 47900 1666702 21821 0 14902 0 0 0
cpu10 45424 69 46216 1675434 19786 0 14698 0 0 0
cpu11 41414 65 42014 1696834 18164 0 13059 0 0 0
cpu12 85635 145 52143 1620307 24074 0 16181 0 0 0
cpu13 81964 76 53137 1619235 25298 0 16547 0 0 0
cpu14 41308 63 41518 1700133 17166 0 12809 0 0 0
cpu15 38290 67 38099 1714269 17449 0 11625 0 0 0
cpu16 191496 30 60745 1558274 8929 0 34549 0 0 0
cpu17 180717 29 58967 1569596 11185 0 33107 0 0 0
cpu18 169494 29 57344 1583948 10894 0 32270 0 0 0
cpu19 313832 27 88390 1392069 5070 0 53503 0 0 0
cpu20 274962 26 81598 1438525 8124 0 50396 0 0 0
cpu21 164908 31 56500 1587935 12618 0 31515 0 0 0
cpu22 152935 35 53922 1604254 12362 0 29353 0 0 0
cpu23 132748 34 48271 1636692 11670 0 24765 0 0 0
cpu24 44678 66 42994 1693625 21104 0 13758 0 0 0
cpu25 50032 67 47974 1668063 23756 0 16275 0 0 0
cpu26 47787 61 46786 1674954 22803 0 15816 0 0 0
cpu27 40378 52 41715 1686280 21179 0 21624 0 0 0
cpu28 77445 86 55874 1607540 26314 0 28935 0 0 0
cpu29 81466 122 57903 1596073 26713 0 29487 0 0 0
cpu30 39734 47 43332 1680502 18985 0 21635 0 0 0
cpu31 42935 48 43515 1696078 19032 0 13766 0 0 0
intr 3383265628 126 0 0 0 0 0 0 0 0 1 0 0 0 0 0 0 0 0 0 0 0 0 0 0 0 0 0 1 1 1 0 0 0 0 1 0 1 0 0 75045 0 0 0 0 0 0 0 0 411 0 0 0 0 0 0 0 0 87 0 0 0 0 0 0 0 0 0 0 0 0 0 0 0 531910 2 35062701 35001030 34915309 35059486 0 15299 13318 16359 15638 9713 12125 15958 16777 13274 46177 62103 49993 42405 64032 61017 37644 34328 16712 18657 22183 9003 14942 20767 20436 17731 44401 56385 52789 41960 64741 67944 38828 39286 0 0 0 0 617257 4583 1036 0 264 0 0 0 0 0 0 0 0 0 0 0 0 0 0 0 0 0 0 0 0 0 0 0 0 0 0 0 0 0 0 0 0 0 0 0 0 0 0 0 0 0 0 0 0 0 0 0 0 0 0 0 0 0 0 0 0 0 0 0 0 0 0 0 0 0 0 0 0 0 0 0 0 0 0 0 0 0 0 0 0 0 0 0 0 0 0 0 0 0 0 0 0 0 0 0 0 0 0 0 0 0 0 0 0 0 0 0 0 0 0 0 0 0 0 0 0 0 0 0 0 0 0 0 0 0 0 0 0 0 0 0 0 0 0 0 0 0 0 0 0 0 0 0 0 0 0 0 0 0 0 0 0 0 0 0 0 0 0 0 0 0 0 0 0 0 0 0 0 0 0 0 0 0 0 0 0 0 0 0 0 0 0 0 0 0 0 0 0 0 0 0 0 0 0 0 0 0 0 0 0 0 0 0 0 0 0 0 0 0 0 0 0 0 0 0 0 0 0 0 0 0 0 0 0 0 0 0 0 0 0 0 0 0 0 0 0 0 0 0 0 0 0 0 0 0 0 0 0 0 0 0 0 0 0 0 0 0 0 0 0 0 0 0 0 0 0 0 0 0 0 0 0 0 0 0 0 0 0 0 0 0 0 0 0 0 0 0 0 0 0 0 0 0 0 0 0 0 0 0 0 0 0 0 0 0 0 0 0 0 0 0 0 0 0 0 0 0 0 0 0 0 0 0 0 0 0 0 0 0 0 0 0 0 0 0 0 0 0 0 0 0 0 0 0 0 0 0 0 0 0 0 0 0 0 0 0 0 0 0 0 0 0 0 0 0 0 0 0 0 0 0 0 0 0 0 0 0 0 0 0 0 0 0 0 0 0 0 0 0 0 0 0 0 0 0 0 0 0 0 0 0 0 0 0 0 0 0 0 0 0 0 0 0 0 0 0 0 0 0 0 0 0 0 0 0 0 0 0 0 0 0 0 0 0 0 0 0 0 0 0 0 0 0 0 0 0 0 0 0 0 0 0 0 0 0 0 0 0 0 0 0 0 0 0 0 0 0 0 0 0 0 0 0 0 0 0 0 0 0 0 0 0 0 0 0 0 0 0 0 0 0 0 0 0 0 0 0 0 0 0 0 0 0 0 0 0 0 0 0 0 0 0 0 0 0 0 0 0 0 0 0 0 0 0 0 0 0 0 0 0 0 0 0 0 0 0 0 0 0 0 0 0 0 0 0 0 0 0 0 0 0 0 0 0 0 0 0 0 0 0 0 0 0 0 0 0 0 0 0 0 0 0 0 0 0 0 0 0 0 0 0 0 0 0 0 0 0 0 0 0 0 0 0 0 0 0 0 0 0 0 0 0 0 0 0 0 0 0 0 0 0 0 0 0 0 0 0 0 0 0 0 0 0 0 0 0 0 0 0 0 0 0 0 0 0 0 0 0 0 0 0 0 0 0 0 0 0 0 0 0 0 0 0 0 0 0 0 0 0 0 0 0 0 0 0 0 0 0 0 0 0 0 0 0 0 0 0 0 0 0 0 0 0 0 0 0 0 0 0 0 0 0 0 0 0 0 0 0 0 0 0 0 0 0 0 0 0 0 0 0 0 0 0 0 0 0 0 0 0 0 0 0 0 0 0 0 0 0 0 0 0 0 0 0 0 0 0 0 0 0 0 0 0 0 0 0 0 0 0 0 0 0 0 0 0 0 0 0 0 0 0 0 0 0 0 0 0 0 0 0 0 0 0 0 0 0 0 0 0 0 0 0 0 0 0 0 0 0 0 0 0 0 0 0 0 0 0 0 0 0 0 0 0 0 0 0 0 0 0 0 0 0 0 0 0 0 0 0 0 0 0 0 0 0 0 0 0 0 0 0 0 0 0 0 0 0 0 0 0 0 0 0 0 0 0 0 0 0 0 0 0 0 0 0 0 0 0 0 0 0 0 0 0 0 0 0 0 0 0 0 0 0 0 0 0 0 0 0 0 0 0 0 0 0 0 0 0 0 0 0 0 0 0 0 0 0 0 0 0 0 0 0 0 0 0 0 0 0 0 0 0 0 0 0 0 0 0 0 0 0 0 0 0 0 0 0 0 0 0 0 0 0 0 0 0 0 0 0 0 0 0 0 0 0 0 0 0 0 0 0 0 0 0 0 0 0 0 0 0 0 0 0 0 0 0 0 0 0 0 0 0 0 0 0 0 0 0 0 0 0 0 0 0 0 0 0 0 0 0 0 0 0 0 0 0 0 0 0 0 0 0 0 0 0 0 0 0 0 0 0 0 0 0 0 0 0 0 0 0 0 0 0 0 0 0 0 0 0 0 0 0 0 0 0 0 0 0 0 0 0 0 0 0 0 0 0 0 0 0 0 0 0 0 0 0 0 0 0 0 0 0 0 0 0 0 0 0 0 0 0 0 0 0 0 0 0 0 0 0 0 0 0 0 0 0 0 0 0 0 0 0 0 0 0 0 0 0 0 0 0 0 0
ctxt 5375623526
btime 1790630938
processes 1030379
procs_running 3
procs_blocked 0
softirq 4819820110 73526 13487299 2753174 387529812 555079 0 13560382 54972210 421 51920911
--
cpu  3805092 1705 1705280 51758110 481091 0 816293 0 0 0
cpu0 143550 31 49133 1619743 6270 0 26923 0 0 0
cpu1 144613 35 50015 1623469 7678 0 26146 0 0 0
cpu2 148484 35 50301 1620282 7740 0 26235 0 0 0
cpu3 232532 35 72703 1498524 4988 0 43007 0 0 0
cpu4 234403 40 71312 1498347 6297 0 43412 0 0 0
cpu5 154280 40 51972 1611736 8544 0 27147 0 0 0
cpu6 155269 35 52423 1609938 8733 0 28250 0 0 0
cpu7 161700 33 55665 1598367 8317 0 30911 0 0 0
cpu8 41706 63 44633 1693338 17971 0 13660 0 0 0
cpu9 47952 70 47901 1667491 21821 0 14902 0 0 0
cpu10 45425 69 46217 1676226 19786 0 14698 0 0 0
cpu11 41414 65 42015 1697629 18165 0 13059 0 0 0
cpu12 85660 145 52146 1621077 24074 0 16181 0 0 0
cpu13 81985 76 53140 1619979 25326 0 16547 0 0 0
cpu14 41309 63 41519 1700927 17166 0 12809 0 0 0
cpu15 38290 67 38099 1715064 17449 0 11625 0 0 0
cpu16 191499 30 60746 1559068 8929 0 34549 0 0 0
cpu17 180718 29 58967 1570394 11185 0 33107 0 0 0
cpu18 169494 29 57344 1584746 10894 0 32270 0 0 0
cpu19 314234 27 88488 1392365 5070 0 53508 0 0 0
cpu20 275511 26 81726 1438639 8124 0 50404 0 0 0
cpu21 164909 31 56501 1588733 12618 0 31515 0 0 0
cpu22 152935 35 53922 1605052 12362 0 29353 0 0 0
cpu23 132748 34 48272 1637490 11670 0 24765 0 0 0
cpu24 44679 67 42996 1694417 21106 0 13758 0 0 0
cpu25 50034 67 47976 1668858 23756 0 16275 0 0 0
cpu26 47787 61 46787 1675750 22803 0 15816 0 0 0
cpu27 40378 52 41717 1687076 21180 0 21624 0 0 0
cpu28 77446 86 55876 1608325 26325 0 28935 0 0 0
cpu29 81467 122 57905 1596870 26713 0 29487 0 0 0
cpu30 39734 47 43333 1681298 18985 0 21635 0 0 0
cpu31 42935 48 43516 1696876 19032 0 13766 0 0 0
intr 3383426195 126 0 0 0 0 0 0 0 0 1 0 0 0 0 0 0 0 0 0 0 0 0 0 0 0 0 0 1 1 1 0 0 0 0 1 0 1 0 0 75045 0 0 0 0 0 0 0 0 411 0 0 0 0 0 0 0 0 87 0 0 0 0 0 0 0 0 0 0 0 0 0 0 0 532335 2 35062760 35001042 34915362 35059539 0 15307 13318 16359 15638 9713 12125 15958 16777 13274 46177 62103 49993 42405 64032 61017 37644 34328 16712 18657 22183 9003 14942 20767 20436 17731 44401 56385 52789 41961 64747 67944 38829 39286 0 0 0 0 617257 4583 1036 0 264 0 0 0 0 0 0 0 0 0 0 0 0 0 0 0 0 0 0 0 0 0 0 0 0 0 0 0 0 0 0 0 0 0 0 0 0 0 0 0 0 0 0 0 0 0 0 0 0 0 0 0 0 0 0 0 0 0 0 0 0 0 0 0 0 0 0 0 0 0 0 0 0 0 0 0 0 0 0 0 0 0 0 0 0 0 0 0 0 0 0 0 0 0 0 0 0 0 0 0 0 0 0 0 0 0 0 0 0 0 0 0 0 0 0 0 0 0 0 0 0 0 0 0 0 0 0 0 0 0 0 0 0 0 0 0 0 0 0 0 0 0 0 0 0 0 0 0 0 0 0 0 0 0 0 0 0 0 0 0 0 0 0 0 0 0 0 0 0 0 0 0 0 0 0 0 0 0 0 0 0 0 0 0 0 0 0 0 0 0 0 0 0 0 0 0 0 0 0 0 0 0 0 0 0 0 0 0 0 0 0 0 0 0 0 0 0 0 0 0 0 0 0 0 0 0 0 0 0 0 0 0 0 0 0 0 0 0 0 0 0 0 0 0 0 0 0 0 0 0 0 0 0 0 0 0 0 0 0 0 0 0 0 0 0 0 0 0 0 0 0 0 0 0 0 0 0 0 0 0 0 0 0 0 0 0 0 0 0 0 0 0 0 0 0 0 0 0 0 0 0 0 0 0 0 0 0 0 0 0 0 0 0 0 0 0 0 0 0 0 0 0 0 0 0 0 0 0 0 0 0 0 0 0 0 0 0 0 0 0 0 0 0 0 0 0 0 0 0 0 0 0 0 0 0 0 0 0 0 0 0 0 0 0 0 0 0 0 0 0 0 0 0 0 0 0 0 0 0 0 0 0 0 0 0 0 0 0 0 0 0 0 0 0 0 0 0 0 0 0 0 0 0 0 0 0 0 0 0 0 0 0 0 0 0 0 0 0 0 0 0 0 0 0 0 0 0 0 0 0 0 0 0 0 0 0 0 0 0 0 0 0 0 0 0 0 0 0 0 0 0 0 0 0 0 0 0 0 0 0 0 0 0 0 0 0 0 0 0 0 0 0 0 0 0 0 0 0 0 0 0 0 0 0 0 0 0 0 0 0 0 0 0 0 0 0 0 0 0 0 0 0 0 0 0 0 0 0 0 0 0 0 0 0 0 0 0 0 0 0 0 0 0 0 0 0 0 0 0 0 0 0 0 0 0 0 0 0 0 0 0 0 0 0 0 0 0 0 0 0 0 0 0 0 0 0 0 0 0 0 0 0 0 0 0 0 0 0 0 0 0 0 0 0 0 0 0 0 0 0 0 0 0 0 0 0 0 0 0 0 0 0 0 0 0 0 0 0 0 0 0 0 0 0 0 0 0 0 0 0 0 0 0 0 0 0 0 0 0 0 0 0 0 0 0 0 0 0 0 0 0 0 0 0 0 0 0 0 0 0 0 0 0 0 0 0 0 0 0 0 0 0 0 0 0 0 0 0 0 0 0 0 0 0 0 0 0 0 0 0 0 0 0 0 0 0 0 0 0 0 0 0 0 0 0 0 0 0 0 0 0 0 0 0 0 0 0 0 0 0 0 0 0 0 0 0 0 0 0 0 0 0 0 0 0 0 0 0 0 0 0 0 0 0 0 0 0 0 0 0 0 0 0 0 0 0 0 0 0 0 0 0 0 0 0 0 0 0 0 0 0 0 0 0 0 0 0 0 0 0 0 0 0 0 0 0 0 0 0 0 0 0 0 0 0 0 0 0 0 0 0 0 0 0 0 0 0 0 0 0 0 0 0 0 0 0 0 0 0 0 0 0 0 0 0 0 0 0 0 0 0 0 0 0 0 0 0 0 0 0 0 0 0 0 0 0 0 0 0 0 0 0 0 0 0 0 0 0 0 0 0 0 0 0 0 0 0 0 0 0 0 0 0 0 0 0 0 0 0 0 0 0 0 0 0 0 0 0 0 0 0 0 0 0 0 0 0 0 0 0 0 0 0 0 0 0 0 0 0 0 0 0 0 0 0 0 0 0 0 0 0 0 0 0 0 0 0 0 0 0 0 0 0 0 0 0 0 0 0 0 0 0 0 0 0 0 0 0 0 0 0 0 0 0 0 0 0 0 0 0 0 0 0 0 0 0 0 0 0 0 0 0 0 0 0 0 0 0 0 0 0 0 0 0 0 0 0 0 0 0 0 0 0 0 0 0 0 0 0 0 0 0 0 0 0 0 0 0 0 0 0 0 0 0 0 0 0 0 0 0 0 0 0 0 0 0 0 0 0 0 0 0 0 0 0 0 0 0 0 0 0 0 0 0 0 0 0 0 0 0 0 0 0 0 0 0 0 0 0 0 0 0 0 0 0 0 0 0 0 0 0 0 0 0 0 0 0 0 0 0 0 0 0 0 0 0 0 0 0 0 0 0 0 0 0 0 0 0 0 0 0 0 0 0 0 0 0 0 0 0 0 0 0 0 0 0 0 0 0 0 0 0 0
ctxt 5375845943
btime 1790630938
processes 1030464
procs_running 3
procs_blocked 0
softirq 4819998579 73526 13490911 2753174 387591875 555520 0 13560382 54983306 421 52022168
