Running 10s test @ http://127.0.0.1:18500/counter
  16 threads and 128 connections
  Thread Stats   Avg      Stdev     Max   +/- Stdev
    Latency    22.92ms   26.23ms 237.96ms   86.67%
    Req/Sec   500.23    192.87     3.67k    68.02%
  Latency Distribution
     50%   13.33ms
     75%   28.87ms
     90%   59.13ms
     99%  116.46ms
  79883 requests in 10.10s, 21.18MB read
Requests/sec:   7909.69
Transfer/sec:      2.10MB
## server-stat
cpu  4326609 1899 1810910 58151602 741042 0 847669 0 0 0
cpu0 165710 33 53328 1816993 8852 0 28505 0 0 0
cpu1 168987 38 54213 1819274 10879 0 27578 0 0 0
cpu2 175184 38 54578 1813143 11592 0 27836 0 0 0
cpu3 273576 39 79055 1675975 7323 0 44991 0 0 0
cpu4 269184 45 76412 1683766 9180 0 44830 0 0 0
cpu5 177401 45 56165 1808293 12859 0 28623 0 0 0
cpu6 178409 40 56176 1806161 13877 0 29548 0 0 0
cpu7 185165 38 59689 1793309 13792 0 32611 0 0 0
cpu8 42418 71 46066 1907882 28799 0 13982 0 0 0
cpu9 49014 80 49476 1880024 33378 0 15274 0 0 0
cpu10 46217 78 47731 1889440 31213 0 15035 0 0 0
cpu11 42059 74 43375 1911943 29535 0 13338 0 0 0
cpu12 90169 154 54174 1828725 36002 0 16664 0 0 0
cpu13 86336 86 55268 1827088 37546 0 17047 0 0 0
cpu14 42030 73 42965 1915884 27465 0 13111 0 0 0
cpu15 38822 76 39400 1930549 28103 0 11881 0 0 0
cpu16 229232 32 66188 1740482 12323 0 36416 0 0 0
cpu17 213680 32 63991 1755925 15580 0 34794 0 0 0
cpu18 197773 32 61837 1774739 16429 0 33632 0 0 0
cpu19 364047 29 95912 1561154 6925 0 55291 0 0 0
cpu20 325574 28 89218 1605865 10859 0 52606 0 0 0
cpu21 195963 35 61199 1775222 18728 0 32918 0 0 0
cpu22 178953 39 58419 1796094 19089 0 30888 0 0 0
cpu23 153633 37 52136 1834435 18610 0 25863 0 0 0
cpu24 45548 77 44499 1907469 33584 0 14057 0 0 0
cpu25 51095 73 49634 1880503 36703 0 16662 0 0 0
cpu26 48725 69 48402 1887914 35621 0 16177 0 0 0
cpu27 41150 59 43205 1900349 33684 0 21919 0 0 0
cpu28 81273 95 58040 1815063 39971 0 29463 0 0 0
cpu29 85135 130 60192 1802601 41121 0 30055 0 0 0
cpu30 40477 53 44908 1894790 30466 0 21973 0 0 0
cpu31 43656 56 45046 1910534 30938 0 14087 0 0 0
intr 3557910174 126 0 0 0 0 0 0 0 0 1 0 0 0 0 0 0 0 0 0 0 0 0 0 0 0 0 0 1 1 1 0 0 0 0 1 0 1 0 0 75045 0 0 0 0 0 0 0 0 411 0 0 0 0 0 0 0 0 87 0 0 0 0 0 0 0 0 0 0 0 0 0 0 0 626558 2 35072691 35006789 34922660 35069531 0 17158 18382 21774 22251 13388 17288 22889 23682 21007 62663 87148 69043 58205 98494 90139 51120 47792 22858 26386 31325 12405 20170 29687 30012 25622 65174 81039 73006 59376 95189 102874 53143 54034 0 0 0 0 617413 4787 1036 0 264 0 0 0 0 0 0 0 0 0 0 0 0 0 0 0 0 0 0 0 0 0 0 0 0 0 0 0 0 0 0 0 0 0 0 0 0 0 0 0 0 0 0 0 0 0 0 0 0 0 0 0 0 0 0 0 0 0 0 0 0 0 0 0 0 0 0 0 0 0 0 0 0 0 0 0 0 0 0 0 0 0 0 0 0 0 0 0 0 0 0 0 0 0 0 0 0 0 0 0 0 0 0 0 0 0 0 0 0 0 0 0 0 0 0 0 0 0 0 0 0 0 0 0 0 0 0 0 0 0 0 0 0 0 0 0 0 0 0 0 0 0 0 0 0 0 0 0 0 0 0 0 0 0 0 0 0 0 0 0 0 0 0 0 0 0 0 0 0 0 0 0 0 0 0 0 0 0 0 0 0 0 0 0 0 0 0 0 0 0 0 0 0 0 0 0 0 0 0 0 0 0 0 0 0 0 0 0 0 0 0 0 0 0 0 0 0 0 0 0 0 0 0 0 0 0 0 0 0 0 0 0 0 0 0 0 0 0 0 0 0 0 0 0 0 0 0 0 0 0 0 0 0 0 0 0 0 0 0 0 0 0 0 0 0 0 0 0 0 0 0 0 0 0 0 0 0 0 0 0 0 0 0 0 0 0 0 0 0 0 0 0 0 0 0 0 0 0 0 0 0 0 0 0 0 0 0 0 0 0 0 0 0 0 0 0 0 0 0 0 0 0 0 0 0 0 0 0 0 0 0 0 0 0 0 0 0 0 0 0 0 0 0 0 0 0 0 0 0 0 0 0 0 0 0 0 0 0 0 0 0 0 0 0 0 0 0 0 0 0 0 0 0 0 0 0 0 0 0 0 0 0 0 0 0 0 0 0 0 0 0 0 0 0 0 0 0 0 0 0 0 0 0 0 0 0 0 0 0 0 0 0 0 0 0 0 0 0 0 0 0 0 0 0 0 0 0 0 0 0 0 0 0 0 0 0 0 0 0 0 0 0 0 0 0 0 0 0 0 0 0 0 0 0 0 0 0 0 0 0 0 0 0 0 0 0 0 0 0 0 0 0 0 0 0 0 0 0 0 0 0 0 0 0 0 0 0 0 0 0 0 0 0 0 0 0 0 0 0 0 0 0 0 0 0 0 0 0 0 0 0 0 0 0 0 0 0 0 0 0 0 0 0 0 0 0 0 0 0 0 0 0 0 0 0 0 0 0 0 0 0 0 0 0 0 0 0 0 0 0 0 0 0 0 0 0 0 0 0 0 0 0 0 0 0 0 0 0 0 0 0 0 0 0 0 0 0 0 0 0 0 0 0 0 0 0 0 0 0 0 0 0 0 0 0 0 0 0 0 0 0 0 0 0 0 0 0 0 0 0 0 0 0 0 0 0 0 0 0 0 0 0 0 0 0 0 0 0 0 0 0 0 0 0 0 0 0 0 0 0 0 0 0 0 0 0 0 0 0 0 0 0 0 0 0 0 0 0 0 0 0 0 0 0 0 0 0 0 0 0 0 0 0 0 0 0 0 0 0 0 0 0 0 0 0 0 0 0 0 0 0 0 0 0 0 0 0 0 0 0 0 0 0 0 0 0 0 0 0 0 0 0 0 0 0 0 0 0 0 0 0 0 0 0 0 0 0 0 0 0 0 0 0 0 0 0 0 0 0 0 0 0 0 0 0 0 0 0 0 0 0 0 0 0 0 0 0 0 0 0 0 0 0 0 0 0 0 0 0 0 0 0 0 0 0 0 0 0 0 0 0 0 0 0 0 0 0 0 0 0 0 0 0 0 0 0 0 0 0 0 0 0 0 0 0 0 0 0 0 0 0 0 0 0 0 0 0 0 0 0 0 0 0 0 0 0 0 0 0 0 0 0 0 0 0 0 0 0 0 0 0 0 0 0 0 0 0 0 0 0 0 0 0 0 0 0 0 0 0 0 0 0 0 0 0 0 0 0 0 0 0 0 0 0 0 0 0 0 0 0 0 0 0 0 0 0 0 0 0 0 0 0 0 0 0 0 0 0 0 0 0 0 0 0 0 0 0 0 0 0 0 0 0 0 0 0 0 0 0 0 0 0 0 0 0 0 0 0 0 0 0 0 0 0 0 0 0 0 0 0 0 0 0 0 0 0 0 0 0 0 0 0 0 0 0 0 0 0 0 0 0 0 0 0 0 0 0 0 0 0 0 0 0 0 0 0 0 0 0 0 0 0 0 0 0 0 0 0 0 0 0 0 0 0 0 0 0 0 0 0 0 0 0 0 0 0 0 0 0 0 0 0 0 0 0 0 0 0 0 0 0 0 0 0 0 0 0 0 0 0 0 0 0 0 0 0 0 0 0 0 0 0 0 0 0 0 0 0 0 0 0 0 0 0 0 0 0 0 0 0 0 0 0 0 0 0 0 0 0 0 0 0 0 0 0 0 0 0 0 0 0 0 0 0 0 0 0 0 0 0 0 0 0 0 0 0 0 0 0 0 0 0 0
ctxt 5678840566
btime 1790630938
processes 1415726
procs_running 2
procs_blocked 10
softirq 5018496011 73526 15366133 2753290 568283641 652691 0 13560942 59808248 421 63029823
--
cpu  4327630 1900 1811578 58165301 750923 0 847690 0 0 0
cpu0 165801 33 53371 1817530 8964 0 28510 0 0 0
cpu1 169055 38 54248 1819814 11027 0 27580 0 0 0
cpu2 175217 38 54595 1813717 11758 0 27837 0 0 0
cpu3 273712 39 79119 1676484 7401 0 44991 0 0 0
cpu4 269315 45 76472 1684242 9301 0 44831 0 0 0
cpu5 177449 45 56194 1808835 13033 0 28623 0 0 0
cpu6 178422 40 56186 1806704 14098 0 29548 0 0 0
cpu7 185170 38 59696 1793891 13990 0 32611 0 0 0
cpu8 42420 71 46074 1908322 29139 0 13982 0 0 0
cpu9 49016 80 49486 1880367 33809 0 15275 0 0 0
cpu10 46219 78 47740 1889845 31586 0 15036 0 0 0
cpu11 42061 74 43382 1912372 29887 0 13339 0 0 0
cpu12 90175 154 54183 1828994 36506 0 16665 0 0 0
cpu13 86347 86 55279 1827432 37964 0 17048 0 0 0
cpu14 42033 73 42972 1916280 27850 0 13111 0 0 0
cpu15 38824 76 39407 1930994 28440 0 11881 0 0 0
cpu16 229301 32 66230 1740978 12510 0 36416 0 0 0
cpu17 213711 32 64013 1756421 15821 0 34795 0 0 0
cpu18 197785 32 61851 1775194 16735 0 33633 0 0 0
cpu19 364186 29 95988 1561604 7054 0 55292 0 0 0
cpu20 325707 28 89291 1606335 10977 0 52607 0 0 0
cpu21 195990 35 61216 1775700 18996 0 32918 0 0 0
cpu22 178959 39 58427 1796544 19414 0 30888 0 0 0
cpu23 153638 37 52143 1834921 18903 0 25863 0 0 0
cpu24 45549 77 44505 1907772 34065 0 14057 0 0 0
cpu25 51098 73 49643 1880809 37175 0 16662 0 0 0
cpu26 48728 69 48412 1888197 36115 0 16177 0 0 0
cpu27 41151 59 43214 1900700 34113 0 21920 0 0 0
cpu28 81285 95 58054 1815319 40475 0 29464 0 0 0
cpu29 85156 130 60206 1802894 41585 0 30056 0 0 0
cpu30 40479 53 44915 1895187 30850 0 21973 0 0 0
cpu31 43657 56 45054 1910888 31366 0 14087 0 0 0
intr 3558722462 126 0 0 0 0 0 0 0 0 1 0 0 0 0 0 0 0 0 0 0 0 0 0 0 0 0 0 1 1 1 0 0 0 0 1 0 1 0 0 75045 0 0 0 0 0 0 0 0 411 0 0 0 0 0 0 0 0 87 0 0 0 0 0 0 0 0 0 0 0 0 0 0 0 628127 2 35072716 35006803 34922665 35069549 0 17166 18537 21996 22419 13475 17431 23131 23942 21228 63198 88189 69608 58725 99493 91023 51500 48279 23149 26861 31809 12627 20420 30060 30494 25979 65773 81929 73958 59928 96939 104173 53615 54542 0 0 0 0 617413 4787 1036 0 264 0 0 0 0 0 0 0 0 0 0 0 0 0 0 0 0 0 0 0 0 0 0 0 0 0 0 0 0 0 0 0 0 0 0 0 0 0 0 0 0 0 0 0 0 0 0 0 0 0 0 0 0 0 0 0 0 0 0 0 0 0 0 0 0 0 0 0 0 0 0 0 0 0 0 0 0 0 0 0 0 0 0 0 0 0 0 0 0 0 0 0 0 0 0 0 0 0 0 0 0 0 0 0 0 0 0 0 0 0 0 0 0 0 0 0 0 0 0 0 0 0 0 0 0 0 0 0 0 0 0 0 0 0 0 0 0 0 0 0 0 0 0 0 0 0 0 0 0 0 0 0 0 0 0 0 0 0 0 0 0 0 0 0 0 0 0 0 0 0 0 0 0 0 0 0 0 0 0 0 0 0 0 0 0 0 0 0 0 0 0 0 0 0 0 0 0 0 0 0 0 0 0 0 0 0 0 0 0 0 0 0 0 0 0 0 0 0 0 0 0 0 0 0 0 0 0 0 0 0 0 0 0 0 0 0 0 0 0 0 0 0 0 0 0 0 0 0 0 0 0 0 0 0 0 0 0 0 0 0 0 0 0 0 0 0 0 0 0 0 0 0 0 0 0 0 0 0 0 0 0 0 0 0 0 0 0 0 0 0 0 0 0 0 0 0 0 0 0 0 0 0 0 0 0 0 0 0 0 0 0 0 0 0 0 0 0 0 0 0 0 0 0 0 0 0 0 0 0 0 0 0 0 0 0 0 0 0 0 0 0 0 0 0 0 0 0 0 0 0 0 0 0 0 0 0 0 0 0 0 0 0 0 0 0 0 0 0 0 0 0 0 0 0 0 0 0 0 0 0 0 0 0 0 0 0 0 0 0 0 0 0 0 0 0 0 0 0 0 0 0 0 0 0 0 0 0 0 0 0 0 0 0 0 0 0 0 0 0 0 0 0 0 0 0 0 0 0 0 0 0 0 0 0 0 0 0 0 0 0 0 0 0 0 0 0 0 0 0 0 0 0 0 0 0 0 0 0 0 0 0 0 0 0 0 0 0 0 0 0 0 0 0 0 0 0 0 0 0 0 0 0 0 0 0 0 0 0 0 0 0 0 0 0 0 0 0 0 0 0 0 0 0 0 0 0 0 0 0 0 0 0 0 0 0 0 0 0 0 0 0 0 0 0 0 0 0 0 0 0 0 0 0 0 0 0 0 0 0 0 0 0 0 0 0 0 0 0 0 0 0 0 0 0 0 0 0 0 0 0 0 0 0 0 0 0 0 0 0 0 0 0 0 0 0 0 0 0 0 0 0 0 0 0 0 0 0 0 0 0 0 0 0 0 0 0 0 0 0 0 0 0 0 0 0 0 0 0 0 0 0 0 0 0 0 0 0 0 0 0 0 0 0 0 0 0 0 0 0 0 0 0 0 0 0 0 0 0 0 0 0 0 0 0 0 0 0 0 0 0 0 0 0 0 0 0 0 0 0 0 0 0 0 0 0 0 0 0 0 0 0 0 0 0 0 0 0 0 0 0 0 0 0 0 0 0 0 0 0 0 0 0 0 0 0 0 0 0 0 0 0 0 0 0 0 0 0 0 0 0 0 0 0 0 0 0 0 0 0 0 0 0 0 0 0 0 0 0 0 0 0 0 0 0 0 0 0 0 0 0 0 0 0 0 0 0 0 0 0 0 0 0 0 0 0 0 0 0 0 0 0 0 0 0 0 0 0 0 0 0 0 0 0 0 0 0 0 0 0 0 0 0 0 0 0 0 0 0 0 0 0 0 0 0 0 0 0 0 0 0 0 0 0 0 0 0 0 0 0 0 0 0 0 0 0 0 0 0 0 0 0 0 0 0 0 0 0 0 0 0 0 0 0 0 0 0 0 0 0 0 0 0 0 0 0 0 0 0 0 0 0 0 0 0 0 0 0 0 0 0 0 0 0 0 0 0 0 0 0 0 0 0 0 0 0 0 0 0 0 0 0 0 0 0 0 0 0 0 0 0 0 0 0 0 0 0 0 0 0 0 0 0 0 0 0 0 0 0 0 0 0 0 0 0 0 0 0 0 0 0 0 0 0 0 0 0 0 0 0 0 0 0 0 0 0 0 0 0 0 0 0 0 0 0 0 0 0 0 0 0 0 0 0 0 0 0 0 0 0 0 0 0 0 0 0 0 0 0 0 0 0 0 0 0 0 0 0 0 0 0 0 0 0 0 0 0 0 0 0 0 0 0 0 0 0 0 0 0 0 0 0 0 0 0 0 0 0 0 0 0 0 0 0 0 0 0 0 0 0 0 0 0 0 0 0 0 0 0 0 0 0 0 0 0 0 0 0 0 0 0 0 0 0 0 0 0 0 0 0 0 0 0 0 0 0 0 0 0 0 0 0 0 0 0 0 0 0 0 0 0 0 0 0 0 0 0 0 0 0 0 0 0 0 0 0 0 0 0 0 0 0 0 0 0 0 0 0 0 0 0 0 0 0
ctxt 5680316332
btime 1790630938
processes 1415800
procs_running 5
procs_blocked 13
softirq 5018681698 73526 15375779 2753290 568418021 654269 0 13560942 59828675 421 63049479
