Running 10s test @ http://127.0.0.1:18500/swerve/usleep?ms=10
  16 threads and 1000 connections
  Thread Stats   Avg      Stdev     Max   +/- Stdev
    Latency     1.38s   251.11ms   2.63s    89.75%
    Req/Sec    54.54     37.73   252.00     67.74%
  Latency Distribution
     50%    1.33s 
     75%    1.33s 
     90%    1.60s 
     99%    2.41s 
  6758 requests in 10.08s, 1.60MB read
Requests/sec:    670.42
Transfer/sec:    163.02KB
## server-stat
cpu  4077268 1816 1768852 55453701 643905 0 839966 0 0 0
cpu0 155625 32 51551 1734803 7654 0 27957 0 0 0
cpu1 156033 37 52439 1739305 9463 0 27183 0 0 0
cpu2 161373 37 52724 1734244 9984 0 27298 0 0 0
cpu3 255050 38 76532 1601446 6567 0 44491 0 0 0
cpu4 254179 43 74508 1605162 8026 0 44473 0 0 0
cpu5 165535 43 54319 1727124 11265 0 28211 0 0 0
cpu6 165470 38 54255 1726623 11969 0 29023 0 0 0
cpu7 171581 36 57839 1714339 11784 0 32153 0 0 0
cpu8 42119 68 45581 1815837 24966 0 13931 0 0 0
cpu9 48581 76 48916 1788822 29292 0 15204 0 0 0
cpu10 45884 74 47219 1798031 27142 0 14972 0 0 0
cpu11 41784 71 42901 1820269 25317 0 13288 0 0 0
cpu12 88289 150 53420 1739993 31395 0 16535 0 0 0
cpu13 84416 81 54469 1738327 33173 0 16916 0 0 0
cpu14 41715 68 42435 1824035 23722 0 13047 0 0 0
cpu15 38598 73 38921 1838363 24315 0 11838 0 0 0
cpu16 210648 32 63976 1666366 10616 0 35994 0 0 0
cpu17 198451 30 61878 1678775 13663 0 34353 0 0 0
cpu18 183822 31 59857 1696280 14181 0 33352 0 0 0
cpu19 342789 28 93133 1489218 6205 0 55007 0 0 0
cpu20 304402 27 86541 1534584 9484 0 52175 0 0 0
cpu21 180142 34 59148 1698948 16240 0 32565 0 0 0
cpu22 166092 37 56609 1716621 16410 0 30619 0 0 0
cpu23 142995 36 50357 1752776 16039 0 25501 0 0 0
cpu24 45181 73 43990 1816117 29045 0 14013 0 0 0
cpu25 50642 70 49086 1789683 31964 0 16597 0 0 0
cpu26 48333 65 47866 1796856 30975 0 16119 0 0 0
cpu27 40827 56 42695 1808702 29304 0 21879 0 0 0
cpu28 79627 91 57328 1726125 34920 0 29361 0 0 0
cpu29 83536 127 59456 1714022 35770 0 29941 0 0 0
cpu30 40179 51 44372 1803127 26321 0 21916 0 0 0
cpu31 43354 52 44519 1818764 26717 0 14041 0 0 0
intr 3491314822 126 0 0 0 0 0 0 0 0 1 0 0 0 0 0 0 0 0 0 0 0 0 0 0 0 0 0 1 1 1 0 0 0 0 1 0 1 0 0 75045 0 0 0 0 0 0 0 0 411 0 0 0 0 0 0 0 0 87 0 0 0 0 0 0 0 0 0 0 0 0 0 0 0 589098 2 35067472 35004020 34919162 35065198 0 16375 15661 19365 19528 12050 15299 19973 20966 17604 55666 75680 61717 51468 83244 79055 45403 42476 19855 23050 27476 11372 17623 25891 26165 22437 57704 71361 64712 52233 83064 90286 47113 48097 0 0 0 0 617345 4697 1036 0 264 0 0 0 0 0 0 0 0 0 0 0 0 0 0 0 0 0 0 0 0 0 0 0 0 0 0 0 0 0 0 0 0 0 0 0 0 0 0 0 0 0 0 0 0 0 0 0 0 0 0 0 0 0 0 0 0 0 0 0 0 0 0 0 0 0 0 0 0 0 0 0 0 0 0 0 0 0 0 0 0 0 0 0 0 0 0 0 0 0 0 0 0 0 0 0 0 0 0 0 0 0 0 0 0 0 0 0 0 0 0 0 0 0 0 0 0 0 0 0 0 0 0 0 0 0 0 0 0 0 0 0 0 0 0 0 0 0 0 0 0 0 0 0 0 0 0 0 0 0 0 0 0 0 0 0 0 0 0 0 0 0 0 0 0 0 0 0 0 0 0 0 0 0 0 0 0 0 0 0 0 0 0 0 0 0 0 0 0 0 0 0 0 0 0 0 0 0 0 0 0 0 0 0 0 0 0 0 0 0 0 0 0 0 0 0 0 0 0 0 0 0 0 0 0 0 0 0 0 0 0 0 0 0 0 0 0 0 0 0 0 0 0 0 0 0 0 0 0 0 0 0 0 0 0 0 0 0 0 0 0 0 0 0 0 0 0 0 0 0 0 0 0 0 0 0 0 0 0 0 0 0 0 0 0 0 0 0 0 0 0 0 0 0 0 0 0 0 0 0 0 0 0 0 0 0 0 0 0 0 0 0 0 0 0 0 0 0 0 0 0 0 0 0 0 0 0 0 0 0 0 0 0 0 0 0 0 0 0 0 0 0 0 0 0 0 0 0 0 0 0 0 0 0 0 0 0 0 0 0 0 0 0 0 0 0 0 0 0 0 0 0 0 0 0 0 0 0 0 0 0 0 0 0 0 0 0 0 0 0 0 0 0 0 0 0 0 0 0 0 0 0 0 0 0 0 0 0 0 0 0 0 0 0 0 0 0 0 0 0 0 0 0 0 0 0 0 0 0 0 0 0 0 0 0 0 0 0 0 0 0 0 0 0 0 0 0 0 0 0 0 0 0 0 0 0 0 0 0 0 0 0 0 0 0 0 0 0 0 0 0 0 0 0 0 0 0 0 0 0 0 0 0 0 0 0 0 0 0 0 0 0 0 0 0 0 0 0 0 0 0 0 0 0 0 0 0 0 0 0 0 0 0 0 0 0 0 0 0 0 0 0 0 0 0 0 0 0 0 0 0 0 0 0 0 0 0 0 0 0 0 0 0 0 0 0 0 0 0 0 0 0 0 0 0 0 0 0 0 0 0 0 0 0 0 0 0 0 0 0 0 0 0 0 0 0 0 0 0 0 0 0 0 0 0 0 0 0 0 0 0 0 0 0 0 0 0 0 0 0 0 0 0 0 0 0 0 0 0 0 0 0 0 0 0 0 0 0 0 0 0 0 0 0 0 0 0 0 0 0 0 0 0 0 0 0 0 0 0 0 0 0 0 0 0 0 0 0 0 0 0 0 0 0 0 0 0 0 0 0 0 0 0 0 0 0 0 0 0 0 0 0 0 0 0 0 0 0 0 0 0 0 0 0 0 0 0 0 0 0 0 0 0 0 0 0 0 0 0 0 0 0 0 0 0 0 0 0 0 0 0 0 0 0 0 0 0 0 0 0 0 0 0 0 0 0 0 0 0 0 0 0 0 0 0 0 0 0 0 0 0 0 0 0 0 0 0 0 0 0 0 0 0 0 0 0 0 0 0 0 0 0 0 0 0 0 0 0 0 0 0 0 0 0 0 0 0 0 0 0 0 0 0 0 0 0 0 0 0 0 0 0 0 0 0 0 0 0 0 0 0 0 0 0 0 0 0 0 0 0 0 0 0 0 0 0 0 0 0 0 0 0 0 0 0 0 0 0 0 0 0 0 0 0 0 0 0 0 0 0 0 0 0 0 0 0 0 0 0 0 0 0 0 0 0 0 0 0 0 0 0 0 0 0 0 0 0 0 0 0 0 0 0 0 0 0 0 0 0 0 0 0 0 0 0 0 0 0 0 0 0 0 0 0 0 0 0 0 0 0 0 0 0 0 0 0 0 0 0 0 0 0 0 0 0 0 0 0 0 0 0 0 0 0 0 0 0 0 0 0 0 0 0 0 0 0 0 0 0 0 0 0 0 0 0 0 0 0 0 0 0 0 0 0 0 0 0 0 0 0 0 0 0 0 0 0 0 0 0 0 0 0 0 0 0 0 0 0 0 0 0 0 0 0 0 0 0 0 0 0 0 0 0 0 0 0 0 0 0 0 0 0 0 0 0 0 0 0 0 0 0 0 0 0 0 0 0 0 0 0 0 0 0 0 0 0 0 0 0 0 0 0 0 0 0 0 0 0 0 0 0 0 0 0 0 0 0 0 0 0 0 0 0 0 0 0 0 0 0 0 0 0 0 0 0 0 0 0 0 0 0 0 0 0 0 0 0 0 0 0 0 0 0 0 0 0 0 0 0 0 0 0 0 0 0 0 0 0 0 0 0 0 0
ctxt 5563333013
btime 1790630938
processes 1235141
procs_running 1
procs_blocked 0
softirq 4964635209 73526 14560093 2753188 521826670 614001 0 13560678 57848532 421 58430804
--
cpu  4077563 1816 1768895 55478884 643931 0 839975 0 0 0
cpu0 155636 32 51552 1735588 7654 0 27961 0 0 0
cpu1 156039 37 52440 1740096 9463 0 27184 0 0 0
cpu2 161374 37 52724 1735041 9984 0 27298 0 0 0
cpu3 255142 38 76545 1602134 6567 0 44493 0 0 0
cpu4 254219 43 74514 1605914 8026 0 44474 0 0 0
cpu5 165537 43 54319 1727922 11265 0 28211 0 0 0
cpu6 165471 38 54256 1727421 11969 0 29023 0 0 0
cpu7 171582 36 57839 1715137 11784 0 32153 0 0 0
cpu8 42122 68 45582 1816632 24966 0 13931 0 0 0
cpu9 48584 76 48917 1789616 29292 0 15204 0 0 0
cpu10 45887 74 47219 1798826 27142 0 14972 0 0 0
cpu11 41784 71 42901 1821067 25317 0 13288 0 0 0
cpu12 88297 150 53421 1740781 31395 0 16535 0 0 0
cpu13 84452 81 54471 1739061 33197 0 16916 0 0 0
cpu14 41717 68 42435 1824832 23722 0 13047 0 0 0
cpu15 38598 73 38922 1839160 24315 0 11838 0 0 0
cpu16 210649 32 63976 1667164 10616 0 35994 0 0 0
cpu17 198451 30 61878 1679574 13663 0 34353 0 0 0
cpu18 183824 31 59857 1697078 14181 0 33352 0 0 0
cpu19 342854 28 93143 1489940 6205 0 55007 0 0 0
cpu20 304410 27 86542 1535375 9484 0 52175 0 0 0
cpu21 180143 34 59148 1699747 16240 0 32565 0 0 0
cpu22 166092 37 56609 1717421 16410 0 30619 0 0 0
cpu23 142995 36 50357 1753575 16039 0 25501 0 0 0
cpu24 45182 73 43990 1816915 29045 0 14013 0 0 0
cpu25 50643 70 49086 1790480 31965 0 16597 0 0 0
cpu26 48333 65 47867 1797653 30975 0 16119 0 0 0
cpu27 40828 56 42695 1809499 29304 0 21879 0 0 0
cpu28 79633 91 57329 1726916 34921 0 29361 0 0 0
cpu29 83538 127 59457 1714818 35770 0 29941 0 0 0
cpu30 40180 51 44372 1803924 26321 0 21916 0 0 0
cpu31 43355 52 44519 1819562 26717 0 14041 0 0 0
intr 3491455009 126 0 0 0 0 0 0 0 0 1 0 0 0 0 0 0 0 0 0 0 0 0 0 0 0 0 0 1 1 1 0 0 0 0 1 0 1 0 0 75045 0 0 0 0 0 0 0 0 411 0 0 0 0 0 0 0 0 87 0 0 0 0 0 0 0 0 0 0 0 0 0 0 0 589337 2 35067502 35004031 34919197 35065251 0 16379 15661 19365 19528 12050 15300 19973 20966 17604 55666 75680 61717 51468 83244 79055 45403 42476 19855 23050 27476 11373 17623 25891 26165 22437 57704 71363 64712 52234 83067 90287 47113 48097 0 0 0 0 617349 4697 1036 0 264 0 0 0 0 0 0 0 0 0 0 0 0 0 0 0 0 0 0 0 0 0 0 0 0 0 0 0 0 0 0 0 0 0 0 0 0 0 0 0 0 0 0 0 0 0 0 0 0 0 0 0 0 0 0 0 0 0 0 0 0 0 0 0 0 0 0 0 0 0 0 0 0 0 0 0 0 0 0 0 0 0 0 0 0 0 0 0 0 0 0 0 0 0 0 0 0 0 0 0 0 0 0 0 0 0 0 0 0 0 0 0 0 0 0 0 0 0 0 0 0 0 0 0 0 0 0 0 0 0 0 0 0 0 0 0 0 0 0 0 0 0 0 0 0 0 0 0 0 0 0 0 0 0 0 0 0 0 0 0 0 0 0 0 0 0 0 0 0 0 0 0 0 0 0 0 0 0 0 0 0 0 0 0 0 0 0 0 0 0 0 0 0 0 0 0 0 0 0 0 0 0 0 0 0 0 0 0 0 0 0 0 0 0 0 0 0 0 0 0 0 0 0 0 0 0 0 0 0 0 0 0 0 0 0 0 0 0 0 0 0 0 0 0 0 0 0 0 0 0 0 0 0 0 0 0 0 0 0 0 0 0 0 0 0 0 0 0 0 0 0 0 0 0 0 0 0 0 0 0 0 0 0 0 0 0 0 0 0 0 0 0 0 0 0 0 0 0 0 0 0 0 0 0 0 0 0 0 0 0 0 0 0 0 0 0 0 0 0 0 0 0 0 0 0 0 0 0 0 0 0 0 0 0 0 0 0 0 0 0 0 0 0 0 0 0 0 0 0 0 0 0 0 0 0 0 0 0 0 0 0 0 0 0 0 0 0 0 0 0 0 0 0 0 0 0 0 0 0 0 0 0 0 0 0 0 0 0 0 0 0 0 0 0 0 0 0 0 0 0 0 0 0 0 0 0 0 0 0 0 0 0 0 0 0 0 0 0 0 0 0 0 0 0 0 0 0 0 0 0 0 0 0 0 0 0 0 0 0 0 0 0 0 0 0 0 0 0 0 0 0 0 0 0 0 0 0 0 0 0 0 0 0 0 0 0 0 0 0 0 0 0 0 0 0 0 0 0 0 0 0 0 0 0 0 0 0 0 0 0 0 0 0 0 0 0 0 0 0 0 0 0 0 0 0 0 0 0 0 0 0 0 0 0 0 0 0 0 0 0 0 0 0 0 0 0 0 0 0 0 0 0 0 0 0 0 0 0 0 0 0 0 0 0 0 0 0 0 0 0 0 0 0 0 0 0 0 0 0 0 0 0 0 0 0 0 0 0 0 0 0 0 0 0 0 0 0 0 0 0 0 0 0 0 0 0 0 0 0 0 0 0 0 0 0 0 0 0 0 0 0 0 0 0 0 0 0 0 0 0 0 0 0 0 0 0 0 0 0 0 0 0 0 0 0 0 0 0 0 0 0 0 0 0 0 0 0 0 0 0 0 0 0 0 0 0 0 0 0 0 0 0 0 0 0 0 0 0 0 0 0 0 0 0 0 0 0 0 0 0 0 0 0 0 0 0 0 0 0 0 0 0 0 0 0 0 0 0 0 0 0 0 0 0 0 0 0 0 0 0 0 0 0 0 0 0 0 0 0 0 0 0 0 0 0 0 0 0 0 0 0 0 0 0 0 0 0 0 0 0 0 0 0 0 0 0 0 0 0 0 0 0 0 0 0 0 0 0 0 0 0 0 0 0 0 0 0 0 0 0 0 0 0 0 0 0 0 0 0 0 0 0 0 0 0 0 0 0 0 0 0 0 0 0 0 0 0 0 0 0 0 0 0 0 0 0 0 0 0 0 0 0 0 0 0 0 0 0 0 0 0 0 0 0 0 0 0 0 0 0 0 0 0 0 0 0 0 0 0 0 0 0 0 0 0 0 0 0 0 0 0 0 0 0 0 0 0 0 0 0 0 0 0 0 0 0 0 0 0 0 0 0 0 0 0 0 0 0 0 0 0 0 0 0 0 0 0 0 0 0 0 0 0 0 0 0 0 0 0 0 0 0 0 0 0 0 0 0 0 0 0 0 0 0 0 0 0 0 0 0 0 0 0 0 0 0 0 0 0 0 0 0 0 0 0 0 0 0 0 0 0 0 0 0 0 0 0 0 0 0 0 0 0 0 0 0 0 0 0 0 0 0 0 0 0 0 0 0 0 0 0 0 0 0 0 0 0 0 0 0 0 0 0 0 0 0 0 0 0 0 0 0 0 0 0 0 0 0 0 0 0 0 0 0 0 0 0 0 0 0 0 0 0 0 0 0 0 0 0 0 0 0 0 0 0 0 0 0 0 0 0 0 0 0 0 0 0 0 0 0 0 0 0 0 0 0 0 0 0 0 0 0 0 0 0 0 0 0 0 0 0 0 0 0 0 0 0 0 0 0 0 0 0 0 0 0 0 0 0 0 0 0 0 0 0 0 0 0 0 0 0 0 0 0 0 0 0 0 0 0 0 0 0 0 0 0 0 0 0 0 0 0 0
ctxt 5563487305
btime 1790630938
processes 1235200
procs_running 1
procs_blocked 0
softirq 4964688467 73526 14570892 2753188 521838922 614249 0 13560678 57863091 421 58446204
