Running 10s test @ http://127.0.0.1:18500/usleep?ms=10
  16 threads and 1000 connections
  Thread Stats   Avg      Stdev     Max   +/- Stdev
    Latency     7.29s     1.47s    9.85s    57.39%
    Req/Sec    25.44     20.77   131.00     82.96%
  Latency Distribution
     50%    7.28s 
     75%    8.57s 
     90%    9.34s 
     99%    9.80s 
  1021 requests in 10.01s, 172.49KB read
Requests/sec:    101.96
Transfer/sec:     17.23KB
## server-stat
cpu  3788563 1690 1700136 51182800 480590 0 814345 0 0 0
cpu0 143456 31 49083 1601160 6269 0 26883 0 0 0
cpu1 144551 35 49974 1604710 7678 0 26137 0 0 0
cpu2 148440 35 50262 1601500 7740 0 26229 0 0 0
cpu3 230421 35 72148 1482673 4987 0 42686 0 0 0
cpu4 231929 40 70661 1483048 6276 0 42976 0 0 0
cpu5 154251 39 51932 1592939 8543 0 27145 0 0 0
cpu6 155242 35 52386 1591130 8733 0 28248 0 0 0
cpu7 161681 33 55630 1579547 8317 0 30910 0 0 0
cpu8 41663 62 44579 1674796 17970 0 13649 0 0 0
cpu9 47882 69 47832 1649143 21813 0 14889 0 0 0
cpu10 45371 68 46160 1657816 19786 0 14685 0 0 0
cpu11 41378 64 41965 1679120 18161 0 13050 0 0 0
cpu12 85276 144 52038 1603147 24039 0 16158 0 0 0
cpu13 81607 75 53029 1602279 25112 0 16523 0 0 0
cpu14 41264 63 41467 1682484 17164 0 12796 0 0 0
cpu15 38260 66 38045 1696541 17444 0 11615 0 0 0
cpu16 191404 30 60699 1540342 8929 0 34542 0 0 0
cpu17 180670 28 58918 1551621 11185 0 33107 0 0 0
cpu18 169455 29 57294 1565966 10894 0 32269 0 0 0
cpu19 309010 27 87267 1380477 5070 0 52964 0 0 0
cpu20 271130 26 80686 1425545 8123 0 50037 0 0 0
cpu21 164873 31 56450 1569948 12617 0 31514 0 0 0
cpu22 152907 35 53874 1586255 12362 0 29352 0 0 0
cpu23 132726 34 48224 1618684 11670 0 24765 0 0 0
cpu24 44626 66 42928 1675896 21097 0 13748 0 0 0
cpu25 49967 66 47905 1650414 23755 0 16260 0 0 0
cpu26 47732 61 46720 1657296 22759 0 15806 0 0 0
cpu27 40327 51 41651 1668495 21170 0 21616 0 0 0
cpu28 77233 85 55788 1590143 26228 0 28920 0 0 0
cpu29 81230 121 57815 1578681 26683 0 29467 0 0 0
cpu30 39697 46 43257 1662752 18971 0 21625 0 0 0
cpu31 42890 47 43455 1678239 19032 0 13758 0 0 0
intr 3373899248 126 0 0 0 0 0 0 0 0 1 0 0 0 0 0 0 0 0 0 0 0 0 0 0 0 0 0 1 1 1 0 0 0 0 1 0 1 0 0 75045 0 0 0 0 0 0 0 0 411 0 0 0 0 0 0 0 0 87 0 0 0 0 0 0 0 0 0 0 0 0 0 0 0 527312 2 35061576 35000403 34914598 35058597 0 15151 13315 16358 15638 9713 12117 15932 16777 13273 46173 62085 49990 42405 64028 61015 37641 34267 16712 18655 22181 9002 14941 20766 20436 17730 44366 56377 52776 41935 64689 67943 38474 39283 0 0 0 0 617245 4562 1036 0 264 0 0 0 0 0 0 0 0 0 0 0 0 0 0 0 0 0 0 0 0 0 0 0 0 0 0 0 0 0 0 0 0 0 0 0 0 0 0 0 0 0 0 0 0 0 0 0 0 0 0 0 0 0 0 0 0 0 0 0 0 0 0 0 0 0 0 0 0 0 0 0 0 0 0 0 0 0 0 0 0 0 0 0 0 0 0 0 0 0 0 0 0 0 0 0 0 0 0 0 0 0 0 0 0 0 0 0 0 0 0 0 0 0 0 0 0 0 0 0 0 0 0 0 0 0 0 0 0 0 0 0 0 0 0 0 0 0 0 0 0 0 0 0 0 0 0 0 0 0 0 0 0 0 0 0 0 0 0 0 0 0 0 0 0 0 0 0 0 0 0 0 0 0 0 0 0 0 0 0 0 0 0 0 0 0 0 0 0 0 0 0 0 0 0 0 0 0 0 0 0 0 0 0 0 0 0 0 0 0 0 0 0 0 0 0 0 0 0 0 0 0 0 0 0 0 0 0 0 0 0 0 0 0 0 0 0 0 0 0 0 0 0 0 0 0 0 0 0 0 0 0 0 0 0 0 0 0 0 0 0 0 0 0 0 0 0 0 0 0 0 0 0 0 0 0 0 0 0 0 0 0 0 0 0 0 0 0 0 0 0 0 0 0 0 0 0 0 0 0 0 0 0 0 0 0 0 0 0 0 0 0 0 0 0 0 0 0 0 0 0 0 0 0 0 0 0 0 0 0 0 0 0 0 0 0 0 0 0 0 0 0 0 0 0 0 0 0 0 0 0 0 0 0 0 0 0 0 0 0 0 0 0 0 0 0 0 0 0 0 0 0 0 0 0 0 0 0 0 0 0 0 0 0 0 0 0 0 0 0 0 0 0 0 0 0 0 0 0 0 0 0 0 0 0 0 0 0 0 0 0 0 0 0 0 0 0 0 0 0 0 0 0 0 0 0 0 0 0 0 0 0 0 0 0 0 0 0 0 0 0 0 0 0 0 0 0 0 0 0 0 0 0 0 0 0 0 0 0 0 0 0 0 0 0 0 0 0 0 0 0 0 0 0 0 0 0 0 0 0 0 0 0 0 0 0 0 0 0 0 0 0 0 0 0 0 0 0 0 0 0 0 0 0 0 0 0 0 0 0 0 0 0 0 0 0 0 0 0 0 0 0 0 0 0 0 0 0 0 0 0 0 0 0 0 0 0 0 0 0 0 0 0 0 0 0 0 0 0 0 0 0 0 0 0 0 0 0 0 0 0 0 0 0 0 0 0 0 0 0 0 0 0 0 0 0 0 0 0 0 0 0 0 0 0 0 0 0 0 0 0 0 0 0 0 0 0 0 0 0 0 0 0 0 0 0 0 0 0 0 0 0 0 0 0 0 0 0 0 0 0 0 0 0 0 0 0 0 0 0 0 0 0 0 0 0 0 0 0 0 0 0 0 0 0 0 0 0 0 0 0 0 0 0 0 0 0 0 0 0 0 0 0 0 0 0 0 0 0 0 0 0 0 0 0 0 0 0 0 0 0 0 0 0 0 0 0 0 0 0 0 0 0 0 0 0 0 0 0 0 0 0 0 0 0 0 0 0 0 0 0 0 0 0 0 0 0 0 0 0 0 0 0 0 0 0 0 0 0 0 0 0 0 0 0 0 0 0 0 0 0 0 0 0 0 0 0 0 0 0 0 0 0 0 0 0 0 0 0 0 0 0 0 0 0 0 0 0 0 0 0 0 0 0 0 0 0 0 0 0 0 0 0 0 0 0 0 0 0 0 0 0 0 0 0 0 0 0 0 0 0 0 0 0 0 0 0 0 0 0 0 0 0 0 0 0 0 0 0 0 0 0 0 0 0 0 0 0 0 0 0 0 0 0 0 0 0 0 0 0 0 0 0 0 0 0 0 0 0 0 0 0 0 0 0 0 0 0 0 0 0 0 0 0 0 0 0 0 0 0 0 0 0 0 0 0 0 0 0 0 0 0 0 0 0 0 0 0 0 0 0 0 0 0 0 0 0 0 0 0 0 0 0 0 0 0 0 0 0 0 0 0 0 0 0 0 0 0 0 0 0 0 0 0 0 0 0 0 0 0 0 0 0 0 0 0 0 0 0 0 0 0 0 0 0 0 0 0 0 0 0 0 0 0 0 0 0 0 0 0 0 0 0 0 0 0 0 0 0 0 0 0 0 0 0 0 0 0 0 0 0 0 0 0 0 0 0 0 0 0 0 0 0 0 0 0 0 0 0 0 0 0 0 0 0 0 0 0 0 0 0 0 0 0 0 0 0 0 0 0 0 0 0 0 0 0 0 0 0 0 0 0 0 0 0 0 0 0 0 0 0 0 0 0 0 0 0 0 0 0 0 0 0 0 0 0 0 0 0 0 0 0 0 0 0 0 0 0 0 0 0 0 0 0 0 0 0 0 0 0 0 0 0 0 0 0 0 0 0 0 0 0 0 0 0 0 0 0 0 0 0 0 0
ctxt 5359003599
btime 1790630938
processes 1007169
procs_running 1
procs_blocked 0
softirq 4804346236 73526 13414526 2753174 373359453 550265 0 13560335 54743565 421 50923675
--
cpu  3788619 1690 1700146 51208278 480607 0 814346 0 0 0
cpu0 143456 31 49083 1601958 6269 0 26883 0 0 0
cpu1 144552 35 49974 1605507 7678 0 26137 0 0 0
cpu2 148440 35 50262 1602297 7740 0 26230 0 0 0
cpu3 230422 35 72148 1483471 4987 0 42686 0 0 0
cpu4 231930 40 70662 1483845 6276 0 42976 0 0 0
cpu5 154251 39 51932 1593738 8543 0 27145 0 0 0
cpu6 155242 35 52386 1591929 8733 0 28248 0 0 0
cpu7 161681 33 55630 1580346 8317 0 30910 0 0 0
cpu8 41663 62 44579 1675594 17970 0 13649 0 0 0
cpu9 47882 69 47833 1649940 21813 0 14889 0 0 0
cpu10 45371 68 46160 1658615 19786 0 14685 0 0 0
cpu11 41379 64 41965 1679918 18161 0 13050 0 0 0
cpu12 85289 144 52039 1603921 24048 0 16158 0 0 0
cpu13 81624 75 53030 1603058 25114 0 16523 0 0 0
cpu14 41265 63 41467 1683281 17164 0 12796 0 0 0
cpu15 38260 66 38045 1697339 17444 0 11615 0 0 0
cpu16 191404 30 60699 1541140 8929 0 34543 0 0 0
cpu17 180670 28 58918 1552420 11185 0 33107 0 0 0
cpu18 169455 29 57294 1566765 10894 0 32269 0 0 0
cpu19 309011 27 87267 1381276 5070 0 52964 0 0 0
cpu20 271130 26 80686 1426343 8123 0 50037 0 0 0
cpu21 164873 31 56450 1570748 12617 0 31514 0 0 0
cpu22 152907 35 53875 1587054 12362 0 29353 0 0 0
cpu23 132726 34 48225 1619483 11670 0 24765 0 0 0
cpu24 44626 66 42929 1676692 21097 0 13748 0 0 0
cpu25 49967 66 47905 1651213 23755 0 16260 0 0 0
cpu26 47732 61 46720 1658094 22759 0 15806 0 0 0
cpu27 40327 52 41651 1669293 21170 0 21616 0 0 0
cpu28 77233 85 55788 1590937 26233 0 28920 0 0 0
cpu29 81249 121 57817 1579458 26683 0 29467 0 0 0
cpu30 39697 46 43257 1663551 18971 0 21625 0 0 0
cpu31 42890 47 43455 1679038 19032 0 13758 0 0 0
intr 3374029990 126 0 0 0 0 0 0 0 0 1 0 0 0 0 0 0 0 0 0 0 0 0 0 0 0 0 0 1 1 1 0 0 0 0 1 0 1 0 0 75045 0 0 0 0 0 0 0 0 411 0 0 0 0 0 0 0 0 87 0 0 0 0 0 0 0 0 0 0 0 0 0 0 0 527452 2 35061616 35000430 34914616 35058619 0 15159 13315 16358 15638 9713 12118 15932 16777 13273 46173 62085 49990 42405 64028 61015 37641 34267 16712 18656 22181 9002 14941 20766 20436 17730 44372 56377 52776 41935 64689 67943 38474 39283 0 0 0 0 617245 4562 1036 0 264 0 0 0 0 0 0 0 0 0 0 0 0 0 0 0 0 0 0 0 0 0 0 0 0 0 0 0 0 0 0 0 0 0 0 0 0 0 0 0 0 0 0 0 0 0 0 0 0 0 0 0 0 0 0 0 0 0 0 0 0 0 0 0 0 0 0 0 0 0 0 0 0 0 0 0 0 0 0 0 0 0 0 0 0 0 0 0 0 0 0 0 0 0 0 0 0 0 0 0 0 0 0 0 0 0 0 0 0 0 0 0 0 0 0 0 0 0 0 0 0 0 0 0 0 0 0 0 0 0 0 0 0 0 0 0 0 0 0 0 0 0 0 0 0 0 0 0 0 0 0 0 0 0 0 0 0 0 0 0 0 0 0 0 0 0 0 0 0 0 0 0 0 0 0 0 0 0 0 0 0 0 0 0 0 0 0 0 0 0 0 0 0 0 0 0 0 0 0 0 0 0 0 0 0 0 0 0 0 0 0 0 0 0 0 0 0 0 0 0 0 0 0 0 0 0 0 0 0 0 0 0 0 0 0 0 0 0 0 0 0 0 0 0 0 0 0 0 0 0 0 0 0 0 0 0 0 0 0 0 0 0 0 0 0 0 0 0 0 0 0 0 0 0 0 0 0 0 0 0 0 0 0 0 0 0 0 0 0 0 0 0 0 0 0 0 0 0 0 0 0 0 0 0 0 0 0 0 0 0 0 0 0 0 0 0 0 0 0 0 0 0 0 0 0 0 0 0 0 0 0 0 0 0 0 0 0 0 0 0 0 0 0 0 0 0 0 0 0 0 0 0 0 0 0 0 0 0 0 0 0 0 0 0 0 0 0 0 0 0 0 0 0 0 0 0 0 0 0 0 0 0 0 0 0 0 0 0 0 0 0 0 0 0 0 0 0 0 0 0 0 0 0 0 0 0 0 0 0 0 0 0 0 0 0 0 0 0 0 0 0 0 0 0 0 0 0 0 0 0 0 0 0 0 0 0 0 0 0 0 0 0 0 0 0 0 0 0 0 0 0 0 0 0 0 0 0 0 0 0 0 0 0 0 0 0 0 0 0 0 0 0 0 0 0 0 0 0 0 0 0 0 0 0 0 0 0 0 0 0 0 0 0 0 0 0 0 0 0 0 0 0 0 0 0 0 0 0 0 0 0 0 0 0 0 0 0 0 0 0 0 0 0 0 0 0 0 0 0 0 0 0 0 0 0 0 0 0 0 0 0 0 0 0 0 0 0 0 0 0 0 0 0 0 0 0 0 0 0 0 0 0 0 0 0 0 0 0 0 0 0 0 0 0 0 0 0 0 0 0 0 0 0 0 0 0 0 0 0 0 0 0 0 0 0 0 0 0 0 0 0 0 0 0 0 0 0 0 0 0 0 0 0 0 0 0 0 0 0 0 0 0 0 0 0 0 0 0 0 0 0 0 0 0 0 0 0 0 0 0 0 0 0 0 0 0 0 0 0 0 0 0 0 0 0 0 0 0 0 0 0 0 0 0 0 0 0 0 0 0 0 0 0 0 0 0 0 0 0 0 0 0 0 0 0 0 0 0 0 0 0 0 0 0 0 0 0 0 0 0 0 0 0 0 0 0 0 0 0 0 0 0 0 0 0 0 0 0 0 0 0 0 0 0 0 0 0 0 0 0 0 0 0 0 0 0 0 0 0 0 0 0 0 0 0 0 0 0 0 0 0 0 0 0 0 0 0 0 0 0 0 0 0 0 0 0 0 0 0 0 0 0 0 0 0 0 0 0 0 0 0 0 0 0 0 0 0 0 0 0 0 0 0 0 0 0 0 0 0 0 0 0 0 0 0 0 0 0 0 0 0 0 0 0 0 0 0 0 0 0 0 0 0 0 0 0 0 0 0 0 0 0 0 0 0 0 0 0 0 0 0 0 0 0 0 0 0 0 0 0 0 0 0 0 0 0 0 0 0 0 0 0 0 0 0 0 0 0 0 0 0 0 0 0 0 0 0 0 0 0 0 0 0 0 0 0 0 0 0 0 0 0 0 0 0 0 0 0 0 0 0 0 0 0 0 0 0 0 0 0 0 0 0 0 0 0 0 0 0 0 0 0 0 0 0 0 0 0 0 0 0 0 0 0 0 0 0 0 0 0 0 0 0 0 0 0 0 0 0 0 0 0 0 0 0 0 0 0 0 0 0 0 0 0 0 0 0 0 0 0 0 0 0 0 0 0 0 0 0 0 0 0 0 0 0 0 0 0 0 0 0 0 0 0 0 0 0 0 0 0 0 0 0 0 0 0 0 0 0 0 0 0 0 0 0 0 0 0 0 0 0 0 0 0 0 0 0 0 0 0 0 0 0 0 0 0 0 0 0 0 0 0 0 0 0 0 0 0 0 0 0 0 0 0 0 0 0 0 0 0 0 0 0 0 0 0 0 0 0 0 0 0 0 0 0 0 0 0 0 0 0 0 0 0 0 0 0 0 0 0 0 0 0 0 0 0 0 0 0 0 0 0 0
ctxt 5359203522
btime 1790630938
processes 1007241
procs_running 1
procs_blocked 0
softirq 4804365357 73526 13418145 2753174 373362015 550412 0 13560335 54750214 421 50929819
