Running 10s test @ http://127.0.0.1:18500/swerve/counter
  16 threads and 128 connections
  Thread Stats   Avg      Stdev     Max   +/- Stdev
    Latency     7.93ms  585.02us  10.13ms   91.75%
    Req/Sec     1.01k    91.77     2.52k    99.50%
  Latency Distribution
     50%    7.93ms
     75%    8.17ms
     90%    8.43ms
     99%    8.99ms
  162013 requests in 10.10s, 23.03MB read
Requests/sec:  16041.16
Transfer/sec:      2.28MB
## server-stat
cpu  4111671 1825 1774672 55687258 644183 0 840637 0 0 0
cpu0 157585 32 51868 1741048 7654 0 28027 0 0 0
cpu1 157783 37 52720 1745811 9463 0 27231 0 0 0
cpu2 163020 37 52976 1740894 9984 0 27340 0 0 0
cpu3 256770 38 76792 1607995 6567 0 44523 0 0 0
cpu4 255955 43 74766 1611686 8027 0 44508 0 0 0
cpu5 167048 43 54545 1733959 11265 0 28240 0 0 0
cpu6 166762 38 54443 1733716 11970 0 29049 0 0 0
cpu7 172747 36 58016 1721556 11784 0 32180 0 0 0
cpu8 42148 69 45635 1824289 25029 0 13934 0 0 0
cpu9 48617 76 48971 1797285 29308 0 15206 0 0 0
cpu10 45921 75 47274 1806482 27180 0 14975 0 0 0
cpu11 41815 71 42953 1828787 25318 0 13291 0 0 0
cpu12 88404 150 53486 1748312 31397 0 16545 0 0 0
cpu13 84590 82 54543 1746529 33219 0 16926 0 0 0
cpu14 41750 68 42494 1832517 23724 0 13051 0 0 0
cpu15 38621 74 38972 1846895 24315 0 11839 0 0 0
cpu16 212798 32 64255 1672512 10616 0 36022 0 0 0
cpu17 200788 30 62188 1684697 13663 0 34385 0 0 0
cpu18 186291 31 60188 1702055 14181 0 33386 0 0 0
cpu19 345828 28 93553 1494300 6205 0 55049 0 0 0
cpu20 307051 27 86901 1540134 9484 0 52212 0 0 0
cpu21 182812 34 59537 1704455 16240 0 32605 0 0 0
cpu22 168759 37 57012 1722115 16410 0 30657 0 0 0
cpu23 145463 36 50761 1758455 16039 0 25552 0 0 0
cpu24 45225 73 44046 1824630 29046 0 14014 0 0 0
cpu25 50685 70 49139 1798160 31982 0 16598 0 0 0
cpu26 48372 65 47925 1805347 30977 0 16121 0 0 0
cpu27 40864 57 42749 1817218 29305 0 21880 0 0 0
cpu28 79838 92 57406 1734308 34968 0 29369 0 0 0
cpu29 83738 128 59540 1722226 35802 0 29950 0 0 0
cpu30 40220 51 44432 1811589 26327 0 21918 0 0 0
cpu31 43391 52 44574 1827279 26718 0 14042 0 0 0
intr 3496013683 126 0 0 0 0 0 0 0 0 1 0 0 0 0 0 0 0 0 0 0 0 0 0 0 0 0 0 1 1 1 0 0 0 0 1 0 1 0 0 75045 0 0 0 0 0 0 0 0 411 0 0 0 0 0 0 0 0 87 0 0 0 0 0 0 0 0 0 0 0 0 0 0 0 591882 2 35067947 35004093 34919588 35065924 0 16443 15661 19365 19528 12052 15301 20012 20966 17605 55701 75682 61718 51468 83271 79078 45403 42478 19856 23050 27476 11374 17623 25892 26165 22437 57704 71364 64713 52256 83098 90292 47115 48098 0 0 0 0 617353 4697 1036 0 264 0 0 0 0 0 0 0 0 0 0 0 0 0 0 0 0 0 0 0 0 0 0 0 0 0 0 0 0 0 0 0 0 0 0 0 0 0 0 0 0 0 0 0 0 0 0 0 0 0 0 0 0 0 0 0 0 0 0 0 0 0 0 0 0 0 0 0 0 0 0 0 0 0 0 0 0 0 0 0 0 0 0 0 0 0 0 0 0 0 0 0 0 0 0 0 0 0 0 0 0 0 0 0 0 0 0 0 0 0 0 0 0 0 0 0 0 0 0 0 0 0 0 0 0 0 0 0 0 0 0 0 0 0 0 0 0 0 0 0 0 0 0 0 0 0 0 0 0 0 0 0 0 0 0 0 0 0 0 0 0 0 0 0 0 0 0 0 0 0 0 0 0 0 0 0 0 0 0 0 0 0 0 0 0 0 0 0 0 0 0 0 0 0 0 0 0 0 0 0 0 0 0 0 0 0 0 0 0 0 0 0 0 0 0 0 0 0 0 0 0 0 0 0 0 0 0 0 0 0 0 0 0 0 0 0 0 0 0 0 0 0 0 0 0 0 0 0 0 0 0 0 0 0 0 0 0 0 0 0 0 0 0 0 0 0 0 0 0 0 0 0 0 0 0 0 0 0 0 0 0 0 0 0 0 0 0 0 0 0 0 0 0 0 0 0 0 0 0 0 0 0 0 0 0 0 0 0 0 0 0 0 0 0 0 0 0 0 0 0 0 0 0 0 0 0 0 0 0 0 0 0 0 0 0 0 0 0 0 0 0 0 0 0 0 0 0 0 0 0 0 0 0 0 0 0 0 0 0 0 0 0 0 0 0 0 0 0 0 0 0 0 0 0 0 0 0 0 0 0 0 0 0 0 0 0 0 0 0 0 0 0 0 0 0 0 0 0 0 0 0 0 0 0 0 0 0 0 0 0 0 0 0 0 0 0 0 0 0 0 0 0 0 0 0 0 0 0 0 0 0 0 0 0 0 0 0 0 0 0 0 0 0 0 0 0 0 0 0 0 0 0 0 0 0 0 0 0 0 0 0 0 0 0 0 0 0 0 0 0 0 0 0 0 0 0 0 0 0 0 0 0 0 0 0 0 0 0 0 0 0 0 0 0 0 0 0 0 0 0 0 0 0 0 0 0 0 0 0 0 0 0 0 0 0 0 0 0 0 0 0 0 0 0 0 0 0 0 0 0 0 0 0 0 0 0 0 0 0 0 0 0 0 0 0 0 0 0 0 0 0 0 0 0 0 0 0 0 0 0 0 0 0 0 0 0 0 0 0 0 0 0 0 0 0 0 0 0 0 0 0 0 0 0 0 0 0 0 0 0 0 0 0 0 0 0 0 0 0 0 0 0 0 0 0 0 0 0 0 0 0 0 0 0 0 0 0 0 0 0 0 0 0 0 0 0 0 0 0 0 0 0 0 0 0 0 0 0 0 0 0 0 0 0 0 0 0 0 0 0 0 0 0 0 0 0 0 0 0 0 0 0 0 0 0 0 0 0 0 0 0 0 0 0 0 0 0 0 0 0 0 0 0 0 0 0 0 0 0 0 0 0 0 0 0 0 0 0 0 0 0 0 0 0 0 0 0 0 0 0 0 0 0 0 0 0 0 0 0 0 0 0 0 0 0 0 0 0 0 0 0 0 0 0 0 0 0 0 0 0 0 0 0 0 0 0 0 0 0 0 0 0 0 0 0 0 0 0 0 0 0 0 0 0 0 0 0 0 0 0 0 0 0 0 0 0 0 0 0 0 0 0 0 0 0 0 0 0 0 0 0 0 0 0 0 0 0 0 0 0 0 0 0 0 0 0 0 0 0 0 0 0 0 0 0 0 0 0 0 0 0 0 0 0 0 0 0 0 0 0 0 0 0 0 0 0 0 0 0 0 0 0 0 0 0 0 0 0 0 0 0 0 0 0 0 0 0 0 0 0 0 0 0 0 0 0 0 0 0 0 0 0 0 0 0 0 0 0 0 0 0 0 0 0 0 0 0 0 0 0 0 0 0 0 0 0 0 0 0 0 0 0 0 0 0 0 0 0 0 0 0 0 0 0 0 0 0 0 0 0 0 0 0 0 0 0 0 0 0 0 0 0 0 0 0 0 0 0 0 0 0 0 0 0 0 0 0 0 0 0 0 0 0 0 0 0 0 0 0 0 0 0 0 0 0 0 0 0 0 0 0 0 0 0 0 0 0 0 0 0 0 0 0 0 0 0 0 0 0 0 0 0 0 0 0 0 0 0 0 0 0 0 0 0 0 0 0 0 0 0 0 0 0 0 0 0 0 0 0 0 0 0 0 0 0 0 0 0 0 0 0 0 0 0 0 0 0 0 0 0 0 0 0 0 0 0 0 0 0 0 0 0 0 0 0 0 0 0 0 0 0 0 0 0 0 0 0 0 0 0 0 0 0 0 0 0 0 0 0 0 0 0 0 0 0 0 0 0 0 0 0 0 0 0 0 0 0 0 0 0 0 0 0
ctxt 5570406814
btime 1790630938
processes 1257020
procs_running 11
procs_blocked 0
softirq 4969186205 73526 14702003 2753188 524225409 616894 0 13560678 58163240 421 60123550
--
cpu  4117754 1826 1775518 55705353 644222 0 840754 0 0 0
cpu0 157859 32 51907 1741503 7654 0 28040 0 0 0
cpu1 158094 37 52764 1746231 9463 0 27239 0 0 0
cpu2 163300 37 53016 1741345 9984 0 27350 0 0 0
cpu3 257011 38 76829 1608488 6567 0 44530 0 0 0
cpu4 256240 43 74806 1612132 8027 0 44514 0 0 0
cpu5 167337 43 54585 1734406 11265 0 28249 0 0 0
cpu6 167131 38 54491 1734074 11970 0 29056 0 0 0
cpu7 173083 36 58063 1721946 11784 0 32185 0 0 0
cpu8 42148 69 45636 1825079 25029 0 13934 0 0 0
cpu9 48621 77 48975 1798061 29308 0 15208 0 0 0
cpu10 45923 75 47276 1807262 27180 0 14975 0 0 0
cpu11 41816 71 42955 1829557 25337 0 13291 0 0 0
cpu12 88420 151 53491 1749077 31397 0 16547 0 0 0
cpu13 84596 82 54546 1747282 33235 0 16928 0 0 0
cpu14 41753 68 42497 1833299 23724 0 13052 0 0 0
cpu15 38622 74 38974 1847685 24315 0 11839 0 0 0
cpu16 213262 32 64314 1672769 10616 0 36027 0 0 0
cpu17 201234 30 62245 1684975 13663 0 34389 0 0 0
cpu18 186795 31 60252 1702271 14181 0 33388 0 0 0
cpu19 346361 28 93618 1494490 6205 0 55052 0 0 0
cpu20 307594 27 86967 1540316 9484 0 52215 0 0 0
cpu21 183337 34 59602 1704648 16240 0 32607 0 0 0
cpu22 169115 37 57061 1722486 16410 0 30663 0 0 0
cpu23 145724 36 50800 1758929 16039 0 25560 0 0 0
cpu24 45226 74 44049 1825420 29047 0 14015 0 0 0
cpu25 50686 70 49141 1798944 31982 0 16599 0 0 0
cpu26 48373 66 47927 1806133 30977 0 16122 0 0 0
cpu27 40864 57 42751 1818012 29305 0 21881 0 0 0
cpu28 79848 92 57410 1735082 34969 0 29370 0 0 0
cpu29 83753 128 59544 1722991 35802 0 29952 0 0 0
cpu30 40221 51 44435 1812375 26328 0 21919 0 0 0
cpu31 43393 52 44576 1828069 26718 0 14042 0 0 0
intr 3497066213 126 0 0 0 0 0 0 0 0 1 0 0 0 0 0 0 0 0 0 0 0 0 0 0 0 0 0 1 1 1 0 0 0 0 1 0 1 0 0 75045 0 0 0 0 0 0 0 0 411 0 0 0 0 0 0 0 0 87 0 0 0 0 0 0 0 0 0 0 0 0 0 0 0 592323 2 35067986 35004100 34919621 35065991 0 16451 15661 19365 19528 12052 15301 20012 20966 17605 55701 75682 61718 51468 83271 79080 45403 42479 19856 23050 27476 11374 17623 25892 26165 22437 57704 71364 64713 52256 83104 90292 47115 48099 0 0 0 0 617353 4697 1036 0 264 0 0 0 0 0 0 0 0 0 0 0 0 0 0 0 0 0 0 0 0 0 0 0 0 0 0 0 0 0 0 0 0 0 0 0 0 0 0 0 0 0 0 0 0 0 0 0 0 0 0 0 0 0 0 0 0 0 0 0 0 0 0 0 0 0 0 0 0 0 0 0 0 0 0 0 0 0 0 0 0 0 0 0 0 0 0 0 0 0 0 0 0 0 0 0 0 0 0 0 0 0 0 0 0 0 0 0 0 0 0 0 0 0 0 0 0 0 0 0 0 0 0 0 0 0 0 0 0 0 0 0 0 0 0 0 0 0 0 0 0 0 0 0 0 0 0 0 0 0 0 0 0 0 0 0 0 0 0 0 0 0 0 0 0 0 0 0 0 0 0 0 0 0 0 0 0 0 0 0 0 0 0 0 0 0 0 0 0 0 0 0 0 0 0 0 0 0 0 0 0 0 0 0 0 0 0 0 0 0 0 0 0 0 0 0 0 0 0 0 0 0 0 0 0 0 0 0 0 0 0 0 0 0 0 0 0 0 0 0 0 0 0 0 0 0 0 0 0 0 0 0 0 0 0 0 0 0 0 0 0 0 0 0 0 0 0 0 0 0 0 0 0 0 0 0 0 0 0 0 0 0 0 0 0 0 0 0 0 0 0 0 0 0 0 0 0 0 0 0 0 0 0 0 0 0 0 0 0 0 0 0 0 0 0 0 0 0 0 0 0 0 0 0 0 0 0 0 0 0 0 0 0 0 0 0 0 0 0 0 0 0 0 0 0 0 0 0 0 0 0 0 0 0 0 0 0 0 0 0 0 0 0 0 0 0 0 0 0 0 0 0 0 0 0 0 0 0 0 0 0 0 0 0 0 0 0 0 0 0 0 0 0 0 0 0 0 0 0 0 0 0 0 0 0 0 0 0 0 0 0 0 0 0 0 0 0 0 0 0 0 0 0 0 0 0 0 0 0 0 0 0 0 0 0 0 0 0 0 0 0 0 0 0 0 0 0 0 0 0 0 0 0 0 0 0 0 0 0 0 0 0 0 0 0 0 0 0 0 0 0 0 0 0 0 0 0 0 0 0 0 0 0 0 0 0 0 0 0 0 0 0 0 0 0 0 0 0 0 0 0 0 0 0 0 0 0 0 0 0 0 0 0 0 0 0 0 0 0 0 0 0 0 0 0 0 0 0 0 0 0 0 0 0 0 0 0 0 0 0 0 0 0 0 0 0 0 0 0 0 0 0 0 0 0 0 0 0 0 0 0 0 0 0 0 0 0 0 0 0 0 0 0 0 0 0 0 0 0 0 0 0 0 0 0 0 0 0 0 0 0 0 0 0 0 0 0 0 0 0 0 0 0 0 0 0 0 0 0 0 0 0 0 0 0 0 0 0 0 0 0 0 0 0 0 0 0 0 0 0 0 0 0 0 0 0 0 0 0 0 0 0 0 0 0 0 0 0 0 0 0 0 0 0 0 0 0 0 0 0 0 0 0 0 0 0 0 0 0 0 0 0 0 0 0 0 0 0 0 0 0 0 0 0 0 0 0 0 0 0 0 0 0 0 0 0 0 0 0 0 0 0 0 0 0 0 0 0 0 0 0 0 0 0 0 0 0 0 0 0 0 0 0 0 0 0 0 0 0 0 0 0 0 0 0 0 0 0 0 0 0 0 0 0 0 0 0 0 0 0 0 0 0 0 0 0 0 0 0 0 0 0 0 0 0 0 0 0 0 0 0 0 0 0 0 0 0 0 0 0 0 0 0 0 0 0 0 0 0 0 0 0 0 0 0 0 0 0 0 0 0 0 0 0 0 0 0 0 0 0 0 0 0 0 0 0 0 0 0 0 0 0 0 0 0 0 0 0 0 0 0 0 0 0 0 0 0 0 0 0 0 0 0 0 0 0 0 0 0 0 0 0 0 0 0 0 0 0 0 0 0 0 0 0 0 0 0 0 0 0 0 0 0 0 0 0 0 0 0 0 0 0 0 0 0 0 0 0 0 0 0 0 0 0 0 0 0 0 0 0 0 0 0 0 0 0 0 0 0 0 0 0 0 0 0 0 0 0 0 0 0 0 0 0 0 0 0 0 0 0 0 0 0 0 0 0 0 0 0 0 0 0 0 0 0 0 0 0 0 0 0 0 0 0 0 0 0 0 0 0 0 0 0 0 0 0 0 0 0 0 0 0 0 0 0 0 0 0 0 0 0 0 0 0 0 0 0 0 0 0 0 0 0 0 0 0 0 0 0 0 0 0 0 0 0 0 0 0 0 0 0 0 0 0 0 0 0 0 0 0 0 0 0 0 0 0 0 0 0 0 0 0 0 0 0 0 0 0 0 0 0 0 0 0 0 0 0 0 0 0 0 0 0 0 0 0 0 0 0 0 0 0 0 0 0 0 0 0 0 0 0 0 0 0 0 0 0 0 0 0 0 0 0 0 0 0 0 0 0 0 0 0 0 0 0 0 0 0 0 0 0 0 0
ctxt 5572239681
btime 1790630938
processes 1257102
procs_running 9
procs_blocked 1
softirq 4969842406 73526 14734664 2753188 524739515 617349 0 13560678 58234248 421 60161521
