Running 10s test @ http://127.0.0.1:18500/swerve/usleep?ms=10
  16 threads and 1000 connections
  Thread Stats   Avg      Stdev     Max   +/- Stdev
    Latency     7.53s     1.44s   10.00s    58.62%
    Req/Sec    23.06     13.73   111.00     80.81%
  Latency Distribution
     50%    7.53s 
     75%    8.76s 
     90%    9.51s 
     99%    9.95s 
  947 requests in 10.09s, 230.30KB read
  Socket errors: connect 0, read 0, write 0, timeout 2
Requests/sec:     93.83
Transfer/sec:     22.82KB
## server-stat
cpu  3799992 1701 1703856 51631233 480959 0 816203 0 0 0
cpu0 143534 31 49121 1615620 6270 0 26910 0 0 0
cpu1 144598 35 50000 1619319 7678 0 26145 0 0 0
cpu2 148471 35 50285 1616132 7740 0 26235 0 0 0
cpu3 232000 35 72593 1494997 4988 0 42999 0 0 0
cpu4 234000 40 71237 1494652 6297 0 43405 0 0 0
cpu5 154271 39 51954 1607585 8544 0 27147 0 0 0
cpu6 155261 35 52407 1605783 8733 0 28250 0 0 0
cpu7 161694 33 55649 1594208 8317 0 30911 0 0 0
cpu8 41692 63 44616 1689204 17971 0 13659 0 0 0
cpu9 47934 70 47881 1663367 21821 0 14902 0 0 0
cpu10 45410 69 46199 1672090 19786 0 14698 0 0 0
cpu11 41403 65 42000 1693481 18163 0 13059 0 0 0
cpu12 85554 144 52114 1617051 24074 0 16180 0 0 0
cpu13 81831 76 53108 1616072 25249 0 16546 0 0 0
cpu14 41294 63 41502 1696786 17166 0 12809 0 0 0
cpu15 38282 66 38080 1710919 17448 0 11624 0 0 0
cpu16 191460 30 60724 1554949 8929 0 34548 0 0 0
cpu17 180698 29 58942 1566260 11185 0 33107 0 0 0
cpu18 169477 29 57320 1580608 10894 0 32270 0 0 0
cpu19 312530 27 88181 1390217 5070 0 53484 0 0 0
cpu20 273727 26 81394 1436600 8124 0 50377 0 0 0
cpu21 164893 31 56477 1584594 12618 0 31515 0 0 0
cpu22 152922 35 53898 1600909 12362 0 29353 0 0 0
cpu23 132739 34 48250 1633340 11670 0 24765 0 0 0
cpu24 44661 66 42971 1690286 21101 0 13758 0 0 0
cpu25 50010 67 47950 1664736 23755 0 16274 0 0 0
cpu26 47767 61 46763 1671619 22803 0 15816 0 0 0
cpu27 40359 52 41690 1682948 21179 0 21623 0 0 0
cpu28 77428 86 55854 1604231 26284 0 28934 0 0 0
cpu29 81435 122 57881 1592759 26711 0 29486 0 0 0
cpu30 39723 47 43308 1677157 18984 0 21635 0 0 0
cpu31 42919 48 43492 1692739 19032 0 13766 0 0 0
intr 3382594247 126 0 0 0 0 0 0 0 0 1 0 0 0 0 0 0 0 0 0 0 0 0 0 0 0 0 0 1 1 1 0 0 0 0 1 0 1 0 0 75045 0 0 0 0 0 0 0 0 411 0 0 0 0 0 0 0 0 87 0 0 0 0 0 0 0 0 0 0 0 0 0 0 0 531041 2 35062436 35000942 34915112 35059282 0 15271 13317 16359 15638 9713 12125 15957 16777 13274 46176 62094 49991 42405 64031 61017 37644 34328 16712 18657 22183 9002 14942 20766 20436 17731 44401 56382 52789 41960 64732 67944 38809 39284 0 0 0 0 617253 4571 1036 0 264 0 0 0 0 0 0 0 0 0 0 0 0 0 0 0 0 0 0 0 0 0 0 0 0 0 0 0 0 0 0 0 0 0 0 0 0 0 0 0 0 0 0 0 0 0 0 0 0 0 0 0 0 0 0 0 0 0 0 0 0 0 0 0 0 0 0 0 0 0 0 0 0 0 0 0 0 0 0 0 0 0 0 0 0 0 0 0 0 0 0 0 0 0 0 0 0 0 0 0 0 0 0 0 0 0 0 0 0 0 0 0 0 0 0 0 0 0 0 0 0 0 0 0 0 0 0 0 0 0 0 0 0 0 0 0 0 0 0 0 0 0 0 0 0 0 0 0 0 0 0 0 0 0 0 0 0 0 0 0 0 0 0 0 0 0 0 0 0 0 0 0 0 0 0 0 0 0 0 0 0 0 0 0 0 0 0 0 0 0 0 0 0 0 0 0 0 0 0 0 0 0 0 0 0 0 0 0 0 0 0 0 0 0 0 0 0 0 0 0 0 0 0 0 0 0 0 0 0 0 0 0 0 0 0 0 0 0 0 0 0 0 0 0 0 0 0 0 0 0 0 0 0 0 0 0 0 0 0 0 0 0 0 0 0 0 0 0 0 0 0 0 0 0 0 0 0 0 0 0 0 0 0 0 0 0 0 0 0 0 0 0 0 0 0 0 0 0 0 0 0 0 0 0 0 0 0 0 0 0 0 0 0 0 0 0 0 0 0 0 0 0 0 0 0 0 0 0 0 0 0 0 0 0 0 0 0 0 0 0 0 0 0 0 0 0 0 0 0 0 0 0 0 0 0 0 0 0 0 0 0 0 0 0 0 0 0 0 0 0 0 0 0 0 0 0 0 0 0 0 0 0 0 0 0 0 0 0 0 0 0 0 0 0 0 0 0 0 0 0 0 0 0 0 0 0 0 0 0 0 0 0 0 0 0 0 0 0 0 0 0 0 0 0 0 0 0 0 0 0 0 0 0 0 0 0 0 0 0 0 0 0 0 0 0 0 0 0 0 0 0 0 0 0 0 0 0 0 0 0 0 0 0 0 0 0 0 0 0 0 0 0 0 0 0 0 0 0 0 0 0 0 0 0 0 0 0 0 0 0 0 0 0 0 0 0 0 0 0 0 0 0 0 0 0 0 0 0 0 0 0 0 0 0 0 0 0 0 0 0 0 0 0 0 0 0 0 0 0 0 0 0 0 0 0 0 0 0 0 0 0 0 0 0 0 0 0 0 0 0 0 0 0 0 0 0 0 0 0 0 0 0 0 0 0 0 0 0 0 0 0 0 0 0 0 0 0 0 0 0 0 0 0 0 0 0 0 0 0 0 0 0 0 0 0 0 0 0 0 0 0 0 0 0 0 0 0 0 0 0 0 0 0 0 0 0 0 0 0 0 0 0 0 0 0 0 0 0 0 0 0 0 0 0 0 0 0 0 0 0 0 0 0 0 0 0 0 0 0 0 0 0 0 0 0 0 0 0 0 0 0 0 0 0 0 0 0 0 0 0 0 0 0 0 0 0 0 0 0 0 0 0 0 0 0 0 0 0 0 0 0 0 0 0 0 0 0 0 0 0 0 0 0 0 0 0 0 0 0 0 0 0 0 0 0 0 0 0 0 0 0 0 0 0 0 0 0 0 0 0 0 0 0 0 0 0 0 0 0 0 0 0 0 0 0 0 0 0 0 0 0 0 0 0 0 0 0 0 0 0 0 0 0 0 0 0 0 0 0 0 0 0 0 0 0 0 0 0 0 0 0 0 0 0 0 0 0 0 0 0 0 0 0 0 0 0 0 0 0 0 0 0 0 0 0 0 0 0 0 0 0 0 0 0 0 0 0 0 0 0 0 0 0 0 0 0 0 0 0 0 0 0 0 0 0 0 0 0 0 0 0 0 0 0 0 0 0 0 0 0 0 0 0 0 0 0 0 0 0 0 0 0 0 0 0 0 0 0 0 0 0 0 0 0 0 0 0 0 0 0 0 0 0 0 0 0 0 0 0 0 0 0 0 0 0 0 0 0 0 0 0 0 0 0 0 0 0 0 0 0 0 0 0 0 0 0 0 0 0 0 0 0 0 0 0 0 0 0 0 0 0 0 0 0 0 0 0 0 0 0 0 0 0 0 0 0 0 0 0 0 0 0 0 0 0 0 0 0 0 0 0 0 0 0 0 0 0 0 0 0 0 0 0 0 0 0 0 0 0 0 0 0 0 0 0 0 0 0 0 0 0 0 0 0 0 0 0 0 0 0 0 0 0 0 0 0 0 0 0 0 0 0 0 0 0 0 0 0 0 0 0 0 0 0 0 0 0 0 0 0 0 0 0 0 0 0 0 0 0 0 0 0 0 0 0 0 0 0 0 0 0 0 0 0 0 0 0 0 0 0 0 0 0 0 0 0 0 0 0 0 0 0 0 0 0 0 0 0 0 0 0 0 0 0 0 0 0 0 0 0 0 0 0 0 0 0 0 0 0 0 0 0 0
ctxt 5374778488
btime 1790630938
processes 1019545
procs_running 1
procs_blocked 0
softirq 4819192363 73526 13472605 2753174 387339946 554170 0 13560356 54923059 421 51547810
--
cpu  3800123 1702 1703873 51656634 480974 0 816205 0 0 0
cpu0 143537 31 49122 1616413 6270 0 26911 0 0 0
cpu1 144599 35 50001 1620117 7678 0 26145 0 0 0
cpu2 148472 35 50285 1616930 7740 0 26235 0 0 0
cpu3 232027 35 72595 1495764 4988 0 42999 0 0 0
cpu4 234011 40 71238 1495438 6297 0 43405 0 0 0
cpu5 154271 40 51955 1608383 8544 0 27147 0 0 0
cpu6 155261 35 52407 1606582 8733 0 28250 0 0 0
cpu7 161694 33 55650 1595007 8317 0 30911 0 0 0
cpu8 41694 63 44616 1690001 17971 0 13659 0 0 0
cpu9 47938 70 47881 1664161 21821 0 14902 0 0 0
cpu10 45410 69 46199 1672888 19786 0 14698 0 0 0
cpu11 41404 65 42000 1694279 18163 0 13059 0 0 0
cpu12 85569 144 52115 1617832 24074 0 16180 0 0 0
cpu13 81864 76 53111 1616822 25261 0 16546 0 0 0
cpu14 41295 63 41502 1697584 17166 0 12809 0 0 0
cpu15 38283 66 38080 1711717 17448 0 11625 0 0 0
cpu16 191460 30 60724 1555748 8929 0 34548 0 0 0
cpu17 180698 29 58943 1567059 11185 0 33107 0 0 0
cpu18 169478 29 57320 1581406 10894 0 32270 0 0 0
cpu19 312547 27 88184 1390996 5070 0 53484 0 0 0
cpu20 273728 26 81394 1437398 8124 0 50377 0 0 0
cpu21 164894 31 56477 1585393 12618 0 31515 0 0 0
cpu22 152922 35 53898 1601708 12362 0 29353 0 0 0
cpu23 132739 34 48250 1634139 11670 0 24765 0 0 0
cpu24 44661 66 42972 1691084 21101 0 13758 0 0 0
cpu25 50011 67 47950 1665534 23755 0 16274 0 0 0
cpu26 47769 61 46763 1672416 22803 0 15816 0 0 0
cpu27 40360 52 41691 1683745 21179 0 21623 0 0 0
cpu28 77429 86 55855 1605028 26284 0 28934 0 0 0
cpu29 81440 122 57881 1593553 26711 0 29486 0 0 0
cpu30 39724 47 43308 1677955 18984 0 21635 0 0 0
cpu31 42920 48 43492 1693537 19032 0 13766 0 0 0
intr 3382702084 126 0 0 0 0 0 0 0 0 1 0 0 0 0 0 0 0 0 0 0 0 0 0 0 0 0 0 1 1 1 0 0 0 0 1 0 1 0 0 75045 0 0 0 0 0 0 0 0 411 0 0 0 0 0 0 0 0 87 0 0 0 0 0 0 0 0 0 0 0 0 0 0 0 531177 2 35062480 35000967 34915149 35059305 0 15279 13318 16359 15638 9713 12125 15958 16777 13274 46176 62094 49991 42405 64031 61017 37644 34328 16712 18657 22183 9002 14942 20767 20436 17731 44401 56382 52789 41960 64732 67944 38815 39285 0 0 0 0 617257 4571 1036 0 264 0 0 0 0 0 0 0 0 0 0 0 0 0 0 0 0 0 0 0 0 0 0 0 0 0 0 0 0 0 0 0 0 0 0 0 0 0 0 0 0 0 0 0 0 0 0 0 0 0 0 0 0 0 0 0 0 0 0 0 0 0 0 0 0 0 0 0 0 0 0 0 0 0 0 0 0 0 0 0 0 0 0 0 0 0 0 0 0 0 0 0 0 0 0 0 0 0 0 0 0 0 0 0 0 0 0 0 0 0 0 0 0 0 0 0 0 0 0 0 0 0 0 0 0 0 0 0 0 0 0 0 0 0 0 0 0 0 0 0 0 0 0 0 0 0 0 0 0 0 0 0 0 0 0 0 0 0 0 0 0 0 0 0 0 0 0 0 0 0 0 0 0 0 0 0 0 0 0 0 0 0 0 0 0 0 0 0 0 0 0 0 0 0 0 0 0 0 0 0 0 0 0 0 0 0 0 0 0 0 0 0 0 0 0 0 0 0 0 0 0 0 0 0 0 0 0 0 0 0 0 0 0 0 0 0 0 0 0 0 0 0 0 0 0 0 0 0 0 0 0 0 0 0 0 0 0 0 0 0 0 0 0 0 0 0 0 0 0 0 0 0 0 0 0 0 0 0 0 0 0 0 0 0 0 0 0 0 0 0 0 0 0 0 0 0 0 0 0 0 0 0 0 0 0 0 0 0 0 0 0 0 0 0 0 0 0 0 0 0 0 0 0 0 0 0 0 0 0 0 0 0 0 0 0 0 0 0 0 0 0 0 0 0 0 0 0 0 0 0 0 0 0 0 0 0 0 0 0 0 0 0 0 0 0 0 0 0 0 0 0 0 0 0 0 0 0 0 0 0 0 0 0 0 0 0 0 0 0 0 0 0 0 0 0 0 0 0 0 0 0 0 0 0 0 0 0 0 0 0 0 0 0 0 0 0 0 0 0 0 0 0 0 0 0 0 0 0 0 0 0 0 0 0 0 0 0 0 0 0 0 0 0 0 0 0 0 0 0 0 0 0 0 0 0 0 0 0 0 0 0 0 0 0 0 0 0 0 0 0 0 0 0 0 0 0 0 0 0 0 0 0 0 0 0 0 0 0 0 0 0 0 0 0 0 0 0 0 0 0 0 0 0 0 0 0 0 0 0 0 0 0 0 0 0 0 0 0 0 0 0 0 0 0 0 0 0 0 0 0 0 0 0 0 0 0 0 0 0 0 0 0 0 0 0 0 0 0 0 0 0 0 0 0 0 0 0 0 0 0 0 0 0 0 0 0 0 0 0 0 0 0 0 0 0 0 0 0 0 0 0 0 0 0 0 0 0 0 0 0 0 0 0 0 0 0 0 0 0 0 0 0 0 0 0 0 0 0 0 0 0 0 0 0 0 0 0 0 0 0 0 0 0 0 0 0 0 0 0 0 0 0 0 0 0 0 0 0 0 0 0 0 0 0 0 0 0 0 0 0 0 0 0 0 0 0 0 0 0 0 0 0 0 0 0 0 0 0 0 0 0 0 0 0 0 0 0 0 0 0 0 0 0 0 0 0 0 0 0 0 0 0 0 0 0 0 0 0 0 0 0 0 0 0 0 0 0 0 0 0 0 0 0 0 0 0 0 0 0 0 0 0 0 0 0 0 0 0 0 0 0 0 0 0 0 0 0 0 0 0 0 0 0 0 0 0 0 0 0 0 0 0 0 0 0 0 0 0 0 0 0 0 0 0 0 0 0 0 0 0 0 0 0 0 0 0 0 0 0 0 0 0 0 0 0 0 0 0 0 0 0 0 0 0 0 0 0 0 0 0 0 0 0 0 0 0 0 0 0 0 0 0 0 0 0 0 0 0 0 0 0 0 0 0 0 0 0 0 0 0 0 0 0 0 0 0 0 0 0 0 0 0 0 0 0 0 0 0 0 0 0 0 0 0 0 0 0 0 0 0 0 0 0 0 0 0 0 0 0 0 0 0 0 0 0 0 0 0 0 0 0 0 0 0 0 0 0 0 0 0 0 0 0 0 0 0 0 0 0 0 0 0 0 0 0 0 0 0 0 0 0 0 0 0 0 0 0 0 0 0 0 0 0 0 0 0 0 0 0 0 0 0 0 0 0 0 0 0 0 0 0 0 0 0 0 0 0 0 0 0 0 0 0 0 0 0 0 0 0 0 0 0 0 0 0 0 0 0 0 0 0 0 0 0 0 0 0 0 0 0 0 0 0 0 0 0 0 0 0 0 0 0 0 0 0 0 0 0 0 0 0 0 0 0 0 0 0 0 0 0 0 0 0 0 0 0 0 0 0 0 0 0 0 0 0 0 0 0 0 0 0 0 0 0 0 0 0 0 0 0 0 0 0 0 0 0 0 0 0 0 0 0 0 0 0 0 0 0 0 0 0 0 0 0 0 0 0 0 0 0 0 0 0 0 0 0 0 0 0 0 0 0 0 0 0 0 0 0 0 0 0 0 0 0 0 0 0 0 0 0 0 0 0
ctxt 5374909288
btime 1790630938
processes 1019609
procs_running 1
procs_blocked 0
softirq 4819214338 73526 13475989 2753174 387342423 554319 0 13560356 54931043 421 51555791
