Running 10s test @ http://127.0.0.1:18500/counter
  16 threads and 128 connections
  Thread Stats   Avg      Stdev     Max   +/- Stdev
    Latency    14.55ms    4.94ms  68.51ms   88.68%
    Req/Sec   559.79     87.47     1.82k    82.79%
  Latency Distribution
     50%   13.53ms
     75%   15.78ms
     90%   19.00ms
     99%   38.54ms
  89421 requests in 10.10s, 26.52MB read
Requests/sec:   8853.77
Transfer/sec:      2.63MB
## server-stat
cpu  4236756 1853 1793656 56608647 645066 0 846163 0 0 0
cpu0 162915 32 52657 1768104 7655 0 28318 0 0 0
cpu1 164011 37 53526 1772106 9463 0 27519 0 0 0
cpu2 171440 37 53918 1764801 9984 0 27745 0 0 0
cpu3 266335 38 77898 1630544 6569 0 44934 0 0 0
cpu4 262047 44 75566 1638180 8028 0 44777 0 0 0
cpu5 174070 44 55550 1759342 11266 0 28539 0 0 0
cpu6 175969 39 55555 1756695 11971 0 29460 0 0 0
cpu7 181816 37 59159 1744652 11784 0 32566 0 0 0
cpu8 42249 70 45810 1857309 25101 0 13959 0 0 0
cpu9 48780 78 49181 1830035 29385 0 15243 0 0 0
cpu10 46058 76 47456 1839383 27185 0 15005 0 0 0
cpu11 41922 72 43128 1861845 25339 0 13315 0 0 0
cpu12 89092 152 53775 1780334 31468 0 16616 0 0 0
cpu13 85177 83 54850 1778502 33372 0 16997 0 0 0
cpu14 41880 70 42705 1865358 23790 0 13084 0 0 0
cpu15 38713 75 39151 1879964 24317 0 11862 0 0 0
cpu16 222568 32 65371 1694992 10617 0 36383 0 0 0
cpu17 209643 31 63311 1708108 13664 0 34725 0 0 0
cpu18 192916 31 61187 1727931 14182 0 33596 0 0 0
cpu19 352256 28 94419 1520532 6207 0 55244 0 0 0
cpu20 316736 27 88079 1562695 9484 0 52539 0 0 0
cpu21 191140 34 60471 1728637 16240 0 32887 0 0 0
cpu22 174257 37 57840 1749285 16411 0 30860 0 0 0
cpu23 150402 36 51550 1786165 16039 0 25796 0 0 0
cpu24 45367 75 44227 1857693 29054 0 14037 0 0 0
cpu25 50858 71 49336 1831053 32031 0 16631 0 0 0
cpu26 48521 67 48113 1838241 31083 0 16149 0 0 0
cpu27 40986 58 42930 1850336 29337 0 21898 0 0 0
cpu28 80463 93 57682 1766589 34987 0 29428 0 0 0
cpu29 84307 129 59824 1754326 35981 0 30016 0 0 0
cpu30 40340 52 44645 1844551 26334 0 21953 0 0 0
cpu31 43507 54 44773 1860346 26720 0 14069 0 0 0
intr 3522016739 126 0 0 0 0 0 0 0 0 1 0 0 0 0 0 0 0 0 0 0 0 0 0 0 0 0 0 1 1 1 0 0 0 0 1 0 1 0 0 75045 0 0 0 0 0 0 0 0 411 0 0 0 0 0 0 0 0 87 0 0 0 0 0 0 0 0 0 0 0 0 0 0 0 600121 2 35069890 35004538 34920880 35067693 0 16716 15666 19366 19529 12061 15303 20043 20968 17606 55775 75887 61762 51493 83446 79159 45514 42514 19994 23052 27478 11375 17627 25892 26168 22437 57707 71606 64730 52360 83118 90424 47118 48104 0 0 0 0 617375 4732 1036 0 264 0 0 0 0 0 0 0 0 0 0 0 0 0 0 0 0 0 0 0 0 0 0 0 0 0 0 0 0 0 0 0 0 0 0 0 0 0 0 0 0 0 0 0 0 0 0 0 0 0 0 0 0 0 0 0 0 0 0 0 0 0 0 0 0 0 0 0 0 0 0 0 0 0 0 0 0 0 0 0 0 0 0 0 0 0 0 0 0 0 0 0 0 0 0 0 0 0 0 0 0 0 0 0 0 0 0 0 0 0 0 0 0 0 0 0 0 0 0 0 0 0 0 0 0 0 0 0 0 0 0 0 0 0 0 0 0 0 0 0 0 0 0 0 0 0 0 0 0 0 0 0 0 0 0 0 0 0 0 0 0 0 0 0 0 0 0 0 0 0 0 0 0 0 0 0 0 0 0 0 0 0 0 0 0 0 0 0 0 0 0 0 0 0 0 0 0 0 0 0 0 0 0 0 0 0 0 0 0 0 0 0 0 0 0 0 0 0 0 0 0 0 0 0 0 0 0 0 0 0 0 0 0 0 0 0 0 0 0 0 0 0 0 0 0 0 0 0 0 0 0 0 0 0 0 0 0 0 0 0 0 0 0 0 0 0 0 0 0 0 0 0 0 0 0 0 0 0 0 0 0 0 0 0 0 0 0 0 0 0 0 0 0 0 0 0 0 0 0 0 0 0 0 0 0 0 0 0 0 0 0 0 0 0 0 0 0 0 0 0 0 0 0 0 0 0 0 0 0 0 0 0 0 0 0 0 0 0 0 0 0 0 0 0 0 0 0 0 0 0 0 0 0 0 0 0 0 0 0 0 0 0 0 0 0 0 0 0 0 0 0 0 0 0 0 0 0 0 0 0 0 0 0 0 0 0 0 0 0 0 0 0 0 0 0 0 0 0 0 0 0 0 0 0 0 0 0 0 0 0 0 0 0 0 0 0 0 0 0 0 0 0 0 0 0 0 0 0 0 0 0 0 0 0 0 0 0 0 0 0 0 0 0 0 0 0 0 0 0 0 0 0 0 0 0 0 0 0 0 0 0 0 0 0 0 0 0 0 0 0 0 0 0 0 0 0 0 0 0 0 0 0 0 0 0 0 0 0 0 0 0 0 0 0 0 0 0 0 0 0 0 0 0 0 0 0 0 0 0 0 0 0 0 0 0 0 0 0 0 0 0 0 0 0 0 0 0 0 0 0 0 0 0 0 0 0 0 0 0 0 0 0 0 0 0 0 0 0 0 0 0 0 0 0 0 0 0 0 0 0 0 0 0 0 0 0 0 0 0 0 0 0 0 0 0 0 0 0 0 0 0 0 0 0 0 0 0 0 0 0 0 0 0 0 0 0 0 0 0 0 0 0 0 0 0 0 0 0 0 0 0 0 0 0 0 0 0 0 0 0 0 0 0 0 0 0 0 0 0 0 0 0 0 0 0 0 0 0 0 0 0 0 0 0 0 0 0 0 0 0 0 0 0 0 0 0 0 0 0 0 0 0 0 0 0 0 0 0 0 0 0 0 0 0 0 0 0 0 0 0 0 0 0 0 0 0 0 0 0 0 0 0 0 0 0 0 0 0 0 0 0 0 0 0 0 0 0 0 0 0 0 0 0 0 0 0 0 0 0 0 0 0 0 0 0 0 0 0 0 0 0 0 0 0 0 0 0 0 0 0 0 0 0 0 0 0 0 0 0 0 0 0 0 0 0 0 0 0 0 0 0 0 0 0 0 0 0 0 0 0 0 0 0 0 0 0 0 0 0 0 0 0 0 0 0 0 0 0 0 0 0 0 0 0 0 0 0 0 0 0 0 0 0 0 0 0 0 0 0 0 0 0 0 0 0 0 0 0 0 0 0 0 0 0 0 0 0 0 0 0 0 0 0 0 0 0 0 0 0 0 0 0 0 0 0 0 0 0 0 0 0 0 0 0 0 0 0 0 0 0 0 0 0 0 0 0 0 0 0 0 0 0 0 0 0 0 0 0 0 0 0 0 0 0 0 0 0 0 0 0 0 0 0 0 0 0 0 0 0 0 0 0 0 0 0 0 0 0 0 0 0 0 0 0 0 0 0 0 0 0 0 0 0 0 0 0 0 0 0 0 0 0 0 0 0 0 0 0 0 0 0 0 0 0 0 0 0 0 0 0 0 0 0 0 0 0 0 0 0 0 0 0 0 0 0 0 0 0 0 0 0 0 0 0 0 0 0 0 0 0 0 0 0 0 0 0 0 0 0 0 0 0 0 0 0 0 0 0 0 0 0 0 0 0 0 0 0 0 0 0 0 0 0 0 0 0 0 0 0 0 0 0 0 0 0 0 0 0 0 0 0 0 0 0 0 0 0 0 0 0 0 0 0 0 0 0 0 0 0 0 0 0 0 0 0 0 0 0 0 0 0 0 0 0 0 0 0 0 0 0 0 0 0 0 0 0 0 0 0 0 0 0 0 0 0 0 0 0 0 0 0 0 0 0 0 0 0 0 0 0 0 0 0
ctxt 5615237800
btime 1790630938
processes 1323456
procs_running 10
procs_blocked 0
softirq 5000253063 73526 15016966 2753189 552813699 625546 0 13560770 58957068 421 61484582
--
cpu  4241697 1854 1795470 56627154 645097 0 846216 0 0 0
cpu0 163070 32 52706 1768670 7655 0 28325 0 0 0
cpu1 164365 37 53654 1772409 9463 0 27523 0 0 0
cpu2 171811 37 54059 1765082 9984 0 27747 0 0 0
cpu3 266627 38 78015 1630921 6569 0 44936 0 0 0
cpu4 262210 44 75632 1638731 8028 0 44782 0 0 0
cpu5 174200 44 55609 1759935 11266 0 28544 0 0 0
cpu6 176248 39 55664 1757097 11971 0 29462 0 0 0
cpu7 182033 37 59234 1745143 11784 0 32570 0 0 0
cpu8 42249 70 45810 1858103 25101 0 13959 0 0 0
cpu9 48782 78 49183 1830825 29385 0 15244 0 0 0
cpu10 46059 76 47458 1840172 27186 0 15005 0 0 0
cpu11 41922 72 43130 1862634 25339 0 13315 0 0 0
cpu12 89115 152 53778 1781102 31469 0 16616 0 0 0
cpu13 85193 83 54852 1779245 33401 0 16997 0 0 0
cpu14 41882 70 42707 1866145 23791 0 13084 0 0 0
cpu15 38713 75 39152 1880754 24317 0 11862 0 0 0
cpu16 223034 32 65536 1695153 10617 0 36384 0 0 0
cpu17 209907 31 63397 1708544 13664 0 34728 0 0 0
cpu18 193153 31 61274 1728389 14182 0 33600 0 0 0
cpu19 352573 28 94531 1520891 6207 0 55247 0 0 0
cpu20 317175 27 88244 1562885 9484 0 52540 0 0 0
cpu21 191618 34 60653 1728773 16240 0 32889 0 0 0
cpu22 174584 37 57957 1749628 16411 0 30862 0 0 0
cpu23 150796 36 51687 1786425 16039 0 25798 0 0 0
cpu24 45368 75 44228 1858483 29054 0 14037 0 0 0
cpu25 50859 71 49337 1831844 32031 0 16631 0 0 0
cpu26 48522 67 48113 1839037 31083 0 16149 0 0 0
cpu27 40987 58 42931 1851132 29337 0 21898 0 0 0
cpu28 80476 93 57683 1767371 34987 0 29428 0 0 0
cpu29 84309 129 59825 1755122 35981 0 30016 0 0 0
cpu30 40340 52 44645 1845348 26334 0 21953 0 0 0
cpu31 43507 54 44773 1861144 26720 0 14069 0 0 0
intr 3522647420 126 0 0 0 0 0 0 0 0 1 0 0 0 0 0 0 0 0 0 0 0 0 0 0 0 0 0 1 1 1 0 0 0 0 1 0 1 0 0 75045 0 0 0 0 0 0 0 0 411 0 0 0 0 0 0 0 0 87 0 0 0 0 0 0 0 0 0 0 0 0 0 0 0 600447 2 35069945 35004567 34920903 35067742 0 16724 15666 19366 19529 12062 15305 20079 20968 17606 55775 75888 61763 51493 83452 79159 45514 42514 19994 23052 27478 11375 17629 25892 26168 22437 57707 71606 64730 52360 83118 90424 47119 48104 0 0 0 0 617377 4732 1036 0 264 0 0 0 0 0 0 0 0 0 0 0 0 0 0 0 0 0 0 0 0 0 0 0 0 0 0 0 0 0 0 0 0 0 0 0 0 0 0 0 0 0 0 0 0 0 0 0 0 0 0 0 0 0 0 0 0 0 0 0 0 0 0 0 0 0 0 0 0 0 0 0 0 0 0 0 0 0 0 0 0 0 0 0 0 0 0 0 0 0 0 0 0 0 0 0 0 0 0 0 0 0 0 0 0 0 0 0 0 0 0 0 0 0 0 0 0 0 0 0 0 0 0 0 0 0 0 0 0 0 0 0 0 0 0 0 0 0 0 0 0 0 0 0 0 0 0 0 0 0 0 0 0 0 0 0 0 0 0 0 0 0 0 0 0 0 0 0 0 0 0 0 0 0 0 0 0 0 0 0 0 0 0 0 0 0 0 0 0 0 0 0 0 0 0 0 0 0 0 0 0 0 0 0 0 0 0 0 0 0 0 0 0 0 0 0 0 0 0 0 0 0 0 0 0 0 0 0 0 0 0 0 0 0 0 0 0 0 0 0 0 0 0 0 0 0 0 0 0 0 0 0 0 0 0 0 0 0 0 0 0 0 0 0 0 0 0 0 0 0 0 0 0 0 0 0 0 0 0 0 0 0 0 0 0 0 0 0 0 0 0 0 0 0 0 0 0 0 0 0 0 0 0 0 0 0 0 0 0 0 0 0 0 0 0 0 0 0 0 0 0 0 0 0 0 0 0 0 0 0 0 0 0 0 0 0 0 0 0 0 0 0 0 0 0 0 0 0 0 0 0 0 0 0 0 0 0 0 0 0 0 0 0 0 0 0 0 0 0 0 0 0 0 0 0 0 0 0 0 0 0 0 0 0 0 0 0 0 0 0 0 0 0 0 0 0 0 0 0 0 0 0 0 0 0 0 0 0 0 0 0 0 0 0 0 0 0 0 0 0 0 0 0 0 0 0 0 0 0 0 0 0 0 0 0 0 0 0 0 0 0 0 0 0 0 0 0 0 0 0 0 0 0 0 0 0 0 0 0 0 0 0 0 0 0 0 0 0 0 0 0 0 0 0 0 0 0 0 0 0 0 0 0 0 0 0 0 0 0 0 0 0 0 0 0 0 0 0 0 0 0 0 0 0 0 0 0 0 0 0 0 0 0 0 0 0 0 0 0 0 0 0 0 0 0 0 0 0 0 0 0 0 0 0 0 0 0 0 0 0 0 0 0 0 0 0 0 0 0 0 0 0 0 0 0 0 0 0 0 0 0 0 0 0 0 0 0 0 0 0 0 0 0 0 0 0 0 0 0 0 0 0 0 0 0 0 0 0 0 0 0 0 0 0 0 0 0 0 0 0 0 0 0 0 0 0 0 0 0 0 0 0 0 0 0 0 0 0 0 0 0 0 0 0 0 0 0 0 0 0 0 0 0 0 0 0 0 0 0 0 0 0 0 0 0 0 0 0 0 0 0 0 0 0 0 0 0 0 0 0 0 0 0 0 0 0 0 0 0 0 0 0 0 0 0 0 0 0 0 0 0 0 0 0 0 0 0 0 0 0 0 0 0 0 0 0 0 0 0 0 0 0 0 0 0 0 0 0 0 0 0 0 0 0 0 0 0 0 0 0 0 0 0 0 0 0 0 0 0 0 0 0 0 0 0 0 0 0 0 0 0 0 0 0 0 0 0 0 0 0 0 0 0 0 0 0 0 0 0 0 0 0 0 0 0 0 0 0 0 0 0 0 0 0 0 0 0 0 0 0 0 0 0 0 0 0 0 0 0 0 0 0 0 0 0 0 0 0 0 0 0 0 0 0 0 0 0 0 0 0 0 0 0 0 0 0 0 0 0 0 0 0 0 0 0 0 0 0 0 0 0 0 0 0 0 0 0 0 0 0 0 0 0 0 0 0 0 0 0 0 0 0 0 0 0 0 0 0 0 0 0 0 0 0 0 0 0 0 0 0 0 0 0 0 0 0 0 0 0 0 0 0 0 0 0 0 0 0 0 0 0 0 0 0 0 0 0 0 0 0 0 0 0 0 0 0 0 0 0 0 0 0 0 0 0 0 0 0 0 0 0 0 0 0 0 0 0 0 0 0 0 0 0 0 0 0 0 0 0 0 0 0 0 0 0 0 0 0 0 0 0 0 0 0 0 0 0 0 0 0 0 0 0 0 0 0 0 0 0 0 0 0 0 0 0 0 0 0 0 0 0 0 0 0 0 0 0 0 0 0 0 0 0 0 0 0 0 0 0 0 0 0 0 0 0 0 0 0 0 0 0 0 0 0 0 0 0 0 0 0 0 0 0 0 0 0 0 0 0 0 0 0 0 0 0 0 0 0 0 0 0 0 0 0 0 0 0 0 0 0 0 0 0 0 0 0 0 0 0 0 0 0 0 0 0 0 0 0 0 0 0 0 0 0 0 0 0 0 0 0 0 0 0 0 0 0 0 0 0 0 0 0 0 0 0 0 0 0 0 0 0 0 0
ctxt 5616233712
btime 1790630938
processes 1323535
procs_running 10
procs_blocked 0
softirq 5000439074 73526 15021827 2753189 552957558 625886 0 13560770 58972557 421 61506044
