Running 10s test @ http://127.0.0.1:18500/usleep?ms=10
  16 threads and 128 connections
  Thread Stats   Avg      Stdev     Max   +/- Stdev
    Latency    10.31ms   86.63us  10.73ms   67.58%
    Req/Sec   778.64     19.51   808.00     67.98%
  Latency Distribution
     50%   10.31ms
     75%   10.37ms
     90%   10.44ms
     99%   10.51ms
  124208 requests in 10.10s, 14.33MB read
Requests/sec:  12297.65
Transfer/sec:      1.42MB
## server-stat
cpu  4017296 1796 1749420 54809955 642802 0 829184 0 0 0
cpu0 152197 32 50758 1716201 7654 0 27539 0 0 0
cpu1 152369 36 51561 1721013 9462 0 26679 0 0 0
cpu2 157992 37 51920 1715574 9964 0 26838 0 0 0
cpu3 250599 37 75390 1584516 6541 0 43761 0 0 0
cpu4 250714 43 73698 1586596 7982 0 44028 0 0 0
cpu5 162242 42 53446 1708488 11264 0 27645 0 0 0
cpu6 163102 37 53674 1706614 11921 0 28676 0 0 0
cpu7 168870 36 57107 1694873 11782 0 31703 0 0 0
cpu8 42037 67 45268 1793853 24895 0 13774 0 0 0
cpu9 48466 75 48595 1767001 29180 0 15044 0 0 0
cpu10 45797 73 46894 1776035 27102 0 14820 0 0 0
cpu11 41711 70 42640 1798017 25303 0 13159 0 0 0
cpu12 87908 149 53047 1718380 31368 0 16361 0 0 0
cpu13 83998 80 54092 1716873 33069 0 16740 0 0 0
cpu14 41646 67 42201 1801704 23683 0 12923 0 0 0
cpu15 38549 73 38713 1815881 24282 0 11726 0 0 0
cpu16 206814 31 63065 1648327 10616 0 35399 0 0 0
cpu17 195167 30 61059 1660025 13646 0 33862 0 0 0
cpu18 180407 30 59018 1677669 14174 0 32864 0 0 0
cpu19 338873 28 92191 1471256 6188 0 54501 0 0 0
cpu20 300040 27 85396 1517424 9484 0 51477 0 0 0
cpu21 176489 33 58298 1680484 16239 0 32158 0 0 0
cpu22 161835 37 55555 1699145 16409 0 30046 0 0 0
cpu23 139183 35 49467 1734576 16014 0 25052 0 0 0
cpu24 45098 72 43715 1793853 29041 0 13869 0 0 0
cpu25 50530 69 48718 1767811 31962 0 16409 0 0 0
cpu26 48227 64 47513 1774927 30959 0 15944 0 0 0
cpu27 40754 56 42402 1786538 29287 0 21732 0 0 0
cpu28 79208 89 56828 1705088 34821 0 29119 0 0 0
cpu29 83096 125 58907 1693169 35604 0 29686 0 0 0
cpu30 40085 50 44055 1781209 26311 0 21758 0 0 0
cpu31 43279 52 44216 1796818 26582 0 13879 0 0 0
intr 3452374945 126 0 0 0 0 0 0 0 0 1 0 0 0 0 0 0 0 0 0 0 0 0 0 0 0 0 0 1 1 1 0 0 0 0 1 0 1 0 0 75045 0 0 0 0 0 0 0 0 411 0 0 0 0 0 0 0 0 87 0 0 0 0 0 0 0 0 0 0 0 0 0 0 0 582369 2 35066612 35003509 34918719 35063878 0 16187 15660 19363 19528 12046 15296 19970 20965 17603 55661 75669 61671 51430 83237 79038 45397 42466 19852 23050 27475 11370 17621 25890 26110 22432 57694 71293 64700 52167 83010 90252 47091 48073 0 0 0 0 617329 4676 1036 0 264 0 0 0 0 0 0 0 0 0 0 0 0 0 0 0 0 0 0 0 0 0 0 0 0 0 0 0 0 0 0 0 0 0 0 0 0 0 0 0 0 0 0 0 0 0 0 0 0 0 0 0 0 0 0 0 0 0 0 0 0 0 0 0 0 0 0 0 0 0 0 0 0 0 0 0 0 0 0 0 0 0 0 0 0 0 0 0 0 0 0 0 0 0 0 0 0 0 0 0 0 0 0 0 0 0 0 0 0 0 0 0 0 0 0 0 0 0 0 0 0 0 0 0 0 0 0 0 0 0 0 0 0 0 0 0 0 0 0 0 0 0 0 0 0 0 0 0 0 0 0 0 0 0 0 0 0 0 0 0 0 0 0 0 0 0 0 0 0 0 0 0 0 0 0 0 0 0 0 0 0 0 0 0 0 0 0 0 0 0 0 0 0 0 0 0 0 0 0 0 0 0 0 0 0 0 0 0 0 0 0 0 0 0 0 0 0 0 0 0 0 0 0 0 0 0 0 0 0 0 0 0 0 0 0 0 0 0 0 0 0 0 0 0 0 0 0 0 0 0 0 0 0 0 0 0 0 0 0 0 0 0 0 0 0 0 0 0 0 0 0 0 0 0 0 0 0 0 0 0 0 0 0 0 0 0 0 0 0 0 0 0 0 0 0 0 0 0 0 0 0 0 0 0 0 0 0 0 0 0 0 0 0 0 0 0 0 0 0 0 0 0 0 0 0 0 0 0 0 0 0 0 0 0 0 0 0 0 0 0 0 0 0 0 0 0 0 0 0 0 0 0 0 0 0 0 0 0 0 0 0 0 0 0 0 0 0 0 0 0 0 0 0 0 0 0 0 0 0 0 0 0 0 0 0 0 0 0 0 0 0 0 0 0 0 0 0 0 0 0 0 0 0 0 0 0 0 0 0 0 0 0 0 0 0 0 0 0 0 0 0 0 0 0 0 0 0 0 0 0 0 0 0 0 0 0 0 0 0 0 0 0 0 0 0 0 0 0 0 0 0 0 0 0 0 0 0 0 0 0 0 0 0 0 0 0 0 0 0 0 0 0 0 0 0 0 0 0 0 0 0 0 0 0 0 0 0 0 0 0 0 0 0 0 0 0 0 0 0 0 0 0 0 0 0 0 0 0 0 0 0 0 0 0 0 0 0 0 0 0 0 0 0 0 0 0 0 0 0 0 0 0 0 0 0 0 0 0 0 0 0 0 0 0 0 0 0 0 0 0 0 0 0 0 0 0 0 0 0 0 0 0 0 0 0 0 0 0 0 0 0 0 0 0 0 0 0 0 0 0 0 0 0 0 0 0 0 0 0 0 0 0 0 0 0 0 0 0 0 0 0 0 0 0 0 0 0 0 0 0 0 0 0 0 0 0 0 0 0 0 0 0 0 0 0 0 0 0 0 0 0 0 0 0 0 0 0 0 0 0 0 0 0 0 0 0 0 0 0 0 0 0 0 0 0 0 0 0 0 0 0 0 0 0 0 0 0 0 0 0 0 0 0 0 0 0 0 0 0 0 0 0 0 0 0 0 0 0 0 0 0 0 0 0 0 0 0 0 0 0 0 0 0 0 0 0 0 0 0 0 0 0 0 0 0 0 0 0 0 0 0 0 0 0 0 0 0 0 0 0 0 0 0 0 0 0 0 0 0 0 0 0 0 0 0 0 0 0 0 0 0 0 0 0 0 0 0 0 0 0 0 0 0 0 0 0 0 0 0 0 0 0 0 0 0 0 0 0 0 0 0 0 0 0 0 0 0 0 0 0 0 0 0 0 0 0 0 0 0 0 0 0 0 0 0 0 0 0 0 0 0 0 0 0 0 0 0 0 0 0 0 0 0 0 0 0 0 0 0 0 0 0 0 0 0 0 0 0 0 0 0 0 0 0 0 0 0 0 0 0 0 0 0 0 0 0 0 0 0 0 0 0 0 0 0 0 0 0 0 0 0 0 0 0 0 0 0 0 0 0 0 0 0 0 0 0 0 0 0 0 0 0 0 0 0 0 0 0 0 0 0 0 0 0 0 0 0 0 0 0 0 0 0 0 0 0 0 0 0 0 0 0 0 0 0 0 0 0 0 0 0 0 0 0 0 0 0 0 0 0 0 0 0 0 0 0 0 0 0 0 0 0 0 0 0 0 0 0 0 0 0 0 0 0 0 0 0 0 0 0 0 0 0 0 0 0 0 0 0 0 0 0 0 0 0 0 0 0 0 0 0 0 0 0 0 0 0 0 0 0 0 0 0 0 0 0 0 0 0 0 0 0 0 0 0 0 0 0 0 0 0 0 0 0 0 0 0 0 0 0 0 0 0 0 0 0 0 0 0 0 0 0 0 0 0 0 0 0 0 0 0 0 0 0 0 0 0 0 0 0 0 0 0 0 0 0 0 0 0 0 0 0 0 0 0 0 0 0 0 0 0 0 0 0 0 0 0 0 0 0 0 0 0 0 0 0 0 0 0 0 0 0 0
ctxt 5494618630
btime 1790630938
processes 1221441
procs_running 1
procs_blocked 0
softirq 4899707501 73526 14401024 2753177 459647875 606965 0 13560610 57149598 421 56547009
--
cpu  4017443 1797 1749482 54834683 643332 0 829219 0 0 0
cpu0 152200 32 50759 1716993 7654 0 27541 0 0 0
cpu1 152371 36 51562 1721808 9462 0 26679 0 0 0
cpu2 157993 37 51920 1716353 9983 0 26838 0 0 0
cpu3 250649 37 75406 1585200 6566 0 43779 0 0 0
cpu4 250739 43 73706 1587315 8026 0 44035 0 0 0
cpu5 162245 42 53447 1709282 11265 0 27646 0 0 0
cpu6 163103 37 53676 1707363 11969 0 28677 0 0 0
cpu7 168870 36 57108 1695672 11782 0 31703 0 0 0
cpu8 42037 67 45269 1794581 24962 0 13774 0 0 0
cpu9 48469 75 48595 1767778 29189 0 15044 0 0 0
cpu10 45799 73 46897 1776788 27137 0 14821 0 0 0
cpu11 41712 70 42641 1798802 25311 0 13160 0 0 0
cpu12 87917 149 53059 1719135 31381 0 16362 0 0 0
cpu13 84028 80 54095 1717631 33072 0 16741 0 0 0
cpu14 41647 67 42203 1802475 23703 0 12923 0 0 0
cpu15 38549 73 38714 1816656 24302 0 11727 0 0 0
cpu16 206814 31 63065 1649125 10616 0 35399 0 0 0
cpu17 195167 30 61060 1660806 13663 0 33862 0 0 0
cpu18 180407 30 59018 1678460 14181 0 32864 0 0 0
cpu19 338883 28 92194 1472023 6205 0 54503 0 0 0
cpu20 300040 27 85396 1518222 9484 0 51477 0 0 0
cpu21 176489 33 58298 1681282 16240 0 32158 0 0 0
cpu22 161835 37 55555 1699943 16409 0 30046 0 0 0
cpu23 139183 35 49467 1735351 16038 0 25052 0 0 0
cpu24 45099 72 43716 1794648 29041 0 13870 0 0 0
cpu25 50531 69 48718 1768604 31962 0 16409 0 0 0
cpu26 48227 64 47514 1775710 30973 0 15944 0 0 0
cpu27 40754 56 42402 1787330 29293 0 21732 0 0 0
cpu28 79212 89 56829 1705852 34848 0 29119 0 0 0
cpu29 83097 125 58908 1693943 35623 0 29687 0 0 0
cpu30 40085 50 44056 1782004 26312 0 21758 0 0 0
cpu31 43280 52 44216 1797534 26662 0 13879 0 0 0
intr 3452564253 126 0 0 0 0 0 0 0 0 1 0 0 0 0 0 0 0 0 0 0 0 0 0 0 0 0 0 1 1 1 0 0 0 0 1 0 1 0 0 75045 0 0 0 0 0 0 0 0 411 0 0 0 0 0 0 0 0 87 0 0 0 0 0 0 0 0 0 0 0 0 0 0 0 583104 2 35066624 35003526 34918719 35063902 0 16195 15660 19363 19528 12046 15296 19970 20965 17603 55661 75669 61672 51432 83237 79038 45397 42466 19852 23050 27475 11370 17621 25890 26110 22432 57694 71355 64701 52167 83010 90253 47097 48073 0 0 0 0 617333 4676 1036 0 264 0 0 0 0 0 0 0 0 0 0 0 0 0 0 0 0 0 0 0 0 0 0 0 0 0 0 0 0 0 0 0 0 0 0 0 0 0 0 0 0 0 0 0 0 0 0 0 0 0 0 0 0 0 0 0 0 0 0 0 0 0 0 0 0 0 0 0 0 0 0 0 0 0 0 0 0 0 0 0 0 0 0 0 0 0 0 0 0 0 0 0 0 0 0 0 0 0 0 0 0 0 0 0 0 0 0 0 0 0 0 0 0 0 0 0 0 0 0 0 0 0 0 0 0 0 0 0 0 0 0 0 0 0 0 0 0 0 0 0 0 0 0 0 0 0 0 0 0 0 0 0 0 0 0 0 0 0 0 0 0 0 0 0 0 0 0 0 0 0 0 0 0 0 0 0 0 0 0 0 0 0 0 0 0 0 0 0 0 0 0 0 0 0 0 0 0 0 0 0 0 0 0 0 0 0 0 0 0 0 0 0 0 0 0 0 0 0 0 0 0 0 0 0 0 0 0 0 0 0 0 0 0 0 0 0 0 0 0 0 0 0 0 0 0 0 0 0 0 0 0 0 0 0 0 0 0 0 0 0 0 0 0 0 0 0 0 0 0 0 0 0 0 0 0 0 0 0 0 0 0 0 0 0 0 0 0 0 0 0 0 0 0 0 0 0 0 0 0 0 0 0 0 0 0 0 0 0 0 0 0 0 0 0 0 0 0 0 0 0 0 0 0 0 0 0 0 0 0 0 0 0 0 0 0 0 0 0 0 0 0 0 0 0 0 0 0 0 0 0 0 0 0 0 0 0 0 0 0 0 0 0 0 0 0 0 0 0 0 0 0 0 0 0 0 0 0 0 0 0 0 0 0 0 0 0 0 0 0 0 0 0 0 0 0 0 0 0 0 0 0 0 0 0 0 0 0 0 0 0 0 0 0 0 0 0 0 0 0 0 0 0 0 0 0 0 0 0 0 0 0 0 0 0 0 0 0 0 0 0 0 0 0 0 0 0 0 0 0 0 0 0 0 0 0 0 0 0 0 0 0 0 0 0 0 0 0 0 0 0 0 0 0 0 0 0 0 0 0 0 0 0 0 0 0 0 0 0 0 0 0 0 0 0 0 0 0 0 0 0 0 0 0 0 0 0 0 0 0 0 0 0 0 0 0 0 0 0 0 0 0 0 0 0 0 0 0 0 0 0 0 0 0 0 0 0 0 0 0 0 0 0 0 0 0 0 0 0 0 0 0 0 0 0 0 0 0 0 0 0 0 0 0 0 0 0 0 0 0 0 0 0 0 0 0 0 0 0 0 0 0 0 0 0 0 0 0 0 0 0 0 0 0 0 0 0 0 0 0 0 0 0 0 0 0 0 0 0 0 0 0 0 0 0 0 0 0 0 0 0 0 0 0 0 0 0 0 0 0 0 0 0 0 0 0 0 0 0 0 0 0 0 0 0 0 0 0 0 0 0 0 0 0 0 0 0 0 0 0 0 0 0 0 0 0 0 0 0 0 0 0 0 0 0 0 0 0 0 0 0 0 0 0 0 0 0 0 0 0 0 0 0 0 0 0 0 0 0 0 0 0 0 0 0 0 0 0 0 0 0 0 0 0 0 0 0 0 0 0 0 0 0 0 0 0 0 0 0 0 0 0 0 0 0 0 0 0 0 0 0 0 0 0 0 0 0 0 0 0 0 0 0 0 0 0 0 0 0 0 0 0 0 0 0 0 0 0 0 0 0 0 0 0 0 0 0 0 0 0 0 0 0 0 0 0 0 0 0 0 0 0 0 0 0 0 0 0 0 0 0 0 0 0 0 0 0 0 0 0 0 0 0 0 0 0 0 0 0 0 0 0 0 0 0 0 0 0 0 0 0 0 0 0 0 0 0 0 0 0 0 0 0 0 0 0 0 0 0 0 0 0 0 0 0 0 0 0 0 0 0 0 0 0 0 0 0 0 0 0 0 0 0 0 0 0 0 0 0 0 0 0 0 0 0 0 0 0 0 0 0 0 0 0 0 0 0 0 0 0 0 0 0 0 0 0 0 0 0 0 0 0 0 0 0 0 0 0 0 0 0 0 0 0 0 0 0 0 0 0 0 0 0 0 0 0 0 0 0 0 0 0 0 0 0 0 0 0 0 0 0 0 0 0 0 0 0 0 0 0 0 0 0 0 0 0 0 0 0 0 0 0 0 0 0 0 0 0 0 0 0 0 0 0 0 0 0 0 0 0 0 0 0 0 0 0 0 0 0 0 0 0 0 0 0 0 0 0 0 0 0 0 0 0 0 0 0 0 0 0 0 0 0 0 0 0 0 0 0 0 0 0 0 0 0 0 0 0 0 0 0 0 0 0 0 0 0 0 0 0 0 0 0 0 0 0 0 0 0 0 0 0 0 0 0 0 0 0 0 0 0 0 0 0 0 0 0 0 0 0 0 0 0 0 0 0 0 0 0 0 0 0 0 0 0 0 0 0 0 0 0 0 0 0
ctxt 5494945757
btime 1790630938
processes 1221605
procs_running 2
procs_blocked 0
softirq 4899923096 73526 14403669 2753177 459846540 607712 0 13560610 57156679 421 56553466
