Running 10s test @ http://127.0.0.1:18500/json
  16 threads and 32 connections
  Thread Stats   Avg      Stdev     Max   +/- Stdev
    Latency   494.37us   90.83us   1.47ms   96.08%
    Req/Sec     4.08k    58.00     4.16k    91.15%
  Latency Distribution
     50%  477.00us
     75%  481.00us
     90%  486.00us
     99%    1.07ms
  655676 requests in 10.10s, 147.57MB read
Requests/sec:  64919.88
Transfer/sec:     14.61MB
## server-stat
cpu  4292950 1887 1804982 57804147 703294 0 847030 0 0 0
cpu0 164358 33 53087 1806120 8373 0 28452 0 0 0
cpu1 166890 38 53999 1808993 10323 0 27556 0 0 0
cpu2 173964 38 54358 1802045 10988 0 27788 0 0 0
cpu3 271056 39 78655 1665913 7015 0 44964 0 0 0
cpu4 266536 45 76145 1673764 8732 0 44812 0 0 0
cpu5 175738 45 55954 1797421 12274 0 28582 0 0 0
cpu6 177007 40 55979 1795203 13164 0 29511 0 0 0
cpu7 183576 38 59469 1782745 12973 0 32602 0 0 0
cpu8 42366 71 45975 1896224 27260 0 13973 0 0 0
cpu9 48937 79 49376 1868525 31789 0 15261 0 0 0
cpu10 46164 78 47631 1877881 29650 0 15023 0 0 0
cpu11 42013 74 43286 1900444 27853 0 13329 0 0 0
cpu12 89952 154 54052 1817647 34190 0 16645 0 0 0
cpu13 86075 85 55136 1815954 35850 0 17026 0 0 0
cpu14 41980 72 42869 1904233 25965 0 13099 0 0 0
cpu15 38786 76 39307 1918955 26485 0 11873 0 0 0
cpu16 226609 32 65923 1730712 11687 0 36394 0 0 0
cpu17 211911 32 63732 1745377 14936 0 34759 0 0 0
cpu18 195211 32 61606 1764984 15645 0 33624 0 0 0
cpu19 360719 29 95396 1551975 6673 0 55275 0 0 0
cpu20 323163 28 88848 1595966 10345 0 52572 0 0 0
cpu21 194100 35 60968 1765093 17774 0 32905 0 0 0
cpu22 177257 39 58215 1785779 18040 0 30869 0 0 0
cpu23 152376 37 51967 1823573 17554 0 25820 0 0 0
cpu24 45480 77 44397 1896086 31780 0 14048 0 0 0
cpu25 51011 72 49522 1869181 34889 0 16648 0 0 0
cpu26 48655 69 48295 1876532 33844 0 16163 0 0 0
cpu27 41085 59 43106 1888874 31952 0 21910 0 0 0
cpu28 81033 94 57907 1804126 37990 0 29450 0 0 0
cpu29 84897 130 60060 1791539 39254 0 30038 0 0 0
cpu30 40428 53 44805 1883239 28814 0 21965 0 0 0
cpu31 43603 56 44940 1899030 29216 0 14080 0 0 0
intr 3544168590 126 0 0 0 0 0 0 0 0 1 0 0 0 0 0 0 0 0 0 0 0 0 0 0 0 0 0 1 1 1 0 0 0 0 1 0 1 0 0 75045 0 0 0 0 0 0 0 0 411 0 0 0 0 0 0 0 0 87 0 0 0 0 0 0 0 0 0 0 0 0 0 0 0 618864 2 35072280 35006418 34922535 35069269 0 17050 16887 21030 21411 12967 16611 22027 22876 20149 59651 84086 66915 56230 94976 86449 49500 46192 21902 25458 30040 12108 19432 28618 29004 24630 62831 78205 70409 57146 90462 98456 51247 52068 0 0 0 0 617401 4776 1036 0 264 0 0 0 0 0 0 0 0 0 0 0 0 0 0 0 0 0 0 0 0 0 0 0 0 0 0 0 0 0 0 0 0 0 0 0 0 0 0 0 0 0 0 0 0 0 0 0 0 0 0 0 0 0 0 0 0 0 0 0 0 0 0 0 0 0 0 0 0 0 0 0 0 0 0 0 0 0 0 0 0 0 0 0 0 0 0 0 0 0 0 0 0 0 0 0 0 0 0 0 0 0 0 0 0 0 0 0 0 0 0 0 0 0 0 0 0 0 0 0 0 0 0 0 0 0 0 0 0 0 0 0 0 0 0 0 0 0 0 0 0 0 0 0 0 0 0 0 0 0 0 0 0 0 0 0 0 0 0 0 0 0 0 0 0 0 0 0 0 0 0 0 0 0 0 0 0 0 0 0 0 0 0 0 0 0 0 0 0 0 0 0 0 0 0 0 0 0 0 0 0 0 0 0 0 0 0 0 0 0 0 0 0 0 0 0 0 0 0 0 0 0 0 0 0 0 0 0 0 0 0 0 0 0 0 0 0 0 0 0 0 0 0 0 0 0 0 0 0 0 0 0 0 0 0 0 0 0 0 0 0 0 0 0 0 0 0 0 0 0 0 0 0 0 0 0 0 0 0 0 0 0 0 0 0 0 0 0 0 0 0 0 0 0 0 0 0 0 0 0 0 0 0 0 0 0 0 0 0 0 0 0 0 0 0 0 0 0 0 0 0 0 0 0 0 0 0 0 0 0 0 0 0 0 0 0 0 0 0 0 0 0 0 0 0 0 0 0 0 0 0 0 0 0 0 0 0 0 0 0 0 0 0 0 0 0 0 0 0 0 0 0 0 0 0 0 0 0 0 0 0 0 0 0 0 0 0 0 0 0 0 0 0 0 0 0 0 0 0 0 0 0 0 0 0 0 0 0 0 0 0 0 0 0 0 0 0 0 0 0 0 0 0 0 0 0 0 0 0 0 0 0 0 0 0 0 0 0 0 0 0 0 0 0 0 0 0 0 0 0 0 0 0 0 0 0 0 0 0 0 0 0 0 0 0 0 0 0 0 0 0 0 0 0 0 0 0 0 0 0 0 0 0 0 0 0 0 0 0 0 0 0 0 0 0 0 0 0 0 0 0 0 0 0 0 0 0 0 0 0 0 0 0 0 0 0 0 0 0 0 0 0 0 0 0 0 0 0 0 0 0 0 0 0 0 0 0 0 0 0 0 0 0 0 0 0 0 0 0 0 0 0 0 0 0 0 0 0 0 0 0 0 0 0 0 0 0 0 0 0 0 0 0 0 0 0 0 0 0 0 0 0 0 0 0 0 0 0 0 0 0 0 0 0 0 0 0 0 0 0 0 0 0 0 0 0 0 0 0 0 0 0 0 0 0 0 0 0 0 0 0 0 0 0 0 0 0 0 0 0 0 0 0 0 0 0 0 0 0 0 0 0 0 0 0 0 0 0 0 0 0 0 0 0 0 0 0 0 0 0 0 0 0 0 0 0 0 0 0 0 0 0 0 0 0 0 0 0 0 0 0 0 0 0 0 0 0 0 0 0 0 0 0 0 0 0 0 0 0 0 0 0 0 0 0 0 0 0 0 0 0 0 0 0 0 0 0 0 0 0 0 0 0 0 0 0 0 0 0 0 0 0 0 0 0 0 0 0 0 0 0 0 0 0 0 0 0 0 0 0 0 0 0 0 0 0 0 0 0 0 0 0 0 0 0 0 0 0 0 0 0 0 0 0 0 0 0 0 0 0 0 0 0 0 0 0 0 0 0 0 0 0 0 0 0 0 0 0 0 0 0 0 0 0 0 0 0 0 0 0 0 0 0 0 0 0 0 0 0 0 0 0 0 0 0 0 0 0 0 0 0 0 0 0 0 0 0 0 0 0 0 0 0 0 0 0 0 0 0 0 0 0 0 0 0 0 0 0 0 0 0 0 0 0 0 0 0 0 0 0 0 0 0 0 0 0 0 0 0 0 0 0 0 0 0 0 0 0 0 0 0 0 0 0 0 0 0 0 0 0 0 0 0 0 0 0 0 0 0 0 0 0 0 0 0 0 0 0 0 0 0 0 0 0 0 0 0 0 0 0 0 0 0 0 0 0 0 0 0 0 0 0 0 0 0 0 0 0 0 0 0 0 0 0 0 0 0 0 0 0 0 0 0 0 0 0 0 0 0 0 0 0 0 0 0 0 0 0 0 0 0 0 0 0 0 0 0 0 0 0 0 0 0 0 0 0 0 0 0 0 0 0 0 0 0 0 0 0 0 0 0 0 0 0 0 0 0 0 0 0 0 0 0 0 0 0 0 0 0 0 0 0 0 0 0 0 0 0 0 0 0 0 0 0 0 0 0 0 0 0 0 0 0 0 0 0 0 0 0 0 0 0 0 0 0 0 0 0 0 0 0 0 0 0 0 0 0 0 0 0 0 0 0 0 0 0 0 0 0 0 0 0 0 0 0 0 0 0 0 0 0 0 0
ctxt 5653859598
btime 1790630938
processes 1382627
procs_running 4
procs_blocked 0
softirq 5010913094 73526 15279296 2753290 561571889 644838 0 13560918 59563231 421 62498389
--
cpu  4294489 1888 1805122 57827089 703324 0 847046 0 0 0
cpu0 164362 33 53087 1806769 8373 0 28453 0 0 0
cpu1 166893 38 53999 1809668 10323 0 27556 0 0 0
cpu2 173964 38 54358 1802793 10988 0 27788 0 0 0
cpu3 271551 39 78692 1666177 7015 0 44964 0 0 0
cpu4 266728 45 76160 1674353 8732 0 44812 0 0 0
cpu5 175738 45 55954 1798195 12274 0 28582 0 0 0
cpu6 177007 40 55979 1795988 13164 0 29511 0 0 0
cpu7 183576 38 59469 1783538 12973 0 32602 0 0 0
cpu8 42368 71 45976 1897008 27260 0 13973 0 0 0
cpu9 48941 79 49378 1869274 31789 0 15262 0 0 0
cpu10 46166 78 47634 1878641 29650 0 15023 0 0 0
cpu11 42016 74 43287 1901221 27853 0 13329 0 0 0
cpu12 89960 154 54056 1818366 34199 0 16648 0 0 0
cpu13 86086 85 55141 1816677 35851 0 17029 0 0 0
cpu14 41984 72 42871 1904987 25965 0 13100 0 0 0
cpu15 38787 76 39308 1919730 26485 0 11874 0 0 0
cpu16 226611 32 65924 1731430 11687 0 36395 0 0 0
cpu17 211911 32 63732 1746149 14936 0 34759 0 0 0
cpu18 195212 32 61606 1765763 15645 0 33624 0 0 0
cpu19 360960 29 95417 1552511 6673 0 55275 0 0 0
cpu20 323712 28 88889 1596175 10345 0 52572 0 0 0
cpu21 194100 35 60968 1765883 17774 0 32905 0 0 0
cpu22 177257 39 58216 1786570 18040 0 30869 0 0 0
cpu23 152376 37 51967 1824362 17554 0 25820 0 0 0
cpu24 45480 77 44398 1896878 31781 0 14048 0 0 0
cpu25 51012 72 49523 1869965 34889 0 16649 0 0 0
cpu26 48656 69 48296 1877320 33844 0 16163 0 0 0
cpu27 41087 59 43106 1889660 31958 0 21910 0 0 0
cpu28 81037 94 57910 1804883 37990 0 29451 0 0 0
cpu29 84906 130 60061 1792287 39267 0 30038 0 0 0
cpu30 40429 53 44806 1884026 28814 0 21965 0 0 0
cpu31 43603 56 44941 1899825 29216 0 14080 0 0 0
intr 3545837001 126 0 0 0 0 0 0 0 0 1 0 0 0 0 0 0 0 0 0 0 0 0 0 0 0 0 0 1 1 1 0 0 0 0 1 0 1 0 0 75045 0 0 0 0 0 0 0 0 411 0 0 0 0 0 0 0 0 87 0 0 0 0 0 0 0 0 0 0 0 0 0 0 0 619140 2 35072297 35006444 34922547 35069279 0 17054 16904 21033 21411 12967 16611 22027 22876 20149 59654 84086 66915 56230 94976 86449 49500 46192 21902 25458 30040 12108 19432 28619 29004 24630 63026 78275 70409 57146 90547 98456 51247 52068 0 0 0 0 617405 4776 1036 0 264 0 0 0 0 0 0 0 0 0 0 0 0 0 0 0 0 0 0 0 0 0 0 0 0 0 0 0 0 0 0 0 0 0 0 0 0 0 0 0 0 0 0 0 0 0 0 0 0 0 0 0 0 0 0 0 0 0 0 0 0 0 0 0 0 0 0 0 0 0 0 0 0 0 0 0 0 0 0 0 0 0 0 0 0 0 0 0 0 0 0 0 0 0 0 0 0 0 0 0 0 0 0 0 0 0 0 0 0 0 0 0 0 0 0 0 0 0 0 0 0 0 0 0 0 0 0 0 0 0 0 0 0 0 0 0 0 0 0 0 0 0 0 0 0 0 0 0 0 0 0 0 0 0 0 0 0 0 0 0 0 0 0 0 0 0 0 0 0 0 0 0 0 0 0 0 0 0 0 0 0 0 0 0 0 0 0 0 0 0 0 0 0 0 0 0 0 0 0 0 0 0 0 0 0 0 0 0 0 0 0 0 0 0 0 0 0 0 0 0 0 0 0 0 0 0 0 0 0 0 0 0 0 0 0 0 0 0 0 0 0 0 0 0 0 0 0 0 0 0 0 0 0 0 0 0 0 0 0 0 0 0 0 0 0 0 0 0 0 0 0 0 0 0 0 0 0 0 0 0 0 0 0 0 0 0 0 0 0 0 0 0 0 0 0 0 0 0 0 0 0 0 0 0 0 0 0 0 0 0 0 0 0 0 0 0 0 0 0 0 0 0 0 0 0 0 0 0 0 0 0 0 0 0 0 0 0 0 0 0 0 0 0 0 0 0 0 0 0 0 0 0 0 0 0 0 0 0 0 0 0 0 0 0 0 0 0 0 0 0 0 0 0 0 0 0 0 0 0 0 0 0 0 0 0 0 0 0 0 0 0 0 0 0 0 0 0 0 0 0 0 0 0 0 0 0 0 0 0 0 0 0 0 0 0 0 0 0 0 0 0 0 0 0 0 0 0 0 0 0 0 0 0 0 0 0 0 0 0 0 0 0 0 0 0 0 0 0 0 0 0 0 0 0 0 0 0 0 0 0 0 0 0 0 0 0 0 0 0 0 0 0 0 0 0 0 0 0 0 0 0 0 0 0 0 0 0 0 0 0 0 0 0 0 0 0 0 0 0 0 0 0 0 0 0 0 0 0 0 0 0 0 0 0 0 0 0 0 0 0 0 0 0 0 0 0 0 0 0 0 0 0 0 0 0 0 0 0 0 0 0 0 0 0 0 0 0 0 0 0 0 0 0 0 0 0 0 0 0 0 0 0 0 0 0 0 0 0 0 0 0 0 0 0 0 0 0 0 0 0 0 0 0 0 0 0 0 0 0 0 0 0 0 0 0 0 0 0 0 0 0 0 0 0 0 0 0 0 0 0 0 0 0 0 0 0 0 0 0 0 0 0 0 0 0 0 0 0 0 0 0 0 0 0 0 0 0 0 0 0 0 0 0 0 0 0 0 0 0 0 0 0 0 0 0 0 0 0 0 0 0 0 0 0 0 0 0 0 0 0 0 0 0 0 0 0 0 0 0 0 0 0 0 0 0 0 0 0 0 0 0 0 0 0 0 0 0 0 0 0 0 0 0 0 0 0 0 0 0 0 0 0 0 0 0 0 0 0 0 0 0 0 0 0 0 0 0 0 0 0 0 0 0 0 0 0 0 0 0 0 0 0 0 0 0 0 0 0 0 0 0 0 0 0 0 0 0 0 0 0 0 0 0 0 0 0 0 0 0 0 0 0 0 0 0 0 0 0 0 0 0 0 0 0 0 0 0 0 0 0 0 0 0 0 0 0 0 0 0 0 0 0 0 0 0 0 0 0 0 0 0 0 0 0 0 0 0 0 0 0 0 0 0 0 0 0 0 0 0 0 0 0 0 0 0 0 0 0 0 0 0 0 0 0 0 0 0 0 0 0 0 0 0 0 0 0 0 0 0 0 0 0 0 0 0 0 0 0 0 0 0 0 0 0 0 0 0 0 0 0 0 0 0 0 0 0 0 0 0 0 0 0 0 0 0 0 0 0 0 0 0 0 0 0 0 0 0 0 0 0 0 0 0 0 0 0 0 0 0 0 0 0 0 0 0 0 0 0 0 0 0 0 0 0 0 0 0 0 0 0 0 0 0 0 0 0 0 0 0 0 0 0 0 0 0 0 0 0 0 0 0 0 0 0 0 0 0 0 0 0 0 0 0 0 0 0 0 0 0 0 0 0 0 0 0 0 0 0 0 0 0 0 0 0 0 0 0 0 0 0 0 0 0 0 0 0 0 0 0 0 0 0 0 0 0 0 0 0 0 0 0 0 0 0 0 0 0 0 0 0 0 0 0 0 0 0 0 0 0 0 0 0 0 0 0 0 0 0 0 0 0 0 0 0 0 0 0 0 0 0 0 0 0 0 0 0 0 0 0 0 0 0 0 0 0 0 0 0 0 0 0 0 0 0 0 0 0 0 0 0 0 0 0 0 0 0 0 0 0 0 0 0 0
ctxt 5657082417
btime 1790630938
processes 1382681
procs_running 4
procs_blocked 0
softirq 5011973475 73526 15282001 2753290 562610275 645121 0 13560918 59574509 421 62506118
