Running 10s test @ http://127.0.0.1:18500/usleep?ms=10
  16 threads and 32 connections
  Thread Stats   Avg      Stdev     Max   +/- Stdev
    Latency   169.05ms    6.34ms 247.05ms   98.51%
    Req/Sec    12.93      4.61    20.00     69.65%
  Latency Distribution
     50%  169.05ms
     75%  169.20ms
     90%  169.45ms
     99%  170.21ms
  1878 requests in 10.01s, 429.15KB read
Requests/sec:    187.53
Transfer/sec:     42.85KB
## server-stat
cpu  3846294 1738 1714732 53067708 482339 0 817879 0 0 0
cpu0 144391 31 49343 1660982 6286 0 27091 0 0 0
cpu1 145016 36 50208 1665401 7679 0 26203 0 0 0
cpu2 148734 35 50485 1662424 7741 0 26276 0 0 0
cpu3 240009 36 73573 1532579 4990 0 43212 0 0 0
cpu4 241810 41 72150 1532567 6299 0 43618 0 0 0
cpu5 154529 40 52159 1653897 8546 0 27181 0 0 0
cpu6 155438 36 52601 1652222 8734 0 28277 0 0 0
cpu7 161834 34 55833 1640735 8320 0 30930 0 0 0
cpu8 41826 65 44784 1735630 17987 0 13664 0 0 0
cpu9 48134 72 48074 1709304 22066 0 14915 0 0 0
cpu10 45562 71 46380 1718348 19813 0 14706 0 0 0
cpu11 41531 67 42171 1739900 18171 0 13065 0 0 0
cpu12 86735 147 52396 1662024 24151 0 16207 0 0 0
cpu13 82877 78 53394 1660938 25539 0 16570 0 0 0
cpu14 41438 65 41695 1743038 17266 0 12818 0 0 0
cpu15 38374 69 38261 1757391 17455 0 11630 0 0 0
cpu16 192011 31 60957 1600957 8930 0 34580 0 0 0
cpu17 181048 29 59175 1612453 11187 0 33137 0 0 0
cpu18 169723 29 57555 1626930 10897 0 32300 0 0 0
cpu19 323612 27 89685 1424164 5071 0 53765 0 0 0
cpu20 284317 27 82951 1471000 8126 0 50666 0 0 0
cpu21 165118 32 56712 1630918 12634 0 31542 0 0 0
cpu22 153094 36 54121 1647344 12362 0 29377 0 0 0
cpu23 132898 34 48449 1679823 11671 0 24783 0 0 0
cpu24 44824 69 43183 1736678 21115 0 13764 0 0 0
cpu25 50209 68 48158 1711116 23761 0 16281 0 0 0
cpu26 47926 62 46961 1718062 22829 0 15821 0 0 0
cpu27 40502 53 41890 1729462 21183 0 21628 0 0 0
cpu28 77916 86 56080 1650136 26416 0 28948 0 0 0
cpu29 81960 122 58122 1638395 27008 0 29503 0 0 0
cpu30 39839 48 43517 1723653 19000 0 21640 0 0 0
cpu31 43047 48 43696 1739221 19093 0 13768 0 0 0
intr 3398537956 126 0 0 0 0 0 0 0 0 1 0 0 0 0 0 0 0 0 0 0 0 0 0 0 0 0 0 1 1 1 0 0 0 0 1 0 1 0 0 75045 0 0 0 0 0 0 0 0 411 0 0 0 0 0 0 0 0 87 0 0 0 0 0 0 0 0 0 0 0 0 0 0 0 544195 2 35064338 35001678 34917710 35061689 0 15644 13326 16365 15639 9728 12128 15965 16779 13276 46183 62151 50016 42424 64073 61049 37705 34332 17013 18722 22199 9006 14976 20778 20439 17733 44407 56525 52798 41968 65295 68008 38908 39296 0 0 0 0 617285 4616 1036 0 264 0 0 0 0 0 0 0 0 0 0 0 0 0 0 0 0 0 0 0 0 0 0 0 0 0 0 0 0 0 0 0 0 0 0 0 0 0 0 0 0 0 0 0 0 0 0 0 0 0 0 0 0 0 0 0 0 0 0 0 0 0 0 0 0 0 0 0 0 0 0 0 0 0 0 0 0 0 0 0 0 0 0 0 0 0 0 0 0 0 0 0 0 0 0 0 0 0 0 0 0 0 0 0 0 0 0 0 0 0 0 0 0 0 0 0 0 0 0 0 0 0 0 0 0 0 0 0 0 0 0 0 0 0 0 0 0 0 0 0 0 0 0 0 0 0 0 0 0 0 0 0 0 0 0 0 0 0 0 0 0 0 0 0 0 0 0 0 0 0 0 0 0 0 0 0 0 0 0 0 0 0 0 0 0 0 0 0 0 0 0 0 0 0 0 0 0 0 0 0 0 0 0 0 0 0 0 0 0 0 0 0 0 0 0 0 0 0 0 0 0 0 0 0 0 0 0 0 0 0 0 0 0 0 0 0 0 0 0 0 0 0 0 0 0 0 0 0 0 0 0 0 0 0 0 0 0 0 0 0 0 0 0 0 0 0 0 0 0 0 0 0 0 0 0 0 0 0 0 0 0 0 0 0 0 0 0 0 0 0 0 0 0 0 0 0 0 0 0 0 0 0 0 0 0 0 0 0 0 0 0 0 0 0 0 0 0 0 0 0 0 0 0 0 0 0 0 0 0 0 0 0 0 0 0 0 0 0 0 0 0 0 0 0 0 0 0 0 0 0 0 0 0 0 0 0 0 0 0 0 0 0 0 0 0 0 0 0 0 0 0 0 0 0 0 0 0 0 0 0 0 0 0 0 0 0 0 0 0 0 0 0 0 0 0 0 0 0 0 0 0 0 0 0 0 0 0 0 0 0 0 0 0 0 0 0 0 0 0 0 0 0 0 0 0 0 0 0 0 0 0 0 0 0 0 0 0 0 0 0 0 0 0 0 0 0 0 0 0 0 0 0 0 0 0 0 0 0 0 0 0 0 0 0 0 0 0 0 0 0 0 0 0 0 0 0 0 0 0 0 0 0 0 0 0 0 0 0 0 0 0 0 0 0 0 0 0 0 0 0 0 0 0 0 0 0 0 0 0 0 0 0 0 0 0 0 0 0 0 0 0 0 0 0 0 0 0 0 0 0 0 0 0 0 0 0 0 0 0 0 0 0 0 0 0 0 0 0 0 0 0 0 0 0 0 0 0 0 0 0 0 0 0 0 0 0 0 0 0 0 0 0 0 0 0 0 0 0 0 0 0 0 0 0 0 0 0 0 0 0 0 0 0 0 0 0 0 0 0 0 0 0 0 0 0 0 0 0 0 0 0 0 0 0 0 0 0 0 0 0 0 0 0 0 0 0 0 0 0 0 0 0 0 0 0 0 0 0 0 0 0 0 0 0 0 0 0 0 0 0 0 0 0 0 0 0 0 0 0 0 0 0 0 0 0 0 0 0 0 0 0 0 0 0 0 0 0 0 0 0 0 0 0 0 0 0 0 0 0 0 0 0 0 0 0 0 0 0 0 0 0 0 0 0 0 0 0 0 0 0 0 0 0 0 0 0 0 0 0 0 0 0 0 0 0 0 0 0 0 0 0 0 0 0 0 0 0 0 0 0 0 0 0 0 0 0 0 0 0 0 0 0 0 0 0 0 0 0 0 0 0 0 0 0 0 0 0 0 0 0 0 0 0 0 0 0 0 0 0 0 0 0 0 0 0 0 0 0 0 0 0 0 0 0 0 0 0 0 0 0 0 0 0 0 0 0 0 0 0 0 0 0 0 0 0 0 0 0 0 0 0 0 0 0 0 0 0 0 0 0 0 0 0 0 0 0 0 0 0 0 0 0 0 0 0 0 0 0 0 0 0 0 0 0 0 0 0 0 0 0 0 0 0 0 0 0 0 0 0 0 0 0 0 0 0 0 0 0 0 0 0 0 0 0 0 0 0 0 0 0 0 0 0 0 0 0 0 0 0 0 0 0 0 0 0 0 0 0 0 0 0 0 0 0 0 0 0 0 0 0 0 0 0 0 0 0 0 0 0 0 0 0 0 0 0 0 0 0 0 0 0 0 0 0 0 0 0 0 0 0 0 0 0 0 0 0 0 0 0 0 0 0 0 0 0 0 0 0 0 0 0 0 0 0 0 0 0 0 0 0 0 0 0 0 0 0 0 0 0 0 0 0 0 0 0 0 0 0 0 0 0 0 0 0 0 0 0 0 0 0 0 0 0 0 0 0 0 0 0 0 0 0 0 0 0 0 0 0 0 0 0 0 0 0 0 0 0 0 0 0 0 0 0 0 0 0 0 0 0 0 0 0 0 0 0 0 0 0 0 0 0 0 0 0 0 0 0 0 0 0 0 0 0 0 0 0 0 0 0 0 0 0 0 0 0 0 0 0 0 0 0 0 0 0 0 0 0 0 0 0 0 0 0
ctxt 5401159891
btime 1790630938
processes 1108717
procs_running 1
procs_blocked 0
softirq 4831747530 73526 13721968 2753177 397381392 567912 0 13560457 55599834 421 53121547
--
cpu  3846441 1739 1714747 53093084 482358 0 817880 0 0 0
cpu0 144393 31 49344 1661775 6286 0 27091 0 0 0
cpu1 145018 36 50208 1666199 7679 0 26203 0 0 0
cpu2 148734 36 50485 1663222 7741 0 26276 0 0 0
cpu3 240036 36 73574 1533347 4990 0 43212 0 0 0
cpu4 241844 41 72152 1533332 6299 0 43618 0 0 0
cpu5 154529 41 52160 1654696 8546 0 27181 0 0 0
cpu6 155439 36 52601 1653020 8734 0 28277 0 0 0
cpu7 161834 34 55833 1641533 8320 0 30930 0 0 0
cpu8 41826 65 44784 1736428 17987 0 13664 0 0 0
cpu9 48135 72 48074 1710100 22066 0 14915 0 0 0
cpu10 45563 71 46380 1719128 19830 0 14706 0 0 0
cpu11 41531 67 42171 1740699 18171 0 13065 0 0 0
cpu12 86757 147 52397 1662800 24151 0 16207 0 0 0
cpu13 82901 78 53395 1661710 25539 0 16570 0 0 0
cpu14 41439 65 41695 1743835 17266 0 12818 0 0 0
cpu15 38374 69 38261 1758189 17455 0 11630 0 0 0
cpu16 192012 31 60957 1601754 8930 0 34580 0 0 0
cpu17 181048 29 59175 1613251 11187 0 33137 0 0 0
cpu18 169725 29 57555 1627728 10897 0 32300 0 0 0
cpu19 323623 27 89686 1424951 5071 0 53765 0 0 0
cpu20 284318 27 82951 1471797 8126 0 50666 0 0 0
cpu21 165118 32 56712 1631717 12635 0 31542 0 0 0
cpu22 153096 36 54121 1648141 12362 0 29377 0 0 0
cpu23 132899 34 48449 1680621 11671 0 24783 0 0 0
cpu24 44826 69 43183 1737475 21115 0 13764 0 0 0
cpu25 50210 68 48158 1711914 23761 0 16281 0 0 0
cpu26 47929 62 46961 1718859 22829 0 15821 0 0 0
cpu27 40503 53 41890 1730259 21183 0 21628 0 0 0
cpu28 77920 86 56080 1650929 26416 0 28948 0 0 0
cpu29 81961 122 58123 1639192 27008 0 29503 0 0 0
cpu30 39841 48 43517 1724450 19000 0 21640 0 0 0
cpu31 43048 49 43697 1740018 19093 0 13768 0 0 0
intr 3398663452 126 0 0 0 0 0 0 0 0 1 0 0 0 0 0 0 0 0 0 0 0 0 0 0 0 0 0 1 1 1 0 0 0 0 1 0 1 0 0 75045 0 0 0 0 0 0 0 0 411 0 0 0 0 0 0 0 0 87 0 0 0 0 0 0 0 0 0 0 0 0 0 0 0 544423 2 35064363 35001692 34917726 35061709 0 15652 13326 16365 15639 9728 12128 15965 16780 13276 46183 62151 50016 42424 64073 61049 37705 34332 17013 18722 22199 9007 14976 20778 20439 17733 44407 56525 52798 41968 65295 68014 38908 39296 0 0 0 0 617285 4616 1036 0 264 0 0 0 0 0 0 0 0 0 0 0 0 0 0 0 0 0 0 0 0 0 0 0 0 0 0 0 0 0 0 0 0 0 0 0 0 0 0 0 0 0 0 0 0 0 0 0 0 0 0 0 0 0 0 0 0 0 0 0 0 0 0 0 0 0 0 0 0 0 0 0 0 0 0 0 0 0 0 0 0 0 0 0 0 0 0 0 0 0 0 0 0 0 0 0 0 0 0 0 0 0 0 0 0 0 0 0 0 0 0 0 0 0 0 0 0 0 0 0 0 0 0 0 0 0 0 0 0 0 0 0 0 0 0 0 0 0 0 0 0 0 0 0 0 0 0 0 0 0 0 0 0 0 0 0 0 0 0 0 0 0 0 0 0 0 0 0 0 0 0 0 0 0 0 0 0 0 0 0 0 0 0 0 0 0 0 0 0 0 0 0 0 0 0 0 0 0 0 0 0 0 0 0 0 0 0 0 0 0 0 0 0 0 0 0 0 0 0 0 0 0 0 0 0 0 0 0 0 0 0 0 0 0 0 0 0 0 0 0 0 0 0 0 0 0 0 0 0 0 0 0 0 0 0 0 0 0 0 0 0 0 0 0 0 0 0 0 0 0 0 0 0 0 0 0 0 0 0 0 0 0 0 0 0 0 0 0 0 0 0 0 0 0 0 0 0 0 0 0 0 0 0 0 0 0 0 0 0 0 0 0 0 0 0 0 0 0 0 0 0 0 0 0 0 0 0 0 0 0 0 0 0 0 0 0 0 0 0 0 0 0 0 0 0 0 0 0 0 0 0 0 0 0 0 0 0 0 0 0 0 0 0 0 0 0 0 0 0 0 0 0 0 0 0 0 0 0 0 0 0 0 0 0 0 0 0 0 0 0 0 0 0 0 0 0 0 0 0 0 0 0 0 0 0 0 0 0 0 0 0 0 0 0 0 0 0 0 0 0 0 0 0 0 0 0 0 0 0 0 0 0 0 0 0 0 0 0 0 0 0 0 0 0 0 0 0 0 0 0 0 0 0 0 0 0 0 0 0 0 0 0 0 0 0 0 0 0 0 0 0 0 0 0 0 0 0 0 0 0 0 0 0 0 0 0 0 0 0 0 0 0 0 0 0 0 0 0 0 0 0 0 0 0 0 0 0 0 0 0 0 0 0 0 0 0 0 0 0 0 0 0 0 0 0 0 0 0 0 0 0 0 0 0 0 0 0 0 0 0 0 0 0 0 0 0 0 0 0 0 0 0 0 0 0 0 0 0 0 0 0 0 0 0 0 0 0 0 0 0 0 0 0 0 0 0 0 0 0 0 0 0 0 0 0 0 0 0 0 0 0 0 0 0 0 0 0 0 0 0 0 0 0 0 0 0 0 0 0 0 0 0 0 0 0 0 0 0 0 0 0 0 0 0 0 0 0 0 0 0 0 0 0 0 0 0 0 0 0 0 0 0 0 0 0 0 0 0 0 0 0 0 0 0 0 0 0 0 0 0 0 0 0 0 0 0 0 0 0 0 0 0 0 0 0 0 0 0 0 0 0 0 0 0 0 0 0 0 0 0 0 0 0 0 0 0 0 0 0 0 0 0 0 0 0 0 0 0 0 0 0 0 0 0 0 0 0 0 0 0 0 0 0 0 0 0 0 0 0 0 0 0 0 0 0 0 0 0 0 0 0 0 0 0 0 0 0 0 0 0 0 0 0 0 0 0 0 0 0 0 0 0 0 0 0 0 0 0 0 0 0 0 0 0 0 0 0 0 0 0 0 0 0 0 0 0 0 0 0 0 0 0 0 0 0 0 0 0 0 0 0 0 0 0 0 0 0 0 0 0 0 0 0 0 0 0 0 0 0 0 0 0 0 0 0 0 0 0 0 0 0 0 0 0 0 0 0 0 0 0 0 0 0 0 0 0 0 0 0 0 0 0 0 0 0 0 0 0 0 0 0 0 0 0 0 0 0 0 0 0 0 0 0 0 0 0 0 0 0 0 0 0 0 0 0 0 0 0 0 0 0 0 0 0 0 0 0 0 0 0 0 0 0 0 0 0 0 0 0 0 0 0 0 0 0 0 0 0 0 0 0 0 0 0 0 0 0 0 0 0 0 0 0 0 0 0 0 0 0 0 0 0 0 0 0 0 0 0 0 0 0 0 0 0 0 0 0 0 0 0 0 0 0 0 0 0 0 0 0 0 0 0 0 0 0 0 0 0 0 0 0 0 0 0 0 0 0 0 0 0 0 0 0 0 0 0 0 0 0 0 0 0 0 0 0 0 0 0 0 0 0 0 0 0 0 0 0 0 0 0 0 0 0 0 0 0 0 0 0 0 0 0 0 0 0 0 0 0 0 0 0 0 0 0 0 0 0 0 0 0 0 0 0 0 0 0 0 0 0 0 0 0 0 0 0 0 0 0 0 0 0 0 0 0 0 0 0 0 0 0 0 0 0 0 0 0 0 0 0 0 0 0 0 0 0 0 0 0 0 0 0 0 0
ctxt 5401362830
btime 1790630938
processes 1108806
procs_running 1
procs_blocked 1
softirq 4831767996 73526 13726142 2753177 397385729 568155 0 13560457 55606105 421 53126988
