Running 10s test @ http://127.0.0.1:18500/usleep?ms=10
  16 threads and 32 connections
  Thread Stats   Avg      Stdev     Max   +/- Stdev
    Latency   161.10ms    6.26ms 220.66ms   98.48%
    Req/Sec    13.73      4.86    20.00     62.24%
  Latency Distribution
     50%  161.35ms
     75%  161.41ms
     90%  161.49ms
     99%  161.74ms
  1972 requests in 10.01s, 267.68KB read
Requests/sec:    196.95
Transfer/sec:     26.73KB
## server-stat
cpu  3782673 1684 1698796 51001742 480463 0 813697 0 0 0
cpu0 143160 30 49014 1595659 6268 0 26846 0 0 0
cpu1 144281 35 49906 1599171 7677 0 26103 0 0 0
cpu2 148184 34 50191 1595940 7740 0 26200 0 0 0
cpu3 230073 35 72084 1477210 4987 0 42643 0 0 0
cpu4 231578 39 70598 1477587 6275 0 42932 0 0 0
cpu5 154006 38 51856 1587368 8543 0 27116 0 0 0
cpu6 155017 35 52310 1585546 8733 0 28221 0 0 0
cpu7 161459 33 55553 1573952 8316 0 30882 0 0 0
cpu8 41655 62 44566 1668928 17970 0 13638 0 0 0
cpu9 47872 69 47817 1643292 21813 0 14878 0 0 0
cpu10 45361 68 46143 1651965 19785 0 14674 0 0 0
cpu11 41371 64 41955 1673250 18161 0 13042 0 0 0
cpu12 85136 143 52013 1597468 24011 0 16146 0 0 0
cpu13 81514 75 53005 1596546 25103 0 16510 0 0 0
cpu14 41254 62 41455 1676612 17160 0 12789 0 0 0
cpu15 38255 66 38034 1690654 17444 0 11606 0 0 0
cpu16 190973 29 60634 1534930 8929 0 34515 0 0 0
cpu17 180348 28 58847 1546117 11184 0 33080 0 0 0
cpu18 169170 29 57223 1560430 10894 0 32242 0 0 0
cpu19 308262 27 87205 1375356 5070 0 52946 0 0 0
cpu20 270443 26 80630 1420365 8123 0 50015 0 0 0
cpu21 164613 31 56379 1564392 12616 0 31485 0 0 0
cpu22 152664 35 53803 1580680 12362 0 29327 0 0 0
cpu23 132498 34 48150 1613095 11670 0 24736 0 0 0
cpu24 44619 66 42918 1670027 21095 0 13738 0 0 0
cpu25 49957 66 47892 1644558 23755 0 16250 0 0 0
cpu26 47722 61 46708 1651442 22758 0 15796 0 0 0
cpu27 40322 51 41639 1662628 21167 0 21607 0 0 0
cpu28 77128 85 55768 1584398 26214 0 28906 0 0 0
cpu29 81192 121 57793 1572914 26634 0 29454 0 0 0
cpu30 39690 46 43245 1656877 18970 0 21615 0 0 0
cpu31 42881 47 43446 1672370 19022 0 13747 0 0 0
intr 3367390301 126 0 0 0 0 0 0 0 0 1 0 0 0 0 0 0 0 0 0 0 0 0 0 0 0 0 0 1 1 1 0 0 0 0 1 0 1 0 0 75045 0 0 0 0 0 0 0 0 411 0 0 0 0 0 0 0 0 87 0 0 0 0 0 0 0 0 0 0 0 0 0 0 0 526102 2 35061293 35000234 34914484 35058404 0 15103 13315 16358 15638 9713 12116 15931 16775 13271 46171 62085 49988 42404 64013 61013 37640 34266 16712 18652 22181 9002 14941 20766 20435 17728 44355 56377 52774 41910 64689 67943 38473 39283 0 0 0 0 617241 4562 1036 0 264 0 0 0 0 0 0 0 0 0 0 0 0 0 0 0 0 0 0 0 0 0 0 0 0 0 0 0 0 0 0 0 0 0 0 0 0 0 0 0 0 0 0 0 0 0 0 0 0 0 0 0 0 0 0 0 0 0 0 0 0 0 0 0 0 0 0 0 0 0 0 0 0 0 0 0 0 0 0 0 0 0 0 0 0 0 0 0 0 0 0 0 0 0 0 0 0 0 0 0 0 0 0 0 0 0 0 0 0 0 0 0 0 0 0 0 0 0 0 0 0 0 0 0 0 0 0 0 0 0 0 0 0 0 0 0 0 0 0 0 0 0 0 0 0 0 0 0 0 0 0 0 0 0 0 0 0 0 0 0 0 0 0 0 0 0 0 0 0 0 0 0 0 0 0 0 0 0 0 0 0 0 0 0 0 0 0 0 0 0 0 0 0 0 0 0 0 0 0 0 0 0 0 0 0 0 0 0 0 0 0 0 0 0 0 0 0 0 0 0 0 0 0 0 0 0 0 0 0 0 0 0 0 0 0 0 0 0 0 0 0 0 0 0 0 0 0 0 0 0 0 0 0 0 0 0 0 0 0 0 0 0 0 0 0 0 0 0 0 0 0 0 0 0 0 0 0 0 0 0 0 0 0 0 0 0 0 0 0 0 0 0 0 0 0 0 0 0 0 0 0 0 0 0 0 0 0 0 0 0 0 0 0 0 0 0 0 0 0 0 0 0 0 0 0 0 0 0 0 0 0 0 0 0 0 0 0 0 0 0 0 0 0 0 0 0 0 0 0 0 0 0 0 0 0 0 0 0 0 0 0 0 0 0 0 0 0 0 0 0 0 0 0 0 0 0 0 0 0 0 0 0 0 0 0 0 0 0 0 0 0 0 0 0 0 0 0 0 0 0 0 0 0 0 0 0 0 0 0 0 0 0 0 0 0 0 0 0 0 0 0 0 0 0 0 0 0 0 0 0 0 0 0 0 0 0 0 0 0 0 0 0 0 0 0 0 0 0 0 0 0 0 0 0 0 0 0 0 0 0 0 0 0 0 0 0 0 0 0 0 0 0 0 0 0 0 0 0 0 0 0 0 0 0 0 0 0 0 0 0 0 0 0 0 0 0 0 0 0 0 0 0 0 0 0 0 0 0 0 0 0 0 0 0 0 0 0 0 0 0 0 0 0 0 0 0 0 0 0 0 0 0 0 0 0 0 0 0 0 0 0 0 0 0 0 0 0 0 0 0 0 0 0 0 0 0 0 0 0 0 0 0 0 0 0 0 0 0 0 0 0 0 0 0 0 0 0 0 0 0 0 0 0 0 0 0 0 0 0 0 0 0 0 0 0 0 0 0 0 0 0 0 0 0 0 0 0 0 0 0 0 0 0 0 0 0 0 0 0 0 0 0 0 0 0 0 0 0 0 0 0 0 0 0 0 0 0 0 0 0 0 0 0 0 0 0 0 0 0 0 0 0 0 0 0 0 0 0 0 0 0 0 0 0 0 0 0 0 0 0 0 0 0 0 0 0 0 0 0 0 0 0 0 0 0 0 0 0 0 0 0 0 0 0 0 0 0 0 0 0 0 0 0 0 0 0 0 0 0 0 0 0 0 0 0 0 0 0 0 0 0 0 0 0 0 0 0 0 0 0 0 0 0 0 0 0 0 0 0 0 0 0 0 0 0 0 0 0 0 0 0 0 0 0 0 0 0 0 0 0 0 0 0 0 0 0 0 0 0 0 0 0 0 0 0 0 0 0 0 0 0 0 0 0 0 0 0 0 0 0 0 0 0 0 0 0 0 0 0 0 0 0 0 0 0 0 0 0 0 0 0 0 0 0 0 0 0 0 0 0 0 0 0 0 0 0 0 0 0 0 0 0 0 0 0 0 0 0 0 0 0 0 0 0 0 0 0 0 0 0 0 0 0 0 0 0 0 0 0 0 0 0 0 0 0 0 0 0 0 0 0 0 0 0 0 0 0 0 0 0 0 0 0 0 0 0 0 0 0 0 0 0 0 0 0 0 0 0 0 0 0 0 0 0 0 0 0 0 0 0 0 0 0 0 0 0 0 0 0 0 0 0 0 0 0 0 0 0 0 0 0 0 0 0 0 0 0 0 0 0 0 0 0 0 0 0 0 0 0 0 0 0 0 0 0 0 0 0 0 0 0 0 0 0 0 0 0 0 0 0 0 0 0 0 0 0 0 0 0 0 0 0 0 0 0 0 0 0 0 0 0 0 0 0 0 0 0 0 0 0 0 0 0 0 0 0 0 0 0 0 0 0 0 0 0 0 0 0 0 0 0 0 0 0 0 0 0 0 0 0 0 0 0 0 0 0 0 0 0 0 0 0 0 0 0 0 0 0 0 0 0 0 0 0 0 0 0 0 0 0 0 0 0 0 0 0 0 0 0 0 0 0 0 0 0 0 0 0 0 0 0 0 0 0 0 0 0 0 0 0 0 0 0 0 0 0 0 0 0 0 0 0 0
ctxt 5347312200
btime 1790630938
processes 1006279
procs_running 1
procs_blocked 0
softirq 4799099115 73526 13382564 2753174 368324865 548982 0 13560335 54648397 421 50839555
--
cpu  3782728 1685 1698808 51027222 480478 0 813699 0 0 0
cpu0 143160 30 49014 1596458 6268 0 26846 0 0 0
cpu1 144282 35 49906 1599970 7677 0 26103 0 0 0
cpu2 148184 34 50191 1596739 7740 0 26200 0 0 0
cpu3 230074 35 72084 1478007 4987 0 42643 0 0 0
cpu4 231578 39 70599 1478385 6275 0 42932 0 0 0
cpu5 154006 38 51857 1588167 8543 0 27116 0 0 0
cpu6 155017 35 52311 1586346 8733 0 28221 0 0 0
cpu7 161459 33 55554 1574751 8316 0 30882 0 0 0
cpu8 41655 62 44566 1669725 17970 0 13638 0 0 0
cpu9 47873 69 47817 1644089 21813 0 14878 0 0 0
cpu10 45361 68 46144 1652762 19785 0 14674 0 0 0
cpu11 41371 64 41955 1674047 18161 0 13042 0 0 0
cpu12 85176 143 52015 1598224 24011 0 16146 0 0 0
cpu13 81519 75 53006 1597337 25103 0 16510 0 0 0
cpu14 41255 62 41455 1677410 17160 0 12789 0 0 0
cpu15 38255 66 38034 1691452 17444 0 11607 0 0 0
cpu16 190973 30 60635 1535729 8929 0 34515 0 0 0
cpu17 180348 28 58847 1546916 11184 0 33080 0 0 0
cpu18 169170 29 57223 1561229 10894 0 32242 0 0 0
cpu19 308262 27 87206 1376155 5070 0 52946 0 0 0
cpu20 270443 26 80630 1421164 8123 0 50015 0 0 0
cpu21 164613 31 56379 1565191 12616 0 31485 0 0 0
cpu22 152664 35 53803 1581480 12362 0 29327 0 0 0
cpu23 132498 34 48150 1613894 11670 0 24736 0 0 0
cpu24 44619 66 42918 1670826 21095 0 13738 0 0 0
cpu25 49957 66 47892 1645356 23755 0 16250 0 0 0
cpu26 47722 61 46708 1652240 22758 0 15796 0 0 0
cpu27 40322 51 41640 1663424 21168 0 21607 0 0 0
cpu28 77130 85 55768 1585195 26214 0 28906 0 0 0
cpu29 81195 121 57795 1573694 26647 0 29454 0 0 0
cpu30 39690 46 43245 1657675 18970 0 21615 0 0 0
cpu31 42881 47 43446 1673168 19022 0 13747 0 0 0
intr 3367496518 126 0 0 0 0 0 0 0 0 1 0 0 0 0 0 0 0 0 0 0 0 0 0 0 0 0 0 1 1 1 0 0 0 0 1 0 1 0 0 75045 0 0 0 0 0 0 0 0 411 0 0 0 0 0 0 0 0 87 0 0 0 0 0 0 0 0 0 0 0 0 0 0 0 526232 2 35061330 35000255 34914503 35058428 0 15111 13315 16358 15638 9713 12116 15931 16776 13271 46171 62085 49988 42404 64013 61013 37640 34266 16712 18652 22181 9002 14941 20766 20435 17728 44355 56377 52775 41916 64689 67943 38473 39283 0 0 0 0 617241 4562 1036 0 264 0 0 0 0 0 0 0 0 0 0 0 0 0 0 0 0 0 0 0 0 0 0 0 0 0 0 0 0 0 0 0 0 0 0 0 0 0 0 0 0 0 0 0 0 0 0 0 0 0 0 0 0 0 0 0 0 0 0 0 0 0 0 0 0 0 0 0 0 0 0 0 0 0 0 0 0 0 0 0 0 0 0 0 0 0 0 0 0 0 0 0 0 0 0 0 0 0 0 0 0 0 0 0 0 0 0 0 0 0 0 0 0 0 0 0 0 0 0 0 0 0 0 0 0 0 0 0 0 0 0 0 0 0 0 0 0 0 0 0 0 0 0 0 0 0 0 0 0 0 0 0 0 0 0 0 0 0 0 0 0 0 0 0 0 0 0 0 0 0 0 0 0 0 0 0 0 0 0 0 0 0 0 0 0 0 0 0 0 0 0 0 0 0 0 0 0 0 0 0 0 0 0 0 0 0 0 0 0 0 0 0 0 0 0 0 0 0 0 0 0 0 0 0 0 0 0 0 0 0 0 0 0 0 0 0 0 0 0 0 0 0 0 0 0 0 0 0 0 0 0 0 0 0 0 0 0 0 0 0 0 0 0 0 0 0 0 0 0 0 0 0 0 0 0 0 0 0 0 0 0 0 0 0 0 0 0 0 0 0 0 0 0 0 0 0 0 0 0 0 0 0 0 0 0 0 0 0 0 0 0 0 0 0 0 0 0 0 0 0 0 0 0 0 0 0 0 0 0 0 0 0 0 0 0 0 0 0 0 0 0 0 0 0 0 0 0 0 0 0 0 0 0 0 0 0 0 0 0 0 0 0 0 0 0 0 0 0 0 0 0 0 0 0 0 0 0 0 0 0 0 0 0 0 0 0 0 0 0 0 0 0 0 0 0 0 0 0 0 0 0 0 0 0 0 0 0 0 0 0 0 0 0 0 0 0 0 0 0 0 0 0 0 0 0 0 0 0 0 0 0 0 0 0 0 0 0 0 0 0 0 0 0 0 0 0 0 0 0 0 0 0 0 0 0 0 0 0 0 0 0 0 0 0 0 0 0 0 0 0 0 0 0 0 0 0 0 0 0 0 0 0 0 0 0 0 0 0 0 0 0 0 0 0 0 0 0 0 0 0 0 0 0 0 0 0 0 0 0 0 0 0 0 0 0 0 0 0 0 0 0 0 0 0 0 0 0 0 0 0 0 0 0 0 0 0 0 0 0 0 0 0 0 0 0 0 0 0 0 0 0 0 0 0 0 0 0 0 0 0 0 0 0 0 0 0 0 0 0 0 0 0 0 0 0 0 0 0 0 0 0 0 0 0 0 0 0 0 0 0 0 0 0 0 0 0 0 0 0 0 0 0 0 0 0 0 0 0 0 0 0 0 0 0 0 0 0 0 0 0 0 0 0 0 0 0 0 0 0 0 0 0 0 0 0 0 0 0 0 0 0 0 0 0 0 0 0 0 0 0 0 0 0 0 0 0 0 0 0 0 0 0 0 0 0 0 0 0 0 0 0 0 0 0 0 0 0 0 0 0 0 0 0 0 0 0 0 0 0 0 0 0 0 0 0 0 0 0 0 0 0 0 0 0 0 0 0 0 0 0 0 0 0 0 0 0 0 0 0 0 0 0 0 0 0 0 0 0 0 0 0 0 0 0 0 0 0 0 0 0 0 0 0 0 0 0 0 0 0 0 0 0 0 0 0 0 0 0 0 0 0 0 0 0 0 0 0 0 0 0 0 0 0 0 0 0 0 0 0 0 0 0 0 0 0 0 0 0 0 0 0 0 0 0 0 0 0 0 0 0 0 0 0 0 0 0 0 0 0 0 0 0 0 0 0 0 0 0 0 0 0 0 0 0 0 0 0 0 0 0 0 0 0 0 0 0 0 0 0 0 0 0 0 0 0 0 0 0 0 0 0 0 0 0 0 0 0 0 0 0 0 0 0 0 0 0 0 0 0 0 0 0 0 0 0 0 0 0 0 0 0 0 0 0 0 0 0 0 0 0 0 0 0 0 0 0 0 0 0 0 0 0 0 0 0 0 0 0 0 0 0 0 0 0 0 0 0 0 0 0 0 0 0 0 0 0 0 0 0 0 0 0 0 0 0 0 0 0 0 0 0 0 0 0 0 0 0 0 0 0 0 0 0 0 0 0 0 0 0 0 0 0 0 0 0 0 0 0 0 0 0 0 0 0 0 0 0 0 0 0 0 0 0 0 0 0 0 0 0 0 0 0 0 0 0 0 0 0 0 0 0 0 0 0 0 0 0 0 0 0 0 0 0 0 0 0 0 0 0 0 0 0 0 0 0 0 0 0 0 0 0 0 0 0 0 0 0 0 0 0 0 0 0 0 0 0 0 0 0 0 0 0 0 0 0 0 0 0 0 0 0 0 0 0 0 0 0 0 0 0 0 0 0 0 0 0 0 0 0 0 0 0 0 0 0 0 0 0 0 0 0 0 0 0 0 0 0 0 0 0 0 0 0
ctxt 5347473947
btime 1790630938
processes 1006350
procs_running 1
procs_blocked 0
softirq 4799126108 73526 13389541 2753174 368332644 549122 0 13560335 54654551 421 50845498
