Running 10s test @ http://127.0.0.1:18500/api/usleep?ms=10
  16 threads and 1000 connections
  Thread Stats   Avg      Stdev     Max   +/- Stdev
    Latency     1.38s   248.43ms   2.49s    90.15%
    Req/Sec    68.06     53.05   343.00     68.22%
  Latency Distribution
     50%    1.25s 
     75%    1.46s 
     90%    1.59s 
     99%    2.39s 
  6763 requests in 10.09s, 1.54MB read
Requests/sec:    670.08
Transfer/sec:    156.40KB
## server-stat
cpu  4314621 1897 1808336 58083299 735676 0 847427 0 0 0
cpu0 165299 33 53183 1815006 8763 0 28488 0 0 0
cpu1 168220 38 54088 1817528 10776 0 27571 0 0 0
cpu2 174584 38 54452 1811312 11449 0 27827 0 0 0
cpu3 272664 39 78924 1674333 7257 0 44988 0 0 0
cpu4 268069 45 76280 1682259 9120 0 44826 0 0 0
cpu5 176277 45 56058 1806805 12745 0 28621 0 0 0
cpu6 177648 40 56065 1804411 13750 0 29544 0 0 0
cpu7 184967 38 59544 1791191 13638 0 32603 0 0 0
cpu8 42404 71 46037 1905322 28607 0 13975 0 0 0
cpu9 48992 80 49443 1877512 33177 0 15265 0 0 0
cpu10 46201 78 47698 1886909 31021 0 15026 0 0 0
cpu11 42045 74 43346 1909402 29333 0 13332 0 0 0
cpu12 90137 154 54137 1826250 35794 0 16653 0 0 0
cpu13 86286 86 55222 1824650 37326 0 17034 0 0 0
cpu14 42018 73 42933 1913324 27282 0 13102 0 0 0
cpu15 38812 76 39369 1927949 27943 0 11875 0 0 0
cpu16 228170 32 66074 1738963 12197 0 36412 0 0 0
cpu17 213028 32 63864 1754112 15448 0 34788 0 0 0
cpu18 196962 32 61734 1773062 16262 0 33627 0 0 0
cpu19 363413 29 95765 1559324 6844 0 55284 0 0 0
cpu20 325152 28 89067 1603889 10755 0 52599 0 0 0
cpu21 195664 35 61072 1773168 18588 0 32909 0 0 0
cpu22 178326 39 58301 1794284 18924 0 30882 0 0 0
cpu23 152470 37 52039 1833024 18420 0 25862 0 0 0
cpu24 45528 77 44465 1904957 33351 0 14050 0 0 0
cpu25 51067 73 49595 1878002 36486 0 16652 0 0 0
cpu26 48704 69 48365 1885402 35408 0 16166 0 0 0
cpu27 41132 59 43175 1897796 33475 0 21912 0 0 0
cpu28 81197 94 57996 1812686 39693 0 29453 0 0 0
cpu29 85074 130 60146 1800221 40833 0 30041 0 0 0
cpu30 40459 53 44876 1892251 30261 0 21967 0 0 0
cpu31 43637 56 45011 1907980 30735 0 14081 0 0 0
intr 3550262172 126 0 0 0 0 0 0 0 0 1 0 0 0 0 0 0 0 0 0 0 0 0 0 0 0 0 0 1 1 1 0 0 0 0 1 0 1 0 0 75045 0 0 0 0 0 0 0 0 411 0 0 0 0 0 0 0 0 87 0 0 0 0 0 0 0 0 0 0 0 0 0 0 0 625263 2 35072574 35006692 34922631 35069439 0 17138 18234 21544 22048 13239 17126 22644 23551 20810 61932 86611 68703 57850 97841 89678 50897 47627 22685 26128 31084 12280 20012 29536 29844 25372 64864 80616 72598 59066 94112 101952 52680 53695 0 0 0 0 617409 4776 1036 0 264 0 0 0 0 0 0 0 0 0 0 0 0 0 0 0 0 0 0 0 0 0 0 0 0 0 0 0 0 0 0 0 0 0 0 0 0 0 0 0 0 0 0 0 0 0 0 0 0 0 0 0 0 0 0 0 0 0 0 0 0 0 0 0 0 0 0 0 0 0 0 0 0 0 0 0 0 0 0 0 0 0 0 0 0 0 0 0 0 0 0 0 0 0 0 0 0 0 0 0 0 0 0 0 0 0 0 0 0 0 0 0 0 0 0 0 0 0 0 0 0 0 0 0 0 0 0 0 0 0 0 0 0 0 0 0 0 0 0 0 0 0 0 0 0 0 0 0 0 0 0 0 0 0 0 0 0 0 0 0 0 0 0 0 0 0 0 0 0 0 0 0 0 0 0 0 0 0 0 0 0 0 0 0 0 0 0 0 0 0 0 0 0 0 0 0 0 0 0 0 0 0 0 0 0 0 0 0 0 0 0 0 0 0 0 0 0 0 0 0 0 0 0 0 0 0 0 0 0 0 0 0 0 0 0 0 0 0 0 0 0 0 0 0 0 0 0 0 0 0 0 0 0 0 0 0 0 0 0 0 0 0 0 0 0 0 0 0 0 0 0 0 0 0 0 0 0 0 0 0 0 0 0 0 0 0 0 0 0 0 0 0 0 0 0 0 0 0 0 0 0 0 0 0 0 0 0 0 0 0 0 0 0 0 0 0 0 0 0 0 0 0 0 0 0 0 0 0 0 0 0 0 0 0 0 0 0 0 0 0 0 0 0 0 0 0 0 0 0 0 0 0 0 0 0 0 0 0 0 0 0 0 0 0 0 0 0 0 0 0 0 0 0 0 0 0 0 0 0 0 0 0 0 0 0 0 0 0 0 0 0 0 0 0 0 0 0 0 0 0 0 0 0 0 0 0 0 0 0 0 0 0 0 0 0 0 0 0 0 0 0 0 0 0 0 0 0 0 0 0 0 0 0 0 0 0 0 0 0 0 0 0 0 0 0 0 0 0 0 0 0 0 0 0 0 0 0 0 0 0 0 0 0 0 0 0 0 0 0 0 0 0 0 0 0 0 0 0 0 0 0 0 0 0 0 0 0 0 0 0 0 0 0 0 0 0 0 0 0 0 0 0 0 0 0 0 0 0 0 0 0 0 0 0 0 0 0 0 0 0 0 0 0 0 0 0 0 0 0 0 0 0 0 0 0 0 0 0 0 0 0 0 0 0 0 0 0 0 0 0 0 0 0 0 0 0 0 0 0 0 0 0 0 0 0 0 0 0 0 0 0 0 0 0 0 0 0 0 0 0 0 0 0 0 0 0 0 0 0 0 0 0 0 0 0 0 0 0 0 0 0 0 0 0 0 0 0 0 0 0 0 0 0 0 0 0 0 0 0 0 0 0 0 0 0 0 0 0 0 0 0 0 0 0 0 0 0 0 0 0 0 0 0 0 0 0 0 0 0 0 0 0 0 0 0 0 0 0 0 0 0 0 0 0 0 0 0 0 0 0 0 0 0 0 0 0 0 0 0 0 0 0 0 0 0 0 0 0 0 0 0 0 0 0 0 0 0 0 0 0 0 0 0 0 0 0 0 0 0 0 0 0 0 0 0 0 0 0 0 0 0 0 0 0 0 0 0 0 0 0 0 0 0 0 0 0 0 0 0 0 0 0 0 0 0 0 0 0 0 0 0 0 0 0 0 0 0 0 0 0 0 0 0 0 0 0 0 0 0 0 0 0 0 0 0 0 0 0 0 0 0 0 0 0 0 0 0 0 0 0 0 0 0 0 0 0 0 0 0 0 0 0 0 0 0 0 0 0 0 0 0 0 0 0 0 0 0 0 0 0 0 0 0 0 0 0 0 0 0 0 0 0 0 0 0 0 0 0 0 0 0 0 0 0 0 0 0 0 0 0 0 0 0 0 0 0 0 0 0 0 0 0 0 0 0 0 0 0 0 0 0 0 0 0 0 0 0 0 0 0 0 0 0 0 0 0 0 0 0 0 0 0 0 0 0 0 0 0 0 0 0 0 0 0 0 0 0 0 0 0 0 0 0 0 0 0 0 0 0 0 0 0 0 0 0 0 0 0 0 0 0 0 0 0 0 0 0 0 0 0 0 0 0 0 0 0 0 0 0 0 0 0 0 0 0 0 0 0 0 0 0 0 0 0 0 0 0 0 0 0 0 0 0 0 0 0 0 0 0 0 0 0 0 0 0 0 0 0 0 0 0 0 0 0 0 0 0 0 0 0 0 0 0 0 0 0 0 0 0 0 0 0 0 0 0 0 0 0 0 0 0 0 0 0 0 0 0 0 0 0 0 0 0 0 0 0 0 0 0 0 0 0 0 0 0 0 0 0 0 0 0 0 0 0 0 0 0 0 0 0 0 0 0 0 0 0 0 0 0 0 0 0 0 0 0 0 0 0 0 0 0 0 0 0 0 0 0 0 0 0 0 0 0 0 0 0 0 0 0 0 0 0 0
ctxt 5664317928
btime 1790630938
processes 1404880
procs_running 1
procs_blocked 0
softirq 5013646829 73526 15347271 2753290 563710489 651362 0 13560918 59728650 421 62853606
--
cpu  4314950 1898 1808360 58108460 735704 0 847436 0 0 0
cpu0 165330 33 53183 1815771 8763 0 28490 0 0 0
cpu1 168253 38 54089 1818292 10776 0 27571 0 0 0
cpu2 174613 38 54452 1812081 11449 0 27827 0 0 0
cpu3 272718 39 78925 1675073 7257 0 44988 0 0 0
cpu4 268108 45 76281 1683018 9120 0 44826 0 0 0
cpu5 176310 45 56059 1807570 12745 0 28621 0 0 0
cpu6 177675 40 56066 1805184 13750 0 29544 0 0 0
cpu7 184983 38 59547 1791976 13638 0 32603 0 0 0
cpu8 42404 71 46038 1906120 28607 0 13975 0 0 0
cpu9 48994 80 49444 1878306 33177 0 15265 0 0 0
cpu10 46202 78 47699 1887705 31021 0 15026 0 0 0
cpu11 42045 74 43347 1910199 29333 0 13332 0 0 0
cpu12 90148 154 54138 1827034 35794 0 16653 0 0 0
cpu13 86306 86 55224 1825423 37328 0 17034 0 0 0
cpu14 42019 73 42934 1914121 27282 0 13102 0 0 0
cpu15 38812 76 39370 1928747 27943 0 11875 0 0 0
cpu16 228173 32 66074 1739757 12197 0 36413 0 0 0
cpu17 213029 32 63864 1754909 15448 0 34789 0 0 0
cpu18 196965 32 61734 1773856 16262 0 33628 0 0 0
cpu19 363414 29 95765 1560121 6844 0 55285 0 0 0
cpu20 325157 28 89067 1604681 10755 0 52600 0 0 0
cpu21 195665 35 61072 1773966 18588 0 32909 0 0 0
cpu22 178326 39 58302 1795083 18924 0 30883 0 0 0
cpu23 152470 37 52039 1833823 18420 0 25862 0 0 0
cpu24 45528 77 44465 1905754 33351 0 14050 0 0 0
cpu25 51067 73 49595 1878799 36487 0 16652 0 0 0
cpu26 48705 69 48366 1886200 35408 0 16166 0 0 0
cpu27 41132 59 43176 1898594 33475 0 21912 0 0 0
cpu28 81212 95 57997 1813441 39718 0 29453 0 0 0
cpu29 85077 130 60147 1801013 40833 0 30041 0 0 0
cpu30 40459 53 44876 1893049 30261 0 21967 0 0 0
cpu31 43637 56 45011 1908778 30735 0 14081 0 0 0
intr 3550386879 126 0 0 0 0 0 0 0 0 1 0 0 0 0 0 0 0 0 0 0 0 0 0 0 0 0 0 1 1 1 0 0 0 0 1 0 1 0 0 75045 0 0 0 0 0 0 0 0 411 0 0 0 0 0 0 0 0 87 0 0 0 0 0 0 0 0 0 0 0 0 0 0 0 625553 2 35072599 35006702 34922640 35069459 0 17142 18234 21544 22048 13239 17126 22644 23551 20810 61932 86611 68703 57850 97844 89678 50897 47628 22685 26128 31084 12280 20012 29536 29844 25372 64864 80616 72598 59066 94112 101952 52680 53695 0 0 0 0 617409 4787 1036 0 264 0 0 0 0 0 0 0 0 0 0 0 0 0 0 0 0 0 0 0 0 0 0 0 0 0 0 0 0 0 0 0 0 0 0 0 0 0 0 0 0 0 0 0 0 0 0 0 0 0 0 0 0 0 0 0 0 0 0 0 0 0 0 0 0 0 0 0 0 0 0 0 0 0 0 0 0 0 0 0 0 0 0 0 0 0 0 0 0 0 0 0 0 0 0 0 0 0 0 0 0 0 0 0 0 0 0 0 0 0 0 0 0 0 0 0 0 0 0 0 0 0 0 0 0 0 0 0 0 0 0 0 0 0 0 0 0 0 0 0 0 0 0 0 0 0 0 0 0 0 0 0 0 0 0 0 0 0 0 0 0 0 0 0 0 0 0 0 0 0 0 0 0 0 0 0 0 0 0 0 0 0 0 0 0 0 0 0 0 0 0 0 0 0 0 0 0 0 0 0 0 0 0 0 0 0 0 0 0 0 0 0 0 0 0 0 0 0 0 0 0 0 0 0 0 0 0 0 0 0 0 0 0 0 0 0 0 0 0 0 0 0 0 0 0 0 0 0 0 0 0 0 0 0 0 0 0 0 0 0 0 0 0 0 0 0 0 0 0 0 0 0 0 0 0 0 0 0 0 0 0 0 0 0 0 0 0 0 0 0 0 0 0 0 0 0 0 0 0 0 0 0 0 0 0 0 0 0 0 0 0 0 0 0 0 0 0 0 0 0 0 0 0 0 0 0 0 0 0 0 0 0 0 0 0 0 0 0 0 0 0 0 0 0 0 0 0 0 0 0 0 0 0 0 0 0 0 0 0 0 0 0 0 0 0 0 0 0 0 0 0 0 0 0 0 0 0 0 0 0 0 0 0 0 0 0 0 0 0 0 0 0 0 0 0 0 0 0 0 0 0 0 0 0 0 0 0 0 0 0 0 0 0 0 0 0 0 0 0 0 0 0 0 0 0 0 0 0 0 0 0 0 0 0 0 0 0 0 0 0 0 0 0 0 0 0 0 0 0 0 0 0 0 0 0 0 0 0 0 0 0 0 0 0 0 0 0 0 0 0 0 0 0 0 0 0 0 0 0 0 0 0 0 0 0 0 0 0 0 0 0 0 0 0 0 0 0 0 0 0 0 0 0 0 0 0 0 0 0 0 0 0 0 0 0 0 0 0 0 0 0 0 0 0 0 0 0 0 0 0 0 0 0 0 0 0 0 0 0 0 0 0 0 0 0 0 0 0 0 0 0 0 0 0 0 0 0 0 0 0 0 0 0 0 0 0 0 0 0 0 0 0 0 0 0 0 0 0 0 0 0 0 0 0 0 0 0 0 0 0 0 0 0 0 0 0 0 0 0 0 0 0 0 0 0 0 0 0 0 0 0 0 0 0 0 0 0 0 0 0 0 0 0 0 0 0 0 0 0 0 0 0 0 0 0 0 0 0 0 0 0 0 0 0 0 0 0 0 0 0 0 0 0 0 0 0 0 0 0 0 0 0 0 0 0 0 0 0 0 0 0 0 0 0 0 0 0 0 0 0 0 0 0 0 0 0 0 0 0 0 0 0 0 0 0 0 0 0 0 0 0 0 0 0 0 0 0 0 0 0 0 0 0 0 0 0 0 0 0 0 0 0 0 0 0 0 0 0 0 0 0 0 0 0 0 0 0 0 0 0 0 0 0 0 0 0 0 0 0 0 0 0 0 0 0 0 0 0 0 0 0 0 0 0 0 0 0 0 0 0 0 0 0 0 0 0 0 0 0 0 0 0 0 0 0 0 0 0 0 0 0 0 0 0 0 0 0 0 0 0 0 0 0 0 0 0 0 0 0 0 0 0 0 0 0 0 0 0 0 0 0 0 0 0 0 0 0 0 0 0 0 0 0 0 0 0 0 0 0 0 0 0 0 0 0 0 0 0 0 0 0 0 0 0 0 0 0 0 0 0 0 0 0 0 0 0 0 0 0 0 0 0 0 0 0 0 0 0 0 0 0 0 0 0 0 0 0 0 0 0 0 0 0 0 0 0 0 0 0 0 0 0 0 0 0 0 0 0 0 0 0 0 0 0 0 0 0 0 0 0 0 0 0 0 0 0 0 0 0 0 0 0 0 0 0 0 0 0 0 0 0 0 0 0 0 0 0 0 0 0 0 0 0 0 0 0 0 0 0 0 0 0 0 0 0 0 0 0 0 0 0 0 0 0 0 0 0 0 0 0 0 0 0 0 0 0 0 0 0 0 0 0 0 0 0 0 0 0 0 0 0 0 0 0 0 0 0 0 0 0 0 0 0 0 0 0 0 0 0 0 0 0 0 0 0 0 0 0 0 0 0 0 0 0 0 0 0 0 0 0 0 0 0 0 0 0 0 0 0 0 0 0 0 0 0 0 0 0 0 0 0 0 0 0 0 0 0 0 0 0 0 0 0 0 0 0 0 0 0 0 0 0 0 0 0 0 0 0 0 0 0 0 0 0 0 0 0 0 0 0 0 0 0
ctxt 5664502368
btime 1790630938
processes 1404925
procs_running 1
procs_blocked 0
softirq 5013684811 73526 15353641 2753290 563722614 651665 0 13560942 59738637 421 62862779
