Running 10s test @ http://127.0.0.1:18500/json
  16 threads and 128 connections
  Thread Stats   Avg      Stdev     Max   +/- Stdev
    Latency   180.55us   27.18us   1.40ms   61.84%
    Req/Sec    44.29k     2.56k   52.33k    56.59%
  Latency Distribution
     50%  179.00us
     75%  205.00us
     90%  216.00us
     99%  224.00us
  7117414 requests in 10.10s, 0.91GB read
Requests/sec: 704754.46
Transfer/sec:     92.75MB
## server-stat
cpu  4004436 1791 1743434 54668556 642641 0 823868 0 0 0
cpu0 152062 32 50715 1711080 7654 0 27496 0 0 0
cpu1 152032 36 51449 1716163 9451 0 26569 0 0 0
cpu2 157495 37 51760 1710956 9964 0 26686 0 0 0
cpu3 249923 37 75181 1580215 6541 0 43554 0 0 0
cpu4 250379 43 73592 1581721 7982 0 43930 0 0 0
cpu5 161548 42 53225 1704219 11240 0 27422 0 0 0
cpu6 162489 37 53472 1702209 11920 0 28464 0 0 0
cpu7 167650 36 56705 1691491 11782 0 31273 0 0 0
cpu8 42012 67 45141 1789143 24895 0 13695 0 0 0
cpu9 48428 75 48461 1762338 29180 0 14962 0 0 0
cpu10 45770 73 46757 1771369 27100 0 14741 0 0 0
cpu11 41688 70 42522 1793299 25302 0 13089 0 0 0
cpu12 87835 149 52902 1713773 31366 0 16274 0 0 0
cpu13 83932 80 53948 1712266 33069 0 16649 0 0 0
cpu14 41620 67 42082 1796959 23670 0 12854 0 0 0
cpu15 38525 72 38611 1811087 24282 0 11657 0 0 0
cpu16 205391 31 62644 1645175 10616 0 34961 0 0 0
cpu17 194026 30 60703 1656513 13619 0 33465 0 0 0
cpu18 179465 30 58711 1673824 14172 0 32526 0 0 0
cpu19 337765 28 91839 1467657 6184 0 54140 0 0 0
cpu20 298734 27 84975 1514167 9483 0 51029 0 0 0
cpu21 175686 33 58044 1676368 16238 0 31903 0 0 0
cpu22 161046 37 55307 1695018 16409 0 29780 0 0 0
cpu23 139059 35 49430 1729365 16003 0 25011 0 0 0
cpu24 45071 72 43593 1789149 29039 0 13795 0 0 0
cpu25 50489 69 48580 1763176 31948 0 16320 0 0 0
cpu26 48182 64 47373 1770274 30958 0 15856 0 0 0
cpu27 40725 55 42276 1781836 29287 0 21655 0 0 0
cpu28 79122 88 56661 1700509 34814 0 29026 0 0 0
cpu29 82971 125 58740 1688641 35573 0 29594 0 0 0
cpu30 40054 50 43930 1776500 26303 0 21681 0 0 0
cpu31 43249 51 44093 1792080 26581 0 13800 0 0 0
intr 3438398767 126 0 0 0 0 0 0 0 0 1 0 0 0 0 0 0 0 0 0 0 0 0 0 0 0 0 0 1 1 1 0 0 0 0 1 0 1 0 0 75045 0 0 0 0 0 0 0 0 411 0 0 0 0 0 0 0 0 87 0 0 0 0 0 0 0 0 0 0 0 0 0 0 0 581056 2 35066494 35003437 34918647 35063733 0 16138 15660 19363 19527 12044 15296 19966 20965 17603 55562 75629 61618 51430 82437 78986 45397 42464 19852 23049 27475 11370 17620 25890 26110 22431 56978 71217 64619 52036 82977 90232 47025 48063 0 0 0 0 617329 4667 1036 0 264 0 0 0 0 0 0 0 0 0 0 0 0 0 0 0 0 0 0 0 0 0 0 0 0 0 0 0 0 0 0 0 0 0 0 0 0 0 0 0 0 0 0 0 0 0 0 0 0 0 0 0 0 0 0 0 0 0 0 0 0 0 0 0 0 0 0 0 0 0 0 0 0 0 0 0 0 0 0 0 0 0 0 0 0 0 0 0 0 0 0 0 0 0 0 0 0 0 0 0 0 0 0 0 0 0 0 0 0 0 0 0 0 0 0 0 0 0 0 0 0 0 0 0 0 0 0 0 0 0 0 0 0 0 0 0 0 0 0 0 0 0 0 0 0 0 0 0 0 0 0 0 0 0 0 0 0 0 0 0 0 0 0 0 0 0 0 0 0 0 0 0 0 0 0 0 0 0 0 0 0 0 0 0 0 0 0 0 0 0 0 0 0 0 0 0 0 0 0 0 0 0 0 0 0 0 0 0 0 0 0 0 0 0 0 0 0 0 0 0 0 0 0 0 0 0 0 0 0 0 0 0 0 0 0 0 0 0 0 0 0 0 0 0 0 0 0 0 0 0 0 0 0 0 0 0 0 0 0 0 0 0 0 0 0 0 0 0 0 0 0 0 0 0 0 0 0 0 0 0 0 0 0 0 0 0 0 0 0 0 0 0 0 0 0 0 0 0 0 0 0 0 0 0 0 0 0 0 0 0 0 0 0 0 0 0 0 0 0 0 0 0 0 0 0 0 0 0 0 0 0 0 0 0 0 0 0 0 0 0 0 0 0 0 0 0 0 0 0 0 0 0 0 0 0 0 0 0 0 0 0 0 0 0 0 0 0 0 0 0 0 0 0 0 0 0 0 0 0 0 0 0 0 0 0 0 0 0 0 0 0 0 0 0 0 0 0 0 0 0 0 0 0 0 0 0 0 0 0 0 0 0 0 0 0 0 0 0 0 0 0 0 0 0 0 0 0 0 0 0 0 0 0 0 0 0 0 0 0 0 0 0 0 0 0 0 0 0 0 0 0 0 0 0 0 0 0 0 0 0 0 0 0 0 0 0 0 0 0 0 0 0 0 0 0 0 0 0 0 0 0 0 0 0 0 0 0 0 0 0 0 0 0 0 0 0 0 0 0 0 0 0 0 0 0 0 0 0 0 0 0 0 0 0 0 0 0 0 0 0 0 0 0 0 0 0 0 0 0 0 0 0 0 0 0 0 0 0 0 0 0 0 0 0 0 0 0 0 0 0 0 0 0 0 0 0 0 0 0 0 0 0 0 0 0 0 0 0 0 0 0 0 0 0 0 0 0 0 0 0 0 0 0 0 0 0 0 0 0 0 0 0 0 0 0 0 0 0 0 0 0 0 0 0 0 0 0 0 0 0 0 0 0 0 0 0 0 0 0 0 0 0 0 0 0 0 0 0 0 0 0 0 0 0 0 0 0 0 0 0 0 0 0 0 0 0 0 0 0 0 0 0 0 0 0 0 0 0 0 0 0 0 0 0 0 0 0 0 0 0 0 0 0 0 0 0 0 0 0 0 0 0 0 0 0 0 0 0 0 0 0 0 0 0 0 0 0 0 0 0 0 0 0 0 0 0 0 0 0 0 0 0 0 0 0 0 0 0 0 0 0 0 0 0 0 0 0 0 0 0 0 0 0 0 0 0 0 0 0 0 0 0 0 0 0 0 0 0 0 0 0 0 0 0 0 0 0 0 0 0 0 0 0 0 0 0 0 0 0 0 0 0 0 0 0 0 0 0 0 0 0 0 0 0 0 0 0 0 0 0 0 0 0 0 0 0 0 0 0 0 0 0 0 0 0 0 0 0 0 0 0 0 0 0 0 0 0 0 0 0 0 0 0 0 0 0 0 0 0 0 0 0 0 0 0 0 0 0 0 0 0 0 0 0 0 0 0 0 0 0 0 0 0 0 0 0 0 0 0 0 0 0 0 0 0 0 0 0 0 0 0 0 0 0 0 0 0 0 0 0 0 0 0 0 0 0 0 0 0 0 0 0 0 0 0 0 0 0 0 0 0 0 0 0 0 0 0 0 0 0 0 0 0 0 0 0 0 0 0 0 0 0 0 0 0 0 0 0 0 0 0 0 0 0 0 0 0 0 0 0 0 0 0 0 0 0 0 0 0 0 0 0 0 0 0 0 0 0 0 0 0 0 0 0 0 0 0 0 0 0 0 0 0 0 0 0 0 0 0 0 0 0 0 0 0 0 0 0 0 0 0 0 0 0 0 0 0 0 0 0 0 0 0 0 0 0 0 0 0 0 0 0 0 0 0 0 0 0 0 0 0 0 0 0 0 0 0 0 0 0 0 0 0 0 0 0 0 0 0 0 0 0 0 0 0 0 0 0 0 0 0 0 0 0 0 0 0 0 0 0 0 0 0 0 0 0 0 0 0 0 0 0 0 0 0 0 0 0 0 0 0 0 0 0 0 0 0 0 0 0 0 0 0 0 0 0 0 0 0 0 0 0 0
ctxt 5467596004
btime 1790630938
processes 1220719
procs_running 13
procs_blocked 0
softirq 4865224660 73526 14377857 2753177 425410828 605593 0 13560579 57043484 421 56431899
--
cpu  4008519 1792 1745398 54683809 642667 0 825571 0 0 0
cpu0 152062 32 50715 1711857 7654 0 27498 0 0 0
cpu1 152032 36 51449 1716955 9456 0 26569 0 0 0
cpu2 157855 37 51876 1711160 9964 0 26804 0 0 0
cpu3 250028 37 75215 1580842 6541 0 43586 0 0 0
cpu4 250483 43 73626 1582350 7982 0 43962 0 0 0
cpu5 161553 42 53225 1705002 11248 0 27422 0 0 0
cpu6 162683 37 53537 1702679 11920 0 28533 0 0 0
cpu7 168134 36 56861 1691491 11782 0 31433 0 0 0
cpu8 42019 67 45184 1789704 24895 0 13720 0 0 0
cpu9 48437 75 48501 1762898 29180 0 14988 0 0 0
cpu10 45778 73 46808 1771927 27100 0 14764 0 0 0
cpu11 41697 70 42565 1793867 25302 0 13112 0 0 0
cpu12 87844 149 52948 1714334 31366 0 16302 0 0 0
cpu13 83941 80 53992 1712823 33069 0 16678 0 0 0
cpu14 41628 67 42125 1797544 23670 0 12874 0 0 0
cpu15 38531 72 38645 1811679 24282 0 11679 0 0 0
cpu16 205891 31 62793 1645175 10616 0 35112 0 0 0
cpu17 194512 30 60851 1656513 13619 0 33631 0 0 0
cpu18 179589 30 58751 1674413 14173 0 32571 0 0 0
cpu19 338149 28 91961 1467825 6184 0 54265 0 0 0
cpu20 299115 27 85094 1514334 9483 0 51160 0 0 0
cpu21 176172 33 58202 1676368 16238 0 32059 0 0 0
cpu22 161334 37 55400 1695341 16409 0 29874 0 0 0
cpu23 139061 35 49430 1730158 16003 0 25011 0 0 0
cpu24 45079 72 43636 1789711 29039 0 13821 0 0 0
cpu25 50505 69 48627 1763723 31948 0 16349 0 0 0
cpu26 48193 64 47422 1770820 30958 0 15886 0 0 0
cpu27 40735 56 42324 1782391 29287 0 21679 0 0 0
cpu28 79148 89 56717 1701037 34820 0 29055 0 0 0
cpu29 82996 125 58794 1689175 35574 0 29623 0 0 0
cpu30 40063 50 43973 1777056 26309 0 21707 0 0 0
cpu31 43259 51 44137 1792642 26582 0 13829 0 0 0
intr 3442785170 126 0 0 0 0 0 0 0 0 1 0 0 0 0 0 0 0 0 0 0 0 0 0 0 0 0 0 1 1 1 0 0 0 0 1 0 1 0 0 75045 0 0 0 0 0 0 0 0 411 0 0 0 0 0 0 0 0 87 0 0 0 0 0 0 0 0 0 0 0 0 0 0 0 581320 2 35066504 35003443 34918673 35063750 0 16146 15660 19363 19527 12044 15296 19966 20965 17603 55562 75629 61618 51430 82440 78986 45397 42464 19852 23049 27475 11370 17620 25890 26110 22431 56978 71217 64619 52036 82977 90232 47028 48065 0 0 0 0 617329 4667 1036 0 264 0 0 0 0 0 0 0 0 0 0 0 0 0 0 0 0 0 0 0 0 0 0 0 0 0 0 0 0 0 0 0 0 0 0 0 0 0 0 0 0 0 0 0 0 0 0 0 0 0 0 0 0 0 0 0 0 0 0 0 0 0 0 0 0 0 0 0 0 0 0 0 0 0 0 0 0 0 0 0 0 0 0 0 0 0 0 0 0 0 0 0 0 0 0 0 0 0 0 0 0 0 0 0 0 0 0 0 0 0 0 0 0 0 0 0 0 0 0 0 0 0 0 0 0 0 0 0 0 0 0 0 0 0 0 0 0 0 0 0 0 0 0 0 0 0 0 0 0 0 0 0 0 0 0 0 0 0 0 0 0 0 0 0 0 0 0 0 0 0 0 0 0 0 0 0 0 0 0 0 0 0 0 0 0 0 0 0 0 0 0 0 0 0 0 0 0 0 0 0 0 0 0 0 0 0 0 0 0 0 0 0 0 0 0 0 0 0 0 0 0 0 0 0 0 0 0 0 0 0 0 0 0 0 0 0 0 0 0 0 0 0 0 0 0 0 0 0 0 0 0 0 0 0 0 0 0 0 0 0 0 0 0 0 0 0 0 0 0 0 0 0 0 0 0 0 0 0 0 0 0 0 0 0 0 0 0 0 0 0 0 0 0 0 0 0 0 0 0 0 0 0 0 0 0 0 0 0 0 0 0 0 0 0 0 0 0 0 0 0 0 0 0 0 0 0 0 0 0 0 0 0 0 0 0 0 0 0 0 0 0 0 0 0 0 0 0 0 0 0 0 0 0 0 0 0 0 0 0 0 0 0 0 0 0 0 0 0 0 0 0 0 0 0 0 0 0 0 0 0 0 0 0 0 0 0 0 0 0 0 0 0 0 0 0 0 0 0 0 0 0 0 0 0 0 0 0 0 0 0 0 0 0 0 0 0 0 0 0 0 0 0 0 0 0 0 0 0 0 0 0 0 0 0 0 0 0 0 0 0 0 0 0 0 0 0 0 0 0 0 0 0 0 0 0 0 0 0 0 0 0 0 0 0 0 0 0 0 0 0 0 0 0 0 0 0 0 0 0 0 0 0 0 0 0 0 0 0 0 0 0 0 0 0 0 0 0 0 0 0 0 0 0 0 0 0 0 0 0 0 0 0 0 0 0 0 0 0 0 0 0 0 0 0 0 0 0 0 0 0 0 0 0 0 0 0 0 0 0 0 0 0 0 0 0 0 0 0 0 0 0 0 0 0 0 0 0 0 0 0 0 0 0 0 0 0 0 0 0 0 0 0 0 0 0 0 0 0 0 0 0 0 0 0 0 0 0 0 0 0 0 0 0 0 0 0 0 0 0 0 0 0 0 0 0 0 0 0 0 0 0 0 0 0 0 0 0 0 0 0 0 0 0 0 0 0 0 0 0 0 0 0 0 0 0 0 0 0 0 0 0 0 0 0 0 0 0 0 0 0 0 0 0 0 0 0 0 0 0 0 0 0 0 0 0 0 0 0 0 0 0 0 0 0 0 0 0 0 0 0 0 0 0 0 0 0 0 0 0 0 0 0 0 0 0 0 0 0 0 0 0 0 0 0 0 0 0 0 0 0 0 0 0 0 0 0 0 0 0 0 0 0 0 0 0 0 0 0 0 0 0 0 0 0 0 0 0 0 0 0 0 0 0 0 0 0 0 0 0 0 0 0 0 0 0 0 0 0 0 0 0 0 0 0 0 0 0 0 0 0 0 0 0 0 0 0 0 0 0 0 0 0 0 0 0 0 0 0 0 0 0 0 0 0 0 0 0 0 0 0 0 0 0 0 0 0 0 0 0 0 0 0 0 0 0 0 0 0 0 0 0 0 0 0 0 0 0 0 0 0 0 0 0 0 0 0 0 0 0 0 0 0 0 0 0 0 0 0 0 0 0 0 0 0 0 0 0 0 0 0 0 0 0 0 0 0 0 0 0 0 0 0 0 0 0 0 0 0 0 0 0 0 0 0 0 0 0 0 0 0 0 0 0 0 0 0 0 0 0 0 0 0 0 0 0 0 0 0 0 0 0 0 0 0 0 0 0 0 0 0 0 0 0 0 0 0 0 0 0 0 0 0 0 0 0 0 0 0 0 0 0 0 0 0 0 0 0 0 0 0 0 0 0 0 0 0 0 0 0 0 0 0 0 0 0 0 0 0 0 0 0 0 0 0 0 0 0 0 0 0 0 0 0 0 0 0 0 0 0 0 0 0 0 0 0 0 0 0 0 0 0 0 0 0 0 0 0 0 0 0 0 0 0 0 0 0 0 0 0 0 0 0 0 0 0 0 0 0 0 0 0 0 0 0 0 0 0 0 0 0 0 0 0 0 0 0 0 0 0 0 0 0 0 0 0 0 0 0 0 0 0 0 0 0 0 0 0 0 0 0 0 0 0 0 0 0 0 0 0 0 0 0 0 0 0 0 0 0 0 0 0 0 0 0 0 0 0 0 0 0 0 0 0
ctxt 5476110800
btime 1790630938
processes 1220793
procs_running 12
procs_blocked 0
softirq 4876558261 73526 14382372 2753177 436688086 605870 0 13560579 57067062 421 56459872
