Running 10s test @ http://127.0.0.1:18500/json
  16 threads and 128 connections
  Thread Stats   Avg      Stdev     Max   +/- Stdev
    Latency     7.29ms  640.92us  10.29ms   97.16%
    Req/Sec     1.10k   326.26    14.12k    99.94%
  Latency Distribution
     50%    7.30ms
     75%    7.39ms
     90%    7.59ms
     99%    8.05ms
  175673 requests in 10.10s, 44.56MB read
Requests/sec:  17393.51
Transfer/sec:      4.41MB
## server-stat
cpu  4226380 1852 1791376 56577714 645026 0 846029 0 0 0
cpu0 162463 32 52560 1767316 7655 0 28308 0 0 0
cpu1 163484 37 53421 1771391 9463 0 27511 0 0 0
cpu2 170813 37 53846 1764144 9984 0 27739 0 0 0
cpu3 266127 38 77842 1629480 6569 0 44920 0 0 0
cpu4 261717 44 75486 1637248 8028 0 44765 0 0 0
cpu5 173359 44 55428 1758819 11266 0 28531 0 0 0
cpu6 175362 39 55469 1756038 11971 0 29451 0 0 0
cpu7 181029 37 59003 1744228 11784 0 32560 0 0 0
cpu8 42239 70 45789 1855962 25101 0 13959 0 0 0
cpu9 48762 78 49159 1828713 29385 0 15243 0 0 0
cpu10 46044 76 47434 1838054 27185 0 15003 0 0 0
cpu11 41908 72 43104 1860509 25338 0 13315 0 0 0
cpu12 89060 152 53749 1779028 31468 0 16615 0 0 0
cpu13 85129 83 54820 1777226 33359 0 16996 0 0 0
cpu14 41866 69 42679 1864052 23770 0 13083 0 0 0
cpu15 38701 74 39128 1878626 24317 0 11862 0 0 0
cpu16 221762 32 65236 1694563 10617 0 36377 0 0 0
cpu17 208907 31 63187 1707606 13664 0 34720 0 0 0
cpu18 192284 31 61025 1727374 14182 0 33586 0 0 0
cpu19 351195 28 94236 1520397 6207 0 55242 0 0 0
cpu20 315807 27 87916 1562413 9484 0 52535 0 0 0
cpu21 190584 34 60368 1727951 16240 0 32877 0 0 0
cpu22 173609 37 57696 1748716 16411 0 30854 0 0 0
cpu23 149981 36 51466 1785325 16039 0 25785 0 0 0
cpu24 45345 75 44202 1856370 29051 0 14037 0 0 0
cpu25 50840 71 49311 1829717 32031 0 16631 0 0 0
cpu26 48499 67 48087 1836912 31082 0 16148 0 0 0
cpu27 40969 58 42905 1848999 29337 0 21898 0 0 0
cpu28 80431 93 57655 1765273 34987 0 29427 0 0 0
cpu29 84276 129 59795 1753017 35981 0 30015 0 0 0
cpu30 40325 52 44618 1843217 26334 0 21953 0 0 0
cpu31 43489 54 44744 1859014 26719 0 14069 0 0 0
intr 3520617427 126 0 0 0 0 0 0 0 0 1 0 0 0 0 0 0 0 0 0 0 0 0 0 0 0 0 0 1 1 1 0 0 0 0 1 0 1 0 0 75045 0 0 0 0 0 0 0 0 411 0 0 0 0 0 0 0 0 87 0 0 0 0 0 0 0 0 0 0 0 0 0 0 0 599768 2 35069796 35004494 34920813 35067598 0 16704 15666 19366 19529 12061 15303 20043 20968 17606 55775 75887 61762 51492 83436 79156 45514 42514 19994 23052 27478 11375 17627 25892 26168 22437 57707 71606 64729 52360 83118 90424 47118 48104 0 0 0 0 617373 4732 1036 0 264 0 0 0 0 0 0 0 0 0 0 0 0 0 0 0 0 0 0 0 0 0 0 0 0 0 0 0 0 0 0 0 0 0 0 0 0 0 0 0 0 0 0 0 0 0 0 0 0 0 0 0 0 0 0 0 0 0 0 0 0 0 0 0 0 0 0 0 0 0 0 0 0 0 0 0 0 0 0 0 0 0 0 0 0 0 0 0 0 0 0 0 0 0 0 0 0 0 0 0 0 0 0 0 0 0 0 0 0 0 0 0 0 0 0 0 0 0 0 0 0 0 0 0 0 0 0 0 0 0 0 0 0 0 0 0 0 0 0 0 0 0 0 0 0 0 0 0 0 0 0 0 0 0 0 0 0 0 0 0 0 0 0 0 0 0 0 0 0 0 0 0 0 0 0 0 0 0 0 0 0 0 0 0 0 0 0 0 0 0 0 0 0 0 0 0 0 0 0 0 0 0 0 0 0 0 0 0 0 0 0 0 0 0 0 0 0 0 0 0 0 0 0 0 0 0 0 0 0 0 0 0 0 0 0 0 0 0 0 0 0 0 0 0 0 0 0 0 0 0 0 0 0 0 0 0 0 0 0 0 0 0 0 0 0 0 0 0 0 0 0 0 0 0 0 0 0 0 0 0 0 0 0 0 0 0 0 0 0 0 0 0 0 0 0 0 0 0 0 0 0 0 0 0 0 0 0 0 0 0 0 0 0 0 0 0 0 0 0 0 0 0 0 0 0 0 0 0 0 0 0 0 0 0 0 0 0 0 0 0 0 0 0 0 0 0 0 0 0 0 0 0 0 0 0 0 0 0 0 0 0 0 0 0 0 0 0 0 0 0 0 0 0 0 0 0 0 0 0 0 0 0 0 0 0 0 0 0 0 0 0 0 0 0 0 0 0 0 0 0 0 0 0 0 0 0 0 0 0 0 0 0 0 0 0 0 0 0 0 0 0 0 0 0 0 0 0 0 0 0 0 0 0 0 0 0 0 0 0 0 0 0 0 0 0 0 0 0 0 0 0 0 0 0 0 0 0 0 0 0 0 0 0 0 0 0 0 0 0 0 0 0 0 0 0 0 0 0 0 0 0 0 0 0 0 0 0 0 0 0 0 0 0 0 0 0 0 0 0 0 0 0 0 0 0 0 0 0 0 0 0 0 0 0 0 0 0 0 0 0 0 0 0 0 0 0 0 0 0 0 0 0 0 0 0 0 0 0 0 0 0 0 0 0 0 0 0 0 0 0 0 0 0 0 0 0 0 0 0 0 0 0 0 0 0 0 0 0 0 0 0 0 0 0 0 0 0 0 0 0 0 0 0 0 0 0 0 0 0 0 0 0 0 0 0 0 0 0 0 0 0 0 0 0 0 0 0 0 0 0 0 0 0 0 0 0 0 0 0 0 0 0 0 0 0 0 0 0 0 0 0 0 0 0 0 0 0 0 0 0 0 0 0 0 0 0 0 0 0 0 0 0 0 0 0 0 0 0 0 0 0 0 0 0 0 0 0 0 0 0 0 0 0 0 0 0 0 0 0 0 0 0 0 0 0 0 0 0 0 0 0 0 0 0 0 0 0 0 0 0 0 0 0 0 0 0 0 0 0 0 0 0 0 0 0 0 0 0 0 0 0 0 0 0 0 0 0 0 0 0 0 0 0 0 0 0 0 0 0 0 0 0 0 0 0 0 0 0 0 0 0 0 0 0 0 0 0 0 0 0 0 0 0 0 0 0 0 0 0 0 0 0 0 0 0 0 0 0 0 0 0 0 0 0 0 0 0 0 0 0 0 0 0 0 0 0 0 0 0 0 0 0 0 0 0 0 0 0 0 0 0 0 0 0 0 0 0 0 0 0 0 0 0 0 0 0 0 0 0 0 0 0 0 0 0 0 0 0 0 0 0 0 0 0 0 0 0 0 0 0 0 0 0 0 0 0 0 0 0 0 0 0 0 0 0 0 0 0 0 0 0 0 0 0 0 0 0 0 0 0 0 0 0 0 0 0 0 0 0 0 0 0 0 0 0 0 0 0 0 0 0 0 0 0 0 0 0 0 0 0 0 0 0 0 0 0 0 0 0 0 0 0 0 0 0 0 0 0 0 0 0 0 0 0 0 0 0 0 0 0 0 0 0 0 0 0 0 0 0 0 0 0 0 0 0 0 0 0 0 0 0 0 0 0 0 0 0 0 0 0 0 0 0 0 0 0 0 0 0 0 0 0 0 0 0 0 0 0 0 0 0 0 0 0 0 0 0 0 0 0 0 0 0 0 0 0 0 0 0 0 0 0 0 0 0 0 0 0 0 0 0 0 0 0 0 0 0 0 0 0 0 0 0 0 0 0 0 0 0 0 0 0 0 0 0 0 0 0 0 0 0 0 0 0 0 0 0 0 0 0 0 0 0 0 0 0 0 0 0 0 0 0 0 0 0 0 0 0 0 0 0 0 0 0 0 0 0 0 0 0 0 0 0 0 0 0 0 0 0 0 0 0 0
ctxt 5612958382
btime 1790630938
processes 1313027
procs_running 10
procs_blocked 0
softirq 4999653299 73526 15010386 2753189 552406639 625175 0 13560770 58918394 421 61337503
--
cpu  4232753 1853 1791943 56595880 645043 0 846115 0 0 0
cpu0 162679 32 52587 1767834 7655 0 28316 0 0 0
cpu1 163820 37 53455 1771796 9463 0 27517 0 0 0
cpu2 171315 37 53886 1764387 9984 0 27742 0 0 0
cpu3 266275 38 77863 1630075 6569 0 44930 0 0 0
cpu4 261940 44 75510 1637774 8028 0 44772 0 0 0
cpu5 173781 44 55460 1759143 11266 0 28536 0 0 0
cpu6 175761 39 55503 1756383 11971 0 29456 0 0 0
cpu7 181470 37 59040 1744532 11784 0 32565 0 0 0
cpu8 42240 70 45789 1856757 25101 0 13959 0 0 0
cpu9 48766 78 49159 1829493 29385 0 15243 0 0 0
cpu10 46045 76 47435 1838839 27185 0 15004 0 0 0
cpu11 41909 72 43104 1861300 25339 0 13315 0 0 0
cpu12 89073 152 53751 1779799 31468 0 16615 0 0 0
cpu13 85144 83 54823 1777984 33370 0 16996 0 0 0
cpu14 41868 70 42680 1864837 23770 0 13084 0 0 0
cpu15 38702 74 39129 1879417 24317 0 11862 0 0 0
cpu16 222335 32 65281 1694734 10617 0 36380 0 0 0
cpu17 209359 31 63224 1707901 13664 0 34724 0 0 0
cpu18 192578 31 61053 1727824 14182 0 33594 0 0 0
cpu19 351844 28 94286 1520492 6207 0 55244 0 0 0
cpu20 316382 27 87962 1562583 9484 0 52539 0 0 0
cpu21 190961 34 60401 1728318 16240 0 32884 0 0 0
cpu22 173998 37 57728 1749080 16411 0 30857 0 0 0
cpu23 150304 36 51497 1785744 16039 0 25791 0 0 0
cpu24 45346 75 44203 1857158 29054 0 14037 0 0 0
cpu25 50840 71 49311 1830514 32031 0 16631 0 0 0
cpu26 48499 67 48087 1837705 31083 0 16148 0 0 0
cpu27 40969 58 42905 1849795 29337 0 21898 0 0 0
cpu28 80434 93 57656 1766061 34987 0 29427 0 0 0
cpu29 84286 129 59797 1753791 35981 0 30015 0 0 0
cpu30 40326 52 44618 1844008 26334 0 21953 0 0 0
cpu31 43493 54 44745 1859805 26719 0 14069 0 0 0
intr 3521441654 126 0 0 0 0 0 0 0 0 1 0 0 0 0 0 0 0 0 0 0 0 0 0 0 0 0 0 1 1 1 0 0 0 0 1 0 1 0 0 75045 0 0 0 0 0 0 0 0 411 0 0 0 0 0 0 0 0 87 0 0 0 0 0 0 0 0 0 0 0 0 0 0 0 599909 2 35069841 35004508 34920851 35067652 0 16712 15666 19366 19529 12061 15303 20043 20968 17606 55775 75887 61762 51493 83443 79158 45514 42514 19994 23052 27478 11375 17627 25892 26168 22437 57707 71606 64730 52360 83118 90424 47118 48104 0 0 0 0 617373 4732 1036 0 264 0 0 0 0 0 0 0 0 0 0 0 0 0 0 0 0 0 0 0 0 0 0 0 0 0 0 0 0 0 0 0 0 0 0 0 0 0 0 0 0 0 0 0 0 0 0 0 0 0 0 0 0 0 0 0 0 0 0 0 0 0 0 0 0 0 0 0 0 0 0 0 0 0 0 0 0 0 0 0 0 0 0 0 0 0 0 0 0 0 0 0 0 0 0 0 0 0 0 0 0 0 0 0 0 0 0 0 0 0 0 0 0 0 0 0 0 0 0 0 0 0 0 0 0 0 0 0 0 0 0 0 0 0 0 0 0 0 0 0 0 0 0 0 0 0 0 0 0 0 0 0 0 0 0 0 0 0 0 0 0 0 0 0 0 0 0 0 0 0 0 0 0 0 0 0 0 0 0 0 0 0 0 0 0 0 0 0 0 0 0 0 0 0 0 0 0 0 0 0 0 0 0 0 0 0 0 0 0 0 0 0 0 0 0 0 0 0 0 0 0 0 0 0 0 0 0 0 0 0 0 0 0 0 0 0 0 0 0 0 0 0 0 0 0 0 0 0 0 0 0 0 0 0 0 0 0 0 0 0 0 0 0 0 0 0 0 0 0 0 0 0 0 0 0 0 0 0 0 0 0 0 0 0 0 0 0 0 0 0 0 0 0 0 0 0 0 0 0 0 0 0 0 0 0 0 0 0 0 0 0 0 0 0 0 0 0 0 0 0 0 0 0 0 0 0 0 0 0 0 0 0 0 0 0 0 0 0 0 0 0 0 0 0 0 0 0 0 0 0 0 0 0 0 0 0 0 0 0 0 0 0 0 0 0 0 0 0 0 0 0 0 0 0 0 0 0 0 0 0 0 0 0 0 0 0 0 0 0 0 0 0 0 0 0 0 0 0 0 0 0 0 0 0 0 0 0 0 0 0 0 0 0 0 0 0 0 0 0 0 0 0 0 0 0 0 0 0 0 0 0 0 0 0 0 0 0 0 0 0 0 0 0 0 0 0 0 0 0 0 0 0 0 0 0 0 0 0 0 0 0 0 0 0 0 0 0 0 0 0 0 0 0 0 0 0 0 0 0 0 0 0 0 0 0 0 0 0 0 0 0 0 0 0 0 0 0 0 0 0 0 0 0 0 0 0 0 0 0 0 0 0 0 0 0 0 0 0 0 0 0 0 0 0 0 0 0 0 0 0 0 0 0 0 0 0 0 0 0 0 0 0 0 0 0 0 0 0 0 0 0 0 0 0 0 0 0 0 0 0 0 0 0 0 0 0 0 0 0 0 0 0 0 0 0 0 0 0 0 0 0 0 0 0 0 0 0 0 0 0 0 0 0 0 0 0 0 0 0 0 0 0 0 0 0 0 0 0 0 0 0 0 0 0 0 0 0 0 0 0 0 0 0 0 0 0 0 0 0 0 0 0 0 0 0 0 0 0 0 0 0 0 0 0 0 0 0 0 0 0 0 0 0 0 0 0 0 0 0 0 0 0 0 0 0 0 0 0 0 0 0 0 0 0 0 0 0 0 0 0 0 0 0 0 0 0 0 0 0 0 0 0 0 0 0 0 0 0 0 0 0 0 0 0 0 0 0 0 0 0 0 0 0 0 0 0 0 0 0 0 0 0 0 0 0 0 0 0 0 0 0 0 0 0 0 0 0 0 0 0 0 0 0 0 0 0 0 0 0 0 0 0 0 0 0 0 0 0 0 0 0 0 0 0 0 0 0 0 0 0 0 0 0 0 0 0 0 0 0 0 0 0 0 0 0 0 0 0 0 0 0 0 0 0 0 0 0 0 0 0 0 0 0 0 0 0 0 0 0 0 0 0 0 0 0 0 0 0 0 0 0 0 0 0 0 0 0 0 0 0 0 0 0 0 0 0 0 0 0 0 0 0 0 0 0 0 0 0 0 0 0 0 0 0 0 0 0 0 0 0 0 0 0 0 0 0 0 0 0 0 0 0 0 0 0 0 0 0 0 0 0 0 0 0 0 0 0 0 0 0 0 0 0 0 0 0 0 0 0 0 0 0 0 0 0 0 0 0 0 0 0 0 0 0 0 0 0 0 0 0 0 0 0 0 0 0 0 0 0 0 0 0 0 0 0 0 0 0 0 0 0 0 0 0 0 0 0 0 0 0 0 0 0 0 0 0 0 0 0 0 0 0 0 0 0 0 0 0 0 0 0 0 0 0 0 0 0 0 0 0 0 0 0 0 0 0 0 0 0 0 0 0 0 0 0 0 0 0 0 0 0 0 0 0 0 0 0 0 0 0 0 0 0 0 0 0 0 0 0 0 0 0 0 0 0 0 0 0 0 0 0 0 0 0 0 0 0 0 0 0 0 0 0 0 0 0 0 0 0 0 0 0 0 0 0 0 0 0 0 0 0 0 0 0 0 0 0 0 0 0 0 0 0 0 0 0 0 0 0 0 0 0 0 0 0 0 0 0 0 0 0 0 0 0 0 0 0 0 0 0 0 0 0
ctxt 5614366997
btime 1790630938
processes 1313100
procs_running 9
procs_blocked 0
softirq 4999977410 73526 15013307 2753189 552685878 625326 0 13560770 58935059 421 61362638
