Running 10s test @ http://127.0.0.1:18500/counter
  16 threads and 128 connections
  Thread Stats   Avg      Stdev     Max   +/- Stdev
    Latency     0.90ms  204.75us   2.46ms   52.15%
    Req/Sec     8.90k   731.62    10.56k    66.27%
  Latency Distribution
     50%    0.98ms
     75%    1.10ms
     90%    1.13ms
     99%    1.17ms
  1430926 requests in 10.10s, 245.64MB read
Requests/sec: 141682.69
Transfer/sec:     24.32MB
## server-stat
cpu  4132093 1830 1777730 55841718 644329 0 841867 0 0 0
cpu0 158358 32 51989 1745741 7654 0 28067 0 0 0
cpu1 158560 37 52818 1750550 9463 0 27272 0 0 0
cpu2 164546 37 53131 1744762 9984 0 27452 0 0 0
cpu3 258092 38 76953 1612086 6568 0 44601 0 0 0
cpu4 256474 43 74843 1616735 8027 0 44519 0 0 0
cpu5 167800 43 54671 1738720 11265 0 28275 0 0 0
cpu6 168046 38 54586 1737879 11970 0 29125 0 0 0
cpu7 174521 37 58226 1725106 11784 0 32305 0 0 0
cpu8 42163 69 45668 1829791 25029 0 13939 0 0 0
cpu9 48651 77 49010 1802739 29309 0 15214 0 0 0
cpu10 45948 75 47305 1811947 27180 0 14981 0 0 0
cpu11 41833 71 42985 1834263 25337 0 13297 0 0 0
cpu12 88508 151 53535 1753664 31407 0 16557 0 0 0
cpu13 84674 82 54588 1751844 33275 0 16937 0 0 0
cpu14 41774 68 42531 1837993 23725 0 13057 0 0 0
cpu15 38639 74 39005 1852393 24315 0 11844 0 0 0
cpu16 214535 32 64437 1676165 10616 0 36117 0 0 0
cpu17 202500 30 62395 1688343 13663 0 34489 0 0 0
cpu18 187243 31 60342 1706590 14181 0 33414 0 0 0
cpu19 347118 28 93705 1498478 6205 0 55104 0 0 0
cpu20 309178 27 87140 1543317 9484 0 52341 0 0 0
cpu21 184561 34 59730 1708076 16240 0 32710 0 0 0
cpu22 169833 37 57172 1726480 16410 0 30720 0 0 0
cpu23 145859 36 50845 1763623 16039 0 25568 0 0 0
cpu24 45246 74 44080 1830126 29047 0 14019 0 0 0
cpu25 50713 70 49175 1803601 32011 0 16605 0 0 0
cpu26 48399 66 47962 1810818 30982 0 16127 0 0 0
cpu27 40886 57 42781 1822726 29306 0 21885 0 0 0
cpu28 79945 92 57448 1739685 34971 0 29379 0 0 0
cpu29 83832 128 59586 1727598 35816 0 29960 0 0 0
cpu30 40239 51 44465 1817079 26332 0 21924 0 0 0
cpu31 43408 53 44609 1832785 26718 0 14048 0 0 0
intr 3501263721 126 0 0 0 0 0 0 0 0 1 0 0 0 0 0 0 0 0 0 0 0 0 0 0 0 0 0 1 1 1 0 0 0 0 1 0 1 0 0 75045 0 0 0 0 0 0 0 0 411 0 0 0 0 0 0 0 0 87 0 0 0 0 0 0 0 0 0 0 0 0 0 0 0 593241 2 35068207 35004129 34919767 35066299 0 16487 15661 19366 19528 12053 15301 20013 20966 17605 55701 75692 61718 51480 83277 79130 45511 42510 19856 23050 27477 11374 17623 25892 26166 22437 57704 71364 64724 52268 83112 90331 47115 48101 0 0 0 0 617357 4706 1036 0 264 0 0 0 0 0 0 0 0 0 0 0 0 0 0 0 0 0 0 0 0 0 0 0 0 0 0 0 0 0 0 0 0 0 0 0 0 0 0 0 0 0 0 0 0 0 0 0 0 0 0 0 0 0 0 0 0 0 0 0 0 0 0 0 0 0 0 0 0 0 0 0 0 0 0 0 0 0 0 0 0 0 0 0 0 0 0 0 0 0 0 0 0 0 0 0 0 0 0 0 0 0 0 0 0 0 0 0 0 0 0 0 0 0 0 0 0 0 0 0 0 0 0 0 0 0 0 0 0 0 0 0 0 0 0 0 0 0 0 0 0 0 0 0 0 0 0 0 0 0 0 0 0 0 0 0 0 0 0 0 0 0 0 0 0 0 0 0 0 0 0 0 0 0 0 0 0 0 0 0 0 0 0 0 0 0 0 0 0 0 0 0 0 0 0 0 0 0 0 0 0 0 0 0 0 0 0 0 0 0 0 0 0 0 0 0 0 0 0 0 0 0 0 0 0 0 0 0 0 0 0 0 0 0 0 0 0 0 0 0 0 0 0 0 0 0 0 0 0 0 0 0 0 0 0 0 0 0 0 0 0 0 0 0 0 0 0 0 0 0 0 0 0 0 0 0 0 0 0 0 0 0 0 0 0 0 0 0 0 0 0 0 0 0 0 0 0 0 0 0 0 0 0 0 0 0 0 0 0 0 0 0 0 0 0 0 0 0 0 0 0 0 0 0 0 0 0 0 0 0 0 0 0 0 0 0 0 0 0 0 0 0 0 0 0 0 0 0 0 0 0 0 0 0 0 0 0 0 0 0 0 0 0 0 0 0 0 0 0 0 0 0 0 0 0 0 0 0 0 0 0 0 0 0 0 0 0 0 0 0 0 0 0 0 0 0 0 0 0 0 0 0 0 0 0 0 0 0 0 0 0 0 0 0 0 0 0 0 0 0 0 0 0 0 0 0 0 0 0 0 0 0 0 0 0 0 0 0 0 0 0 0 0 0 0 0 0 0 0 0 0 0 0 0 0 0 0 0 0 0 0 0 0 0 0 0 0 0 0 0 0 0 0 0 0 0 0 0 0 0 0 0 0 0 0 0 0 0 0 0 0 0 0 0 0 0 0 0 0 0 0 0 0 0 0 0 0 0 0 0 0 0 0 0 0 0 0 0 0 0 0 0 0 0 0 0 0 0 0 0 0 0 0 0 0 0 0 0 0 0 0 0 0 0 0 0 0 0 0 0 0 0 0 0 0 0 0 0 0 0 0 0 0 0 0 0 0 0 0 0 0 0 0 0 0 0 0 0 0 0 0 0 0 0 0 0 0 0 0 0 0 0 0 0 0 0 0 0 0 0 0 0 0 0 0 0 0 0 0 0 0 0 0 0 0 0 0 0 0 0 0 0 0 0 0 0 0 0 0 0 0 0 0 0 0 0 0 0 0 0 0 0 0 0 0 0 0 0 0 0 0 0 0 0 0 0 0 0 0 0 0 0 0 0 0 0 0 0 0 0 0 0 0 0 0 0 0 0 0 0 0 0 0 0 0 0 0 0 0 0 0 0 0 0 0 0 0 0 0 0 0 0 0 0 0 0 0 0 0 0 0 0 0 0 0 0 0 0 0 0 0 0 0 0 0 0 0 0 0 0 0 0 0 0 0 0 0 0 0 0 0 0 0 0 0 0 0 0 0 0 0 0 0 0 0 0 0 0 0 0 0 0 0 0 0 0 0 0 0 0 0 0 0 0 0 0 0 0 0 0 0 0 0 0 0 0 0 0 0 0 0 0 0 0 0 0 0 0 0 0 0 0 0 0 0 0 0 0 0 0 0 0 0 0 0 0 0 0 0 0 0 0 0 0 0 0 0 0 0 0 0 0 0 0 0 0 0 0 0 0 0 0 0 0 0 0 0 0 0 0 0 0 0 0 0 0 0 0 0 0 0 0 0 0 0 0 0 0 0 0 0 0 0 0 0 0 0 0 0 0 0 0 0 0 0 0 0 0 0 0 0 0 0 0 0 0 0 0 0 0 0 0 0 0 0 0 0 0 0 0 0 0 0 0 0 0 0 0 0 0 0 0 0 0 0 0 0 0 0 0 0 0 0 0 0 0 0 0 0 0 0 0 0 0 0 0 0 0 0 0 0 0 0 0 0 0 0 0 0 0 0 0 0 0 0 0 0 0 0 0 0 0 0 0 0 0 0 0 0 0 0 0 0 0 0 0 0 0 0 0 0 0 0 0 0 0 0 0 0 0 0 0 0 0 0 0 0 0 0 0 0 0 0 0 0 0 0 0 0 0 0 0 0 0 0 0 0 0 0 0 0 0 0 0 0 0 0 0 0 0 0 0 0 0 0 0 0 0 0 0 0 0 0 0 0 0 0 0 0 0 0 0 0 0 0 0 0 0 0 0 0 0 0 0 0 0 0 0 0 0 0 0 0 0 0 0 0 0 0 0 0 0 0 0 0 0 0 0 0 0 0 0 0
ctxt 5579650086
btime 1790630938
processes 1268035
procs_running 10
procs_blocked 0
softirq 4976662624 73526 14771799 2753188 531249284 618322 0 13560709 58317006 421 60351073
--
cpu  4137400 1830 1778631 55859868 644347 0 842285 0 0 0
cpu0 158579 32 52026 1746253 7654 0 28082 0 0 0
cpu1 158728 37 52846 1751133 9463 0 27284 0 0 0
cpu2 164585 37 53137 1745510 9984 0 27456 0 0 0
cpu3 258476 38 77012 1612414 6568 0 44629 0 0 0
cpu4 257125 43 74940 1616738 8027 0 44567 0 0 0
cpu5 168370 43 54763 1738812 11265 0 28321 0 0 0
cpu6 168691 38 54694 1737879 11970 0 29171 0 0 0
cpu7 174521 37 58226 1725903 11784 0 32305 0 0 0
cpu8 42166 69 45670 1830544 25029 0 13941 0 0 0
cpu9 48655 77 49015 1803470 29315 0 15217 0 0 0
cpu10 45951 75 47308 1812683 27180 0 14984 0 0 0
cpu11 41835 71 42987 1835008 25337 0 13299 0 0 0
cpu12 88514 151 53542 1754389 31407 0 16561 0 0 0
cpu13 84685 82 54595 1752559 33275 0 16941 0 0 0
cpu14 41776 68 42534 1838731 23725 0 13059 0 0 0
cpu15 38641 74 39008 1853135 24315 0 11846 0 0 0
cpu16 214968 32 64502 1676436 10617 0 36147 0 0 0
cpu17 202991 30 62470 1688543 13663 0 34521 0 0 0
cpu18 187846 31 60445 1706638 14181 0 33460 0 0 0
cpu19 347389 28 93749 1498944 6205 0 55121 0 0 0
cpu20 309181 27 87141 1544110 9484 0 52341 0 0 0
cpu21 184637 34 59743 1708779 16240 0 32716 0 0 0
cpu22 169833 37 57173 1727276 16410 0 30720 0 0 0
cpu23 146505 36 50954 1763623 16039 0 25613 0 0 0
cpu24 45250 74 44084 1830871 29049 0 14022 0 0 0
cpu25 50721 70 49179 1804334 32019 0 16608 0 0 0
cpu26 48403 66 47964 1811563 30982 0 16129 0 0 0
cpu27 40889 57 42783 1823480 29307 0 21886 0 0 0
cpu28 79980 92 57454 1740406 34971 0 29382 0 0 0
cpu29 83844 128 59591 1728326 35816 0 29964 0 0 0
cpu30 40242 51 44469 1817825 26332 0 21926 0 0 0
cpu31 43411 53 44613 1833540 26718 0 14050 0 0 0
intr 3502527452 126 0 0 0 0 0 0 0 0 1 0 0 0 0 0 0 0 0 0 0 0 0 0 0 0 0 0 1 1 1 0 0 0 0 1 0 1 0 0 75045 0 0 0 0 0 0 0 0 411 0 0 0 0 0 0 0 0 87 0 0 0 0 0 0 0 0 0 0 0 0 0 0 0 593382 2 35068248 35004138 34919786 35066347 0 16495 15661 19366 19528 12053 15301 20013 20966 17605 55701 75692 61719 51481 83277 79130 45511 42510 19856 23050 27477 11374 17623 25892 26166 22437 57704 71364 64724 52294 83112 90333 47115 48101 0 0 0 0 617357 4706 1036 0 264 0 0 0 0 0 0 0 0 0 0 0 0 0 0 0 0 0 0 0 0 0 0 0 0 0 0 0 0 0 0 0 0 0 0 0 0 0 0 0 0 0 0 0 0 0 0 0 0 0 0 0 0 0 0 0 0 0 0 0 0 0 0 0 0 0 0 0 0 0 0 0 0 0 0 0 0 0 0 0 0 0 0 0 0 0 0 0 0 0 0 0 0 0 0 0 0 0 0 0 0 0 0 0 0 0 0 0 0 0 0 0 0 0 0 0 0 0 0 0 0 0 0 0 0 0 0 0 0 0 0 0 0 0 0 0 0 0 0 0 0 0 0 0 0 0 0 0 0 0 0 0 0 0 0 0 0 0 0 0 0 0 0 0 0 0 0 0 0 0 0 0 0 0 0 0 0 0 0 0 0 0 0 0 0 0 0 0 0 0 0 0 0 0 0 0 0 0 0 0 0 0 0 0 0 0 0 0 0 0 0 0 0 0 0 0 0 0 0 0 0 0 0 0 0 0 0 0 0 0 0 0 0 0 0 0 0 0 0 0 0 0 0 0 0 0 0 0 0 0 0 0 0 0 0 0 0 0 0 0 0 0 0 0 0 0 0 0 0 0 0 0 0 0 0 0 0 0 0 0 0 0 0 0 0 0 0 0 0 0 0 0 0 0 0 0 0 0 0 0 0 0 0 0 0 0 0 0 0 0 0 0 0 0 0 0 0 0 0 0 0 0 0 0 0 0 0 0 0 0 0 0 0 0 0 0 0 0 0 0 0 0 0 0 0 0 0 0 0 0 0 0 0 0 0 0 0 0 0 0 0 0 0 0 0 0 0 0 0 0 0 0 0 0 0 0 0 0 0 0 0 0 0 0 0 0 0 0 0 0 0 0 0 0 0 0 0 0 0 0 0 0 0 0 0 0 0 0 0 0 0 0 0 0 0 0 0 0 0 0 0 0 0 0 0 0 0 0 0 0 0 0 0 0 0 0 0 0 0 0 0 0 0 0 0 0 0 0 0 0 0 0 0 0 0 0 0 0 0 0 0 0 0 0 0 0 0 0 0 0 0 0 0 0 0 0 0 0 0 0 0 0 0 0 0 0 0 0 0 0 0 0 0 0 0 0 0 0 0 0 0 0 0 0 0 0 0 0 0 0 0 0 0 0 0 0 0 0 0 0 0 0 0 0 0 0 0 0 0 0 0 0 0 0 0 0 0 0 0 0 0 0 0 0 0 0 0 0 0 0 0 0 0 0 0 0 0 0 0 0 0 0 0 0 0 0 0 0 0 0 0 0 0 0 0 0 0 0 0 0 0 0 0 0 0 0 0 0 0 0 0 0 0 0 0 0 0 0 0 0 0 0 0 0 0 0 0 0 0 0 0 0 0 0 0 0 0 0 0 0 0 0 0 0 0 0 0 0 0 0 0 0 0 0 0 0 0 0 0 0 0 0 0 0 0 0 0 0 0 0 0 0 0 0 0 0 0 0 0 0 0 0 0 0 0 0 0 0 0 0 0 0 0 0 0 0 0 0 0 0 0 0 0 0 0 0 0 0 0 0 0 0 0 0 0 0 0 0 0 0 0 0 0 0 0 0 0 0 0 0 0 0 0 0 0 0 0 0 0 0 0 0 0 0 0 0 0 0 0 0 0 0 0 0 0 0 0 0 0 0 0 0 0 0 0 0 0 0 0 0 0 0 0 0 0 0 0 0 0 0 0 0 0 0 0 0 0 0 0 0 0 0 0 0 0 0 0 0 0 0 0 0 0 0 0 0 0 0 0 0 0 0 0 0 0 0 0 0 0 0 0 0 0 0 0 0 0 0 0 0 0 0 0 0 0 0 0 0 0 0 0 0 0 0 0 0 0 0 0 0 0 0 0 0 0 0 0 0 0 0 0 0 0 0 0 0 0 0 0 0 0 0 0 0 0 0 0 0 0 0 0 0 0 0 0 0 0 0 0 0 0 0 0 0 0 0 0 0 0 0 0 0 0 0 0 0 0 0 0 0 0 0 0 0 0 0 0 0 0 0 0 0 0 0 0 0 0 0 0 0 0 0 0 0 0 0 0 0 0 0 0 0 0 0 0 0 0 0 0 0 0 0 0 0 0 0 0 0 0 0 0 0 0 0 0 0 0 0 0 0 0 0 0 0 0 0 0 0 0 0 0 0 0 0 0 0 0 0 0 0 0 0 0 0 0 0 0 0 0 0 0 0 0 0 0 0 0 0 0 0 0 0 0 0 0 0 0 0 0 0 0 0 0 0 0 0 0 0 0 0 0 0 0 0 0 0 0 0 0 0 0 0 0 0 0 0 0 0 0 0 0 0 0 0 0 0 0 0 0 0 0 0 0 0 0 0 0 0 0 0 0 0 0 0 0 0 0 0 0 0 0 0 0 0 0 0 0 0 0 0 0 0 0 0 0 0 0 0 0 0 0 0 0 0 0 0 0 0 0 0 0 0 0 0 0 0 0 0 0 0 0 0 0
ctxt 5581918271
btime 1790630938
processes 1268112
procs_running 11
procs_blocked 0
softirq 4978969262 73526 14776270 2753188 533515672 618470 0 13560709 58330015 421 60373695
