Running 10s test @ http://127.0.0.1:18500/usleep?ms=10
  16 threads and 1000 connections
  Thread Stats   Avg      Stdev     Max   +/- Stdev
    Latency    10.23ms  233.19us  16.28ms   95.96%
    Req/Sec     6.09k   165.63     6.26k    84.81%
  Latency Distribution
     50%   10.19ms
     75%   10.22ms
     90%   10.30ms
     99%   10.92ms
  972889 requests in 10.10s, 112.27MB read
Requests/sec:  96330.02
Transfer/sec:     11.12MB
## server-stat
cpu  3777618 1680 1696769 50794725 480297 0 812017 0 0 0
cpu0 143009 30 48951 1589200 6264 0 26791 0 0 0
cpu1 144174 35 49849 1592580 7677 0 26058 0 0 0
cpu2 148104 34 50145 1589294 7740 0 26160 0 0 0
cpu3 229281 35 71811 1471754 4987 0 42384 0 0 0
cpu4 230434 39 70198 1472728 6274 0 42543 0 0 0
cpu5 153922 38 51811 1580711 8543 0 27084 0 0 0
cpu6 154963 35 52280 1578816 8731 0 28196 0 0 0
cpu7 161417 33 55532 1567173 8315 0 30866 0 0 0
cpu8 41641 62 44553 1662209 17968 0 13634 0 0 0
cpu9 47843 68 47793 1636809 21812 0 14867 0 0 0
cpu10 45344 68 46120 1645407 19783 0 14664 0 0 0
cpu11 41361 64 41943 1666574 18160 0 13037 0 0 0
cpu12 85020 143 51967 1591191 24011 0 16125 0 0 0
cpu13 81389 75 52949 1590263 25102 0 16485 0 0 0
cpu14 41240 62 41434 1670083 17123 0 12779 0 0 0
cpu15 38247 66 38021 1683958 17441 0 11601 0 0 0
cpu16 190853 29 60581 1528317 8928 0 34482 0 0 0
cpu17 180269 28 58808 1539461 11184 0 33049 0 0 0
cpu18 169097 28 57186 1553741 10893 0 32213 0 0 0
cpu19 307127 27 86820 1370460 5070 0 52590 0 0 0
cpu20 269921 26 80448 1414458 8123 0 49842 0 0 0
cpu21 164550 31 56342 1557706 12608 0 31457 0 0 0
cpu22 152618 34 53772 1573926 12362 0 29308 0 0 0
cpu23 132465 33 48133 1606293 11670 0 24722 0 0 0
cpu24 44606 66 42909 1663256 21095 0 13732 0 0 0
cpu25 49947 66 47882 1637862 23727 0 16244 0 0 0
cpu26 47709 61 46699 1644674 22758 0 15791 0 0 0
cpu27 40315 51 41633 1655807 21166 0 21604 0 0 0
cpu28 77065 85 55746 1577835 26214 0 28897 0 0 0
cpu29 81113 121 57766 1566438 26606 0 29442 0 0 0
cpu30 39683 46 43232 1650184 18926 0 21611 0 0 0
cpu31 42875 46 43440 1665543 19021 0 13745 0 0 0
intr 3358442044 126 0 0 0 0 0 0 0 0 1 0 0 0 0 0 0 0 0 0 0 0 0 0 0 0 0 0 1 1 1 0 0 0 0 1 0 1 0 0 75045 0 0 0 0 0 0 0 0 411 0 0 0 0 0 0 0 0 87 0 0 0 0 0 0 0 0 0 0 0 0 0 0 0 524507 2 35060947 35000006 34914351 35058136 0 15047 13314 16358 15638 9713 12114 15930 16775 13268 46082 62082 49988 42404 64010 61011 37639 34232 16709 18651 22177 9002 14941 20766 20433 17728 44354 56377 52764 41898 64688 67943 38471 39283 0 0 0 0 617237 4556 1036 0 264 0 0 0 0 0 0 0 0 0 0 0 0 0 0 0 0 0 0 0 0 0 0 0 0 0 0 0 0 0 0 0 0 0 0 0 0 0 0 0 0 0 0 0 0 0 0 0 0 0 0 0 0 0 0 0 0 0 0 0 0 0 0 0 0 0 0 0 0 0 0 0 0 0 0 0 0 0 0 0 0 0 0 0 0 0 0 0 0 0 0 0 0 0 0 0 0 0 0 0 0 0 0 0 0 0 0 0 0 0 0 0 0 0 0 0 0 0 0 0 0 0 0 0 0 0 0 0 0 0 0 0 0 0 0 0 0 0 0 0 0 0 0 0 0 0 0 0 0 0 0 0 0 0 0 0 0 0 0 0 0 0 0 0 0 0 0 0 0 0 0 0 0 0 0 0 0 0 0 0 0 0 0 0 0 0 0 0 0 0 0 0 0 0 0 0 0 0 0 0 0 0 0 0 0 0 0 0 0 0 0 0 0 0 0 0 0 0 0 0 0 0 0 0 0 0 0 0 0 0 0 0 0 0 0 0 0 0 0 0 0 0 0 0 0 0 0 0 0 0 0 0 0 0 0 0 0 0 0 0 0 0 0 0 0 0 0 0 0 0 0 0 0 0 0 0 0 0 0 0 0 0 0 0 0 0 0 0 0 0 0 0 0 0 0 0 0 0 0 0 0 0 0 0 0 0 0 0 0 0 0 0 0 0 0 0 0 0 0 0 0 0 0 0 0 0 0 0 0 0 0 0 0 0 0 0 0 0 0 0 0 0 0 0 0 0 0 0 0 0 0 0 0 0 0 0 0 0 0 0 0 0 0 0 0 0 0 0 0 0 0 0 0 0 0 0 0 0 0 0 0 0 0 0 0 0 0 0 0 0 0 0 0 0 0 0 0 0 0 0 0 0 0 0 0 0 0 0 0 0 0 0 0 0 0 0 0 0 0 0 0 0 0 0 0 0 0 0 0 0 0 0 0 0 0 0 0 0 0 0 0 0 0 0 0 0 0 0 0 0 0 0 0 0 0 0 0 0 0 0 0 0 0 0 0 0 0 0 0 0 0 0 0 0 0 0 0 0 0 0 0 0 0 0 0 0 0 0 0 0 0 0 0 0 0 0 0 0 0 0 0 0 0 0 0 0 0 0 0 0 0 0 0 0 0 0 0 0 0 0 0 0 0 0 0 0 0 0 0 0 0 0 0 0 0 0 0 0 0 0 0 0 0 0 0 0 0 0 0 0 0 0 0 0 0 0 0 0 0 0 0 0 0 0 0 0 0 0 0 0 0 0 0 0 0 0 0 0 0 0 0 0 0 0 0 0 0 0 0 0 0 0 0 0 0 0 0 0 0 0 0 0 0 0 0 0 0 0 0 0 0 0 0 0 0 0 0 0 0 0 0 0 0 0 0 0 0 0 0 0 0 0 0 0 0 0 0 0 0 0 0 0 0 0 0 0 0 0 0 0 0 0 0 0 0 0 0 0 0 0 0 0 0 0 0 0 0 0 0 0 0 0 0 0 0 0 0 0 0 0 0 0 0 0 0 0 0 0 0 0 0 0 0 0 0 0 0 0 0 0 0 0 0 0 0 0 0 0 0 0 0 0 0 0 0 0 0 0 0 0 0 0 0 0 0 0 0 0 0 0 0 0 0 0 0 0 0 0 0 0 0 0 0 0 0 0 0 0 0 0 0 0 0 0 0 0 0 0 0 0 0 0 0 0 0 0 0 0 0 0 0 0 0 0 0 0 0 0 0 0 0 0 0 0 0 0 0 0 0 0 0 0 0 0 0 0 0 0 0 0 0 0 0 0 0 0 0 0 0 0 0 0 0 0 0 0 0 0 0 0 0 0 0 0 0 0 0 0 0 0 0 0 0 0 0 0 0 0 0 0 0 0 0 0 0 0 0 0 0 0 0 0 0 0 0 0 0 0 0 0 0 0 0 0 0 0 0 0 0 0 0 0 0 0 0 0 0 0 0 0 0 0 0 0 0 0 0 0 0 0 0 0 0 0 0 0 0 0 0 0 0 0 0 0 0 0 0 0 0 0 0 0 0 0 0 0 0 0 0 0 0 0 0 0 0 0 0 0 0 0 0 0 0 0 0 0 0 0 0 0 0 0 0 0 0 0 0 0 0 0 0 0 0 0 0 0 0 0 0 0 0 0 0 0 0 0 0 0 0 0 0 0 0 0 0 0 0 0 0 0 0 0 0 0 0 0 0 0 0 0 0 0 0 0 0 0 0 0 0 0 0 0 0 0 0 0 0 0 0 0 0 0 0 0 0 0 0 0 0 0 0 0 0 0 0 0 0 0 0 0 0 0 0 0 0 0 0 0 0 0 0 0 0 0 0 0 0 0 0 0 0 0 0 0 0 0 0 0 0 0 0 0 0 0 0 0 0 0 0 0 0 0 0 0 0 0 0 0 0 0 0 0 0 0 0 0 0 0 0 0 0 0 0 0 0 0 0 0 0 0 0 0 0
ctxt 5330015492
btime 1790630938
processes 1005317
procs_running 3
procs_blocked 0
softirq 4786193217 73526 13351184 2753174 355632443 547297 0 13560321 54545921 421 50761634
--
cpu  3778335 1681 1697004 50818601 480312 0 812237 0 0 0
cpu0 143037 30 48959 1589945 6264 0 26800 0 0 0
cpu1 144187 35 49854 1593356 7677 0 26063 0 0 0
cpu2 148110 34 50147 1590083 7740 0 26162 0 0 0
cpu3 229304 35 71816 1472517 4987 0 42389 0 0 0
cpu4 230670 39 70269 1473141 6274 0 42618 0 0 0
cpu5 153923 38 51812 1581508 8543 0 27084 0 0 0
cpu6 154965 35 52280 1579612 8732 0 28196 0 0 0
cpu7 161419 33 55533 1567968 8315 0 30867 0 0 0
cpu8 41642 62 44555 1662983 17968 0 13635 0 0 0
cpu9 47852 68 47794 1637563 21812 0 14868 0 0 0
cpu10 45346 68 46123 1646159 19783 0 14665 0 0 0
cpu11 41362 64 41944 1667330 18160 0 13037 0 0 0
cpu12 85034 143 51973 1591930 24011 0 16127 0 0 0
cpu13 81404 75 52956 1591001 25103 0 16488 0 0 0
cpu14 41241 62 41437 1670842 17123 0 12780 0 0 0
cpu15 38248 66 38024 1684719 17442 0 11602 0 0 0
cpu16 190859 29 60582 1529108 8928 0 34483 0 0 0
cpu17 180269 28 58808 1540259 11184 0 33049 0 0 0
cpu18 169097 28 57186 1554540 10893 0 32213 0 0 0
cpu19 307451 27 86918 1370734 5070 0 52687 0 0 0
cpu20 269943 26 80454 1415222 8123 0 49848 0 0 0
cpu21 164550 31 56342 1558504 12608 0 31457 0 0 0
cpu22 152619 34 53772 1574724 12362 0 29308 0 0 0
cpu23 132466 33 48133 1607090 11670 0 24722 0 0 0
cpu24 44609 66 42910 1664025 21095 0 13733 0 0 0
cpu25 49949 66 47883 1638621 23730 0 16245 0 0 0
cpu26 47710 61 46701 1645444 22758 0 15792 0 0 0
cpu27 40315 51 41634 1656582 21166 0 21605 0 0 0
cpu28 77069 85 55749 1578596 26214 0 28898 0 0 0
cpu29 81113 121 57767 1567196 26606 0 29444 0 0 0
cpu30 39683 46 43233 1650950 18936 0 21612 0 0 0
cpu31 42875 46 43441 1666332 19021 0 13745 0 0 0
intr 3359307514 126 0 0 0 0 0 0 0 0 1 0 0 0 0 0 0 0 0 0 0 0 0 0 0 0 0 0 1 1 1 0 0 0 0 1 0 1 0 0 75045 0 0 0 0 0 0 0 0 411 0 0 0 0 0 0 0 0 87 0 0 0 0 0 0 0 0 0 0 0 0 0 0 0 524645 2 35060988 35000037 34914367 35058168 0 15055 13314 16358 15638 9713 12114 15930 16775 13268 46082 62083 49988 42404 64010 61012 37639 34238 16709 18651 22177 9002 14941 20766 20433 17728 44354 56377 52765 41898 64688 67943 38472 39283 0 0 0 0 617237 4556 1036 0 264 0 0 0 0 0 0 0 0 0 0 0 0 0 0 0 0 0 0 0 0 0 0 0 0 0 0 0 0 0 0 0 0 0 0 0 0 0 0 0 0 0 0 0 0 0 0 0 0 0 0 0 0 0 0 0 0 0 0 0 0 0 0 0 0 0 0 0 0 0 0 0 0 0 0 0 0 0 0 0 0 0 0 0 0 0 0 0 0 0 0 0 0 0 0 0 0 0 0 0 0 0 0 0 0 0 0 0 0 0 0 0 0 0 0 0 0 0 0 0 0 0 0 0 0 0 0 0 0 0 0 0 0 0 0 0 0 0 0 0 0 0 0 0 0 0 0 0 0 0 0 0 0 0 0 0 0 0 0 0 0 0 0 0 0 0 0 0 0 0 0 0 0 0 0 0 0 0 0 0 0 0 0 0 0 0 0 0 0 0 0 0 0 0 0 0 0 0 0 0 0 0 0 0 0 0 0 0 0 0 0 0 0 0 0 0 0 0 0 0 0 0 0 0 0 0 0 0 0 0 0 0 0 0 0 0 0 0 0 0 0 0 0 0 0 0 0 0 0 0 0 0 0 0 0 0 0 0 0 0 0 0 0 0 0 0 0 0 0 0 0 0 0 0 0 0 0 0 0 0 0 0 0 0 0 0 0 0 0 0 0 0 0 0 0 0 0 0 0 0 0 0 0 0 0 0 0 0 0 0 0 0 0 0 0 0 0 0 0 0 0 0 0 0 0 0 0 0 0 0 0 0 0 0 0 0 0 0 0 0 0 0 0 0 0 0 0 0 0 0 0 0 0 0 0 0 0 0 0 0 0 0 0 0 0 0 0 0 0 0 0 0 0 0 0 0 0 0 0 0 0 0 0 0 0 0 0 0 0 0 0 0 0 0 0 0 0 0 0 0 0 0 0 0 0 0 0 0 0 0 0 0 0 0 0 0 0 0 0 0 0 0 0 0 0 0 0 0 0 0 0 0 0 0 0 0 0 0 0 0 0 0 0 0 0 0 0 0 0 0 0 0 0 0 0 0 0 0 0 0 0 0 0 0 0 0 0 0 0 0 0 0 0 0 0 0 0 0 0 0 0 0 0 0 0 0 0 0 0 0 0 0 0 0 0 0 0 0 0 0 0 0 0 0 0 0 0 0 0 0 0 0 0 0 0 0 0 0 0 0 0 0 0 0 0 0 0 0 0 0 0 0 0 0 0 0 0 0 0 0 0 0 0 0 0 0 0 0 0 0 0 0 0 0 0 0 0 0 0 0 0 0 0 0 0 0 0 0 0 0 0 0 0 0 0 0 0 0 0 0 0 0 0 0 0 0 0 0 0 0 0 0 0 0 0 0 0 0 0 0 0 0 0 0 0 0 0 0 0 0 0 0 0 0 0 0 0 0 0 0 0 0 0 0 0 0 0 0 0 0 0 0 0 0 0 0 0 0 0 0 0 0 0 0 0 0 0 0 0 0 0 0 0 0 0 0 0 0 0 0 0 0 0 0 0 0 0 0 0 0 0 0 0 0 0 0 0 0 0 0 0 0 0 0 0 0 0 0 0 0 0 0 0 0 0 0 0 0 0 0 0 0 0 0 0 0 0 0 0 0 0 0 0 0 0 0 0 0 0 0 0 0 0 0 0 0 0 0 0 0 0 0 0 0 0 0 0 0 0 0 0 0 0 0 0 0 0 0 0 0 0 0 0 0 0 0 0 0 0 0 0 0 0 0 0 0 0 0 0 0 0 0 0 0 0 0 0 0 0 0 0 0 0 0 0 0 0 0 0 0 0 0 0 0 0 0 0 0 0 0 0 0 0 0 0 0 0 0 0 0 0 0 0 0 0 0 0 0 0 0 0 0 0 0 0 0 0 0 0 0 0 0 0 0 0 0 0 0 0 0 0 0 0 0 0 0 0 0 0 0 0 0 0 0 0 0 0 0 0 0 0 0 0 0 0 0 0 0 0 0 0 0 0 0 0 0 0 0 0 0 0 0 0 0 0 0 0 0 0 0 0 0 0 0 0 0 0 0 0 0 0 0 0 0 0 0 0 0 0 0 0 0 0 0 0 0 0 0 0 0 0 0 0 0 0 0 0 0 0 0 0 0 0 0 0 0 0 0 0 0 0 0 0 0 0 0 0 0 0 0 0 0 0 0 0 0 0 0 0 0 0 0 0 0 0 0 0 0 0 0 0 0 0 0 0 0 0 0 0 0 0 0 0 0 0 0 0 0 0 0 0 0 0 0 0 0 0 0 0 0 0 0 0 0 0 0 0 0 0 0 0 0 0 0 0 0 0 0 0 0 0 0 0 0 0 0 0 0 0 0 0 0 0 0 0 0 0 0 0 0 0 0 0 0 0 0 0 0 0 0 0 0 0 0 0 0 0 0 0 0 0 0 0 0 0 0 0 0 0 0 0 0 0 0 0 0 0 0 0 0 0 0 0 0 0 0 0 0 0 0 0 0 0 0 0 0 0 0 0 0 0 0 0
ctxt 5331670593
btime 1790630938
processes 1005394
procs_running 3
procs_blocked 0
softirq 4787775726 73526 13354114 2753174 357186624 547446 0 13560321 54562591 421 50770213
