Running 10s test @ http://127.0.0.1:18500/json
  16 threads and 32 connections
  Thread Stats   Avg      Stdev     Max   +/- Stdev
    Latency     5.86ms  736.20us   7.87ms   59.72%
    Req/Sec   343.07     26.99   414.00     66.50%
  Latency Distribution
     50%    5.82ms
     75%    6.58ms
     90%    6.61ms
     99%    6.66ms
  54654 requests in 10.01s, 11.15MB read
Requests/sec:   5460.65
Transfer/sec:      1.11MB
## server-stat
cpu  3829806 1727 1710947 52616626 481933 0 817687 0 0 0
cpu0 144271 31 49296 1646497 6285 0 27075 0 0 0
cpu1 144961 35 50164 1650755 7679 0 26201 0 0 0
cpu2 148688 35 50433 1647774 7741 0 26275 0 0 0
cpu3 236941 36 73173 1521334 4990 0 43179 0 0 0
cpu4 238768 41 71819 1521186 6298 0 43585 0 0 0
cpu5 154490 40 52110 1639240 8545 0 27180 0 0 0
cpu6 155404 36 52551 1637555 8734 0 28276 0 0 0
cpu7 161808 34 55780 1626054 8320 0 30930 0 0 0
cpu8 41783 64 44732 1720993 17973 0 13663 0 0 0
cpu9 48070 71 48015 1694697 22060 0 14914 0 0 0
cpu10 45503 71 46320 1703756 19788 0 14705 0 0 0
cpu11 41495 66 42116 1725247 18167 0 13064 0 0 0
cpu12 86364 146 52317 1647817 24088 0 16204 0 0 0
cpu13 82551 77 53321 1646775 25373 0 16567 0 0 0
cpu14 41390 64 41629 1728432 17233 0 12817 0 0 0
cpu15 38345 69 38203 1742733 17453 0 11629 0 0 0
cpu16 191872 30 60895 1586409 8930 0 34579 0 0 0
cpu17 180971 29 59105 1597853 11186 0 33135 0 0 0
cpu18 169663 29 57483 1612310 10897 0 32299 0 0 0
cpu19 319521 27 89099 1414108 5071 0 53728 0 0 0
cpu20 280371 27 82297 1460862 8126 0 50631 0 0 0
cpu21 165071 32 56635 1616298 12634 0 31541 0 0 0
cpu22 153051 35 54049 1632703 12362 0 29376 0 0 0
cpu23 132862 34 48386 1665168 11671 0 24782 0 0 0
cpu24 44765 68 43109 1722072 21112 0 13763 0 0 0
cpu25 50142 67 48084 1696501 23760 0 16279 0 0 0
cpu26 47873 61 46888 1703468 22807 0 15819 0 0 0
cpu27 40449 52 41818 1714834 21181 0 21626 0 0 0
cpu28 77784 86 56002 1635598 26412 0 28946 0 0 0
cpu29 81761 122 58036 1623940 27003 0 29501 0 0 0
cpu30 39802 47 43447 1709004 18999 0 21639 0 0 0
cpu31 43002 48 43622 1724637 19037 0 13767 0 0 0
intr 3395249210 126 0 0 0 0 0 0 0 0 1 0 0 0 0 0 0 0 0 0 0 0 0 0 0 0 0 0 1 1 1 0 0 0 0 1 0 1 0 0 75045 0 0 0 0 0 0 0 0 411 0 0 0 0 0 0 0 0 87 0 0 0 0 0 0 0 0 0 0 0 0 0 0 0 540176 2 35063923 35001539 34917137 35061169 0 15528 13322 16363 15639 9727 12126 15965 16779 13276 46180 62144 50014 42421 64040 61045 37699 34331 17012 18720 22193 9006 14976 20777 20438 17732 44407 56524 52795 41963 65244 67963 38907 39287 0 0 0 0 617277 4605 1036 0 264 0 0 0 0 0 0 0 0 0 0 0 0 0 0 0 0 0 0 0 0 0 0 0 0 0 0 0 0 0 0 0 0 0 0 0 0 0 0 0 0 0 0 0 0 0 0 0 0 0 0 0 0 0 0 0 0 0 0 0 0 0 0 0 0 0 0 0 0 0 0 0 0 0 0 0 0 0 0 0 0 0 0 0 0 0 0 0 0 0 0 0 0 0 0 0 0 0 0 0 0 0 0 0 0 0 0 0 0 0 0 0 0 0 0 0 0 0 0 0 0 0 0 0 0 0 0 0 0 0 0 0 0 0 0 0 0 0 0 0 0 0 0 0 0 0 0 0 0 0 0 0 0 0 0 0 0 0 0 0 0 0 0 0 0 0 0 0 0 0 0 0 0 0 0 0 0 0 0 0 0 0 0 0 0 0 0 0 0 0 0 0 0 0 0 0 0 0 0 0 0 0 0 0 0 0 0 0 0 0 0 0 0 0 0 0 0 0 0 0 0 0 0 0 0 0 0 0 0 0 0 0 0 0 0 0 0 0 0 0 0 0 0 0 0 0 0 0 0 0 0 0 0 0 0 0 0 0 0 0 0 0 0 0 0 0 0 0 0 0 0 0 0 0 0 0 0 0 0 0 0 0 0 0 0 0 0 0 0 0 0 0 0 0 0 0 0 0 0 0 0 0 0 0 0 0 0 0 0 0 0 0 0 0 0 0 0 0 0 0 0 0 0 0 0 0 0 0 0 0 0 0 0 0 0 0 0 0 0 0 0 0 0 0 0 0 0 0 0 0 0 0 0 0 0 0 0 0 0 0 0 0 0 0 0 0 0 0 0 0 0 0 0 0 0 0 0 0 0 0 0 0 0 0 0 0 0 0 0 0 0 0 0 0 0 0 0 0 0 0 0 0 0 0 0 0 0 0 0 0 0 0 0 0 0 0 0 0 0 0 0 0 0 0 0 0 0 0 0 0 0 0 0 0 0 0 0 0 0 0 0 0 0 0 0 0 0 0 0 0 0 0 0 0 0 0 0 0 0 0 0 0 0 0 0 0 0 0 0 0 0 0 0 0 0 0 0 0 0 0 0 0 0 0 0 0 0 0 0 0 0 0 0 0 0 0 0 0 0 0 0 0 0 0 0 0 0 0 0 0 0 0 0 0 0 0 0 0 0 0 0 0 0 0 0 0 0 0 0 0 0 0 0 0 0 0 0 0 0 0 0 0 0 0 0 0 0 0 0 0 0 0 0 0 0 0 0 0 0 0 0 0 0 0 0 0 0 0 0 0 0 0 0 0 0 0 0 0 0 0 0 0 0 0 0 0 0 0 0 0 0 0 0 0 0 0 0 0 0 0 0 0 0 0 0 0 0 0 0 0 0 0 0 0 0 0 0 0 0 0 0 0 0 0 0 0 0 0 0 0 0 0 0 0 0 0 0 0 0 0 0 0 0 0 0 0 0 0 0 0 0 0 0 0 0 0 0 0 0 0 0 0 0 0 0 0 0 0 0 0 0 0 0 0 0 0 0 0 0 0 0 0 0 0 0 0 0 0 0 0 0 0 0 0 0 0 0 0 0 0 0 0 0 0 0 0 0 0 0 0 0 0 0 0 0 0 0 0 0 0 0 0 0 0 0 0 0 0 0 0 0 0 0 0 0 0 0 0 0 0 0 0 0 0 0 0 0 0 0 0 0 0 0 0 0 0 0 0 0 0 0 0 0 0 0 0 0 0 0 0 0 0 0 0 0 0 0 0 0 0 0 0 0 0 0 0 0 0 0 0 0 0 0 0 0 0 0 0 0 0 0 0 0 0 0 0 0 0 0 0 0 0 0 0 0 0 0 0 0 0 0 0 0 0 0 0 0 0 0 0 0 0 0 0 0 0 0 0 0 0 0 0 0 0 0 0 0 0 0 0 0 0 0 0 0 0 0 0 0 0 0 0 0 0 0 0 0 0 0 0 0 0 0 0 0 0 0 0 0 0 0 0 0 0 0 0 0 0 0 0 0 0 0 0 0 0 0 0 0 0 0 0 0 0 0 0 0 0 0 0 0 0 0 0 0 0 0 0 0 0 0 0 0 0 0 0 0 0 0 0 0 0 0 0 0 0 0 0 0 0 0 0 0 0 0 0 0 0 0 0 0 0 0 0 0 0 0 0 0 0 0 0 0 0 0 0 0 0 0 0 0 0 0 0 0 0 0 0 0 0 0 0 0 0 0 0 0 0 0 0 0 0 0 0 0 0 0 0 0 0 0 0 0 0 0 0 0 0 0 0 0 0 0 0 0 0 0 0 0 0 0 0 0 0 0 0 0 0 0 0 0 0 0 0 0 0 0 0 0 0 0 0 0 0 0 0 0 0 0 0 0 0 0 0 0 0 0 0 0 0 0 0 0 0 0 0 0 0 0 0 0 0 0 0 0 0 0 0 0 0 0 0 0 0 0 0 0 0 0 0 0 0 0 0 0 0 0 0 0 0 0 0 0
ctxt 5396352154
btime 1790630938
processes 1075876
procs_running 3
procs_blocked 0
softirq 4830356103 73526 13664299 2753177 396631555 563711 0 13560433 55410023 421 52731662
--
cpu  3831343 1727 1711058 52640475 481947 0 817709 0 0 0
cpu0 144272 31 49296 1647288 6285 0 27075 0 0 0
cpu1 144961 35 50164 1651555 7679 0 26201 0 0 0
cpu2 148689 35 50433 1648572 7741 0 26275 0 0 0
cpu3 237395 36 73203 1521645 4990 0 43185 0 0 0
cpu4 239369 41 71859 1521338 6298 0 43593 0 0 0
cpu5 154490 40 52110 1640040 8545 0 27180 0 0 0
cpu6 155404 36 52551 1638355 8734 0 28276 0 0 0
cpu7 161808 34 55780 1626853 8320 0 30930 0 0 0
cpu8 41784 64 44732 1721790 17973 0 13663 0 0 0
cpu9 48074 71 48016 1695486 22062 0 14914 0 0 0
cpu10 45504 71 46320 1704548 19788 0 14705 0 0 0
cpu11 41497 66 42116 1726040 18167 0 13064 0 0 0
cpu12 86397 146 52320 1648567 24099 0 16204 0 0 0
cpu13 82563 77 53324 1647557 25373 0 16567 0 0 0
cpu14 41394 64 41629 1729226 17234 0 12817 0 0 0
cpu15 38345 69 38204 1743529 17453 0 11629 0 0 0
cpu16 191872 30 60895 1587209 8930 0 34579 0 0 0
cpu17 180971 29 59105 1598652 11186 0 33135 0 0 0
cpu18 169663 29 57483 1613110 10897 0 32299 0 0 0
cpu19 319804 27 89120 1414600 5071 0 53733 0 0 0
cpu20 280511 27 82307 1461510 8126 0 50633 0 0 0
cpu21 165071 32 56635 1617098 12634 0 31541 0 0 0
cpu22 153051 35 54049 1633503 12362 0 29376 0 0 0
cpu23 132862 34 48386 1665968 11671 0 24782 0 0 0
cpu24 44765 68 43109 1722862 21112 0 13763 0 0 0
cpu25 50142 67 48084 1697299 23760 0 16279 0 0 0
cpu26 47873 61 46889 1704265 22807 0 15819 0 0 0
cpu27 40449 53 41818 1715630 21182 0 21626 0 0 0
cpu28 77784 86 56002 1636394 26412 0 28946 0 0 0
cpu29 81761 122 58037 1624736 27003 0 29501 0 0 0
cpu30 39803 47 43447 1709798 19000 0 21639 0 0 0
cpu31 43002 48 43622 1725435 19037 0 13767 0 0 0
intr 3395402052 126 0 0 0 0 0 0 0 0 1 0 0 0 0 0 0 0 0 0 0 0 0 0 0 0 0 0 1 1 1 0 0 0 0 1 0 1 0 0 75045 0 0 0 0 0 0 0 0 411 0 0 0 0 0 0 0 0 87 0 0 0 0 0 0 0 0 0 0 0 0 0 0 0 540317 2 35063946 35001544 34917175 35061207 0 15536 13322 16364 15639 9727 12126 15965 16779 13276 46181 62145 50014 42421 64040 61047 37700 34331 17012 18720 22193 9006 14976 20777 20439 17732 44407 56524 52795 41965 65253 67965 38907 39287 0 0 0 0 617277 4605 1036 0 264 0 0 0 0 0 0 0 0 0 0 0 0 0 0 0 0 0 0 0 0 0 0 0 0 0 0 0 0 0 0 0 0 0 0 0 0 0 0 0 0 0 0 0 0 0 0 0 0 0 0 0 0 0 0 0 0 0 0 0 0 0 0 0 0 0 0 0 0 0 0 0 0 0 0 0 0 0 0 0 0 0 0 0 0 0 0 0 0 0 0 0 0 0 0 0 0 0 0 0 0 0 0 0 0 0 0 0 0 0 0 0 0 0 0 0 0 0 0 0 0 0 0 0 0 0 0 0 0 0 0 0 0 0 0 0 0 0 0 0 0 0 0 0 0 0 0 0 0 0 0 0 0 0 0 0 0 0 0 0 0 0 0 0 0 0 0 0 0 0 0 0 0 0 0 0 0 0 0 0 0 0 0 0 0 0 0 0 0 0 0 0 0 0 0 0 0 0 0 0 0 0 0 0 0 0 0 0 0 0 0 0 0 0 0 0 0 0 0 0 0 0 0 0 0 0 0 0 0 0 0 0 0 0 0 0 0 0 0 0 0 0 0 0 0 0 0 0 0 0 0 0 0 0 0 0 0 0 0 0 0 0 0 0 0 0 0 0 0 0 0 0 0 0 0 0 0 0 0 0 0 0 0 0 0 0 0 0 0 0 0 0 0 0 0 0 0 0 0 0 0 0 0 0 0 0 0 0 0 0 0 0 0 0 0 0 0 0 0 0 0 0 0 0 0 0 0 0 0 0 0 0 0 0 0 0 0 0 0 0 0 0 0 0 0 0 0 0 0 0 0 0 0 0 0 0 0 0 0 0 0 0 0 0 0 0 0 0 0 0 0 0 0 0 0 0 0 0 0 0 0 0 0 0 0 0 0 0 0 0 0 0 0 0 0 0 0 0 0 0 0 0 0 0 0 0 0 0 0 0 0 0 0 0 0 0 0 0 0 0 0 0 0 0 0 0 0 0 0 0 0 0 0 0 0 0 0 0 0 0 0 0 0 0 0 0 0 0 0 0 0 0 0 0 0 0 0 0 0 0 0 0 0 0 0 0 0 0 0 0 0 0 0 0 0 0 0 0 0 0 0 0 0 0 0 0 0 0 0 0 0 0 0 0 0 0 0 0 0 0 0 0 0 0 0 0 0 0 0 0 0 0 0 0 0 0 0 0 0 0 0 0 0 0 0 0 0 0 0 0 0 0 0 0 0 0 0 0 0 0 0 0 0 0 0 0 0 0 0 0 0 0 0 0 0 0 0 0 0 0 0 0 0 0 0 0 0 0 0 0 0 0 0 0 0 0 0 0 0 0 0 0 0 0 0 0 0 0 0 0 0 0 0 0 0 0 0 0 0 0 0 0 0 0 0 0 0 0 0 0 0 0 0 0 0 0 0 0 0 0 0 0 0 0 0 0 0 0 0 0 0 0 0 0 0 0 0 0 0 0 0 0 0 0 0 0 0 0 0 0 0 0 0 0 0 0 0 0 0 0 0 0 0 0 0 0 0 0 0 0 0 0 0 0 0 0 0 0 0 0 0 0 0 0 0 0 0 0 0 0 0 0 0 0 0 0 0 0 0 0 0 0 0 0 0 0 0 0 0 0 0 0 0 0 0 0 0 0 0 0 0 0 0 0 0 0 0 0 0 0 0 0 0 0 0 0 0 0 0 0 0 0 0 0 0 0 0 0 0 0 0 0 0 0 0 0 0 0 0 0 0 0 0 0 0 0 0 0 0 0 0 0 0 0 0 0 0 0 0 0 0 0 0 0 0 0 0 0 0 0 0 0 0 0 0 0 0 0 0 0 0 0 0 0 0 0 0 0 0 0 0 0 0 0 0 0 0 0 0 0 0 0 0 0 0 0 0 0 0 0 0 0 0 0 0 0 0 0 0 0 0 0 0 0 0 0 0 0 0 0 0 0 0 0 0 0 0 0 0 0 0 0 0 0 0 0 0 0 0 0 0 0 0 0 0 0 0 0 0 0 0 0 0 0 0 0 0 0 0 0 0 0 0 0 0 0 0 0 0 0 0 0 0 0 0 0 0 0 0 0 0 0 0 0 0 0 0 0 0 0 0 0 0 0 0 0 0 0 0 0 0 0 0 0 0 0 0 0 0 0 0 0 0 0 0 0 0 0 0 0 0 0 0 0 0 0 0 0 0 0 0 0 0 0 0 0 0 0 0 0 0 0 0 0 0 0 0 0 0 0 0 0 0 0 0 0 0 0 0 0 0 0 0 0 0 0 0 0 0 0 0 0 0 0 0 0 0 0 0 0 0 0 0 0 0 0 0 0 0 0 0 0 0 0 0 0 0 0 0 0 0 0 0 0 0 0 0 0 0 0 0 0 0 0 0 0 0 0 0 0 0 0 0 0 0 0 0 0 0 0 0 0 0 0 0 0 0 0 0 0 0 0 0 0 0 0 0 0 0 0 0 0 0 0 0 0 0 0 0 0 0 0 0 0 0 0 0 0 0 0 0 0 0
ctxt 5396566385
btime 1790630938
processes 1075954
procs_running 3
procs_blocked 0
softirq 4830463672 73526 13666759 2753177 396719161 563861 0 13560433 55420257 421 52738781
