Running 10s test @ http://127.0.0.1:18500/usleep?ms=10
  16 threads and 1000 connections
  Thread Stats   Avg      Stdev     Max   +/- Stdev
    Latency     7.37s     1.49s    9.95s    57.45%
    Req/Sec    24.96     22.40   202.00     84.41%
  Latency Distribution
     50%    7.37s 
     75%    8.66s 
     90%    9.44s 
     99%    9.90s 
  1020 requests in 10.10s, 206.19KB read
Requests/sec:    101.01
Transfer/sec:     20.42KB
## server-stat
cpu  3771747 1671 1694768 50469145 467374 0 811056 0 0 0
cpu0 142971 30 48921 1578629 6039 0 26777 0 0 0
cpu1 144156 35 49825 1581993 7387 0 26056 0 0 0
cpu2 148082 34 50123 1578671 7485 0 26158 0 0 0
cpu3 228349 34 71558 1462379 4814 0 42195 0 0 0
cpu4 229303 39 69858 1463844 6006 0 42241 0 0 0
cpu5 153908 38 51786 1570152 8220 0 27083 0 0 0
cpu6 154953 34 52256 1568195 8463 0 28196 0 0 0
cpu7 161406 32 55510 1556564 8032 0 30866 0 0 0
cpu8 41611 61 44525 1651854 17553 0 13633 0 0 0
cpu9 47802 68 47755 1626587 21411 0 14863 0 0 0
cpu10 45314 68 46089 1635117 19405 0 14661 0 0 0
cpu11 41336 63 41916 1656184 17788 0 13035 0 0 0
cpu12 84819 143 51916 1581217 23552 0 16118 0 0 0
cpu13 81117 75 52886 1580456 24619 0 16478 0 0 0
cpu14 41218 62 41406 1659789 16737 0 12777 0 0 0
cpu15 38233 65 37995 1673505 17130 0 11600 0 0 0
cpu16 190817 29 60554 1517844 8540 0 34480 0 0 0
cpu17 180240 28 58780 1529020 10757 0 33049 0 0 0
cpu18 169078 28 57156 1543305 10455 0 32212 0 0 0
cpu19 305497 27 86446 1362139 4749 0 52311 0 0 0
cpu20 268981 26 80291 1405199 7675 0 49718 0 0 0
cpu21 164529 31 56315 1547300 12139 0 31457 0 0 0
cpu22 152605 34 53744 1563483 11923 0 29308 0 0 0
cpu23 132451 33 48107 1595810 11270 0 24721 0 0 0
cpu24 44581 65 42879 1652967 20584 0 13731 0 0 0
cpu25 49916 66 47850 1627699 23130 0 16242 0 0 0
cpu26 47687 60 46670 1634447 22190 0 15790 0 0 0
cpu27 40290 51 41599 1645484 20657 0 21603 0 0 0
cpu28 76956 85 55701 1567882 25537 0 28894 0 0 0
cpu29 81008 120 57727 1556402 26068 0 29436 0 0 0
cpu30 39664 46 43198 1639793 18537 0 21610 0 0 0
cpu31 42855 46 43415 1655218 18511 0 13744 0 0 0
intr 3353116335 126 0 0 0 0 0 0 0 0 1 0 0 0 0 0 0 0 0 0 0 0 0 0 0 0 0 0 1 1 1 0 0 0 0 1 0 1 0 0 75045 0 0 0 0 0 0 0 0 411 0 0 0 0 0 0 0 0 87 0 0 0 0 0 0 0 0 0 0 0 0 0 0 0 521476 2 35060297 34999515 34914114 35057473 0 14963 13045 16051 15320 9505 11803 15608 16511 12981 45574 61461 49373 41984 63314 60316 37183 33800 16259 18242 21659 8776 14485 20357 20085 17373 43850 55527 52083 41387 62485 67056 37998 38842 0 0 0 0 617229 4545 1036 0 264 0 0 0 0 0 0 0 0 0 0 0 0 0 0 0 0 0 0 0 0 0 0 0 0 0 0 0 0 0 0 0 0 0 0 0 0 0 0 0 0 0 0 0 0 0 0 0 0 0 0 0 0 0 0 0 0 0 0 0 0 0 0 0 0 0 0 0 0 0 0 0 0 0 0 0 0 0 0 0 0 0 0 0 0 0 0 0 0 0 0 0 0 0 0 0 0 0 0 0 0 0 0 0 0 0 0 0 0 0 0 0 0 0 0 0 0 0 0 0 0 0 0 0 0 0 0 0 0 0 0 0 0 0 0 0 0 0 0 0 0 0 0 0 0 0 0 0 0 0 0 0 0 0 0 0 0 0 0 0 0 0 0 0 0 0 0 0 0 0 0 0 0 0 0 0 0 0 0 0 0 0 0 0 0 0 0 0 0 0 0 0 0 0 0 0 0 0 0 0 0 0 0 0 0 0 0 0 0 0 0 0 0 0 0 0 0 0 0 0 0 0 0 0 0 0 0 0 0 0 0 0 0 0 0 0 0 0 0 0 0 0 0 0 0 0 0 0 0 0 0 0 0 0 0 0 0 0 0 0 0 0 0 0 0 0 0 0 0 0 0 0 0 0 0 0 0 0 0 0 0 0 0 0 0 0 0 0 0 0 0 0 0 0 0 0 0 0 0 0 0 0 0 0 0 0 0 0 0 0 0 0 0 0 0 0 0 0 0 0 0 0 0 0 0 0 0 0 0 0 0 0 0 0 0 0 0 0 0 0 0 0 0 0 0 0 0 0 0 0 0 0 0 0 0 0 0 0 0 0 0 0 0 0 0 0 0 0 0 0 0 0 0 0 0 0 0 0 0 0 0 0 0 0 0 0 0 0 0 0 0 0 0 0 0 0 0 0 0 0 0 0 0 0 0 0 0 0 0 0 0 0 0 0 0 0 0 0 0 0 0 0 0 0 0 0 0 0 0 0 0 0 0 0 0 0 0 0 0 0 0 0 0 0 0 0 0 0 0 0 0 0 0 0 0 0 0 0 0 0 0 0 0 0 0 0 0 0 0 0 0 0 0 0 0 0 0 0 0 0 0 0 0 0 0 0 0 0 0 0 0 0 0 0 0 0 0 0 0 0 0 0 0 0 0 0 0 0 0 0 0 0 0 0 0 0 0 0 0 0 0 0 0 0 0 0 0 0 0 0 0 0 0 0 0 0 0 0 0 0 0 0 0 0 0 0 0 0 0 0 0 0 0 0 0 0 0 0 0 0 0 0 0 0 0 0 0 0 0 0 0 0 0 0 0 0 0 0 0 0 0 0 0 0 0 0 0 0 0 0 0 0 0 0 0 0 0 0 0 0 0 0 0 0 0 0 0 0 0 0 0 0 0 0 0 0 0 0 0 0 0 0 0 0 0 0 0 0 0 0 0 0 0 0 0 0 0 0 0 0 0 0 0 0 0 0 0 0 0 0 0 0 0 0 0 0 0 0 0 0 0 0 0 0 0 0 0 0 0 0 0 0 0 0 0 0 0 0 0 0 0 0 0 0 0 0 0 0 0 0 0 0 0 0 0 0 0 0 0 0 0 0 0 0 0 0 0 0 0 0 0 0 0 0 0 0 0 0 0 0 0 0 0 0 0 0 0 0 0 0 0 0 0 0 0 0 0 0 0 0 0 0 0 0 0 0 0 0 0 0 0 0 0 0 0 0 0 0 0 0 0 0 0 0 0 0 0 0 0 0 0 0 0 0 0 0 0 0 0 0 0 0 0 0 0 0 0 0 0 0 0 0 0 0 0 0 0 0 0 0 0 0 0 0 0 0 0 0 0 0 0 0 0 0 0 0 0 0 0 0 0 0 0 0 0 0 0 0 0 0 0 0 0 0 0 0 0 0 0 0 0 0 0 0 0 0 0 0 0 0 0 0 0 0 0 0 0 0 0 0 0 0 0 0 0 0 0 0 0 0 0 0 0 0 0 0 0 0 0 0 0 0 0 0 0 0 0 0 0 0 0 0 0 0 0 0 0 0 0 0 0 0 0 0 0 0 0 0 0 0 0 0 0 0 0 0 0 0 0 0 0 0 0 0 0 0 0 0 0 0 0 0 0 0 0 0 0 0 0 0 0 0 0 0 0 0 0 0 0 0 0 0 0 0 0 0 0 0 0 0 0 0 0 0 0 0 0 0 0 0 0 0 0 0 0 0 0 0 0 0 0 0 0 0 0 0 0 0 0 0 0 0 0 0 0 0 0 0 0 0 0 0 0 0 0 0 0 0 0 0 0 0 0 0 0 0 0 0 0 0 0 0 0 0 0 0 0 0 0 0 0 0 0 0 0 0 0 0 0 0 0 0 0 0 0 0 0 0 0 0 0 0 0 0 0 0 0 0 0 0 0 0 0 0 0 0 0 0 0 0 0 0 0 0 0 0 0 0 0 0 0 0 0 0 0 0 0 0 0 0 0 0 0 0 0 0 0 0 0 0 0 0 0
ctxt 5320441037
btime 1790630938
processes 993454
procs_running 1
procs_blocked 1
softirq 4778643244 73526 13303677 2753173 348429963 544124 0 13560297 54432431 421 50578336
--
cpu  3771838 1672 1694778 50494593 467381 0 811059 0 0 0
cpu0 142972 30 48921 1579425 6039 0 26777 0 0 0
cpu1 144156 35 49825 1582790 7387 0 26056 0 0 0
cpu2 148083 34 50123 1579469 7485 0 26158 0 0 0
cpu3 228358 34 71558 1463168 4814 0 42195 0 0 0
cpu4 229309 39 69858 1464635 6006 0 42241 0 0 0
cpu5 153908 38 51786 1570949 8220 0 27083 0 0 0
cpu6 154953 34 52256 1568992 8463 0 28196 0 0 0
cpu7 161406 33 55510 1557363 8032 0 30866 0 0 0
cpu8 41613 61 44525 1652651 17553 0 13633 0 0 0
cpu9 47805 68 47755 1627383 21411 0 14863 0 0 0
cpu10 45318 68 46089 1635907 19409 0 14661 0 0 0
cpu11 41339 63 41917 1656980 17788 0 13035 0 0 0
cpu12 84827 143 51916 1582006 23552 0 16118 0 0 0
cpu13 81156 75 52888 1581211 24620 0 16478 0 0 0
cpu14 41219 62 41407 1660587 16737 0 12777 0 0 0
cpu15 38233 65 37995 1674305 17130 0 11600 0 0 0
cpu16 190817 29 60555 1518642 8540 0 34480 0 0 0
cpu17 180241 28 58780 1529818 10757 0 33049 0 0 0
cpu18 169078 28 57156 1544104 10455 0 32212 0 0 0
cpu19 305499 27 86446 1362937 4749 0 52311 0 0 0
cpu20 268983 26 80291 1405995 7675 0 49718 0 0 0
cpu21 164529 31 56316 1548098 12139 0 31457 0 0 0
cpu22 152606 34 53744 1564281 11923 0 29308 0 0 0
cpu23 132452 33 48107 1596608 11270 0 24721 0 0 0
cpu24 44583 65 42879 1653765 20584 0 13731 0 0 0
cpu25 49918 66 47850 1628496 23130 0 16242 0 0 0
cpu26 47687 60 46670 1635246 22190 0 15790 0 0 0
cpu27 40290 51 41599 1646283 20657 0 21603 0 0 0
cpu28 76956 85 55701 1568679 25538 0 28894 0 0 0
cpu29 81009 120 57728 1557199 26068 0 29437 0 0 0
cpu30 39664 46 43198 1640591 18537 0 21610 0 0 0
cpu31 42857 46 43415 1656015 18511 0 13744 0 0 0
intr 3353254783 126 0 0 0 0 0 0 0 0 1 0 0 0 0 0 0 0 0 0 0 0 0 0 0 0 0 0 1 1 1 0 0 0 0 1 0 1 0 0 75045 0 0 0 0 0 0 0 0 411 0 0 0 0 0 0 0 0 87 0 0 0 0 0 0 0 0 0 0 0 0 0 0 0 521479 2 35060342 34999562 34914131 35057521 0 14967 13045 16051 15320 9506 11803 15608 16511 12981 45574 61461 49373 41984 63314 60316 37183 33800 16259 18242 21659 8776 14485 20357 20085 17373 43850 55527 52083 41390 63668 67056 37998 38842 0 0 0 0 617229 4545 1036 0 264 0 0 0 0 0 0 0 0 0 0 0 0 0 0 0 0 0 0 0 0 0 0 0 0 0 0 0 0 0 0 0 0 0 0 0 0 0 0 0 0 0 0 0 0 0 0 0 0 0 0 0 0 0 0 0 0 0 0 0 0 0 0 0 0 0 0 0 0 0 0 0 0 0 0 0 0 0 0 0 0 0 0 0 0 0 0 0 0 0 0 0 0 0 0 0 0 0 0 0 0 0 0 0 0 0 0 0 0 0 0 0 0 0 0 0 0 0 0 0 0 0 0 0 0 0 0 0 0 0 0 0 0 0 0 0 0 0 0 0 0 0 0 0 0 0 0 0 0 0 0 0 0 0 0 0 0 0 0 0 0 0 0 0 0 0 0 0 0 0 0 0 0 0 0 0 0 0 0 0 0 0 0 0 0 0 0 0 0 0 0 0 0 0 0 0 0 0 0 0 0 0 0 0 0 0 0 0 0 0 0 0 0 0 0 0 0 0 0 0 0 0 0 0 0 0 0 0 0 0 0 0 0 0 0 0 0 0 0 0 0 0 0 0 0 0 0 0 0 0 0 0 0 0 0 0 0 0 0 0 0 0 0 0 0 0 0 0 0 0 0 0 0 0 0 0 0 0 0 0 0 0 0 0 0 0 0 0 0 0 0 0 0 0 0 0 0 0 0 0 0 0 0 0 0 0 0 0 0 0 0 0 0 0 0 0 0 0 0 0 0 0 0 0 0 0 0 0 0 0 0 0 0 0 0 0 0 0 0 0 0 0 0 0 0 0 0 0 0 0 0 0 0 0 0 0 0 0 0 0 0 0 0 0 0 0 0 0 0 0 0 0 0 0 0 0 0 0 0 0 0 0 0 0 0 0 0 0 0 0 0 0 0 0 0 0 0 0 0 0 0 0 0 0 0 0 0 0 0 0 0 0 0 0 0 0 0 0 0 0 0 0 0 0 0 0 0 0 0 0 0 0 0 0 0 0 0 0 0 0 0 0 0 0 0 0 0 0 0 0 0 0 0 0 0 0 0 0 0 0 0 0 0 0 0 0 0 0 0 0 0 0 0 0 0 0 0 0 0 0 0 0 0 0 0 0 0 0 0 0 0 0 0 0 0 0 0 0 0 0 0 0 0 0 0 0 0 0 0 0 0 0 0 0 0 0 0 0 0 0 0 0 0 0 0 0 0 0 0 0 0 0 0 0 0 0 0 0 0 0 0 0 0 0 0 0 0 0 0 0 0 0 0 0 0 0 0 0 0 0 0 0 0 0 0 0 0 0 0 0 0 0 0 0 0 0 0 0 0 0 0 0 0 0 0 0 0 0 0 0 0 0 0 0 0 0 0 0 0 0 0 0 0 0 0 0 0 0 0 0 0 0 0 0 0 0 0 0 0 0 0 0 0 0 0 0 0 0 0 0 0 0 0 0 0 0 0 0 0 0 0 0 0 0 0 0 0 0 0 0 0 0 0 0 0 0 0 0 0 0 0 0 0 0 0 0 0 0 0 0 0 0 0 0 0 0 0 0 0 0 0 0 0 0 0 0 0 0 0 0 0 0 0 0 0 0 0 0 0 0 0 0 0 0 0 0 0 0 0 0 0 0 0 0 0 0 0 0 0 0 0 0 0 0 0 0 0 0 0 0 0 0 0 0 0 0 0 0 0 0 0 0 0 0 0 0 0 0 0 0 0 0 0 0 0 0 0 0 0 0 0 0 0 0 0 0 0 0 0 0 0 0 0 0 0 0 0 0 0 0 0 0 0 0 0 0 0 0 0 0 0 0 0 0 0 0 0 0 0 0 0 0 0 0 0 0 0 0 0 0 0 0 0 0 0 0 0 0 0 0 0 0 0 0 0 0 0 0 0 0 0 0 0 0 0 0 0 0 0 0 0 0 0 0 0 0 0 0 0 0 0 0 0 0 0 0 0 0 0 0 0 0 0 0 0 0 0 0 0 0 0 0 0 0 0 0 0 0 0 0 0 0 0 0 0 0 0 0 0 0 0 0 0 0 0 0 0 0 0 0 0 0 0 0 0 0 0 0 0 0 0 0 0 0 0 0 0 0 0 0 0 0 0 0 0 0 0 0 0 0 0 0 0 0 0 0 0 0 0 0 0 0 0 0 0 0 0 0 0 0 0 0 0 0 0 0 0 0 0 0 0 0 0 0 0 0 0 0 0 0 0 0 0 0 0 0 0 0 0 0 0 0 0 0 0 0 0 0 0 0 0 0 0 0 0 0 0 0 0 0 0 0 0 0 0 0 0 0 0 0 0 0 0 0 0 0 0 0 0 0 0 0 0 0 0 0 0 0 0 0 0 0 0 0 0 0 0 0 0 0 0 0 0 0 0 0 0 0 0 0 0 0 0 0 0 0 0 0 0 0 0 0 0 0 0 0 0 0 0 0 0 0 0 0 0 0 0 0 0 0 0 0 0 0 0 0 0 0 0 0 0 0 0 0 0 0 0 0 0 0 0 0 0
ctxt 5320650914
btime 1790630938
processes 993486
procs_running 1
procs_blocked 0
softirq 4778662404 73526 13306998 2753173 348432566 544131 0 13560297 54439111 421 50584885
