Running 10s test @ http://127.0.0.1:18500/counter
  16 threads and 32 connections
  Thread Stats   Avg      Stdev     Max   +/- Stdev
    Latency    23.12ms   11.45ms 100.11ms   90.37%
    Req/Sec    90.67     23.42   620.00     79.85%
  Latency Distribution
     50%   20.55ms
     75%   22.15ms
     90%   32.22ms
     99%   78.77ms
  14538 requests in 10.10s, 15.71MB read
Requests/sec:   1439.57
Transfer/sec:      1.56MB
## server-stat
cpu  3752487 1649 1688172 49742561 396489 0 810310 0 0 0
cpu0 142347 30 48748 1555020 4875 0 26706 0 0 0
cpu1 143808 34 49682 1558234 5941 0 26029 0 0 0
cpu2 147884 34 49996 1554716 6039 0 26142 0 0 0
cpu3 225245 34 70853 1441053 4266 0 42122 0 0 0
cpu4 227439 38 69529 1441396 4937 0 42186 0 0 0
cpu5 153691 37 51647 1546289 6702 0 27066 0 0 0
cpu6 154813 34 52135 1544232 6926 0 28181 0 0 0
cpu7 161299 32 55403 1532363 6670 0 30857 0 0 0
cpu8 41539 61 44424 1628706 15107 0 13628 0 0 0
cpu9 47715 67 47636 1603846 18684 0 14858 0 0 0
cpu10 45238 67 45982 1612207 16801 0 14656 0 0 0
cpu11 41277 62 41815 1633122 15267 0 13031 0 0 0
cpu12 84320 141 51748 1558955 20866 0 16106 0 0 0
cpu13 80571 74 52725 1558277 21860 0 16463 0 0 0
cpu14 41156 61 41289 1636556 14417 0 12773 0 0 0
cpu15 38187 64 37887 1650335 14689 0 11597 0 0 0
cpu16 190435 28 60385 1494628 6561 0 34463 0 0 0
cpu17 180012 28 58622 1505854 8567 0 33034 0 0 0
cpu18 168910 28 57010 1520027 8298 0 32198 0 0 0
cpu19 299910 26 85279 1344106 3930 0 52142 0 0 0
cpu20 265723 25 79673 1385118 5971 0 49594 0 0 0
cpu21 164363 30 56166 1524220 9781 0 31444 0 0 0
cpu22 152489 34 53607 1540158 9732 0 29298 0 0 0
cpu23 132345 33 47982 1572226 9309 0 24712 0 0 0
cpu24 44492 64 42752 1630585 17400 0 13727 0 0 0
cpu25 49810 65 47710 1605612 19709 0 16237 0 0 0
cpu26 47600 60 46532 1612186 18902 0 15785 0 0 0
cpu27 40212 50 41469 1622943 17604 0 21600 0 0 0
cpu28 76655 83 55546 1545973 22157 0 28887 0 0 0
cpu29 80609 120 57568 1534258 23011 0 29428 0 0 0
cpu30 39598 46 43071 1616796 15927 0 21606 0 0 0
cpu31 42782 46 43288 1632546 15566 0 13741 0 0 0
intr 3340889565 126 0 0 0 0 0 0 0 0 1 0 0 0 0 0 0 0 0 0 0 0 0 0 0 0 0 0 1 1 1 0 0 0 0 1 0 1 0 0 75045 0 0 0 0 0 0 0 0 411 0 0 0 0 0 0 0 0 87 0 0 0 0 0 0 0 0 0 0 0 0 0 0 0 507380 2 35059232 34998172 34913558 35056206 0 14758 11650 13393 12797 8717 10701 13992 14941 11614 42060 56870 45272 38817 57053 54547 34617 30841 14080 15814 19223 7874 12257 17764 17973 15550 40071 50587 47158 37550 56406 60646 34747 35452 0 0 0 0 617213 4527 1036 0 264 0 0 0 0 0 0 0 0 0 0 0 0 0 0 0 0 0 0 0 0 0 0 0 0 0 0 0 0 0 0 0 0 0 0 0 0 0 0 0 0 0 0 0 0 0 0 0 0 0 0 0 0 0 0 0 0 0 0 0 0 0 0 0 0 0 0 0 0 0 0 0 0 0 0 0 0 0 0 0 0 0 0 0 0 0 0 0 0 0 0 0 0 0 0 0 0 0 0 0 0 0 0 0 0 0 0 0 0 0 0 0 0 0 0 0 0 0 0 0 0 0 0 0 0 0 0 0 0 0 0 0 0 0 0 0 0 0 0 0 0 0 0 0 0 0 0 0 0 0 0 0 0 0 0 0 0 0 0 0 0 0 0 0 0 0 0 0 0 0 0 0 0 0 0 0 0 0 0 0 0 0 0 0 0 0 0 0 0 0 0 0 0 0 0 0 0 0 0 0 0 0 0 0 0 0 0 0 0 0 0 0 0 0 0 0 0 0 0 0 0 0 0 0 0 0 0 0 0 0 0 0 0 0 0 0 0 0 0 0 0 0 0 0 0 0 0 0 0 0 0 0 0 0 0 0 0 0 0 0 0 0 0 0 0 0 0 0 0 0 0 0 0 0 0 0 0 0 0 0 0 0 0 0 0 0 0 0 0 0 0 0 0 0 0 0 0 0 0 0 0 0 0 0 0 0 0 0 0 0 0 0 0 0 0 0 0 0 0 0 0 0 0 0 0 0 0 0 0 0 0 0 0 0 0 0 0 0 0 0 0 0 0 0 0 0 0 0 0 0 0 0 0 0 0 0 0 0 0 0 0 0 0 0 0 0 0 0 0 0 0 0 0 0 0 0 0 0 0 0 0 0 0 0 0 0 0 0 0 0 0 0 0 0 0 0 0 0 0 0 0 0 0 0 0 0 0 0 0 0 0 0 0 0 0 0 0 0 0 0 0 0 0 0 0 0 0 0 0 0 0 0 0 0 0 0 0 0 0 0 0 0 0 0 0 0 0 0 0 0 0 0 0 0 0 0 0 0 0 0 0 0 0 0 0 0 0 0 0 0 0 0 0 0 0 0 0 0 0 0 0 0 0 0 0 0 0 0 0 0 0 0 0 0 0 0 0 0 0 0 0 0 0 0 0 0 0 0 0 0 0 0 0 0 0 0 0 0 0 0 0 0 0 0 0 0 0 0 0 0 0 0 0 0 0 0 0 0 0 0 0 0 0 0 0 0 0 0 0 0 0 0 0 0 0 0 0 0 0 0 0 0 0 0 0 0 0 0 0 0 0 0 0 0 0 0 0 0 0 0 0 0 0 0 0 0 0 0 0 0 0 0 0 0 0 0 0 0 0 0 0 0 0 0 0 0 0 0 0 0 0 0 0 0 0 0 0 0 0 0 0 0 0 0 0 0 0 0 0 0 0 0 0 0 0 0 0 0 0 0 0 0 0 0 0 0 0 0 0 0 0 0 0 0 0 0 0 0 0 0 0 0 0 0 0 0 0 0 0 0 0 0 0 0 0 0 0 0 0 0 0 0 0 0 0 0 0 0 0 0 0 0 0 0 0 0 0 0 0 0 0 0 0 0 0 0 0 0 0 0 0 0 0 0 0 0 0 0 0 0 0 0 0 0 0 0 0 0 0 0 0 0 0 0 0 0 0 0 0 0 0 0 0 0 0 0 0 0 0 0 0 0 0 0 0 0 0 0 0 0 0 0 0 0 0 0 0 0 0 0 0 0 0 0 0 0 0 0 0 0 0 0 0 0 0 0 0 0 0 0 0 0 0 0 0 0 0 0 0 0 0 0 0 0 0 0 0 0 0 0 0 0 0 0 0 0 0 0 0 0 0 0 0 0 0 0 0 0 0 0 0 0 0 0 0 0 0 0 0 0 0 0 0 0 0 0 0 0 0 0 0 0 0 0 0 0 0 0 0 0 0 0 0 0 0 0 0 0 0 0 0 0 0 0 0 0 0 0 0 0 0 0 0 0 0 0 0 0 0 0 0 0 0 0 0 0 0 0 0 0 0 0 0 0 0 0 0 0 0 0 0 0 0 0 0 0 0 0 0 0 0 0 0 0 0 0 0 0 0 0 0 0 0 0 0 0 0 0 0 0 0 0 0 0 0 0 0 0 0 0 0 0 0 0 0 0 0 0 0 0 0 0 0 0 0 0 0 0 0 0 0 0 0 0 0 0 0 0 0 0 0 0 0 0 0 0 0 0 0 0 0 0 0 0 0 0 0 0 0 0 0 0 0 0 0 0 0 0 0 0 0 0 0 0 0 0 0 0 0 0 0 0 0 0 0 0 0 0 0 0 0 0 0 0 0 0 0 0 0 0 0 0 0 0 0 0 0 0 0 0 0 0 0 0 0 0 0 0 0 0 0 0 0 0 0 0 0 0 0 0 0 0 0 0 0 0 0 0 0 0 0 0 0 0 0 0 0 0 0 0 0 0 0 0 0 0 0 0 0 0 0 0 0
ctxt 5299305283
btime 1790630938
processes 948640
procs_running 3
procs_blocked 0
softirq 4772585697 73526 13152487 2753168 343794262 529704 0 13560254 54044990 421 49709589
--
cpu  3753483 1649 1688285 49765020 398419 0 810320 0 0 0
cpu0 142393 30 48752 1555742 4892 0 26707 0 0 0
cpu1 143829 34 49684 1558982 5968 0 26029 0 0 0
cpu2 147889 34 49997 1555483 6065 0 26142 0 0 0
cpu3 225370 34 70864 1441711 4269 0 42123 0 0 0
cpu4 227609 38 69547 1441991 4950 0 42187 0 0 0
cpu5 153693 37 51648 1547058 6729 0 27066 0 0 0
cpu6 154818 34 52136 1545002 6949 0 28181 0 0 0
cpu7 161302 32 55404 1533141 6688 0 30857 0 0 0
cpu8 41540 61 44426 1629409 15198 0 13629 0 0 0
cpu9 47716 67 47638 1604514 18809 0 14858 0 0 0
cpu10 45239 67 45982 1612939 16864 0 14656 0 0 0
cpu11 41278 62 41815 1633841 15343 0 13031 0 0 0
cpu12 84336 141 51750 1559646 20954 0 16106 0 0 0
cpu13 80577 74 52727 1558977 21949 0 16463 0 0 0
cpu14 41157 61 41290 1637309 14459 0 12773 0 0 0
cpu15 38188 64 37888 1651079 14740 0 11597 0 0 0
cpu16 190446 28 60386 1495380 6596 0 34463 0 0 0
cpu17 180017 28 58623 1506607 8607 0 33034 0 0 0
cpu18 168914 28 57011 1520759 8360 0 32198 0 0 0
cpu19 300365 26 85322 1344383 3947 0 52146 0 0 0
cpu20 265788 25 79680 1385801 6014 0 49594 0 0 0
cpu21 164365 30 56166 1524948 9849 0 31444 0 0 0
cpu22 152490 34 53608 1540917 9770 0 29298 0 0 0
cpu23 132346 33 47983 1572988 9344 0 24712 0 0 0
cpu24 44493 64 42753 1631315 17466 0 13727 0 0 0
cpu25 49813 65 47711 1606305 19809 0 16237 0 0 0
cpu26 47603 60 46532 1612858 19021 0 15785 0 0 0
cpu27 40213 50 41470 1623632 17709 0 21600 0 0 0
cpu28 76666 83 55548 1546643 22271 0 28887 0 0 0
cpu29 80635 120 57571 1534906 23129 0 29428 0 0 0
cpu30 39599 46 43071 1617498 16021 0 21606 0 0 0
cpu31 42783 46 43289 1633241 15666 0 13741 0 0 0
intr 3341087367 126 0 0 0 0 0 0 0 0 1 0 0 0 0 0 0 0 0 0 0 0 0 0 0 0 0 0 1 1 1 0 0 0 0 1 0 1 0 0 75045 0 0 0 0 0 0 0 0 411 0 0 0 0 0 0 0 0 87 0 0 0 0 0 0 0 0 0 0 0 0 0 0 0 507833 2 35059245 34998202 34913607 35056249 0 14762 11710 13537 12984 8746 10757 14136 15129 11735 42674 57908 45781 39339 57582 55223 34895 31167 14220 15948 19529 7908 12389 18014 18277 15726 40436 51092 47950 38091 57103 61355 35061 35856 0 0 0 0 617213 4527 1036 0 264 0 0 0 0 0 0 0 0 0 0 0 0 0 0 0 0 0 0 0 0 0 0 0 0 0 0 0 0 0 0 0 0 0 0 0 0 0 0 0 0 0 0 0 0 0 0 0 0 0 0 0 0 0 0 0 0 0 0 0 0 0 0 0 0 0 0 0 0 0 0 0 0 0 0 0 0 0 0 0 0 0 0 0 0 0 0 0 0 0 0 0 0 0 0 0 0 0 0 0 0 0 0 0 0 0 0 0 0 0 0 0 0 0 0 0 0 0 0 0 0 0 0 0 0 0 0 0 0 0 0 0 0 0 0 0 0 0 0 0 0 0 0 0 0 0 0 0 0 0 0 0 0 0 0 0 0 0 0 0 0 0 0 0 0 0 0 0 0 0 0 0 0 0 0 0 0 0 0 0 0 0 0 0 0 0 0 0 0 0 0 0 0 0 0 0 0 0 0 0 0 0 0 0 0 0 0 0 0 0 0 0 0 0 0 0 0 0 0 0 0 0 0 0 0 0 0 0 0 0 0 0 0 0 0 0 0 0 0 0 0 0 0 0 0 0 0 0 0 0 0 0 0 0 0 0 0 0 0 0 0 0 0 0 0 0 0 0 0 0 0 0 0 0 0 0 0 0 0 0 0 0 0 0 0 0 0 0 0 0 0 0 0 0 0 0 0 0 0 0 0 0 0 0 0 0 0 0 0 0 0 0 0 0 0 0 0 0 0 0 0 0 0 0 0 0 0 0 0 0 0 0 0 0 0 0 0 0 0 0 0 0 0 0 0 0 0 0 0 0 0 0 0 0 0 0 0 0 0 0 0 0 0 0 0 0 0 0 0 0 0 0 0 0 0 0 0 0 0 0 0 0 0 0 0 0 0 0 0 0 0 0 0 0 0 0 0 0 0 0 0 0 0 0 0 0 0 0 0 0 0 0 0 0 0 0 0 0 0 0 0 0 0 0 0 0 0 0 0 0 0 0 0 0 0 0 0 0 0 0 0 0 0 0 0 0 0 0 0 0 0 0 0 0 0 0 0 0 0 0 0 0 0 0 0 0 0 0 0 0 0 0 0 0 0 0 0 0 0 0 0 0 0 0 0 0 0 0 0 0 0 0 0 0 0 0 0 0 0 0 0 0 0 0 0 0 0 0 0 0 0 0 0 0 0 0 0 0 0 0 0 0 0 0 0 0 0 0 0 0 0 0 0 0 0 0 0 0 0 0 0 0 0 0 0 0 0 0 0 0 0 0 0 0 0 0 0 0 0 0 0 0 0 0 0 0 0 0 0 0 0 0 0 0 0 0 0 0 0 0 0 0 0 0 0 0 0 0 0 0 0 0 0 0 0 0 0 0 0 0 0 0 0 0 0 0 0 0 0 0 0 0 0 0 0 0 0 0 0 0 0 0 0 0 0 0 0 0 0 0 0 0 0 0 0 0 0 0 0 0 0 0 0 0 0 0 0 0 0 0 0 0 0 0 0 0 0 0 0 0 0 0 0 0 0 0 0 0 0 0 0 0 0 0 0 0 0 0 0 0 0 0 0 0 0 0 0 0 0 0 0 0 0 0 0 0 0 0 0 0 0 0 0 0 0 0 0 0 0 0 0 0 0 0 0 0 0 0 0 0 0 0 0 0 0 0 0 0 0 0 0 0 0 0 0 0 0 0 0 0 0 0 0 0 0 0 0 0 0 0 0 0 0 0 0 0 0 0 0 0 0 0 0 0 0 0 0 0 0 0 0 0 0 0 0 0 0 0 0 0 0 0 0 0 0 0 0 0 0 0 0 0 0 0 0 0 0 0 0 0 0 0 0 0 0 0 0 0 0 0 0 0 0 0 0 0 0 0 0 0 0 0 0 0 0 0 0 0 0 0 0 0 0 0 0 0 0 0 0 0 0 0 0 0 0 0 0 0 0 0 0 0 0 0 0 0 0 0 0 0 0 0 0 0 0 0 0 0 0 0 0 0 0 0 0 0 0 0 0 0 0 0 0 0 0 0 0 0 0 0 0 0 0 0 0 0 0 0 0 0 0 0 0 0 0 0 0 0 0 0 0 0 0 0 0 0 0 0 0 0 0 0 0 0 0 0 0 0 0 0 0 0 0 0 0 0 0 0 0 0 0 0 0 0 0 0 0 0 0 0 0 0 0 0 0 0 0 0 0 0 0 0 0 0 0 0 0 0 0 0 0 0 0 0 0 0 0 0 0 0 0 0 0 0 0 0 0 0 0 0 0 0 0 0 0 0 0 0 0 0 0 0 0 0 0 0 0 0 0 0 0 0 0 0 0 0 0 0 0 0 0 0 0 0 0 0 0 0 0 0 0 0 0 0 0 0 0 0 0 0 0 0 0 0 0 0 0 0 0 0 0 0 0 0 0 0 0 0 0 0 0 0 0 0 0 0 0 0 0 0 0 0 0 0 0 0 0 0 0 0 0 0 0 0 0 0 0 0 0 0 0 0 0 0 0 0 0 0 0 0 0 0 0
ctxt 5299622279
btime 1790630938
processes 948689
procs_running 4
procs_blocked 6
softirq 4772636752 73526 13156910 2753168 343818427 530165 0 13560254 54058258 421 49718327
