Running 10s test @ http://127.0.0.1:18500/usleep?ms=10
  16 threads and 1000 connections
  Thread Stats   Avg      Stdev     Max   +/- Stdev
    Latency     7.30s     1.50s   10.00s    58.29%
    Req/Sec    23.36     13.88    70.00     75.00%
  Latency Distribution
     50%    7.30s 
     75%    8.59s 
     90%    9.36s 
     99%    9.89s 
  1020 requests in 10.09s, 120.53KB read
  Socket errors: connect 0, read 0, write 0, timeout 1
Requests/sec:    101.06
Transfer/sec:     11.94KB
## server-stat
cpu  3817271 1715 1707885 52186815 481496 0 816872 0 0 0
cpu0 143750 31 49188 1633309 6270 0 27028 0 0 0
cpu1 144697 35 50067 1637225 7678 0 26163 0 0 0
cpu2 148538 35 50349 1634081 7740 0 26240 0 0 0
cpu3 235249 36 72980 1509320 4989 0 43116 0 0 0
cpu4 236848 41 71571 1509466 6297 0 43511 0 0 0
cpu5 154339 40 52023 1625527 8544 0 27152 0 0 0
cpu6 155310 35 52473 1623755 8733 0 28254 0 0 0
cpu7 161733 34 55710 1612201 8320 0 30915 0 0 0
cpu8 41747 64 44678 1707114 17973 0 13662 0 0 0
cpu9 48012 71 47951 1681196 21822 0 14906 0 0 0
cpu10 45463 70 46267 1689964 19787 0 14701 0 0 0
cpu11 41452 65 42062 1711404 18165 0 13061 0 0 0
cpu12 86023 146 52221 1634441 24077 0 16189 0 0 0
cpu13 82244 76 53215 1633399 25370 0 16555 0 0 0
cpu14 41346 64 41569 1714623 17229 0 12811 0 0 0
cpu15 38316 68 38149 1728877 17450 0 11626 0 0 0
cpu16 191593 30 60806 1572820 8929 0 34556 0 0 0
cpu17 180793 29 59024 1584163 11185 0 33110 0 0 0
cpu18 169556 29 57401 1598529 10896 0 32275 0 0 0
cpu19 316612 27 88763 1403554 5070 0 53575 0 0 0
cpu20 277884 26 82002 1449820 8125 0 50492 0 0 0
cpu21 164960 32 56555 1602531 12619 0 31519 0 0 0
cpu22 152975 35 53975 1618867 12362 0 29359 0 0 0
cpu23 132784 34 48320 1651315 11670 0 24767 0 0 0
cpu24 44721 67 43051 1708217 21110 0 13760 0 0 0
cpu25 50094 67 48031 1682620 23758 0 16276 0 0 0
cpu26 47831 61 46840 1689556 22804 0 15817 0 0 0
cpu27 40414 52 41769 1700901 21180 0 21626 0 0 0
cpu28 77638 86 55939 1621868 26405 0 28938 0 0 0
cpu29 81599 122 57966 1610343 26900 0 29494 0 0 0
cpu30 39768 47 43389 1695098 18989 0 21637 0 0 0
cpu31 42967 48 43568 1710696 19033 0 13767 0 0 0
intr 3388064433 126 0 0 0 0 0 0 0 0 1 0 0 0 0 0 0 0 0 0 0 0 0 0 0 0 0 0 1 1 1 0 0 0 0 1 0 1 0 0 75045 0 0 0 0 0 0 0 0 411 0 0 0 0 0 0 0 0 87 0 0 0 0 0 0 0 0 0 0 0 0 0 0 0 536311 2 35063472 35001331 34916333 35060438 0 15416 13322 16362 15639 9715 12125 15962 16778 13276 46179 62136 49997 42407 64038 61042 37674 34330 16784 18715 22193 9006 14975 20773 20438 17731 44401 56406 52791 41962 64786 67947 38905 39287 0 0 0 0 617265 4593 1036 0 264 0 0 0 0 0 0 0 0 0 0 0 0 0 0 0 0 0 0 0 0 0 0 0 0 0 0 0 0 0 0 0 0 0 0 0 0 0 0 0 0 0 0 0 0 0 0 0 0 0 0 0 0 0 0 0 0 0 0 0 0 0 0 0 0 0 0 0 0 0 0 0 0 0 0 0 0 0 0 0 0 0 0 0 0 0 0 0 0 0 0 0 0 0 0 0 0 0 0 0 0 0 0 0 0 0 0 0 0 0 0 0 0 0 0 0 0 0 0 0 0 0 0 0 0 0 0 0 0 0 0 0 0 0 0 0 0 0 0 0 0 0 0 0 0 0 0 0 0 0 0 0 0 0 0 0 0 0 0 0 0 0 0 0 0 0 0 0 0 0 0 0 0 0 0 0 0 0 0 0 0 0 0 0 0 0 0 0 0 0 0 0 0 0 0 0 0 0 0 0 0 0 0 0 0 0 0 0 0 0 0 0 0 0 0 0 0 0 0 0 0 0 0 0 0 0 0 0 0 0 0 0 0 0 0 0 0 0 0 0 0 0 0 0 0 0 0 0 0 0 0 0 0 0 0 0 0 0 0 0 0 0 0 0 0 0 0 0 0 0 0 0 0 0 0 0 0 0 0 0 0 0 0 0 0 0 0 0 0 0 0 0 0 0 0 0 0 0 0 0 0 0 0 0 0 0 0 0 0 0 0 0 0 0 0 0 0 0 0 0 0 0 0 0 0 0 0 0 0 0 0 0 0 0 0 0 0 0 0 0 0 0 0 0 0 0 0 0 0 0 0 0 0 0 0 0 0 0 0 0 0 0 0 0 0 0 0 0 0 0 0 0 0 0 0 0 0 0 0 0 0 0 0 0 0 0 0 0 0 0 0 0 0 0 0 0 0 0 0 0 0 0 0 0 0 0 0 0 0 0 0 0 0 0 0 0 0 0 0 0 0 0 0 0 0 0 0 0 0 0 0 0 0 0 0 0 0 0 0 0 0 0 0 0 0 0 0 0 0 0 0 0 0 0 0 0 0 0 0 0 0 0 0 0 0 0 0 0 0 0 0 0 0 0 0 0 0 0 0 0 0 0 0 0 0 0 0 0 0 0 0 0 0 0 0 0 0 0 0 0 0 0 0 0 0 0 0 0 0 0 0 0 0 0 0 0 0 0 0 0 0 0 0 0 0 0 0 0 0 0 0 0 0 0 0 0 0 0 0 0 0 0 0 0 0 0 0 0 0 0 0 0 0 0 0 0 0 0 0 0 0 0 0 0 0 0 0 0 0 0 0 0 0 0 0 0 0 0 0 0 0 0 0 0 0 0 0 0 0 0 0 0 0 0 0 0 0 0 0 0 0 0 0 0 0 0 0 0 0 0 0 0 0 0 0 0 0 0 0 0 0 0 0 0 0 0 0 0 0 0 0 0 0 0 0 0 0 0 0 0 0 0 0 0 0 0 0 0 0 0 0 0 0 0 0 0 0 0 0 0 0 0 0 0 0 0 0 0 0 0 0 0 0 0 0 0 0 0 0 0 0 0 0 0 0 0 0 0 0 0 0 0 0 0 0 0 0 0 0 0 0 0 0 0 0 0 0 0 0 0 0 0 0 0 0 0 0 0 0 0 0 0 0 0 0 0 0 0 0 0 0 0 0 0 0 0 0 0 0 0 0 0 0 0 0 0 0 0 0 0 0 0 0 0 0 0 0 0 0 0 0 0 0 0 0 0 0 0 0 0 0 0 0 0 0 0 0 0 0 0 0 0 0 0 0 0 0 0 0 0 0 0 0 0 0 0 0 0 0 0 0 0 0 0 0 0 0 0 0 0 0 0 0 0 0 0 0 0 0 0 0 0 0 0 0 0 0 0 0 0 0 0 0 0 0 0 0 0 0 0 0 0 0 0 0 0 0 0 0 0 0 0 0 0 0 0 0 0 0 0 0 0 0 0 0 0 0 0 0 0 0 0 0 0 0 0 0 0 0 0 0 0 0 0 0 0 0 0 0 0 0 0 0 0 0 0 0 0 0 0 0 0 0 0 0 0 0 0 0 0 0 0 0 0 0 0 0 0 0 0 0 0 0 0 0 0 0 0 0 0 0 0 0 0 0 0 0 0 0 0 0 0 0 0 0 0 0 0 0 0 0 0 0 0 0 0 0 0 0 0 0 0 0 0 0 0 0 0 0 0 0 0 0 0 0 0 0 0 0 0 0 0 0 0 0 0 0 0 0 0 0 0 0 0 0 0 0 0 0 0 0 0 0 0 0 0 0 0 0 0 0 0 0 0 0 0 0 0 0 0 0 0 0 0 0 0 0 0 0 0 0 0 0 0 0 0 0 0 0 0 0 0 0 0 0 0 0 0 0 0 0 0 0 0 0 0 0 0 0 0 0 0 0 0 0 0 0 0 0 0 0 0 0 0 0 0 0 0 0 0 0 0 0 0 0 0 0 0 0 0 0 0 0 0 0 0 0 0 0 0 0 0 0
ctxt 5383437722
btime 1790630938
processes 1053071
procs_running 1
procs_blocked 0
softirq 4823796764 73526 13589072 2753176 390721527 559663 0 13560407 55189743 421 52381933
--
cpu  3817353 1716 1707896 52212257 481525 0 816874 0 0 0
cpu0 143751 31 49188 1634106 6270 0 27029 0 0 0
cpu1 144697 35 50068 1638023 7678 0 26163 0 0 0
cpu2 148538 35 50349 1634880 7740 0 26240 0 0 0
cpu3 235256 36 72982 1510109 4989 0 43117 0 0 0
cpu4 236850 41 71571 1510262 6297 0 43511 0 0 0
cpu5 154339 40 52023 1626326 8544 0 27152 0 0 0
cpu6 155310 36 52473 1624554 8733 0 28254 0 0 0
cpu7 161733 34 55710 1612999 8320 0 30915 0 0 0
cpu8 41749 64 44678 1707911 17973 0 13662 0 0 0
cpu9 48012 71 47951 1681994 21822 0 14906 0 0 0
cpu10 45463 70 46267 1690762 19787 0 14701 0 0 0
cpu11 41455 65 42063 1712200 18165 0 13061 0 0 0
cpu12 86044 146 52224 1635216 24077 0 16189 0 0 0
cpu13 82274 76 53216 1634166 25370 0 16555 0 0 0
cpu14 41347 64 41569 1715421 17230 0 12811 0 0 0
cpu15 38317 68 38149 1729674 17450 0 11626 0 0 0
cpu16 191593 30 60806 1573618 8930 0 34556 0 0 0
cpu17 180794 29 59024 1584962 11185 0 33110 0 0 0
cpu18 169556 29 57402 1599328 10896 0 32275 0 0 0
cpu19 316612 27 88763 1404353 5070 0 53575 0 0 0
cpu20 277884 26 82003 1450619 8125 0 50492 0 0 0
cpu21 164961 32 56555 1603329 12619 0 31519 0 0 0
cpu22 152975 35 53975 1619666 12362 0 29359 0 0 0
cpu23 132784 34 48320 1652114 11670 0 24767 0 0 0
cpu24 44721 67 43051 1709016 21110 0 13760 0 0 0
cpu25 50096 67 48031 1683416 23758 0 16276 0 0 0
cpu26 47833 61 46840 1690353 22804 0 15818 0 0 0
cpu27 40415 52 41769 1701699 21180 0 21626 0 0 0
cpu28 77642 86 55940 1622661 26406 0 28938 0 0 0
cpu29 81600 122 57966 1611112 26927 0 29494 0 0 0
cpu30 39769 47 43389 1695896 18989 0 21637 0 0 0
cpu31 42968 48 43568 1711495 19033 0 13767 0 0 0
intr 3388153587 126 0 0 0 0 0 0 0 0 1 0 0 0 0 0 0 0 0 0 0 0 0 0 0 0 0 0 1 1 1 0 0 0 0 1 0 1 0 0 75045 0 0 0 0 0 0 0 0 411 0 0 0 0 0 0 0 0 87 0 0 0 0 0 0 0 0 0 0 0 0 0 0 0 536562 2 35063495 35001336 34916383 35060487 0 15424 13322 16362 15639 9715 12126 15962 16778 13276 46179 62136 49997 42407 64038 61044 37677 34331 16784 18715 22193 9006 14975 20773 20438 17731 44401 56406 52791 41962 65047 67947 38905 39287 0 0 0 0 617269 4593 1036 0 264 0 0 0 0 0 0 0 0 0 0 0 0 0 0 0 0 0 0 0 0 0 0 0 0 0 0 0 0 0 0 0 0 0 0 0 0 0 0 0 0 0 0 0 0 0 0 0 0 0 0 0 0 0 0 0 0 0 0 0 0 0 0 0 0 0 0 0 0 0 0 0 0 0 0 0 0 0 0 0 0 0 0 0 0 0 0 0 0 0 0 0 0 0 0 0 0 0 0 0 0 0 0 0 0 0 0 0 0 0 0 0 0 0 0 0 0 0 0 0 0 0 0 0 0 0 0 0 0 0 0 0 0 0 0 0 0 0 0 0 0 0 0 0 0 0 0 0 0 0 0 0 0 0 0 0 0 0 0 0 0 0 0 0 0 0 0 0 0 0 0 0 0 0 0 0 0 0 0 0 0 0 0 0 0 0 0 0 0 0 0 0 0 0 0 0 0 0 0 0 0 0 0 0 0 0 0 0 0 0 0 0 0 0 0 0 0 0 0 0 0 0 0 0 0 0 0 0 0 0 0 0 0 0 0 0 0 0 0 0 0 0 0 0 0 0 0 0 0 0 0 0 0 0 0 0 0 0 0 0 0 0 0 0 0 0 0 0 0 0 0 0 0 0 0 0 0 0 0 0 0 0 0 0 0 0 0 0 0 0 0 0 0 0 0 0 0 0 0 0 0 0 0 0 0 0 0 0 0 0 0 0 0 0 0 0 0 0 0 0 0 0 0 0 0 0 0 0 0 0 0 0 0 0 0 0 0 0 0 0 0 0 0 0 0 0 0 0 0 0 0 0 0 0 0 0 0 0 0 0 0 0 0 0 0 0 0 0 0 0 0 0 0 0 0 0 0 0 0 0 0 0 0 0 0 0 0 0 0 0 0 0 0 0 0 0 0 0 0 0 0 0 0 0 0 0 0 0 0 0 0 0 0 0 0 0 0 0 0 0 0 0 0 0 0 0 0 0 0 0 0 0 0 0 0 0 0 0 0 0 0 0 0 0 0 0 0 0 0 0 0 0 0 0 0 0 0 0 0 0 0 0 0 0 0 0 0 0 0 0 0 0 0 0 0 0 0 0 0 0 0 0 0 0 0 0 0 0 0 0 0 0 0 0 0 0 0 0 0 0 0 0 0 0 0 0 0 0 0 0 0 0 0 0 0 0 0 0 0 0 0 0 0 0 0 0 0 0 0 0 0 0 0 0 0 0 0 0 0 0 0 0 0 0 0 0 0 0 0 0 0 0 0 0 0 0 0 0 0 0 0 0 0 0 0 0 0 0 0 0 0 0 0 0 0 0 0 0 0 0 0 0 0 0 0 0 0 0 0 0 0 0 0 0 0 0 0 0 0 0 0 0 0 0 0 0 0 0 0 0 0 0 0 0 0 0 0 0 0 0 0 0 0 0 0 0 0 0 0 0 0 0 0 0 0 0 0 0 0 0 0 0 0 0 0 0 0 0 0 0 0 0 0 0 0 0 0 0 0 0 0 0 0 0 0 0 0 0 0 0 0 0 0 0 0 0 0 0 0 0 0 0 0 0 0 0 0 0 0 0 0 0 0 0 0 0 0 0 0 0 0 0 0 0 0 0 0 0 0 0 0 0 0 0 0 0 0 0 0 0 0 0 0 0 0 0 0 0 0 0 0 0 0 0 0 0 0 0 0 0 0 0 0 0 0 0 0 0 0 0 0 0 0 0 0 0 0 0 0 0 0 0 0 0 0 0 0 0 0 0 0 0 0 0 0 0 0 0 0 0 0 0 0 0 0 0 0 0 0 0 0 0 0 0 0 0 0 0 0 0 0 0 0 0 0 0 0 0 0 0 0 0 0 0 0 0 0 0 0 0 0 0 0 0 0 0 0 0 0 0 0 0 0 0 0 0 0 0 0 0 0 0 0 0 0 0 0 0 0 0 0 0 0 0 0 0 0 0 0 0 0 0 0 0 0 0 0 0 0 0 0 0 0 0 0 0 0 0 0 0 0 0 0 0 0 0 0 0 0 0 0 0 0 0 0 0 0 0 0 0 0 0 0 0 0 0 0 0 0 0 0 0 0 0 0 0 0 0 0 0 0 0 0 0 0 0 0 0 0 0 0 0 0 0 0 0 0 0 0 0 0 0 0 0 0 0 0 0 0 0 0 0 0 0 0 0 0 0 0 0 0 0 0 0 0 0 0 0 0 0 0 0 0 0 0 0 0 0 0 0 0 0 0 0 0 0 0 0 0 0 0 0 0 0 0 0 0 0 0 0 0 0 0 0 0 0 0 0 0 0 0 0 0 0 0 0 0 0 0 0 0 0 0 0 0 0 0 0 0 0 0 0 0 0 0 0 0 0 0 0 0 0 0 0 0 0 0 0 0 0 0 0 0 0 0 0 0 0 0 0 0 0 0 0 0 0 0 0 0 0 0 0 0 0 0 0 0 0 0 0 0 0 0 0 0 0 0 0 0 0 0 0 0 0 0 0 0 0 0 0 0 0 0
ctxt 5383570297
btime 1790630938
processes 1053140
procs_running 1
procs_blocked 0
softirq 4823812494 73526 13592298 2753176 390724125 559923 0 13560407 55194656 421 52386666
