Running 10s test @ http://127.0.0.1:18500/usleep?ms=10
  16 threads and 32 connections
  Thread Stats   Avg      Stdev     Max   +/- Stdev
    Latency   169.19ms   15.62ms 319.87ms   98.56%
    Req/Sec    12.43      4.34    20.00     74.77%
  Latency Distribution
     50%  178.90ms
     75%  179.74ms
     90%  179.95ms
     99%  180.29ms
  1877 requests in 10.01s, 333.61KB read
Requests/sec:    187.50
Transfer/sec:     33.32KB
## server-stat
cpu  3840321 1733 1713140 52882300 482165 0 817845 0 0 0
cpu0 144325 31 49321 1655082 6286 0 27085 0 0 0
cpu1 144987 36 50190 1659423 7679 0 26201 0 0 0
cpu2 148707 35 50466 1656443 7741 0 26275 0 0 0
cpu3 239081 36 73401 1527650 4990 0 43209 0 0 0
cpu4 241092 41 72045 1527341 6298 0 43614 0 0 0
cpu5 154508 40 52141 1647907 8545 0 27180 0 0 0
cpu6 155419 36 52583 1646227 8734 0 28276 0 0 0
cpu7 161820 34 55812 1634732 8320 0 30930 0 0 0
cpu8 41812 65 44767 1729632 17976 0 13664 0 0 0
cpu9 48108 72 48053 1703318 22064 0 14914 0 0 0
cpu10 45542 71 46358 1712376 19788 0 14706 0 0 0
cpu11 41518 67 42148 1733898 18169 0 13064 0 0 0
cpu12 86645 146 52368 1656115 24150 0 16206 0 0 0
cpu13 82729 77 53367 1655130 25486 0 16569 0 0 0
cpu14 41423 65 41671 1737050 17250 0 12817 0 0 0
cpu15 38363 69 38239 1751381 17455 0 11629 0 0 0
cpu16 191949 31 60932 1595015 8930 0 34580 0 0 0
cpu17 181016 29 59151 1606479 11187 0 33136 0 0 0
cpu18 169703 29 57532 1620942 10897 0 32299 0 0 0
cpu19 321975 27 89387 1420052 5071 0 53764 0 0 0
cpu20 282609 27 82587 1467024 8126 0 50665 0 0 0
cpu21 165099 32 56687 1624933 12634 0 31542 0 0 0
cpu22 153078 36 54099 1641347 12362 0 29376 0 0 0
cpu23 132884 34 48430 1673822 11671 0 24783 0 0 0
cpu24 44801 69 43157 1730691 21112 0 13763 0 0 0
cpu25 50180 68 48132 1705127 23761 0 16280 0 0 0
cpu26 47905 61 46934 1712069 22827 0 15820 0 0 0
cpu27 40482 53 41867 1723456 21182 0 21627 0 0 0
cpu28 77865 86 56055 1644170 26415 0 28947 0 0 0
cpu29 81826 122 58086 1632531 27005 0 29502 0 0 0
cpu30 39824 47 43492 1717650 19000 0 21639 0 0 0
cpu31 43031 48 43669 1733274 19037 0 13768 0 0 0
intr 3396831323 126 0 0 0 0 0 0 0 0 1 0 0 0 0 0 0 0 0 0 0 0 0 0 0 0 0 0 1 1 1 0 0 0 0 1 0 1 0 0 75045 0 0 0 0 0 0 0 0 411 0 0 0 0 0 0 0 0 87 0 0 0 0 0 0 0 0 0 0 0 0 0 0 0 542446 2 35064157 35001625 34917554 35061530 0 15596 13324 16365 15639 9727 12127 15965 16779 13276 46181 62150 50014 42424 64040 61048 37702 34332 17012 18721 22193 9006 14976 20777 20439 17733 44407 56525 52796 41965 65295 67971 38908 39295 0 0 0 0 617281 4616 1036 0 264 0 0 0 0 0 0 0 0 0 0 0 0 0 0 0 0 0 0 0 0 0 0 0 0 0 0 0 0 0 0 0 0 0 0 0 0 0 0 0 0 0 0 0 0 0 0 0 0 0 0 0 0 0 0 0 0 0 0 0 0 0 0 0 0 0 0 0 0 0 0 0 0 0 0 0 0 0 0 0 0 0 0 0 0 0 0 0 0 0 0 0 0 0 0 0 0 0 0 0 0 0 0 0 0 0 0 0 0 0 0 0 0 0 0 0 0 0 0 0 0 0 0 0 0 0 0 0 0 0 0 0 0 0 0 0 0 0 0 0 0 0 0 0 0 0 0 0 0 0 0 0 0 0 0 0 0 0 0 0 0 0 0 0 0 0 0 0 0 0 0 0 0 0 0 0 0 0 0 0 0 0 0 0 0 0 0 0 0 0 0 0 0 0 0 0 0 0 0 0 0 0 0 0 0 0 0 0 0 0 0 0 0 0 0 0 0 0 0 0 0 0 0 0 0 0 0 0 0 0 0 0 0 0 0 0 0 0 0 0 0 0 0 0 0 0 0 0 0 0 0 0 0 0 0 0 0 0 0 0 0 0 0 0 0 0 0 0 0 0 0 0 0 0 0 0 0 0 0 0 0 0 0 0 0 0 0 0 0 0 0 0 0 0 0 0 0 0 0 0 0 0 0 0 0 0 0 0 0 0 0 0 0 0 0 0 0 0 0 0 0 0 0 0 0 0 0 0 0 0 0 0 0 0 0 0 0 0 0 0 0 0 0 0 0 0 0 0 0 0 0 0 0 0 0 0 0 0 0 0 0 0 0 0 0 0 0 0 0 0 0 0 0 0 0 0 0 0 0 0 0 0 0 0 0 0 0 0 0 0 0 0 0 0 0 0 0 0 0 0 0 0 0 0 0 0 0 0 0 0 0 0 0 0 0 0 0 0 0 0 0 0 0 0 0 0 0 0 0 0 0 0 0 0 0 0 0 0 0 0 0 0 0 0 0 0 0 0 0 0 0 0 0 0 0 0 0 0 0 0 0 0 0 0 0 0 0 0 0 0 0 0 0 0 0 0 0 0 0 0 0 0 0 0 0 0 0 0 0 0 0 0 0 0 0 0 0 0 0 0 0 0 0 0 0 0 0 0 0 0 0 0 0 0 0 0 0 0 0 0 0 0 0 0 0 0 0 0 0 0 0 0 0 0 0 0 0 0 0 0 0 0 0 0 0 0 0 0 0 0 0 0 0 0 0 0 0 0 0 0 0 0 0 0 0 0 0 0 0 0 0 0 0 0 0 0 0 0 0 0 0 0 0 0 0 0 0 0 0 0 0 0 0 0 0 0 0 0 0 0 0 0 0 0 0 0 0 0 0 0 0 0 0 0 0 0 0 0 0 0 0 0 0 0 0 0 0 0 0 0 0 0 0 0 0 0 0 0 0 0 0 0 0 0 0 0 0 0 0 0 0 0 0 0 0 0 0 0 0 0 0 0 0 0 0 0 0 0 0 0 0 0 0 0 0 0 0 0 0 0 0 0 0 0 0 0 0 0 0 0 0 0 0 0 0 0 0 0 0 0 0 0 0 0 0 0 0 0 0 0 0 0 0 0 0 0 0 0 0 0 0 0 0 0 0 0 0 0 0 0 0 0 0 0 0 0 0 0 0 0 0 0 0 0 0 0 0 0 0 0 0 0 0 0 0 0 0 0 0 0 0 0 0 0 0 0 0 0 0 0 0 0 0 0 0 0 0 0 0 0 0 0 0 0 0 0 0 0 0 0 0 0 0 0 0 0 0 0 0 0 0 0 0 0 0 0 0 0 0 0 0 0 0 0 0 0 0 0 0 0 0 0 0 0 0 0 0 0 0 0 0 0 0 0 0 0 0 0 0 0 0 0 0 0 0 0 0 0 0 0 0 0 0 0 0 0 0 0 0 0 0 0 0 0 0 0 0 0 0 0 0 0 0 0 0 0 0 0 0 0 0 0 0 0 0 0 0 0 0 0 0 0 0 0 0 0 0 0 0 0 0 0 0 0 0 0 0 0 0 0 0 0 0 0 0 0 0 0 0 0 0 0 0 0 0 0 0 0 0 0 0 0 0 0 0 0 0 0 0 0 0 0 0 0 0 0 0 0 0 0 0 0 0 0 0 0 0 0 0 0 0 0 0 0 0 0 0 0 0 0 0 0 0 0 0 0 0 0 0 0 0 0 0 0 0 0 0 0 0 0 0 0 0 0 0 0 0 0 0 0 0 0 0 0 0 0 0 0 0 0 0 0 0 0 0 0 0 0 0 0 0 0 0 0 0 0 0 0 0 0 0 0 0 0 0 0 0 0 0 0 0 0 0 0 0 0 0 0 0 0 0 0 0 0 0 0 0 0 0 0 0 0 0 0 0 0 0 0 0 0 0 0 0 0 0 0 0 0 0 0 0 0 0 0 0 0 0 0 0 0 0 0 0 0 0 0 0 0 0 0 0 0 0
ctxt 5398480802
btime 1790630938
processes 1097543
procs_running 1
procs_blocked 0
softirq 4831260513 73526 13697517 2753177 397141738 566087 0 13560457 55521072 421 52979222
--
cpu  3840466 1734 1713154 52907675 482195 0 817846 0 0 0
cpu0 144326 31 49322 1655878 6286 0 27086 0 0 0
cpu1 144987 36 50191 1660222 7679 0 26201 0 0 0
cpu2 148707 35 50466 1657242 7741 0 26275 0 0 0
cpu3 239118 36 73405 1528407 4990 0 43209 0 0 0
cpu4 241128 41 72047 1528103 6298 0 43615 0 0 0
cpu5 154508 40 52141 1648705 8546 0 27180 0 0 0
cpu6 155419 36 52583 1647025 8734 0 28276 0 0 0
cpu7 161820 34 55812 1635531 8320 0 30930 0 0 0
cpu8 41812 65 44767 1730430 17976 0 13664 0 0 0
cpu9 48109 72 48053 1704115 22064 0 14914 0 0 0
cpu10 45543 71 46359 1713173 19788 0 14706 0 0 0
cpu11 41519 67 42148 1734696 18169 0 13064 0 0 0
cpu12 86648 146 52368 1656909 24150 0 16206 0 0 0
cpu13 82743 77 53367 1655903 25498 0 16569 0 0 0
cpu14 41424 65 41671 1737832 17266 0 12817 0 0 0
cpu15 38364 69 38240 1752179 17455 0 11629 0 0 0
cpu16 191949 31 60932 1595814 8930 0 34580 0 0 0
cpu17 181016 29 59152 1607277 11187 0 33136 0 0 0
cpu18 169703 29 57532 1621741 10897 0 32299 0 0 0
cpu19 321975 27 89387 1420851 5071 0 53764 0 0 0
cpu20 282610 27 82587 1467822 8126 0 50665 0 0 0
cpu21 165099 32 56687 1625732 12634 0 31542 0 0 0
cpu22 153079 36 54099 1642146 12362 0 29376 0 0 0
cpu23 132884 34 48430 1674621 11671 0 24783 0 0 0
cpu24 44803 69 43157 1731489 21112 0 13763 0 0 0
cpu25 50182 68 48132 1705925 23761 0 16280 0 0 0
cpu26 47907 62 46934 1712865 22828 0 15820 0 0 0
cpu27 40483 53 41867 1724254 21182 0 21627 0 0 0
cpu28 77887 86 56056 1644945 26415 0 28947 0 0 0
cpu29 81844 122 58087 1633309 27005 0 29502 0 0 0
cpu30 39825 47 43492 1718448 19000 0 21639 0 0 0
cpu31 43031 48 43670 1734072 19037 0 13768 0 0 0
intr 3396923421 126 0 0 0 0 0 0 0 0 1 0 0 0 0 0 0 0 0 0 0 0 0 0 0 0 0 0 1 1 1 0 0 0 0 1 0 1 0 0 75045 0 0 0 0 0 0 0 0 411 0 0 0 0 0 0 0 0 87 0 0 0 0 0 0 0 0 0 0 0 0 0 0 0 542716 2 35064177 35001628 34917583 35061564 0 15604 13325 16365 15639 9727 12127 15965 16779 13276 46181 62150 50014 42424 64040 61048 37702 34332 17012 18721 22194 9006 14976 20777 20439 17733 44407 56525 52796 41965 65295 67977 38908 39295 0 0 0 0 617281 4616 1036 0 264 0 0 0 0 0 0 0 0 0 0 0 0 0 0 0 0 0 0 0 0 0 0 0 0 0 0 0 0 0 0 0 0 0 0 0 0 0 0 0 0 0 0 0 0 0 0 0 0 0 0 0 0 0 0 0 0 0 0 0 0 0 0 0 0 0 0 0 0 0 0 0 0 0 0 0 0 0 0 0 0 0 0 0 0 0 0 0 0 0 0 0 0 0 0 0 0 0 0 0 0 0 0 0 0 0 0 0 0 0 0 0 0 0 0 0 0 0 0 0 0 0 0 0 0 0 0 0 0 0 0 0 0 0 0 0 0 0 0 0 0 0 0 0 0 0 0 0 0 0 0 0 0 0 0 0 0 0 0 0 0 0 0 0 0 0 0 0 0 0 0 0 0 0 0 0 0 0 0 0 0 0 0 0 0 0 0 0 0 0 0 0 0 0 0 0 0 0 0 0 0 0 0 0 0 0 0 0 0 0 0 0 0 0 0 0 0 0 0 0 0 0 0 0 0 0 0 0 0 0 0 0 0 0 0 0 0 0 0 0 0 0 0 0 0 0 0 0 0 0 0 0 0 0 0 0 0 0 0 0 0 0 0 0 0 0 0 0 0 0 0 0 0 0 0 0 0 0 0 0 0 0 0 0 0 0 0 0 0 0 0 0 0 0 0 0 0 0 0 0 0 0 0 0 0 0 0 0 0 0 0 0 0 0 0 0 0 0 0 0 0 0 0 0 0 0 0 0 0 0 0 0 0 0 0 0 0 0 0 0 0 0 0 0 0 0 0 0 0 0 0 0 0 0 0 0 0 0 0 0 0 0 0 0 0 0 0 0 0 0 0 0 0 0 0 0 0 0 0 0 0 0 0 0 0 0 0 0 0 0 0 0 0 0 0 0 0 0 0 0 0 0 0 0 0 0 0 0 0 0 0 0 0 0 0 0 0 0 0 0 0 0 0 0 0 0 0 0 0 0 0 0 0 0 0 0 0 0 0 0 0 0 0 0 0 0 0 0 0 0 0 0 0 0 0 0 0 0 0 0 0 0 0 0 0 0 0 0 0 0 0 0 0 0 0 0 0 0 0 0 0 0 0 0 0 0 0 0 0 0 0 0 0 0 0 0 0 0 0 0 0 0 0 0 0 0 0 0 0 0 0 0 0 0 0 0 0 0 0 0 0 0 0 0 0 0 0 0 0 0 0 0 0 0 0 0 0 0 0 0 0 0 0 0 0 0 0 0 0 0 0 0 0 0 0 0 0 0 0 0 0 0 0 0 0 0 0 0 0 0 0 0 0 0 0 0 0 0 0 0 0 0 0 0 0 0 0 0 0 0 0 0 0 0 0 0 0 0 0 0 0 0 0 0 0 0 0 0 0 0 0 0 0 0 0 0 0 0 0 0 0 0 0 0 0 0 0 0 0 0 0 0 0 0 0 0 0 0 0 0 0 0 0 0 0 0 0 0 0 0 0 0 0 0 0 0 0 0 0 0 0 0 0 0 0 0 0 0 0 0 0 0 0 0 0 0 0 0 0 0 0 0 0 0 0 0 0 0 0 0 0 0 0 0 0 0 0 0 0 0 0 0 0 0 0 0 0 0 0 0 0 0 0 0 0 0 0 0 0 0 0 0 0 0 0 0 0 0 0 0 0 0 0 0 0 0 0 0 0 0 0 0 0 0 0 0 0 0 0 0 0 0 0 0 0 0 0 0 0 0 0 0 0 0 0 0 0 0 0 0 0 0 0 0 0 0 0 0 0 0 0 0 0 0 0 0 0 0 0 0 0 0 0 0 0 0 0 0 0 0 0 0 0 0 0 0 0 0 0 0 0 0 0 0 0 0 0 0 0 0 0 0 0 0 0 0 0 0 0 0 0 0 0 0 0 0 0 0 0 0 0 0 0 0 0 0 0 0 0 0 0 0 0 0 0 0 0 0 0 0 0 0 0 0 0 0 0 0 0 0 0 0 0 0 0 0 0 0 0 0 0 0 0 0 0 0 0 0 0 0 0 0 0 0 0 0 0 0 0 0 0 0 0 0 0 0 0 0 0 0 0 0 0 0 0 0 0 0 0 0 0 0 0 0 0 0 0 0 0 0 0 0 0 0 0 0 0 0 0 0 0 0 0 0 0 0 0 0 0 0 0 0 0 0 0 0 0 0 0 0 0 0 0 0 0 0 0 0 0 0 0 0 0 0 0 0 0 0 0 0 0 0 0 0 0 0 0 0 0 0 0 0 0 0 0 0 0 0 0 0 0 0 0 0 0 0 0 0 0 0 0 0 0 0 0 0 0 0 0 0 0 0 0 0 0 0 0 0 0 0 0 0 0 0 0 0 0 0 0 0 0 0 0 0 0 0 0 0 0 0 0 0 0 0 0 0 0 0 0 0 0 0 0 0 0 0 0 0 0 0 0 0 0 0 0 0 0 0 0 0 0 0 0 0 0 0 0 0 0 0 0 0 0 0 0 0 0 0 0 0 0 0 0
ctxt 5398615668
btime 1790630938
processes 1097629
procs_running 1
procs_blocked 0
softirq 4831280579 73526 13701557 2753177 397146087 566371 0 13560457 55527193 421 52984494
