Running 10s test @ http://127.0.0.1:18500/usleep?ms=10
  16 threads and 1000 connections
  Thread Stats   Avg      Stdev     Max   +/- Stdev
    Latency     1.33s   222.43ms   2.39s    90.52%
    Req/Sec    72.07     49.08   464.00     69.32%
  Latency Distribution
     50%    1.26s 
     75%    1.26s 
     90%    1.50s 
     99%    2.31s 
  7006 requests in 10.10s, 1.38MB read
Requests/sec:    693.94
Transfer/sec:    140.28KB
## server-stat
cpu  3990820 1784 1739566 54464692 625533 0 821952 0 0 0
cpu0 151769 31 50612 1704158 7443 0 27463 0 0 0
cpu1 151529 36 51314 1709622 9113 0 26482 0 0 0
cpu2 156417 37 51563 1705133 9617 0 26518 0 0 0
cpu3 249073 37 74885 1574066 6351 0 43449 0 0 0
cpu4 249833 43 73377 1575155 7805 0 43837 0 0 0
cpu5 161071 41 53099 1697685 10844 0 27343 0 0 0
cpu6 162365 37 53430 1695239 11461 0 28458 0 0 0
cpu7 166363 36 56498 1686045 11298 0 31096 0 0 0
cpu8 41988 67 45080 1782400 24307 0 13677 0 0 0
cpu9 48401 75 48392 1755829 28403 0 14938 0 0 0
cpu10 45748 73 46692 1764680 26491 0 14721 0 0 0
cpu11 41669 70 42459 1786554 24721 0 13073 0 0 0
cpu12 87731 148 52823 1707272 30692 0 16249 0 0 0
cpu13 83840 80 53857 1705888 32277 0 16618 0 0 0
cpu14 41601 67 42017 1790177 23120 0 12834 0 0 0
cpu15 38506 72 38556 1804343 23680 0 11640 0 0 0
cpu16 204047 31 62398 1639723 10214 0 34790 0 0 0
cpu17 193009 30 60542 1650698 13106 0 33361 0 0 0
cpu18 179095 30 58635 1667255 13615 0 32492 0 0 0
cpu19 336568 28 91574 1461809 6001 0 54032 0 0 0
cpu20 297380 27 84731 1508562 9184 0 50917 0 0 0
cpu21 174689 33 57881 1670597 15672 0 31785 0 0 0
cpu22 159761 37 55096 1689610 15892 0 29603 0 0 0
cpu23 139000 35 49391 1722321 15544 0 25007 0 0 0
cpu24 45041 71 43521 1782557 28321 0 13777 0 0 0
cpu25 50449 68 48512 1756622 31213 0 16298 0 0 0
cpu26 48146 63 47306 1763778 30154 0 15836 0 0 0
cpu27 40697 55 42214 1775270 28523 0 21638 0 0 0
cpu28 78950 88 56570 1694168 34041 0 28997 0 0 0
cpu29 82819 125 58640 1682296 34787 0 29565 0 0 0
cpu30 40027 49 43863 1769795 25683 0 21661 0 0 0
cpu31 43222 51 44026 1785371 25946 0 13783 0 0 0
intr 3431440449 126 0 0 0 0 0 0 0 0 1 0 0 0 0 0 0 0 0 0 0 0 0 0 0 0 0 0 1 1 1 0 0 0 0 1 0 1 0 0 75045 0 0 0 0 0 0 0 0 411 0 0 0 0 0 0 0 0 87 0 0 0 0 0 0 0 0 0 0 0 0 0 0 0 576762 2 35066375 35003320 34918508 35063600 0 16077 15346 18917 18871 11785 14973 19479 20441 17133 54490 74247 60521 50621 79508 77067 44716 41698 19227 22206 26573 10981 17170 25179 25477 21911 55337 69845 63361 51145 80555 87221 46255 47261 0 0 0 0 617321 4664 1036 0 264 0 0 0 0 0 0 0 0 0 0 0 0 0 0 0 0 0 0 0 0 0 0 0 0 0 0 0 0 0 0 0 0 0 0 0 0 0 0 0 0 0 0 0 0 0 0 0 0 0 0 0 0 0 0 0 0 0 0 0 0 0 0 0 0 0 0 0 0 0 0 0 0 0 0 0 0 0 0 0 0 0 0 0 0 0 0 0 0 0 0 0 0 0 0 0 0 0 0 0 0 0 0 0 0 0 0 0 0 0 0 0 0 0 0 0 0 0 0 0 0 0 0 0 0 0 0 0 0 0 0 0 0 0 0 0 0 0 0 0 0 0 0 0 0 0 0 0 0 0 0 0 0 0 0 0 0 0 0 0 0 0 0 0 0 0 0 0 0 0 0 0 0 0 0 0 0 0 0 0 0 0 0 0 0 0 0 0 0 0 0 0 0 0 0 0 0 0 0 0 0 0 0 0 0 0 0 0 0 0 0 0 0 0 0 0 0 0 0 0 0 0 0 0 0 0 0 0 0 0 0 0 0 0 0 0 0 0 0 0 0 0 0 0 0 0 0 0 0 0 0 0 0 0 0 0 0 0 0 0 0 0 0 0 0 0 0 0 0 0 0 0 0 0 0 0 0 0 0 0 0 0 0 0 0 0 0 0 0 0 0 0 0 0 0 0 0 0 0 0 0 0 0 0 0 0 0 0 0 0 0 0 0 0 0 0 0 0 0 0 0 0 0 0 0 0 0 0 0 0 0 0 0 0 0 0 0 0 0 0 0 0 0 0 0 0 0 0 0 0 0 0 0 0 0 0 0 0 0 0 0 0 0 0 0 0 0 0 0 0 0 0 0 0 0 0 0 0 0 0 0 0 0 0 0 0 0 0 0 0 0 0 0 0 0 0 0 0 0 0 0 0 0 0 0 0 0 0 0 0 0 0 0 0 0 0 0 0 0 0 0 0 0 0 0 0 0 0 0 0 0 0 0 0 0 0 0 0 0 0 0 0 0 0 0 0 0 0 0 0 0 0 0 0 0 0 0 0 0 0 0 0 0 0 0 0 0 0 0 0 0 0 0 0 0 0 0 0 0 0 0 0 0 0 0 0 0 0 0 0 0 0 0 0 0 0 0 0 0 0 0 0 0 0 0 0 0 0 0 0 0 0 0 0 0 0 0 0 0 0 0 0 0 0 0 0 0 0 0 0 0 0 0 0 0 0 0 0 0 0 0 0 0 0 0 0 0 0 0 0 0 0 0 0 0 0 0 0 0 0 0 0 0 0 0 0 0 0 0 0 0 0 0 0 0 0 0 0 0 0 0 0 0 0 0 0 0 0 0 0 0 0 0 0 0 0 0 0 0 0 0 0 0 0 0 0 0 0 0 0 0 0 0 0 0 0 0 0 0 0 0 0 0 0 0 0 0 0 0 0 0 0 0 0 0 0 0 0 0 0 0 0 0 0 0 0 0 0 0 0 0 0 0 0 0 0 0 0 0 0 0 0 0 0 0 0 0 0 0 0 0 0 0 0 0 0 0 0 0 0 0 0 0 0 0 0 0 0 0 0 0 0 0 0 0 0 0 0 0 0 0 0 0 0 0 0 0 0 0 0 0 0 0 0 0 0 0 0 0 0 0 0 0 0 0 0 0 0 0 0 0 0 0 0 0 0 0 0 0 0 0 0 0 0 0 0 0 0 0 0 0 0 0 0 0 0 0 0 0 0 0 0 0 0 0 0 0 0 0 0 0 0 0 0 0 0 0 0 0 0 0 0 0 0 0 0 0 0 0 0 0 0 0 0 0 0 0 0 0 0 0 0 0 0 0 0 0 0 0 0 0 0 0 0 0 0 0 0 0 0 0 0 0 0 0 0 0 0 0 0 0 0 0 0 0 0 0 0 0 0 0 0 0 0 0 0 0 0 0 0 0 0 0 0 0 0 0 0 0 0 0 0 0 0 0 0 0 0 0 0 0 0 0 0 0 0 0 0 0 0 0 0 0 0 0 0 0 0 0 0 0 0 0 0 0 0 0 0 0 0 0 0 0 0 0 0 0 0 0 0 0 0 0 0 0 0 0 0 0 0 0 0 0 0 0 0 0 0 0 0 0 0 0 0 0 0 0 0 0 0 0 0 0 0 0 0 0 0 0 0 0 0 0 0 0 0 0 0 0 0 0 0 0 0 0 0 0 0 0 0 0 0 0 0 0 0 0 0 0 0 0 0 0 0 0 0 0 0 0 0 0 0 0 0 0 0 0 0 0 0 0 0 0 0 0 0 0 0 0 0 0 0 0 0 0 0 0 0 0 0 0 0 0 0 0 0 0 0 0 0 0 0 0 0 0 0 0 0 0 0 0 0 0 0 0 0 0 0 0 0 0 0 0 0 0 0 0 0 0 0 0 0 0 0 0 0 0 0 0 0 0 0 0 0 0 0 0 0 0 0 0 0 0 0 0 0 0 0 0 0 0 0 0 0 0 0 0 0 0 0 0 0 0
ctxt 5454924970
btime 1790630938
processes 1209221
procs_running 1
procs_blocked 0
softirq 4853493685 73526 14316918 2753177 414098372 601200 0 13560570 56916513 421 56205692
--
cpu  3990956 1785 1739584 54490045 625561 0 821957 0 0 0
cpu0 151778 31 50612 1704944 7443 0 27464 0 0 0
cpu1 151534 36 51314 1710414 9113 0 26482 0 0 0
cpu2 156421 37 51563 1705926 9617 0 26518 0 0 0
cpu3 249090 37 74887 1574845 6351 0 43450 0 0 0
cpu4 249847 43 73377 1575939 7805 0 43837 0 0 0
cpu5 161075 41 53099 1698479 10844 0 27343 0 0 0
cpu6 162369 37 53430 1696034 11461 0 28458 0 0 0
cpu7 166364 36 56498 1686843 11298 0 31096 0 0 0
cpu8 41988 67 45081 1783198 24307 0 13677 0 0 0
cpu9 48402 75 48392 1756624 28405 0 14938 0 0 0
cpu10 45748 73 46693 1765453 26516 0 14721 0 0 0
cpu11 41669 70 42459 1787350 24721 0 13073 0 0 0
cpu12 87747 148 52824 1708053 30692 0 16250 0 0 0
cpu13 83844 80 53858 1706681 32277 0 16618 0 0 0
cpu14 41601 67 42017 1790975 23120 0 12834 0 0 0
cpu15 38506 72 38556 1805140 23680 0 11640 0 0 0
cpu16 204049 31 62399 1640516 10214 0 34791 0 0 0
cpu17 193011 30 60543 1651493 13106 0 33361 0 0 0
cpu18 179096 30 58636 1668051 13615 0 32492 0 0 0
cpu19 336577 28 91574 1462597 6001 0 54032 0 0 0
cpu20 297386 27 84732 1509355 9184 0 50917 0 0 0
cpu21 174692 33 57882 1671391 15672 0 31785 0 0 0
cpu22 159762 37 55096 1690407 15892 0 29603 0 0 0
cpu23 139001 35 49391 1723117 15544 0 25008 0 0 0
cpu24 45041 71 43521 1783356 28321 0 13777 0 0 0
cpu25 50450 68 48513 1757419 31213 0 16298 0 0 0
cpu26 48146 63 47307 1764577 30154 0 15836 0 0 0
cpu27 40697 55 42214 1776069 28523 0 21638 0 0 0
cpu28 78976 88 56572 1694937 34041 0 28997 0 0 0
cpu29 82825 125 58640 1683087 34787 0 29565 0 0 0
cpu30 40028 50 43863 1770592 25684 0 21661 0 0 0
cpu31 43222 51 44027 1786169 25946 0 13783 0 0 0
intr 3431620495 126 0 0 0 0 0 0 0 0 1 0 0 0 0 0 0 0 0 0 0 0 0 0 0 0 0 0 1 1 1 0 0 0 0 1 0 1 0 0 75045 0 0 0 0 0 0 0 0 411 0 0 0 0 0 0 0 0 87 0 0 0 0 0 0 0 0 0 0 0 0 0 0 0 577007 2 35066388 35003323 34918516 35063609 0 16085 15346 18917 18871 11785 14973 19479 20441 17133 54491 74248 60521 50621 79508 77067 44716 41698 19227 22206 26573 10981 17170 25179 25477 21911 55337 69845 63361 51145 80555 87221 46261 47261 0 0 0 0 617321 4664 1036 0 264 0 0 0 0 0 0 0 0 0 0 0 0 0 0 0 0 0 0 0 0 0 0 0 0 0 0 0 0 0 0 0 0 0 0 0 0 0 0 0 0 0 0 0 0 0 0 0 0 0 0 0 0 0 0 0 0 0 0 0 0 0 0 0 0 0 0 0 0 0 0 0 0 0 0 0 0 0 0 0 0 0 0 0 0 0 0 0 0 0 0 0 0 0 0 0 0 0 0 0 0 0 0 0 0 0 0 0 0 0 0 0 0 0 0 0 0 0 0 0 0 0 0 0 0 0 0 0 0 0 0 0 0 0 0 0 0 0 0 0 0 0 0 0 0 0 0 0 0 0 0 0 0 0 0 0 0 0 0 0 0 0 0 0 0 0 0 0 0 0 0 0 0 0 0 0 0 0 0 0 0 0 0 0 0 0 0 0 0 0 0 0 0 0 0 0 0 0 0 0 0 0 0 0 0 0 0 0 0 0 0 0 0 0 0 0 0 0 0 0 0 0 0 0 0 0 0 0 0 0 0 0 0 0 0 0 0 0 0 0 0 0 0 0 0 0 0 0 0 0 0 0 0 0 0 0 0 0 0 0 0 0 0 0 0 0 0 0 0 0 0 0 0 0 0 0 0 0 0 0 0 0 0 0 0 0 0 0 0 0 0 0 0 0 0 0 0 0 0 0 0 0 0 0 0 0 0 0 0 0 0 0 0 0 0 0 0 0 0 0 0 0 0 0 0 0 0 0 0 0 0 0 0 0 0 0 0 0 0 0 0 0 0 0 0 0 0 0 0 0 0 0 0 0 0 0 0 0 0 0 0 0 0 0 0 0 0 0 0 0 0 0 0 0 0 0 0 0 0 0 0 0 0 0 0 0 0 0 0 0 0 0 0 0 0 0 0 0 0 0 0 0 0 0 0 0 0 0 0 0 0 0 0 0 0 0 0 0 0 0 0 0 0 0 0 0 0 0 0 0 0 0 0 0 0 0 0 0 0 0 0 0 0 0 0 0 0 0 0 0 0 0 0 0 0 0 0 0 0 0 0 0 0 0 0 0 0 0 0 0 0 0 0 0 0 0 0 0 0 0 0 0 0 0 0 0 0 0 0 0 0 0 0 0 0 0 0 0 0 0 0 0 0 0 0 0 0 0 0 0 0 0 0 0 0 0 0 0 0 0 0 0 0 0 0 0 0 0 0 0 0 0 0 0 0 0 0 0 0 0 0 0 0 0 0 0 0 0 0 0 0 0 0 0 0 0 0 0 0 0 0 0 0 0 0 0 0 0 0 0 0 0 0 0 0 0 0 0 0 0 0 0 0 0 0 0 0 0 0 0 0 0 0 0 0 0 0 0 0 0 0 0 0 0 0 0 0 0 0 0 0 0 0 0 0 0 0 0 0 0 0 0 0 0 0 0 0 0 0 0 0 0 0 0 0 0 0 0 0 0 0 0 0 0 0 0 0 0 0 0 0 0 0 0 0 0 0 0 0 0 0 0 0 0 0 0 0 0 0 0 0 0 0 0 0 0 0 0 0 0 0 0 0 0 0 0 0 0 0 0 0 0 0 0 0 0 0 0 0 0 0 0 0 0 0 0 0 0 0 0 0 0 0 0 0 0 0 0 0 0 0 0 0 0 0 0 0 0 0 0 0 0 0 0 0 0 0 0 0 0 0 0 0 0 0 0 0 0 0 0 0 0 0 0 0 0 0 0 0 0 0 0 0 0 0 0 0 0 0 0 0 0 0 0 0 0 0 0 0 0 0 0 0 0 0 0 0 0 0 0 0 0 0 0 0 0 0 0 0 0 0 0 0 0 0 0 0 0 0 0 0 0 0 0 0 0 0 0 0 0 0 0 0 0 0 0 0 0 0 0 0 0 0 0 0 0 0 0 0 0 0 0 0 0 0 0 0 0 0 0 0 0 0 0 0 0 0 0 0 0 0 0 0 0 0 0 0 0 0 0 0 0 0 0 0 0 0 0 0 0 0 0 0 0 0 0 0 0 0 0 0 0 0 0 0 0 0 0 0 0 0 0 0 0 0 0 0 0 0 0 0 0 0 0 0 0 0 0 0 0 0 0 0 0 0 0 0 0 0 0 0 0 0 0 0 0 0 0 0 0 0 0 0 0 0 0 0 0 0 0 0 0 0 0 0 0 0 0 0 0 0 0 0 0 0 0 0 0 0 0 0 0 0 0 0 0 0 0 0 0 0 0 0 0 0 0 0 0 0 0 0 0 0 0 0 0 0 0 0 0 0 0 0 0 0 0 0 0 0 0 0 0 0 0 0 0 0 0 0 0 0 0 0 0 0 0 0 0 0 0 0 0 0 0 0 0 0 0 0 0 0 0 0 0 0 0 0 0 0 0 0 0 0 0 0 0 0 0 0 0 0 0 0 0 0 0 0 0 0 0 0 0 0 0 0 0 0 0 0 0 0 0 0 0 0 0 0 0 0 0 0 0 0 0 0 0 0 0 0 0 0 0 0
ctxt 5455222599
btime 1790630938
processes 1209299
procs_running 1
procs_blocked 0
softirq 4853533397 73526 14325224 2753177 414110903 601458 0 13560570 56925780 421 56215042
