Running 10s test @ http://127.0.0.1:18500/usleep?ms=10
  16 threads and 128 connections
  Thread Stats   Avg      Stdev     Max   +/- Stdev
    Latency   169.49ms    6.57ms 243.38ms   98.40%
    Req/Sec    49.80     21.47    80.00     64.98%
  Latency Distribution
     50%  169.70ms
     75%  169.94ms
     90%  170.20ms
     99%  171.14ms
  7493 requests in 10.01s, 1.67MB read
Requests/sec:    748.48
Transfer/sec:    171.04KB
## server-stat
cpu  4242565 1855 1795750 56642591 645113 0 846226 0 0 0
cpu0 163090 32 52709 1769161 7655 0 28327 0 0 0
cpu1 164458 37 53682 1772808 9463 0 27523 0 0 0
cpu2 171851 37 54068 1765550 9984 0 27748 0 0 0
cpu3 266704 38 78035 1631342 6569 0 44936 0 0 0
cpu4 262240 44 75637 1639212 8028 0 44783 0 0 0
cpu5 174235 44 55620 1760407 11266 0 28545 0 0 0
cpu6 176335 39 55697 1757498 11971 0 29462 0 0 0
cpu7 182040 37 59236 1745650 11784 0 32571 0 0 0
cpu8 42249 70 45811 1858622 25101 0 13959 0 0 0
cpu9 48783 78 49183 1831342 29385 0 15244 0 0 0
cpu10 46060 76 47458 1840676 27200 0 15005 0 0 0
cpu11 41922 72 43130 1863153 25339 0 13315 0 0 0
cpu12 89132 152 53779 1781602 31469 0 16617 0 0 0
cpu13 85205 83 54854 1779748 33401 0 16997 0 0 0
cpu14 41883 70 42709 1866662 23791 0 13084 0 0 0
cpu15 38713 75 39153 1881272 24318 0 11862 0 0 0
cpu16 223122 32 65572 1695551 10617 0 36384 0 0 0
cpu17 209913 31 63399 1709054 13664 0 34729 0 0 0
cpu18 193211 31 61299 1728825 14182 0 33601 0 0 0
cpu19 352627 28 94547 1521340 6207 0 55248 0 0 0
cpu20 317266 28 88271 1563288 9484 0 52541 0 0 0
cpu21 191671 34 60677 1729213 16240 0 32890 0 0 0
cpu22 174590 37 57959 1750135 16412 0 30863 0 0 0
cpu23 150882 36 51713 1786833 16039 0 25798 0 0 0
cpu24 45368 75 44228 1859002 29054 0 14037 0 0 0
cpu25 50859 71 49338 1832362 32032 0 16632 0 0 0
cpu26 48522 67 48113 1839556 31083 0 16149 0 0 0
cpu27 40987 58 42931 1851652 29337 0 21898 0 0 0
cpu28 80476 93 57683 1767890 34987 0 29428 0 0 0
cpu29 84310 129 59825 1755640 35981 0 30016 0 0 0
cpu30 40340 52 44645 1845868 26334 0 21953 0 0 0
cpu31 43507 54 44774 1861663 26720 0 14069 0 0 0
intr 3522829280 126 0 0 0 0 0 0 0 0 1 0 0 0 0 0 0 0 0 0 0 0 0 0 0 0 0 0 1 1 1 0 0 0 0 1 0 1 0 0 75045 0 0 0 0 0 0 0 0 411 0 0 0 0 0 0 0 0 87 0 0 0 0 0 0 0 0 0 0 0 0 0 0 0 600591 2 35069983 35004582 34920923 35067777 0 16728 15666 19366 19529 12062 15305 20079 20968 17606 55775 75888 61763 51493 83455 79159 45514 42514 19994 23052 27478 11375 17629 25892 26169 22437 57707 71606 64730 52360 83118 90424 47119 48104 0 0 0 0 617377 4732 1036 0 264 0 0 0 0 0 0 0 0 0 0 0 0 0 0 0 0 0 0 0 0 0 0 0 0 0 0 0 0 0 0 0 0 0 0 0 0 0 0 0 0 0 0 0 0 0 0 0 0 0 0 0 0 0 0 0 0 0 0 0 0 0 0 0 0 0 0 0 0 0 0 0 0 0 0 0 0 0 0 0 0 0 0 0 0 0 0 0 0 0 0 0 0 0 0 0 0 0 0 0 0 0 0 0 0 0 0 0 0 0 0 0 0 0 0 0 0 0 0 0 0 0 0 0 0 0 0 0 0 0 0 0 0 0 0 0 0 0 0 0 0 0 0 0 0 0 0 0 0 0 0 0 0 0 0 0 0 0 0 0 0 0 0 0 0 0 0 0 0 0 0 0 0 0 0 0 0 0 0 0 0 0 0 0 0 0 0 0 0 0 0 0 0 0 0 0 0 0 0 0 0 0 0 0 0 0 0 0 0 0 0 0 0 0 0 0 0 0 0 0 0 0 0 0 0 0 0 0 0 0 0 0 0 0 0 0 0 0 0 0 0 0 0 0 0 0 0 0 0 0 0 0 0 0 0 0 0 0 0 0 0 0 0 0 0 0 0 0 0 0 0 0 0 0 0 0 0 0 0 0 0 0 0 0 0 0 0 0 0 0 0 0 0 0 0 0 0 0 0 0 0 0 0 0 0 0 0 0 0 0 0 0 0 0 0 0 0 0 0 0 0 0 0 0 0 0 0 0 0 0 0 0 0 0 0 0 0 0 0 0 0 0 0 0 0 0 0 0 0 0 0 0 0 0 0 0 0 0 0 0 0 0 0 0 0 0 0 0 0 0 0 0 0 0 0 0 0 0 0 0 0 0 0 0 0 0 0 0 0 0 0 0 0 0 0 0 0 0 0 0 0 0 0 0 0 0 0 0 0 0 0 0 0 0 0 0 0 0 0 0 0 0 0 0 0 0 0 0 0 0 0 0 0 0 0 0 0 0 0 0 0 0 0 0 0 0 0 0 0 0 0 0 0 0 0 0 0 0 0 0 0 0 0 0 0 0 0 0 0 0 0 0 0 0 0 0 0 0 0 0 0 0 0 0 0 0 0 0 0 0 0 0 0 0 0 0 0 0 0 0 0 0 0 0 0 0 0 0 0 0 0 0 0 0 0 0 0 0 0 0 0 0 0 0 0 0 0 0 0 0 0 0 0 0 0 0 0 0 0 0 0 0 0 0 0 0 0 0 0 0 0 0 0 0 0 0 0 0 0 0 0 0 0 0 0 0 0 0 0 0 0 0 0 0 0 0 0 0 0 0 0 0 0 0 0 0 0 0 0 0 0 0 0 0 0 0 0 0 0 0 0 0 0 0 0 0 0 0 0 0 0 0 0 0 0 0 0 0 0 0 0 0 0 0 0 0 0 0 0 0 0 0 0 0 0 0 0 0 0 0 0 0 0 0 0 0 0 0 0 0 0 0 0 0 0 0 0 0 0 0 0 0 0 0 0 0 0 0 0 0 0 0 0 0 0 0 0 0 0 0 0 0 0 0 0 0 0 0 0 0 0 0 0 0 0 0 0 0 0 0 0 0 0 0 0 0 0 0 0 0 0 0 0 0 0 0 0 0 0 0 0 0 0 0 0 0 0 0 0 0 0 0 0 0 0 0 0 0 0 0 0 0 0 0 0 0 0 0 0 0 0 0 0 0 0 0 0 0 0 0 0 0 0 0 0 0 0 0 0 0 0 0 0 0 0 0 0 0 0 0 0 0 0 0 0 0 0 0 0 0 0 0 0 0 0 0 0 0 0 0 0 0 0 0 0 0 0 0 0 0 0 0 0 0 0 0 0 0 0 0 0 0 0 0 0 0 0 0 0 0 0 0 0 0 0 0 0 0 0 0 0 0 0 0 0 0 0 0 0 0 0 0 0 0 0 0 0 0 0 0 0 0 0 0 0 0 0 0 0 0 0 0 0 0 0 0 0 0 0 0 0 0 0 0 0 0 0 0 0 0 0 0 0 0 0 0 0 0 0 0 0 0 0 0 0 0 0 0 0 0 0 0 0 0 0 0 0 0 0 0 0 0 0 0 0 0 0 0 0 0 0 0 0 0 0 0 0 0 0 0 0 0 0 0 0 0 0 0 0 0 0 0 0 0 0 0 0 0 0 0 0 0 0 0 0 0 0 0 0 0 0 0 0 0 0 0 0 0 0 0 0 0 0 0 0 0 0 0 0 0 0 0 0 0 0 0 0 0 0 0 0 0 0 0 0 0 0 0 0 0 0 0 0 0 0 0 0 0 0 0 0 0 0 0 0 0 0 0 0 0 0 0 0 0 0 0 0 0 0 0 0 0 0 0 0 0 0 0 0 0 0 0 0 0 0 0 0 0 0 0 0 0 0 0 0 0 0 0 0 0 0 0 0 0 0 0 0 0 0 0 0 0 0 0 0 0 0 0 0 0 0 0 0 0 0 0 0 0 0 0 0 0 0
ctxt 5616527844
btime 1790630938
processes 1323615
procs_running 1
procs_blocked 0
softirq 5000484708 73526 15025736 2753189 552984670 626036 0 13560770 58979536 421 61513528
--
cpu  4242962 1856 1795786 56667674 645129 0 846231 0 0 0
cpu0 163123 32 52712 1769922 7655 0 28327 0 0 0
cpu1 164487 37 53684 1773575 9463 0 27524 0 0 0
cpu2 171878 37 54070 1766320 9984 0 27748 0 0 0
cpu3 266752 38 78039 1632087 6569 0 44936 0 0 0
cpu4 262276 44 75640 1639971 8028 0 44783 0 0 0
cpu5 174262 44 55622 1761177 11266 0 28545 0 0 0
cpu6 176354 39 55699 1758277 11971 0 29462 0 0 0
cpu7 182051 37 59237 1746437 11784 0 32571 0 0 0
cpu8 42249 70 45811 1859418 25101 0 13959 0 0 0
cpu9 48786 78 49184 1832136 29385 0 15244 0 0 0
cpu10 46061 76 47458 1841457 27215 0 15005 0 0 0
cpu11 41922 72 43130 1863951 25339 0 13315 0 0 0
cpu12 89141 152 53782 1782386 31469 0 16617 0 0 0
cpu13 85228 83 54856 1780520 33401 0 16997 0 0 0
cpu14 41886 70 42709 1867456 23791 0 13084 0 0 0
cpu15 38713 75 39153 1882070 24318 0 11862 0 0 0
cpu16 223139 32 65574 1696330 10617 0 36385 0 0 0
cpu17 209925 31 63401 1709838 13664 0 34729 0 0 0
cpu18 193220 31 61299 1729613 14182 0 33601 0 0 0
cpu19 352649 28 94549 1522113 6207 0 55248 0 0 0
cpu20 317289 28 88272 1564061 9484 0 52541 0 0 0
cpu21 191676 34 60678 1730005 16240 0 32890 0 0 0
cpu22 174597 37 57959 1750927 16412 0 30863 0 0 0
cpu23 150885 36 51714 1787626 16039 0 25798 0 0 0
cpu24 45370 75 44228 1859799 29054 0 14037 0 0 0
cpu25 50861 71 49338 1833158 32032 0 16632 0 0 0
cpu26 48522 67 48113 1840353 31083 0 16149 0 0 0
cpu27 40990 58 42931 1852447 29337 0 21898 0 0 0
cpu28 80497 93 57685 1768665 34987 0 29428 0 0 0
cpu29 84310 129 59825 1756437 35981 0 30016 0 0 0
cpu30 40340 52 44645 1846666 26334 0 21953 0 0 0
cpu31 43509 55 44774 1862460 26720 0 14069 0 0 0
intr 3523001004 126 0 0 0 0 0 0 0 0 1 0 0 0 0 0 0 0 0 0 0 0 0 0 0 0 0 0 1 1 1 0 0 0 0 1 0 1 0 0 75045 0 0 0 0 0 0 0 0 411 0 0 0 0 0 0 0 0 87 0 0 0 0 0 0 0 0 0 0 0 0 0 0 0 600731 2 35070032 35004613 34920958 35067836 0 16732 15666 19366 19529 12062 15306 20079 20968 17606 55775 75888 61763 51493 83458 79159 45514 42514 19994 23052 27478 11375 17629 25892 26169 22437 57707 71606 64730 52360 83118 90424 47119 48104 0 0 0 0 617377 4732 1036 0 264 0 0 0 0 0 0 0 0 0 0 0 0 0 0 0 0 0 0 0 0 0 0 0 0 0 0 0 0 0 0 0 0 0 0 0 0 0 0 0 0 0 0 0 0 0 0 0 0 0 0 0 0 0 0 0 0 0 0 0 0 0 0 0 0 0 0 0 0 0 0 0 0 0 0 0 0 0 0 0 0 0 0 0 0 0 0 0 0 0 0 0 0 0 0 0 0 0 0 0 0 0 0 0 0 0 0 0 0 0 0 0 0 0 0 0 0 0 0 0 0 0 0 0 0 0 0 0 0 0 0 0 0 0 0 0 0 0 0 0 0 0 0 0 0 0 0 0 0 0 0 0 0 0 0 0 0 0 0 0 0 0 0 0 0 0 0 0 0 0 0 0 0 0 0 0 0 0 0 0 0 0 0 0 0 0 0 0 0 0 0 0 0 0 0 0 0 0 0 0 0 0 0 0 0 0 0 0 0 0 0 0 0 0 0 0 0 0 0 0 0 0 0 0 0 0 0 0 0 0 0 0 0 0 0 0 0 0 0 0 0 0 0 0 0 0 0 0 0 0 0 0 0 0 0 0 0 0 0 0 0 0 0 0 0 0 0 0 0 0 0 0 0 0 0 0 0 0 0 0 0 0 0 0 0 0 0 0 0 0 0 0 0 0 0 0 0 0 0 0 0 0 0 0 0 0 0 0 0 0 0 0 0 0 0 0 0 0 0 0 0 0 0 0 0 0 0 0 0 0 0 0 0 0 0 0 0 0 0 0 0 0 0 0 0 0 0 0 0 0 0 0 0 0 0 0 0 0 0 0 0 0 0 0 0 0 0 0 0 0 0 0 0 0 0 0 0 0 0 0 0 0 0 0 0 0 0 0 0 0 0 0 0 0 0 0 0 0 0 0 0 0 0 0 0 0 0 0 0 0 0 0 0 0 0 0 0 0 0 0 0 0 0 0 0 0 0 0 0 0 0 0 0 0 0 0 0 0 0 0 0 0 0 0 0 0 0 0 0 0 0 0 0 0 0 0 0 0 0 0 0 0 0 0 0 0 0 0 0 0 0 0 0 0 0 0 0 0 0 0 0 0 0 0 0 0 0 0 0 0 0 0 0 0 0 0 0 0 0 0 0 0 0 0 0 0 0 0 0 0 0 0 0 0 0 0 0 0 0 0 0 0 0 0 0 0 0 0 0 0 0 0 0 0 0 0 0 0 0 0 0 0 0 0 0 0 0 0 0 0 0 0 0 0 0 0 0 0 0 0 0 0 0 0 0 0 0 0 0 0 0 0 0 0 0 0 0 0 0 0 0 0 0 0 0 0 0 0 0 0 0 0 0 0 0 0 0 0 0 0 0 0 0 0 0 0 0 0 0 0 0 0 0 0 0 0 0 0 0 0 0 0 0 0 0 0 0 0 0 0 0 0 0 0 0 0 0 0 0 0 0 0 0 0 0 0 0 0 0 0 0 0 0 0 0 0 0 0 0 0 0 0 0 0 0 0 0 0 0 0 0 0 0 0 0 0 0 0 0 0 0 0 0 0 0 0 0 0 0 0 0 0 0 0 0 0 0 0 0 0 0 0 0 0 0 0 0 0 0 0 0 0 0 0 0 0 0 0 0 0 0 0 0 0 0 0 0 0 0 0 0 0 0 0 0 0 0 0 0 0 0 0 0 0 0 0 0 0 0 0 0 0 0 0 0 0 0 0 0 0 0 0 0 0 0 0 0 0 0 0 0 0 0 0 0 0 0 0 0 0 0 0 0 0 0 0 0 0 0 0 0 0 0 0 0 0 0 0 0 0 0 0 0 0 0 0 0 0 0 0 0 0 0 0 0 0 0 0 0 0 0 0 0 0 0 0 0 0 0 0 0 0 0 0 0 0 0 0 0 0 0 0 0 0 0 0 0 0 0 0 0 0 0 0 0 0 0 0 0 0 0 0 0 0 0 0 0 0 0 0 0 0 0 0 0 0 0 0 0 0 0 0 0 0 0 0 0 0 0 0 0 0 0 0 0 0 0 0 0 0 0 0 0 0 0 0 0 0 0 0 0 0 0 0 0 0 0 0 0 0 0 0 0 0 0 0 0 0 0 0 0 0 0 0 0 0 0 0 0 0 0 0 0 0 0 0 0 0 0 0 0 0 0 0 0 0 0 0 0 0 0 0 0 0 0 0 0 0 0 0 0 0 0 0 0 0 0 0 0 0 0 0 0 0 0 0 0 0 0 0 0 0 0 0 0 0 0 0 0 0 0 0 0 0 0 0 0 0 0 0 0 0 0 0 0 0 0 0 0 0 0 0 0 0 0 0 0 0 0 0 0 0 0 0 0 0 0 0 0 0 0 0 0 0 0 0 0 0 0 0 0 0 0 0 0 0 0 0 0 0 0 0 0 0 0 0 0 0 0 0 0 0 0 0 0 0 0 0 0 0 0 0 0 0 0 0 0 0 0 0 0 0 0 0 0 0 0 0 0 0 0 0 0
ctxt 5616811844
btime 1790630938
processes 1323659
procs_running 1
procs_blocked 0
softirq 5000524894 73526 15031057 2753189 553001786 626184 0 13560770 58988621 421 61522044
