Running 10s test @ http://127.0.0.1:18500/counter
  16 threads and 32 connections
  Thread Stats   Avg      Stdev     Max   +/- Stdev
    Latency    22.18ms    3.65ms  95.61ms   95.25%
    Req/Sec    90.50     11.06   222.00     97.32%
  Latency Distribution
     50%   21.75ms
     75%   23.78ms
     90%   24.46ms
     99%   32.87ms
  14512 requests in 10.10s, 15.68MB read
Requests/sec:   1437.12
Transfer/sec:      1.55MB
## server-stat
cpu  3747006 1643 1687188 49540896 392694 0 810253 0 0 0
cpu0 142233 29 48724 1548599 4843 0 26696 0 0 0
cpu1 143745 34 49659 1551749 5886 0 26028 0 0 0
cpu2 147850 34 49973 1548188 5997 0 26141 0 0 0
cpu3 224371 34 70798 1435373 4259 0 42116 0 0 0
cpu4 225997 38 69452 1436328 4905 0 42173 0 0 0
cpu5 153658 37 51624 1539774 6642 0 27066 0 0 0
cpu6 154787 34 52117 1537692 6879 0 28181 0 0 0
cpu7 161279 31 55387 1525811 6629 0 30857 0 0 0
cpu8 41519 60 44401 1622267 14966 0 13628 0 0 0
cpu9 47680 66 47604 1597494 18485 0 14857 0 0 0
cpu10 45209 67 45961 1605823 16623 0 14656 0 0 0
cpu11 41258 61 41795 1626685 15121 0 13031 0 0 0
cpu12 84131 141 51698 1552756 20697 0 16104 0 0 0
cpu13 80420 74 52692 1552098 21617 0 16462 0 0 0
cpu14 41138 61 41267 1630121 14270 0 12773 0 0 0
cpu15 38173 64 37862 1643888 14546 0 11597 0 0 0
cpu16 190374 28 60363 1488132 6514 0 34462 0 0 0
cpu17 179973 28 58599 1499345 8510 0 33034 0 0 0
cpu18 168883 28 56987 1513516 8230 0 32198 0 0 0
cpu19 298359 26 85172 1339165 3913 0 52131 0 0 0
cpu20 265310 25 79630 1378998 5923 0 49589 0 0 0
cpu21 164329 30 56138 1517737 9694 0 31444 0 0 0
cpu22 152464 34 53583 1533657 9651 0 29298 0 0 0
cpu23 132324 33 47961 1565689 9255 0 24712 0 0 0
cpu24 44474 64 42721 1624189 17222 0 13726 0 0 0
cpu25 49783 65 47683 1599240 19520 0 16236 0 0 0
cpu26 47578 59 46508 1605838 18673 0 15784 0 0 0
cpu27 40196 50 41447 1616507 17449 0 21600 0 0 0
cpu28 76612 83 55520 1539707 21871 0 28886 0 0 0
cpu29 80533 119 57532 1527999 22760 0 29428 0 0 0
cpu30 39582 45 43047 1610399 15734 0 21606 0 0 0
cpu31 42770 46 43271 1626117 15396 0 13741 0 0 0
intr 3339405866 126 0 0 0 0 0 0 0 0 1 0 0 0 0 0 0 0 0 0 0 0 0 0 0 0 0 0 1 1 1 0 0 0 0 1 0 1 0 0 75045 0 0 0 0 0 0 0 0 411 0 0 0 0 0 0 0 0 87 0 0 0 0 0 0 0 0 0 0 0 0 0 0 0 504691 2 35059099 34998016 34913428 35056033 0 14697 11394 13172 12596 8656 10587 13687 14685 11455 41016 55747 44137 37914 56043 53735 33884 30226 13860 15588 18848 7805 11917 17351 17494 15301 39088 49247 45674 36721 55046 59493 33588 34571 0 0 0 0 617209 4516 1036 0 264 0 0 0 0 0 0 0 0 0 0 0 0 0 0 0 0 0 0 0 0 0 0 0 0 0 0 0 0 0 0 0 0 0 0 0 0 0 0 0 0 0 0 0 0 0 0 0 0 0 0 0 0 0 0 0 0 0 0 0 0 0 0 0 0 0 0 0 0 0 0 0 0 0 0 0 0 0 0 0 0 0 0 0 0 0 0 0 0 0 0 0 0 0 0 0 0 0 0 0 0 0 0 0 0 0 0 0 0 0 0 0 0 0 0 0 0 0 0 0 0 0 0 0 0 0 0 0 0 0 0 0 0 0 0 0 0 0 0 0 0 0 0 0 0 0 0 0 0 0 0 0 0 0 0 0 0 0 0 0 0 0 0 0 0 0 0 0 0 0 0 0 0 0 0 0 0 0 0 0 0 0 0 0 0 0 0 0 0 0 0 0 0 0 0 0 0 0 0 0 0 0 0 0 0 0 0 0 0 0 0 0 0 0 0 0 0 0 0 0 0 0 0 0 0 0 0 0 0 0 0 0 0 0 0 0 0 0 0 0 0 0 0 0 0 0 0 0 0 0 0 0 0 0 0 0 0 0 0 0 0 0 0 0 0 0 0 0 0 0 0 0 0 0 0 0 0 0 0 0 0 0 0 0 0 0 0 0 0 0 0 0 0 0 0 0 0 0 0 0 0 0 0 0 0 0 0 0 0 0 0 0 0 0 0 0 0 0 0 0 0 0 0 0 0 0 0 0 0 0 0 0 0 0 0 0 0 0 0 0 0 0 0 0 0 0 0 0 0 0 0 0 0 0 0 0 0 0 0 0 0 0 0 0 0 0 0 0 0 0 0 0 0 0 0 0 0 0 0 0 0 0 0 0 0 0 0 0 0 0 0 0 0 0 0 0 0 0 0 0 0 0 0 0 0 0 0 0 0 0 0 0 0 0 0 0 0 0 0 0 0 0 0 0 0 0 0 0 0 0 0 0 0 0 0 0 0 0 0 0 0 0 0 0 0 0 0 0 0 0 0 0 0 0 0 0 0 0 0 0 0 0 0 0 0 0 0 0 0 0 0 0 0 0 0 0 0 0 0 0 0 0 0 0 0 0 0 0 0 0 0 0 0 0 0 0 0 0 0 0 0 0 0 0 0 0 0 0 0 0 0 0 0 0 0 0 0 0 0 0 0 0 0 0 0 0 0 0 0 0 0 0 0 0 0 0 0 0 0 0 0 0 0 0 0 0 0 0 0 0 0 0 0 0 0 0 0 0 0 0 0 0 0 0 0 0 0 0 0 0 0 0 0 0 0 0 0 0 0 0 0 0 0 0 0 0 0 0 0 0 0 0 0 0 0 0 0 0 0 0 0 0 0 0 0 0 0 0 0 0 0 0 0 0 0 0 0 0 0 0 0 0 0 0 0 0 0 0 0 0 0 0 0 0 0 0 0 0 0 0 0 0 0 0 0 0 0 0 0 0 0 0 0 0 0 0 0 0 0 0 0 0 0 0 0 0 0 0 0 0 0 0 0 0 0 0 0 0 0 0 0 0 0 0 0 0 0 0 0 0 0 0 0 0 0 0 0 0 0 0 0 0 0 0 0 0 0 0 0 0 0 0 0 0 0 0 0 0 0 0 0 0 0 0 0 0 0 0 0 0 0 0 0 0 0 0 0 0 0 0 0 0 0 0 0 0 0 0 0 0 0 0 0 0 0 0 0 0 0 0 0 0 0 0 0 0 0 0 0 0 0 0 0 0 0 0 0 0 0 0 0 0 0 0 0 0 0 0 0 0 0 0 0 0 0 0 0 0 0 0 0 0 0 0 0 0 0 0 0 0 0 0 0 0 0 0 0 0 0 0 0 0 0 0 0 0 0 0 0 0 0 0 0 0 0 0 0 0 0 0 0 0 0 0 0 0 0 0 0 0 0 0 0 0 0 0 0 0 0 0 0 0 0 0 0 0 0 0 0 0 0 0 0 0 0 0 0 0 0 0 0 0 0 0 0 0 0 0 0 0 0 0 0 0 0 0 0 0 0 0 0 0 0 0 0 0 0 0 0 0 0 0 0 0 0 0 0 0 0 0 0 0 0 0 0 0 0 0 0 0 0 0 0 0 0 0 0 0 0 0 0 0 0 0 0 0 0 0 0 0 0 0 0 0 0 0 0 0 0 0 0 0 0 0 0 0 0 0 0 0 0 0 0 0 0 0 0 0 0 0 0 0 0 0 0 0 0 0 0 0 0 0 0 0 0 0 0 0 0 0 0 0 0 0 0 0 0 0 0 0 0 0 0 0 0 0 0 0 0 0 0 0 0 0 0 0 0 0 0 0 0 0 0 0 0 0 0 0 0 0 0 0 0 0 0 0 0 0 0 0 0 0 0 0 0 0 0 0 0 0 0 0 0 0 0 0 0 0 0 0 0 0 0 0 0 0 0 0 0 0 0 0 0 0 0 0 0 0 0 0 0 0 0 0 0 0 0 0 0 0 0 0 0
ctxt 5297107869
btime 1790630938
processes 937033
procs_running 2
procs_blocked 1
softirq 4772112693 73526 13124517 2753168 343572772 526932 0 13560230 53955501 421 49578330
--
cpu  3747968 1644 1687333 49563221 394733 0 810257 0 0 0
cpu0 142267 29 48729 1549327 4862 0 26696 0 0 0
cpu1 143763 34 49661 1552503 5906 0 26028 0 0 0
cpu2 147857 34 49975 1548952 6019 0 26141 0 0 0
cpu3 224531 34 70815 1435990 4259 0 42116 0 0 0
cpu4 226172 38 69473 1436923 4913 0 42173 0 0 0
cpu5 153662 37 51627 1540541 6666 0 27066 0 0 0
cpu6 154791 34 52118 1538466 6897 0 28181 0 0 0
cpu7 161281 31 55389 1526585 6648 0 30857 0 0 0
cpu8 41519 60 44402 1622979 15048 0 13628 0 0 0
cpu9 47684 66 47606 1598161 18610 0 14857 0 0 0
cpu10 45210 67 45962 1606503 16736 0 14656 0 0 0
cpu11 41260 61 41796 1627394 15207 0 13031 0 0 0
cpu12 84141 141 51700 1553447 20789 0 16105 0 0 0
cpu13 80427 74 52694 1552753 21747 0 16462 0 0 0
cpu14 41138 61 41268 1630823 14363 0 12773 0 0 0
cpu15 38173 64 37864 1644606 14624 0 11597 0 0 0
cpu16 190394 28 60366 1488890 6530 0 34462 0 0 0
cpu17 179981 28 58601 1500098 8542 0 33034 0 0 0
cpu18 168887 28 56988 1514276 8261 0 32198 0 0 0
cpu19 298755 26 85215 1339515 3919 0 52131 0 0 0
cpu20 265376 25 79639 1379684 5957 0 49589 0 0 0
cpu21 164330 30 56139 1518494 9731 0 31444 0 0 0
cpu22 152466 34 53585 1534420 9681 0 29298 0 0 0
cpu23 132326 33 47961 1566458 9279 0 24712 0 0 0
cpu24 44475 64 42723 1624887 17319 0 13726 0 0 0
cpu25 49783 65 47685 1599933 19620 0 16236 0 0 0
cpu26 47579 59 46510 1606491 18814 0 15785 0 0 0
cpu27 40196 50 41448 1617206 17544 0 21600 0 0 0
cpu28 76616 83 55522 1540363 22004 0 28886 0 0 0
cpu29 80559 119 57535 1528650 22875 0 29428 0 0 0
cpu30 39584 45 43049 1611076 15851 0 21606 0 0 0
cpu31 42771 46 43272 1626812 15496 0 13741 0 0 0
intr 3339719016 126 0 0 0 0 0 0 0 0 1 0 0 0 0 0 0 0 0 0 0 0 0 0 0 0 0 0 1 1 1 0 0 0 0 1 0 1 0 0 75045 0 0 0 0 0 0 0 0 411 0 0 0 0 0 0 0 0 87 0 0 0 0 0 0 0 0 0 0 0 0 0 0 0 505425 2 35059110 34998021 34913439 35056042 0 14709 11524 13272 12687 8665 10609 13809 14754 11536 41544 56492 44899 38475 56561 54153 34354 30590 13963 15695 19086 7834 12096 17489 17618 15396 39649 49712 46461 37204 55801 60183 34375 35087 0 0 0 0 617209 4516 1036 0 264 0 0 0 0 0 0 0 0 0 0 0 0 0 0 0 0 0 0 0 0 0 0 0 0 0 0 0 0 0 0 0 0 0 0 0 0 0 0 0 0 0 0 0 0 0 0 0 0 0 0 0 0 0 0 0 0 0 0 0 0 0 0 0 0 0 0 0 0 0 0 0 0 0 0 0 0 0 0 0 0 0 0 0 0 0 0 0 0 0 0 0 0 0 0 0 0 0 0 0 0 0 0 0 0 0 0 0 0 0 0 0 0 0 0 0 0 0 0 0 0 0 0 0 0 0 0 0 0 0 0 0 0 0 0 0 0 0 0 0 0 0 0 0 0 0 0 0 0 0 0 0 0 0 0 0 0 0 0 0 0 0 0 0 0 0 0 0 0 0 0 0 0 0 0 0 0 0 0 0 0 0 0 0 0 0 0 0 0 0 0 0 0 0 0 0 0 0 0 0 0 0 0 0 0 0 0 0 0 0 0 0 0 0 0 0 0 0 0 0 0 0 0 0 0 0 0 0 0 0 0 0 0 0 0 0 0 0 0 0 0 0 0 0 0 0 0 0 0 0 0 0 0 0 0 0 0 0 0 0 0 0 0 0 0 0 0 0 0 0 0 0 0 0 0 0 0 0 0 0 0 0 0 0 0 0 0 0 0 0 0 0 0 0 0 0 0 0 0 0 0 0 0 0 0 0 0 0 0 0 0 0 0 0 0 0 0 0 0 0 0 0 0 0 0 0 0 0 0 0 0 0 0 0 0 0 0 0 0 0 0 0 0 0 0 0 0 0 0 0 0 0 0 0 0 0 0 0 0 0 0 0 0 0 0 0 0 0 0 0 0 0 0 0 0 0 0 0 0 0 0 0 0 0 0 0 0 0 0 0 0 0 0 0 0 0 0 0 0 0 0 0 0 0 0 0 0 0 0 0 0 0 0 0 0 0 0 0 0 0 0 0 0 0 0 0 0 0 0 0 0 0 0 0 0 0 0 0 0 0 0 0 0 0 0 0 0 0 0 0 0 0 0 0 0 0 0 0 0 0 0 0 0 0 0 0 0 0 0 0 0 0 0 0 0 0 0 0 0 0 0 0 0 0 0 0 0 0 0 0 0 0 0 0 0 0 0 0 0 0 0 0 0 0 0 0 0 0 0 0 0 0 0 0 0 0 0 0 0 0 0 0 0 0 0 0 0 0 0 0 0 0 0 0 0 0 0 0 0 0 0 0 0 0 0 0 0 0 0 0 0 0 0 0 0 0 0 0 0 0 0 0 0 0 0 0 0 0 0 0 0 0 0 0 0 0 0 0 0 0 0 0 0 0 0 0 0 0 0 0 0 0 0 0 0 0 0 0 0 0 0 0 0 0 0 0 0 0 0 0 0 0 0 0 0 0 0 0 0 0 0 0 0 0 0 0 0 0 0 0 0 0 0 0 0 0 0 0 0 0 0 0 0 0 0 0 0 0 0 0 0 0 0 0 0 0 0 0 0 0 0 0 0 0 0 0 0 0 0 0 0 0 0 0 0 0 0 0 0 0 0 0 0 0 0 0 0 0 0 0 0 0 0 0 0 0 0 0 0 0 0 0 0 0 0 0 0 0 0 0 0 0 0 0 0 0 0 0 0 0 0 0 0 0 0 0 0 0 0 0 0 0 0 0 0 0 0 0 0 0 0 0 0 0 0 0 0 0 0 0 0 0 0 0 0 0 0 0 0 0 0 0 0 0 0 0 0 0 0 0 0 0 0 0 0 0 0 0 0 0 0 0 0 0 0 0 0 0 0 0 0 0 0 0 0 0 0 0 0 0 0 0 0 0 0 0 0 0 0 0 0 0 0 0 0 0 0 0 0 0 0 0 0 0 0 0 0 0 0 0 0 0 0 0 0 0 0 0 0 0 0 0 0 0 0 0 0 0 0 0 0 0 0 0 0 0 0 0 0 0 0 0 0 0 0 0 0 0 0 0 0 0 0 0 0 0 0 0 0 0 0 0 0 0 0 0 0 0 0 0 0 0 0 0 0 0 0 0 0 0 0 0 0 0 0 0 0 0 0 0 0 0 0 0 0 0 0 0 0 0 0 0 0 0 0 0 0 0 0 0 0 0 0 0 0 0 0 0 0 0 0 0 0 0 0 0 0 0 0 0 0 0 0 0 0 0 0 0 0 0 0 0 0 0 0 0 0 0 0 0 0 0 0 0 0 0 0 0 0 0 0 0 0 0 0 0 0 0 0 0 0 0 0 0 0 0 0 0 0 0 0 0 0 0 0 0 0 0 0 0 0 0 0 0 0 0 0 0 0 0 0 0 0 0 0 0 0 0 0 0 0 0 0 0 0 0 0 0 0 0 0 0 0 0 0 0 0 0 0 0 0 0 0 0 0 0 0 0 0 0 0 0 0 0 0 0 0 0 0 0 0 0 0 0 0 0 0 0 0 0 0 0 0 0 0 0 0 0 0 0 0 0 0 0 0 0 0 0 0 0 0 0 0
ctxt 5297660225
btime 1790630938
processes 937113
procs_running 2
procs_blocked 4
softirq 4772162004 73526 13128116 2753168 343595939 527685 0 13560230 53968745 421 49586878
