Running 10s test @ http://127.0.0.1:18500/api/json
  16 threads and 128 connections
  Thread Stats   Avg      Stdev     Max   +/- Stdev
    Latency     5.94ms  167.06us   8.53ms   81.71%
    Req/Sec     1.35k    18.39     1.38k    69.56%
  Latency Distribution
     50%    5.90ms
     75%    5.98ms
     90%    6.16ms
     99%    6.42ms
  215547 requests in 10.01s, 49.95MB read
Requests/sec:  21541.04
Transfer/sec:      4.99MB
## server-stat
cpu  3904981 1755 1722626 53618090 527858 0 818839 0 0 0
cpu0 147230 31 49671 1678063 6595 0 27183 0 0 0
cpu1 147160 36 50487 1683296 8002 0 26269 0 0 0
cpu2 151978 36 50864 1679126 8063 0 26335 0 0 0
cpu3 243074 36 73903 1549409 5361 0 43261 0 0 0
cpu4 244406 41 72465 1549836 6776 0 43662 0 0 0
cpu5 157386 41 52500 1670986 8993 0 27219 0 0 0
cpu6 158164 36 52915 1669297 9353 0 28321 0 0 0
cpu7 163574 35 56044 1658684 9137 0 30970 0 0 0
cpu8 41889 66 44875 1753935 20274 0 13667 0 0 0
cpu9 48229 73 48173 1727603 24274 0 14921 0 0 0
cpu10 45634 72 46478 1736428 22281 0 14711 0 0 0
cpu11 41584 68 42257 1758172 20511 0 13067 0 0 0
cpu12 87125 147 52522 1679925 26379 0 16216 0 0 0
cpu13 83253 78 53537 1678680 27910 0 16582 0 0 0
cpu14 41498 66 41791 1761498 19371 0 12822 0 0 0
cpu15 38422 70 38357 1775757 19692 0 11632 0 0 0
cpu16 196956 31 61448 1616070 9116 0 34626 0 0 0
cpu17 186576 29 59732 1626903 11379 0 33197 0 0 0
cpu18 173722 30 57954 1642856 11307 0 32342 0 0 0
cpu19 329332 27 90296 1438399 5206 0 53828 0 0 0
cpu20 289963 27 83519 1485326 8300 0 50727 0 0 0
cpu21 169007 32 57122 1646756 13220 0 31602 0 0 0
cpu22 155905 36 54431 1664065 13229 0 29429 0 0 0
cpu23 135559 34 48760 1696476 12734 0 24842 0 0 0
cpu24 44895 71 43290 1754668 23686 0 13768 0 0 0
cpu25 50292 68 48267 1729038 26381 0 16286 0 0 0
cpu26 48000 62 47070 1736040 25407 0 15825 0 0 0
cpu27 40571 54 41991 1747502 23725 0 21632 0 0 0
cpu28 78305 87 56222 1667738 28978 0 28957 0 0 0
cpu29 82275 123 58256 1656105 29513 0 29511 0 0 0
cpu30 39899 48 43619 1742011 21210 0 21644 0 0 0
cpu31 43106 50 43796 1757425 21480 0 13770 0 0 0
intr 3407532959 126 0 0 0 0 0 0 0 0 1 0 0 0 0 0 0 0 0 0 0 0 0 0 0 0 0 0 1 1 1 0 0 0 0 1 0 1 0 0 75045 0 0 0 0 0 0 0 0 411 0 0 0 0 0 0 0 0 87 0 0 0 0 0 0 0 0 0 0 0 0 0 0 0 554449 2 35065242 35002278 34918170 35062347 0 15817 13843 16944 16631 10289 12779 16662 17748 14347 49010 65786 53032 45118 67902 65551 39914 36716 17297 19067 22802 9228 15280 21497 21913 18987 47290 60181 56049 44854 68807 71681 41165 41690 0 0 0 0 617301 4637 1036 0 264 0 0 0 0 0 0 0 0 0 0 0 0 0 0 0 0 0 0 0 0 0 0 0 0 0 0 0 0 0 0 0 0 0 0 0 0 0 0 0 0 0 0 0 0 0 0 0 0 0 0 0 0 0 0 0 0 0 0 0 0 0 0 0 0 0 0 0 0 0 0 0 0 0 0 0 0 0 0 0 0 0 0 0 0 0 0 0 0 0 0 0 0 0 0 0 0 0 0 0 0 0 0 0 0 0 0 0 0 0 0 0 0 0 0 0 0 0 0 0 0 0 0 0 0 0 0 0 0 0 0 0 0 0 0 0 0 0 0 0 0 0 0 0 0 0 0 0 0 0 0 0 0 0 0 0 0 0 0 0 0 0 0 0 0 0 0 0 0 0 0 0 0 0 0 0 0 0 0 0 0 0 0 0 0 0 0 0 0 0 0 0 0 0 0 0 0 0 0 0 0 0 0 0 0 0 0 0 0 0 0 0 0 0 0 0 0 0 0 0 0 0 0 0 0 0 0 0 0 0 0 0 0 0 0 0 0 0 0 0 0 0 0 0 0 0 0 0 0 0 0 0 0 0 0 0 0 0 0 0 0 0 0 0 0 0 0 0 0 0 0 0 0 0 0 0 0 0 0 0 0 0 0 0 0 0 0 0 0 0 0 0 0 0 0 0 0 0 0 0 0 0 0 0 0 0 0 0 0 0 0 0 0 0 0 0 0 0 0 0 0 0 0 0 0 0 0 0 0 0 0 0 0 0 0 0 0 0 0 0 0 0 0 0 0 0 0 0 0 0 0 0 0 0 0 0 0 0 0 0 0 0 0 0 0 0 0 0 0 0 0 0 0 0 0 0 0 0 0 0 0 0 0 0 0 0 0 0 0 0 0 0 0 0 0 0 0 0 0 0 0 0 0 0 0 0 0 0 0 0 0 0 0 0 0 0 0 0 0 0 0 0 0 0 0 0 0 0 0 0 0 0 0 0 0 0 0 0 0 0 0 0 0 0 0 0 0 0 0 0 0 0 0 0 0 0 0 0 0 0 0 0 0 0 0 0 0 0 0 0 0 0 0 0 0 0 0 0 0 0 0 0 0 0 0 0 0 0 0 0 0 0 0 0 0 0 0 0 0 0 0 0 0 0 0 0 0 0 0 0 0 0 0 0 0 0 0 0 0 0 0 0 0 0 0 0 0 0 0 0 0 0 0 0 0 0 0 0 0 0 0 0 0 0 0 0 0 0 0 0 0 0 0 0 0 0 0 0 0 0 0 0 0 0 0 0 0 0 0 0 0 0 0 0 0 0 0 0 0 0 0 0 0 0 0 0 0 0 0 0 0 0 0 0 0 0 0 0 0 0 0 0 0 0 0 0 0 0 0 0 0 0 0 0 0 0 0 0 0 0 0 0 0 0 0 0 0 0 0 0 0 0 0 0 0 0 0 0 0 0 0 0 0 0 0 0 0 0 0 0 0 0 0 0 0 0 0 0 0 0 0 0 0 0 0 0 0 0 0 0 0 0 0 0 0 0 0 0 0 0 0 0 0 0 0 0 0 0 0 0 0 0 0 0 0 0 0 0 0 0 0 0 0 0 0 0 0 0 0 0 0 0 0 0 0 0 0 0 0 0 0 0 0 0 0 0 0 0 0 0 0 0 0 0 0 0 0 0 0 0 0 0 0 0 0 0 0 0 0 0 0 0 0 0 0 0 0 0 0 0 0 0 0 0 0 0 0 0 0 0 0 0 0 0 0 0 0 0 0 0 0 0 0 0 0 0 0 0 0 0 0 0 0 0 0 0 0 0 0 0 0 0 0 0 0 0 0 0 0 0 0 0 0 0 0 0 0 0 0 0 0 0 0 0 0 0 0 0 0 0 0 0 0 0 0 0 0 0 0 0 0 0 0 0 0 0 0 0 0 0 0 0 0 0 0 0 0 0 0 0 0 0 0 0 0 0 0 0 0 0 0 0 0 0 0 0 0 0 0 0 0 0 0 0 0 0 0 0 0 0 0 0 0 0 0 0 0 0 0 0 0 0 0 0 0 0 0 0 0 0 0 0 0 0 0 0 0 0 0 0 0 0 0 0 0 0 0 0 0 0 0 0 0 0 0 0 0 0 0 0 0 0 0 0 0 0 0 0 0 0 0 0 0 0 0 0 0 0 0 0 0 0 0 0 0 0 0 0 0 0 0 0 0 0 0 0 0 0 0 0 0 0 0 0 0 0 0 0 0 0 0 0 0 0 0 0 0 0 0 0 0 0 0 0 0 0 0 0 0 0 0 0 0 0 0 0 0 0 0 0 0 0 0 0 0 0 0 0 0 0 0 0 0 0 0 0 0 0 0 0 0 0 0 0 0 0 0 0 0 0 0 0 0 0 0 0 0 0 0 0 0 0 0 0 0 0 0 0 0 0 0 0 0 0 0 0 0 0 0 0 0 0 0 0 0 0 0 0 0 0 0 0 0 0 0 0 0 0 0 0 0 0 0
ctxt 5414601468
btime 1790630938
processes 1142827
procs_running 12
procs_blocked 0
softirq 4836480860 73526 13982890 2753177 400359030 578462 0 13560510 56092824 421 54112724
--
cpu  3911804 1756 1722917 53635984 527873 0 818937 0 0 0
cpu0 147413 31 49694 1678600 6595 0 27194 0 0 0
cpu1 147539 36 50506 1683668 8002 0 26276 0 0 0
cpu2 152273 36 50882 1679580 8063 0 26342 0 0 0
cpu3 243353 36 73923 1549879 5361 0 43268 0 0 0
cpu4 244696 41 72486 1550290 6776 0 43670 0 0 0
cpu5 157856 41 52518 1671279 8993 0 27225 0 0 0
cpu6 158614 36 52932 1669608 9353 0 28327 0 0 0
cpu7 164002 35 56057 1659024 9137 0 30974 0 0 0
cpu8 41889 66 44876 1754725 20275 0 13667 0 0 0
cpu9 48232 73 48174 1728389 24274 0 14922 0 0 0
cpu10 45636 72 46479 1737213 22282 0 14711 0 0 0
cpu11 41585 68 42257 1758961 20511 0 13067 0 0 0
cpu12 87138 147 52523 1680694 26379 0 16217 0 0 0
cpu13 83260 78 53539 1679441 27923 0 16583 0 0 0
cpu14 41500 66 41791 1762287 19371 0 12822 0 0 0
cpu15 38422 70 38357 1776548 19692 0 11632 0 0 0
cpu16 197621 31 61460 1616185 9116 0 34627 0 0 0
cpu17 187052 29 59749 1627185 11379 0 33202 0 0 0
cpu18 174285 30 57969 1643061 11307 0 32346 0 0 0
cpu19 329897 27 90313 1438604 5206 0 53832 0 0 0
cpu20 290526 27 83535 1485529 8300 0 50731 0 0 0
cpu21 169392 32 57138 1647125 13220 0 31609 0 0 0
cpu22 156302 36 54450 1664419 13229 0 29437 0 0 0
cpu23 135936 34 48777 1696857 12734 0 24848 0 0 0
cpu24 44895 71 43290 1755464 23686 0 13768 0 0 0
cpu25 50293 68 48268 1729828 26381 0 16286 0 0 0
cpu26 48000 62 47070 1736835 25407 0 15825 0 0 0
cpu27 40572 54 41991 1748292 23725 0 21632 0 0 0
cpu28 78313 87 56223 1668511 28978 0 28957 0 0 0
cpu29 82294 123 58259 1656871 29513 0 29511 0 0 0
cpu30 39900 48 43620 1742799 21211 0 21644 0 0 0
cpu31 43106 50 43797 1758219 21481 0 13770 0 0 0
intr 3408454611 126 0 0 0 0 0 0 0 0 1 0 0 0 0 0 0 0 0 0 0 0 0 0 0 0 0 0 1 1 1 0 0 0 0 1 0 1 0 0 75045 0 0 0 0 0 0 0 0 411 0 0 0 0 0 0 0 0 87 0 0 0 0 0 0 0 0 0 0 0 0 0 0 0 554584 2 35065270 35002307 34918190 35062389 0 15821 13843 16944 16631 10289 12779 16662 17748 14347 49011 65786 53032 45118 67905 65551 39915 36716 17297 19067 22802 9228 15280 21497 21913 18987 47290 60184 56051 44854 68807 71681 41167 41692 0 0 0 0 617301 4637 1036 0 264 0 0 0 0 0 0 0 0 0 0 0 0 0 0 0 0 0 0 0 0 0 0 0 0 0 0 0 0 0 0 0 0 0 0 0 0 0 0 0 0 0 0 0 0 0 0 0 0 0 0 0 0 0 0 0 0 0 0 0 0 0 0 0 0 0 0 0 0 0 0 0 0 0 0 0 0 0 0 0 0 0 0 0 0 0 0 0 0 0 0 0 0 0 0 0 0 0 0 0 0 0 0 0 0 0 0 0 0 0 0 0 0 0 0 0 0 0 0 0 0 0 0 0 0 0 0 0 0 0 0 0 0 0 0 0 0 0 0 0 0 0 0 0 0 0 0 0 0 0 0 0 0 0 0 0 0 0 0 0 0 0 0 0 0 0 0 0 0 0 0 0 0 0 0 0 0 0 0 0 0 0 0 0 0 0 0 0 0 0 0 0 0 0 0 0 0 0 0 0 0 0 0 0 0 0 0 0 0 0 0 0 0 0 0 0 0 0 0 0 0 0 0 0 0 0 0 0 0 0 0 0 0 0 0 0 0 0 0 0 0 0 0 0 0 0 0 0 0 0 0 0 0 0 0 0 0 0 0 0 0 0 0 0 0 0 0 0 0 0 0 0 0 0 0 0 0 0 0 0 0 0 0 0 0 0 0 0 0 0 0 0 0 0 0 0 0 0 0 0 0 0 0 0 0 0 0 0 0 0 0 0 0 0 0 0 0 0 0 0 0 0 0 0 0 0 0 0 0 0 0 0 0 0 0 0 0 0 0 0 0 0 0 0 0 0 0 0 0 0 0 0 0 0 0 0 0 0 0 0 0 0 0 0 0 0 0 0 0 0 0 0 0 0 0 0 0 0 0 0 0 0 0 0 0 0 0 0 0 0 0 0 0 0 0 0 0 0 0 0 0 0 0 0 0 0 0 0 0 0 0 0 0 0 0 0 0 0 0 0 0 0 0 0 0 0 0 0 0 0 0 0 0 0 0 0 0 0 0 0 0 0 0 0 0 0 0 0 0 0 0 0 0 0 0 0 0 0 0 0 0 0 0 0 0 0 0 0 0 0 0 0 0 0 0 0 0 0 0 0 0 0 0 0 0 0 0 0 0 0 0 0 0 0 0 0 0 0 0 0 0 0 0 0 0 0 0 0 0 0 0 0 0 0 0 0 0 0 0 0 0 0 0 0 0 0 0 0 0 0 0 0 0 0 0 0 0 0 0 0 0 0 0 0 0 0 0 0 0 0 0 0 0 0 0 0 0 0 0 0 0 0 0 0 0 0 0 0 0 0 0 0 0 0 0 0 0 0 0 0 0 0 0 0 0 0 0 0 0 0 0 0 0 0 0 0 0 0 0 0 0 0 0 0 0 0 0 0 0 0 0 0 0 0 0 0 0 0 0 0 0 0 0 0 0 0 0 0 0 0 0 0 0 0 0 0 0 0 0 0 0 0 0 0 0 0 0 0 0 0 0 0 0 0 0 0 0 0 0 0 0 0 0 0 0 0 0 0 0 0 0 0 0 0 0 0 0 0 0 0 0 0 0 0 0 0 0 0 0 0 0 0 0 0 0 0 0 0 0 0 0 0 0 0 0 0 0 0 0 0 0 0 0 0 0 0 0 0 0 0 0 0 0 0 0 0 0 0 0 0 0 0 0 0 0 0 0 0 0 0 0 0 0 0 0 0 0 0 0 0 0 0 0 0 0 0 0 0 0 0 0 0 0 0 0 0 0 0 0 0 0 0 0 0 0 0 0 0 0 0 0 0 0 0 0 0 0 0 0 0 0 0 0 0 0 0 0 0 0 0 0 0 0 0 0 0 0 0 0 0 0 0 0 0 0 0 0 0 0 0 0 0 0 0 0 0 0 0 0 0 0 0 0 0 0 0 0 0 0 0 0 0 0 0 0 0 0 0 0 0 0 0 0 0 0 0 0 0 0 0 0 0 0 0 0 0 0 0 0 0 0 0 0 0 0 0 0 0 0 0 0 0 0 0 0 0 0 0 0 0 0 0 0 0 0 0 0 0 0 0 0 0 0 0 0 0 0 0 0 0 0 0 0 0 0 0 0 0 0 0 0 0 0 0 0 0 0 0 0 0 0 0 0 0 0 0 0 0 0 0 0 0 0 0 0 0 0 0 0 0 0 0 0 0 0 0 0 0 0 0 0 0 0 0 0 0 0 0 0 0 0 0 0 0 0 0 0 0 0 0 0 0 0 0 0 0 0 0 0 0 0 0 0 0 0 0 0 0 0 0 0 0 0 0 0 0 0 0 0 0 0 0 0 0 0 0 0 0 0 0 0 0 0 0 0 0 0 0 0 0 0 0 0 0 0 0 0 0 0 0 0 0 0 0 0 0 0 0 0 0 0 0 0 0 0 0 0 0 0 0 0 0 0 0 0 0 0 0 0 0 0 0 0 0 0 0 0 0 0 0 0 0 0 0 0 0 0 0 0 0 0 0 0 0 0 0 0 0 0 0 0 0 0
ctxt 5416195573
btime 1790630938
processes 1142876
procs_running 10
procs_blocked 0
softirq 4836874030 73526 13985880 2753177 400704302 578604 0 13560510 56110903 421 54139411
