Running 10s test @ http://127.0.0.1:18500/api/json
  16 threads and 128 connections
  Thread Stats   Avg      Stdev     Max   +/- Stdev
    Latency     6.00ms  530.32us   9.10ms   98.88%
    Req/Sec     1.34k   402.17    17.40k    99.94%
  Latency Distribution
     50%    6.06ms
     75%    6.12ms
     90%    6.18ms
     99%    6.31ms
  213382 requests in 10.10s, 49.45MB read
Requests/sec:  21129.05
Transfer/sec:      4.90MB
## server-stat
cpu  4299980 1893 1806647 57986690 720560 0 847168 0 0 0
cpu0 164510 33 53128 1811983 8666 0 28467 0 0 0
cpu1 167316 38 54031 1814588 10687 0 27557 0 0 0
cpu2 174047 38 54384 1808063 11337 0 27798 0 0 0
cpu3 272017 39 78866 1671162 7136 0 44974 0 0 0
cpu4 266795 45 76211 1679726 8979 0 44824 0 0 0
cpu5 175761 45 55984 1803540 12610 0 28596 0 0 0
cpu6 177381 40 56009 1800958 13547 0 29514 0 0 0
cpu7 183978 38 59500 1788501 13340 0 32602 0 0 0
cpu8 42388 71 46008 1902084 27882 0 13974 0 0 0
cpu9 48968 80 49411 1874296 32444 0 15264 0 0 0
cpu10 46182 78 47663 1883701 30283 0 15024 0 0 0
cpu11 42029 74 43316 1906216 28564 0 13331 0 0 0
cpu12 90070 154 54097 1823087 35065 0 16650 0 0 0
cpu13 86194 85 55181 1821605 36506 0 17031 0 0 0
cpu14 42003 72 42902 1910090 26560 0 13101 0 0 0
cpu15 38798 76 39336 1924794 27134 0 11874 0 0 0
cpu16 226943 32 65968 1736361 12125 0 36398 0 0 0
cpu17 211950 32 63768 1751365 15373 0 34773 0 0 0
cpu18 195593 32 61653 1770620 16122 0 33625 0 0 0
cpu19 361937 29 95655 1556933 6803 0 55276 0 0 0
cpu20 324335 28 88975 1600863 10705 0 52572 0 0 0
cpu21 194529 35 61006 1770589 18347 0 32905 0 0 0
cpu22 177329 39 58248 1791652 18590 0 30878 0 0 0
cpu23 152411 37 52000 1829494 18090 0 25834 0 0 0
cpu24 45504 77 44432 1901861 32496 0 14049 0 0 0
cpu25 51035 72 49560 1874912 35637 0 16650 0 0 0
cpu26 48679 69 48331 1882312 34548 0 16165 0 0 0
cpu27 41110 59 43141 1894641 32674 0 21911 0 0 0
cpu28 81112 94 57951 1809694 38807 0 29451 0 0 0
cpu29 85001 130 60104 1797079 40087 0 30039 0 0 0
cpu30 40443 53 44838 1889083 29469 0 21966 0 0 0
cpu31 43619 56 44975 1904820 29933 0 14080 0 0 0
intr 3548093589 126 0 0 0 0 0 0 0 0 1 0 0 0 0 0 0 0 0 0 0 0 0 0 0 0 0 0 1 1 1 0 0 0 0 1 0 1 0 0 75045 0 0 0 0 0 0 0 0 411 0 0 0 0 0 0 0 0 87 0 0 0 0 0 0 0 0 0 0 0 0 0 0 0 622681 2 35072449 35006610 34922596 35069362 0 17102 17310 21384 21877 13072 16929 22406 23240 20460 61075 85575 67800 56992 96646 88166 50052 46797 22544 26008 30548 12191 19883 29315 29473 25057 63911 79481 71471 58148 92414 100537 51952 52871 0 0 0 0 617409 4776 1036 0 264 0 0 0 0 0 0 0 0 0 0 0 0 0 0 0 0 0 0 0 0 0 0 0 0 0 0 0 0 0 0 0 0 0 0 0 0 0 0 0 0 0 0 0 0 0 0 0 0 0 0 0 0 0 0 0 0 0 0 0 0 0 0 0 0 0 0 0 0 0 0 0 0 0 0 0 0 0 0 0 0 0 0 0 0 0 0 0 0 0 0 0 0 0 0 0 0 0 0 0 0 0 0 0 0 0 0 0 0 0 0 0 0 0 0 0 0 0 0 0 0 0 0 0 0 0 0 0 0 0 0 0 0 0 0 0 0 0 0 0 0 0 0 0 0 0 0 0 0 0 0 0 0 0 0 0 0 0 0 0 0 0 0 0 0 0 0 0 0 0 0 0 0 0 0 0 0 0 0 0 0 0 0 0 0 0 0 0 0 0 0 0 0 0 0 0 0 0 0 0 0 0 0 0 0 0 0 0 0 0 0 0 0 0 0 0 0 0 0 0 0 0 0 0 0 0 0 0 0 0 0 0 0 0 0 0 0 0 0 0 0 0 0 0 0 0 0 0 0 0 0 0 0 0 0 0 0 0 0 0 0 0 0 0 0 0 0 0 0 0 0 0 0 0 0 0 0 0 0 0 0 0 0 0 0 0 0 0 0 0 0 0 0 0 0 0 0 0 0 0 0 0 0 0 0 0 0 0 0 0 0 0 0 0 0 0 0 0 0 0 0 0 0 0 0 0 0 0 0 0 0 0 0 0 0 0 0 0 0 0 0 0 0 0 0 0 0 0 0 0 0 0 0 0 0 0 0 0 0 0 0 0 0 0 0 0 0 0 0 0 0 0 0 0 0 0 0 0 0 0 0 0 0 0 0 0 0 0 0 0 0 0 0 0 0 0 0 0 0 0 0 0 0 0 0 0 0 0 0 0 0 0 0 0 0 0 0 0 0 0 0 0 0 0 0 0 0 0 0 0 0 0 0 0 0 0 0 0 0 0 0 0 0 0 0 0 0 0 0 0 0 0 0 0 0 0 0 0 0 0 0 0 0 0 0 0 0 0 0 0 0 0 0 0 0 0 0 0 0 0 0 0 0 0 0 0 0 0 0 0 0 0 0 0 0 0 0 0 0 0 0 0 0 0 0 0 0 0 0 0 0 0 0 0 0 0 0 0 0 0 0 0 0 0 0 0 0 0 0 0 0 0 0 0 0 0 0 0 0 0 0 0 0 0 0 0 0 0 0 0 0 0 0 0 0 0 0 0 0 0 0 0 0 0 0 0 0 0 0 0 0 0 0 0 0 0 0 0 0 0 0 0 0 0 0 0 0 0 0 0 0 0 0 0 0 0 0 0 0 0 0 0 0 0 0 0 0 0 0 0 0 0 0 0 0 0 0 0 0 0 0 0 0 0 0 0 0 0 0 0 0 0 0 0 0 0 0 0 0 0 0 0 0 0 0 0 0 0 0 0 0 0 0 0 0 0 0 0 0 0 0 0 0 0 0 0 0 0 0 0 0 0 0 0 0 0 0 0 0 0 0 0 0 0 0 0 0 0 0 0 0 0 0 0 0 0 0 0 0 0 0 0 0 0 0 0 0 0 0 0 0 0 0 0 0 0 0 0 0 0 0 0 0 0 0 0 0 0 0 0 0 0 0 0 0 0 0 0 0 0 0 0 0 0 0 0 0 0 0 0 0 0 0 0 0 0 0 0 0 0 0 0 0 0 0 0 0 0 0 0 0 0 0 0 0 0 0 0 0 0 0 0 0 0 0 0 0 0 0 0 0 0 0 0 0 0 0 0 0 0 0 0 0 0 0 0 0 0 0 0 0 0 0 0 0 0 0 0 0 0 0 0 0 0 0 0 0 0 0 0 0 0 0 0 0 0 0 0 0 0 0 0 0 0 0 0 0 0 0 0 0 0 0 0 0 0 0 0 0 0 0 0 0 0 0 0 0 0 0 0 0 0 0 0 0 0 0 0 0 0 0 0 0 0 0 0 0 0 0 0 0 0 0 0 0 0 0 0 0 0 0 0 0 0 0 0 0 0 0 0 0 0 0 0 0 0 0 0 0 0 0 0 0 0 0 0 0 0 0 0 0 0 0 0 0 0 0 0 0 0 0 0 0 0 0 0 0 0 0 0 0 0 0 0 0 0 0 0 0 0 0 0 0 0 0 0 0 0 0 0 0 0 0 0 0 0 0 0 0 0 0 0 0 0 0 0 0 0 0 0 0 0 0 0 0 0 0 0 0 0 0 0 0 0 0 0 0 0 0 0 0 0 0 0 0 0 0 0 0 0 0 0 0 0 0 0 0 0 0 0 0 0 0 0 0 0 0 0 0 0 0 0 0 0 0 0 0 0 0 0 0 0 0 0 0 0 0 0 0 0 0 0 0 0 0 0 0 0 0 0 0 0 0 0 0 0 0 0 0 0 0 0 0 0 0 0 0 0 0 0 0 0 0 0 0 0 0 0 0 0 0 0 0
ctxt 5660863139
btime 1790630938
processes 1394175
procs_running 9
procs_blocked 0
softirq 5012741067 73526 15312296 2753290 563117352 648728 0 13560918 59643694 421 62663546
--
cpu  4306357 1893 1806799 58005209 720587 0 847349 0 0 0
cpu0 164914 33 53137 1812339 8666 0 28480 0 0 0
cpu1 167848 38 54041 1814827 10687 0 27566 0 0 0
cpu2 174049 38 54387 1808807 11337 0 27822 0 0 0
cpu3 272231 39 78873 1671719 7136 0 44985 0 0 0
cpu4 267534 45 76224 1679772 8979 0 44825 0 0 0
cpu5 175763 45 55986 1804294 12610 0 28617 0 0 0
cpu6 177382 40 56012 1801706 13547 0 29540 0 0 0
cpu7 184766 38 59512 1788501 13340 0 32602 0 0 0
cpu8 42390 71 46009 1902874 27882 0 13974 0 0 0
cpu9 48971 80 49412 1875078 32445 0 15264 0 0 0
cpu10 46186 78 47665 1884481 30283 0 15024 0 0 0
cpu11 42030 74 43316 1907000 28564 0 13331 0 0 0
cpu12 90094 154 54099 1823846 35065 0 16651 0 0 0
cpu13 86214 85 55184 1822356 36518 0 17032 0 0 0
cpu14 42004 72 42903 1910875 26560 0 13101 0 0 0
cpu15 38798 76 39337 1925581 27134 0 11874 0 0 0
cpu16 227330 32 65976 1736745 12125 0 36408 0 0 0
cpu17 212206 32 63774 1751872 15373 0 34787 0 0 0
cpu18 196377 32 61669 1770620 16122 0 33625 0 0 0
cpu19 362510 29 95667 1557135 6803 0 55282 0 0 0
cpu20 324382 28 88979 1601572 10705 0 52593 0 0 0
cpu21 195314 35 61021 1770589 18347 0 32905 0 0 0
cpu22 178116 39 58261 1791652 18590 0 30878 0 0 0
cpu23 152412 37 52004 1830233 18103 0 25855 0 0 0
cpu24 45506 77 44432 1902647 32496 0 14049 0 0 0
cpu25 51037 72 49560 1875703 35637 0 16650 0 0 0
cpu26 48679 69 48331 1883105 34548 0 16165 0 0 0
cpu27 41113 59 43141 1895434 32674 0 21911 0 0 0
cpu28 81114 94 57953 1810481 38808 0 29451 0 0 0
cpu29 85009 130 60106 1797858 40087 0 30039 0 0 0
cpu30 40445 53 44838 1889873 29469 0 21966 0 0 0
cpu31 43620 56 44975 1905616 29933 0 14080 0 0 0
intr 3548803614 126 0 0 0 0 0 0 0 0 1 0 0 0 0 0 0 0 0 0 0 0 0 0 0 0 0 0 1 1 1 0 0 0 0 1 0 1 0 0 75045 0 0 0 0 0 0 0 0 411 0 0 0 0 0 0 0 0 87 0 0 0 0 0 0 0 0 0 0 0 0 0 0 0 622942 2 35072463 35006627 34922603 35069368 0 17106 17310 21384 21877 13072 16929 22406 23240 20460 61078 85598 67800 57027 96807 88571 50095 46797 22544 26008 30548 12191 19883 29315 29473 25057 63940 79481 71471 58148 92879 100833 51961 52871 0 0 0 0 617409 4776 1036 0 264 0 0 0 0 0 0 0 0 0 0 0 0 0 0 0 0 0 0 0 0 0 0 0 0 0 0 0 0 0 0 0 0 0 0 0 0 0 0 0 0 0 0 0 0 0 0 0 0 0 0 0 0 0 0 0 0 0 0 0 0 0 0 0 0 0 0 0 0 0 0 0 0 0 0 0 0 0 0 0 0 0 0 0 0 0 0 0 0 0 0 0 0 0 0 0 0 0 0 0 0 0 0 0 0 0 0 0 0 0 0 0 0 0 0 0 0 0 0 0 0 0 0 0 0 0 0 0 0 0 0 0 0 0 0 0 0 0 0 0 0 0 0 0 0 0 0 0 0 0 0 0 0 0 0 0 0 0 0 0 0 0 0 0 0 0 0 0 0 0 0 0 0 0 0 0 0 0 0 0 0 0 0 0 0 0 0 0 0 0 0 0 0 0 0 0 0 0 0 0 0 0 0 0 0 0 0 0 0 0 0 0 0 0 0 0 0 0 0 0 0 0 0 0 0 0 0 0 0 0 0 0 0 0 0 0 0 0 0 0 0 0 0 0 0 0 0 0 0 0 0 0 0 0 0 0 0 0 0 0 0 0 0 0 0 0 0 0 0 0 0 0 0 0 0 0 0 0 0 0 0 0 0 0 0 0 0 0 0 0 0 0 0 0 0 0 0 0 0 0 0 0 0 0 0 0 0 0 0 0 0 0 0 0 0 0 0 0 0 0 0 0 0 0 0 0 0 0 0 0 0 0 0 0 0 0 0 0 0 0 0 0 0 0 0 0 0 0 0 0 0 0 0 0 0 0 0 0 0 0 0 0 0 0 0 0 0 0 0 0 0 0 0 0 0 0 0 0 0 0 0 0 0 0 0 0 0 0 0 0 0 0 0 0 0 0 0 0 0 0 0 0 0 0 0 0 0 0 0 0 0 0 0 0 0 0 0 0 0 0 0 0 0 0 0 0 0 0 0 0 0 0 0 0 0 0 0 0 0 0 0 0 0 0 0 0 0 0 0 0 0 0 0 0 0 0 0 0 0 0 0 0 0 0 0 0 0 0 0 0 0 0 0 0 0 0 0 0 0 0 0 0 0 0 0 0 0 0 0 0 0 0 0 0 0 0 0 0 0 0 0 0 0 0 0 0 0 0 0 0 0 0 0 0 0 0 0 0 0 0 0 0 0 0 0 0 0 0 0 0 0 0 0 0 0 0 0 0 0 0 0 0 0 0 0 0 0 0 0 0 0 0 0 0 0 0 0 0 0 0 0 0 0 0 0 0 0 0 0 0 0 0 0 0 0 0 0 0 0 0 0 0 0 0 0 0 0 0 0 0 0 0 0 0 0 0 0 0 0 0 0 0 0 0 0 0 0 0 0 0 0 0 0 0 0 0 0 0 0 0 0 0 0 0 0 0 0 0 0 0 0 0 0 0 0 0 0 0 0 0 0 0 0 0 0 0 0 0 0 0 0 0 0 0 0 0 0 0 0 0 0 0 0 0 0 0 0 0 0 0 0 0 0 0 0 0 0 0 0 0 0 0 0 0 0 0 0 0 0 0 0 0 0 0 0 0 0 0 0 0 0 0 0 0 0 0 0 0 0 0 0 0 0 0 0 0 0 0 0 0 0 0 0 0 0 0 0 0 0 0 0 0 0 0 0 0 0 0 0 0 0 0 0 0 0 0 0 0 0 0 0 0 0 0 0 0 0 0 0 0 0 0 0 0 0 0 0 0 0 0 0 0 0 0 0 0 0 0 0 0 0 0 0 0 0 0 0 0 0 0 0 0 0 0 0 0 0 0 0 0 0 0 0 0 0 0 0 0 0 0 0 0 0 0 0 0 0 0 0 0 0 0 0 0 0 0 0 0 0 0 0 0 0 0 0 0 0 0 0 0 0 0 0 0 0 0 0 0 0 0 0 0 0 0 0 0 0 0 0 0 0 0 0 0 0 0 0 0 0 0 0 0 0 0 0 0 0 0 0 0 0 0 0 0 0 0 0 0 0 0 0 0 0 0 0 0 0 0 0 0 0 0 0 0 0 0 0 0 0 0 0 0 0 0 0 0 0 0 0 0 0 0 0 0 0 0 0 0 0 0 0 0 0 0 0 0 0 0 0 0 0 0 0 0 0 0 0 0 0 0 0 0 0 0 0 0 0 0 0 0 0 0 0 0 0 0 0 0 0 0 0 0 0 0 0 0 0 0 0 0 0 0 0 0 0 0 0 0 0 0 0 0 0 0 0 0 0 0 0 0 0 0 0 0 0 0 0 0 0 0 0 0 0 0 0 0 0 0 0 0 0 0 0 0 0 0 0 0 0 0 0 0 0 0 0 0 0 0 0 0 0 0 0 0 0 0 0 0 0 0 0 0 0 0 0 0 0 0 0 0 0 0 0 0 0 0 0 0 0 0 0 0 0 0 0 0 0 0 0 0 0 0 0 0 0 0 0 0 0 0 0 0 0 0 0 0 0 0 0 0 0 0 0
ctxt 5662010343
btime 1790630938
processes 1394224
procs_running 11
procs_blocked 0
softirq 5013120895 73526 15315641 2753290 563456435 648991 0 13560918 59657382 421 62686995
