Running 10s test @ http://127.0.0.1:18500/api/usleep?ms=10
  16 threads and 1000 connections
  Thread Stats   Avg      Stdev     Max   +/- Stdev
    Latency     1.34s     2.75s   10.00s    83.58%
    Req/Sec    35.52     42.33   191.00     82.74%
  Latency Distribution
     50%   10.86ms
     75%   13.41ms
     90%    6.76s 
     99%    9.63s 
  1843 requests in 10.10s, 336.56KB read
  Socket errors: connect 0, read 0, write 0, timeout 4
Requests/sec:    182.49
Transfer/sec:     33.33KB
## server-stat
cpu  3732399 1631 1684303 49067224 383309 0 810002 0 0 0
cpu0 141947 29 48648 1533525 4743 0 26620 0 0 0
cpu1 143586 34 49590 1536478 5764 0 26014 0 0 0
cpu2 147755 34 49909 1532889 5819 0 26135 0 0 0
cpu3 222241 34 70604 1422134 4200 0 42102 0 0 0
cpu4 223816 38 69261 1423149 4798 0 42160 0 0 0
cpu5 153599 37 51564 1524418 6475 0 27062 0 0 0
cpu6 154732 33 52063 1522274 6749 0 28178 0 0 0
cpu7 161241 31 55340 1510329 6543 0 30855 0 0 0
cpu8 41470 60 44337 1607062 14624 0 13626 0 0 0
cpu9 47608 66 47535 1582377 18108 0 14854 0 0 0
cpu10 45138 66 45888 1590685 16269 0 14654 0 0 0
cpu11 41218 61 41727 1611493 14768 0 13029 0 0 0
cpu12 83829 141 51602 1537987 20256 0 16099 0 0 0
cpu13 80065 73 52597 1537500 21052 0 16458 0 0 0
cpu14 41091 60 41205 1614907 13937 0 12772 0 0 0
cpu15 38134 63 37803 1628646 14228 0 11595 0 0 0
cpu16 190207 27 60293 1472905 6333 0 34455 0 0 0
cpu17 179889 27 58531 1484062 8307 0 33030 0 0 0
cpu18 168821 28 56922 1498223 8002 0 32194 0 0 0
cpu19 293822 26 84805 1328495 3854 0 52099 0 0 0
cpu20 262419 25 79412 1366635 5756 0 49562 0 0 0
cpu21 164265 30 56068 1502472 9441 0 31440 0 0 0
cpu22 152418 34 53523 1518354 9409 0 29295 0 0 0
cpu23 132288 32 47903 1550341 9039 0 24709 0 0 0
cpu24 44414 63 42641 1609109 16793 0 13725 0 0 0
cpu25 49711 64 47612 1584284 18976 0 16233 0 0 0
cpu26 47527 59 46442 1590882 18092 0 15782 0 0 0
cpu27 40149 49 41386 1601532 16867 0 21599 0 0 0
cpu28 76399 83 55440 1524886 21336 0 28883 0 0 0
cpu29 80308 119 57449 1513115 22301 0 29425 0 0 0
cpu30 39545 45 42983 1595174 15395 0 21605 0 0 0
cpu31 42732 45 43209 1610886 15057 0 13739 0 0 0
intr 3334908551 126 0 0 0 0 0 0 0 0 1 0 0 0 0 0 0 0 0 0 0 0 0 0 0 0 0 0 1 1 1 0 0 0 0 1 0 1 0 0 75045 0 0 0 0 0 0 0 0 411 0 0 0 0 0 0 0 0 87 0 0 0 0 0 0 0 0 0 0 0 0 0 0 0 499503 2 35058741 34997811 34913249 35055603 0 14573 10944 12379 11932 8466 9871 13016 14122 11039 39067 53519 42054 35595 53845 51389 32154 28709 12796 14732 17592 7640 11233 16050 16284 14300 36803 46057 42353 34144 52264 56674 31518 32904 0 0 0 0 617197 4508 1036 0 264 0 0 0 0 0 0 0 0 0 0 0 0 0 0 0 0 0 0 0 0 0 0 0 0 0 0 0 0 0 0 0 0 0 0 0 0 0 0 0 0 0 0 0 0 0 0 0 0 0 0 0 0 0 0 0 0 0 0 0 0 0 0 0 0 0 0 0 0 0 0 0 0 0 0 0 0 0 0 0 0 0 0 0 0 0 0 0 0 0 0 0 0 0 0 0 0 0 0 0 0 0 0 0 0 0 0 0 0 0 0 0 0 0 0 0 0 0 0 0 0 0 0 0 0 0 0 0 0 0 0 0 0 0 0 0 0 0 0 0 0 0 0 0 0 0 0 0 0 0 0 0 0 0 0 0 0 0 0 0 0 0 0 0 0 0 0 0 0 0 0 0 0 0 0 0 0 0 0 0 0 0 0 0 0 0 0 0 0 0 0 0 0 0 0 0 0 0 0 0 0 0 0 0 0 0 0 0 0 0 0 0 0 0 0 0 0 0 0 0 0 0 0 0 0 0 0 0 0 0 0 0 0 0 0 0 0 0 0 0 0 0 0 0 0 0 0 0 0 0 0 0 0 0 0 0 0 0 0 0 0 0 0 0 0 0 0 0 0 0 0 0 0 0 0 0 0 0 0 0 0 0 0 0 0 0 0 0 0 0 0 0 0 0 0 0 0 0 0 0 0 0 0 0 0 0 0 0 0 0 0 0 0 0 0 0 0 0 0 0 0 0 0 0 0 0 0 0 0 0 0 0 0 0 0 0 0 0 0 0 0 0 0 0 0 0 0 0 0 0 0 0 0 0 0 0 0 0 0 0 0 0 0 0 0 0 0 0 0 0 0 0 0 0 0 0 0 0 0 0 0 0 0 0 0 0 0 0 0 0 0 0 0 0 0 0 0 0 0 0 0 0 0 0 0 0 0 0 0 0 0 0 0 0 0 0 0 0 0 0 0 0 0 0 0 0 0 0 0 0 0 0 0 0 0 0 0 0 0 0 0 0 0 0 0 0 0 0 0 0 0 0 0 0 0 0 0 0 0 0 0 0 0 0 0 0 0 0 0 0 0 0 0 0 0 0 0 0 0 0 0 0 0 0 0 0 0 0 0 0 0 0 0 0 0 0 0 0 0 0 0 0 0 0 0 0 0 0 0 0 0 0 0 0 0 0 0 0 0 0 0 0 0 0 0 0 0 0 0 0 0 0 0 0 0 0 0 0 0 0 0 0 0 0 0 0 0 0 0 0 0 0 0 0 0 0 0 0 0 0 0 0 0 0 0 0 0 0 0 0 0 0 0 0 0 0 0 0 0 0 0 0 0 0 0 0 0 0 0 0 0 0 0 0 0 0 0 0 0 0 0 0 0 0 0 0 0 0 0 0 0 0 0 0 0 0 0 0 0 0 0 0 0 0 0 0 0 0 0 0 0 0 0 0 0 0 0 0 0 0 0 0 0 0 0 0 0 0 0 0 0 0 0 0 0 0 0 0 0 0 0 0 0 0 0 0 0 0 0 0 0 0 0 0 0 0 0 0 0 0 0 0 0 0 0 0 0 0 0 0 0 0 0 0 0 0 0 0 0 0 0 0 0 0 0 0 0 0 0 0 0 0 0 0 0 0 0 0 0 0 0 0 0 0 0 0 0 0 0 0 0 0 0 0 0 0 0 0 0 0 0 0 0 0 0 0 0 0 0 0 0 0 0 0 0 0 0 0 0 0 0 0 0 0 0 0 0 0 0 0 0 0 0 0 0 0 0 0 0 0 0 0 0 0 0 0 0 0 0 0 0 0 0 0 0 0 0 0 0 0 0 0 0 0 0 0 0 0 0 0 0 0 0 0 0 0 0 0 0 0 0 0 0 0 0 0 0 0 0 0 0 0 0 0 0 0 0 0 0 0 0 0 0 0 0 0 0 0 0 0 0 0 0 0 0 0 0 0 0 0 0 0 0 0 0 0 0 0 0 0 0 0 0 0 0 0 0 0 0 0 0 0 0 0 0 0 0 0 0 0 0 0 0 0 0 0 0 0 0 0 0 0 0 0 0 0 0 0 0 0 0 0 0 0 0 0 0 0 0 0 0 0 0 0 0 0 0 0 0 0 0 0 0 0 0 0 0 0 0 0 0 0 0 0 0 0 0 0 0 0 0 0 0 0 0 0 0 0 0 0 0 0 0 0 0 0 0 0 0 0 0 0 0 0 0 0 0 0 0 0 0 0 0 0 0 0 0 0 0 0 0 0 0 0 0 0 0 0 0 0 0 0 0 0 0 0 0 0 0 0 0 0 0 0 0 0 0 0 0 0 0 0 0 0 0 0 0 0 0 0 0 0 0 0 0 0 0 0 0 0 0 0 0 0 0 0 0 0 0 0 0 0 0 0 0 0 0 0 0 0 0 0 0 0 0 0 0 0 0 0 0 0 0 0 0 0 0 0 0 0 0 0 0 0 0 0 0 0 0 0 0 0 0 0 0 0 0 0 0 0 0 0 0
ctxt 5290285184
btime 1790630938
processes 903814
procs_running 1
procs_blocked 0
softirq 4770531779 73526 13024591 2753168 342769076 521544 0 13560212 53708326 421 49153619
--
cpu  3732587 1632 1684318 49092580 383312 0 810004 0 0 0
cpu0 141948 29 48649 1534320 4743 0 26620 0 0 0
cpu1 143587 34 49590 1537277 5764 0 26014 0 0 0
cpu2 147755 34 49909 1533689 5819 0 26135 0 0 0
cpu3 222335 34 70608 1422832 4201 0 42103 0 0 0
cpu4 223830 38 69262 1423933 4798 0 42160 0 0 0
cpu5 153599 37 51564 1525217 6475 0 27062 0 0 0
cpu6 154732 34 52063 1523073 6749 0 28178 0 0 0
cpu7 161241 31 55340 1511128 6543 0 30855 0 0 0
cpu8 41471 60 44337 1607861 14624 0 13626 0 0 0
cpu9 47609 66 47537 1583173 18108 0 14854 0 0 0
cpu10 45138 66 45888 1591482 16270 0 14654 0 0 0
cpu11 41218 61 41727 1612292 14768 0 13029 0 0 0
cpu12 83830 141 51602 1538783 20256 0 16099 0 0 0
cpu13 80078 73 52598 1538282 21052 0 16458 0 0 0
cpu14 41091 60 41205 1615705 13937 0 12772 0 0 0
cpu15 38135 63 37803 1629444 14228 0 11595 0 0 0
cpu16 190207 27 60293 1473703 6334 0 34455 0 0 0
cpu17 179890 27 58531 1484861 8307 0 33030 0 0 0
cpu18 168821 28 56922 1499023 8002 0 32194 0 0 0
cpu19 293833 26 84806 1329282 3854 0 52099 0 0 0
cpu20 262419 25 79412 1367434 5756 0 49562 0 0 0
cpu21 164265 30 56068 1503272 9441 0 31440 0 0 0
cpu22 152418 34 53523 1519153 9409 0 29295 0 0 0
cpu23 132288 33 47903 1551140 9039 0 24709 0 0 0
cpu24 44418 63 42641 1609905 16793 0 13725 0 0 0
cpu25 49713 64 47612 1585081 18976 0 16233 0 0 0
cpu26 47528 59 46442 1591680 18092 0 15782 0 0 0
cpu27 40151 49 41386 1602329 16867 0 21599 0 0 0
cpu28 76411 83 55440 1525672 21337 0 28883 0 0 0
cpu29 80334 119 57450 1513885 22301 0 29425 0 0 0
cpu30 39548 45 42983 1595970 15395 0 21605 0 0 0
cpu31 42733 45 43209 1611684 15057 0 13739 0 0 0
intr 3335010930 126 0 0 0 0 0 0 0 0 1 0 0 0 0 0 0 0 0 0 0 0 0 0 0 0 0 0 1 1 1 0 0 0 0 1 0 1 0 0 75045 0 0 0 0 0 0 0 0 411 0 0 0 0 0 0 0 0 87 0 0 0 0 0 0 0 0 0 0 0 0 0 0 0 499503 2 35058753 34997827 34913262 35055641 0 14581 10944 12379 11932 8466 10236 13016 14123 11039 39067 53520 42054 35595 53845 51395 32155 28709 12939 14732 17592 7640 11233 16050 16284 14300 36803 46057 42353 34144 52265 56674 31518 32904 0 0 0 0 617197 4508 1036 0 264 0 0 0 0 0 0 0 0 0 0 0 0 0 0 0 0 0 0 0 0 0 0 0 0 0 0 0 0 0 0 0 0 0 0 0 0 0 0 0 0 0 0 0 0 0 0 0 0 0 0 0 0 0 0 0 0 0 0 0 0 0 0 0 0 0 0 0 0 0 0 0 0 0 0 0 0 0 0 0 0 0 0 0 0 0 0 0 0 0 0 0 0 0 0 0 0 0 0 0 0 0 0 0 0 0 0 0 0 0 0 0 0 0 0 0 0 0 0 0 0 0 0 0 0 0 0 0 0 0 0 0 0 0 0 0 0 0 0 0 0 0 0 0 0 0 0 0 0 0 0 0 0 0 0 0 0 0 0 0 0 0 0 0 0 0 0 0 0 0 0 0 0 0 0 0 0 0 0 0 0 0 0 0 0 0 0 0 0 0 0 0 0 0 0 0 0 0 0 0 0 0 0 0 0 0 0 0 0 0 0 0 0 0 0 0 0 0 0 0 0 0 0 0 0 0 0 0 0 0 0 0 0 0 0 0 0 0 0 0 0 0 0 0 0 0 0 0 0 0 0 0 0 0 0 0 0 0 0 0 0 0 0 0 0 0 0 0 0 0 0 0 0 0 0 0 0 0 0 0 0 0 0 0 0 0 0 0 0 0 0 0 0 0 0 0 0 0 0 0 0 0 0 0 0 0 0 0 0 0 0 0 0 0 0 0 0 0 0 0 0 0 0 0 0 0 0 0 0 0 0 0 0 0 0 0 0 0 0 0 0 0 0 0 0 0 0 0 0 0 0 0 0 0 0 0 0 0 0 0 0 0 0 0 0 0 0 0 0 0 0 0 0 0 0 0 0 0 0 0 0 0 0 0 0 0 0 0 0 0 0 0 0 0 0 0 0 0 0 0 0 0 0 0 0 0 0 0 0 0 0 0 0 0 0 0 0 0 0 0 0 0 0 0 0 0 0 0 0 0 0 0 0 0 0 0 0 0 0 0 0 0 0 0 0 0 0 0 0 0 0 0 0 0 0 0 0 0 0 0 0 0 0 0 0 0 0 0 0 0 0 0 0 0 0 0 0 0 0 0 0 0 0 0 0 0 0 0 0 0 0 0 0 0 0 0 0 0 0 0 0 0 0 0 0 0 0 0 0 0 0 0 0 0 0 0 0 0 0 0 0 0 0 0 0 0 0 0 0 0 0 0 0 0 0 0 0 0 0 0 0 0 0 0 0 0 0 0 0 0 0 0 0 0 0 0 0 0 0 0 0 0 0 0 0 0 0 0 0 0 0 0 0 0 0 0 0 0 0 0 0 0 0 0 0 0 0 0 0 0 0 0 0 0 0 0 0 0 0 0 0 0 0 0 0 0 0 0 0 0 0 0 0 0 0 0 0 0 0 0 0 0 0 0 0 0 0 0 0 0 0 0 0 0 0 0 0 0 0 0 0 0 0 0 0 0 0 0 0 0 0 0 0 0 0 0 0 0 0 0 0 0 0 0 0 0 0 0 0 0 0 0 0 0 0 0 0 0 0 0 0 0 0 0 0 0 0 0 0 0 0 0 0 0 0 0 0 0 0 0 0 0 0 0 0 0 0 0 0 0 0 0 0 0 0 0 0 0 0 0 0 0 0 0 0 0 0 0 0 0 0 0 0 0 0 0 0 0 0 0 0 0 0 0 0 0 0 0 0 0 0 0 0 0 0 0 0 0 0 0 0 0 0 0 0 0 0 0 0 0 0 0 0 0 0 0 0 0 0 0 0 0 0 0 0 0 0 0 0 0 0 0 0 0 0 0 0 0 0 0 0 0 0 0 0 0 0 0 0 0 0 0 0 0 0 0 0 0 0 0 0 0 0 0 0 0 0 0 0 0 0 0 0 0 0 0 0 0 0 0 0 0 0 0 0 0 0 0 0 0 0 0 0 0 0 0 0 0 0 0 0 0 0 0 0 0 0 0 0 0 0 0 0 0 0 0 0 0 0 0 0 0 0 0 0 0 0 0 0 0 0 0 0 0 0 0 0 0 0 0 0 0 0 0 0 0 0 0 0 0 0 0 0 0 0 0 0 0 0 0 0 0 0 0 0 0 0 0 0 0 0 0 0 0 0 0 0 0 0 0 0 0 0 0 0 0 0 0 0 0 0 0 0 0 0 0 0 0 0 0 0 0 0 0 0 0 0 0 0 0 0 0 0 0 0 0 0 0 0 0 0 0 0 0 0 0 0 0 0 0 0 0 0 0 0 0 0 0 0 0 0 0 0 0 0 0 0 0 0 0 0 0 0 0 0 0 0 0 0 0 0 0 0 0 0 0 0 0 0 0 0 0 0 0 0 0 0 0 0 0 0 0 0 0 0 0 0 0 0 0 0 0 0 0 0 0 0 0 0 0 0 0 0 0 0 0 0 0 0 0 0 0 0 0 0 0 0 0 0 0 0 0 0 0 0 0 0 0 0 0 0 0 0 0 0 0 0 0 0 0 0 0 0
ctxt 5290416571
btime 1790630938
processes 903872
procs_running 1
procs_blocked 0
softirq 4770552110 73526 13027882 2753168 342772262 521552 0 13560212 53715876 421 49159915
