Running 10s test @ http://127.0.0.1:18500/api/usleep?ms=10
  16 threads and 128 connections
  Thread Stats   Avg      Stdev     Max   +/- Stdev
    Latency   168.21ms   21.94ms 331.36ms   95.84%
    Req/Sec    47.36     15.83    90.00     65.36%
  Latency Distribution
     50%  168.40ms
     75%  178.86ms
     90%  189.34ms
     99%  211.68ms
  7549 requests in 10.01s, 1.35MB read
Requests/sec:    754.25
Transfer/sec:    137.74KB
## server-stat
cpu  3880928 1748 1720084 53386998 512739 0 818416 0 0 0
cpu0 146207 31 49566 1670845 6505 0 27131 0 0 0
cpu1 146157 36 50379 1676016 7916 0 26228 0 0 0
cpu2 150791 36 50747 1672051 7959 0 26308 0 0 0
cpu3 241605 36 73769 1542641 5268 0 43232 0 0 0
cpu4 243162 41 72339 1542842 6663 0 43633 0 0 0
cpu5 155995 41 52384 1664102 8863 0 27198 0 0 0
cpu6 156944 36 52816 1662252 9198 0 28298 0 0 0
cpu7 162624 34 55958 1651396 8958 0 30945 0 0 0
cpu8 41862 65 44840 1746215 19498 0 13666 0 0 0
cpu9 48192 73 48136 1719903 23512 0 14918 0 0 0
cpu10 45603 72 46438 1728857 21381 0 14709 0 0 0
cpu11 41560 68 42222 1750550 19635 0 13066 0 0 0
cpu12 86998 147 52472 1672380 25590 0 16210 0 0 0
cpu13 83092 78 53484 1671191 27097 0 16574 0 0 0
cpu14 41473 66 41755 1753758 18628 0 12819 0 0 0
cpu15 38405 70 38320 1768074 18874 0 11630 0 0 0
cpu16 194854 31 61318 1609830 9044 0 34615 0 0 0
cpu17 184460 29 59598 1620645 11337 0 33187 0 0 0
cpu18 171985 29 57840 1636276 11202 0 32330 0 0 0
cpu19 327107 27 90109 1432307 5171 0 53816 0 0 0
cpu20 287838 27 83379 1479111 8236 0 50715 0 0 0
cpu21 167618 32 57014 1639868 13077 0 31584 0 0 0
cpu22 154762 36 54337 1657017 13004 0 29406 0 0 0
cpu23 134736 34 48671 1689154 12472 0 24816 0 0 0
cpu24 44871 70 43250 1747064 22806 0 13765 0 0 0
cpu25 50259 68 48226 1721442 25511 0 16283 0 0 0
cpu26 47978 62 47028 1728438 24528 0 15823 0 0 0
cpu27 40545 54 41955 1739837 22897 0 21629 0 0 0
cpu28 78142 86 56173 1660243 28143 0 28953 0 0 0
cpu29 82131 123 58206 1648611 28676 0 29507 0 0 0
cpu30 39877 48 43581 1734282 20449 0 21642 0 0 0
cpu31 43081 49 43760 1749784 20626 0 13769 0 0 0
intr 3402771618 126 0 0 0 0 0 0 0 0 1 0 0 0 0 0 0 0 0 0 0 0 0 0 0 0 0 0 1 1 1 0 0 0 0 1 0 1 0 0 75045 0 0 0 0 0 0 0 0 411 0 0 0 0 0 0 0 0 87 0 0 0 0 0 0 0 0 0 0 0 0 0 0 0 550937 2 35064802 35001995 34917976 35062017 0 15749 13723 16828 16508 10137 12622 16505 17509 14103 48142 64634 52066 44146 66228 63164 39103 35898 17233 18972 22681 9163 15171 21328 21673 18690 46259 58945 54956 43845 67688 70582 40355 40898 0 0 0 0 617293 4626 1036 0 264 0 0 0 0 0 0 0 0 0 0 0 0 0 0 0 0 0 0 0 0 0 0 0 0 0 0 0 0 0 0 0 0 0 0 0 0 0 0 0 0 0 0 0 0 0 0 0 0 0 0 0 0 0 0 0 0 0 0 0 0 0 0 0 0 0 0 0 0 0 0 0 0 0 0 0 0 0 0 0 0 0 0 0 0 0 0 0 0 0 0 0 0 0 0 0 0 0 0 0 0 0 0 0 0 0 0 0 0 0 0 0 0 0 0 0 0 0 0 0 0 0 0 0 0 0 0 0 0 0 0 0 0 0 0 0 0 0 0 0 0 0 0 0 0 0 0 0 0 0 0 0 0 0 0 0 0 0 0 0 0 0 0 0 0 0 0 0 0 0 0 0 0 0 0 0 0 0 0 0 0 0 0 0 0 0 0 0 0 0 0 0 0 0 0 0 0 0 0 0 0 0 0 0 0 0 0 0 0 0 0 0 0 0 0 0 0 0 0 0 0 0 0 0 0 0 0 0 0 0 0 0 0 0 0 0 0 0 0 0 0 0 0 0 0 0 0 0 0 0 0 0 0 0 0 0 0 0 0 0 0 0 0 0 0 0 0 0 0 0 0 0 0 0 0 0 0 0 0 0 0 0 0 0 0 0 0 0 0 0 0 0 0 0 0 0 0 0 0 0 0 0 0 0 0 0 0 0 0 0 0 0 0 0 0 0 0 0 0 0 0 0 0 0 0 0 0 0 0 0 0 0 0 0 0 0 0 0 0 0 0 0 0 0 0 0 0 0 0 0 0 0 0 0 0 0 0 0 0 0 0 0 0 0 0 0 0 0 0 0 0 0 0 0 0 0 0 0 0 0 0 0 0 0 0 0 0 0 0 0 0 0 0 0 0 0 0 0 0 0 0 0 0 0 0 0 0 0 0 0 0 0 0 0 0 0 0 0 0 0 0 0 0 0 0 0 0 0 0 0 0 0 0 0 0 0 0 0 0 0 0 0 0 0 0 0 0 0 0 0 0 0 0 0 0 0 0 0 0 0 0 0 0 0 0 0 0 0 0 0 0 0 0 0 0 0 0 0 0 0 0 0 0 0 0 0 0 0 0 0 0 0 0 0 0 0 0 0 0 0 0 0 0 0 0 0 0 0 0 0 0 0 0 0 0 0 0 0 0 0 0 0 0 0 0 0 0 0 0 0 0 0 0 0 0 0 0 0 0 0 0 0 0 0 0 0 0 0 0 0 0 0 0 0 0 0 0 0 0 0 0 0 0 0 0 0 0 0 0 0 0 0 0 0 0 0 0 0 0 0 0 0 0 0 0 0 0 0 0 0 0 0 0 0 0 0 0 0 0 0 0 0 0 0 0 0 0 0 0 0 0 0 0 0 0 0 0 0 0 0 0 0 0 0 0 0 0 0 0 0 0 0 0 0 0 0 0 0 0 0 0 0 0 0 0 0 0 0 0 0 0 0 0 0 0 0 0 0 0 0 0 0 0 0 0 0 0 0 0 0 0 0 0 0 0 0 0 0 0 0 0 0 0 0 0 0 0 0 0 0 0 0 0 0 0 0 0 0 0 0 0 0 0 0 0 0 0 0 0 0 0 0 0 0 0 0 0 0 0 0 0 0 0 0 0 0 0 0 0 0 0 0 0 0 0 0 0 0 0 0 0 0 0 0 0 0 0 0 0 0 0 0 0 0 0 0 0 0 0 0 0 0 0 0 0 0 0 0 0 0 0 0 0 0 0 0 0 0 0 0 0 0 0 0 0 0 0 0 0 0 0 0 0 0 0 0 0 0 0 0 0 0 0 0 0 0 0 0 0 0 0 0 0 0 0 0 0 0 0 0 0 0 0 0 0 0 0 0 0 0 0 0 0 0 0 0 0 0 0 0 0 0 0 0 0 0 0 0 0 0 0 0 0 0 0 0 0 0 0 0 0 0 0 0 0 0 0 0 0 0 0 0 0 0 0 0 0 0 0 0 0 0 0 0 0 0 0 0 0 0 0 0 0 0 0 0 0 0 0 0 0 0 0 0 0 0 0 0 0 0 0 0 0 0 0 0 0 0 0 0 0 0 0 0 0 0 0 0 0 0 0 0 0 0 0 0 0 0 0 0 0 0 0 0 0 0 0 0 0 0 0 0 0 0 0 0 0 0 0 0 0 0 0 0 0 0 0 0 0 0 0 0 0 0 0 0 0 0 0 0 0 0 0 0 0 0 0 0 0 0 0 0 0 0 0 0 0 0 0 0 0 0 0 0 0 0 0 0 0 0 0 0 0 0 0 0 0 0 0 0 0 0 0 0 0 0 0 0 0 0 0 0 0 0 0 0 0 0 0 0 0 0 0 0 0 0 0 0 0 0 0 0 0 0 0 0 0 0 0 0 0 0 0 0 0 0 0 0 0 0 0 0 0 0 0 0 0 0 0 0 0 0 0 0 0 0 0 0 0 0 0 0 0 0 0 0 0 0 0 0 0 0 0
ctxt 5406897205
btime 1790630938
processes 1131244
procs_running 1
procs_blocked 0
softirq 4834222150 73526 13837735 2753177 398802332 574837 0 13560486 55854483 421 53797857
--
cpu  3881202 1748 1720114 53412191 512752 0 818424 0 0 0
cpu0 146221 31 49567 1671625 6505 0 27132 0 0 0
cpu1 146164 36 50380 1676805 7916 0 26230 0 0 0
cpu2 150792 36 50747 1672849 7959 0 26308 0 0 0
cpu3 241696 36 73777 1543314 5268 0 43234 0 0 0
cpu4 243212 41 72343 1543573 6663 0 43634 0 0 0
cpu5 155997 41 52385 1664898 8863 0 27198 0 0 0
cpu6 156944 36 52816 1663051 9198 0 28298 0 0 0
cpu7 162624 34 55958 1652195 8958 0 30945 0 0 0
cpu8 41863 65 44840 1747013 19498 0 13666 0 0 0
cpu9 48193 73 48136 1720700 23512 0 14918 0 0 0
cpu10 45603 72 46438 1729654 21381 0 14709 0 0 0
cpu11 41561 68 42222 1751344 19640 0 13066 0 0 0
cpu12 87004 147 52473 1673170 25590 0 16210 0 0 0
cpu13 83093 78 53485 1671987 27097 0 16575 0 0 0
cpu14 41473 66 41755 1754556 18628 0 12819 0 0 0
cpu15 38405 70 38321 1768872 18874 0 11630 0 0 0
cpu16 194854 31 61319 1610629 9044 0 34615 0 0 0
cpu17 184460 29 59598 1621444 11337 0 33187 0 0 0
cpu18 171985 29 57840 1637075 11202 0 32330 0 0 0
cpu19 327151 27 90115 1433051 5171 0 53817 0 0 0
cpu20 287850 27 83381 1479894 8236 0 50715 0 0 0
cpu21 167619 32 57014 1640668 13077 0 31584 0 0 0
cpu22 154762 36 54337 1657816 13004 0 29406 0 0 0
cpu23 134736 34 48671 1689954 12472 0 24816 0 0 0
cpu24 44871 70 43250 1747862 22806 0 13765 0 0 0
cpu25 50261 68 48226 1722239 25511 0 16283 0 0 0
cpu26 47978 62 47029 1729236 24528 0 15823 0 0 0
cpu27 40545 54 41955 1740634 22897 0 21629 0 0 0
cpu28 78178 86 56176 1661002 28143 0 28953 0 0 0
cpu29 82132 123 58207 1649400 28684 0 29507 0 0 0
cpu30 39877 48 43581 1735081 20449 0 21642 0 0 0
cpu31 43081 49 43760 1750583 20626 0 13769 0 0 0
intr 3402911079 126 0 0 0 0 0 0 0 0 1 0 0 0 0 0 0 0 0 0 0 0 0 0 0 0 0 0 1 1 1 0 0 0 0 1 0 1 0 0 75045 0 0 0 0 0 0 0 0 411 0 0 0 0 0 0 0 0 87 0 0 0 0 0 0 0 0 0 0 0 0 0 0 0 551071 2 35064850 35002028 34917999 35062056 0 15753 13723 16828 16508 10138 12624 16505 17509 14103 48142 64634 52066 44146 66228 63164 39103 35898 17233 18972 22681 9163 15171 21328 21673 18690 46259 58948 54956 43846 67688 70582 40355 40898 0 0 0 0 617293 4626 1036 0 264 0 0 0 0 0 0 0 0 0 0 0 0 0 0 0 0 0 0 0 0 0 0 0 0 0 0 0 0 0 0 0 0 0 0 0 0 0 0 0 0 0 0 0 0 0 0 0 0 0 0 0 0 0 0 0 0 0 0 0 0 0 0 0 0 0 0 0 0 0 0 0 0 0 0 0 0 0 0 0 0 0 0 0 0 0 0 0 0 0 0 0 0 0 0 0 0 0 0 0 0 0 0 0 0 0 0 0 0 0 0 0 0 0 0 0 0 0 0 0 0 0 0 0 0 0 0 0 0 0 0 0 0 0 0 0 0 0 0 0 0 0 0 0 0 0 0 0 0 0 0 0 0 0 0 0 0 0 0 0 0 0 0 0 0 0 0 0 0 0 0 0 0 0 0 0 0 0 0 0 0 0 0 0 0 0 0 0 0 0 0 0 0 0 0 0 0 0 0 0 0 0 0 0 0 0 0 0 0 0 0 0 0 0 0 0 0 0 0 0 0 0 0 0 0 0 0 0 0 0 0 0 0 0 0 0 0 0 0 0 0 0 0 0 0 0 0 0 0 0 0 0 0 0 0 0 0 0 0 0 0 0 0 0 0 0 0 0 0 0 0 0 0 0 0 0 0 0 0 0 0 0 0 0 0 0 0 0 0 0 0 0 0 0 0 0 0 0 0 0 0 0 0 0 0 0 0 0 0 0 0 0 0 0 0 0 0 0 0 0 0 0 0 0 0 0 0 0 0 0 0 0 0 0 0 0 0 0 0 0 0 0 0 0 0 0 0 0 0 0 0 0 0 0 0 0 0 0 0 0 0 0 0 0 0 0 0 0 0 0 0 0 0 0 0 0 0 0 0 0 0 0 0 0 0 0 0 0 0 0 0 0 0 0 0 0 0 0 0 0 0 0 0 0 0 0 0 0 0 0 0 0 0 0 0 0 0 0 0 0 0 0 0 0 0 0 0 0 0 0 0 0 0 0 0 0 0 0 0 0 0 0 0 0 0 0 0 0 0 0 0 0 0 0 0 0 0 0 0 0 0 0 0 0 0 0 0 0 0 0 0 0 0 0 0 0 0 0 0 0 0 0 0 0 0 0 0 0 0 0 0 0 0 0 0 0 0 0 0 0 0 0 0 0 0 0 0 0 0 0 0 0 0 0 0 0 0 0 0 0 0 0 0 0 0 0 0 0 0 0 0 0 0 0 0 0 0 0 0 0 0 0 0 0 0 0 0 0 0 0 0 0 0 0 0 0 0 0 0 0 0 0 0 0 0 0 0 0 0 0 0 0 0 0 0 0 0 0 0 0 0 0 0 0 0 0 0 0 0 0 0 0 0 0 0 0 0 0 0 0 0 0 0 0 0 0 0 0 0 0 0 0 0 0 0 0 0 0 0 0 0 0 0 0 0 0 0 0 0 0 0 0 0 0 0 0 0 0 0 0 0 0 0 0 0 0 0 0 0 0 0 0 0 0 0 0 0 0 0 0 0 0 0 0 0 0 0 0 0 0 0 0 0 0 0 0 0 0 0 0 0 0 0 0 0 0 0 0 0 0 0 0 0 0 0 0 0 0 0 0 0 0 0 0 0 0 0 0 0 0 0 0 0 0 0 0 0 0 0 0 0 0 0 0 0 0 0 0 0 0 0 0 0 0 0 0 0 0 0 0 0 0 0 0 0 0 0 0 0 0 0 0 0 0 0 0 0 0 0 0 0 0 0 0 0 0 0 0 0 0 0 0 0 0 0 0 0 0 0 0 0 0 0 0 0 0 0 0 0 0 0 0 0 0 0 0 0 0 0 0 0 0 0 0 0 0 0 0 0 0 0 0 0 0 0 0 0 0 0 0 0 0 0 0 0 0 0 0 0 0 0 0 0 0 0 0 0 0 0 0 0 0 0 0 0 0 0 0 0 0 0 0 0 0 0 0 0 0 0 0 0 0 0 0 0 0 0 0 0 0 0 0 0 0 0 0 0 0 0 0 0 0 0 0 0 0 0 0 0 0 0 0 0 0 0 0 0 0 0 0 0 0 0 0 0 0 0 0 0 0 0 0 0 0 0 0 0 0 0 0 0 0 0 0 0 0 0 0 0 0 0 0 0 0 0 0 0 0 0 0 0 0 0 0 0 0 0 0 0 0 0 0 0 0 0 0 0 0 0 0 0 0 0 0 0 0 0 0 0 0 0 0 0 0 0 0 0 0 0 0 0 0 0 0 0 0 0 0 0 0 0 0 0 0 0 0 0 0 0 0 0 0 0 0 0 0 0 0 0 0 0 0 0 0 0 0 0 0 0 0 0 0 0 0 0 0 0 0 0 0 0 0 0 0 0 0 0 0 0 0 0 0 0 0 0 0 0 0 0 0 0 0 0 0 0 0 0 0 0 0 0 0 0 0 0 0 0 0 0 0 0 0 0 0 0 0 0 0 0 0 0 0 0 0 0 0 0 0 0 0 0 0 0 0 0 0 0 0 0 0 0 0 0
ctxt 5407052881
btime 1790630938
processes 1131289
procs_running 1
procs_blocked 0
softirq 4834278151 73526 13849021 2753177 398819436 574975 0 13560486 55868898 421 53810915
