Running 10s test @ http://127.0.0.1:18500/usleep?ms=10
  16 threads and 1000 connections
  Thread Stats   Avg      Stdev     Max   +/- Stdev
    Latency    11.07ms  671.27us  14.89ms   68.05%
    Req/Sec     5.63k   105.14     5.98k    72.28%
  Latency Distribution
     50%   10.99ms
     75%   11.51ms
     90%   12.03ms
     99%   12.66ms
  897100 requests in 10.09s, 148.01MB read
Requests/sec:  88948.88
Transfer/sec:     14.68MB
## server-stat
cpu  3790650 1693 1701062 51340940 480711 0 815063 0 0 0
cpu0 143468 31 49089 1606240 6269 0 26889 0 0 0
cpu1 144557 35 49978 1609825 7678 0 26139 0 0 0
cpu2 148441 35 50265 1606620 7740 0 26230 0 0 0
cpu3 230706 35 72272 1487275 4988 0 42791 0 0 0
cpu4 232138 40 70749 1487771 6296 0 43059 0 0 0
cpu5 154253 39 51934 1598062 8543 0 27145 0 0 0
cpu6 155244 35 52388 1596253 8733 0 28249 0 0 0
cpu7 161682 33 55631 1584672 8317 0 30910 0 0 0
cpu8 41673 62 44585 1679829 17970 0 13650 0 0 0
cpu9 47896 69 47844 1654050 21819 0 14892 0 0 0
cpu10 45379 68 46168 1662752 19786 0 14688 0 0 0
cpu11 41386 64 41973 1684106 18162 0 13051 0 0 0
cpu12 85360 144 52064 1607922 24053 0 16165 0 0 0
cpu13 81683 75 53054 1607050 25114 0 16531 0 0 0
cpu14 41271 63 41474 1687425 17166 0 12799 0 0 0
cpu15 38263 66 38051 1701535 17447 0 11617 0 0 0
cpu16 191407 30 60701 1545464 8929 0 34543 0 0 0
cpu17 180671 29 58920 1556745 11185 0 33107 0 0 0
cpu18 169456 29 57295 1571092 10894 0 32269 0 0 0
cpu19 309593 27 87522 1384538 5070 0 53190 0 0 0
cpu20 271724 26 80963 1429556 8124 0 50284 0 0 0
cpu21 164873 31 56452 1575073 12618 0 31515 0 0 0
cpu22 152908 35 53875 1591380 12362 0 29353 0 0 0
cpu23 132726 34 48226 1623809 11670 0 24765 0 0 0
cpu24 44629 66 42933 1680933 21098 0 13750 0 0 0
cpu25 49978 66 47911 1655405 23755 0 16263 0 0 0
cpu26 47740 61 46725 1662304 22773 0 15808 0 0 0
cpu27 40330 52 41654 1673564 21178 0 21617 0 0 0
cpu28 77291 85 55802 1595043 26248 0 28924 0 0 0
cpu29 81314 121 57831 1583530 26711 0 29472 0 0 0
cpu30 39703 46 43264 1667786 18971 0 21627 0 0 0
cpu31 42896 47 43459 1683316 19032 0 13759 0 0 0
intr 3377724585 126 0 0 0 0 0 0 0 0 1 0 0 0 0 0 0 0 0 0 0 0 0 0 0 0 0 0 1 1 1 0 0 0 0 1 0 1 0 0 75045 0 0 0 0 0 0 0 0 411 0 0 0 0 0 0 0 0 87 0 0 0 0 0 0 0 0 0 0 0 0 0 0 0 528395 2 35061816 35000558 34914703 35058784 0 15195 13316 16358 15638 9713 12118 15932 16777 13273 46174 62088 49990 42405 64028 61015 37642 34317 16712 18657 22182 9002 14942 20766 20436 17730 44385 56378 52781 41935 64691 67944 38796 39284 0 0 0 0 617249 4562 1036 0 264 0 0 0 0 0 0 0 0 0 0 0 0 0 0 0 0 0 0 0 0 0 0 0 0 0 0 0 0 0 0 0 0 0 0 0 0 0 0 0 0 0 0 0 0 0 0 0 0 0 0 0 0 0 0 0 0 0 0 0 0 0 0 0 0 0 0 0 0 0 0 0 0 0 0 0 0 0 0 0 0 0 0 0 0 0 0 0 0 0 0 0 0 0 0 0 0 0 0 0 0 0 0 0 0 0 0 0 0 0 0 0 0 0 0 0 0 0 0 0 0 0 0 0 0 0 0 0 0 0 0 0 0 0 0 0 0 0 0 0 0 0 0 0 0 0 0 0 0 0 0 0 0 0 0 0 0 0 0 0 0 0 0 0 0 0 0 0 0 0 0 0 0 0 0 0 0 0 0 0 0 0 0 0 0 0 0 0 0 0 0 0 0 0 0 0 0 0 0 0 0 0 0 0 0 0 0 0 0 0 0 0 0 0 0 0 0 0 0 0 0 0 0 0 0 0 0 0 0 0 0 0 0 0 0 0 0 0 0 0 0 0 0 0 0 0 0 0 0 0 0 0 0 0 0 0 0 0 0 0 0 0 0 0 0 0 0 0 0 0 0 0 0 0 0 0 0 0 0 0 0 0 0 0 0 0 0 0 0 0 0 0 0 0 0 0 0 0 0 0 0 0 0 0 0 0 0 0 0 0 0 0 0 0 0 0 0 0 0 0 0 0 0 0 0 0 0 0 0 0 0 0 0 0 0 0 0 0 0 0 0 0 0 0 0 0 0 0 0 0 0 0 0 0 0 0 0 0 0 0 0 0 0 0 0 0 0 0 0 0 0 0 0 0 0 0 0 0 0 0 0 0 0 0 0 0 0 0 0 0 0 0 0 0 0 0 0 0 0 0 0 0 0 0 0 0 0 0 0 0 0 0 0 0 0 0 0 0 0 0 0 0 0 0 0 0 0 0 0 0 0 0 0 0 0 0 0 0 0 0 0 0 0 0 0 0 0 0 0 0 0 0 0 0 0 0 0 0 0 0 0 0 0 0 0 0 0 0 0 0 0 0 0 0 0 0 0 0 0 0 0 0 0 0 0 0 0 0 0 0 0 0 0 0 0 0 0 0 0 0 0 0 0 0 0 0 0 0 0 0 0 0 0 0 0 0 0 0 0 0 0 0 0 0 0 0 0 0 0 0 0 0 0 0 0 0 0 0 0 0 0 0 0 0 0 0 0 0 0 0 0 0 0 0 0 0 0 0 0 0 0 0 0 0 0 0 0 0 0 0 0 0 0 0 0 0 0 0 0 0 0 0 0 0 0 0 0 0 0 0 0 0 0 0 0 0 0 0 0 0 0 0 0 0 0 0 0 0 0 0 0 0 0 0 0 0 0 0 0 0 0 0 0 0 0 0 0 0 0 0 0 0 0 0 0 0 0 0 0 0 0 0 0 0 0 0 0 0 0 0 0 0 0 0 0 0 0 0 0 0 0 0 0 0 0 0 0 0 0 0 0 0 0 0 0 0 0 0 0 0 0 0 0 0 0 0 0 0 0 0 0 0 0 0 0 0 0 0 0 0 0 0 0 0 0 0 0 0 0 0 0 0 0 0 0 0 0 0 0 0 0 0 0 0 0 0 0 0 0 0 0 0 0 0 0 0 0 0 0 0 0 0 0 0 0 0 0 0 0 0 0 0 0 0 0 0 0 0 0 0 0 0 0 0 0 0 0 0 0 0 0 0 0 0 0 0 0 0 0 0 0 0 0 0 0 0 0 0 0 0 0 0 0 0 0 0 0 0 0 0 0 0 0 0 0 0 0 0 0 0 0 0 0 0 0 0 0 0 0 0 0 0 0 0 0 0 0 0 0 0 0 0 0 0 0 0 0 0 0 0 0 0 0 0 0 0 0 0 0 0 0 0 0 0 0 0 0 0 0 0 0 0 0 0 0 0 0 0 0 0 0 0 0 0 0 0 0 0 0 0 0 0 0 0 0 0 0 0 0 0 0 0 0 0 0 0 0 0 0 0 0 0 0 0 0 0 0 0 0 0 0 0 0 0 0 0 0 0 0 0 0 0 0 0 0 0 0 0 0 0 0 0 0 0 0 0 0 0 0 0 0 0 0 0 0 0 0 0 0 0 0 0 0 0 0 0 0 0 0 0 0 0 0 0 0 0 0 0 0 0 0 0 0 0 0 0 0 0 0 0 0 0 0 0 0 0 0 0 0 0 0 0 0 0 0 0 0 0 0 0 0 0 0 0 0 0 0 0 0 0 0 0 0 0 0 0 0 0 0 0 0 0 0 0 0 0 0 0 0 0 0 0 0 0 0 0 0 0 0 0 0 0 0 0 0 0 0 0 0 0 0 0 0 0 0 0 0 0 0 0 0 0 0 0 0 0 0 0 0 0 0 0 0 0 0 0 0 0 0 0 0 0 0 0 0 0 0 0 0 0 0 0 0 0 0 0 0 0 0 0 0 0 0
ctxt 5366186797
btime 1790630938
processes 1008073
procs_running 3
procs_blocked 0
softirq 4810915441 73526 13433319 2753174 379813744 551400 0 13560335 54794955 421 50967271
--
cpu  3791199 1694 1701273 51365066 480723 0 815250 0 0 0
cpu0 143482 31 49097 1607005 6269 0 26893 0 0 0
cpu1 144564 35 49980 1610609 7678 0 26141 0 0 0
cpu2 148445 35 50267 1607412 7740 0 26232 0 0 0
cpu3 230787 35 72302 1487931 4988 0 42819 0 0 0
cpu4 232309 40 70807 1488288 6296 0 43109 0 0 0
cpu5 154255 39 51935 1598855 8543 0 27146 0 0 0
cpu6 155245 35 52388 1597049 8733 0 28249 0 0 0
cpu7 161683 33 55631 1585469 8317 0 30911 0 0 0
cpu8 41674 62 44585 1680599 17970 0 13651 0 0 0
cpu9 47898 69 47846 1654808 21820 0 14894 0 0 0
cpu10 45380 69 46171 1663515 19786 0 14690 0 0 0
cpu11 41387 64 41975 1684872 18162 0 13052 0 0 0
cpu12 85373 144 52068 1608668 24054 0 16167 0 0 0
cpu13 81687 75 53058 1607789 25124 0 16533 0 0 0
cpu14 41274 63 41476 1688184 17166 0 12801 0 0 0
cpu15 38264 66 38052 1702299 17447 0 11619 0 0 0
cpu16 191410 30 60702 1546257 8929 0 34544 0 0 0
cpu17 180671 29 58920 1557544 11185 0 33107 0 0 0
cpu18 169456 29 57295 1571890 10894 0 32269 0 0 0
cpu19 309764 27 87593 1385024 5070 0 53257 0 0 0
cpu20 271741 26 80968 1430329 8124 0 50288 0 0 0
cpu21 164873 31 56452 1575872 12618 0 31515 0 0 0
cpu22 152908 35 53875 1592179 12362 0 29353 0 0 0
cpu23 132727 34 48227 1624607 11670 0 24765 0 0 0
cpu24 44631 66 42934 1681698 21098 0 13752 0 0 0
cpu25 49980 66 47912 1656165 23755 0 16265 0 0 0
cpu26 47742 61 46726 1663066 22773 0 15809 0 0 0
cpu27 40333 52 41655 1674335 21178 0 21618 0 0 0
cpu28 77309 85 55805 1595796 26248 0 28925 0 0 0
cpu29 81329 121 57834 1584280 26711 0 29475 0 0 0
cpu30 39703 46 43265 1668558 18971 0 21628 0 0 0
cpu31 42899 47 43460 1684099 19032 0 13759 0 0 0
intr 3378506313 126 0 0 0 0 0 0 0 0 1 0 0 0 0 0 0 0 0 0 0 0 0 0 0 0 0 0 1 1 1 0 0 0 0 1 0 1 0 0 75045 0 0 0 0 0 0 0 0 411 0 0 0 0 0 0 0 0 87 0 0 0 0 0 0 0 0 0 0 0 0 0 0 0 528512 2 35061859 35000590 34914733 35058814 0 15203 13316 16358 15638 9713 12118 15932 16777 13273 46174 62088 49990 42405 64028 61015 37642 34318 16712 18657 22182 9002 14942 20766 20436 17730 44390 56378 52783 41935 64691 67944 38796 39284 0 0 0 0 617249 4571 1036 0 264 0 0 0 0 0 0 0 0 0 0 0 0 0 0 0 0 0 0 0 0 0 0 0 0 0 0 0 0 0 0 0 0 0 0 0 0 0 0 0 0 0 0 0 0 0 0 0 0 0 0 0 0 0 0 0 0 0 0 0 0 0 0 0 0 0 0 0 0 0 0 0 0 0 0 0 0 0 0 0 0 0 0 0 0 0 0 0 0 0 0 0 0 0 0 0 0 0 0 0 0 0 0 0 0 0 0 0 0 0 0 0 0 0 0 0 0 0 0 0 0 0 0 0 0 0 0 0 0 0 0 0 0 0 0 0 0 0 0 0 0 0 0 0 0 0 0 0 0 0 0 0 0 0 0 0 0 0 0 0 0 0 0 0 0 0 0 0 0 0 0 0 0 0 0 0 0 0 0 0 0 0 0 0 0 0 0 0 0 0 0 0 0 0 0 0 0 0 0 0 0 0 0 0 0 0 0 0 0 0 0 0 0 0 0 0 0 0 0 0 0 0 0 0 0 0 0 0 0 0 0 0 0 0 0 0 0 0 0 0 0 0 0 0 0 0 0 0 0 0 0 0 0 0 0 0 0 0 0 0 0 0 0 0 0 0 0 0 0 0 0 0 0 0 0 0 0 0 0 0 0 0 0 0 0 0 0 0 0 0 0 0 0 0 0 0 0 0 0 0 0 0 0 0 0 0 0 0 0 0 0 0 0 0 0 0 0 0 0 0 0 0 0 0 0 0 0 0 0 0 0 0 0 0 0 0 0 0 0 0 0 0 0 0 0 0 0 0 0 0 0 0 0 0 0 0 0 0 0 0 0 0 0 0 0 0 0 0 0 0 0 0 0 0 0 0 0 0 0 0 0 0 0 0 0 0 0 0 0 0 0 0 0 0 0 0 0 0 0 0 0 0 0 0 0 0 0 0 0 0 0 0 0 0 0 0 0 0 0 0 0 0 0 0 0 0 0 0 0 0 0 0 0 0 0 0 0 0 0 0 0 0 0 0 0 0 0 0 0 0 0 0 0 0 0 0 0 0 0 0 0 0 0 0 0 0 0 0 0 0 0 0 0 0 0 0 0 0 0 0 0 0 0 0 0 0 0 0 0 0 0 0 0 0 0 0 0 0 0 0 0 0 0 0 0 0 0 0 0 0 0 0 0 0 0 0 0 0 0 0 0 0 0 0 0 0 0 0 0 0 0 0 0 0 0 0 0 0 0 0 0 0 0 0 0 0 0 0 0 0 0 0 0 0 0 0 0 0 0 0 0 0 0 0 0 0 0 0 0 0 0 0 0 0 0 0 0 0 0 0 0 0 0 0 0 0 0 0 0 0 0 0 0 0 0 0 0 0 0 0 0 0 0 0 0 0 0 0 0 0 0 0 0 0 0 0 0 0 0 0 0 0 0 0 0 0 0 0 0 0 0 0 0 0 0 0 0 0 0 0 0 0 0 0 0 0 0 0 0 0 0 0 0 0 0 0 0 0 0 0 0 0 0 0 0 0 0 0 0 0 0 0 0 0 0 0 0 0 0 0 0 0 0 0 0 0 0 0 0 0 0 0 0 0 0 0 0 0 0 0 0 0 0 0 0 0 0 0 0 0 0 0 0 0 0 0 0 0 0 0 0 0 0 0 0 0 0 0 0 0 0 0 0 0 0 0 0 0 0 0 0 0 0 0 0 0 0 0 0 0 0 0 0 0 0 0 0 0 0 0 0 0 0 0 0 0 0 0 0 0 0 0 0 0 0 0 0 0 0 0 0 0 0 0 0 0 0 0 0 0 0 0 0 0 0 0 0 0 0 0 0 0 0 0 0 0 0 0 0 0 0 0 0 0 0 0 0 0 0 0 0 0 0 0 0 0 0 0 0 0 0 0 0 0 0 0 0 0 0 0 0 0 0 0 0 0 0 0 0 0 0 0 0 0 0 0 0 0 0 0 0 0 0 0 0 0 0 0 0 0 0 0 0 0 0 0 0 0 0 0 0 0 0 0 0 0 0 0 0 0 0 0 0 0 0 0 0 0 0 0 0 0 0 0 0 0 0 0 0 0 0 0 0 0 0 0 0 0 0 0 0 0 0 0 0 0 0 0 0 0 0 0 0 0 0 0 0 0 0 0 0 0 0 0 0 0 0 0 0 0 0 0 0 0 0 0 0 0 0 0 0 0 0 0 0 0 0 0 0 0 0 0 0 0 0 0 0 0 0 0 0 0 0 0 0 0 0 0 0 0 0 0 0 0 0 0 0 0 0 0 0 0 0 0 0 0 0 0 0 0 0 0 0 0 0 0 0 0 0 0 0 0 0 0 0 0 0 0 0 0 0 0 0 0 0 0 0 0 0 0 0 0 0 0 0 0 0 0 0 0 0 0 0 0 0 0 0 0 0 0 0 0 0 0 0 0 0 0 0 0 0 0 0 0 0 0 0 0 0 0 0 0 0 0 0 0 0 0 0 0 0 0 0 0 0 0 0 0 0 0 0 0 0
ctxt 5367652376
btime 1790630938
processes 1008152
procs_running 3
procs_blocked 0
softirq 4812379934 73526 13437141 2753174 381250898 551527 0 13560355 54808371 421 50977225
