Running 10s test @ http://127.0.0.1:18500/counter
  16 threads and 128 connections
  Thread Stats   Avg      Stdev     Max   +/- Stdev
    Latency    26.30ms   20.44ms 149.48ms   78.83%
    Req/Sec   347.07    104.12     0.95k    68.37%
  Latency Distribution
     50%   21.33ms
     75%   28.66ms
     90%   51.94ms
     99%   99.58ms
  55631 requests in 10.10s, 60.22MB read
Requests/sec:   5507.90
Transfer/sec:      5.96MB
## server-stat
cpu  4309731 1894 1807706 58014964 725552 0 847394 0 0 0
cpu0 165088 33 53160 1812682 8714 0 28482 0 0 0
cpu1 167959 38 54066 1815242 10725 0 27570 0 0 0
cpu2 174208 38 54417 1809168 11377 0 27826 0 0 0
cpu3 272396 39 78900 1672071 7186 0 44987 0 0 0
cpu4 267742 45 76253 1680067 9044 0 44826 0 0 0
cpu5 175933 45 56021 1804627 12665 0 28620 0 0 0
cpu6 177477 40 56042 1802090 13630 0 29543 0 0 0
cpu7 184907 38 59534 1788825 13448 0 32603 0 0 0
cpu8 42400 71 46030 1903180 28138 0 13975 0 0 0
cpu9 48986 80 49436 1875386 32695 0 15265 0 0 0
cpu10 46197 78 47689 1884780 30543 0 15025 0 0 0
cpu11 42042 74 43339 1907303 28822 0 13331 0 0 0
cpu12 90110 154 54124 1824162 35300 0 16652 0 0 0
cpu13 86234 85 55210 1822663 36758 0 17033 0 0 0
cpu14 42017 72 42927 1911210 26781 0 13102 0 0 0
cpu15 38810 76 39361 1925924 27353 0 11874 0 0 0
cpu16 227619 32 66021 1736981 12150 0 36411 0 0 0
cpu17 212553 32 63814 1752042 15413 0 34787 0 0 0
cpu18 196661 32 61701 1770865 16160 0 33626 0 0 0
cpu19 362811 29 95710 1557377 6812 0 55283 0 0 0
cpu20 324641 28 89019 1601846 10724 0 52597 0 0 0
cpu21 195518 35 61050 1770874 18425 0 32906 0 0 0
cpu22 178274 39 58288 1791943 18708 0 30880 0 0 0
cpu23 152447 37 52029 1830605 18257 0 25860 0 0 0
cpu24 45526 77 44457 1902946 32748 0 14049 0 0 0
cpu25 51060 72 49585 1875983 35901 0 16651 0 0 0
cpu26 48701 69 48357 1883373 34827 0 16165 0 0 0
cpu27 41129 59 43168 1895731 32928 0 21911 0 0 0
cpu28 81145 94 57980 1810751 39073 0 29452 0 0 0
cpu29 85035 130 60133 1798168 40317 0 30040 0 0 0
cpu30 40457 53 44869 1890168 29728 0 21966 0 0 0
cpu31 43635 56 45004 1905912 30188 0 14081 0 0 0
intr 3549313644 126 0 0 0 0 0 0 0 0 1 0 0 0 0 0 0 0 0 0 0 0 0 0 0 0 0 0 1 1 1 0 0 0 0 1 0 1 0 0 75045 0 0 0 0 0 0 0 0 411 0 0 0 0 0 0 0 0 87 0 0 0 0 0 0 0 0 0 0 0 0 0 0 0 623412 2 35072478 35006636 34922605 35069374 0 17114 17380 21454 21941 13146 17003 22484 23375 20598 61343 85925 68108 57301 97074 88883 50310 47053 22586 26072 30621 12219 19967 29388 29617 25177 64238 79772 71886 58414 93294 101184 52193 53136 0 0 0 0 617409 4776 1036 0 264 0 0 0 0 0 0 0 0 0 0 0 0 0 0 0 0 0 0 0 0 0 0 0 0 0 0 0 0 0 0 0 0 0 0 0 0 0 0 0 0 0 0 0 0 0 0 0 0 0 0 0 0 0 0 0 0 0 0 0 0 0 0 0 0 0 0 0 0 0 0 0 0 0 0 0 0 0 0 0 0 0 0 0 0 0 0 0 0 0 0 0 0 0 0 0 0 0 0 0 0 0 0 0 0 0 0 0 0 0 0 0 0 0 0 0 0 0 0 0 0 0 0 0 0 0 0 0 0 0 0 0 0 0 0 0 0 0 0 0 0 0 0 0 0 0 0 0 0 0 0 0 0 0 0 0 0 0 0 0 0 0 0 0 0 0 0 0 0 0 0 0 0 0 0 0 0 0 0 0 0 0 0 0 0 0 0 0 0 0 0 0 0 0 0 0 0 0 0 0 0 0 0 0 0 0 0 0 0 0 0 0 0 0 0 0 0 0 0 0 0 0 0 0 0 0 0 0 0 0 0 0 0 0 0 0 0 0 0 0 0 0 0 0 0 0 0 0 0 0 0 0 0 0 0 0 0 0 0 0 0 0 0 0 0 0 0 0 0 0 0 0 0 0 0 0 0 0 0 0 0 0 0 0 0 0 0 0 0 0 0 0 0 0 0 0 0 0 0 0 0 0 0 0 0 0 0 0 0 0 0 0 0 0 0 0 0 0 0 0 0 0 0 0 0 0 0 0 0 0 0 0 0 0 0 0 0 0 0 0 0 0 0 0 0 0 0 0 0 0 0 0 0 0 0 0 0 0 0 0 0 0 0 0 0 0 0 0 0 0 0 0 0 0 0 0 0 0 0 0 0 0 0 0 0 0 0 0 0 0 0 0 0 0 0 0 0 0 0 0 0 0 0 0 0 0 0 0 0 0 0 0 0 0 0 0 0 0 0 0 0 0 0 0 0 0 0 0 0 0 0 0 0 0 0 0 0 0 0 0 0 0 0 0 0 0 0 0 0 0 0 0 0 0 0 0 0 0 0 0 0 0 0 0 0 0 0 0 0 0 0 0 0 0 0 0 0 0 0 0 0 0 0 0 0 0 0 0 0 0 0 0 0 0 0 0 0 0 0 0 0 0 0 0 0 0 0 0 0 0 0 0 0 0 0 0 0 0 0 0 0 0 0 0 0 0 0 0 0 0 0 0 0 0 0 0 0 0 0 0 0 0 0 0 0 0 0 0 0 0 0 0 0 0 0 0 0 0 0 0 0 0 0 0 0 0 0 0 0 0 0 0 0 0 0 0 0 0 0 0 0 0 0 0 0 0 0 0 0 0 0 0 0 0 0 0 0 0 0 0 0 0 0 0 0 0 0 0 0 0 0 0 0 0 0 0 0 0 0 0 0 0 0 0 0 0 0 0 0 0 0 0 0 0 0 0 0 0 0 0 0 0 0 0 0 0 0 0 0 0 0 0 0 0 0 0 0 0 0 0 0 0 0 0 0 0 0 0 0 0 0 0 0 0 0 0 0 0 0 0 0 0 0 0 0 0 0 0 0 0 0 0 0 0 0 0 0 0 0 0 0 0 0 0 0 0 0 0 0 0 0 0 0 0 0 0 0 0 0 0 0 0 0 0 0 0 0 0 0 0 0 0 0 0 0 0 0 0 0 0 0 0 0 0 0 0 0 0 0 0 0 0 0 0 0 0 0 0 0 0 0 0 0 0 0 0 0 0 0 0 0 0 0 0 0 0 0 0 0 0 0 0 0 0 0 0 0 0 0 0 0 0 0 0 0 0 0 0 0 0 0 0 0 0 0 0 0 0 0 0 0 0 0 0 0 0 0 0 0 0 0 0 0 0 0 0 0 0 0 0 0 0 0 0 0 0 0 0 0 0 0 0 0 0 0 0 0 0 0 0 0 0 0 0 0 0 0 0 0 0 0 0 0 0 0 0 0 0 0 0 0 0 0 0 0 0 0 0 0 0 0 0 0 0 0 0 0 0 0 0 0 0 0 0 0 0 0 0 0 0 0 0 0 0 0 0 0 0 0 0 0 0 0 0 0 0 0 0 0 0 0 0 0 0 0 0 0 0 0 0 0 0 0 0 0 0 0 0 0 0 0 0 0 0 0 0 0 0 0 0 0 0 0 0 0 0 0 0 0 0 0 0 0 0 0 0 0 0 0 0 0 0 0 0 0 0 0 0 0 0 0 0 0 0 0 0 0 0 0 0 0 0 0 0 0 0 0 0 0 0 0 0 0 0 0 0 0 0 0 0 0 0 0 0 0 0 0 0 0 0 0 0 0 0 0 0 0 0 0 0 0 0 0 0 0 0 0 0 0 0 0 0 0 0 0 0 0 0 0 0 0 0 0 0 0 0 0 0 0 0 0 0 0 0 0 0 0 0 0 0 0 0 0 0 0 0 0 0 0 0 0 0 0 0 0 0 0 0 0 0 0 0 0 0 0 0 0 0 0 0 0 0 0
ctxt 5662796771
btime 1790630938
processes 1404583
procs_running 6
procs_blocked 4
softirq 5013378928 73526 15321444 2753290 563564960 649472 0 13560918 59681208 421 62806393
--
cpu  4313361 1895 1808211 58027519 734222 0 847410 0 0 0
cpu0 165219 33 53177 1813277 8753 0 28483 0 0 0
cpu1 168133 38 54083 1815798 10768 0 27570 0 0 0
cpu2 174486 38 54446 1809593 11438 0 27826 0 0 0
cpu3 272546 39 78917 1672639 7246 0 44987 0 0 0
cpu4 267945 45 76276 1680569 9109 0 44826 0 0 0
cpu5 176196 45 56050 1805072 12728 0 28620 0 0 0
cpu6 177598 40 56060 1802647 13732 0 29544 0 0 0
cpu7 184949 38 59542 1789401 13614 0 32603 0 0 0
cpu8 42402 71 46035 1903556 28546 0 13975 0 0 0
cpu9 48989 80 49441 1875742 33122 0 15265 0 0 0
cpu10 46199 78 47695 1885145 30961 0 15026 0 0 0
cpu11 42044 74 43344 1907645 29264 0 13331 0 0 0
cpu12 90123 154 54133 1824499 35735 0 16652 0 0 0
cpu13 86242 85 55217 1822972 37224 0 17033 0 0 0
cpu14 42018 73 42932 1911561 27217 0 13102 0 0 0
cpu15 38810 76 39367 1926184 27880 0 11875 0 0 0
cpu16 228085 32 66068 1737238 12178 0 36411 0 0 0
cpu17 212965 32 63858 1752360 15436 0 34787 0 0 0
cpu18 196924 32 61729 1771288 16243 0 33626 0 0 0
cpu19 363272 29 95755 1557651 6831 0 55284 0 0 0
cpu20 325058 28 89060 1602166 10745 0 52597 0 0 0
cpu21 195637 35 61068 1771394 18560 0 32908 0 0 0
cpu22 178318 39 58300 1792508 18876 0 30882 0 0 0
cpu23 152466 37 52037 1831231 18386 0 25861 0 0 0
cpu24 45528 77 44463 1903207 33270 0 14050 0 0 0
cpu25 51065 72 49593 1876260 36402 0 16652 0 0 0
cpu26 48702 69 48364 1883639 35344 0 16166 0 0 0
cpu27 41130 59 43174 1896046 33397 0 21911 0 0 0
cpu28 81156 94 57990 1811010 39585 0 29452 0 0 0
cpu29 85051 130 60142 1798496 40756 0 30041 0 0 0
cpu30 40457 53 44874 1890499 30184 0 21967 0 0 0
cpu31 43636 56 45009 1906210 30676 0 14081 0 0 0
intr 3549891597 126 0 0 0 0 0 0 0 0 1 0 0 0 0 0 0 0 0 0 0 0 0 0 0 0 0 0 1 1 1 0 0 0 0 1 0 1 0 0 75045 0 0 0 0 0 0 0 0 411 0 0 0 0 0 0 0 0 87 0 0 0 0 0 0 0 0 0 0 0 0 0 0 0 624744 2 35072520 35006652 34922619 35069396 0 17122 17441 21520 22027 13219 17106 22611 23522 20780 61856 86541 68632 57780 97718 89575 50791 47562 22626 26104 30692 12268 19999 29512 29788 25336 64789 80488 72519 58963 94005 101875 52602 53618 0 0 0 0 617409 4776 1036 0 264 0 0 0 0 0 0 0 0 0 0 0 0 0 0 0 0 0 0 0 0 0 0 0 0 0 0 0 0 0 0 0 0 0 0 0 0 0 0 0 0 0 0 0 0 0 0 0 0 0 0 0 0 0 0 0 0 0 0 0 0 0 0 0 0 0 0 0 0 0 0 0 0 0 0 0 0 0 0 0 0 0 0 0 0 0 0 0 0 0 0 0 0 0 0 0 0 0 0 0 0 0 0 0 0 0 0 0 0 0 0 0 0 0 0 0 0 0 0 0 0 0 0 0 0 0 0 0 0 0 0 0 0 0 0 0 0 0 0 0 0 0 0 0 0 0 0 0 0 0 0 0 0 0 0 0 0 0 0 0 0 0 0 0 0 0 0 0 0 0 0 0 0 0 0 0 0 0 0 0 0 0 0 0 0 0 0 0 0 0 0 0 0 0 0 0 0 0 0 0 0 0 0 0 0 0 0 0 0 0 0 0 0 0 0 0 0 0 0 0 0 0 0 0 0 0 0 0 0 0 0 0 0 0 0 0 0 0 0 0 0 0 0 0 0 0 0 0 0 0 0 0 0 0 0 0 0 0 0 0 0 0 0 0 0 0 0 0 0 0 0 0 0 0 0 0 0 0 0 0 0 0 0 0 0 0 0 0 0 0 0 0 0 0 0 0 0 0 0 0 0 0 0 0 0 0 0 0 0 0 0 0 0 0 0 0 0 0 0 0 0 0 0 0 0 0 0 0 0 0 0 0 0 0 0 0 0 0 0 0 0 0 0 0 0 0 0 0 0 0 0 0 0 0 0 0 0 0 0 0 0 0 0 0 0 0 0 0 0 0 0 0 0 0 0 0 0 0 0 0 0 0 0 0 0 0 0 0 0 0 0 0 0 0 0 0 0 0 0 0 0 0 0 0 0 0 0 0 0 0 0 0 0 0 0 0 0 0 0 0 0 0 0 0 0 0 0 0 0 0 0 0 0 0 0 0 0 0 0 0 0 0 0 0 0 0 0 0 0 0 0 0 0 0 0 0 0 0 0 0 0 0 0 0 0 0 0 0 0 0 0 0 0 0 0 0 0 0 0 0 0 0 0 0 0 0 0 0 0 0 0 0 0 0 0 0 0 0 0 0 0 0 0 0 0 0 0 0 0 0 0 0 0 0 0 0 0 0 0 0 0 0 0 0 0 0 0 0 0 0 0 0 0 0 0 0 0 0 0 0 0 0 0 0 0 0 0 0 0 0 0 0 0 0 0 0 0 0 0 0 0 0 0 0 0 0 0 0 0 0 0 0 0 0 0 0 0 0 0 0 0 0 0 0 0 0 0 0 0 0 0 0 0 0 0 0 0 0 0 0 0 0 0 0 0 0 0 0 0 0 0 0 0 0 0 0 0 0 0 0 0 0 0 0 0 0 0 0 0 0 0 0 0 0 0 0 0 0 0 0 0 0 0 0 0 0 0 0 0 0 0 0 0 0 0 0 0 0 0 0 0 0 0 0 0 0 0 0 0 0 0 0 0 0 0 0 0 0 0 0 0 0 0 0 0 0 0 0 0 0 0 0 0 0 0 0 0 0 0 0 0 0 0 0 0 0 0 0 0 0 0 0 0 0 0 0 0 0 0 0 0 0 0 0 0 0 0 0 0 0 0 0 0 0 0 0 0 0 0 0 0 0 0 0 0 0 0 0 0 0 0 0 0 0 0 0 0 0 0 0 0 0 0 0 0 0 0 0 0 0 0 0 0 0 0 0 0 0 0 0 0 0 0 0 0 0 0 0 0 0 0 0 0 0 0 0 0 0 0 0 0 0 0 0 0 0 0 0 0 0 0 0 0 0 0 0 0 0 0 0 0 0 0 0 0 0 0 0 0 0 0 0 0 0 0 0 0 0 0 0 0 0 0 0 0 0 0 0 0 0 0 0 0 0 0 0 0 0 0 0 0 0 0 0 0 0 0 0 0 0 0 0 0 0 0 0 0 0 0 0 0 0 0 0 0 0 0 0 0 0 0 0 0 0 0 0 0 0 0 0 0 0 0 0 0 0 0 0 0 0 0 0 0 0 0 0 0 0 0 0 0 0 0 0 0 0 0 0 0 0 0 0 0 0 0 0 0 0 0 0 0 0 0 0 0 0 0 0 0 0 0 0 0 0 0 0 0 0 0 0 0 0 0 0 0 0 0 0 0 0 0 0 0 0 0 0 0 0 0 0 0 0 0 0 0 0 0 0 0 0 0 0 0 0 0 0 0 0 0 0 0 0 0 0 0 0 0 0 0 0 0 0 0 0 0 0 0 0 0 0 0 0 0 0 0 0 0 0 0 0 0 0 0 0 0 0 0 0 0 0 0 0 0 0 0 0 0 0 0 0 0 0 0 0 0 0 0 0 0 0 0 0 0 0 0 0 0 0 0 0 0 0 0 0 0 0 0 0 0 0 0 0 0 0 0 0 0 0 0 0 0 0 0 0 0 0 0 0 0 0 0 0 0
ctxt 5663770225
btime 1790630938
processes 1404658
procs_running 6
procs_blocked 13
softirq 5013527778 73526 15331437 2753290 563658897 650820 0 13560918 59702553 421 62828620
