Running 10s test @ http://127.0.0.1:18500/swerve/counter
  16 threads and 32 connections
  Thread Stats   Avg      Stdev     Max   +/- Stdev
    Latency     6.21ms  435.56us  10.89ms   95.70%
    Req/Sec   323.58     30.55   810.00     99.07%
  Latency Distribution
     50%    6.17ms
     75%    6.28ms
     90%    6.44ms
     99%    7.02ms
  51737 requests in 10.10s, 7.35MB read
Requests/sec:   5122.41
Transfer/sec:    745.30KB
## server-stat
cpu  3809880 1709 1706268 51919067 481256 0 816426 0 0 0
cpu0 143695 31 49159 1624755 6270 0 26983 0 0 0
cpu1 144666 35 50040 1628594 7678 0 26159 0 0 0
cpu2 148518 35 50323 1625439 7740 0 26238 0 0 0
cpu3 233497 35 72771 1502701 4989 0 43011 0 0 0
cpu4 235373 40 71376 1502529 6297 0 43415 0 0 0
cpu5 154315 40 51995 1616889 8544 0 27149 0 0 0
cpu6 155294 35 52447 1615103 8733 0 28253 0 0 0
cpu7 161719 33 55686 1603547 8317 0 30914 0 0 0
cpu8 41723 63 44652 1698524 17972 0 13660 0 0 0
cpu9 47983 70 47923 1672653 21821 0 14904 0 0 0
cpu10 45440 69 46237 1681406 19786 0 14699 0 0 0
cpu11 41430 65 42035 1702811 18165 0 13060 0 0 0
cpu12 85793 145 52177 1626119 24075 0 16184 0 0 0
cpu13 82115 76 53173 1624990 25367 0 16549 0 0 0
cpu14 41327 63 41541 1706071 17207 0 12810 0 0 0
cpu15 38301 67 38122 1720257 17449 0 11625 0 0 0
cpu16 191559 30 60779 1564191 8929 0 34553 0 0 0
cpu17 180768 29 58996 1575526 11185 0 33110 0 0 0
cpu18 169528 29 57373 1589896 10894 0 32274 0 0 0
cpu19 315226 27 88567 1396503 5070 0 53511 0 0 0
cpu20 276249 26 81788 1443053 8124 0 50408 0 0 0
cpu21 164937 31 56529 1593886 12618 0 31517 0 0 0
cpu22 152957 35 53948 1610218 12362 0 29357 0 0 0
cpu23 132766 34 48293 1642665 11670 0 24766 0 0 0
cpu24 44702 67 43023 1699582 21109 0 13759 0 0 0
cpu25 50063 67 48002 1674026 23757 0 16275 0 0 0
cpu26 47813 61 46815 1680921 22803 0 15817 0 0 0
cpu27 40398 52 41744 1692257 21180 0 21625 0 0 0
cpu28 77497 86 55903 1613469 26329 0 28935 0 0 0
cpu29 81514 122 57934 1601939 26783 0 29489 0 0 0
cpu30 39749 47 43361 1686476 18986 0 21636 0 0 0
cpu31 42950 48 43542 1702056 19033 0 13766 0 0 0
intr 3385207968 126 0 0 0 0 0 0 0 0 1 0 0 0 0 0 0 0 0 0 0 0 0 0 0 0 0 0 1 1 1 0 0 0 0 1 0 1 0 0 75045 0 0 0 0 0 0 0 0 411 0 0 0 0 0 0 0 0 87 0 0 0 0 0 0 0 0 0 0 0 0 0 0 0 533893 2 35063109 35001172 34915751 35059911 0 15348 13318 16359 15639 9714 12125 15959 16778 13274 46177 62105 49995 42406 64033 61021 37645 34328 16783 18659 22185 9006 14959 20768 20436 17731 44401 56399 52790 41962 64783 67944 38829 39287 0 0 0 0 617261 4586 1036 0 264 0 0 0 0 0 0 0 0 0 0 0 0 0 0 0 0 0 0 0 0 0 0 0 0 0 0 0 0 0 0 0 0 0 0 0 0 0 0 0 0 0 0 0 0 0 0 0 0 0 0 0 0 0 0 0 0 0 0 0 0 0 0 0 0 0 0 0 0 0 0 0 0 0 0 0 0 0 0 0 0 0 0 0 0 0 0 0 0 0 0 0 0 0 0 0 0 0 0 0 0 0 0 0 0 0 0 0 0 0 0 0 0 0 0 0 0 0 0 0 0 0 0 0 0 0 0 0 0 0 0 0 0 0 0 0 0 0 0 0 0 0 0 0 0 0 0 0 0 0 0 0 0 0 0 0 0 0 0 0 0 0 0 0 0 0 0 0 0 0 0 0 0 0 0 0 0 0 0 0 0 0 0 0 0 0 0 0 0 0 0 0 0 0 0 0 0 0 0 0 0 0 0 0 0 0 0 0 0 0 0 0 0 0 0 0 0 0 0 0 0 0 0 0 0 0 0 0 0 0 0 0 0 0 0 0 0 0 0 0 0 0 0 0 0 0 0 0 0 0 0 0 0 0 0 0 0 0 0 0 0 0 0 0 0 0 0 0 0 0 0 0 0 0 0 0 0 0 0 0 0 0 0 0 0 0 0 0 0 0 0 0 0 0 0 0 0 0 0 0 0 0 0 0 0 0 0 0 0 0 0 0 0 0 0 0 0 0 0 0 0 0 0 0 0 0 0 0 0 0 0 0 0 0 0 0 0 0 0 0 0 0 0 0 0 0 0 0 0 0 0 0 0 0 0 0 0 0 0 0 0 0 0 0 0 0 0 0 0 0 0 0 0 0 0 0 0 0 0 0 0 0 0 0 0 0 0 0 0 0 0 0 0 0 0 0 0 0 0 0 0 0 0 0 0 0 0 0 0 0 0 0 0 0 0 0 0 0 0 0 0 0 0 0 0 0 0 0 0 0 0 0 0 0 0 0 0 0 0 0 0 0 0 0 0 0 0 0 0 0 0 0 0 0 0 0 0 0 0 0 0 0 0 0 0 0 0 0 0 0 0 0 0 0 0 0 0 0 0 0 0 0 0 0 0 0 0 0 0 0 0 0 0 0 0 0 0 0 0 0 0 0 0 0 0 0 0 0 0 0 0 0 0 0 0 0 0 0 0 0 0 0 0 0 0 0 0 0 0 0 0 0 0 0 0 0 0 0 0 0 0 0 0 0 0 0 0 0 0 0 0 0 0 0 0 0 0 0 0 0 0 0 0 0 0 0 0 0 0 0 0 0 0 0 0 0 0 0 0 0 0 0 0 0 0 0 0 0 0 0 0 0 0 0 0 0 0 0 0 0 0 0 0 0 0 0 0 0 0 0 0 0 0 0 0 0 0 0 0 0 0 0 0 0 0 0 0 0 0 0 0 0 0 0 0 0 0 0 0 0 0 0 0 0 0 0 0 0 0 0 0 0 0 0 0 0 0 0 0 0 0 0 0 0 0 0 0 0 0 0 0 0 0 0 0 0 0 0 0 0 0 0 0 0 0 0 0 0 0 0 0 0 0 0 0 0 0 0 0 0 0 0 0 0 0 0 0 0 0 0 0 0 0 0 0 0 0 0 0 0 0 0 0 0 0 0 0 0 0 0 0 0 0 0 0 0 0 0 0 0 0 0 0 0 0 0 0 0 0 0 0 0 0 0 0 0 0 0 0 0 0 0 0 0 0 0 0 0 0 0 0 0 0 0 0 0 0 0 0 0 0 0 0 0 0 0 0 0 0 0 0 0 0 0 0 0 0 0 0 0 0 0 0 0 0 0 0 0 0 0 0 0 0 0 0 0 0 0 0 0 0 0 0 0 0 0 0 0 0 0 0 0 0 0 0 0 0 0 0 0 0 0 0 0 0 0 0 0 0 0 0 0 0 0 0 0 0 0 0 0 0 0 0 0 0 0 0 0 0 0 0 0 0 0 0 0 0 0 0 0 0 0 0 0 0 0 0 0 0 0 0 0 0 0 0 0 0 0 0 0 0 0 0 0 0 0 0 0 0 0 0 0 0 0 0 0 0 0 0 0 0 0 0 0 0 0 0 0 0 0 0 0 0 0 0 0 0 0 0 0 0 0 0 0 0 0 0 0 0 0 0 0 0 0 0 0 0 0 0 0 0 0 0 0 0 0 0 0 0 0 0 0 0 0 0 0 0 0 0 0 0 0 0 0 0 0 0 0 0 0 0 0 0 0 0 0 0 0 0 0 0 0 0 0 0 0 0 0 0 0 0 0 0 0 0 0 0 0 0 0 0 0 0 0 0 0 0 0 0 0 0 0 0 0 0 0 0 0 0 0 0 0 0 0 0 0 0 0 0 0 0 0 0 0 0 0 0 0 0 0 0 0 0 0 0 0 0 0 0 0 0 0 0 0 0 0 0 0 0 0 0 0 0 0 0 0 0 0 0 0 0 0 0 0 0 0 0 0 0 0 0 0 0
ctxt 5378692545
btime 1790630938
processes 1041649
procs_running 4
procs_blocked 0
softirq 4820839378 73526 13537373 2753176 388104661 557139 0 13560391 55087637 421 52197758
--
cpu  3811418 1709 1706502 51942677 481303 0 816470 0 0 0
cpu0 143714 31 49165 1625513 6270 0 27007 0 0 0
cpu1 144674 35 50045 1629372 7678 0 26161 0 0 0
cpu2 148524 35 50326 1626220 7740 0 26239 0 0 0
cpu3 233740 35 72801 1503225 4989 0 43011 0 0 0
cpu4 235600 40 71405 1503072 6297 0 43415 0 0 0
cpu5 154322 40 51998 1617671 8544 0 27151 0 0 0
cpu6 155298 35 52449 1615890 8733 0 28254 0 0 0
cpu7 161721 33 55688 1604338 8317 0 30914 0 0 0
cpu8 41724 64 44656 1699315 17972 0 13661 0 0 0
cpu9 47986 70 47925 1673440 21821 0 14905 0 0 0
cpu10 45442 69 46239 1682197 19786 0 14700 0 0 0
cpu11 41433 65 42037 1703601 18165 0 13060 0 0 0
cpu12 85812 145 52179 1626891 24075 0 16186 0 0 0
cpu13 82127 76 53175 1625767 25369 0 16550 0 0 0
cpu14 41328 63 41542 1706847 17227 0 12810 0 0 0
cpu15 38302 67 38123 1721051 17449 0 11626 0 0 0
cpu16 191567 30 60782 1564972 8929 0 34554 0 0 0
cpu17 180773 29 58998 1576310 11185 0 33110 0 0 0
cpu18 169536 29 57377 1590676 10894 0 32274 0 0 0
cpu19 315679 27 88617 1396794 5070 0 53511 0 0 0
cpu20 276728 26 81845 1443315 8124 0 50408 0 0 0
cpu21 164941 31 56532 1594674 12618 0 31518 0 0 0
cpu22 152960 35 53950 1611008 12362 0 29358 0 0 0
cpu23 132771 34 48296 1643453 11670 0 24767 0 0 0
cpu24 44702 67 43025 1700379 21109 0 13759 0 0 0
cpu25 50063 67 48004 1674823 23757 0 16275 0 0 0
cpu26 47813 61 46816 1681717 22803 0 15817 0 0 0
cpu27 40398 52 41745 1693053 21180 0 21625 0 0 0
cpu28 77512 86 55906 1614234 26345 0 28935 0 0 0
cpu29 81514 122 57936 1602725 26790 0 29490 0 0 0
cpu30 39750 47 43363 1687270 18986 0 21637 0 0 0
cpu31 42950 48 43544 1702851 19033 0 13767 0 0 0
intr 3385674236 126 0 0 0 0 0 0 0 0 1 0 0 0 0 0 0 0 0 0 0 0 0 0 0 0 0 0 1 1 1 0 0 0 0 1 0 1 0 0 75045 0 0 0 0 0 0 0 0 411 0 0 0 0 0 0 0 0 87 0 0 0 0 0 0 0 0 0 0 0 0 0 0 0 534440 2 35063136 35001184 34915798 35059951 0 15356 13318 16359 15639 9714 12125 15959 16778 13274 46177 62105 49995 42407 64033 61021 37645 34329 16783 18659 22185 9006 14959 20768 20436 17731 44401 56399 52790 41962 64786 67945 38832 39287 0 0 0 0 617261 4586 1036 0 264 0 0 0 0 0 0 0 0 0 0 0 0 0 0 0 0 0 0 0 0 0 0 0 0 0 0 0 0 0 0 0 0 0 0 0 0 0 0 0 0 0 0 0 0 0 0 0 0 0 0 0 0 0 0 0 0 0 0 0 0 0 0 0 0 0 0 0 0 0 0 0 0 0 0 0 0 0 0 0 0 0 0 0 0 0 0 0 0 0 0 0 0 0 0 0 0 0 0 0 0 0 0 0 0 0 0 0 0 0 0 0 0 0 0 0 0 0 0 0 0 0 0 0 0 0 0 0 0 0 0 0 0 0 0 0 0 0 0 0 0 0 0 0 0 0 0 0 0 0 0 0 0 0 0 0 0 0 0 0 0 0 0 0 0 0 0 0 0 0 0 0 0 0 0 0 0 0 0 0 0 0 0 0 0 0 0 0 0 0 0 0 0 0 0 0 0 0 0 0 0 0 0 0 0 0 0 0 0 0 0 0 0 0 0 0 0 0 0 0 0 0 0 0 0 0 0 0 0 0 0 0 0 0 0 0 0 0 0 0 0 0 0 0 0 0 0 0 0 0 0 0 0 0 0 0 0 0 0 0 0 0 0 0 0 0 0 0 0 0 0 0 0 0 0 0 0 0 0 0 0 0 0 0 0 0 0 0 0 0 0 0 0 0 0 0 0 0 0 0 0 0 0 0 0 0 0 0 0 0 0 0 0 0 0 0 0 0 0 0 0 0 0 0 0 0 0 0 0 0 0 0 0 0 0 0 0 0 0 0 0 0 0 0 0 0 0 0 0 0 0 0 0 0 0 0 0 0 0 0 0 0 0 0 0 0 0 0 0 0 0 0 0 0 0 0 0 0 0 0 0 0 0 0 0 0 0 0 0 0 0 0 0 0 0 0 0 0 0 0 0 0 0 0 0 0 0 0 0 0 0 0 0 0 0 0 0 0 0 0 0 0 0 0 0 0 0 0 0 0 0 0 0 0 0 0 0 0 0 0 0 0 0 0 0 0 0 0 0 0 0 0 0 0 0 0 0 0 0 0 0 0 0 0 0 0 0 0 0 0 0 0 0 0 0 0 0 0 0 0 0 0 0 0 0 0 0 0 0 0 0 0 0 0 0 0 0 0 0 0 0 0 0 0 0 0 0 0 0 0 0 0 0 0 0 0 0 0 0 0 0 0 0 0 0 0 0 0 0 0 0 0 0 0 0 0 0 0 0 0 0 0 0 0 0 0 0 0 0 0 0 0 0 0 0 0 0 0 0 0 0 0 0 0 0 0 0 0 0 0 0 0 0 0 0 0 0 0 0 0 0 0 0 0 0 0 0 0 0 0 0 0 0 0 0 0 0 0 0 0 0 0 0 0 0 0 0 0 0 0 0 0 0 0 0 0 0 0 0 0 0 0 0 0 0 0 0 0 0 0 0 0 0 0 0 0 0 0 0 0 0 0 0 0 0 0 0 0 0 0 0 0 0 0 0 0 0 0 0 0 0 0 0 0 0 0 0 0 0 0 0 0 0 0 0 0 0 0 0 0 0 0 0 0 0 0 0 0 0 0 0 0 0 0 0 0 0 0 0 0 0 0 0 0 0 0 0 0 0 0 0 0 0 0 0 0 0 0 0 0 0 0 0 0 0 0 0 0 0 0 0 0 0 0 0 0 0 0 0 0 0 0 0 0 0 0 0 0 0 0 0 0 0 0 0 0 0 0 0 0 0 0 0 0 0 0 0 0 0 0 0 0 0 0 0 0 0 0 0 0 0 0 0 0 0 0 0 0 0 0 0 0 0 0 0 0 0 0 0 0 0 0 0 0 0 0 0 0 0 0 0 0 0 0 0 0 0 0 0 0 0 0 0 0 0 0 0 0 0 0 0 0 0 0 0 0 0 0 0 0 0 0 0 0 0 0 0 0 0 0 0 0 0 0 0 0 0 0 0 0 0 0 0 0 0 0 0 0 0 0 0 0 0 0 0 0 0 0 0 0 0 0 0 0 0 0 0 0 0 0 0 0 0 0 0 0 0 0 0 0 0 0 0 0 0 0 0 0 0 0 0 0 0 0 0 0 0 0 0 0 0 0 0 0 0 0 0 0 0 0 0 0 0 0 0 0 0 0 0 0 0 0 0 0 0 0 0 0 0 0 0 0 0 0 0 0 0 0 0 0 0 0 0 0 0 0 0 0 0 0 0 0 0 0 0 0 0 0 0 0 0 0 0 0 0 0 0 0 0 0 0 0 0 0 0 0 0 0 0 0 0 0 0 0 0 0 0 0 0 0 0 0 0 0 0 0 0 0 0 0 0 0 0 0 0 0 0 0 0 0 0 0 0 0 0 0 0 0 0 0 0 0 0 0 0 0 0 0 0 0 0 0 0 0 0 0 0 0 0 0 0 0 0 0 0 0 0 0 0 0 0 0 0 0 0 0 0 0 0 0 0 0 0 0 0 0 0 0 0 0 0 0 0 0 0 0 0 0 0 0 0 0 0
ctxt 5379491404
btime 1790630938
processes 1041727
procs_running 3
procs_blocked 0
softirq 4821043990 73526 13550716 2753176 388268724 557707 0 13560391 55101952 421 52210081
