Running 10s test @ http://127.0.0.1:18500/swerve/json
  16 threads and 32 connections
  Thread Stats   Avg      Stdev     Max   +/- Stdev
    Latency     5.90ms  571.80us   7.24ms   98.52%
    Req/Sec   340.32     56.46     2.47k    99.94%
  Latency Distribution
     50%    5.60ms
     75%    6.38ms
     90%    6.41ms
     99%    6.47ms
  54263 requests in 10.10s, 13.87MB read
Requests/sec:   5372.91
Transfer/sec:      1.37MB
## server-stat
cpu  3795485 1697 1702481 51508687 480823 0 816119 0 0 0
cpu0 143515 31 49105 1611660 6269 0 26902 0 0 0
cpu1 144581 35 49985 1615327 7678 0 26145 0 0 0
cpu2 148459 35 50270 1612137 7740 0 26234 0 0 0
cpu3 231668 35 72526 1491380 4988 0 42994 0 0 0
cpu4 233585 40 71156 1491131 6297 0 43398 0 0 0
cpu5 154262 39 51938 1603590 8543 0 27147 0 0 0
cpu6 155253 35 52390 1601784 8733 0 28250 0 0 0
cpu7 161686 33 55632 1590208 8317 0 30911 0 0 0
cpu8 41683 63 44599 1685213 17970 0 13658 0 0 0
cpu9 47920 69 47863 1659384 21821 0 14901 0 0 0
cpu10 45394 69 46182 1668110 19786 0 14698 0 0 0
cpu11 41392 64 41984 1689493 18163 0 13059 0 0 0
cpu12 85464 144 52092 1613162 24066 0 16178 0 0 0
cpu13 81769 76 53087 1612233 25162 0 16545 0 0 0
cpu14 41285 63 41489 1692790 17166 0 12809 0 0 0
cpu15 38272 66 38063 1706925 17448 0 11624 0 0 0
cpu16 191422 30 60704 1550985 8929 0 34547 0 0 0
cpu17 180674 29 58920 1562284 11185 0 33107 0 0 0
cpu18 169460 29 57296 1576628 10894 0 32269 0 0 0
cpu19 310904 27 87859 1388166 5070 0 53455 0 0 0
cpu20 272252 26 81076 1434391 8124 0 50353 0 0 0
cpu21 164876 31 56453 1580612 12618 0 31515 0 0 0
cpu22 152909 35 53876 1596921 12362 0 29353 0 0 0
cpu23 132728 34 48228 1629347 11670 0 24765 0 0 0
cpu24 44638 66 42945 1686311 21100 0 13758 0 0 0
cpu25 49991 67 47926 1660759 23755 0 16274 0 0 0
cpu26 47750 61 46738 1667646 22802 0 15815 0 0 0
cpu27 40340 52 41663 1678971 21179 0 21623 0 0 0
cpu28 77361 85 55823 1600343 26251 0 28934 0 0 0
cpu29 81363 122 57853 1588842 26711 0 29486 0 0 0
cpu30 39711 46 43276 1673181 18983 0 21634 0 0 0
cpu31 42904 47 43469 1688754 19032 0 13765 0 0 0
intr 3381805666 126 0 0 0 0 0 0 0 0 1 0 0 0 0 0 0 0 0 0 0 0 0 0 0 0 0 0 1 1 1 0 0 0 0 1 0 1 0 0 75045 0 0 0 0 0 0 0 0 411 0 0 0 0 0 0 0 0 87 0 0 0 0 0 0 0 0 0 0 0 0 0 0 0 529507 2 35062170 35000773 34914941 35059070 0 15239 13316 16358 15638 9713 12125 15933 16777 13273 46174 62092 49991 42405 64031 61015 37644 34327 16712 18657 22183 9002 14942 20766 20436 17731 44393 56378 52783 41960 64720 67944 38796 39284 0 0 0 0 617253 4571 1036 0 264 0 0 0 0 0 0 0 0 0 0 0 0 0 0 0 0 0 0 0 0 0 0 0 0 0 0 0 0 0 0 0 0 0 0 0 0 0 0 0 0 0 0 0 0 0 0 0 0 0 0 0 0 0 0 0 0 0 0 0 0 0 0 0 0 0 0 0 0 0 0 0 0 0 0 0 0 0 0 0 0 0 0 0 0 0 0 0 0 0 0 0 0 0 0 0 0 0 0 0 0 0 0 0 0 0 0 0 0 0 0 0 0 0 0 0 0 0 0 0 0 0 0 0 0 0 0 0 0 0 0 0 0 0 0 0 0 0 0 0 0 0 0 0 0 0 0 0 0 0 0 0 0 0 0 0 0 0 0 0 0 0 0 0 0 0 0 0 0 0 0 0 0 0 0 0 0 0 0 0 0 0 0 0 0 0 0 0 0 0 0 0 0 0 0 0 0 0 0 0 0 0 0 0 0 0 0 0 0 0 0 0 0 0 0 0 0 0 0 0 0 0 0 0 0 0 0 0 0 0 0 0 0 0 0 0 0 0 0 0 0 0 0 0 0 0 0 0 0 0 0 0 0 0 0 0 0 0 0 0 0 0 0 0 0 0 0 0 0 0 0 0 0 0 0 0 0 0 0 0 0 0 0 0 0 0 0 0 0 0 0 0 0 0 0 0 0 0 0 0 0 0 0 0 0 0 0 0 0 0 0 0 0 0 0 0 0 0 0 0 0 0 0 0 0 0 0 0 0 0 0 0 0 0 0 0 0 0 0 0 0 0 0 0 0 0 0 0 0 0 0 0 0 0 0 0 0 0 0 0 0 0 0 0 0 0 0 0 0 0 0 0 0 0 0 0 0 0 0 0 0 0 0 0 0 0 0 0 0 0 0 0 0 0 0 0 0 0 0 0 0 0 0 0 0 0 0 0 0 0 0 0 0 0 0 0 0 0 0 0 0 0 0 0 0 0 0 0 0 0 0 0 0 0 0 0 0 0 0 0 0 0 0 0 0 0 0 0 0 0 0 0 0 0 0 0 0 0 0 0 0 0 0 0 0 0 0 0 0 0 0 0 0 0 0 0 0 0 0 0 0 0 0 0 0 0 0 0 0 0 0 0 0 0 0 0 0 0 0 0 0 0 0 0 0 0 0 0 0 0 0 0 0 0 0 0 0 0 0 0 0 0 0 0 0 0 0 0 0 0 0 0 0 0 0 0 0 0 0 0 0 0 0 0 0 0 0 0 0 0 0 0 0 0 0 0 0 0 0 0 0 0 0 0 0 0 0 0 0 0 0 0 0 0 0 0 0 0 0 0 0 0 0 0 0 0 0 0 0 0 0 0 0 0 0 0 0 0 0 0 0 0 0 0 0 0 0 0 0 0 0 0 0 0 0 0 0 0 0 0 0 0 0 0 0 0 0 0 0 0 0 0 0 0 0 0 0 0 0 0 0 0 0 0 0 0 0 0 0 0 0 0 0 0 0 0 0 0 0 0 0 0 0 0 0 0 0 0 0 0 0 0 0 0 0 0 0 0 0 0 0 0 0 0 0 0 0 0 0 0 0 0 0 0 0 0 0 0 0 0 0 0 0 0 0 0 0 0 0 0 0 0 0 0 0 0 0 0 0 0 0 0 0 0 0 0 0 0 0 0 0 0 0 0 0 0 0 0 0 0 0 0 0 0 0 0 0 0 0 0 0 0 0 0 0 0 0 0 0 0 0 0 0 0 0 0 0 0 0 0 0 0 0 0 0 0 0 0 0 0 0 0 0 0 0 0 0 0 0 0 0 0 0 0 0 0 0 0 0 0 0 0 0 0 0 0 0 0 0 0 0 0 0 0 0 0 0 0 0 0 0 0 0 0 0 0 0 0 0 0 0 0 0 0 0 0 0 0 0 0 0 0 0 0 0 0 0 0 0 0 0 0 0 0 0 0 0 0 0 0 0 0 0 0 0 0 0 0 0 0 0 0 0 0 0 0 0 0 0 0 0 0 0 0 0 0 0 0 0 0 0 0 0 0 0 0 0 0 0 0 0 0 0 0 0 0 0 0 0 0 0 0 0 0 0 0 0 0 0 0 0 0 0 0 0 0 0 0 0 0 0 0 0 0 0 0 0 0 0 0 0 0 0 0 0 0 0 0 0 0 0 0 0 0 0 0 0 0 0 0 0 0 0 0 0 0 0 0 0 0 0 0 0 0 0 0 0 0 0 0 0 0 0 0 0 0 0 0 0 0 0 0 0 0 0 0 0 0 0 0 0 0 0 0 0 0 0 0 0 0 0 0 0 0 0 0 0 0 0 0 0 0 0 0 0 0 0 0 0 0 0 0 0 0 0 0 0 0 0 0 0 0 0 0 0 0 0 0 0 0 0 0 0 0 0 0 0 0 0 0 0 0 0 0 0 0 0 0 0 0 0 0 0 0 0 0 0 0 0 0 0 0 0 0 0 0 0 0 0 0 0 0 0 0 0 0 0 0 0 0 0 0 0
ctxt 5373753672
btime 1790630938
processes 1008823
procs_running 3
procs_blocked 0
softirq 4818421632 73526 13453281 2753174 387108148 552575 0 13560356 54865924 421 51086931
--
cpu  3796945 1698 1702681 51532498 480850 0 816147 0 0 0
cpu0 143521 31 49106 1612444 6269 0 26905 0 0 0
cpu1 144583 35 49985 1616124 7678 0 26145 0 0 0
cpu2 148460 35 50270 1612934 7740 0 26234 0 0 0
cpu3 231725 35 72533 1492114 4988 0 42995 0 0 0
cpu4 233762 40 71178 1491728 6297 0 43401 0 0 0
cpu5 154262 39 51938 1604389 8543 0 27147 0 0 0
cpu6 155254 35 52390 1602582 8733 0 28250 0 0 0
cpu7 161687 33 55632 1591006 8317 0 30911 0 0 0
cpu8 41683 63 44599 1686010 17970 0 13658 0 0 0
cpu9 47920 69 47863 1660176 21821 0 14901 0 0 0
cpu10 45396 69 46183 1668906 19786 0 14698 0 0 0
cpu11 41393 65 41984 1690291 18163 0 13059 0 0 0
cpu12 85475 144 52093 1613937 24074 0 16178 0 0 0
cpu13 81777 76 53090 1613000 25180 0 16545 0 0 0
cpu14 41286 63 41489 1693585 17166 0 12809 0 0 0
cpu15 38272 66 38064 1707723 17448 0 11624 0 0 0
cpu16 191429 30 60705 1551776 8929 0 34547 0 0 0
cpu17 180674 29 58920 1563082 11185 0 33107 0 0 0
cpu18 169462 29 57296 1577424 10894 0 32269 0 0 0
cpu19 311534 27 87943 1388240 5070 0 53466 0 0 0
cpu20 272761 26 81149 1434599 8124 0 50361 0 0 0
cpu21 164876 31 56453 1581411 12618 0 31515 0 0 0
cpu22 152909 35 53876 1597720 12362 0 29353 0 0 0
cpu23 132729 34 48228 1630146 11670 0 24765 0 0 0
cpu24 44640 66 42946 1687107 21101 0 13758 0 0 0
cpu25 49992 67 47926 1661553 23755 0 16274 0 0 0
cpu26 47752 61 46739 1668435 22802 0 15815 0 0 0
cpu27 40343 52 41664 1679765 21179 0 21623 0 0 0
cpu28 77361 85 55825 1601140 26251 0 28934 0 0 0
cpu29 81393 122 57855 1589607 26711 0 29486 0 0 0
cpu30 39713 46 43277 1673975 18983 0 21634 0 0 0
cpu31 42905 48 43469 1689552 19032 0 13765 0 0 0
intr 3381965467 126 0 0 0 0 0 0 0 0 1 0 0 0 0 0 0 0 0 0 0 0 0 0 0 0 0 0 1 1 1 0 0 0 0 1 0 1 0 0 75045 0 0 0 0 0 0 0 0 411 0 0 0 0 0 0 0 0 87 0 0 0 0 0 0 0 0 0 0 0 0 0 0 0 529792 2 35062238 35000812 34914972 35059121 0 15247 13316 16358 15638 9713 12125 15933 16777 13273 46174 62092 49991 42405 64031 61015 37644 34328 16712 18657 22183 9002 14942 20766 20436 17731 44398 56379 52783 41960 64726 67944 38797 39284 0 0 0 0 617253 4571 1036 0 264 0 0 0 0 0 0 0 0 0 0 0 0 0 0 0 0 0 0 0 0 0 0 0 0 0 0 0 0 0 0 0 0 0 0 0 0 0 0 0 0 0 0 0 0 0 0 0 0 0 0 0 0 0 0 0 0 0 0 0 0 0 0 0 0 0 0 0 0 0 0 0 0 0 0 0 0 0 0 0 0 0 0 0 0 0 0 0 0 0 0 0 0 0 0 0 0 0 0 0 0 0 0 0 0 0 0 0 0 0 0 0 0 0 0 0 0 0 0 0 0 0 0 0 0 0 0 0 0 0 0 0 0 0 0 0 0 0 0 0 0 0 0 0 0 0 0 0 0 0 0 0 0 0 0 0 0 0 0 0 0 0 0 0 0 0 0 0 0 0 0 0 0 0 0 0 0 0 0 0 0 0 0 0 0 0 0 0 0 0 0 0 0 0 0 0 0 0 0 0 0 0 0 0 0 0 0 0 0 0 0 0 0 0 0 0 0 0 0 0 0 0 0 0 0 0 0 0 0 0 0 0 0 0 0 0 0 0 0 0 0 0 0 0 0 0 0 0 0 0 0 0 0 0 0 0 0 0 0 0 0 0 0 0 0 0 0 0 0 0 0 0 0 0 0 0 0 0 0 0 0 0 0 0 0 0 0 0 0 0 0 0 0 0 0 0 0 0 0 0 0 0 0 0 0 0 0 0 0 0 0 0 0 0 0 0 0 0 0 0 0 0 0 0 0 0 0 0 0 0 0 0 0 0 0 0 0 0 0 0 0 0 0 0 0 0 0 0 0 0 0 0 0 0 0 0 0 0 0 0 0 0 0 0 0 0 0 0 0 0 0 0 0 0 0 0 0 0 0 0 0 0 0 0 0 0 0 0 0 0 0 0 0 0 0 0 0 0 0 0 0 0 0 0 0 0 0 0 0 0 0 0 0 0 0 0 0 0 0 0 0 0 0 0 0 0 0 0 0 0 0 0 0 0 0 0 0 0 0 0 0 0 0 0 0 0 0 0 0 0 0 0 0 0 0 0 0 0 0 0 0 0 0 0 0 0 0 0 0 0 0 0 0 0 0 0 0 0 0 0 0 0 0 0 0 0 0 0 0 0 0 0 0 0 0 0 0 0 0 0 0 0 0 0 0 0 0 0 0 0 0 0 0 0 0 0 0 0 0 0 0 0 0 0 0 0 0 0 0 0 0 0 0 0 0 0 0 0 0 0 0 0 0 0 0 0 0 0 0 0 0 0 0 0 0 0 0 0 0 0 0 0 0 0 0 0 0 0 0 0 0 0 0 0 0 0 0 0 0 0 0 0 0 0 0 0 0 0 0 0 0 0 0 0 0 0 0 0 0 0 0 0 0 0 0 0 0 0 0 0 0 0 0 0 0 0 0 0 0 0 0 0 0 0 0 0 0 0 0 0 0 0 0 0 0 0 0 0 0 0 0 0 0 0 0 0 0 0 0 0 0 0 0 0 0 0 0 0 0 0 0 0 0 0 0 0 0 0 0 0 0 0 0 0 0 0 0 0 0 0 0 0 0 0 0 0 0 0 0 0 0 0 0 0 0 0 0 0 0 0 0 0 0 0 0 0 0 0 0 0 0 0 0 0 0 0 0 0 0 0 0 0 0 0 0 0 0 0 0 0 0 0 0 0 0 0 0 0 0 0 0 0 0 0 0 0 0 0 0 0 0 0 0 0 0 0 0 0 0 0 0 0 0 0 0 0 0 0 0 0 0 0 0 0 0 0 0 0 0 0 0 0 0 0 0 0 0 0 0 0 0 0 0 0 0 0 0 0 0 0 0 0 0 0 0 0 0 0 0 0 0 0 0 0 0 0 0 0 0 0 0 0 0 0 0 0 0 0 0 0 0 0 0 0 0 0 0 0 0 0 0 0 0 0 0 0 0 0 0 0 0 0 0 0 0 0 0 0 0 0 0 0 0 0 0 0 0 0 0 0 0 0 0 0 0 0 0 0 0 0 0 0 0 0 0 0 0 0 0 0 0 0 0 0 0 0 0 0 0 0 0 0 0 0 0 0 0 0 0 0 0 0 0 0 0 0 0 0 0 0 0 0 0 0 0 0 0 0 0 0 0 0 0 0 0 0 0 0 0 0 0 0 0 0 0 0 0 0 0 0 0 0 0 0 0 0 0 0 0 0 0 0 0 0 0 0 0 0 0 0 0 0 0 0 0 0 0 0 0 0 0 0 0 0 0 0 0 0 0 0 0 0 0 0 0 0 0 0 0 0 0 0 0 0 0 0 0 0 0 0 0 0 0 0 0 0 0 0 0 0 0 0 0 0 0 0 0 0 0 0 0 0 0 0 0 0 0 0 0 0 0 0 0 0 0 0 0 0 0 0 0 0 0 0 0 0 0 0 0 0 0 0 0 0 0 0 0 0 0 0 0 0 0 0 0 0 0 0 0 0 0 0 0 0 0 0 0 0 0 0 0 0 0 0 0 0 0 0 0 0 0 0 0
ctxt 5373973283
btime 1790630938
processes 1008910
procs_running 3
procs_blocked 0
softirq 4818664525 73526 13456965 2753174 387194863 552868 0 13560356 54876879 421 51228177
