Running 10s test @ http://127.0.0.1:18500/usleep?ms=10
  16 threads and 32 connections
  Thread Stats   Avg      Stdev     Max   +/- Stdev
    Latency   162.33ms    6.49ms 224.62ms   98.47%
    Req/Sec    13.38      4.76    20.00     65.74%
  Latency Distribution
     50%  162.73ms
     75%  162.75ms
     90%  162.80ms
     99%  163.02ms
  1957 requests in 10.01s, 265.65KB read
Requests/sec:    195.48
Transfer/sec:     26.53KB
## server-stat
cpu  3828700 1723 1710818 52509536 481847 0 817668 0 0 0
cpu0 144268 31 49295 1643117 6285 0 27071 0 0 0
cpu1 144960 35 50161 1647370 7679 0 26201 0 0 0
cpu2 148687 35 50431 1644384 7741 0 26275 0 0 0
cpu3 236652 36 73155 1518256 4990 0 43175 0 0 0
cpu4 238382 41 71791 1518216 6298 0 43580 0 0 0
cpu5 154489 40 52108 1635852 8545 0 27180 0 0 0
cpu6 155403 36 52548 1634168 8734 0 28276 0 0 0
cpu7 161807 34 55779 1622663 8320 0 30930 0 0 0
cpu8 41779 64 44727 1717615 17973 0 13663 0 0 0
cpu9 48066 71 48010 1691366 22016 0 14913 0 0 0
cpu10 45500 71 46316 1700380 19788 0 14704 0 0 0
cpu11 41492 66 42114 1721865 18167 0 13063 0 0 0
cpu12 86258 146 52306 1644559 24080 0 16204 0 0 0
cpu13 82484 77 53311 1643473 25373 0 16567 0 0 0
cpu14 41386 64 41628 1725051 17233 0 12817 0 0 0
cpu15 38344 68 38202 1739350 17453 0 11629 0 0 0
cpu16 191869 30 60894 1583020 8930 0 34579 0 0 0
cpu17 180970 29 59105 1594462 11185 0 33135 0 0 0
cpu18 169662 29 57482 1608918 10897 0 32298 0 0 0
cpu19 319368 27 89089 1410884 5071 0 53726 0 0 0
cpu20 280370 26 82296 1457471 8126 0 50630 0 0 0
cpu21 165070 32 56633 1612907 12633 0 31541 0 0 0
cpu22 153050 35 54048 1629311 12362 0 29376 0 0 0
cpu23 132861 34 48386 1661776 11671 0 24782 0 0 0
cpu24 44762 68 43107 1718693 21111 0 13762 0 0 0
cpu25 50137 67 48084 1693120 23760 0 16279 0 0 0
cpu26 47869 61 46887 1700087 22806 0 15819 0 0 0
cpu27 40445 52 41817 1711451 21181 0 21626 0 0 0
cpu28 77771 86 55998 1632234 26410 0 28946 0 0 0
cpu29 81727 122 58032 1620621 26978 0 29500 0 0 0
cpu30 39800 47 43445 1705623 18999 0 21639 0 0 0
cpu31 43000 48 43618 1721256 19036 0 13767 0 0 0
intr 3394754632 126 0 0 0 0 0 0 0 0 1 0 0 0 0 0 0 0 0 0 0 0 0 0 0 0 0 0 1 1 1 0 0 0 0 1 0 1 0 0 75045 0 0 0 0 0 0 0 0 411 0 0 0 0 0 0 0 0 87 0 0 0 0 0 0 0 0 0 0 0 0 0 0 0 539381 2 35063823 35001510 34916973 35060994 0 15500 13322 16362 15639 9726 12126 15964 16779 13276 46180 62144 50000 42421 64040 61045 37699 34331 17012 18719 22193 9006 14975 20775 20438 17732 44405 56524 52794 41963 65220 67963 38907 39287 0 0 0 0 617273 4605 1036 0 264 0 0 0 0 0 0 0 0 0 0 0 0 0 0 0 0 0 0 0 0 0 0 0 0 0 0 0 0 0 0 0 0 0 0 0 0 0 0 0 0 0 0 0 0 0 0 0 0 0 0 0 0 0 0 0 0 0 0 0 0 0 0 0 0 0 0 0 0 0 0 0 0 0 0 0 0 0 0 0 0 0 0 0 0 0 0 0 0 0 0 0 0 0 0 0 0 0 0 0 0 0 0 0 0 0 0 0 0 0 0 0 0 0 0 0 0 0 0 0 0 0 0 0 0 0 0 0 0 0 0 0 0 0 0 0 0 0 0 0 0 0 0 0 0 0 0 0 0 0 0 0 0 0 0 0 0 0 0 0 0 0 0 0 0 0 0 0 0 0 0 0 0 0 0 0 0 0 0 0 0 0 0 0 0 0 0 0 0 0 0 0 0 0 0 0 0 0 0 0 0 0 0 0 0 0 0 0 0 0 0 0 0 0 0 0 0 0 0 0 0 0 0 0 0 0 0 0 0 0 0 0 0 0 0 0 0 0 0 0 0 0 0 0 0 0 0 0 0 0 0 0 0 0 0 0 0 0 0 0 0 0 0 0 0 0 0 0 0 0 0 0 0 0 0 0 0 0 0 0 0 0 0 0 0 0 0 0 0 0 0 0 0 0 0 0 0 0 0 0 0 0 0 0 0 0 0 0 0 0 0 0 0 0 0 0 0 0 0 0 0 0 0 0 0 0 0 0 0 0 0 0 0 0 0 0 0 0 0 0 0 0 0 0 0 0 0 0 0 0 0 0 0 0 0 0 0 0 0 0 0 0 0 0 0 0 0 0 0 0 0 0 0 0 0 0 0 0 0 0 0 0 0 0 0 0 0 0 0 0 0 0 0 0 0 0 0 0 0 0 0 0 0 0 0 0 0 0 0 0 0 0 0 0 0 0 0 0 0 0 0 0 0 0 0 0 0 0 0 0 0 0 0 0 0 0 0 0 0 0 0 0 0 0 0 0 0 0 0 0 0 0 0 0 0 0 0 0 0 0 0 0 0 0 0 0 0 0 0 0 0 0 0 0 0 0 0 0 0 0 0 0 0 0 0 0 0 0 0 0 0 0 0 0 0 0 0 0 0 0 0 0 0 0 0 0 0 0 0 0 0 0 0 0 0 0 0 0 0 0 0 0 0 0 0 0 0 0 0 0 0 0 0 0 0 0 0 0 0 0 0 0 0 0 0 0 0 0 0 0 0 0 0 0 0 0 0 0 0 0 0 0 0 0 0 0 0 0 0 0 0 0 0 0 0 0 0 0 0 0 0 0 0 0 0 0 0 0 0 0 0 0 0 0 0 0 0 0 0 0 0 0 0 0 0 0 0 0 0 0 0 0 0 0 0 0 0 0 0 0 0 0 0 0 0 0 0 0 0 0 0 0 0 0 0 0 0 0 0 0 0 0 0 0 0 0 0 0 0 0 0 0 0 0 0 0 0 0 0 0 0 0 0 0 0 0 0 0 0 0 0 0 0 0 0 0 0 0 0 0 0 0 0 0 0 0 0 0 0 0 0 0 0 0 0 0 0 0 0 0 0 0 0 0 0 0 0 0 0 0 0 0 0 0 0 0 0 0 0 0 0 0 0 0 0 0 0 0 0 0 0 0 0 0 0 0 0 0 0 0 0 0 0 0 0 0 0 0 0 0 0 0 0 0 0 0 0 0 0 0 0 0 0 0 0 0 0 0 0 0 0 0 0 0 0 0 0 0 0 0 0 0 0 0 0 0 0 0 0 0 0 0 0 0 0 0 0 0 0 0 0 0 0 0 0 0 0 0 0 0 0 0 0 0 0 0 0 0 0 0 0 0 0 0 0 0 0 0 0 0 0 0 0 0 0 0 0 0 0 0 0 0 0 0 0 0 0 0 0 0 0 0 0 0 0 0 0 0 0 0 0 0 0 0 0 0 0 0 0 0 0 0 0 0 0 0 0 0 0 0 0 0 0 0 0 0 0 0 0 0 0 0 0 0 0 0 0 0 0 0 0 0 0 0 0 0 0 0 0 0 0 0 0 0 0 0 0 0 0 0 0 0 0 0 0 0 0 0 0 0 0 0 0 0 0 0 0 0 0 0 0 0 0 0 0 0 0 0 0 0 0 0 0 0 0 0 0 0 0 0 0 0 0 0 0 0 0 0 0 0 0 0 0 0 0 0 0 0 0 0 0 0 0 0 0 0 0 0 0 0 0 0 0 0 0 0 0 0 0 0 0 0 0 0 0 0 0 0 0 0 0 0 0 0 0 0 0 0 0 0 0 0 0 0 0 0 0 0 0 0 0 0 0 0 0 0 0 0 0 0 0 0 0 0 0 0 0 0 0 0 0 0 0 0 0 0 0 0 0 0 0 0 0 0 0 0 0 0 0 0 0 0 0 0 0 0 0 0 0 0 0 0 0 0 0 0 0 0 0 0 0 0 0 0 0 0 0 0 0 0 0 0 0
ctxt 5395657926
btime 1790630938
processes 1075278
procs_running 2
procs_blocked 0
softirq 4830207478 73526 13646245 2753177 396562628 562859 0 13560433 55378103 421 52702790
--
cpu  3828772 1724 1710831 52534986 481875 0 817671 0 0 0
cpu0 144269 31 49295 1643914 6285 0 27071 0 0 0
cpu1 144960 35 50162 1648168 7679 0 26201 0 0 0
cpu2 148688 35 50432 1645183 7741 0 26275 0 0 0
cpu3 236663 36 73155 1519044 4990 0 43175 0 0 0
cpu4 238384 41 71792 1519012 6298 0 43580 0 0 0
cpu5 154489 40 52109 1636651 8545 0 27180 0 0 0
cpu6 155403 36 52548 1634967 8734 0 28276 0 0 0
cpu7 161807 34 55779 1623463 8320 0 30930 0 0 0
cpu8 41780 64 44728 1718413 17973 0 13663 0 0 0
cpu9 48067 71 48010 1692163 22016 0 14913 0 0 0
cpu10 45501 71 46317 1701177 19788 0 14704 0 0 0
cpu11 41492 66 42115 1722663 18167 0 13063 0 0 0
cpu12 86264 146 52307 1645350 24080 0 16204 0 0 0
cpu13 82504 77 53313 1644248 25373 0 16567 0 0 0
cpu14 41386 64 41628 1725848 17233 0 12817 0 0 0
cpu15 38344 68 38202 1740148 17453 0 11629 0 0 0
cpu16 191869 30 60894 1583820 8930 0 34579 0 0 0
cpu17 180970 29 59105 1595262 11185 0 33135 0 0 0
cpu18 169662 29 57482 1609718 10897 0 32298 0 0 0
cpu19 319373 27 89089 1411678 5071 0 53726 0 0 0
cpu20 280370 26 82297 1458269 8126 0 50631 0 0 0
cpu21 165070 32 56633 1613707 12633 0 31541 0 0 0
cpu22 153050 35 54048 1630111 12362 0 29376 0 0 0
cpu23 132861 34 48386 1662576 11671 0 24782 0 0 0
cpu24 44762 68 43108 1719491 21111 0 13762 0 0 0
cpu25 50138 67 48084 1693918 23760 0 16279 0 0 0
cpu26 47869 61 46888 1700884 22807 0 15819 0 0 0
cpu27 40445 52 41817 1712250 21181 0 21626 0 0 0
cpu28 77776 86 55999 1633025 26411 0 28946 0 0 0
cpu29 81744 122 58033 1621375 27003 0 29500 0 0 0
cpu30 39800 47 43445 1706421 18999 0 21639 0 0 0
cpu31 43000 48 43618 1722055 19036 0 13767 0 0 0
intr 3394862159 126 0 0 0 0 0 0 0 0 1 0 0 0 0 0 0 0 0 0 0 0 0 0 0 0 0 0 1 1 1 0 0 0 0 1 0 1 0 0 75045 0 0 0 0 0 0 0 0 411 0 0 0 0 0 0 0 0 87 0 0 0 0 0 0 0 0 0 0 0 0 0 0 0 539631 2 35063846 35001513 34917013 35061037 0 15508 13322 16362 15639 9726 12126 15964 16779 13276 46180 62144 50012 42421 64040 61045 37699 34331 17012 18719 22193 9006 14976 20775 20438 17732 44406 56524 52794 41963 65229 67963 38907 39287 0 0 0 0 617273 4605 1036 0 264 0 0 0 0 0 0 0 0 0 0 0 0 0 0 0 0 0 0 0 0 0 0 0 0 0 0 0 0 0 0 0 0 0 0 0 0 0 0 0 0 0 0 0 0 0 0 0 0 0 0 0 0 0 0 0 0 0 0 0 0 0 0 0 0 0 0 0 0 0 0 0 0 0 0 0 0 0 0 0 0 0 0 0 0 0 0 0 0 0 0 0 0 0 0 0 0 0 0 0 0 0 0 0 0 0 0 0 0 0 0 0 0 0 0 0 0 0 0 0 0 0 0 0 0 0 0 0 0 0 0 0 0 0 0 0 0 0 0 0 0 0 0 0 0 0 0 0 0 0 0 0 0 0 0 0 0 0 0 0 0 0 0 0 0 0 0 0 0 0 0 0 0 0 0 0 0 0 0 0 0 0 0 0 0 0 0 0 0 0 0 0 0 0 0 0 0 0 0 0 0 0 0 0 0 0 0 0 0 0 0 0 0 0 0 0 0 0 0 0 0 0 0 0 0 0 0 0 0 0 0 0 0 0 0 0 0 0 0 0 0 0 0 0 0 0 0 0 0 0 0 0 0 0 0 0 0 0 0 0 0 0 0 0 0 0 0 0 0 0 0 0 0 0 0 0 0 0 0 0 0 0 0 0 0 0 0 0 0 0 0 0 0 0 0 0 0 0 0 0 0 0 0 0 0 0 0 0 0 0 0 0 0 0 0 0 0 0 0 0 0 0 0 0 0 0 0 0 0 0 0 0 0 0 0 0 0 0 0 0 0 0 0 0 0 0 0 0 0 0 0 0 0 0 0 0 0 0 0 0 0 0 0 0 0 0 0 0 0 0 0 0 0 0 0 0 0 0 0 0 0 0 0 0 0 0 0 0 0 0 0 0 0 0 0 0 0 0 0 0 0 0 0 0 0 0 0 0 0 0 0 0 0 0 0 0 0 0 0 0 0 0 0 0 0 0 0 0 0 0 0 0 0 0 0 0 0 0 0 0 0 0 0 0 0 0 0 0 0 0 0 0 0 0 0 0 0 0 0 0 0 0 0 0 0 0 0 0 0 0 0 0 0 0 0 0 0 0 0 0 0 0 0 0 0 0 0 0 0 0 0 0 0 0 0 0 0 0 0 0 0 0 0 0 0 0 0 0 0 0 0 0 0 0 0 0 0 0 0 0 0 0 0 0 0 0 0 0 0 0 0 0 0 0 0 0 0 0 0 0 0 0 0 0 0 0 0 0 0 0 0 0 0 0 0 0 0 0 0 0 0 0 0 0 0 0 0 0 0 0 0 0 0 0 0 0 0 0 0 0 0 0 0 0 0 0 0 0 0 0 0 0 0 0 0 0 0 0 0 0 0 0 0 0 0 0 0 0 0 0 0 0 0 0 0 0 0 0 0 0 0 0 0 0 0 0 0 0 0 0 0 0 0 0 0 0 0 0 0 0 0 0 0 0 0 0 0 0 0 0 0 0 0 0 0 0 0 0 0 0 0 0 0 0 0 0 0 0 0 0 0 0 0 0 0 0 0 0 0 0 0 0 0 0 0 0 0 0 0 0 0 0 0 0 0 0 0 0 0 0 0 0 0 0 0 0 0 0 0 0 0 0 0 0 0 0 0 0 0 0 0 0 0 0 0 0 0 0 0 0 0 0 0 0 0 0 0 0 0 0 0 0 0 0 0 0 0 0 0 0 0 0 0 0 0 0 0 0 0 0 0 0 0 0 0 0 0 0 0 0 0 0 0 0 0 0 0 0 0 0 0 0 0 0 0 0 0 0 0 0 0 0 0 0 0 0 0 0 0 0 0 0 0 0 0 0 0 0 0 0 0 0 0 0 0 0 0 0 0 0 0 0 0 0 0 0 0 0 0 0 0 0 0 0 0 0 0 0 0 0 0 0 0 0 0 0 0 0 0 0 0 0 0 0 0 0 0 0 0 0 0 0 0 0 0 0 0 0 0 0 0 0 0 0 0 0 0 0 0 0 0 0 0 0 0 0 0 0 0 0 0 0 0 0 0 0 0 0 0 0 0 0 0 0 0 0 0 0 0 0 0 0 0 0 0 0 0 0 0 0 0 0 0 0 0 0 0 0 0 0 0 0 0 0 0 0 0 0 0 0 0 0 0 0 0 0 0 0 0 0 0 0 0 0 0 0 0 0 0 0 0 0 0 0 0 0 0 0 0 0 0 0 0 0 0 0 0 0 0 0 0 0 0 0 0 0 0 0 0 0 0 0 0 0 0 0 0 0 0 0 0 0 0 0 0 0 0 0 0 0 0 0 0 0 0 0 0 0 0 0 0 0 0 0 0 0 0 0 0 0 0 0 0 0 0 0 0 0 0 0 0 0 0 0 0 0 0 0 0 0 0 0 0 0 0 0 0 0 0 0 0 0 0 0 0 0 0 0 0 0 0 0 0 0 0 0 0 0 0 0 0 0 0 0 0 0 0 0 0 0 0 0 0 0 0 0 0 0 0 0 0 0 0
ctxt 5395818898
btime 1790630938
processes 1075358
procs_running 1
procs_blocked 0
softirq 4830236194 73526 13653632 2753177 396570355 563130 0 13560433 55385404 421 52708820
