Running 10s test @ http://127.0.0.1:18500/swerve/counter
  16 threads and 32 connections
  Thread Stats   Avg      Stdev     Max   +/- Stdev
    Latency     7.99ms  840.94us  11.91ms   98.48%
    Req/Sec   251.28     36.38     1.11k    99.56%
  Latency Distribution
     50%    7.54ms
     75%    8.68ms
     90%    8.71ms
     99%    8.80ms
  40181 requests in 10.10s, 4.98MB read
Requests/sec:   3978.31
Transfer/sec:    504.67KB
## server-stat
cpu  3798228 1699 1703449 51549335 480879 0 816173 0 0 0
cpu0 143532 31 49120 1613005 6269 0 26909 0 0 0
cpu1 144596 35 49999 1616690 7678 0 26145 0 0 0
cpu2 148471 35 50285 1613501 7740 0 26235 0 0 0
cpu3 231755 35 72546 1492662 4988 0 42996 0 0 0
cpu4 233897 40 71214 1492148 6297 0 43404 0 0 0
cpu5 154270 39 51952 1604956 8543 0 27147 0 0 0
cpu6 155261 35 52406 1603152 8733 0 28250 0 0 0
cpu7 161693 33 55649 1591578 8317 0 30911 0 0 0
cpu8 41691 63 44614 1686578 17971 0 13658 0 0 0
cpu9 47933 69 47879 1660741 21821 0 14902 0 0 0
cpu10 45408 69 46197 1669470 19786 0 14698 0 0 0
cpu11 41401 65 41998 1690856 18163 0 13059 0 0 0
cpu12 85495 144 52108 1614490 24074 0 16179 0 0 0
cpu13 81792 76 53104 1613534 25208 0 16546 0 0 0
cpu14 41292 63 41501 1694159 17166 0 12809 0 0 0
cpu15 38279 66 38079 1708291 17448 0 11624 0 0 0
cpu16 191454 30 60723 1552325 8929 0 34548 0 0 0
cpu17 180695 29 58942 1563632 11185 0 33107 0 0 0
cpu18 169477 29 57319 1577977 10894 0 32270 0 0 0
cpu19 311968 27 88048 1388290 5070 0 53474 0 0 0
cpu20 273080 26 81233 1434786 8124 0 50366 0 0 0
cpu21 164893 31 56476 1581963 12618 0 31515 0 0 0
cpu22 152921 35 53898 1598278 12362 0 29353 0 0 0
cpu23 132738 34 48249 1630708 11670 0 24765 0 0 0
cpu24 44656 66 42970 1687659 21101 0 13758 0 0 0
cpu25 50007 67 47949 1662107 23755 0 16274 0 0 0
cpu26 47767 61 46762 1668989 22802 0 15815 0 0 0
cpu27 40358 52 41689 1680317 21179 0 21623 0 0 0
cpu28 77377 86 55850 1601690 26251 0 28934 0 0 0
cpu29 81417 122 57879 1590149 26711 0 29486 0 0 0
cpu30 39722 47 43307 1674531 18983 0 21634 0 0 0
cpu31 42919 48 43491 1690109 19032 0 13766 0 0 0
intr 3382183459 126 0 0 0 0 0 0 0 0 1 0 0 0 0 0 0 0 0 0 0 0 0 0 0 0 0 0 1 1 1 0 0 0 0 1 0 1 0 0 75045 0 0 0 0 0 0 0 0 411 0 0 0 0 0 0 0 0 87 0 0 0 0 0 0 0 0 0 0 0 0 0 0 0 530061 2 35062272 35000837 34914999 35059151 0 15251 13317 16359 15638 9713 12125 15933 16777 13273 46176 62092 49991 42405 64031 61015 37644 34328 16712 18657 22183 9002 14942 20766 20436 17731 44400 56379 52783 41960 64729 67944 38797 39284 0 0 0 0 617253 4571 1036 0 264 0 0 0 0 0 0 0 0 0 0 0 0 0 0 0 0 0 0 0 0 0 0 0 0 0 0 0 0 0 0 0 0 0 0 0 0 0 0 0 0 0 0 0 0 0 0 0 0 0 0 0 0 0 0 0 0 0 0 0 0 0 0 0 0 0 0 0 0 0 0 0 0 0 0 0 0 0 0 0 0 0 0 0 0 0 0 0 0 0 0 0 0 0 0 0 0 0 0 0 0 0 0 0 0 0 0 0 0 0 0 0 0 0 0 0 0 0 0 0 0 0 0 0 0 0 0 0 0 0 0 0 0 0 0 0 0 0 0 0 0 0 0 0 0 0 0 0 0 0 0 0 0 0 0 0 0 0 0 0 0 0 0 0 0 0 0 0 0 0 0 0 0 0 0 0 0 0 0 0 0 0 0 0 0 0 0 0 0 0 0 0 0 0 0 0 0 0 0 0 0 0 0 0 0 0 0 0 0 0 0 0 0 0 0 0 0 0 0 0 0 0 0 0 0 0 0 0 0 0 0 0 0 0 0 0 0 0 0 0 0 0 0 0 0 0 0 0 0 0 0 0 0 0 0 0 0 0 0 0 0 0 0 0 0 0 0 0 0 0 0 0 0 0 0 0 0 0 0 0 0 0 0 0 0 0 0 0 0 0 0 0 0 0 0 0 0 0 0 0 0 0 0 0 0 0 0 0 0 0 0 0 0 0 0 0 0 0 0 0 0 0 0 0 0 0 0 0 0 0 0 0 0 0 0 0 0 0 0 0 0 0 0 0 0 0 0 0 0 0 0 0 0 0 0 0 0 0 0 0 0 0 0 0 0 0 0 0 0 0 0 0 0 0 0 0 0 0 0 0 0 0 0 0 0 0 0 0 0 0 0 0 0 0 0 0 0 0 0 0 0 0 0 0 0 0 0 0 0 0 0 0 0 0 0 0 0 0 0 0 0 0 0 0 0 0 0 0 0 0 0 0 0 0 0 0 0 0 0 0 0 0 0 0 0 0 0 0 0 0 0 0 0 0 0 0 0 0 0 0 0 0 0 0 0 0 0 0 0 0 0 0 0 0 0 0 0 0 0 0 0 0 0 0 0 0 0 0 0 0 0 0 0 0 0 0 0 0 0 0 0 0 0 0 0 0 0 0 0 0 0 0 0 0 0 0 0 0 0 0 0 0 0 0 0 0 0 0 0 0 0 0 0 0 0 0 0 0 0 0 0 0 0 0 0 0 0 0 0 0 0 0 0 0 0 0 0 0 0 0 0 0 0 0 0 0 0 0 0 0 0 0 0 0 0 0 0 0 0 0 0 0 0 0 0 0 0 0 0 0 0 0 0 0 0 0 0 0 0 0 0 0 0 0 0 0 0 0 0 0 0 0 0 0 0 0 0 0 0 0 0 0 0 0 0 0 0 0 0 0 0 0 0 0 0 0 0 0 0 0 0 0 0 0 0 0 0 0 0 0 0 0 0 0 0 0 0 0 0 0 0 0 0 0 0 0 0 0 0 0 0 0 0 0 0 0 0 0 0 0 0 0 0 0 0 0 0 0 0 0 0 0 0 0 0 0 0 0 0 0 0 0 0 0 0 0 0 0 0 0 0 0 0 0 0 0 0 0 0 0 0 0 0 0 0 0 0 0 0 0 0 0 0 0 0 0 0 0 0 0 0 0 0 0 0 0 0 0 0 0 0 0 0 0 0 0 0 0 0 0 0 0 0 0 0 0 0 0 0 0 0 0 0 0 0 0 0 0 0 0 0 0 0 0 0 0 0 0 0 0 0 0 0 0 0 0 0 0 0 0 0 0 0 0 0 0 0 0 0 0 0 0 0 0 0 0 0 0 0 0 0 0 0 0 0 0 0 0 0 0 0 0 0 0 0 0 0 0 0 0 0 0 0 0 0 0 0 0 0 0 0 0 0 0 0 0 0 0 0 0 0 0 0 0 0 0 0 0 0 0 0 0 0 0 0 0 0 0 0 0 0 0 0 0 0 0 0 0 0 0 0 0 0 0 0 0 0 0 0 0 0 0 0 0 0 0 0 0 0 0 0 0 0 0 0 0 0 0 0 0 0 0 0 0 0 0 0 0 0 0 0 0 0 0 0 0 0 0 0 0 0 0 0 0 0 0 0 0 0 0 0 0 0 0 0 0 0 0 0 0 0 0 0 0 0 0 0 0 0 0 0 0 0 0 0 0 0 0 0 0 0 0 0 0 0 0 0 0 0 0 0 0 0 0 0 0 0 0 0 0 0 0 0 0 0 0 0 0 0 0 0 0 0 0 0 0 0 0 0 0 0 0 0 0 0 0 0 0 0 0 0 0 0 0 0 0 0 0 0 0 0 0 0 0 0 0 0 0 0 0 0 0 0 0 0 0 0 0 0 0 0 0 0 0 0 0 0 0 0 0 0 0 0 0 0 0 0 0 0 0 0 0 0 0 0 0 0 0 0 0 0 0 0 0 0 0 0 0 0 0 0 0 0
ctxt 5374241161
btime 1790630938
processes 1019258
procs_running 4
procs_blocked 0
softirq 4818911514 73526 13459794 2753174 387251673 553142 0 13560356 54893643 421 51398489
--
cpu  3799575 1699 1703771 51573148 480898 0 816198 0 0 0
cpu0 143533 31 49120 1613794 6269 0 26910 0 0 0
cpu1 144596 35 50000 1617488 7678 0 26145 0 0 0
cpu2 148471 35 50285 1614299 7740 0 26235 0 0 0
cpu3 231877 35 72571 1493312 4988 0 42997 0 0 0
cpu4 233973 40 71232 1492851 6297 0 43405 0 0 0
cpu5 154271 39 51953 1605753 8543 0 27147 0 0 0
cpu6 155261 35 52406 1603950 8733 0 28250 0 0 0
cpu7 161694 33 55649 1592376 8317 0 30911 0 0 0
cpu8 41691 63 44615 1687374 17971 0 13658 0 0 0
cpu9 47933 70 47880 1661537 21821 0 14902 0 0 0
cpu10 45410 69 46198 1670261 19786 0 14698 0 0 0
cpu11 41402 65 41999 1691650 18163 0 13059 0 0 0
cpu12 85506 144 52110 1615270 24074 0 16180 0 0 0
cpu13 81802 76 53105 1614313 25211 0 16546 0 0 0
cpu14 41293 63 41502 1694955 17166 0 12809 0 0 0
cpu15 38282 66 38079 1709087 17448 0 11624 0 0 0
cpu16 191459 30 60724 1553116 8929 0 34548 0 0 0
cpu17 180698 29 58942 1564427 11185 0 33107 0 0 0
cpu18 169477 29 57320 1578775 10894 0 32270 0 0 0
cpu19 312478 27 88172 1388445 5070 0 53483 0 0 0
cpu20 273636 26 81369 1434883 8124 0 50376 0 0 0
cpu21 164893 31 56476 1582761 12618 0 31515 0 0 0
cpu22 152922 35 53898 1599076 12362 0 29353 0 0 0
cpu23 132739 34 48249 1631506 11670 0 24765 0 0 0
cpu24 44659 66 42970 1688455 21101 0 13758 0 0 0
cpu25 50008 67 47949 1662905 23755 0 16274 0 0 0
cpu26 47767 61 46763 1669787 22802 0 15815 0 0 0
cpu27 40358 52 41689 1681116 21179 0 21623 0 0 0
cpu28 77398 86 55852 1602450 26266 0 28934 0 0 0
cpu29 81432 122 57880 1590931 26711 0 29486 0 0 0
cpu30 39723 47 43307 1675326 18983 0 21634 0 0 0
cpu31 42919 48 43492 1690906 19032 0 13766 0 0 0
intr 3382337319 126 0 0 0 0 0 0 0 0 1 0 0 0 0 0 0 0 0 0 0 0 0 0 0 0 0 0 1 1 1 0 0 0 0 1 0 1 0 0 75045 0 0 0 0 0 0 0 0 411 0 0 0 0 0 0 0 0 87 0 0 0 0 0 0 0 0 0 0 0 0 0 0 0 530275 2 35062320 35000868 34915034 35059197 0 15259 13317 16359 15638 9713 12125 15933 16777 13274 46176 62092 49991 42405 64031 61016 37644 34328 16712 18657 22183 9002 14942 20766 20436 17731 44401 56379 52783 41960 64732 67944 38800 39284 0 0 0 0 617253 4571 1036 0 264 0 0 0 0 0 0 0 0 0 0 0 0 0 0 0 0 0 0 0 0 0 0 0 0 0 0 0 0 0 0 0 0 0 0 0 0 0 0 0 0 0 0 0 0 0 0 0 0 0 0 0 0 0 0 0 0 0 0 0 0 0 0 0 0 0 0 0 0 0 0 0 0 0 0 0 0 0 0 0 0 0 0 0 0 0 0 0 0 0 0 0 0 0 0 0 0 0 0 0 0 0 0 0 0 0 0 0 0 0 0 0 0 0 0 0 0 0 0 0 0 0 0 0 0 0 0 0 0 0 0 0 0 0 0 0 0 0 0 0 0 0 0 0 0 0 0 0 0 0 0 0 0 0 0 0 0 0 0 0 0 0 0 0 0 0 0 0 0 0 0 0 0 0 0 0 0 0 0 0 0 0 0 0 0 0 0 0 0 0 0 0 0 0 0 0 0 0 0 0 0 0 0 0 0 0 0 0 0 0 0 0 0 0 0 0 0 0 0 0 0 0 0 0 0 0 0 0 0 0 0 0 0 0 0 0 0 0 0 0 0 0 0 0 0 0 0 0 0 0 0 0 0 0 0 0 0 0 0 0 0 0 0 0 0 0 0 0 0 0 0 0 0 0 0 0 0 0 0 0 0 0 0 0 0 0 0 0 0 0 0 0 0 0 0 0 0 0 0 0 0 0 0 0 0 0 0 0 0 0 0 0 0 0 0 0 0 0 0 0 0 0 0 0 0 0 0 0 0 0 0 0 0 0 0 0 0 0 0 0 0 0 0 0 0 0 0 0 0 0 0 0 0 0 0 0 0 0 0 0 0 0 0 0 0 0 0 0 0 0 0 0 0 0 0 0 0 0 0 0 0 0 0 0 0 0 0 0 0 0 0 0 0 0 0 0 0 0 0 0 0 0 0 0 0 0 0 0 0 0 0 0 0 0 0 0 0 0 0 0 0 0 0 0 0 0 0 0 0 0 0 0 0 0 0 0 0 0 0 0 0 0 0 0 0 0 0 0 0 0 0 0 0 0 0 0 0 0 0 0 0 0 0 0 0 0 0 0 0 0 0 0 0 0 0 0 0 0 0 0 0 0 0 0 0 0 0 0 0 0 0 0 0 0 0 0 0 0 0 0 0 0 0 0 0 0 0 0 0 0 0 0 0 0 0 0 0 0 0 0 0 0 0 0 0 0 0 0 0 0 0 0 0 0 0 0 0 0 0 0 0 0 0 0 0 0 0 0 0 0 0 0 0 0 0 0 0 0 0 0 0 0 0 0 0 0 0 0 0 0 0 0 0 0 0 0 0 0 0 0 0 0 0 0 0 0 0 0 0 0 0 0 0 0 0 0 0 0 0 0 0 0 0 0 0 0 0 0 0 0 0 0 0 0 0 0 0 0 0 0 0 0 0 0 0 0 0 0 0 0 0 0 0 0 0 0 0 0 0 0 0 0 0 0 0 0 0 0 0 0 0 0 0 0 0 0 0 0 0 0 0 0 0 0 0 0 0 0 0 0 0 0 0 0 0 0 0 0 0 0 0 0 0 0 0 0 0 0 0 0 0 0 0 0 0 0 0 0 0 0 0 0 0 0 0 0 0 0 0 0 0 0 0 0 0 0 0 0 0 0 0 0 0 0 0 0 0 0 0 0 0 0 0 0 0 0 0 0 0 0 0 0 0 0 0 0 0 0 0 0 0 0 0 0 0 0 0 0 0 0 0 0 0 0 0 0 0 0 0 0 0 0 0 0 0 0 0 0 0 0 0 0 0 0 0 0 0 0 0 0 0 0 0 0 0 0 0 0 0 0 0 0 0 0 0 0 0 0 0 0 0 0 0 0 0 0 0 0 0 0 0 0 0 0 0 0 0 0 0 0 0 0 0 0 0 0 0 0 0 0 0 0 0 0 0 0 0 0 0 0 0 0 0 0 0 0 0 0 0 0 0 0 0 0 0 0 0 0 0 0 0 0 0 0 0 0 0 0 0 0 0 0 0 0 0 0 0 0 0 0 0 0 0 0 0 0 0 0 0 0 0 0 0 0 0 0 0 0 0 0 0 0 0 0 0 0 0 0 0 0 0 0 0 0 0 0 0 0 0 0 0 0 0 0 0 0 0 0 0 0 0 0 0 0 0 0 0 0 0 0 0 0 0 0 0 0 0 0 0 0 0 0 0 0 0 0 0 0 0 0 0 0 0 0 0 0 0 0 0 0 0 0 0 0 0 0 0 0 0 0 0 0 0 0 0 0 0 0 0 0 0 0 0 0 0 0 0 0 0 0 0 0 0 0 0 0 0 0 0 0 0 0 0 0 0 0 0 0 0 0 0 0 0 0 0 0 0 0 0 0 0 0 0 0 0 0 0 0 0 0 0 0 0 0 0 0 0 0 0 0 0 0 0 0 0 0 0 0 0 0 0 0 0 0 0 0 0 0 0 0 0 0 0 0 0 0 0 0 0 0 0 0 0 0 0 0 0 0 0 0 0 0 0
ctxt 5374448963
btime 1790630938
processes 1019327
procs_running 3
procs_blocked 0
softirq 4819106648 73526 13462916 2753174 387315650 553366 0 13560356 54904617 421 51515326
