Running 10s test @ http://127.0.0.1:18500/counter
  16 threads and 32 connections
  Thread Stats   Avg      Stdev     Max   +/- Stdev
    Latency    23.30ms   10.62ms 101.04ms   84.71%
    Req/Sec    88.54     15.41   170.00     81.79%
  Latency Distribution
     50%   21.26ms
     75%   23.61ms
     90%   33.49ms
     99%   73.57ms
  14224 requests in 10.10s, 14.67MB read
Requests/sec:   1408.47
Transfer/sec:      1.45MB
## server-stat
cpu  3736232 1633 1685230 49187903 384998 0 810081 0 0 0
cpu0 141997 29 48669 1537372 4781 0 26625 0 0 0
cpu1 143610 34 49609 1540384 5792 0 26016 0 0 0
cpu2 147772 34 49928 1536771 5882 0 26135 0 0 0
cpu3 222709 34 70654 1425563 4223 0 42110 0 0 0
cpu4 224247 38 69313 1426597 4835 0 42168 0 0 0
cpu5 153608 37 51582 1528343 6504 0 27062 0 0 0
cpu6 154744 34 52077 1526195 6783 0 28178 0 0 0
cpu7 161249 31 55356 1514253 6576 0 30855 0 0 0
cpu8 41485 60 44356 1610953 14673 0 13627 0 0 0
cpu9 47631 66 47558 1586251 18157 0 14854 0 0 0
cpu10 45155 66 45907 1594566 16320 0 14654 0 0 0
cpu11 41230 61 41747 1615373 14832 0 13030 0 0 0
cpu12 83899 141 51630 1541775 20333 0 16100 0 0 0
cpu13 80148 73 52626 1541263 21139 0 16459 0 0 0
cpu14 41101 60 41224 1618803 13986 0 12772 0 0 0
cpu15 38144 63 37820 1632542 14278 0 11595 0 0 0
cpu16 190242 27 60310 1476799 6365 0 34456 0 0 0
cpu17 179902 27 58552 1487961 8352 0 33030 0 0 0
cpu18 168832 28 56940 1502120 8055 0 32195 0 0 0
cpu19 295084 26 84953 1331014 3877 0 52124 0 0 0
cpu20 263393 25 79521 1369489 5778 0 49585 0 0 0
cpu21 164281 30 56091 1506370 9484 0 31440 0 0 0
cpu22 152431 34 53543 1522256 9454 0 29295 0 0 0
cpu23 132298 33 47921 1554253 9081 0 24709 0 0 0
cpu24 44433 63 42667 1612973 16859 0 13725 0 0 0
cpu25 49729 64 47631 1588130 19067 0 16233 0 0 0
cpu26 47543 59 46463 1594717 18193 0 15782 0 0 0
cpu27 40162 49 41404 1605382 16957 0 21599 0 0 0
cpu28 76476 83 55464 1528681 21414 0 28884 0 0 0
cpu29 80380 119 57474 1516910 22381 0 29426 0 0 0
cpu30 39558 45 43003 1599051 15459 0 21605 0 0 0
cpu31 42744 45 43226 1614776 15114 0 13740 0 0 0
intr 3335699090 126 0 0 0 0 0 0 0 0 1 0 0 0 0 0 0 0 0 0 0 0 0 0 0 0 0 0 1 1 1 0 0 0 0 1 0 1 0 0 75045 0 0 0 0 0 0 0 0 411 0 0 0 0 0 0 0 0 87 0 0 0 0 0 0 0 0 0 0 0 0 0 0 0 500221 2 35058845 34997883 34913314 35055819 0 14605 11044 12703 12041 8490 10305 13092 14201 11109 39193 53743 42322 35802 54239 51660 32421 28947 13049 14876 17766 7675 11297 16196 16409 14432 37113 46644 42971 34486 52680 57133 31753 33121 0 0 0 0 617201 4508 1036 0 264 0 0 0 0 0 0 0 0 0 0 0 0 0 0 0 0 0 0 0 0 0 0 0 0 0 0 0 0 0 0 0 0 0 0 0 0 0 0 0 0 0 0 0 0 0 0 0 0 0 0 0 0 0 0 0 0 0 0 0 0 0 0 0 0 0 0 0 0 0 0 0 0 0 0 0 0 0 0 0 0 0 0 0 0 0 0 0 0 0 0 0 0 0 0 0 0 0 0 0 0 0 0 0 0 0 0 0 0 0 0 0 0 0 0 0 0 0 0 0 0 0 0 0 0 0 0 0 0 0 0 0 0 0 0 0 0 0 0 0 0 0 0 0 0 0 0 0 0 0 0 0 0 0 0 0 0 0 0 0 0 0 0 0 0 0 0 0 0 0 0 0 0 0 0 0 0 0 0 0 0 0 0 0 0 0 0 0 0 0 0 0 0 0 0 0 0 0 0 0 0 0 0 0 0 0 0 0 0 0 0 0 0 0 0 0 0 0 0 0 0 0 0 0 0 0 0 0 0 0 0 0 0 0 0 0 0 0 0 0 0 0 0 0 0 0 0 0 0 0 0 0 0 0 0 0 0 0 0 0 0 0 0 0 0 0 0 0 0 0 0 0 0 0 0 0 0 0 0 0 0 0 0 0 0 0 0 0 0 0 0 0 0 0 0 0 0 0 0 0 0 0 0 0 0 0 0 0 0 0 0 0 0 0 0 0 0 0 0 0 0 0 0 0 0 0 0 0 0 0 0 0 0 0 0 0 0 0 0 0 0 0 0 0 0 0 0 0 0 0 0 0 0 0 0 0 0 0 0 0 0 0 0 0 0 0 0 0 0 0 0 0 0 0 0 0 0 0 0 0 0 0 0 0 0 0 0 0 0 0 0 0 0 0 0 0 0 0 0 0 0 0 0 0 0 0 0 0 0 0 0 0 0 0 0 0 0 0 0 0 0 0 0 0 0 0 0 0 0 0 0 0 0 0 0 0 0 0 0 0 0 0 0 0 0 0 0 0 0 0 0 0 0 0 0 0 0 0 0 0 0 0 0 0 0 0 0 0 0 0 0 0 0 0 0 0 0 0 0 0 0 0 0 0 0 0 0 0 0 0 0 0 0 0 0 0 0 0 0 0 0 0 0 0 0 0 0 0 0 0 0 0 0 0 0 0 0 0 0 0 0 0 0 0 0 0 0 0 0 0 0 0 0 0 0 0 0 0 0 0 0 0 0 0 0 0 0 0 0 0 0 0 0 0 0 0 0 0 0 0 0 0 0 0 0 0 0 0 0 0 0 0 0 0 0 0 0 0 0 0 0 0 0 0 0 0 0 0 0 0 0 0 0 0 0 0 0 0 0 0 0 0 0 0 0 0 0 0 0 0 0 0 0 0 0 0 0 0 0 0 0 0 0 0 0 0 0 0 0 0 0 0 0 0 0 0 0 0 0 0 0 0 0 0 0 0 0 0 0 0 0 0 0 0 0 0 0 0 0 0 0 0 0 0 0 0 0 0 0 0 0 0 0 0 0 0 0 0 0 0 0 0 0 0 0 0 0 0 0 0 0 0 0 0 0 0 0 0 0 0 0 0 0 0 0 0 0 0 0 0 0 0 0 0 0 0 0 0 0 0 0 0 0 0 0 0 0 0 0 0 0 0 0 0 0 0 0 0 0 0 0 0 0 0 0 0 0 0 0 0 0 0 0 0 0 0 0 0 0 0 0 0 0 0 0 0 0 0 0 0 0 0 0 0 0 0 0 0 0 0 0 0 0 0 0 0 0 0 0 0 0 0 0 0 0 0 0 0 0 0 0 0 0 0 0 0 0 0 0 0 0 0 0 0 0 0 0 0 0 0 0 0 0 0 0 0 0 0 0 0 0 0 0 0 0 0 0 0 0 0 0 0 0 0 0 0 0 0 0 0 0 0 0 0 0 0 0 0 0 0 0 0 0 0 0 0 0 0 0 0 0 0 0 0 0 0 0 0 0 0 0 0 0 0 0 0 0 0 0 0 0 0 0 0 0 0 0 0 0 0 0 0 0 0 0 0 0 0 0 0 0 0 0 0 0 0 0 0 0 0 0 0 0 0 0 0 0 0 0 0 0 0 0 0 0 0 0 0 0 0 0 0 0 0 0 0 0 0 0 0 0 0 0 0 0 0 0 0 0 0 0 0 0 0 0 0 0 0 0 0 0 0 0 0 0 0 0 0 0 0 0 0 0 0 0 0 0 0 0 0 0 0 0 0 0 0 0 0 0 0 0 0 0 0 0 0 0 0 0 0 0 0 0 0 0 0 0 0 0 0 0 0 0 0 0 0 0 0 0 0 0 0 0 0 0 0 0 0 0 0 0 0 0 0 0 0 0 0 0 0 0 0 0 0 0 0 0 0 0 0 0 0 0 0 0 0 0 0 0 0 0 0 0 0 0 0 0 0 0 0 0 0 0 0 0 0 0 0 0 0 0 0 0 0 0 0 0 0 0 0 0 0 0
ctxt 5291275744
btime 1790630938
processes 914801
procs_running 2
procs_blocked 2
softirq 4770918356 73526 13041738 2753168 342930164 522306 0 13560212 53772113 421 49297412
--
cpu  3737160 1634 1685401 49210565 386731 0 810095 0 0 0
cpu0 142036 29 48676 1538107 4790 0 26630 0 0 0
cpu1 143629 34 49611 1541144 5808 0 26017 0 0 0
cpu2 147784 34 49930 1537540 5897 0 26135 0 0 0
cpu3 222858 34 70677 1426181 4226 0 42111 0 0 0
cpu4 224427 38 69342 1427173 4848 0 42170 0 0 0
cpu5 153612 37 51583 1529105 6535 0 27062 0 0 0
cpu6 154746 34 52078 1526974 6798 0 28178 0 0 0
cpu7 161251 31 55357 1515041 6584 0 30855 0 0 0
cpu8 41485 60 44357 1611682 14740 0 13627 0 0 0
cpu9 47632 66 47559 1586958 18243 0 14854 0 0 0
cpu10 45156 66 45908 1595289 16390 0 14654 0 0 0
cpu11 41230 61 41749 1616087 14912 0 13030 0 0 0
cpu12 83908 141 51632 1542480 20412 0 16100 0 0 0
cpu13 80170 73 52629 1541966 21206 0 16459 0 0 0
cpu14 41101 60 41225 1619527 14057 0 12772 0 0 0
cpu15 38144 63 37821 1633282 14334 0 11595 0 0 0
cpu16 190251 27 60312 1477543 6407 0 34456 0 0 0
cpu17 179905 27 58553 1488729 8378 0 33030 0 0 0
cpu18 168834 28 56942 1502874 8094 0 32195 0 0 0
cpu19 295468 26 85005 1331367 3878 0 52127 0 0 0
cpu20 263459 25 79534 1370164 5823 0 49586 0 0 0
cpu21 164285 30 56093 1507106 9541 0 31440 0 0 0
cpu22 152431 34 53544 1523008 9499 0 29295 0 0 0
cpu23 132298 33 47922 1555006 9125 0 24709 0 0 0
cpu24 44433 63 42669 1613693 16935 0 13725 0 0 0
cpu25 49732 64 47633 1588819 19171 0 16233 0 0 0
cpu26 47544 59 46464 1595400 18305 0 15782 0 0 0
cpu27 40163 49 41405 1606092 17044 0 21599 0 0 0
cpu28 76484 83 55466 1529291 21590 0 28884 0 0 0
cpu29 80387 119 57478 1517601 22476 0 29426 0 0 0
cpu30 39559 45 43004 1599801 15504 0 21605 0 0 0
cpu31 42745 45 43228 1615522 15164 0 13740 0 0 0
intr 3335910803 126 0 0 0 0 0 0 0 0 1 0 0 0 0 0 0 0 0 0 0 0 0 0 0 0 0 0 1 1 1 0 0 0 0 1 0 1 0 0 75045 0 0 0 0 0 0 0 0 411 0 0 0 0 0 0 0 0 87 0 0 0 0 0 0 0 0 0 0 0 0 0 0 0 501009 2 35058868 34997897 34913318 35055847 0 14613 11110 12838 12116 8506 10337 13271 14308 11144 39691 54399 42908 36569 54708 52158 32881 29239 13334 15018 18002 7687 11496 16627 16669 14727 37606 47351 43700 35024 53595 57841 32217 33499 0 0 0 0 617201 4508 1036 0 264 0 0 0 0 0 0 0 0 0 0 0 0 0 0 0 0 0 0 0 0 0 0 0 0 0 0 0 0 0 0 0 0 0 0 0 0 0 0 0 0 0 0 0 0 0 0 0 0 0 0 0 0 0 0 0 0 0 0 0 0 0 0 0 0 0 0 0 0 0 0 0 0 0 0 0 0 0 0 0 0 0 0 0 0 0 0 0 0 0 0 0 0 0 0 0 0 0 0 0 0 0 0 0 0 0 0 0 0 0 0 0 0 0 0 0 0 0 0 0 0 0 0 0 0 0 0 0 0 0 0 0 0 0 0 0 0 0 0 0 0 0 0 0 0 0 0 0 0 0 0 0 0 0 0 0 0 0 0 0 0 0 0 0 0 0 0 0 0 0 0 0 0 0 0 0 0 0 0 0 0 0 0 0 0 0 0 0 0 0 0 0 0 0 0 0 0 0 0 0 0 0 0 0 0 0 0 0 0 0 0 0 0 0 0 0 0 0 0 0 0 0 0 0 0 0 0 0 0 0 0 0 0 0 0 0 0 0 0 0 0 0 0 0 0 0 0 0 0 0 0 0 0 0 0 0 0 0 0 0 0 0 0 0 0 0 0 0 0 0 0 0 0 0 0 0 0 0 0 0 0 0 0 0 0 0 0 0 0 0 0 0 0 0 0 0 0 0 0 0 0 0 0 0 0 0 0 0 0 0 0 0 0 0 0 0 0 0 0 0 0 0 0 0 0 0 0 0 0 0 0 0 0 0 0 0 0 0 0 0 0 0 0 0 0 0 0 0 0 0 0 0 0 0 0 0 0 0 0 0 0 0 0 0 0 0 0 0 0 0 0 0 0 0 0 0 0 0 0 0 0 0 0 0 0 0 0 0 0 0 0 0 0 0 0 0 0 0 0 0 0 0 0 0 0 0 0 0 0 0 0 0 0 0 0 0 0 0 0 0 0 0 0 0 0 0 0 0 0 0 0 0 0 0 0 0 0 0 0 0 0 0 0 0 0 0 0 0 0 0 0 0 0 0 0 0 0 0 0 0 0 0 0 0 0 0 0 0 0 0 0 0 0 0 0 0 0 0 0 0 0 0 0 0 0 0 0 0 0 0 0 0 0 0 0 0 0 0 0 0 0 0 0 0 0 0 0 0 0 0 0 0 0 0 0 0 0 0 0 0 0 0 0 0 0 0 0 0 0 0 0 0 0 0 0 0 0 0 0 0 0 0 0 0 0 0 0 0 0 0 0 0 0 0 0 0 0 0 0 0 0 0 0 0 0 0 0 0 0 0 0 0 0 0 0 0 0 0 0 0 0 0 0 0 0 0 0 0 0 0 0 0 0 0 0 0 0 0 0 0 0 0 0 0 0 0 0 0 0 0 0 0 0 0 0 0 0 0 0 0 0 0 0 0 0 0 0 0 0 0 0 0 0 0 0 0 0 0 0 0 0 0 0 0 0 0 0 0 0 0 0 0 0 0 0 0 0 0 0 0 0 0 0 0 0 0 0 0 0 0 0 0 0 0 0 0 0 0 0 0 0 0 0 0 0 0 0 0 0 0 0 0 0 0 0 0 0 0 0 0 0 0 0 0 0 0 0 0 0 0 0 0 0 0 0 0 0 0 0 0 0 0 0 0 0 0 0 0 0 0 0 0 0 0 0 0 0 0 0 0 0 0 0 0 0 0 0 0 0 0 0 0 0 0 0 0 0 0 0 0 0 0 0 0 0 0 0 0 0 0 0 0 0 0 0 0 0 0 0 0 0 0 0 0 0 0 0 0 0 0 0 0 0 0 0 0 0 0 0 0 0 0 0 0 0 0 0 0 0 0 0 0 0 0 0 0 0 0 0 0 0 0 0 0 0 0 0 0 0 0 0 0 0 0 0 0 0 0 0 0 0 0 0 0 0 0 0 0 0 0 0 0 0 0 0 0 0 0 0 0 0 0 0 0 0 0 0 0 0 0 0 0 0 0 0 0 0 0 0 0 0 0 0 0 0 0 0 0 0 0 0 0 0 0 0 0 0 0 0 0 0 0 0 0 0 0 0 0 0 0 0 0 0 0 0 0 0 0 0 0 0 0 0 0 0 0 0 0 0 0 0 0 0 0 0 0 0 0 0 0 0 0 0 0 0 0 0 0 0 0 0 0 0 0 0 0 0 0 0 0 0 0 0 0 0 0 0 0 0 0 0 0 0 0 0 0 0 0 0 0 0 0 0 0 0 0 0 0 0 0 0 0 0 0 0 0 0 0 0 0 0 0 0 0 0 0 0 0 0 0 0 0 0 0 0 0 0 0 0 0 0 0 0 0 0 0 0 0 0 0 0 0 0 0 0 0 0 0 0 0 0 0 0 0 0 0 0 0 0 0 0 0 0 0 0 0 0 0 0 0 0 0 0 0 0 0 0 0 0 0 0 0 0 0 0 0 0 0 0 0 0 0 0 0 0 0 0 0 0 0 0 0 0 0 0 0 0 0 0 0 0 0 0
ctxt 5291595162
btime 1790630938
processes 914875
procs_running 3
procs_blocked 3
softirq 4770976984 73526 13047294 2753168 342953717 523105 0 13560212 53788250 421 49309995
