Running 10s test @ http://127.0.0.1:18500/counter
  16 threads and 32 connections
  Thread Stats   Avg      Stdev     Max   +/- Stdev
    Latency   843.16us  180.47us   2.65ms   95.37%
    Req/Sec     2.38k   313.16     3.38k    77.34%
  Latency Distribution
     50%    0.89ms
     75%    0.95ms
     90%    0.96ms
     99%    1.42ms
  383048 requests in 10.10s, 65.68MB read
Requests/sec:  37925.44
Transfer/sec:      6.50MB
## server-stat
cpu  3820868 1718 1708914 52288177 481581 0 817131 0 0 0
cpu0 143766 31 49203 1636592 6271 0 27031 0 0 0
cpu1 144709 35 50085 1640534 7678 0 26163 0 0 0
cpu2 148549 35 50368 1637392 7740 0 26240 0 0 0
cpu3 235519 36 73021 1512325 4989 0 43138 0 0 0
cpu4 237132 41 71617 1512453 6297 0 43534 0 0 0
cpu5 154353 40 52043 1628831 8544 0 27152 0 0 0
cpu6 155323 36 52494 1627063 8733 0 28254 0 0 0
cpu7 161741 34 55732 1615509 8320 0 30915 0 0 0
cpu8 41759 64 44701 1710388 17973 0 13662 0 0 0
cpu9 48029 71 47975 1684438 21833 0 14907 0 0 0
cpu10 45476 70 46288 1693216 19787 0 14701 0 0 0
cpu11 41470 66 42085 1714662 18165 0 13061 0 0 0
cpu12 86097 146 52253 1637596 24077 0 16190 0 0 0
cpu13 82341 77 53250 1636548 25371 0 16556 0 0 0
cpu14 41364 64 41593 1717878 17230 0 12812 0 0 0
cpu15 38328 68 38172 1732143 17451 0 11626 0 0 0
cpu16 191612 30 60828 1576117 8930 0 34557 0 0 0
cpu17 180809 29 59047 1587462 11185 0 33111 0 0 0
cpu18 169572 29 57424 1601830 10896 0 32275 0 0 0
cpu19 317850 27 88914 1405410 5070 0 53673 0 0 0
cpu20 279081 26 82145 1451722 8125 0 50593 0 0 0
cpu21 164975 32 56577 1605833 12619 0 31519 0 0 0
cpu22 152989 35 53998 1622169 12362 0 29359 0 0 0
cpu23 132797 34 48343 1654619 11670 0 24767 0 0 0
cpu24 44737 68 43077 1711484 21110 0 13760 0 0 0
cpu25 50114 67 48054 1685892 23759 0 16277 0 0 0
cpu26 47853 61 46861 1692837 22804 0 15818 0 0 0
cpu27 40430 52 41791 1704189 21180 0 21626 0 0 0
cpu28 77675 86 55963 1625126 26407 0 28938 0 0 0
cpu29 81639 122 57992 1613531 26954 0 29495 0 0 0
cpu30 39781 47 43415 1698375 18999 0 21637 0 0 0
cpu31 42982 48 43591 1713995 19034 0 13767 0 0 0
intr 3389425203 126 0 0 0 0 0 0 0 0 1 0 0 0 0 0 0 0 0 0 0 0 0 0 0 0 0 0 1 1 1 0 0 0 0 1 0 1 0 0 75045 0 0 0 0 0 0 0 0 411 0 0 0 0 0 0 0 0 87 0 0 0 0 0 0 0 0 0 0 0 0 0 0 0 537113 2 35063589 35001383 34916560 35060660 0 15444 13322 16362 15639 9715 12126 15963 16778 13276 46179 62137 49999 42408 64038 61044 37678 34331 16784 18715 22193 9006 14975 20775 20438 17731 44402 56409 52791 41962 65092 67947 38905 39287 0 0 0 0 617269 4593 1036 0 264 0 0 0 0 0 0 0 0 0 0 0 0 0 0 0 0 0 0 0 0 0 0 0 0 0 0 0 0 0 0 0 0 0 0 0 0 0 0 0 0 0 0 0 0 0 0 0 0 0 0 0 0 0 0 0 0 0 0 0 0 0 0 0 0 0 0 0 0 0 0 0 0 0 0 0 0 0 0 0 0 0 0 0 0 0 0 0 0 0 0 0 0 0 0 0 0 0 0 0 0 0 0 0 0 0 0 0 0 0 0 0 0 0 0 0 0 0 0 0 0 0 0 0 0 0 0 0 0 0 0 0 0 0 0 0 0 0 0 0 0 0 0 0 0 0 0 0 0 0 0 0 0 0 0 0 0 0 0 0 0 0 0 0 0 0 0 0 0 0 0 0 0 0 0 0 0 0 0 0 0 0 0 0 0 0 0 0 0 0 0 0 0 0 0 0 0 0 0 0 0 0 0 0 0 0 0 0 0 0 0 0 0 0 0 0 0 0 0 0 0 0 0 0 0 0 0 0 0 0 0 0 0 0 0 0 0 0 0 0 0 0 0 0 0 0 0 0 0 0 0 0 0 0 0 0 0 0 0 0 0 0 0 0 0 0 0 0 0 0 0 0 0 0 0 0 0 0 0 0 0 0 0 0 0 0 0 0 0 0 0 0 0 0 0 0 0 0 0 0 0 0 0 0 0 0 0 0 0 0 0 0 0 0 0 0 0 0 0 0 0 0 0 0 0 0 0 0 0 0 0 0 0 0 0 0 0 0 0 0 0 0 0 0 0 0 0 0 0 0 0 0 0 0 0 0 0 0 0 0 0 0 0 0 0 0 0 0 0 0 0 0 0 0 0 0 0 0 0 0 0 0 0 0 0 0 0 0 0 0 0 0 0 0 0 0 0 0 0 0 0 0 0 0 0 0 0 0 0 0 0 0 0 0 0 0 0 0 0 0 0 0 0 0 0 0 0 0 0 0 0 0 0 0 0 0 0 0 0 0 0 0 0 0 0 0 0 0 0 0 0 0 0 0 0 0 0 0 0 0 0 0 0 0 0 0 0 0 0 0 0 0 0 0 0 0 0 0 0 0 0 0 0 0 0 0 0 0 0 0 0 0 0 0 0 0 0 0 0 0 0 0 0 0 0 0 0 0 0 0 0 0 0 0 0 0 0 0 0 0 0 0 0 0 0 0 0 0 0 0 0 0 0 0 0 0 0 0 0 0 0 0 0 0 0 0 0 0 0 0 0 0 0 0 0 0 0 0 0 0 0 0 0 0 0 0 0 0 0 0 0 0 0 0 0 0 0 0 0 0 0 0 0 0 0 0 0 0 0 0 0 0 0 0 0 0 0 0 0 0 0 0 0 0 0 0 0 0 0 0 0 0 0 0 0 0 0 0 0 0 0 0 0 0 0 0 0 0 0 0 0 0 0 0 0 0 0 0 0 0 0 0 0 0 0 0 0 0 0 0 0 0 0 0 0 0 0 0 0 0 0 0 0 0 0 0 0 0 0 0 0 0 0 0 0 0 0 0 0 0 0 0 0 0 0 0 0 0 0 0 0 0 0 0 0 0 0 0 0 0 0 0 0 0 0 0 0 0 0 0 0 0 0 0 0 0 0 0 0 0 0 0 0 0 0 0 0 0 0 0 0 0 0 0 0 0 0 0 0 0 0 0 0 0 0 0 0 0 0 0 0 0 0 0 0 0 0 0 0 0 0 0 0 0 0 0 0 0 0 0 0 0 0 0 0 0 0 0 0 0 0 0 0 0 0 0 0 0 0 0 0 0 0 0 0 0 0 0 0 0 0 0 0 0 0 0 0 0 0 0 0 0 0 0 0 0 0 0 0 0 0 0 0 0 0 0 0 0 0 0 0 0 0 0 0 0 0 0 0 0 0 0 0 0 0 0 0 0 0 0 0 0 0 0 0 0 0 0 0 0 0 0 0 0 0 0 0 0 0 0 0 0 0 0 0 0 0 0 0 0 0 0 0 0 0 0 0 0 0 0 0 0 0 0 0 0 0 0 0 0 0 0 0 0 0 0 0 0 0 0 0 0 0 0 0 0 0 0 0 0 0 0 0 0 0 0 0 0 0 0 0 0 0 0 0 0 0 0 0 0 0 0 0 0 0 0 0 0 0 0 0 0 0 0 0 0 0 0 0 0 0 0 0 0 0 0 0 0 0 0 0 0 0 0 0 0 0 0 0 0 0 0 0 0 0 0 0 0 0 0 0 0 0 0 0 0 0 0 0 0 0 0 0 0 0 0 0 0 0 0 0 0 0 0 0 0 0 0 0 0 0 0 0 0 0 0 0 0 0 0 0 0 0 0 0 0 0 0 0 0 0 0 0 0 0 0 0 0 0 0 0 0 0 0 0 0 0 0 0 0 0 0 0 0 0 0 0 0 0 0 0 0 0 0 0 0 0 0 0 0 0 0 0 0 0 0 0 0 0 0 0 0 0 0 0 0 0 0 0 0 0 0 0
ctxt 5385718927
btime 1790630938
processes 1063902
procs_running 3
procs_blocked 0
softirq 4825652236 73526 13601286 2753177 392392094 560501 0 13560407 55232529 421 52510999
--
cpu  3822222 1719 1709136 52311828 481597 0 817228 0 0 0
cpu0 143780 31 49204 1637365 6271 0 27032 0 0 0
cpu1 144712 35 50086 1641329 7678 0 26164 0 0 0
cpu2 148549 35 50368 1638191 7740 0 26240 0 0 0
cpu3 235714 36 73049 1512890 4989 0 43150 0 0 0
cpu4 237456 41 71670 1512854 6298 0 43555 0 0 0
cpu5 154353 40 52043 1629630 8544 0 27152 0 0 0
cpu6 155323 36 52494 1627861 8733 0 28254 0 0 0
cpu7 161741 34 55732 1616308 8320 0 30915 0 0 0
cpu8 41759 64 44701 1711172 17973 0 13662 0 0 0
cpu9 48033 71 47976 1685195 21848 0 14908 0 0 0
cpu10 45479 70 46289 1693988 19787 0 14702 0 0 0
cpu11 41470 66 42085 1715446 18165 0 13062 0 0 0
cpu12 86105 146 52254 1638350 24077 0 16191 0 0 0
cpu13 82348 77 53253 1637299 25371 0 16558 0 0 0
cpu14 41364 64 41593 1718662 17230 0 12812 0 0 0
cpu15 38328 68 38172 1732927 17451 0 11626 0 0 0
cpu16 191614 30 60829 1576912 8930 0 34557 0 0 0
cpu17 180810 29 59047 1588261 11185 0 33111 0 0 0
cpu18 169572 29 57424 1602628 10896 0 32275 0 0 0
cpu19 318302 27 88988 1405650 5070 0 53708 0 0 0
cpu20 279392 26 82197 1452136 8125 0 50615 0 0 0
cpu21 164975 32 56577 1606632 12619 0 31519 0 0 0
cpu22 152989 35 53998 1622968 12362 0 29359 0 0 0
cpu23 132797 34 48343 1655417 11670 0 24767 0 0 0
cpu24 44737 68 43078 1712274 21110 0 13760 0 0 0
cpu25 50114 67 48055 1686690 23759 0 16277 0 0 0
cpu26 47853 61 46861 1693632 22804 0 15818 0 0 0
cpu27 40430 52 41791 1704987 21180 0 21626 0 0 0
cpu28 77677 86 55964 1625900 26407 0 28939 0 0 0
cpu29 81667 122 57993 1614295 26954 0 29495 0 0 0
cpu30 39782 47 43416 1699170 18999 0 21637 0 0 0
cpu31 42982 48 43591 1714795 19034 0 13767 0 0 0
intr 3389839823 126 0 0 0 0 0 0 0 0 1 0 0 0 0 0 0 0 0 0 0 0 0 0 0 0 0 0 1 1 1 0 0 0 0 1 0 1 0 0 75045 0 0 0 0 0 0 0 0 411 0 0 0 0 0 0 0 0 87 0 0 0 0 0 0 0 0 0 0 0 0 0 0 0 537272 2 35063615 35001389 34916611 35060694 0 15448 13322 16362 15639 9715 12126 15963 16778 13276 46179 62137 49999 42410 64038 61044 37678 34331 17012 18715 22193 9006 14975 20775 20438 17731 44402 56409 52791 41962 65105 67947 38905 39287 0 0 0 0 617269 4593 1036 0 264 0 0 0 0 0 0 0 0 0 0 0 0 0 0 0 0 0 0 0 0 0 0 0 0 0 0 0 0 0 0 0 0 0 0 0 0 0 0 0 0 0 0 0 0 0 0 0 0 0 0 0 0 0 0 0 0 0 0 0 0 0 0 0 0 0 0 0 0 0 0 0 0 0 0 0 0 0 0 0 0 0 0 0 0 0 0 0 0 0 0 0 0 0 0 0 0 0 0 0 0 0 0 0 0 0 0 0 0 0 0 0 0 0 0 0 0 0 0 0 0 0 0 0 0 0 0 0 0 0 0 0 0 0 0 0 0 0 0 0 0 0 0 0 0 0 0 0 0 0 0 0 0 0 0 0 0 0 0 0 0 0 0 0 0 0 0 0 0 0 0 0 0 0 0 0 0 0 0 0 0 0 0 0 0 0 0 0 0 0 0 0 0 0 0 0 0 0 0 0 0 0 0 0 0 0 0 0 0 0 0 0 0 0 0 0 0 0 0 0 0 0 0 0 0 0 0 0 0 0 0 0 0 0 0 0 0 0 0 0 0 0 0 0 0 0 0 0 0 0 0 0 0 0 0 0 0 0 0 0 0 0 0 0 0 0 0 0 0 0 0 0 0 0 0 0 0 0 0 0 0 0 0 0 0 0 0 0 0 0 0 0 0 0 0 0 0 0 0 0 0 0 0 0 0 0 0 0 0 0 0 0 0 0 0 0 0 0 0 0 0 0 0 0 0 0 0 0 0 0 0 0 0 0 0 0 0 0 0 0 0 0 0 0 0 0 0 0 0 0 0 0 0 0 0 0 0 0 0 0 0 0 0 0 0 0 0 0 0 0 0 0 0 0 0 0 0 0 0 0 0 0 0 0 0 0 0 0 0 0 0 0 0 0 0 0 0 0 0 0 0 0 0 0 0 0 0 0 0 0 0 0 0 0 0 0 0 0 0 0 0 0 0 0 0 0 0 0 0 0 0 0 0 0 0 0 0 0 0 0 0 0 0 0 0 0 0 0 0 0 0 0 0 0 0 0 0 0 0 0 0 0 0 0 0 0 0 0 0 0 0 0 0 0 0 0 0 0 0 0 0 0 0 0 0 0 0 0 0 0 0 0 0 0 0 0 0 0 0 0 0 0 0 0 0 0 0 0 0 0 0 0 0 0 0 0 0 0 0 0 0 0 0 0 0 0 0 0 0 0 0 0 0 0 0 0 0 0 0 0 0 0 0 0 0 0 0 0 0 0 0 0 0 0 0 0 0 0 0 0 0 0 0 0 0 0 0 0 0 0 0 0 0 0 0 0 0 0 0 0 0 0 0 0 0 0 0 0 0 0 0 0 0 0 0 0 0 0 0 0 0 0 0 0 0 0 0 0 0 0 0 0 0 0 0 0 0 0 0 0 0 0 0 0 0 0 0 0 0 0 0 0 0 0 0 0 0 0 0 0 0 0 0 0 0 0 0 0 0 0 0 0 0 0 0 0 0 0 0 0 0 0 0 0 0 0 0 0 0 0 0 0 0 0 0 0 0 0 0 0 0 0 0 0 0 0 0 0 0 0 0 0 0 0 0 0 0 0 0 0 0 0 0 0 0 0 0 0 0 0 0 0 0 0 0 0 0 0 0 0 0 0 0 0 0 0 0 0 0 0 0 0 0 0 0 0 0 0 0 0 0 0 0 0 0 0 0 0 0 0 0 0 0 0 0 0 0 0 0 0 0 0 0 0 0 0 0 0 0 0 0 0 0 0 0 0 0 0 0 0 0 0 0 0 0 0 0 0 0 0 0 0 0 0 0 0 0 0 0 0 0 0 0 0 0 0 0 0 0 0 0 0 0 0 0 0 0 0 0 0 0 0 0 0 0 0 0 0 0 0 0 0 0 0 0 0 0 0 0 0 0 0 0 0 0 0 0 0 0 0 0 0 0 0 0 0 0 0 0 0 0 0 0 0 0 0 0 0 0 0 0 0 0 0 0 0 0 0 0 0 0 0 0 0 0 0 0 0 0 0 0 0 0 0 0 0 0 0 0 0 0 0 0 0 0 0 0 0 0 0 0 0 0 0 0 0 0 0 0 0 0 0 0 0 0 0 0 0 0 0 0 0 0 0 0 0 0 0 0 0 0 0 0 0 0 0 0 0 0 0 0 0 0 0 0 0 0 0 0 0 0 0 0 0 0 0 0 0 0 0 0 0 0 0 0 0 0 0 0 0 0 0 0 0 0 0 0 0 0 0 0 0 0 0 0 0 0 0 0 0 0 0 0 0 0 0 0 0 0 0 0 0 0 0 0 0 0 0 0 0 0 0 0 0 0 0 0 0 0 0 0 0 0 0 0 0 0 0 0 0 0 0 0 0 0 0 0 0 0 0 0 0 0 0 0 0 0 0 0 0 0 0 0 0 0 0 0 0 0 0 0 0 0 0 0 0 0 0 0 0 0 0 0 0 0 0 0 0 0 0 0 0 0 0 0 0 0 0 0 0 0 0 0
ctxt 5386445711
btime 1790630938
processes 1063945
procs_running 3
procs_blocked 0
softirq 4826279867 73526 13603909 2753177 392999098 560665 0 13560407 55242960 421 52518408
