Running 10s test @ http://127.0.0.1:18500/swerve/usleep?ms=10
  16 threads and 32 connections
  Thread Stats   Avg      Stdev     Max   +/- Stdev
    Latency   168.16ms   12.76ms 263.01ms   98.57%
    Req/Sec    12.50      4.36    20.00     74.41%
  Latency Distribution
     50%  168.73ms
     75%  178.53ms
     90%  178.69ms
     99%  179.74ms
  1889 requests in 10.01s, 459.33KB read
Requests/sec:    188.65
Transfer/sec:     45.87KB
## server-stat
cpu  3805327 1705 1705341 51774431 481112 0 816297 0 0 0
cpu0 143552 31 49134 1620258 6270 0 26924 0 0 0
cpu1 144613 35 50015 1623988 7678 0 26146 0 0 0
cpu2 148484 35 50302 1620801 7740 0 26235 0 0 0
cpu3 232557 35 72708 1499014 4988 0 43007 0 0 0
cpu4 234451 40 71323 1498809 6297 0 43413 0 0 0
cpu5 154280 40 51973 1612256 8544 0 27147 0 0 0
cpu6 155269 35 52423 1610457 8733 0 28250 0 0 0
cpu7 161700 33 55665 1598887 8317 0 30911 0 0 0
cpu8 41707 63 44633 1693858 17972 0 13660 0 0 0
cpu9 47954 70 47902 1668008 21821 0 14902 0 0 0
cpu10 45425 69 46217 1676745 19786 0 14698 0 0 0
cpu11 41414 65 42015 1698148 18165 0 13059 0 0 0
cpu12 85670 145 52148 1621584 24074 0 16181 0 0 0
cpu13 81998 76 53141 1620464 25346 0 16547 0 0 0
cpu14 41310 63 41520 1701446 17166 0 12809 0 0 0
cpu15 38290 67 38100 1715584 17449 0 11625 0 0 0
cpu16 191501 30 60747 1559586 8929 0 34549 0 0 0
cpu17 180719 29 58968 1570913 11185 0 33107 0 0 0
cpu18 169494 29 57345 1585266 10894 0 32270 0 0 0
cpu19 314314 27 88506 1392785 5070 0 53508 0 0 0
cpu20 275553 26 81736 1439105 8124 0 50405 0 0 0
cpu21 164909 31 56502 1589253 12618 0 31515 0 0 0
cpu22 152935 35 53923 1605572 12362 0 29353 0 0 0
cpu23 132748 34 48272 1638010 11670 0 24765 0 0 0
cpu24 44680 67 42996 1694937 21106 0 13758 0 0 0
cpu25 50035 67 47976 1669377 23756 0 16275 0 0 0
cpu26 47787 61 46787 1676270 22803 0 15816 0 0 0
cpu27 40378 52 41718 1687596 21180 0 21624 0 0 0
cpu28 77451 86 55877 1608838 26326 0 28935 0 0 0
cpu29 81467 122 57906 1597389 26713 0 29487 0 0 0
cpu30 39734 47 43333 1681818 18985 0 21635 0 0 0
cpu31 42935 48 43517 1697396 19032 0 13766 0 0 0
intr 3383509939 126 0 0 0 0 0 0 0 0 1 0 0 0 0 0 0 0 0 0 0 0 0 0 0 0 0 0 1 1 1 0 0 0 0 1 0 1 0 0 75045 0 0 0 0 0 0 0 0 411 0 0 0 0 0 0 0 0 87 0 0 0 0 0 0 0 0 0 0 0 0 0 0 0 532558 2 35062797 35001051 34915394 35059577 0 15311 13318 16359 15638 9713 12125 15958 16777 13274 46177 62103 49993 42405 64033 61017 37644 34328 16712 18659 22183 9003 14942 20767 20436 17731 44401 56385 52789 41961 64750 67944 38829 39286 0 0 0 0 617257 4583 1036 0 264 0 0 0 0 0 0 0 0 0 0 0 0 0 0 0 0 0 0 0 0 0 0 0 0 0 0 0 0 0 0 0 0 0 0 0 0 0 0 0 0 0 0 0 0 0 0 0 0 0 0 0 0 0 0 0 0 0 0 0 0 0 0 0 0 0 0 0 0 0 0 0 0 0 0 0 0 0 0 0 0 0 0 0 0 0 0 0 0 0 0 0 0 0 0 0 0 0 0 0 0 0 0 0 0 0 0 0 0 0 0 0 0 0 0 0 0 0 0 0 0 0 0 0 0 0 0 0 0 0 0 0 0 0 0 0 0 0 0 0 0 0 0 0 0 0 0 0 0 0 0 0 0 0 0 0 0 0 0 0 0 0 0 0 0 0 0 0 0 0 0 0 0 0 0 0 0 0 0 0 0 0 0 0 0 0 0 0 0 0 0 0 0 0 0 0 0 0 0 0 0 0 0 0 0 0 0 0 0 0 0 0 0 0 0 0 0 0 0 0 0 0 0 0 0 0 0 0 0 0 0 0 0 0 0 0 0 0 0 0 0 0 0 0 0 0 0 0 0 0 0 0 0 0 0 0 0 0 0 0 0 0 0 0 0 0 0 0 0 0 0 0 0 0 0 0 0 0 0 0 0 0 0 0 0 0 0 0 0 0 0 0 0 0 0 0 0 0 0 0 0 0 0 0 0 0 0 0 0 0 0 0 0 0 0 0 0 0 0 0 0 0 0 0 0 0 0 0 0 0 0 0 0 0 0 0 0 0 0 0 0 0 0 0 0 0 0 0 0 0 0 0 0 0 0 0 0 0 0 0 0 0 0 0 0 0 0 0 0 0 0 0 0 0 0 0 0 0 0 0 0 0 0 0 0 0 0 0 0 0 0 0 0 0 0 0 0 0 0 0 0 0 0 0 0 0 0 0 0 0 0 0 0 0 0 0 0 0 0 0 0 0 0 0 0 0 0 0 0 0 0 0 0 0 0 0 0 0 0 0 0 0 0 0 0 0 0 0 0 0 0 0 0 0 0 0 0 0 0 0 0 0 0 0 0 0 0 0 0 0 0 0 0 0 0 0 0 0 0 0 0 0 0 0 0 0 0 0 0 0 0 0 0 0 0 0 0 0 0 0 0 0 0 0 0 0 0 0 0 0 0 0 0 0 0 0 0 0 0 0 0 0 0 0 0 0 0 0 0 0 0 0 0 0 0 0 0 0 0 0 0 0 0 0 0 0 0 0 0 0 0 0 0 0 0 0 0 0 0 0 0 0 0 0 0 0 0 0 0 0 0 0 0 0 0 0 0 0 0 0 0 0 0 0 0 0 0 0 0 0 0 0 0 0 0 0 0 0 0 0 0 0 0 0 0 0 0 0 0 0 0 0 0 0 0 0 0 0 0 0 0 0 0 0 0 0 0 0 0 0 0 0 0 0 0 0 0 0 0 0 0 0 0 0 0 0 0 0 0 0 0 0 0 0 0 0 0 0 0 0 0 0 0 0 0 0 0 0 0 0 0 0 0 0 0 0 0 0 0 0 0 0 0 0 0 0 0 0 0 0 0 0 0 0 0 0 0 0 0 0 0 0 0 0 0 0 0 0 0 0 0 0 0 0 0 0 0 0 0 0 0 0 0 0 0 0 0 0 0 0 0 0 0 0 0 0 0 0 0 0 0 0 0 0 0 0 0 0 0 0 0 0 0 0 0 0 0 0 0 0 0 0 0 0 0 0 0 0 0 0 0 0 0 0 0 0 0 0 0 0 0 0 0 0 0 0 0 0 0 0 0 0 0 0 0 0 0 0 0 0 0 0 0 0 0 0 0 0 0 0 0 0 0 0 0 0 0 0 0 0 0 0 0 0 0 0 0 0 0 0 0 0 0 0 0 0 0 0 0 0 0 0 0 0 0 0 0 0 0 0 0 0 0 0 0 0 0 0 0 0 0 0 0 0 0 0 0 0 0 0 0 0 0 0 0 0 0 0 0 0 0 0 0 0 0 0 0 0 0 0 0 0 0 0 0 0 0 0 0 0 0 0 0 0 0 0 0 0 0 0 0 0 0 0 0 0 0 0 0 0 0 0 0 0 0 0 0 0 0 0 0 0 0 0 0 0 0 0 0 0 0 0 0 0 0 0 0 0 0 0 0 0 0 0 0 0 0 0 0 0 0 0 0 0 0 0 0 0 0 0 0 0 0 0 0 0 0 0 0 0 0 0 0 0 0 0 0 0 0 0 0 0 0 0 0 0 0 0 0 0 0 0 0 0 0 0 0 0 0 0 0 0 0 0 0 0 0 0 0 0 0 0 0 0 0 0 0 0 0 0 0 0 0 0 0 0 0 0 0 0 0 0 0 0 0 0 0 0 0 0 0 0 0 0 0 0 0 0 0 0 0 0 0 0 0 0 0 0 0 0 0 0 0 0 0 0 0 0 0 0 0 0 0 0 0 0 0 0 0 0 0 0 0 0 0 0 0 0 0 0 0 0 0
ctxt 5375954268
btime 1790630938
processes 1030542
procs_running 1
procs_blocked 0
softirq 4820034925 73526 13493463 2753174 387602113 555748 0 13560382 54989511 421 52039291
--
cpu  3805473 1706 1705363 51799796 481140 0 816300 0 0 0
cpu0 143554 31 49134 1621053 6270 0 26925 0 0 0
cpu1 144613 35 50016 1624787 7678 0 26146 0 0 0
cpu2 148485 35 50302 1621600 7740 0 26235 0 0 0
cpu3 232599 35 72713 1499765 4988 0 43008 0 0 0
cpu4 234461 40 71325 1499596 6297 0 43414 0 0 0
cpu5 154280 40 51974 1613054 8544 0 27147 0 0 0
cpu6 155269 35 52424 1611256 8733 0 28250 0 0 0
cpu7 161700 33 55666 1599686 8317 0 30911 0 0 0
cpu8 41709 63 44633 1694654 17972 0 13660 0 0 0
cpu9 47960 70 47902 1668799 21821 0 14902 0 0 0
cpu10 45426 69 46218 1677542 19786 0 14698 0 0 0
cpu11 41414 65 42015 1698945 18165 0 13059 0 0 0
cpu12 85685 145 52149 1622364 24074 0 16181 0 0 0
cpu13 82035 76 53144 1621201 25367 0 16547 0 0 0
cpu14 41311 63 41520 1702237 17171 0 12809 0 0 0
cpu15 38290 67 38100 1716382 17449 0 11625 0 0 0
cpu16 191501 30 60747 1560384 8929 0 34549 0 0 0
cpu17 180719 29 58968 1571712 11185 0 33107 0 0 0
cpu18 169494 29 57345 1586065 10894 0 32270 0 0 0
cpu19 314321 27 88508 1393573 5070 0 53508 0 0 0
cpu20 275555 26 81737 1439903 8124 0 50405 0 0 0
cpu21 164909 31 56502 1590051 12618 0 31515 0 0 0
cpu22 152936 35 53923 1606370 12362 0 29353 0 0 0
cpu23 132748 34 48272 1638809 11670 0 24765 0 0 0
cpu24 44680 67 42996 1695735 21107 0 13758 0 0 0
cpu25 50036 67 47976 1670174 23756 0 16275 0 0 0
cpu26 47789 61 46788 1677066 22803 0 15816 0 0 0
cpu27 40380 52 41718 1688394 21180 0 21624 0 0 0
cpu28 77454 86 55877 1609633 26326 0 28935 0 0 0
cpu29 81472 122 57906 1598183 26713 0 29487 0 0 0
cpu30 39735 47 43333 1682616 18985 0 21635 0 0 0
cpu31 42937 48 43517 1698192 19032 0 13766 0 0 0
intr 3383620947 126 0 0 0 0 0 0 0 0 1 0 0 0 0 0 0 0 0 0 0 0 0 0 0 0 0 0 1 1 1 0 0 0 0 1 0 1 0 0 75045 0 0 0 0 0 0 0 0 411 0 0 0 0 0 0 0 0 87 0 0 0 0 0 0 0 0 0 0 0 0 0 0 0 532811 2 35062858 35001085 34915511 35059650 0 15316 13318 16359 15639 9713 12125 15958 16777 13274 46177 62103 49993 42405 64033 61018 37644 34328 16781 18659 22185 9005 14959 20767 20436 17731 44401 56385 52790 41962 64756 67944 38829 39286 0 0 0 0 617257 4586 1036 0 264 0 0 0 0 0 0 0 0 0 0 0 0 0 0 0 0 0 0 0 0 0 0 0 0 0 0 0 0 0 0 0 0 0 0 0 0 0 0 0 0 0 0 0 0 0 0 0 0 0 0 0 0 0 0 0 0 0 0 0 0 0 0 0 0 0 0 0 0 0 0 0 0 0 0 0 0 0 0 0 0 0 0 0 0 0 0 0 0 0 0 0 0 0 0 0 0 0 0 0 0 0 0 0 0 0 0 0 0 0 0 0 0 0 0 0 0 0 0 0 0 0 0 0 0 0 0 0 0 0 0 0 0 0 0 0 0 0 0 0 0 0 0 0 0 0 0 0 0 0 0 0 0 0 0 0 0 0 0 0 0 0 0 0 0 0 0 0 0 0 0 0 0 0 0 0 0 0 0 0 0 0 0 0 0 0 0 0 0 0 0 0 0 0 0 0 0 0 0 0 0 0 0 0 0 0 0 0 0 0 0 0 0 0 0 0 0 0 0 0 0 0 0 0 0 0 0 0 0 0 0 0 0 0 0 0 0 0 0 0 0 0 0 0 0 0 0 0 0 0 0 0 0 0 0 0 0 0 0 0 0 0 0 0 0 0 0 0 0 0 0 0 0 0 0 0 0 0 0 0 0 0 0 0 0 0 0 0 0 0 0 0 0 0 0 0 0 0 0 0 0 0 0 0 0 0 0 0 0 0 0 0 0 0 0 0 0 0 0 0 0 0 0 0 0 0 0 0 0 0 0 0 0 0 0 0 0 0 0 0 0 0 0 0 0 0 0 0 0 0 0 0 0 0 0 0 0 0 0 0 0 0 0 0 0 0 0 0 0 0 0 0 0 0 0 0 0 0 0 0 0 0 0 0 0 0 0 0 0 0 0 0 0 0 0 0 0 0 0 0 0 0 0 0 0 0 0 0 0 0 0 0 0 0 0 0 0 0 0 0 0 0 0 0 0 0 0 0 0 0 0 0 0 0 0 0 0 0 0 0 0 0 0 0 0 0 0 0 0 0 0 0 0 0 0 0 0 0 0 0 0 0 0 0 0 0 0 0 0 0 0 0 0 0 0 0 0 0 0 0 0 0 0 0 0 0 0 0 0 0 0 0 0 0 0 0 0 0 0 0 0 0 0 0 0 0 0 0 0 0 0 0 0 0 0 0 0 0 0 0 0 0 0 0 0 0 0 0 0 0 0 0 0 0 0 0 0 0 0 0 0 0 0 0 0 0 0 0 0 0 0 0 0 0 0 0 0 0 0 0 0 0 0 0 0 0 0 0 0 0 0 0 0 0 0 0 0 0 0 0 0 0 0 0 0 0 0 0 0 0 0 0 0 0 0 0 0 0 0 0 0 0 0 0 0 0 0 0 0 0 0 0 0 0 0 0 0 0 0 0 0 0 0 0 0 0 0 0 0 0 0 0 0 0 0 0 0 0 0 0 0 0 0 0 0 0 0 0 0 0 0 0 0 0 0 0 0 0 0 0 0 0 0 0 0 0 0 0 0 0 0 0 0 0 0 0 0 0 0 0 0 0 0 0 0 0 0 0 0 0 0 0 0 0 0 0 0 0 0 0 0 0 0 0 0 0 0 0 0 0 0 0 0 0 0 0 0 0 0 0 0 0 0 0 0 0 0 0 0 0 0 0 0 0 0 0 0 0 0 0 0 0 0 0 0 0 0 0 0 0 0 0 0 0 0 0 0 0 0 0 0 0 0 0 0 0 0 0 0 0 0 0 0 0 0 0 0 0 0 0 0 0 0 0 0 0 0 0 0 0 0 0 0 0 0 0 0 0 0 0 0 0 0 0 0 0 0 0 0 0 0 0 0 0 0 0 0 0 0 0 0 0 0 0 0 0 0 0 0 0 0 0 0 0 0 0 0 0 0 0 0 0 0 0 0 0 0 0 0 0 0 0 0 0 0 0 0 0 0 0 0 0 0 0 0 0 0 0 0 0 0 0 0 0 0 0 0 0 0 0 0 0 0 0 0 0 0 0 0 0 0 0 0 0 0 0 0 0 0 0 0 0 0 0 0 0 0 0 0 0 0 0 0 0 0 0 0 0 0 0 0 0 0 0 0 0 0 0 0 0 0 0 0 0 0 0 0 0 0 0 0 0 0 0 0 0 0 0 0 0 0 0 0 0 0 0 0 0 0 0 0 0 0 0 0 0 0 0 0 0 0 0 0 0 0 0 0 0 0 0 0 0 0 0 0 0 0 0 0 0 0 0 0 0 0 0 0 0 0 0 0 0 0 0 0 0 0 0 0 0 0 0 0 0 0 0 0 0 0 0 0 0 0 0 0 0 0 0 0 0 0 0 0 0 0 0 0 0 0 0 0 0 0 0 0 0 0 0 0 0 0 0 0 0 0 0 0 0 0 0 0 0 0 0 0 0 0 0 0 0 0 0 0 0 0 0 0 0 0 0 0 0 0 0 0 0 0 0 0 0 0 0 0 0 0 0 0 0 0 0 0 0 0
ctxt 5376091642
btime 1790630938
processes 1030671
procs_running 1
procs_blocked 0
softirq 4820061304 73526 13498208 2753176 387606778 556016 0 13560391 54998119 421 52047373
