Running 10s test @ http://127.0.0.1:18500/json
  16 threads and 128 connections
  Thread Stats   Avg      Stdev     Max   +/- Stdev
    Latency   652.18us   70.47us   1.33ms   56.70%
    Req/Sec    12.32k   457.92    13.47k    66.77%
  Latency Distribution
     50%  639.00us
     75%  707.00us
     90%  773.00us
     99%  783.00us
  1980203 requests in 10.10s, 258.72MB read
Requests/sec: 196061.59
Transfer/sec:     25.62MB
## server-stat
cpu  4122684 1828 1776013 55811372 644299 0 841059 0 0 0
cpu0 158015 32 51916 1744828 7654 0 28044 0 0 0
cpu1 158550 37 52799 1749220 9463 0 27271 0 0 0
cpu2 163756 37 53051 1744333 9984 0 27382 0 0 0
cpu3 257566 38 76868 1611366 6568 0 44563 0 0 0
cpu4 256423 43 74816 1615446 8027 0 44516 0 0 0
cpu5 167456 43 54598 1737789 11265 0 28251 0 0 0
cpu6 167243 38 54503 1737461 11970 0 29060 0 0 0
cpu7 173485 37 58100 1724986 11784 0 32217 0 0 0
cpu8 42153 69 45640 1828548 25029 0 13936 0 0 0
cpu9 48630 77 48981 1801518 29308 0 15209 0 0 0
cpu10 45928 75 47280 1810726 27180 0 14977 0 0 0
cpu11 41820 71 42960 1833029 25337 0 13293 0 0 0
cpu12 88478 151 53502 1752474 31398 0 16551 0 0 0
cpu13 84651 82 54555 1750648 33274 0 16931 0 0 0
cpu14 41760 68 42502 1836766 23725 0 13053 0 0 0
cpu15 38626 74 38976 1851158 24315 0 11841 0 0 0
cpu16 213732 32 64352 1675746 10616 0 36056 0 0 0
cpu17 201372 30 62260 1688331 13663 0 34393 0 0 0
cpu18 186895 31 60265 1705668 14181 0 33390 0 0 0
cpu19 346506 28 93629 1497848 6205 0 55052 0 0 0
cpu20 308091 27 87010 1543257 9484 0 52248 0 0 0
cpu21 183767 34 59640 1707658 16240 0 32641 0 0 0
cpu22 169495 37 57099 1725547 16410 0 30696 0 0 0
cpu23 145766 36 50808 1762390 16039 0 25562 0 0 0
cpu24 45228 74 44052 1828893 29047 0 14016 0 0 0
cpu25 50690 70 49146 1802392 31997 0 16601 0 0 0
cpu26 48380 66 47935 1809592 30978 0 16123 0 0 0
cpu27 40869 57 42755 1821480 29306 0 21882 0 0 0
cpu28 79918 92 57421 1738473 34970 0 29373 0 0 0
cpu29 83798 128 59557 1726397 35816 0 29954 0 0 0
cpu30 40225 51 44440 1815842 26332 0 21920 0 0 0
cpu31 43395 53 44581 1831545 26718 0 14043 0 0 0
intr 3498621617 126 0 0 0 0 0 0 0 0 1 0 0 0 0 0 0 0 0 0 0 0 0 0 0 0 0 0 1 1 1 0 0 0 0 1 0 1 0 0 75045 0 0 0 0 0 0 0 0 411 0 0 0 0 0 0 0 0 87 0 0 0 0 0 0 0 0 0 0 0 0 0 0 0 592972 2 35068146 35004124 34919724 35066213 0 16475 15661 19366 19528 12053 15301 20013 20966 17605 55701 75682 61718 51468 83274 79108 45403 42479 19856 23050 27477 11374 17623 25892 26166 22437 57704 71364 64715 52268 83111 90292 47115 48099 0 0 0 0 617357 4706 1036 0 264 0 0 0 0 0 0 0 0 0 0 0 0 0 0 0 0 0 0 0 0 0 0 0 0 0 0 0 0 0 0 0 0 0 0 0 0 0 0 0 0 0 0 0 0 0 0 0 0 0 0 0 0 0 0 0 0 0 0 0 0 0 0 0 0 0 0 0 0 0 0 0 0 0 0 0 0 0 0 0 0 0 0 0 0 0 0 0 0 0 0 0 0 0 0 0 0 0 0 0 0 0 0 0 0 0 0 0 0 0 0 0 0 0 0 0 0 0 0 0 0 0 0 0 0 0 0 0 0 0 0 0 0 0 0 0 0 0 0 0 0 0 0 0 0 0 0 0 0 0 0 0 0 0 0 0 0 0 0 0 0 0 0 0 0 0 0 0 0 0 0 0 0 0 0 0 0 0 0 0 0 0 0 0 0 0 0 0 0 0 0 0 0 0 0 0 0 0 0 0 0 0 0 0 0 0 0 0 0 0 0 0 0 0 0 0 0 0 0 0 0 0 0 0 0 0 0 0 0 0 0 0 0 0 0 0 0 0 0 0 0 0 0 0 0 0 0 0 0 0 0 0 0 0 0 0 0 0 0 0 0 0 0 0 0 0 0 0 0 0 0 0 0 0 0 0 0 0 0 0 0 0 0 0 0 0 0 0 0 0 0 0 0 0 0 0 0 0 0 0 0 0 0 0 0 0 0 0 0 0 0 0 0 0 0 0 0 0 0 0 0 0 0 0 0 0 0 0 0 0 0 0 0 0 0 0 0 0 0 0 0 0 0 0 0 0 0 0 0 0 0 0 0 0 0 0 0 0 0 0 0 0 0 0 0 0 0 0 0 0 0 0 0 0 0 0 0 0 0 0 0 0 0 0 0 0 0 0 0 0 0 0 0 0 0 0 0 0 0 0 0 0 0 0 0 0 0 0 0 0 0 0 0 0 0 0 0 0 0 0 0 0 0 0 0 0 0 0 0 0 0 0 0 0 0 0 0 0 0 0 0 0 0 0 0 0 0 0 0 0 0 0 0 0 0 0 0 0 0 0 0 0 0 0 0 0 0 0 0 0 0 0 0 0 0 0 0 0 0 0 0 0 0 0 0 0 0 0 0 0 0 0 0 0 0 0 0 0 0 0 0 0 0 0 0 0 0 0 0 0 0 0 0 0 0 0 0 0 0 0 0 0 0 0 0 0 0 0 0 0 0 0 0 0 0 0 0 0 0 0 0 0 0 0 0 0 0 0 0 0 0 0 0 0 0 0 0 0 0 0 0 0 0 0 0 0 0 0 0 0 0 0 0 0 0 0 0 0 0 0 0 0 0 0 0 0 0 0 0 0 0 0 0 0 0 0 0 0 0 0 0 0 0 0 0 0 0 0 0 0 0 0 0 0 0 0 0 0 0 0 0 0 0 0 0 0 0 0 0 0 0 0 0 0 0 0 0 0 0 0 0 0 0 0 0 0 0 0 0 0 0 0 0 0 0 0 0 0 0 0 0 0 0 0 0 0 0 0 0 0 0 0 0 0 0 0 0 0 0 0 0 0 0 0 0 0 0 0 0 0 0 0 0 0 0 0 0 0 0 0 0 0 0 0 0 0 0 0 0 0 0 0 0 0 0 0 0 0 0 0 0 0 0 0 0 0 0 0 0 0 0 0 0 0 0 0 0 0 0 0 0 0 0 0 0 0 0 0 0 0 0 0 0 0 0 0 0 0 0 0 0 0 0 0 0 0 0 0 0 0 0 0 0 0 0 0 0 0 0 0 0 0 0 0 0 0 0 0 0 0 0 0 0 0 0 0 0 0 0 0 0 0 0 0 0 0 0 0 0 0 0 0 0 0 0 0 0 0 0 0 0 0 0 0 0 0 0 0 0 0 0 0 0 0 0 0 0 0 0 0 0 0 0 0 0 0 0 0 0 0 0 0 0 0 0 0 0 0 0 0 0 0 0 0 0 0 0 0 0 0 0 0 0 0 0 0 0 0 0 0 0 0 0 0 0 0 0 0 0 0 0 0 0 0 0 0 0 0 0 0 0 0 0 0 0 0 0 0 0 0 0 0 0 0 0 0 0 0 0 0 0 0 0 0 0 0 0 0 0 0 0 0 0 0 0 0 0 0 0 0 0 0 0 0 0 0 0 0 0 0 0 0 0 0 0 0 0 0 0 0 0 0 0 0 0 0 0 0 0 0 0 0 0 0 0 0 0 0 0 0 0 0 0 0 0 0 0 0 0 0 0 0 0 0 0 0 0 0 0 0 0 0 0 0 0 0 0 0 0 0 0 0 0 0 0 0 0 0 0 0 0 0 0 0 0 0 0 0 0 0 0 0 0 0 0 0 0 0 0 0 0 0 0 0 0 0 0 0 0 0 0 0 0 0 0 0 0 0 0 0 0 0 0 0 0 0 0 0 0 0 0 0 0 0 0 0 0 0 0 0 0 0 0 0 0 0 0 0 0 0 0 0 0 0 0 0 0 0 0 0 0 0 0
ctxt 5574911679
btime 1790630938
processes 1257628
procs_running 11
procs_blocked 0
softirq 4971739689 73526 14763938 2753188 526505609 618029 0 13560709 58286219 421 60210754
--
cpu  4128226 1829 1776539 55829379 644314 0 841577 0 0 0
cpu0 158016 32 51917 1745610 7654 0 28045 0 0 0
cpu1 158550 37 52799 1750020 9463 0 27271 0 0 0
cpu2 164441 37 53105 1744333 9984 0 27443 0 0 0
cpu3 257746 38 76883 1611956 6568 0 44578 0 0 0
cpu4 256424 43 74816 1616246 8027 0 44516 0 0 0
cpu5 167456 43 54598 1738589 11265 0 28251 0 0 0
cpu6 167935 38 54556 1737461 11970 0 29116 0 0 0
cpu7 174166 37 58158 1724986 11784 0 32278 0 0 0
cpu8 42155 69 45645 1829281 25029 0 13937 0 0 0
cpu9 48634 77 48987 1802240 29308 0 15212 0 0 0
cpu10 45934 75 47285 1811450 27180 0 14979 0 0 0
cpu11 41822 71 42963 1833759 25337 0 13295 0 0 0
cpu12 88490 151 53509 1753177 31407 0 16554 0 0 0
cpu13 84658 82 54563 1751359 33275 0 16934 0 0 0
cpu14 41762 68 42507 1837496 23725 0 13055 0 0 0
cpu15 38629 74 38981 1851890 24315 0 11843 0 0 0
cpu16 214421 32 64409 1675746 10616 0 36110 0 0 0
cpu17 202054 30 62313 1688331 13663 0 34457 0 0 0
cpu18 186895 31 60265 1706468 14181 0 33390 0 0 0
cpu19 347008 28 93674 1498058 6205 0 55096 0 0 0
cpu20 308772 27 87067 1543257 9484 0 52310 0 0 0
cpu21 184451 34 59697 1707658 16240 0 32701 0 0 0
cpu22 169495 37 57099 1726347 16410 0 30696 0 0 0
cpu23 145766 36 50808 1763190 16039 0 25562 0 0 0
cpu24 45230 74 44056 1829629 29047 0 14017 0 0 0
cpu25 50696 70 49150 1803120 31998 0 16603 0 0 0
cpu26 48382 66 47939 1810323 30982 0 16125 0 0 0
cpu27 40872 57 42758 1822220 29306 0 21884 0 0 0
cpu28 79923 92 57426 1739194 34970 0 29377 0 0 0
cpu29 83807 128 59562 1727111 35816 0 29958 0 0 0
cpu30 40226 51 44443 1816576 26332 0 21923 0 0 0
cpu31 43397 53 44584 1832282 26718 0 14046 0 0 0
intr 3500278695 126 0 0 0 0 0 0 0 0 1 0 0 0 0 0 0 0 0 0 0 0 0 0 0 0 0 0 1 1 1 0 0 0 0 1 0 1 0 0 75045 0 0 0 0 0 0 0 0 411 0 0 0 0 0 0 0 0 87 0 0 0 0 0 0 0 0 0 0 0 0 0 0 0 593105 2 35068184 35004127 34919744 35066268 0 16483 15661 19366 19528 12053 15301 20013 20966 17605 55701 75682 61718 51468 83274 79108 45403 42479 19856 23050 27477 11374 17623 25892 26166 22437 57704 71364 64715 52268 83112 90298 47115 48100 0 0 0 0 617357 4706 1036 0 264 0 0 0 0 0 0 0 0 0 0 0 0 0 0 0 0 0 0 0 0 0 0 0 0 0 0 0 0 0 0 0 0 0 0 0 0 0 0 0 0 0 0 0 0 0 0 0 0 0 0 0 0 0 0 0 0 0 0 0 0 0 0 0 0 0 0 0 0 0 0 0 0 0 0 0 0 0 0 0 0 0 0 0 0 0 0 0 0 0 0 0 0 0 0 0 0 0 0 0 0 0 0 0 0 0 0 0 0 0 0 0 0 0 0 0 0 0 0 0 0 0 0 0 0 0 0 0 0 0 0 0 0 0 0 0 0 0 0 0 0 0 0 0 0 0 0 0 0 0 0 0 0 0 0 0 0 0 0 0 0 0 0 0 0 0 0 0 0 0 0 0 0 0 0 0 0 0 0 0 0 0 0 0 0 0 0 0 0 0 0 0 0 0 0 0 0 0 0 0 0 0 0 0 0 0 0 0 0 0 0 0 0 0 0 0 0 0 0 0 0 0 0 0 0 0 0 0 0 0 0 0 0 0 0 0 0 0 0 0 0 0 0 0 0 0 0 0 0 0 0 0 0 0 0 0 0 0 0 0 0 0 0 0 0 0 0 0 0 0 0 0 0 0 0 0 0 0 0 0 0 0 0 0 0 0 0 0 0 0 0 0 0 0 0 0 0 0 0 0 0 0 0 0 0 0 0 0 0 0 0 0 0 0 0 0 0 0 0 0 0 0 0 0 0 0 0 0 0 0 0 0 0 0 0 0 0 0 0 0 0 0 0 0 0 0 0 0 0 0 0 0 0 0 0 0 0 0 0 0 0 0 0 0 0 0 0 0 0 0 0 0 0 0 0 0 0 0 0 0 0 0 0 0 0 0 0 0 0 0 0 0 0 0 0 0 0 0 0 0 0 0 0 0 0 0 0 0 0 0 0 0 0 0 0 0 0 0 0 0 0 0 0 0 0 0 0 0 0 0 0 0 0 0 0 0 0 0 0 0 0 0 0 0 0 0 0 0 0 0 0 0 0 0 0 0 0 0 0 0 0 0 0 0 0 0 0 0 0 0 0 0 0 0 0 0 0 0 0 0 0 0 0 0 0 0 0 0 0 0 0 0 0 0 0 0 0 0 0 0 0 0 0 0 0 0 0 0 0 0 0 0 0 0 0 0 0 0 0 0 0 0 0 0 0 0 0 0 0 0 0 0 0 0 0 0 0 0 0 0 0 0 0 0 0 0 0 0 0 0 0 0 0 0 0 0 0 0 0 0 0 0 0 0 0 0 0 0 0 0 0 0 0 0 0 0 0 0 0 0 0 0 0 0 0 0 0 0 0 0 0 0 0 0 0 0 0 0 0 0 0 0 0 0 0 0 0 0 0 0 0 0 0 0 0 0 0 0 0 0 0 0 0 0 0 0 0 0 0 0 0 0 0 0 0 0 0 0 0 0 0 0 0 0 0 0 0 0 0 0 0 0 0 0 0 0 0 0 0 0 0 0 0 0 0 0 0 0 0 0 0 0 0 0 0 0 0 0 0 0 0 0 0 0 0 0 0 0 0 0 0 0 0 0 0 0 0 0 0 0 0 0 0 0 0 0 0 0 0 0 0 0 0 0 0 0 0 0 0 0 0 0 0 0 0 0 0 0 0 0 0 0 0 0 0 0 0 0 0 0 0 0 0 0 0 0 0 0 0 0 0 0 0 0 0 0 0 0 0 0 0 0 0 0 0 0 0 0 0 0 0 0 0 0 0 0 0 0 0 0 0 0 0 0 0 0 0 0 0 0 0 0 0 0 0 0 0 0 0 0 0 0 0 0 0 0 0 0 0 0 0 0 0 0 0 0 0 0 0 0 0 0 0 0 0 0 0 0 0 0 0 0 0 0 0 0 0 0 0 0 0 0 0 0 0 0 0 0 0 0 0 0 0 0 0 0 0 0 0 0 0 0 0 0 0 0 0 0 0 0 0 0 0 0 0 0 0 0 0 0 0 0 0 0 0 0 0 0 0 0 0 0 0 0 0 0 0 0 0 0 0 0 0 0 0 0 0 0 0 0 0 0 0 0 0 0 0 0 0 0 0 0 0 0 0 0 0 0 0 0 0 0 0 0 0 0 0 0 0 0 0 0 0 0 0 0 0 0 0 0 0 0 0 0 0 0 0 0 0 0 0 0 0 0 0 0 0 0 0 0 0 0 0 0 0 0 0 0 0 0 0 0 0 0 0 0 0 0 0 0 0 0 0 0 0 0 0 0 0 0 0 0 0 0 0 0 0 0 0 0 0 0 0 0 0 0 0 0 0 0 0 0 0 0 0 0 0 0 0 0 0 0 0 0 0 0 0 0 0 0 0 0 0 0 0 0 0 0 0 0 0 0 0 0 0 0 0 0 0 0 0 0 0 0 0 0 0 0 0 0 0 0 0 0 0 0 0 0 0 0 0 0 0 0 0 0 0 0 0 0 0 0 0 0 0 0 0 0 0 0 0 0 0
ctxt 5577946096
btime 1790630938
processes 1257695
procs_running 10
procs_blocked 0
softirq 4974917635 73526 14768636 2753188 529642935 618173 0 13560709 58299445 421 60233306
