Running 10s test @ http://127.0.0.1:18500/counter
  16 threads and 32 connections
  Thread Stats   Avg      Stdev     Max   +/- Stdev
    Latency    21.98ms    3.88ms  95.89ms   95.92%
    Req/Sec    91.47     10.84   181.00     72.01%
  Latency Distribution
     50%   21.24ms
     75%   23.74ms
     90%   24.46ms
     99%   33.73ms
  14682 requests in 10.10s, 15.40MB read
Requests/sec:   1453.69
Transfer/sec:      1.53MB
## server-stat
cpu  3741673 1638 1686250 49372544 388662 0 810196 0 0 0
cpu0 142125 29 48699 1543236 4808 0 26674 0 0 0
cpu1 143674 34 49636 1546327 5837 0 26025 0 0 0
cpu2 147813 34 49952 1542726 5944 0 26140 0 0 0
cpu3 223571 34 70731 1430676 4246 0 42114 0 0 0
cpu4 225054 38 69387 1431768 4874 0 42171 0 0 0
cpu5 153635 37 51603 1534312 6573 0 27064 0 0 0
cpu6 154766 34 52099 1532196 6830 0 28181 0 0 0
cpu7 161263 31 55372 1520289 6600 0 30856 0 0 0
cpu8 41502 60 44377 1616888 14793 0 13627 0 0 0
cpu9 47656 66 47581 1592129 18314 0 14856 0 0 0
cpu10 45183 67 45938 1600436 16475 0 14655 0 0 0
cpu11 41243 61 41770 1621284 14971 0 13030 0 0 0
cpu12 84021 141 51663 1547524 20503 0 16102 0 0 0
cpu13 80314 74 52661 1546906 21368 0 16460 0 0 0
cpu14 41119 61 41245 1624733 14108 0 12773 0 0 0
cpu15 38159 63 37841 1638463 14414 0 11596 0 0 0
cpu16 190297 27 60336 1482729 6436 0 34460 0 0 0
cpu17 179936 28 58576 1493912 8429 0 33032 0 0 0
cpu18 168858 28 56963 1508060 8154 0 32197 0 0 0
cpu19 296731 26 85076 1335315 3893 0 52129 0 0 0
cpu20 264392 25 79581 1374428 5874 0 49587 0 0 0
cpu21 164307 30 56114 1512297 9597 0 31443 0 0 0
cpu22 152446 34 53563 1528198 9566 0 29297 0 0 0
cpu23 132312 33 47940 1560223 9168 0 24711 0 0 0
cpu24 44461 64 42698 1618835 17027 0 13726 0 0 0
cpu25 49760 64 47656 1593953 19270 0 16235 0 0 0
cpu26 47562 59 46486 1600557 18404 0 15783 0 0 0
cpu27 40181 49 41428 1611268 17128 0 21600 0 0 0
cpu28 76558 83 55493 1534391 21680 0 28885 0 0 0
cpu29 80430 119 57498 1522752 22555 0 29427 0 0 0
cpu30 39571 45 43025 1605016 15557 0 21606 0 0 0
cpu31 42758 45 43247 1620702 15250 0 13740 0 0 0
intr 3337511317 126 0 0 0 0 0 0 0 0 1 0 0 0 0 0 0 0 0 0 0 0 0 0 0 0 0 0 1 1 1 0 0 0 0 1 0 1 0 0 75045 0 0 0 0 0 0 0 0 411 0 0 0 0 0 0 0 0 87 0 0 0 0 0 0 0 0 0 0 0 0 0 0 0 502600 2 35058970 34997964 34913351 35055931 0 14653 11198 12967 12376 8545 10481 13429 14463 11300 39987 54773 43239 36887 55047 52651 33158 29525 13530 15203 18472 7752 11720 16863 16968 14908 38061 47975 44220 35476 54041 58331 32551 33898 0 0 0 0 617205 4516 1036 0 264 0 0 0 0 0 0 0 0 0 0 0 0 0 0 0 0 0 0 0 0 0 0 0 0 0 0 0 0 0 0 0 0 0 0 0 0 0 0 0 0 0 0 0 0 0 0 0 0 0 0 0 0 0 0 0 0 0 0 0 0 0 0 0 0 0 0 0 0 0 0 0 0 0 0 0 0 0 0 0 0 0 0 0 0 0 0 0 0 0 0 0 0 0 0 0 0 0 0 0 0 0 0 0 0 0 0 0 0 0 0 0 0 0 0 0 0 0 0 0 0 0 0 0 0 0 0 0 0 0 0 0 0 0 0 0 0 0 0 0 0 0 0 0 0 0 0 0 0 0 0 0 0 0 0 0 0 0 0 0 0 0 0 0 0 0 0 0 0 0 0 0 0 0 0 0 0 0 0 0 0 0 0 0 0 0 0 0 0 0 0 0 0 0 0 0 0 0 0 0 0 0 0 0 0 0 0 0 0 0 0 0 0 0 0 0 0 0 0 0 0 0 0 0 0 0 0 0 0 0 0 0 0 0 0 0 0 0 0 0 0 0 0 0 0 0 0 0 0 0 0 0 0 0 0 0 0 0 0 0 0 0 0 0 0 0 0 0 0 0 0 0 0 0 0 0 0 0 0 0 0 0 0 0 0 0 0 0 0 0 0 0 0 0 0 0 0 0 0 0 0 0 0 0 0 0 0 0 0 0 0 0 0 0 0 0 0 0 0 0 0 0 0 0 0 0 0 0 0 0 0 0 0 0 0 0 0 0 0 0 0 0 0 0 0 0 0 0 0 0 0 0 0 0 0 0 0 0 0 0 0 0 0 0 0 0 0 0 0 0 0 0 0 0 0 0 0 0 0 0 0 0 0 0 0 0 0 0 0 0 0 0 0 0 0 0 0 0 0 0 0 0 0 0 0 0 0 0 0 0 0 0 0 0 0 0 0 0 0 0 0 0 0 0 0 0 0 0 0 0 0 0 0 0 0 0 0 0 0 0 0 0 0 0 0 0 0 0 0 0 0 0 0 0 0 0 0 0 0 0 0 0 0 0 0 0 0 0 0 0 0 0 0 0 0 0 0 0 0 0 0 0 0 0 0 0 0 0 0 0 0 0 0 0 0 0 0 0 0 0 0 0 0 0 0 0 0 0 0 0 0 0 0 0 0 0 0 0 0 0 0 0 0 0 0 0 0 0 0 0 0 0 0 0 0 0 0 0 0 0 0 0 0 0 0 0 0 0 0 0 0 0 0 0 0 0 0 0 0 0 0 0 0 0 0 0 0 0 0 0 0 0 0 0 0 0 0 0 0 0 0 0 0 0 0 0 0 0 0 0 0 0 0 0 0 0 0 0 0 0 0 0 0 0 0 0 0 0 0 0 0 0 0 0 0 0 0 0 0 0 0 0 0 0 0 0 0 0 0 0 0 0 0 0 0 0 0 0 0 0 0 0 0 0 0 0 0 0 0 0 0 0 0 0 0 0 0 0 0 0 0 0 0 0 0 0 0 0 0 0 0 0 0 0 0 0 0 0 0 0 0 0 0 0 0 0 0 0 0 0 0 0 0 0 0 0 0 0 0 0 0 0 0 0 0 0 0 0 0 0 0 0 0 0 0 0 0 0 0 0 0 0 0 0 0 0 0 0 0 0 0 0 0 0 0 0 0 0 0 0 0 0 0 0 0 0 0 0 0 0 0 0 0 0 0 0 0 0 0 0 0 0 0 0 0 0 0 0 0 0 0 0 0 0 0 0 0 0 0 0 0 0 0 0 0 0 0 0 0 0 0 0 0 0 0 0 0 0 0 0 0 0 0 0 0 0 0 0 0 0 0 0 0 0 0 0 0 0 0 0 0 0 0 0 0 0 0 0 0 0 0 0 0 0 0 0 0 0 0 0 0 0 0 0 0 0 0 0 0 0 0 0 0 0 0 0 0 0 0 0 0 0 0 0 0 0 0 0 0 0 0 0 0 0 0 0 0 0 0 0 0 0 0 0 0 0 0 0 0 0 0 0 0 0 0 0 0 0 0 0 0 0 0 0 0 0 0 0 0 0 0 0 0 0 0 0 0 0 0 0 0 0 0 0 0 0 0 0 0 0 0 0 0 0 0 0 0 0 0 0 0 0 0 0 0 0 0 0 0 0 0 0 0 0 0 0 0 0 0 0 0 0 0 0 0 0 0 0 0 0 0 0 0 0 0 0 0 0 0 0 0 0 0 0 0 0 0 0 0 0 0 0 0 0 0 0 0 0 0 0 0 0 0 0 0 0 0 0 0 0 0 0 0 0 0 0 0 0 0 0 0 0 0 0 0 0 0 0 0 0 0 0 0 0 0 0 0 0 0 0 0 0 0 0 0 0 0 0 0 0 0 0 0 0 0 0 0 0 0 0 0 0 0 0 0 0 0 0 0 0 0 0 0 0 0 0 0 0 0 0 0 0 0 0 0 0 0 0 0 0 0 0 0 0 0 0 0 0 0 0 0 0 0
ctxt 5294017972
btime 1790630938
processes 925989
procs_running 2
procs_blocked 2
softirq 4771606578 73526 13090396 2753168 343318950 524774 0 13560230 53871457 421 49446360
--
cpu  3742640 1639 1686401 49394753 390806 0 810214 0 0 0
cpu0 142155 29 48704 1543972 4823 0 26683 0 0 0
cpu1 143691 34 49639 1547080 5857 0 26026 0 0 0
cpu2 147822 34 49954 1543493 5960 0 26140 0 0 0
cpu3 223810 34 70752 1431206 4249 0 42114 0 0 0
cpu4 225293 38 69412 1432303 4876 0 42171 0 0 0
cpu5 153641 37 51605 1535072 6601 0 27065 0 0 0
cpu6 154770 34 52101 1532981 6837 0 28181 0 0 0
cpu7 161266 31 55373 1521075 6607 0 30856 0 0 0
cpu8 41503 60 44379 1617582 14894 0 13627 0 0 0
cpu9 47657 66 47583 1592810 18426 0 14856 0 0 0
cpu10 45183 67 45940 1601125 16579 0 14655 0 0 0
cpu11 41244 61 41771 1621994 15055 0 13030 0 0 0
cpu12 84031 141 51666 1548186 20624 0 16103 0 0 0
cpu13 80321 74 52665 1547575 21485 0 16461 0 0 0
cpu14 41119 61 41247 1625427 14209 0 12773 0 0 0
cpu15 38159 64 37843 1639180 14491 0 11596 0 0 0
cpu16 190318 27 60342 1483465 6470 0 34461 0 0 0
cpu17 179943 28 58579 1494661 8467 0 33033 0 0 0
cpu18 168864 28 56966 1508833 8169 0 32197 0 0 0
cpu19 297028 26 85109 1335776 3900 0 52129 0 0 0
cpu20 264419 25 79586 1375184 5882 0 49587 0 0 0
cpu21 164310 30 56116 1513039 9645 0 31443 0 0 0
cpu22 152449 34 53565 1528946 9609 0 29297 0 0 0
cpu23 132314 33 47943 1560982 9201 0 24712 0 0 0
cpu24 44461 64 42699 1619516 17140 0 13726 0 0 0
cpu25 49761 64 47658 1594600 19415 0 16235 0 0 0
cpu26 47562 59 46488 1601201 18554 0 15783 0 0 0
cpu27 40182 49 41429 1611912 17279 0 21600 0 0 0
cpu28 76576 83 55497 1535034 21811 0 28885 0 0 0
cpu29 80443 119 57501 1523409 22678 0 29427 0 0 0
cpu30 39572 45 43027 1605709 15660 0 21606 0 0 0
cpu31 42758 45 43249 1621410 15336 0 13740 0 0 0
intr 3337818553 126 0 0 0 0 0 0 0 0 1 0 0 0 0 0 0 0 0 0 0 0 0 0 0 0 0 0 1 1 1 0 0 0 0 1 0 1 0 0 75045 0 0 0 0 0 0 0 0 411 0 0 0 0 0 0 0 0 87 0 0 0 0 0 0 0 0 0 0 0 0 0 0 0 503169 2 35058981 34997970 34913358 35055938 0 14661 11284 13036 12433 8584 10494 13499 14518 11312 40587 55392 43847 37360 55638 53342 33588 29993 13658 15325 18524 7766 11766 17092 17222 15055 38739 48674 45031 36214 54721 59019 33181 34312 0 0 0 0 617205 4516 1036 0 264 0 0 0 0 0 0 0 0 0 0 0 0 0 0 0 0 0 0 0 0 0 0 0 0 0 0 0 0 0 0 0 0 0 0 0 0 0 0 0 0 0 0 0 0 0 0 0 0 0 0 0 0 0 0 0 0 0 0 0 0 0 0 0 0 0 0 0 0 0 0 0 0 0 0 0 0 0 0 0 0 0 0 0 0 0 0 0 0 0 0 0 0 0 0 0 0 0 0 0 0 0 0 0 0 0 0 0 0 0 0 0 0 0 0 0 0 0 0 0 0 0 0 0 0 0 0 0 0 0 0 0 0 0 0 0 0 0 0 0 0 0 0 0 0 0 0 0 0 0 0 0 0 0 0 0 0 0 0 0 0 0 0 0 0 0 0 0 0 0 0 0 0 0 0 0 0 0 0 0 0 0 0 0 0 0 0 0 0 0 0 0 0 0 0 0 0 0 0 0 0 0 0 0 0 0 0 0 0 0 0 0 0 0 0 0 0 0 0 0 0 0 0 0 0 0 0 0 0 0 0 0 0 0 0 0 0 0 0 0 0 0 0 0 0 0 0 0 0 0 0 0 0 0 0 0 0 0 0 0 0 0 0 0 0 0 0 0 0 0 0 0 0 0 0 0 0 0 0 0 0 0 0 0 0 0 0 0 0 0 0 0 0 0 0 0 0 0 0 0 0 0 0 0 0 0 0 0 0 0 0 0 0 0 0 0 0 0 0 0 0 0 0 0 0 0 0 0 0 0 0 0 0 0 0 0 0 0 0 0 0 0 0 0 0 0 0 0 0 0 0 0 0 0 0 0 0 0 0 0 0 0 0 0 0 0 0 0 0 0 0 0 0 0 0 0 0 0 0 0 0 0 0 0 0 0 0 0 0 0 0 0 0 0 0 0 0 0 0 0 0 0 0 0 0 0 0 0 0 0 0 0 0 0 0 0 0 0 0 0 0 0 0 0 0 0 0 0 0 0 0 0 0 0 0 0 0 0 0 0 0 0 0 0 0 0 0 0 0 0 0 0 0 0 0 0 0 0 0 0 0 0 0 0 0 0 0 0 0 0 0 0 0 0 0 0 0 0 0 0 0 0 0 0 0 0 0 0 0 0 0 0 0 0 0 0 0 0 0 0 0 0 0 0 0 0 0 0 0 0 0 0 0 0 0 0 0 0 0 0 0 0 0 0 0 0 0 0 0 0 0 0 0 0 0 0 0 0 0 0 0 0 0 0 0 0 0 0 0 0 0 0 0 0 0 0 0 0 0 0 0 0 0 0 0 0 0 0 0 0 0 0 0 0 0 0 0 0 0 0 0 0 0 0 0 0 0 0 0 0 0 0 0 0 0 0 0 0 0 0 0 0 0 0 0 0 0 0 0 0 0 0 0 0 0 0 0 0 0 0 0 0 0 0 0 0 0 0 0 0 0 0 0 0 0 0 0 0 0 0 0 0 0 0 0 0 0 0 0 0 0 0 0 0 0 0 0 0 0 0 0 0 0 0 0 0 0 0 0 0 0 0 0 0 0 0 0 0 0 0 0 0 0 0 0 0 0 0 0 0 0 0 0 0 0 0 0 0 0 0 0 0 0 0 0 0 0 0 0 0 0 0 0 0 0 0 0 0 0 0 0 0 0 0 0 0 0 0 0 0 0 0 0 0 0 0 0 0 0 0 0 0 0 0 0 0 0 0 0 0 0 0 0 0 0 0 0 0 0 0 0 0 0 0 0 0 0 0 0 0 0 0 0 0 0 0 0 0 0 0 0 0 0 0 0 0 0 0 0 0 0 0 0 0 0 0 0 0 0 0 0 0 0 0 0 0 0 0 0 0 0 0 0 0 0 0 0 0 0 0 0 0 0 0 0 0 0 0 0 0 0 0 0 0 0 0 0 0 0 0 0 0 0 0 0 0 0 0 0 0 0 0 0 0 0 0 0 0 0 0 0 0 0 0 0 0 0 0 0 0 0 0 0 0 0 0 0 0 0 0 0 0 0 0 0 0 0 0 0 0 0 0 0 0 0 0 0 0 0 0 0 0 0 0 0 0 0 0 0 0 0 0 0 0 0 0 0 0 0 0 0 0 0 0 0 0 0 0 0 0 0 0 0 0 0 0 0 0 0 0 0 0 0 0 0 0 0 0 0 0 0 0 0 0 0 0 0 0 0 0 0 0 0 0 0 0 0 0 0 0 0 0 0 0 0 0 0 0 0 0 0 0 0 0 0 0 0 0 0 0 0 0 0 0 0 0 0 0 0 0 0 0 0 0 0 0 0 0 0 0 0 0 0 0 0 0 0 0 0 0 0 0 0 0 0 0 0 0 0 0 0 0 0 0 0 0 0 0 0 0 0 0 0 0 0 0 0 0 0 0 0 0 0 0 0 0 0 0 0 0 0 0 0 0 0 0 0 0 0 0 0 0 0 0 0 0 0 0 0 0 0 0 0 0 0 0 0 0 0 0 0 0 0 0 0 0 0 0 0 0 0 0 0
ctxt 5294527162
btime 1790630938
processes 926073
procs_running 2
procs_blocked 2
softirq 4771679505 73526 13100558 2753168 343354193 525355 0 13560230 53886737 421 49458021
