Running 10s test @ http://127.0.0.1:18500/swerve/counter
  16 threads and 128 connections
  Thread Stats   Avg      Stdev     Max   +/- Stdev
    Latency     8.63ms    2.59ms  23.39ms   70.10%
    Req/Sec     0.93k   117.43     2.91k    93.58%
  Latency Distribution
     50%    7.70ms
     75%    9.94ms
     90%   13.37ms
     99%   13.58ms
  148716 requests in 10.10s, 18.44MB read
Requests/sec:  14724.82
Transfer/sec:      1.83MB
## server-stat
cpu  4070733 1813 1767357 55377837 643816 0 839851 0 0 0
cpu0 155189 32 51451 1732721 7654 0 27944 0 0 0
cpu1 155641 37 52345 1737169 9463 0 27175 0 0 0
cpu2 161037 37 52651 1732026 9984 0 27293 0 0 0
cpu3 254590 38 76441 1599380 6567 0 44483 0 0 0
cpu4 253774 43 74421 1603032 8026 0 44468 0 0 0
cpu5 165347 43 54275 1724724 11265 0 28207 0 0 0
cpu6 165366 38 54228 1724121 11969 0 29021 0 0 0
cpu7 171440 36 57806 1711880 11783 0 32151 0 0 0
cpu8 42118 68 45580 1813213 24965 0 13931 0 0 0
cpu9 48576 76 48915 1786226 29267 0 15203 0 0 0
cpu10 45883 74 47217 1795406 27142 0 14972 0 0 0
cpu11 41782 71 42900 1817642 25317 0 13288 0 0 0
cpu12 88274 150 53415 1737406 31395 0 16534 0 0 0
cpu13 84361 81 54461 1735786 33173 0 16914 0 0 0
cpu14 41713 68 42434 1821411 23722 0 13047 0 0 0
cpu15 38597 73 38920 1835735 24315 0 11837 0 0 0
cpu16 210304 32 63901 1664154 10616 0 35990 0 0 0
cpu17 198101 30 61791 1676581 13663 0 34348 0 0 0
cpu18 183415 31 59764 1694151 14181 0 33345 0 0 0
cpu19 342264 28 93013 1487241 6205 0 54996 0 0 0
cpu20 303946 27 86434 1532518 9484 0 52168 0 0 0
cpu21 179590 34 59018 1697002 16240 0 32556 0 0 0
cpu22 165461 37 56469 1714766 16410 0 30610 0 0 0
cpu23 142403 36 50223 1750875 16039 0 25492 0 0 0
cpu24 45179 73 43988 1813491 29045 0 14013 0 0 0
cpu25 50640 70 49083 1787063 31964 0 16596 0 0 0
cpu26 48330 65 47862 1794233 30975 0 16118 0 0 0
cpu27 40825 56 42693 1806077 29303 0 21879 0 0 0
cpu28 79570 90 57317 1723604 34904 0 29360 0 0 0
cpu29 83479 127 59445 1711511 35744 0 29940 0 0 0
cpu30 40172 50 44369 1800516 26321 0 21916 0 0 0
cpu31 43351 52 44516 1816160 26700 0 14040 0 0 0
intr 3490611836 126 0 0 0 0 0 0 0 0 1 0 0 0 0 0 0 0 0 0 0 0 0 0 0 0 0 0 1 1 1 0 0 0 0 1 0 1 0 0 75045 0 0 0 0 0 0 0 0 411 0 0 0 0 0 0 0 0 87 0 0 0 0 0 0 0 0 0 0 0 0 0 0 0 588036 2 35067365 35003962 34919060 35065011 0 16355 15660 19365 19528 12050 15299 19973 20966 17604 55664 75680 61717 51467 83243 79054 45403 42476 19855 23050 27476 11372 17623 25890 26114 22437 57704 71361 64712 52226 83054 90286 47113 48096 0 0 0 0 617345 4685 1036 0 264 0 0 0 0 0 0 0 0 0 0 0 0 0 0 0 0 0 0 0 0 0 0 0 0 0 0 0 0 0 0 0 0 0 0 0 0 0 0 0 0 0 0 0 0 0 0 0 0 0 0 0 0 0 0 0 0 0 0 0 0 0 0 0 0 0 0 0 0 0 0 0 0 0 0 0 0 0 0 0 0 0 0 0 0 0 0 0 0 0 0 0 0 0 0 0 0 0 0 0 0 0 0 0 0 0 0 0 0 0 0 0 0 0 0 0 0 0 0 0 0 0 0 0 0 0 0 0 0 0 0 0 0 0 0 0 0 0 0 0 0 0 0 0 0 0 0 0 0 0 0 0 0 0 0 0 0 0 0 0 0 0 0 0 0 0 0 0 0 0 0 0 0 0 0 0 0 0 0 0 0 0 0 0 0 0 0 0 0 0 0 0 0 0 0 0 0 0 0 0 0 0 0 0 0 0 0 0 0 0 0 0 0 0 0 0 0 0 0 0 0 0 0 0 0 0 0 0 0 0 0 0 0 0 0 0 0 0 0 0 0 0 0 0 0 0 0 0 0 0 0 0 0 0 0 0 0 0 0 0 0 0 0 0 0 0 0 0 0 0 0 0 0 0 0 0 0 0 0 0 0 0 0 0 0 0 0 0 0 0 0 0 0 0 0 0 0 0 0 0 0 0 0 0 0 0 0 0 0 0 0 0 0 0 0 0 0 0 0 0 0 0 0 0 0 0 0 0 0 0 0 0 0 0 0 0 0 0 0 0 0 0 0 0 0 0 0 0 0 0 0 0 0 0 0 0 0 0 0 0 0 0 0 0 0 0 0 0 0 0 0 0 0 0 0 0 0 0 0 0 0 0 0 0 0 0 0 0 0 0 0 0 0 0 0 0 0 0 0 0 0 0 0 0 0 0 0 0 0 0 0 0 0 0 0 0 0 0 0 0 0 0 0 0 0 0 0 0 0 0 0 0 0 0 0 0 0 0 0 0 0 0 0 0 0 0 0 0 0 0 0 0 0 0 0 0 0 0 0 0 0 0 0 0 0 0 0 0 0 0 0 0 0 0 0 0 0 0 0 0 0 0 0 0 0 0 0 0 0 0 0 0 0 0 0 0 0 0 0 0 0 0 0 0 0 0 0 0 0 0 0 0 0 0 0 0 0 0 0 0 0 0 0 0 0 0 0 0 0 0 0 0 0 0 0 0 0 0 0 0 0 0 0 0 0 0 0 0 0 0 0 0 0 0 0 0 0 0 0 0 0 0 0 0 0 0 0 0 0 0 0 0 0 0 0 0 0 0 0 0 0 0 0 0 0 0 0 0 0 0 0 0 0 0 0 0 0 0 0 0 0 0 0 0 0 0 0 0 0 0 0 0 0 0 0 0 0 0 0 0 0 0 0 0 0 0 0 0 0 0 0 0 0 0 0 0 0 0 0 0 0 0 0 0 0 0 0 0 0 0 0 0 0 0 0 0 0 0 0 0 0 0 0 0 0 0 0 0 0 0 0 0 0 0 0 0 0 0 0 0 0 0 0 0 0 0 0 0 0 0 0 0 0 0 0 0 0 0 0 0 0 0 0 0 0 0 0 0 0 0 0 0 0 0 0 0 0 0 0 0 0 0 0 0 0 0 0 0 0 0 0 0 0 0 0 0 0 0 0 0 0 0 0 0 0 0 0 0 0 0 0 0 0 0 0 0 0 0 0 0 0 0 0 0 0 0 0 0 0 0 0 0 0 0 0 0 0 0 0 0 0 0 0 0 0 0 0 0 0 0 0 0 0 0 0 0 0 0 0 0 0 0 0 0 0 0 0 0 0 0 0 0 0 0 0 0 0 0 0 0 0 0 0 0 0 0 0 0 0 0 0 0 0 0 0 0 0 0 0 0 0 0 0 0 0 0 0 0 0 0 0 0 0 0 0 0 0 0 0 0 0 0 0 0 0 0 0 0 0 0 0 0 0 0 0 0 0 0 0 0 0 0 0 0 0 0 0 0 0 0 0 0 0 0 0 0 0 0 0 0 0 0 0 0 0 0 0 0 0 0 0 0 0 0 0 0 0 0 0 0 0 0 0 0 0 0 0 0 0 0 0 0 0 0 0 0 0 0 0 0 0 0 0 0 0 0 0 0 0 0 0 0 0 0 0 0 0 0 0 0 0 0 0 0 0 0 0 0 0 0 0 0 0 0 0 0 0 0 0 0 0 0 0 0 0 0 0 0 0 0 0 0 0 0 0 0 0 0 0 0 0 0 0 0 0 0 0 0 0 0 0 0 0 0 0 0 0 0 0 0 0 0 0 0 0 0 0 0 0 0 0 0 0 0 0 0 0 0 0 0 0 0 0 0 0 0 0 0 0 0 0 0 0 0 0 0 0 0 0 0 0 0 0 0 0 0 0 0 0 0 0 0 0 0 0 0 0 0 0 0 0 0 0 0 0 0 0 0 0 0 0 0 0 0 0 0 0 0 0 0 0 0 0
ctxt 5562515274
btime 1790630938
processes 1234867
procs_running 10
procs_blocked 0
softirq 4963803093 73526 14531472 2753186 521519991 612909 0 13560641 57796423 421 57987228
--
cpu  4075956 1814 1768578 55396740 643834 0 839933 0 0 0
cpu0 155541 32 51532 1733077 7654 0 27949 0 0 0
cpu1 155974 37 52427 1737545 9463 0 27179 0 0 0
cpu2 161342 37 52717 1732447 9984 0 27297 0 0 0
cpu3 254849 38 76501 1599854 6567 0 44487 0 0 0
cpu4 254045 43 74485 1603492 8026 0 44470 0 0 0
cpu5 165506 43 54312 1725324 11265 0 28211 0 0 0
cpu6 165445 38 54247 1724820 11969 0 29023 0 0 0
cpu7 171575 36 57838 1712511 11783 0 32153 0 0 0
cpu8 42118 68 45580 1814008 24965 0 13931 0 0 0
cpu9 48577 76 48916 1787021 29267 0 15203 0 0 0
cpu10 45884 74 47218 1796202 27142 0 14972 0 0 0
cpu11 41783 71 42900 1818437 25317 0 13288 0 0 0
cpu12 88279 150 53417 1738181 31395 0 16534 0 0 0
cpu13 84367 81 54464 1736557 33173 0 16915 0 0 0
cpu14 41713 68 42434 1822206 23722 0 13047 0 0 0
cpu15 38598 73 38920 1836532 24315 0 11837 0 0 0
cpu16 210600 32 63964 1664591 10616 0 35994 0 0 0
cpu17 198402 30 61866 1676999 13663 0 34353 0 0 0
cpu18 183755 31 59842 1694526 14181 0 33351 0 0 0
cpu19 342641 28 93105 1487564 6205 0 55004 0 0 0
cpu20 304316 27 86521 1532855 9484 0 52174 0 0 0
cpu21 180073 34 59132 1697198 16240 0 32564 0 0 0
cpu22 166029 37 56593 1714866 16410 0 30618 0 0 0
cpu23 142911 36 50338 1751044 16039 0 25499 0 0 0
cpu24 45181 73 43989 1814286 29045 0 14013 0 0 0
cpu25 50641 70 49083 1787857 31964 0 16596 0 0 0
cpu26 48332 65 47865 1795026 30975 0 16119 0 0 0
cpu27 40826 56 42694 1806872 29303 0 21879 0 0 0
cpu28 79596 91 57324 1724330 34919 0 29361 0 0 0
cpu29 83511 127 59452 1712247 35746 0 29940 0 0 0
cpu30 40176 50 44370 1801299 26321 0 21916 0 0 0
cpu31 43354 52 44517 1816951 26700 0 14041 0 0 0
intr 3490935863 126 0 0 0 0 0 0 0 0 1 0 0 0 0 0 0 0 0 0 0 0 0 0 0 0 0 0 1 1 1 0 0 0 0 1 0 1 0 0 75045 0 0 0 0 0 0 0 0 411 0 0 0 0 0 0 0 0 87 0 0 0 0 0 0 0 0 0 0 0 0 0 0 0 588267 2 35067396 35003971 34919089 35065057 0 16359 15660 19365 19528 12050 15299 19973 20966 17604 55664 75680 61717 51468 83243 79055 45403 42476 19855 23050 27476 11372 17623 25890 26114 22437 57704 71361 64712 52226 83057 90286 47113 48096 0 0 0 0 617345 4685 1036 0 264 0 0 0 0 0 0 0 0 0 0 0 0 0 0 0 0 0 0 0 0 0 0 0 0 0 0 0 0 0 0 0 0 0 0 0 0 0 0 0 0 0 0 0 0 0 0 0 0 0 0 0 0 0 0 0 0 0 0 0 0 0 0 0 0 0 0 0 0 0 0 0 0 0 0 0 0 0 0 0 0 0 0 0 0 0 0 0 0 0 0 0 0 0 0 0 0 0 0 0 0 0 0 0 0 0 0 0 0 0 0 0 0 0 0 0 0 0 0 0 0 0 0 0 0 0 0 0 0 0 0 0 0 0 0 0 0 0 0 0 0 0 0 0 0 0 0 0 0 0 0 0 0 0 0 0 0 0 0 0 0 0 0 0 0 0 0 0 0 0 0 0 0 0 0 0 0 0 0 0 0 0 0 0 0 0 0 0 0 0 0 0 0 0 0 0 0 0 0 0 0 0 0 0 0 0 0 0 0 0 0 0 0 0 0 0 0 0 0 0 0 0 0 0 0 0 0 0 0 0 0 0 0 0 0 0 0 0 0 0 0 0 0 0 0 0 0 0 0 0 0 0 0 0 0 0 0 0 0 0 0 0 0 0 0 0 0 0 0 0 0 0 0 0 0 0 0 0 0 0 0 0 0 0 0 0 0 0 0 0 0 0 0 0 0 0 0 0 0 0 0 0 0 0 0 0 0 0 0 0 0 0 0 0 0 0 0 0 0 0 0 0 0 0 0 0 0 0 0 0 0 0 0 0 0 0 0 0 0 0 0 0 0 0 0 0 0 0 0 0 0 0 0 0 0 0 0 0 0 0 0 0 0 0 0 0 0 0 0 0 0 0 0 0 0 0 0 0 0 0 0 0 0 0 0 0 0 0 0 0 0 0 0 0 0 0 0 0 0 0 0 0 0 0 0 0 0 0 0 0 0 0 0 0 0 0 0 0 0 0 0 0 0 0 0 0 0 0 0 0 0 0 0 0 0 0 0 0 0 0 0 0 0 0 0 0 0 0 0 0 0 0 0 0 0 0 0 0 0 0 0 0 0 0 0 0 0 0 0 0 0 0 0 0 0 0 0 0 0 0 0 0 0 0 0 0 0 0 0 0 0 0 0 0 0 0 0 0 0 0 0 0 0 0 0 0 0 0 0 0 0 0 0 0 0 0 0 0 0 0 0 0 0 0 0 0 0 0 0 0 0 0 0 0 0 0 0 0 0 0 0 0 0 0 0 0 0 0 0 0 0 0 0 0 0 0 0 0 0 0 0 0 0 0 0 0 0 0 0 0 0 0 0 0 0 0 0 0 0 0 0 0 0 0 0 0 0 0 0 0 0 0 0 0 0 0 0 0 0 0 0 0 0 0 0 0 0 0 0 0 0 0 0 0 0 0 0 0 0 0 0 0 0 0 0 0 0 0 0 0 0 0 0 0 0 0 0 0 0 0 0 0 0 0 0 0 0 0 0 0 0 0 0 0 0 0 0 0 0 0 0 0 0 0 0 0 0 0 0 0 0 0 0 0 0 0 0 0 0 0 0 0 0 0 0 0 0 0 0 0 0 0 0 0 0 0 0 0 0 0 0 0 0 0 0 0 0 0 0 0 0 0 0 0 0 0 0 0 0 0 0 0 0 0 0 0 0 0 0 0 0 0 0 0 0 0 0 0 0 0 0 0 0 0 0 0 0 0 0 0 0 0 0 0 0 0 0 0 0 0 0 0 0 0 0 0 0 0 0 0 0 0 0 0 0 0 0 0 0 0 0 0 0 0 0 0 0 0 0 0 0 0 0 0 0 0 0 0 0 0 0 0 0 0 0 0 0 0 0 0 0 0 0 0 0 0 0 0 0 0 0 0 0 0 0 0 0 0 0 0 0 0 0 0 0 0 0 0 0 0 0 0 0 0 0 0 0 0 0 0 0 0 0 0 0 0 0 0 0 0 0 0 0 0 0 0 0 0 0 0 0 0 0 0 0 0 0 0 0 0 0 0 0 0 0 0 0 0 0 0 0 0 0 0 0 0 0 0 0 0 0 0 0 0 0 0 0 0 0 0 0 0 0 0 0 0 0 0 0 0 0 0 0 0 0 0 0 0 0 0 0 0 0 0 0 0 0 0 0 0 0 0 0 0 0 0 0 0 0 0 0 0 0 0 0 0 0 0 0 0 0 0 0 0 0 0 0 0 0 0 0 0 0 0 0 0 0 0 0 0 0 0 0 0 0 0 0 0 0 0 0 0 0 0 0 0 0 0 0 0 0 0 0 0 0 0 0 0 0 0 0 0 0 0 0 0 0 0 0 0 0 0 0 0 0 0 0 0 0 0 0 0 0 0 0 0 0 0 0 0 0 0 0 0 0 0 0 0 0 0 0 0 0 0 0 0 0 0 0 0 0 0 0 0 0 0 0 0 0 0 0 0 0 0 0 0 0 0 0 0 0 0 0 0 0 0 0 0 0 0 0 0 0 0 0 0 0 0 0 0 0 0 0
ctxt 5562919944
btime 1790630938
processes 1234904
procs_running 9
procs_blocked 0
softirq 4964416439 73526 14536762 2753186 521756344 613146 0 13560641 57811344 421 58343773
