Running 10s test @ http://127.0.0.1:18500/counter
  16 threads and 128 connections
  Thread Stats   Avg      Stdev     Max   +/- Stdev
    Latency    23.57ms    5.36ms 127.56ms   96.50%
    Req/Sec   343.54     26.49   550.00     80.50%
  Latency Distribution
     50%   22.91ms
     75%   24.33ms
     90%   25.74ms
     99%   42.81ms
  55094 requests in 10.10s, 57.91MB read
Requests/sec:   5454.71
Transfer/sec:      5.73MB
## server-stat
cpu  3895770 1752 1721703 53505335 517744 0 818703 0 0 0
cpu0 146784 31 49629 1674500 6531 0 27166 0 0 0
cpu1 146714 36 50448 1679696 7949 0 26260 0 0 0
cpu2 151486 36 50818 1675587 8001 0 26328 0 0 0
cpu3 242655 36 73862 1545792 5294 0 43252 0 0 0
cpu4 244045 41 72425 1546187 6689 0 43652 0 0 0
cpu5 156843 41 52450 1667508 8908 0 27213 0 0 0
cpu6 157745 36 52881 1665704 9241 0 28312 0 0 0
cpu7 163194 35 56016 1655064 9013 0 30963 0 0 0
cpu8 41881 65 44865 1750305 19756 0 13666 0 0 0
cpu9 48211 73 48161 1723982 23770 0 14920 0 0 0
cpu10 45622 72 46468 1732923 21650 0 14710 0 0 0
cpu11 41577 68 42247 1754615 19920 0 13067 0 0 0
cpu12 87084 147 52506 1676357 25849 0 16213 0 0 0
cpu13 83174 78 53520 1675147 27384 0 16579 0 0 0
cpu14 41489 66 41783 1757848 18875 0 12820 0 0 0
cpu15 38418 70 38347 1772164 19134 0 11631 0 0 0
cpu16 196107 31 61391 1612856 9076 0 34622 0 0 0
cpu17 185743 29 59670 1623665 11347 0 33193 0 0 0
cpu18 173061 29 57906 1639464 11247 0 32337 0 0 0
cpu19 328365 27 90195 1435320 5183 0 53826 0 0 0
cpu20 288968 27 83458 1482243 8264 0 50724 0 0 0
cpu21 168506 32 57079 1643232 13129 0 31597 0 0 0
cpu22 155552 36 54401 1660455 13072 0 29420 0 0 0
cpu23 135341 34 48734 1692758 12553 0 24833 0 0 0
cpu24 44892 70 43280 1751117 23086 0 13767 0 0 0
cpu25 50289 68 48255 1725483 25792 0 16284 0 0 0
cpu26 47998 62 47060 1732467 24827 0 15824 0 0 0
cpu27 40568 54 41982 1743909 23164 0 21630 0 0 0
cpu28 78233 86 56209 1664226 28414 0 28955 0 0 0
cpu29 82214 123 58242 1652546 28991 0 29509 0 0 0
cpu30 39895 48 43612 1738344 20724 0 21643 0 0 0
cpu31 43100 49 43788 1753858 20893 0 13770 0 0 0
intr 3405599595 126 0 0 0 0 0 0 0 0 1 0 0 0 0 0 0 0 0 0 0 0 0 0 0 0 0 0 1 1 1 0 0 0 0 1 0 1 0 0 75045 0 0 0 0 0 0 0 0 411 0 0 0 0 0 0 0 0 87 0 0 0 0 0 0 0 0 0 0 0 0 0 0 0 551941 2 35065071 35002155 34918105 35062189 0 15781 13779 16865 16573 10197 12669 16575 17591 14183 48459 64965 52370 44453 66574 64625 39391 36189 17253 18998 22733 9194 15230 21390 21753 18798 46573 59343 55294 44152 67977 70946 40636 41176 0 0 0 0 617297 4637 1036 0 264 0 0 0 0 0 0 0 0 0 0 0 0 0 0 0 0 0 0 0 0 0 0 0 0 0 0 0 0 0 0 0 0 0 0 0 0 0 0 0 0 0 0 0 0 0 0 0 0 0 0 0 0 0 0 0 0 0 0 0 0 0 0 0 0 0 0 0 0 0 0 0 0 0 0 0 0 0 0 0 0 0 0 0 0 0 0 0 0 0 0 0 0 0 0 0 0 0 0 0 0 0 0 0 0 0 0 0 0 0 0 0 0 0 0 0 0 0 0 0 0 0 0 0 0 0 0 0 0 0 0 0 0 0 0 0 0 0 0 0 0 0 0 0 0 0 0 0 0 0 0 0 0 0 0 0 0 0 0 0 0 0 0 0 0 0 0 0 0 0 0 0 0 0 0 0 0 0 0 0 0 0 0 0 0 0 0 0 0 0 0 0 0 0 0 0 0 0 0 0 0 0 0 0 0 0 0 0 0 0 0 0 0 0 0 0 0 0 0 0 0 0 0 0 0 0 0 0 0 0 0 0 0 0 0 0 0 0 0 0 0 0 0 0 0 0 0 0 0 0 0 0 0 0 0 0 0 0 0 0 0 0 0 0 0 0 0 0 0 0 0 0 0 0 0 0 0 0 0 0 0 0 0 0 0 0 0 0 0 0 0 0 0 0 0 0 0 0 0 0 0 0 0 0 0 0 0 0 0 0 0 0 0 0 0 0 0 0 0 0 0 0 0 0 0 0 0 0 0 0 0 0 0 0 0 0 0 0 0 0 0 0 0 0 0 0 0 0 0 0 0 0 0 0 0 0 0 0 0 0 0 0 0 0 0 0 0 0 0 0 0 0 0 0 0 0 0 0 0 0 0 0 0 0 0 0 0 0 0 0 0 0 0 0 0 0 0 0 0 0 0 0 0 0 0 0 0 0 0 0 0 0 0 0 0 0 0 0 0 0 0 0 0 0 0 0 0 0 0 0 0 0 0 0 0 0 0 0 0 0 0 0 0 0 0 0 0 0 0 0 0 0 0 0 0 0 0 0 0 0 0 0 0 0 0 0 0 0 0 0 0 0 0 0 0 0 0 0 0 0 0 0 0 0 0 0 0 0 0 0 0 0 0 0 0 0 0 0 0 0 0 0 0 0 0 0 0 0 0 0 0 0 0 0 0 0 0 0 0 0 0 0 0 0 0 0 0 0 0 0 0 0 0 0 0 0 0 0 0 0 0 0 0 0 0 0 0 0 0 0 0 0 0 0 0 0 0 0 0 0 0 0 0 0 0 0 0 0 0 0 0 0 0 0 0 0 0 0 0 0 0 0 0 0 0 0 0 0 0 0 0 0 0 0 0 0 0 0 0 0 0 0 0 0 0 0 0 0 0 0 0 0 0 0 0 0 0 0 0 0 0 0 0 0 0 0 0 0 0 0 0 0 0 0 0 0 0 0 0 0 0 0 0 0 0 0 0 0 0 0 0 0 0 0 0 0 0 0 0 0 0 0 0 0 0 0 0 0 0 0 0 0 0 0 0 0 0 0 0 0 0 0 0 0 0 0 0 0 0 0 0 0 0 0 0 0 0 0 0 0 0 0 0 0 0 0 0 0 0 0 0 0 0 0 0 0 0 0 0 0 0 0 0 0 0 0 0 0 0 0 0 0 0 0 0 0 0 0 0 0 0 0 0 0 0 0 0 0 0 0 0 0 0 0 0 0 0 0 0 0 0 0 0 0 0 0 0 0 0 0 0 0 0 0 0 0 0 0 0 0 0 0 0 0 0 0 0 0 0 0 0 0 0 0 0 0 0 0 0 0 0 0 0 0 0 0 0 0 0 0 0 0 0 0 0 0 0 0 0 0 0 0 0 0 0 0 0 0 0 0 0 0 0 0 0 0 0 0 0 0 0 0 0 0 0 0 0 0 0 0 0 0 0 0 0 0 0 0 0 0 0 0 0 0 0 0 0 0 0 0 0 0 0 0 0 0 0 0 0 0 0 0 0 0 0 0 0 0 0 0 0 0 0 0 0 0 0 0 0 0 0 0 0 0 0 0 0 0 0 0 0 0 0 0 0 0 0 0 0 0 0 0 0 0 0 0 0 0 0 0 0 0 0 0 0 0 0 0 0 0 0 0 0 0 0 0 0 0 0 0 0 0 0 0 0 0 0 0 0 0 0 0 0 0 0 0 0 0 0 0 0 0 0 0 0 0 0 0 0 0 0 0 0 0 0 0 0 0 0 0 0 0 0 0 0 0 0 0 0 0 0 0 0 0 0 0 0 0 0 0 0 0 0 0 0 0 0 0 0 0 0 0 0 0 0 0 0 0 0 0 0 0 0 0 0 0 0 0 0 0 0 0 0 0 0 0 0 0 0 0 0 0 0 0 0 0 0 0 0 0 0 0 0 0 0 0 0 0 0 0 0 0 0 0 0 0 0 0 0 0 0 0 0 0 0 0 0 0 0 0 0 0 0 0 0 0 0 0 0 0 0 0 0
ctxt 5411391149
btime 1790630938
processes 1142184
procs_running 7
procs_blocked 25
softirq 4835857521 73526 13938888 2753177 399940088 575886 0 13560510 56016662 421 54031067
--
cpu  3899530 1752 1722218 53517694 526385 0 818749 0 0 0
cpu0 146967 31 49651 1675017 6585 0 27173 0 0 0
cpu1 146871 36 50466 1680252 8001 0 26263 0 0 0
cpu2 151724 36 50844 1676058 8054 0 26329 0 0 0
cpu3 242827 36 73882 1546331 5354 0 43253 0 0 0
cpu4 244182 41 72442 1546733 6775 0 43654 0 0 0
cpu5 157098 41 52482 1667939 8983 0 27214 0 0 0
cpu6 157890 36 52899 1666231 9339 0 28316 0 0 0
cpu7 163277 35 56029 1655659 9106 0 30966 0 0 0
cpu8 41882 65 44871 1750655 20192 0 13667 0 0 0
cpu9 48214 73 48167 1724322 24211 0 14920 0 0 0
cpu10 45624 72 46473 1733237 22119 0 14710 0 0 0
cpu11 41579 68 42253 1754922 20399 0 13067 0 0 0
cpu12 87087 147 52513 1676681 26304 0 16214 0 0 0
cpu13 83182 78 53526 1675477 27830 0 16580 0 0 0
cpu14 41490 66 41787 1758201 19310 0 12821 0 0 0
cpu15 38418 70 38353 1772469 19615 0 11631 0 0 0
cpu16 196502 31 61430 1613179 9110 0 34624 0 0 0
cpu17 186184 29 59715 1623946 11378 0 33194 0 0 0
cpu18 173354 29 57937 1639879 11298 0 32339 0 0 0
cpu19 328788 27 90241 1435627 5203 0 53827 0 0 0
cpu20 289440 27 83501 1482496 8293 0 50725 0 0 0
cpu21 168680 32 57106 1643745 13204 0 31600 0 0 0
cpu22 155643 36 54416 1661004 13202 0 29424 0 0 0
cpu23 135383 34 48744 1693334 12709 0 24837 0 0 0
cpu24 44893 70 43285 1751384 23605 0 13767 0 0 0
cpu25 50290 68 48262 1725756 26302 0 16285 0 0 0
cpu26 47999 62 47066 1732741 25336 0 15824 0 0 0
cpu27 40570 54 41987 1744201 23658 0 21631 0 0 0
cpu28 78248 86 56216 1664511 28896 0 28956 0 0 0
cpu29 82235 123 58249 1652849 29451 0 29510 0 0 0
cpu30 39897 48 43617 1738707 21148 0 21643 0 0 0
cpu31 43101 49 43793 1754136 21402 0 13770 0 0 0
intr 3406390642 126 0 0 0 0 0 0 0 0 1 0 0 0 0 0 0 0 0 0 0 0 0 0 0 0 0 0 1 1 1 0 0 0 0 1 0 1 0 0 75045 0 0 0 0 0 0 0 0 411 0 0 0 0 0 0 0 0 87 0 0 0 0 0 0 0 0 0 0 0 0 0 0 0 553135 2 35065116 35002182 34918125 35062218 0 15789 13835 16936 16624 10284 12777 16656 17741 14315 48942 65702 52901 45046 67091 65235 39846 36648 17287 19067 22796 9226 15271 21488 21891 18974 47200 60037 55988 44780 68704 71619 41094 41620 0 0 0 0 617297 4637 1036 0 264 0 0 0 0 0 0 0 0 0 0 0 0 0 0 0 0 0 0 0 0 0 0 0 0 0 0 0 0 0 0 0 0 0 0 0 0 0 0 0 0 0 0 0 0 0 0 0 0 0 0 0 0 0 0 0 0 0 0 0 0 0 0 0 0 0 0 0 0 0 0 0 0 0 0 0 0 0 0 0 0 0 0 0 0 0 0 0 0 0 0 0 0 0 0 0 0 0 0 0 0 0 0 0 0 0 0 0 0 0 0 0 0 0 0 0 0 0 0 0 0 0 0 0 0 0 0 0 0 0 0 0 0 0 0 0 0 0 0 0 0 0 0 0 0 0 0 0 0 0 0 0 0 0 0 0 0 0 0 0 0 0 0 0 0 0 0 0 0 0 0 0 0 0 0 0 0 0 0 0 0 0 0 0 0 0 0 0 0 0 0 0 0 0 0 0 0 0 0 0 0 0 0 0 0 0 0 0 0 0 0 0 0 0 0 0 0 0 0 0 0 0 0 0 0 0 0 0 0 0 0 0 0 0 0 0 0 0 0 0 0 0 0 0 0 0 0 0 0 0 0 0 0 0 0 0 0 0 0 0 0 0 0 0 0 0 0 0 0 0 0 0 0 0 0 0 0 0 0 0 0 0 0 0 0 0 0 0 0 0 0 0 0 0 0 0 0 0 0 0 0 0 0 0 0 0 0 0 0 0 0 0 0 0 0 0 0 0 0 0 0 0 0 0 0 0 0 0 0 0 0 0 0 0 0 0 0 0 0 0 0 0 0 0 0 0 0 0 0 0 0 0 0 0 0 0 0 0 0 0 0 0 0 0 0 0 0 0 0 0 0 0 0 0 0 0 0 0 0 0 0 0 0 0 0 0 0 0 0 0 0 0 0 0 0 0 0 0 0 0 0 0 0 0 0 0 0 0 0 0 0 0 0 0 0 0 0 0 0 0 0 0 0 0 0 0 0 0 0 0 0 0 0 0 0 0 0 0 0 0 0 0 0 0 0 0 0 0 0 0 0 0 0 0 0 0 0 0 0 0 0 0 0 0 0 0 0 0 0 0 0 0 0 0 0 0 0 0 0 0 0 0 0 0 0 0 0 0 0 0 0 0 0 0 0 0 0 0 0 0 0 0 0 0 0 0 0 0 0 0 0 0 0 0 0 0 0 0 0 0 0 0 0 0 0 0 0 0 0 0 0 0 0 0 0 0 0 0 0 0 0 0 0 0 0 0 0 0 0 0 0 0 0 0 0 0 0 0 0 0 0 0 0 0 0 0 0 0 0 0 0 0 0 0 0 0 0 0 0 0 0 0 0 0 0 0 0 0 0 0 0 0 0 0 0 0 0 0 0 0 0 0 0 0 0 0 0 0 0 0 0 0 0 0 0 0 0 0 0 0 0 0 0 0 0 0 0 0 0 0 0 0 0 0 0 0 0 0 0 0 0 0 0 0 0 0 0 0 0 0 0 0 0 0 0 0 0 0 0 0 0 0 0 0 0 0 0 0 0 0 0 0 0 0 0 0 0 0 0 0 0 0 0 0 0 0 0 0 0 0 0 0 0 0 0 0 0 0 0 0 0 0 0 0 0 0 0 0 0 0 0 0 0 0 0 0 0 0 0 0 0 0 0 0 0 0 0 0 0 0 0 0 0 0 0 0 0 0 0 0 0 0 0 0 0 0 0 0 0 0 0 0 0 0 0 0 0 0 0 0 0 0 0 0 0 0 0 0 0 0 0 0 0 0 0 0 0 0 0 0 0 0 0 0 0 0 0 0 0 0 0 0 0 0 0 0 0 0 0 0 0 0 0 0 0 0 0 0 0 0 0 0 0 0 0 0 0 0 0 0 0 0 0 0 0 0 0 0 0 0 0 0 0 0 0 0 0 0 0 0 0 0 0 0 0 0 0 0 0 0 0 0 0 0 0 0 0 0 0 0 0 0 0 0 0 0 0 0 0 0 0 0 0 0 0 0 0 0 0 0 0 0 0 0 0 0 0 0 0 0 0 0 0 0 0 0 0 0 0 0 0 0 0 0 0 0 0 0 0 0 0 0 0 0 0 0 0 0 0 0 0 0 0 0 0 0 0 0 0 0 0 0 0 0 0 0 0 0 0 0 0 0 0 0 0 0 0 0 0 0 0 0 0 0 0 0 0 0 0 0 0 0 0 0 0 0 0 0 0 0 0 0 0 0 0 0 0 0 0 0 0 0 0 0 0 0 0 0 0 0 0 0 0 0 0 0 0 0 0 0 0 0 0 0 0 0 0 0 0 0 0 0 0 0 0 0 0 0 0 0 0 0 0 0 0 0 0 0 0 0 0 0 0 0 0 0 0 0 0 0 0 0 0 0 0 0 0 0 0 0 0 0 0 0 0 0 0 0 0 0 0 0 0 0 0 0 0 0 0 0 0 0 0 0 0 0 0 0 0 0 0 0 0 0 0 0 0 0 0 0 0 0 0 0 0 0 0 0 0 0 0 0 0
ctxt 5412760838
btime 1790630938
processes 1142267
procs_running 6
procs_blocked 10
softirq 4836063750 73526 13956727 2753177 400074186 577101 0 13560510 56042706 421 54058100
