Running 10s test @ http://127.0.0.1:18500/counter
  16 threads and 128 connections
  Thread Stats   Avg      Stdev     Max   +/- Stdev
    Latency    25.12ms   19.67ms 179.57ms   86.38%
    Req/Sec   368.34     58.53   600.00     71.28%
  Latency Distribution
     50%   18.49ms
     75%   25.64ms
     90%   49.79ms
     99%   99.81ms
  59134 requests in 10.10s, 61.08MB read
Requests/sec:   5854.88
Transfer/sec:      6.05MB
## server-stat
cpu  3876494 1747 1719315 53360724 502243 0 818362 0 0 0
cpu0 146010 31 49535 1669886 6390 0 27126 0 0 0
cpu1 145943 36 50347 1675073 7798 0 26225 0 0 0
cpu2 150497 36 50705 1671179 7862 0 26304 0 0 0
cpu3 241377 36 73734 1541721 5148 0 43229 0 0 0
cpu4 242975 41 72308 1541920 6491 0 43631 0 0 0
cpu5 155665 41 52336 1663312 8715 0 27194 0 0 0
cpu6 156767 36 52784 1661333 9005 0 28296 0 0 0
cpu7 162571 34 55945 1650398 8705 0 30944 0 0 0
cpu8 41861 65 44834 1745363 19046 0 13665 0 0 0
cpu9 48185 73 48129 1719073 23048 0 14917 0 0 0
cpu10 45601 72 46433 1728013 20924 0 14708 0 0 0
cpu11 41560 68 42216 1749652 19227 0 13066 0 0 0
cpu12 86985 147 52463 1671554 25129 0 16210 0 0 0
cpu13 83081 78 53476 1670473 26527 0 16574 0 0 0
cpu14 41471 66 41749 1752866 18214 0 12819 0 0 0
cpu15 38403 70 38314 1767208 18438 0 11630 0 0 0
cpu16 194328 31 61247 1609167 8990 0 34611 0 0 0
cpu17 183971 29 59526 1619983 11247 0 33182 0 0 0
cpu18 171653 29 57792 1635509 11031 0 32327 0 0 0
cpu19 326591 27 90039 1431636 5119 0 53811 0 0 0
cpu20 287309 27 83304 1478468 8172 0 50709 0 0 0
cpu21 167438 32 56985 1638955 12879 0 31582 0 0 0
cpu22 154710 36 54323 1656063 12703 0 29406 0 0 0
cpu23 134718 34 48662 1688155 12179 0 24816 0 0 0
cpu24 44869 70 43243 1746307 22262 0 13765 0 0 0
cpu25 50256 68 48217 1720731 24921 0 16282 0 0 0
cpu26 47975 62 47022 1727727 23938 0 15823 0 0 0
cpu27 40542 54 41947 1739118 22315 0 21629 0 0 0
cpu28 78117 86 56163 1659517 27596 0 28952 0 0 0
cpu29 82099 123 58195 1647917 28105 0 29507 0 0 0
cpu30 39873 48 43574 1733481 19947 0 21642 0 0 0
cpu31 43081 49 43754 1748951 20154 0 13769 0 0 0
intr 3402034426 126 0 0 0 0 0 0 0 0 1 0 0 0 0 0 0 0 0 0 0 0 0 0 0 0 0 0 1 1 1 0 0 0 0 1 0 1 0 0 75045 0 0 0 0 0 0 0 0 411 0 0 0 0 0 0 0 0 87 0 0 0 0 0 0 0 0 0 0 0 0 0 0 0 548873 2 35064718 35001942 34917933 35061971 0 15737 13574 16676 16378 9942 12370 16317 17250 13795 47564 63969 51419 43610 65533 62476 38646 35439 17172 18865 22472 9111 15064 21092 21390 18305 45668 58239 54216 43220 66881 69706 39895 40380 0 0 0 0 617293 4626 1036 0 264 0 0 0 0 0 0 0 0 0 0 0 0 0 0 0 0 0 0 0 0 0 0 0 0 0 0 0 0 0 0 0 0 0 0 0 0 0 0 0 0 0 0 0 0 0 0 0 0 0 0 0 0 0 0 0 0 0 0 0 0 0 0 0 0 0 0 0 0 0 0 0 0 0 0 0 0 0 0 0 0 0 0 0 0 0 0 0 0 0 0 0 0 0 0 0 0 0 0 0 0 0 0 0 0 0 0 0 0 0 0 0 0 0 0 0 0 0 0 0 0 0 0 0 0 0 0 0 0 0 0 0 0 0 0 0 0 0 0 0 0 0 0 0 0 0 0 0 0 0 0 0 0 0 0 0 0 0 0 0 0 0 0 0 0 0 0 0 0 0 0 0 0 0 0 0 0 0 0 0 0 0 0 0 0 0 0 0 0 0 0 0 0 0 0 0 0 0 0 0 0 0 0 0 0 0 0 0 0 0 0 0 0 0 0 0 0 0 0 0 0 0 0 0 0 0 0 0 0 0 0 0 0 0 0 0 0 0 0 0 0 0 0 0 0 0 0 0 0 0 0 0 0 0 0 0 0 0 0 0 0 0 0 0 0 0 0 0 0 0 0 0 0 0 0 0 0 0 0 0 0 0 0 0 0 0 0 0 0 0 0 0 0 0 0 0 0 0 0 0 0 0 0 0 0 0 0 0 0 0 0 0 0 0 0 0 0 0 0 0 0 0 0 0 0 0 0 0 0 0 0 0 0 0 0 0 0 0 0 0 0 0 0 0 0 0 0 0 0 0 0 0 0 0 0 0 0 0 0 0 0 0 0 0 0 0 0 0 0 0 0 0 0 0 0 0 0 0 0 0 0 0 0 0 0 0 0 0 0 0 0 0 0 0 0 0 0 0 0 0 0 0 0 0 0 0 0 0 0 0 0 0 0 0 0 0 0 0 0 0 0 0 0 0 0 0 0 0 0 0 0 0 0 0 0 0 0 0 0 0 0 0 0 0 0 0 0 0 0 0 0 0 0 0 0 0 0 0 0 0 0 0 0 0 0 0 0 0 0 0 0 0 0 0 0 0 0 0 0 0 0 0 0 0 0 0 0 0 0 0 0 0 0 0 0 0 0 0 0 0 0 0 0 0 0 0 0 0 0 0 0 0 0 0 0 0 0 0 0 0 0 0 0 0 0 0 0 0 0 0 0 0 0 0 0 0 0 0 0 0 0 0 0 0 0 0 0 0 0 0 0 0 0 0 0 0 0 0 0 0 0 0 0 0 0 0 0 0 0 0 0 0 0 0 0 0 0 0 0 0 0 0 0 0 0 0 0 0 0 0 0 0 0 0 0 0 0 0 0 0 0 0 0 0 0 0 0 0 0 0 0 0 0 0 0 0 0 0 0 0 0 0 0 0 0 0 0 0 0 0 0 0 0 0 0 0 0 0 0 0 0 0 0 0 0 0 0 0 0 0 0 0 0 0 0 0 0 0 0 0 0 0 0 0 0 0 0 0 0 0 0 0 0 0 0 0 0 0 0 0 0 0 0 0 0 0 0 0 0 0 0 0 0 0 0 0 0 0 0 0 0 0 0 0 0 0 0 0 0 0 0 0 0 0 0 0 0 0 0 0 0 0 0 0 0 0 0 0 0 0 0 0 0 0 0 0 0 0 0 0 0 0 0 0 0 0 0 0 0 0 0 0 0 0 0 0 0 0 0 0 0 0 0 0 0 0 0 0 0 0 0 0 0 0 0 0 0 0 0 0 0 0 0 0 0 0 0 0 0 0 0 0 0 0 0 0 0 0 0 0 0 0 0 0 0 0 0 0 0 0 0 0 0 0 0 0 0 0 0 0 0 0 0 0 0 0 0 0 0 0 0 0 0 0 0 0 0 0 0 0 0 0 0 0 0 0 0 0 0 0 0 0 0 0 0 0 0 0 0 0 0 0 0 0 0 0 0 0 0 0 0 0 0 0 0 0 0 0 0 0 0 0 0 0 0 0 0 0 0 0 0 0 0 0 0 0 0 0 0 0 0 0 0 0 0 0 0 0 0 0 0 0 0 0 0 0 0 0 0 0 0 0 0 0 0 0 0 0 0 0 0 0 0 0 0 0 0 0 0 0 0 0 0 0 0 0 0 0 0 0 0 0 0 0 0 0 0 0 0 0 0 0 0 0 0 0 0 0 0 0 0 0 0 0 0 0 0 0 0 0 0 0 0 0 0 0 0 0 0 0 0 0 0 0 0 0 0 0 0 0 0 0 0 0 0 0 0 0 0 0 0 0 0 0 0 0 0 0 0 0 0 0 0 0 0 0 0 0 0 0 0 0 0 0 0 0 0 0 0 0 0 0 0 0 0 0 0 0 0 0 0 0 0 0 0 0 0 0 0 0 0 0 0 0 0 0 0 0 0 0 0 0 0 0 0 0 0 0 0 0 0 0 0 0 0 0 0 0 0 0 0 0 0 0 0 0 0 0 0 0 0 0 0
ctxt 5405800303
btime 1790630938
processes 1131090
procs_running 8
procs_blocked 14
softirq 4833987407 73526 13820182 2753177 398681927 572749 0 13560486 55812030 421 53745613
--
cpu  3880235 1747 1719960 53372719 511204 0 818403 0 0 0
cpu0 146170 31 49559 1670399 6476 0 27129 0 0 0
cpu1 146123 36 50374 1675569 7884 0 26227 0 0 0
cpu2 150740 36 50740 1671608 7942 0 26307 0 0 0
cpu3 241554 36 73762 1542213 5242 0 43231 0 0 0
cpu4 243100 41 72330 1542420 6639 0 43632 0 0 0
cpu5 155948 41 52376 1663661 8836 0 27197 0 0 0
cpu6 156927 36 52813 1661779 9168 0 28298 0 0 0
cpu7 162615 34 55956 1650924 8920 0 30945 0 0 0
cpu8 41862 65 44839 1745740 19454 0 13666 0 0 0
cpu9 48188 73 48135 1719446 23455 0 14917 0 0 0
cpu10 45602 72 46437 1728387 21333 0 14709 0 0 0
cpu11 41560 68 42220 1750075 19591 0 13066 0 0 0
cpu12 86994 147 52470 1671929 25527 0 16210 0 0 0
cpu13 83087 78 53482 1670732 27042 0 16574 0 0 0
cpu14 41472 66 41753 1753291 18576 0 12819 0 0 0
cpu15 38403 70 38318 1767612 18820 0 11630 0 0 0
cpu16 194780 31 61308 1609403 9035 0 34614 0 0 0
cpu17 184403 29 59588 1620214 11314 0 33186 0 0 0
cpu18 171957 29 57835 1635828 11161 0 32329 0 0 0
cpu19 327018 27 90097 1431909 5155 0 53814 0 0 0
cpu20 287783 27 83373 1478676 8212 0 50714 0 0 0
cpu21 167595 32 57010 1639416 13034 0 31584 0 0 0
cpu22 154757 36 54335 1656565 12941 0 29406 0 0 0
cpu23 134735 34 48670 1688688 12418 0 24816 0 0 0
cpu24 44870 70 43248 1746627 22725 0 13765 0 0 0
cpu25 50259 68 48224 1721017 25418 0 16282 0 0 0
cpu26 47976 62 47027 1728005 24444 0 15823 0 0 0
cpu27 40543 54 41953 1739392 22825 0 21629 0 0 0
cpu28 78129 86 56171 1659816 28067 0 28953 0 0 0
cpu29 82112 123 58203 1648218 28572 0 29507 0 0 0
cpu30 39875 48 43579 1733825 20389 0 21642 0 0 0
cpu31 43081 49 43759 1749319 20573 0 13769 0 0 0
intr 3402606052 126 0 0 0 0 0 0 0 0 1 0 0 0 0 0 0 0 0 0 0 0 0 0 0 0 0 0 1 1 1 0 0 0 0 1 0 1 0 0 75045 0 0 0 0 0 0 0 0 411 0 0 0 0 0 0 0 0 87 0 0 0 0 0 0 0 0 0 0 0 0 0 0 0 550558 2 35064767 35001971 34917960 35061993 0 15745 13694 16809 16476 10109 12569 16485 17470 14068 48078 64573 52009 44081 66168 63110 39043 35848 17212 18940 22651 9153 15156 21289 21620 18619 46185 58862 54823 43755 67573 70401 40300 40844 0 0 0 0 617293 4626 1036 0 264 0 0 0 0 0 0 0 0 0 0 0 0 0 0 0 0 0 0 0 0 0 0 0 0 0 0 0 0 0 0 0 0 0 0 0 0 0 0 0 0 0 0 0 0 0 0 0 0 0 0 0 0 0 0 0 0 0 0 0 0 0 0 0 0 0 0 0 0 0 0 0 0 0 0 0 0 0 0 0 0 0 0 0 0 0 0 0 0 0 0 0 0 0 0 0 0 0 0 0 0 0 0 0 0 0 0 0 0 0 0 0 0 0 0 0 0 0 0 0 0 0 0 0 0 0 0 0 0 0 0 0 0 0 0 0 0 0 0 0 0 0 0 0 0 0 0 0 0 0 0 0 0 0 0 0 0 0 0 0 0 0 0 0 0 0 0 0 0 0 0 0 0 0 0 0 0 0 0 0 0 0 0 0 0 0 0 0 0 0 0 0 0 0 0 0 0 0 0 0 0 0 0 0 0 0 0 0 0 0 0 0 0 0 0 0 0 0 0 0 0 0 0 0 0 0 0 0 0 0 0 0 0 0 0 0 0 0 0 0 0 0 0 0 0 0 0 0 0 0 0 0 0 0 0 0 0 0 0 0 0 0 0 0 0 0 0 0 0 0 0 0 0 0 0 0 0 0 0 0 0 0 0 0 0 0 0 0 0 0 0 0 0 0 0 0 0 0 0 0 0 0 0 0 0 0 0 0 0 0 0 0 0 0 0 0 0 0 0 0 0 0 0 0 0 0 0 0 0 0 0 0 0 0 0 0 0 0 0 0 0 0 0 0 0 0 0 0 0 0 0 0 0 0 0 0 0 0 0 0 0 0 0 0 0 0 0 0 0 0 0 0 0 0 0 0 0 0 0 0 0 0 0 0 0 0 0 0 0 0 0 0 0 0 0 0 0 0 0 0 0 0 0 0 0 0 0 0 0 0 0 0 0 0 0 0 0 0 0 0 0 0 0 0 0 0 0 0 0 0 0 0 0 0 0 0 0 0 0 0 0 0 0 0 0 0 0 0 0 0 0 0 0 0 0 0 0 0 0 0 0 0 0 0 0 0 0 0 0 0 0 0 0 0 0 0 0 0 0 0 0 0 0 0 0 0 0 0 0 0 0 0 0 0 0 0 0 0 0 0 0 0 0 0 0 0 0 0 0 0 0 0 0 0 0 0 0 0 0 0 0 0 0 0 0 0 0 0 0 0 0 0 0 0 0 0 0 0 0 0 0 0 0 0 0 0 0 0 0 0 0 0 0 0 0 0 0 0 0 0 0 0 0 0 0 0 0 0 0 0 0 0 0 0 0 0 0 0 0 0 0 0 0 0 0 0 0 0 0 0 0 0 0 0 0 0 0 0 0 0 0 0 0 0 0 0 0 0 0 0 0 0 0 0 0 0 0 0 0 0 0 0 0 0 0 0 0 0 0 0 0 0 0 0 0 0 0 0 0 0 0 0 0 0 0 0 0 0 0 0 0 0 0 0 0 0 0 0 0 0 0 0 0 0 0 0 0 0 0 0 0 0 0 0 0 0 0 0 0 0 0 0 0 0 0 0 0 0 0 0 0 0 0 0 0 0 0 0 0 0 0 0 0 0 0 0 0 0 0 0 0 0 0 0 0 0 0 0 0 0 0 0 0 0 0 0 0 0 0 0 0 0 0 0 0 0 0 0 0 0 0 0 0 0 0 0 0 0 0 0 0 0 0 0 0 0 0 0 0 0 0 0 0 0 0 0 0 0 0 0 0 0 0 0 0 0 0 0 0 0 0 0 0 0 0 0 0 0 0 0 0 0 0 0 0 0 0 0 0 0 0 0 0 0 0 0 0 0 0 0 0 0 0 0 0 0 0 0 0 0 0 0 0 0 0 0 0 0 0 0 0 0 0 0 0 0 0 0 0 0 0 0 0 0 0 0 0 0 0 0 0 0 0 0 0 0 0 0 0 0 0 0 0 0 0 0 0 0 0 0 0 0 0 0 0 0 0 0 0 0 0 0 0 0 0 0 0 0 0 0 0 0 0 0 0 0 0 0 0 0 0 0 0 0 0 0 0 0 0 0 0 0 0 0 0 0 0 0 0 0 0 0 0 0 0 0 0 0 0 0 0 0 0 0 0 0 0 0 0 0 0 0 0 0 0 0 0 0 0 0 0 0 0 0 0 0 0 0 0 0 0 0 0 0 0 0 0 0 0 0 0 0 0 0 0 0 0 0 0 0 0 0 0 0 0 0 0 0 0 0 0 0 0 0 0 0 0 0 0 0 0 0 0 0 0 0 0 0 0 0 0 0 0 0 0 0 0 0 0 0 0 0 0 0 0 0 0 0 0 0 0 0 0 0 0 0 0 0 0 0 0 0 0 0 0 0 0 0 0 0 0 0 0 0 0 0 0 0 0 0 0 0 0 0 0 0 0 0 0 0 0 0 0 0 0 0 0 0 0 0 0 0 0 0 0 0 0 0 0 0 0 0 0 0 0 0 0 0 0 0 0 0 0
ctxt 5406692606
btime 1790630938
processes 1131166
procs_running 7
procs_blocked 10
softirq 4834165632 73526 13831066 2753177 398780740 574453 0 13560486 55840675 421 53783792
