Running 10s test @ http://127.0.0.1:18500/usleep?ms=10
  16 threads and 1000 connections
  Thread Stats   Avg      Stdev     Max   +/- Stdev
    Latency     7.43s     1.48s    9.99s    57.62%
    Req/Sec    29.93     21.14   151.00     78.50%
  Latency Distribution
     50%    7.43s 
     75%    8.71s 
     90%    9.49s 
     99%    9.94s 
  1010 requests in 10.09s, 170.63KB read
Requests/sec:    100.07
Transfer/sec:     16.91KB
## server-stat
cpu  3766591 1666 1693241 50297761 450430 0 810933 0 0 0
cpu0 142750 30 48872 1573104 5793 0 26761 0 0 0
cpu1 144036 35 49787 1576409 7075 0 26050 0 0 0
cpu2 148003 34 50087 1573133 7074 0 26152 0 0 0
cpu3 227525 34 71382 1457419 4673 0 42186 0 0 0
cpu4 228772 39 69798 1458538 5802 0 42236 0 0 0
cpu5 153831 38 51748 1564570 7848 0 27078 0 0 0
cpu6 154895 34 52220 1562570 8101 0 28191 0 0 0
cpu7 161359 32 55478 1550907 7674 0 30862 0 0 0
cpu8 41590 61 44500 1646357 16981 0 13632 0 0 0
cpu9 47783 68 47724 1621112 20830 0 14862 0 0 0
cpu10 45295 68 46062 1629706 18764 0 14660 0 0 0
cpu11 41322 63 41890 1650742 17170 0 13034 0 0 0
cpu12 84716 142 51868 1575949 22880 0 16116 0 0 0
cpu13 80964 74 52842 1575217 23964 0 16474 0 0 0
cpu14 41205 62 41378 1654266 16199 0 12777 0 0 0
cpu15 38221 65 37966 1668050 16518 0 11599 0 0 0
cpu16 190678 29 60501 1512414 8084 0 34473 0 0 0
cpu17 180148 28 58735 1523549 10289 0 33044 0 0 0
cpu18 169013 28 57115 1537831 9956 0 32207 0 0 0
cpu19 304124 27 86244 1357821 4539 0 52304 0 0 0
cpu20 268232 26 80214 1400296 7314 0 49710 0 0 0
cpu21 164472 31 56274 1541879 11577 0 31452 0 0 0
cpu22 152561 34 53709 1558040 11358 0 29304 0 0 0
cpu23 132410 33 48069 1590285 10778 0 24718 0 0 0
cpu24 44557 65 42845 1647680 19820 0 13729 0 0 0
cpu25 49888 66 47817 1622480 22306 0 16240 0 0 0
cpu26 47666 60 46639 1629203 21376 0 15788 0 0 0
cpu27 40273 51 41564 1640132 19942 0 21602 0 0 0
cpu28 76878 84 55662 1562686 24746 0 28892 0 0 0
cpu29 80931 120 57690 1551061 25409 0 29434 0 0 0
cpu30 39647 46 43165 1634378 17882 0 21609 0 0 0
cpu31 42834 46 43383 1649959 17692 0 13743 0 0 0
intr 3349057062 126 0 0 0 0 0 0 0 0 1 0 0 0 0 0 0 0 0 0 0 0 0 0 0 0 0 0 1 1 1 0 0 0 0 1 0 1 0 0 75045 0 0 0 0 0 0 0 0 411 0 0 0 0 0 0 0 0 87 0 0 0 0 0 0 0 0 0 0 0 0 0 0 0 518139 2 35059943 34999113 34914019 35057160 0 14915 12700 15147 14204 9284 11555 15242 16165 12664 44767 60726 48578 41319 62279 59033 36636 33110 15792 17688 21137 8562 14054 19844 19619 16941 42976 54405 51023 40630 61099 65821 37295 38040 0 0 0 0 617225 4545 1036 0 264 0 0 0 0 0 0 0 0 0 0 0 0 0 0 0 0 0 0 0 0 0 0 0 0 0 0 0 0 0 0 0 0 0 0 0 0 0 0 0 0 0 0 0 0 0 0 0 0 0 0 0 0 0 0 0 0 0 0 0 0 0 0 0 0 0 0 0 0 0 0 0 0 0 0 0 0 0 0 0 0 0 0 0 0 0 0 0 0 0 0 0 0 0 0 0 0 0 0 0 0 0 0 0 0 0 0 0 0 0 0 0 0 0 0 0 0 0 0 0 0 0 0 0 0 0 0 0 0 0 0 0 0 0 0 0 0 0 0 0 0 0 0 0 0 0 0 0 0 0 0 0 0 0 0 0 0 0 0 0 0 0 0 0 0 0 0 0 0 0 0 0 0 0 0 0 0 0 0 0 0 0 0 0 0 0 0 0 0 0 0 0 0 0 0 0 0 0 0 0 0 0 0 0 0 0 0 0 0 0 0 0 0 0 0 0 0 0 0 0 0 0 0 0 0 0 0 0 0 0 0 0 0 0 0 0 0 0 0 0 0 0 0 0 0 0 0 0 0 0 0 0 0 0 0 0 0 0 0 0 0 0 0 0 0 0 0 0 0 0 0 0 0 0 0 0 0 0 0 0 0 0 0 0 0 0 0 0 0 0 0 0 0 0 0 0 0 0 0 0 0 0 0 0 0 0 0 0 0 0 0 0 0 0 0 0 0 0 0 0 0 0 0 0 0 0 0 0 0 0 0 0 0 0 0 0 0 0 0 0 0 0 0 0 0 0 0 0 0 0 0 0 0 0 0 0 0 0 0 0 0 0 0 0 0 0 0 0 0 0 0 0 0 0 0 0 0 0 0 0 0 0 0 0 0 0 0 0 0 0 0 0 0 0 0 0 0 0 0 0 0 0 0 0 0 0 0 0 0 0 0 0 0 0 0 0 0 0 0 0 0 0 0 0 0 0 0 0 0 0 0 0 0 0 0 0 0 0 0 0 0 0 0 0 0 0 0 0 0 0 0 0 0 0 0 0 0 0 0 0 0 0 0 0 0 0 0 0 0 0 0 0 0 0 0 0 0 0 0 0 0 0 0 0 0 0 0 0 0 0 0 0 0 0 0 0 0 0 0 0 0 0 0 0 0 0 0 0 0 0 0 0 0 0 0 0 0 0 0 0 0 0 0 0 0 0 0 0 0 0 0 0 0 0 0 0 0 0 0 0 0 0 0 0 0 0 0 0 0 0 0 0 0 0 0 0 0 0 0 0 0 0 0 0 0 0 0 0 0 0 0 0 0 0 0 0 0 0 0 0 0 0 0 0 0 0 0 0 0 0 0 0 0 0 0 0 0 0 0 0 0 0 0 0 0 0 0 0 0 0 0 0 0 0 0 0 0 0 0 0 0 0 0 0 0 0 0 0 0 0 0 0 0 0 0 0 0 0 0 0 0 0 0 0 0 0 0 0 0 0 0 0 0 0 0 0 0 0 0 0 0 0 0 0 0 0 0 0 0 0 0 0 0 0 0 0 0 0 0 0 0 0 0 0 0 0 0 0 0 0 0 0 0 0 0 0 0 0 0 0 0 0 0 0 0 0 0 0 0 0 0 0 0 0 0 0 0 0 0 0 0 0 0 0 0 0 0 0 0 0 0 0 0 0 0 0 0 0 0 0 0 0 0 0 0 0 0 0 0 0 0 0 0 0 0 0 0 0 0 0 0 0 0 0 0 0 0 0 0 0 0 0 0 0 0 0 0 0 0 0 0 0 0 0 0 0 0 0 0 0 0 0 0 0 0 0 0 0 0 0 0 0 0 0 0 0 0 0 0 0 0 0 0 0 0 0 0 0 0 0 0 0 0 0 0 0 0 0 0 0 0 0 0 0 0 0 0 0 0 0 0 0 0 0 0 0 0 0 0 0 0 0 0 0 0 0 0 0 0 0 0 0 0 0 0 0 0 0 0 0 0 0 0 0 0 0 0 0 0 0 0 0 0 0 0 0 0 0 0 0 0 0 0 0 0 0 0 0 0 0 0 0 0 0 0 0 0 0 0 0 0 0 0 0 0 0 0 0 0 0 0 0 0 0 0 0 0 0 0 0 0 0 0 0 0 0 0 0 0 0 0 0 0 0 0 0 0 0 0 0 0 0 0 0 0 0 0 0 0 0 0 0 0 0 0 0 0 0 0 0 0 0 0 0 0 0 0 0 0 0 0 0 0 0 0 0 0 0 0 0 0 0 0 0 0 0 0 0 0 0 0 0 0 0 0 0 0 0 0 0 0 0 0 0 0 0 0 0 0 0 0 0 0 0 0 0 0 0 0 0 0 0 0 0 0 0 0 0 0 0 0 0 0 0 0 0 0 0 0 0 0 0 0 0 0 0 0 0 0 0 0 0 0 0 0 0 0 0 0 0 0 0 0 0 0 0 0 0 0 0 0 0 0 0 0 0 0 0 0 0 0 0 0 0 0 0 0 0 0 0 0 0 0
ctxt 5313111922
btime 1790630938
processes 982243
procs_running 1
procs_blocked 0
softirq 4777257167 73526 13275578 2753173 347322936 540701 0 13560297 54347713 421 50415526
--
cpu  3766681 1666 1693251 50323183 450464 0 810935 0 0 0
cpu0 142751 30 48872 1573900 5793 0 26763 0 0 0
cpu1 144038 35 49788 1577205 7076 0 26050 0 0 0
cpu2 148004 34 50087 1573930 7074 0 26152 0 0 0
cpu3 227538 34 71382 1458203 4673 0 42186 0 0 0
cpu4 228775 39 69798 1459333 5802 0 42236 0 0 0
cpu5 153831 38 51748 1565369 7848 0 27078 0 0 0
cpu6 154895 34 52220 1563369 8101 0 28191 0 0 0
cpu7 161360 32 55479 1551706 7674 0 30862 0 0 0
cpu8 41593 61 44500 1647154 16981 0 13632 0 0 0
cpu9 47783 68 47724 1621911 20830 0 14862 0 0 0
cpu10 45297 68 46062 1630503 18764 0 14660 0 0 0
cpu11 41325 63 41890 1651537 17170 0 13034 0 0 0
cpu12 84740 142 51870 1576721 22880 0 16116 0 0 0
cpu13 80984 74 52843 1575992 23964 0 16474 0 0 0
cpu14 41206 62 41378 1655064 16200 0 12777 0 0 0
cpu15 38221 65 37966 1668849 16518 0 11599 0 0 0
cpu16 190679 29 60502 1513213 8084 0 34473 0 0 0
cpu17 180149 28 58735 1524347 10289 0 33044 0 0 0
cpu18 169013 28 57115 1538630 9956 0 32207 0 0 0
cpu19 304127 27 86245 1358616 4539 0 52304 0 0 0
cpu20 268232 26 80214 1401094 7314 0 49710 0 0 0
cpu21 164472 31 56274 1542678 11577 0 31452 0 0 0
cpu22 152561 34 53709 1558838 11358 0 29304 0 0 0
cpu23 132410 33 48070 1591084 10778 0 24718 0 0 0
cpu24 44557 65 42845 1648478 19820 0 13729 0 0 0
cpu25 49889 66 47817 1623277 22306 0 16240 0 0 0
cpu26 47666 60 46639 1630002 21376 0 15788 0 0 0
cpu27 40273 51 41564 1640930 19942 0 21602 0 0 0
cpu28 76883 84 55663 1563445 24778 0 28892 0 0 0
cpu29 80932 120 57690 1551858 25409 0 29434 0 0 0
cpu30 39647 46 43165 1635176 17883 0 21609 0 0 0
cpu31 42836 46 43383 1650756 17692 0 13743 0 0 0
intr 3349167750 126 0 0 0 0 0 0 0 0 1 0 0 0 0 0 0 0 0 0 0 0 0 0 0 0 0 0 1 1 1 0 0 0 0 1 0 1 0 0 75045 0 0 0 0 0 0 0 0 411 0 0 0 0 0 0 0 0 87 0 0 0 0 0 0 0 0 0 0 0 0 0 0 0 518427 2 35059977 34999147 34914024 35057191 0 14919 12700 15628 14870 9284 11556 15242 16165 12664 44767 60726 48578 41319 62279 59033 36639 33110 15792 17688 21137 8562 14054 19844 19619 16941 42976 54405 51023 40630 61099 65821 37296 38040 0 0 0 0 617225 4545 1036 0 264 0 0 0 0 0 0 0 0 0 0 0 0 0 0 0 0 0 0 0 0 0 0 0 0 0 0 0 0 0 0 0 0 0 0 0 0 0 0 0 0 0 0 0 0 0 0 0 0 0 0 0 0 0 0 0 0 0 0 0 0 0 0 0 0 0 0 0 0 0 0 0 0 0 0 0 0 0 0 0 0 0 0 0 0 0 0 0 0 0 0 0 0 0 0 0 0 0 0 0 0 0 0 0 0 0 0 0 0 0 0 0 0 0 0 0 0 0 0 0 0 0 0 0 0 0 0 0 0 0 0 0 0 0 0 0 0 0 0 0 0 0 0 0 0 0 0 0 0 0 0 0 0 0 0 0 0 0 0 0 0 0 0 0 0 0 0 0 0 0 0 0 0 0 0 0 0 0 0 0 0 0 0 0 0 0 0 0 0 0 0 0 0 0 0 0 0 0 0 0 0 0 0 0 0 0 0 0 0 0 0 0 0 0 0 0 0 0 0 0 0 0 0 0 0 0 0 0 0 0 0 0 0 0 0 0 0 0 0 0 0 0 0 0 0 0 0 0 0 0 0 0 0 0 0 0 0 0 0 0 0 0 0 0 0 0 0 0 0 0 0 0 0 0 0 0 0 0 0 0 0 0 0 0 0 0 0 0 0 0 0 0 0 0 0 0 0 0 0 0 0 0 0 0 0 0 0 0 0 0 0 0 0 0 0 0 0 0 0 0 0 0 0 0 0 0 0 0 0 0 0 0 0 0 0 0 0 0 0 0 0 0 0 0 0 0 0 0 0 0 0 0 0 0 0 0 0 0 0 0 0 0 0 0 0 0 0 0 0 0 0 0 0 0 0 0 0 0 0 0 0 0 0 0 0 0 0 0 0 0 0 0 0 0 0 0 0 0 0 0 0 0 0 0 0 0 0 0 0 0 0 0 0 0 0 0 0 0 0 0 0 0 0 0 0 0 0 0 0 0 0 0 0 0 0 0 0 0 0 0 0 0 0 0 0 0 0 0 0 0 0 0 0 0 0 0 0 0 0 0 0 0 0 0 0 0 0 0 0 0 0 0 0 0 0 0 0 0 0 0 0 0 0 0 0 0 0 0 0 0 0 0 0 0 0 0 0 0 0 0 0 0 0 0 0 0 0 0 0 0 0 0 0 0 0 0 0 0 0 0 0 0 0 0 0 0 0 0 0 0 0 0 0 0 0 0 0 0 0 0 0 0 0 0 0 0 0 0 0 0 0 0 0 0 0 0 0 0 0 0 0 0 0 0 0 0 0 0 0 0 0 0 0 0 0 0 0 0 0 0 0 0 0 0 0 0 0 0 0 0 0 0 0 0 0 0 0 0 0 0 0 0 0 0 0 0 0 0 0 0 0 0 0 0 0 0 0 0 0 0 0 0 0 0 0 0 0 0 0 0 0 0 0 0 0 0 0 0 0 0 0 0 0 0 0 0 0 0 0 0 0 0 0 0 0 0 0 0 0 0 0 0 0 0 0 0 0 0 0 0 0 0 0 0 0 0 0 0 0 0 0 0 0 0 0 0 0 0 0 0 0 0 0 0 0 0 0 0 0 0 0 0 0 0 0 0 0 0 0 0 0 0 0 0 0 0 0 0 0 0 0 0 0 0 0 0 0 0 0 0 0 0 0 0 0 0 0 0 0 0 0 0 0 0 0 0 0 0 0 0 0 0 0 0 0 0 0 0 0 0 0 0 0 0 0 0 0 0 0 0 0 0 0 0 0 0 0 0 0 0 0 0 0 0 0 0 0 0 0 0 0 0 0 0 0 0 0 0 0 0 0 0 0 0 0 0 0 0 0 0 0 0 0 0 0 0 0 0 0 0 0 0 0 0 0 0 0 0 0 0 0 0 0 0 0 0 0 0 0 0 0 0 0 0 0 0 0 0 0 0 0 0 0 0 0 0 0 0 0 0 0 0 0 0 0 0 0 0 0 0 0 0 0 0 0 0 0 0 0 0 0 0 0 0 0 0 0 0 0 0 0 0 0 0 0 0 0 0 0 0 0 0 0 0 0 0 0 0 0 0 0 0 0 0 0 0 0 0 0 0 0 0 0 0 0 0 0 0 0 0 0 0 0 0 0 0 0 0 0 0 0 0 0 0 0 0 0 0 0 0 0 0 0 0 0 0 0 0 0 0 0 0 0 0 0 0 0 0 0 0 0 0 0 0 0 0 0 0 0 0 0 0 0 0 0 0 0 0 0 0 0 0 0 0 0 0 0 0 0 0 0 0 0 0 0 0 0 0 0 0 0 0 0 0 0 0 0 0 0 0 0 0 0 0 0 0 0 0 0 0 0 0 0 0 0 0 0 0 0 0 0 0 0 0 0 0 0 0 0 0 0 0 0 0 0 0 0 0 0 0 0 0 0 0 0 0 0 0 0 0 0 0 0 0 0 0 0 0 0 0 0 0 0 0 0 0 0 0 0 0 0 0 0 0 0 0 0 0 0 0 0 0 0
ctxt 5313273296
btime 1790630938
processes 982292
procs_running 1
procs_blocked 0
softirq 4777275598 73526 13278866 2753173 347326410 541001 0 13560297 54353740 421 50420868
