Running 10s test @ http://127.0.0.1:18500/counter
  16 threads and 128 connections
  Thread Stats   Avg      Stdev     Max   +/- Stdev
    Latency     2.16ms  169.21us   4.02ms   80.67%
    Req/Sec     3.71k    35.83     3.96k    71.91%
  Latency Distribution
     50%    2.12ms
     75%    2.21ms
     90%    2.36ms
     99%    2.76ms
  597353 requests in 10.10s, 114.51MB read
Requests/sec:  59147.06
Transfer/sec:     11.34MB
## server-stat
cpu  4172969 1840 1784329 56144052 644601 0 844897 0 0 0
cpu0 159980 32 52224 1754811 7655 0 28214 0 0 0
cpu1 160691 37 53088 1759115 9463 0 27443 0 0 0
cpu2 167236 37 53483 1752653 9984 0 27661 0 0 0
cpu3 261353 38 77356 1619334 6568 0 44836 0 0 0
cpu4 259328 43 75196 1624478 8027 0 44715 0 0 0
cpu5 170924 43 55124 1746080 11266 0 28482 0 0 0
cpu6 171407 38 55034 1744970 11971 0 29374 0 0 0
cpu7 176582 37 58492 1733734 11784 0 32475 0 0 0
cpu8 42202 69 45730 1840648 25029 0 13955 0 0 0
cpu9 48699 77 49089 1813411 29379 0 15235 0 0 0
cpu10 45991 75 47376 1822715 27181 0 14999 0 0 0
cpu11 41870 71 43054 1845120 25337 0 13312 0 0 0
cpu12 88707 152 53650 1764130 31414 0 16598 0 0 0
cpu13 84858 82 54715 1762279 33296 0 16979 0 0 0
cpu14 41818 69 42610 1848743 23740 0 13077 0 0 0
cpu15 38669 74 39070 1863233 24315 0 11858 0 0 0
cpu16 217792 32 64851 1683451 10617 0 36314 0 0 0
cpu17 205261 31 62782 1696186 13664 0 34659 0 0 0
cpu18 189445 31 60654 1715105 14182 0 33539 0 0 0
cpu19 349029 28 93954 1507378 6206 0 55200 0 0 0
cpu20 311489 27 87441 1551743 9484 0 52465 0 0 0
cpu21 186494 34 59937 1716996 16240 0 32818 0 0 0
cpu22 171303 37 57382 1735859 16411 0 30808 0 0 0
cpu23 148394 36 51248 1771651 16039 0 25747 0 0 0
cpu24 45292 74 44145 1840970 29049 0 14034 0 0 0
cpu25 50780 71 49247 1814362 32027 0 16626 0 0 0
cpu26 48450 67 48031 1821559 31068 0 16143 0 0 0
cpu27 40927 57 42845 1833627 29309 0 21896 0 0 0
cpu28 80227 93 57565 1750144 34983 0 29412 0 0 0
cpu29 84020 129 59710 1738078 35846 0 30001 0 0 0
cpu30 40284 52 44551 1827852 26332 0 21945 0 0 0
cpu31 43451 54 44681 1843619 26719 0 14065 0 0 0
intr 3513982091 126 0 0 0 0 0 0 0 0 1 0 0 0 0 0 0 0 0 0 0 0 0 0 0 0 0 0 1 1 1 0 0 0 0 1 0 1 0 0 75045 0 0 0 0 0 0 0 0 411 0 0 0 0 0 0 0 0 87 0 0 0 0 0 0 0 0 0 0 0 0 0 0 0 595823 2 35068794 35004229 34920148 35066869 0 16579 15663 19366 19529 12053 15301 20013 20967 17606 55708 75738 61750 51491 83335 79149 45512 42510 19856 23052 27478 11374 17623 25892 26167 22437 57705 71600 64725 52359 83113 90421 47116 48102 0 0 0 0 617365 4718 1036 0 264 0 0 0 0 0 0 0 0 0 0 0 0 0 0 0 0 0 0 0 0 0 0 0 0 0 0 0 0 0 0 0 0 0 0 0 0 0 0 0 0 0 0 0 0 0 0 0 0 0 0 0 0 0 0 0 0 0 0 0 0 0 0 0 0 0 0 0 0 0 0 0 0 0 0 0 0 0 0 0 0 0 0 0 0 0 0 0 0 0 0 0 0 0 0 0 0 0 0 0 0 0 0 0 0 0 0 0 0 0 0 0 0 0 0 0 0 0 0 0 0 0 0 0 0 0 0 0 0 0 0 0 0 0 0 0 0 0 0 0 0 0 0 0 0 0 0 0 0 0 0 0 0 0 0 0 0 0 0 0 0 0 0 0 0 0 0 0 0 0 0 0 0 0 0 0 0 0 0 0 0 0 0 0 0 0 0 0 0 0 0 0 0 0 0 0 0 0 0 0 0 0 0 0 0 0 0 0 0 0 0 0 0 0 0 0 0 0 0 0 0 0 0 0 0 0 0 0 0 0 0 0 0 0 0 0 0 0 0 0 0 0 0 0 0 0 0 0 0 0 0 0 0 0 0 0 0 0 0 0 0 0 0 0 0 0 0 0 0 0 0 0 0 0 0 0 0 0 0 0 0 0 0 0 0 0 0 0 0 0 0 0 0 0 0 0 0 0 0 0 0 0 0 0 0 0 0 0 0 0 0 0 0 0 0 0 0 0 0 0 0 0 0 0 0 0 0 0 0 0 0 0 0 0 0 0 0 0 0 0 0 0 0 0 0 0 0 0 0 0 0 0 0 0 0 0 0 0 0 0 0 0 0 0 0 0 0 0 0 0 0 0 0 0 0 0 0 0 0 0 0 0 0 0 0 0 0 0 0 0 0 0 0 0 0 0 0 0 0 0 0 0 0 0 0 0 0 0 0 0 0 0 0 0 0 0 0 0 0 0 0 0 0 0 0 0 0 0 0 0 0 0 0 0 0 0 0 0 0 0 0 0 0 0 0 0 0 0 0 0 0 0 0 0 0 0 0 0 0 0 0 0 0 0 0 0 0 0 0 0 0 0 0 0 0 0 0 0 0 0 0 0 0 0 0 0 0 0 0 0 0 0 0 0 0 0 0 0 0 0 0 0 0 0 0 0 0 0 0 0 0 0 0 0 0 0 0 0 0 0 0 0 0 0 0 0 0 0 0 0 0 0 0 0 0 0 0 0 0 0 0 0 0 0 0 0 0 0 0 0 0 0 0 0 0 0 0 0 0 0 0 0 0 0 0 0 0 0 0 0 0 0 0 0 0 0 0 0 0 0 0 0 0 0 0 0 0 0 0 0 0 0 0 0 0 0 0 0 0 0 0 0 0 0 0 0 0 0 0 0 0 0 0 0 0 0 0 0 0 0 0 0 0 0 0 0 0 0 0 0 0 0 0 0 0 0 0 0 0 0 0 0 0 0 0 0 0 0 0 0 0 0 0 0 0 0 0 0 0 0 0 0 0 0 0 0 0 0 0 0 0 0 0 0 0 0 0 0 0 0 0 0 0 0 0 0 0 0 0 0 0 0 0 0 0 0 0 0 0 0 0 0 0 0 0 0 0 0 0 0 0 0 0 0 0 0 0 0 0 0 0 0 0 0 0 0 0 0 0 0 0 0 0 0 0 0 0 0 0 0 0 0 0 0 0 0 0 0 0 0 0 0 0 0 0 0 0 0 0 0 0 0 0 0 0 0 0 0 0 0 0 0 0 0 0 0 0 0 0 0 0 0 0 0 0 0 0 0 0 0 0 0 0 0 0 0 0 0 0 0 0 0 0 0 0 0 0 0 0 0 0 0 0 0 0 0 0 0 0 0 0 0 0 0 0 0 0 0 0 0 0 0 0 0 0 0 0 0 0 0 0 0 0 0 0 0 0 0 0 0 0 0 0 0 0 0 0 0 0 0 0 0 0 0 0 0 0 0 0 0 0 0 0 0 0 0 0 0 0 0 0 0 0 0 0 0 0 0 0 0 0 0 0 0 0 0 0 0 0 0 0 0 0 0 0 0 0 0 0 0 0 0 0 0 0 0 0 0 0 0 0 0 0 0 0 0 0 0 0 0 0 0 0 0 0 0 0 0 0 0 0 0 0 0 0 0 0 0 0 0 0 0 0 0 0 0 0 0 0 0 0 0 0 0 0 0 0 0 0 0 0 0 0 0 0 0 0 0 0 0 0 0 0 0 0 0 0 0 0 0 0 0 0 0 0 0 0 0 0 0 0 0 0 0 0 0 0 0 0 0 0 0 0 0 0 0 0 0 0 0 0 0 0 0 0 0 0 0 0 0 0 0 0 0 0 0 0 0 0 0 0 0 0 0 0 0 0 0 0 0 0 0 0 0 0 0 0 0 0 0 0 0 0 0 0 0 0 0 0 0 0 0 0 0 0 0 0 0 0 0 0 0 0 0 0 0 0 0 0 0 0 0 0 0 0 0 0 0 0 0 0 0 0
ctxt 5602631957
btime 1790630938
processes 1290165
procs_running 16
procs_blocked 0
softirq 4994293416 73526 14879323 2753188 547993632 621037 0 13560735 58621032 421 60823226
--
cpu  4179777 1841 1785309 56160519 644638 0 845271 0 0 0
cpu0 160322 32 52278 1755150 7655 0 28243 0 0 0
cpu1 161055 37 53141 1759440 9463 0 27468 0 0 0
cpu2 167635 37 53532 1752953 9984 0 27684 0 0 0
cpu3 261756 38 77407 1619627 6568 0 44857 0 0 0
cpu4 259749 43 75249 1624753 8027 0 44735 0 0 0
cpu5 171369 43 55183 1746331 11266 0 28498 0 0 0
cpu6 171794 38 55089 1745276 11971 0 29395 0 0 0
cpu7 176898 37 58546 1734102 11784 0 32501 0 0 0
cpu8 42204 69 45734 1841417 25029 0 13958 0 0 0
cpu9 48702 77 49095 1814169 29379 0 15239 0 0 0
cpu10 45994 75 47380 1823485 27182 0 15001 0 0 0
cpu11 41872 71 43055 1845903 25337 0 13312 0 0 0
cpu12 88720 152 53661 1764838 31438 0 16606 0 0 0
cpu13 84867 82 54731 1763003 33296 0 16988 0 0 0
cpu14 41821 69 42614 1849505 23740 0 13081 0 0 0
cpu15 38671 74 39074 1864008 24315 0 11860 0 0 0
cpu16 218246 32 64912 1683692 10617 0 36329 0 0 0
cpu17 205723 31 62840 1696422 13664 0 34676 0 0 0
cpu18 189904 31 60712 1715344 14182 0 33554 0 0 0
cpu19 349496 28 94008 1507607 6206 0 55215 0 0 0
cpu20 311998 27 87499 1551940 9484 0 52477 0 0 0
cpu21 186972 34 59992 1717221 16240 0 32834 0 0 0
cpu22 171726 37 57438 1736129 16411 0 30827 0 0 0
cpu23 148761 36 51303 1771975 16039 0 25768 0 0 0
cpu24 45294 74 44146 1841753 29049 0 14034 0 0 0
cpu25 50784 71 49252 1815121 32027 0 16629 0 0 0
cpu26 48455 67 48034 1822323 31068 0 16146 0 0 0
cpu27 40928 57 42847 1834410 29309 0 21897 0 0 0
cpu28 80250 93 57579 1750855 34983 0 29420 0 0 0
cpu29 84048 129 59722 1738769 35857 0 30011 0 0 0
cpu30 40289 52 44557 1828601 26332 0 21950 0 0 0
cpu31 43456 54 44684 1844383 26719 0 14068 0 0 0
intr 3516141290 126 0 0 0 0 0 0 0 0 1 0 0 0 0 0 0 0 0 0 0 0 0 0 0 0 0 0 1 1 1 0 0 0 0 1 0 1 0 0 75045 0 0 0 0 0 0 0 0 411 0 0 0 0 0 0 0 0 87 0 0 0 0 0 0 0 0 0 0 0 0 0 0 0 596102 2 35068836 35004231 34920176 35066902 0 16583 15663 19366 19529 12053 15301 20013 20967 17606 55708 75745 61759 51491 83387 79150 45512 42511 19856 23052 27478 11374 17623 25892 26167 22437 57705 71601 64726 52359 83114 90421 47116 48102 0 0 0 0 617365 4718 1036 0 264 0 0 0 0 0 0 0 0 0 0 0 0 0 0 0 0 0 0 0 0 0 0 0 0 0 0 0 0 0 0 0 0 0 0 0 0 0 0 0 0 0 0 0 0 0 0 0 0 0 0 0 0 0 0 0 0 0 0 0 0 0 0 0 0 0 0 0 0 0 0 0 0 0 0 0 0 0 0 0 0 0 0 0 0 0 0 0 0 0 0 0 0 0 0 0 0 0 0 0 0 0 0 0 0 0 0 0 0 0 0 0 0 0 0 0 0 0 0 0 0 0 0 0 0 0 0 0 0 0 0 0 0 0 0 0 0 0 0 0 0 0 0 0 0 0 0 0 0 0 0 0 0 0 0 0 0 0 0 0 0 0 0 0 0 0 0 0 0 0 0 0 0 0 0 0 0 0 0 0 0 0 0 0 0 0 0 0 0 0 0 0 0 0 0 0 0 0 0 0 0 0 0 0 0 0 0 0 0 0 0 0 0 0 0 0 0 0 0 0 0 0 0 0 0 0 0 0 0 0 0 0 0 0 0 0 0 0 0 0 0 0 0 0 0 0 0 0 0 0 0 0 0 0 0 0 0 0 0 0 0 0 0 0 0 0 0 0 0 0 0 0 0 0 0 0 0 0 0 0 0 0 0 0 0 0 0 0 0 0 0 0 0 0 0 0 0 0 0 0 0 0 0 0 0 0 0 0 0 0 0 0 0 0 0 0 0 0 0 0 0 0 0 0 0 0 0 0 0 0 0 0 0 0 0 0 0 0 0 0 0 0 0 0 0 0 0 0 0 0 0 0 0 0 0 0 0 0 0 0 0 0 0 0 0 0 0 0 0 0 0 0 0 0 0 0 0 0 0 0 0 0 0 0 0 0 0 0 0 0 0 0 0 0 0 0 0 0 0 0 0 0 0 0 0 0 0 0 0 0 0 0 0 0 0 0 0 0 0 0 0 0 0 0 0 0 0 0 0 0 0 0 0 0 0 0 0 0 0 0 0 0 0 0 0 0 0 0 0 0 0 0 0 0 0 0 0 0 0 0 0 0 0 0 0 0 0 0 0 0 0 0 0 0 0 0 0 0 0 0 0 0 0 0 0 0 0 0 0 0 0 0 0 0 0 0 0 0 0 0 0 0 0 0 0 0 0 0 0 0 0 0 0 0 0 0 0 0 0 0 0 0 0 0 0 0 0 0 0 0 0 0 0 0 0 0 0 0 0 0 0 0 0 0 0 0 0 0 0 0 0 0 0 0 0 0 0 0 0 0 0 0 0 0 0 0 0 0 0 0 0 0 0 0 0 0 0 0 0 0 0 0 0 0 0 0 0 0 0 0 0 0 0 0 0 0 0 0 0 0 0 0 0 0 0 0 0 0 0 0 0 0 0 0 0 0 0 0 0 0 0 0 0 0 0 0 0 0 0 0 0 0 0 0 0 0 0 0 0 0 0 0 0 0 0 0 0 0 0 0 0 0 0 0 0 0 0 0 0 0 0 0 0 0 0 0 0 0 0 0 0 0 0 0 0 0 0 0 0 0 0 0 0 0 0 0 0 0 0 0 0 0 0 0 0 0 0 0 0 0 0 0 0 0 0 0 0 0 0 0 0 0 0 0 0 0 0 0 0 0 0 0 0 0 0 0 0 0 0 0 0 0 0 0 0 0 0 0 0 0 0 0 0 0 0 0 0 0 0 0 0 0 0 0 0 0 0 0 0 0 0 0 0 0 0 0 0 0 0 0 0 0 0 0 0 0 0 0 0 0 0 0 0 0 0 0 0 0 0 0 0 0 0 0 0 0 0 0 0 0 0 0 0 0 0 0 0 0 0 0 0 0 0 0 0 0 0 0 0 0 0 0 0 0 0 0 0 0 0 0 0 0 0 0 0 0 0 0 0 0 0 0 0 0 0 0 0 0 0 0 0 0 0 0 0 0 0 0 0 0 0 0 0 0 0 0 0 0 0 0 0 0 0 0 0 0 0 0 0 0 0 0 0 0 0 0 0 0 0 0 0 0 0 0 0 0 0 0 0 0 0 0 0 0 0 0 0 0 0 0 0 0 0 0 0 0 0 0 0 0 0 0 0 0 0 0 0 0 0 0 0 0 0 0 0 0 0 0 0 0 0 0 0 0 0 0 0 0 0 0 0 0 0 0 0 0 0 0 0 0 0 0 0 0 0 0 0 0 0 0 0 0 0 0 0 0 0 0 0 0 0 0 0 0 0 0 0 0 0 0 0 0 0 0 0 0 0 0 0 0 0 0 0 0 0 0 0 0 0 0 0 0 0 0 0 0 0 0 0 0 0 0 0 0 0 0 0 0 0 0 0 0 0 0 0 0 0 0 0 0 0 0 0 0 0 0 0 0 0 0 0 0 0 0 0 0 0 0 0 0 0 0 0 0 0 0 0 0 0 0 0 0 0 0 0 0 0 0 0 0 0 0 0 0 0 0 0 0 0 0 0 0 0 0 0 0 0 0 0 0 0 0 0
ctxt 5606655393
btime 1790630938
processes 1290213
procs_running 13
procs_blocked 0
softirq 4996311536 73526 14893113 2753188 549886840 621320 0 13560735 58693416 421 60861681
