Running 10s test @ http://127.0.0.1:18500/swerve/json
  16 threads and 128 connections
  Thread Stats   Avg      Stdev     Max   +/- Stdev
    Latency     6.47ms    1.64ms  10.83ms   75.05%
    Req/Sec     1.24k    69.74     1.42k    57.50%
  Latency Distribution
     50%    5.66ms
     75%    7.35ms
     90%   10.02ms
     99%   10.23ms
  197717 requests in 10.01s, 50.53MB read
Requests/sec:  19761.41
Transfer/sec:      5.05MB
## server-stat
cpu  4061272 1811 1765155 55346164 643769 0 839691 0 0 0
cpu0 154571 32 51332 1732110 7654 0 27933 0 0 0
cpu1 155085 37 52237 1736481 9463 0 27165 0 0 0
cpu2 160567 37 52557 1731237 9984 0 27285 0 0 0
cpu3 254161 38 76348 1598541 6567 0 44477 0 0 0
cpu4 253356 43 74336 1602172 8026 0 44461 0 0 0
cpu5 165048 43 54209 1723728 11265 0 28202 0 0 0
cpu6 165086 38 54165 1723098 11969 0 29018 0 0 0
cpu7 171166 36 57742 1710854 11783 0 32146 0 0 0
cpu8 42107 68 45560 1811881 24965 0 13931 0 0 0
cpu9 48565 76 48893 1784895 29267 0 15203 0 0 0
cpu10 45873 74 47194 1794075 27142 0 14972 0 0 0
cpu11 41771 71 42877 1816310 25317 0 13288 0 0 0
cpu12 88248 150 53389 1736126 31394 0 16532 0 0 0
cpu13 84338 81 54437 1734507 33172 0 16912 0 0 0
cpu14 41703 67 42408 1820091 23722 0 13046 0 0 0
cpu15 38588 73 38898 1834402 24314 0 11837 0 0 0
cpu16 209778 32 63798 1663425 10616 0 35981 0 0 0
cpu17 197509 30 61676 1675927 13663 0 34341 0 0 0
cpu18 182741 31 59634 1693598 14181 0 33334 0 0 0
cpu19 341553 28 92874 1486737 6205 0 54983 0 0 0
cpu20 303220 27 86290 1532033 9484 0 52156 0 0 0
cpu21 178742 34 58861 1696657 16240 0 32539 0 0 0
cpu22 164597 37 56303 1714440 16410 0 30599 0 0 0
cpu23 141540 36 50061 1750545 16039 0 25478 0 0 0
cpu24 45162 73 43963 1812170 29045 0 14013 0 0 0
cpu25 50623 70 49060 1785743 31964 0 16596 0 0 0
cpu26 48313 65 47838 1792911 30975 0 16118 0 0 0
cpu27 40810 56 42669 1804754 29303 0 21879 0 0 0
cpu28 79521 90 57287 1722365 34883 0 29358 0 0 0
cpu29 83424 126 59413 1710289 35720 0 29938 0 0 0
cpu30 40156 50 44341 1799208 26321 0 21915 0 0 0
cpu31 43337 52 44491 1814839 26700 0 14040 0 0 0
intr 3489936051 126 0 0 0 0 0 0 0 0 1 0 0 0 0 0 0 0 0 0 0 0 0 0 0 0 0 0 1 1 1 0 0 0 0 1 0 1 0 0 75045 0 0 0 0 0 0 0 0 411 0 0 0 0 0 0 0 0 87 0 0 0 0 0 0 0 0 0 0 0 0 0 0 0 587536 2 35067306 35003936 34919031 35064951 0 16343 15660 19365 19528 12050 15299 19973 20966 17604 55663 75680 61717 51467 83242 79048 45401 42474 19853 23050 27476 11372 17623 25890 26114 22437 57704 71360 64712 52225 83042 90284 47113 48096 0 0 0 0 617345 4685 1036 0 264 0 0 0 0 0 0 0 0 0 0 0 0 0 0 0 0 0 0 0 0 0 0 0 0 0 0 0 0 0 0 0 0 0 0 0 0 0 0 0 0 0 0 0 0 0 0 0 0 0 0 0 0 0 0 0 0 0 0 0 0 0 0 0 0 0 0 0 0 0 0 0 0 0 0 0 0 0 0 0 0 0 0 0 0 0 0 0 0 0 0 0 0 0 0 0 0 0 0 0 0 0 0 0 0 0 0 0 0 0 0 0 0 0 0 0 0 0 0 0 0 0 0 0 0 0 0 0 0 0 0 0 0 0 0 0 0 0 0 0 0 0 0 0 0 0 0 0 0 0 0 0 0 0 0 0 0 0 0 0 0 0 0 0 0 0 0 0 0 0 0 0 0 0 0 0 0 0 0 0 0 0 0 0 0 0 0 0 0 0 0 0 0 0 0 0 0 0 0 0 0 0 0 0 0 0 0 0 0 0 0 0 0 0 0 0 0 0 0 0 0 0 0 0 0 0 0 0 0 0 0 0 0 0 0 0 0 0 0 0 0 0 0 0 0 0 0 0 0 0 0 0 0 0 0 0 0 0 0 0 0 0 0 0 0 0 0 0 0 0 0 0 0 0 0 0 0 0 0 0 0 0 0 0 0 0 0 0 0 0 0 0 0 0 0 0 0 0 0 0 0 0 0 0 0 0 0 0 0 0 0 0 0 0 0 0 0 0 0 0 0 0 0 0 0 0 0 0 0 0 0 0 0 0 0 0 0 0 0 0 0 0 0 0 0 0 0 0 0 0 0 0 0 0 0 0 0 0 0 0 0 0 0 0 0 0 0 0 0 0 0 0 0 0 0 0 0 0 0 0 0 0 0 0 0 0 0 0 0 0 0 0 0 0 0 0 0 0 0 0 0 0 0 0 0 0 0 0 0 0 0 0 0 0 0 0 0 0 0 0 0 0 0 0 0 0 0 0 0 0 0 0 0 0 0 0 0 0 0 0 0 0 0 0 0 0 0 0 0 0 0 0 0 0 0 0 0 0 0 0 0 0 0 0 0 0 0 0 0 0 0 0 0 0 0 0 0 0 0 0 0 0 0 0 0 0 0 0 0 0 0 0 0 0 0 0 0 0 0 0 0 0 0 0 0 0 0 0 0 0 0 0 0 0 0 0 0 0 0 0 0 0 0 0 0 0 0 0 0 0 0 0 0 0 0 0 0 0 0 0 0 0 0 0 0 0 0 0 0 0 0 0 0 0 0 0 0 0 0 0 0 0 0 0 0 0 0 0 0 0 0 0 0 0 0 0 0 0 0 0 0 0 0 0 0 0 0 0 0 0 0 0 0 0 0 0 0 0 0 0 0 0 0 0 0 0 0 0 0 0 0 0 0 0 0 0 0 0 0 0 0 0 0 0 0 0 0 0 0 0 0 0 0 0 0 0 0 0 0 0 0 0 0 0 0 0 0 0 0 0 0 0 0 0 0 0 0 0 0 0 0 0 0 0 0 0 0 0 0 0 0 0 0 0 0 0 0 0 0 0 0 0 0 0 0 0 0 0 0 0 0 0 0 0 0 0 0 0 0 0 0 0 0 0 0 0 0 0 0 0 0 0 0 0 0 0 0 0 0 0 0 0 0 0 0 0 0 0 0 0 0 0 0 0 0 0 0 0 0 0 0 0 0 0 0 0 0 0 0 0 0 0 0 0 0 0 0 0 0 0 0 0 0 0 0 0 0 0 0 0 0 0 0 0 0 0 0 0 0 0 0 0 0 0 0 0 0 0 0 0 0 0 0 0 0 0 0 0 0 0 0 0 0 0 0 0 0 0 0 0 0 0 0 0 0 0 0 0 0 0 0 0 0 0 0 0 0 0 0 0 0 0 0 0 0 0 0 0 0 0 0 0 0 0 0 0 0 0 0 0 0 0 0 0 0 0 0 0 0 0 0 0 0 0 0 0 0 0 0 0 0 0 0 0 0 0 0 0 0 0 0 0 0 0 0 0 0 0 0 0 0 0 0 0 0 0 0 0 0 0 0 0 0 0 0 0 0 0 0 0 0 0 0 0 0 0 0 0 0 0 0 0 0 0 0 0 0 0 0 0 0 0 0 0 0 0 0 0 0 0 0 0 0 0 0 0 0 0 0 0 0 0 0 0 0 0 0 0 0 0 0 0 0 0 0 0 0 0 0 0 0 0 0 0 0 0 0 0 0 0 0 0 0 0 0 0 0 0 0 0 0 0 0 0 0 0 0 0 0 0 0 0 0 0 0 0 0 0 0 0 0 0 0 0 0 0 0 0 0 0 0 0 0 0 0 0 0 0 0 0 0 0 0 0 0 0 0 0 0 0 0 0 0 0 0 0 0 0 0 0 0 0 0 0 0 0 0 0 0 0 0 0 0 0 0 0 0 0 0 0 0 0 0 0 0 0 0 0 0 0 0 0 0 0 0 0 0 0 0 0 0 0 0 0 0 0 0 0 0 0 0 0 0
ctxt 5561653676
btime 1790630938
processes 1224424
procs_running 9
procs_blocked 0
softirq 4962477145 73526 14522623 2753185 521029296 612393 0 13560641 57761464 421 57196300
--
cpu  4066874 1812 1765937 55365100 643783 0 839790 0 0 0
cpu0 154950 32 51384 1732466 7654 0 27941 0 0 0
cpu1 155421 37 52282 1736889 9463 0 27170 0 0 0
cpu2 160844 37 52597 1731712 9984 0 27289 0 0 0
cpu3 254411 38 76382 1599050 6567 0 44482 0 0 0
cpu4 253627 43 74373 1602658 8026 0 44465 0 0 0
cpu5 165232 43 54231 1724318 11265 0 28205 0 0 0
cpu6 165276 38 54190 1723680 11969 0 29021 0 0 0
cpu7 171307 36 57761 1711491 11783 0 32149 0 0 0
cpu8 42108 68 45560 1812676 24965 0 13931 0 0 0
cpu9 48566 76 48893 1785690 29267 0 15203 0 0 0
cpu10 45873 74 47195 1794871 27142 0 14972 0 0 0
cpu11 41771 71 42877 1817106 25317 0 13288 0 0 0
cpu12 88253 150 53392 1736895 31394 0 16533 0 0 0
cpu13 84344 81 54440 1735273 33172 0 16913 0 0 0
cpu14 41704 68 42409 1820881 23722 0 13047 0 0 0
cpu15 38589 73 38898 1835198 24315 0 11837 0 0 0
cpu16 210094 32 63839 1663862 10616 0 35986 0 0 0
cpu17 197871 30 61722 1676313 13663 0 34346 0 0 0
cpu18 183152 31 59694 1693919 14181 0 33341 0 0 0
cpu19 341991 28 92939 1487024 6205 0 54993 0 0 0
cpu20 303638 27 86352 1532346 9484 0 52163 0 0 0
cpu21 179255 34 58928 1696865 16240 0 32551 0 0 0
cpu22 165100 37 56377 1714657 16410 0 30605 0 0 0
cpu23 142094 36 50135 1750707 16039 0 25488 0 0 0
cpu24 45162 73 43963 1812965 29045 0 14013 0 0 0
cpu25 50623 70 49060 1786539 31964 0 16596 0 0 0
cpu26 48313 65 47838 1793708 30975 0 16118 0 0 0
cpu27 40810 56 42669 1805551 29303 0 21879 0 0 0
cpu28 79539 90 57290 1723111 34895 0 29359 0 0 0
cpu29 83445 126 59418 1711039 35721 0 29939 0 0 0
cpu30 40160 50 44343 1799993 26321 0 21915 0 0 0
cpu31 43337 52 44491 1815632 26700 0 14040 0 0 0
intr 3490284663 126 0 0 0 0 0 0 0 0 1 0 0 0 0 0 0 0 0 0 0 0 0 0 0 0 0 0 1 1 1 0 0 0 0 1 0 1 0 0 75045 0 0 0 0 0 0 0 0 411 0 0 0 0 0 0 0 0 87 0 0 0 0 0 0 0 0 0 0 0 0 0 0 0 587668 2 35067335 35003942 34919049 35064986 0 16347 15660 19365 19528 12050 15299 19973 20966 17604 55664 75680 61717 51467 83242 79048 45401 42476 19855 23050 27476 11372 17623 25890 26114 22437 57704 71360 64712 52225 83048 90286 47113 48096 0 0 0 0 617345 4685 1036 0 264 0 0 0 0 0 0 0 0 0 0 0 0 0 0 0 0 0 0 0 0 0 0 0 0 0 0 0 0 0 0 0 0 0 0 0 0 0 0 0 0 0 0 0 0 0 0 0 0 0 0 0 0 0 0 0 0 0 0 0 0 0 0 0 0 0 0 0 0 0 0 0 0 0 0 0 0 0 0 0 0 0 0 0 0 0 0 0 0 0 0 0 0 0 0 0 0 0 0 0 0 0 0 0 0 0 0 0 0 0 0 0 0 0 0 0 0 0 0 0 0 0 0 0 0 0 0 0 0 0 0 0 0 0 0 0 0 0 0 0 0 0 0 0 0 0 0 0 0 0 0 0 0 0 0 0 0 0 0 0 0 0 0 0 0 0 0 0 0 0 0 0 0 0 0 0 0 0 0 0 0 0 0 0 0 0 0 0 0 0 0 0 0 0 0 0 0 0 0 0 0 0 0 0 0 0 0 0 0 0 0 0 0 0 0 0 0 0 0 0 0 0 0 0 0 0 0 0 0 0 0 0 0 0 0 0 0 0 0 0 0 0 0 0 0 0 0 0 0 0 0 0 0 0 0 0 0 0 0 0 0 0 0 0 0 0 0 0 0 0 0 0 0 0 0 0 0 0 0 0 0 0 0 0 0 0 0 0 0 0 0 0 0 0 0 0 0 0 0 0 0 0 0 0 0 0 0 0 0 0 0 0 0 0 0 0 0 0 0 0 0 0 0 0 0 0 0 0 0 0 0 0 0 0 0 0 0 0 0 0 0 0 0 0 0 0 0 0 0 0 0 0 0 0 0 0 0 0 0 0 0 0 0 0 0 0 0 0 0 0 0 0 0 0 0 0 0 0 0 0 0 0 0 0 0 0 0 0 0 0 0 0 0 0 0 0 0 0 0 0 0 0 0 0 0 0 0 0 0 0 0 0 0 0 0 0 0 0 0 0 0 0 0 0 0 0 0 0 0 0 0 0 0 0 0 0 0 0 0 0 0 0 0 0 0 0 0 0 0 0 0 0 0 0 0 0 0 0 0 0 0 0 0 0 0 0 0 0 0 0 0 0 0 0 0 0 0 0 0 0 0 0 0 0 0 0 0 0 0 0 0 0 0 0 0 0 0 0 0 0 0 0 0 0 0 0 0 0 0 0 0 0 0 0 0 0 0 0 0 0 0 0 0 0 0 0 0 0 0 0 0 0 0 0 0 0 0 0 0 0 0 0 0 0 0 0 0 0 0 0 0 0 0 0 0 0 0 0 0 0 0 0 0 0 0 0 0 0 0 0 0 0 0 0 0 0 0 0 0 0 0 0 0 0 0 0 0 0 0 0 0 0 0 0 0 0 0 0 0 0 0 0 0 0 0 0 0 0 0 0 0 0 0 0 0 0 0 0 0 0 0 0 0 0 0 0 0 0 0 0 0 0 0 0 0 0 0 0 0 0 0 0 0 0 0 0 0 0 0 0 0 0 0 0 0 0 0 0 0 0 0 0 0 0 0 0 0 0 0 0 0 0 0 0 0 0 0 0 0 0 0 0 0 0 0 0 0 0 0 0 0 0 0 0 0 0 0 0 0 0 0 0 0 0 0 0 0 0 0 0 0 0 0 0 0 0 0 0 0 0 0 0 0 0 0 0 0 0 0 0 0 0 0 0 0 0 0 0 0 0 0 0 0 0 0 0 0 0 0 0 0 0 0 0 0 0 0 0 0 0 0 0 0 0 0 0 0 0 0 0 0 0 0 0 0 0 0 0 0 0 0 0 0 0 0 0 0 0 0 0 0 0 0 0 0 0 0 0 0 0 0 0 0 0 0 0 0 0 0 0 0 0 0 0 0 0 0 0 0 0 0 0 0 0 0 0 0 0 0 0 0 0 0 0 0 0 0 0 0 0 0 0 0 0 0 0 0 0 0 0 0 0 0 0 0 0 0 0 0 0 0 0 0 0 0 0 0 0 0 0 0 0 0 0 0 0 0 0 0 0 0 0 0 0 0 0 0 0 0 0 0 0 0 0 0 0 0 0 0 0 0 0 0 0 0 0 0 0 0 0 0 0 0 0 0 0 0 0 0 0 0 0 0 0 0 0 0 0 0 0 0 0 0 0 0 0 0 0 0 0 0 0 0 0 0 0 0 0 0 0 0 0 0 0 0 0 0 0 0 0 0 0 0 0 0 0 0 0 0 0 0 0 0 0 0 0 0 0 0 0 0 0 0 0 0 0 0 0 0 0 0 0 0 0 0 0 0 0 0 0 0 0 0 0 0 0 0 0 0 0 0 0 0 0 0 0 0 0 0 0 0 0 0 0 0 0 0 0 0 0 0 0 0 0 0 0 0 0 0 0 0 0 0 0 0 0 0 0 0 0 0 0 0 0 0 0 0 0 0 0 0 0 0 0 0 0 0 0 0 0 0 0 0 0 0 0 0 0 0 0 0 0 0 0 0 0 0 0 0 0 0 0 0 0 0 0 0 0 0 0 0 0 0
ctxt 5562115901
btime 1790630938
processes 1224469
procs_running 9
procs_blocked 0
softirq 4963263990 73526 14527899 2753185 521345872 612531 0 13560641 57776682 421 57645937
