Running 10s test @ http://127.0.0.1:18500/api/json
  16 threads and 128 connections
  Thread Stats   Avg      Stdev     Max   +/- Stdev
    Latency     8.60ms    7.82ms  28.37ms   77.71%
    Req/Sec     1.20k     0.86k    7.87k    49.97%
  Latency Distribution
     50%    4.05ms
     75%   11.83ms
     90%   25.30ms
     99%   25.44ms
  190470 requests in 10.10s, 44.14MB read
Requests/sec:  18859.79
Transfer/sec:      4.37MB
## server-stat
cpu  3923508 1761 1724650 53791257 542943 0 819037 0 0 0
cpu0 147883 31 49755 1683688 6678 0 27200 0 0 0
cpu1 147991 36 50567 1688773 8121 0 26281 0 0 0
cpu2 152815 36 50957 1684617 8153 0 26345 0 0 0
cpu3 244095 36 73986 1554709 5464 0 43274 0 0 0
cpu4 245426 42 72559 1555122 6888 0 43676 0 0 0
cpu5 158377 41 52586 1676266 9171 0 27228 0 0 0
cpu6 159310 36 52990 1674369 9579 0 28334 0 0 0
cpu7 164532 35 56106 1663958 9363 0 30979 0 0 0
cpu8 41911 66 44909 1759673 21017 0 13669 0 0 0
cpu9 48256 73 48205 1733377 24976 0 14923 0 0 0
cpu10 45656 72 46515 1742145 23036 0 14712 0 0 0
cpu11 41601 68 42291 1763889 21278 0 13068 0 0 0
cpu12 87267 148 52568 1685471 27164 0 16219 0 0 0
cpu13 83375 79 53583 1684308 28622 0 16586 0 0 0
cpu14 41520 66 41829 1767260 20087 0 12823 0 0 0
cpu15 38435 70 38389 1781447 20494 0 11632 0 0 0
cpu16 198792 31 61569 1620602 9172 0 34634 0 0 0
cpu17 188238 29 59851 1631592 11435 0 33209 0 0 0
cpu18 175225 30 58047 1647643 11451 0 32353 0 0 0
cpu19 330922 28 90413 1443192 5251 0 53835 0 0 0
cpu20 291520 27 83634 1490132 8362 0 50735 0 0 0
cpu21 170093 33 57203 1651889 13430 0 31617 0 0 0
cpu22 156494 36 54495 1669643 13503 0 29439 0 0 0
cpu23 136050 34 48819 1702108 13057 0 24852 0 0 0
cpu24 44923 71 43329 1760310 24517 0 13769 0 0 0
cpu25 50324 68 48306 1734658 27227 0 16287 0 0 0
cpu26 48029 62 47104 1741672 26255 0 15827 0 0 0
cpu27 40595 54 42025 1753029 24681 0 21632 0 0 0
cpu28 78418 87 56264 1673265 29814 0 28958 0 0 0
cpu29 82377 123 58300 1661585 30419 0 29513 0 0 0
cpu30 39918 48 43651 1747756 21955 0 21644 0 0 0
cpu31 43124 50 43831 1763093 22307 0 13771 0 0 0
intr 3410957115 126 0 0 0 0 0 0 0 0 1 0 0 0 0 0 0 0 0 0 0 0 0 0 0 0 0 0 1 1 1 0 0 0 0 1 0 1 0 0 75045 0 0 0 0 0 0 0 0 411 0 0 0 0 0 0 0 0 87 0 0 0 0 0 0 0 0 0 0 0 0 0 0 0 557252 2 35065495 35002551 34918252 35062616 0 15869 13986 17117 16780 10438 12927 16935 18064 14617 49936 66712 54029 45929 68904 66921 40595 37448 17382 19200 22986 9315 15399 21791 22268 19312 48754 61443 57095 45779 70040 73215 41817 42578 0 0 0 0 617305 4637 1036 0 264 0 0 0 0 0 0 0 0 0 0 0 0 0 0 0 0 0 0 0 0 0 0 0 0 0 0 0 0 0 0 0 0 0 0 0 0 0 0 0 0 0 0 0 0 0 0 0 0 0 0 0 0 0 0 0 0 0 0 0 0 0 0 0 0 0 0 0 0 0 0 0 0 0 0 0 0 0 0 0 0 0 0 0 0 0 0 0 0 0 0 0 0 0 0 0 0 0 0 0 0 0 0 0 0 0 0 0 0 0 0 0 0 0 0 0 0 0 0 0 0 0 0 0 0 0 0 0 0 0 0 0 0 0 0 0 0 0 0 0 0 0 0 0 0 0 0 0 0 0 0 0 0 0 0 0 0 0 0 0 0 0 0 0 0 0 0 0 0 0 0 0 0 0 0 0 0 0 0 0 0 0 0 0 0 0 0 0 0 0 0 0 0 0 0 0 0 0 0 0 0 0 0 0 0 0 0 0 0 0 0 0 0 0 0 0 0 0 0 0 0 0 0 0 0 0 0 0 0 0 0 0 0 0 0 0 0 0 0 0 0 0 0 0 0 0 0 0 0 0 0 0 0 0 0 0 0 0 0 0 0 0 0 0 0 0 0 0 0 0 0 0 0 0 0 0 0 0 0 0 0 0 0 0 0 0 0 0 0 0 0 0 0 0 0 0 0 0 0 0 0 0 0 0 0 0 0 0 0 0 0 0 0 0 0 0 0 0 0 0 0 0 0 0 0 0 0 0 0 0 0 0 0 0 0 0 0 0 0 0 0 0 0 0 0 0 0 0 0 0 0 0 0 0 0 0 0 0 0 0 0 0 0 0 0 0 0 0 0 0 0 0 0 0 0 0 0 0 0 0 0 0 0 0 0 0 0 0 0 0 0 0 0 0 0 0 0 0 0 0 0 0 0 0 0 0 0 0 0 0 0 0 0 0 0 0 0 0 0 0 0 0 0 0 0 0 0 0 0 0 0 0 0 0 0 0 0 0 0 0 0 0 0 0 0 0 0 0 0 0 0 0 0 0 0 0 0 0 0 0 0 0 0 0 0 0 0 0 0 0 0 0 0 0 0 0 0 0 0 0 0 0 0 0 0 0 0 0 0 0 0 0 0 0 0 0 0 0 0 0 0 0 0 0 0 0 0 0 0 0 0 0 0 0 0 0 0 0 0 0 0 0 0 0 0 0 0 0 0 0 0 0 0 0 0 0 0 0 0 0 0 0 0 0 0 0 0 0 0 0 0 0 0 0 0 0 0 0 0 0 0 0 0 0 0 0 0 0 0 0 0 0 0 0 0 0 0 0 0 0 0 0 0 0 0 0 0 0 0 0 0 0 0 0 0 0 0 0 0 0 0 0 0 0 0 0 0 0 0 0 0 0 0 0 0 0 0 0 0 0 0 0 0 0 0 0 0 0 0 0 0 0 0 0 0 0 0 0 0 0 0 0 0 0 0 0 0 0 0 0 0 0 0 0 0 0 0 0 0 0 0 0 0 0 0 0 0 0 0 0 0 0 0 0 0 0 0 0 0 0 0 0 0 0 0 0 0 0 0 0 0 0 0 0 0 0 0 0 0 0 0 0 0 0 0 0 0 0 0 0 0 0 0 0 0 0 0 0 0 0 0 0 0 0 0 0 0 0 0 0 0 0 0 0 0 0 0 0 0 0 0 0 0 0 0 0 0 0 0 0 0 0 0 0 0 0 0 0 0 0 0 0 0 0 0 0 0 0 0 0 0 0 0 0 0 0 0 0 0 0 0 0 0 0 0 0 0 0 0 0 0 0 0 0 0 0 0 0 0 0 0 0 0 0 0 0 0 0 0 0 0 0 0 0 0 0 0 0 0 0 0 0 0 0 0 0 0 0 0 0 0 0 0 0 0 0 0 0 0 0 0 0 0 0 0 0 0 0 0 0 0 0 0 0 0 0 0 0 0 0 0 0 0 0 0 0 0 0 0 0 0 0 0 0 0 0 0 0 0 0 0 0 0 0 0 0 0 0 0 0 0 0 0 0 0 0 0 0 0 0 0 0 0 0 0 0 0 0 0 0 0 0 0 0 0 0 0 0 0 0 0 0 0 0 0 0 0 0 0 0 0 0 0 0 0 0 0 0 0 0 0 0 0 0 0 0 0 0 0 0 0 0 0 0 0 0 0 0 0 0 0 0 0 0 0 0 0 0 0 0 0 0 0 0 0 0 0 0 0 0 0 0 0 0 0 0 0 0 0 0 0 0 0 0 0 0 0 0 0 0 0 0 0 0 0 0 0 0 0 0 0 0 0 0 0 0 0 0 0 0 0 0 0 0 0 0 0 0 0 0 0 0 0 0 0 0 0 0 0 0 0 0 0 0 0 0 0 0 0 0 0 0 0 0 0 0 0 0 0 0 0 0 0 0 0 0 0 0 0 0 0 0 0 0 0 0 0 0 0 0 0 0 0 0 0 0 0 0 0 0 0 0 0 0 0 0 0 0 0 0 0 0 0
ctxt 5420328108
btime 1790630938
processes 1154308
procs_running 9
procs_blocked 1
softirq 4837627675 73526 14020051 2753177 401130509 581341 0 13560510 56208946 421 54331898
--
cpu  3928992 1762 1724780 53811003 542969 0 819097 0 0 0
cpu0 147884 31 49755 1684471 6678 0 27200 0 0 0
cpu1 147991 36 50567 1689573 8121 0 26281 0 0 0
cpu2 153168 36 50965 1685054 8153 0 26348 0 0 0
cpu3 244872 36 74003 1554709 5464 0 43281 0 0 0
cpu4 245864 42 72568 1555471 6888 0 43681 0 0 0
cpu5 158377 41 52586 1677066 9171 0 27228 0 0 0
cpu6 160085 36 53008 1674369 9579 0 28341 0 0 0
cpu7 164532 35 56106 1664757 9363 0 30979 0 0 0
cpu8 41911 66 44910 1760465 21017 0 13669 0 0 0
cpu9 48263 73 48206 1734155 24976 0 14923 0 0 0
cpu10 45657 72 46515 1742931 23036 0 14712 0 0 0
cpu11 41602 68 42292 1764680 21278 0 13068 0 0 0
cpu12 87285 148 52570 1686220 27186 0 16220 0 0 0
cpu13 83387 79 53585 1685078 28622 0 16586 0 0 0
cpu14 41521 66 41829 1768047 20087 0 12823 0 0 0
cpu15 38437 70 38389 1782237 20494 0 11633 0 0 0
cpu16 199565 31 61586 1620602 9172 0 34645 0 0 0
cpu17 189013 29 59868 1631592 11435 0 33217 0 0 0
cpu18 175648 30 58056 1648006 11451 0 32356 0 0 0
cpu19 330923 28 90413 1443991 5251 0 53835 0 0 0
cpu20 291859 27 83643 1490581 8362 0 50738 0 0 0
cpu21 170868 33 57218 1651889 13430 0 31626 0 0 0
cpu22 156494 36 54495 1670443 13503 0 29439 0 0 0
cpu23 136050 34 48819 1702908 13057 0 24852 0 0 0
cpu24 44924 71 43329 1761107 24517 0 13769 0 0 0
cpu25 50324 68 48307 1735450 27227 0 16287 0 0 0
cpu26 48031 62 47104 1742464 26255 0 15827 0 0 0
cpu27 40595 54 42025 1753825 24681 0 21632 0 0 0
cpu28 78428 87 56265 1674047 29814 0 28958 0 0 0
cpu29 82379 123 58302 1662363 30423 0 29514 0 0 0
cpu30 39918 48 43651 1748547 21955 0 21644 0 0 0
cpu31 43124 50 43831 1763888 22307 0 13771 0 0 0
intr 3411291086 126 0 0 0 0 0 0 0 0 1 0 0 0 0 0 0 0 0 0 0 0 0 0 0 0 0 0 1 1 1 0 0 0 0 1 0 1 0 0 75045 0 0 0 0 0 0 0 0 411 0 0 0 0 0 0 0 0 87 0 0 0 0 0 0 0 0 0 0 0 0 0 0 0 557433 2 35065528 35002573 34918268 35062651 0 15873 13986 17117 16780 10438 12927 16935 18064 14617 49936 66712 54029 45929 68907 66924 40597 37448 17382 19200 22986 9315 15399 21791 22268 19312 48754 61444 57095 45779 70040 73215 41817 42579 0 0 0 0 617305 4637 1036 0 264 0 0 0 0 0 0 0 0 0 0 0 0 0 0 0 0 0 0 0 0 0 0 0 0 0 0 0 0 0 0 0 0 0 0 0 0 0 0 0 0 0 0 0 0 0 0 0 0 0 0 0 0 0 0 0 0 0 0 0 0 0 0 0 0 0 0 0 0 0 0 0 0 0 0 0 0 0 0 0 0 0 0 0 0 0 0 0 0 0 0 0 0 0 0 0 0 0 0 0 0 0 0 0 0 0 0 0 0 0 0 0 0 0 0 0 0 0 0 0 0 0 0 0 0 0 0 0 0 0 0 0 0 0 0 0 0 0 0 0 0 0 0 0 0 0 0 0 0 0 0 0 0 0 0 0 0 0 0 0 0 0 0 0 0 0 0 0 0 0 0 0 0 0 0 0 0 0 0 0 0 0 0 0 0 0 0 0 0 0 0 0 0 0 0 0 0 0 0 0 0 0 0 0 0 0 0 0 0 0 0 0 0 0 0 0 0 0 0 0 0 0 0 0 0 0 0 0 0 0 0 0 0 0 0 0 0 0 0 0 0 0 0 0 0 0 0 0 0 0 0 0 0 0 0 0 0 0 0 0 0 0 0 0 0 0 0 0 0 0 0 0 0 0 0 0 0 0 0 0 0 0 0 0 0 0 0 0 0 0 0 0 0 0 0 0 0 0 0 0 0 0 0 0 0 0 0 0 0 0 0 0 0 0 0 0 0 0 0 0 0 0 0 0 0 0 0 0 0 0 0 0 0 0 0 0 0 0 0 0 0 0 0 0 0 0 0 0 0 0 0 0 0 0 0 0 0 0 0 0 0 0 0 0 0 0 0 0 0 0 0 0 0 0 0 0 0 0 0 0 0 0 0 0 0 0 0 0 0 0 0 0 0 0 0 0 0 0 0 0 0 0 0 0 0 0 0 0 0 0 0 0 0 0 0 0 0 0 0 0 0 0 0 0 0 0 0 0 0 0 0 0 0 0 0 0 0 0 0 0 0 0 0 0 0 0 0 0 0 0 0 0 0 0 0 0 0 0 0 0 0 0 0 0 0 0 0 0 0 0 0 0 0 0 0 0 0 0 0 0 0 0 0 0 0 0 0 0 0 0 0 0 0 0 0 0 0 0 0 0 0 0 0 0 0 0 0 0 0 0 0 0 0 0 0 0 0 0 0 0 0 0 0 0 0 0 0 0 0 0 0 0 0 0 0 0 0 0 0 0 0 0 0 0 0 0 0 0 0 0 0 0 0 0 0 0 0 0 0 0 0 0 0 0 0 0 0 0 0 0 0 0 0 0 0 0 0 0 0 0 0 0 0 0 0 0 0 0 0 0 0 0 0 0 0 0 0 0 0 0 0 0 0 0 0 0 0 0 0 0 0 0 0 0 0 0 0 0 0 0 0 0 0 0 0 0 0 0 0 0 0 0 0 0 0 0 0 0 0 0 0 0 0 0 0 0 0 0 0 0 0 0 0 0 0 0 0 0 0 0 0 0 0 0 0 0 0 0 0 0 0 0 0 0 0 0 0 0 0 0 0 0 0 0 0 0 0 0 0 0 0 0 0 0 0 0 0 0 0 0 0 0 0 0 0 0 0 0 0 0 0 0 0 0 0 0 0 0 0 0 0 0 0 0 0 0 0 0 0 0 0 0 0 0 0 0 0 0 0 0 0 0 0 0 0 0 0 0 0 0 0 0 0 0 0 0 0 0 0 0 0 0 0 0 0 0 0 0 0 0 0 0 0 0 0 0 0 0 0 0 0 0 0 0 0 0 0 0 0 0 0 0 0 0 0 0 0 0 0 0 0 0 0 0 0 0 0 0 0 0 0 0 0 0 0 0 0 0 0 0 0 0 0 0 0 0 0 0 0 0 0 0 0 0 0 0 0 0 0 0 0 0 0 0 0 0 0 0 0 0 0 0 0 0 0 0 0 0 0 0 0 0 0 0 0 0 0 0 0 0 0 0 0 0 0 0 0 0 0 0 0 0 0 0 0 0 0 0 0 0 0 0 0 0 0 0 0 0 0 0 0 0 0 0 0 0 0 0 0 0 0 0 0 0 0 0 0 0 0 0 0 0 0 0 0 0 0 0 0 0 0 0 0 0 0 0 0 0 0 0 0 0 0 0 0 0 0 0 0 0 0 0 0 0 0 0 0 0 0 0 0 0 0 0 0 0 0 0 0 0 0 0 0 0 0 0 0 0 0 0 0 0 0 0 0 0 0 0 0 0 0 0 0 0 0 0 0 0 0 0 0 0 0 0 0 0 0 0 0 0 0 0 0 0 0 0 0 0 0 0 0 0 0 0 0 0 0 0 0 0 0 0 0 0 0 0 0 0 0 0 0 0 0 0 0 0 0 0 0 0 0 0 0 0 0 0 0 0 0 0 0 0 0 0 0 0 0 0 0 0 0 0 0 0 0 0 0 0 0 0 0 0 0 0 0 0 0 0 0 0 0 0 0 0 0 0 0 0 0 0 0 0 0
ctxt 5420760085
btime 1790630938
processes 1154357
procs_running 8
procs_blocked 0
softirq 4837968799 73526 14024417 2753177 401434191 581526 0 13560510 56220530 421 54353205
