Running 10s test @ http://127.0.0.1:18500/swerve/json
  16 threads and 128 connections
  Thread Stats   Avg      Stdev     Max   +/- Stdev
    Latency     6.32ms    1.70ms  22.14ms   62.28%
    Req/Sec     1.27k   326.16    13.47k    99.94%
  Latency Distribution
     50%    6.02ms
     75%    7.88ms
     90%    8.35ms
     99%    8.45ms
  202600 requests in 10.10s, 51.78MB read
Requests/sec:  20061.66
Transfer/sec:      5.13MB
## server-stat
cpu  4080585 1818 1769323 55501266 643949 0 840025 0 0 0
cpu0 155848 32 51579 1736153 7654 0 27965 0 0 0
cpu1 156231 37 52466 1740684 9463 0 27187 0 0 0
cpu2 161488 37 52738 1735722 9984 0 27301 0 0 0
cpu3 255266 38 76562 1602801 6567 0 44494 0 0 0
cpu4 254356 43 74536 1606562 8026 0 44476 0 0 0
cpu5 165629 43 54335 1728624 11265 0 28212 0 0 0
cpu6 165568 38 54269 1728122 11969 0 29024 0 0 0
cpu7 171692 36 57852 1715825 11784 0 32154 0 0 0
cpu8 42122 68 45584 1817427 24980 0 13931 0 0 0
cpu9 48585 76 48919 1790422 29292 0 15204 0 0 0
cpu10 45888 74 47221 1799633 27142 0 14972 0 0 0
cpu11 41785 71 42902 1821877 25317 0 13288 0 0 0
cpu12 88303 150 53424 1741572 31395 0 16535 0 0 0
cpu13 84463 82 54473 1739844 33197 0 16916 0 0 0
cpu14 41719 68 42436 1825636 23724 0 13047 0 0 0
cpu15 38598 73 38922 1839971 24315 0 11838 0 0 0
cpu16 210810 32 63999 1667791 10616 0 35996 0 0 0
cpu17 198622 30 61902 1680187 13663 0 34357 0 0 0
cpu18 184080 31 59889 1697597 14181 0 33356 0 0 0
cpu19 343141 28 93179 1490424 6205 0 55012 0 0 0
cpu20 304643 27 86573 1535919 9484 0 52179 0 0 0
cpu21 180407 34 59190 1700249 16240 0 32569 0 0 0
cpu22 166359 37 56642 1717930 16410 0 30623 0 0 0
cpu23 143236 36 50388 1754112 16039 0 25505 0 0 0
cpu24 45182 73 43991 1817725 29045 0 14013 0 0 0
cpu25 50643 70 49087 1791289 31965 0 16597 0 0 0
cpu26 48334 65 47870 1798460 30975 0 16119 0 0 0
cpu27 40829 56 42696 1810308 29304 0 21879 0 0 0
cpu28 79655 91 57333 1727689 34922 0 29362 0 0 0
cpu29 83551 127 59462 1715599 35770 0 29942 0 0 0
cpu30 40182 51 44373 1804728 26321 0 21916 0 0 0
cpu31 43355 52 44520 1820370 26717 0 14041 0 0 0
intr 3491711038 126 0 0 0 0 0 0 0 0 1 0 0 0 0 0 0 0 0 0 0 0 0 0 0 0 0 0 1 1 1 0 0 0 0 1 0 1 0 0 75045 0 0 0 0 0 0 0 0 411 0 0 0 0 0 0 0 0 87 0 0 0 0 0 0 0 0 0 0 0 0 0 0 0 589506 2 35067547 35004036 34919231 35065318 0 16387 15661 19365 19528 12051 15300 19973 20966 17604 55666 75680 61717 51468 83244 79055 45403 42476 19855 23050 27476 11373 17623 25891 26165 22437 57704 71363 64712 52234 83073 90289 47113 48097 0 0 0 0 617349 4697 1036 0 264 0 0 0 0 0 0 0 0 0 0 0 0 0 0 0 0 0 0 0 0 0 0 0 0 0 0 0 0 0 0 0 0 0 0 0 0 0 0 0 0 0 0 0 0 0 0 0 0 0 0 0 0 0 0 0 0 0 0 0 0 0 0 0 0 0 0 0 0 0 0 0 0 0 0 0 0 0 0 0 0 0 0 0 0 0 0 0 0 0 0 0 0 0 0 0 0 0 0 0 0 0 0 0 0 0 0 0 0 0 0 0 0 0 0 0 0 0 0 0 0 0 0 0 0 0 0 0 0 0 0 0 0 0 0 0 0 0 0 0 0 0 0 0 0 0 0 0 0 0 0 0 0 0 0 0 0 0 0 0 0 0 0 0 0 0 0 0 0 0 0 0 0 0 0 0 0 0 0 0 0 0 0 0 0 0 0 0 0 0 0 0 0 0 0 0 0 0 0 0 0 0 0 0 0 0 0 0 0 0 0 0 0 0 0 0 0 0 0 0 0 0 0 0 0 0 0 0 0 0 0 0 0 0 0 0 0 0 0 0 0 0 0 0 0 0 0 0 0 0 0 0 0 0 0 0 0 0 0 0 0 0 0 0 0 0 0 0 0 0 0 0 0 0 0 0 0 0 0 0 0 0 0 0 0 0 0 0 0 0 0 0 0 0 0 0 0 0 0 0 0 0 0 0 0 0 0 0 0 0 0 0 0 0 0 0 0 0 0 0 0 0 0 0 0 0 0 0 0 0 0 0 0 0 0 0 0 0 0 0 0 0 0 0 0 0 0 0 0 0 0 0 0 0 0 0 0 0 0 0 0 0 0 0 0 0 0 0 0 0 0 0 0 0 0 0 0 0 0 0 0 0 0 0 0 0 0 0 0 0 0 0 0 0 0 0 0 0 0 0 0 0 0 0 0 0 0 0 0 0 0 0 0 0 0 0 0 0 0 0 0 0 0 0 0 0 0 0 0 0 0 0 0 0 0 0 0 0 0 0 0 0 0 0 0 0 0 0 0 0 0 0 0 0 0 0 0 0 0 0 0 0 0 0 0 0 0 0 0 0 0 0 0 0 0 0 0 0 0 0 0 0 0 0 0 0 0 0 0 0 0 0 0 0 0 0 0 0 0 0 0 0 0 0 0 0 0 0 0 0 0 0 0 0 0 0 0 0 0 0 0 0 0 0 0 0 0 0 0 0 0 0 0 0 0 0 0 0 0 0 0 0 0 0 0 0 0 0 0 0 0 0 0 0 0 0 0 0 0 0 0 0 0 0 0 0 0 0 0 0 0 0 0 0 0 0 0 0 0 0 0 0 0 0 0 0 0 0 0 0 0 0 0 0 0 0 0 0 0 0 0 0 0 0 0 0 0 0 0 0 0 0 0 0 0 0 0 0 0 0 0 0 0 0 0 0 0 0 0 0 0 0 0 0 0 0 0 0 0 0 0 0 0 0 0 0 0 0 0 0 0 0 0 0 0 0 0 0 0 0 0 0 0 0 0 0 0 0 0 0 0 0 0 0 0 0 0 0 0 0 0 0 0 0 0 0 0 0 0 0 0 0 0 0 0 0 0 0 0 0 0 0 0 0 0 0 0 0 0 0 0 0 0 0 0 0 0 0 0 0 0 0 0 0 0 0 0 0 0 0 0 0 0 0 0 0 0 0 0 0 0 0 0 0 0 0 0 0 0 0 0 0 0 0 0 0 0 0 0 0 0 0 0 0 0 0 0 0 0 0 0 0 0 0 0 0 0 0 0 0 0 0 0 0 0 0 0 0 0 0 0 0 0 0 0 0 0 0 0 0 0 0 0 0 0 0 0 0 0 0 0 0 0 0 0 0 0 0 0 0 0 0 0 0 0 0 0 0 0 0 0 0 0 0 0 0 0 0 0 0 0 0 0 0 0 0 0 0 0 0 0 0 0 0 0 0 0 0 0 0 0 0 0 0 0 0 0 0 0 0 0 0 0 0 0 0 0 0 0 0 0 0 0 0 0 0 0 0 0 0 0 0 0 0 0 0 0 0 0 0 0 0 0 0 0 0 0 0 0 0 0 0 0 0 0 0 0 0 0 0 0 0 0 0 0 0 0 0 0 0 0 0 0 0 0 0 0 0 0 0 0 0 0 0 0 0 0 0 0 0 0 0 0 0 0 0 0 0 0 0 0 0 0 0 0 0 0 0 0 0 0 0 0 0 0 0 0 0 0 0 0 0 0 0 0 0 0 0 0 0 0 0 0 0 0 0 0 0 0 0 0 0 0 0 0 0 0 0 0 0 0 0 0 0 0 0 0 0 0 0 0 0 0 0 0 0 0 0 0 0 0 0 0 0 0 0 0 0 0 0 0 0 0 0 0 0 0 0 0 0 0 0 0 0 0 0 0 0 0 0 0 0 0 0 0 0 0 0 0 0 0 0 0 0 0 0 0 0 0 0 0 0 0 0 0 0 0 0 0 0 0 0 0 0 0 0 0 0 0 0 0 0 0
ctxt 5563808882
btime 1790630938
processes 1235472
procs_running 9
procs_blocked 0
softirq 4965118286 73526 14576042 2753188 522007255 614426 0 13560678 57878528 421 58686926
--
cpu  4086241 1818 1770087 55520148 643978 0 840120 0 0 0
cpu0 156222 32 51628 1736519 7654 0 27970 0 0 0
cpu1 156535 37 52505 1741131 9463 0 27191 0 0 0
cpu2 161755 37 52769 1736217 9984 0 27305 0 0 0
cpu3 255450 38 76588 1603386 6567 0 44497 0 0 0
cpu4 254556 43 74561 1607133 8026 0 44480 0 0 0
cpu5 165801 43 54362 1729221 11265 0 28215 0 0 0
cpu6 165736 38 54290 1728730 11969 0 29026 0 0 0
cpu7 171843 36 57874 1716451 11784 0 32156 0 0 0
cpu8 42123 68 45584 1818222 24981 0 13931 0 0 0
cpu9 48587 76 48920 1791217 29292 0 15204 0 0 0
cpu10 45888 75 47221 1800429 27142 0 14972 0 0 0
cpu11 41785 71 42902 1822674 25317 0 13288 0 0 0
cpu12 88305 150 53427 1742341 31396 0 16536 0 0 0
cpu13 84468 82 54476 1740610 33197 0 16918 0 0 0
cpu14 41720 68 42436 1826427 23724 0 13048 0 0 0
cpu15 38598 73 38922 1840768 24315 0 11838 0 0 0
cpu16 211136 32 64041 1668217 10616 0 36001 0 0 0
cpu17 199023 30 61950 1680533 13663 0 34362 0 0 0
cpu18 184515 31 59945 1697897 14181 0 33364 0 0 0
cpu19 343650 28 93248 1490635 6205 0 55022 0 0 0
cpu20 305146 27 86636 1536145 9484 0 52186 0 0 0
cpu21 180925 34 59267 1700445 16240 0 32577 0 0 0
cpu22 166886 37 56714 1718121 16410 0 30632 0 0 0
cpu23 143776 36 50460 1754288 16039 0 25516 0 0 0
cpu24 45183 73 43991 1818522 29045 0 14013 0 0 0
cpu25 50644 70 49088 1792083 31966 0 16597 0 0 0
cpu26 48336 65 47870 1799255 30975 0 16119 0 0 0
cpu27 40829 56 42696 1811104 29304 0 21879 0 0 0
cpu28 79675 91 57338 1728420 34936 0 29363 0 0 0
cpu29 83585 127 59468 1716320 35784 0 29943 0 0 0
cpu30 40187 51 44374 1805510 26321 0 21916 0 0 0
cpu31 43357 52 44521 1821164 26717 0 14041 0 0 0
intr 3492068122 126 0 0 0 0 0 0 0 0 1 0 0 0 0 0 0 0 0 0 0 0 0 0 0 0 0 0 1 1 1 0 0 0 0 1 0 1 0 0 75045 0 0 0 0 0 0 0 0 411 0 0 0 0 0 0 0 0 87 0 0 0 0 0 0 0 0 0 0 0 0 0 0 0 589765 2 35067585 35004042 34919263 35065382 0 16395 15661 19365 19528 12051 15300 19973 20966 17604 55666 75680 61717 51468 83245 79078 45403 42476 19855 23050 27476 11373 17623 25891 26165 22437 57704 71363 64712 52240 83074 90289 47113 48097 0 0 0 0 617349 4697 1036 0 264 0 0 0 0 0 0 0 0 0 0 0 0 0 0 0 0 0 0 0 0 0 0 0 0 0 0 0 0 0 0 0 0 0 0 0 0 0 0 0 0 0 0 0 0 0 0 0 0 0 0 0 0 0 0 0 0 0 0 0 0 0 0 0 0 0 0 0 0 0 0 0 0 0 0 0 0 0 0 0 0 0 0 0 0 0 0 0 0 0 0 0 0 0 0 0 0 0 0 0 0 0 0 0 0 0 0 0 0 0 0 0 0 0 0 0 0 0 0 0 0 0 0 0 0 0 0 0 0 0 0 0 0 0 0 0 0 0 0 0 0 0 0 0 0 0 0 0 0 0 0 0 0 0 0 0 0 0 0 0 0 0 0 0 0 0 0 0 0 0 0 0 0 0 0 0 0 0 0 0 0 0 0 0 0 0 0 0 0 0 0 0 0 0 0 0 0 0 0 0 0 0 0 0 0 0 0 0 0 0 0 0 0 0 0 0 0 0 0 0 0 0 0 0 0 0 0 0 0 0 0 0 0 0 0 0 0 0 0 0 0 0 0 0 0 0 0 0 0 0 0 0 0 0 0 0 0 0 0 0 0 0 0 0 0 0 0 0 0 0 0 0 0 0 0 0 0 0 0 0 0 0 0 0 0 0 0 0 0 0 0 0 0 0 0 0 0 0 0 0 0 0 0 0 0 0 0 0 0 0 0 0 0 0 0 0 0 0 0 0 0 0 0 0 0 0 0 0 0 0 0 0 0 0 0 0 0 0 0 0 0 0 0 0 0 0 0 0 0 0 0 0 0 0 0 0 0 0 0 0 0 0 0 0 0 0 0 0 0 0 0 0 0 0 0 0 0 0 0 0 0 0 0 0 0 0 0 0 0 0 0 0 0 0 0 0 0 0 0 0 0 0 0 0 0 0 0 0 0 0 0 0 0 0 0 0 0 0 0 0 0 0 0 0 0 0 0 0 0 0 0 0 0 0 0 0 0 0 0 0 0 0 0 0 0 0 0 0 0 0 0 0 0 0 0 0 0 0 0 0 0 0 0 0 0 0 0 0 0 0 0 0 0 0 0 0 0 0 0 0 0 0 0 0 0 0 0 0 0 0 0 0 0 0 0 0 0 0 0 0 0 0 0 0 0 0 0 0 0 0 0 0 0 0 0 0 0 0 0 0 0 0 0 0 0 0 0 0 0 0 0 0 0 0 0 0 0 0 0 0 0 0 0 0 0 0 0 0 0 0 0 0 0 0 0 0 0 0 0 0 0 0 0 0 0 0 0 0 0 0 0 0 0 0 0 0 0 0 0 0 0 0 0 0 0 0 0 0 0 0 0 0 0 0 0 0 0 0 0 0 0 0 0 0 0 0 0 0 0 0 0 0 0 0 0 0 0 0 0 0 0 0 0 0 0 0 0 0 0 0 0 0 0 0 0 0 0 0 0 0 0 0 0 0 0 0 0 0 0 0 0 0 0 0 0 0 0 0 0 0 0 0 0 0 0 0 0 0 0 0 0 0 0 0 0 0 0 0 0 0 0 0 0 0 0 0 0 0 0 0 0 0 0 0 0 0 0 0 0 0 0 0 0 0 0 0 0 0 0 0 0 0 0 0 0 0 0 0 0 0 0 0 0 0 0 0 0 0 0 0 0 0 0 0 0 0 0 0 0 0 0 0 0 0 0 0 0 0 0 0 0 0 0 0 0 0 0 0 0 0 0 0 0 0 0 0 0 0 0 0 0 0 0 0 0 0 0 0 0 0 0 0 0 0 0 0 0 0 0 0 0 0 0 0 0 0 0 0 0 0 0 0 0 0 0 0 0 0 0 0 0 0 0 0 0 0 0 0 0 0 0 0 0 0 0 0 0 0 0 0 0 0 0 0 0 0 0 0 0 0 0 0 0 0 0 0 0 0 0 0 0 0 0 0 0 0 0 0 0 0 0 0 0 0 0 0 0 0 0 0 0 0 0 0 0 0 0 0 0 0 0 0 0 0 0 0 0 0 0 0 0 0 0 0 0 0 0 0 0 0 0 0 0 0 0 0 0 0 0 0 0 0 0 0 0 0 0 0 0 0 0 0 0 0 0 0 0 0 0 0 0 0 0 0 0 0 0 0 0 0 0 0 0 0 0 0 0 0 0 0 0 0 0 0 0 0 0 0 0 0 0 0 0 0 0 0 0 0 0 0 0 0 0 0 0 0 0 0 0 0 0 0 0 0 0 0 0 0 0 0 0 0 0 0 0 0 0 0 0 0 0 0 0 0 0 0 0 0 0 0 0 0 0 0 0 0 0 0 0 0 0 0 0 0 0 0 0 0 0 0 0 0 0 0 0 0 0 0 0 0 0 0 0 0 0 0 0 0 0 0 0 0 0 0 0 0 0 0 0 0 0 0 0 0 0 0 0 0 0 0 0 0 0 0 0 0 0 0 0 0 0 0 0 0 0 0 0 0 0 0 0 0 0 0 0 0 0 0 0 0 0 0 0
ctxt 5564283925
btime 1790630938
processes 1235545
procs_running 9
procs_blocked 0
softirq 4965928722 73526 14581243 2753188 522329490 614696 0 13560678 57893760 421 59154424
