Running 10s test @ http://127.0.0.1:18500/usleep?ms=10
  16 threads and 1000 connections
  Thread Stats   Avg      Stdev     Max   +/- Stdev
    Latency     1.32s   221.18ms   2.37s    90.61%
    Req/Sec    95.50     76.66   420.00     73.77%
  Latency Distribution
     50%    1.25s 
     75%    1.25s 
     90%    1.49s 
     99%    2.29s 
  7068 requests in 10.10s, 1.17MB read
Requests/sec:    700.10
Transfer/sec:    118.28KB
## server-stat
cpu  4041844 1804 1756300 55077092 643537 0 832992 0 0 0
cpu0 153668 32 51066 1723753 7654 0 27738 0 0 0
cpu1 153815 36 51856 1728637 9462 0 26866 0 0 0
cpu2 159416 37 52211 1723197 9983 0 27020 0 0 0
cpu3 252335 37 75774 1591618 6566 0 44027 0 0 0
cpu4 252398 43 74070 1593791 8026 0 44280 0 0 0
cpu5 163735 42 53766 1716015 11265 0 27851 0 0 0
cpu6 164510 37 53963 1714228 11969 0 28855 0 0 0
cpu7 170225 36 57395 1702614 11783 0 31860 0 0 0
cpu8 42058 67 45387 1802990 24964 0 13820 0 0 0
cpu9 48509 75 48725 1776071 29236 0 15091 0 0 0
cpu10 45823 74 47009 1785217 27141 0 14860 0 0 0
cpu11 41728 71 42717 1807402 25315 0 13186 0 0 0
cpu12 88104 150 53194 1727391 31393 0 16411 0 0 0
cpu13 84173 80 54239 1725864 33109 0 16796 0 0 0
cpu14 41661 67 42256 1811148 23703 0 12944 0 0 0
cpu15 38561 73 38756 1825406 24302 0 11740 0 0 0
cpu16 208279 31 63351 1655960 10616 0 35580 0 0 0
cpu17 196597 30 61344 1667665 13663 0 34037 0 0 0
cpu18 181814 30 59306 1685339 14181 0 33036 0 0 0
cpu19 340423 28 92506 1478721 6205 0 54701 0 0 0
cpu20 301492 27 85678 1525062 9484 0 51652 0 0 0
cpu21 177919 33 58585 1688163 16240 0 32321 0 0 0
cpu22 163230 37 55836 1706851 16409 0 30207 0 0 0
cpu23 140585 35 49750 1742249 16039 0 25227 0 0 0
cpu24 45118 72 43789 1803281 29042 0 13895 0 0 0
cpu25 50561 69 48867 1776927 31963 0 16469 0 0 0
cpu26 48258 64 47648 1784081 30975 0 15994 0 0 0
cpu27 40769 56 42492 1795867 29295 0 21766 0 0 0
cpu28 79394 90 57073 1713671 34851 0 29224 0 0 0
cpu29 83264 126 59181 1701656 35673 0 29806 0 0 0
cpu30 40110 50 44169 1790315 26314 0 21799 0 0 0
cpu31 43297 52 44327 1805927 26699 0 13920 0 0 0
intr 3472611320 126 0 0 0 0 0 0 0 0 1 0 0 0 0 0 0 0 0 0 0 0 0 0 0 0 0 0 1 1 1 0 0 0 0 1 0 1 0 0 75045 0 0 0 0 0 0 0 0 411 0 0 0 0 0 0 0 0 87 0 0 0 0 0 0 0 0 0 0 0 0 0 0 0 585228 2 35066877 35003752 34918820 35064384 0 16263 15660 19363 19528 12047 15296 19972 20965 17604 55663 75669 61714 51434 83241 79039 45397 42469 19853 23050 27476 11372 17621 25890 26111 22437 57694 71359 64710 52188 83016 90271 47113 48095 0 0 0 0 617337 4676 1036 0 264 0 0 0 0 0 0 0 0 0 0 0 0 0 0 0 0 0 0 0 0 0 0 0 0 0 0 0 0 0 0 0 0 0 0 0 0 0 0 0 0 0 0 0 0 0 0 0 0 0 0 0 0 0 0 0 0 0 0 0 0 0 0 0 0 0 0 0 0 0 0 0 0 0 0 0 0 0 0 0 0 0 0 0 0 0 0 0 0 0 0 0 0 0 0 0 0 0 0 0 0 0 0 0 0 0 0 0 0 0 0 0 0 0 0 0 0 0 0 0 0 0 0 0 0 0 0 0 0 0 0 0 0 0 0 0 0 0 0 0 0 0 0 0 0 0 0 0 0 0 0 0 0 0 0 0 0 0 0 0 0 0 0 0 0 0 0 0 0 0 0 0 0 0 0 0 0 0 0 0 0 0 0 0 0 0 0 0 0 0 0 0 0 0 0 0 0 0 0 0 0 0 0 0 0 0 0 0 0 0 0 0 0 0 0 0 0 0 0 0 0 0 0 0 0 0 0 0 0 0 0 0 0 0 0 0 0 0 0 0 0 0 0 0 0 0 0 0 0 0 0 0 0 0 0 0 0 0 0 0 0 0 0 0 0 0 0 0 0 0 0 0 0 0 0 0 0 0 0 0 0 0 0 0 0 0 0 0 0 0 0 0 0 0 0 0 0 0 0 0 0 0 0 0 0 0 0 0 0 0 0 0 0 0 0 0 0 0 0 0 0 0 0 0 0 0 0 0 0 0 0 0 0 0 0 0 0 0 0 0 0 0 0 0 0 0 0 0 0 0 0 0 0 0 0 0 0 0 0 0 0 0 0 0 0 0 0 0 0 0 0 0 0 0 0 0 0 0 0 0 0 0 0 0 0 0 0 0 0 0 0 0 0 0 0 0 0 0 0 0 0 0 0 0 0 0 0 0 0 0 0 0 0 0 0 0 0 0 0 0 0 0 0 0 0 0 0 0 0 0 0 0 0 0 0 0 0 0 0 0 0 0 0 0 0 0 0 0 0 0 0 0 0 0 0 0 0 0 0 0 0 0 0 0 0 0 0 0 0 0 0 0 0 0 0 0 0 0 0 0 0 0 0 0 0 0 0 0 0 0 0 0 0 0 0 0 0 0 0 0 0 0 0 0 0 0 0 0 0 0 0 0 0 0 0 0 0 0 0 0 0 0 0 0 0 0 0 0 0 0 0 0 0 0 0 0 0 0 0 0 0 0 0 0 0 0 0 0 0 0 0 0 0 0 0 0 0 0 0 0 0 0 0 0 0 0 0 0 0 0 0 0 0 0 0 0 0 0 0 0 0 0 0 0 0 0 0 0 0 0 0 0 0 0 0 0 0 0 0 0 0 0 0 0 0 0 0 0 0 0 0 0 0 0 0 0 0 0 0 0 0 0 0 0 0 0 0 0 0 0 0 0 0 0 0 0 0 0 0 0 0 0 0 0 0 0 0 0 0 0 0 0 0 0 0 0 0 0 0 0 0 0 0 0 0 0 0 0 0 0 0 0 0 0 0 0 0 0 0 0 0 0 0 0 0 0 0 0 0 0 0 0 0 0 0 0 0 0 0 0 0 0 0 0 0 0 0 0 0 0 0 0 0 0 0 0 0 0 0 0 0 0 0 0 0 0 0 0 0 0 0 0 0 0 0 0 0 0 0 0 0 0 0 0 0 0 0 0 0 0 0 0 0 0 0 0 0 0 0 0 0 0 0 0 0 0 0 0 0 0 0 0 0 0 0 0 0 0 0 0 0 0 0 0 0 0 0 0 0 0 0 0 0 0 0 0 0 0 0 0 0 0 0 0 0 0 0 0 0 0 0 0 0 0 0 0 0 0 0 0 0 0 0 0 0 0 0 0 0 0 0 0 0 0 0 0 0 0 0 0 0 0 0 0 0 0 0 0 0 0 0 0 0 0 0 0 0 0 0 0 0 0 0 0 0 0 0 0 0 0 0 0 0 0 0 0 0 0 0 0 0 0 0 0 0 0 0 0 0 0 0 0 0 0 0 0 0 0 0 0 0 0 0 0 0 0 0 0 0 0 0 0 0 0 0 0 0 0 0 0 0 0 0 0 0 0 0 0 0 0 0 0 0 0 0 0 0 0 0 0 0 0 0 0 0 0 0 0 0 0 0 0 0 0 0 0 0 0 0 0 0 0 0 0 0 0 0 0 0 0 0 0 0 0 0 0 0 0 0 0 0 0 0 0 0 0 0 0 0 0 0 0 0 0 0 0 0 0 0 0 0 0 0 0 0 0 0 0 0 0 0 0 0 0 0 0 0 0 0 0 0 0 0 0 0 0 0 0 0 0 0 0 0 0 0 0 0 0 0 0 0 0 0 0 0 0 0 0 0 0 0 0 0 0 0 0 0 0 0 0 0 0 0 0 0 0 0 0 0 0 0 0 0 0 0 0 0 0 0 0 0 0 0 0 0 0 0 0 0 0 0 0 0 0 0 0 0 0 0 0 0 0 0
ctxt 5528495011
btime 1790630938
processes 1222983
procs_running 1
procs_blocked 0
softirq 4919816132 73526 14472324 2753177 479041850 609948 0 13560610 57563678 421 56773302
--
cpu  4041916 1805 1756316 55102513 643569 0 832999 0 0 0
cpu0 153669 32 51067 1724548 7654 0 27740 0 0 0
cpu1 153816 36 51857 1729432 9462 0 26866 0 0 0
cpu2 159418 37 52212 1723993 9983 0 27020 0 0 0
cpu3 252338 38 75774 1592412 6566 0 44027 0 0 0
cpu4 252400 43 74071 1594585 8026 0 44280 0 0 0
cpu5 163736 42 53766 1716811 11265 0 27851 0 0 0
cpu6 164511 38 53964 1715025 11969 0 28855 0 0 0
cpu7 170226 36 57395 1703411 11783 0 31860 0 0 0
cpu8 42059 67 45388 1803788 24964 0 13820 0 0 0
cpu9 48510 75 48726 1776837 29266 0 15091 0 0 0
cpu10 45824 74 47010 1786014 27141 0 14861 0 0 0
cpu11 41728 71 42718 1808199 25316 0 13186 0 0 0
cpu12 88123 150 53196 1728168 31393 0 16412 0 0 0
cpu13 84201 80 54243 1726629 33109 0 16796 0 0 0
cpu14 41663 67 42256 1811946 23703 0 12944 0 0 0
cpu15 38561 73 38756 1826204 24302 0 11740 0 0 0
cpu16 208280 32 63351 1656755 10616 0 35580 0 0 0
cpu17 196597 30 61345 1668462 13663 0 34037 0 0 0
cpu18 181814 30 59306 1686138 14181 0 33036 0 0 0
cpu19 340425 28 92506 1479518 6205 0 54701 0 0 0
cpu20 301494 27 85678 1525858 9484 0 51652 0 0 0
cpu21 177919 33 58585 1688960 16240 0 32321 0 0 0
cpu22 163231 37 55836 1707648 16409 0 30208 0 0 0
cpu23 140586 35 49750 1743048 16039 0 25227 0 0 0
cpu24 45118 72 43789 1804080 29042 0 13895 0 0 0
cpu25 50561 69 48867 1777725 31963 0 16469 0 0 0
cpu26 48259 64 47648 1784879 30975 0 15994 0 0 0
cpu27 40770 56 42492 1796665 29296 0 21766 0 0 0
cpu28 79394 90 57073 1714469 34851 0 29224 0 0 0
cpu29 83264 126 59181 1702453 35673 0 29807 0 0 0
cpu30 40110 50 44170 1791114 26314 0 21799 0 0 0
cpu31 43298 52 44327 1806726 26699 0 13920 0 0 0
intr 3472791165 126 0 0 0 0 0 0 0 0 1 0 0 0 0 0 0 0 0 0 0 0 0 0 0 0 0 0 1 1 1 0 0 0 0 1 0 1 0 0 75045 0 0 0 0 0 0 0 0 411 0 0 0 0 0 0 0 0 87 0 0 0 0 0 0 0 0 0 0 0 0 0 0 0 585514 2 35066917 35003768 34918856 35064440 0 16271 15660 19363 19528 12048 15296 19972 20965 17604 55663 75678 61715 51434 83241 79039 45397 42469 19853 23050 27476 11372 17621 25890 26113 22437 57694 71359 64710 52194 83016 90271 47113 48095 0 0 0 0 617337 4685 1036 0 264 0 0 0 0 0 0 0 0 0 0 0 0 0 0 0 0 0 0 0 0 0 0 0 0 0 0 0 0 0 0 0 0 0 0 0 0 0 0 0 0 0 0 0 0 0 0 0 0 0 0 0 0 0 0 0 0 0 0 0 0 0 0 0 0 0 0 0 0 0 0 0 0 0 0 0 0 0 0 0 0 0 0 0 0 0 0 0 0 0 0 0 0 0 0 0 0 0 0 0 0 0 0 0 0 0 0 0 0 0 0 0 0 0 0 0 0 0 0 0 0 0 0 0 0 0 0 0 0 0 0 0 0 0 0 0 0 0 0 0 0 0 0 0 0 0 0 0 0 0 0 0 0 0 0 0 0 0 0 0 0 0 0 0 0 0 0 0 0 0 0 0 0 0 0 0 0 0 0 0 0 0 0 0 0 0 0 0 0 0 0 0 0 0 0 0 0 0 0 0 0 0 0 0 0 0 0 0 0 0 0 0 0 0 0 0 0 0 0 0 0 0 0 0 0 0 0 0 0 0 0 0 0 0 0 0 0 0 0 0 0 0 0 0 0 0 0 0 0 0 0 0 0 0 0 0 0 0 0 0 0 0 0 0 0 0 0 0 0 0 0 0 0 0 0 0 0 0 0 0 0 0 0 0 0 0 0 0 0 0 0 0 0 0 0 0 0 0 0 0 0 0 0 0 0 0 0 0 0 0 0 0 0 0 0 0 0 0 0 0 0 0 0 0 0 0 0 0 0 0 0 0 0 0 0 0 0 0 0 0 0 0 0 0 0 0 0 0 0 0 0 0 0 0 0 0 0 0 0 0 0 0 0 0 0 0 0 0 0 0 0 0 0 0 0 0 0 0 0 0 0 0 0 0 0 0 0 0 0 0 0 0 0 0 0 0 0 0 0 0 0 0 0 0 0 0 0 0 0 0 0 0 0 0 0 0 0 0 0 0 0 0 0 0 0 0 0 0 0 0 0 0 0 0 0 0 0 0 0 0 0 0 0 0 0 0 0 0 0 0 0 0 0 0 0 0 0 0 0 0 0 0 0 0 0 0 0 0 0 0 0 0 0 0 0 0 0 0 0 0 0 0 0 0 0 0 0 0 0 0 0 0 0 0 0 0 0 0 0 0 0 0 0 0 0 0 0 0 0 0 0 0 0 0 0 0 0 0 0 0 0 0 0 0 0 0 0 0 0 0 0 0 0 0 0 0 0 0 0 0 0 0 0 0 0 0 0 0 0 0 0 0 0 0 0 0 0 0 0 0 0 0 0 0 0 0 0 0 0 0 0 0 0 0 0 0 0 0 0 0 0 0 0 0 0 0 0 0 0 0 0 0 0 0 0 0 0 0 0 0 0 0 0 0 0 0 0 0 0 0 0 0 0 0 0 0 0 0 0 0 0 0 0 0 0 0 0 0 0 0 0 0 0 0 0 0 0 0 0 0 0 0 0 0 0 0 0 0 0 0 0 0 0 0 0 0 0 0 0 0 0 0 0 0 0 0 0 0 0 0 0 0 0 0 0 0 0 0 0 0 0 0 0 0 0 0 0 0 0 0 0 0 0 0 0 0 0 0 0 0 0 0 0 0 0 0 0 0 0 0 0 0 0 0 0 0 0 0 0 0 0 0 0 0 0 0 0 0 0 0 0 0 0 0 0 0 0 0 0 0 0 0 0 0 0 0 0 0 0 0 0 0 0 0 0 0 0 0 0 0 0 0 0 0 0 0 0 0 0 0 0 0 0 0 0 0 0 0 0 0 0 0 0 0 0 0 0 0 0 0 0 0 0 0 0 0 0 0 0 0 0 0 0 0 0 0 0 0 0 0 0 0 0 0 0 0 0 0 0 0 0 0 0 0 0 0 0 0 0 0 0 0 0 0 0 0 0 0 0 0 0 0 0 0 0 0 0 0 0 0 0 0 0 0 0 0 0 0 0 0 0 0 0 0 0 0 0 0 0 0 0 0 0 0 0 0 0 0 0 0 0 0 0 0 0 0 0 0 0 0 0 0 0 0 0 0 0 0 0 0 0 0 0 0 0 0 0 0 0 0 0 0 0 0 0 0 0 0 0 0 0 0 0 0 0 0 0 0 0 0 0 0 0 0 0 0 0 0 0 0 0 0 0 0 0 0 0 0 0 0 0 0 0 0 0 0 0 0 0 0 0 0 0 0 0 0 0 0 0 0 0 0 0 0 0 0 0 0 0 0 0 0 0 0 0 0 0 0 0 0 0 0 0 0 0 0 0 0 0 0 0 0 0 0 0 0 0 0 0 0 0 0 0 0 0 0 0 0 0 0 0 0 0 0 0 0 0 0 0 0 0 0 0 0 0 0 0 0 0 0 0 0 0 0 0 0 0 0 0 0 0 0 0 0 0 0 0 0 0 0 0 0 0 0 0 0 0 0 0 0 0 0 0 0 0 0 0 0 0 0 0 0 0 0 0 0 0 0 0 0 0 0 0 0 0 0 0 0 0 0 0 0 0
ctxt 5528794822
btime 1790630938
processes 1223060
procs_running 2
procs_blocked 0
softirq 4919856277 73526 14480794 2753178 479054661 610253 0 13560641 57572823 421 56782684
