Running 10s test @ http://127.0.0.1:18500/api/usleep?ms=10
  16 threads and 1000 connections
  Thread Stats   Avg      Stdev     Max   +/- Stdev
    Latency     1.96s     1.23s    6.19s    61.70%
    Req/Sec    38.82     25.91   171.00     67.20%
  Latency Distribution
     50%    2.02s 
     75%    2.74s 
     90%    3.41s 
     99%    5.94s 
  4491 requests in 10.09s, 1.02MB read
Requests/sec:    445.09
Transfer/sec:    103.88KB
## server-stat
cpu  3936501 1765 1726211 53889299 558783 0 819177 0 0 0
cpu0 148301 31 49803 1687060 6818 0 27208 0 0 0
cpu1 148505 36 50632 1692079 8248 0 26286 0 0 0
cpu2 153810 36 51033 1687434 8285 0 26357 0 0 0
cpu3 245439 36 74057 1557089 5677 0 43287 0 0 0
cpu4 246292 42 72614 1558028 7078 0 43684 0 0 0
cpu5 158667 41 52635 1679695 9439 0 27229 0 0 0
cpu6 160315 36 53043 1676972 9940 0 28343 0 0 0
cpu7 164586 35 56132 1667522 9746 0 30979 0 0 0
cpu8 41924 66 44938 1762920 21739 0 13669 0 0 0
cpu9 48292 74 48237 1736630 25657 0 14924 0 0 0
cpu10 45676 72 46543 1745375 23761 0 14712 0 0 0
cpu11 41617 69 42319 1767141 21992 0 13068 0 0 0
cpu12 87356 148 52608 1688599 27907 0 16221 0 0 0
cpu13 83457 79 53620 1687438 29365 0 16587 0 0 0
cpu14 41537 66 41861 1770596 20710 0 12824 0 0 0
cpu15 38449 71 38419 1784720 21189 0 11633 0 0 0
cpu16 200442 31 61679 1622762 9264 0 34653 0 0 0
cpu17 189721 29 59949 1633871 11596 0 33223 0 0 0
cpu18 175918 30 58100 1650681 11697 0 32358 0 0 0
cpu19 331737 28 90509 1446229 5322 0 53842 0 0 0
cpu20 292744 27 83744 1492741 8443 0 50744 0 0 0
cpu21 171107 33 57260 1654458 13811 0 31628 0 0 0
cpu22 156551 36 54525 1673156 13933 0 29440 0 0 0
cpu23 136086 34 48845 1705547 13584 0 24853 0 0 0
cpu24 44945 71 43361 1763502 25288 0 13770 0 0 0
cpu25 50347 68 48343 1737785 28051 0 16288 0 0 0
cpu26 48053 62 47138 1744775 27106 0 15827 0 0 0
cpu27 40616 55 42056 1756183 25491 0 21633 0 0 0
cpu28 78505 87 56302 1676368 30599 0 28959 0 0 0
cpu29 82416 123 58342 1664660 31267 0 29515 0 0 0
cpu30 39935 48 43685 1750948 22725 0 21645 0 0 0
cpu31 43142 50 43865 1766320 23044 0 13772 0 0 0
intr 3412435920 126 0 0 0 0 0 0 0 0 1 0 0 0 0 0 0 0 0 0 0 0 0 0 0 0 0 0 1 1 1 0 0 0 0 1 0 1 0 0 75045 0 0 0 0 0 0 0 0 411 0 0 0 0 0 0 0 0 87 0 0 0 0 0 0 0 0 0 0 0 0 0 0 0 559815 2 35065635 35002660 34918299 35062762 0 15901 14162 17271 16969 10677 13167 17261 18471 15060 50746 67635 54944 46706 69762 67818 41209 38159 17513 19381 23293 9409 15502 22221 22779 19751 49634 62465 58132 46639 70984 74305 42486 43245 0 0 0 0 617309 4646 1036 0 264 0 0 0 0 0 0 0 0 0 0 0 0 0 0 0 0 0 0 0 0 0 0 0 0 0 0 0 0 0 0 0 0 0 0 0 0 0 0 0 0 0 0 0 0 0 0 0 0 0 0 0 0 0 0 0 0 0 0 0 0 0 0 0 0 0 0 0 0 0 0 0 0 0 0 0 0 0 0 0 0 0 0 0 0 0 0 0 0 0 0 0 0 0 0 0 0 0 0 0 0 0 0 0 0 0 0 0 0 0 0 0 0 0 0 0 0 0 0 0 0 0 0 0 0 0 0 0 0 0 0 0 0 0 0 0 0 0 0 0 0 0 0 0 0 0 0 0 0 0 0 0 0 0 0 0 0 0 0 0 0 0 0 0 0 0 0 0 0 0 0 0 0 0 0 0 0 0 0 0 0 0 0 0 0 0 0 0 0 0 0 0 0 0 0 0 0 0 0 0 0 0 0 0 0 0 0 0 0 0 0 0 0 0 0 0 0 0 0 0 0 0 0 0 0 0 0 0 0 0 0 0 0 0 0 0 0 0 0 0 0 0 0 0 0 0 0 0 0 0 0 0 0 0 0 0 0 0 0 0 0 0 0 0 0 0 0 0 0 0 0 0 0 0 0 0 0 0 0 0 0 0 0 0 0 0 0 0 0 0 0 0 0 0 0 0 0 0 0 0 0 0 0 0 0 0 0 0 0 0 0 0 0 0 0 0 0 0 0 0 0 0 0 0 0 0 0 0 0 0 0 0 0 0 0 0 0 0 0 0 0 0 0 0 0 0 0 0 0 0 0 0 0 0 0 0 0 0 0 0 0 0 0 0 0 0 0 0 0 0 0 0 0 0 0 0 0 0 0 0 0 0 0 0 0 0 0 0 0 0 0 0 0 0 0 0 0 0 0 0 0 0 0 0 0 0 0 0 0 0 0 0 0 0 0 0 0 0 0 0 0 0 0 0 0 0 0 0 0 0 0 0 0 0 0 0 0 0 0 0 0 0 0 0 0 0 0 0 0 0 0 0 0 0 0 0 0 0 0 0 0 0 0 0 0 0 0 0 0 0 0 0 0 0 0 0 0 0 0 0 0 0 0 0 0 0 0 0 0 0 0 0 0 0 0 0 0 0 0 0 0 0 0 0 0 0 0 0 0 0 0 0 0 0 0 0 0 0 0 0 0 0 0 0 0 0 0 0 0 0 0 0 0 0 0 0 0 0 0 0 0 0 0 0 0 0 0 0 0 0 0 0 0 0 0 0 0 0 0 0 0 0 0 0 0 0 0 0 0 0 0 0 0 0 0 0 0 0 0 0 0 0 0 0 0 0 0 0 0 0 0 0 0 0 0 0 0 0 0 0 0 0 0 0 0 0 0 0 0 0 0 0 0 0 0 0 0 0 0 0 0 0 0 0 0 0 0 0 0 0 0 0 0 0 0 0 0 0 0 0 0 0 0 0 0 0 0 0 0 0 0 0 0 0 0 0 0 0 0 0 0 0 0 0 0 0 0 0 0 0 0 0 0 0 0 0 0 0 0 0 0 0 0 0 0 0 0 0 0 0 0 0 0 0 0 0 0 0 0 0 0 0 0 0 0 0 0 0 0 0 0 0 0 0 0 0 0 0 0 0 0 0 0 0 0 0 0 0 0 0 0 0 0 0 0 0 0 0 0 0 0 0 0 0 0 0 0 0 0 0 0 0 0 0 0 0 0 0 0 0 0 0 0 0 0 0 0 0 0 0 0 0 0 0 0 0 0 0 0 0 0 0 0 0 0 0 0 0 0 0 0 0 0 0 0 0 0 0 0 0 0 0 0 0 0 0 0 0 0 0 0 0 0 0 0 0 0 0 0 0 0 0 0 0 0 0 0 0 0 0 0 0 0 0 0 0 0 0 0 0 0 0 0 0 0 0 0 0 0 0 0 0 0 0 0 0 0 0 0 0 0 0 0 0 0 0 0 0 0 0 0 0 0 0 0 0 0 0 0 0 0 0 0 0 0 0 0 0 0 0 0 0 0 0 0 0 0 0 0 0 0 0 0 0 0 0 0 0 0 0 0 0 0 0 0 0 0 0 0 0 0 0 0 0 0 0 0 0 0 0 0 0 0 0 0 0 0 0 0 0 0 0 0 0 0 0 0 0 0 0 0 0 0 0 0 0 0 0 0 0 0 0 0 0 0 0 0 0 0 0 0 0 0 0 0 0 0 0 0 0 0 0 0 0 0 0 0 0 0 0 0 0 0 0 0 0 0 0 0 0 0 0 0 0 0 0 0 0 0 0 0 0 0 0 0 0 0 0 0 0 0 0 0 0 0 0 0 0 0 0 0 0 0 0 0 0 0 0 0 0 0 0 0 0 0 0 0 0 0 0 0 0 0 0 0 0 0 0 0 0 0 0 0 0 0 0 0 0 0 0 0 0 0 0 0 0 0 0 0 0 0 0 0 0 0 0 0 0 0 0 0 0 0 0 0 0 0 0 0 0 0 0 0
ctxt 5422486829
btime 1790630938
processes 1165016
procs_running 1
procs_blocked 0
softirq 4838461106 73526 14063277 2753177 401666765 583951 0 13560530 56282269 421 54509894
--
cpu  3936746 1765 1726226 53914583 558796 0 819180 0 0 0
cpu0 148330 31 49804 1687826 6818 0 27209 0 0 0
cpu1 148535 36 50633 1692847 8248 0 26286 0 0 0
cpu2 153826 36 51034 1688216 8285 0 26357 0 0 0
cpu3 245475 36 74059 1557847 5677 0 43287 0 0 0
cpu4 246329 42 72615 1558788 7078 0 43684 0 0 0
cpu5 158681 41 52636 1680482 9439 0 27229 0 0 0
cpu6 160318 36 53043 1677768 9940 0 28343 0 0 0
cpu7 164587 35 56132 1668321 9746 0 30979 0 0 0
cpu8 41924 66 44938 1763719 21739 0 13669 0 0 0
cpu9 48293 74 48237 1737428 25657 0 14924 0 0 0
cpu10 45676 72 46543 1746173 23761 0 14712 0 0 0
cpu11 41617 69 42319 1767938 21992 0 13068 0 0 0
cpu12 87368 148 52609 1689379 27911 0 16221 0 0 0
cpu13 83461 79 53622 1688229 29365 0 16587 0 0 0
cpu14 41538 66 41862 1771395 20710 0 12824 0 0 0
cpu15 38449 71 38419 1785519 21189 0 11633 0 0 0
cpu16 200445 31 61679 1623559 9264 0 34653 0 0 0
cpu17 189721 29 59949 1634669 11596 0 33223 0 0 0
cpu18 175918 30 58100 1651480 11697 0 32358 0 0 0
cpu19 331758 28 90510 1447007 5322 0 53843 0 0 0
cpu20 292748 27 83744 1493535 8443 0 50744 0 0 0
cpu21 171107 33 57260 1655257 13811 0 31628 0 0 0
cpu22 156551 36 54526 1673955 13933 0 29440 0 0 0
cpu23 136086 34 48845 1706345 13584 0 24853 0 0 0
cpu24 44945 71 43361 1764301 25288 0 13770 0 0 0
cpu25 50347 68 48344 1738583 28051 0 16288 0 0 0
cpu26 48053 62 47138 1745574 27106 0 15827 0 0 0
cpu27 40616 55 42056 1756982 25491 0 21633 0 0 0
cpu28 78538 87 56304 1677129 30599 0 28959 0 0 0
cpu29 82416 123 58343 1665451 31275 0 29515 0 0 0
cpu30 39935 48 43685 1751747 22725 0 21645 0 0 0
cpu31 43142 50 43865 1767119 23044 0 13772 0 0 0
intr 3412537470 126 0 0 0 0 0 0 0 0 1 0 0 0 0 0 0 0 0 0 0 0 0 0 0 0 0 0 1 1 1 0 0 0 0 1 0 1 0 0 75045 0 0 0 0 0 0 0 0 411 0 0 0 0 0 0 0 0 87 0 0 0 0 0 0 0 0 0 0 0 0 0 0 0 559964 2 35065665 35002683 34918304 35062784 0 15905 14162 17271 16969 10677 13167 17261 18472 15060 50746 67635 54944 46706 69762 67818 41209 38159 17513 19381 23293 9409 15502 22221 22779 19751 49634 62465 58132 46639 70984 74308 42486 43245 0 0 0 0 617309 4646 1036 0 264 0 0 0 0 0 0 0 0 0 0 0 0 0 0 0 0 0 0 0 0 0 0 0 0 0 0 0 0 0 0 0 0 0 0 0 0 0 0 0 0 0 0 0 0 0 0 0 0 0 0 0 0 0 0 0 0 0 0 0 0 0 0 0 0 0 0 0 0 0 0 0 0 0 0 0 0 0 0 0 0 0 0 0 0 0 0 0 0 0 0 0 0 0 0 0 0 0 0 0 0 0 0 0 0 0 0 0 0 0 0 0 0 0 0 0 0 0 0 0 0 0 0 0 0 0 0 0 0 0 0 0 0 0 0 0 0 0 0 0 0 0 0 0 0 0 0 0 0 0 0 0 0 0 0 0 0 0 0 0 0 0 0 0 0 0 0 0 0 0 0 0 0 0 0 0 0 0 0 0 0 0 0 0 0 0 0 0 0 0 0 0 0 0 0 0 0 0 0 0 0 0 0 0 0 0 0 0 0 0 0 0 0 0 0 0 0 0 0 0 0 0 0 0 0 0 0 0 0 0 0 0 0 0 0 0 0 0 0 0 0 0 0 0 0 0 0 0 0 0 0 0 0 0 0 0 0 0 0 0 0 0 0 0 0 0 0 0 0 0 0 0 0 0 0 0 0 0 0 0 0 0 0 0 0 0 0 0 0 0 0 0 0 0 0 0 0 0 0 0 0 0 0 0 0 0 0 0 0 0 0 0 0 0 0 0 0 0 0 0 0 0 0 0 0 0 0 0 0 0 0 0 0 0 0 0 0 0 0 0 0 0 0 0 0 0 0 0 0 0 0 0 0 0 0 0 0 0 0 0 0 0 0 0 0 0 0 0 0 0 0 0 0 0 0 0 0 0 0 0 0 0 0 0 0 0 0 0 0 0 0 0 0 0 0 0 0 0 0 0 0 0 0 0 0 0 0 0 0 0 0 0 0 0 0 0 0 0 0 0 0 0 0 0 0 0 0 0 0 0 0 0 0 0 0 0 0 0 0 0 0 0 0 0 0 0 0 0 0 0 0 0 0 0 0 0 0 0 0 0 0 0 0 0 0 0 0 0 0 0 0 0 0 0 0 0 0 0 0 0 0 0 0 0 0 0 0 0 0 0 0 0 0 0 0 0 0 0 0 0 0 0 0 0 0 0 0 0 0 0 0 0 0 0 0 0 0 0 0 0 0 0 0 0 0 0 0 0 0 0 0 0 0 0 0 0 0 0 0 0 0 0 0 0 0 0 0 0 0 0 0 0 0 0 0 0 0 0 0 0 0 0 0 0 0 0 0 0 0 0 0 0 0 0 0 0 0 0 0 0 0 0 0 0 0 0 0 0 0 0 0 0 0 0 0 0 0 0 0 0 0 0 0 0 0 0 0 0 0 0 0 0 0 0 0 0 0 0 0 0 0 0 0 0 0 0 0 0 0 0 0 0 0 0 0 0 0 0 0 0 0 0 0 0 0 0 0 0 0 0 0 0 0 0 0 0 0 0 0 0 0 0 0 0 0 0 0 0 0 0 0 0 0 0 0 0 0 0 0 0 0 0 0 0 0 0 0 0 0 0 0 0 0 0 0 0 0 0 0 0 0 0 0 0 0 0 0 0 0 0 0 0 0 0 0 0 0 0 0 0 0 0 0 0 0 0 0 0 0 0 0 0 0 0 0 0 0 0 0 0 0 0 0 0 0 0 0 0 0 0 0 0 0 0 0 0 0 0 0 0 0 0 0 0 0 0 0 0 0 0 0 0 0 0 0 0 0 0 0 0 0 0 0 0 0 0 0 0 0 0 0 0 0 0 0 0 0 0 0 0 0 0 0 0 0 0 0 0 0 0 0 0 0 0 0 0 0 0 0 0 0 0 0 0 0 0 0 0 0 0 0 0 0 0 0 0 0 0 0 0 0 0 0 0 0 0 0 0 0 0 0 0 0 0 0 0 0 0 0 0 0 0 0 0 0 0 0 0 0 0 0 0 0 0 0 0 0 0 0 0 0 0 0 0 0 0 0 0 0 0 0 0 0 0 0 0 0 0 0 0 0 0 0 0 0 0 0 0 0 0 0 0 0 0 0 0 0 0 0 0 0 0 0 0 0 0 0 0 0 0 0 0 0 0 0 0 0 0 0 0 0 0 0 0 0 0 0 0 0 0 0 0 0 0 0 0 0 0 0 0 0 0 0 0 0 0 0 0 0 0 0 0 0 0 0 0 0 0 0 0 0 0 0 0 0 0 0 0 0 0 0 0 0 0 0 0 0 0 0 0 0 0 0 0 0 0 0 0 0 0 0 0 0 0 0 0 0 0 0 0 0 0 0 0 0 0 0 0 0 0 0 0 0 0 0 0 0 0 0 0 0 0 0 0 0 0 0 0 0 0 0 0 0 0 0 0 0 0 0 0 0 0 0 0 0 0 0 0 0 0 0 0 0 0 0 0 0 0 0 0 0 0 0 0 0 0 0 0 0 0 0 0 0 0 0 0 0 0 0 0 0 0 0
ctxt 5422633054
btime 1790630938
processes 1165057
procs_running 1
procs_blocked 0
softirq 4838492296 73526 14070108 2753177 401674824 584104 0 13560530 56291151 421 54517159
