Running 10s test @ http://127.0.0.1:18500/counter
  16 threads and 32 connections
  Thread Stats   Avg      Stdev     Max   +/- Stdev
    Latency     8.64ms    8.28ms  97.36ms   97.13%
    Req/Sec   264.20     66.83     2.41k    94.76%
  Latency Distribution
     50%    7.29ms
     75%    7.56ms
     90%    7.97ms
     99%   62.88ms
  42183 requests in 10.10s, 9.81MB read
Requests/sec:   4177.22
Transfer/sec:      0.97MB
## server-stat
cpu  3765566 1663 1692825 50226740 438974 0 810888 0 0 0
cpu0 142723 30 48859 1570713 5615 0 26746 0 0 0
cpu1 144018 35 49777 1574037 6855 0 26046 0 0 0
cpu2 147995 34 50080 1570708 6894 0 26151 0 0 0
cpu3 227207 34 71311 1455275 4592 0 42185 0 0 0
cpu4 228688 39 69769 1456221 5613 0 42235 0 0 0
cpu5 153822 38 51741 1562272 7539 0 27078 0 0 0
cpu6 154888 34 52213 1560225 7835 0 28190 0 0 0
cpu7 161356 32 55475 1548515 7449 0 30862 0 0 0
cpu8 41587 61 44495 1644127 16597 0 13631 0 0 0
cpu9 47775 67 47718 1618905 20431 0 14861 0 0 0
cpu10 45290 67 46053 1627517 18346 0 14659 0 0 0
cpu11 41320 63 41882 1648492 16803 0 13033 0 0 0
cpu12 84675 142 51858 1573778 22482 0 16114 0 0 0
cpu13 80886 74 52830 1573131 23518 0 16472 0 0 0
cpu14 41203 62 41373 1652052 15795 0 12776 0 0 0
cpu15 38219 65 37959 1665780 16171 0 11599 0 0 0
cpu16 190659 29 60492 1510162 7742 0 34472 0 0 0
cpu17 180137 28 58725 1521349 9888 0 33043 0 0 0
cpu18 169006 28 57106 1535593 9586 0 32207 0 0 0
cpu19 303883 26 86171 1355670 4385 0 52304 0 0 0
cpu20 268170 26 80189 1398038 7037 0 49708 0 0 0
cpu21 164463 31 56265 1539651 11199 0 31452 0 0 0
cpu22 152554 34 53703 1555780 11009 0 29304 0 0 0
cpu23 132405 33 48064 1588000 10448 0 24718 0 0 0
cpu24 44552 65 42838 1645547 19338 0 13728 0 0 0
cpu25 49883 65 47808 1620457 21716 0 16240 0 0 0
cpu26 47664 60 46630 1627148 20815 0 15788 0 0 0
cpu27 40270 50 41557 1638011 19447 0 21602 0 0 0
cpu28 76863 84 55651 1560656 24180 0 28891 0 0 0
cpu29 80914 120 57682 1548993 24878 0 29434 0 0 0
cpu30 39644 46 43159 1632125 17518 0 21608 0 0 0
cpu31 42831 46 43376 1647798 17237 0 13742 0 0 0
intr 3347963171 126 0 0 0 0 0 0 0 0 1 0 0 0 0 0 0 0 0 0 0 0 0 0 0 0 0 0 1 1 1 0 0 0 0 1 0 1 0 0 75045 0 0 0 0 0 0 0 0 411 0 0 0 0 0 0 0 0 87 0 0 0 0 0 0 0 0 0 0 0 0 0 0 0 515774 2 35059815 34998987 34913964 35057021 0 14891 12541 14872 13945 9189 11356 14983 15931 12451 44318 60137 48041 40960 61639 58486 36273 32806 15505 17258 20764 8354 13659 19416 19366 16680 42425 53760 50437 40095 60228 65022 36924 37612 0 0 0 0 617225 4537 1036 0 264 0 0 0 0 0 0 0 0 0 0 0 0 0 0 0 0 0 0 0 0 0 0 0 0 0 0 0 0 0 0 0 0 0 0 0 0 0 0 0 0 0 0 0 0 0 0 0 0 0 0 0 0 0 0 0 0 0 0 0 0 0 0 0 0 0 0 0 0 0 0 0 0 0 0 0 0 0 0 0 0 0 0 0 0 0 0 0 0 0 0 0 0 0 0 0 0 0 0 0 0 0 0 0 0 0 0 0 0 0 0 0 0 0 0 0 0 0 0 0 0 0 0 0 0 0 0 0 0 0 0 0 0 0 0 0 0 0 0 0 0 0 0 0 0 0 0 0 0 0 0 0 0 0 0 0 0 0 0 0 0 0 0 0 0 0 0 0 0 0 0 0 0 0 0 0 0 0 0 0 0 0 0 0 0 0 0 0 0 0 0 0 0 0 0 0 0 0 0 0 0 0 0 0 0 0 0 0 0 0 0 0 0 0 0 0 0 0 0 0 0 0 0 0 0 0 0 0 0 0 0 0 0 0 0 0 0 0 0 0 0 0 0 0 0 0 0 0 0 0 0 0 0 0 0 0 0 0 0 0 0 0 0 0 0 0 0 0 0 0 0 0 0 0 0 0 0 0 0 0 0 0 0 0 0 0 0 0 0 0 0 0 0 0 0 0 0 0 0 0 0 0 0 0 0 0 0 0 0 0 0 0 0 0 0 0 0 0 0 0 0 0 0 0 0 0 0 0 0 0 0 0 0 0 0 0 0 0 0 0 0 0 0 0 0 0 0 0 0 0 0 0 0 0 0 0 0 0 0 0 0 0 0 0 0 0 0 0 0 0 0 0 0 0 0 0 0 0 0 0 0 0 0 0 0 0 0 0 0 0 0 0 0 0 0 0 0 0 0 0 0 0 0 0 0 0 0 0 0 0 0 0 0 0 0 0 0 0 0 0 0 0 0 0 0 0 0 0 0 0 0 0 0 0 0 0 0 0 0 0 0 0 0 0 0 0 0 0 0 0 0 0 0 0 0 0 0 0 0 0 0 0 0 0 0 0 0 0 0 0 0 0 0 0 0 0 0 0 0 0 0 0 0 0 0 0 0 0 0 0 0 0 0 0 0 0 0 0 0 0 0 0 0 0 0 0 0 0 0 0 0 0 0 0 0 0 0 0 0 0 0 0 0 0 0 0 0 0 0 0 0 0 0 0 0 0 0 0 0 0 0 0 0 0 0 0 0 0 0 0 0 0 0 0 0 0 0 0 0 0 0 0 0 0 0 0 0 0 0 0 0 0 0 0 0 0 0 0 0 0 0 0 0 0 0 0 0 0 0 0 0 0 0 0 0 0 0 0 0 0 0 0 0 0 0 0 0 0 0 0 0 0 0 0 0 0 0 0 0 0 0 0 0 0 0 0 0 0 0 0 0 0 0 0 0 0 0 0 0 0 0 0 0 0 0 0 0 0 0 0 0 0 0 0 0 0 0 0 0 0 0 0 0 0 0 0 0 0 0 0 0 0 0 0 0 0 0 0 0 0 0 0 0 0 0 0 0 0 0 0 0 0 0 0 0 0 0 0 0 0 0 0 0 0 0 0 0 0 0 0 0 0 0 0 0 0 0 0 0 0 0 0 0 0 0 0 0 0 0 0 0 0 0 0 0 0 0 0 0 0 0 0 0 0 0 0 0 0 0 0 0 0 0 0 0 0 0 0 0 0 0 0 0 0 0 0 0 0 0 0 0 0 0 0 0 0 0 0 0 0 0 0 0 0 0 0 0 0 0 0 0 0 0 0 0 0 0 0 0 0 0 0 0 0 0 0 0 0 0 0 0 0 0 0 0 0 0 0 0 0 0 0 0 0 0 0 0 0 0 0 0 0 0 0 0 0 0 0 0 0 0 0 0 0 0 0 0 0 0 0 0 0 0 0 0 0 0 0 0 0 0 0 0 0 0 0 0 0 0 0 0 0 0 0 0 0 0 0 0 0 0 0 0 0 0 0 0 0 0 0 0 0 0 0 0 0 0 0 0 0 0 0 0 0 0 0 0 0 0 0 0 0 0 0 0 0 0 0 0 0 0 0 0 0 0 0 0 0 0 0 0 0 0 0 0 0 0 0 0 0 0 0 0 0 0 0 0 0 0 0 0 0 0 0 0 0 0 0 0 0 0 0 0 0 0 0 0 0 0 0 0 0 0 0 0 0 0 0 0 0 0 0 0 0 0 0 0 0 0 0 0 0 0 0 0 0 0 0 0 0 0 0 0 0 0 0 0 0 0 0 0 0 0 0 0 0 0 0 0 0 0 0 0 0 0 0 0 0 0 0 0 0 0 0 0 0 0 0 0 0 0 0 0 0 0 0 0 0 0 0 0 0 0 0 0 0 0 0 0 0 0 0 0 0 0 0 0 0 0 0 0 0 0 0 0 0 0 0 0 0 0 0 0 0 0 0 0 0 0 0 0 0 0 0 0 0 0 0 0 0 0 0 0
ctxt 5311194405
btime 1790630938
processes 981938
procs_running 2
procs_blocked 18
softirq 4776991697 73526 13251949 2753173 347148893 538296 0 13560279 54309304 421 50388560
--
cpu  3766291 1664 1693154 50241033 448950 0 810924 0 0 0
cpu0 142743 30 48869 1571299 5781 0 26759 0 0 0
cpu1 144030 35 49784 1574616 7046 0 26049 0 0 0
cpu2 148001 34 50085 1571323 7057 0 26152 0 0 0
cpu3 227452 34 71369 1455687 4661 0 42186 0 0 0
cpu4 228750 39 69793 1456755 5781 0 42236 0 0 0
cpu5 153828 38 51747 1562795 7797 0 27078 0 0 0
cpu6 154892 34 52219 1560762 8081 0 28191 0 0 0
cpu7 161358 32 55478 1549100 7651 0 30862 0 0 0
cpu8 41589 61 44499 1644570 16940 0 13632 0 0 0
cpu9 47779 67 47722 1619346 20772 0 14862 0 0 0
cpu10 45292 67 46059 1627930 18714 0 14660 0 0 0
cpu11 41321 63 41888 1648954 17129 0 13034 0 0 0
cpu12 84687 142 51864 1574217 22816 0 16115 0 0 0
cpu13 80896 74 52836 1573527 23898 0 16473 0 0 0
cpu14 41205 62 41377 1652491 16145 0 12776 0 0 0
cpu15 38220 65 37964 1666278 16462 0 11599 0 0 0
cpu16 190673 29 60499 1510633 8041 0 34473 0 0 0
cpu17 180146 28 58732 1521761 10250 0 33044 0 0 0
cpu18 169011 28 57112 1536054 9906 0 32207 0 0 0
cpu19 304100 26 86238 1356041 4519 0 52304 0 0 0
cpu20 268221 26 80210 1398520 7274 0 49709 0 0 0
cpu21 164469 31 56272 1540099 11528 0 31452 0 0 0
cpu22 152559 34 53707 1556254 11316 0 29304 0 0 0
cpu23 132408 33 48068 1588489 10746 0 24718 0 0 0
cpu24 44554 65 42843 1645919 19753 0 13729 0 0 0
cpu25 49884 66 47815 1620767 22192 0 16240 0 0 0
cpu26 47665 60 46637 1627453 21297 0 15788 0 0 0
cpu27 40271 50 41561 1638372 19875 0 21602 0 0 0
cpu28 76868 84 55659 1560938 24676 0 28892 0 0 0
cpu29 80923 120 57688 1549303 25344 0 29434 0 0 0
cpu30 39646 46 43163 1632593 17837 0 21609 0 0 0
cpu31 42833 46 43381 1648174 17648 0 13743 0 0 0
intr 3348715630 126 0 0 0 0 0 0 0 0 1 0 0 0 0 0 0 0 0 0 0 0 0 0 0 0 0 0 1 1 1 0 0 0 0 1 0 1 0 0 75045 0 0 0 0 0 0 0 0 411 0 0 0 0 0 0 0 0 87 0 0 0 0 0 0 0 0 0 0 0 0 0 0 0 517401 2 35059847 34999052 34913966 35057089 0 14899 12673 15106 14189 9279 11510 15189 16144 12643 44732 60665 48483 41284 62208 58977 36592 33077 15726 17627 21084 8540 13990 19789 19585 16913 42916 54310 50931 40534 61010 65745 37237 37992 0 0 0 0 617225 4537 1036 0 264 0 0 0 0 0 0 0 0 0 0 0 0 0 0 0 0 0 0 0 0 0 0 0 0 0 0 0 0 0 0 0 0 0 0 0 0 0 0 0 0 0 0 0 0 0 0 0 0 0 0 0 0 0 0 0 0 0 0 0 0 0 0 0 0 0 0 0 0 0 0 0 0 0 0 0 0 0 0 0 0 0 0 0 0 0 0 0 0 0 0 0 0 0 0 0 0 0 0 0 0 0 0 0 0 0 0 0 0 0 0 0 0 0 0 0 0 0 0 0 0 0 0 0 0 0 0 0 0 0 0 0 0 0 0 0 0 0 0 0 0 0 0 0 0 0 0 0 0 0 0 0 0 0 0 0 0 0 0 0 0 0 0 0 0 0 0 0 0 0 0 0 0 0 0 0 0 0 0 0 0 0 0 0 0 0 0 0 0 0 0 0 0 0 0 0 0 0 0 0 0 0 0 0 0 0 0 0 0 0 0 0 0 0 0 0 0 0 0 0 0 0 0 0 0 0 0 0 0 0 0 0 0 0 0 0 0 0 0 0 0 0 0 0 0 0 0 0 0 0 0 0 0 0 0 0 0 0 0 0 0 0 0 0 0 0 0 0 0 0 0 0 0 0 0 0 0 0 0 0 0 0 0 0 0 0 0 0 0 0 0 0 0 0 0 0 0 0 0 0 0 0 0 0 0 0 0 0 0 0 0 0 0 0 0 0 0 0 0 0 0 0 0 0 0 0 0 0 0 0 0 0 0 0 0 0 0 0 0 0 0 0 0 0 0 0 0 0 0 0 0 0 0 0 0 0 0 0 0 0 0 0 0 0 0 0 0 0 0 0 0 0 0 0 0 0 0 0 0 0 0 0 0 0 0 0 0 0 0 0 0 0 0 0 0 0 0 0 0 0 0 0 0 0 0 0 0 0 0 0 0 0 0 0 0 0 0 0 0 0 0 0 0 0 0 0 0 0 0 0 0 0 0 0 0 0 0 0 0 0 0 0 0 0 0 0 0 0 0 0 0 0 0 0 0 0 0 0 0 0 0 0 0 0 0 0 0 0 0 0 0 0 0 0 0 0 0 0 0 0 0 0 0 0 0 0 0 0 0 0 0 0 0 0 0 0 0 0 0 0 0 0 0 0 0 0 0 0 0 0 0 0 0 0 0 0 0 0 0 0 0 0 0 0 0 0 0 0 0 0 0 0 0 0 0 0 0 0 0 0 0 0 0 0 0 0 0 0 0 0 0 0 0 0 0 0 0 0 0 0 0 0 0 0 0 0 0 0 0 0 0 0 0 0 0 0 0 0 0 0 0 0 0 0 0 0 0 0 0 0 0 0 0 0 0 0 0 0 0 0 0 0 0 0 0 0 0 0 0 0 0 0 0 0 0 0 0 0 0 0 0 0 0 0 0 0 0 0 0 0 0 0 0 0 0 0 0 0 0 0 0 0 0 0 0 0 0 0 0 0 0 0 0 0 0 0 0 0 0 0 0 0 0 0 0 0 0 0 0 0 0 0 0 0 0 0 0 0 0 0 0 0 0 0 0 0 0 0 0 0 0 0 0 0 0 0 0 0 0 0 0 0 0 0 0 0 0 0 0 0 0 0 0 0 0 0 0 0 0 0 0 0 0 0 0 0 0 0 0 0 0 0 0 0 0 0 0 0 0 0 0 0 0 0 0 0 0 0 0 0 0 0 0 0 0 0 0 0 0 0 0 0 0 0 0 0 0 0 0 0 0 0 0 0 0 0 0 0 0 0 0 0 0 0 0 0 0 0 0 0 0 0 0 0 0 0 0 0 0 0 0 0 0 0 0 0 0 0 0 0 0 0 0 0 0 0 0 0 0 0 0 0 0 0 0 0 0 0 0 0 0 0 0 0 0 0 0 0 0 0 0 0 0 0 0 0 0 0 0 0 0 0 0 0 0 0 0 0 0 0 0 0 0 0 0 0 0 0 0 0 0 0 0 0 0 0 0 0 0 0 0 0 0 0 0 0 0 0 0 0 0 0 0 0 0 0 0 0 0 0 0 0 0 0 0 0 0 0 0 0 0 0 0 0 0 0 0 0 0 0 0 0 0 0 0 0 0 0 0 0 0 0 0 0 0 0 0 0 0 0 0 0 0 0 0 0 0 0 0 0 0 0 0 0 0 0 0 0 0 0 0 0 0 0 0 0 0 0 0 0 0 0 0 0 0 0 0 0 0 0 0 0 0 0 0 0 0 0 0 0 0 0 0 0 0 0 0 0 0 0 0 0 0 0 0 0 0 0 0 0 0 0 0 0 0 0 0 0 0 0 0 0 0 0 0 0 0 0 0 0 0 0 0 0 0 0 0 0 0 0 0 0 0 0 0 0 0 0 0 0 0 0 0 0 0 0 0 0 0 0 0 0 0 0 0 0 0 0 0 0 0 0 0 0 0 0 0 0 0 0 0 0 0 0 0 0 0 0 0 0 0 0 0 0 0 0 0 0 0 0 0 0 0
ctxt 5312570057
btime 1790630938
processes 982016
procs_running 2
procs_blocked 7
softirq 4777171535 73526 13262413 2753173 347282846 539941 0 13560279 54330881 421 50400759
