Running 10s test @ http://127.0.0.1:18500/api/usleep?ms=10
  16 threads and 1000 connections
  Thread Stats   Avg      Stdev     Max   +/- Stdev
    Latency     1.38s   235.86ms   2.49s    90.21%
    Req/Sec    68.31     51.74   282.00     74.46%
  Latency Distribution
     50%    1.30s 
     75%    1.31s 
     90%    1.60s 
     99%    2.39s 
  6713 requests in 10.10s, 1.53MB read
Requests/sec:    664.91
Transfer/sec:    155.19KB
## server-stat
cpu  3919640 1759 1724449 53714155 542905 0 818993 0 0 0
cpu0 147839 31 49747 1681211 6677 0 27199 0 0 0
cpu1 147942 36 50562 1686285 8120 0 26280 0 0 0
cpu2 152773 36 50952 1682120 8153 0 26344 0 0 0
cpu3 243746 36 73976 1552529 5464 0 43271 0 0 0
cpu4 245126 42 72542 1552896 6888 0 43674 0 0 0
cpu5 158301 41 52579 1673803 9171 0 27227 0 0 0
cpu6 158889 36 52978 1672263 9579 0 28329 0 0 0
cpu7 164209 35 56095 1661751 9363 0 30975 0 0 0
cpu8 41904 66 44904 1757148 21017 0 13668 0 0 0
cpu9 48249 73 48201 1730850 24976 0 14923 0 0 0
cpu10 45653 72 46510 1739621 23035 0 14712 0 0 0
cpu11 41598 68 42288 1761361 21278 0 13068 0 0 0
cpu12 87196 147 52557 1683050 27135 0 16219 0 0 0
cpu13 83336 78 53573 1681830 28621 0 16584 0 0 0
cpu14 41515 66 41826 1764733 20086 0 12823 0 0 0
cpu15 38432 70 38386 1778919 20494 0 11632 0 0 0
cpu16 198369 31 61557 1618498 9172 0 34630 0 0 0
cpu17 187814 29 59840 1629489 11435 0 33205 0 0 0
cpu18 174807 30 58036 1645533 11451 0 32348 0 0 0
cpu19 330753 28 90406 1440826 5250 0 53833 0 0 0
cpu20 291332 27 83627 1487785 8362 0 50733 0 0 0
cpu21 169711 33 57192 1649744 13430 0 31612 0 0 0
cpu22 156476 36 54492 1667120 13503 0 29439 0 0 0
cpu23 136034 34 48815 1699586 13057 0 24851 0 0 0
cpu24 44918 71 43327 1757783 24517 0 13769 0 0 0
cpu25 50320 68 48304 1732132 27226 0 16286 0 0 0
cpu26 48022 62 47103 1739142 26255 0 15827 0 0 0
cpu27 40592 54 42025 1750495 24681 0 21632 0 0 0
cpu28 78388 87 56261 1670769 29813 0 28958 0 0 0
cpu29 82340 123 58296 1659090 30417 0 29513 0 0 0
cpu30 39915 48 43650 1745220 21955 0 21644 0 0 0
cpu31 43122 50 43830 1760557 22306 0 13771 0 0 0
intr 3410413166 126 0 0 0 0 0 0 0 0 1 0 0 0 0 0 0 0 0 0 0 0 0 0 0 0 0 0 1 1 1 0 0 0 0 1 0 1 0 0 75045 0 0 0 0 0 0 0 0 411 0 0 0 0 0 0 0 0 87 0 0 0 0 0 0 0 0 0 0 0 0 0 0 0 556855 2 35065396 35002456 34918235 35062525 0 15849 13986 17115 16780 10437 12927 16934 18064 14617 49934 66708 54012 45929 68904 66523 40595 37448 17382 19200 22986 9315 15399 21791 22268 19312 48744 61439 57095 45779 70040 72815 41817 42578 0 0 0 0 617301 4637 1036 0 264 0 0 0 0 0 0 0 0 0 0 0 0 0 0 0 0 0 0 0 0 0 0 0 0 0 0 0 0 0 0 0 0 0 0 0 0 0 0 0 0 0 0 0 0 0 0 0 0 0 0 0 0 0 0 0 0 0 0 0 0 0 0 0 0 0 0 0 0 0 0 0 0 0 0 0 0 0 0 0 0 0 0 0 0 0 0 0 0 0 0 0 0 0 0 0 0 0 0 0 0 0 0 0 0 0 0 0 0 0 0 0 0 0 0 0 0 0 0 0 0 0 0 0 0 0 0 0 0 0 0 0 0 0 0 0 0 0 0 0 0 0 0 0 0 0 0 0 0 0 0 0 0 0 0 0 0 0 0 0 0 0 0 0 0 0 0 0 0 0 0 0 0 0 0 0 0 0 0 0 0 0 0 0 0 0 0 0 0 0 0 0 0 0 0 0 0 0 0 0 0 0 0 0 0 0 0 0 0 0 0 0 0 0 0 0 0 0 0 0 0 0 0 0 0 0 0 0 0 0 0 0 0 0 0 0 0 0 0 0 0 0 0 0 0 0 0 0 0 0 0 0 0 0 0 0 0 0 0 0 0 0 0 0 0 0 0 0 0 0 0 0 0 0 0 0 0 0 0 0 0 0 0 0 0 0 0 0 0 0 0 0 0 0 0 0 0 0 0 0 0 0 0 0 0 0 0 0 0 0 0 0 0 0 0 0 0 0 0 0 0 0 0 0 0 0 0 0 0 0 0 0 0 0 0 0 0 0 0 0 0 0 0 0 0 0 0 0 0 0 0 0 0 0 0 0 0 0 0 0 0 0 0 0 0 0 0 0 0 0 0 0 0 0 0 0 0 0 0 0 0 0 0 0 0 0 0 0 0 0 0 0 0 0 0 0 0 0 0 0 0 0 0 0 0 0 0 0 0 0 0 0 0 0 0 0 0 0 0 0 0 0 0 0 0 0 0 0 0 0 0 0 0 0 0 0 0 0 0 0 0 0 0 0 0 0 0 0 0 0 0 0 0 0 0 0 0 0 0 0 0 0 0 0 0 0 0 0 0 0 0 0 0 0 0 0 0 0 0 0 0 0 0 0 0 0 0 0 0 0 0 0 0 0 0 0 0 0 0 0 0 0 0 0 0 0 0 0 0 0 0 0 0 0 0 0 0 0 0 0 0 0 0 0 0 0 0 0 0 0 0 0 0 0 0 0 0 0 0 0 0 0 0 0 0 0 0 0 0 0 0 0 0 0 0 0 0 0 0 0 0 0 0 0 0 0 0 0 0 0 0 0 0 0 0 0 0 0 0 0 0 0 0 0 0 0 0 0 0 0 0 0 0 0 0 0 0 0 0 0 0 0 0 0 0 0 0 0 0 0 0 0 0 0 0 0 0 0 0 0 0 0 0 0 0 0 0 0 0 0 0 0 0 0 0 0 0 0 0 0 0 0 0 0 0 0 0 0 0 0 0 0 0 0 0 0 0 0 0 0 0 0 0 0 0 0 0 0 0 0 0 0 0 0 0 0 0 0 0 0 0 0 0 0 0 0 0 0 0 0 0 0 0 0 0 0 0 0 0 0 0 0 0 0 0 0 0 0 0 0 0 0 0 0 0 0 0 0 0 0 0 0 0 0 0 0 0 0 0 0 0 0 0 0 0 0 0 0 0 0 0 0 0 0 0 0 0 0 0 0 0 0 0 0 0 0 0 0 0 0 0 0 0 0 0 0 0 0 0 0 0 0 0 0 0 0 0 0 0 0 0 0 0 0 0 0 0 0 0 0 0 0 0 0 0 0 0 0 0 0 0 0 0 0 0 0 0 0 0 0 0 0 0 0 0 0 0 0 0 0 0 0 0 0 0 0 0 0 0 0 0 0 0 0 0 0 0 0 0 0 0 0 0 0 0 0 0 0 0 0 0 0 0 0 0 0 0 0 0 0 0 0 0 0 0 0 0 0 0 0 0 0 0 0 0 0 0 0 0 0 0 0 0 0 0 0 0 0 0 0 0 0 0 0 0 0 0 0 0 0 0 0 0 0 0 0 0 0 0 0 0 0 0 0 0 0 0 0 0 0 0 0 0 0 0 0 0 0 0 0 0 0 0 0 0 0 0 0 0 0 0 0 0 0 0 0 0 0 0 0 0 0 0 0 0 0 0 0 0 0 0 0 0 0 0 0 0 0 0 0 0 0 0 0 0 0 0 0 0 0 0 0 0 0 0 0 0 0 0 0 0 0 0 0 0 0 0 0 0 0 0 0 0 0 0 0 0 0 0 0 0 0 0 0 0 0 0 0 0 0 0 0 0 0 0 0 0 0 0 0 0 0 0 0 0 0 0 0 0 0 0 0 0 0 0 0 0 0 0 0 0 0 0 0 0 0 0 0 0 0 0 0 0 0 0 0 0 0 0 0 0 0 0 0 0 0 0 0 0 0 0 0 0 0 0 0 0 0 0 0 0 0 0 0 0 0 0 0 0 0 0 0 0
ctxt 5419561127
btime 1790630938
processes 1153538
procs_running 1
procs_blocked 0
softirq 4837363776 73526 14007508 2753177 400940855 580922 0 13560510 56181824 421 54297737
--
cpu  3920015 1759 1724469 53739302 542906 0 818998 0 0 0
cpu0 147868 31 49748 1681976 6677 0 27199 0 0 0
cpu1 147973 36 50563 1687052 8120 0 26280 0 0 0
cpu2 152798 36 50953 1682892 8153 0 26345 0 0 0
cpu3 243787 36 73976 1553287 5464 0 43271 0 0 0
cpu4 245161 42 72544 1553661 6888 0 43674 0 0 0
cpu5 158326 41 52580 1674578 9171 0 27227 0 0 0
cpu6 158901 36 52979 1673050 9579 0 28329 0 0 0
cpu7 164217 35 56096 1662542 9363 0 30975 0 0 0
cpu8 41906 66 44905 1757943 21017 0 13669 0 0 0
cpu9 48252 73 48202 1731645 24976 0 14923 0 0 0
cpu10 45654 72 46510 1740419 23035 0 14712 0 0 0
cpu11 41598 68 42288 1762158 21278 0 13068 0 0 0
cpu12 87213 147 52559 1683828 27135 0 16219 0 0 0
cpu13 83349 78 53575 1682612 28621 0 16585 0 0 0
cpu14 41516 66 41826 1765530 20086 0 12823 0 0 0
cpu15 38434 70 38386 1779715 20494 0 11632 0 0 0
cpu16 198379 31 61558 1619285 9172 0 34631 0 0 0
cpu17 187827 29 59841 1630273 11435 0 33205 0 0 0
cpu18 174816 30 58036 1646322 11451 0 32348 0 0 0
cpu19 330783 28 90406 1441594 5250 0 53833 0 0 0
cpu20 291355 27 83628 1488561 8362 0 50733 0 0 0
cpu21 169717 33 57193 1650535 13430 0 31613 0 0 0
cpu22 156479 36 54492 1667915 13503 0 29439 0 0 0
cpu23 136038 34 48816 1700379 13057 0 24852 0 0 0
cpu24 44921 71 43327 1758579 24517 0 13769 0 0 0
cpu25 50323 68 48304 1732927 27226 0 16287 0 0 0
cpu26 48024 62 47103 1739938 26255 0 15827 0 0 0
cpu27 40594 54 42025 1751291 24681 0 21632 0 0 0
cpu28 78397 87 56261 1671557 29814 0 28958 0 0 0
cpu29 82357 123 58297 1659871 30417 0 29513 0 0 0
cpu30 39917 48 43650 1746017 21955 0 21644 0 0 0
cpu31 43122 50 43830 1761355 22306 0 13771 0 0 0
intr 3410585912 126 0 0 0 0 0 0 0 0 1 0 0 0 0 0 0 0 0 0 0 0 0 0 0 0 0 0 1 1 1 0 0 0 0 1 0 1 0 0 75045 0 0 0 0 0 0 0 0 411 0 0 0 0 0 0 0 0 87 0 0 0 0 0 0 0 0 0 0 0 0 0 0 0 556855 2 35065422 35002484 34918240 35062554 0 15853 13986 17115 16780 10437 12927 16934 18064 14617 49934 66708 54016 45929 68904 66524 40595 37448 17382 19200 22986 9315 15399 21791 22268 19312 48744 61439 57095 45779 70040 72815 41817 42578 0 0 0 0 617305 4637 1036 0 264 0 0 0 0 0 0 0 0 0 0 0 0 0 0 0 0 0 0 0 0 0 0 0 0 0 0 0 0 0 0 0 0 0 0 0 0 0 0 0 0 0 0 0 0 0 0 0 0 0 0 0 0 0 0 0 0 0 0 0 0 0 0 0 0 0 0 0 0 0 0 0 0 0 0 0 0 0 0 0 0 0 0 0 0 0 0 0 0 0 0 0 0 0 0 0 0 0 0 0 0 0 0 0 0 0 0 0 0 0 0 0 0 0 0 0 0 0 0 0 0 0 0 0 0 0 0 0 0 0 0 0 0 0 0 0 0 0 0 0 0 0 0 0 0 0 0 0 0 0 0 0 0 0 0 0 0 0 0 0 0 0 0 0 0 0 0 0 0 0 0 0 0 0 0 0 0 0 0 0 0 0 0 0 0 0 0 0 0 0 0 0 0 0 0 0 0 0 0 0 0 0 0 0 0 0 0 0 0 0 0 0 0 0 0 0 0 0 0 0 0 0 0 0 0 0 0 0 0 0 0 0 0 0 0 0 0 0 0 0 0 0 0 0 0 0 0 0 0 0 0 0 0 0 0 0 0 0 0 0 0 0 0 0 0 0 0 0 0 0 0 0 0 0 0 0 0 0 0 0 0 0 0 0 0 0 0 0 0 0 0 0 0 0 0 0 0 0 0 0 0 0 0 0 0 0 0 0 0 0 0 0 0 0 0 0 0 0 0 0 0 0 0 0 0 0 0 0 0 0 0 0 0 0 0 0 0 0 0 0 0 0 0 0 0 0 0 0 0 0 0 0 0 0 0 0 0 0 0 0 0 0 0 0 0 0 0 0 0 0 0 0 0 0 0 0 0 0 0 0 0 0 0 0 0 0 0 0 0 0 0 0 0 0 0 0 0 0 0 0 0 0 0 0 0 0 0 0 0 0 0 0 0 0 0 0 0 0 0 0 0 0 0 0 0 0 0 0 0 0 0 0 0 0 0 0 0 0 0 0 0 0 0 0 0 0 0 0 0 0 0 0 0 0 0 0 0 0 0 0 0 0 0 0 0 0 0 0 0 0 0 0 0 0 0 0 0 0 0 0 0 0 0 0 0 0 0 0 0 0 0 0 0 0 0 0 0 0 0 0 0 0 0 0 0 0 0 0 0 0 0 0 0 0 0 0 0 0 0 0 0 0 0 0 0 0 0 0 0 0 0 0 0 0 0 0 0 0 0 0 0 0 0 0 0 0 0 0 0 0 0 0 0 0 0 0 0 0 0 0 0 0 0 0 0 0 0 0 0 0 0 0 0 0 0 0 0 0 0 0 0 0 0 0 0 0 0 0 0 0 0 0 0 0 0 0 0 0 0 0 0 0 0 0 0 0 0 0 0 0 0 0 0 0 0 0 0 0 0 0 0 0 0 0 0 0 0 0 0 0 0 0 0 0 0 0 0 0 0 0 0 0 0 0 0 0 0 0 0 0 0 0 0 0 0 0 0 0 0 0 0 0 0 0 0 0 0 0 0 0 0 0 0 0 0 0 0 0 0 0 0 0 0 0 0 0 0 0 0 0 0 0 0 0 0 0 0 0 0 0 0 0 0 0 0 0 0 0 0 0 0 0 0 0 0 0 0 0 0 0 0 0 0 0 0 0 0 0 0 0 0 0 0 0 0 0 0 0 0 0 0 0 0 0 0 0 0 0 0 0 0 0 0 0 0 0 0 0 0 0 0 0 0 0 0 0 0 0 0 0 0 0 0 0 0 0 0 0 0 0 0 0 0 0 0 0 0 0 0 0 0 0 0 0 0 0 0 0 0 0 0 0 0 0 0 0 0 0 0 0 0 0 0 0 0 0 0 0 0 0 0 0 0 0 0 0 0 0 0 0 0 0 0 0 0 0 0 0 0 0 0 0 0 0 0 0 0 0 0 0 0 0 0 0 0 0 0 0 0 0 0 0 0 0 0 0 0 0 0 0 0 0 0 0 0 0 0 0 0 0 0 0 0 0 0 0 0 0 0 0 0 0 0 0 0 0 0 0 0 0 0 0 0 0 0 0 0 0 0 0 0 0 0 0 0 0 0 0 0 0 0 0 0 0 0 0 0 0 0 0 0 0 0 0 0 0 0 0 0 0 0 0 0 0 0 0 0 0 0 0 0 0 0 0 0 0 0 0 0 0 0 0 0 0 0 0 0 0 0 0 0 0 0 0 0 0 0 0 0 0 0 0 0 0 0 0 0 0 0 0 0 0 0 0 0 0 0 0 0 0 0 0 0 0 0 0 0 0 0 0 0 0 0 0 0 0 0 0 0 0 0 0 0 0 0 0 0 0 0 0 0 0 0 0 0 0 0 0 0 0 0 0 0 0 0 0 0 0 0 0 0 0 0 0 0 0 0 0 0 0 0 0 0 0 0 0 0 0 0 0 0 0 0 0 0 0 0 0 0 0 0 0 0 0 0 0 0 0 0 0 0 0 0 0 0 0 0 0 0 0 0 0 0
ctxt 5419847336
btime 1790630938
processes 1153568
procs_running 1
procs_blocked 0
softirq 4837399740 73526 14013268 2753177 400953064 580926 0 13560510 56190990 421 54306562
