Running 10s test @ http://127.0.0.1:18500/usleep?ms=10
  16 threads and 1000 connections
  Thread Stats   Avg      Stdev     Max   +/- Stdev
    Latency     4.01s     3.71s   10.00s    61.60%
    Req/Sec    28.31     20.64   130.00     76.49%
  Latency Distribution
     50%    2.26s 
     75%    8.96s 
     90%    9.58s 
     99%    9.96s 
  751 requests in 10.10s, 133.48KB read
  Socket errors: connect 0, read 0, write 0, timeout 1
Requests/sec:     74.36
Transfer/sec:     13.22KB
## server-stat
cpu  3840607 1735 1713166 52923909 482210 0 817848 0 0 0
cpu0 144326 31 49322 1656390 6286 0 27086 0 0 0
cpu1 144987 36 50191 1660734 7679 0 26201 0 0 0
cpu2 148707 35 50466 1657755 7741 0 26275 0 0 0
cpu3 239172 36 73406 1528861 4990 0 43209 0 0 0
cpu4 241179 41 72050 1528561 6298 0 43615 0 0 0
cpu5 154509 40 52142 1649218 8546 0 27180 0 0 0
cpu6 155419 36 52583 1647538 8734 0 28276 0 0 0
cpu7 161820 34 55812 1636044 8320 0 30930 0 0 0
cpu8 41812 65 44767 1730943 17976 0 13664 0 0 0
cpu9 48111 72 48053 1704626 22064 0 14914 0 0 0
cpu10 45543 71 46360 1713683 19789 0 14706 0 0 0
cpu11 41519 67 42149 1735209 18169 0 13064 0 0 0
cpu12 86650 146 52369 1657420 24151 0 16206 0 0 0
cpu13 82749 77 53369 1656394 25511 0 16569 0 0 0
cpu14 41424 65 41672 1738345 17266 0 12817 0 0 0
cpu15 38364 69 38240 1752691 17455 0 11629 0 0 0
cpu16 191949 31 60932 1596327 8930 0 34580 0 0 0
cpu17 181016 29 59152 1607790 11187 0 33136 0 0 0
cpu18 169703 29 57532 1622253 10897 0 32299 0 0 0
cpu19 321976 27 89387 1421363 5071 0 53764 0 0 0
cpu20 282610 27 82587 1468335 8126 0 50665 0 0 0
cpu21 165099 32 56687 1626245 12634 0 31542 0 0 0
cpu22 153079 36 54099 1642658 12362 0 29376 0 0 0
cpu23 132884 34 48430 1675134 11671 0 24783 0 0 0
cpu24 44803 69 43157 1732001 21112 0 13763 0 0 0
cpu25 50182 68 48132 1706437 23761 0 16280 0 0 0
cpu26 47907 62 46934 1713378 22828 0 15820 0 0 0
cpu27 40483 53 41867 1724767 21182 0 21627 0 0 0
cpu28 77888 86 56056 1645456 26415 0 28947 0 0 0
cpu29 81868 122 58088 1633796 27005 0 29502 0 0 0
cpu30 39825 47 43492 1718958 19000 0 21639 0 0 0
cpu31 43031 48 43670 1734585 19037 0 13768 0 0 0
intr 3396983846 126 0 0 0 0 0 0 0 0 1 0 0 0 0 0 0 0 0 0 0 0 0 0 0 0 0 0 1 1 1 0 0 0 0 1 0 1 0 0 75045 0 0 0 0 0 0 0 0 411 0 0 0 0 0 0 0 0 87 0 0 0 0 0 0 0 0 0 0 0 0 0 0 0 542856 2 35064191 35001632 34917604 35061587 0 15608 13325 16365 15639 9727 12127 15965 16779 13276 46181 62151 50014 42424 64073 61048 37702 34332 17012 18722 22194 9006 14976 20777 20439 17733 44407 56525 52797 41966 65295 67980 38908 39295 0 0 0 0 617283 4616 1036 0 264 0 0 0 0 0 0 0 0 0 0 0 0 0 0 0 0 0 0 0 0 0 0 0 0 0 0 0 0 0 0 0 0 0 0 0 0 0 0 0 0 0 0 0 0 0 0 0 0 0 0 0 0 0 0 0 0 0 0 0 0 0 0 0 0 0 0 0 0 0 0 0 0 0 0 0 0 0 0 0 0 0 0 0 0 0 0 0 0 0 0 0 0 0 0 0 0 0 0 0 0 0 0 0 0 0 0 0 0 0 0 0 0 0 0 0 0 0 0 0 0 0 0 0 0 0 0 0 0 0 0 0 0 0 0 0 0 0 0 0 0 0 0 0 0 0 0 0 0 0 0 0 0 0 0 0 0 0 0 0 0 0 0 0 0 0 0 0 0 0 0 0 0 0 0 0 0 0 0 0 0 0 0 0 0 0 0 0 0 0 0 0 0 0 0 0 0 0 0 0 0 0 0 0 0 0 0 0 0 0 0 0 0 0 0 0 0 0 0 0 0 0 0 0 0 0 0 0 0 0 0 0 0 0 0 0 0 0 0 0 0 0 0 0 0 0 0 0 0 0 0 0 0 0 0 0 0 0 0 0 0 0 0 0 0 0 0 0 0 0 0 0 0 0 0 0 0 0 0 0 0 0 0 0 0 0 0 0 0 0 0 0 0 0 0 0 0 0 0 0 0 0 0 0 0 0 0 0 0 0 0 0 0 0 0 0 0 0 0 0 0 0 0 0 0 0 0 0 0 0 0 0 0 0 0 0 0 0 0 0 0 0 0 0 0 0 0 0 0 0 0 0 0 0 0 0 0 0 0 0 0 0 0 0 0 0 0 0 0 0 0 0 0 0 0 0 0 0 0 0 0 0 0 0 0 0 0 0 0 0 0 0 0 0 0 0 0 0 0 0 0 0 0 0 0 0 0 0 0 0 0 0 0 0 0 0 0 0 0 0 0 0 0 0 0 0 0 0 0 0 0 0 0 0 0 0 0 0 0 0 0 0 0 0 0 0 0 0 0 0 0 0 0 0 0 0 0 0 0 0 0 0 0 0 0 0 0 0 0 0 0 0 0 0 0 0 0 0 0 0 0 0 0 0 0 0 0 0 0 0 0 0 0 0 0 0 0 0 0 0 0 0 0 0 0 0 0 0 0 0 0 0 0 0 0 0 0 0 0 0 0 0 0 0 0 0 0 0 0 0 0 0 0 0 0 0 0 0 0 0 0 0 0 0 0 0 0 0 0 0 0 0 0 0 0 0 0 0 0 0 0 0 0 0 0 0 0 0 0 0 0 0 0 0 0 0 0 0 0 0 0 0 0 0 0 0 0 0 0 0 0 0 0 0 0 0 0 0 0 0 0 0 0 0 0 0 0 0 0 0 0 0 0 0 0 0 0 0 0 0 0 0 0 0 0 0 0 0 0 0 0 0 0 0 0 0 0 0 0 0 0 0 0 0 0 0 0 0 0 0 0 0 0 0 0 0 0 0 0 0 0 0 0 0 0 0 0 0 0 0 0 0 0 0 0 0 0 0 0 0 0 0 0 0 0 0 0 0 0 0 0 0 0 0 0 0 0 0 0 0 0 0 0 0 0 0 0 0 0 0 0 0 0 0 0 0 0 0 0 0 0 0 0 0 0 0 0 0 0 0 0 0 0 0 0 0 0 0 0 0 0 0 0 0 0 0 0 0 0 0 0 0 0 0 0 0 0 0 0 0 0 0 0 0 0 0 0 0 0 0 0 0 0 0 0 0 0 0 0 0 0 0 0 0 0 0 0 0 0 0 0 0 0 0 0 0 0 0 0 0 0 0 0 0 0 0 0 0 0 0 0 0 0 0 0 0 0 0 0 0 0 0 0 0 0 0 0 0 0 0 0 0 0 0 0 0 0 0 0 0 0 0 0 0 0 0 0 0 0 0 0 0 0 0 0 0 0 0 0 0 0 0 0 0 0 0 0 0 0 0 0 0 0 0 0 0 0 0 0 0 0 0 0 0 0 0 0 0 0 0 0 0 0 0 0 0 0 0 0 0 0 0 0 0 0 0 0 0 0 0 0 0 0 0 0 0 0 0 0 0 0 0 0 0 0 0 0 0 0 0 0 0 0 0 0 0 0 0 0 0 0 0 0 0 0 0 0 0 0 0 0 0 0 0 0 0 0 0 0 0 0 0 0 0 0 0 0 0 0 0 0 0 0 0 0 0 0 0 0 0 0 0 0 0 0 0 0 0 0 0 0 0 0 0 0 0 0 0 0 0 0 0 0 0 0 0 0 0 0 0 0 0 0 0 0 0 0 0 0 0 0 0 0 0 0 0 0 0 0 0 0 0 0 0 0 0 0 0 0 0 0 0 0 0 0 0 0 0 0 0 0 0 0 0 0 0 0 0 0 0 0 0 0 0 0 0 0 0 0 0 0 0 0 0 0 0 0 0 0 0 0 0 0 0 0 0 0 0 0 0 0 0 0 0 0 0 0 0 0 0 0 0 0
ctxt 5398700870
btime 1790630938
processes 1097710
procs_running 1
procs_blocked 0
softirq 4831301340 73526 13704295 2753177 397155174 566520 0 13560457 55531750 421 52988724
--
cpu  3840889 1736 1713183 52949158 482226 0 817850 0 0 0
cpu0 144326 31 49322 1657186 6286 0 27087 0 0 0
cpu1 144988 36 50191 1661533 7679 0 26201 0 0 0
cpu2 148707 35 50467 1658553 7741 0 26275 0 0 0
cpu3 239300 36 73410 1529522 4990 0 43210 0 0 0
cpu4 241220 41 72052 1529321 6298 0 43615 0 0 0
cpu5 154509 40 52142 1650017 8546 0 27180 0 0 0
cpu6 155420 36 52583 1648337 8734 0 28276 0 0 0
cpu7 161820 34 55813 1636843 8320 0 30930 0 0 0
cpu8 41814 65 44767 1731740 17976 0 13664 0 0 0
cpu9 48111 72 48054 1705424 22064 0 14914 0 0 0
cpu10 45545 71 46360 1714480 19789 0 14706 0 0 0
cpu11 41519 67 42149 1736007 18169 0 13064 0 0 0
cpu12 86656 146 52370 1658210 24151 0 16206 0 0 0
cpu13 82752 78 53369 1657174 25526 0 16569 0 0 0
cpu14 41425 65 41672 1739143 17266 0 12817 0 0 0
cpu15 38364 69 38241 1753488 17455 0 11629 0 0 0
cpu16 191954 31 60932 1597121 8930 0 34580 0 0 0
cpu17 181016 29 59152 1608589 11187 0 33136 0 0 0
cpu18 169704 29 57532 1623052 10897 0 32299 0 0 0
cpu19 322008 27 89388 1422127 5071 0 53764 0 0 0
cpu20 282610 27 82588 1469134 8126 0 50665 0 0 0
cpu21 165099 32 56687 1627044 12634 0 31542 0 0 0
cpu22 153079 36 54099 1643457 12362 0 29376 0 0 0
cpu23 132884 34 48430 1675933 11671 0 24783 0 0 0
cpu24 44803 69 43157 1732799 21113 0 13763 0 0 0
cpu25 50183 68 48132 1707235 23761 0 16280 0 0 0
cpu26 47907 62 46934 1714176 22829 0 15820 0 0 0
cpu27 40484 53 41867 1725565 21182 0 21627 0 0 0
cpu28 77892 86 56056 1646251 26415 0 28947 0 0 0
cpu29 81915 122 58091 1634543 27006 0 29502 0 0 0
cpu30 39827 47 43492 1719756 19000 0 21639 0 0 0
cpu31 43032 48 43670 1735383 19037 0 13768 0 0 0
intr 3397084798 126 0 0 0 0 0 0 0 0 1 0 0 0 0 0 0 0 0 0 0 0 0 0 0 0 0 0 1 1 1 0 0 0 0 1 0 1 0 0 75045 0 0 0 0 0 0 0 0 411 0 0 0 0 0 0 0 0 87 0 0 0 0 0 0 0 0 0 0 0 0 0 0 0 542981 2 35064222 35001637 34917640 35061621 0 15616 13325 16365 15639 9728 12127 15965 16779 13276 46182 62151 50014 42424 64073 61048 37702 34332 17012 18722 22198 9006 14976 20778 20439 17733 44407 56525 52798 41966 65295 67986 38908 39295 0 0 0 0 617285 4616 1036 0 264 0 0 0 0 0 0 0 0 0 0 0 0 0 0 0 0 0 0 0 0 0 0 0 0 0 0 0 0 0 0 0 0 0 0 0 0 0 0 0 0 0 0 0 0 0 0 0 0 0 0 0 0 0 0 0 0 0 0 0 0 0 0 0 0 0 0 0 0 0 0 0 0 0 0 0 0 0 0 0 0 0 0 0 0 0 0 0 0 0 0 0 0 0 0 0 0 0 0 0 0 0 0 0 0 0 0 0 0 0 0 0 0 0 0 0 0 0 0 0 0 0 0 0 0 0 0 0 0 0 0 0 0 0 0 0 0 0 0 0 0 0 0 0 0 0 0 0 0 0 0 0 0 0 0 0 0 0 0 0 0 0 0 0 0 0 0 0 0 0 0 0 0 0 0 0 0 0 0 0 0 0 0 0 0 0 0 0 0 0 0 0 0 0 0 0 0 0 0 0 0 0 0 0 0 0 0 0 0 0 0 0 0 0 0 0 0 0 0 0 0 0 0 0 0 0 0 0 0 0 0 0 0 0 0 0 0 0 0 0 0 0 0 0 0 0 0 0 0 0 0 0 0 0 0 0 0 0 0 0 0 0 0 0 0 0 0 0 0 0 0 0 0 0 0 0 0 0 0 0 0 0 0 0 0 0 0 0 0 0 0 0 0 0 0 0 0 0 0 0 0 0 0 0 0 0 0 0 0 0 0 0 0 0 0 0 0 0 0 0 0 0 0 0 0 0 0 0 0 0 0 0 0 0 0 0 0 0 0 0 0 0 0 0 0 0 0 0 0 0 0 0 0 0 0 0 0 0 0 0 0 0 0 0 0 0 0 0 0 0 0 0 0 0 0 0 0 0 0 0 0 0 0 0 0 0 0 0 0 0 0 0 0 0 0 0 0 0 0 0 0 0 0 0 0 0 0 0 0 0 0 0 0 0 0 0 0 0 0 0 0 0 0 0 0 0 0 0 0 0 0 0 0 0 0 0 0 0 0 0 0 0 0 0 0 0 0 0 0 0 0 0 0 0 0 0 0 0 0 0 0 0 0 0 0 0 0 0 0 0 0 0 0 0 0 0 0 0 0 0 0 0 0 0 0 0 0 0 0 0 0 0 0 0 0 0 0 0 0 0 0 0 0 0 0 0 0 0 0 0 0 0 0 0 0 0 0 0 0 0 0 0 0 0 0 0 0 0 0 0 0 0 0 0 0 0 0 0 0 0 0 0 0 0 0 0 0 0 0 0 0 0 0 0 0 0 0 0 0 0 0 0 0 0 0 0 0 0 0 0 0 0 0 0 0 0 0 0 0 0 0 0 0 0 0 0 0 0 0 0 0 0 0 0 0 0 0 0 0 0 0 0 0 0 0 0 0 0 0 0 0 0 0 0 0 0 0 0 0 0 0 0 0 0 0 0 0 0 0 0 0 0 0 0 0 0 0 0 0 0 0 0 0 0 0 0 0 0 0 0 0 0 0 0 0 0 0 0 0 0 0 0 0 0 0 0 0 0 0 0 0 0 0 0 0 0 0 0 0 0 0 0 0 0 0 0 0 0 0 0 0 0 0 0 0 0 0 0 0 0 0 0 0 0 0 0 0 0 0 0 0 0 0 0 0 0 0 0 0 0 0 0 0 0 0 0 0 0 0 0 0 0 0 0 0 0 0 0 0 0 0 0 0 0 0 0 0 0 0 0 0 0 0 0 0 0 0 0 0 0 0 0 0 0 0 0 0 0 0 0 0 0 0 0 0 0 0 0 0 0 0 0 0 0 0 0 0 0 0 0 0 0 0 0 0 0 0 0 0 0 0 0 0 0 0 0 0 0 0 0 0 0 0 0 0 0 0 0 0 0 0 0 0 0 0 0 0 0 0 0 0 0 0 0 0 0 0 0 0 0 0 0 0 0 0 0 0 0 0 0 0 0 0 0 0 0 0 0 0 0 0 0 0 0 0 0 0 0 0 0 0 0 0 0 0 0 0 0 0 0 0 0 0 0 0 0 0 0 0 0 0 0 0 0 0 0 0 0 0 0 0 0 0 0 0 0 0 0 0 0 0 0 0 0 0 0 0 0 0 0 0 0 0 0 0 0 0 0 0 0 0 0 0 0 0 0 0 0 0 0 0 0 0 0 0 0 0 0 0 0 0 0 0 0 0 0 0 0 0 0 0 0 0 0 0 0 0 0 0 0 0 0 0 0 0 0 0 0 0 0 0 0 0 0 0 0 0 0 0 0 0 0 0 0 0 0 0 0 0 0 0 0 0 0 0 0 0 0 0 0 0 0 0 0 0 0 0 0 0 0 0 0 0 0 0 0 0 0 0 0 0 0 0 0 0 0 0 0 0 0 0 0 0 0 0 0 0 0 0 0 0 0 0 0 0 0 0 0 0 0 0 0 0 0 0 0 0 0 0 0 0 0 0 0 0 0 0 0 0 0 0 0 0 0 0 0 0 0 0 0 0 0 0 0 0 0 0 0 0 0 0 0 0
ctxt 5398830476
btime 1790630938
processes 1097782
procs_running 1
procs_blocked 0
softirq 4831320969 73526 13707468 2753177 397157137 566660 0 13560457 55539596 421 52995231
