Running 10s test @ http://127.0.0.1:18500/usleep?ms=10
  16 threads and 32 connections
  Thread Stats   Avg      Stdev     Max   +/- Stdev
    Latency   318.73ms   47.92ms 638.13ms   96.15%
    Req/Sec     6.19      2.75    40.00     71.95%
  Latency Distribution
     50%  323.76ms
     75%  323.81ms
     90%  323.92ms
     99%  627.43ms
  988 requests in 10.01s, 199.72KB read
Requests/sec:     98.68
Transfer/sec:     19.95KB
## server-stat
cpu  3775202 1675 1695956 50617500 480147 0 811329 0 0 0
cpu0 142993 30 48946 1583535 6264 0 26783 0 0 0
cpu1 144171 35 49847 1586868 7677 0 26057 0 0 0
cpu2 148097 34 50141 1583586 7740 0 26159 0 0 0
cpu3 228804 35 71657 1466826 4987 0 42226 0 0 0
cpu4 229633 39 69915 1468363 6274 0 42272 0 0 0
cpu5 153920 38 51808 1574998 8543 0 27083 0 0 0
cpu6 154962 35 52278 1573099 8731 0 28196 0 0 0
cpu7 161415 33 55531 1561459 8314 0 30866 0 0 0
cpu8 41625 61 44546 1656585 17968 0 13633 0 0 0
cpu9 47829 68 47782 1631297 21793 0 14864 0 0 0
cpu10 45333 68 46113 1639850 19779 0 14662 0 0 0
cpu11 41355 63 41939 1660940 18160 0 13036 0 0 0
cpu12 84917 143 51948 1585794 23993 0 16120 0 0 0
cpu13 81246 75 52923 1584936 25101 0 16480 0 0 0
cpu14 41233 62 41430 1664532 17109 0 12778 0 0 0
cpu15 38242 65 38016 1678339 17441 0 11600 0 0 0
cpu16 190846 29 60580 1522607 8927 0 34481 0 0 0
cpu17 180264 28 58807 1533748 11184 0 33049 0 0 0
cpu18 169096 28 57185 1548026 10892 0 32213 0 0 0
cpu19 306590 27 86638 1365640 5070 0 52412 0 0 0
cpu20 269807 26 80406 1408934 8123 0 49801 0 0 0
cpu21 164548 31 56340 1551991 12608 0 31457 0 0 0
cpu22 152618 34 53771 1568209 12362 0 29308 0 0 0
cpu23 132464 33 48132 1600575 11670 0 24722 0 0 0
cpu24 44603 65 42906 1657595 21094 0 13732 0 0 0
cpu25 49940 66 47877 1632244 23726 0 16242 0 0 0
cpu26 47706 60 46696 1639025 22758 0 15791 0 0 0
cpu27 40309 51 41630 1650127 21164 0 21604 0 0 0
cpu28 77006 85 55734 1572358 26154 0 28895 0 0 0
cpu29 81069 120 57754 1560972 26586 0 29437 0 0 0
cpu30 39676 46 43228 1644569 18921 0 21610 0 0 0
cpu31 42870 46 43439 1659862 19021 0 13744 0 0 0
intr 3355001447 126 0 0 0 0 0 0 0 0 1 0 0 0 0 0 0 0 0 0 0 0 0 0 0 0 0 0 1 1 1 0 0 0 0 1 0 1 0 0 75045 0 0 0 0 0 0 0 0 411 0 0 0 0 0 0 0 0 87 0 0 0 0 0 0 0 0 0 0 0 0 0 0 0 523010 2 35060598 34999766 34914225 35057801 0 15003 13308 16358 15638 9712 12114 15930 16775 13268 46081 62082 49988 42404 64007 60826 37639 34231 16707 18651 22176 9000 14940 20766 20429 17727 44353 56333 52762 41859 64577 67942 38470 39283 0 0 0 0 617233 4548 1036 0 264 0 0 0 0 0 0 0 0 0 0 0 0 0 0 0 0 0 0 0 0 0 0 0 0 0 0 0 0 0 0 0 0 0 0 0 0 0 0 0 0 0 0 0 0 0 0 0 0 0 0 0 0 0 0 0 0 0 0 0 0 0 0 0 0 0 0 0 0 0 0 0 0 0 0 0 0 0 0 0 0 0 0 0 0 0 0 0 0 0 0 0 0 0 0 0 0 0 0 0 0 0 0 0 0 0 0 0 0 0 0 0 0 0 0 0 0 0 0 0 0 0 0 0 0 0 0 0 0 0 0 0 0 0 0 0 0 0 0 0 0 0 0 0 0 0 0 0 0 0 0 0 0 0 0 0 0 0 0 0 0 0 0 0 0 0 0 0 0 0 0 0 0 0 0 0 0 0 0 0 0 0 0 0 0 0 0 0 0 0 0 0 0 0 0 0 0 0 0 0 0 0 0 0 0 0 0 0 0 0 0 0 0 0 0 0 0 0 0 0 0 0 0 0 0 0 0 0 0 0 0 0 0 0 0 0 0 0 0 0 0 0 0 0 0 0 0 0 0 0 0 0 0 0 0 0 0 0 0 0 0 0 0 0 0 0 0 0 0 0 0 0 0 0 0 0 0 0 0 0 0 0 0 0 0 0 0 0 0 0 0 0 0 0 0 0 0 0 0 0 0 0 0 0 0 0 0 0 0 0 0 0 0 0 0 0 0 0 0 0 0 0 0 0 0 0 0 0 0 0 0 0 0 0 0 0 0 0 0 0 0 0 0 0 0 0 0 0 0 0 0 0 0 0 0 0 0 0 0 0 0 0 0 0 0 0 0 0 0 0 0 0 0 0 0 0 0 0 0 0 0 0 0 0 0 0 0 0 0 0 0 0 0 0 0 0 0 0 0 0 0 0 0 0 0 0 0 0 0 0 0 0 0 0 0 0 0 0 0 0 0 0 0 0 0 0 0 0 0 0 0 0 0 0 0 0 0 0 0 0 0 0 0 0 0 0 0 0 0 0 0 0 0 0 0 0 0 0 0 0 0 0 0 0 0 0 0 0 0 0 0 0 0 0 0 0 0 0 0 0 0 0 0 0 0 0 0 0 0 0 0 0 0 0 0 0 0 0 0 0 0 0 0 0 0 0 0 0 0 0 0 0 0 0 0 0 0 0 0 0 0 0 0 0 0 0 0 0 0 0 0 0 0 0 0 0 0 0 0 0 0 0 0 0 0 0 0 0 0 0 0 0 0 0 0 0 0 0 0 0 0 0 0 0 0 0 0 0 0 0 0 0 0 0 0 0 0 0 0 0 0 0 0 0 0 0 0 0 0 0 0 0 0 0 0 0 0 0 0 0 0 0 0 0 0 0 0 0 0 0 0 0 0 0 0 0 0 0 0 0 0 0 0 0 0 0 0 0 0 0 0 0 0 0 0 0 0 0 0 0 0 0 0 0 0 0 0 0 0 0 0 0 0 0 0 0 0 0 0 0 0 0 0 0 0 0 0 0 0 0 0 0 0 0 0 0 0 0 0 0 0 0 0 0 0 0 0 0 0 0 0 0 0 0 0 0 0 0 0 0 0 0 0 0 0 0 0 0 0 0 0 0 0 0 0 0 0 0 0 0 0 0 0 0 0 0 0 0 0 0 0 0 0 0 0 0 0 0 0 0 0 0 0 0 0 0 0 0 0 0 0 0 0 0 0 0 0 0 0 0 0 0 0 0 0 0 0 0 0 0 0 0 0 0 0 0 0 0 0 0 0 0 0 0 0 0 0 0 0 0 0 0 0 0 0 0 0 0 0 0 0 0 0 0 0 0 0 0 0 0 0 0 0 0 0 0 0 0 0 0 0 0 0 0 0 0 0 0 0 0 0 0 0 0 0 0 0 0 0 0 0 0 0 0 0 0 0 0 0 0 0 0 0 0 0 0 0 0 0 0 0 0 0 0 0 0 0 0 0 0 0 0 0 0 0 0 0 0 0 0 0 0 0 0 0 0 0 0 0 0 0 0 0 0 0 0 0 0 0 0 0 0 0 0 0 0 0 0 0 0 0 0 0 0 0 0 0 0 0 0 0 0 0 0 0 0 0 0 0 0 0 0 0 0 0 0 0 0 0 0 0 0 0 0 0 0 0 0 0 0 0 0 0 0 0 0 0 0 0 0 0 0 0 0 0 0 0 0 0 0 0 0 0 0 0 0 0 0 0 0 0 0 0 0 0 0 0 0 0 0 0 0 0 0 0 0 0 0 0 0 0 0 0 0 0 0 0 0 0 0 0 0 0 0 0 0 0 0 0 0 0 0 0 0 0 0 0 0 0 0 0 0 0 0 0 0 0 0 0 0 0 0 0 0 0 0 0 0 0 0 0 0 0 0 0 0 0 0 0 0 0 0 0 0 0 0 0 0 0 0 0 0 0 0 0 0 0 0 0 0 0 0 0 0 0 0 0 0 0 0 0 0 0 0 0 0 0 0 0 0 0 0 0
ctxt 5323612739
btime 1790630938
processes 1004555
procs_running 1
procs_blocked 0
softirq 4780431800 73526 13325494 2753174 349997667 545719 0 13560305 54491042 421 50717156
--
cpu  3775256 1676 1695965 50642989 480162 0 811329 0 0 0
cpu0 142993 30 48946 1584333 6264 0 26783 0 0 0
cpu1 144171 35 49847 1587666 7677 0 26057 0 0 0
cpu2 148097 34 50141 1584385 7740 0 26159 0 0 0
cpu3 228804 35 71657 1467624 4987 0 42226 0 0 0
cpu4 229633 39 69915 1469162 6274 0 42272 0 0 0
cpu5 153920 38 51809 1575797 8543 0 27083 0 0 0
cpu6 154962 35 52279 1573897 8731 0 28196 0 0 0
cpu7 161415 33 55531 1562257 8315 0 30866 0 0 0
cpu8 41626 61 44546 1657382 17968 0 13633 0 0 0
cpu9 47829 68 47783 1632094 21793 0 14864 0 0 0
cpu10 45333 68 46113 1640649 19779 0 14662 0 0 0
cpu11 41355 63 41939 1661739 18160 0 13036 0 0 0
cpu12 84924 143 51948 1586585 23993 0 16120 0 0 0
cpu13 81274 75 52924 1585704 25101 0 16480 0 0 0
cpu14 41234 62 41430 1665317 17122 0 12778 0 0 0
cpu15 38242 65 38017 1679138 17441 0 11600 0 0 0
cpu16 190846 29 60580 1523406 8927 0 34481 0 0 0
cpu17 180264 28 58807 1534547 11184 0 33049 0 0 0
cpu18 169096 28 57185 1548825 10892 0 32213 0 0 0
cpu19 306594 27 86638 1366433 5070 0 52413 0 0 0
cpu20 269807 26 80406 1409733 8123 0 49801 0 0 0
cpu21 164548 31 56340 1552790 12608 0 31457 0 0 0
cpu22 152618 34 53771 1569008 12362 0 29308 0 0 0
cpu23 132465 33 48132 1601374 11670 0 24722 0 0 0
cpu24 44603 65 42906 1658394 21094 0 13732 0 0 0
cpu25 49940 66 47877 1633043 23726 0 16242 0 0 0
cpu26 47706 61 46696 1639824 22758 0 15791 0 0 0
cpu27 40309 51 41630 1650925 21164 0 21604 0 0 0
cpu28 77010 85 55734 1573151 26154 0 28895 0 0 0
cpu29 81076 120 57755 1561762 26587 0 29437 0 0 0
cpu30 39676 46 43228 1645367 18921 0 21610 0 0 0
cpu31 42870 46 43439 1660662 19021 0 13744 0 0 0
intr 3355091127 126 0 0 0 0 0 0 0 0 1 0 0 0 0 0 0 0 0 0 0 0 0 0 0 0 0 0 1 1 1 0 0 0 0 1 0 1 0 0 75045 0 0 0 0 0 0 0 0 411 0 0 0 0 0 0 0 0 87 0 0 0 0 0 0 0 0 0 0 0 0 0 0 0 523161 2 35060648 34999802 34914245 35057855 0 15011 13308 16358 15638 9712 12114 15930 16775 13268 46082 62082 49988 42404 64009 60826 37639 34231 16707 18651 22176 9001 14941 20766 20429 17727 44353 56333 52762 41868 64577 67943 38470 39283 0 0 0 0 617233 4556 1036 0 264 0 0 0 0 0 0 0 0 0 0 0 0 0 0 0 0 0 0 0 0 0 0 0 0 0 0 0 0 0 0 0 0 0 0 0 0 0 0 0 0 0 0 0 0 0 0 0 0 0 0 0 0 0 0 0 0 0 0 0 0 0 0 0 0 0 0 0 0 0 0 0 0 0 0 0 0 0 0 0 0 0 0 0 0 0 0 0 0 0 0 0 0 0 0 0 0 0 0 0 0 0 0 0 0 0 0 0 0 0 0 0 0 0 0 0 0 0 0 0 0 0 0 0 0 0 0 0 0 0 0 0 0 0 0 0 0 0 0 0 0 0 0 0 0 0 0 0 0 0 0 0 0 0 0 0 0 0 0 0 0 0 0 0 0 0 0 0 0 0 0 0 0 0 0 0 0 0 0 0 0 0 0 0 0 0 0 0 0 0 0 0 0 0 0 0 0 0 0 0 0 0 0 0 0 0 0 0 0 0 0 0 0 0 0 0 0 0 0 0 0 0 0 0 0 0 0 0 0 0 0 0 0 0 0 0 0 0 0 0 0 0 0 0 0 0 0 0 0 0 0 0 0 0 0 0 0 0 0 0 0 0 0 0 0 0 0 0 0 0 0 0 0 0 0 0 0 0 0 0 0 0 0 0 0 0 0 0 0 0 0 0 0 0 0 0 0 0 0 0 0 0 0 0 0 0 0 0 0 0 0 0 0 0 0 0 0 0 0 0 0 0 0 0 0 0 0 0 0 0 0 0 0 0 0 0 0 0 0 0 0 0 0 0 0 0 0 0 0 0 0 0 0 0 0 0 0 0 0 0 0 0 0 0 0 0 0 0 0 0 0 0 0 0 0 0 0 0 0 0 0 0 0 0 0 0 0 0 0 0 0 0 0 0 0 0 0 0 0 0 0 0 0 0 0 0 0 0 0 0 0 0 0 0 0 0 0 0 0 0 0 0 0 0 0 0 0 0 0 0 0 0 0 0 0 0 0 0 0 0 0 0 0 0 0 0 0 0 0 0 0 0 0 0 0 0 0 0 0 0 0 0 0 0 0 0 0 0 0 0 0 0 0 0 0 0 0 0 0 0 0 0 0 0 0 0 0 0 0 0 0 0 0 0 0 0 0 0 0 0 0 0 0 0 0 0 0 0 0 0 0 0 0 0 0 0 0 0 0 0 0 0 0 0 0 0 0 0 0 0 0 0 0 0 0 0 0 0 0 0 0 0 0 0 0 0 0 0 0 0 0 0 0 0 0 0 0 0 0 0 0 0 0 0 0 0 0 0 0 0 0 0 0 0 0 0 0 0 0 0 0 0 0 0 0 0 0 0 0 0 0 0 0 0 0 0 0 0 0 0 0 0 0 0 0 0 0 0 0 0 0 0 0 0 0 0 0 0 0 0 0 0 0 0 0 0 0 0 0 0 0 0 0 0 0 0 0 0 0 0 0 0 0 0 0 0 0 0 0 0 0 0 0 0 0 0 0 0 0 0 0 0 0 0 0 0 0 0 0 0 0 0 0 0 0 0 0 0 0 0 0 0 0 0 0 0 0 0 0 0 0 0 0 0 0 0 0 0 0 0 0 0 0 0 0 0 0 0 0 0 0 0 0 0 0 0 0 0 0 0 0 0 0 0 0 0 0 0 0 0 0 0 0 0 0 0 0 0 0 0 0 0 0 0 0 0 0 0 0 0 0 0 0 0 0 0 0 0 0 0 0 0 0 0 0 0 0 0 0 0 0 0 0 0 0 0 0 0 0 0 0 0 0 0 0 0 0 0 0 0 0 0 0 0 0 0 0 0 0 0 0 0 0 0 0 0 0 0 0 0 0 0 0 0 0 0 0 0 0 0 0 0 0 0 0 0 0 0 0 0 0 0 0 0 0 0 0 0 0 0 0 0 0 0 0 0 0 0 0 0 0 0 0 0 0 0 0 0 0 0 0 0 0 0 0 0 0 0 0 0 0 0 0 0 0 0 0 0 0 0 0 0 0 0 0 0 0 0 0 0 0 0 0 0 0 0 0 0 0 0 0 0 0 0 0 0 0 0 0 0 0 0 0 0 0 0 0 0 0 0 0 0 0 0 0 0 0 0 0 0 0 0 0 0 0 0 0 0 0 0 0 0 0 0 0 0 0 0 0 0 0 0 0 0 0 0 0 0 0 0 0 0 0 0 0 0 0 0 0 0 0 0 0 0 0 0 0 0 0 0 0 0 0 0 0 0 0 0 0 0 0 0 0 0 0 0 0 0 0 0 0 0 0 0 0 0 0 0 0 0 0 0 0 0 0 0 0 0 0 0 0 0 0 0 0 0 0 0 0 0 0 0 0 0 0 0 0 0 0 0 0 0 0 0 0 0 0 0 0 0 0 0 0 0 0 0 0 0 0 0 0 0 0 0 0 0 0 0 0 0 0 0 0 0 0 0 0 0 0 0 0 0 0 0 0 0 0 0 0 0 0 0 0 0 0 0 0 0 0 0 0 0 0
ctxt 5323742635
btime 1790630938
processes 1004626
procs_running 1
procs_blocked 0
softirq 4780450812 73526 13331073 2753174 349999488 545885 0 13560321 54497032 421 50722596
