Running 10s test @ http://127.0.0.1:18500/counter
  16 threads and 128 connections
  Thread Stats   Avg      Stdev     Max   +/- Stdev
    Latency    30.44ms   28.21ms 173.73ms   86.58%
    Req/Sec   325.21    278.47     1.27k    86.71%
  Latency Distribution
     50%   21.63ms
     75%   45.53ms
     90%   67.87ms
     99%  131.51ms
  51215 requests in 10.10s, 55.43MB read
Requests/sec:   5070.77
Transfer/sec:      5.49MB
## server-stat
cpu  3932214 1762 1725673 53820945 547955 0 819128 0 0 0
cpu0 147976 31 49775 1684876 6748 0 27202 0 0 0
cpu1 148106 36 50592 1689979 8170 0 26282 0 0 0
cpu2 153432 36 50995 1685300 8205 0 26351 0 0 0
cpu3 245109 36 74030 1554971 5535 0 43283 0 0 0
cpu4 246051 42 72593 1555794 6949 0 43682 0 0 0
cpu5 158526 41 52618 1677407 9248 0 27228 0 0 0
cpu6 160282 36 53036 1674637 9684 0 28343 0 0 0
cpu7 164570 35 56127 1665149 9510 0 30979 0 0 0
cpu8 41920 66 44932 1760837 21210 0 13669 0 0 0
cpu9 48275 73 48228 1734512 25178 0 14923 0 0 0
cpu10 45670 72 46536 1743279 23248 0 14712 0 0 0
cpu11 41613 68 42312 1765035 21483 0 13068 0 0 0
cpu12 87303 148 52594 1686531 27423 0 16220 0 0 0
cpu13 83405 79 53610 1685397 28853 0 16586 0 0 0
cpu14 41532 66 41854 1768423 20270 0 12824 0 0 0
cpu15 38446 70 38413 1782545 20749 0 11633 0 0 0
cpu16 199950 31 61630 1620743 9194 0 34649 0 0 0
cpu17 189361 29 59910 1631749 11484 0 33221 0 0 0
cpu18 175794 30 58086 1648357 11525 0 32357 0 0 0
cpu19 331170 28 90457 1444265 5281 0 53836 0 0 0
cpu20 292146 27 83687 1490816 8392 0 50740 0 0 0
cpu21 171061 33 57249 1652155 13539 0 31628 0 0 0
cpu22 156539 36 54520 1670838 13637 0 29440 0 0 0
cpu23 136082 34 48840 1703305 13205 0 24852 0 0 0
cpu24 44942 71 43354 1761421 24752 0 13769 0 0 0
cpu25 50343 68 48336 1735734 27488 0 16288 0 0 0
cpu26 48048 62 47131 1742743 26524 0 15827 0 0 0
cpu27 40613 54 42050 1754103 24955 0 21633 0 0 0
cpu28 78461 87 56293 1674327 30071 0 28959 0 0 0
cpu29 82401 123 58332 1662649 30679 0 29515 0 0 0
cpu30 39932 48 43680 1748859 22196 0 21644 0 0 0
cpu31 43139 50 43859 1764194 22554 0 13771 0 0 0
intr 3411710720 126 0 0 0 0 0 0 0 0 1 0 0 0 0 0 0 0 0 0 0 0 0 0 0 0 0 0 1 1 1 0 0 0 0 1 0 1 0 0 75045 0 0 0 0 0 0 0 0 411 0 0 0 0 0 0 0 0 87 0 0 0 0 0 0 0 0 0 0 0 0 0 0 0 557731 2 35065548 35002590 34918276 35062669 0 15877 14070 17179 16862 10549 13034 17048 18232 14820 50222 67012 54331 46183 69189 67279 40806 37676 17442 19266 23123 9349 15445 21923 22451 19450 49079 61785 57492 46085 70362 73615 42044 42782 0 0 0 0 617305 4646 1036 0 264 0 0 0 0 0 0 0 0 0 0 0 0 0 0 0 0 0 0 0 0 0 0 0 0 0 0 0 0 0 0 0 0 0 0 0 0 0 0 0 0 0 0 0 0 0 0 0 0 0 0 0 0 0 0 0 0 0 0 0 0 0 0 0 0 0 0 0 0 0 0 0 0 0 0 0 0 0 0 0 0 0 0 0 0 0 0 0 0 0 0 0 0 0 0 0 0 0 0 0 0 0 0 0 0 0 0 0 0 0 0 0 0 0 0 0 0 0 0 0 0 0 0 0 0 0 0 0 0 0 0 0 0 0 0 0 0 0 0 0 0 0 0 0 0 0 0 0 0 0 0 0 0 0 0 0 0 0 0 0 0 0 0 0 0 0 0 0 0 0 0 0 0 0 0 0 0 0 0 0 0 0 0 0 0 0 0 0 0 0 0 0 0 0 0 0 0 0 0 0 0 0 0 0 0 0 0 0 0 0 0 0 0 0 0 0 0 0 0 0 0 0 0 0 0 0 0 0 0 0 0 0 0 0 0 0 0 0 0 0 0 0 0 0 0 0 0 0 0 0 0 0 0 0 0 0 0 0 0 0 0 0 0 0 0 0 0 0 0 0 0 0 0 0 0 0 0 0 0 0 0 0 0 0 0 0 0 0 0 0 0 0 0 0 0 0 0 0 0 0 0 0 0 0 0 0 0 0 0 0 0 0 0 0 0 0 0 0 0 0 0 0 0 0 0 0 0 0 0 0 0 0 0 0 0 0 0 0 0 0 0 0 0 0 0 0 0 0 0 0 0 0 0 0 0 0 0 0 0 0 0 0 0 0 0 0 0 0 0 0 0 0 0 0 0 0 0 0 0 0 0 0 0 0 0 0 0 0 0 0 0 0 0 0 0 0 0 0 0 0 0 0 0 0 0 0 0 0 0 0 0 0 0 0 0 0 0 0 0 0 0 0 0 0 0 0 0 0 0 0 0 0 0 0 0 0 0 0 0 0 0 0 0 0 0 0 0 0 0 0 0 0 0 0 0 0 0 0 0 0 0 0 0 0 0 0 0 0 0 0 0 0 0 0 0 0 0 0 0 0 0 0 0 0 0 0 0 0 0 0 0 0 0 0 0 0 0 0 0 0 0 0 0 0 0 0 0 0 0 0 0 0 0 0 0 0 0 0 0 0 0 0 0 0 0 0 0 0 0 0 0 0 0 0 0 0 0 0 0 0 0 0 0 0 0 0 0 0 0 0 0 0 0 0 0 0 0 0 0 0 0 0 0 0 0 0 0 0 0 0 0 0 0 0 0 0 0 0 0 0 0 0 0 0 0 0 0 0 0 0 0 0 0 0 0 0 0 0 0 0 0 0 0 0 0 0 0 0 0 0 0 0 0 0 0 0 0 0 0 0 0 0 0 0 0 0 0 0 0 0 0 0 0 0 0 0 0 0 0 0 0 0 0 0 0 0 0 0 0 0 0 0 0 0 0 0 0 0 0 0 0 0 0 0 0 0 0 0 0 0 0 0 0 0 0 0 0 0 0 0 0 0 0 0 0 0 0 0 0 0 0 0 0 0 0 0 0 0 0 0 0 0 0 0 0 0 0 0 0 0 0 0 0 0 0 0 0 0 0 0 0 0 0 0 0 0 0 0 0 0 0 0 0 0 0 0 0 0 0 0 0 0 0 0 0 0 0 0 0 0 0 0 0 0 0 0 0 0 0 0 0 0 0 0 0 0 0 0 0 0 0 0 0 0 0 0 0 0 0 0 0 0 0 0 0 0 0 0 0 0 0 0 0 0 0 0 0 0 0 0 0 0 0 0 0 0 0 0 0 0 0 0 0 0 0 0 0 0 0 0 0 0 0 0 0 0 0 0 0 0 0 0 0 0 0 0 0 0 0 0 0 0 0 0 0 0 0 0 0 0 0 0 0 0 0 0 0 0 0 0 0 0 0 0 0 0 0 0 0 0 0 0 0 0 0 0 0 0 0 0 0 0 0 0 0 0 0 0 0 0 0 0 0 0 0 0 0 0 0 0 0 0 0 0 0 0 0 0 0 0 0 0 0 0 0 0 0 0 0 0 0 0 0 0 0 0 0 0 0 0 0 0 0 0 0 0 0 0 0 0 0 0 0 0 0 0 0 0 0 0 0 0 0 0 0 0 0 0 0 0 0 0 0 0 0 0 0 0 0 0 0 0 0 0 0 0 0 0 0 0 0 0 0 0 0 0 0 0 0 0 0 0 0 0 0 0 0 0 0 0 0 0 0 0 0 0 0 0 0 0 0 0 0 0 0 0 0 0 0 0 0 0 0 0 0 0 0 0 0 0 0 0 0 0 0 0 0 0 0 0 0 0 0 0 0 0 0 0 0 0 0 0 0 0 0 0 0 0 0 0 0 0 0 0 0 0 0 0 0 0 0 0 0 0 0 0 0 0 0 0 0 0 0 0 0 0 0 0 0 0 0 0 0 0 0 0 0 0 0 0 0 0 0
ctxt 5421373397
btime 1790630938
processes 1164714
procs_running 6
procs_blocked 14
softirq 4838219314 73526 14032673 2753177 401537332 581831 0 13560530 56243213 421 54469315
--
cpu  3935484 1763 1726096 53833359 557246 0 819162 0 0 0
cpu0 148184 31 49796 1685368 6810 0 27204 0 0 0
cpu1 148400 36 50623 1690375 8237 0 26285 0 0 0
cpu2 153733 36 51026 1685701 8270 0 26356 0 0 0
cpu3 245308 36 74051 1555413 5664 0 43285 0 0 0
cpu4 246201 42 72610 1556308 7064 0 43683 0 0 0
cpu5 158623 41 52629 1677925 9421 0 27229 0 0 0
cpu6 160302 36 53041 1675169 9923 0 28343 0 0 0
cpu7 164582 35 56131 1665716 9723 0 30979 0 0 0
cpu8 41922 66 44936 1761176 21655 0 13669 0 0 0
cpu9 48281 74 48233 1734874 25599 0 14923 0 0 0
cpu10 45672 72 46540 1743619 23692 0 14712 0 0 0
cpu11 41615 69 42317 1765372 21934 0 13068 0 0 0
cpu12 87309 148 52602 1686923 27811 0 16221 0 0 0
cpu13 83410 79 53615 1685739 29289 0 16586 0 0 0
cpu14 41534 66 41858 1768828 20653 0 12824 0 0 0
cpu15 38447 70 38418 1782949 21133 0 11633 0 0 0
cpu16 200411 31 61676 1620981 9245 0 34653 0 0 0
cpu17 189690 29 59945 1632090 11577 0 33223 0 0 0
cpu18 175908 30 58098 1648886 11670 0 32358 0 0 0
cpu19 331624 28 90499 1444543 5299 0 53841 0 0 0
cpu20 292646 27 83735 1491031 8426 0 50743 0 0 0
cpu21 171103 33 57258 1652685 13757 0 31628 0 0 0
cpu22 156548 36 54524 1671374 13885 0 29440 0 0 0
cpu23 136085 34 48844 1703780 13519 0 24853 0 0 0
cpu24 44943 71 43360 1761724 25237 0 13770 0 0 0
cpu25 50345 68 48341 1736041 27967 0 16288 0 0 0
cpu26 48051 62 47136 1743023 27029 0 15827 0 0 0
cpu27 40615 54 42055 1754431 25414 0 21633 0 0 0
cpu28 78492 87 56300 1674634 30517 0 28959 0 0 0
cpu29 82413 123 58340 1662937 31164 0 29515 0 0 0
cpu30 39934 48 43683 1749178 22666 0 21645 0 0 0
cpu31 43140 50 43864 1764551 22984 0 13772 0 0 0
intr 3412140658 126 0 0 0 0 0 0 0 0 1 0 0 0 0 0 0 0 0 0 0 0 0 0 0 0 0 0 1 1 1 0 0 0 0 1 0 1 0 0 75045 0 0 0 0 0 0 0 0 411 0 0 0 0 0 0 0 0 87 0 0 0 0 0 0 0 0 0 0 0 0 0 0 0 559125 2 35065573 35002608 34918285 35062698 0 15885 14152 17264 16940 10663 13150 17237 18453 15035 50676 67537 54852 46632 69689 67742 41178 38112 17498 19357 23245 9390 15493 22200 22732 19729 49568 62376 58031 46555 70882 74210 42433 43177 0 0 0 0 617305 4646 1036 0 264 0 0 0 0 0 0 0 0 0 0 0 0 0 0 0 0 0 0 0 0 0 0 0 0 0 0 0 0 0 0 0 0 0 0 0 0 0 0 0 0 0 0 0 0 0 0 0 0 0 0 0 0 0 0 0 0 0 0 0 0 0 0 0 0 0 0 0 0 0 0 0 0 0 0 0 0 0 0 0 0 0 0 0 0 0 0 0 0 0 0 0 0 0 0 0 0 0 0 0 0 0 0 0 0 0 0 0 0 0 0 0 0 0 0 0 0 0 0 0 0 0 0 0 0 0 0 0 0 0 0 0 0 0 0 0 0 0 0 0 0 0 0 0 0 0 0 0 0 0 0 0 0 0 0 0 0 0 0 0 0 0 0 0 0 0 0 0 0 0 0 0 0 0 0 0 0 0 0 0 0 0 0 0 0 0 0 0 0 0 0 0 0 0 0 0 0 0 0 0 0 0 0 0 0 0 0 0 0 0 0 0 0 0 0 0 0 0 0 0 0 0 0 0 0 0 0 0 0 0 0 0 0 0 0 0 0 0 0 0 0 0 0 0 0 0 0 0 0 0 0 0 0 0 0 0 0 0 0 0 0 0 0 0 0 0 0 0 0 0 0 0 0 0 0 0 0 0 0 0 0 0 0 0 0 0 0 0 0 0 0 0 0 0 0 0 0 0 0 0 0 0 0 0 0 0 0 0 0 0 0 0 0 0 0 0 0 0 0 0 0 0 0 0 0 0 0 0 0 0 0 0 0 0 0 0 0 0 0 0 0 0 0 0 0 0 0 0 0 0 0 0 0 0 0 0 0 0 0 0 0 0 0 0 0 0 0 0 0 0 0 0 0 0 0 0 0 0 0 0 0 0 0 0 0 0 0 0 0 0 0 0 0 0 0 0 0 0 0 0 0 0 0 0 0 0 0 0 0 0 0 0 0 0 0 0 0 0 0 0 0 0 0 0 0 0 0 0 0 0 0 0 0 0 0 0 0 0 0 0 0 0 0 0 0 0 0 0 0 0 0 0 0 0 0 0 0 0 0 0 0 0 0 0 0 0 0 0 0 0 0 0 0 0 0 0 0 0 0 0 0 0 0 0 0 0 0 0 0 0 0 0 0 0 0 0 0 0 0 0 0 0 0 0 0 0 0 0 0 0 0 0 0 0 0 0 0 0 0 0 0 0 0 0 0 0 0 0 0 0 0 0 0 0 0 0 0 0 0 0 0 0 0 0 0 0 0 0 0 0 0 0 0 0 0 0 0 0 0 0 0 0 0 0 0 0 0 0 0 0 0 0 0 0 0 0 0 0 0 0 0 0 0 0 0 0 0 0 0 0 0 0 0 0 0 0 0 0 0 0 0 0 0 0 0 0 0 0 0 0 0 0 0 0 0 0 0 0 0 0 0 0 0 0 0 0 0 0 0 0 0 0 0 0 0 0 0 0 0 0 0 0 0 0 0 0 0 0 0 0 0 0 0 0 0 0 0 0 0 0 0 0 0 0 0 0 0 0 0 0 0 0 0 0 0 0 0 0 0 0 0 0 0 0 0 0 0 0 0 0 0 0 0 0 0 0 0 0 0 0 0 0 0 0 0 0 0 0 0 0 0 0 0 0 0 0 0 0 0 0 0 0 0 0 0 0 0 0 0 0 0 0 0 0 0 0 0 0 0 0 0 0 0 0 0 0 0 0 0 0 0 0 0 0 0 0 0 0 0 0 0 0 0 0 0 0 0 0 0 0 0 0 0 0 0 0 0 0 0 0 0 0 0 0 0 0 0 0 0 0 0 0 0 0 0 0 0 0 0 0 0 0 0 0 0 0 0 0 0 0 0 0 0 0 0 0 0 0 0 0 0 0 0 0 0 0 0 0 0 0 0 0 0 0 0 0 0 0 0 0 0 0 0 0 0 0 0 0 0 0 0 0 0 0 0 0 0 0 0 0 0 0 0 0 0 0 0 0 0 0 0 0 0 0 0 0 0 0 0 0 0 0 0 0 0 0 0 0 0 0 0 0 0 0 0 0 0 0 0 0 0 0 0 0 0 0 0 0 0 0 0 0 0 0 0 0 0 0 0 0 0 0 0 0 0 0 0 0 0 0 0 0 0 0 0 0 0 0 0 0 0 0 0 0 0 0 0 0 0 0 0 0 0 0 0 0 0 0 0 0 0 0 0 0 0 0 0 0 0 0 0 0 0 0 0 0 0 0 0 0 0 0 0 0 0 0 0 0 0 0 0 0 0 0 0 0 0 0 0 0 0 0 0 0 0 0 0 0 0 0 0 0 0 0 0 0 0 0 0 0 0 0 0 0 0 0 0 0 0 0 0 0 0 0 0 0 0 0 0 0 0 0 0 0 0 0 0 0 0 0 0 0 0 0 0 0 0 0 0 0 0 0 0 0 0 0 0 0 0 0 0 0 0 0 0 0 0 0 0 0 0 0 0 0 0 0 0 0 0 0 0 0 0 0 0 0 0 0 0 0 0 0 0
ctxt 5422053522
btime 1790630938
processes 1164789
procs_running 6
procs_blocked 21
softirq 4838360754 73526 14046989 2753177 401624942 583239 0 13560530 56260813 421 54489821
