Running 10s test @ http://127.0.0.1:18500/json
  16 threads and 32 connections
  Thread Stats   Avg      Stdev     Max   +/- Stdev
    Latency     1.21ms  201.25us   3.62ms   96.04%
    Req/Sec     1.65k   160.89     5.09k    99.13%
  Latency Distribution
     50%    1.19ms
     75%    1.27ms
     90%    1.30ms
     99%    2.23ms
  264660 requests in 10.10s, 46.44MB read
Requests/sec:  26203.72
Transfer/sec:      4.60MB
## server-stat
cpu  3758755 1658 1690232 50037839 416255 0 810563 0 0 0
cpu0 142435 30 48789 1564630 5209 0 26720 0 0 0
cpu1 143851 35 49713 1567861 6367 0 26031 0 0 0
cpu2 147903 34 50023 1564388 6450 0 26142 0 0 0
cpu3 226072 34 71067 1449941 4430 0 42148 0 0 0
cpu4 228064 38 69650 1450433 5259 0 42210 0 0 0
cpu5 153711 38 51678 1555949 7121 0 27066 0 0 0
cpu6 154830 34 52161 1553882 7363 0 28182 0 0 0
cpu7 161312 32 55429 1542135 6990 0 30857 0 0 0
cpu8 41561 61 44453 1638068 15801 0 13630 0 0 0
cpu9 47742 67 47673 1612952 19595 0 14859 0 0 0
cpu10 45261 67 46010 1621552 17495 0 14657 0 0 0
cpu11 41297 63 41839 1642459 15991 0 13032 0 0 0
cpu12 84565 142 51802 1567934 21660 0 16108 0 0 0
cpu13 80797 74 52772 1567318 22616 0 16465 0 0 0
cpu14 41179 62 41324 1645975 15034 0 12774 0 0 0
cpu15 38201 64 37916 1659754 15328 0 11597 0 0 0
cpu16 190479 28 60419 1504079 7160 0 34464 0 0 0
cpu17 180041 28 58657 1515335 9150 0 33035 0 0 0
cpu18 168932 28 57041 1529475 8922 0 32199 0 0 0
cpu19 302180 26 85759 1351156 4158 0 52240 0 0 0
cpu20 266980 26 79954 1393106 6513 0 49660 0 0 0
cpu21 164382 31 56200 1533649 10425 0 31444 0 0 0
cpu22 152505 34 53640 1549633 10338 0 29298 0 0 0
cpu23 132359 33 48011 1581783 9836 0 24712 0 0 0
cpu24 44516 64 42787 1639827 18210 0 13727 0 0 0
cpu25 49841 65 47751 1614704 20655 0 16237 0 0 0
cpu26 47627 60 46568 1621364 19773 0 15786 0 0 0
cpu27 40235 50 41502 1632093 18518 0 21601 0 0 0
cpu28 76747 84 55591 1555022 23062 0 28888 0 0 0
cpu29 80720 120 57615 1543314 23894 0 29431 0 0 0
cpu30 39615 46 43104 1626161 16626 0 21607 0 0 0
cpu31 42801 46 43320 1641894 16287 0 13742 0 0 0
intr 3343511883 126 0 0 0 0 0 0 0 0 1 0 0 0 0 0 0 0 0 0 0 0 0 0 0 0 0 0 1 1 1 0 0 0 0 1 0 1 0 0 75045 0 0 0 0 0 0 0 0 411 0 0 0 0 0 0 0 0 87 0 0 0 0 0 0 0 0 0 0 0 0 0 0 0 512152 2 35059530 34998706 34913826 35056674 0 14839 12038 14010 13489 8965 11023 14537 15460 12055 43415 58893 46875 40091 59407 56346 35493 31925 14759 16473 20089 8112 12998 18618 18755 16144 41289 52306 49013 38954 58568 62897 35768 36579 0 0 0 0 617217 4537 1036 0 264 0 0 0 0 0 0 0 0 0 0 0 0 0 0 0 0 0 0 0 0 0 0 0 0 0 0 0 0 0 0 0 0 0 0 0 0 0 0 0 0 0 0 0 0 0 0 0 0 0 0 0 0 0 0 0 0 0 0 0 0 0 0 0 0 0 0 0 0 0 0 0 0 0 0 0 0 0 0 0 0 0 0 0 0 0 0 0 0 0 0 0 0 0 0 0 0 0 0 0 0 0 0 0 0 0 0 0 0 0 0 0 0 0 0 0 0 0 0 0 0 0 0 0 0 0 0 0 0 0 0 0 0 0 0 0 0 0 0 0 0 0 0 0 0 0 0 0 0 0 0 0 0 0 0 0 0 0 0 0 0 0 0 0 0 0 0 0 0 0 0 0 0 0 0 0 0 0 0 0 0 0 0 0 0 0 0 0 0 0 0 0 0 0 0 0 0 0 0 0 0 0 0 0 0 0 0 0 0 0 0 0 0 0 0 0 0 0 0 0 0 0 0 0 0 0 0 0 0 0 0 0 0 0 0 0 0 0 0 0 0 0 0 0 0 0 0 0 0 0 0 0 0 0 0 0 0 0 0 0 0 0 0 0 0 0 0 0 0 0 0 0 0 0 0 0 0 0 0 0 0 0 0 0 0 0 0 0 0 0 0 0 0 0 0 0 0 0 0 0 0 0 0 0 0 0 0 0 0 0 0 0 0 0 0 0 0 0 0 0 0 0 0 0 0 0 0 0 0 0 0 0 0 0 0 0 0 0 0 0 0 0 0 0 0 0 0 0 0 0 0 0 0 0 0 0 0 0 0 0 0 0 0 0 0 0 0 0 0 0 0 0 0 0 0 0 0 0 0 0 0 0 0 0 0 0 0 0 0 0 0 0 0 0 0 0 0 0 0 0 0 0 0 0 0 0 0 0 0 0 0 0 0 0 0 0 0 0 0 0 0 0 0 0 0 0 0 0 0 0 0 0 0 0 0 0 0 0 0 0 0 0 0 0 0 0 0 0 0 0 0 0 0 0 0 0 0 0 0 0 0 0 0 0 0 0 0 0 0 0 0 0 0 0 0 0 0 0 0 0 0 0 0 0 0 0 0 0 0 0 0 0 0 0 0 0 0 0 0 0 0 0 0 0 0 0 0 0 0 0 0 0 0 0 0 0 0 0 0 0 0 0 0 0 0 0 0 0 0 0 0 0 0 0 0 0 0 0 0 0 0 0 0 0 0 0 0 0 0 0 0 0 0 0 0 0 0 0 0 0 0 0 0 0 0 0 0 0 0 0 0 0 0 0 0 0 0 0 0 0 0 0 0 0 0 0 0 0 0 0 0 0 0 0 0 0 0 0 0 0 0 0 0 0 0 0 0 0 0 0 0 0 0 0 0 0 0 0 0 0 0 0 0 0 0 0 0 0 0 0 0 0 0 0 0 0 0 0 0 0 0 0 0 0 0 0 0 0 0 0 0 0 0 0 0 0 0 0 0 0 0 0 0 0 0 0 0 0 0 0 0 0 0 0 0 0 0 0 0 0 0 0 0 0 0 0 0 0 0 0 0 0 0 0 0 0 0 0 0 0 0 0 0 0 0 0 0 0 0 0 0 0 0 0 0 0 0 0 0 0 0 0 0 0 0 0 0 0 0 0 0 0 0 0 0 0 0 0 0 0 0 0 0 0 0 0 0 0 0 0 0 0 0 0 0 0 0 0 0 0 0 0 0 0 0 0 0 0 0 0 0 0 0 0 0 0 0 0 0 0 0 0 0 0 0 0 0 0 0 0 0 0 0 0 0 0 0 0 0 0 0 0 0 0 0 0 0 0 0 0 0 0 0 0 0 0 0 0 0 0 0 0 0 0 0 0 0 0 0 0 0 0 0 0 0 0 0 0 0 0 0 0 0 0 0 0 0 0 0 0 0 0 0 0 0 0 0 0 0 0 0 0 0 0 0 0 0 0 0 0 0 0 0 0 0 0 0 0 0 0 0 0 0 0 0 0 0 0 0 0 0 0 0 0 0 0 0 0 0 0 0 0 0 0 0 0 0 0 0 0 0 0 0 0 0 0 0 0 0 0 0 0 0 0 0 0 0 0 0 0 0 0 0 0 0 0 0 0 0 0 0 0 0 0 0 0 0 0 0 0 0 0 0 0 0 0 0 0 0 0 0 0 0 0 0 0 0 0 0 0 0 0 0 0 0 0 0 0 0 0 0 0 0 0 0 0 0 0 0 0 0 0 0 0 0 0 0 0 0 0 0 0 0 0 0 0 0 0 0 0 0 0 0 0 0 0 0 0 0 0 0 0 0 0 0 0 0 0 0 0 0 0 0 0 0 0 0 0 0 0 0 0 0 0 0 0 0 0 0 0 0 0 0 0 0 0 0 0 0 0 0 0 0 0 0 0 0 0 0 0 0 0 0 0 0 0 0 0 0 0 0 0 0 0 0 0 0 0 0 0 0 0 0 0 0 0 0 0 0 0 0 0 0
ctxt 5303400668
btime 1790630938
processes 960510
procs_running 3
procs_blocked 0
softirq 4774186910 73526 13204935 2753170 344874684 534590 0 13560279 54172285 421 50045724
--
cpu  3760080 1658 1690496 50061582 416268 0 810641 0 0 0
cpu0 142439 30 48790 1565415 5209 0 26721 0 0 0
cpu1 143852 35 49713 1568657 6367 0 26031 0 0 0
cpu2 147905 34 50023 1565184 6450 0 26142 0 0 0
cpu3 226152 34 71084 1450638 4430 0 42153 0 0 0
cpu4 228148 38 69666 1451126 5259 0 42216 0 0 0
cpu5 153712 38 51678 1556745 7121 0 27066 0 0 0
cpu6 154830 34 52161 1554680 7363 0 28182 0 0 0
cpu7 161312 32 55429 1542934 6990 0 30857 0 0 0
cpu8 41561 61 44453 1638862 15801 0 13630 0 0 0
cpu9 47742 67 47674 1613724 19595 0 14859 0 0 0
cpu10 45263 67 46013 1622326 17495 0 14657 0 0 0
cpu11 41297 63 41839 1643251 15991 0 13032 0 0 0
cpu12 84579 142 51804 1568693 21661 0 16109 0 0 0
cpu13 80800 74 52775 1568069 22627 0 16466 0 0 0
cpu14 41179 62 41324 1646760 15034 0 12774 0 0 0
cpu15 38201 65 37916 1660552 15328 0 11597 0 0 0
cpu16 190480 28 60419 1504877 7160 0 34464 0 0 0
cpu17 180041 28 58657 1516134 9150 0 33035 0 0 0
cpu18 168932 28 57041 1530273 8922 0 32199 0 0 0
cpu19 302731 26 85866 1351266 4158 0 52272 0 0 0
cpu20 267532 26 80064 1393213 6513 0 49691 0 0 0
cpu21 164382 31 56200 1534447 10425 0 31444 0 0 0
cpu22 152505 34 53640 1550431 10338 0 29298 0 0 0
cpu23 132359 33 48011 1582582 9836 0 24712 0 0 0
cpu24 44516 64 42787 1640625 18210 0 13727 0 0 0
cpu25 49841 65 47751 1615496 20655 0 16237 0 0 0
cpu26 47627 60 46569 1622162 19773 0 15786 0 0 0
cpu27 40235 50 41502 1632889 18518 0 21601 0 0 0
cpu28 76747 84 55591 1555821 23062 0 28888 0 0 0
cpu29 80750 120 57616 1544079 23894 0 29431 0 0 0
cpu30 39615 46 43104 1626959 16626 0 21607 0 0 0
cpu31 42801 46 43320 1642693 16287 0 13742 0 0 0
intr 3343836992 126 0 0 0 0 0 0 0 0 1 0 0 0 0 0 0 0 0 0 0 0 0 0 0 0 0 0 1 1 1 0 0 0 0 1 0 1 0 0 75045 0 0 0 0 0 0 0 0 411 0 0 0 0 0 0 0 0 87 0 0 0 0 0 0 0 0 0 0 0 0 0 0 0 512289 2 35059561 34998734 34913833 35056714 0 14843 12038 14010 13489 8965 11023 14537 15460 12055 43416 58894 46936 40091 60320 56346 35496 31925 14759 16473 20089 8112 12998 18618 18755 16145 41292 52306 49013 38954 58568 62897 35768 36579 0 0 0 0 617221 4537 1036 0 264 0 0 0 0 0 0 0 0 0 0 0 0 0 0 0 0 0 0 0 0 0 0 0 0 0 0 0 0 0 0 0 0 0 0 0 0 0 0 0 0 0 0 0 0 0 0 0 0 0 0 0 0 0 0 0 0 0 0 0 0 0 0 0 0 0 0 0 0 0 0 0 0 0 0 0 0 0 0 0 0 0 0 0 0 0 0 0 0 0 0 0 0 0 0 0 0 0 0 0 0 0 0 0 0 0 0 0 0 0 0 0 0 0 0 0 0 0 0 0 0 0 0 0 0 0 0 0 0 0 0 0 0 0 0 0 0 0 0 0 0 0 0 0 0 0 0 0 0 0 0 0 0 0 0 0 0 0 0 0 0 0 0 0 0 0 0 0 0 0 0 0 0 0 0 0 0 0 0 0 0 0 0 0 0 0 0 0 0 0 0 0 0 0 0 0 0 0 0 0 0 0 0 0 0 0 0 0 0 0 0 0 0 0 0 0 0 0 0 0 0 0 0 0 0 0 0 0 0 0 0 0 0 0 0 0 0 0 0 0 0 0 0 0 0 0 0 0 0 0 0 0 0 0 0 0 0 0 0 0 0 0 0 0 0 0 0 0 0 0 0 0 0 0 0 0 0 0 0 0 0 0 0 0 0 0 0 0 0 0 0 0 0 0 0 0 0 0 0 0 0 0 0 0 0 0 0 0 0 0 0 0 0 0 0 0 0 0 0 0 0 0 0 0 0 0 0 0 0 0 0 0 0 0 0 0 0 0 0 0 0 0 0 0 0 0 0 0 0 0 0 0 0 0 0 0 0 0 0 0 0 0 0 0 0 0 0 0 0 0 0 0 0 0 0 0 0 0 0 0 0 0 0 0 0 0 0 0 0 0 0 0 0 0 0 0 0 0 0 0 0 0 0 0 0 0 0 0 0 0 0 0 0 0 0 0 0 0 0 0 0 0 0 0 0 0 0 0 0 0 0 0 0 0 0 0 0 0 0 0 0 0 0 0 0 0 0 0 0 0 0 0 0 0 0 0 0 0 0 0 0 0 0 0 0 0 0 0 0 0 0 0 0 0 0 0 0 0 0 0 0 0 0 0 0 0 0 0 0 0 0 0 0 0 0 0 0 0 0 0 0 0 0 0 0 0 0 0 0 0 0 0 0 0 0 0 0 0 0 0 0 0 0 0 0 0 0 0 0 0 0 0 0 0 0 0 0 0 0 0 0 0 0 0 0 0 0 0 0 0 0 0 0 0 0 0 0 0 0 0 0 0 0 0 0 0 0 0 0 0 0 0 0 0 0 0 0 0 0 0 0 0 0 0 0 0 0 0 0 0 0 0 0 0 0 0 0 0 0 0 0 0 0 0 0 0 0 0 0 0 0 0 0 0 0 0 0 0 0 0 0 0 0 0 0 0 0 0 0 0 0 0 0 0 0 0 0 0 0 0 0 0 0 0 0 0 0 0 0 0 0 0 0 0 0 0 0 0 0 0 0 0 0 0 0 0 0 0 0 0 0 0 0 0 0 0 0 0 0 0 0 0 0 0 0 0 0 0 0 0 0 0 0 0 0 0 0 0 0 0 0 0 0 0 0 0 0 0 0 0 0 0 0 0 0 0 0 0 0 0 0 0 0 0 0 0 0 0 0 0 0 0 0 0 0 0 0 0 0 0 0 0 0 0 0 0 0 0 0 0 0 0 0 0 0 0 0 0 0 0 0 0 0 0 0 0 0 0 0 0 0 0 0 0 0 0 0 0 0 0 0 0 0 0 0 0 0 0 0 0 0 0 0 0 0 0 0 0 0 0 0 0 0 0 0 0 0 0 0 0 0 0 0 0 0 0 0 0 0 0 0 0 0 0 0 0 0 0 0 0 0 0 0 0 0 0 0 0 0 0 0 0 0 0 0 0 0 0 0 0 0 0 0 0 0 0 0 0 0 0 0 0 0 0 0 0 0 0 0 0 0 0 0 0 0 0 0 0 0 0 0 0 0 0 0 0 0 0 0 0 0 0 0 0 0 0 0 0 0 0 0 0 0 0 0 0 0 0 0 0 0 0 0 0 0 0 0 0 0 0 0 0 0 0 0 0 0 0 0 0 0 0 0 0 0 0 0 0 0 0 0 0 0 0 0 0 0 0 0 0 0 0 0 0 0 0 0 0 0 0 0 0 0 0 0 0 0 0 0 0 0 0 0 0 0 0 0 0 0 0 0 0 0 0 0 0 0 0 0 0 0 0 0 0 0 0 0 0 0 0 0 0 0 0 0 0 0 0 0 0 0 0 0 0 0 0 0 0 0 0 0 0 0 0 0 0 0 0 0 0 0 0 0 0 0 0 0 0 0 0 0 0 0 0 0 0 0 0 0 0 0 0 0 0 0 0 0 0 0 0 0 0 0 0 0 0 0 0 0 0 0 0 0 0 0 0 0 0 0 0 0 0 0 0 0 0 0 0 0 0 0 0 0 0 0 0 0 0 0 0 0 0 0
ctxt 5303947640
btime 1790630938
processes 960550
procs_running 3
procs_blocked 0
softirq 4774687145 73526 13209153 2753170 345294172 534732 0 13560279 54183366 421 50111030
