Running 10s test @ http://127.0.0.1:18500/usleep?ms=10
  16 threads and 1000 connections
  Thread Stats   Avg      Stdev     Max   +/- Stdev
    Latency    10.18ms   45.65us  11.51ms   76.62%
    Req/Sec     6.12k    99.46     6.26k    76.51%
  Latency Distribution
     50%   10.18ms
     75%   10.21ms
     90%   10.23ms
     99%   10.31ms
  976784 requests in 10.10s, 112.72MB read
Requests/sec:  96706.94
Transfer/sec:     11.16MB
## server-stat
cpu  4009716 1793 1745884 54739599 642728 0 825966 0 0 0
cpu0 152108 32 50729 1713600 7654 0 27512 0 0 0
cpu1 152074 36 51461 1718719 9456 0 26580 0 0 0
cpu2 157926 37 51898 1712880 9964 0 26822 0 0 0
cpu3 250161 37 75258 1582439 6541 0 43626 0 0 0
cpu4 250572 43 73653 1584035 7982 0 43988 0 0 0
cpu5 161591 42 53239 1706774 11248 0 27431 0 0 0
cpu6 162701 37 53542 1704485 11920 0 28537 0 0 0
cpu7 168204 36 56886 1693206 11782 0 31455 0 0 0
cpu8 42022 67 45192 1791482 24895 0 13725 0 0 0
cpu9 48442 75 48510 1764661 29180 0 14995 0 0 0
cpu10 45781 73 46818 1773691 27101 0 14770 0 0 0
cpu11 41699 70 42574 1795641 25302 0 13116 0 0 0
cpu12 87883 149 52963 1716052 31367 0 16309 0 0 0
cpu13 83963 80 54007 1714556 33069 0 16685 0 0 0
cpu14 41632 67 42133 1799316 23670 0 12880 0 0 0
cpu15 38535 72 38653 1813456 24282 0 11684 0 0 0
cpu16 205980 31 62815 1646870 10616 0 35137 0 0 0
cpu17 194580 30 60874 1658203 13645 0 33655 0 0 0
cpu18 179623 30 58762 1676189 14174 0 32581 0 0 0
cpu19 338267 28 92000 1469464 6184 0 54299 0 0 0
cpu20 299208 27 85123 1516016 9484 0 51187 0 0 0
cpu21 176243 33 58222 1678085 16238 0 32081 0 0 0
cpu22 161401 37 55422 1697060 16409 0 29898 0 0 0
cpu23 139063 35 49431 1731987 16003 0 25011 0 0 0
cpu24 45082 72 43646 1791488 29040 0 13825 0 0 0
cpu25 50507 69 48636 1765491 31948 0 16355 0 0 0
cpu26 48198 64 47431 1772594 30958 0 15891 0 0 0
cpu27 40739 56 42331 1784179 29287 0 21683 0 0 0
cpu28 79170 89 56729 1702793 34820 0 29061 0 0 0
cpu29 83016 125 58806 1690901 35604 0 29629 0 0 0
cpu30 40068 50 43981 1778839 26309 0 21713 0 0 0
cpu31 43261 51 44144 1794431 26582 0 13832 0 0 0
intr 3444101609 126 0 0 0 0 0 0 0 0 1 0 0 0 0 0 0 0 0 0 0 0 0 0 0 0 0 0 1 1 1 0 0 0 0 1 0 1 0 0 75045 0 0 0 0 0 0 0 0 411 0 0 0 0 0 0 0 0 87 0 0 0 0 0 0 0 0 0 0 0 0 0 0 0 581621 2 35066530 35003454 34918693 35063772 0 16163 15660 19363 19527 12046 15296 19970 20965 17603 55562 75629 61618 51430 83230 78995 45397 42464 19852 23049 27475 11370 17621 25890 26110 22431 57694 71218 64692 52037 82986 90232 47028 48065 0 0 0 0 617329 4667 1036 0 264 0 0 0 0 0 0 0 0 0 0 0 0 0 0 0 0 0 0 0 0 0 0 0 0 0 0 0 0 0 0 0 0 0 0 0 0 0 0 0 0 0 0 0 0 0 0 0 0 0 0 0 0 0 0 0 0 0 0 0 0 0 0 0 0 0 0 0 0 0 0 0 0 0 0 0 0 0 0 0 0 0 0 0 0 0 0 0 0 0 0 0 0 0 0 0 0 0 0 0 0 0 0 0 0 0 0 0 0 0 0 0 0 0 0 0 0 0 0 0 0 0 0 0 0 0 0 0 0 0 0 0 0 0 0 0 0 0 0 0 0 0 0 0 0 0 0 0 0 0 0 0 0 0 0 0 0 0 0 0 0 0 0 0 0 0 0 0 0 0 0 0 0 0 0 0 0 0 0 0 0 0 0 0 0 0 0 0 0 0 0 0 0 0 0 0 0 0 0 0 0 0 0 0 0 0 0 0 0 0 0 0 0 0 0 0 0 0 0 0 0 0 0 0 0 0 0 0 0 0 0 0 0 0 0 0 0 0 0 0 0 0 0 0 0 0 0 0 0 0 0 0 0 0 0 0 0 0 0 0 0 0 0 0 0 0 0 0 0 0 0 0 0 0 0 0 0 0 0 0 0 0 0 0 0 0 0 0 0 0 0 0 0 0 0 0 0 0 0 0 0 0 0 0 0 0 0 0 0 0 0 0 0 0 0 0 0 0 0 0 0 0 0 0 0 0 0 0 0 0 0 0 0 0 0 0 0 0 0 0 0 0 0 0 0 0 0 0 0 0 0 0 0 0 0 0 0 0 0 0 0 0 0 0 0 0 0 0 0 0 0 0 0 0 0 0 0 0 0 0 0 0 0 0 0 0 0 0 0 0 0 0 0 0 0 0 0 0 0 0 0 0 0 0 0 0 0 0 0 0 0 0 0 0 0 0 0 0 0 0 0 0 0 0 0 0 0 0 0 0 0 0 0 0 0 0 0 0 0 0 0 0 0 0 0 0 0 0 0 0 0 0 0 0 0 0 0 0 0 0 0 0 0 0 0 0 0 0 0 0 0 0 0 0 0 0 0 0 0 0 0 0 0 0 0 0 0 0 0 0 0 0 0 0 0 0 0 0 0 0 0 0 0 0 0 0 0 0 0 0 0 0 0 0 0 0 0 0 0 0 0 0 0 0 0 0 0 0 0 0 0 0 0 0 0 0 0 0 0 0 0 0 0 0 0 0 0 0 0 0 0 0 0 0 0 0 0 0 0 0 0 0 0 0 0 0 0 0 0 0 0 0 0 0 0 0 0 0 0 0 0 0 0 0 0 0 0 0 0 0 0 0 0 0 0 0 0 0 0 0 0 0 0 0 0 0 0 0 0 0 0 0 0 0 0 0 0 0 0 0 0 0 0 0 0 0 0 0 0 0 0 0 0 0 0 0 0 0 0 0 0 0 0 0 0 0 0 0 0 0 0 0 0 0 0 0 0 0 0 0 0 0 0 0 0 0 0 0 0 0 0 0 0 0 0 0 0 0 0 0 0 0 0 0 0 0 0 0 0 0 0 0 0 0 0 0 0 0 0 0 0 0 0 0 0 0 0 0 0 0 0 0 0 0 0 0 0 0 0 0 0 0 0 0 0 0 0 0 0 0 0 0 0 0 0 0 0 0 0 0 0 0 0 0 0 0 0 0 0 0 0 0 0 0 0 0 0 0 0 0 0 0 0 0 0 0 0 0 0 0 0 0 0 0 0 0 0 0 0 0 0 0 0 0 0 0 0 0 0 0 0 0 0 0 0 0 0 0 0 0 0 0 0 0 0 0 0 0 0 0 0 0 0 0 0 0 0 0 0 0 0 0 0 0 0 0 0 0 0 0 0 0 0 0 0 0 0 0 0 0 0 0 0 0 0 0 0 0 0 0 0 0 0 0 0 0 0 0 0 0 0 0 0 0 0 0 0 0 0 0 0 0 0 0 0 0 0 0 0 0 0 0 0 0 0 0 0 0 0 0 0 0 0 0 0 0 0 0 0 0 0 0 0 0 0 0 0 0 0 0 0 0 0 0 0 0 0 0 0 0 0 0 0 0 0 0 0 0 0 0 0 0 0 0 0 0 0 0 0 0 0 0 0 0 0 0 0 0 0 0 0 0 0 0 0 0 0 0 0 0 0 0 0 0 0 0 0 0 0 0 0 0 0 0 0 0 0 0 0 0 0 0 0 0 0 0 0 0 0 0 0 0 0 0 0 0 0 0 0 0 0 0 0 0 0 0 0 0 0 0 0 0 0 0 0 0 0 0 0 0 0 0 0 0 0 0 0 0 0 0 0 0 0 0 0 0 0 0 0 0 0 0 0 0 0 0 0 0 0 0 0 0 0 0 0 0 0 0 0 0 0 0 0 0 0 0 0 0 0 0 0 0 0 0 0 0 0 0 0 0 0 0 0 0 0 0 0 0 0 0 0 0 0 0 0 0 0 0 0 0 0 0 0
ctxt 5478602516
btime 1790630938
processes 1220996
procs_running 6
procs_blocked 0
softirq 4879279180 73526 14388578 2753177 439359096 606189 0 13560579 57088886 421 56481432
--
cpu  4010470 1794 1746155 54763415 642754 0 826185 0 0 0
cpu0 152184 32 50753 1714262 7654 0 27534 0 0 0
cpu1 152144 36 51485 1719390 9462 0 26603 0 0 0
cpu2 157983 37 51916 1713592 9964 0 26836 0 0 0
cpu3 250275 37 75289 1583051 6541 0 43656 0 0 0
cpu4 250688 43 73688 1584645 7982 0 44018 0 0 0
cpu5 161659 42 53263 1707461 11248 0 27450 0 0 0
cpu6 162733 37 53552 1705233 11920 0 28547 0 0 0
cpu7 168209 36 56887 1693997 11782 0 31457 0 0 0
cpu8 42023 67 45194 1792256 24895 0 13726 0 0 0
cpu9 48449 75 48515 1765413 29180 0 14997 0 0 0
cpu10 45782 73 46822 1774447 27101 0 14772 0 0 0
cpu11 41700 70 42576 1796405 25303 0 13118 0 0 0
cpu12 87889 149 52969 1716796 31367 0 16312 0 0 0
cpu13 83976 80 54015 1715294 33069 0 16689 0 0 0
cpu14 41633 67 42137 1800064 23682 0 12883 0 0 0
cpu15 38538 73 38656 1814221 24282 0 11686 0 0 0
cpu16 205995 31 62819 1647644 10616 0 35141 0 0 0
cpu17 194588 30 60877 1658991 13646 0 33656 0 0 0
cpu18 179624 30 58763 1676985 14174 0 32581 0 0 0
cpu19 338350 28 92021 1470129 6188 0 54318 0 0 0
cpu20 299255 27 85138 1516740 9484 0 51199 0 0 0
cpu21 176247 33 58223 1678878 16238 0 32082 0 0 0
cpu22 161401 37 55422 1697858 16409 0 29898 0 0 0
cpu23 139064 35 49431 1732784 16003 0 25011 0 0 0
cpu24 45082 72 43648 1792259 29040 0 13826 0 0 0
cpu25 50509 69 48639 1766257 31948 0 16356 0 0 0
cpu26 48203 64 47434 1773366 30958 0 15893 0 0 0
cpu27 40740 56 42332 1784957 29287 0 21684 0 0 0
cpu28 79170 89 56733 1703550 34821 0 29064 0 0 0
cpu29 83031 125 58812 1691648 35604 0 29632 0 0 0
cpu30 40069 50 43984 1779610 26310 0 21714 0 0 0
cpu31 43261 52 44146 1795217 26582 0 13833 0 0 0
intr 3444927097 126 0 0 0 0 0 0 0 0 1 0 0 0 0 0 0 0 0 0 0 0 0 0 0 0 0 0 1 1 1 0 0 0 0 1 0 1 0 0 75045 0 0 0 0 0 0 0 0 411 0 0 0 0 0 0 0 0 87 0 0 0 0 0 0 0 0 0 0 0 0 0 0 0 581917 2 35066564 35003469 34918703 35063818 0 16171 15660 19363 19528 12046 15296 19970 20965 17603 55580 75629 61618 51430 83230 78995 45397 42464 19852 23049 27475 11370 17621 25890 26110 22431 57694 71227 64693 52037 82992 90233 47028 48065 0 0 0 0 617329 4674 1036 0 264 0 0 0 0 0 0 0 0 0 0 0 0 0 0 0 0 0 0 0 0 0 0 0 0 0 0 0 0 0 0 0 0 0 0 0 0 0 0 0 0 0 0 0 0 0 0 0 0 0 0 0 0 0 0 0 0 0 0 0 0 0 0 0 0 0 0 0 0 0 0 0 0 0 0 0 0 0 0 0 0 0 0 0 0 0 0 0 0 0 0 0 0 0 0 0 0 0 0 0 0 0 0 0 0 0 0 0 0 0 0 0 0 0 0 0 0 0 0 0 0 0 0 0 0 0 0 0 0 0 0 0 0 0 0 0 0 0 0 0 0 0 0 0 0 0 0 0 0 0 0 0 0 0 0 0 0 0 0 0 0 0 0 0 0 0 0 0 0 0 0 0 0 0 0 0 0 0 0 0 0 0 0 0 0 0 0 0 0 0 0 0 0 0 0 0 0 0 0 0 0 0 0 0 0 0 0 0 0 0 0 0 0 0 0 0 0 0 0 0 0 0 0 0 0 0 0 0 0 0 0 0 0 0 0 0 0 0 0 0 0 0 0 0 0 0 0 0 0 0 0 0 0 0 0 0 0 0 0 0 0 0 0 0 0 0 0 0 0 0 0 0 0 0 0 0 0 0 0 0 0 0 0 0 0 0 0 0 0 0 0 0 0 0 0 0 0 0 0 0 0 0 0 0 0 0 0 0 0 0 0 0 0 0 0 0 0 0 0 0 0 0 0 0 0 0 0 0 0 0 0 0 0 0 0 0 0 0 0 0 0 0 0 0 0 0 0 0 0 0 0 0 0 0 0 0 0 0 0 0 0 0 0 0 0 0 0 0 0 0 0 0 0 0 0 0 0 0 0 0 0 0 0 0 0 0 0 0 0 0 0 0 0 0 0 0 0 0 0 0 0 0 0 0 0 0 0 0 0 0 0 0 0 0 0 0 0 0 0 0 0 0 0 0 0 0 0 0 0 0 0 0 0 0 0 0 0 0 0 0 0 0 0 0 0 0 0 0 0 0 0 0 0 0 0 0 0 0 0 0 0 0 0 0 0 0 0 0 0 0 0 0 0 0 0 0 0 0 0 0 0 0 0 0 0 0 0 0 0 0 0 0 0 0 0 0 0 0 0 0 0 0 0 0 0 0 0 0 0 0 0 0 0 0 0 0 0 0 0 0 0 0 0 0 0 0 0 0 0 0 0 0 0 0 0 0 0 0 0 0 0 0 0 0 0 0 0 0 0 0 0 0 0 0 0 0 0 0 0 0 0 0 0 0 0 0 0 0 0 0 0 0 0 0 0 0 0 0 0 0 0 0 0 0 0 0 0 0 0 0 0 0 0 0 0 0 0 0 0 0 0 0 0 0 0 0 0 0 0 0 0 0 0 0 0 0 0 0 0 0 0 0 0 0 0 0 0 0 0 0 0 0 0 0 0 0 0 0 0 0 0 0 0 0 0 0 0 0 0 0 0 0 0 0 0 0 0 0 0 0 0 0 0 0 0 0 0 0 0 0 0 0 0 0 0 0 0 0 0 0 0 0 0 0 0 0 0 0 0 0 0 0 0 0 0 0 0 0 0 0 0 0 0 0 0 0 0 0 0 0 0 0 0 0 0 0 0 0 0 0 0 0 0 0 0 0 0 0 0 0 0 0 0 0 0 0 0 0 0 0 0 0 0 0 0 0 0 0 0 0 0 0 0 0 0 0 0 0 0 0 0 0 0 0 0 0 0 0 0 0 0 0 0 0 0 0 0 0 0 0 0 0 0 0 0 0 0 0 0 0 0 0 0 0 0 0 0 0 0 0 0 0 0 0 0 0 0 0 0 0 0 0 0 0 0 0 0 0 0 0 0 0 0 0 0 0 0 0 0 0 0 0 0 0 0 0 0 0 0 0 0 0 0 0 0 0 0 0 0 0 0 0 0 0 0 0 0 0 0 0 0 0 0 0 0 0 0 0 0 0 0 0 0 0 0 0 0 0 0 0 0 0 0 0 0 0 0 0 0 0 0 0 0 0 0 0 0 0 0 0 0 0 0 0 0 0 0 0 0 0 0 0 0 0 0 0 0 0 0 0 0 0 0 0 0 0 0 0 0 0 0 0 0 0 0 0 0 0 0 0 0 0 0 0 0 0 0 0 0 0 0 0 0 0 0 0 0 0 0 0 0 0 0 0 0 0 0 0 0 0 0 0 0 0 0 0 0 0 0 0 0 0 0 0 0 0 0 0 0 0 0 0 0 0 0 0 0 0 0 0 0 0 0 0 0 0 0 0 0 0 0 0 0 0 0 0 0 0 0 0 0 0 0 0 0 0 0 0 0 0 0 0 0 0 0 0 0 0 0 0 0 0 0 0 0 0 0 0 0 0 0 0 0 0 0 0 0 0 0 0 0 0 0 0 0 0 0 0 0 0 0 0 0 0 0 0 0 0 0 0 0 0 0 0 0 0 0 0 0 0 0 0 0 0 0 0 0 0 0 0 0 0 0
ctxt 5480208193
btime 1790630938
processes 1221073
procs_running 3
procs_blocked 0
softirq 4880868756 73526 14391437 2753177 440917987 606496 0 13560606 57104059 421 56493751
