Running 10s test @ http://127.0.0.1:18500/usleep?ms=10
  16 threads and 128 connections
  Thread Stats   Avg      Stdev     Max   +/- Stdev
    Latency    10.51ms  118.51us  11.18ms   67.69%
    Req/Sec   764.43     21.55   808.00     59.69%
  Latency Distribution
     50%   10.51ms
     75%   10.58ms
     90%   10.66ms
     99%   10.79ms
  121792 requests in 10.01s, 16.38MB read
Requests/sec:  12170.61
Transfer/sec:      1.64MB
## server-stat
cpu  4056172 1809 1764196 55264549 643709 0 839258 0 0 0
cpu0 154141 32 51252 1729911 7654 0 27892 0 0 0
cpu1 154722 36 52180 1734158 9463 0 27135 0 0 0
cpu2 160296 37 52513 1728793 9984 0 27266 0 0 0
cpu3 253529 38 76230 1596604 6567 0 44404 0 0 0
cpu4 252852 43 74240 1600057 8026 0 44404 0 0 0
cpu5 164831 43 54167 1721222 11265 0 28180 0 0 0
cpu6 164945 38 54142 1720489 11969 0 29011 0 0 0
cpu7 171076 36 57727 1708181 11783 0 32144 0 0 0
cpu8 42099 67 45552 1809166 24964 0 13925 0 0 0
cpu9 48556 76 48883 1782190 29267 0 15197 0 0 0
cpu10 45866 74 47185 1791365 27142 0 14964 0 0 0
cpu11 41766 71 42869 1813589 25316 0 13284 0 0 0
cpu12 88214 150 53375 1733456 31394 0 16525 0 0 0
cpu13 84305 81 54423 1731841 33171 0 16904 0 0 0
cpu14 41698 67 42401 1817374 23721 0 13041 0 0 0
cpu15 38586 73 38892 1831674 24314 0 11833 0 0 0
cpu16 209576 32 63772 1660881 10616 0 35973 0 0 0
cpu17 197325 30 61650 1673363 13663 0 34337 0 0 0
cpu18 182546 30 59609 1691044 14181 0 33330 0 0 0
cpu19 341125 28 92806 1484491 6205 0 54950 0 0 0
cpu20 302854 27 86230 1529702 9484 0 52133 0 0 0
cpu21 178443 34 58815 1694229 16240 0 32534 0 0 0
cpu22 164341 37 56265 1711960 16410 0 30594 0 0 0
cpu23 141256 35 50020 1748096 16039 0 25474 0 0 0
cpu24 45158 73 43957 1809445 29045 0 14007 0 0 0
cpu25 50612 70 49052 1783031 31964 0 16590 0 0 0
cpu26 48306 65 47829 1790195 30975 0 16112 0 0 0
cpu27 40807 56 42662 1802027 29302 0 21874 0 0 0
cpu28 79482 90 57273 1719724 34857 0 29350 0 0 0
cpu29 83367 126 59397 1707668 35692 0 29932 0 0 0
cpu30 40147 50 44334 1796494 26320 0 21910 0 0 0
cpu31 43333 52 44481 1812114 26699 0 14036 0 0 0
intr 3488431840 126 0 0 0 0 0 0 0 0 1 0 0 0 0 0 0 0 0 0 0 0 0 0 0 0 0 0 1 1 1 0 0 0 0 1 0 1 0 0 75045 0 0 0 0 0 0 0 0 411 0 0 0 0 0 0 0 0 87 0 0 0 0 0 0 0 0 0 0 0 0 0 0 0 586948 2 35067200 35003888 34918979 35064834 0 16319 15660 19365 19528 12050 15298 19973 20966 17604 55663 75680 61717 51465 83241 79039 45401 42474 19853 23050 27476 11372 17623 25890 26114 22437 57704 71360 64711 52224 83022 90276 47113 48096 0 0 0 0 617341 4685 1036 0 264 0 0 0 0 0 0 0 0 0 0 0 0 0 0 0 0 0 0 0 0 0 0 0 0 0 0 0 0 0 0 0 0 0 0 0 0 0 0 0 0 0 0 0 0 0 0 0 0 0 0 0 0 0 0 0 0 0 0 0 0 0 0 0 0 0 0 0 0 0 0 0 0 0 0 0 0 0 0 0 0 0 0 0 0 0 0 0 0 0 0 0 0 0 0 0 0 0 0 0 0 0 0 0 0 0 0 0 0 0 0 0 0 0 0 0 0 0 0 0 0 0 0 0 0 0 0 0 0 0 0 0 0 0 0 0 0 0 0 0 0 0 0 0 0 0 0 0 0 0 0 0 0 0 0 0 0 0 0 0 0 0 0 0 0 0 0 0 0 0 0 0 0 0 0 0 0 0 0 0 0 0 0 0 0 0 0 0 0 0 0 0 0 0 0 0 0 0 0 0 0 0 0 0 0 0 0 0 0 0 0 0 0 0 0 0 0 0 0 0 0 0 0 0 0 0 0 0 0 0 0 0 0 0 0 0 0 0 0 0 0 0 0 0 0 0 0 0 0 0 0 0 0 0 0 0 0 0 0 0 0 0 0 0 0 0 0 0 0 0 0 0 0 0 0 0 0 0 0 0 0 0 0 0 0 0 0 0 0 0 0 0 0 0 0 0 0 0 0 0 0 0 0 0 0 0 0 0 0 0 0 0 0 0 0 0 0 0 0 0 0 0 0 0 0 0 0 0 0 0 0 0 0 0 0 0 0 0 0 0 0 0 0 0 0 0 0 0 0 0 0 0 0 0 0 0 0 0 0 0 0 0 0 0 0 0 0 0 0 0 0 0 0 0 0 0 0 0 0 0 0 0 0 0 0 0 0 0 0 0 0 0 0 0 0 0 0 0 0 0 0 0 0 0 0 0 0 0 0 0 0 0 0 0 0 0 0 0 0 0 0 0 0 0 0 0 0 0 0 0 0 0 0 0 0 0 0 0 0 0 0 0 0 0 0 0 0 0 0 0 0 0 0 0 0 0 0 0 0 0 0 0 0 0 0 0 0 0 0 0 0 0 0 0 0 0 0 0 0 0 0 0 0 0 0 0 0 0 0 0 0 0 0 0 0 0 0 0 0 0 0 0 0 0 0 0 0 0 0 0 0 0 0 0 0 0 0 0 0 0 0 0 0 0 0 0 0 0 0 0 0 0 0 0 0 0 0 0 0 0 0 0 0 0 0 0 0 0 0 0 0 0 0 0 0 0 0 0 0 0 0 0 0 0 0 0 0 0 0 0 0 0 0 0 0 0 0 0 0 0 0 0 0 0 0 0 0 0 0 0 0 0 0 0 0 0 0 0 0 0 0 0 0 0 0 0 0 0 0 0 0 0 0 0 0 0 0 0 0 0 0 0 0 0 0 0 0 0 0 0 0 0 0 0 0 0 0 0 0 0 0 0 0 0 0 0 0 0 0 0 0 0 0 0 0 0 0 0 0 0 0 0 0 0 0 0 0 0 0 0 0 0 0 0 0 0 0 0 0 0 0 0 0 0 0 0 0 0 0 0 0 0 0 0 0 0 0 0 0 0 0 0 0 0 0 0 0 0 0 0 0 0 0 0 0 0 0 0 0 0 0 0 0 0 0 0 0 0 0 0 0 0 0 0 0 0 0 0 0 0 0 0 0 0 0 0 0 0 0 0 0 0 0 0 0 0 0 0 0 0 0 0 0 0 0 0 0 0 0 0 0 0 0 0 0 0 0 0 0 0 0 0 0 0 0 0 0 0 0 0 0 0 0 0 0 0 0 0 0 0 0 0 0 0 0 0 0 0 0 0 0 0 0 0 0 0 0 0 0 0 0 0 0 0 0 0 0 0 0 0 0 0 0 0 0 0 0 0 0 0 0 0 0 0 0 0 0 0 0 0 0 0 0 0 0 0 0 0 0 0 0 0 0 0 0 0 0 0 0 0 0 0 0 0 0 0 0 0 0 0 0 0 0 0 0 0 0 0 0 0 0 0 0 0 0 0 0 0 0 0 0 0 0 0 0 0 0 0 0 0 0 0 0 0 0 0 0 0 0 0 0 0 0 0 0 0 0 0 0 0 0 0 0 0 0 0 0 0 0 0 0 0 0 0 0 0 0 0 0 0 0 0 0 0 0 0 0 0 0 0 0 0 0 0 0 0 0 0 0 0 0 0 0 0 0 0 0 0 0 0 0 0 0 0 0 0 0 0 0 0 0 0 0 0 0 0 0 0 0 0 0 0 0 0 0 0 0 0 0 0 0 0 0 0 0 0 0 0 0 0 0 0 0 0 0 0 0 0 0 0 0 0 0 0 0 0 0 0 0 0 0 0 0 0 0 0 0 0 0 0 0 0 0 0 0 0 0 0 0 0 0 0 0 0 0 0 0 0 0 0 0 0 0 0 0 0 0 0 0 0 0 0 0 0 0 0 0 0 0 0 0 0 0 0 0 0 0 0 0 0 0 0 0
ctxt 5559004308
btime 1790630938
processes 1223994
procs_running 1
procs_blocked 0
softirq 4959615905 73526 14512170 2753183 518480314 611767 0 13560641 57717148 421 56939439
--
cpu  4056425 1810 1764247 55289698 643726 0 839288 0 0 0
cpu0 154152 32 51255 1730690 7654 0 27894 0 0 0
cpu1 154729 36 52181 1734947 9463 0 27136 0 0 0
cpu2 160299 37 52514 1729588 9984 0 27267 0 0 0
cpu3 253615 38 76245 1597289 6567 0 44414 0 0 0
cpu4 252894 43 74248 1600801 8026 0 44410 0 0 0
cpu5 164837 43 54169 1722013 11265 0 28181 0 0 0
cpu6 164946 38 54142 1721287 11969 0 29011 0 0 0
cpu7 171077 36 57728 1708980 11783 0 32144 0 0 0
cpu8 42100 67 45552 1809959 24964 0 13926 0 0 0
cpu9 48558 76 48884 1782982 29267 0 15197 0 0 0
cpu10 45868 74 47186 1792155 27142 0 14965 0 0 0
cpu11 41767 71 42870 1814382 25317 0 13284 0 0 0
cpu12 88228 150 53377 1734236 31394 0 16525 0 0 0
cpu13 84316 81 54426 1732619 33172 0 16904 0 0 0
cpu14 41700 67 42401 1818167 23721 0 13041 0 0 0
cpu15 38587 73 38892 1832469 24314 0 11833 0 0 0
cpu16 209577 32 63772 1661678 10616 0 35973 0 0 0
cpu17 197327 30 61650 1674160 13663 0 34337 0 0 0
cpu18 182546 30 59609 1691842 14181 0 33331 0 0 0
cpu19 341166 28 92812 1485237 6205 0 54954 0 0 0
cpu20 302855 27 86232 1530497 9484 0 52133 0 0 0
cpu21 178443 34 58816 1695028 16240 0 32534 0 0 0
cpu22 164341 37 56265 1712759 16410 0 30594 0 0 0
cpu23 141256 35 50020 1748895 16039 0 25474 0 0 0
cpu24 45158 73 43957 1810241 29045 0 14008 0 0 0
cpu25 50612 70 49052 1783824 31964 0 16591 0 0 0
cpu26 48306 65 47829 1790990 30975 0 16112 0 0 0
cpu27 40807 56 42663 1802824 29302 0 21874 0 0 0
cpu28 79493 90 57274 1720505 34858 0 29351 0 0 0
cpu29 83373 126 59398 1708442 35706 0 29932 0 0 0
cpu30 40147 50 44334 1797288 26320 0 21910 0 0 0
cpu31 43333 52 44481 1812911 26700 0 14036 0 0 0
intr 3488610014 126 0 0 0 0 0 0 0 0 1 0 0 0 0 0 0 0 0 0 0 0 0 0 0 0 0 0 1 1 1 0 0 0 0 1 0 1 0 0 75045 0 0 0 0 0 0 0 0 411 0 0 0 0 0 0 0 0 87 0 0 0 0 0 0 0 0 0 0 0 0 0 0 0 587107 2 35067227 35003926 34918998 35064865 0 16327 15660 19365 19528 12050 15299 19973 20966 17604 55663 75680 61717 51466 83241 79045 45401 42474 19853 23050 27476 11372 17623 25890 26114 22437 57704 71360 64712 52224 83028 90284 47113 48096 0 0 0 0 617341 4685 1036 0 264 0 0 0 0 0 0 0 0 0 0 0 0 0 0 0 0 0 0 0 0 0 0 0 0 0 0 0 0 0 0 0 0 0 0 0 0 0 0 0 0 0 0 0 0 0 0 0 0 0 0 0 0 0 0 0 0 0 0 0 0 0 0 0 0 0 0 0 0 0 0 0 0 0 0 0 0 0 0 0 0 0 0 0 0 0 0 0 0 0 0 0 0 0 0 0 0 0 0 0 0 0 0 0 0 0 0 0 0 0 0 0 0 0 0 0 0 0 0 0 0 0 0 0 0 0 0 0 0 0 0 0 0 0 0 0 0 0 0 0 0 0 0 0 0 0 0 0 0 0 0 0 0 0 0 0 0 0 0 0 0 0 0 0 0 0 0 0 0 0 0 0 0 0 0 0 0 0 0 0 0 0 0 0 0 0 0 0 0 0 0 0 0 0 0 0 0 0 0 0 0 0 0 0 0 0 0 0 0 0 0 0 0 0 0 0 0 0 0 0 0 0 0 0 0 0 0 0 0 0 0 0 0 0 0 0 0 0 0 0 0 0 0 0 0 0 0 0 0 0 0 0 0 0 0 0 0 0 0 0 0 0 0 0 0 0 0 0 0 0 0 0 0 0 0 0 0 0 0 0 0 0 0 0 0 0 0 0 0 0 0 0 0 0 0 0 0 0 0 0 0 0 0 0 0 0 0 0 0 0 0 0 0 0 0 0 0 0 0 0 0 0 0 0 0 0 0 0 0 0 0 0 0 0 0 0 0 0 0 0 0 0 0 0 0 0 0 0 0 0 0 0 0 0 0 0 0 0 0 0 0 0 0 0 0 0 0 0 0 0 0 0 0 0 0 0 0 0 0 0 0 0 0 0 0 0 0 0 0 0 0 0 0 0 0 0 0 0 0 0 0 0 0 0 0 0 0 0 0 0 0 0 0 0 0 0 0 0 0 0 0 0 0 0 0 0 0 0 0 0 0 0 0 0 0 0 0 0 0 0 0 0 0 0 0 0 0 0 0 0 0 0 0 0 0 0 0 0 0 0 0 0 0 0 0 0 0 0 0 0 0 0 0 0 0 0 0 0 0 0 0 0 0 0 0 0 0 0 0 0 0 0 0 0 0 0 0 0 0 0 0 0 0 0 0 0 0 0 0 0 0 0 0 0 0 0 0 0 0 0 0 0 0 0 0 0 0 0 0 0 0 0 0 0 0 0 0 0 0 0 0 0 0 0 0 0 0 0 0 0 0 0 0 0 0 0 0 0 0 0 0 0 0 0 0 0 0 0 0 0 0 0 0 0 0 0 0 0 0 0 0 0 0 0 0 0 0 0 0 0 0 0 0 0 0 0 0 0 0 0 0 0 0 0 0 0 0 0 0 0 0 0 0 0 0 0 0 0 0 0 0 0 0 0 0 0 0 0 0 0 0 0 0 0 0 0 0 0 0 0 0 0 0 0 0 0 0 0 0 0 0 0 0 0 0 0 0 0 0 0 0 0 0 0 0 0 0 0 0 0 0 0 0 0 0 0 0 0 0 0 0 0 0 0 0 0 0 0 0 0 0 0 0 0 0 0 0 0 0 0 0 0 0 0 0 0 0 0 0 0 0 0 0 0 0 0 0 0 0 0 0 0 0 0 0 0 0 0 0 0 0 0 0 0 0 0 0 0 0 0 0 0 0 0 0 0 0 0 0 0 0 0 0 0 0 0 0 0 0 0 0 0 0 0 0 0 0 0 0 0 0 0 0 0 0 0 0 0 0 0 0 0 0 0 0 0 0 0 0 0 0 0 0 0 0 0 0 0 0 0 0 0 0 0 0 0 0 0 0 0 0 0 0 0 0 0 0 0 0 0 0 0 0 0 0 0 0 0 0 0 0 0 0 0 0 0 0 0 0 0 0 0 0 0 0 0 0 0 0 0 0 0 0 0 0 0 0 0 0 0 0 0 0 0 0 0 0 0 0 0 0 0 0 0 0 0 0 0 0 0 0 0 0 0 0 0 0 0 0 0 0 0 0 0 0 0 0 0 0 0 0 0 0 0 0 0 0 0 0 0 0 0 0 0 0 0 0 0 0 0 0 0 0 0 0 0 0 0 0 0 0 0 0 0 0 0 0 0 0 0 0 0 0 0 0 0 0 0 0 0 0 0 0 0 0 0 0 0 0 0 0 0 0 0 0 0 0 0 0 0 0 0 0 0 0 0 0 0 0 0 0 0 0 0 0 0 0 0 0 0 0 0 0 0 0 0 0 0 0 0 0 0 0 0 0 0 0 0 0 0 0 0 0 0 0 0 0 0 0 0 0 0 0 0 0 0 0 0 0 0 0 0 0 0 0 0 0 0 0 0 0 0 0 0 0 0 0 0 0 0 0 0 0 0 0 0 0 0 0 0 0 0 0 0 0 0 0 0 0 0 0 0 0 0 0 0 0 0 0 0 0 0 0 0 0 0 0 0 0 0 0 0 0 0 0 0 0 0 0 0 0 0 0
ctxt 5559315596
btime 1790630938
processes 1224074
procs_running 1
procs_blocked 0
softirq 4959826578 73526 14514528 2753185 518675502 611935 0 13560641 57724476 421 56945068
