Running 10s test @ http://127.0.0.1:18500/json
  16 threads and 32 connections
  Thread Stats   Avg      Stdev     Max   +/- Stdev
    Latency     1.20ms  190.92us   3.43ms   96.43%
    Req/Sec     1.68k   182.26     4.33k    99.63%
  Latency Distribution
     50%    1.21ms
     75%    1.26ms
     90%    1.28ms
     99%    2.23ms
  267790 requests in 10.10s, 46.99MB read
Requests/sec:  26514.91
Transfer/sec:      4.65MB
## server-stat
cpu  3754726 1652 1688514 49869671 398745 0 810367 0 0 0
cpu0 142400 30 48754 1559054 4892 0 26709 0 0 0
cpu1 143835 34 49686 1562305 5968 0 26030 0 0 0
cpu2 147892 34 49999 1558806 6068 0 26142 0 0 0
cpu3 225522 34 70880 1444822 4315 0 42127 0 0 0
cpu4 227802 38 69572 1445100 4951 0 42195 0 0 0
cpu5 153695 37 51650 1550385 6729 0 27066 0 0 0
cpu6 154818 34 52138 1548333 6949 0 28181 0 0 0
cpu7 161304 32 55407 1536467 6689 0 30857 0 0 0
cpu8 41544 61 44427 1632715 15213 0 13629 0 0 0
cpu9 47723 67 47641 1607810 18823 0 14858 0 0 0
cpu10 45241 67 45986 1616243 16876 0 14657 0 0 0
cpu11 41282 62 41817 1637154 15352 0 13032 0 0 0
cpu12 84425 141 51761 1562845 20967 0 16106 0 0 0
cpu13 80652 74 52734 1562201 21959 0 16463 0 0 0
cpu14 41160 61 41293 1640608 14474 0 12774 0 0 0
cpu15 38190 64 37889 1654384 14755 0 11597 0 0 0
cpu16 190447 28 60387 1498709 6597 0 34463 0 0 0
cpu17 180018 28 58625 1509934 8607 0 33034 0 0 0
cpu18 168914 28 57013 1524084 8365 0 32198 0 0 0
cpu19 300745 26 85383 1347256 3947 0 52163 0 0 0
cpu20 266028 25 79726 1388827 6024 0 49605 0 0 0
cpu21 164366 30 56168 1528275 9851 0 31444 0 0 0
cpu22 152490 34 53610 1544232 9784 0 29298 0 0 0
cpu23 132347 33 47984 1576317 9345 0 24712 0 0 0
cpu24 44494 64 42756 1634627 17478 0 13727 0 0 0
cpu25 49815 65 47717 1609612 19821 0 16237 0 0 0
cpu26 47608 60 46535 1616163 19037 0 15785 0 0 0
cpu27 40215 50 41472 1626947 17719 0 21600 0 0 0
cpu28 76698 84 55553 1549917 22284 0 28887 0 0 0
cpu29 80656 120 57575 1538170 23169 0 29429 0 0 0
cpu30 39600 46 43072 1620795 16049 0 21607 0 0 0
cpu31 42785 46 43290 1636559 15675 0 13741 0 0 0
intr 3341613259 126 0 0 0 0 0 0 0 0 1 0 0 0 0 0 0 0 0 0 0 0 0 0 0 0 0 0 1 1 1 0 0 0 0 1 0 1 0 0 75045 0 0 0 0 0 0 0 0 411 0 0 0 0 0 0 0 0 87 0 0 0 0 0 0 0 0 0 0 0 0 0 0 0 508946 2 35059329 34998346 34913700 35056376 0 14790 11714 13537 13042 8783 10763 14151 15130 11735 42760 58081 45893 39425 57712 55299 34928 31325 14226 15951 19557 7909 12457 18045 18293 15732 40502 51176 48115 38131 57229 61474 35102 35890 0 0 0 0 617213 4527 1036 0 264 0 0 0 0 0 0 0 0 0 0 0 0 0 0 0 0 0 0 0 0 0 0 0 0 0 0 0 0 0 0 0 0 0 0 0 0 0 0 0 0 0 0 0 0 0 0 0 0 0 0 0 0 0 0 0 0 0 0 0 0 0 0 0 0 0 0 0 0 0 0 0 0 0 0 0 0 0 0 0 0 0 0 0 0 0 0 0 0 0 0 0 0 0 0 0 0 0 0 0 0 0 0 0 0 0 0 0 0 0 0 0 0 0 0 0 0 0 0 0 0 0 0 0 0 0 0 0 0 0 0 0 0 0 0 0 0 0 0 0 0 0 0 0 0 0 0 0 0 0 0 0 0 0 0 0 0 0 0 0 0 0 0 0 0 0 0 0 0 0 0 0 0 0 0 0 0 0 0 0 0 0 0 0 0 0 0 0 0 0 0 0 0 0 0 0 0 0 0 0 0 0 0 0 0 0 0 0 0 0 0 0 0 0 0 0 0 0 0 0 0 0 0 0 0 0 0 0 0 0 0 0 0 0 0 0 0 0 0 0 0 0 0 0 0 0 0 0 0 0 0 0 0 0 0 0 0 0 0 0 0 0 0 0 0 0 0 0 0 0 0 0 0 0 0 0 0 0 0 0 0 0 0 0 0 0 0 0 0 0 0 0 0 0 0 0 0 0 0 0 0 0 0 0 0 0 0 0 0 0 0 0 0 0 0 0 0 0 0 0 0 0 0 0 0 0 0 0 0 0 0 0 0 0 0 0 0 0 0 0 0 0 0 0 0 0 0 0 0 0 0 0 0 0 0 0 0 0 0 0 0 0 0 0 0 0 0 0 0 0 0 0 0 0 0 0 0 0 0 0 0 0 0 0 0 0 0 0 0 0 0 0 0 0 0 0 0 0 0 0 0 0 0 0 0 0 0 0 0 0 0 0 0 0 0 0 0 0 0 0 0 0 0 0 0 0 0 0 0 0 0 0 0 0 0 0 0 0 0 0 0 0 0 0 0 0 0 0 0 0 0 0 0 0 0 0 0 0 0 0 0 0 0 0 0 0 0 0 0 0 0 0 0 0 0 0 0 0 0 0 0 0 0 0 0 0 0 0 0 0 0 0 0 0 0 0 0 0 0 0 0 0 0 0 0 0 0 0 0 0 0 0 0 0 0 0 0 0 0 0 0 0 0 0 0 0 0 0 0 0 0 0 0 0 0 0 0 0 0 0 0 0 0 0 0 0 0 0 0 0 0 0 0 0 0 0 0 0 0 0 0 0 0 0 0 0 0 0 0 0 0 0 0 0 0 0 0 0 0 0 0 0 0 0 0 0 0 0 0 0 0 0 0 0 0 0 0 0 0 0 0 0 0 0 0 0 0 0 0 0 0 0 0 0 0 0 0 0 0 0 0 0 0 0 0 0 0 0 0 0 0 0 0 0 0 0 0 0 0 0 0 0 0 0 0 0 0 0 0 0 0 0 0 0 0 0 0 0 0 0 0 0 0 0 0 0 0 0 0 0 0 0 0 0 0 0 0 0 0 0 0 0 0 0 0 0 0 0 0 0 0 0 0 0 0 0 0 0 0 0 0 0 0 0 0 0 0 0 0 0 0 0 0 0 0 0 0 0 0 0 0 0 0 0 0 0 0 0 0 0 0 0 0 0 0 0 0 0 0 0 0 0 0 0 0 0 0 0 0 0 0 0 0 0 0 0 0 0 0 0 0 0 0 0 0 0 0 0 0 0 0 0 0 0 0 0 0 0 0 0 0 0 0 0 0 0 0 0 0 0 0 0 0 0 0 0 0 0 0 0 0 0 0 0 0 0 0 0 0 0 0 0 0 0 0 0 0 0 0 0 0 0 0 0 0 0 0 0 0 0 0 0 0 0 0 0 0 0 0 0 0 0 0 0 0 0 0 0 0 0 0 0 0 0 0 0 0 0 0 0 0 0 0 0 0 0 0 0 0 0 0 0 0 0 0 0 0 0 0 0 0 0 0 0 0 0 0 0 0 0 0 0 0 0 0 0 0 0 0 0 0 0 0 0 0 0 0 0 0 0 0 0 0 0 0 0 0 0 0 0 0 0 0 0 0 0 0 0 0 0 0 0 0 0 0 0 0 0 0 0 0 0 0 0 0 0 0 0 0 0 0 0 0 0 0 0 0 0 0 0 0 0 0 0 0 0 0 0 0 0 0 0 0 0 0 0 0 0 0 0 0 0 0 0 0 0 0 0 0 0 0 0 0 0 0 0 0 0 0 0 0 0 0 0 0 0 0 0 0 0 0 0 0 0 0 0 0 0 0 0 0 0 0 0 0 0 0 0 0 0 0 0 0 0 0 0 0 0 0 0 0 0 0 0 0 0 0 0 0 0 0 0 0 0 0 0 0 0 0 0 0 0 0 0 0 0 0 0 0 0 0 0 0 0 0 0 0 0 0 0 0 0 0 0 0 0 0 0 0 0 0 0 0 0 0 0 0 0 0 0 0 0 0
ctxt 5300417120
btime 1790630938
processes 949267
procs_running 3
procs_blocked 0
softirq 4772974330 73526 13174439 2753168 344045046 531318 0 13560254 54088295 421 49780567
--
cpu  3756057 1653 1688772 49893412 398760 0 810449 0 0 0
cpu0 142402 30 48754 1559840 4892 0 26709 0 0 0
cpu1 143835 34 49686 1563104 5968 0 26030 0 0 0
cpu2 147892 34 49999 1559605 6068 0 26142 0 0 0
cpu3 225586 34 70893 1445540 4315 0 42131 0 0 0
cpu4 227903 38 69588 1445776 4951 0 42202 0 0 0
cpu5 153696 37 51650 1551182 6729 0 27066 0 0 0
cpu6 154818 34 52138 1549132 6949 0 28181 0 0 0
cpu7 161304 32 55407 1537266 6689 0 30857 0 0 0
cpu8 41545 61 44427 1633490 15227 0 13629 0 0 0
cpu9 47723 67 47643 1608591 18823 0 14858 0 0 0
cpu10 45243 67 45986 1617032 16876 0 14657 0 0 0
cpu11 41283 62 41817 1637945 15353 0 13032 0 0 0
cpu12 84444 141 51764 1563612 20967 0 16107 0 0 0
cpu13 80675 74 52737 1562961 21959 0 16464 0 0 0
cpu14 41162 61 41294 1641389 14474 0 12774 0 0 0
cpu15 38190 64 37890 1655176 14755 0 11597 0 0 0
cpu16 190448 28 60388 1499507 6597 0 34463 0 0 0
cpu17 180018 28 58625 1510734 8607 0 33034 0 0 0
cpu18 168914 28 57013 1524883 8365 0 32198 0 0 0
cpu19 301313 26 85492 1347344 3947 0 52198 0 0 0
cpu20 266568 25 79828 1388950 6024 0 49639 0 0 0
cpu21 164366 30 56168 1529075 9851 0 31444 0 0 0
cpu22 152490 34 53610 1545032 9784 0 29298 0 0 0
cpu23 132347 33 47984 1577116 9345 0 24712 0 0 0
cpu24 44494 64 42757 1635418 17478 0 13727 0 0 0
cpu25 49816 65 47717 1610404 19821 0 16237 0 0 0
cpu26 47608 60 46536 1616958 19037 0 15785 0 0 0
cpu27 40216 50 41472 1627744 17719 0 21600 0 0 0
cpu28 76700 84 55555 1550695 22284 0 28887 0 0 0
cpu29 80657 120 57577 1538953 23169 0 29430 0 0 0
cpu30 39601 46 43073 1621586 16049 0 21607 0 0 0
cpu31 42785 46 43290 1637357 15675 0 13741 0 0 0
intr 3341937188 126 0 0 0 0 0 0 0 0 1 0 0 0 0 0 0 0 0 0 0 0 0 0 0 0 0 0 1 1 1 0 0 0 0 1 0 1 0 0 75045 0 0 0 0 0 0 0 0 411 0 0 0 0 0 0 0 0 87 0 0 0 0 0 0 0 0 0 0 0 0 0 0 0 509130 2 35059351 34998385 34913723 35056406 0 14794 11714 13537 13042 8783 10763 14151 15130 11735 42760 58081 45894 39425 57712 55299 34931 31326 14226 15951 19557 7909 12457 18045 18293 15732 40502 51176 48115 38131 57328 61474 35102 35890 0 0 0 0 617217 4527 1036 0 264 0 0 0 0 0 0 0 0 0 0 0 0 0 0 0 0 0 0 0 0 0 0 0 0 0 0 0 0 0 0 0 0 0 0 0 0 0 0 0 0 0 0 0 0 0 0 0 0 0 0 0 0 0 0 0 0 0 0 0 0 0 0 0 0 0 0 0 0 0 0 0 0 0 0 0 0 0 0 0 0 0 0 0 0 0 0 0 0 0 0 0 0 0 0 0 0 0 0 0 0 0 0 0 0 0 0 0 0 0 0 0 0 0 0 0 0 0 0 0 0 0 0 0 0 0 0 0 0 0 0 0 0 0 0 0 0 0 0 0 0 0 0 0 0 0 0 0 0 0 0 0 0 0 0 0 0 0 0 0 0 0 0 0 0 0 0 0 0 0 0 0 0 0 0 0 0 0 0 0 0 0 0 0 0 0 0 0 0 0 0 0 0 0 0 0 0 0 0 0 0 0 0 0 0 0 0 0 0 0 0 0 0 0 0 0 0 0 0 0 0 0 0 0 0 0 0 0 0 0 0 0 0 0 0 0 0 0 0 0 0 0 0 0 0 0 0 0 0 0 0 0 0 0 0 0 0 0 0 0 0 0 0 0 0 0 0 0 0 0 0 0 0 0 0 0 0 0 0 0 0 0 0 0 0 0 0 0 0 0 0 0 0 0 0 0 0 0 0 0 0 0 0 0 0 0 0 0 0 0 0 0 0 0 0 0 0 0 0 0 0 0 0 0 0 0 0 0 0 0 0 0 0 0 0 0 0 0 0 0 0 0 0 0 0 0 0 0 0 0 0 0 0 0 0 0 0 0 0 0 0 0 0 0 0 0 0 0 0 0 0 0 0 0 0 0 0 0 0 0 0 0 0 0 0 0 0 0 0 0 0 0 0 0 0 0 0 0 0 0 0 0 0 0 0 0 0 0 0 0 0 0 0 0 0 0 0 0 0 0 0 0 0 0 0 0 0 0 0 0 0 0 0 0 0 0 0 0 0 0 0 0 0 0 0 0 0 0 0 0 0 0 0 0 0 0 0 0 0 0 0 0 0 0 0 0 0 0 0 0 0 0 0 0 0 0 0 0 0 0 0 0 0 0 0 0 0 0 0 0 0 0 0 0 0 0 0 0 0 0 0 0 0 0 0 0 0 0 0 0 0 0 0 0 0 0 0 0 0 0 0 0 0 0 0 0 0 0 0 0 0 0 0 0 0 0 0 0 0 0 0 0 0 0 0 0 0 0 0 0 0 0 0 0 0 0 0 0 0 0 0 0 0 0 0 0 0 0 0 0 0 0 0 0 0 0 0 0 0 0 0 0 0 0 0 0 0 0 0 0 0 0 0 0 0 0 0 0 0 0 0 0 0 0 0 0 0 0 0 0 0 0 0 0 0 0 0 0 0 0 0 0 0 0 0 0 0 0 0 0 0 0 0 0 0 0 0 0 0 0 0 0 0 0 0 0 0 0 0 0 0 0 0 0 0 0 0 0 0 0 0 0 0 0 0 0 0 0 0 0 0 0 0 0 0 0 0 0 0 0 0 0 0 0 0 0 0 0 0 0 0 0 0 0 0 0 0 0 0 0 0 0 0 0 0 0 0 0 0 0 0 0 0 0 0 0 0 0 0 0 0 0 0 0 0 0 0 0 0 0 0 0 0 0 0 0 0 0 0 0 0 0 0 0 0 0 0 0 0 0 0 0 0 0 0 0 0 0 0 0 0 0 0 0 0 0 0 0 0 0 0 0 0 0 0 0 0 0 0 0 0 0 0 0 0 0 0 0 0 0 0 0 0 0 0 0 0 0 0 0 0 0 0 0 0 0 0 0 0 0 0 0 0 0 0 0 0 0 0 0 0 0 0 0 0 0 0 0 0 0 0 0 0 0 0 0 0 0 0 0 0 0 0 0 0 0 0 0 0 0 0 0 0 0 0 0 0 0 0 0 0 0 0 0 0 0 0 0 0 0 0 0 0 0 0 0 0 0 0 0 0 0 0 0 0 0 0 0 0 0 0 0 0 0 0 0 0 0 0 0 0 0 0 0 0 0 0 0 0 0 0 0 0 0 0 0 0 0 0 0 0 0 0 0 0 0 0 0 0 0 0 0 0 0 0 0 0 0 0 0 0 0 0 0 0 0 0 0 0 0 0 0 0 0 0 0 0 0 0 0 0 0 0 0 0 0 0 0 0 0 0 0 0 0 0 0 0 0 0 0 0 0 0 0 0 0 0 0 0 0 0 0 0 0 0 0 0 0 0 0 0 0 0 0 0 0 0 0 0 0 0 0 0 0 0 0 0 0 0 0 0 0 0 0 0 0 0 0 0 0 0 0 0 0 0 0 0 0 0 0 0 0 0 0 0 0 0 0 0 0 0 0 0 0 0 0 0 0 0 0 0 0 0 0 0 0 0 0 0 0 0 0 0 0 0 0 0 0 0 0 0 0 0 0 0 0 0 0 0 0 0 0 0 0 0 0 0 0 0 0 0 0 0
ctxt 5300967520
btime 1790630938
processes 949320
procs_running 4
procs_blocked 0
softirq 4773479305 73526 13178279 2753168 344469426 531513 0 13560254 54099104 421 49846318
