Running 10s test @ http://127.0.0.1:18500/json
  16 threads and 128 connections
  Thread Stats   Avg      Stdev     Max   +/- Stdev
    Latency     6.47ms    1.59ms  18.01ms   65.11%
    Req/Sec     1.24k    91.43     1.39k    60.81%
  Latency Distribution
     50%    6.13ms
     75%    7.43ms
     90%    9.02ms
     99%    9.11ms
  197822 requests in 10.01s, 40.37MB read
Requests/sec:  19766.47
Transfer/sec:      4.03MB
## server-stat
cpu  4205080 1848 1788582 56423438 644890 0 845710 0 0 0
cpu0 161718 32 52461 1762635 7655 0 28285 0 0 0
cpu1 162135 37 53242 1767348 9463 0 27488 0 0 0
cpu2 169991 37 53760 1759482 9984 0 27722 0 0 0
cpu3 263981 38 77612 1626294 6568 0 44891 0 0 0
cpu4 260021 44 75294 1633570 8028 0 44740 0 0 0
cpu5 172851 44 55348 1753818 11266 0 28521 0 0 0
cpu6 174287 38 55368 1751627 11971 0 29433 0 0 0
cpu7 179334 37 58796 1740541 11784 0 32539 0 0 0
cpu8 42225 69 45764 1850421 25099 0 13959 0 0 0
cpu9 48736 78 49132 1823201 29384 0 15242 0 0 0
cpu10 46023 76 47410 1832528 27185 0 15003 0 0 0
cpu11 41892 72 43081 1854965 25338 0 13314 0 0 0
cpu12 88961 152 53710 1773606 31465 0 16611 0 0 0
cpu13 85040 83 54786 1771853 33296 0 16994 0 0 0
cpu14 41848 69 42648 1858520 23770 0 13083 0 0 0
cpu15 38687 74 39103 1873083 24316 0 11861 0 0 0
cpu16 219900 32 65057 1691021 10617 0 36354 0 0 0
cpu17 207668 31 63073 1703370 13664 0 34705 0 0 0
cpu18 190570 31 60824 1723702 14182 0 33565 0 0 0
cpu19 350576 28 94155 1515510 6207 0 55231 0 0 0
cpu20 314823 27 87807 1557913 9484 0 52524 0 0 0
cpu21 188533 34 60157 1724628 16240 0 32854 0 0 0
cpu22 172199 37 57502 1744733 16411 0 30836 0 0 0
cpu23 149240 36 51386 1780558 16039 0 25775 0 0 0
cpu24 45318 74 44177 1850831 29051 0 14036 0 0 0
cpu25 50815 71 49285 1824184 32031 0 16630 0 0 0
cpu26 48478 67 48061 1831382 31077 0 16147 0 0 0
cpu27 40949 58 42878 1843458 29337 0 21898 0 0 0
cpu28 80309 93 57622 1759861 34985 0 29424 0 0 0
cpu29 84174 129 59764 1747631 35926 0 30014 0 0 0
cpu30 40308 52 44588 1837680 26333 0 21951 0 0 0
cpu31 43472 54 44717 1853467 26719 0 14068 0 0 0
intr 3518767493 126 0 0 0 0 0 0 0 0 1 0 0 0 0 0 0 0 0 0 0 0 0 0 0 0 0 0 1 1 1 0 0 0 0 1 0 1 0 0 75045 0 0 0 0 0 0 0 0 411 0 0 0 0 0 0 0 0 87 0 0 0 0 0 0 0 0 0 0 0 0 0 0 0 598534 2 35069373 35004361 34920517 35067297 0 16660 15665 19366 19529 12060 15301 20043 20967 17606 55772 75859 61761 51492 83397 79153 45513 42514 19994 23052 27478 11375 17624 25892 26168 22437 57707 71604 64728 52360 83116 90424 47117 48102 0 0 0 0 617369 4732 1036 0 264 0 0 0 0 0 0 0 0 0 0 0 0 0 0 0 0 0 0 0 0 0 0 0 0 0 0 0 0 0 0 0 0 0 0 0 0 0 0 0 0 0 0 0 0 0 0 0 0 0 0 0 0 0 0 0 0 0 0 0 0 0 0 0 0 0 0 0 0 0 0 0 0 0 0 0 0 0 0 0 0 0 0 0 0 0 0 0 0 0 0 0 0 0 0 0 0 0 0 0 0 0 0 0 0 0 0 0 0 0 0 0 0 0 0 0 0 0 0 0 0 0 0 0 0 0 0 0 0 0 0 0 0 0 0 0 0 0 0 0 0 0 0 0 0 0 0 0 0 0 0 0 0 0 0 0 0 0 0 0 0 0 0 0 0 0 0 0 0 0 0 0 0 0 0 0 0 0 0 0 0 0 0 0 0 0 0 0 0 0 0 0 0 0 0 0 0 0 0 0 0 0 0 0 0 0 0 0 0 0 0 0 0 0 0 0 0 0 0 0 0 0 0 0 0 0 0 0 0 0 0 0 0 0 0 0 0 0 0 0 0 0 0 0 0 0 0 0 0 0 0 0 0 0 0 0 0 0 0 0 0 0 0 0 0 0 0 0 0 0 0 0 0 0 0 0 0 0 0 0 0 0 0 0 0 0 0 0 0 0 0 0 0 0 0 0 0 0 0 0 0 0 0 0 0 0 0 0 0 0 0 0 0 0 0 0 0 0 0 0 0 0 0 0 0 0 0 0 0 0 0 0 0 0 0 0 0 0 0 0 0 0 0 0 0 0 0 0 0 0 0 0 0 0 0 0 0 0 0 0 0 0 0 0 0 0 0 0 0 0 0 0 0 0 0 0 0 0 0 0 0 0 0 0 0 0 0 0 0 0 0 0 0 0 0 0 0 0 0 0 0 0 0 0 0 0 0 0 0 0 0 0 0 0 0 0 0 0 0 0 0 0 0 0 0 0 0 0 0 0 0 0 0 0 0 0 0 0 0 0 0 0 0 0 0 0 0 0 0 0 0 0 0 0 0 0 0 0 0 0 0 0 0 0 0 0 0 0 0 0 0 0 0 0 0 0 0 0 0 0 0 0 0 0 0 0 0 0 0 0 0 0 0 0 0 0 0 0 0 0 0 0 0 0 0 0 0 0 0 0 0 0 0 0 0 0 0 0 0 0 0 0 0 0 0 0 0 0 0 0 0 0 0 0 0 0 0 0 0 0 0 0 0 0 0 0 0 0 0 0 0 0 0 0 0 0 0 0 0 0 0 0 0 0 0 0 0 0 0 0 0 0 0 0 0 0 0 0 0 0 0 0 0 0 0 0 0 0 0 0 0 0 0 0 0 0 0 0 0 0 0 0 0 0 0 0 0 0 0 0 0 0 0 0 0 0 0 0 0 0 0 0 0 0 0 0 0 0 0 0 0 0 0 0 0 0 0 0 0 0 0 0 0 0 0 0 0 0 0 0 0 0 0 0 0 0 0 0 0 0 0 0 0 0 0 0 0 0 0 0 0 0 0 0 0 0 0 0 0 0 0 0 0 0 0 0 0 0 0 0 0 0 0 0 0 0 0 0 0 0 0 0 0 0 0 0 0 0 0 0 0 0 0 0 0 0 0 0 0 0 0 0 0 0 0 0 0 0 0 0 0 0 0 0 0 0 0 0 0 0 0 0 0 0 0 0 0 0 0 0 0 0 0 0 0 0 0 0 0 0 0 0 0 0 0 0 0 0 0 0 0 0 0 0 0 0 0 0 0 0 0 0 0 0 0 0 0 0 0 0 0 0 0 0 0 0 0 0 0 0 0 0 0 0 0 0 0 0 0 0 0 0 0 0 0 0 0 0 0 0 0 0 0 0 0 0 0 0 0 0 0 0 0 0 0 0 0 0 0 0 0 0 0 0 0 0 0 0 0 0 0 0 0 0 0 0 0 0 0 0 0 0 0 0 0 0 0 0 0 0 0 0 0 0 0 0 0 0 0 0 0 0 0 0 0 0 0 0 0 0 0 0 0 0 0 0 0 0 0 0 0 0 0 0 0 0 0 0 0 0 0 0 0 0 0 0 0 0 0 0 0 0 0 0 0 0 0 0 0 0 0 0 0 0 0 0 0 0 0 0 0 0 0 0 0 0 0 0 0 0 0 0 0 0 0 0 0 0 0 0 0 0 0 0 0 0 0 0 0 0 0 0 0 0 0 0 0 0 0 0 0 0 0 0 0 0 0 0 0 0 0 0 0 0 0 0 0 0 0 0 0 0 0 0 0 0 0 0 0 0 0 0 0 0 0 0 0 0 0 0 0 0 0 0 0 0 0 0 0 0 0 0 0 0 0 0 0 0 0 0 0 0 0 0 0 0 0 0 0 0 0 0 0 0 0 0 0 0 0 0 0 0 0 0 0 0 0 0 0 0 0 0 0 0 0 0 0 0 0 0 0 0 0 0 0 0 0 0 0 0 0 0 0 0 0 0 0 0 0 0 0 0 0
ctxt 5610415244
btime 1790630938
processes 1301973
procs_running 9
procs_blocked 2
softirq 4998326288 73526 14968716 2753189 551431190 623873 0 13560770 58827162 421 61120145
--
cpu  4211088 1848 1788982 56442349 644914 0 845800 0 0 0
cpu0 161719 32 52461 1763416 7655 0 28285 0 0 0
cpu1 162210 37 53247 1768066 9463 0 27490 0 0 0
cpu2 170516 37 53792 1759719 9984 0 27729 0 0 0
cpu3 264623 38 77655 1626399 6568 0 44901 0 0 0
cpu4 260453 44 75327 1633897 8028 0 44746 0 0 0
cpu5 172874 44 55349 1754592 11266 0 28521 0 0 0
cpu6 175027 38 55417 1751627 11971 0 29444 0 0 0
cpu7 179638 37 58816 1741012 11784 0 32544 0 0 0
cpu8 42227 69 45765 1851209 25099 0 13959 0 0 0
cpu9 48742 78 49133 1823979 29384 0 15242 0 0 0
cpu10 46023 76 47411 1833316 27185 0 15003 0 0 0
cpu11 41895 72 43081 1855754 25338 0 13314 0 0 0
cpu12 88971 152 53712 1774378 31465 0 16612 0 0 0
cpu13 85052 83 54788 1772610 33312 0 16994 0 0 0
cpu14 41849 69 42649 1859309 23770 0 13083 0 0 0
cpu15 38689 74 39103 1873872 24316 0 11861 0 0 0
cpu16 220642 32 65103 1691021 10617 0 36367 0 0 0
cpu17 208335 31 63116 1703450 13664 0 34715 0 0 0
cpu18 190790 31 60838 1724263 14182 0 33569 0 0 0
cpu19 350672 28 94163 1516203 6207 0 55234 0 0 0
cpu20 315129 27 87826 1558384 9484 0 52528 0 0 0
cpu21 189259 34 60200 1724651 16240 0 32862 0 0 0
cpu22 172199 37 57502 1745531 16411 0 30836 0 0 0
cpu23 149678 36 51415 1780885 16039 0 25781 0 0 0
cpu24 45319 75 44178 1851626 29051 0 14036 0 0 0
cpu25 50816 71 49286 1824973 32031 0 16630 0 0 0
cpu26 48480 67 48062 1832170 31082 0 16147 0 0 0
cpu27 40950 58 42878 1844255 29337 0 21898 0 0 0
cpu28 80324 93 57624 1760630 34987 0 29424 0 0 0
cpu29 84190 129 59765 1748406 35926 0 30014 0 0 0
cpu30 40310 52 44590 1838469 26333 0 21952 0 0 0
cpu31 43472 54 44718 1854259 26719 0 14068 0 0 0
intr 3519099497 126 0 0 0 0 0 0 0 0 1 0 0 0 0 0 0 0 0 0 0 0 0 0 0 0 0 0 1 1 1 0 0 0 0 1 0 1 0 0 75045 0 0 0 0 0 0 0 0 411 0 0 0 0 0 0 0 0 87 0 0 0 0 0 0 0 0 0 0 0 0 0 0 0 598660 2 35069433 35004376 34920555 35067337 0 16668 15665 19366 19529 12060 15301 20043 20967 17606 55773 75859 61761 51492 83403 79154 45513 42514 19994 23052 27478 11375 17624 25892 26168 22437 57707 71604 64728 52360 83118 90424 47117 48102 0 0 0 0 617369 4732 1036 0 264 0 0 0 0 0 0 0 0 0 0 0 0 0 0 0 0 0 0 0 0 0 0 0 0 0 0 0 0 0 0 0 0 0 0 0 0 0 0 0 0 0 0 0 0 0 0 0 0 0 0 0 0 0 0 0 0 0 0 0 0 0 0 0 0 0 0 0 0 0 0 0 0 0 0 0 0 0 0 0 0 0 0 0 0 0 0 0 0 0 0 0 0 0 0 0 0 0 0 0 0 0 0 0 0 0 0 0 0 0 0 0 0 0 0 0 0 0 0 0 0 0 0 0 0 0 0 0 0 0 0 0 0 0 0 0 0 0 0 0 0 0 0 0 0 0 0 0 0 0 0 0 0 0 0 0 0 0 0 0 0 0 0 0 0 0 0 0 0 0 0 0 0 0 0 0 0 0 0 0 0 0 0 0 0 0 0 0 0 0 0 0 0 0 0 0 0 0 0 0 0 0 0 0 0 0 0 0 0 0 0 0 0 0 0 0 0 0 0 0 0 0 0 0 0 0 0 0 0 0 0 0 0 0 0 0 0 0 0 0 0 0 0 0 0 0 0 0 0 0 0 0 0 0 0 0 0 0 0 0 0 0 0 0 0 0 0 0 0 0 0 0 0 0 0 0 0 0 0 0 0 0 0 0 0 0 0 0 0 0 0 0 0 0 0 0 0 0 0 0 0 0 0 0 0 0 0 0 0 0 0 0 0 0 0 0 0 0 0 0 0 0 0 0 0 0 0 0 0 0 0 0 0 0 0 0 0 0 0 0 0 0 0 0 0 0 0 0 0 0 0 0 0 0 0 0 0 0 0 0 0 0 0 0 0 0 0 0 0 0 0 0 0 0 0 0 0 0 0 0 0 0 0 0 0 0 0 0 0 0 0 0 0 0 0 0 0 0 0 0 0 0 0 0 0 0 0 0 0 0 0 0 0 0 0 0 0 0 0 0 0 0 0 0 0 0 0 0 0 0 0 0 0 0 0 0 0 0 0 0 0 0 0 0 0 0 0 0 0 0 0 0 0 0 0 0 0 0 0 0 0 0 0 0 0 0 0 0 0 0 0 0 0 0 0 0 0 0 0 0 0 0 0 0 0 0 0 0 0 0 0 0 0 0 0 0 0 0 0 0 0 0 0 0 0 0 0 0 0 0 0 0 0 0 0 0 0 0 0 0 0 0 0 0 0 0 0 0 0 0 0 0 0 0 0 0 0 0 0 0 0 0 0 0 0 0 0 0 0 0 0 0 0 0 0 0 0 0 0 0 0 0 0 0 0 0 0 0 0 0 0 0 0 0 0 0 0 0 0 0 0 0 0 0 0 0 0 0 0 0 0 0 0 0 0 0 0 0 0 0 0 0 0 0 0 0 0 0 0 0 0 0 0 0 0 0 0 0 0 0 0 0 0 0 0 0 0 0 0 0 0 0 0 0 0 0 0 0 0 0 0 0 0 0 0 0 0 0 0 0 0 0 0 0 0 0 0 0 0 0 0 0 0 0 0 0 0 0 0 0 0 0 0 0 0 0 0 0 0 0 0 0 0 0 0 0 0 0 0 0 0 0 0 0 0 0 0 0 0 0 0 0 0 0 0 0 0 0 0 0 0 0 0 0 0 0 0 0 0 0 0 0 0 0 0 0 0 0 0 0 0 0 0 0 0 0 0 0 0 0 0 0 0 0 0 0 0 0 0 0 0 0 0 0 0 0 0 0 0 0 0 0 0 0 0 0 0 0 0 0 0 0 0 0 0 0 0 0 0 0 0 0 0 0 0 0 0 0 0 0 0 0 0 0 0 0 0 0 0 0 0 0 0 0 0 0 0 0 0 0 0 0 0 0 0 0 0 0 0 0 0 0 0 0 0 0 0 0 0 0 0 0 0 0 0 0 0 0 0 0 0 0 0 0 0 0 0 0 0 0 0 0 0 0 0 0 0 0 0 0 0 0 0 0 0 0 0 0 0 0 0 0 0 0 0 0 0 0 0 0 0 0 0 0 0 0 0 0 0 0 0 0 0 0 0 0 0 0 0 0 0 0 0 0 0 0 0 0 0 0 0 0 0 0 0 0 0 0 0 0 0 0 0 0 0 0 0 0 0 0 0 0 0 0 0 0 0 0 0 0 0 0 0 0 0 0 0 0 0 0 0 0 0 0 0 0 0 0 0 0 0 0 0 0 0 0 0 0 0 0 0 0 0 0 0 0 0 0 0 0 0 0 0 0 0 0 0 0 0 0 0 0 0 0 0 0 0 0 0 0 0 0 0 0 0 0 0 0 0 0 0 0 0 0 0 0 0 0 0 0 0 0 0 0 0 0 0 0 0 0 0 0 0 0 0 0 0 0 0 0 0 0 0 0 0 0 0 0 0 0 0 0 0 0 0 0 0 0 0 0 0 0 0 0 0 0 0 0 0 0 0 0 0 0 0 0 0 0 0 0 0 0 0 0 0 0 0 0 0 0 0 0 0 0 0 0 0 0 0 0 0 0 0
ctxt 5610858088
btime 1790630938
processes 1302050
procs_running 9
procs_blocked 0
softirq 4998684746 73526 14973392 2753189 551748009 624009 0 13560770 58838604 421 61145530
