Running 10s test @ http://127.0.0.1:18500/swerve/usleep?ms=10
  16 threads and 32 connections
  Thread Stats   Avg      Stdev     Max   +/- Stdev
    Latency   166.94ms   12.27ms 235.17ms   98.53%
    Req/Sec    12.63      4.43    20.00     73.23%
  Latency Distribution
     50%  158.20ms
     75%  177.58ms
     90%  177.64ms
     99%  178.72ms
  1902 requests in 10.01s, 462.59KB read
Requests/sec:    189.99
Transfer/sec:     46.21KB
## server-stat
cpu  3799815 1700 1703831 51589469 480923 0 816201 0 0 0
cpu0 143534 31 49121 1614311 6269 0 26910 0 0 0
cpu1 144597 35 50000 1618007 7678 0 26145 0 0 0
cpu2 148471 35 50285 1614819 7740 0 26235 0 0 0
cpu3 231936 35 72585 1493760 4988 0 42998 0 0 0
cpu4 233980 40 71233 1493363 6297 0 43405 0 0 0
cpu5 154271 39 51954 1606273 8543 0 27147 0 0 0
cpu6 155261 35 52406 1604470 8733 0 28250 0 0 0
cpu7 161694 33 55649 1592896 8317 0 30911 0 0 0
cpu8 41691 63 44615 1687893 17971 0 13658 0 0 0
cpu9 47933 70 47881 1662056 21821 0 14902 0 0 0
cpu10 45410 69 46198 1670779 19786 0 14698 0 0 0
cpu11 41402 65 41999 1692169 18163 0 13059 0 0 0
cpu12 85527 144 52111 1615768 24074 0 16180 0 0 0
cpu13 81805 76 53106 1614824 25215 0 16546 0 0 0
cpu14 41293 63 41502 1695474 17166 0 12809 0 0 0
cpu15 38282 66 38080 1709606 17448 0 11624 0 0 0
cpu16 191459 30 60724 1553636 8929 0 34548 0 0 0
cpu17 180698 29 58942 1564947 11185 0 33107 0 0 0
cpu18 169477 29 57320 1579295 10894 0 32270 0 0 0
cpu19 312528 27 88181 1388906 5070 0 53484 0 0 0
cpu20 273725 26 81394 1435290 8124 0 50377 0 0 0
cpu21 164893 31 56477 1583281 12618 0 31515 0 0 0
cpu22 152922 35 53898 1599596 12362 0 29353 0 0 0
cpu23 132739 34 48249 1632027 11670 0 24765 0 0 0
cpu24 44660 66 42971 1688974 21101 0 13758 0 0 0
cpu25 50008 67 47950 1663425 23755 0 16274 0 0 0
cpu26 47767 61 46763 1670307 22802 0 15815 0 0 0
cpu27 40358 52 41690 1681636 21179 0 21623 0 0 0
cpu28 77404 86 55853 1602945 26284 0 28934 0 0 0
cpu29 81432 122 57881 1591450 26711 0 29486 0 0 0
cpu30 39723 47 43308 1675845 18983 0 21634 0 0 0
cpu31 42919 48 43492 1691426 19032 0 13766 0 0 0
intr 3382423660 126 0 0 0 0 0 0 0 0 1 0 0 0 0 0 0 0 0 0 0 0 0 0 0 0 0 0 1 1 1 0 0 0 0 1 0 1 0 0 75045 0 0 0 0 0 0 0 0 411 0 0 0 0 0 0 0 0 87 0 0 0 0 0 0 0 0 0 0 0 0 0 0 0 530630 2 35062363 35000891 34915055 35059228 0 15263 13317 16359 15638 9713 12125 15933 16777 13274 46176 62092 49991 42405 64031 61016 37644 34328 16712 18657 22183 9002 14942 20766 20436 17731 44401 56380 52783 41960 64732 67944 38803 39284 0 0 0 0 617253 4571 1036 0 264 0 0 0 0 0 0 0 0 0 0 0 0 0 0 0 0 0 0 0 0 0 0 0 0 0 0 0 0 0 0 0 0 0 0 0 0 0 0 0 0 0 0 0 0 0 0 0 0 0 0 0 0 0 0 0 0 0 0 0 0 0 0 0 0 0 0 0 0 0 0 0 0 0 0 0 0 0 0 0 0 0 0 0 0 0 0 0 0 0 0 0 0 0 0 0 0 0 0 0 0 0 0 0 0 0 0 0 0 0 0 0 0 0 0 0 0 0 0 0 0 0 0 0 0 0 0 0 0 0 0 0 0 0 0 0 0 0 0 0 0 0 0 0 0 0 0 0 0 0 0 0 0 0 0 0 0 0 0 0 0 0 0 0 0 0 0 0 0 0 0 0 0 0 0 0 0 0 0 0 0 0 0 0 0 0 0 0 0 0 0 0 0 0 0 0 0 0 0 0 0 0 0 0 0 0 0 0 0 0 0 0 0 0 0 0 0 0 0 0 0 0 0 0 0 0 0 0 0 0 0 0 0 0 0 0 0 0 0 0 0 0 0 0 0 0 0 0 0 0 0 0 0 0 0 0 0 0 0 0 0 0 0 0 0 0 0 0 0 0 0 0 0 0 0 0 0 0 0 0 0 0 0 0 0 0 0 0 0 0 0 0 0 0 0 0 0 0 0 0 0 0 0 0 0 0 0 0 0 0 0 0 0 0 0 0 0 0 0 0 0 0 0 0 0 0 0 0 0 0 0 0 0 0 0 0 0 0 0 0 0 0 0 0 0 0 0 0 0 0 0 0 0 0 0 0 0 0 0 0 0 0 0 0 0 0 0 0 0 0 0 0 0 0 0 0 0 0 0 0 0 0 0 0 0 0 0 0 0 0 0 0 0 0 0 0 0 0 0 0 0 0 0 0 0 0 0 0 0 0 0 0 0 0 0 0 0 0 0 0 0 0 0 0 0 0 0 0 0 0 0 0 0 0 0 0 0 0 0 0 0 0 0 0 0 0 0 0 0 0 0 0 0 0 0 0 0 0 0 0 0 0 0 0 0 0 0 0 0 0 0 0 0 0 0 0 0 0 0 0 0 0 0 0 0 0 0 0 0 0 0 0 0 0 0 0 0 0 0 0 0 0 0 0 0 0 0 0 0 0 0 0 0 0 0 0 0 0 0 0 0 0 0 0 0 0 0 0 0 0 0 0 0 0 0 0 0 0 0 0 0 0 0 0 0 0 0 0 0 0 0 0 0 0 0 0 0 0 0 0 0 0 0 0 0 0 0 0 0 0 0 0 0 0 0 0 0 0 0 0 0 0 0 0 0 0 0 0 0 0 0 0 0 0 0 0 0 0 0 0 0 0 0 0 0 0 0 0 0 0 0 0 0 0 0 0 0 0 0 0 0 0 0 0 0 0 0 0 0 0 0 0 0 0 0 0 0 0 0 0 0 0 0 0 0 0 0 0 0 0 0 0 0 0 0 0 0 0 0 0 0 0 0 0 0 0 0 0 0 0 0 0 0 0 0 0 0 0 0 0 0 0 0 0 0 0 0 0 0 0 0 0 0 0 0 0 0 0 0 0 0 0 0 0 0 0 0 0 0 0 0 0 0 0 0 0 0 0 0 0 0 0 0 0 0 0 0 0 0 0 0 0 0 0 0 0 0 0 0 0 0 0 0 0 0 0 0 0 0 0 0 0 0 0 0 0 0 0 0 0 0 0 0 0 0 0 0 0 0 0 0 0 0 0 0 0 0 0 0 0 0 0 0 0 0 0 0 0 0 0 0 0 0 0 0 0 0 0 0 0 0 0 0 0 0 0 0 0 0 0 0 0 0 0 0 0 0 0 0 0 0 0 0 0 0 0 0 0 0 0 0 0 0 0 0 0 0 0 0 0 0 0 0 0 0 0 0 0 0 0 0 0 0 0 0 0 0 0 0 0 0 0 0 0 0 0 0 0 0 0 0 0 0 0 0 0 0 0 0 0 0 0 0 0 0 0 0 0 0 0 0 0 0 0 0 0 0 0 0 0 0 0 0 0 0 0 0 0 0 0 0 0 0 0 0 0 0 0 0 0 0 0 0 0 0 0 0 0 0 0 0 0 0 0 0 0 0 0 0 0 0 0 0 0 0 0 0 0 0 0 0 0 0 0 0 0 0 0 0 0 0 0 0 0 0 0 0 0 0 0 0 0 0 0 0 0 0 0 0 0 0 0 0 0 0 0 0 0 0 0 0 0 0 0 0 0 0 0 0 0 0 0 0 0 0 0 0 0 0 0 0 0 0 0 0 0 0 0 0 0 0 0 0 0 0 0 0 0 0 0 0 0 0 0 0 0 0 0 0 0 0 0 0 0 0 0 0 0 0 0 0 0 0 0 0 0 0 0 0 0 0 0 0 0 0 0 0 0 0 0 0 0 0 0 0 0 0 0 0 0 0 0 0 0 0 0 0 0 0 0 0 0 0 0 0 0 0 0 0 0 0 0 0
ctxt 5374559647
btime 1790630938
processes 1019405
procs_running 1
procs_blocked 0
softirq 4819147480 73526 13465428 2753174 387326523 553733 0 13560356 54910900 421 51536123
--
cpu  3799921 1700 1703844 51614889 480946 0 816202 0 0 0
cpu0 143534 31 49121 1615107 6270 0 26910 0 0 0
cpu1 144598 35 50000 1618806 7678 0 26145 0 0 0
cpu2 148471 35 50285 1615618 7740 0 26235 0 0 0
cpu3 231979 35 72589 1494508 4988 0 42998 0 0 0
cpu4 233990 40 71235 1494150 6297 0 43405 0 0 0
cpu5 154271 39 51954 1607072 8543 0 27147 0 0 0
cpu6 155261 35 52407 1605269 8733 0 28250 0 0 0
cpu7 161694 33 55649 1593695 8317 0 30911 0 0 0
cpu8 41692 63 44616 1688691 17971 0 13659 0 0 0
cpu9 47934 70 47881 1662854 21821 0 14902 0 0 0
cpu10 45410 69 46199 1671577 19786 0 14698 0 0 0
cpu11 41403 65 41999 1692968 18163 0 13059 0 0 0
cpu12 85541 144 52112 1616551 24074 0 16180 0 0 0
cpu13 81813 76 53106 1615591 25238 0 16546 0 0 0
cpu14 41294 63 41502 1696273 17166 0 12809 0 0 0
cpu15 38282 66 38080 1710405 17448 0 11624 0 0 0
cpu16 191460 30 60724 1554435 8929 0 34548 0 0 0
cpu17 180698 29 58942 1565746 11185 0 33107 0 0 0
cpu18 169477 29 57320 1580094 10894 0 32270 0 0 0
cpu19 312528 27 88181 1389705 5070 0 53484 0 0 0
cpu20 273725 26 81394 1436089 8124 0 50377 0 0 0
cpu21 164893 31 56477 1584080 12618 0 31515 0 0 0
cpu22 152922 35 53898 1600395 12362 0 29353 0 0 0
cpu23 132739 34 48250 1632826 11670 0 24765 0 0 0
cpu24 44660 66 42971 1689772 21101 0 13758 0 0 0
cpu25 50009 67 47950 1664222 23755 0 16274 0 0 0
cpu26 47767 61 46763 1671106 22802 0 15816 0 0 0
cpu27 40358 52 41690 1682435 21179 0 21623 0 0 0
cpu28 77428 86 55854 1603718 26284 0 28934 0 0 0
cpu29 81433 122 57881 1592248 26711 0 29486 0 0 0
cpu30 39723 47 43308 1676644 18983 0 21634 0 0 0
cpu31 42919 48 43492 1692225 19032 0 13766 0 0 0
intr 3382525271 126 0 0 0 0 0 0 0 0 1 0 0 0 0 0 0 0 0 0 0 0 0 0 0 0 0 0 1 1 1 0 0 0 0 1 0 1 0 0 75045 0 0 0 0 0 0 0 0 411 0 0 0 0 0 0 0 0 87 0 0 0 0 0 0 0 0 0 0 0 0 0 0 0 530890 2 35062410 35000924 34915090 35059260 0 15267 13317 16359 15638 9713 12125 15957 16777 13274 46176 62093 49991 42405 64031 61016 37644 34328 16712 18657 22183 9002 14942 20766 20436 17731 44401 56380 52783 41960 64732 67944 38806 39284 0 0 0 0 617253 4571 1036 0 264 0 0 0 0 0 0 0 0 0 0 0 0 0 0 0 0 0 0 0 0 0 0 0 0 0 0 0 0 0 0 0 0 0 0 0 0 0 0 0 0 0 0 0 0 0 0 0 0 0 0 0 0 0 0 0 0 0 0 0 0 0 0 0 0 0 0 0 0 0 0 0 0 0 0 0 0 0 0 0 0 0 0 0 0 0 0 0 0 0 0 0 0 0 0 0 0 0 0 0 0 0 0 0 0 0 0 0 0 0 0 0 0 0 0 0 0 0 0 0 0 0 0 0 0 0 0 0 0 0 0 0 0 0 0 0 0 0 0 0 0 0 0 0 0 0 0 0 0 0 0 0 0 0 0 0 0 0 0 0 0 0 0 0 0 0 0 0 0 0 0 0 0 0 0 0 0 0 0 0 0 0 0 0 0 0 0 0 0 0 0 0 0 0 0 0 0 0 0 0 0 0 0 0 0 0 0 0 0 0 0 0 0 0 0 0 0 0 0 0 0 0 0 0 0 0 0 0 0 0 0 0 0 0 0 0 0 0 0 0 0 0 0 0 0 0 0 0 0 0 0 0 0 0 0 0 0 0 0 0 0 0 0 0 0 0 0 0 0 0 0 0 0 0 0 0 0 0 0 0 0 0 0 0 0 0 0 0 0 0 0 0 0 0 0 0 0 0 0 0 0 0 0 0 0 0 0 0 0 0 0 0 0 0 0 0 0 0 0 0 0 0 0 0 0 0 0 0 0 0 0 0 0 0 0 0 0 0 0 0 0 0 0 0 0 0 0 0 0 0 0 0 0 0 0 0 0 0 0 0 0 0 0 0 0 0 0 0 0 0 0 0 0 0 0 0 0 0 0 0 0 0 0 0 0 0 0 0 0 0 0 0 0 0 0 0 0 0 0 0 0 0 0 0 0 0 0 0 0 0 0 0 0 0 0 0 0 0 0 0 0 0 0 0 0 0 0 0 0 0 0 0 0 0 0 0 0 0 0 0 0 0 0 0 0 0 0 0 0 0 0 0 0 0 0 0 0 0 0 0 0 0 0 0 0 0 0 0 0 0 0 0 0 0 0 0 0 0 0 0 0 0 0 0 0 0 0 0 0 0 0 0 0 0 0 0 0 0 0 0 0 0 0 0 0 0 0 0 0 0 0 0 0 0 0 0 0 0 0 0 0 0 0 0 0 0 0 0 0 0 0 0 0 0 0 0 0 0 0 0 0 0 0 0 0 0 0 0 0 0 0 0 0 0 0 0 0 0 0 0 0 0 0 0 0 0 0 0 0 0 0 0 0 0 0 0 0 0 0 0 0 0 0 0 0 0 0 0 0 0 0 0 0 0 0 0 0 0 0 0 0 0 0 0 0 0 0 0 0 0 0 0 0 0 0 0 0 0 0 0 0 0 0 0 0 0 0 0 0 0 0 0 0 0 0 0 0 0 0 0 0 0 0 0 0 0 0 0 0 0 0 0 0 0 0 0 0 0 0 0 0 0 0 0 0 0 0 0 0 0 0 0 0 0 0 0 0 0 0 0 0 0 0 0 0 0 0 0 0 0 0 0 0 0 0 0 0 0 0 0 0 0 0 0 0 0 0 0 0 0 0 0 0 0 0 0 0 0 0 0 0 0 0 0 0 0 0 0 0 0 0 0 0 0 0 0 0 0 0 0 0 0 0 0 0 0 0 0 0 0 0 0 0 0 0 0 0 0 0 0 0 0 0 0 0 0 0 0 0 0 0 0 0 0 0 0 0 0 0 0 0 0 0 0 0 0 0 0 0 0 0 0 0 0 0 0 0 0 0 0 0 0 0 0 0 0 0 0 0 0 0 0 0 0 0 0 0 0 0 0 0 0 0 0 0 0 0 0 0 0 0 0 0 0 0 0 0 0 0 0 0 0 0 0 0 0 0 0 0 0 0 0 0 0 0 0 0 0 0 0 0 0 0 0 0 0 0 0 0 0 0 0 0 0 0 0 0 0 0 0 0 0 0 0 0 0 0 0 0 0 0 0 0 0 0 0 0 0 0 0 0 0 0 0 0 0 0 0 0 0 0 0 0 0 0 0 0 0 0 0 0 0 0 0 0 0 0 0 0 0 0 0 0 0 0 0 0 0 0 0 0 0 0 0 0 0 0 0 0 0 0 0 0 0 0 0 0 0 0 0 0 0 0 0 0 0 0 0 0 0 0 0 0 0 0 0 0 0 0 0 0 0 0 0 0 0 0 0 0 0 0 0 0 0 0 0 0 0 0 0 0 0 0 0 0 0 0 0 0 0 0 0 0 0 0 0 0 0 0 0 0 0 0 0 0 0 0 0 0 0 0 0 0 0 0 0 0 0 0 0 0 0 0 0 0 0 0 0 0 0 0 0 0 0 0 0 0 0 0 0 0 0 0 0 0 0 0 0 0 0 0 0 0 0 0 0 0 0 0 0 0 0 0 0 0 0 0 0 0 0 0 0 0 0 0 0 0 0 0 0 0 0 0
ctxt 5374692954
btime 1790630938
processes 1019456
procs_running 1
procs_blocked 0
softirq 4819170271 73526 13469988 2753174 387330908 554006 0 13560356 54918023 421 51542573
