Running 10s test @ http://127.0.0.1:18500/usleep?ms=10
  16 threads and 1000 connections
  Thread Stats   Avg      Stdev     Max   +/- Stdev
    Latency     7.38s     1.48s    9.95s    57.56%
    Req/Sec    30.47     25.25   200.00     80.84%
  Latency Distribution
     50%    7.37s 
     75%    8.66s 
     90%    9.44s 
     99%    9.90s 
  1018 requests in 10.09s, 138.19KB read
Requests/sec:    100.85
Transfer/sec:     13.69KB
## server-stat
cpu  3828843 1725 1710840 52551308 481889 0 817672 0 0 0
cpu0 144270 31 49295 1644426 6285 0 27072 0 0 0
cpu1 144960 35 50162 1648681 7679 0 26201 0 0 0
cpu2 148688 35 50432 1645696 7741 0 26275 0 0 0
cpu3 236673 36 73156 1519546 4990 0 43175 0 0 0
cpu4 238385 41 71793 1519523 6298 0 43580 0 0 0
cpu5 154490 40 52109 1637164 8545 0 27180 0 0 0
cpu6 155403 36 52548 1635480 8734 0 28276 0 0 0
cpu7 161807 34 55779 1623976 8320 0 30930 0 0 0
cpu8 41780 64 44728 1718925 17973 0 13663 0 0 0
cpu9 48068 71 48011 1692662 22028 0 14913 0 0 0
cpu10 45501 71 46317 1701689 19788 0 14704 0 0 0
cpu11 41493 66 42115 1723175 18167 0 13063 0 0 0
cpu12 86279 146 52308 1645846 24080 0 16204 0 0 0
cpu13 82515 77 53315 1644746 25373 0 16567 0 0 0
cpu14 41388 64 41628 1726360 17233 0 12817 0 0 0
cpu15 38344 68 38202 1740660 17453 0 11629 0 0 0
cpu16 191869 30 60894 1584333 8930 0 34579 0 0 0
cpu17 180971 29 59105 1595774 11186 0 33135 0 0 0
cpu18 169662 29 57483 1610231 10897 0 32298 0 0 0
cpu19 319376 27 89089 1412188 5071 0 53726 0 0 0
cpu20 280371 27 82297 1458782 8126 0 50631 0 0 0
cpu21 165071 32 56633 1614220 12633 0 31541 0 0 0
cpu22 153051 35 54049 1630624 12362 0 29376 0 0 0
cpu23 132861 34 48386 1663089 11671 0 24782 0 0 0
cpu24 44763 68 43108 1720002 21111 0 13763 0 0 0
cpu25 50139 67 48084 1694429 23760 0 16279 0 0 0
cpu26 47871 61 46888 1701395 22807 0 15819 0 0 0
cpu27 40447 52 41817 1712761 21181 0 21626 0 0 0
cpu28 77778 86 55999 1633534 26411 0 28946 0 0 0
cpu29 81754 122 58033 1621877 27003 0 29500 0 0 0
cpu30 39800 47 43445 1706934 18999 0 21639 0 0 0
cpu31 43001 48 43618 1722566 19036 0 13767 0 0 0
intr 3394938108 126 0 0 0 0 0 0 0 0 1 0 0 0 0 0 0 0 0 0 0 0 0 0 0 0 0 0 1 1 1 0 0 0 0 1 0 1 0 0 75045 0 0 0 0 0 0 0 0 411 0 0 0 0 0 0 0 0 87 0 0 0 0 0 0 0 0 0 0 0 0 0 0 0 539757 2 35063860 35001514 34917037 35061063 0 15512 13322 16362 15639 9726 12126 15964 16779 13276 46180 62144 50012 42421 64040 61045 37699 34331 17012 18719 22193 9006 14976 20775 20438 17732 44406 56524 52795 41963 65232 67963 38907 39287 0 0 0 0 617273 4605 1036 0 264 0 0 0 0 0 0 0 0 0 0 0 0 0 0 0 0 0 0 0 0 0 0 0 0 0 0 0 0 0 0 0 0 0 0 0 0 0 0 0 0 0 0 0 0 0 0 0 0 0 0 0 0 0 0 0 0 0 0 0 0 0 0 0 0 0 0 0 0 0 0 0 0 0 0 0 0 0 0 0 0 0 0 0 0 0 0 0 0 0 0 0 0 0 0 0 0 0 0 0 0 0 0 0 0 0 0 0 0 0 0 0 0 0 0 0 0 0 0 0 0 0 0 0 0 0 0 0 0 0 0 0 0 0 0 0 0 0 0 0 0 0 0 0 0 0 0 0 0 0 0 0 0 0 0 0 0 0 0 0 0 0 0 0 0 0 0 0 0 0 0 0 0 0 0 0 0 0 0 0 0 0 0 0 0 0 0 0 0 0 0 0 0 0 0 0 0 0 0 0 0 0 0 0 0 0 0 0 0 0 0 0 0 0 0 0 0 0 0 0 0 0 0 0 0 0 0 0 0 0 0 0 0 0 0 0 0 0 0 0 0 0 0 0 0 0 0 0 0 0 0 0 0 0 0 0 0 0 0 0 0 0 0 0 0 0 0 0 0 0 0 0 0 0 0 0 0 0 0 0 0 0 0 0 0 0 0 0 0 0 0 0 0 0 0 0 0 0 0 0 0 0 0 0 0 0 0 0 0 0 0 0 0 0 0 0 0 0 0 0 0 0 0 0 0 0 0 0 0 0 0 0 0 0 0 0 0 0 0 0 0 0 0 0 0 0 0 0 0 0 0 0 0 0 0 0 0 0 0 0 0 0 0 0 0 0 0 0 0 0 0 0 0 0 0 0 0 0 0 0 0 0 0 0 0 0 0 0 0 0 0 0 0 0 0 0 0 0 0 0 0 0 0 0 0 0 0 0 0 0 0 0 0 0 0 0 0 0 0 0 0 0 0 0 0 0 0 0 0 0 0 0 0 0 0 0 0 0 0 0 0 0 0 0 0 0 0 0 0 0 0 0 0 0 0 0 0 0 0 0 0 0 0 0 0 0 0 0 0 0 0 0 0 0 0 0 0 0 0 0 0 0 0 0 0 0 0 0 0 0 0 0 0 0 0 0 0 0 0 0 0 0 0 0 0 0 0 0 0 0 0 0 0 0 0 0 0 0 0 0 0 0 0 0 0 0 0 0 0 0 0 0 0 0 0 0 0 0 0 0 0 0 0 0 0 0 0 0 0 0 0 0 0 0 0 0 0 0 0 0 0 0 0 0 0 0 0 0 0 0 0 0 0 0 0 0 0 0 0 0 0 0 0 0 0 0 0 0 0 0 0 0 0 0 0 0 0 0 0 0 0 0 0 0 0 0 0 0 0 0 0 0 0 0 0 0 0 0 0 0 0 0 0 0 0 0 0 0 0 0 0 0 0 0 0 0 0 0 0 0 0 0 0 0 0 0 0 0 0 0 0 0 0 0 0 0 0 0 0 0 0 0 0 0 0 0 0 0 0 0 0 0 0 0 0 0 0 0 0 0 0 0 0 0 0 0 0 0 0 0 0 0 0 0 0 0 0 0 0 0 0 0 0 0 0 0 0 0 0 0 0 0 0 0 0 0 0 0 0 0 0 0 0 0 0 0 0 0 0 0 0 0 0 0 0 0 0 0 0 0 0 0 0 0 0 0 0 0 0 0 0 0 0 0 0 0 0 0 0 0 0 0 0 0 0 0 0 0 0 0 0 0 0 0 0 0 0 0 0 0 0 0 0 0 0 0 0 0 0 0 0 0 0 0 0 0 0 0 0 0 0 0 0 0 0 0 0 0 0 0 0 0 0 0 0 0 0 0 0 0 0 0 0 0 0 0 0 0 0 0 0 0 0 0 0 0 0 0 0 0 0 0 0 0 0 0 0 0 0 0 0 0 0 0 0 0 0 0 0 0 0 0 0 0 0 0 0 0 0 0 0 0 0 0 0 0 0 0 0 0 0 0 0 0 0 0 0 0 0 0 0 0 0 0 0 0 0 0 0 0 0 0 0 0 0 0 0 0 0 0 0 0 0 0 0 0 0 0 0 0 0 0 0 0 0 0 0 0 0 0 0 0 0 0 0 0 0 0 0 0 0 0 0 0 0 0 0 0 0 0 0 0 0 0 0 0 0 0 0 0 0 0 0 0 0 0 0 0 0 0 0 0 0 0 0 0 0 0 0 0 0 0 0 0 0 0 0 0 0 0 0 0 0 0 0 0 0 0 0 0 0 0 0 0 0 0 0 0 0 0 0 0 0 0 0 0 0 0 0 0 0 0 0 0 0 0 0 0 0 0 0 0 0 0 0 0 0 0 0 0 0 0 0 0 0 0 0 0 0 0 0 0 0 0 0 0 0 0 0 0 0 0 0 0 0 0 0 0 0 0 0 0 0 0 0 0 0 0 0 0 0 0 0 0 0 0 0 0 0 0 0 0 0 0 0 0 0 0 0 0 0 0 0
ctxt 5395929495
btime 1790630938
processes 1075450
procs_running 1
procs_blocked 0
softirq 4830258143 73526 13656537 2753177 396580550 563262 0 13560433 55389805 421 52713136
--
cpu  3828912 1725 1710853 52576773 481904 0 817675 0 0 0
cpu0 144271 31 49295 1645224 6285 0 27073 0 0 0
cpu1 144961 35 50162 1649480 7679 0 26201 0 0 0
cpu2 148688 35 50432 1646496 7741 0 26275 0 0 0
cpu3 236684 36 73156 1520334 4990 0 43175 0 0 0
cpu4 238385 41 71794 1520320 6298 0 43580 0 0 0
cpu5 154490 40 52109 1637962 8545 0 27180 0 0 0
cpu6 155403 36 52548 1636280 8734 0 28276 0 0 0
cpu7 161807 34 55779 1624775 8320 0 30930 0 0 0
cpu8 41782 64 44728 1719721 17973 0 13663 0 0 0
cpu9 48068 71 48011 1693453 22034 0 14914 0 0 0
cpu10 45502 71 46317 1702487 19788 0 14705 0 0 0
cpu11 41493 66 42115 1723974 18167 0 13064 0 0 0
cpu12 86308 146 52310 1646604 24088 0 16204 0 0 0
cpu13 82530 77 53317 1645526 25373 0 16567 0 0 0
cpu14 41389 64 41628 1727158 17233 0 12817 0 0 0
cpu15 38344 68 38202 1741458 17453 0 11629 0 0 0
cpu16 191869 30 60895 1585133 8930 0 34579 0 0 0
cpu17 180971 29 59105 1596573 11186 0 33135 0 0 0
cpu18 169662 29 57483 1611031 10897 0 32298 0 0 0
cpu19 319382 27 89089 1412981 5071 0 53726 0 0 0
cpu20 280371 27 82297 1459582 8126 0 50631 0 0 0
cpu21 165071 32 56634 1615019 12633 0 31541 0 0 0
cpu22 153051 35 54049 1631424 12362 0 29376 0 0 0
cpu23 132861 34 48386 1663889 11671 0 24782 0 0 0
cpu24 44763 68 43108 1720800 21111 0 13763 0 0 0
cpu25 50140 67 48084 1695227 23760 0 16279 0 0 0
cpu26 47871 61 46888 1702193 22807 0 15819 0 0 0
cpu27 40447 52 41817 1713559 21181 0 21626 0 0 0
cpu28 77779 86 55999 1634331 26411 0 28946 0 0 0
cpu29 81755 122 58035 1622671 27003 0 29500 0 0 0
cpu30 39800 47 43445 1707732 18999 0 21639 0 0 0
cpu31 43001 48 43619 1723364 19036 0 13767 0 0 0
intr 3395044753 126 0 0 0 0 0 0 0 0 1 0 0 0 0 0 0 0 0 0 0 0 0 0 0 0 0 0 1 1 1 0 0 0 0 1 0 1 0 0 75045 0 0 0 0 0 0 0 0 411 0 0 0 0 0 0 0 0 87 0 0 0 0 0 0 0 0 0 0 0 0 0 0 0 539894 2 35063886 35001524 34917079 35061109 0 15520 13322 16362 15639 9727 12126 15965 16779 13276 46180 62144 50012 42421 64040 61045 37699 34331 17012 18720 22193 9006 14976 20775 20438 17732 44406 56524 52795 41963 65238 67963 38907 39287 0 0 0 0 617277 4605 1036 0 264 0 0 0 0 0 0 0 0 0 0 0 0 0 0 0 0 0 0 0 0 0 0 0 0 0 0 0 0 0 0 0 0 0 0 0 0 0 0 0 0 0 0 0 0 0 0 0 0 0 0 0 0 0 0 0 0 0 0 0 0 0 0 0 0 0 0 0 0 0 0 0 0 0 0 0 0 0 0 0 0 0 0 0 0 0 0 0 0 0 0 0 0 0 0 0 0 0 0 0 0 0 0 0 0 0 0 0 0 0 0 0 0 0 0 0 0 0 0 0 0 0 0 0 0 0 0 0 0 0 0 0 0 0 0 0 0 0 0 0 0 0 0 0 0 0 0 0 0 0 0 0 0 0 0 0 0 0 0 0 0 0 0 0 0 0 0 0 0 0 0 0 0 0 0 0 0 0 0 0 0 0 0 0 0 0 0 0 0 0 0 0 0 0 0 0 0 0 0 0 0 0 0 0 0 0 0 0 0 0 0 0 0 0 0 0 0 0 0 0 0 0 0 0 0 0 0 0 0 0 0 0 0 0 0 0 0 0 0 0 0 0 0 0 0 0 0 0 0 0 0 0 0 0 0 0 0 0 0 0 0 0 0 0 0 0 0 0 0 0 0 0 0 0 0 0 0 0 0 0 0 0 0 0 0 0 0 0 0 0 0 0 0 0 0 0 0 0 0 0 0 0 0 0 0 0 0 0 0 0 0 0 0 0 0 0 0 0 0 0 0 0 0 0 0 0 0 0 0 0 0 0 0 0 0 0 0 0 0 0 0 0 0 0 0 0 0 0 0 0 0 0 0 0 0 0 0 0 0 0 0 0 0 0 0 0 0 0 0 0 0 0 0 0 0 0 0 0 0 0 0 0 0 0 0 0 0 0 0 0 0 0 0 0 0 0 0 0 0 0 0 0 0 0 0 0 0 0 0 0 0 0 0 0 0 0 0 0 0 0 0 0 0 0 0 0 0 0 0 0 0 0 0 0 0 0 0 0 0 0 0 0 0 0 0 0 0 0 0 0 0 0 0 0 0 0 0 0 0 0 0 0 0 0 0 0 0 0 0 0 0 0 0 0 0 0 0 0 0 0 0 0 0 0 0 0 0 0 0 0 0 0 0 0 0 0 0 0 0 0 0 0 0 0 0 0 0 0 0 0 0 0 0 0 0 0 0 0 0 0 0 0 0 0 0 0 0 0 0 0 0 0 0 0 0 0 0 0 0 0 0 0 0 0 0 0 0 0 0 0 0 0 0 0 0 0 0 0 0 0 0 0 0 0 0 0 0 0 0 0 0 0 0 0 0 0 0 0 0 0 0 0 0 0 0 0 0 0 0 0 0 0 0 0 0 0 0 0 0 0 0 0 0 0 0 0 0 0 0 0 0 0 0 0 0 0 0 0 0 0 0 0 0 0 0 0 0 0 0 0 0 0 0 0 0 0 0 0 0 0 0 0 0 0 0 0 0 0 0 0 0 0 0 0 0 0 0 0 0 0 0 0 0 0 0 0 0 0 0 0 0 0 0 0 0 0 0 0 0 0 0 0 0 0 0 0 0 0 0 0 0 0 0 0 0 0 0 0 0 0 0 0 0 0 0 0 0 0 0 0 0 0 0 0 0 0 0 0 0 0 0 0 0 0 0 0 0 0 0 0 0 0 0 0 0 0 0 0 0 0 0 0 0 0 0 0 0 0 0 0 0 0 0 0 0 0 0 0 0 0 0 0 0 0 0 0 0 0 0 0 0 0 0 0 0 0 0 0 0 0 0 0 0 0 0 0 0 0 0 0 0 0 0 0 0 0 0 0 0 0 0 0 0 0 0 0 0 0 0 0 0 0 0 0 0 0 0 0 0 0 0 0 0 0 0 0 0 0 0 0 0 0 0 0 0 0 0 0 0 0 0 0 0 0 0 0 0 0 0 0 0 0 0 0 0 0 0 0 0 0 0 0 0 0 0 0 0 0 0 0 0 0 0 0 0 0 0 0 0 0 0 0 0 0 0 0 0 0 0 0 0 0 0 0 0 0 0 0 0 0 0 0 0 0 0 0 0 0 0 0 0 0 0 0 0 0 0 0 0 0 0 0 0 0 0 0 0 0 0 0 0 0 0 0 0 0 0 0 0 0 0 0 0 0 0 0 0 0 0 0 0 0 0 0 0 0 0 0 0 0 0 0 0 0 0 0 0 0 0 0 0 0 0 0 0 0 0 0 0 0 0 0 0 0 0 0 0 0 0 0 0 0 0 0 0 0 0 0 0 0 0 0 0 0 0 0 0 0 0 0 0 0 0 0 0 0 0 0 0 0 0 0 0 0 0 0 0 0 0 0 0 0 0 0 0 0 0 0 0 0 0 0 0 0 0 0 0 0 0 0 0 0 0 0 0 0 0 0 0 0 0 0 0 0 0 0 0 0 0 0 0 0 0 0 0 0 0 0 0 0 0 0 0 0 0 0 0 0 0 0 0 0 0 0 0 0 0 0 0 0 0 0 0
ctxt 5396083018
btime 1790630938
processes 1075514
procs_running 2
procs_blocked 0
softirq 4830277321 73526 13659999 2753177 396584084 563411 0 13560433 55396014 421 52718960
