Running 10s test @ http://127.0.0.1:18500/swerve/json
  16 threads and 32 connections
  Thread Stats   Avg      Stdev     Max   +/- Stdev
    Latency     4.33ms  403.61us   7.46ms   94.70%
    Req/Sec   463.44    133.99     5.81k    99.94%
  Latency Distribution
     50%    4.30ms
     75%    4.38ms
     90%    4.54ms
     99%    5.13ms
  73888 requests in 10.10s, 20.22MB read
Requests/sec:   7316.13
Transfer/sec:      2.00MB
## server-stat
cpu  3806743 1708 1705480 51879025 481215 0 816335 0 0 0
cpu0 143598 31 49139 1623515 6270 0 26941 0 0 0
cpu1 144628 35 50019 1627287 7678 0 26151 0 0 0
cpu2 148492 35 50304 1624113 7740 0 26236 0 0 0
cpu3 232879 35 72734 1501981 4989 0 43010 0 0 0
cpu4 234673 40 71334 1501894 6297 0 43414 0 0 0
cpu5 154286 40 51976 1615567 8544 0 27148 0 0 0
cpu6 155275 35 52427 1613770 8733 0 28250 0 0 0
cpu7 161703 33 55668 1602204 8317 0 30912 0 0 0
cpu8 41711 63 44636 1697173 17972 0 13660 0 0 0
cpu9 47964 70 47905 1671312 21821 0 14902 0 0 0
cpu10 45430 69 46220 1680057 19786 0 14699 0 0 0
cpu11 41417 65 42018 1701461 18165 0 13060 0 0 0
cpu12 85770 145 52156 1624790 24074 0 16182 0 0 0
cpu13 82075 76 53152 1623672 25367 0 16548 0 0 0
cpu14 41317 63 41522 1704742 17184 0 12810 0 0 0
cpu15 38292 67 38103 1718903 17449 0 11625 0 0 0
cpu16 191509 30 60748 1562899 8929 0 34549 0 0 0
cpu17 180729 29 58971 1574222 11185 0 33108 0 0 0
cpu18 169498 29 57348 1588580 10894 0 32271 0 0 0
cpu19 314620 27 88519 1395782 5070 0 53510 0 0 0
cpu20 275744 26 81743 1442230 8124 0 50406 0 0 0
cpu21 164914 31 56504 1592567 12618 0 31515 0 0 0
cpu22 152938 35 53924 1608888 12362 0 29354 0 0 0
cpu23 132749 34 48274 1641329 11670 0 24765 0 0 0
cpu24 44682 67 42998 1698249 21109 0 13758 0 0 0
cpu25 50039 67 47978 1672691 23756 0 16275 0 0 0
cpu26 47792 61 46789 1679586 22803 0 15816 0 0 0
cpu27 40381 52 41720 1690915 21180 0 21624 0 0 0
cpu28 77456 86 55878 1612153 26328 0 28935 0 0 0
cpu29 81493 122 57909 1600626 26769 0 29487 0 0 0
cpu30 39737 47 43335 1685135 18986 0 21635 0 0 0
cpu31 42937 48 43517 1700714 19032 0 13766 0 0 0
intr 3384192823 126 0 0 0 0 0 0 0 0 1 0 0 0 0 0 0 0 0 0 0 0 0 0 0 0 0 0 1 1 1 0 0 0 0 1 0 1 0 0 75045 0 0 0 0 0 0 0 0 411 0 0 0 0 0 0 0 0 87 0 0 0 0 0 0 0 0 0 0 0 0 0 0 0 533507 2 35063046 35001150 34915665 35059830 0 15336 13318 16359 15639 9714 12125 15959 16778 13274 46177 62103 49993 42405 64033 61019 37644 34328 16783 18659 22185 9006 14959 20768 20436 17731 44401 56394 52790 41962 64774 67944 38829 39286 0 0 0 0 617261 4586 1036 0 264 0 0 0 0 0 0 0 0 0 0 0 0 0 0 0 0 0 0 0 0 0 0 0 0 0 0 0 0 0 0 0 0 0 0 0 0 0 0 0 0 0 0 0 0 0 0 0 0 0 0 0 0 0 0 0 0 0 0 0 0 0 0 0 0 0 0 0 0 0 0 0 0 0 0 0 0 0 0 0 0 0 0 0 0 0 0 0 0 0 0 0 0 0 0 0 0 0 0 0 0 0 0 0 0 0 0 0 0 0 0 0 0 0 0 0 0 0 0 0 0 0 0 0 0 0 0 0 0 0 0 0 0 0 0 0 0 0 0 0 0 0 0 0 0 0 0 0 0 0 0 0 0 0 0 0 0 0 0 0 0 0 0 0 0 0 0 0 0 0 0 0 0 0 0 0 0 0 0 0 0 0 0 0 0 0 0 0 0 0 0 0 0 0 0 0 0 0 0 0 0 0 0 0 0 0 0 0 0 0 0 0 0 0 0 0 0 0 0 0 0 0 0 0 0 0 0 0 0 0 0 0 0 0 0 0 0 0 0 0 0 0 0 0 0 0 0 0 0 0 0 0 0 0 0 0 0 0 0 0 0 0 0 0 0 0 0 0 0 0 0 0 0 0 0 0 0 0 0 0 0 0 0 0 0 0 0 0 0 0 0 0 0 0 0 0 0 0 0 0 0 0 0 0 0 0 0 0 0 0 0 0 0 0 0 0 0 0 0 0 0 0 0 0 0 0 0 0 0 0 0 0 0 0 0 0 0 0 0 0 0 0 0 0 0 0 0 0 0 0 0 0 0 0 0 0 0 0 0 0 0 0 0 0 0 0 0 0 0 0 0 0 0 0 0 0 0 0 0 0 0 0 0 0 0 0 0 0 0 0 0 0 0 0 0 0 0 0 0 0 0 0 0 0 0 0 0 0 0 0 0 0 0 0 0 0 0 0 0 0 0 0 0 0 0 0 0 0 0 0 0 0 0 0 0 0 0 0 0 0 0 0 0 0 0 0 0 0 0 0 0 0 0 0 0 0 0 0 0 0 0 0 0 0 0 0 0 0 0 0 0 0 0 0 0 0 0 0 0 0 0 0 0 0 0 0 0 0 0 0 0 0 0 0 0 0 0 0 0 0 0 0 0 0 0 0 0 0 0 0 0 0 0 0 0 0 0 0 0 0 0 0 0 0 0 0 0 0 0 0 0 0 0 0 0 0 0 0 0 0 0 0 0 0 0 0 0 0 0 0 0 0 0 0 0 0 0 0 0 0 0 0 0 0 0 0 0 0 0 0 0 0 0 0 0 0 0 0 0 0 0 0 0 0 0 0 0 0 0 0 0 0 0 0 0 0 0 0 0 0 0 0 0 0 0 0 0 0 0 0 0 0 0 0 0 0 0 0 0 0 0 0 0 0 0 0 0 0 0 0 0 0 0 0 0 0 0 0 0 0 0 0 0 0 0 0 0 0 0 0 0 0 0 0 0 0 0 0 0 0 0 0 0 0 0 0 0 0 0 0 0 0 0 0 0 0 0 0 0 0 0 0 0 0 0 0 0 0 0 0 0 0 0 0 0 0 0 0 0 0 0 0 0 0 0 0 0 0 0 0 0 0 0 0 0 0 0 0 0 0 0 0 0 0 0 0 0 0 0 0 0 0 0 0 0 0 0 0 0 0 0 0 0 0 0 0 0 0 0 0 0 0 0 0 0 0 0 0 0 0 0 0 0 0 0 0 0 0 0 0 0 0 0 0 0 0 0 0 0 0 0 0 0 0 0 0 0 0 0 0 0 0 0 0 0 0 0 0 0 0 0 0 0 0 0 0 0 0 0 0 0 0 0 0 0 0 0 0 0 0 0 0 0 0 0 0 0 0 0 0 0 0 0 0 0 0 0 0 0 0 0 0 0 0 0 0 0 0 0 0 0 0 0 0 0 0 0 0 0 0 0 0 0 0 0 0 0 0 0 0 0 0 0 0 0 0 0 0 0 0 0 0 0 0 0 0 0 0 0 0 0 0 0 0 0 0 0 0 0 0 0 0 0 0 0 0 0 0 0 0 0 0 0 0 0 0 0 0 0 0 0 0 0 0 0 0 0 0 0 0 0 0 0 0 0 0 0 0 0 0 0 0 0 0 0 0 0 0 0 0 0 0 0 0 0 0 0 0 0 0 0 0 0 0 0 0 0 0 0 0 0 0 0 0 0 0 0 0 0 0 0 0 0 0 0 0 0 0 0 0 0 0 0 0 0 0 0 0 0 0 0 0 0 0 0 0 0 0 0 0 0 0 0 0 0 0 0 0 0 0 0 0 0 0 0 0 0 0 0 0 0 0 0 0 0 0 0 0 0 0 0 0 0 0 0 0 0 0 0 0 0 0 0 0 0 0 0 0 0 0 0 0 0 0 0 0 0 0 0 0 0 0 0 0 0 0 0 0 0 0 0 0 0 0 0 0 0 0 0 0 0 0 0 0 0 0 0 0 0 0 0 0 0
ctxt 5376957089
btime 1790630938
processes 1031219
procs_running 3
procs_blocked 0
softirq 4820279979 73526 13514722 2753176 387738923 556735 0 13560391 55036663 421 52078126
--
cpu  3808426 1708 1705551 51902622 481233 0 816386 0 0 0
cpu0 143648 31 49143 1624242 6270 0 26965 0 0 0
cpu1 144647 35 50025 1628049 7678 0 26156 0 0 0
cpu2 148500 35 50308 1624891 7740 0 26237 0 0 0
cpu3 233241 35 72738 1502407 4989 0 43010 0 0 0
cpu4 235136 40 71339 1502218 6297 0 43414 0 0 0
cpu5 154294 40 51979 1616346 8544 0 27149 0 0 0
cpu6 155281 35 52429 1614553 8733 0 28252 0 0 0
cpu7 161706 33 55669 1602994 8317 0 30913 0 0 0
cpu8 41714 63 44636 1697967 17972 0 13660 0 0 0
cpu9 47972 70 47908 1672095 21821 0 14903 0 0 0
cpu10 45433 69 46220 1680847 19786 0 14699 0 0 0
cpu11 41420 65 42018 1702252 18165 0 13060 0 0 0
cpu12 85777 145 52158 1625573 24074 0 16183 0 0 0
cpu13 82095 76 53154 1624444 25367 0 16548 0 0 0
cpu14 41320 63 41523 1705520 17199 0 12810 0 0 0
cpu15 38292 67 38103 1719699 17449 0 11625 0 0 0
cpu16 191528 30 60753 1563666 8929 0 34552 0 0 0
cpu17 180742 29 58975 1574994 11185 0 33109 0 0 0
cpu18 169505 29 57351 1589361 10894 0 32272 0 0 0
cpu19 314993 27 88524 1396196 5070 0 53510 0 0 0
cpu20 276015 26 81746 1442748 8124 0 50407 0 0 0
cpu21 164917 31 56506 1593350 12618 0 31517 0 0 0
cpu22 152942 35 53927 1609673 12362 0 29356 0 0 0
cpu23 132752 34 48275 1642119 11670 0 24765 0 0 0
cpu24 44683 67 42998 1699042 21109 0 13758 0 0 0
cpu25 50042 67 47978 1673484 23757 0 16275 0 0 0
cpu26 47792 61 46789 1680383 22803 0 15816 0 0 0
cpu27 40382 52 41721 1691713 21180 0 21624 0 0 0
cpu28 77472 86 55880 1612931 26328 0 28935 0 0 0
cpu29 81496 122 57911 1601412 26769 0 29488 0 0 0
cpu30 39739 47 43336 1685927 18986 0 21635 0 0 0
cpu31 42938 48 43518 1701509 19033 0 13766 0 0 0
intr 3384739787 126 0 0 0 0 0 0 0 0 1 0 0 0 0 0 0 0 0 0 0 0 0 0 0 0 0 0 1 1 1 0 0 0 0 1 0 1 0 0 75045 0 0 0 0 0 0 0 0 411 0 0 0 0 0 0 0 0 87 0 0 0 0 0 0 0 0 0 0 0 0 0 0 0 533648 2 35063090 35001161 34915714 35059874 0 15344 13318 16359 15639 9714 12125 15959 16778 13274 46177 62104 49995 42406 64033 61019 37644 34328 16783 18659 22185 9006 14959 20768 20436 17731 44401 56399 52790 41962 64780 67944 38829 39287 0 0 0 0 617261 4586 1036 0 264 0 0 0 0 0 0 0 0 0 0 0 0 0 0 0 0 0 0 0 0 0 0 0 0 0 0 0 0 0 0 0 0 0 0 0 0 0 0 0 0 0 0 0 0 0 0 0 0 0 0 0 0 0 0 0 0 0 0 0 0 0 0 0 0 0 0 0 0 0 0 0 0 0 0 0 0 0 0 0 0 0 0 0 0 0 0 0 0 0 0 0 0 0 0 0 0 0 0 0 0 0 0 0 0 0 0 0 0 0 0 0 0 0 0 0 0 0 0 0 0 0 0 0 0 0 0 0 0 0 0 0 0 0 0 0 0 0 0 0 0 0 0 0 0 0 0 0 0 0 0 0 0 0 0 0 0 0 0 0 0 0 0 0 0 0 0 0 0 0 0 0 0 0 0 0 0 0 0 0 0 0 0 0 0 0 0 0 0 0 0 0 0 0 0 0 0 0 0 0 0 0 0 0 0 0 0 0 0 0 0 0 0 0 0 0 0 0 0 0 0 0 0 0 0 0 0 0 0 0 0 0 0 0 0 0 0 0 0 0 0 0 0 0 0 0 0 0 0 0 0 0 0 0 0 0 0 0 0 0 0 0 0 0 0 0 0 0 0 0 0 0 0 0 0 0 0 0 0 0 0 0 0 0 0 0 0 0 0 0 0 0 0 0 0 0 0 0 0 0 0 0 0 0 0 0 0 0 0 0 0 0 0 0 0 0 0 0 0 0 0 0 0 0 0 0 0 0 0 0 0 0 0 0 0 0 0 0 0 0 0 0 0 0 0 0 0 0 0 0 0 0 0 0 0 0 0 0 0 0 0 0 0 0 0 0 0 0 0 0 0 0 0 0 0 0 0 0 0 0 0 0 0 0 0 0 0 0 0 0 0 0 0 0 0 0 0 0 0 0 0 0 0 0 0 0 0 0 0 0 0 0 0 0 0 0 0 0 0 0 0 0 0 0 0 0 0 0 0 0 0 0 0 0 0 0 0 0 0 0 0 0 0 0 0 0 0 0 0 0 0 0 0 0 0 0 0 0 0 0 0 0 0 0 0 0 0 0 0 0 0 0 0 0 0 0 0 0 0 0 0 0 0 0 0 0 0 0 0 0 0 0 0 0 0 0 0 0 0 0 0 0 0 0 0 0 0 0 0 0 0 0 0 0 0 0 0 0 0 0 0 0 0 0 0 0 0 0 0 0 0 0 0 0 0 0 0 0 0 0 0 0 0 0 0 0 0 0 0 0 0 0 0 0 0 0 0 0 0 0 0 0 0 0 0 0 0 0 0 0 0 0 0 0 0 0 0 0 0 0 0 0 0 0 0 0 0 0 0 0 0 0 0 0 0 0 0 0 0 0 0 0 0 0 0 0 0 0 0 0 0 0 0 0 0 0 0 0 0 0 0 0 0 0 0 0 0 0 0 0 0 0 0 0 0 0 0 0 0 0 0 0 0 0 0 0 0 0 0 0 0 0 0 0 0 0 0 0 0 0 0 0 0 0 0 0 0 0 0 0 0 0 0 0 0 0 0 0 0 0 0 0 0 0 0 0 0 0 0 0 0 0 0 0 0 0 0 0 0 0 0 0 0 0 0 0 0 0 0 0 0 0 0 0 0 0 0 0 0 0 0 0 0 0 0 0 0 0 0 0 0 0 0 0 0 0 0 0 0 0 0 0 0 0 0 0 0 0 0 0 0 0 0 0 0 0 0 0 0 0 0 0 0 0 0 0 0 0 0 0 0 0 0 0 0 0 0 0 0 0 0 0 0 0 0 0 0 0 0 0 0 0 0 0 0 0 0 0 0 0 0 0 0 0 0 0 0 0 0 0 0 0 0 0 0 0 0 0 0 0 0 0 0 0 0 0 0 0 0 0 0 0 0 0 0 0 0 0 0 0 0 0 0 0 0 0 0 0 0 0 0 0 0 0 0 0 0 0 0 0 0 0 0 0 0 0 0 0 0 0 0 0 0 0 0 0 0 0 0 0 0 0 0 0 0 0 0 0 0 0 0 0 0 0 0 0 0 0 0 0 0 0 0 0 0 0 0 0 0 0 0 0 0 0 0 0 0 0 0 0 0 0 0 0 0 0 0 0 0 0 0 0 0 0 0 0 0 0 0 0 0 0 0 0 0 0 0 0 0 0 0 0 0 0 0 0 0 0 0 0 0 0 0 0 0 0 0 0 0 0 0 0 0 0 0 0 0 0 0 0 0 0 0 0 0 0 0 0 0 0 0 0 0 0 0 0 0 0 0 0 0 0 0 0 0 0 0 0 0 0 0 0 0 0 0 0 0 0 0 0 0 0 0 0 0 0 0 0 0 0 0 0 0 0 0 0 0 0 0 0 0 0 0 0 0 0 0 0 0 0 0 0 0 0 0 0 0 0 0 0 0 0 0 0 0 0 0 0 0 0 0 0 0 0 0 0 0 0 0 0 0 0 0 0 0 0 0 0 0 0 0 0 0 0 0 0 0 0 0 0 0 0 0
ctxt 5377951533
btime 1790630938
processes 1031299
procs_running 4
procs_blocked 0
softirq 4820572212 73526 13528204 2753176 387973821 556887 0 13560391 55065951 421 52092539
