Running 10s test @ http://127.0.0.1:18500/api/usleep?ms=10
  16 threads and 128 connections
  Thread Stats   Avg      Stdev     Max   +/- Stdev
    Latency   290.26ms  225.45ms 748.61ms   66.80%
    Req/Sec    41.72     33.58   161.00     68.82%
  Latency Distribution
     50%  200.71ms
     75%  434.07ms
     90%  704.50ms
     99%  706.86ms
  4750 requests in 10.01s, 1.08MB read
Requests/sec:    474.40
Transfer/sec:    110.72KB
## server-stat
cpu  3936092 1764 1726174 53847825 558752 0 819169 0 0 0
cpu0 148261 31 49801 1685796 6818 0 27206 0 0 0
cpu1 148472 36 50629 1690805 8248 0 26285 0 0 0
cpu2 153793 36 51032 1686142 8285 0 26356 0 0 0
cpu3 245358 36 74055 1555866 5677 0 43286 0 0 0
cpu4 246231 42 72612 1556781 7078 0 43683 0 0 0
cpu5 158643 41 52632 1678408 9439 0 27229 0 0 0
cpu6 160308 36 53042 1675667 9940 0 28343 0 0 0
cpu7 164585 35 56132 1666212 9746 0 30979 0 0 0
cpu8 41922 66 44937 1761612 21739 0 13669 0 0 0
cpu9 48283 74 48234 1735332 25656 0 14923 0 0 0
cpu10 45673 72 46541 1744068 23760 0 14712 0 0 0
cpu11 41616 69 42318 1765831 21992 0 13068 0 0 0
cpu12 87310 148 52604 1687343 27907 0 16221 0 0 0
cpu13 83429 79 53617 1686161 29365 0 16586 0 0 0
cpu14 41534 66 41859 1769290 20710 0 12824 0 0 0
cpu15 38448 71 38418 1783412 21189 0 11633 0 0 0
cpu16 200438 31 61678 1621454 9264 0 34653 0 0 0
cpu17 189720 29 59949 1632559 11596 0 33223 0 0 0
cpu18 175917 30 58100 1649370 11697 0 32358 0 0 0
cpu19 331713 28 90508 1444944 5322 0 53842 0 0 0
cpu20 292735 27 83743 1491438 8443 0 50744 0 0 0
cpu21 171107 33 57259 1653148 13811 0 31628 0 0 0
cpu22 156551 36 54525 1671845 13933 0 29440 0 0 0
cpu23 136085 34 48845 1704236 13584 0 24853 0 0 0
cpu24 44944 71 43361 1762192 25288 0 13770 0 0 0
cpu25 50346 68 48343 1736475 28051 0 16288 0 0 0
cpu26 48051 62 47138 1743466 27106 0 15827 0 0 0
cpu27 40615 54 42055 1754873 25491 0 21633 0 0 0
cpu28 78503 87 56302 1675060 30598 0 28959 0 0 0
cpu29 82415 123 58342 1663378 31240 0 29515 0 0 0
cpu30 39934 48 43685 1749638 22725 0 21645 0 0 0
cpu31 43140 50 43865 1765011 23043 0 13772 0 0 0
intr 3412263168 126 0 0 0 0 0 0 0 0 1 0 0 0 0 0 0 0 0 0 0 0 0 0 0 0 0 0 1 1 1 0 0 0 0 1 0 1 0 0 75045 0 0 0 0 0 0 0 0 411 0 0 0 0 0 0 0 0 87 0 0 0 0 0 0 0 0 0 0 0 0 0 0 0 559490 2 35065590 35002623 34918288 35062714 0 15889 14162 17271 16969 10677 13167 17261 18471 15060 50745 67635 54937 46706 69762 67818 41209 38158 17513 19381 23293 9408 15502 22220 22779 19751 49632 62465 58132 46639 70984 74302 42486 43244 0 0 0 0 617305 4646 1036 0 264 0 0 0 0 0 0 0 0 0 0 0 0 0 0 0 0 0 0 0 0 0 0 0 0 0 0 0 0 0 0 0 0 0 0 0 0 0 0 0 0 0 0 0 0 0 0 0 0 0 0 0 0 0 0 0 0 0 0 0 0 0 0 0 0 0 0 0 0 0 0 0 0 0 0 0 0 0 0 0 0 0 0 0 0 0 0 0 0 0 0 0 0 0 0 0 0 0 0 0 0 0 0 0 0 0 0 0 0 0 0 0 0 0 0 0 0 0 0 0 0 0 0 0 0 0 0 0 0 0 0 0 0 0 0 0 0 0 0 0 0 0 0 0 0 0 0 0 0 0 0 0 0 0 0 0 0 0 0 0 0 0 0 0 0 0 0 0 0 0 0 0 0 0 0 0 0 0 0 0 0 0 0 0 0 0 0 0 0 0 0 0 0 0 0 0 0 0 0 0 0 0 0 0 0 0 0 0 0 0 0 0 0 0 0 0 0 0 0 0 0 0 0 0 0 0 0 0 0 0 0 0 0 0 0 0 0 0 0 0 0 0 0 0 0 0 0 0 0 0 0 0 0 0 0 0 0 0 0 0 0 0 0 0 0 0 0 0 0 0 0 0 0 0 0 0 0 0 0 0 0 0 0 0 0 0 0 0 0 0 0 0 0 0 0 0 0 0 0 0 0 0 0 0 0 0 0 0 0 0 0 0 0 0 0 0 0 0 0 0 0 0 0 0 0 0 0 0 0 0 0 0 0 0 0 0 0 0 0 0 0 0 0 0 0 0 0 0 0 0 0 0 0 0 0 0 0 0 0 0 0 0 0 0 0 0 0 0 0 0 0 0 0 0 0 0 0 0 0 0 0 0 0 0 0 0 0 0 0 0 0 0 0 0 0 0 0 0 0 0 0 0 0 0 0 0 0 0 0 0 0 0 0 0 0 0 0 0 0 0 0 0 0 0 0 0 0 0 0 0 0 0 0 0 0 0 0 0 0 0 0 0 0 0 0 0 0 0 0 0 0 0 0 0 0 0 0 0 0 0 0 0 0 0 0 0 0 0 0 0 0 0 0 0 0 0 0 0 0 0 0 0 0 0 0 0 0 0 0 0 0 0 0 0 0 0 0 0 0 0 0 0 0 0 0 0 0 0 0 0 0 0 0 0 0 0 0 0 0 0 0 0 0 0 0 0 0 0 0 0 0 0 0 0 0 0 0 0 0 0 0 0 0 0 0 0 0 0 0 0 0 0 0 0 0 0 0 0 0 0 0 0 0 0 0 0 0 0 0 0 0 0 0 0 0 0 0 0 0 0 0 0 0 0 0 0 0 0 0 0 0 0 0 0 0 0 0 0 0 0 0 0 0 0 0 0 0 0 0 0 0 0 0 0 0 0 0 0 0 0 0 0 0 0 0 0 0 0 0 0 0 0 0 0 0 0 0 0 0 0 0 0 0 0 0 0 0 0 0 0 0 0 0 0 0 0 0 0 0 0 0 0 0 0 0 0 0 0 0 0 0 0 0 0 0 0 0 0 0 0 0 0 0 0 0 0 0 0 0 0 0 0 0 0 0 0 0 0 0 0 0 0 0 0 0 0 0 0 0 0 0 0 0 0 0 0 0 0 0 0 0 0 0 0 0 0 0 0 0 0 0 0 0 0 0 0 0 0 0 0 0 0 0 0 0 0 0 0 0 0 0 0 0 0 0 0 0 0 0 0 0 0 0 0 0 0 0 0 0 0 0 0 0 0 0 0 0 0 0 0 0 0 0 0 0 0 0 0 0 0 0 0 0 0 0 0 0 0 0 0 0 0 0 0 0 0 0 0 0 0 0 0 0 0 0 0 0 0 0 0 0 0 0 0 0 0 0 0 0 0 0 0 0 0 0 0 0 0 0 0 0 0 0 0 0 0 0 0 0 0 0 0 0 0 0 0 0 0 0 0 0 0 0 0 0 0 0 0 0 0 0 0 0 0 0 0 0 0 0 0 0 0 0 0 0 0 0 0 0 0 0 0 0 0 0 0 0 0 0 0 0 0 0 0 0 0 0 0 0 0 0 0 0 0 0 0 0 0 0 0 0 0 0 0 0 0 0 0 0 0 0 0 0 0 0 0 0 0 0 0 0 0 0 0 0 0 0 0 0 0 0 0 0 0 0 0 0 0 0 0 0 0 0 0 0 0 0 0 0 0 0 0 0 0 0 0 0 0 0 0 0 0 0 0 0 0 0 0 0 0 0 0 0 0 0 0 0 0 0 0 0 0 0 0 0 0 0 0 0 0 0 0 0 0 0 0 0 0 0 0 0 0 0 0 0 0 0 0 0 0 0 0 0 0 0 0 0 0 0 0 0 0 0 0 0 0 0 0 0 0 0 0 0 0 0 0 0 0 0 0 0 0 0 0 0 0 0 0 0 0 0 0 0 0 0 0 0 0 0 0 0 0 0 0 0 0 0 0 0 0 0 0 0 0 0 0 0 0 0 0 0 0 0
ctxt 5422240064
btime 1790630938
processes 1164865
procs_running 1
procs_blocked 0
softirq 4838401062 73526 14052849 2753177 401644233 583610 0 13560530 56268266 421 54497154
--
cpu  3936332 1765 1726193 53873103 558769 0 819174 0 0 0
cpu0 148283 31 49802 1686569 6818 0 27207 0 0 0
cpu1 148488 36 50631 1691585 8248 0 26286 0 0 0
cpu2 153798 36 51033 1686935 8285 0 26356 0 0 0
cpu3 245410 36 74056 1556609 5677 0 43287 0 0 0
cpu4 246266 42 72614 1557543 7078 0 43684 0 0 0
cpu5 158654 41 52633 1679197 9439 0 27229 0 0 0
cpu6 160312 36 53042 1676462 9940 0 28343 0 0 0
cpu7 164585 35 56132 1667010 9746 0 30979 0 0 0
cpu8 41923 66 44937 1762408 21739 0 13669 0 0 0
cpu9 48291 74 48236 1736121 25656 0 14923 0 0 0
cpu10 45674 72 46542 1744864 23761 0 14712 0 0 0
cpu11 41617 69 42318 1766628 21992 0 13068 0 0 0
cpu12 87340 148 52606 1688106 27907 0 16221 0 0 0
cpu13 83444 79 53619 1686941 29365 0 16586 0 0 0
cpu14 41536 66 41860 1770085 20710 0 12824 0 0 0
cpu15 38449 71 38418 1784208 21189 0 11633 0 0 0
cpu16 200440 31 61678 1622251 9264 0 34653 0 0 0
cpu17 189720 29 59949 1633359 11596 0 33223 0 0 0
cpu18 175917 30 58100 1650169 11697 0 32358 0 0 0
cpu19 331726 28 90509 1445728 5322 0 53842 0 0 0
cpu20 292744 27 83743 1492228 8443 0 50744 0 0 0
cpu21 171107 33 57260 1653946 13811 0 31628 0 0 0
cpu22 156551 36 54525 1672643 13933 0 29440 0 0 0
cpu23 136086 34 48845 1705034 13584 0 24853 0 0 0
cpu24 44944 71 43361 1762990 25288 0 13770 0 0 0
cpu25 50346 68 48343 1737273 28051 0 16288 0 0 0
cpu26 48053 62 47138 1744263 27106 0 15827 0 0 0
cpu27 40616 55 42055 1755671 25491 0 21633 0 0 0
cpu28 78504 87 56302 1675856 30598 0 28959 0 0 0
cpu29 82416 123 58342 1664161 31254 0 29515 0 0 0
cpu30 39935 48 43685 1750436 22725 0 21645 0 0 0
cpu31 43142 50 43865 1765808 23043 0 13772 0 0 0
intr 3412366147 126 0 0 0 0 0 0 0 0 1 0 0 0 0 0 0 0 0 0 0 0 0 0 0 0 0 0 1 1 1 0 0 0 0 1 0 1 0 0 75045 0 0 0 0 0 0 0 0 411 0 0 0 0 0 0 0 0 87 0 0 0 0 0 0 0 0 0 0 0 0 0 0 0 559626 2 35065618 35002643 34918296 35062746 0 15897 14162 17271 16969 10677 13167 17261 18471 15060 50746 67635 54944 46706 69762 67818 41209 38159 17513 19381 23293 9409 15502 22220 22779 19751 49632 62465 58132 46639 70984 74302 42486 43244 0 0 0 0 617305 4646 1036 0 264 0 0 0 0 0 0 0 0 0 0 0 0 0 0 0 0 0 0 0 0 0 0 0 0 0 0 0 0 0 0 0 0 0 0 0 0 0 0 0 0 0 0 0 0 0 0 0 0 0 0 0 0 0 0 0 0 0 0 0 0 0 0 0 0 0 0 0 0 0 0 0 0 0 0 0 0 0 0 0 0 0 0 0 0 0 0 0 0 0 0 0 0 0 0 0 0 0 0 0 0 0 0 0 0 0 0 0 0 0 0 0 0 0 0 0 0 0 0 0 0 0 0 0 0 0 0 0 0 0 0 0 0 0 0 0 0 0 0 0 0 0 0 0 0 0 0 0 0 0 0 0 0 0 0 0 0 0 0 0 0 0 0 0 0 0 0 0 0 0 0 0 0 0 0 0 0 0 0 0 0 0 0 0 0 0 0 0 0 0 0 0 0 0 0 0 0 0 0 0 0 0 0 0 0 0 0 0 0 0 0 0 0 0 0 0 0 0 0 0 0 0 0 0 0 0 0 0 0 0 0 0 0 0 0 0 0 0 0 0 0 0 0 0 0 0 0 0 0 0 0 0 0 0 0 0 0 0 0 0 0 0 0 0 0 0 0 0 0 0 0 0 0 0 0 0 0 0 0 0 0 0 0 0 0 0 0 0 0 0 0 0 0 0 0 0 0 0 0 0 0 0 0 0 0 0 0 0 0 0 0 0 0 0 0 0 0 0 0 0 0 0 0 0 0 0 0 0 0 0 0 0 0 0 0 0 0 0 0 0 0 0 0 0 0 0 0 0 0 0 0 0 0 0 0 0 0 0 0 0 0 0 0 0 0 0 0 0 0 0 0 0 0 0 0 0 0 0 0 0 0 0 0 0 0 0 0 0 0 0 0 0 0 0 0 0 0 0 0 0 0 0 0 0 0 0 0 0 0 0 0 0 0 0 0 0 0 0 0 0 0 0 0 0 0 0 0 0 0 0 0 0 0 0 0 0 0 0 0 0 0 0 0 0 0 0 0 0 0 0 0 0 0 0 0 0 0 0 0 0 0 0 0 0 0 0 0 0 0 0 0 0 0 0 0 0 0 0 0 0 0 0 0 0 0 0 0 0 0 0 0 0 0 0 0 0 0 0 0 0 0 0 0 0 0 0 0 0 0 0 0 0 0 0 0 0 0 0 0 0 0 0 0 0 0 0 0 0 0 0 0 0 0 0 0 0 0 0 0 0 0 0 0 0 0 0 0 0 0 0 0 0 0 0 0 0 0 0 0 0 0 0 0 0 0 0 0 0 0 0 0 0 0 0 0 0 0 0 0 0 0 0 0 0 0 0 0 0 0 0 0 0 0 0 0 0 0 0 0 0 0 0 0 0 0 0 0 0 0 0 0 0 0 0 0 0 0 0 0 0 0 0 0 0 0 0 0 0 0 0 0 0 0 0 0 0 0 0 0 0 0 0 0 0 0 0 0 0 0 0 0 0 0 0 0 0 0 0 0 0 0 0 0 0 0 0 0 0 0 0 0 0 0 0 0 0 0 0 0 0 0 0 0 0 0 0 0 0 0 0 0 0 0 0 0 0 0 0 0 0 0 0 0 0 0 0 0 0 0 0 0 0 0 0 0 0 0 0 0 0 0 0 0 0 0 0 0 0 0 0 0 0 0 0 0 0 0 0 0 0 0 0 0 0 0 0 0 0 0 0 0 0 0 0 0 0 0 0 0 0 0 0 0 0 0 0 0 0 0 0 0 0 0 0 0 0 0 0 0 0 0 0 0 0 0 0 0 0 0 0 0 0 0 0 0 0 0 0 0 0 0 0 0 0 0 0 0 0 0 0 0 0 0 0 0 0 0 0 0 0 0 0 0 0 0 0 0 0 0 0 0 0 0 0 0 0 0 0 0 0 0 0 0 0 0 0 0 0 0 0 0 0 0 0 0 0 0 0 0 0 0 0 0 0 0 0 0 0 0 0 0 0 0 0 0 0 0 0 0 0 0 0 0 0 0 0 0 0 0 0 0 0 0 0 0 0 0 0 0 0 0 0 0 0 0 0 0 0 0 0 0 0 0 0 0 0 0 0 0 0 0 0 0 0 0 0 0 0 0 0 0 0 0 0 0 0 0 0 0 0 0 0 0 0 0 0 0 0 0 0 0 0 0 0 0 0 0 0 0 0 0 0 0 0 0 0 0 0 0 0 0 0 0 0 0 0 0 0 0 0 0 0 0 0 0 0 0 0 0 0 0 0 0 0 0 0 0 0 0 0 0 0 0 0 0 0 0 0 0 0 0 0 0 0 0 0 0 0 0 0 0 0 0 0 0 0 0 0 0 0 0 0 0 0 0 0 0 0 0 0 0 0 0 0 0 0 0 0 0 0 0 0 0 0 0 0 0 0 0 0 0 0 0 0 0 0 0 0 0 0 0 0 0 0 0 0 0 0 0 0 0 0 0 0 0 0 0 0 0 0 0 0 0 0 0 0 0 0 0 0 0 0 0
ctxt 5422389438
btime 1790630938
processes 1164935
procs_running 1
procs_blocked 0
softirq 4838432398 73526 14059430 2753177 401653763 583754 0 13560530 56276290 421 54504211
