Running 10s test @ http://127.0.0.1:18500/usleep?ms=10
  16 threads and 128 connections
  Thread Stats   Avg      Stdev     Max   +/- Stdev
    Latency   162.47ms    6.14ms 232.30ms   98.50%
    Req/Sec    52.31     22.04    80.00     54.97%
  Latency Distribution
     50%  162.66ms
     75%  162.76ms
     90%  162.85ms
     99%  163.13ms
  7819 requests in 10.01s, 1.54MB read
Requests/sec:    780.96
Transfer/sec:    157.87KB
## server-stat
cpu  3990573 1784 1739533 54423069 625489 0 821944 0 0 0
cpu0 151756 31 50611 1702866 7443 0 27460 0 0 0
cpu1 151516 36 51312 1708325 9113 0 26481 0 0 0
cpu2 156409 37 51562 1703830 9617 0 26518 0 0 0
cpu3 249045 37 74884 1572787 6351 0 43449 0 0 0
cpu4 249813 43 73376 1573865 7805 0 43837 0 0 0
cpu5 161063 41 53097 1696409 10817 0 27343 0 0 0
cpu6 162361 37 53428 1693933 11461 0 28458 0 0 0
cpu7 166361 36 56497 1684735 11298 0 31095 0 0 0
cpu8 41987 67 45079 1781090 24307 0 13677 0 0 0
cpu9 48399 75 48391 1754533 28392 0 14937 0 0 0
cpu10 45748 73 46692 1763370 26491 0 14721 0 0 0
cpu11 41669 70 42458 1785244 24721 0 13073 0 0 0
cpu12 87712 148 52821 1705987 30690 0 16249 0 0 0
cpu13 83829 80 53854 1704595 32275 0 16617 0 0 0
cpu14 41600 67 42016 1788866 23120 0 12834 0 0 0
cpu15 38504 72 38556 1803033 23680 0 11640 0 0 0
cpu16 204043 31 62397 1638415 10214 0 34790 0 0 0
cpu17 193007 30 60541 1649390 13106 0 33360 0 0 0
cpu18 179092 30 58634 1665947 13615 0 32492 0 0 0
cpu19 336547 28 91573 1460517 6001 0 54032 0 0 0
cpu20 297372 27 84729 1507264 9184 0 50916 0 0 0
cpu21 174687 33 57880 1669292 15672 0 31785 0 0 0
cpu22 159759 36 55094 1688305 15892 0 29602 0 0 0
cpu23 138999 35 49390 1721012 15544 0 25007 0 0 0
cpu24 45039 71 43520 1781248 28320 0 13777 0 0 0
cpu25 50447 68 48512 1755313 31213 0 16298 0 0 0
cpu26 48146 63 47306 1762467 30154 0 15836 0 0 0
cpu27 40696 55 42214 1773960 28523 0 21638 0 0 0
cpu28 78915 88 56568 1692894 34041 0 28997 0 0 0
cpu29 82792 125 58639 1681014 34787 0 29564 0 0 0
cpu30 40026 49 43862 1768486 25683 0 21661 0 0 0
cpu31 43221 51 44025 1784061 25945 0 13783 0 0 0
intr 3431129532 126 0 0 0 0 0 0 0 0 1 0 0 0 0 0 0 0 0 0 0 0 0 0 0 0 0 0 1 1 1 0 0 0 0 1 0 1 0 0 75045 0 0 0 0 0 0 0 0 411 0 0 0 0 0 0 0 0 87 0 0 0 0 0 0 0 0 0 0 0 0 0 0 0 576626 2 35066361 35003310 34918499 35063580 0 16069 15345 18917 18871 11785 14973 19479 20441 17133 54484 74247 60521 50621 79147 75796 44716 41698 19227 22206 26572 10981 17169 25179 25445 21911 55103 69845 63361 51145 80555 87221 46255 47260 0 0 0 0 617321 4654 1036 0 264 0 0 0 0 0 0 0 0 0 0 0 0 0 0 0 0 0 0 0 0 0 0 0 0 0 0 0 0 0 0 0 0 0 0 0 0 0 0 0 0 0 0 0 0 0 0 0 0 0 0 0 0 0 0 0 0 0 0 0 0 0 0 0 0 0 0 0 0 0 0 0 0 0 0 0 0 0 0 0 0 0 0 0 0 0 0 0 0 0 0 0 0 0 0 0 0 0 0 0 0 0 0 0 0 0 0 0 0 0 0 0 0 0 0 0 0 0 0 0 0 0 0 0 0 0 0 0 0 0 0 0 0 0 0 0 0 0 0 0 0 0 0 0 0 0 0 0 0 0 0 0 0 0 0 0 0 0 0 0 0 0 0 0 0 0 0 0 0 0 0 0 0 0 0 0 0 0 0 0 0 0 0 0 0 0 0 0 0 0 0 0 0 0 0 0 0 0 0 0 0 0 0 0 0 0 0 0 0 0 0 0 0 0 0 0 0 0 0 0 0 0 0 0 0 0 0 0 0 0 0 0 0 0 0 0 0 0 0 0 0 0 0 0 0 0 0 0 0 0 0 0 0 0 0 0 0 0 0 0 0 0 0 0 0 0 0 0 0 0 0 0 0 0 0 0 0 0 0 0 0 0 0 0 0 0 0 0 0 0 0 0 0 0 0 0 0 0 0 0 0 0 0 0 0 0 0 0 0 0 0 0 0 0 0 0 0 0 0 0 0 0 0 0 0 0 0 0 0 0 0 0 0 0 0 0 0 0 0 0 0 0 0 0 0 0 0 0 0 0 0 0 0 0 0 0 0 0 0 0 0 0 0 0 0 0 0 0 0 0 0 0 0 0 0 0 0 0 0 0 0 0 0 0 0 0 0 0 0 0 0 0 0 0 0 0 0 0 0 0 0 0 0 0 0 0 0 0 0 0 0 0 0 0 0 0 0 0 0 0 0 0 0 0 0 0 0 0 0 0 0 0 0 0 0 0 0 0 0 0 0 0 0 0 0 0 0 0 0 0 0 0 0 0 0 0 0 0 0 0 0 0 0 0 0 0 0 0 0 0 0 0 0 0 0 0 0 0 0 0 0 0 0 0 0 0 0 0 0 0 0 0 0 0 0 0 0 0 0 0 0 0 0 0 0 0 0 0 0 0 0 0 0 0 0 0 0 0 0 0 0 0 0 0 0 0 0 0 0 0 0 0 0 0 0 0 0 0 0 0 0 0 0 0 0 0 0 0 0 0 0 0 0 0 0 0 0 0 0 0 0 0 0 0 0 0 0 0 0 0 0 0 0 0 0 0 0 0 0 0 0 0 0 0 0 0 0 0 0 0 0 0 0 0 0 0 0 0 0 0 0 0 0 0 0 0 0 0 0 0 0 0 0 0 0 0 0 0 0 0 0 0 0 0 0 0 0 0 0 0 0 0 0 0 0 0 0 0 0 0 0 0 0 0 0 0 0 0 0 0 0 0 0 0 0 0 0 0 0 0 0 0 0 0 0 0 0 0 0 0 0 0 0 0 0 0 0 0 0 0 0 0 0 0 0 0 0 0 0 0 0 0 0 0 0 0 0 0 0 0 0 0 0 0 0 0 0 0 0 0 0 0 0 0 0 0 0 0 0 0 0 0 0 0 0 0 0 0 0 0 0 0 0 0 0 0 0 0 0 0 0 0 0 0 0 0 0 0 0 0 0 0 0 0 0 0 0 0 0 0 0 0 0 0 0 0 0 0 0 0 0 0 0 0 0 0 0 0 0 0 0 0 0 0 0 0 0 0 0 0 0 0 0 0 0 0 0 0 0 0 0 0 0 0 0 0 0 0 0 0 0 0 0 0 0 0 0 0 0 0 0 0 0 0 0 0 0 0 0 0 0 0 0 0 0 0 0 0 0 0 0 0 0 0 0 0 0 0 0 0 0 0 0 0 0 0 0 0 0 0 0 0 0 0 0 0 0 0 0 0 0 0 0 0 0 0 0 0 0 0 0 0 0 0 0 0 0 0 0 0 0 0 0 0 0 0 0 0 0 0 0 0 0 0 0 0 0 0 0 0 0 0 0 0 0 0 0 0 0 0 0 0 0 0 0 0 0 0 0 0 0 0 0 0 0 0 0 0 0 0 0 0 0 0 0 0 0 0 0 0 0 0 0 0 0 0 0 0 0 0 0 0 0 0 0 0 0 0 0 0 0 0 0 0 0 0 0 0 0 0 0 0 0 0 0 0 0 0 0 0 0 0 0 0 0 0 0 0 0 0 0 0 0 0 0 0 0 0 0 0 0 0 0 0 0 0 0 0 0 0 0 0 0 0 0 0 0 0 0 0 0 0 0 0 0 0 0 0 0 0 0 0 0 0 0 0 0 0 0 0 0 0 0 0 0 0 0 0 0 0 0 0 0 0 0 0 0 0 0 0 0 0 0 0 0 0 0 0 0 0 0 0 0 0 0 0 0 0 0 0 0 0 0 0 0 0 0 0 0 0 0 0 0
ctxt 5454419543
btime 1790630938
processes 1209107
procs_running 1
procs_blocked 1
softirq 4853417492 73526 14303876 2753177 414065557 601053 0 13560548 56901043 421 56190995
--
cpu  3990710 1784 1739550 54448424 625517 0 821948 0 0 0
cpu0 151764 31 50612 1703654 7443 0 27462 0 0 0
cpu1 151524 36 51313 1709115 9113 0 26482 0 0 0
cpu2 156414 37 51562 1704623 9617 0 26518 0 0 0
cpu3 249060 37 74885 1573567 6351 0 43449 0 0 0
cpu4 249824 43 73376 1574651 7805 0 43837 0 0 0
cpu5 161068 41 53098 1697176 10844 0 27343 0 0 0
cpu6 162364 37 53429 1694727 11461 0 28458 0 0 0
cpu7 166362 36 56498 1685533 11298 0 31095 0 0 0
cpu8 41987 67 45080 1781888 24307 0 13677 0 0 0
cpu9 48400 75 48391 1755329 28392 0 14937 0 0 0
cpu10 45748 73 46692 1764168 26491 0 14721 0 0 0
cpu11 41669 70 42458 1786042 24721 0 13073 0 0 0
cpu12 87725 148 52822 1706768 30691 0 16249 0 0 0
cpu13 83832 80 53855 1705388 32275 0 16617 0 0 0
cpu14 41601 67 42017 1789664 23120 0 12834 0 0 0
cpu15 38504 72 38556 1803832 23680 0 11640 0 0 0
cpu16 204046 31 62397 1639211 10214 0 34790 0 0 0
cpu17 193008 30 60542 1650185 13106 0 33361 0 0 0
cpu18 179093 30 58634 1666743 13615 0 32492 0 0 0
cpu19 336560 28 91573 1461303 6001 0 54032 0 0 0
cpu20 297378 27 84730 1508054 9184 0 50916 0 0 0
cpu21 174688 33 57881 1670087 15672 0 31785 0 0 0
cpu22 159760 37 55095 1689100 15892 0 29602 0 0 0
cpu23 138999 35 49391 1721810 15544 0 25007 0 0 0
cpu24 45039 71 43521 1782047 28320 0 13777 0 0 0
cpu25 50447 68 48512 1756111 31213 0 16298 0 0 0
cpu26 48146 63 47306 1763266 30154 0 15836 0 0 0
cpu27 40696 55 42214 1774759 28523 0 21638 0 0 0
cpu28 78937 88 56569 1693669 34041 0 28997 0 0 0
cpu29 82805 125 58639 1681798 34787 0 29564 0 0 0
cpu30 40026 49 43863 1769284 25683 0 21661 0 0 0
cpu31 43222 51 44025 1784859 25945 0 13783 0 0 0
intr 3431309790 126 0 0 0 0 0 0 0 0 1 0 0 0 0 0 0 0 0 0 0 0 0 0 0 0 0 0 1 1 1 0 0 0 0 1 0 1 0 0 75045 0 0 0 0 0 0 0 0 411 0 0 0 0 0 0 0 0 87 0 0 0 0 0 0 0 0 0 0 0 0 0 0 0 576638 2 35066370 35003320 34918507 35063592 0 16073 15346 18917 18871 11785 14973 19479 20441 17133 54487 74247 60521 50621 79147 75796 44716 41698 19227 22206 26572 10981 17170 25179 25477 21911 55106 69845 63361 51145 80555 87221 46255 47260 0 0 0 0 617321 4664 1036 0 264 0 0 0 0 0 0 0 0 0 0 0 0 0 0 0 0 0 0 0 0 0 0 0 0 0 0 0 0 0 0 0 0 0 0 0 0 0 0 0 0 0 0 0 0 0 0 0 0 0 0 0 0 0 0 0 0 0 0 0 0 0 0 0 0 0 0 0 0 0 0 0 0 0 0 0 0 0 0 0 0 0 0 0 0 0 0 0 0 0 0 0 0 0 0 0 0 0 0 0 0 0 0 0 0 0 0 0 0 0 0 0 0 0 0 0 0 0 0 0 0 0 0 0 0 0 0 0 0 0 0 0 0 0 0 0 0 0 0 0 0 0 0 0 0 0 0 0 0 0 0 0 0 0 0 0 0 0 0 0 0 0 0 0 0 0 0 0 0 0 0 0 0 0 0 0 0 0 0 0 0 0 0 0 0 0 0 0 0 0 0 0 0 0 0 0 0 0 0 0 0 0 0 0 0 0 0 0 0 0 0 0 0 0 0 0 0 0 0 0 0 0 0 0 0 0 0 0 0 0 0 0 0 0 0 0 0 0 0 0 0 0 0 0 0 0 0 0 0 0 0 0 0 0 0 0 0 0 0 0 0 0 0 0 0 0 0 0 0 0 0 0 0 0 0 0 0 0 0 0 0 0 0 0 0 0 0 0 0 0 0 0 0 0 0 0 0 0 0 0 0 0 0 0 0 0 0 0 0 0 0 0 0 0 0 0 0 0 0 0 0 0 0 0 0 0 0 0 0 0 0 0 0 0 0 0 0 0 0 0 0 0 0 0 0 0 0 0 0 0 0 0 0 0 0 0 0 0 0 0 0 0 0 0 0 0 0 0 0 0 0 0 0 0 0 0 0 0 0 0 0 0 0 0 0 0 0 0 0 0 0 0 0 0 0 0 0 0 0 0 0 0 0 0 0 0 0 0 0 0 0 0 0 0 0 0 0 0 0 0 0 0 0 0 0 0 0 0 0 0 0 0 0 0 0 0 0 0 0 0 0 0 0 0 0 0 0 0 0 0 0 0 0 0 0 0 0 0 0 0 0 0 0 0 0 0 0 0 0 0 0 0 0 0 0 0 0 0 0 0 0 0 0 0 0 0 0 0 0 0 0 0 0 0 0 0 0 0 0 0 0 0 0 0 0 0 0 0 0 0 0 0 0 0 0 0 0 0 0 0 0 0 0 0 0 0 0 0 0 0 0 0 0 0 0 0 0 0 0 0 0 0 0 0 0 0 0 0 0 0 0 0 0 0 0 0 0 0 0 0 0 0 0 0 0 0 0 0 0 0 0 0 0 0 0 0 0 0 0 0 0 0 0 0 0 0 0 0 0 0 0 0 0 0 0 0 0 0 0 0 0 0 0 0 0 0 0 0 0 0 0 0 0 0 0 0 0 0 0 0 0 0 0 0 0 0 0 0 0 0 0 0 0 0 0 0 0 0 0 0 0 0 0 0 0 0 0 0 0 0 0 0 0 0 0 0 0 0 0 0 0 0 0 0 0 0 0 0 0 0 0 0 0 0 0 0 0 0 0 0 0 0 0 0 0 0 0 0 0 0 0 0 0 0 0 0 0 0 0 0 0 0 0 0 0 0 0 0 0 0 0 0 0 0 0 0 0 0 0 0 0 0 0 0 0 0 0 0 0 0 0 0 0 0 0 0 0 0 0 0 0 0 0 0 0 0 0 0 0 0 0 0 0 0 0 0 0 0 0 0 0 0 0 0 0 0 0 0 0 0 0 0 0 0 0 0 0 0 0 0 0 0 0 0 0 0 0 0 0 0 0 0 0 0 0 0 0 0 0 0 0 0 0 0 0 0 0 0 0 0 0 0 0 0 0 0 0 0 0 0 0 0 0 0 0 0 0 0 0 0 0 0 0 0 0 0 0 0 0 0 0 0 0 0 0 0 0 0 0 0 0 0 0 0 0 0 0 0 0 0 0 0 0 0 0 0 0 0 0 0 0 0 0 0 0 0 0 0 0 0 0 0 0 0 0 0 0 0 0 0 0 0 0 0 0 0 0 0 0 0 0 0 0 0 0 0 0 0 0 0 0 0 0 0 0 0 0 0 0 0 0 0 0 0 0 0 0 0 0 0 0 0 0 0 0 0 0 0 0 0 0 0 0 0 0 0 0 0 0 0 0 0 0 0 0 0 0 0 0 0 0 0 0 0 0 0 0 0 0 0 0 0 0 0 0 0 0 0 0 0 0 0 0 0 0 0 0 0 0 0 0 0 0 0 0 0 0 0 0 0 0 0 0 0 0 0 0 0 0 0 0 0 0 0 0 0 0 0 0 0 0 0 0 0 0 0 0 0 0 0 0 0 0 0 0 0 0 0 0 0 0 0 0 0 0 0 0 0 0 0 0 0 0 0 0 0 0 0 0 0 0 0 0 0 0 0 0 0 0 0 0 0 0 0 0 0 0 0 0 0 0 0 0 0 0 0 0 0 0 0 0 0 0 0 0 0 0 0 0 0 0 0 0
ctxt 5454724130
btime 1790630938
processes 1209147
procs_running 1
procs_blocked 0
softirq 4853461099 73526 14312779 2753177 414083300 601069 0 13560570 56910005 421 56198956
