Running 10s test @ http://127.0.0.1:18500/api/usleep?ms=10
  16 threads and 32 connections
  Thread Stats   Avg      Stdev     Max   +/- Stdev
    Latency   168.01ms   42.43ms 245.66ms   85.55%
    Req/Sec    12.39      4.44    20.00     73.09%
  Latency Distribution
     50%  161.89ms
     75%  210.16ms
     90%  210.50ms
     99%  211.44ms
  1889 requests in 10.01s, 440.89KB read
Requests/sec:    188.66
Transfer/sec:     44.03KB
## server-stat
cpu  4291741 1885 1804835 57716024 703223 0 847008 0 0 0
cpu0 164345 33 53083 1803403 8373 0 28441 0 0 0
cpu1 166886 38 53995 1806250 10323 0 27556 0 0 0
cpu2 173960 38 54356 1799275 10988 0 27788 0 0 0
cpu3 270781 39 78637 1663400 7015 0 44964 0 0 0
cpu4 266377 45 76131 1671116 8732 0 44812 0 0 0
cpu5 175735 44 55952 1794629 12274 0 28582 0 0 0
cpu6 177006 39 55977 1792394 13164 0 29511 0 0 0
cpu7 183574 38 59466 1779938 12973 0 32602 0 0 0
cpu8 42360 71 45974 1893432 27258 0 13973 0 0 0
cpu9 48931 79 49373 1865741 31788 0 15261 0 0 0
cpu10 46161 77 47627 1875104 29650 0 15022 0 0 0
cpu11 42011 73 43284 1897644 27853 0 13328 0 0 0
cpu12 89871 154 54044 1814934 34188 0 16644 0 0 0
cpu13 86034 85 55129 1813222 35848 0 17024 0 0 0
cpu14 41976 71 42864 1901448 25965 0 13098 0 0 0
cpu15 38785 76 39305 1916155 26485 0 11873 0 0 0
cpu16 226606 32 65921 1727946 11687 0 36394 0 0 0
cpu17 211909 32 63731 1742573 14936 0 34759 0 0 0
cpu18 195210 32 61605 1762186 15645 0 33624 0 0 0
cpu19 360503 29 95378 1549397 6673 0 55275 0 0 0
cpu20 322863 28 88826 1593475 10345 0 52571 0 0 0
cpu21 194098 35 60966 1762282 17774 0 32905 0 0 0
cpu22 177256 38 58214 1782968 18040 0 30869 0 0 0
cpu23 152376 37 51966 1820762 17554 0 25820 0 0 0
cpu24 45480 76 44395 1893284 31778 0 14048 0 0 0
cpu25 51008 72 49520 1866398 34889 0 16648 0 0 0
cpu26 48650 69 48293 1873740 33844 0 16163 0 0 0
cpu27 41081 59 43105 1886069 31952 0 21910 0 0 0
cpu28 80990 94 57902 1801431 37930 0 29449 0 0 0
cpu29 84875 130 60058 1788760 39254 0 30037 0 0 0
cpu30 40427 53 44805 1880429 28814 0 21964 0 0 0
cpu31 43601 56 44940 1896223 29216 0 14080 0 0 0
intr 3543002152 126 0 0 0 0 0 0 0 0 1 0 0 0 0 0 0 0 0 0 0 0 0 0 0 0 0 0 1 1 1 0 0 0 0 1 0 1 0 0 75045 0 0 0 0 0 0 0 0 411 0 0 0 0 0 0 0 0 87 0 0 0 0 0 0 0 0 0 0 0 0 0 0 0 618311 2 35072200 35006324 34922477 35069232 0 17026 16887 21029 21411 12967 16610 22026 22876 20149 59633 83834 66913 56230 94044 85889 49499 46191 21902 25458 30040 12107 19432 28618 29004 24629 62831 78178 70409 57146 90462 98456 51247 52068 0 0 0 0 617401 4766 1036 0 264 0 0 0 0 0 0 0 0 0 0 0 0 0 0 0 0 0 0 0 0 0 0 0 0 0 0 0 0 0 0 0 0 0 0 0 0 0 0 0 0 0 0 0 0 0 0 0 0 0 0 0 0 0 0 0 0 0 0 0 0 0 0 0 0 0 0 0 0 0 0 0 0 0 0 0 0 0 0 0 0 0 0 0 0 0 0 0 0 0 0 0 0 0 0 0 0 0 0 0 0 0 0 0 0 0 0 0 0 0 0 0 0 0 0 0 0 0 0 0 0 0 0 0 0 0 0 0 0 0 0 0 0 0 0 0 0 0 0 0 0 0 0 0 0 0 0 0 0 0 0 0 0 0 0 0 0 0 0 0 0 0 0 0 0 0 0 0 0 0 0 0 0 0 0 0 0 0 0 0 0 0 0 0 0 0 0 0 0 0 0 0 0 0 0 0 0 0 0 0 0 0 0 0 0 0 0 0 0 0 0 0 0 0 0 0 0 0 0 0 0 0 0 0 0 0 0 0 0 0 0 0 0 0 0 0 0 0 0 0 0 0 0 0 0 0 0 0 0 0 0 0 0 0 0 0 0 0 0 0 0 0 0 0 0 0 0 0 0 0 0 0 0 0 0 0 0 0 0 0 0 0 0 0 0 0 0 0 0 0 0 0 0 0 0 0 0 0 0 0 0 0 0 0 0 0 0 0 0 0 0 0 0 0 0 0 0 0 0 0 0 0 0 0 0 0 0 0 0 0 0 0 0 0 0 0 0 0 0 0 0 0 0 0 0 0 0 0 0 0 0 0 0 0 0 0 0 0 0 0 0 0 0 0 0 0 0 0 0 0 0 0 0 0 0 0 0 0 0 0 0 0 0 0 0 0 0 0 0 0 0 0 0 0 0 0 0 0 0 0 0 0 0 0 0 0 0 0 0 0 0 0 0 0 0 0 0 0 0 0 0 0 0 0 0 0 0 0 0 0 0 0 0 0 0 0 0 0 0 0 0 0 0 0 0 0 0 0 0 0 0 0 0 0 0 0 0 0 0 0 0 0 0 0 0 0 0 0 0 0 0 0 0 0 0 0 0 0 0 0 0 0 0 0 0 0 0 0 0 0 0 0 0 0 0 0 0 0 0 0 0 0 0 0 0 0 0 0 0 0 0 0 0 0 0 0 0 0 0 0 0 0 0 0 0 0 0 0 0 0 0 0 0 0 0 0 0 0 0 0 0 0 0 0 0 0 0 0 0 0 0 0 0 0 0 0 0 0 0 0 0 0 0 0 0 0 0 0 0 0 0 0 0 0 0 0 0 0 0 0 0 0 0 0 0 0 0 0 0 0 0 0 0 0 0 0 0 0 0 0 0 0 0 0 0 0 0 0 0 0 0 0 0 0 0 0 0 0 0 0 0 0 0 0 0 0 0 0 0 0 0 0 0 0 0 0 0 0 0 0 0 0 0 0 0 0 0 0 0 0 0 0 0 0 0 0 0 0 0 0 0 0 0 0 0 0 0 0 0 0 0 0 0 0 0 0 0 0 0 0 0 0 0 0 0 0 0 0 0 0 0 0 0 0 0 0 0 0 0 0 0 0 0 0 0 0 0 0 0 0 0 0 0 0 0 0 0 0 0 0 0 0 0 0 0 0 0 0 0 0 0 0 0 0 0 0 0 0 0 0 0 0 0 0 0 0 0 0 0 0 0 0 0 0 0 0 0 0 0 0 0 0 0 0 0 0 0 0 0 0 0 0 0 0 0 0 0 0 0 0 0 0 0 0 0 0 0 0 0 0 0 0 0 0 0 0 0 0 0 0 0 0 0 0 0 0 0 0 0 0 0 0 0 0 0 0 0 0 0 0 0 0 0 0 0 0 0 0 0 0 0 0 0 0 0 0 0 0 0 0 0 0 0 0 0 0 0 0 0 0 0 0 0 0 0 0 0 0 0 0 0 0 0 0 0 0 0 0 0 0 0 0 0 0 0 0 0 0 0 0 0 0 0 0 0 0 0 0 0 0 0 0 0 0 0 0 0 0 0 0 0 0 0 0 0 0 0 0 0 0 0 0 0 0 0 0 0 0 0 0 0 0 0 0 0 0 0 0 0 0 0 0 0 0 0 0 0 0 0 0 0 0 0 0 0 0 0 0 0 0 0 0 0 0 0 0 0 0 0 0 0 0 0 0 0 0 0 0 0 0 0 0 0 0 0 0 0 0 0 0 0 0 0 0 0 0 0 0 0 0 0 0 0 0 0 0 0 0 0 0 0 0 0 0 0 0 0 0 0 0 0 0 0 0 0 0 0 0 0 0 0 0 0 0 0 0 0 0 0 0 0 0 0 0 0 0 0 0 0 0 0 0 0 0 0 0 0 0 0 0 0 0 0 0 0 0 0 0 0 0 0 0 0 0 0 0 0 0 0 0 0 0 0 0 0 0 0 0 0 0 0 0 0 0 0 0 0 0 0 0 0 0 0 0 0 0 0 0 0 0 0 0 0
ctxt 5651783814
btime 1790630938
processes 1382139
procs_running 2
procs_blocked 0
softirq 5010297604 73526 15264566 2753290 561025771 644248 0 13560896 59534680 421 62472910
--
cpu  4291887 1886 1804849 57741408 703243 0 847010 0 0 0
cpu0 164349 33 53084 1804197 8373 0 28443 0 0 0
cpu1 166887 38 53996 1807048 10323 0 27556 0 0 0
cpu2 173961 38 54356 1800073 10988 0 27788 0 0 0
cpu3 270822 39 78638 1664155 7015 0 44964 0 0 0
cpu4 266402 45 76132 1671893 8732 0 44812 0 0 0
cpu5 175736 45 55953 1795427 12274 0 28582 0 0 0
cpu6 177006 39 55977 1793192 13164 0 29511 0 0 0
cpu7 183574 38 59466 1780737 12973 0 32602 0 0 0
cpu8 42362 71 45974 1894227 27258 0 13973 0 0 0
cpu9 48932 79 49373 1866538 31788 0 15261 0 0 0
cpu10 46161 78 47628 1875902 29650 0 15022 0 0 0
cpu11 42011 73 43284 1898442 27853 0 13328 0 0 0
cpu12 89886 154 54046 1815714 34189 0 16645 0 0 0
cpu13 86062 85 55130 1813992 35849 0 17024 0 0 0
cpu14 41977 72 42864 1902246 25965 0 13098 0 0 0
cpu15 38785 76 39305 1916953 26485 0 11873 0 0 0
cpu16 226606 32 65921 1728744 11687 0 36394 0 0 0
cpu17 211909 32 63731 1743371 14936 0 34759 0 0 0
cpu18 195210 32 61605 1762985 15645 0 33624 0 0 0
cpu19 360507 29 95379 1550191 6673 0 55275 0 0 0
cpu20 322864 28 88826 1594273 10345 0 52571 0 0 0
cpu21 194098 35 60966 1763081 17774 0 32905 0 0 0
cpu22 177257 38 58214 1783767 18040 0 30869 0 0 0
cpu23 152376 37 51966 1821561 17554 0 25820 0 0 0
cpu24 45480 76 44396 1894080 31780 0 14048 0 0 0
cpu25 51009 72 49522 1867195 34889 0 16648 0 0 0
cpu26 48652 69 48293 1874537 33844 0 16163 0 0 0
cpu27 41082 59 43105 1886866 31952 0 21910 0 0 0
cpu28 80998 94 57904 1802205 37945 0 29449 0 0 0
cpu29 84882 130 60059 1789550 39254 0 30037 0 0 0
cpu30 40427 53 44805 1881228 28814 0 21964 0 0 0
cpu31 43602 56 44940 1897021 29216 0 14080 0 0 0
intr 3543103842 126 0 0 0 0 0 0 0 0 1 0 0 0 0 0 0 0 0 0 0 0 0 0 0 0 0 0 1 1 1 0 0 0 0 1 0 1 0 0 75045 0 0 0 0 0 0 0 0 411 0 0 0 0 0 0 0 0 87 0 0 0 0 0 0 0 0 0 0 0 0 0 0 0 618466 2 35072225 35006358 34922492 35069242 0 17034 16887 21030 21411 12967 16611 22027 22876 20149 59639 84086 66915 56230 94976 86449 49499 46191 21902 25458 30040 12107 19432 28618 29004 24629 62831 78203 70409 57146 90462 98456 51247 52068 0 0 0 0 617401 4766 1036 0 264 0 0 0 0 0 0 0 0 0 0 0 0 0 0 0 0 0 0 0 0 0 0 0 0 0 0 0 0 0 0 0 0 0 0 0 0 0 0 0 0 0 0 0 0 0 0 0 0 0 0 0 0 0 0 0 0 0 0 0 0 0 0 0 0 0 0 0 0 0 0 0 0 0 0 0 0 0 0 0 0 0 0 0 0 0 0 0 0 0 0 0 0 0 0 0 0 0 0 0 0 0 0 0 0 0 0 0 0 0 0 0 0 0 0 0 0 0 0 0 0 0 0 0 0 0 0 0 0 0 0 0 0 0 0 0 0 0 0 0 0 0 0 0 0 0 0 0 0 0 0 0 0 0 0 0 0 0 0 0 0 0 0 0 0 0 0 0 0 0 0 0 0 0 0 0 0 0 0 0 0 0 0 0 0 0 0 0 0 0 0 0 0 0 0 0 0 0 0 0 0 0 0 0 0 0 0 0 0 0 0 0 0 0 0 0 0 0 0 0 0 0 0 0 0 0 0 0 0 0 0 0 0 0 0 0 0 0 0 0 0 0 0 0 0 0 0 0 0 0 0 0 0 0 0 0 0 0 0 0 0 0 0 0 0 0 0 0 0 0 0 0 0 0 0 0 0 0 0 0 0 0 0 0 0 0 0 0 0 0 0 0 0 0 0 0 0 0 0 0 0 0 0 0 0 0 0 0 0 0 0 0 0 0 0 0 0 0 0 0 0 0 0 0 0 0 0 0 0 0 0 0 0 0 0 0 0 0 0 0 0 0 0 0 0 0 0 0 0 0 0 0 0 0 0 0 0 0 0 0 0 0 0 0 0 0 0 0 0 0 0 0 0 0 0 0 0 0 0 0 0 0 0 0 0 0 0 0 0 0 0 0 0 0 0 0 0 0 0 0 0 0 0 0 0 0 0 0 0 0 0 0 0 0 0 0 0 0 0 0 0 0 0 0 0 0 0 0 0 0 0 0 0 0 0 0 0 0 0 0 0 0 0 0 0 0 0 0 0 0 0 0 0 0 0 0 0 0 0 0 0 0 0 0 0 0 0 0 0 0 0 0 0 0 0 0 0 0 0 0 0 0 0 0 0 0 0 0 0 0 0 0 0 0 0 0 0 0 0 0 0 0 0 0 0 0 0 0 0 0 0 0 0 0 0 0 0 0 0 0 0 0 0 0 0 0 0 0 0 0 0 0 0 0 0 0 0 0 0 0 0 0 0 0 0 0 0 0 0 0 0 0 0 0 0 0 0 0 0 0 0 0 0 0 0 0 0 0 0 0 0 0 0 0 0 0 0 0 0 0 0 0 0 0 0 0 0 0 0 0 0 0 0 0 0 0 0 0 0 0 0 0 0 0 0 0 0 0 0 0 0 0 0 0 0 0 0 0 0 0 0 0 0 0 0 0 0 0 0 0 0 0 0 0 0 0 0 0 0 0 0 0 0 0 0 0 0 0 0 0 0 0 0 0 0 0 0 0 0 0 0 0 0 0 0 0 0 0 0 0 0 0 0 0 0 0 0 0 0 0 0 0 0 0 0 0 0 0 0 0 0 0 0 0 0 0 0 0 0 0 0 0 0 0 0 0 0 0 0 0 0 0 0 0 0 0 0 0 0 0 0 0 0 0 0 0 0 0 0 0 0 0 0 0 0 0 0 0 0 0 0 0 0 0 0 0 0 0 0 0 0 0 0 0 0 0 0 0 0 0 0 0 0 0 0 0 0 0 0 0 0 0 0 0 0 0 0 0 0 0 0 0 0 0 0 0 0 0 0 0 0 0 0 0 0 0 0 0 0 0 0 0 0 0 0 0 0 0 0 0 0 0 0 0 0 0 0 0 0 0 0 0 0 0 0 0 0 0 0 0 0 0 0 0 0 0 0 0 0 0 0 0 0 0 0 0 0 0 0 0 0 0 0 0 0 0 0 0 0 0 0 0 0 0 0 0 0 0 0 0 0 0 0 0 0 0 0 0 0 0 0 0 0 0 0 0 0 0 0 0 0 0 0 0 0 0 0 0 0 0 0 0 0 0 0 0 0 0 0 0 0 0 0 0 0 0 0 0 0 0 0 0 0 0 0 0 0 0 0 0 0 0 0 0 0 0 0 0 0 0 0 0 0 0 0 0 0 0 0 0 0 0 0 0 0 0 0 0 0 0 0 0 0 0 0 0 0 0 0 0 0 0 0 0 0 0 0 0 0 0 0 0 0 0 0 0 0 0 0 0 0 0 0 0 0 0 0 0 0 0 0 0 0 0 0 0 0 0 0 0 0 0 0 0 0 0 0 0 0 0 0 0 0 0 0 0 0 0 0 0 0 0 0 0 0 0 0 0 0 0 0 0 0 0 0 0 0 0 0 0 0 0 0 0 0 0 0 0 0 0 0 0 0 0 0 0 0 0 0 0 0 0 0 0 0 0 0 0 0 0 0 0 0 0 0 0 0 0 0 0 0 0 0 0 0 0 0 0 0 0 0 0 0
ctxt 5651928765
btime 1790630938
processes 1382202
procs_running 1
procs_blocked 0
softirq 5010321626 73526 15271254 2753290 561029599 644411 0 13560896 59542166 421 62478767
