Running 10s test @ http://127.0.0.1:18500/counter
  16 threads and 128 connections
  Thread Stats   Avg      Stdev     Max   +/- Stdev
    Latency     7.94ms    1.30ms  17.69ms   61.05%
    Req/Sec     1.01k   107.88     3.09k    93.96%
  Latency Distribution
     50%    7.92ms
     75%    8.97ms
     90%    9.57ms
     99%    9.70ms
  161794 requests in 10.10s, 23.00MB read
Requests/sec:  16018.56
Transfer/sec:      2.28MB
## server-stat
cpu  4194407 1845 1787329 56299509 644759 0 845549 0 0 0
cpu0 161005 32 52372 1759209 7655 0 28271 0 0 0
cpu1 161645 37 53204 1763641 9463 0 27481 0 0 0
cpu2 169264 37 53695 1756020 9984 0 27712 0 0 0
cpu3 263389 38 77558 1622698 6568 0 44882 0 0 0
cpu4 259866 44 75281 1629485 8027 0 44738 0 0 0
cpu5 172209 44 55289 1750258 11266 0 28512 0 0 0
cpu6 173033 38 55223 1748765 11971 0 29417 0 0 0
cpu7 178168 37 58665 1737578 11784 0 32521 0 0 0
cpu8 42219 69 45758 1846251 25030 0 13959 0 0 0
cpu9 48727 78 49125 1818976 29381 0 15241 0 0 0
cpu10 46015 76 47408 1828295 27184 0 15002 0 0 0
cpu11 41890 71 43079 1850731 25338 0 13313 0 0 0
cpu12 88860 152 53696 1769486 31463 0 16609 0 0 0
cpu13 84941 83 54772 1767732 33296 0 16992 0 0 0
cpu14 41839 69 42643 1854301 23760 0 13082 0 0 0
cpu15 38684 74 39100 1868840 24315 0 11860 0 0 0
cpu16 219303 32 65002 1687418 10617 0 36344 0 0 0
cpu17 206863 31 62964 1700031 13664 0 34692 0 0 0
cpu18 189996 31 60745 1720100 14182 0 33557 0 0 0
cpu19 349807 28 94058 1512124 6207 0 55220 0 0 0
cpu20 313652 27 87665 1554976 9484 0 52507 0 0 0
cpu21 187878 34 60078 1721105 16240 0 32847 0 0 0
cpu22 172195 37 57500 1740475 16411 0 30836 0 0 0
cpu23 149196 36 51380 1776346 16039 0 25774 0 0 0
cpu24 45314 74 44174 1846585 29049 0 14036 0 0 0
cpu25 50811 71 49281 1819941 32030 0 16630 0 0 0
cpu26 48473 67 48059 1827148 31068 0 16147 0 0 0
cpu27 40946 58 42873 1839240 29311 0 21898 0 0 0
cpu28 80295 93 57615 1755637 34984 0 29423 0 0 0
cpu29 84132 129 59754 1743447 35918 0 30013 0 0 0
cpu30 40306 52 44585 1833435 26332 0 21951 0 0 0
cpu31 43471 54 44714 1849220 26719 0 14068 0 0 0
intr 3517839588 126 0 0 0 0 0 0 0 0 1 0 0 0 0 0 0 0 0 0 0 0 0 0 0 0 0 0 1 1 1 0 0 0 0 1 0 1 0 0 75045 0 0 0 0 0 0 0 0 411 0 0 0 0 0 0 0 0 87 0 0 0 0 0 0 0 0 0 0 0 0 0 0 0 597203 2 35069088 35004296 34920336 35067100 0 16624 15664 19366 19529 12060 15301 20013 20967 17606 55709 75829 61760 51491 83388 79150 45513 42513 19856 23052 27478 11374 17623 25892 26167 22437 57707 71602 64728 52359 83114 90424 47117 48102 0 0 0 0 617369 4721 1036 0 264 0 0 0 0 0 0 0 0 0 0 0 0 0 0 0 0 0 0 0 0 0 0 0 0 0 0 0 0 0 0 0 0 0 0 0 0 0 0 0 0 0 0 0 0 0 0 0 0 0 0 0 0 0 0 0 0 0 0 0 0 0 0 0 0 0 0 0 0 0 0 0 0 0 0 0 0 0 0 0 0 0 0 0 0 0 0 0 0 0 0 0 0 0 0 0 0 0 0 0 0 0 0 0 0 0 0 0 0 0 0 0 0 0 0 0 0 0 0 0 0 0 0 0 0 0 0 0 0 0 0 0 0 0 0 0 0 0 0 0 0 0 0 0 0 0 0 0 0 0 0 0 0 0 0 0 0 0 0 0 0 0 0 0 0 0 0 0 0 0 0 0 0 0 0 0 0 0 0 0 0 0 0 0 0 0 0 0 0 0 0 0 0 0 0 0 0 0 0 0 0 0 0 0 0 0 0 0 0 0 0 0 0 0 0 0 0 0 0 0 0 0 0 0 0 0 0 0 0 0 0 0 0 0 0 0 0 0 0 0 0 0 0 0 0 0 0 0 0 0 0 0 0 0 0 0 0 0 0 0 0 0 0 0 0 0 0 0 0 0 0 0 0 0 0 0 0 0 0 0 0 0 0 0 0 0 0 0 0 0 0 0 0 0 0 0 0 0 0 0 0 0 0 0 0 0 0 0 0 0 0 0 0 0 0 0 0 0 0 0 0 0 0 0 0 0 0 0 0 0 0 0 0 0 0 0 0 0 0 0 0 0 0 0 0 0 0 0 0 0 0 0 0 0 0 0 0 0 0 0 0 0 0 0 0 0 0 0 0 0 0 0 0 0 0 0 0 0 0 0 0 0 0 0 0 0 0 0 0 0 0 0 0 0 0 0 0 0 0 0 0 0 0 0 0 0 0 0 0 0 0 0 0 0 0 0 0 0 0 0 0 0 0 0 0 0 0 0 0 0 0 0 0 0 0 0 0 0 0 0 0 0 0 0 0 0 0 0 0 0 0 0 0 0 0 0 0 0 0 0 0 0 0 0 0 0 0 0 0 0 0 0 0 0 0 0 0 0 0 0 0 0 0 0 0 0 0 0 0 0 0 0 0 0 0 0 0 0 0 0 0 0 0 0 0 0 0 0 0 0 0 0 0 0 0 0 0 0 0 0 0 0 0 0 0 0 0 0 0 0 0 0 0 0 0 0 0 0 0 0 0 0 0 0 0 0 0 0 0 0 0 0 0 0 0 0 0 0 0 0 0 0 0 0 0 0 0 0 0 0 0 0 0 0 0 0 0 0 0 0 0 0 0 0 0 0 0 0 0 0 0 0 0 0 0 0 0 0 0 0 0 0 0 0 0 0 0 0 0 0 0 0 0 0 0 0 0 0 0 0 0 0 0 0 0 0 0 0 0 0 0 0 0 0 0 0 0 0 0 0 0 0 0 0 0 0 0 0 0 0 0 0 0 0 0 0 0 0 0 0 0 0 0 0 0 0 0 0 0 0 0 0 0 0 0 0 0 0 0 0 0 0 0 0 0 0 0 0 0 0 0 0 0 0 0 0 0 0 0 0 0 0 0 0 0 0 0 0 0 0 0 0 0 0 0 0 0 0 0 0 0 0 0 0 0 0 0 0 0 0 0 0 0 0 0 0 0 0 0 0 0 0 0 0 0 0 0 0 0 0 0 0 0 0 0 0 0 0 0 0 0 0 0 0 0 0 0 0 0 0 0 0 0 0 0 0 0 0 0 0 0 0 0 0 0 0 0 0 0 0 0 0 0 0 0 0 0 0 0 0 0 0 0 0 0 0 0 0 0 0 0 0 0 0 0 0 0 0 0 0 0 0 0 0 0 0 0 0 0 0 0 0 0 0 0 0 0 0 0 0 0 0 0 0 0 0 0 0 0 0 0 0 0 0 0 0 0 0 0 0 0 0 0 0 0 0 0 0 0 0 0 0 0 0 0 0 0 0 0 0 0 0 0 0 0 0 0 0 0 0 0 0 0 0 0 0 0 0 0 0 0 0 0 0 0 0 0 0 0 0 0 0 0 0 0 0 0 0 0 0 0 0 0 0 0 0 0 0 0 0 0 0 0 0 0 0 0 0 0 0 0 0 0 0 0 0 0 0 0 0 0 0 0 0 0 0 0 0 0 0 0 0 0 0 0 0 0 0 0 0 0 0 0 0 0 0 0 0 0 0 0 0 0 0 0 0 0 0 0 0 0 0 0 0 0 0 0 0 0 0 0 0 0 0 0 0 0 0 0 0 0 0 0 0 0 0 0 0 0 0 0 0 0 0 0 0 0 0 0 0 0 0 0 0 0 0 0 0 0 0 0 0 0 0 0 0 0 0 0 0 0 0 0 0 0 0 0 0 0 0 0 0 0 0 0 0 0 0 0 0 0 0 0 0 0 0 0 0 0 0 0 0 0 0 0 0 0 0 0 0 0 0 0 0 0 0 0 0 0 0 0 0 0
ctxt 5609167657
btime 1790630938
processes 1301356
procs_running 12
procs_blocked 0
softirq 4997664570 73526 14939492 2753188 550925312 622486 0 13560744 58772160 421 61049945
--
cpu  4200013 1845 1788137 56318431 644789 0 845631 0 0 0
cpu0 161604 32 52452 1759319 7655 0 28280 0 0 0
cpu1 161645 37 53205 1764424 9463 0 27481 0 0 0
cpu2 169506 37 53729 1756541 9984 0 27714 0 0 0
cpu3 263609 38 77587 1623245 6568 0 44885 0 0 0
cpu4 259879 44 75283 1630269 8027 0 44738 0 0 0
cpu5 172454 44 55322 1750776 11266 0 28515 0 0 0
cpu6 173727 38 55321 1748765 11971 0 29425 0 0 0
cpu7 178818 37 58755 1737629 11784 0 32531 0 0 0
cpu8 42219 69 45760 1847045 25030 0 13959 0 0 0
cpu9 48728 78 49125 1819765 29382 0 15241 0 0 0
cpu10 46018 76 47408 1829083 27185 0 15002 0 0 0
cpu11 41891 71 43080 1851517 25338 0 13314 0 0 0
cpu12 88867 152 53698 1770263 31463 0 16610 0 0 0
cpu13 84962 83 54775 1768496 33296 0 16993 0 0 0
cpu14 41841 69 42644 1855079 23770 0 13082 0 0 0
cpu15 38684 74 39101 1869632 24315 0 11861 0 0 0
cpu16 219402 32 65018 1688101 10617 0 36345 0 0 0
cpu17 207555 31 63060 1700031 13664 0 34704 0 0 0
cpu18 190465 31 60809 1720358 14182 0 33563 0 0 0
cpu19 350275 28 94129 1512375 6207 0 55228 0 0 0
cpu20 314322 27 87772 1554988 9484 0 52517 0 0 0
cpu21 188336 34 60139 1721381 16240 0 32852 0 0 0
cpu22 172195 37 57500 1741274 16411 0 30836 0 0 0
cpu23 149238 36 51386 1777097 16039 0 25775 0 0 0
cpu24 45315 74 44175 1847379 29050 0 14036 0 0 0
cpu25 50811 71 49282 1820732 32030 0 16630 0 0 0
cpu26 48473 67 48060 1827938 31068 0 16147 0 0 0
cpu27 40946 58 42874 1840022 29323 0 21898 0 0 0
cpu28 80297 93 57616 1756428 34984 0 29423 0 0 0
cpu29 84141 129 59756 1744223 35925 0 30013 0 0 0
cpu30 40307 52 44586 1834229 26333 0 21951 0 0 0
cpu31 43471 54 44716 1850014 26719 0 14068 0 0 0
intr 3518147584 126 0 0 0 0 0 0 0 0 1 0 0 0 0 0 0 0 0 0 0 0 0 0 0 0 0 0 1 1 1 0 0 0 0 1 0 1 0 0 75045 0 0 0 0 0 0 0 0 411 0 0 0 0 0 0 0 0 87 0 0 0 0 0 0 0 0 0 0 0 0 0 0 0 597555 2 35069145 35004304 34920362 35067140 0 16632 15664 19366 19529 12060 15301 20043 20967 17606 55709 75832 61761 51491 83389 79150 45513 42513 19994 23052 27478 11374 17623 25892 26167 22437 57707 71602 64728 52359 83114 90424 47117 48102 0 0 0 0 617369 4721 1036 0 264 0 0 0 0 0 0 0 0 0 0 0 0 0 0 0 0 0 0 0 0 0 0 0 0 0 0 0 0 0 0 0 0 0 0 0 0 0 0 0 0 0 0 0 0 0 0 0 0 0 0 0 0 0 0 0 0 0 0 0 0 0 0 0 0 0 0 0 0 0 0 0 0 0 0 0 0 0 0 0 0 0 0 0 0 0 0 0 0 0 0 0 0 0 0 0 0 0 0 0 0 0 0 0 0 0 0 0 0 0 0 0 0 0 0 0 0 0 0 0 0 0 0 0 0 0 0 0 0 0 0 0 0 0 0 0 0 0 0 0 0 0 0 0 0 0 0 0 0 0 0 0 0 0 0 0 0 0 0 0 0 0 0 0 0 0 0 0 0 0 0 0 0 0 0 0 0 0 0 0 0 0 0 0 0 0 0 0 0 0 0 0 0 0 0 0 0 0 0 0 0 0 0 0 0 0 0 0 0 0 0 0 0 0 0 0 0 0 0 0 0 0 0 0 0 0 0 0 0 0 0 0 0 0 0 0 0 0 0 0 0 0 0 0 0 0 0 0 0 0 0 0 0 0 0 0 0 0 0 0 0 0 0 0 0 0 0 0 0 0 0 0 0 0 0 0 0 0 0 0 0 0 0 0 0 0 0 0 0 0 0 0 0 0 0 0 0 0 0 0 0 0 0 0 0 0 0 0 0 0 0 0 0 0 0 0 0 0 0 0 0 0 0 0 0 0 0 0 0 0 0 0 0 0 0 0 0 0 0 0 0 0 0 0 0 0 0 0 0 0 0 0 0 0 0 0 0 0 0 0 0 0 0 0 0 0 0 0 0 0 0 0 0 0 0 0 0 0 0 0 0 0 0 0 0 0 0 0 0 0 0 0 0 0 0 0 0 0 0 0 0 0 0 0 0 0 0 0 0 0 0 0 0 0 0 0 0 0 0 0 0 0 0 0 0 0 0 0 0 0 0 0 0 0 0 0 0 0 0 0 0 0 0 0 0 0 0 0 0 0 0 0 0 0 0 0 0 0 0 0 0 0 0 0 0 0 0 0 0 0 0 0 0 0 0 0 0 0 0 0 0 0 0 0 0 0 0 0 0 0 0 0 0 0 0 0 0 0 0 0 0 0 0 0 0 0 0 0 0 0 0 0 0 0 0 0 0 0 0 0 0 0 0 0 0 0 0 0 0 0 0 0 0 0 0 0 0 0 0 0 0 0 0 0 0 0 0 0 0 0 0 0 0 0 0 0 0 0 0 0 0 0 0 0 0 0 0 0 0 0 0 0 0 0 0 0 0 0 0 0 0 0 0 0 0 0 0 0 0 0 0 0 0 0 0 0 0 0 0 0 0 0 0 0 0 0 0 0 0 0 0 0 0 0 0 0 0 0 0 0 0 0 0 0 0 0 0 0 0 0 0 0 0 0 0 0 0 0 0 0 0 0 0 0 0 0 0 0 0 0 0 0 0 0 0 0 0 0 0 0 0 0 0 0 0 0 0 0 0 0 0 0 0 0 0 0 0 0 0 0 0 0 0 0 0 0 0 0 0 0 0 0 0 0 0 0 0 0 0 0 0 0 0 0 0 0 0 0 0 0 0 0 0 0 0 0 0 0 0 0 0 0 0 0 0 0 0 0 0 0 0 0 0 0 0 0 0 0 0 0 0 0 0 0 0 0 0 0 0 0 0 0 0 0 0 0 0 0 0 0 0 0 0 0 0 0 0 0 0 0 0 0 0 0 0 0 0 0 0 0 0 0 0 0 0 0 0 0 0 0 0 0 0 0 0 0 0 0 0 0 0 0 0 0 0 0 0 0 0 0 0 0 0 0 0 0 0 0 0 0 0 0 0 0 0 0 0 0 0 0 0 0 0 0 0 0 0 0 0 0 0 0 0 0 0 0 0 0 0 0 0 0 0 0 0 0 0 0 0 0 0 0 0 0 0 0 0 0 0 0 0 0 0 0 0 0 0 0 0 0 0 0 0 0 0 0 0 0 0 0 0 0 0 0 0 0 0 0 0 0 0 0 0 0 0 0 0 0 0 0 0 0 0 0 0 0 0 0 0 0 0 0 0 0 0 0 0 0 0 0 0 0 0 0 0 0 0 0 0 0 0 0 0 0 0 0 0 0 0 0 0 0 0 0 0 0 0 0 0 0 0 0 0 0 0 0 0 0 0 0 0 0 0 0 0 0 0 0 0 0 0 0 0 0 0 0 0 0 0 0 0 0 0 0 0 0 0 0 0 0 0 0 0 0 0 0 0 0 0 0 0 0 0 0 0 0 0 0 0 0 0 0 0 0 0 0 0 0 0 0 0 0 0 0 0 0 0 0 0 0 0 0 0 0 0 0 0 0 0 0 0 0 0 0 0 0 0 0 0 0 0 0 0 0 0 0 0 0 0 0 0 0 0 0 0 0 0 0 0 0 0 0 0 0 0 0 0 0 0 0 0 0 0 0 0 0 0 0 0 0 0 0 0
ctxt 5609561087
btime 1790630938
processes 1301405
procs_running 9
procs_blocked 0
softirq 4997959324 73526 14944036 2753188 551181938 622855 0 13560744 58783757 421 61071563
