Running 10s test @ http://127.0.0.1:18500/api/json
  16 threads and 32 connections
  Thread Stats   Avg      Stdev     Max   +/- Stdev
    Latency     6.47ms  846.90us  14.85ms   95.94%
    Req/Sec   310.31     17.63   370.00     61.87%
  Latency Distribution
     50%    6.80ms
     75%    6.89ms
     90%    6.93ms
     99%    7.69ms
  49446 requests in 10.01s, 9.01MB read
Requests/sec:   4940.75
Transfer/sec:      0.90MB
## server-stat
cpu  3733597 1632 1684459 49145398 383359 0 810025 0 0 0
cpu0 141950 29 48650 1535999 4743 0 26622 0 0 0
cpu1 143588 34 49590 1538965 5764 0 26015 0 0 0
cpu2 147756 34 49910 1535349 5849 0 26135 0 0 0
cpu3 222465 34 70621 1424375 4201 0 42105 0 0 0
cpu4 223909 38 69270 1425534 4798 0 42161 0 0 0
cpu5 153599 37 51564 1526906 6475 0 27062 0 0 0
cpu6 154733 34 52063 1524762 6749 0 28178 0 0 0
cpu7 161241 31 55341 1512818 6543 0 30855 0 0 0
cpu8 41472 60 44338 1609547 14624 0 13626 0 0 0
cpu9 47612 66 47538 1584856 18109 0 14854 0 0 0
cpu10 45140 66 45890 1593165 16271 0 14654 0 0 0
cpu11 41220 61 41728 1613979 14769 0 13029 0 0 0
cpu12 83852 141 51609 1540437 20256 0 16099 0 0 0
cpu13 80113 73 52605 1539909 21066 0 16458 0 0 0
cpu14 41093 60 41207 1617387 13937 0 12772 0 0 0
cpu15 38136 63 37806 1631127 14229 0 11595 0 0 0
cpu16 190207 27 60294 1475392 6334 0 34455 0 0 0
cpu17 179890 27 58533 1486549 8307 0 33030 0 0 0
cpu18 168821 28 56923 1500711 8002 0 32194 0 0 0
cpu19 294185 26 84843 1330575 3854 0 52107 0 0 0
cpu20 262740 25 79446 1368764 5756 0 49568 0 0 0
cpu21 164265 30 56069 1504961 9441 0 31440 0 0 0
cpu22 152418 34 53524 1520842 9409 0 29295 0 0 0
cpu23 132289 33 47903 1552830 9039 0 24709 0 0 0
cpu24 44420 63 42647 1611585 16794 0 13725 0 0 0
cpu25 49714 64 47614 1586767 18976 0 16233 0 0 0
cpu26 47529 59 46442 1593368 18092 0 15782 0 0 0
cpu27 40151 49 41387 1604016 16867 0 21599 0 0 0
cpu28 76436 83 55442 1527334 21337 0 28883 0 0 0
cpu29 80357 119 57453 1515546 22301 0 29425 0 0 0
cpu30 39548 45 42984 1597658 15395 0 21605 0 0 0
cpu31 42733 45 43209 1613372 15058 0 13739 0 0 0
intr 3335264627 126 0 0 0 0 0 0 0 0 1 0 0 0 0 0 0 0 0 0 0 0 0 0 0 0 0 0 1 1 1 0 0 0 0 1 0 1 0 0 75045 0 0 0 0 0 0 0 0 411 0 0 0 0 0 0 0 0 87 0 0 0 0 0 0 0 0 0 0 0 0 0 0 0 499894 2 35058808 34997857 34913306 35055759 0 14593 10944 12379 11932 8466 10238 13016 14124 11039 39067 53520 42054 35596 53845 51405 32155 28709 12939 14732 17592 7640 11233 16050 16284 14300 36803 46058 42353 34144 52265 56674 31518 32908 0 0 0 0 617197 4508 1036 0 264 0 0 0 0 0 0 0 0 0 0 0 0 0 0 0 0 0 0 0 0 0 0 0 0 0 0 0 0 0 0 0 0 0 0 0 0 0 0 0 0 0 0 0 0 0 0 0 0 0 0 0 0 0 0 0 0 0 0 0 0 0 0 0 0 0 0 0 0 0 0 0 0 0 0 0 0 0 0 0 0 0 0 0 0 0 0 0 0 0 0 0 0 0 0 0 0 0 0 0 0 0 0 0 0 0 0 0 0 0 0 0 0 0 0 0 0 0 0 0 0 0 0 0 0 0 0 0 0 0 0 0 0 0 0 0 0 0 0 0 0 0 0 0 0 0 0 0 0 0 0 0 0 0 0 0 0 0 0 0 0 0 0 0 0 0 0 0 0 0 0 0 0 0 0 0 0 0 0 0 0 0 0 0 0 0 0 0 0 0 0 0 0 0 0 0 0 0 0 0 0 0 0 0 0 0 0 0 0 0 0 0 0 0 0 0 0 0 0 0 0 0 0 0 0 0 0 0 0 0 0 0 0 0 0 0 0 0 0 0 0 0 0 0 0 0 0 0 0 0 0 0 0 0 0 0 0 0 0 0 0 0 0 0 0 0 0 0 0 0 0 0 0 0 0 0 0 0 0 0 0 0 0 0 0 0 0 0 0 0 0 0 0 0 0 0 0 0 0 0 0 0 0 0 0 0 0 0 0 0 0 0 0 0 0 0 0 0 0 0 0 0 0 0 0 0 0 0 0 0 0 0 0 0 0 0 0 0 0 0 0 0 0 0 0 0 0 0 0 0 0 0 0 0 0 0 0 0 0 0 0 0 0 0 0 0 0 0 0 0 0 0 0 0 0 0 0 0 0 0 0 0 0 0 0 0 0 0 0 0 0 0 0 0 0 0 0 0 0 0 0 0 0 0 0 0 0 0 0 0 0 0 0 0 0 0 0 0 0 0 0 0 0 0 0 0 0 0 0 0 0 0 0 0 0 0 0 0 0 0 0 0 0 0 0 0 0 0 0 0 0 0 0 0 0 0 0 0 0 0 0 0 0 0 0 0 0 0 0 0 0 0 0 0 0 0 0 0 0 0 0 0 0 0 0 0 0 0 0 0 0 0 0 0 0 0 0 0 0 0 0 0 0 0 0 0 0 0 0 0 0 0 0 0 0 0 0 0 0 0 0 0 0 0 0 0 0 0 0 0 0 0 0 0 0 0 0 0 0 0 0 0 0 0 0 0 0 0 0 0 0 0 0 0 0 0 0 0 0 0 0 0 0 0 0 0 0 0 0 0 0 0 0 0 0 0 0 0 0 0 0 0 0 0 0 0 0 0 0 0 0 0 0 0 0 0 0 0 0 0 0 0 0 0 0 0 0 0 0 0 0 0 0 0 0 0 0 0 0 0 0 0 0 0 0 0 0 0 0 0 0 0 0 0 0 0 0 0 0 0 0 0 0 0 0 0 0 0 0 0 0 0 0 0 0 0 0 0 0 0 0 0 0 0 0 0 0 0 0 0 0 0 0 0 0 0 0 0 0 0 0 0 0 0 0 0 0 0 0 0 0 0 0 0 0 0 0 0 0 0 0 0 0 0 0 0 0 0 0 0 0 0 0 0 0 0 0 0 0 0 0 0 0 0 0 0 0 0 0 0 0 0 0 0 0 0 0 0 0 0 0 0 0 0 0 0 0 0 0 0 0 0 0 0 0 0 0 0 0 0 0 0 0 0 0 0 0 0 0 0 0 0 0 0 0 0 0 0 0 0 0 0 0 0 0 0 0 0 0 0 0 0 0 0 0 0 0 0 0 0 0 0 0 0 0 0 0 0 0 0 0 0 0 0 0 0 0 0 0 0 0 0 0 0 0 0 0 0 0 0 0 0 0 0 0 0 0 0 0 0 0 0 0 0 0 0 0 0 0 0 0 0 0 0 0 0 0 0 0 0 0 0 0 0 0 0 0 0 0 0 0 0 0 0 0 0 0 0 0 0 0 0 0 0 0 0 0 0 0 0 0 0 0 0 0 0 0 0 0 0 0 0 0 0 0 0 0 0 0 0 0 0 0 0 0 0 0 0 0 0 0 0 0 0 0 0 0 0 0 0 0 0 0 0 0 0 0 0 0 0 0 0 0 0 0 0 0 0 0 0 0 0 0 0 0 0 0 0 0 0 0 0 0 0 0 0 0 0 0 0 0 0 0 0 0 0 0 0 0 0 0 0 0 0 0 0 0 0 0 0 0 0 0 0 0 0 0 0 0 0 0 0 0 0 0 0 0 0 0 0 0 0 0 0 0 0 0 0 0 0 0 0 0 0 0 0 0 0 0 0 0 0 0 0 0 0 0 0 0 0 0 0 0 0 0 0 0 0 0 0 0 0 0 0 0 0 0 0 0 0 0 0 0 0 0 0 0 0 0 0 0 0 0 0 0 0 0 0 0 0 0 0 0 0 0 0 0 0 0 0 0 0 0 0 0 0 0 0 0 0 0 0 0
ctxt 5290727268
btime 1790630938
processes 904359
procs_running 3
procs_blocked 0
softirq 4770649678 73526 13033896 2753168 342816267 521959 0 13560212 53736386 421 49186547
--
cpu  3735102 1633 1684604 49169227 383374 0 810063 0 0 0
cpu0 141955 29 48650 1536785 4743 0 26623 0 0 0
cpu1 143589 34 49591 1539762 5764 0 26015 0 0 0
cpu2 147757 34 49910 1536146 5849 0 26135 0 0 0
cpu3 222638 34 70636 1424983 4201 0 42109 0 0 0
cpu4 224056 38 69280 1426170 4798 0 42166 0 0 0
cpu5 153600 37 51565 1527704 6475 0 27062 0 0 0
cpu6 154733 34 52063 1525561 6749 0 28178 0 0 0
cpu7 161242 31 55341 1513616 6543 0 30855 0 0 0
cpu8 41472 60 44338 1610344 14624 0 13626 0 0 0
cpu9 47614 66 47538 1585648 18109 0 14854 0 0 0
cpu10 45142 66 45892 1593956 16272 0 14654 0 0 0
cpu11 41220 61 41728 1614776 14769 0 13029 0 0 0
cpu12 83877 141 51612 1541206 20256 0 16100 0 0 0
cpu13 80120 73 52607 1540684 21079 0 16458 0 0 0
cpu14 41094 60 41208 1618184 13937 0 12772 0 0 0
cpu15 38138 63 37807 1631920 14230 0 11595 0 0 0
cpu16 190211 27 60294 1476187 6334 0 34455 0 0 0
cpu17 179890 27 58533 1487348 8307 0 33030 0 0 0
cpu18 168822 28 56923 1501510 8002 0 32194 0 0 0
cpu19 294719 26 84898 1330773 3854 0 52118 0 0 0
cpu20 263306 25 79496 1368932 5756 0 49584 0 0 0
cpu21 164266 30 56069 1505760 9441 0 31440 0 0 0
cpu22 152419 34 53524 1521640 9409 0 29295 0 0 0
cpu23 132289 33 47903 1553628 9039 0 24709 0 0 0
cpu24 44422 63 42648 1612381 16794 0 13725 0 0 0
cpu25 49715 64 47614 1587564 18976 0 16233 0 0 0
cpu26 47529 59 46443 1594165 18092 0 15782 0 0 0
cpu27 40153 49 41387 1604809 16867 0 21599 0 0 0
cpu28 76454 83 55444 1528112 21337 0 28883 0 0 0
cpu29 80364 119 57454 1516337 22301 0 29425 0 0 0
cpu30 39548 45 42984 1598453 15395 0 21605 0 0 0
cpu31 42733 45 43210 1614170 15059 0 13739 0 0 0
intr 3335419164 126 0 0 0 0 0 0 0 0 1 0 0 0 0 0 0 0 0 0 0 0 0 0 0 0 0 0 1 1 1 0 0 0 0 1 0 1 0 0 75045 0 0 0 0 0 0 0 0 411 0 0 0 0 0 0 0 0 87 0 0 0 0 0 0 0 0 0 0 0 0 0 0 0 500034 2 35058828 34997872 34913311 35055790 0 14601 10944 12379 11932 8466 10238 13016 14124 11039 39067 53521 42054 35596 53845 51411 32155 28709 12939 14732 17592 7640 11233 16050 16284 14300 36803 46058 42353 34145 52265 56674 31518 32908 0 0 0 0 617201 4508 1036 0 264 0 0 0 0 0 0 0 0 0 0 0 0 0 0 0 0 0 0 0 0 0 0 0 0 0 0 0 0 0 0 0 0 0 0 0 0 0 0 0 0 0 0 0 0 0 0 0 0 0 0 0 0 0 0 0 0 0 0 0 0 0 0 0 0 0 0 0 0 0 0 0 0 0 0 0 0 0 0 0 0 0 0 0 0 0 0 0 0 0 0 0 0 0 0 0 0 0 0 0 0 0 0 0 0 0 0 0 0 0 0 0 0 0 0 0 0 0 0 0 0 0 0 0 0 0 0 0 0 0 0 0 0 0 0 0 0 0 0 0 0 0 0 0 0 0 0 0 0 0 0 0 0 0 0 0 0 0 0 0 0 0 0 0 0 0 0 0 0 0 0 0 0 0 0 0 0 0 0 0 0 0 0 0 0 0 0 0 0 0 0 0 0 0 0 0 0 0 0 0 0 0 0 0 0 0 0 0 0 0 0 0 0 0 0 0 0 0 0 0 0 0 0 0 0 0 0 0 0 0 0 0 0 0 0 0 0 0 0 0 0 0 0 0 0 0 0 0 0 0 0 0 0 0 0 0 0 0 0 0 0 0 0 0 0 0 0 0 0 0 0 0 0 0 0 0 0 0 0 0 0 0 0 0 0 0 0 0 0 0 0 0 0 0 0 0 0 0 0 0 0 0 0 0 0 0 0 0 0 0 0 0 0 0 0 0 0 0 0 0 0 0 0 0 0 0 0 0 0 0 0 0 0 0 0 0 0 0 0 0 0 0 0 0 0 0 0 0 0 0 0 0 0 0 0 0 0 0 0 0 0 0 0 0 0 0 0 0 0 0 0 0 0 0 0 0 0 0 0 0 0 0 0 0 0 0 0 0 0 0 0 0 0 0 0 0 0 0 0 0 0 0 0 0 0 0 0 0 0 0 0 0 0 0 0 0 0 0 0 0 0 0 0 0 0 0 0 0 0 0 0 0 0 0 0 0 0 0 0 0 0 0 0 0 0 0 0 0 0 0 0 0 0 0 0 0 0 0 0 0 0 0 0 0 0 0 0 0 0 0 0 0 0 0 0 0 0 0 0 0 0 0 0 0 0 0 0 0 0 0 0 0 0 0 0 0 0 0 0 0 0 0 0 0 0 0 0 0 0 0 0 0 0 0 0 0 0 0 0 0 0 0 0 0 0 0 0 0 0 0 0 0 0 0 0 0 0 0 0 0 0 0 0 0 0 0 0 0 0 0 0 0 0 0 0 0 0 0 0 0 0 0 0 0 0 0 0 0 0 0 0 0 0 0 0 0 0 0 0 0 0 0 0 0 0 0 0 0 0 0 0 0 0 0 0 0 0 0 0 0 0 0 0 0 0 0 0 0 0 0 0 0 0 0 0 0 0 0 0 0 0 0 0 0 0 0 0 0 0 0 0 0 0 0 0 0 0 0 0 0 0 0 0 0 0 0 0 0 0 0 0 0 0 0 0 0 0 0 0 0 0 0 0 0 0 0 0 0 0 0 0 0 0 0 0 0 0 0 0 0 0 0 0 0 0 0 0 0 0 0 0 0 0 0 0 0 0 0 0 0 0 0 0 0 0 0 0 0 0 0 0 0 0 0 0 0 0 0 0 0 0 0 0 0 0 0 0 0 0 0 0 0 0 0 0 0 0 0 0 0 0 0 0 0 0 0 0 0 0 0 0 0 0 0 0 0 0 0 0 0 0 0 0 0 0 0 0 0 0 0 0 0 0 0 0 0 0 0 0 0 0 0 0 0 0 0 0 0 0 0 0 0 0 0 0 0 0 0 0 0 0 0 0 0 0 0 0 0 0 0 0 0 0 0 0 0 0 0 0 0 0 0 0 0 0 0 0 0 0 0 0 0 0 0 0 0 0 0 0 0 0 0 0 0 0 0 0 0 0 0 0 0 0 0 0 0 0 0 0 0 0 0 0 0 0 0 0 0 0 0 0 0 0 0 0 0 0 0 0 0 0 0 0 0 0 0 0 0 0 0 0 0 0 0 0 0 0 0 0 0 0 0 0 0 0 0 0 0 0 0 0 0 0 0 0 0 0 0 0 0 0 0 0 0 0 0 0 0 0 0 0 0 0 0 0 0 0 0 0 0 0 0 0 0 0 0 0 0 0 0 0 0 0 0 0 0 0 0 0 0 0 0 0 0 0 0 0 0 0 0 0 0 0 0 0 0 0 0 0 0 0 0 0 0 0 0 0 0 0 0 0 0 0 0 0 0 0 0 0 0 0 0 0 0 0 0 0 0 0 0 0 0 0 0 0 0 0 0 0 0 0 0 0 0 0 0 0 0 0 0 0 0 0 0 0 0 0 0 0 0 0 0 0 0 0 0 0 0 0 0 0 0 0 0 0 0 0 0 0 0 0 0 0 0 0 0 0 0 0 0 0 0 0 0 0 0 0 0 0 0 0 0 0 0 0 0 0 0 0 0 0 0 0 0 0 0 0 0 0 0 0 0 0
ctxt 5290934116
btime 1790630938
processes 904438
procs_running 3
procs_blocked 0
softirq 4770766865 73526 13037213 2753168 342895460 522113 0 13560212 53746950 421 49210506
