Running 10s test @ http://127.0.0.1:18500/swerve/counter
  16 threads and 128 connections
  Thread Stats   Avg      Stdev     Max   +/- Stdev
    Latency     8.62ms    1.61ms  23.36ms   61.60%
    Req/Sec     0.93k    94.57     2.30k    84.32%
  Latency Distribution
     50%    8.23ms
     75%   10.25ms
     90%   10.87ms
     99%   11.07ms
  149087 requests in 10.10s, 18.48MB read
Requests/sec:  14760.97
Transfer/sec:      1.83MB
## server-stat
cpu  4090151 1819 1771493 55533151 644000 0 840182 0 0 0
cpu0 156465 32 51692 1736784 7654 0 27973 0 0 0
cpu1 156737 37 52566 1741439 9463 0 27194 0 0 0
cpu2 161949 37 52825 1736540 9984 0 27307 0 0 0
cpu3 255583 38 76632 1603783 6567 0 44498 0 0 0
cpu4 254724 43 74612 1607490 8026 0 44482 0 0 0
cpu5 165946 43 54414 1729600 11265 0 28218 0 0 0
cpu6 165862 38 54332 1729139 11969 0 29028 0 0 0
cpu7 171902 36 57903 1716938 11784 0 32157 0 0 0
cpu8 42130 68 45605 1818770 24981 0 13931 0 0 0
cpu9 48597 76 48941 1791761 29292 0 15204 0 0 0
cpu10 45900 75 47243 1800972 27142 0 14972 0 0 0
cpu11 41797 71 42922 1823219 25318 0 13288 0 0 0
cpu12 88321 150 53447 1742869 31396 0 16537 0 0 0
cpu13 84481 82 54502 1741135 33197 0 16919 0 0 0
cpu14 41729 68 42459 1826967 23724 0 13048 0 0 0
cpu15 38607 73 38942 1841315 24315 0 11838 0 0 0
cpu16 211353 32 64103 1668512 10616 0 36004 0 0 0
cpu17 199276 30 62023 1680782 13663 0 34366 0 0 0
cpu18 184776 31 60022 1698134 14181 0 33368 0 0 0
cpu19 343977 28 93334 1490794 6205 0 55027 0 0 0
cpu20 305449 27 86706 1536344 9484 0 52192 0 0 0
cpu21 181239 34 59347 1700624 16240 0 32583 0 0 0
cpu22 167214 37 56802 1718279 16410 0 30636 0 0 0
cpu23 144166 36 50555 1754373 16039 0 25523 0 0 0
cpu24 45201 73 44016 1819057 29045 0 14013 0 0 0
cpu25 50662 70 49112 1792618 31966 0 16597 0 0 0
cpu26 48352 65 47894 1799790 30975 0 16120 0 0 0
cpu27 40845 57 42722 1811640 29304 0 21880 0 0 0
cpu28 79704 91 57365 1728914 34948 0 29364 0 0 0
cpu29 83624 127 59496 1716811 35793 0 29944 0 0 0
cpu30 40201 51 44399 1806042 26321 0 21917 0 0 0
cpu31 43372 52 44546 1821701 26717 0 14041 0 0 0
intr 3492400898 126 0 0 0 0 0 0 0 0 1 0 0 0 0 0 0 0 0 0 0 0 0 0 0 0 0 0 1 1 1 0 0 0 0 1 0 1 0 0 75045 0 0 0 0 0 0 0 0 411 0 0 0 0 0 0 0 0 87 0 0 0 0 0 0 0 0 0 0 0 0 0 0 0 590027 2 35067631 35004050 34919297 35065453 0 16399 15661 19365 19528 12051 15300 19973 20966 17604 55666 75680 61717 51468 83245 79078 45403 42477 19855 23050 27476 11373 17623 25891 26165 22437 57704 71363 64712 52243 83074 90289 47113 48097 0 0 0 0 617349 4697 1036 0 264 0 0 0 0 0 0 0 0 0 0 0 0 0 0 0 0 0 0 0 0 0 0 0 0 0 0 0 0 0 0 0 0 0 0 0 0 0 0 0 0 0 0 0 0 0 0 0 0 0 0 0 0 0 0 0 0 0 0 0 0 0 0 0 0 0 0 0 0 0 0 0 0 0 0 0 0 0 0 0 0 0 0 0 0 0 0 0 0 0 0 0 0 0 0 0 0 0 0 0 0 0 0 0 0 0 0 0 0 0 0 0 0 0 0 0 0 0 0 0 0 0 0 0 0 0 0 0 0 0 0 0 0 0 0 0 0 0 0 0 0 0 0 0 0 0 0 0 0 0 0 0 0 0 0 0 0 0 0 0 0 0 0 0 0 0 0 0 0 0 0 0 0 0 0 0 0 0 0 0 0 0 0 0 0 0 0 0 0 0 0 0 0 0 0 0 0 0 0 0 0 0 0 0 0 0 0 0 0 0 0 0 0 0 0 0 0 0 0 0 0 0 0 0 0 0 0 0 0 0 0 0 0 0 0 0 0 0 0 0 0 0 0 0 0 0 0 0 0 0 0 0 0 0 0 0 0 0 0 0 0 0 0 0 0 0 0 0 0 0 0 0 0 0 0 0 0 0 0 0 0 0 0 0 0 0 0 0 0 0 0 0 0 0 0 0 0 0 0 0 0 0 0 0 0 0 0 0 0 0 0 0 0 0 0 0 0 0 0 0 0 0 0 0 0 0 0 0 0 0 0 0 0 0 0 0 0 0 0 0 0 0 0 0 0 0 0 0 0 0 0 0 0 0 0 0 0 0 0 0 0 0 0 0 0 0 0 0 0 0 0 0 0 0 0 0 0 0 0 0 0 0 0 0 0 0 0 0 0 0 0 0 0 0 0 0 0 0 0 0 0 0 0 0 0 0 0 0 0 0 0 0 0 0 0 0 0 0 0 0 0 0 0 0 0 0 0 0 0 0 0 0 0 0 0 0 0 0 0 0 0 0 0 0 0 0 0 0 0 0 0 0 0 0 0 0 0 0 0 0 0 0 0 0 0 0 0 0 0 0 0 0 0 0 0 0 0 0 0 0 0 0 0 0 0 0 0 0 0 0 0 0 0 0 0 0 0 0 0 0 0 0 0 0 0 0 0 0 0 0 0 0 0 0 0 0 0 0 0 0 0 0 0 0 0 0 0 0 0 0 0 0 0 0 0 0 0 0 0 0 0 0 0 0 0 0 0 0 0 0 0 0 0 0 0 0 0 0 0 0 0 0 0 0 0 0 0 0 0 0 0 0 0 0 0 0 0 0 0 0 0 0 0 0 0 0 0 0 0 0 0 0 0 0 0 0 0 0 0 0 0 0 0 0 0 0 0 0 0 0 0 0 0 0 0 0 0 0 0 0 0 0 0 0 0 0 0 0 0 0 0 0 0 0 0 0 0 0 0 0 0 0 0 0 0 0 0 0 0 0 0 0 0 0 0 0 0 0 0 0 0 0 0 0 0 0 0 0 0 0 0 0 0 0 0 0 0 0 0 0 0 0 0 0 0 0 0 0 0 0 0 0 0 0 0 0 0 0 0 0 0 0 0 0 0 0 0 0 0 0 0 0 0 0 0 0 0 0 0 0 0 0 0 0 0 0 0 0 0 0 0 0 0 0 0 0 0 0 0 0 0 0 0 0 0 0 0 0 0 0 0 0 0 0 0 0 0 0 0 0 0 0 0 0 0 0 0 0 0 0 0 0 0 0 0 0 0 0 0 0 0 0 0 0 0 0 0 0 0 0 0 0 0 0 0 0 0 0 0 0 0 0 0 0 0 0 0 0 0 0 0 0 0 0 0 0 0 0 0 0 0 0 0 0 0 0 0 0 0 0 0 0 0 0 0 0 0 0 0 0 0 0 0 0 0 0 0 0 0 0 0 0 0 0 0 0 0 0 0 0 0 0 0 0 0 0 0 0 0 0 0 0 0 0 0 0 0 0 0 0 0 0 0 0 0 0 0 0 0 0 0 0 0 0 0 0 0 0 0 0 0 0 0 0 0 0 0 0 0 0 0 0 0 0 0 0 0 0 0 0 0 0 0 0 0 0 0 0 0 0 0 0 0 0 0 0 0 0 0 0 0 0 0 0 0 0 0 0 0 0 0 0 0 0 0 0 0 0 0 0 0 0 0 0 0 0 0 0 0 0 0 0 0 0 0 0 0 0 0 0 0 0 0 0 0 0 0 0 0 0 0 0 0 0 0 0 0 0 0 0 0 0 0 0 0 0 0 0 0 0 0 0 0 0 0 0 0 0 0 0 0 0 0 0 0 0 0 0 0 0 0 0 0 0 0 0 0 0 0 0 0 0 0 0 0 0 0 0 0 0 0 0 0 0 0 0 0 0 0 0 0 0 0 0 0 0 0 0 0 0 0 0 0 0 0 0 0 0 0 0 0 0 0 0 0 0 0 0 0 0 0 0 0 0 0 0 0 0 0 0 0 0 0
ctxt 5564689209
btime 1790630938
processes 1245902
procs_running 9
procs_blocked 0
softirq 4966469398 73526 14584883 2753188 522507739 614963 0 13560678 57914051 421 59492653
--
cpu  4095332 1820 1772724 55552079 644020 0 840268 0 0 0
cpu0 156829 32 51777 1737125 7654 0 27978 0 0 0
cpu1 157015 37 52632 1741886 9463 0 27199 0 0 0
cpu2 162256 37 52896 1736956 9984 0 27311 0 0 0
cpu3 255759 38 76677 1604357 6567 0 44501 0 0 0
cpu4 254940 43 74663 1608018 8026 0 44485 0 0 0
cpu5 166136 43 54457 1730161 11265 0 28222 0 0 0
cpu6 166004 38 54368 1729757 11969 0 29031 0 0 0
cpu7 172031 36 57937 1717573 11784 0 32160 0 0 0
cpu8 42130 68 45606 1819566 24981 0 13931 0 0 0
cpu9 48597 76 48941 1792555 29292 0 15204 0 0 0
cpu10 45900 75 47243 1801767 27142 0 14972 0 0 0
cpu11 41797 71 42924 1824014 25318 0 13288 0 0 0
cpu12 88324 150 53449 1743643 31396 0 16538 0 0 0
cpu13 84487 82 54504 1741907 33197 0 16920 0 0 0
cpu14 41730 68 42460 1827760 23724 0 13048 0 0 0
cpu15 38607 73 38943 1842112 24315 0 11838 0 0 0
cpu16 211632 32 64167 1668963 10616 0 36009 0 0 0
cpu17 199638 30 62106 1681129 13663 0 34372 0 0 0
cpu18 185111 31 60101 1698514 14181 0 33373 0 0 0
cpu19 344438 28 93446 1491015 6205 0 55034 0 0 0
cpu20 305873 27 86805 1536614 9484 0 52198 0 0 0
cpu21 181688 34 59455 1700859 16240 0 32589 0 0 0
cpu22 167707 37 56921 1718459 16410 0 30643 0 0 0
cpu23 144676 36 50671 1754538 16039 0 25531 0 0 0
cpu24 45201 73 44017 1819854 29045 0 14013 0 0 0
cpu25 50662 70 49112 1793396 31982 0 16597 0 0 0
cpu26 48352 65 47895 1800586 30975 0 16120 0 0 0
cpu27 40845 57 42722 1812437 29305 0 21880 0 0 0
cpu28 79726 91 57370 1729663 34950 0 29365 0 0 0
cpu29 83653 128 59501 1717557 35793 0 29946 0 0 0
cpu30 40204 51 44400 1806825 26321 0 21917 0 0 0
cpu31 43372 52 44547 1822495 26717 0 14041 0 0 0
intr 3492721248 126 0 0 0 0 0 0 0 0 1 0 0 0 0 0 0 0 0 0 0 0 0 0 0 0 0 0 1 1 1 0 0 0 0 1 0 1 0 0 75045 0 0 0 0 0 0 0 0 411 0 0 0 0 0 0 0 0 87 0 0 0 0 0 0 0 0 0 0 0 0 0 0 0 590233 2 35067675 35004057 34919335 35065526 0 16403 15661 19365 19528 12051 15300 19973 20966 17604 55666 75680 61718 51468 83245 79078 45403 42477 19855 23050 27476 11373 17623 25891 26165 22437 57704 71363 64712 52246 83074 90291 47113 48097 0 0 0 0 617349 4697 1036 0 264 0 0 0 0 0 0 0 0 0 0 0 0 0 0 0 0 0 0 0 0 0 0 0 0 0 0 0 0 0 0 0 0 0 0 0 0 0 0 0 0 0 0 0 0 0 0 0 0 0 0 0 0 0 0 0 0 0 0 0 0 0 0 0 0 0 0 0 0 0 0 0 0 0 0 0 0 0 0 0 0 0 0 0 0 0 0 0 0 0 0 0 0 0 0 0 0 0 0 0 0 0 0 0 0 0 0 0 0 0 0 0 0 0 0 0 0 0 0 0 0 0 0 0 0 0 0 0 0 0 0 0 0 0 0 0 0 0 0 0 0 0 0 0 0 0 0 0 0 0 0 0 0 0 0 0 0 0 0 0 0 0 0 0 0 0 0 0 0 0 0 0 0 0 0 0 0 0 0 0 0 0 0 0 0 0 0 0 0 0 0 0 0 0 0 0 0 0 0 0 0 0 0 0 0 0 0 0 0 0 0 0 0 0 0 0 0 0 0 0 0 0 0 0 0 0 0 0 0 0 0 0 0 0 0 0 0 0 0 0 0 0 0 0 0 0 0 0 0 0 0 0 0 0 0 0 0 0 0 0 0 0 0 0 0 0 0 0 0 0 0 0 0 0 0 0 0 0 0 0 0 0 0 0 0 0 0 0 0 0 0 0 0 0 0 0 0 0 0 0 0 0 0 0 0 0 0 0 0 0 0 0 0 0 0 0 0 0 0 0 0 0 0 0 0 0 0 0 0 0 0 0 0 0 0 0 0 0 0 0 0 0 0 0 0 0 0 0 0 0 0 0 0 0 0 0 0 0 0 0 0 0 0 0 0 0 0 0 0 0 0 0 0 0 0 0 0 0 0 0 0 0 0 0 0 0 0 0 0 0 0 0 0 0 0 0 0 0 0 0 0 0 0 0 0 0 0 0 0 0 0 0 0 0 0 0 0 0 0 0 0 0 0 0 0 0 0 0 0 0 0 0 0 0 0 0 0 0 0 0 0 0 0 0 0 0 0 0 0 0 0 0 0 0 0 0 0 0 0 0 0 0 0 0 0 0 0 0 0 0 0 0 0 0 0 0 0 0 0 0 0 0 0 0 0 0 0 0 0 0 0 0 0 0 0 0 0 0 0 0 0 0 0 0 0 0 0 0 0 0 0 0 0 0 0 0 0 0 0 0 0 0 0 0 0 0 0 0 0 0 0 0 0 0 0 0 0 0 0 0 0 0 0 0 0 0 0 0 0 0 0 0 0 0 0 0 0 0 0 0 0 0 0 0 0 0 0 0 0 0 0 0 0 0 0 0 0 0 0 0 0 0 0 0 0 0 0 0 0 0 0 0 0 0 0 0 0 0 0 0 0 0 0 0 0 0 0 0 0 0 0 0 0 0 0 0 0 0 0 0 0 0 0 0 0 0 0 0 0 0 0 0 0 0 0 0 0 0 0 0 0 0 0 0 0 0 0 0 0 0 0 0 0 0 0 0 0 0 0 0 0 0 0 0 0 0 0 0 0 0 0 0 0 0 0 0 0 0 0 0 0 0 0 0 0 0 0 0 0 0 0 0 0 0 0 0 0 0 0 0 0 0 0 0 0 0 0 0 0 0 0 0 0 0 0 0 0 0 0 0 0 0 0 0 0 0 0 0 0 0 0 0 0 0 0 0 0 0 0 0 0 0 0 0 0 0 0 0 0 0 0 0 0 0 0 0 0 0 0 0 0 0 0 0 0 0 0 0 0 0 0 0 0 0 0 0 0 0 0 0 0 0 0 0 0 0 0 0 0 0 0 0 0 0 0 0 0 0 0 0 0 0 0 0 0 0 0 0 0 0 0 0 0 0 0 0 0 0 0 0 0 0 0 0 0 0 0 0 0 0 0 0 0 0 0 0 0 0 0 0 0 0 0 0 0 0 0 0 0 0 0 0 0 0 0 0 0 0 0 0 0 0 0 0 0 0 0 0 0 0 0 0 0 0 0 0 0 0 0 0 0 0 0 0 0 0 0 0 0 0 0 0 0 0 0 0 0 0 0 0 0 0 0 0 0 0 0 0 0 0 0 0 0 0 0 0 0 0 0 0 0 0 0 0 0 0 0 0 0 0 0 0 0 0 0 0 0 0 0 0 0 0 0 0 0 0 0 0 0 0 0 0 0 0 0 0 0 0 0 0 0 0 0 0 0 0 0 0 0 0 0 0 0 0 0 0 0 0 0 0 0 0 0 0 0 0 0 0 0 0 0 0 0 0 0 0 0 0 0 0 0 0 0 0 0 0 0 0 0 0 0 0 0 0 0 0 0 0 0 0 0 0 0 0 0 0 0 0 0 0 0 0 0 0 0 0 0 0 0 0 0 0 0 0 0 0 0 0 0 0 0 0 0 0 0 0 0 0 0 0 0 0 0 0 0 0 0 0 0 0 0 0 0 0 0 0 0 0 0 0 0 0 0 0 0 0 0 0 0 0 0 0 0 0 0 0 0 0 0 0 0 0 0
ctxt 5565090262
btime 1790630938
processes 1245952
procs_running 10
procs_blocked 0
softirq 4967059039 73526 14589532 2753188 522744628 615178 0 13560678 57928870 421 59825722
