Running 10s test @ http://127.0.0.1:18500/swerve/usleep?ms=10
  16 threads and 1000 connections
  Thread Stats   Avg      Stdev     Max   +/- Stdev
    Latency     7.63s     1.37s   10.00s    57.74%
    Req/Sec    30.85     22.28   121.00     75.94%
  Latency Distribution
     50%    7.63s 
     75%    8.81s 
     90%    9.53s 
     99%    9.96s 
  886 requests in 10.01s, 215.46KB read
  Socket errors: connect 0, read 0, write 0, timeout 1
Requests/sec:     88.50
Transfer/sec:     21.52KB
## server-stat
cpu  3805564 1706 1705378 51816121 481153 0 816302 0 0 0
cpu0 143555 31 49134 1621564 6270 0 26925 0 0 0
cpu1 144614 35 50016 1625300 7678 0 26146 0 0 0
cpu2 148485 35 50303 1622114 7740 0 26235 0 0 0
cpu3 232628 35 72718 1500244 4988 0 43009 0 0 0
cpu4 234471 40 71327 1500096 6297 0 43414 0 0 0
cpu5 154281 40 51974 1613568 8544 0 27147 0 0 0
cpu6 155269 35 52424 1611770 8733 0 28250 0 0 0
cpu7 161700 33 55666 1600200 8317 0 30911 0 0 0
cpu8 41709 63 44634 1695167 17972 0 13660 0 0 0
cpu9 47962 70 47903 1669310 21821 0 14902 0 0 0
cpu10 45427 69 46218 1678054 19786 0 14698 0 0 0
cpu11 41414 65 42016 1699458 18165 0 13059 0 0 0
cpu12 85702 145 52150 1622859 24074 0 16182 0 0 0
cpu13 82047 76 53145 1621702 25367 0 16548 0 0 0
cpu14 41312 63 41520 1702738 17184 0 12810 0 0 0
cpu15 38290 67 38100 1716896 17449 0 11625 0 0 0
cpu16 191501 30 60747 1560899 8929 0 34549 0 0 0
cpu17 180719 29 58968 1572226 11185 0 33107 0 0 0
cpu18 169494 29 57345 1586579 10894 0 32270 0 0 0
cpu19 314336 27 88511 1394069 5070 0 53508 0 0 0
cpu20 275555 26 81737 1440417 8124 0 50405 0 0 0
cpu21 164909 31 56502 1590565 12618 0 31515 0 0 0
cpu22 152936 35 53923 1606884 12362 0 29353 0 0 0
cpu23 132748 34 48272 1639324 11670 0 24765 0 0 0
cpu24 44680 67 42997 1696248 21108 0 13758 0 0 0
cpu25 50037 67 47976 1670688 23756 0 16275 0 0 0
cpu26 47789 61 46788 1677580 22803 0 15816 0 0 0
cpu27 40380 52 41718 1688907 21180 0 21624 0 0 0
cpu28 77454 86 55877 1610147 26326 0 28935 0 0 0
cpu29 81472 122 57906 1598696 26713 0 29487 0 0 0
cpu30 39735 47 43334 1683130 18985 0 21635 0 0 0
cpu31 42937 48 43517 1698707 19032 0 13766 0 0 0
intr 3383690713 126 0 0 0 0 0 0 0 0 1 0 0 0 0 0 0 0 0 0 0 0 0 0 0 0 0 0 1 1 1 0 0 0 0 1 0 1 0 0 75045 0 0 0 0 0 0 0 0 411 0 0 0 0 0 0 0 0 87 0 0 0 0 0 0 0 0 0 0 0 0 0 0 0 532957 2 35062895 35001092 34915547 35059682 0 15320 13318 16359 15639 9713 12125 15959 16777 13274 46177 62103 49993 42405 64033 61018 37644 34328 16783 18659 22185 9005 14959 20767 20436 17731 44401 56385 52790 41962 64759 67944 38829 39286 0 0 0 0 617257 4586 1036 0 264 0 0 0 0 0 0 0 0 0 0 0 0 0 0 0 0 0 0 0 0 0 0 0 0 0 0 0 0 0 0 0 0 0 0 0 0 0 0 0 0 0 0 0 0 0 0 0 0 0 0 0 0 0 0 0 0 0 0 0 0 0 0 0 0 0 0 0 0 0 0 0 0 0 0 0 0 0 0 0 0 0 0 0 0 0 0 0 0 0 0 0 0 0 0 0 0 0 0 0 0 0 0 0 0 0 0 0 0 0 0 0 0 0 0 0 0 0 0 0 0 0 0 0 0 0 0 0 0 0 0 0 0 0 0 0 0 0 0 0 0 0 0 0 0 0 0 0 0 0 0 0 0 0 0 0 0 0 0 0 0 0 0 0 0 0 0 0 0 0 0 0 0 0 0 0 0 0 0 0 0 0 0 0 0 0 0 0 0 0 0 0 0 0 0 0 0 0 0 0 0 0 0 0 0 0 0 0 0 0 0 0 0 0 0 0 0 0 0 0 0 0 0 0 0 0 0 0 0 0 0 0 0 0 0 0 0 0 0 0 0 0 0 0 0 0 0 0 0 0 0 0 0 0 0 0 0 0 0 0 0 0 0 0 0 0 0 0 0 0 0 0 0 0 0 0 0 0 0 0 0 0 0 0 0 0 0 0 0 0 0 0 0 0 0 0 0 0 0 0 0 0 0 0 0 0 0 0 0 0 0 0 0 0 0 0 0 0 0 0 0 0 0 0 0 0 0 0 0 0 0 0 0 0 0 0 0 0 0 0 0 0 0 0 0 0 0 0 0 0 0 0 0 0 0 0 0 0 0 0 0 0 0 0 0 0 0 0 0 0 0 0 0 0 0 0 0 0 0 0 0 0 0 0 0 0 0 0 0 0 0 0 0 0 0 0 0 0 0 0 0 0 0 0 0 0 0 0 0 0 0 0 0 0 0 0 0 0 0 0 0 0 0 0 0 0 0 0 0 0 0 0 0 0 0 0 0 0 0 0 0 0 0 0 0 0 0 0 0 0 0 0 0 0 0 0 0 0 0 0 0 0 0 0 0 0 0 0 0 0 0 0 0 0 0 0 0 0 0 0 0 0 0 0 0 0 0 0 0 0 0 0 0 0 0 0 0 0 0 0 0 0 0 0 0 0 0 0 0 0 0 0 0 0 0 0 0 0 0 0 0 0 0 0 0 0 0 0 0 0 0 0 0 0 0 0 0 0 0 0 0 0 0 0 0 0 0 0 0 0 0 0 0 0 0 0 0 0 0 0 0 0 0 0 0 0 0 0 0 0 0 0 0 0 0 0 0 0 0 0 0 0 0 0 0 0 0 0 0 0 0 0 0 0 0 0 0 0 0 0 0 0 0 0 0 0 0 0 0 0 0 0 0 0 0 0 0 0 0 0 0 0 0 0 0 0 0 0 0 0 0 0 0 0 0 0 0 0 0 0 0 0 0 0 0 0 0 0 0 0 0 0 0 0 0 0 0 0 0 0 0 0 0 0 0 0 0 0 0 0 0 0 0 0 0 0 0 0 0 0 0 0 0 0 0 0 0 0 0 0 0 0 0 0 0 0 0 0 0 0 0 0 0 0 0 0 0 0 0 0 0 0 0 0 0 0 0 0 0 0 0 0 0 0 0 0 0 0 0 0 0 0 0 0 0 0 0 0 0 0 0 0 0 0 0 0 0 0 0 0 0 0 0 0 0 0 0 0 0 0 0 0 0 0 0 0 0 0 0 0 0 0 0 0 0 0 0 0 0 0 0 0 0 0 0 0 0 0 0 0 0 0 0 0 0 0 0 0 0 0 0 0 0 0 0 0 0 0 0 0 0 0 0 0 0 0 0 0 0 0 0 0 0 0 0 0 0 0 0 0 0 0 0 0 0 0 0 0 0 0 0 0 0 0 0 0 0 0 0 0 0 0 0 0 0 0 0 0 0 0 0 0 0 0 0 0 0 0 0 0 0 0 0 0 0 0 0 0 0 0 0 0 0 0 0 0 0 0 0 0 0 0 0 0 0 0 0 0 0 0 0 0 0 0 0 0 0 0 0 0 0 0 0 0 0 0 0 0 0 0 0 0 0 0 0 0 0 0 0 0 0 0 0 0 0 0 0 0 0 0 0 0 0 0 0 0 0 0 0 0 0 0 0 0 0 0 0 0 0 0 0 0 0 0 0 0 0 0 0 0 0 0 0 0 0 0 0 0 0 0 0 0 0 0 0 0 0 0 0 0 0 0 0 0 0 0 0 0 0 0 0 0 0 0 0 0 0 0 0 0 0 0 0 0 0 0 0 0 0 0 0 0 0 0 0 0 0 0 0 0 0 0 0 0 0 0 0 0 0 0 0 0 0 0 0 0 0 0 0 0 0 0 0 0 0 0 0 0 0 0 0 0 0 0 0 0 0 0 0 0 0 0 0 0 0 0 0 0 0 0 0 0 0 0 0 0 0 0 0 0 0 0 0 0 0 0 0 0 0 0 0 0 0
ctxt 5376177815
btime 1790630938
processes 1030761
procs_running 1
procs_blocked 0
softirq 4820084894 73526 13501032 2753176 387615861 556169 0 13560391 55003848 421 52053174
--
cpu  3805735 1707 1705398 51841479 481170 0 816303 0 0 0
cpu0 143556 31 49134 1622361 6270 0 26925 0 0 0
cpu1 144615 35 50016 1626098 7678 0 26146 0 0 0
cpu2 148485 35 50303 1622913 7740 0 26235 0 0 0
cpu3 232693 35 72725 1500969 4988 0 43009 0 0 0
cpu4 234486 40 71329 1500880 6297 0 43414 0 0 0
cpu5 154281 40 51974 1614367 8544 0 27147 0 0 0
cpu6 155270 35 52424 1612569 8733 0 28250 0 0 0
cpu7 161700 33 55666 1600999 8317 0 30911 0 0 0
cpu8 41710 63 44634 1695966 17972 0 13660 0 0 0
cpu9 47963 70 47903 1670107 21821 0 14902 0 0 0
cpu10 45428 69 46218 1678853 19786 0 14698 0 0 0
cpu11 41415 65 42016 1700256 18165 0 13059 0 0 0
cpu12 85731 145 52152 1623625 24074 0 16182 0 0 0
cpu13 82067 76 53146 1622479 25367 0 16548 0 0 0
cpu14 41315 63 41521 1703533 17184 0 12810 0 0 0
cpu15 38292 67 38100 1717694 17449 0 11625 0 0 0
cpu16 191504 30 60747 1561695 8929 0 34549 0 0 0
cpu17 180720 29 58968 1573024 11185 0 33107 0 0 0
cpu18 169495 29 57345 1587378 10894 0 32270 0 0 0
cpu19 314359 27 88513 1394843 5070 0 53509 0 0 0
cpu20 275555 26 81737 1441216 8124 0 50405 0 0 0
cpu21 164910 31 56502 1591364 12618 0 31515 0 0 0
cpu22 152936 35 53923 1607683 12362 0 29353 0 0 0
cpu23 132748 34 48272 1640123 11670 0 24765 0 0 0
cpu24 44682 67 42997 1697043 21109 0 13758 0 0 0
cpu25 50037 67 47977 1671486 23756 0 16275 0 0 0
cpu26 47791 61 46788 1678378 22803 0 15816 0 0 0
cpu27 40381 52 41720 1689703 21180 0 21624 0 0 0
cpu28 77454 86 55878 1610944 26328 0 28935 0 0 0
cpu29 81473 122 57906 1599481 26726 0 29487 0 0 0
cpu30 39736 47 43334 1683928 18985 0 21635 0 0 0
cpu31 42937 48 43517 1699505 19032 0 13766 0 0 0
intr 3383795166 126 0 0 0 0 0 0 0 0 1 0 0 0 0 0 0 0 0 0 0 0 0 0 0 0 0 0 1 1 1 0 0 0 0 1 0 1 0 0 75045 0 0 0 0 0 0 0 0 411 0 0 0 0 0 0 0 0 87 0 0 0 0 0 0 0 0 0 0 0 0 0 0 0 533086 2 35062952 35001113 34915592 35059731 0 15328 13318 16359 15639 9714 12125 15959 16778 13274 46177 62103 49993 42405 64033 61018 37644 34328 16783 18659 22185 9006 14959 20767 20436 17731 44401 56385 52790 41962 64768 67944 38829 39286 0 0 0 0 617261 4586 1036 0 264 0 0 0 0 0 0 0 0 0 0 0 0 0 0 0 0 0 0 0 0 0 0 0 0 0 0 0 0 0 0 0 0 0 0 0 0 0 0 0 0 0 0 0 0 0 0 0 0 0 0 0 0 0 0 0 0 0 0 0 0 0 0 0 0 0 0 0 0 0 0 0 0 0 0 0 0 0 0 0 0 0 0 0 0 0 0 0 0 0 0 0 0 0 0 0 0 0 0 0 0 0 0 0 0 0 0 0 0 0 0 0 0 0 0 0 0 0 0 0 0 0 0 0 0 0 0 0 0 0 0 0 0 0 0 0 0 0 0 0 0 0 0 0 0 0 0 0 0 0 0 0 0 0 0 0 0 0 0 0 0 0 0 0 0 0 0 0 0 0 0 0 0 0 0 0 0 0 0 0 0 0 0 0 0 0 0 0 0 0 0 0 0 0 0 0 0 0 0 0 0 0 0 0 0 0 0 0 0 0 0 0 0 0 0 0 0 0 0 0 0 0 0 0 0 0 0 0 0 0 0 0 0 0 0 0 0 0 0 0 0 0 0 0 0 0 0 0 0 0 0 0 0 0 0 0 0 0 0 0 0 0 0 0 0 0 0 0 0 0 0 0 0 0 0 0 0 0 0 0 0 0 0 0 0 0 0 0 0 0 0 0 0 0 0 0 0 0 0 0 0 0 0 0 0 0 0 0 0 0 0 0 0 0 0 0 0 0 0 0 0 0 0 0 0 0 0 0 0 0 0 0 0 0 0 0 0 0 0 0 0 0 0 0 0 0 0 0 0 0 0 0 0 0 0 0 0 0 0 0 0 0 0 0 0 0 0 0 0 0 0 0 0 0 0 0 0 0 0 0 0 0 0 0 0 0 0 0 0 0 0 0 0 0 0 0 0 0 0 0 0 0 0 0 0 0 0 0 0 0 0 0 0 0 0 0 0 0 0 0 0 0 0 0 0 0 0 0 0 0 0 0 0 0 0 0 0 0 0 0 0 0 0 0 0 0 0 0 0 0 0 0 0 0 0 0 0 0 0 0 0 0 0 0 0 0 0 0 0 0 0 0 0 0 0 0 0 0 0 0 0 0 0 0 0 0 0 0 0 0 0 0 0 0 0 0 0 0 0 0 0 0 0 0 0 0 0 0 0 0 0 0 0 0 0 0 0 0 0 0 0 0 0 0 0 0 0 0 0 0 0 0 0 0 0 0 0 0 0 0 0 0 0 0 0 0 0 0 0 0 0 0 0 0 0 0 0 0 0 0 0 0 0 0 0 0 0 0 0 0 0 0 0 0 0 0 0 0 0 0 0 0 0 0 0 0 0 0 0 0 0 0 0 0 0 0 0 0 0 0 0 0 0 0 0 0 0 0 0 0 0 0 0 0 0 0 0 0 0 0 0 0 0 0 0 0 0 0 0 0 0 0 0 0 0 0 0 0 0 0 0 0 0 0 0 0 0 0 0 0 0 0 0 0 0 0 0 0 0 0 0 0 0 0 0 0 0 0 0 0 0 0 0 0 0 0 0 0 0 0 0 0 0 0 0 0 0 0 0 0 0 0 0 0 0 0 0 0 0 0 0 0 0 0 0 0 0 0 0 0 0 0 0 0 0 0 0 0 0 0 0 0 0 0 0 0 0 0 0 0 0 0 0 0 0 0 0 0 0 0 0 0 0 0 0 0 0 0 0 0 0 0 0 0 0 0 0 0 0 0 0 0 0 0 0 0 0 0 0 0 0 0 0 0 0 0 0 0 0 0 0 0 0 0 0 0 0 0 0 0 0 0 0 0 0 0 0 0 0 0 0 0 0 0 0 0 0 0 0 0 0 0 0 0 0 0 0 0 0 0 0 0 0 0 0 0 0 0 0 0 0 0 0 0 0 0 0 0 0 0 0 0 0 0 0 0 0 0 0 0 0 0 0 0 0 0 0 0 0 0 0 0 0 0 0 0 0 0 0 0 0 0 0 0 0 0 0 0 0 0 0 0 0 0 0 0 0 0 0 0 0 0 0 0 0 0 0 0 0 0 0 0 0 0 0 0 0 0 0 0 0 0 0 0 0 0 0 0 0 0 0 0 0 0 0 0 0 0 0 0 0 0 0 0 0 0 0 0 0 0 0 0 0 0 0 0 0 0 0 0 0 0 0 0 0 0 0 0 0 0 0 0 0 0 0 0 0 0 0 0 0 0 0 0 0 0 0 0 0 0 0 0 0 0 0 0 0 0 0 0 0 0 0 0 0 0 0 0 0 0 0 0 0 0 0 0 0 0 0 0 0 0 0 0 0 0 0 0 0 0 0 0 0 0 0 0 0 0 0 0 0 0 0 0 0 0 0 0 0 0 0 0 0 0 0 0 0 0 0 0 0 0 0 0 0 0 0 0 0 0 0 0 0 0 0 0 0 0 0 0 0 0 0 0 0 0 0 0 0 0 0 0 0 0 0 0 0 0 0 0 0 0 0 0 0 0 0 0 0 0 0 0 0
ctxt 5376307876
btime 1790630938
processes 1030824
procs_running 2
procs_blocked 0
softirq 4820107041 73526 13504663 2753176 387618306 556308 0 13560391 55012191 421 52060763
