Running 10s test @ http://127.0.0.1:18500/usleep?ms=10
  16 threads and 1000 connections
  Thread Stats   Avg      Stdev     Max   +/- Stdev
    Latency     1.71s     1.29s    8.13s    84.53%
    Req/Sec    39.85     21.89   111.00     73.46%
  Latency Distribution
     50%    1.30s 
     75%    1.71s 
     90%    3.74s 
     99%    7.56s 
  5374 requests in 10.01s, 1.06MB read
Requests/sec:    536.89
Transfer/sec:    108.53KB
## server-stat
cpu  4002164 1789 1742354 54613762 642602 0 822990 0 0 0
cpu0 152055 32 50712 1709216 7654 0 27493 0 0 0
cpu1 151863 36 51396 1714557 9451 0 26510 0 0 0
cpu2 157251 37 51678 1709480 9964 0 26600 0 0 0
cpu3 249709 37 75110 1578681 6541 0 43488 0 0 0
cpu4 250119 43 73509 1580260 7982 0 43848 0 0 0
cpu5 161381 41 53174 1702606 11239 0 27368 0 0 0
cpu6 162487 37 53471 1700326 11920 0 28464 0 0 0
cpu7 167400 36 56625 1690014 11782 0 31192 0 0 0
cpu8 42007 67 45114 1787385 24895 0 13683 0 0 0
cpu9 48422 75 48433 1760582 29176 0 14948 0 0 0
cpu10 45764 73 46732 1769608 27100 0 14728 0 0 0
cpu11 41682 70 42501 1791532 25302 0 13078 0 0 0
cpu12 87819 149 52873 1712032 31364 0 16260 0 0 0
cpu13 83900 80 53917 1710565 33047 0 16634 0 0 0
cpu14 41615 67 42060 1795184 23670 0 12840 0 0 0
cpu15 38519 72 38591 1809309 24282 0 11646 0 0 0
cpu16 205136 31 62569 1643698 10616 0 34882 0 0 0
cpu17 193946 30 60675 1654760 13619 0 33439 0 0 0
cpu18 179463 30 58710 1671941 14172 0 32526 0 0 0
cpu19 337703 28 91820 1465874 6184 0 54120 0 0 0
cpu20 298732 27 84974 1512284 9483 0 51029 0 0 0
cpu21 175600 33 58016 1674623 16238 0 31874 0 0 0
cpu22 160799 37 55230 1693539 16409 0 29695 0 0 0
cpu23 139056 35 49428 1727483 16003 0 25011 0 0 0
cpu24 45062 72 43564 1787391 29038 0 13783 0 0 0
cpu25 50476 69 48554 1761429 31942 0 16306 0 0 0
cpu26 48174 63 47349 1768522 30958 0 15843 0 0 0
cpu27 40718 55 42253 1780080 29286 0 21643 0 0 0
cpu28 79056 88 56625 1698821 34814 0 29011 0 0 0
cpu29 82946 125 58703 1686910 35573 0 29579 0 0 0
cpu30 40047 50 43906 1774737 26303 0 21668 0 0 0
cpu31 43242 51 44065 1790318 26581 0 13788 0 0 0
intr 3435941768 126 0 0 0 0 0 0 0 0 1 0 0 0 0 0 0 0 0 0 0 0 0 0 0 0 0 0 1 1 1 0 0 0 0 1 0 1 0 0 75045 0 0 0 0 0 0 0 0 411 0 0 0 0 0 0 0 0 87 0 0 0 0 0 0 0 0 0 0 0 0 0 0 0 580649 2 35066453 35003367 34918576 35063669 0 16121 15660 19363 19527 12044 15296 19966 20965 17603 55556 75628 61618 51430 81446 78886 45397 42464 19852 23048 27474 11370 17620 25890 26110 22431 56280 71203 64617 52036 82977 90232 47025 48063 0 0 0 0 617325 4664 1036 0 264 0 0 0 0 0 0 0 0 0 0 0 0 0 0 0 0 0 0 0 0 0 0 0 0 0 0 0 0 0 0 0 0 0 0 0 0 0 0 0 0 0 0 0 0 0 0 0 0 0 0 0 0 0 0 0 0 0 0 0 0 0 0 0 0 0 0 0 0 0 0 0 0 0 0 0 0 0 0 0 0 0 0 0 0 0 0 0 0 0 0 0 0 0 0 0 0 0 0 0 0 0 0 0 0 0 0 0 0 0 0 0 0 0 0 0 0 0 0 0 0 0 0 0 0 0 0 0 0 0 0 0 0 0 0 0 0 0 0 0 0 0 0 0 0 0 0 0 0 0 0 0 0 0 0 0 0 0 0 0 0 0 0 0 0 0 0 0 0 0 0 0 0 0 0 0 0 0 0 0 0 0 0 0 0 0 0 0 0 0 0 0 0 0 0 0 0 0 0 0 0 0 0 0 0 0 0 0 0 0 0 0 0 0 0 0 0 0 0 0 0 0 0 0 0 0 0 0 0 0 0 0 0 0 0 0 0 0 0 0 0 0 0 0 0 0 0 0 0 0 0 0 0 0 0 0 0 0 0 0 0 0 0 0 0 0 0 0 0 0 0 0 0 0 0 0 0 0 0 0 0 0 0 0 0 0 0 0 0 0 0 0 0 0 0 0 0 0 0 0 0 0 0 0 0 0 0 0 0 0 0 0 0 0 0 0 0 0 0 0 0 0 0 0 0 0 0 0 0 0 0 0 0 0 0 0 0 0 0 0 0 0 0 0 0 0 0 0 0 0 0 0 0 0 0 0 0 0 0 0 0 0 0 0 0 0 0 0 0 0 0 0 0 0 0 0 0 0 0 0 0 0 0 0 0 0 0 0 0 0 0 0 0 0 0 0 0 0 0 0 0 0 0 0 0 0 0 0 0 0 0 0 0 0 0 0 0 0 0 0 0 0 0 0 0 0 0 0 0 0 0 0 0 0 0 0 0 0 0 0 0 0 0 0 0 0 0 0 0 0 0 0 0 0 0 0 0 0 0 0 0 0 0 0 0 0 0 0 0 0 0 0 0 0 0 0 0 0 0 0 0 0 0 0 0 0 0 0 0 0 0 0 0 0 0 0 0 0 0 0 0 0 0 0 0 0 0 0 0 0 0 0 0 0 0 0 0 0 0 0 0 0 0 0 0 0 0 0 0 0 0 0 0 0 0 0 0 0 0 0 0 0 0 0 0 0 0 0 0 0 0 0 0 0 0 0 0 0 0 0 0 0 0 0 0 0 0 0 0 0 0 0 0 0 0 0 0 0 0 0 0 0 0 0 0 0 0 0 0 0 0 0 0 0 0 0 0 0 0 0 0 0 0 0 0 0 0 0 0 0 0 0 0 0 0 0 0 0 0 0 0 0 0 0 0 0 0 0 0 0 0 0 0 0 0 0 0 0 0 0 0 0 0 0 0 0 0 0 0 0 0 0 0 0 0 0 0 0 0 0 0 0 0 0 0 0 0 0 0 0 0 0 0 0 0 0 0 0 0 0 0 0 0 0 0 0 0 0 0 0 0 0 0 0 0 0 0 0 0 0 0 0 0 0 0 0 0 0 0 0 0 0 0 0 0 0 0 0 0 0 0 0 0 0 0 0 0 0 0 0 0 0 0 0 0 0 0 0 0 0 0 0 0 0 0 0 0 0 0 0 0 0 0 0 0 0 0 0 0 0 0 0 0 0 0 0 0 0 0 0 0 0 0 0 0 0 0 0 0 0 0 0 0 0 0 0 0 0 0 0 0 0 0 0 0 0 0 0 0 0 0 0 0 0 0 0 0 0 0 0 0 0 0 0 0 0 0 0 0 0 0 0 0 0 0 0 0 0 0 0 0 0 0 0 0 0 0 0 0 0 0 0 0 0 0 0 0 0 0 0 0 0 0 0 0 0 0 0 0 0 0 0 0 0 0 0 0 0 0 0 0 0 0 0 0 0 0 0 0 0 0 0 0 0 0 0 0 0 0 0 0 0 0 0 0 0 0 0 0 0 0 0 0 0 0 0 0 0 0 0 0 0 0 0 0 0 0 0 0 0 0 0 0 0 0 0 0 0 0 0 0 0 0 0 0 0 0 0 0 0 0 0 0 0 0 0 0 0 0 0 0 0 0 0 0 0 0 0 0 0 0 0 0 0 0 0 0 0 0 0 0 0 0 0 0 0 0 0 0 0 0 0 0 0 0 0 0 0 0 0 0 0 0 0 0 0 0 0 0 0 0 0 0 0 0 0 0 0 0 0 0 0 0 0 0 0 0 0 0 0 0 0 0 0 0 0 0 0 0 0 0 0 0 0 0 0 0 0 0 0 0 0 0 0 0 0 0 0 0 0 0 0 0 0 0 0 0 0 0 0 0 0 0 0 0 0 0 0 0 0 0 0 0 0 0 0 0 0 0 0 0 0 0 0 0 0 0 0 0 0 0 0 0 0 0 0 0 0 0 0 0 0 0
ctxt 5462951419
btime 1790630938
processes 1220213
procs_running 1
procs_blocked 0
softirq 4859369062 73526 14363571 2753177 419628221 605153 0 13560570 57015748 421 56401379
--
cpu  4002251 1790 1742370 54639203 642617 0 822995 0 0 0
cpu0 152059 32 50713 1710010 7654 0 27494 0 0 0
cpu1 151864 36 51396 1715355 9451 0 26510 0 0 0
cpu2 157252 37 51678 1710279 9964 0 26600 0 0 0
cpu3 249723 37 75113 1579462 6541 0 43488 0 0 0
cpu4 250127 43 73510 1581049 7982 0 43848 0 0 0
cpu5 161382 42 53174 1703403 11240 0 27368 0 0 0
cpu6 162487 37 53471 1701125 11920 0 28464 0 0 0
cpu7 167401 36 56626 1690813 11782 0 31192 0 0 0
cpu8 42007 67 45114 1788182 24895 0 13683 0 0 0
cpu9 48423 75 48434 1761379 29176 0 14948 0 0 0
cpu10 45764 73 46732 1770406 27100 0 14728 0 0 0
cpu11 41682 70 42501 1792331 25302 0 13078 0 0 0
cpu12 87823 149 52874 1712824 31365 0 16261 0 0 0
cpu13 83910 80 53919 1711338 33058 0 16635 0 0 0
cpu14 41615 67 42060 1795983 23670 0 12840 0 0 0
cpu15 38519 72 38591 1810107 24282 0 11646 0 0 0
cpu16 205136 31 62570 1644497 10616 0 34882 0 0 0
cpu17 193946 30 60675 1655559 13619 0 33439 0 0 0
cpu18 179463 30 58711 1672740 14172 0 32526 0 0 0
cpu19 337710 28 91821 1466663 6184 0 54121 0 0 0
cpu20 298732 27 84974 1513083 9483 0 51029 0 0 0
cpu21 175601 33 58016 1675422 16238 0 31874 0 0 0
cpu22 160800 37 55230 1694338 16409 0 29695 0 0 0
cpu23 139056 35 49428 1728282 16003 0 25011 0 0 0
cpu24 45062 72 43565 1788189 29039 0 13783 0 0 0
cpu25 50476 69 48555 1762227 31942 0 16306 0 0 0
cpu26 48175 63 47349 1769319 30958 0 15844 0 0 0
cpu27 40718 55 42254 1780878 29286 0 21643 0 0 0
cpu28 79089 88 56627 1699584 34814 0 29011 0 0 0
cpu29 82946 125 58704 1687707 35573 0 29579 0 0 0
cpu30 40048 50 43907 1775535 26303 0 21668 0 0 0
cpu31 43242 51 44065 1791117 26581 0 13788 0 0 0
intr 3436046931 126 0 0 0 0 0 0 0 0 1 0 0 0 0 0 0 0 0 0 0 0 0 0 0 0 0 0 1 1 1 0 0 0 0 1 0 1 0 0 75045 0 0 0 0 0 0 0 0 411 0 0 0 0 0 0 0 0 87 0 0 0 0 0 0 0 0 0 0 0 0 0 0 0 580768 2 35066459 35003375 34918583 35063677 0 16129 15660 19363 19527 12044 15296 19966 20965 17603 55557 75628 61618 51430 82436 78986 45397 42464 19852 23048 27475 11370 17620 25890 26110 22431 56978 71212 64619 52036 82977 90232 47025 48063 0 0 0 0 617325 4664 1036 0 264 0 0 0 0 0 0 0 0 0 0 0 0 0 0 0 0 0 0 0 0 0 0 0 0 0 0 0 0 0 0 0 0 0 0 0 0 0 0 0 0 0 0 0 0 0 0 0 0 0 0 0 0 0 0 0 0 0 0 0 0 0 0 0 0 0 0 0 0 0 0 0 0 0 0 0 0 0 0 0 0 0 0 0 0 0 0 0 0 0 0 0 0 0 0 0 0 0 0 0 0 0 0 0 0 0 0 0 0 0 0 0 0 0 0 0 0 0 0 0 0 0 0 0 0 0 0 0 0 0 0 0 0 0 0 0 0 0 0 0 0 0 0 0 0 0 0 0 0 0 0 0 0 0 0 0 0 0 0 0 0 0 0 0 0 0 0 0 0 0 0 0 0 0 0 0 0 0 0 0 0 0 0 0 0 0 0 0 0 0 0 0 0 0 0 0 0 0 0 0 0 0 0 0 0 0 0 0 0 0 0 0 0 0 0 0 0 0 0 0 0 0 0 0 0 0 0 0 0 0 0 0 0 0 0 0 0 0 0 0 0 0 0 0 0 0 0 0 0 0 0 0 0 0 0 0 0 0 0 0 0 0 0 0 0 0 0 0 0 0 0 0 0 0 0 0 0 0 0 0 0 0 0 0 0 0 0 0 0 0 0 0 0 0 0 0 0 0 0 0 0 0 0 0 0 0 0 0 0 0 0 0 0 0 0 0 0 0 0 0 0 0 0 0 0 0 0 0 0 0 0 0 0 0 0 0 0 0 0 0 0 0 0 0 0 0 0 0 0 0 0 0 0 0 0 0 0 0 0 0 0 0 0 0 0 0 0 0 0 0 0 0 0 0 0 0 0 0 0 0 0 0 0 0 0 0 0 0 0 0 0 0 0 0 0 0 0 0 0 0 0 0 0 0 0 0 0 0 0 0 0 0 0 0 0 0 0 0 0 0 0 0 0 0 0 0 0 0 0 0 0 0 0 0 0 0 0 0 0 0 0 0 0 0 0 0 0 0 0 0 0 0 0 0 0 0 0 0 0 0 0 0 0 0 0 0 0 0 0 0 0 0 0 0 0 0 0 0 0 0 0 0 0 0 0 0 0 0 0 0 0 0 0 0 0 0 0 0 0 0 0 0 0 0 0 0 0 0 0 0 0 0 0 0 0 0 0 0 0 0 0 0 0 0 0 0 0 0 0 0 0 0 0 0 0 0 0 0 0 0 0 0 0 0 0 0 0 0 0 0 0 0 0 0 0 0 0 0 0 0 0 0 0 0 0 0 0 0 0 0 0 0 0 0 0 0 0 0 0 0 0 0 0 0 0 0 0 0 0 0 0 0 0 0 0 0 0 0 0 0 0 0 0 0 0 0 0 0 0 0 0 0 0 0 0 0 0 0 0 0 0 0 0 0 0 0 0 0 0 0 0 0 0 0 0 0 0 0 0 0 0 0 0 0 0 0 0 0 0 0 0 0 0 0 0 0 0 0 0 0 0 0 0 0 0 0 0 0 0 0 0 0 0 0 0 0 0 0 0 0 0 0 0 0 0 0 0 0 0 0 0 0 0 0 0 0 0 0 0 0 0 0 0 0 0 0 0 0 0 0 0 0 0 0 0 0 0 0 0 0 0 0 0 0 0 0 0 0 0 0 0 0 0 0 0 0 0 0 0 0 0 0 0 0 0 0 0 0 0 0 0 0 0 0 0 0 0 0 0 0 0 0 0 0 0 0 0 0 0 0 0 0 0 0 0 0 0 0 0 0 0 0 0 0 0 0 0 0 0 0 0 0 0 0 0 0 0 0 0 0 0 0 0 0 0 0 0 0 0 0 0 0 0 0 0 0 0 0 0 0 0 0 0 0 0 0 0 0 0 0 0 0 0 0 0 0 0 0 0 0 0 0 0 0 0 0 0 0 0 0 0 0 0 0 0 0 0 0 0 0 0 0 0 0 0 0 0 0 0 0 0 0 0 0 0 0 0 0 0 0 0 0 0 0 0 0 0 0 0 0 0 0 0 0 0 0 0 0 0 0 0 0 0 0 0 0 0 0 0 0 0 0 0 0 0 0 0 0 0 0 0 0 0 0 0 0 0 0 0 0 0 0 0 0 0 0 0 0 0 0 0 0 0 0 0 0 0 0 0 0 0 0 0 0 0 0 0 0 0 0 0 0 0 0 0 0 0 0 0 0 0 0 0 0 0 0 0 0 0 0 0 0 0 0 0 0 0 0 0 0 0 0 0 0 0 0 0 0 0 0 0 0 0 0 0 0 0 0 0 0 0 0 0 0 0 0 0 0 0 0 0 0 0 0 0 0 0 0 0 0 0 0 0 0 0 0 0 0 0 0 0 0 0 0 0 0 0 0 0 0 0 0 0 0 0 0 0 0 0 0 0 0 0 0 0 0 0 0 0 0 0 0 0 0 0 0 0 0 0 0 0 0 0 0 0 0 0 0 0 0 0 0 0 0 0 0 0 0 0 0 0 0 0
ctxt 5463100847
btime 1790630938
processes 1220279
procs_running 1
procs_blocked 0
softirq 4859404161 73526 14372287 2753177 419637870 605285 0 13560570 57024156 421 56409573
