Running 10s test @ http://127.0.0.1:18500/json
  16 threads and 128 connections
  Thread Stats   Avg      Stdev     Max   +/- Stdev
    Latency   640.12us  324.44us   3.25ms   68.23%
    Req/Sec    12.76k     3.82k   19.29k    69.54%
  Latency Distribution
     50%  578.00us
     75%  789.00us
     90%    1.30ms
     99%    1.42ms
  2050909 requests in 10.10s, 461.59MB read
Requests/sec: 203068.64
Transfer/sec:     45.70MB
## server-stat
cpu  3993746 1786 1739986 54515399 625589 0 822260 0 0 0
cpu0 151914 31 50625 1705695 7443 0 27475 0 0 0
cpu1 151596 36 51321 1711254 9113 0 26488 0 0 0
cpu2 156581 37 51579 1706651 9617 0 26534 0 0 0
cpu3 249162 37 74958 1575612 6351 0 43454 0 0 0
cpu4 249852 43 73382 1576846 7805 0 43837 0 0 0
cpu5 161175 41 53109 1699279 10844 0 27351 0 0 0
cpu6 162440 37 53438 1696865 11461 0 28464 0 0 0
cpu7 166623 36 56521 1687445 11298 0 31120 0 0 0
cpu8 41991 67 45083 1784089 24308 0 13679 0 0 0
cpu9 48404 75 48396 1757497 28405 0 14942 0 0 0
cpu10 45751 73 46696 1766329 26516 0 14723 0 0 0
cpu11 41670 70 42464 1788232 24722 0 13074 0 0 0
cpu12 87754 148 52831 1708899 30704 0 16255 0 0 0
cpu13 83848 80 53870 1707531 32278 0 16628 0 0 0
cpu14 41603 67 42019 1791860 23120 0 12836 0 0 0
cpu15 38507 72 38558 1806030 23681 0 11642 0 0 0
cpu16 204272 31 62423 1641167 10214 0 34809 0 0 0
cpu17 193302 30 60567 1652071 13106 0 33384 0 0 0
cpu18 179282 30 58654 1668747 13615 0 32511 0 0 0
cpu19 336865 28 91601 1463169 6001 0 54061 0 0 0
cpu20 297728 27 84767 1509865 9184 0 50948 0 0 0
cpu21 174927 33 57905 1672024 15672 0 31811 0 0 0
cpu22 160016 37 55118 1691011 15892 0 29625 0 0 0
cpu23 139037 35 49395 1723989 15544 0 25010 0 0 0
cpu24 45041 72 43523 1784247 28323 0 13779 0 0 0
cpu25 50451 68 48517 1758304 31215 0 16301 0 0 0
cpu26 48148 63 47310 1765461 30155 0 15839 0 0 0
cpu27 40698 55 42216 1776959 28525 0 21640 0 0 0
cpu28 78986 88 56580 1695793 34041 0 29005 0 0 0
cpu29 82857 125 58649 1683919 34789 0 29574 0 0 0
cpu30 40031 50 43868 1771480 25684 0 21663 0 0 0
cpu31 43224 51 44029 1787065 25947 0 13785 0 0 0
intr 3432599429 126 0 0 0 0 0 0 0 0 1 0 0 0 0 0 0 0 0 0 0 0 0 0 0 0 0 0 1 1 1 0 0 0 0 1 0 1 0 0 75045 0 0 0 0 0 0 0 0 411 0 0 0 0 0 0 0 0 87 0 0 0 0 0 0 0 0 0 0 0 0 0 0 0 577144 2 35066403 35003333 34918526 35063623 0 16093 15346 18917 18871 11785 14973 19479 20441 17133 54491 74248 60523 50622 79512 77072 44718 41703 19227 22206 26573 10982 17170 25179 25477 21911 55340 69848 63363 51148 80555 87224 46268 47263 0 0 0 0 617325 4664 1036 0 264 0 0 0 0 0 0 0 0 0 0 0 0 0 0 0 0 0 0 0 0 0 0 0 0 0 0 0 0 0 0 0 0 0 0 0 0 0 0 0 0 0 0 0 0 0 0 0 0 0 0 0 0 0 0 0 0 0 0 0 0 0 0 0 0 0 0 0 0 0 0 0 0 0 0 0 0 0 0 0 0 0 0 0 0 0 0 0 0 0 0 0 0 0 0 0 0 0 0 0 0 0 0 0 0 0 0 0 0 0 0 0 0 0 0 0 0 0 0 0 0 0 0 0 0 0 0 0 0 0 0 0 0 0 0 0 0 0 0 0 0 0 0 0 0 0 0 0 0 0 0 0 0 0 0 0 0 0 0 0 0 0 0 0 0 0 0 0 0 0 0 0 0 0 0 0 0 0 0 0 0 0 0 0 0 0 0 0 0 0 0 0 0 0 0 0 0 0 0 0 0 0 0 0 0 0 0 0 0 0 0 0 0 0 0 0 0 0 0 0 0 0 0 0 0 0 0 0 0 0 0 0 0 0 0 0 0 0 0 0 0 0 0 0 0 0 0 0 0 0 0 0 0 0 0 0 0 0 0 0 0 0 0 0 0 0 0 0 0 0 0 0 0 0 0 0 0 0 0 0 0 0 0 0 0 0 0 0 0 0 0 0 0 0 0 0 0 0 0 0 0 0 0 0 0 0 0 0 0 0 0 0 0 0 0 0 0 0 0 0 0 0 0 0 0 0 0 0 0 0 0 0 0 0 0 0 0 0 0 0 0 0 0 0 0 0 0 0 0 0 0 0 0 0 0 0 0 0 0 0 0 0 0 0 0 0 0 0 0 0 0 0 0 0 0 0 0 0 0 0 0 0 0 0 0 0 0 0 0 0 0 0 0 0 0 0 0 0 0 0 0 0 0 0 0 0 0 0 0 0 0 0 0 0 0 0 0 0 0 0 0 0 0 0 0 0 0 0 0 0 0 0 0 0 0 0 0 0 0 0 0 0 0 0 0 0 0 0 0 0 0 0 0 0 0 0 0 0 0 0 0 0 0 0 0 0 0 0 0 0 0 0 0 0 0 0 0 0 0 0 0 0 0 0 0 0 0 0 0 0 0 0 0 0 0 0 0 0 0 0 0 0 0 0 0 0 0 0 0 0 0 0 0 0 0 0 0 0 0 0 0 0 0 0 0 0 0 0 0 0 0 0 0 0 0 0 0 0 0 0 0 0 0 0 0 0 0 0 0 0 0 0 0 0 0 0 0 0 0 0 0 0 0 0 0 0 0 0 0 0 0 0 0 0 0 0 0 0 0 0 0 0 0 0 0 0 0 0 0 0 0 0 0 0 0 0 0 0 0 0 0 0 0 0 0 0 0 0 0 0 0 0 0 0 0 0 0 0 0 0 0 0 0 0 0 0 0 0 0 0 0 0 0 0 0 0 0 0 0 0 0 0 0 0 0 0 0 0 0 0 0 0 0 0 0 0 0 0 0 0 0 0 0 0 0 0 0 0 0 0 0 0 0 0 0 0 0 0 0 0 0 0 0 0 0 0 0 0 0 0 0 0 0 0 0 0 0 0 0 0 0 0 0 0 0 0 0 0 0 0 0 0 0 0 0 0 0 0 0 0 0 0 0 0 0 0 0 0 0 0 0 0 0 0 0 0 0 0 0 0 0 0 0 0 0 0 0 0 0 0 0 0 0 0 0 0 0 0 0 0 0 0 0 0 0 0 0 0 0 0 0 0 0 0 0 0 0 0 0 0 0 0 0 0 0 0 0 0 0 0 0 0 0 0 0 0 0 0 0 0 0 0 0 0 0 0 0 0 0 0 0 0 0 0 0 0 0 0 0 0 0 0 0 0 0 0 0 0 0 0 0 0 0 0 0 0 0 0 0 0 0 0 0 0 0 0 0 0 0 0 0 0 0 0 0 0 0 0 0 0 0 0 0 0 0 0 0 0 0 0 0 0 0 0 0 0 0 0 0 0 0 0 0 0 0 0 0 0 0 0 0 0 0 0 0 0 0 0 0 0 0 0 0 0 0 0 0 0 0 0 0 0 0 0 0 0 0 0 0 0 0 0 0 0 0 0 0 0 0 0 0 0 0 0 0 0 0 0 0 0 0 0 0 0 0 0 0 0 0 0 0 0 0 0 0 0 0 0 0 0 0 0 0 0 0 0 0 0 0 0 0 0 0 0 0 0 0 0 0 0 0 0 0 0 0 0 0 0 0 0 0 0 0 0 0 0 0 0 0 0 0 0 0 0 0 0 0 0 0 0 0 0 0 0 0 0 0 0 0 0 0 0 0 0 0 0 0 0 0 0 0 0 0 0 0 0 0 0 0 0 0 0 0 0 0 0 0 0 0 0 0 0 0 0 0 0 0 0 0 0 0 0 0 0 0 0 0 0 0 0 0 0 0 0 0 0 0 0 0 0 0 0 0 0 0 0 0 0 0 0 0 0 0 0 0 0 0 0 0 0 0 0 0
ctxt 5456990739
btime 1790630938
processes 1209552
procs_running 10
procs_blocked 0
softirq 4855147143 73526 14329824 2753177 415682155 601606 0 13560570 56945328 421 56233240
--
cpu  3999215 1786 1740586 54533284 625603 0 822820 0 0 0
cpu0 151914 31 50626 1706472 7443 0 27475 0 0 0
cpu1 151767 36 51338 1711847 9113 0 26505 0 0 0
cpu2 157105 37 51627 1706826 9617 0 26587 0 0 0
cpu3 249422 37 74982 1576102 6351 0 43477 0 0 0
cpu4 249854 43 73382 1577642 7805 0 43837 0 0 0
cpu5 161301 41 53121 1699926 10844 0 27364 0 0 0
cpu6 162464 37 53438 1697634 11461 0 28464 0 0 0
cpu7 167289 36 56590 1687445 11298 0 31184 0 0 0
cpu8 41995 67 45087 1784821 24308 0 13682 0 0 0
cpu9 48408 75 48401 1758213 28406 0 14946 0 0 0
cpu10 45753 73 46700 1767049 26516 0 14727 0 0 0
cpu11 41672 70 42468 1788961 24722 0 13077 0 0 0
cpu12 87761 148 52835 1709593 30716 0 16258 0 0 0
cpu13 83855 80 53877 1708234 32278 0 16632 0 0 0
cpu14 41604 67 42025 1792585 23120 0 12840 0 0 0
cpu15 38508 72 38561 1806756 23682 0 11646 0 0 0
cpu16 204950 31 62486 1641167 10214 0 34869 0 0 0
cpu17 193804 30 60616 1652275 13106 0 33428 0 0 0
cpu18 179429 30 58669 1669368 13615 0 32525 0 0 0
cpu19 337281 28 91642 1463474 6001 0 54097 0 0 0
cpu20 298395 27 84836 1509865 9184 0 51012 0 0 0
cpu21 175469 33 57959 1672174 15672 0 31864 0 0 0
cpu22 160686 37 55185 1691011 15892 0 29687 0 0 0
cpu23 139040 35 49396 1724783 15544 0 25010 0 0 0
cpu24 45042 72 43527 1784971 28323 0 13782 0 0 0
cpu25 50454 68 48520 1759025 31215 0 16305 0 0 0
cpu26 48152 63 47313 1766190 30156 0 15842 0 0 0
cpu27 40699 55 42218 1777700 28525 0 21642 0 0 0
cpu28 78999 88 56586 1696506 34041 0 29009 0 0 0
cpu29 82870 125 58658 1684628 34790 0 29577 0 0 0
cpu30 40033 50 43871 1772215 25684 0 21666 0 0 0
cpu31 43226 51 44031 1787809 25947 0 13787 0 0 0
intr 3434304628 126 0 0 0 0 0 0 0 0 1 0 0 0 0 0 0 0 0 0 0 0 0 0 0 0 0 0 1 1 1 0 0 0 0 1 0 1 0 0 75045 0 0 0 0 0 0 0 0 411 0 0 0 0 0 0 0 0 87 0 0 0 0 0 0 0 0 0 0 0 0 0 0 0 577336 2 35066411 35003338 34918531 35063632 0 16097 15346 18917 18871 11785 14973 19479 20441 17133 54491 74254 60523 50622 79512 77072 44718 41705 19227 22206 26573 10982 17170 25179 25477 21911 55341 69848 63364 51148 80555 87224 46268 47263 0 0 0 0 617325 4664 1036 0 264 0 0 0 0 0 0 0 0 0 0 0 0 0 0 0 0 0 0 0 0 0 0 0 0 0 0 0 0 0 0 0 0 0 0 0 0 0 0 0 0 0 0 0 0 0 0 0 0 0 0 0 0 0 0 0 0 0 0 0 0 0 0 0 0 0 0 0 0 0 0 0 0 0 0 0 0 0 0 0 0 0 0 0 0 0 0 0 0 0 0 0 0 0 0 0 0 0 0 0 0 0 0 0 0 0 0 0 0 0 0 0 0 0 0 0 0 0 0 0 0 0 0 0 0 0 0 0 0 0 0 0 0 0 0 0 0 0 0 0 0 0 0 0 0 0 0 0 0 0 0 0 0 0 0 0 0 0 0 0 0 0 0 0 0 0 0 0 0 0 0 0 0 0 0 0 0 0 0 0 0 0 0 0 0 0 0 0 0 0 0 0 0 0 0 0 0 0 0 0 0 0 0 0 0 0 0 0 0 0 0 0 0 0 0 0 0 0 0 0 0 0 0 0 0 0 0 0 0 0 0 0 0 0 0 0 0 0 0 0 0 0 0 0 0 0 0 0 0 0 0 0 0 0 0 0 0 0 0 0 0 0 0 0 0 0 0 0 0 0 0 0 0 0 0 0 0 0 0 0 0 0 0 0 0 0 0 0 0 0 0 0 0 0 0 0 0 0 0 0 0 0 0 0 0 0 0 0 0 0 0 0 0 0 0 0 0 0 0 0 0 0 0 0 0 0 0 0 0 0 0 0 0 0 0 0 0 0 0 0 0 0 0 0 0 0 0 0 0 0 0 0 0 0 0 0 0 0 0 0 0 0 0 0 0 0 0 0 0 0 0 0 0 0 0 0 0 0 0 0 0 0 0 0 0 0 0 0 0 0 0 0 0 0 0 0 0 0 0 0 0 0 0 0 0 0 0 0 0 0 0 0 0 0 0 0 0 0 0 0 0 0 0 0 0 0 0 0 0 0 0 0 0 0 0 0 0 0 0 0 0 0 0 0 0 0 0 0 0 0 0 0 0 0 0 0 0 0 0 0 0 0 0 0 0 0 0 0 0 0 0 0 0 0 0 0 0 0 0 0 0 0 0 0 0 0 0 0 0 0 0 0 0 0 0 0 0 0 0 0 0 0 0 0 0 0 0 0 0 0 0 0 0 0 0 0 0 0 0 0 0 0 0 0 0 0 0 0 0 0 0 0 0 0 0 0 0 0 0 0 0 0 0 0 0 0 0 0 0 0 0 0 0 0 0 0 0 0 0 0 0 0 0 0 0 0 0 0 0 0 0 0 0 0 0 0 0 0 0 0 0 0 0 0 0 0 0 0 0 0 0 0 0 0 0 0 0 0 0 0 0 0 0 0 0 0 0 0 0 0 0 0 0 0 0 0 0 0 0 0 0 0 0 0 0 0 0 0 0 0 0 0 0 0 0 0 0 0 0 0 0 0 0 0 0 0 0 0 0 0 0 0 0 0 0 0 0 0 0 0 0 0 0 0 0 0 0 0 0 0 0 0 0 0 0 0 0 0 0 0 0 0 0 0 0 0 0 0 0 0 0 0 0 0 0 0 0 0 0 0 0 0 0 0 0 0 0 0 0 0 0 0 0 0 0 0 0 0 0 0 0 0 0 0 0 0 0 0 0 0 0 0 0 0 0 0 0 0 0 0 0 0 0 0 0 0 0 0 0 0 0 0 0 0 0 0 0 0 0 0 0 0 0 0 0 0 0 0 0 0 0 0 0 0 0 0 0 0 0 0 0 0 0 0 0 0 0 0 0 0 0 0 0 0 0 0 0 0 0 0 0 0 0 0 0 0 0 0 0 0 0 0 0 0 0 0 0 0 0 0 0 0 0 0 0 0 0 0 0 0 0 0 0 0 0 0 0 0 0 0 0 0 0 0 0 0 0 0 0 0 0 0 0 0 0 0 0 0 0 0 0 0 0 0 0 0 0 0 0 0 0 0 0 0 0 0 0 0 0 0 0 0 0 0 0 0 0 0 0 0 0 0 0 0 0 0 0 0 0 0 0 0 0 0 0 0 0 0 0 0 0 0 0 0 0 0 0 0 0 0 0 0 0 0 0 0 0 0 0 0 0 0 0 0 0 0 0 0 0 0 0 0 0 0 0 0 0 0 0 0 0 0 0 0 0 0 0 0 0 0 0 0 0 0 0 0 0 0 0 0 0 0 0 0 0 0 0 0 0 0 0 0 0 0 0 0 0 0 0 0 0 0 0 0 0 0 0 0 0 0 0 0 0 0 0 0 0 0 0 0 0 0 0 0 0 0 0 0 0 0 0 0 0 0 0 0 0 0 0 0 0 0 0 0 0 0 0 0 0 0 0 0 0 0 0 0 0 0 0 0 0 0 0 0 0 0 0 0 0 0 0 0 0 0 0 0 0 0 0 0 0 0 0 0 0 0 0 0 0 0 0 0 0 0 0 0 0 0 0 0 0 0 0 0 0 0 0 0 0 0 0 0 0
ctxt 5460143838
btime 1790630938
processes 1209600
procs_running 12
procs_blocked 0
softirq 4858435339 73526 14334107 2753177 418929644 601800 0 13560570 56958352 421 56256446
