Running 10s test @ http://127.0.0.1:18500/json
  16 threads and 128 connections
  Thread Stats   Avg      Stdev     Max   +/- Stdev
    Latency   151.55us   42.34us 639.00us   88.98%
    Req/Sec    52.86k     5.31k   62.58k    65.78%
  Latency Distribution
     50%  135.00us
     75%  161.00us
     90%  191.00us
     99%  322.00us
  8501797 requests in 10.10s, 1.50GB read
Requests/sec: 841797.75
Transfer/sec:    152.53MB
## server-stat
cpu  4043899 1806 1757692 55123127 643579 0 834067 0 0 0
cpu0 153741 32 51097 1725233 7654 0 27769 0 0 0
cpu1 153817 36 51857 1730250 9462 0 26867 0 0 0
cpu2 159420 37 52212 1724812 9983 0 27020 0 0 0
cpu3 252342 38 75775 1593229 6566 0 44027 0 0 0
cpu4 252419 43 74081 1595371 8026 0 44288 0 0 0
cpu5 163739 42 53768 1717627 11265 0 27853 0 0 0
cpu6 164526 38 53970 1715821 11969 0 28861 0 0 0
cpu7 170311 36 57436 1704075 11783 0 31894 0 0 0
cpu8 42067 67 45422 1804463 24964 0 13841 0 0 0
cpu9 48518 75 48759 1777517 29267 0 15109 0 0 0
cpu10 45832 74 47049 1786692 27141 0 14879 0 0 0
cpu11 41737 71 42747 1808884 25316 0 13202 0 0 0
cpu12 88146 150 53237 1728828 31393 0 16429 0 0 0
cpu13 84214 80 54280 1727302 33110 0 16815 0 0 0
cpu14 41670 67 42284 1812653 23703 0 12959 0 0 0
cpu15 38565 73 38780 1826921 24302 0 11754 0 0 0
cpu16 208448 32 63411 1657297 10616 0 35635 0 0 0
cpu17 196828 30 61433 1668874 13663 0 34129 0 0 0
cpu18 182040 30 59396 1686553 14181 0 33130 0 0 0
cpu19 340644 28 92603 1479931 6205 0 54794 0 0 0
cpu20 301697 27 85769 1526307 9484 0 51734 0 0 0
cpu21 178137 34 58683 1689378 16240 0 32413 0 0 0
cpu22 163446 37 55931 1708075 16410 0 30296 0 0 0
cpu23 140712 35 49805 1743638 16039 0 25280 0 0 0
cpu24 45130 72 43827 1804749 29044 0 13918 0 0 0
cpu25 50573 69 48916 1778375 31963 0 16495 0 0 0
cpu26 48271 64 47692 1785533 30975 0 16020 0 0 0
cpu27 40778 56 42529 1797337 29296 0 21788 0 0 0
cpu28 79409 90 57127 1715111 34852 0 29253 0 0 0
cpu29 83282 126 59236 1703092 35673 0 29835 0 0 0
cpu30 40118 50 44204 1791785 26319 0 21820 0 0 0
cpu31 43306 52 44361 1807399 26699 0 13944 0 0 0
intr 3475182672 126 0 0 0 0 0 0 0 0 1 0 0 0 0 0 0 0 0 0 0 0 0 0 0 0 0 0 1 1 1 0 0 0 0 1 0 1 0 0 75045 0 0 0 0 0 0 0 0 411 0 0 0 0 0 0 0 0 87 0 0 0 0 0 0 0 0 0 0 0 0 0 0 0 585663 2 35066949 35003809 34918866 35064522 0 16279 15660 19363 19528 12048 15296 19972 20965 17604 55663 75679 61715 51434 83241 79039 45398 42470 19853 23050 27476 11372 17621 25890 26114 22437 57695 71359 64710 52197 83019 90271 47113 48095 0 0 0 0 617337 4685 1036 0 264 0 0 0 0 0 0 0 0 0 0 0 0 0 0 0 0 0 0 0 0 0 0 0 0 0 0 0 0 0 0 0 0 0 0 0 0 0 0 0 0 0 0 0 0 0 0 0 0 0 0 0 0 0 0 0 0 0 0 0 0 0 0 0 0 0 0 0 0 0 0 0 0 0 0 0 0 0 0 0 0 0 0 0 0 0 0 0 0 0 0 0 0 0 0 0 0 0 0 0 0 0 0 0 0 0 0 0 0 0 0 0 0 0 0 0 0 0 0 0 0 0 0 0 0 0 0 0 0 0 0 0 0 0 0 0 0 0 0 0 0 0 0 0 0 0 0 0 0 0 0 0 0 0 0 0 0 0 0 0 0 0 0 0 0 0 0 0 0 0 0 0 0 0 0 0 0 0 0 0 0 0 0 0 0 0 0 0 0 0 0 0 0 0 0 0 0 0 0 0 0 0 0 0 0 0 0 0 0 0 0 0 0 0 0 0 0 0 0 0 0 0 0 0 0 0 0 0 0 0 0 0 0 0 0 0 0 0 0 0 0 0 0 0 0 0 0 0 0 0 0 0 0 0 0 0 0 0 0 0 0 0 0 0 0 0 0 0 0 0 0 0 0 0 0 0 0 0 0 0 0 0 0 0 0 0 0 0 0 0 0 0 0 0 0 0 0 0 0 0 0 0 0 0 0 0 0 0 0 0 0 0 0 0 0 0 0 0 0 0 0 0 0 0 0 0 0 0 0 0 0 0 0 0 0 0 0 0 0 0 0 0 0 0 0 0 0 0 0 0 0 0 0 0 0 0 0 0 0 0 0 0 0 0 0 0 0 0 0 0 0 0 0 0 0 0 0 0 0 0 0 0 0 0 0 0 0 0 0 0 0 0 0 0 0 0 0 0 0 0 0 0 0 0 0 0 0 0 0 0 0 0 0 0 0 0 0 0 0 0 0 0 0 0 0 0 0 0 0 0 0 0 0 0 0 0 0 0 0 0 0 0 0 0 0 0 0 0 0 0 0 0 0 0 0 0 0 0 0 0 0 0 0 0 0 0 0 0 0 0 0 0 0 0 0 0 0 0 0 0 0 0 0 0 0 0 0 0 0 0 0 0 0 0 0 0 0 0 0 0 0 0 0 0 0 0 0 0 0 0 0 0 0 0 0 0 0 0 0 0 0 0 0 0 0 0 0 0 0 0 0 0 0 0 0 0 0 0 0 0 0 0 0 0 0 0 0 0 0 0 0 0 0 0 0 0 0 0 0 0 0 0 0 0 0 0 0 0 0 0 0 0 0 0 0 0 0 0 0 0 0 0 0 0 0 0 0 0 0 0 0 0 0 0 0 0 0 0 0 0 0 0 0 0 0 0 0 0 0 0 0 0 0 0 0 0 0 0 0 0 0 0 0 0 0 0 0 0 0 0 0 0 0 0 0 0 0 0 0 0 0 0 0 0 0 0 0 0 0 0 0 0 0 0 0 0 0 0 0 0 0 0 0 0 0 0 0 0 0 0 0 0 0 0 0 0 0 0 0 0 0 0 0 0 0 0 0 0 0 0 0 0 0 0 0 0 0 0 0 0 0 0 0 0 0 0 0 0 0 0 0 0 0 0 0 0 0 0 0 0 0 0 0 0 0 0 0 0 0 0 0 0 0 0 0 0 0 0 0 0 0 0 0 0 0 0 0 0 0 0 0 0 0 0 0 0 0 0 0 0 0 0 0 0 0 0 0 0 0 0 0 0 0 0 0 0 0 0 0 0 0 0 0 0 0 0 0 0 0 0 0 0 0 0 0 0 0 0 0 0 0 0 0 0 0 0 0 0 0 0 0 0 0 0 0 0 0 0 0 0 0 0 0 0 0 0 0 0 0 0 0 0 0 0 0 0 0 0 0 0 0 0 0 0 0 0 0 0 0 0 0 0 0 0 0 0 0 0 0 0 0 0 0 0 0 0 0 0 0 0 0 0 0 0 0 0 0 0 0 0 0 0 0 0 0 0 0 0 0 0 0 0 0 0 0 0 0 0 0 0 0 0 0 0 0 0 0 0 0 0 0 0 0 0 0 0 0 0 0 0 0 0 0 0 0 0 0 0 0 0 0 0 0 0 0 0 0 0 0 0 0 0 0 0 0 0 0 0 0 0 0 0 0 0 0 0 0 0 0 0 0 0 0 0 0 0 0 0 0 0 0 0 0 0 0 0 0 0 0 0 0 0 0 0 0 0 0 0 0 0 0 0 0 0 0 0 0 0 0 0 0 0 0 0 0 0 0 0 0 0 0 0 0 0 0 0 0 0 0 0 0 0 0 0 0 0 0 0 0 0 0 0 0 0 0 0 0 0 0 0 0 0 0 0 0 0 0 0 0 0 0 0 0 0 0 0 0 0 0 0 0 0 0 0 0 0 0 0 0 0 0 0 0 0 0 0 0 0 0 0 0 0 0 0 0 0 0 0 0 0 0 0 0 0 0 0 0 0 0 0 0 0 0
ctxt 5533492542
btime 1790630938
processes 1223308
procs_running 15
procs_blocked 0
softirq 4926776569 73526 14485369 2753182 485926069 610415 0 13560641 57593433 421 56806217
--
cpu  4047645 1807 1760237 55137518 643588 0 836114 0 0 0
cpu0 153741 32 51097 1726011 7654 0 27773 0 0 0
cpu1 153817 36 51857 1731047 9462 0 26867 0 0 0
cpu2 159420 37 52213 1725609 9983 0 27020 0 0 0
cpu3 252707 38 75926 1593365 6566 0 44174 0 0 0
cpu4 252419 43 74081 1596168 8026 0 44288 0 0 0
cpu5 163881 42 53836 1718164 11265 0 27905 0 0 0
cpu6 164745 38 54067 1716216 11969 0 28949 0 0 0
cpu7 170470 36 57506 1704577 11783 0 31960 0 0 0
cpu8 42079 67 45488 1804970 24964 0 13878 0 0 0
cpu9 48530 75 48820 1778025 29267 0 15145 0 0 0
cpu10 45844 74 47117 1787197 27141 0 14918 0 0 0
cpu11 41751 71 42811 1809395 25316 0 13240 0 0 0
cpu12 88158 150 53300 1729335 31393 0 16469 0 0 0
cpu13 84228 81 54348 1727805 33110 0 16852 0 0 0
cpu14 41681 67 42342 1813179 23706 0 12995 0 0 0
cpu15 38574 73 38836 1827461 24303 0 11790 0 0 0
cpu16 208921 32 63576 1657297 10616 0 35798 0 0 0
cpu17 197255 30 61624 1668874 13663 0 34311 0 0 0
cpu18 182479 30 59582 1686553 14181 0 33305 0 0 0
cpu19 340718 28 92636 1480592 6205 0 54825 0 0 0
cpu20 302127 27 85964 1526307 9484 0 51910 0 0 0
cpu21 178432 34 58808 1689638 16240 0 32531 0 0 0
cpu22 163664 37 56020 1708476 16410 0 30386 0 0 0
cpu23 140989 35 49920 1743932 16039 0 25393 0 0 0
cpu24 45143 73 43897 1805248 29044 0 13960 0 0 0
cpu25 50592 70 48984 1778863 31963 0 16540 0 0 0
cpu26 48288 64 47760 1786022 30975 0 16062 0 0 0
cpu27 40790 56 42599 1797827 29301 0 21826 0 0 0
cpu28 79431 90 57198 1715591 34852 0 29299 0 0 0
cpu29 83307 126 59314 1703573 35673 0 29879 0 0 0
cpu30 40132 50 44272 1792287 26319 0 21864 0 0 0
cpu31 43319 52 44425 1807899 26699 0 13988 0 0 0
intr 3479967964 126 0 0 0 0 0 0 0 0 1 0 0 0 0 0 0 0 0 0 0 0 0 0 0 0 0 0 1 1 1 0 0 0 0 1 0 1 0 0 75045 0 0 0 0 0 0 0 0 411 0 0 0 0 0 0 0 0 87 0 0 0 0 0 0 0 0 0 0 0 0 0 0 0 585824 2 35067016 35003834 34918880 35064580 0 16283 15660 19363 19528 12048 15296 19972 20965 17604 55663 75680 61715 51434 83241 79039 45398 42471 19853 23050 27476 11372 17621 25890 26114 22437 57700 71359 64710 52200 83019 90271 47113 48095 0 0 0 0 617339 4685 1036 0 264 0 0 0 0 0 0 0 0 0 0 0 0 0 0 0 0 0 0 0 0 0 0 0 0 0 0 0 0 0 0 0 0 0 0 0 0 0 0 0 0 0 0 0 0 0 0 0 0 0 0 0 0 0 0 0 0 0 0 0 0 0 0 0 0 0 0 0 0 0 0 0 0 0 0 0 0 0 0 0 0 0 0 0 0 0 0 0 0 0 0 0 0 0 0 0 0 0 0 0 0 0 0 0 0 0 0 0 0 0 0 0 0 0 0 0 0 0 0 0 0 0 0 0 0 0 0 0 0 0 0 0 0 0 0 0 0 0 0 0 0 0 0 0 0 0 0 0 0 0 0 0 0 0 0 0 0 0 0 0 0 0 0 0 0 0 0 0 0 0 0 0 0 0 0 0 0 0 0 0 0 0 0 0 0 0 0 0 0 0 0 0 0 0 0 0 0 0 0 0 0 0 0 0 0 0 0 0 0 0 0 0 0 0 0 0 0 0 0 0 0 0 0 0 0 0 0 0 0 0 0 0 0 0 0 0 0 0 0 0 0 0 0 0 0 0 0 0 0 0 0 0 0 0 0 0 0 0 0 0 0 0 0 0 0 0 0 0 0 0 0 0 0 0 0 0 0 0 0 0 0 0 0 0 0 0 0 0 0 0 0 0 0 0 0 0 0 0 0 0 0 0 0 0 0 0 0 0 0 0 0 0 0 0 0 0 0 0 0 0 0 0 0 0 0 0 0 0 0 0 0 0 0 0 0 0 0 0 0 0 0 0 0 0 0 0 0 0 0 0 0 0 0 0 0 0 0 0 0 0 0 0 0 0 0 0 0 0 0 0 0 0 0 0 0 0 0 0 0 0 0 0 0 0 0 0 0 0 0 0 0 0 0 0 0 0 0 0 0 0 0 0 0 0 0 0 0 0 0 0 0 0 0 0 0 0 0 0 0 0 0 0 0 0 0 0 0 0 0 0 0 0 0 0 0 0 0 0 0 0 0 0 0 0 0 0 0 0 0 0 0 0 0 0 0 0 0 0 0 0 0 0 0 0 0 0 0 0 0 0 0 0 0 0 0 0 0 0 0 0 0 0 0 0 0 0 0 0 0 0 0 0 0 0 0 0 0 0 0 0 0 0 0 0 0 0 0 0 0 0 0 0 0 0 0 0 0 0 0 0 0 0 0 0 0 0 0 0 0 0 0 0 0 0 0 0 0 0 0 0 0 0 0 0 0 0 0 0 0 0 0 0 0 0 0 0 0 0 0 0 0 0 0 0 0 0 0 0 0 0 0 0 0 0 0 0 0 0 0 0 0 0 0 0 0 0 0 0 0 0 0 0 0 0 0 0 0 0 0 0 0 0 0 0 0 0 0 0 0 0 0 0 0 0 0 0 0 0 0 0 0 0 0 0 0 0 0 0 0 0 0 0 0 0 0 0 0 0 0 0 0 0 0 0 0 0 0 0 0 0 0 0 0 0 0 0 0 0 0 0 0 0 0 0 0 0 0 0 0 0 0 0 0 0 0 0 0 0 0 0 0 0 0 0 0 0 0 0 0 0 0 0 0 0 0 0 0 0 0 0 0 0 0 0 0 0 0 0 0 0 0 0 0 0 0 0 0 0 0 0 0 0 0 0 0 0 0 0 0 0 0 0 0 0 0 0 0 0 0 0 0 0 0 0 0 0 0 0 0 0 0 0 0 0 0 0 0 0 0 0 0 0 0 0 0 0 0 0 0 0 0 0 0 0 0 0 0 0 0 0 0 0 0 0 0 0 0 0 0 0 0 0 0 0 0 0 0 0 0 0 0 0 0 0 0 0 0 0 0 0 0 0 0 0 0 0 0 0 0 0 0 0 0 0 0 0 0 0 0 0 0 0 0 0 0 0 0 0 0 0 0 0 0 0 0 0 0 0 0 0 0 0 0 0 0 0 0 0 0 0 0 0 0 0 0 0 0 0 0 0 0 0 0 0 0 0 0 0 0 0 0 0 0 0 0 0 0 0 0 0 0 0 0 0 0 0 0 0 0 0 0 0 0 0 0 0 0 0 0 0 0 0 0 0 0 0 0 0 0 0 0 0 0 0 0 0 0 0 0 0 0 0 0 0 0 0 0 0 0 0 0 0 0 0 0 0 0 0 0 0 0 0 0 0 0 0 0 0 0 0 0 0 0 0 0 0 0 0 0 0 0 0 0 0 0 0 0 0 0 0 0 0 0 0 0 0 0 0 0 0 0 0 0 0 0 0 0 0 0 0 0 0 0 0 0 0 0 0 0 0 0 0 0 0 0 0 0 0 0 0 0 0 0 0 0 0 0 0 0 0 0 0 0 0 0 0 0 0 0 0 0 0 0 0 0 0 0 0 0 0 0 0 0 0 0 0 0 0 0 0 0 0 0 0 0 0 0 0 0 0 0 0 0 0 0 0 0 0 0 0 0 0 0 0 0 0 0 0 0 0 0 0 0 0 0 0 0 0 0 0 0 0 0
ctxt 5543000848
btime 1790630938
processes 1223360
procs_running 19
procs_blocked 0
softirq 4940305951 73526 14489627 2753182 499396071 610581 0 13560641 57619812 421 56834794
