Running 10s test @ http://127.0.0.1:18500/json
  16 threads and 128 connections
  Thread Stats   Avg      Stdev     Max   +/- Stdev
    Latency     1.31ms  491.37us   4.91ms   70.87%
    Req/Sec     6.16k     1.01k    9.66k    82.97%
  Latency Distribution
     50%    1.34ms
     75%    1.66ms
     90%    1.91ms
     99%    2.71ms
  989446 requests in 10.10s, 173.62MB read
Requests/sec:  97964.07
Transfer/sec:     17.19MB
## server-stat
cpu  3951331 1771 1730572 54079227 575916 0 820057 0 0 0
cpu0 149395 31 50077 1692568 6994 0 27283 0 0 0
cpu1 149366 36 50865 1697846 8460 0 26348 0 0 0
cpu2 154495 36 51199 1693363 8594 0 26406 0 0 0
cpu3 246239 36 74287 1562992 5824 0 43326 0 0 0
cpu4 246997 42 72820 1564038 7256 0 43714 0 0 0
cpu5 159056 41 52757 1685978 9776 0 27249 0 0 0
cpu6 160638 36 53137 1683212 10407 0 28363 0 0 0
cpu7 165026 35 56243 1673627 10203 0 31008 0 0 0
cpu8 41942 66 44975 1769358 22322 0 13671 0 0 0
cpu9 48321 74 48277 1742965 26338 0 14926 0 0 0
cpu10 45692 73 46584 1751768 24417 0 14713 0 0 0
cpu11 41630 69 42355 1773596 22609 0 13069 0 0 0
cpu12 87431 148 52661 1694805 28590 0 16227 0 0 0
cpu13 83568 79 53688 1693588 30032 0 16592 0 0 0
cpu14 41550 66 41901 1777050 21290 0 12826 0 0 0
cpu15 38462 71 38455 1791145 21825 0 11633 0 0 0
cpu16 201324 31 61916 1628458 9545 0 34700 0 0 0
cpu17 190592 29 60162 1639433 12033 0 33279 0 0 0
cpu18 176815 30 58303 1656117 12253 0 32407 0 0 0
cpu19 333095 28 90868 1451384 5513 0 53913 0 0 0
cpu20 294161 27 84114 1497831 8632 0 50820 0 0 0
cpu21 172345 33 57517 1659496 14357 0 31696 0 0 0
cpu22 157676 36 54775 1678309 14478 0 29508 0 0 0
cpu23 137058 35 49064 1710952 14069 0 24910 0 0 0
cpu24 44969 71 43403 1769767 26076 0 13771 0 0 0
cpu25 50373 68 48386 1744046 28830 0 16290 0 0 0
cpu26 48079 63 47178 1751050 27878 0 15829 0 0 0
cpu27 40639 55 42098 1762485 26247 0 21634 0 0 0
cpu28 78702 87 56396 1682140 31448 0 28976 0 0 0
cpu29 82547 123 58449 1670347 32220 0 29534 0 0 0
cpu30 39967 48 43738 1756941 23617 0 21650 0 0 0
cpu31 43167 50 43910 1772557 23767 0 13775 0 0 0
intr 3416661960 126 0 0 0 0 0 0 0 0 1 0 0 0 0 0 0 0 0 0 0 0 0 0 0 0 0 0 1 1 1 0 0 0 0 1 0 1 0 0 75045 0 0 0 0 0 0 0 0 411 0 0 0 0 0 0 0 0 87 0 0 0 0 0 0 0 0 0 0 0 0 0 0 0 564580 2 35065878 35002890 34918345 35063024 0 15957 14508 17690 17346 11009 14156 17852 18980 15649 51730 69002 56332 47480 72165 69575 42009 38952 18018 20036 24252 9864 15961 23283 23590 20279 51663 63886 59600 47591 74311 78843 43410 44333 0 0 0 0 617313 4646 1036 0 264 0 0 0 0 0 0 0 0 0 0 0 0 0 0 0 0 0 0 0 0 0 0 0 0 0 0 0 0 0 0 0 0 0 0 0 0 0 0 0 0 0 0 0 0 0 0 0 0 0 0 0 0 0 0 0 0 0 0 0 0 0 0 0 0 0 0 0 0 0 0 0 0 0 0 0 0 0 0 0 0 0 0 0 0 0 0 0 0 0 0 0 0 0 0 0 0 0 0 0 0 0 0 0 0 0 0 0 0 0 0 0 0 0 0 0 0 0 0 0 0 0 0 0 0 0 0 0 0 0 0 0 0 0 0 0 0 0 0 0 0 0 0 0 0 0 0 0 0 0 0 0 0 0 0 0 0 0 0 0 0 0 0 0 0 0 0 0 0 0 0 0 0 0 0 0 0 0 0 0 0 0 0 0 0 0 0 0 0 0 0 0 0 0 0 0 0 0 0 0 0 0 0 0 0 0 0 0 0 0 0 0 0 0 0 0 0 0 0 0 0 0 0 0 0 0 0 0 0 0 0 0 0 0 0 0 0 0 0 0 0 0 0 0 0 0 0 0 0 0 0 0 0 0 0 0 0 0 0 0 0 0 0 0 0 0 0 0 0 0 0 0 0 0 0 0 0 0 0 0 0 0 0 0 0 0 0 0 0 0 0 0 0 0 0 0 0 0 0 0 0 0 0 0 0 0 0 0 0 0 0 0 0 0 0 0 0 0 0 0 0 0 0 0 0 0 0 0 0 0 0 0 0 0 0 0 0 0 0 0 0 0 0 0 0 0 0 0 0 0 0 0 0 0 0 0 0 0 0 0 0 0 0 0 0 0 0 0 0 0 0 0 0 0 0 0 0 0 0 0 0 0 0 0 0 0 0 0 0 0 0 0 0 0 0 0 0 0 0 0 0 0 0 0 0 0 0 0 0 0 0 0 0 0 0 0 0 0 0 0 0 0 0 0 0 0 0 0 0 0 0 0 0 0 0 0 0 0 0 0 0 0 0 0 0 0 0 0 0 0 0 0 0 0 0 0 0 0 0 0 0 0 0 0 0 0 0 0 0 0 0 0 0 0 0 0 0 0 0 0 0 0 0 0 0 0 0 0 0 0 0 0 0 0 0 0 0 0 0 0 0 0 0 0 0 0 0 0 0 0 0 0 0 0 0 0 0 0 0 0 0 0 0 0 0 0 0 0 0 0 0 0 0 0 0 0 0 0 0 0 0 0 0 0 0 0 0 0 0 0 0 0 0 0 0 0 0 0 0 0 0 0 0 0 0 0 0 0 0 0 0 0 0 0 0 0 0 0 0 0 0 0 0 0 0 0 0 0 0 0 0 0 0 0 0 0 0 0 0 0 0 0 0 0 0 0 0 0 0 0 0 0 0 0 0 0 0 0 0 0 0 0 0 0 0 0 0 0 0 0 0 0 0 0 0 0 0 0 0 0 0 0 0 0 0 0 0 0 0 0 0 0 0 0 0 0 0 0 0 0 0 0 0 0 0 0 0 0 0 0 0 0 0 0 0 0 0 0 0 0 0 0 0 0 0 0 0 0 0 0 0 0 0 0 0 0 0 0 0 0 0 0 0 0 0 0 0 0 0 0 0 0 0 0 0 0 0 0 0 0 0 0 0 0 0 0 0 0 0 0 0 0 0 0 0 0 0 0 0 0 0 0 0 0 0 0 0 0 0 0 0 0 0 0 0 0 0 0 0 0 0 0 0 0 0 0 0 0 0 0 0 0 0 0 0 0 0 0 0 0 0 0 0 0 0 0 0 0 0 0 0 0 0 0 0 0 0 0 0 0 0 0 0 0 0 0 0 0 0 0 0 0 0 0 0 0 0 0 0 0 0 0 0 0 0 0 0 0 0 0 0 0 0 0 0 0 0 0 0 0 0 0 0 0 0 0 0 0 0 0 0 0 0 0 0 0 0 0 0 0 0 0 0 0 0 0 0 0 0 0 0 0 0 0 0 0 0 0 0 0 0 0 0 0 0 0 0 0 0 0 0 0 0 0 0 0 0 0 0 0 0 0 0 0 0 0 0 0 0 0 0 0 0 0 0 0 0 0 0 0 0 0 0 0 0 0 0 0 0 0 0 0 0 0 0 0 0 0 0 0 0 0 0 0 0 0 0 0 0 0 0 0 0 0 0 0 0 0 0 0 0 0 0 0 0 0 0 0 0 0 0 0 0 0 0 0 0 0 0 0 0 0 0 0 0 0 0 0 0 0 0 0 0 0 0 0 0 0 0 0 0 0 0 0 0 0 0 0 0 0 0 0 0 0 0 0 0 0 0 0 0 0 0 0 0 0 0 0 0 0 0 0 0 0 0 0 0 0 0 0 0 0 0 0 0 0 0 0 0 0 0 0 0 0 0 0 0 0 0 0 0 0 0 0 0 0 0 0 0 0 0 0 0 0 0 0 0 0 0 0 0 0 0 0 0 0 0 0 0 0 0 0 0 0 0 0 0 0 0 0 0 0 0
ctxt 5429125718
btime 1790630938
processes 1176409
procs_running 9
procs_blocked 0
softirq 4843056220 73526 14132704 2753177 405251257 588806 0 13560530 56453210 421 55275293
--
cpu  3956487 1771 1731621 54097700 575917 0 820412 0 0 0
cpu0 149666 31 50132 1693014 6994 0 27302 0 0 0
cpu1 149646 36 50919 1698290 8460 0 26367 0 0 0
cpu2 154707 36 51239 1693894 8594 0 26420 0 0 0
cpu3 246388 36 74316 1563602 5824 0 43335 0 0 0
cpu4 247172 42 72854 1564618 7256 0 43723 0 0 0
cpu5 159239 41 52787 1686551 9776 0 27261 0 0 0
cpu6 160880 36 53186 1683706 10407 0 28378 0 0 0
cpu7 165152 35 56271 1674265 10203 0 31015 0 0 0
cpu8 41944 66 44978 1770127 22322 0 13671 0 0 0
cpu9 48323 74 48278 1743741 26338 0 14927 0 0 0
cpu10 45693 73 46585 1752556 24418 0 14714 0 0 0
cpu11 41630 69 42355 1774390 22609 0 13069 0 0 0
cpu12 87433 148 52665 1695552 28590 0 16229 0 0 0
cpu13 83570 79 53693 1694315 30032 0 16595 0 0 0
cpu14 41550 66 41902 1777820 21290 0 12826 0 0 0
cpu15 38462 71 38456 1791932 21825 0 11634 0 0 0
cpu16 201684 31 61986 1628803 9545 0 34725 0 0 0
cpu17 190949 29 60230 1639784 12033 0 33302 0 0 0
cpu18 177243 30 58381 1656384 12253 0 32435 0 0 0
cpu19 333582 28 90961 1451572 5513 0 53946 0 0 0
cpu20 294622 27 84204 1498049 8632 0 50851 0 0 0
cpu21 172799 33 57608 1659722 14357 0 31725 0 0 0
cpu22 158068 36 54852 1678614 14478 0 29533 0 0 0
cpu23 137566 35 49162 1711114 14069 0 24942 0 0 0
cpu24 44969 71 43404 1770560 26076 0 13771 0 0 0
cpu25 50374 68 48386 1744839 28830 0 16290 0 0 0
cpu26 48079 63 47178 1751846 27878 0 15829 0 0 0
cpu27 40639 55 42098 1763281 26247 0 21634 0 0 0
cpu28 78730 87 56414 1682803 31448 0 28982 0 0 0
cpu29 82571 124 58470 1670989 32220 0 29541 0 0 0
cpu30 39972 48 43743 1757654 23617 0 21653 0 0 0
cpu31 43171 50 43913 1773299 23767 0 13777 0 0 0
intr 3417663220 126 0 0 0 0 0 0 0 0 1 0 0 0 0 0 0 0 0 0 0 0 0 0 0 0 0 0 1 1 1 0 0 0 0 1 0 1 0 0 75045 0 0 0 0 0 0 0 0 411 0 0 0 0 0 0 0 0 87 0 0 0 0 0 0 0 0 0 0 0 0 0 0 0 564580 2 35065927 35002929 34918352 35063052 0 15961 14508 17690 17346 11009 14156 17852 18980 15649 51731 69002 56335 47480 72165 69575 42009 38952 18018 20036 24252 9864 15961 23283 23590 20279 51663 63886 59600 47591 74311 78843 43410 44333 0 0 0 0 617313 4646 1036 0 264 0 0 0 0 0 0 0 0 0 0 0 0 0 0 0 0 0 0 0 0 0 0 0 0 0 0 0 0 0 0 0 0 0 0 0 0 0 0 0 0 0 0 0 0 0 0 0 0 0 0 0 0 0 0 0 0 0 0 0 0 0 0 0 0 0 0 0 0 0 0 0 0 0 0 0 0 0 0 0 0 0 0 0 0 0 0 0 0 0 0 0 0 0 0 0 0 0 0 0 0 0 0 0 0 0 0 0 0 0 0 0 0 0 0 0 0 0 0 0 0 0 0 0 0 0 0 0 0 0 0 0 0 0 0 0 0 0 0 0 0 0 0 0 0 0 0 0 0 0 0 0 0 0 0 0 0 0 0 0 0 0 0 0 0 0 0 0 0 0 0 0 0 0 0 0 0 0 0 0 0 0 0 0 0 0 0 0 0 0 0 0 0 0 0 0 0 0 0 0 0 0 0 0 0 0 0 0 0 0 0 0 0 0 0 0 0 0 0 0 0 0 0 0 0 0 0 0 0 0 0 0 0 0 0 0 0 0 0 0 0 0 0 0 0 0 0 0 0 0 0 0 0 0 0 0 0 0 0 0 0 0 0 0 0 0 0 0 0 0 0 0 0 0 0 0 0 0 0 0 0 0 0 0 0 0 0 0 0 0 0 0 0 0 0 0 0 0 0 0 0 0 0 0 0 0 0 0 0 0 0 0 0 0 0 0 0 0 0 0 0 0 0 0 0 0 0 0 0 0 0 0 0 0 0 0 0 0 0 0 0 0 0 0 0 0 0 0 0 0 0 0 0 0 0 0 0 0 0 0 0 0 0 0 0 0 0 0 0 0 0 0 0 0 0 0 0 0 0 0 0 0 0 0 0 0 0 0 0 0 0 0 0 0 0 0 0 0 0 0 0 0 0 0 0 0 0 0 0 0 0 0 0 0 0 0 0 0 0 0 0 0 0 0 0 0 0 0 0 0 0 0 0 0 0 0 0 0 0 0 0 0 0 0 0 0 0 0 0 0 0 0 0 0 0 0 0 0 0 0 0 0 0 0 0 0 0 0 0 0 0 0 0 0 0 0 0 0 0 0 0 0 0 0 0 0 0 0 0 0 0 0 0 0 0 0 0 0 0 0 0 0 0 0 0 0 0 0 0 0 0 0 0 0 0 0 0 0 0 0 0 0 0 0 0 0 0 0 0 0 0 0 0 0 0 0 0 0 0 0 0 0 0 0 0 0 0 0 0 0 0 0 0 0 0 0 0 0 0 0 0 0 0 0 0 0 0 0 0 0 0 0 0 0 0 0 0 0 0 0 0 0 0 0 0 0 0 0 0 0 0 0 0 0 0 0 0 0 0 0 0 0 0 0 0 0 0 0 0 0 0 0 0 0 0 0 0 0 0 0 0 0 0 0 0 0 0 0 0 0 0 0 0 0 0 0 0 0 0 0 0 0 0 0 0 0 0 0 0 0 0 0 0 0 0 0 0 0 0 0 0 0 0 0 0 0 0 0 0 0 0 0 0 0 0 0 0 0 0 0 0 0 0 0 0 0 0 0 0 0 0 0 0 0 0 0 0 0 0 0 0 0 0 0 0 0 0 0 0 0 0 0 0 0 0 0 0 0 0 0 0 0 0 0 0 0 0 0 0 0 0 0 0 0 0 0 0 0 0 0 0 0 0 0 0 0 0 0 0 0 0 0 0 0 0 0 0 0 0 0 0 0 0 0 0 0 0 0 0 0 0 0 0 0 0 0 0 0 0 0 0 0 0 0 0 0 0 0 0 0 0 0 0 0 0 0 0 0 0 0 0 0 0 0 0 0 0 0 0 0 0 0 0 0 0 0 0 0 0 0 0 0 0 0 0 0 0 0 0 0 0 0 0 0 0 0 0 0 0 0 0 0 0 0 0 0 0 0 0 0 0 0 0 0 0 0 0 0 0 0 0 0 0 0 0 0 0 0 0 0 0 0 0 0 0 0 0 0 0 0 0 0 0 0 0 0 0 0 0 0 0 0 0 0 0 0 0 0 0 0 0 0 0 0 0 0 0 0 0 0 0 0 0 0 0 0 0 0 0 0 0 0 0 0 0 0 0 0 0 0 0 0 0 0 0 0 0 0 0 0 0 0 0 0 0 0 0 0 0 0 0 0 0 0 0 0 0 0 0 0 0 0 0 0 0 0 0 0 0 0 0 0 0 0 0 0 0 0 0 0 0 0 0 0 0 0 0 0 0 0 0 0 0 0 0 0 0 0 0 0 0 0 0 0 0 0 0 0 0 0 0 0 0 0 0 0 0 0 0 0 0 0 0 0 0 0 0 0 0 0 0 0 0 0 0 0 0 0 0 0 0 0 0 0 0 0 0 0 0 0 0 0 0 0 0 0 0 0 0 0 0 0 0 0 0 0 0 0 0 0 0 0 0 0 0 0 0 0 0 0 0 0 0 0 0 0 0 0 0 0 0 0 0 0 0 0 0 0 0 0 0 0 0
ctxt 5430862819
btime 1790630938
processes 1176448
procs_running 12
procs_blocked 0
softirq 4844867790 73526 14137784 2753177 406819298 588810 0 13560530 56468639 421 55498309
