Running 10s test @ http://127.0.0.1:18500/api/usleep?ms=10
  16 threads and 1000 connections
  Thread Stats   Avg      Stdev     Max   +/- Stdev
    Latency     3.83s     3.08s    9.79s    68.59%
    Req/Sec    22.62     16.66   120.00     78.32%
  Latency Distribution
     50%    2.02s 
     75%    6.69s 
     90%    8.83s 
     99%    9.70s 
  936 requests in 10.08s, 218.46KB read
Requests/sec:     92.86
Transfer/sec:     21.67KB
## server-stat
cpu  3753851 1651 1688333 49822993 398695 0 810325 0 0 0
cpu0 142396 30 48753 1557568 4892 0 26708 0 0 0
cpu1 143831 34 49685 1560814 5968 0 26030 0 0 0
cpu2 147892 34 49998 1557311 6068 0 26142 0 0 0
cpu3 225439 34 70868 1443470 4269 0 42124 0 0 0
cpu4 227663 38 69550 1443769 4951 0 42188 0 0 0
cpu5 153693 37 51648 1548890 6729 0 27066 0 0 0
cpu6 154818 34 52137 1546836 6949 0 28181 0 0 0
cpu7 161303 32 55405 1534971 6689 0 30857 0 0 0
cpu8 41543 61 44426 1631223 15212 0 13629 0 0 0
cpu9 47718 67 47639 1606330 18823 0 14858 0 0 0
cpu10 45240 67 45983 1614758 16875 0 14656 0 0 0
cpu11 41280 62 41816 1635662 15352 0 13032 0 0 0
cpu12 84408 141 51756 1561385 20966 0 16106 0 0 0
cpu13 80604 74 52729 1560768 21958 0 16463 0 0 0
cpu14 41158 61 41292 1639125 14474 0 12773 0 0 0
cpu15 38189 64 37888 1652896 14754 0 11597 0 0 0
cpu16 190447 28 60387 1497213 6597 0 34463 0 0 0
cpu17 180018 28 58624 1508438 8607 0 33034 0 0 0
cpu18 168914 28 57011 1522588 8365 0 32198 0 0 0
cpu19 300451 26 85329 1346124 3947 0 52146 0 0 0
cpu20 265799 25 79682 1387614 6024 0 49594 0 0 0
cpu21 164366 30 56167 1526780 9851 0 31444 0 0 0
cpu22 152490 34 53608 1542737 9784 0 29298 0 0 0
cpu23 132347 33 47983 1574821 9344 0 24712 0 0 0
cpu24 44493 64 42755 1633135 17477 0 13727 0 0 0
cpu25 49813 65 47712 1608124 19821 0 16237 0 0 0
cpu26 47605 60 46533 1614672 19037 0 15785 0 0 0
cpu27 40215 50 41470 1625453 17719 0 21600 0 0 0
cpu28 76673 83 55550 1548451 22284 0 28887 0 0 0
cpu29 80648 120 57573 1536683 23169 0 29429 0 0 0
cpu30 39599 46 43072 1619302 16049 0 21606 0 0 0
cpu31 42783 46 43290 1635065 15675 0 13741 0 0 0
intr 3341320139 126 0 0 0 0 0 0 0 0 1 0 0 0 0 0 0 0 0 0 0 0 0 0 0 0 0 0 1 1 1 0 0 0 0 1 0 1 0 0 75045 0 0 0 0 0 0 0 0 411 0 0 0 0 0 0 0 0 87 0 0 0 0 0 0 0 0 0 0 0 0 0 0 0 508503 2 35059294 34998282 34913660 35056321 0 14778 11713 13537 13042 8783 10763 14151 15129 11735 42759 58081 45893 39425 57655 55293 34923 31325 14226 15951 19557 7909 12457 18045 18293 15732 40501 51170 48115 38130 57229 61474 35102 35890 0 0 0 0 617213 4527 1036 0 264 0 0 0 0 0 0 0 0 0 0 0 0 0 0 0 0 0 0 0 0 0 0 0 0 0 0 0 0 0 0 0 0 0 0 0 0 0 0 0 0 0 0 0 0 0 0 0 0 0 0 0 0 0 0 0 0 0 0 0 0 0 0 0 0 0 0 0 0 0 0 0 0 0 0 0 0 0 0 0 0 0 0 0 0 0 0 0 0 0 0 0 0 0 0 0 0 0 0 0 0 0 0 0 0 0 0 0 0 0 0 0 0 0 0 0 0 0 0 0 0 0 0 0 0 0 0 0 0 0 0 0 0 0 0 0 0 0 0 0 0 0 0 0 0 0 0 0 0 0 0 0 0 0 0 0 0 0 0 0 0 0 0 0 0 0 0 0 0 0 0 0 0 0 0 0 0 0 0 0 0 0 0 0 0 0 0 0 0 0 0 0 0 0 0 0 0 0 0 0 0 0 0 0 0 0 0 0 0 0 0 0 0 0 0 0 0 0 0 0 0 0 0 0 0 0 0 0 0 0 0 0 0 0 0 0 0 0 0 0 0 0 0 0 0 0 0 0 0 0 0 0 0 0 0 0 0 0 0 0 0 0 0 0 0 0 0 0 0 0 0 0 0 0 0 0 0 0 0 0 0 0 0 0 0 0 0 0 0 0 0 0 0 0 0 0 0 0 0 0 0 0 0 0 0 0 0 0 0 0 0 0 0 0 0 0 0 0 0 0 0 0 0 0 0 0 0 0 0 0 0 0 0 0 0 0 0 0 0 0 0 0 0 0 0 0 0 0 0 0 0 0 0 0 0 0 0 0 0 0 0 0 0 0 0 0 0 0 0 0 0 0 0 0 0 0 0 0 0 0 0 0 0 0 0 0 0 0 0 0 0 0 0 0 0 0 0 0 0 0 0 0 0 0 0 0 0 0 0 0 0 0 0 0 0 0 0 0 0 0 0 0 0 0 0 0 0 0 0 0 0 0 0 0 0 0 0 0 0 0 0 0 0 0 0 0 0 0 0 0 0 0 0 0 0 0 0 0 0 0 0 0 0 0 0 0 0 0 0 0 0 0 0 0 0 0 0 0 0 0 0 0 0 0 0 0 0 0 0 0 0 0 0 0 0 0 0 0 0 0 0 0 0 0 0 0 0 0 0 0 0 0 0 0 0 0 0 0 0 0 0 0 0 0 0 0 0 0 0 0 0 0 0 0 0 0 0 0 0 0 0 0 0 0 0 0 0 0 0 0 0 0 0 0 0 0 0 0 0 0 0 0 0 0 0 0 0 0 0 0 0 0 0 0 0 0 0 0 0 0 0 0 0 0 0 0 0 0 0 0 0 0 0 0 0 0 0 0 0 0 0 0 0 0 0 0 0 0 0 0 0 0 0 0 0 0 0 0 0 0 0 0 0 0 0 0 0 0 0 0 0 0 0 0 0 0 0 0 0 0 0 0 0 0 0 0 0 0 0 0 0 0 0 0 0 0 0 0 0 0 0 0 0 0 0 0 0 0 0 0 0 0 0 0 0 0 0 0 0 0 0 0 0 0 0 0 0 0 0 0 0 0 0 0 0 0 0 0 0 0 0 0 0 0 0 0 0 0 0 0 0 0 0 0 0 0 0 0 0 0 0 0 0 0 0 0 0 0 0 0 0 0 0 0 0 0 0 0 0 0 0 0 0 0 0 0 0 0 0 0 0 0 0 0 0 0 0 0 0 0 0 0 0 0 0 0 0 0 0 0 0 0 0 0 0 0 0 0 0 0 0 0 0 0 0 0 0 0 0 0 0 0 0 0 0 0 0 0 0 0 0 0 0 0 0 0 0 0 0 0 0 0 0 0 0 0 0 0 0 0 0 0 0 0 0 0 0 0 0 0 0 0 0 0 0 0 0 0 0 0 0 0 0 0 0 0 0 0 0 0 0 0 0 0 0 0 0 0 0 0 0 0 0 0 0 0 0 0 0 0 0 0 0 0 0 0 0 0 0 0 0 0 0 0 0 0 0 0 0 0 0 0 0 0 0 0 0 0 0 0 0 0 0 0 0 0 0 0 0 0 0 0 0 0 0 0 0 0 0 0 0 0 0 0 0 0 0 0 0 0 0 0 0 0 0 0 0 0 0 0 0 0 0 0 0 0 0 0 0 0 0 0 0 0 0 0 0 0 0 0 0 0 0 0 0 0 0 0 0 0 0 0 0 0 0 0 0 0 0 0 0 0 0 0 0 0 0 0 0 0 0 0 0 0 0 0 0 0 0 0 0 0 0 0 0 0 0 0 0 0 0 0 0 0 0 0 0 0 0 0 0 0 0 0 0 0 0 0 0 0 0 0 0 0 0 0 0 0 0 0 0 0 0 0 0 0 0 0 0 0 0 0 0 0 0 0 0 0 0 0 0 0 0 0 0 0 0 0 0 0 0 0 0 0 0 0 0 0 0 0 0 0 0 0 0 0 0 0 0 0 0 0 0 0 0 0 0 0 0 0 0 0 0
ctxt 5299963896
btime 1790630938
processes 948933
procs_running 1
procs_blocked 0
softirq 4772692415 73526 13167675 2753168 343833219 530861 0 13560254 54073753 421 49732242
--
cpu  3753971 1651 1688342 49848402 398725 0 810326 0 0 0
cpu0 142397 30 48753 1558365 4892 0 26708 0 0 0
cpu1 143831 34 49685 1561612 5968 0 26030 0 0 0
cpu2 147892 34 49998 1558110 6068 0 26142 0 0 0
cpu3 225477 34 70869 1444201 4296 0 42125 0 0 0
cpu4 227693 38 69552 1444538 4951 0 42188 0 0 0
cpu5 153694 37 51648 1549689 6729 0 27066 0 0 0
cpu6 154818 34 52137 1547636 6949 0 28181 0 0 0
cpu7 161303 32 55405 1535771 6689 0 30857 0 0 0
cpu8 41544 61 44426 1632021 15213 0 13629 0 0 0
cpu9 47720 67 47639 1607127 18823 0 14858 0 0 0
cpu10 45241 67 45984 1615557 16875 0 14656 0 0 0
cpu11 41280 62 41816 1636461 15352 0 13032 0 0 0
cpu12 84416 141 51757 1562175 20966 0 16106 0 0 0
cpu13 80639 74 52731 1561528 21959 0 16463 0 0 0
cpu14 41159 61 41292 1639923 14474 0 12773 0 0 0
cpu15 38190 64 37889 1653695 14754 0 11597 0 0 0
cpu16 190447 28 60387 1498012 6597 0 34463 0 0 0
cpu17 180018 28 58624 1509237 8607 0 33034 0 0 0
cpu18 168914 28 57012 1523387 8365 0 32198 0 0 0
cpu19 300451 26 85329 1346923 3947 0 52146 0 0 0
cpu20 265799 25 79682 1388413 6024 0 49594 0 0 0
cpu21 164366 30 56167 1527579 9851 0 31444 0 0 0
cpu22 152490 34 53608 1543535 9784 0 29298 0 0 0
cpu23 132347 33 47983 1575620 9345 0 24712 0 0 0
cpu24 44493 64 42755 1633934 17477 0 13727 0 0 0
cpu25 49813 65 47712 1608922 19821 0 16237 0 0 0
cpu26 47606 60 46533 1615471 19037 0 15785 0 0 0
cpu27 40215 50 41470 1626252 17719 0 21600 0 0 0
cpu28 76675 83 55551 1549248 22284 0 28887 0 0 0
cpu29 80649 120 57574 1537481 23169 0 29429 0 0 0
cpu30 39600 46 43072 1620100 16049 0 21606 0 0 0
cpu31 42783 46 43290 1635864 15675 0 13741 0 0 0
intr 3341407939 126 0 0 0 0 0 0 0 0 1 0 0 0 0 0 0 0 0 0 0 0 0 0 0 0 0 0 1 1 1 0 0 0 0 1 0 1 0 0 75045 0 0 0 0 0 0 0 0 411 0 0 0 0 0 0 0 0 87 0 0 0 0 0 0 0 0 0 0 0 0 0 0 0 508805 2 35059302 34998312 34913681 35056352 0 14782 11713 13537 13042 8783 10763 14151 15129 11735 42760 58081 45893 39425 57711 55296 34923 31325 14226 15951 19557 7909 12457 18045 18293 15732 40501 51176 48115 38131 57229 61474 35102 35890 0 0 0 0 617213 4527 1036 0 264 0 0 0 0 0 0 0 0 0 0 0 0 0 0 0 0 0 0 0 0 0 0 0 0 0 0 0 0 0 0 0 0 0 0 0 0 0 0 0 0 0 0 0 0 0 0 0 0 0 0 0 0 0 0 0 0 0 0 0 0 0 0 0 0 0 0 0 0 0 0 0 0 0 0 0 0 0 0 0 0 0 0 0 0 0 0 0 0 0 0 0 0 0 0 0 0 0 0 0 0 0 0 0 0 0 0 0 0 0 0 0 0 0 0 0 0 0 0 0 0 0 0 0 0 0 0 0 0 0 0 0 0 0 0 0 0 0 0 0 0 0 0 0 0 0 0 0 0 0 0 0 0 0 0 0 0 0 0 0 0 0 0 0 0 0 0 0 0 0 0 0 0 0 0 0 0 0 0 0 0 0 0 0 0 0 0 0 0 0 0 0 0 0 0 0 0 0 0 0 0 0 0 0 0 0 0 0 0 0 0 0 0 0 0 0 0 0 0 0 0 0 0 0 0 0 0 0 0 0 0 0 0 0 0 0 0 0 0 0 0 0 0 0 0 0 0 0 0 0 0 0 0 0 0 0 0 0 0 0 0 0 0 0 0 0 0 0 0 0 0 0 0 0 0 0 0 0 0 0 0 0 0 0 0 0 0 0 0 0 0 0 0 0 0 0 0 0 0 0 0 0 0 0 0 0 0 0 0 0 0 0 0 0 0 0 0 0 0 0 0 0 0 0 0 0 0 0 0 0 0 0 0 0 0 0 0 0 0 0 0 0 0 0 0 0 0 0 0 0 0 0 0 0 0 0 0 0 0 0 0 0 0 0 0 0 0 0 0 0 0 0 0 0 0 0 0 0 0 0 0 0 0 0 0 0 0 0 0 0 0 0 0 0 0 0 0 0 0 0 0 0 0 0 0 0 0 0 0 0 0 0 0 0 0 0 0 0 0 0 0 0 0 0 0 0 0 0 0 0 0 0 0 0 0 0 0 0 0 0 0 0 0 0 0 0 0 0 0 0 0 0 0 0 0 0 0 0 0 0 0 0 0 0 0 0 0 0 0 0 0 0 0 0 0 0 0 0 0 0 0 0 0 0 0 0 0 0 0 0 0 0 0 0 0 0 0 0 0 0 0 0 0 0 0 0 0 0 0 0 0 0 0 0 0 0 0 0 0 0 0 0 0 0 0 0 0 0 0 0 0 0 0 0 0 0 0 0 0 0 0 0 0 0 0 0 0 0 0 0 0 0 0 0 0 0 0 0 0 0 0 0 0 0 0 0 0 0 0 0 0 0 0 0 0 0 0 0 0 0 0 0 0 0 0 0 0 0 0 0 0 0 0 0 0 0 0 0 0 0 0 0 0 0 0 0 0 0 0 0 0 0 0 0 0 0 0 0 0 0 0 0 0 0 0 0 0 0 0 0 0 0 0 0 0 0 0 0 0 0 0 0 0 0 0 0 0 0 0 0 0 0 0 0 0 0 0 0 0 0 0 0 0 0 0 0 0 0 0 0 0 0 0 0 0 0 0 0 0 0 0 0 0 0 0 0 0 0 0 0 0 0 0 0 0 0 0 0 0 0 0 0 0 0 0 0 0 0 0 0 0 0 0 0 0 0 0 0 0 0 0 0 0 0 0 0 0 0 0 0 0 0 0 0 0 0 0 0 0 0 0 0 0 0 0 0 0 0 0 0 0 0 0 0 0 0 0 0 0 0 0 0 0 0 0 0 0 0 0 0 0 0 0 0 0 0 0 0 0 0 0 0 0 0 0 0 0 0 0 0 0 0 0 0 0 0 0 0 0 0 0 0 0 0 0 0 0 0 0 0 0 0 0 0 0 0 0 0 0 0 0 0 0 0 0 0 0 0 0 0 0 0 0 0 0 0 0 0 0 0 0 0 0 0 0 0 0 0 0 0 0 0 0 0 0 0 0 0 0 0 0 0 0 0 0 0 0 0 0 0 0 0 0 0 0 0 0 0 0 0 0 0 0 0 0 0 0 0 0 0 0 0 0 0 0 0 0 0 0 0 0 0 0 0 0 0 0 0 0 0 0 0 0 0 0 0 0 0 0 0 0 0 0 0 0 0 0 0 0 0 0 0 0 0 0 0 0 0 0 0 0 0 0 0 0 0 0 0 0 0 0 0 0 0 0 0 0 0 0 0 0 0 0 0 0 0 0 0 0 0 0 0 0 0 0 0 0 0 0 0 0 0 0 0 0 0 0 0 0 0 0 0 0 0 0 0 0 0 0 0 0 0 0 0 0 0 0 0 0 0 0 0 0 0 0 0 0 0 0 0 0 0 0 0 0 0 0 0 0 0 0 0 0 0 0 0 0 0 0 0 0 0 0 0 0 0 0 0 0 0 0 0 0 0 0 0 0 0 0 0 0 0 0 0 0 0 0 0 0 0 0 0 0 0 0 0 0 0 0 0 0 0 0 0 0 0 0 0 0 0 0 0 0 0 0 0 0 0 0 0 0 0 0
ctxt 5300095500
btime 1790630938
processes 948973
procs_running 2
procs_blocked 0
softirq 4772708885 73526 13171153 2753168 343835625 531171 0 13560254 54079248 421 49737023
