Running 10s test @ http://127.0.0.1:18500/api/usleep?ms=10
  16 threads and 1000 connections
  Thread Stats   Avg      Stdev     Max   +/- Stdev
    Latency     1.39s   237.92ms   2.50s    90.23%
    Req/Sec    80.67     66.10   424.00     73.47%
  Latency Distribution
     50%    1.31s 
     75%    1.31s 
     90%    1.62s 
     99%    2.41s 
  6661 requests in 10.10s, 1.30MB read
Requests/sec:    659.60
Transfer/sec:    132.05KB
## server-stat
cpu  3900936 1754 1722367 53573295 527810 0 818772 0 0 0
cpu0 147065 31 49657 1676725 6595 0 27176 0 0 0
cpu1 146966 36 50471 1681982 8001 0 26264 0 0 0
cpu2 151816 36 50850 1677780 8063 0 26330 0 0 0
cpu3 242947 36 73888 1548027 5361 0 43254 0 0 0
cpu4 244291 41 72448 1548446 6776 0 43655 0 0 0
cpu5 157191 41 52488 1669664 8993 0 27215 0 0 0
cpu6 157950 36 52905 1667985 9353 0 28317 0 0 0
cpu7 163310 35 56034 1657423 9137 0 30968 0 0 0
cpu8 41886 66 44874 1752398 20274 0 13667 0 0 0
cpu9 48221 73 48169 1726077 24274 0 14921 0 0 0
cpu10 45629 72 46475 1734914 22265 0 14711 0 0 0
cpu11 41581 68 42256 1756650 20498 0 13067 0 0 0
cpu12 87098 147 52516 1678436 26363 0 16215 0 0 0
cpu13 83212 78 53531 1677190 27909 0 16581 0 0 0
cpu14 41492 66 41790 1759966 19370 0 12821 0 0 0
cpu15 38419 70 38355 1774221 19692 0 11632 0 0 0
cpu16 196610 31 61439 1614886 9116 0 34624 0 0 0
cpu17 186274 29 59722 1625678 11379 0 33195 0 0 0
cpu18 173405 30 57944 1641643 11307 0 32340 0 0 0
cpu19 328909 27 90250 1437327 5206 0 53827 0 0 0
cpu20 289558 27 83511 1484194 8300 0 50726 0 0 0
cpu21 168722 32 57112 1645513 13220 0 31600 0 0 0
cpu22 155664 36 54421 1662783 13229 0 29425 0 0 0
cpu23 135396 34 48748 1695120 12734 0 24838 0 0 0
cpu24 44893 71 43288 1753131 23685 0 13768 0 0 0
cpu25 50291 68 48266 1727504 26380 0 16285 0 0 0
cpu26 47999 62 47069 1734498 25407 0 15825 0 0 0
cpu27 40570 54 41990 1745961 23725 0 21631 0 0 0
cpu28 78287 87 56220 1666215 28978 0 28957 0 0 0
cpu29 82266 123 58254 1654582 29513 0 29510 0 0 0
cpu30 39897 48 43618 1740473 21210 0 21643 0 0 0
cpu31 43103 49 43795 1755886 21480 0 13770 0 0 0
intr 3406838160 126 0 0 0 0 0 0 0 0 1 0 0 0 0 0 0 0 0 0 0 0 0 0 0 0 0 0 1 1 1 0 0 0 0 1 0 1 0 0 75045 0 0 0 0 0 0 0 0 411 0 0 0 0 0 0 0 0 87 0 0 0 0 0 0 0 0 0 0 0 0 0 0 0 554000 2 35065189 35002237 34918160 35062297 0 15805 13843 16942 16631 10289 12779 16662 17748 14347 49010 65786 53032 45116 67152 65328 39911 36715 17297 19067 22802 9228 15280 21497 21913 18987 47290 60172 56048 44854 68805 71681 41165 41686 0 0 0 0 617301 4637 1036 0 264 0 0 0 0 0 0 0 0 0 0 0 0 0 0 0 0 0 0 0 0 0 0 0 0 0 0 0 0 0 0 0 0 0 0 0 0 0 0 0 0 0 0 0 0 0 0 0 0 0 0 0 0 0 0 0 0 0 0 0 0 0 0 0 0 0 0 0 0 0 0 0 0 0 0 0 0 0 0 0 0 0 0 0 0 0 0 0 0 0 0 0 0 0 0 0 0 0 0 0 0 0 0 0 0 0 0 0 0 0 0 0 0 0 0 0 0 0 0 0 0 0 0 0 0 0 0 0 0 0 0 0 0 0 0 0 0 0 0 0 0 0 0 0 0 0 0 0 0 0 0 0 0 0 0 0 0 0 0 0 0 0 0 0 0 0 0 0 0 0 0 0 0 0 0 0 0 0 0 0 0 0 0 0 0 0 0 0 0 0 0 0 0 0 0 0 0 0 0 0 0 0 0 0 0 0 0 0 0 0 0 0 0 0 0 0 0 0 0 0 0 0 0 0 0 0 0 0 0 0 0 0 0 0 0 0 0 0 0 0 0 0 0 0 0 0 0 0 0 0 0 0 0 0 0 0 0 0 0 0 0 0 0 0 0 0 0 0 0 0 0 0 0 0 0 0 0 0 0 0 0 0 0 0 0 0 0 0 0 0 0 0 0 0 0 0 0 0 0 0 0 0 0 0 0 0 0 0 0 0 0 0 0 0 0 0 0 0 0 0 0 0 0 0 0 0 0 0 0 0 0 0 0 0 0 0 0 0 0 0 0 0 0 0 0 0 0 0 0 0 0 0 0 0 0 0 0 0 0 0 0 0 0 0 0 0 0 0 0 0 0 0 0 0 0 0 0 0 0 0 0 0 0 0 0 0 0 0 0 0 0 0 0 0 0 0 0 0 0 0 0 0 0 0 0 0 0 0 0 0 0 0 0 0 0 0 0 0 0 0 0 0 0 0 0 0 0 0 0 0 0 0 0 0 0 0 0 0 0 0 0 0 0 0 0 0 0 0 0 0 0 0 0 0 0 0 0 0 0 0 0 0 0 0 0 0 0 0 0 0 0 0 0 0 0 0 0 0 0 0 0 0 0 0 0 0 0 0 0 0 0 0 0 0 0 0 0 0 0 0 0 0 0 0 0 0 0 0 0 0 0 0 0 0 0 0 0 0 0 0 0 0 0 0 0 0 0 0 0 0 0 0 0 0 0 0 0 0 0 0 0 0 0 0 0 0 0 0 0 0 0 0 0 0 0 0 0 0 0 0 0 0 0 0 0 0 0 0 0 0 0 0 0 0 0 0 0 0 0 0 0 0 0 0 0 0 0 0 0 0 0 0 0 0 0 0 0 0 0 0 0 0 0 0 0 0 0 0 0 0 0 0 0 0 0 0 0 0 0 0 0 0 0 0 0 0 0 0 0 0 0 0 0 0 0 0 0 0 0 0 0 0 0 0 0 0 0 0 0 0 0 0 0 0 0 0 0 0 0 0 0 0 0 0 0 0 0 0 0 0 0 0 0 0 0 0 0 0 0 0 0 0 0 0 0 0 0 0 0 0 0 0 0 0 0 0 0 0 0 0 0 0 0 0 0 0 0 0 0 0 0 0 0 0 0 0 0 0 0 0 0 0 0 0 0 0 0 0 0 0 0 0 0 0 0 0 0 0 0 0 0 0 0 0 0 0 0 0 0 0 0 0 0 0 0 0 0 0 0 0 0 0 0 0 0 0 0 0 0 0 0 0 0 0 0 0 0 0 0 0 0 0 0 0 0 0 0 0 0 0 0 0 0 0 0 0 0 0 0 0 0 0 0 0 0 0 0 0 0 0 0 0 0 0 0 0 0 0 0 0 0 0 0 0 0 0 0 0 0 0 0 0 0 0 0 0 0 0 0 0 0 0 0 0 0 0 0 0 0 0 0 0 0 0 0 0 0 0 0 0 0 0 0 0 0 0 0 0 0 0 0 0 0 0 0 0 0 0 0 0 0 0 0 0 0 0 0 0 0 0 0 0 0 0 0 0 0 0 0 0 0 0 0 0 0 0 0 0 0 0 0 0 0 0 0 0 0 0 0 0 0 0 0 0 0 0 0 0 0 0 0 0 0 0 0 0 0 0 0 0 0 0 0 0 0 0 0 0 0 0 0 0 0 0 0 0 0 0 0 0 0 0 0 0 0 0 0 0 0 0 0 0 0 0 0 0 0 0 0 0 0 0 0 0 0 0 0 0 0 0 0 0 0 0 0 0 0 0 0 0 0 0 0 0 0 0 0 0 0 0 0 0 0 0 0 0 0 0 0 0 0 0 0 0 0 0 0 0 0 0 0 0 0 0 0 0 0 0 0 0 0 0 0 0 0 0 0 0 0 0 0 0 0 0 0 0 0 0 0 0 0 0 0 0 0 0 0 0 0 0 0 0 0 0 0 0 0 0 0 0 0 0 0 0 0 0 0 0 0 0 0 0 0 0 0 0 0 0 0 0 0 0 0
ctxt 5413470640
btime 1790630938
processes 1142490
procs_running 1
procs_blocked 0
softirq 4836211976 73526 13972386 2753177 400155412 577986 0 13560510 56068247 421 54083015
--
cpu  3901327 1755 1722392 53598397 527828 0 818780 0 0 0
cpu0 147100 31 49659 1677485 6595 0 27176 0 0 0
cpu1 147000 36 50471 1682745 8001 0 26264 0 0 0
cpu2 151845 36 50851 1678548 8063 0 26330 0 0 0
cpu3 242982 36 73889 1548790 5361 0 43254 0 0 0
cpu4 244330 41 72449 1549202 6776 0 43655 0 0 0
cpu5 157215 41 52489 1670438 8993 0 27215 0 0 0
cpu6 157965 36 52905 1668768 9353 0 28318 0 0 0
cpu7 163319 35 56036 1658211 9137 0 30968 0 0 0
cpu8 41886 66 44874 1753196 20274 0 13667 0 0 0
cpu9 48222 73 48170 1726873 24274 0 14921 0 0 0
cpu10 45629 72 46475 1735697 22280 0 14711 0 0 0
cpu11 41581 68 42256 1757447 20499 0 13067 0 0 0
cpu12 87109 147 52518 1679220 26365 0 16216 0 0 0
cpu13 83228 78 53534 1677970 27909 0 16582 0 0 0
cpu14 41493 66 41790 1760763 19370 0 12822 0 0 0
cpu15 38421 70 38355 1775017 19692 0 11632 0 0 0
cpu16 196632 31 61440 1615662 9116 0 34624 0 0 0
cpu17 186284 29 59723 1626465 11379 0 33196 0 0 0
cpu18 173412 30 57945 1642435 11307 0 32340 0 0 0
cpu19 328944 27 90250 1438089 5206 0 53827 0 0 0
cpu20 289585 27 83511 1484967 8300 0 50727 0 0 0
cpu21 168731 32 57114 1646300 13220 0 31600 0 0 0
cpu22 155670 36 54422 1663574 13229 0 29426 0 0 0
cpu23 135398 34 48749 1695915 12734 0 24839 0 0 0
cpu24 44894 71 43288 1753928 23685 0 13768 0 0 0
cpu25 50291 68 48266 1728301 26380 0 16286 0 0 0
cpu26 47999 62 47069 1735295 25407 0 15825 0 0 0
cpu27 40571 54 41990 1746758 23725 0 21632 0 0 0
cpu28 78302 87 56221 1666998 28978 0 28957 0 0 0
cpu29 82275 123 58255 1655370 29513 0 29511 0 0 0
cpu30 39898 48 43618 1741270 21210 0 21643 0 0 0
cpu31 43103 49 43796 1756684 21480 0 13770 0 0 0
intr 3406986203 126 0 0 0 0 0 0 0 0 1 0 0 0 0 0 0 0 0 0 0 0 0 0 0 0 0 0 1 1 1 0 0 0 0 1 0 1 0 0 75045 0 0 0 0 0 0 0 0 411 0 0 0 0 0 0 0 0 87 0 0 0 0 0 0 0 0 0 0 0 0 0 0 0 554148 2 35065217 35002257 34918166 35062324 0 15809 13843 16942 16631 10289 12779 16662 17748 14347 49010 65786 53032 45116 67895 65550 39911 36715 17297 19067 22802 9228 15280 21497 21913 18987 47290 60175 56049 44854 68805 71681 41165 41686 0 0 0 0 617301 4637 1036 0 264 0 0 0 0 0 0 0 0 0 0 0 0 0 0 0 0 0 0 0 0 0 0 0 0 0 0 0 0 0 0 0 0 0 0 0 0 0 0 0 0 0 0 0 0 0 0 0 0 0 0 0 0 0 0 0 0 0 0 0 0 0 0 0 0 0 0 0 0 0 0 0 0 0 0 0 0 0 0 0 0 0 0 0 0 0 0 0 0 0 0 0 0 0 0 0 0 0 0 0 0 0 0 0 0 0 0 0 0 0 0 0 0 0 0 0 0 0 0 0 0 0 0 0 0 0 0 0 0 0 0 0 0 0 0 0 0 0 0 0 0 0 0 0 0 0 0 0 0 0 0 0 0 0 0 0 0 0 0 0 0 0 0 0 0 0 0 0 0 0 0 0 0 0 0 0 0 0 0 0 0 0 0 0 0 0 0 0 0 0 0 0 0 0 0 0 0 0 0 0 0 0 0 0 0 0 0 0 0 0 0 0 0 0 0 0 0 0 0 0 0 0 0 0 0 0 0 0 0 0 0 0 0 0 0 0 0 0 0 0 0 0 0 0 0 0 0 0 0 0 0 0 0 0 0 0 0 0 0 0 0 0 0 0 0 0 0 0 0 0 0 0 0 0 0 0 0 0 0 0 0 0 0 0 0 0 0 0 0 0 0 0 0 0 0 0 0 0 0 0 0 0 0 0 0 0 0 0 0 0 0 0 0 0 0 0 0 0 0 0 0 0 0 0 0 0 0 0 0 0 0 0 0 0 0 0 0 0 0 0 0 0 0 0 0 0 0 0 0 0 0 0 0 0 0 0 0 0 0 0 0 0 0 0 0 0 0 0 0 0 0 0 0 0 0 0 0 0 0 0 0 0 0 0 0 0 0 0 0 0 0 0 0 0 0 0 0 0 0 0 0 0 0 0 0 0 0 0 0 0 0 0 0 0 0 0 0 0 0 0 0 0 0 0 0 0 0 0 0 0 0 0 0 0 0 0 0 0 0 0 0 0 0 0 0 0 0 0 0 0 0 0 0 0 0 0 0 0 0 0 0 0 0 0 0 0 0 0 0 0 0 0 0 0 0 0 0 0 0 0 0 0 0 0 0 0 0 0 0 0 0 0 0 0 0 0 0 0 0 0 0 0 0 0 0 0 0 0 0 0 0 0 0 0 0 0 0 0 0 0 0 0 0 0 0 0 0 0 0 0 0 0 0 0 0 0 0 0 0 0 0 0 0 0 0 0 0 0 0 0 0 0 0 0 0 0 0 0 0 0 0 0 0 0 0 0 0 0 0 0 0 0 0 0 0 0 0 0 0 0 0 0 0 0 0 0 0 0 0 0 0 0 0 0 0 0 0 0 0 0 0 0 0 0 0 0 0 0 0 0 0 0 0 0 0 0 0 0 0 0 0 0 0 0 0 0 0 0 0 0 0 0 0 0 0 0 0 0 0 0 0 0 0 0 0 0 0 0 0 0 0 0 0 0 0 0 0 0 0 0 0 0 0 0 0 0 0 0 0 0 0 0 0 0 0 0 0 0 0 0 0 0 0 0 0 0 0 0 0 0 0 0 0 0 0 0 0 0 0 0 0 0 0 0 0 0 0 0 0 0 0 0 0 0 0 0 0 0 0 0 0 0 0 0 0 0 0 0 0 0 0 0 0 0 0 0 0 0 0 0 0 0 0 0 0 0 0 0 0 0 0 0 0 0 0 0 0 0 0 0 0 0 0 0 0 0 0 0 0 0 0 0 0 0 0 0 0 0 0 0 0 0 0 0 0 0 0 0 0 0 0 0 0 0 0 0 0 0 0 0 0 0 0 0 0 0 0 0 0 0 0 0 0 0 0 0 0 0 0 0 0 0 0 0 0 0 0 0 0 0 0 0 0 0 0 0 0 0 0 0 0 0 0 0 0 0 0 0 0 0 0 0 0 0 0 0 0 0 0 0 0 0 0 0 0 0 0 0 0 0 0 0 0 0 0 0 0 0 0 0 0 0 0 0 0 0 0 0 0 0 0 0 0 0 0 0 0 0 0 0 0 0 0 0 0 0 0 0 0 0 0 0 0 0 0 0 0 0 0 0 0 0 0 0 0 0 0 0 0 0 0 0 0 0 0 0 0 0 0 0 0 0 0 0 0 0 0 0 0 0 0 0 0 0 0 0 0 0 0 0 0 0 0 0 0 0 0 0 0 0 0 0 0 0 0 0 0 0 0 0 0 0 0 0 0 0 0 0 0 0 0 0 0 0 0 0 0 0 0 0 0 0 0 0 0 0 0 0 0 0 0 0 0 0 0 0 0 0 0 0 0 0 0 0 0 0 0 0 0 0 0 0 0 0 0 0 0 0 0 0 0 0 0 0 0 0 0 0 0 0 0 0 0 0 0 0 0 0 0 0 0 0 0 0 0 0 0 0 0 0 0 0 0 0 0 0 0 0 0 0 0 0 0 0 0 0 0 0 0 0 0 0 0 0 0 0 0 0 0 0 0 0 0
ctxt 5413704257
btime 1790630938
processes 1142529
procs_running 1
procs_blocked 0
softirq 4836260754 73526 13979330 2753177 400178440 578144 0 13560510 56077921 421 54091989
