Running 10s test @ http://127.0.0.1:18500/counter
  16 threads and 128 connections
  Thread Stats   Avg      Stdev     Max   +/- Stdev
    Latency     8.24ms    1.66ms  25.66ms   73.63%
    Req/Sec     0.98k   130.97     3.69k    91.78%
  Latency Distribution
     50%    8.03ms
     75%    9.28ms
     90%   10.78ms
     99%   10.94ms
  155881 requests in 10.10s, 22.16MB read
Requests/sec:  15433.87
Transfer/sec:      2.19MB
## server-stat
cpu  4215235 1848 1790080 56455132 644933 0 845858 0 0 0
cpu0 161794 32 52481 1763878 7655 0 28287 0 0 0
cpu1 162585 37 53309 1768193 9463 0 27494 0 0 0
cpu2 170530 37 53810 1760255 9984 0 27729 0 0 0
cpu3 264935 38 77714 1626592 6568 0 44905 0 0 0
cpu4 260584 44 75354 1634305 8028 0 44748 0 0 0
cpu5 172889 44 55369 1755124 11266 0 28522 0 0 0
cpu6 175134 38 55445 1752058 11971 0 29446 0 0 0
cpu7 179996 37 58879 1741156 11784 0 32548 0 0 0
cpu8 42237 69 45784 1851743 25099 0 13959 0 0 0
cpu9 48753 78 49153 1824510 29384 0 15242 0 0 0
cpu10 46036 76 47431 1833845 27185 0 15003 0 0 0
cpu11 41907 72 43103 1856287 25338 0 13314 0 0 0
cpu12 89001 152 53736 1774889 31466 0 16613 0 0 0
cpu13 85068 83 54808 1773117 33329 0 16994 0 0 0
cpu14 41861 69 42676 1859837 23770 0 13083 0 0 0
cpu15 38699 74 39125 1874405 24317 0 11862 0 0 0
cpu16 221061 32 65167 1691102 10617 0 36372 0 0 0
cpu17 208447 31 63145 1703874 13664 0 34716 0 0 0
cpu18 191263 31 60911 1724278 14182 0 33575 0 0 0
cpu19 350843 28 94199 1516559 6207 0 55237 0 0 0
cpu20 315488 27 87891 1558524 9484 0 52532 0 0 0
cpu21 189732 34 60274 1724667 16240 0 32869 0 0 0
cpu22 172576 37 57571 1745648 16411 0 30842 0 0 0
cpu23 149803 36 51448 1781294 16039 0 25782 0 0 0
cpu24 45339 75 44199 1852148 29051 0 14036 0 0 0
cpu25 50836 71 49308 1825497 32031 0 16631 0 0 0
cpu26 48498 67 48083 1832695 31082 0 16148 0 0 0
cpu27 40965 58 42902 1844779 29337 0 21898 0 0 0
cpu28 80346 93 57647 1761149 34987 0 29424 0 0 0
cpu29 84209 129 59788 1748927 35926 0 30014 0 0 0
cpu30 40321 52 44615 1838998 26333 0 21952 0 0 0
cpu31 43486 54 44742 1854786 26719 0 14068 0 0 0
intr 3519409214 126 0 0 0 0 0 0 0 0 1 0 0 0 0 0 0 0 0 0 0 0 0 0 0 0 0 0 1 1 1 0 0 0 0 1 0 1 0 0 75045 0 0 0 0 0 0 0 0 411 0 0 0 0 0 0 0 0 87 0 0 0 0 0 0 0 0 0 0 0 0 0 0 0 598899 2 35069477 35004391 34920595 35067362 0 16672 15665 19366 19529 12060 15301 20043 20967 17606 55773 75859 61761 51492 83409 79154 45513 42514 19994 23052 27478 11375 17624 25892 26168 22437 57707 71604 64729 52360 83118 90424 47117 48103 0 0 0 0 617373 4732 1036 0 264 0 0 0 0 0 0 0 0 0 0 0 0 0 0 0 0 0 0 0 0 0 0 0 0 0 0 0 0 0 0 0 0 0 0 0 0 0 0 0 0 0 0 0 0 0 0 0 0 0 0 0 0 0 0 0 0 0 0 0 0 0 0 0 0 0 0 0 0 0 0 0 0 0 0 0 0 0 0 0 0 0 0 0 0 0 0 0 0 0 0 0 0 0 0 0 0 0 0 0 0 0 0 0 0 0 0 0 0 0 0 0 0 0 0 0 0 0 0 0 0 0 0 0 0 0 0 0 0 0 0 0 0 0 0 0 0 0 0 0 0 0 0 0 0 0 0 0 0 0 0 0 0 0 0 0 0 0 0 0 0 0 0 0 0 0 0 0 0 0 0 0 0 0 0 0 0 0 0 0 0 0 0 0 0 0 0 0 0 0 0 0 0 0 0 0 0 0 0 0 0 0 0 0 0 0 0 0 0 0 0 0 0 0 0 0 0 0 0 0 0 0 0 0 0 0 0 0 0 0 0 0 0 0 0 0 0 0 0 0 0 0 0 0 0 0 0 0 0 0 0 0 0 0 0 0 0 0 0 0 0 0 0 0 0 0 0 0 0 0 0 0 0 0 0 0 0 0 0 0 0 0 0 0 0 0 0 0 0 0 0 0 0 0 0 0 0 0 0 0 0 0 0 0 0 0 0 0 0 0 0 0 0 0 0 0 0 0 0 0 0 0 0 0 0 0 0 0 0 0 0 0 0 0 0 0 0 0 0 0 0 0 0 0 0 0 0 0 0 0 0 0 0 0 0 0 0 0 0 0 0 0 0 0 0 0 0 0 0 0 0 0 0 0 0 0 0 0 0 0 0 0 0 0 0 0 0 0 0 0 0 0 0 0 0 0 0 0 0 0 0 0 0 0 0 0 0 0 0 0 0 0 0 0 0 0 0 0 0 0 0 0 0 0 0 0 0 0 0 0 0 0 0 0 0 0 0 0 0 0 0 0 0 0 0 0 0 0 0 0 0 0 0 0 0 0 0 0 0 0 0 0 0 0 0 0 0 0 0 0 0 0 0 0 0 0 0 0 0 0 0 0 0 0 0 0 0 0 0 0 0 0 0 0 0 0 0 0 0 0 0 0 0 0 0 0 0 0 0 0 0 0 0 0 0 0 0 0 0 0 0 0 0 0 0 0 0 0 0 0 0 0 0 0 0 0 0 0 0 0 0 0 0 0 0 0 0 0 0 0 0 0 0 0 0 0 0 0 0 0 0 0 0 0 0 0 0 0 0 0 0 0 0 0 0 0 0 0 0 0 0 0 0 0 0 0 0 0 0 0 0 0 0 0 0 0 0 0 0 0 0 0 0 0 0 0 0 0 0 0 0 0 0 0 0 0 0 0 0 0 0 0 0 0 0 0 0 0 0 0 0 0 0 0 0 0 0 0 0 0 0 0 0 0 0 0 0 0 0 0 0 0 0 0 0 0 0 0 0 0 0 0 0 0 0 0 0 0 0 0 0 0 0 0 0 0 0 0 0 0 0 0 0 0 0 0 0 0 0 0 0 0 0 0 0 0 0 0 0 0 0 0 0 0 0 0 0 0 0 0 0 0 0 0 0 0 0 0 0 0 0 0 0 0 0 0 0 0 0 0 0 0 0 0 0 0 0 0 0 0 0 0 0 0 0 0 0 0 0 0 0 0 0 0 0 0 0 0 0 0 0 0 0 0 0 0 0 0 0 0 0 0 0 0 0 0 0 0 0 0 0 0 0 0 0 0 0 0 0 0 0 0 0 0 0 0 0 0 0 0 0 0 0 0 0 0 0 0 0 0 0 0 0 0 0 0 0 0 0 0 0 0 0 0 0 0 0 0 0 0 0 0 0 0 0 0 0 0 0 0 0 0 0 0 0 0 0 0 0 0 0 0 0 0 0 0 0 0 0 0 0 0 0 0 0 0 0 0 0 0 0 0 0 0 0 0 0 0 0 0 0 0 0 0 0 0 0 0 0 0 0 0 0 0 0 0 0 0 0 0 0 0 0 0 0 0 0 0 0 0 0 0 0 0 0 0 0 0 0 0 0 0 0 0 0 0 0 0 0 0 0 0 0 0 0 0 0 0 0 0 0 0 0 0 0 0 0 0 0 0 0 0 0 0 0 0 0 0 0 0 0 0 0 0 0 0 0 0 0 0 0 0 0 0 0 0 0 0 0 0 0 0 0 0 0 0 0 0 0 0 0 0 0 0 0 0 0 0 0 0 0 0 0 0 0 0 0 0 0 0 0 0 0 0 0 0 0 0 0 0 0 0 0 0 0 0 0 0 0 0 0 0 0 0 0 0 0 0 0 0 0 0 0 0 0 0 0 0 0 0 0 0 0 0 0 0 0 0 0 0 0 0 0 0 0 0 0 0 0 0 0 0 0 0 0 0 0 0 0 0 0 0 0 0 0 0 0 0 0 0 0 0 0 0 0 0 0 0 0 0 0 0 0
ctxt 5611234482
btime 1790630938
processes 1312406
procs_running 9
procs_blocked 0
softirq 4998998976 73526 14976720 2753189 551927914 624254 0 13560770 58855829 421 61259057
--
cpu  4220928 1849 1790832 56474025 644964 0 845938 0 0 0
cpu0 162161 32 52528 1764249 7655 0 28292 0 0 0
cpu1 163120 37 53381 1768377 9463 0 27501 0 0 0
cpu2 170545 37 53812 1761028 9984 0 27729 0 0 0
cpu3 265578 38 77802 1626653 6568 0 44913 0 0 0
cpu4 261276 44 75444 1634315 8028 0 44757 0 0 0
cpu5 173060 44 55391 1755727 11266 0 28524 0 0 0
cpu6 175136 38 55445 1752853 11971 0 29446 0 0 0
cpu7 180700 37 58966 1741156 11784 0 32557 0 0 0
cpu8 42238 69 45786 1852535 25099 0 13959 0 0 0
cpu9 48754 78 49154 1825296 29384 0 15242 0 0 0
cpu10 46040 76 47432 1834628 27185 0 15003 0 0 0
cpu11 41907 72 43103 1857079 25338 0 13315 0 0 0
cpu12 89009 152 53739 1775666 31466 0 16613 0 0 0
cpu13 85084 83 54809 1773874 33344 0 16995 0 0 0
cpu14 41863 69 42677 1860624 23770 0 13083 0 0 0
cpu15 38700 74 39125 1875197 24317 0 11862 0 0 0
cpu16 221405 32 65210 1691509 10617 0 36376 0 0 0
cpu17 208617 31 63166 1704480 13664 0 34718 0 0 0
cpu18 191946 31 61003 1724294 14182 0 33584 0 0 0
cpu19 350897 28 94206 1517295 6207 0 55238 0 0 0
cpu20 315498 27 87893 1559310 9484 0 52532 0 0 0
cpu21 190262 34 60342 1724861 16240 0 32876 0 0 0
cpu22 173280 37 57659 1745648 16411 0 30850 0 0 0
cpu23 149804 36 51448 1782090 16039 0 25782 0 0 0
cpu24 45342 75 44200 1852940 29051 0 14037 0 0 0
cpu25 50838 71 49309 1826290 32031 0 16631 0 0 0
cpu26 48498 67 48085 1833483 31082 0 16148 0 0 0
cpu27 40965 58 42902 1845571 29337 0 21898 0 0 0
cpu28 80367 93 57649 1761918 34987 0 29425 0 0 0
cpu29 84217 129 59790 1749690 35940 0 30014 0 0 0
cpu30 40322 52 44616 1839789 26333 0 21952 0 0 0
cpu31 43487 54 44742 1855582 26719 0 14069 0 0 0
intr 3519715852 126 0 0 0 0 0 0 0 0 1 0 0 0 0 0 0 0 0 0 0 0 0 0 0 0 0 0 1 1 1 0 0 0 0 1 0 1 0 0 75045 0 0 0 0 0 0 0 0 411 0 0 0 0 0 0 0 0 87 0 0 0 0 0 0 0 0 0 0 0 0 0 0 0 599192 2 35069538 35004407 34920632 35067401 0 16680 15665 19366 19529 12060 15301 20043 20967 17606 55773 75860 61761 51492 83415 79154 45513 42514 19994 23052 27478 11375 17624 25892 26168 22437 57707 71605 64729 52360 83118 90424 47117 48104 0 0 0 0 617373 4732 1036 0 264 0 0 0 0 0 0 0 0 0 0 0 0 0 0 0 0 0 0 0 0 0 0 0 0 0 0 0 0 0 0 0 0 0 0 0 0 0 0 0 0 0 0 0 0 0 0 0 0 0 0 0 0 0 0 0 0 0 0 0 0 0 0 0 0 0 0 0 0 0 0 0 0 0 0 0 0 0 0 0 0 0 0 0 0 0 0 0 0 0 0 0 0 0 0 0 0 0 0 0 0 0 0 0 0 0 0 0 0 0 0 0 0 0 0 0 0 0 0 0 0 0 0 0 0 0 0 0 0 0 0 0 0 0 0 0 0 0 0 0 0 0 0 0 0 0 0 0 0 0 0 0 0 0 0 0 0 0 0 0 0 0 0 0 0 0 0 0 0 0 0 0 0 0 0 0 0 0 0 0 0 0 0 0 0 0 0 0 0 0 0 0 0 0 0 0 0 0 0 0 0 0 0 0 0 0 0 0 0 0 0 0 0 0 0 0 0 0 0 0 0 0 0 0 0 0 0 0 0 0 0 0 0 0 0 0 0 0 0 0 0 0 0 0 0 0 0 0 0 0 0 0 0 0 0 0 0 0 0 0 0 0 0 0 0 0 0 0 0 0 0 0 0 0 0 0 0 0 0 0 0 0 0 0 0 0 0 0 0 0 0 0 0 0 0 0 0 0 0 0 0 0 0 0 0 0 0 0 0 0 0 0 0 0 0 0 0 0 0 0 0 0 0 0 0 0 0 0 0 0 0 0 0 0 0 0 0 0 0 0 0 0 0 0 0 0 0 0 0 0 0 0 0 0 0 0 0 0 0 0 0 0 0 0 0 0 0 0 0 0 0 0 0 0 0 0 0 0 0 0 0 0 0 0 0 0 0 0 0 0 0 0 0 0 0 0 0 0 0 0 0 0 0 0 0 0 0 0 0 0 0 0 0 0 0 0 0 0 0 0 0 0 0 0 0 0 0 0 0 0 0 0 0 0 0 0 0 0 0 0 0 0 0 0 0 0 0 0 0 0 0 0 0 0 0 0 0 0 0 0 0 0 0 0 0 0 0 0 0 0 0 0 0 0 0 0 0 0 0 0 0 0 0 0 0 0 0 0 0 0 0 0 0 0 0 0 0 0 0 0 0 0 0 0 0 0 0 0 0 0 0 0 0 0 0 0 0 0 0 0 0 0 0 0 0 0 0 0 0 0 0 0 0 0 0 0 0 0 0 0 0 0 0 0 0 0 0 0 0 0 0 0 0 0 0 0 0 0 0 0 0 0 0 0 0 0 0 0 0 0 0 0 0 0 0 0 0 0 0 0 0 0 0 0 0 0 0 0 0 0 0 0 0 0 0 0 0 0 0 0 0 0 0 0 0 0 0 0 0 0 0 0 0 0 0 0 0 0 0 0 0 0 0 0 0 0 0 0 0 0 0 0 0 0 0 0 0 0 0 0 0 0 0 0 0 0 0 0 0 0 0 0 0 0 0 0 0 0 0 0 0 0 0 0 0 0 0 0 0 0 0 0 0 0 0 0 0 0 0 0 0 0 0 0 0 0 0 0 0 0 0 0 0 0 0 0 0 0 0 0 0 0 0 0 0 0 0 0 0 0 0 0 0 0 0 0 0 0 0 0 0 0 0 0 0 0 0 0 0 0 0 0 0 0 0 0 0 0 0 0 0 0 0 0 0 0 0 0 0 0 0 0 0 0 0 0 0 0 0 0 0 0 0 0 0 0 0 0 0 0 0 0 0 0 0 0 0 0 0 0 0 0 0 0 0 0 0 0 0 0 0 0 0 0 0 0 0 0 0 0 0 0 0 0 0 0 0 0 0 0 0 0 0 0 0 0 0 0 0 0 0 0 0 0 0 0 0 0 0 0 0 0 0 0 0 0 0 0 0 0 0 0 0 0 0 0 0 0 0 0 0 0 0 0 0 0 0 0 0 0 0 0 0 0 0 0 0 0 0 0 0 0 0 0 0 0 0 0 0 0 0 0 0 0 0 0 0 0 0 0 0 0 0 0 0 0 0 0 0 0 0 0 0 0 0 0 0 0 0 0 0 0 0 0 0 0 0 0 0 0 0 0 0 0 0 0 0 0 0 0 0 0 0 0 0 0 0 0 0 0 0 0 0 0 0 0 0 0 0 0 0 0 0 0 0 0 0 0 0 0 0 0 0 0 0 0 0 0 0 0 0 0 0 0 0 0 0 0 0 0 0 0 0 0 0 0 0 0 0 0 0 0 0 0 0 0 0 0 0 0 0 0 0 0 0 0 0 0 0 0 0 0 0 0 0 0 0 0 0 0 0 0 0 0 0 0 0 0 0 0 0 0 0 0 0 0 0 0 0 0 0 0 0 0 0 0 0 0 0 0 0 0 0 0 0 0 0 0 0 0 0 0 0 0 0 0 0 0 0 0 0 0 0 0 0 0 0 0 0 0 0 0 0 0 0 0 0 0 0 0 0 0 0 0 0 0 0 0 0 0 0 0 0
ctxt 5611620940
btime 1790630938
processes 1312483
procs_running 9
procs_blocked 0
softirq 4999285755 73526 14981225 2753189 552175355 624562 0 13560770 58867571 421 61281840
