Running 10s test @ http://127.0.0.1:18500/usleep?ms=10
  16 threads and 32 connections
  Thread Stats   Avg      Stdev     Max   +/- Stdev
    Latency   163.83ms   11.75ms 317.86ms   98.45%
    Req/Sec    13.48      4.85    20.00     63.31%
  Latency Distribution
     50%  162.47ms
     75%  162.68ms
     90%  162.86ms
     99%  226.39ms
  1938 requests in 10.01s, 391.76KB read
Requests/sec:    193.55
Transfer/sec:     39.13KB
## server-stat
cpu  3771624 1669 1694748 50427361 467332 0 811052 0 0 0
cpu0 142968 30 48920 1577323 6039 0 26775 0 0 0
cpu1 144155 35 49825 1580686 7387 0 26056 0 0 0
cpu2 148081 34 50122 1577364 7485 0 26158 0 0 0
cpu3 228334 34 71557 1461085 4814 0 42194 0 0 0
cpu4 229294 39 69858 1462541 6006 0 42241 0 0 0
cpu5 153906 38 51785 1568845 8220 0 27083 0 0 0
cpu6 154952 34 52255 1566884 8463 0 28196 0 0 0
cpu7 161405 32 55509 1555254 8031 0 30866 0 0 0
cpu8 41611 61 44525 1650543 17553 0 13633 0 0 0
cpu9 47800 68 47754 1625278 21411 0 14863 0 0 0
cpu10 45313 68 46089 1633833 19378 0 14661 0 0 0
cpu11 41336 63 41916 1654875 17786 0 13035 0 0 0
cpu12 84793 143 51913 1579936 23552 0 16118 0 0 0
cpu13 81076 74 52882 1579190 24619 0 16477 0 0 0
cpu14 41216 62 41406 1658478 16736 0 12777 0 0 0
cpu15 38232 65 37994 1672195 17128 0 11600 0 0 0
cpu16 190816 29 60553 1516534 8540 0 34480 0 0 0
cpu17 180239 28 58780 1527710 10757 0 33049 0 0 0
cpu18 169077 28 57156 1541995 10455 0 32212 0 0 0
cpu19 305495 27 86445 1360831 4749 0 52311 0 0 0
cpu20 268980 26 80290 1403889 7675 0 49718 0 0 0
cpu21 164528 31 56315 1545990 12139 0 31456 0 0 0
cpu22 152605 34 53743 1562172 11922 0 29308 0 0 0
cpu23 132451 33 48107 1594499 11270 0 24721 0 0 0
cpu24 44581 65 42878 1651655 20584 0 13731 0 0 0
cpu25 49916 66 47850 1626388 23129 0 16242 0 0 0
cpu26 47686 60 46669 1633135 22190 0 15789 0 0 0
cpu27 40290 51 41598 1644172 20656 0 21603 0 0 0
cpu28 76948 85 55700 1566579 25537 0 28893 0 0 0
cpu29 81008 120 57726 1555092 26068 0 29436 0 0 0
cpu30 39663 46 43197 1638483 18537 0 21610 0 0 0
cpu31 42855 46 43415 1653914 18503 0 13744 0 0 0
intr 3352890598 126 0 0 0 0 0 0 0 0 1 0 0 0 0 0 0 0 0 0 0 0 0 0 0 0 0 0 1 1 1 0 0 0 0 1 0 1 0 0 75045 0 0 0 0 0 0 0 0 411 0 0 0 0 0 0 0 0 87 0 0 0 0 0 0 0 0 0 0 0 0 0 0 0 521104 2 35060191 34999418 34914084 35057381 0 14951 13045 16051 15320 9505 11803 15608 16511 12981 45574 61461 49373 41984 63314 60316 37183 33800 16258 18242 21658 8775 14485 20356 20084 17373 43850 55527 52083 41378 62485 67056 37998 38842 0 0 0 0 617229 4545 1036 0 264 0 0 0 0 0 0 0 0 0 0 0 0 0 0 0 0 0 0 0 0 0 0 0 0 0 0 0 0 0 0 0 0 0 0 0 0 0 0 0 0 0 0 0 0 0 0 0 0 0 0 0 0 0 0 0 0 0 0 0 0 0 0 0 0 0 0 0 0 0 0 0 0 0 0 0 0 0 0 0 0 0 0 0 0 0 0 0 0 0 0 0 0 0 0 0 0 0 0 0 0 0 0 0 0 0 0 0 0 0 0 0 0 0 0 0 0 0 0 0 0 0 0 0 0 0 0 0 0 0 0 0 0 0 0 0 0 0 0 0 0 0 0 0 0 0 0 0 0 0 0 0 0 0 0 0 0 0 0 0 0 0 0 0 0 0 0 0 0 0 0 0 0 0 0 0 0 0 0 0 0 0 0 0 0 0 0 0 0 0 0 0 0 0 0 0 0 0 0 0 0 0 0 0 0 0 0 0 0 0 0 0 0 0 0 0 0 0 0 0 0 0 0 0 0 0 0 0 0 0 0 0 0 0 0 0 0 0 0 0 0 0 0 0 0 0 0 0 0 0 0 0 0 0 0 0 0 0 0 0 0 0 0 0 0 0 0 0 0 0 0 0 0 0 0 0 0 0 0 0 0 0 0 0 0 0 0 0 0 0 0 0 0 0 0 0 0 0 0 0 0 0 0 0 0 0 0 0 0 0 0 0 0 0 0 0 0 0 0 0 0 0 0 0 0 0 0 0 0 0 0 0 0 0 0 0 0 0 0 0 0 0 0 0 0 0 0 0 0 0 0 0 0 0 0 0 0 0 0 0 0 0 0 0 0 0 0 0 0 0 0 0 0 0 0 0 0 0 0 0 0 0 0 0 0 0 0 0 0 0 0 0 0 0 0 0 0 0 0 0 0 0 0 0 0 0 0 0 0 0 0 0 0 0 0 0 0 0 0 0 0 0 0 0 0 0 0 0 0 0 0 0 0 0 0 0 0 0 0 0 0 0 0 0 0 0 0 0 0 0 0 0 0 0 0 0 0 0 0 0 0 0 0 0 0 0 0 0 0 0 0 0 0 0 0 0 0 0 0 0 0 0 0 0 0 0 0 0 0 0 0 0 0 0 0 0 0 0 0 0 0 0 0 0 0 0 0 0 0 0 0 0 0 0 0 0 0 0 0 0 0 0 0 0 0 0 0 0 0 0 0 0 0 0 0 0 0 0 0 0 0 0 0 0 0 0 0 0 0 0 0 0 0 0 0 0 0 0 0 0 0 0 0 0 0 0 0 0 0 0 0 0 0 0 0 0 0 0 0 0 0 0 0 0 0 0 0 0 0 0 0 0 0 0 0 0 0 0 0 0 0 0 0 0 0 0 0 0 0 0 0 0 0 0 0 0 0 0 0 0 0 0 0 0 0 0 0 0 0 0 0 0 0 0 0 0 0 0 0 0 0 0 0 0 0 0 0 0 0 0 0 0 0 0 0 0 0 0 0 0 0 0 0 0 0 0 0 0 0 0 0 0 0 0 0 0 0 0 0 0 0 0 0 0 0 0 0 0 0 0 0 0 0 0 0 0 0 0 0 0 0 0 0 0 0 0 0 0 0 0 0 0 0 0 0 0 0 0 0 0 0 0 0 0 0 0 0 0 0 0 0 0 0 0 0 0 0 0 0 0 0 0 0 0 0 0 0 0 0 0 0 0 0 0 0 0 0 0 0 0 0 0 0 0 0 0 0 0 0 0 0 0 0 0 0 0 0 0 0 0 0 0 0 0 0 0 0 0 0 0 0 0 0 0 0 0 0 0 0 0 0 0 0 0 0 0 0 0 0 0 0 0 0 0 0 0 0 0 0 0 0 0 0 0 0 0 0 0 0 0 0 0 0 0 0 0 0 0 0 0 0 0 0 0 0 0 0 0 0 0 0 0 0 0 0 0 0 0 0 0 0 0 0 0 0 0 0 0 0 0 0 0 0 0 0 0 0 0 0 0 0 0 0 0 0 0 0 0 0 0 0 0 0 0 0 0 0 0 0 0 0 0 0 0 0 0 0 0 0 0 0 0 0 0 0 0 0 0 0 0 0 0 0 0 0 0 0 0 0 0 0 0 0 0 0 0 0 0 0 0 0 0 0 0 0 0 0 0 0 0 0 0 0 0 0 0 0 0 0 0 0 0 0 0 0 0 0 0 0 0 0 0 0 0 0 0 0 0 0 0 0 0 0 0 0 0 0 0 0 0 0 0 0 0 0 0 0 0 0 0 0 0 0 0 0 0 0 0 0 0 0 0 0 0 0 0 0 0 0 0 0 0 0 0 0 0 0 0 0 0 0 0 0 0 0 0 0 0 0 0 0 0 0 0 0 0 0 0 0 0 0 0 0 0 0 0 0 0 0 0 0 0 0 0 0 0 0 0 0 0 0 0 0 0 0 0 0 0 0 0 0 0 0 0 0 0 0 0 0 0 0 0 0 0 0 0 0 0 0 0 0 0 0
ctxt 5320083074
btime 1790630938
processes 993295
procs_running 1
procs_blocked 0
softirq 4778600063 73526 13295834 2753173 348416098 543723 0 13560297 54421616 421 50568079
--
cpu  3771697 1670 1694758 50452815 467353 0 811053 0 0 0
cpu0 142970 30 48921 1578118 6039 0 26775 0 0 0
cpu1 144155 35 49825 1581482 7387 0 26056 0 0 0
cpu2 148081 34 50122 1578160 7485 0 26158 0 0 0
cpu3 228343 34 71558 1461874 4814 0 42194 0 0 0
cpu4 229300 39 69858 1463335 6006 0 42241 0 0 0
cpu5 153907 38 51786 1569642 8220 0 27083 0 0 0
cpu6 154952 34 52256 1567682 8463 0 28196 0 0 0
cpu7 161406 32 55510 1556051 8032 0 30866 0 0 0
cpu8 41611 61 44525 1651342 17553 0 13633 0 0 0
cpu9 47801 68 47755 1626076 21411 0 14863 0 0 0
cpu10 45314 68 46089 1634620 19390 0 14661 0 0 0
cpu11 41336 63 41916 1655671 17788 0 13035 0 0 0
cpu12 84807 143 51914 1580718 23552 0 16118 0 0 0
cpu13 81101 75 52885 1579960 24619 0 16477 0 0 0
cpu14 41217 62 41406 1659277 16736 0 12777 0 0 0
cpu15 38233 65 37995 1672994 17128 0 11600 0 0 0
cpu16 190816 29 60553 1517332 8540 0 34480 0 0 0
cpu17 180239 28 58780 1528507 10757 0 33049 0 0 0
cpu18 169077 28 57156 1542793 10455 0 32212 0 0 0
cpu19 305496 27 86446 1361628 4749 0 52311 0 0 0
cpu20 268981 26 80291 1404687 7675 0 49718 0 0 0
cpu21 164529 31 56315 1546788 12139 0 31456 0 0 0
cpu22 152605 34 53744 1562971 11923 0 29308 0 0 0
cpu23 132451 33 48107 1595297 11270 0 24721 0 0 0
cpu24 44581 65 42878 1652455 20584 0 13731 0 0 0
cpu25 49916 66 47850 1627187 23130 0 16242 0 0 0
cpu26 47686 60 46669 1633935 22190 0 15789 0 0 0
cpu27 40290 51 41599 1644971 20657 0 21603 0 0 0
cpu28 76955 85 55700 1567370 25537 0 28893 0 0 0
cpu29 81008 120 57727 1555890 26068 0 29436 0 0 0
cpu30 39664 46 43197 1639280 18537 0 21610 0 0 0
cpu31 42855 46 43415 1654708 18508 0 13744 0 0 0
intr 3353022121 126 0 0 0 0 0 0 0 0 1 0 0 0 0 0 0 0 0 0 0 0 0 0 0 0 0 0 1 1 1 0 0 0 0 1 0 1 0 0 75045 0 0 0 0 0 0 0 0 411 0 0 0 0 0 0 0 0 87 0 0 0 0 0 0 0 0 0 0 0 0 0 0 0 521339 2 35060268 34999478 34914104 35057438 0 14959 13045 16051 15320 9505 11803 15608 16511 12981 45574 61461 49373 41984 63314 60316 37183 33800 16259 18242 21659 8775 14485 20357 20085 17373 43850 55527 52083 41384 62485 67056 37998 38842 0 0 0 0 617229 4545 1036 0 264 0 0 0 0 0 0 0 0 0 0 0 0 0 0 0 0 0 0 0 0 0 0 0 0 0 0 0 0 0 0 0 0 0 0 0 0 0 0 0 0 0 0 0 0 0 0 0 0 0 0 0 0 0 0 0 0 0 0 0 0 0 0 0 0 0 0 0 0 0 0 0 0 0 0 0 0 0 0 0 0 0 0 0 0 0 0 0 0 0 0 0 0 0 0 0 0 0 0 0 0 0 0 0 0 0 0 0 0 0 0 0 0 0 0 0 0 0 0 0 0 0 0 0 0 0 0 0 0 0 0 0 0 0 0 0 0 0 0 0 0 0 0 0 0 0 0 0 0 0 0 0 0 0 0 0 0 0 0 0 0 0 0 0 0 0 0 0 0 0 0 0 0 0 0 0 0 0 0 0 0 0 0 0 0 0 0 0 0 0 0 0 0 0 0 0 0 0 0 0 0 0 0 0 0 0 0 0 0 0 0 0 0 0 0 0 0 0 0 0 0 0 0 0 0 0 0 0 0 0 0 0 0 0 0 0 0 0 0 0 0 0 0 0 0 0 0 0 0 0 0 0 0 0 0 0 0 0 0 0 0 0 0 0 0 0 0 0 0 0 0 0 0 0 0 0 0 0 0 0 0 0 0 0 0 0 0 0 0 0 0 0 0 0 0 0 0 0 0 0 0 0 0 0 0 0 0 0 0 0 0 0 0 0 0 0 0 0 0 0 0 0 0 0 0 0 0 0 0 0 0 0 0 0 0 0 0 0 0 0 0 0 0 0 0 0 0 0 0 0 0 0 0 0 0 0 0 0 0 0 0 0 0 0 0 0 0 0 0 0 0 0 0 0 0 0 0 0 0 0 0 0 0 0 0 0 0 0 0 0 0 0 0 0 0 0 0 0 0 0 0 0 0 0 0 0 0 0 0 0 0 0 0 0 0 0 0 0 0 0 0 0 0 0 0 0 0 0 0 0 0 0 0 0 0 0 0 0 0 0 0 0 0 0 0 0 0 0 0 0 0 0 0 0 0 0 0 0 0 0 0 0 0 0 0 0 0 0 0 0 0 0 0 0 0 0 0 0 0 0 0 0 0 0 0 0 0 0 0 0 0 0 0 0 0 0 0 0 0 0 0 0 0 0 0 0 0 0 0 0 0 0 0 0 0 0 0 0 0 0 0 0 0 0 0 0 0 0 0 0 0 0 0 0 0 0 0 0 0 0 0 0 0 0 0 0 0 0 0 0 0 0 0 0 0 0 0 0 0 0 0 0 0 0 0 0 0 0 0 0 0 0 0 0 0 0 0 0 0 0 0 0 0 0 0 0 0 0 0 0 0 0 0 0 0 0 0 0 0 0 0 0 0 0 0 0 0 0 0 0 0 0 0 0 0 0 0 0 0 0 0 0 0 0 0 0 0 0 0 0 0 0 0 0 0 0 0 0 0 0 0 0 0 0 0 0 0 0 0 0 0 0 0 0 0 0 0 0 0 0 0 0 0 0 0 0 0 0 0 0 0 0 0 0 0 0 0 0 0 0 0 0 0 0 0 0 0 0 0 0 0 0 0 0 0 0 0 0 0 0 0 0 0 0 0 0 0 0 0 0 0 0 0 0 0 0 0 0 0 0 0 0 0 0 0 0 0 0 0 0 0 0 0 0 0 0 0 0 0 0 0 0 0 0 0 0 0 0 0 0 0 0 0 0 0 0 0 0 0 0 0 0 0 0 0 0 0 0 0 0 0 0 0 0 0 0 0 0 0 0 0 0 0 0 0 0 0 0 0 0 0 0 0 0 0 0 0 0 0 0 0 0 0 0 0 0 0 0 0 0 0 0 0 0 0 0 0 0 0 0 0 0 0 0 0 0 0 0 0 0 0 0 0 0 0 0 0 0 0 0 0 0 0 0 0 0 0 0 0 0 0 0 0 0 0 0 0 0 0 0 0 0 0 0 0 0 0 0 0 0 0 0 0 0 0 0 0 0 0 0 0 0 0 0 0 0 0 0 0 0 0 0 0 0 0 0 0 0 0 0 0 0 0 0 0 0 0 0 0 0 0 0 0 0 0 0 0 0 0 0 0 0 0 0 0 0 0 0 0 0 0 0 0 0 0 0 0 0 0 0 0 0 0 0 0 0 0 0 0 0 0 0 0 0 0 0 0 0 0 0 0 0 0 0 0 0 0 0 0 0 0 0 0 0 0 0 0 0 0 0 0 0 0 0 0 0 0 0 0 0 0 0 0 0 0 0 0 0 0 0 0 0 0 0 0 0 0 0 0 0 0 0 0 0 0 0 0 0 0 0 0 0 0 0 0 0 0 0 0 0 0 0 0 0 0 0 0 0 0 0 0 0 0 0 0 0 0 0 0 0 0 0 0 0 0 0 0 0 0 0 0 0 0 0 0 0 0 0 0 0 0 0 0 0 0 0 0 0 0 0 0 0 0 0 0 0 0 0 0 0 0 0 0 0 0 0 0 0 0 0 0 0 0
ctxt 5320297622
btime 1790630938
processes 993373
procs_running 1
procs_blocked 1
softirq 4778621735 73526 13300866 2753173 348420803 543975 0 13560297 54427718 421 50573660
