Running 10s test @ http://127.0.0.1:18500/counter
  16 threads and 128 connections
  Thread Stats   Avg      Stdev     Max   +/- Stdev
    Latency    24.71ms    5.97ms 202.99ms   96.15%
    Req/Sec   328.16     27.44   616.00     78.51%
  Latency Distribution
     50%   24.03ms
     75%   25.49ms
     90%   27.13ms
     99%   43.85ms
  52774 requests in 10.10s, 57.12MB read
Requests/sec:   5225.44
Transfer/sec:      5.66MB
## server-stat
cpu  3914995 1756 1723833 53645577 532728 0 818965 0 0 0
cpu0 147606 31 49723 1678900 6642 0 27196 0 0 0
cpu1 147704 36 50537 1683997 8051 0 26278 0 0 0
cpu2 152428 36 50916 1679937 8092 0 26343 0 0 0
cpu3 243453 36 73950 1550289 5400 0 43270 0 0 0
cpu4 244836 41 72517 1550641 6834 0 43673 0 0 0
cpu5 158028 41 52551 1671566 9078 0 27226 0 0 0
cpu6 158736 36 52961 1669920 9466 0 28329 0 0 0
cpu7 164123 35 56083 1659349 9244 0 30974 0 0 0
cpu8 41898 66 44897 1755060 20493 0 13668 0 0 0
cpu9 48242 73 48194 1728726 24489 0 14922 0 0 0
cpu10 45648 72 46501 1737514 22528 0 14712 0 0 0
cpu11 41597 68 42280 1759277 20742 0 13067 0 0 0
cpu12 87154 147 52546 1680989 26627 0 16217 0 0 0
cpu13 83273 78 53561 1679737 28168 0 16584 0 0 0
cpu14 41510 66 41820 1762604 19598 0 12822 0 0 0
cpu15 38431 70 38380 1776846 19945 0 11632 0 0 0
cpu16 197872 31 61504 1616441 9146 0 34629 0 0 0
cpu17 187332 29 59789 1627419 11407 0 33204 0 0 0
cpu18 174537 30 58006 1643301 11358 0 32347 0 0 0
cpu19 330236 27 90353 1438791 5223 0 53832 0 0 0
cpu20 290834 27 83576 1485739 8323 0 50732 0 0 0
cpu21 169547 32 57169 1647428 13311 0 31609 0 0 0
cpu22 156410 36 54476 1664770 13319 0 29437 0 0 0
cpu23 135997 34 48803 1697226 12849 0 24850 0 0 0
cpu24 44915 71 43318 1755762 23923 0 13768 0 0 0
cpu25 50314 68 48294 1730108 26638 0 16286 0 0 0
cpu26 48019 62 47094 1737138 25642 0 15827 0 0 0
cpu27 40589 54 42018 1748551 24006 0 21632 0 0 0
cpu28 78354 87 56251 1668775 29227 0 28958 0 0 0
cpu29 82321 123 58286 1657119 29791 0 29512 0 0 0
cpu30 39912 48 43644 1743132 21423 0 21644 0 0 0
cpu31 43122 50 43824 1758509 21730 0 13771 0 0 0
intr 3409127113 126 0 0 0 0 0 0 0 0 1 0 0 0 0 0 0 0 0 0 0 0 0 0 0 0 0 0 1 1 1 0 0 0 0 1 0 1 0 0 75045 0 0 0 0 0 0 0 0 411 0 0 0 0 0 0 0 0 87 0 0 0 0 0 0 0 0 0 0 0 0 0 0 0 554856 2 35065291 35002322 34918193 35062411 0 15825 13899 17016 16688 10361 12850 16795 17923 14474 49296 66053 53357 45406 68180 65877 40129 36923 17329 19134 22869 9273 15343 21621 22057 19115 47593 60653 56400 45169 69090 72020 41361 41944 0 0 0 0 617301 4637 1036 0 264 0 0 0 0 0 0 0 0 0 0 0 0 0 0 0 0 0 0 0 0 0 0 0 0 0 0 0 0 0 0 0 0 0 0 0 0 0 0 0 0 0 0 0 0 0 0 0 0 0 0 0 0 0 0 0 0 0 0 0 0 0 0 0 0 0 0 0 0 0 0 0 0 0 0 0 0 0 0 0 0 0 0 0 0 0 0 0 0 0 0 0 0 0 0 0 0 0 0 0 0 0 0 0 0 0 0 0 0 0 0 0 0 0 0 0 0 0 0 0 0 0 0 0 0 0 0 0 0 0 0 0 0 0 0 0 0 0 0 0 0 0 0 0 0 0 0 0 0 0 0 0 0 0 0 0 0 0 0 0 0 0 0 0 0 0 0 0 0 0 0 0 0 0 0 0 0 0 0 0 0 0 0 0 0 0 0 0 0 0 0 0 0 0 0 0 0 0 0 0 0 0 0 0 0 0 0 0 0 0 0 0 0 0 0 0 0 0 0 0 0 0 0 0 0 0 0 0 0 0 0 0 0 0 0 0 0 0 0 0 0 0 0 0 0 0 0 0 0 0 0 0 0 0 0 0 0 0 0 0 0 0 0 0 0 0 0 0 0 0 0 0 0 0 0 0 0 0 0 0 0 0 0 0 0 0 0 0 0 0 0 0 0 0 0 0 0 0 0 0 0 0 0 0 0 0 0 0 0 0 0 0 0 0 0 0 0 0 0 0 0 0 0 0 0 0 0 0 0 0 0 0 0 0 0 0 0 0 0 0 0 0 0 0 0 0 0 0 0 0 0 0 0 0 0 0 0 0 0 0 0 0 0 0 0 0 0 0 0 0 0 0 0 0 0 0 0 0 0 0 0 0 0 0 0 0 0 0 0 0 0 0 0 0 0 0 0 0 0 0 0 0 0 0 0 0 0 0 0 0 0 0 0 0 0 0 0 0 0 0 0 0 0 0 0 0 0 0 0 0 0 0 0 0 0 0 0 0 0 0 0 0 0 0 0 0 0 0 0 0 0 0 0 0 0 0 0 0 0 0 0 0 0 0 0 0 0 0 0 0 0 0 0 0 0 0 0 0 0 0 0 0 0 0 0 0 0 0 0 0 0 0 0 0 0 0 0 0 0 0 0 0 0 0 0 0 0 0 0 0 0 0 0 0 0 0 0 0 0 0 0 0 0 0 0 0 0 0 0 0 0 0 0 0 0 0 0 0 0 0 0 0 0 0 0 0 0 0 0 0 0 0 0 0 0 0 0 0 0 0 0 0 0 0 0 0 0 0 0 0 0 0 0 0 0 0 0 0 0 0 0 0 0 0 0 0 0 0 0 0 0 0 0 0 0 0 0 0 0 0 0 0 0 0 0 0 0 0 0 0 0 0 0 0 0 0 0 0 0 0 0 0 0 0 0 0 0 0 0 0 0 0 0 0 0 0 0 0 0 0 0 0 0 0 0 0 0 0 0 0 0 0 0 0 0 0 0 0 0 0 0 0 0 0 0 0 0 0 0 0 0 0 0 0 0 0 0 0 0 0 0 0 0 0 0 0 0 0 0 0 0 0 0 0 0 0 0 0 0 0 0 0 0 0 0 0 0 0 0 0 0 0 0 0 0 0 0 0 0 0 0 0 0 0 0 0 0 0 0 0 0 0 0 0 0 0 0 0 0 0 0 0 0 0 0 0 0 0 0 0 0 0 0 0 0 0 0 0 0 0 0 0 0 0 0 0 0 0 0 0 0 0 0 0 0 0 0 0 0 0 0 0 0 0 0 0 0 0 0 0 0 0 0 0 0 0 0 0 0 0 0 0 0 0 0 0 0 0 0 0 0 0 0 0 0 0 0 0 0 0 0 0 0 0 0 0 0 0 0 0 0 0 0 0 0 0 0 0 0 0 0 0 0 0 0 0 0 0 0 0 0 0 0 0 0 0 0 0 0 0 0 0 0 0 0 0 0 0 0 0 0 0 0 0 0 0 0 0 0 0 0 0 0 0 0 0 0 0 0 0 0 0 0 0 0 0 0 0 0 0 0 0 0 0 0 0 0 0 0 0 0 0 0 0 0 0 0 0 0 0 0 0 0 0 0 0 0 0 0 0 0 0 0 0 0 0 0 0 0 0 0 0 0 0 0 0 0 0 0 0 0 0 0 0 0 0 0 0 0 0 0 0 0 0 0 0 0 0 0 0 0 0 0 0 0 0 0 0 0 0 0 0 0 0 0 0 0 0 0 0 0 0 0 0 0 0 0 0 0 0 0 0 0 0 0 0 0 0 0 0 0 0 0 0 0 0 0 0 0 0 0 0 0 0 0 0 0 0 0 0 0 0 0 0 0 0 0 0 0 0 0 0 0 0 0 0 0 0 0 0 0 0 0 0 0 0 0 0 0 0 0 0 0 0 0 0 0 0 0 0 0 0 0 0 0 0 0 0 0 0 0 0 0 0 0 0 0 0 0 0 0 0 0 0 0 0 0 0 0 0 0 0 0
ctxt 5417316182
btime 1790630938
processes 1153237
procs_running 8
procs_blocked 6
softirq 4837118681 73526 13989152 2753177 400804926 578882 0 13560510 56135656 421 54255135
--
cpu  3918379 1757 1724324 53658239 541489 0 818981 0 0 0
cpu0 147748 31 49740 1679483 6674 0 27197 0 0 0
cpu1 147852 36 50555 1684551 8119 0 26280 0 0 0
cpu2 152687 36 50946 1680384 8143 0 26344 0 0 0
cpu3 243624 36 73971 1550827 5461 0 43271 0 0 0
cpu4 245011 41 72537 1551184 6886 0 43673 0 0 0
cpu5 158209 41 52574 1672064 9166 0 27227 0 0 0
cpu6 158837 36 52974 1670485 9575 0 28329 0 0 0
cpu7 164184 35 56092 1659962 9344 0 30974 0 0 0
cpu8 41900 66 44902 1755401 20935 0 13668 0 0 0
cpu9 48245 73 48200 1729094 24903 0 14923 0 0 0
cpu10 45650 72 46507 1737858 22968 0 14712 0 0 0
cpu11 41597 68 42286 1759604 21201 0 13067 0 0 0
cpu12 87160 147 52552 1681328 27066 0 16218 0 0 0
cpu13 83279 78 53568 1680127 28555 0 16584 0 0 0
cpu14 41512 66 41824 1762965 20024 0 12823 0 0 0
cpu15 38432 70 38384 1777160 20420 0 11632 0 0 0
cpu16 198277 31 61549 1616762 9172 0 34629 0 0 0
cpu17 187743 29 59834 1627734 11431 0 33204 0 0 0
cpu18 174758 30 58031 1643754 11451 0 32348 0 0 0
cpu19 330646 27 90398 1439106 5250 0 53833 0 0 0
cpu20 291247 27 83619 1486050 8353 0 50732 0 0 0
cpu21 169692 32 57188 1647941 13422 0 31611 0 0 0
cpu22 156465 36 54488 1665320 13486 0 29439 0 0 0
cpu23 136024 34 48812 1697787 13038 0 24851 0 0 0
cpu24 44917 71 43324 1756038 24431 0 13769 0 0 0
cpu25 50316 68 48301 1730392 27137 0 16286 0 0 0
cpu26 48021 62 47101 1737391 26174 0 15827 0 0 0
cpu27 40589 54 42023 1748784 24560 0 21632 0 0 0
cpu28 78370 87 56259 1669028 29740 0 28958 0 0 0
cpu29 82339 123 58294 1657395 30280 0 29512 0 0 0
cpu30 39913 48 43648 1743454 21888 0 21644 0 0 0
cpu31 43122 50 43828 1758809 22219 0 13771 0 0 0
intr 3409905962 126 0 0 0 0 0 0 0 0 1 0 0 0 0 0 0 0 0 0 0 0 0 0 0 0 0 0 1 1 1 0 0 0 0 1 0 1 0 0 75045 0 0 0 0 0 0 0 0 411 0 0 0 0 0 0 0 0 87 0 0 0 0 0 0 0 0 0 0 0 0 0 0 0 555769 2 35065317 35002350 34918212 35062442 0 15833 13985 17113 16772 10434 12924 16921 18058 14595 49825 66618 53926 45846 68826 66446 40533 37385 17381 19195 22978 9315 15393 21782 22250 19302 48160 61325 57012 45698 69769 72710 41751 42468 0 0 0 0 617301 4637 1036 0 264 0 0 0 0 0 0 0 0 0 0 0 0 0 0 0 0 0 0 0 0 0 0 0 0 0 0 0 0 0 0 0 0 0 0 0 0 0 0 0 0 0 0 0 0 0 0 0 0 0 0 0 0 0 0 0 0 0 0 0 0 0 0 0 0 0 0 0 0 0 0 0 0 0 0 0 0 0 0 0 0 0 0 0 0 0 0 0 0 0 0 0 0 0 0 0 0 0 0 0 0 0 0 0 0 0 0 0 0 0 0 0 0 0 0 0 0 0 0 0 0 0 0 0 0 0 0 0 0 0 0 0 0 0 0 0 0 0 0 0 0 0 0 0 0 0 0 0 0 0 0 0 0 0 0 0 0 0 0 0 0 0 0 0 0 0 0 0 0 0 0 0 0 0 0 0 0 0 0 0 0 0 0 0 0 0 0 0 0 0 0 0 0 0 0 0 0 0 0 0 0 0 0 0 0 0 0 0 0 0 0 0 0 0 0 0 0 0 0 0 0 0 0 0 0 0 0 0 0 0 0 0 0 0 0 0 0 0 0 0 0 0 0 0 0 0 0 0 0 0 0 0 0 0 0 0 0 0 0 0 0 0 0 0 0 0 0 0 0 0 0 0 0 0 0 0 0 0 0 0 0 0 0 0 0 0 0 0 0 0 0 0 0 0 0 0 0 0 0 0 0 0 0 0 0 0 0 0 0 0 0 0 0 0 0 0 0 0 0 0 0 0 0 0 0 0 0 0 0 0 0 0 0 0 0 0 0 0 0 0 0 0 0 0 0 0 0 0 0 0 0 0 0 0 0 0 0 0 0 0 0 0 0 0 0 0 0 0 0 0 0 0 0 0 0 0 0 0 0 0 0 0 0 0 0 0 0 0 0 0 0 0 0 0 0 0 0 0 0 0 0 0 0 0 0 0 0 0 0 0 0 0 0 0 0 0 0 0 0 0 0 0 0 0 0 0 0 0 0 0 0 0 0 0 0 0 0 0 0 0 0 0 0 0 0 0 0 0 0 0 0 0 0 0 0 0 0 0 0 0 0 0 0 0 0 0 0 0 0 0 0 0 0 0 0 0 0 0 0 0 0 0 0 0 0 0 0 0 0 0 0 0 0 0 0 0 0 0 0 0 0 0 0 0 0 0 0 0 0 0 0 0 0 0 0 0 0 0 0 0 0 0 0 0 0 0 0 0 0 0 0 0 0 0 0 0 0 0 0 0 0 0 0 0 0 0 0 0 0 0 0 0 0 0 0 0 0 0 0 0 0 0 0 0 0 0 0 0 0 0 0 0 0 0 0 0 0 0 0 0 0 0 0 0 0 0 0 0 0 0 0 0 0 0 0 0 0 0 0 0 0 0 0 0 0 0 0 0 0 0 0 0 0 0 0 0 0 0 0 0 0 0 0 0 0 0 0 0 0 0 0 0 0 0 0 0 0 0 0 0 0 0 0 0 0 0 0 0 0 0 0 0 0 0 0 0 0 0 0 0 0 0 0 0 0 0 0 0 0 0 0 0 0 0 0 0 0 0 0 0 0 0 0 0 0 0 0 0 0 0 0 0 0 0 0 0 0 0 0 0 0 0 0 0 0 0 0 0 0 0 0 0 0 0 0 0 0 0 0 0 0 0 0 0 0 0 0 0 0 0 0 0 0 0 0 0 0 0 0 0 0 0 0 0 0 0 0 0 0 0 0 0 0 0 0 0 0 0 0 0 0 0 0 0 0 0 0 0 0 0 0 0 0 0 0 0 0 0 0 0 0 0 0 0 0 0 0 0 0 0 0 0 0 0 0 0 0 0 0 0 0 0 0 0 0 0 0 0 0 0 0 0 0 0 0 0 0 0 0 0 0 0 0 0 0 0 0 0 0 0 0 0 0 0 0 0 0 0 0 0 0 0 0 0 0 0 0 0 0 0 0 0 0 0 0 0 0 0 0 0 0 0 0 0 0 0 0 0 0 0 0 0 0 0 0 0 0 0 0 0 0 0 0 0 0 0 0 0 0 0 0 0 0 0 0 0 0 0 0 0 0 0 0 0 0 0 0 0 0 0 0 0 0 0 0 0 0 0 0 0 0 0 0 0 0 0 0 0 0 0 0 0 0 0 0 0 0 0 0 0 0 0 0 0 0 0 0 0 0 0 0 0 0 0 0 0 0 0 0 0 0 0 0 0 0 0 0 0 0 0 0 0 0 0 0 0 0 0 0 0 0 0 0 0 0 0 0 0 0 0 0 0 0 0 0 0 0 0 0 0 0 0 0 0 0 0 0 0 0 0 0 0 0 0 0 0 0 0 0 0 0 0 0 0 0 0 0 0 0 0 0 0 0 0 0 0 0 0 0 0 0 0 0 0 0 0 0 0 0 0 0 0 0 0 0 0 0 0 0 0 0 0 0 0 0 0 0 0 0 0 0 0 0 0 0 0 0 0 0 0 0 0 0 0 0 0 0 0 0 0 0 0 0 0 0 0 0 0 0 0 0 0 0
ctxt 5418718482
btime 1790630938
processes 1153310
procs_running 6
procs_blocked 14
softirq 4837250513 73526 13993897 2753177 400888867 579814 0 13560510 56157514 421 54275491
