Running 10s test @ http://127.0.0.1:18500/usleep?ms=10
  16 threads and 1000 connections
  Thread Stats   Avg      Stdev     Max   +/- Stdev
    Latency     1.41s   267.30ms   2.59s    89.43%
    Req/Sec    61.75     47.62   545.00     73.93%
  Latency Distribution
     50%    1.31s 
     75%    1.32s 
     90%    1.72s 
     99%    2.51s 
  6585 requests in 10.01s, 1.47MB read
Requests/sec:    657.61
Transfer/sec:    150.28KB
## server-stat
cpu  4243212 1856 1795812 56683791 645130 0 846236 0 0 0
cpu0 163146 32 52713 1770409 7655 0 28328 0 0 0
cpu1 164506 37 53686 1774067 9463 0 27524 0 0 0
cpu2 171895 37 54071 1766815 9984 0 27749 0 0 0
cpu3 266779 38 78041 1632570 6569 0 44936 0 0 0
cpu4 262300 44 75642 1640458 8028 0 44783 0 0 0
cpu5 174276 44 55623 1761675 11266 0 28545 0 0 0
cpu6 176363 39 55701 1758779 11971 0 29462 0 0 0
cpu7 182056 37 59238 1746945 11784 0 32572 0 0 0
cpu8 42250 70 45811 1859930 25101 0 13959 0 0 0
cpu9 48786 78 49184 1832647 29385 0 15244 0 0 0
cpu10 46062 76 47458 1841967 27215 0 15005 0 0 0
cpu11 41923 72 43131 1864462 25339 0 13315 0 0 0
cpu12 89147 152 53783 1782890 31469 0 16617 0 0 0
cpu13 85246 83 54857 1781011 33401 0 16997 0 0 0
cpu14 41886 70 42709 1867967 23791 0 13084 0 0 0
cpu15 38714 75 39153 1882582 24318 0 11862 0 0 0
cpu16 223151 32 65575 1696829 10617 0 36385 0 0 0
cpu17 209937 31 63402 1710337 13664 0 34729 0 0 0
cpu18 193226 31 61300 1730118 14182 0 33601 0 0 0
cpu19 352670 28 94550 1522604 6207 0 55249 0 0 0
cpu20 317304 28 88273 1564558 9484 0 52541 0 0 0
cpu21 191681 34 60680 1730510 16240 0 32890 0 0 0
cpu22 174601 37 57960 1751434 16412 0 30863 0 0 0
cpu23 150888 36 51715 1788135 16039 0 25798 0 0 0
cpu24 45370 75 44228 1860310 29054 0 14037 0 0 0
cpu25 50861 71 49338 1833670 32032 0 16632 0 0 0
cpu26 48522 67 48114 1840864 31083 0 16149 0 0 0
cpu27 40990 58 42932 1852959 29337 0 21898 0 0 0
cpu28 80497 93 57685 1769177 34987 0 29429 0 0 0
cpu29 84314 129 59826 1756945 35981 0 30016 0 0 0
cpu30 40340 52 44645 1847178 26335 0 21953 0 0 0
cpu31 43509 55 44774 1862972 26720 0 14069 0 0 0
intr 3523121756 126 0 0 0 0 0 0 0 0 1 0 0 0 0 0 0 0 0 0 0 0 0 0 0 0 0 0 1 1 1 0 0 0 0 1 0 1 0 0 75045 0 0 0 0 0 0 0 0 411 0 0 0 0 0 0 0 0 87 0 0 0 0 0 0 0 0 0 0 0 0 0 0 0 600731 2 35070063 35004628 34920983 35067865 0 16736 15667 19366 19529 12062 15306 20079 20968 17606 55775 75888 61763 51493 83461 79159 45514 42514 19994 23052 27478 11375 17629 25892 26169 22437 57707 71606 64730 52360 83118 90424 47119 48104 0 0 0 0 617377 4732 1036 0 264 0 0 0 0 0 0 0 0 0 0 0 0 0 0 0 0 0 0 0 0 0 0 0 0 0 0 0 0 0 0 0 0 0 0 0 0 0 0 0 0 0 0 0 0 0 0 0 0 0 0 0 0 0 0 0 0 0 0 0 0 0 0 0 0 0 0 0 0 0 0 0 0 0 0 0 0 0 0 0 0 0 0 0 0 0 0 0 0 0 0 0 0 0 0 0 0 0 0 0 0 0 0 0 0 0 0 0 0 0 0 0 0 0 0 0 0 0 0 0 0 0 0 0 0 0 0 0 0 0 0 0 0 0 0 0 0 0 0 0 0 0 0 0 0 0 0 0 0 0 0 0 0 0 0 0 0 0 0 0 0 0 0 0 0 0 0 0 0 0 0 0 0 0 0 0 0 0 0 0 0 0 0 0 0 0 0 0 0 0 0 0 0 0 0 0 0 0 0 0 0 0 0 0 0 0 0 0 0 0 0 0 0 0 0 0 0 0 0 0 0 0 0 0 0 0 0 0 0 0 0 0 0 0 0 0 0 0 0 0 0 0 0 0 0 0 0 0 0 0 0 0 0 0 0 0 0 0 0 0 0 0 0 0 0 0 0 0 0 0 0 0 0 0 0 0 0 0 0 0 0 0 0 0 0 0 0 0 0 0 0 0 0 0 0 0 0 0 0 0 0 0 0 0 0 0 0 0 0 0 0 0 0 0 0 0 0 0 0 0 0 0 0 0 0 0 0 0 0 0 0 0 0 0 0 0 0 0 0 0 0 0 0 0 0 0 0 0 0 0 0 0 0 0 0 0 0 0 0 0 0 0 0 0 0 0 0 0 0 0 0 0 0 0 0 0 0 0 0 0 0 0 0 0 0 0 0 0 0 0 0 0 0 0 0 0 0 0 0 0 0 0 0 0 0 0 0 0 0 0 0 0 0 0 0 0 0 0 0 0 0 0 0 0 0 0 0 0 0 0 0 0 0 0 0 0 0 0 0 0 0 0 0 0 0 0 0 0 0 0 0 0 0 0 0 0 0 0 0 0 0 0 0 0 0 0 0 0 0 0 0 0 0 0 0 0 0 0 0 0 0 0 0 0 0 0 0 0 0 0 0 0 0 0 0 0 0 0 0 0 0 0 0 0 0 0 0 0 0 0 0 0 0 0 0 0 0 0 0 0 0 0 0 0 0 0 0 0 0 0 0 0 0 0 0 0 0 0 0 0 0 0 0 0 0 0 0 0 0 0 0 0 0 0 0 0 0 0 0 0 0 0 0 0 0 0 0 0 0 0 0 0 0 0 0 0 0 0 0 0 0 0 0 0 0 0 0 0 0 0 0 0 0 0 0 0 0 0 0 0 0 0 0 0 0 0 0 0 0 0 0 0 0 0 0 0 0 0 0 0 0 0 0 0 0 0 0 0 0 0 0 0 0 0 0 0 0 0 0 0 0 0 0 0 0 0 0 0 0 0 0 0 0 0 0 0 0 0 0 0 0 0 0 0 0 0 0 0 0 0 0 0 0 0 0 0 0 0 0 0 0 0 0 0 0 0 0 0 0 0 0 0 0 0 0 0 0 0 0 0 0 0 0 0 0 0 0 0 0 0 0 0 0 0 0 0 0 0 0 0 0 0 0 0 0 0 0 0 0 0 0 0 0 0 0 0 0 0 0 0 0 0 0 0 0 0 0 0 0 0 0 0 0 0 0 0 0 0 0 0 0 0 0 0 0 0 0 0 0 0 0 0 0 0 0 0 0 0 0 0 0 0 0 0 0 0 0 0 0 0 0 0 0 0 0 0 0 0 0 0 0 0 0 0 0 0 0 0 0 0 0 0 0 0 0 0 0 0 0 0 0 0 0 0 0 0 0 0 0 0 0 0 0 0 0 0 0 0 0 0 0 0 0 0 0 0 0 0 0 0 0 0 0 0 0 0 0 0 0 0 0 0 0 0 0 0 0 0 0 0 0 0 0 0 0 0 0 0 0 0 0 0 0 0 0 0 0 0 0 0 0 0 0 0 0 0 0 0 0 0 0 0 0 0 0 0 0 0 0 0 0 0 0 0 0 0 0 0 0 0 0 0 0 0 0 0 0 0 0 0 0 0 0 0 0 0 0 0 0 0 0 0 0 0 0 0 0 0 0 0 0 0 0 0 0 0 0 0 0 0 0 0 0 0 0 0 0 0 0 0 0 0 0 0 0 0 0 0 0 0 0 0 0 0 0 0 0 0 0 0 0 0 0 0 0 0 0 0 0 0 0 0 0 0 0 0 0 0 0 0 0 0 0 0 0 0 0 0 0 0 0 0 0 0 0 0 0 0 0 0 0 0 0 0 0 0 0 0 0 0 0 0 0 0 0 0 0 0 0 0 0 0 0 0 0 0 0 0 0 0 0 0 0 0 0 0 0 0 0 0 0 0 0 0 0 0 0 0 0 0 0 0 0 0 0 0 0 0 0 0 0 0 0 0 0 0 0 0 0 0 0 0 0
ctxt 5616997409
btime 1790630938
processes 1323737
procs_running 1
procs_blocked 0
softirq 5000557919 73526 15034635 2753189 553016716 626188 0 13560770 58995766 421 61529412
--
cpu  4243585 1857 1795854 56708898 645144 0 846241 0 0 0
cpu0 163176 33 52716 1771172 7655 0 28329 0 0 0
cpu1 164535 37 53688 1774833 9463 0 27524 0 0 0
cpu2 171919 37 54074 1767588 9984 0 27749 0 0 0
cpu3 266824 38 78045 1633317 6569 0 44936 0 0 0
cpu4 262339 44 75644 1641213 8028 0 44783 0 0 0
cpu5 174304 44 55627 1762444 11266 0 28545 0 0 0
cpu6 176383 39 55703 1759558 11971 0 29462 0 0 0
cpu7 182063 37 59239 1747736 11784 0 32572 0 0 0
cpu8 42250 70 45812 1860726 25101 0 13959 0 0 0
cpu9 48787 78 49184 1833433 29397 0 15244 0 0 0
cpu10 46062 76 47459 1842765 27215 0 15005 0 0 0
cpu11 41923 72 43131 1865260 25339 0 13315 0 0 0
cpu12 89166 153 53784 1783667 31470 0 16618 0 0 0
cpu13 85271 83 54859 1781781 33401 0 16998 0 0 0
cpu14 41887 70 42710 1868764 23791 0 13084 0 0 0
cpu15 38714 75 39154 1883378 24318 0 11862 0 0 0
cpu16 223170 32 65576 1697608 10617 0 36385 0 0 0
cpu17 209949 31 63403 1711122 13664 0 34729 0 0 0
cpu18 193236 31 61302 1730906 14182 0 33601 0 0 0
cpu19 352697 28 94553 1523374 6207 0 55249 0 0 0
cpu20 317322 28 88275 1565337 9484 0 52541 0 0 0
cpu21 191689 34 60681 1731300 16240 0 32890 0 0 0
cpu22 174605 37 57961 1752228 16412 0 30863 0 0 0
cpu23 150890 36 51716 1788927 16039 0 25798 0 0 0
cpu24 45371 75 44229 1861106 29055 0 14037 0 0 0
cpu25 50863 71 49339 1834466 32032 0 16632 0 0 0
cpu26 48522 67 48114 1841662 31083 0 16149 0 0 0
cpu27 40990 58 42932 1853757 29338 0 21898 0 0 0
cpu28 80497 93 57686 1769974 34987 0 29429 0 0 0
cpu29 84319 129 59827 1757737 35981 0 30016 0 0 0
cpu30 40340 52 44645 1847976 26335 0 21953 0 0 0
cpu31 43510 55 44774 1863770 26720 0 14069 0 0 0
intr 3523296905 126 0 0 0 0 0 0 0 0 1 0 0 0 0 0 0 0 0 0 0 0 0 0 0 0 0 0 1 1 1 0 0 0 0 1 0 1 0 0 75045 0 0 0 0 0 0 0 0 411 0 0 0 0 0 0 0 0 87 0 0 0 0 0 0 0 0 0 0 0 0 0 0 0 600899 2 35070111 35004663 34921027 35067921 0 16744 15667 19366 19529 12062 15307 20079 20968 17606 55775 75888 61763 51493 83467 79160 45514 42514 19994 23052 27478 11375 17629 25892 26169 22437 57707 71607 64730 52360 83118 90424 47119 48104 0 0 0 0 617377 4732 1036 0 264 0 0 0 0 0 0 0 0 0 0 0 0 0 0 0 0 0 0 0 0 0 0 0 0 0 0 0 0 0 0 0 0 0 0 0 0 0 0 0 0 0 0 0 0 0 0 0 0 0 0 0 0 0 0 0 0 0 0 0 0 0 0 0 0 0 0 0 0 0 0 0 0 0 0 0 0 0 0 0 0 0 0 0 0 0 0 0 0 0 0 0 0 0 0 0 0 0 0 0 0 0 0 0 0 0 0 0 0 0 0 0 0 0 0 0 0 0 0 0 0 0 0 0 0 0 0 0 0 0 0 0 0 0 0 0 0 0 0 0 0 0 0 0 0 0 0 0 0 0 0 0 0 0 0 0 0 0 0 0 0 0 0 0 0 0 0 0 0 0 0 0 0 0 0 0 0 0 0 0 0 0 0 0 0 0 0 0 0 0 0 0 0 0 0 0 0 0 0 0 0 0 0 0 0 0 0 0 0 0 0 0 0 0 0 0 0 0 0 0 0 0 0 0 0 0 0 0 0 0 0 0 0 0 0 0 0 0 0 0 0 0 0 0 0 0 0 0 0 0 0 0 0 0 0 0 0 0 0 0 0 0 0 0 0 0 0 0 0 0 0 0 0 0 0 0 0 0 0 0 0 0 0 0 0 0 0 0 0 0 0 0 0 0 0 0 0 0 0 0 0 0 0 0 0 0 0 0 0 0 0 0 0 0 0 0 0 0 0 0 0 0 0 0 0 0 0 0 0 0 0 0 0 0 0 0 0 0 0 0 0 0 0 0 0 0 0 0 0 0 0 0 0 0 0 0 0 0 0 0 0 0 0 0 0 0 0 0 0 0 0 0 0 0 0 0 0 0 0 0 0 0 0 0 0 0 0 0 0 0 0 0 0 0 0 0 0 0 0 0 0 0 0 0 0 0 0 0 0 0 0 0 0 0 0 0 0 0 0 0 0 0 0 0 0 0 0 0 0 0 0 0 0 0 0 0 0 0 0 0 0 0 0 0 0 0 0 0 0 0 0 0 0 0 0 0 0 0 0 0 0 0 0 0 0 0 0 0 0 0 0 0 0 0 0 0 0 0 0 0 0 0 0 0 0 0 0 0 0 0 0 0 0 0 0 0 0 0 0 0 0 0 0 0 0 0 0 0 0 0 0 0 0 0 0 0 0 0 0 0 0 0 0 0 0 0 0 0 0 0 0 0 0 0 0 0 0 0 0 0 0 0 0 0 0 0 0 0 0 0 0 0 0 0 0 0 0 0 0 0 0 0 0 0 0 0 0 0 0 0 0 0 0 0 0 0 0 0 0 0 0 0 0 0 0 0 0 0 0 0 0 0 0 0 0 0 0 0 0 0 0 0 0 0 0 0 0 0 0 0 0 0 0 0 0 0 0 0 0 0 0 0 0 0 0 0 0 0 0 0 0 0 0 0 0 0 0 0 0 0 0 0 0 0 0 0 0 0 0 0 0 0 0 0 0 0 0 0 0 0 0 0 0 0 0 0 0 0 0 0 0 0 0 0 0 0 0 0 0 0 0 0 0 0 0 0 0 0 0 0 0 0 0 0 0 0 0 0 0 0 0 0 0 0 0 0 0 0 0 0 0 0 0 0 0 0 0 0 0 0 0 0 0 0 0 0 0 0 0 0 0 0 0 0 0 0 0 0 0 0 0 0 0 0 0 0 0 0 0 0 0 0 0 0 0 0 0 0 0 0 0 0 0 0 0 0 0 0 0 0 0 0 0 0 0 0 0 0 0 0 0 0 0 0 0 0 0 0 0 0 0 0 0 0 0 0 0 0 0 0 0 0 0 0 0 0 0 0 0 0 0 0 0 0 0 0 0 0 0 0 0 0 0 0 0 0 0 0 0 0 0 0 0 0 0 0 0 0 0 0 0 0 0 0 0 0 0 0 0 0 0 0 0 0 0 0 0 0 0 0 0 0 0 0 0 0 0 0 0 0 0 0 0 0 0 0 0 0 0 0 0 0 0 0 0 0 0 0 0 0 0 0 0 0 0 0 0 0 0 0 0 0 0 0 0 0 0 0 0 0 0 0 0 0 0 0 0 0 0 0 0 0 0 0 0 0 0 0 0 0 0 0 0 0 0 0 0 0 0 0 0 0 0 0 0 0 0 0 0 0 0 0 0 0 0 0 0 0 0 0 0 0 0 0 0 0 0 0 0 0 0 0 0 0 0 0 0 0 0 0 0 0 0 0 0 0 0 0 0 0 0 0 0 0 0 0 0 0 0 0 0 0 0 0 0 0 0 0 0 0 0 0 0 0 0 0 0 0 0 0 0 0 0 0 0 0 0 0 0 0 0 0 0 0 0 0 0 0 0 0 0 0 0 0 0 0 0 0 0 0 0 0 0 0 0 0 0 0 0 0 0 0 0 0 0 0 0 0 0 0 0 0 0 0 0 0 0 0 0 0 0 0 0 0 0 0 0 0 0 0 0 0 0 0 0 0 0 0 0 0 0 0 0
ctxt 5617282880
btime 1790630938
processes 1323808
procs_running 1
procs_blocked 0
softirq 5000597405 73526 15041479 2753189 553028880 626370 0 13560770 59006078 421 61539396
