Running 10s test @ http://127.0.0.1:18500/swerve/usleep?ms=10
  16 threads and 32 connections
  Thread Stats   Avg      Stdev     Max   +/- Stdev
    Latency   166.67ms    6.31ms 244.65ms   98.53%
    Req/Sec    13.01      4.62    20.00     69.19%
  Latency Distribution
     50%  166.73ms
     75%  166.99ms
     90%  167.25ms
     99%  167.78ms
  1905 requests in 10.01s, 496.65KB read
Requests/sec:    190.26
Transfer/sec:     49.60KB
## server-stat
cpu  3811706 1710 1706547 51958953 481322 0 816477 0 0 0
cpu0 143719 31 49166 1626024 6270 0 27010 0 0 0
cpu1 144679 35 50046 1629887 7678 0 26161 0 0 0
cpu2 148525 35 50327 1626737 7740 0 26239 0 0 0
cpu3 233796 35 72807 1503682 4989 0 43011 0 0 0
cpu4 235609 40 71405 1503583 6297 0 43415 0 0 0
cpu5 154322 40 51999 1618189 8544 0 27151 0 0 0
cpu6 155299 35 52450 1616409 8733 0 28254 0 0 0
cpu7 161722 34 55688 1604856 8317 0 30915 0 0 0
cpu8 41726 64 44656 1699832 17972 0 13661 0 0 0
cpu9 47986 70 47925 1673960 21821 0 14905 0 0 0
cpu10 45445 69 46240 1682713 19786 0 14700 0 0 0
cpu11 41435 65 42038 1704118 18165 0 13061 0 0 0
cpu12 85834 145 52181 1627386 24076 0 16186 0 0 0
cpu13 82129 76 53176 1626284 25369 0 16550 0 0 0
cpu14 41328 63 41542 1707366 17227 0 12810 0 0 0
cpu15 38303 67 38124 1721569 17449 0 11626 0 0 0
cpu16 191568 30 60783 1565487 8929 0 34555 0 0 0
cpu17 180773 29 58999 1576829 11185 0 33110 0 0 0
cpu18 169538 29 57378 1591193 10894 0 32274 0 0 0
cpu19 315733 27 88623 1397252 5070 0 53511 0 0 0
cpu20 276827 26 81857 1443724 8124 0 50408 0 0 0
cpu21 164942 31 56532 1595191 12618 0 31519 0 0 0
cpu22 152960 35 53950 1611526 12362 0 29358 0 0 0
cpu23 132772 34 48296 1643972 11670 0 24767 0 0 0
cpu24 44703 67 43026 1700897 21109 0 13759 0 0 0
cpu25 50065 67 48004 1675340 23757 0 16276 0 0 0
cpu26 47814 61 46817 1682237 22803 0 15817 0 0 0
cpu27 40398 52 41746 1693573 21180 0 21625 0 0 0
cpu28 77522 86 55907 1614743 26345 0 28935 0 0 0
cpu29 81519 122 57937 1603222 26808 0 29490 0 0 0
cpu30 39750 47 43364 1687789 18987 0 21637 0 0 0
cpu31 42950 48 43544 1703371 19033 0 13767 0 0 0
intr 3385797516 126 0 0 0 0 0 0 0 0 1 0 0 0 0 0 0 0 0 0 0 0 0 0 0 0 0 0 1 1 1 0 0 0 0 1 0 1 0 0 75045 0 0 0 0 0 0 0 0 411 0 0 0 0 0 0 0 0 87 0 0 0 0 0 0 0 0 0 0 0 0 0 0 0 534693 2 35063153 35001194 34915834 35059979 0 15360 13318 16359 15639 9714 12125 15959 16778 13274 46177 62105 49995 42407 64033 61021 37645 34329 16783 18659 22185 9006 14960 20768 20436 17731 44401 56399 52790 41962 64786 67945 38835 39287 0 0 0 0 617261 4586 1036 0 264 0 0 0 0 0 0 0 0 0 0 0 0 0 0 0 0 0 0 0 0 0 0 0 0 0 0 0 0 0 0 0 0 0 0 0 0 0 0 0 0 0 0 0 0 0 0 0 0 0 0 0 0 0 0 0 0 0 0 0 0 0 0 0 0 0 0 0 0 0 0 0 0 0 0 0 0 0 0 0 0 0 0 0 0 0 0 0 0 0 0 0 0 0 0 0 0 0 0 0 0 0 0 0 0 0 0 0 0 0 0 0 0 0 0 0 0 0 0 0 0 0 0 0 0 0 0 0 0 0 0 0 0 0 0 0 0 0 0 0 0 0 0 0 0 0 0 0 0 0 0 0 0 0 0 0 0 0 0 0 0 0 0 0 0 0 0 0 0 0 0 0 0 0 0 0 0 0 0 0 0 0 0 0 0 0 0 0 0 0 0 0 0 0 0 0 0 0 0 0 0 0 0 0 0 0 0 0 0 0 0 0 0 0 0 0 0 0 0 0 0 0 0 0 0 0 0 0 0 0 0 0 0 0 0 0 0 0 0 0 0 0 0 0 0 0 0 0 0 0 0 0 0 0 0 0 0 0 0 0 0 0 0 0 0 0 0 0 0 0 0 0 0 0 0 0 0 0 0 0 0 0 0 0 0 0 0 0 0 0 0 0 0 0 0 0 0 0 0 0 0 0 0 0 0 0 0 0 0 0 0 0 0 0 0 0 0 0 0 0 0 0 0 0 0 0 0 0 0 0 0 0 0 0 0 0 0 0 0 0 0 0 0 0 0 0 0 0 0 0 0 0 0 0 0 0 0 0 0 0 0 0 0 0 0 0 0 0 0 0 0 0 0 0 0 0 0 0 0 0 0 0 0 0 0 0 0 0 0 0 0 0 0 0 0 0 0 0 0 0 0 0 0 0 0 0 0 0 0 0 0 0 0 0 0 0 0 0 0 0 0 0 0 0 0 0 0 0 0 0 0 0 0 0 0 0 0 0 0 0 0 0 0 0 0 0 0 0 0 0 0 0 0 0 0 0 0 0 0 0 0 0 0 0 0 0 0 0 0 0 0 0 0 0 0 0 0 0 0 0 0 0 0 0 0 0 0 0 0 0 0 0 0 0 0 0 0 0 0 0 0 0 0 0 0 0 0 0 0 0 0 0 0 0 0 0 0 0 0 0 0 0 0 0 0 0 0 0 0 0 0 0 0 0 0 0 0 0 0 0 0 0 0 0 0 0 0 0 0 0 0 0 0 0 0 0 0 0 0 0 0 0 0 0 0 0 0 0 0 0 0 0 0 0 0 0 0 0 0 0 0 0 0 0 0 0 0 0 0 0 0 0 0 0 0 0 0 0 0 0 0 0 0 0 0 0 0 0 0 0 0 0 0 0 0 0 0 0 0 0 0 0 0 0 0 0 0 0 0 0 0 0 0 0 0 0 0 0 0 0 0 0 0 0 0 0 0 0 0 0 0 0 0 0 0 0 0 0 0 0 0 0 0 0 0 0 0 0 0 0 0 0 0 0 0 0 0 0 0 0 0 0 0 0 0 0 0 0 0 0 0 0 0 0 0 0 0 0 0 0 0 0 0 0 0 0 0 0 0 0 0 0 0 0 0 0 0 0 0 0 0 0 0 0 0 0 0 0 0 0 0 0 0 0 0 0 0 0 0 0 0 0 0 0 0 0 0 0 0 0 0 0 0 0 0 0 0 0 0 0 0 0 0 0 0 0 0 0 0 0 0 0 0 0 0 0 0 0 0 0 0 0 0 0 0 0 0 0 0 0 0 0 0 0 0 0 0 0 0 0 0 0 0 0 0 0 0 0 0 0 0 0 0 0 0 0 0 0 0 0 0 0 0 0 0 0 0 0 0 0 0 0 0 0 0 0 0 0 0 0 0 0 0 0 0 0 0 0 0 0 0 0 0 0 0 0 0 0 0 0 0 0 0 0 0 0 0 0 0 0 0 0 0 0 0 0 0 0 0 0 0 0 0 0 0 0 0 0 0 0 0 0 0 0 0 0 0 0 0 0 0 0 0 0 0 0 0 0 0 0 0 0 0 0 0 0 0 0 0 0 0 0 0 0 0 0 0 0 0 0 0 0 0 0 0 0 0 0 0 0 0 0 0 0 0 0 0 0 0 0 0 0 0 0 0 0 0 0 0 0 0 0 0 0 0 0 0 0 0 0 0 0 0 0 0 0 0 0 0 0 0 0 0 0 0 0 0 0 0 0 0 0 0 0 0 0 0 0 0 0 0 0 0 0 0 0 0 0 0 0 0 0 0 0 0 0 0 0 0 0 0 0 0 0 0 0 0 0 0 0 0 0 0 0 0 0 0 0 0 0 0 0 0 0 0 0 0 0 0 0 0 0 0 0 0 0 0 0 0 0 0 0 0 0 0 0 0 0 0 0 0 0 0 0 0 0 0 0 0 0 0 0 0 0 0 0 0 0 0 0 0 0 0 0 0 0 0 0 0 0 0 0 0
ctxt 5379692215
btime 1790630938
processes 1041802
procs_running 1
procs_blocked 0
softirq 4821084298 73526 13554832 2753176 388294862 557967 0 13560391 55107151 421 52214676
--
cpu  3811817 1711 1706556 51984380 481336 0 816479 0 0 0
cpu0 143721 31 49166 1626818 6270 0 27010 0 0 0
cpu1 144679 35 50046 1630685 7678 0 26161 0 0 0
cpu2 148526 35 50327 1627535 7740 0 26240 0 0 0
cpu3 233825 35 72807 1504449 4989 0 43011 0 0 0
cpu4 235632 40 71407 1504358 6297 0 43415 0 0 0
cpu5 154323 40 51999 1618987 8544 0 27151 0 0 0
cpu6 155299 35 52450 1617207 8733 0 28254 0 0 0
cpu7 161722 34 55689 1605655 8317 0 30915 0 0 0
cpu8 41727 64 44657 1700629 17972 0 13661 0 0 0
cpu9 47988 70 47925 1674756 21821 0 14905 0 0 0
cpu10 45445 69 46240 1683511 19786 0 14700 0 0 0
cpu11 41436 65 42038 1704916 18165 0 13061 0 0 0
cpu12 85848 145 52182 1628169 24076 0 16186 0 0 0
cpu13 82152 76 53177 1627057 25369 0 16550 0 0 0
cpu14 41329 63 41542 1708164 17227 0 12810 0 0 0
cpu15 38304 67 38124 1722368 17449 0 11626 0 0 0
cpu16 191569 30 60783 1566285 8929 0 34555 0 0 0
cpu17 180774 29 58999 1577626 11185 0 33110 0 0 0
cpu18 169538 29 57378 1591990 10895 0 32274 0 0 0
cpu19 315734 27 88623 1398051 5070 0 53511 0 0 0
cpu20 276828 26 81857 1444521 8124 0 50408 0 0 0
cpu21 164942 31 56533 1595990 12618 0 31519 0 0 0
cpu22 152960 35 53950 1612325 12362 0 29358 0 0 0
cpu23 132772 34 48296 1644771 11670 0 24767 0 0 0
cpu24 44703 67 43026 1701696 21109 0 13759 0 0 0
cpu25 50065 67 48005 1676138 23757 0 16276 0 0 0
cpu26 47814 61 46817 1683036 22803 0 15817 0 0 0
cpu27 40399 52 41746 1694372 21180 0 21625 0 0 0
cpu28 77529 86 55908 1615530 26349 0 28936 0 0 0
cpu29 81520 122 57937 1604011 26817 0 29491 0 0 0
cpu30 39751 47 43364 1688587 18987 0 21637 0 0 0
cpu31 42950 48 43544 1704170 19033 0 13767 0 0 0
intr 3385898848 126 0 0 0 0 0 0 0 0 1 0 0 0 0 0 0 0 0 0 0 0 0 0 0 0 0 0 1 1 1 0 0 0 0 1 0 1 0 0 75045 0 0 0 0 0 0 0 0 411 0 0 0 0 0 0 0 0 87 0 0 0 0 0 0 0 0 0 0 0 0 0 0 0 534840 2 35063182 35001227 34915914 35060040 0 15364 13319 16359 15639 9715 12125 15959 16778 13274 46177 62105 49995 42407 64033 61021 37645 34329 16783 18659 22187 9006 14966 20768 20436 17731 44401 56404 52790 41962 64786 67945 38838 39287 0 0 0 0 617261 4586 1036 0 264 0 0 0 0 0 0 0 0 0 0 0 0 0 0 0 0 0 0 0 0 0 0 0 0 0 0 0 0 0 0 0 0 0 0 0 0 0 0 0 0 0 0 0 0 0 0 0 0 0 0 0 0 0 0 0 0 0 0 0 0 0 0 0 0 0 0 0 0 0 0 0 0 0 0 0 0 0 0 0 0 0 0 0 0 0 0 0 0 0 0 0 0 0 0 0 0 0 0 0 0 0 0 0 0 0 0 0 0 0 0 0 0 0 0 0 0 0 0 0 0 0 0 0 0 0 0 0 0 0 0 0 0 0 0 0 0 0 0 0 0 0 0 0 0 0 0 0 0 0 0 0 0 0 0 0 0 0 0 0 0 0 0 0 0 0 0 0 0 0 0 0 0 0 0 0 0 0 0 0 0 0 0 0 0 0 0 0 0 0 0 0 0 0 0 0 0 0 0 0 0 0 0 0 0 0 0 0 0 0 0 0 0 0 0 0 0 0 0 0 0 0 0 0 0 0 0 0 0 0 0 0 0 0 0 0 0 0 0 0 0 0 0 0 0 0 0 0 0 0 0 0 0 0 0 0 0 0 0 0 0 0 0 0 0 0 0 0 0 0 0 0 0 0 0 0 0 0 0 0 0 0 0 0 0 0 0 0 0 0 0 0 0 0 0 0 0 0 0 0 0 0 0 0 0 0 0 0 0 0 0 0 0 0 0 0 0 0 0 0 0 0 0 0 0 0 0 0 0 0 0 0 0 0 0 0 0 0 0 0 0 0 0 0 0 0 0 0 0 0 0 0 0 0 0 0 0 0 0 0 0 0 0 0 0 0 0 0 0 0 0 0 0 0 0 0 0 0 0 0 0 0 0 0 0 0 0 0 0 0 0 0 0 0 0 0 0 0 0 0 0 0 0 0 0 0 0 0 0 0 0 0 0 0 0 0 0 0 0 0 0 0 0 0 0 0 0 0 0 0 0 0 0 0 0 0 0 0 0 0 0 0 0 0 0 0 0 0 0 0 0 0 0 0 0 0 0 0 0 0 0 0 0 0 0 0 0 0 0 0 0 0 0 0 0 0 0 0 0 0 0 0 0 0 0 0 0 0 0 0 0 0 0 0 0 0 0 0 0 0 0 0 0 0 0 0 0 0 0 0 0 0 0 0 0 0 0 0 0 0 0 0 0 0 0 0 0 0 0 0 0 0 0 0 0 0 0 0 0 0 0 0 0 0 0 0 0 0 0 0 0 0 0 0 0 0 0 0 0 0 0 0 0 0 0 0 0 0 0 0 0 0 0 0 0 0 0 0 0 0 0 0 0 0 0 0 0 0 0 0 0 0 0 0 0 0 0 0 0 0 0 0 0 0 0 0 0 0 0 0 0 0 0 0 0 0 0 0 0 0 0 0 0 0 0 0 0 0 0 0 0 0 0 0 0 0 0 0 0 0 0 0 0 0 0 0 0 0 0 0 0 0 0 0 0 0 0 0 0 0 0 0 0 0 0 0 0 0 0 0 0 0 0 0 0 0 0 0 0 0 0 0 0 0 0 0 0 0 0 0 0 0 0 0 0 0 0 0 0 0 0 0 0 0 0 0 0 0 0 0 0 0 0 0 0 0 0 0 0 0 0 0 0 0 0 0 0 0 0 0 0 0 0 0 0 0 0 0 0 0 0 0 0 0 0 0 0 0 0 0 0 0 0 0 0 0 0 0 0 0 0 0 0 0 0 0 0 0 0 0 0 0 0 0 0 0 0 0 0 0 0 0 0 0 0 0 0 0 0 0 0 0 0 0 0 0 0 0 0 0 0 0 0 0 0 0 0 0 0 0 0 0 0 0 0 0 0 0 0 0 0 0 0 0 0 0 0 0 0 0 0 0 0 0 0 0 0 0 0 0 0 0 0 0 0 0 0 0 0 0 0 0 0 0 0 0 0 0 0 0 0 0 0 0 0 0 0 0 0 0 0 0 0 0 0 0 0 0 0 0 0 0 0 0 0 0 0 0 0 0 0 0 0 0 0 0 0 0 0 0 0 0 0 0 0 0 0 0 0 0 0 0 0 0 0 0 0 0 0 0 0 0 0 0 0 0 0 0 0 0 0 0 0 0 0 0 0 0 0 0 0 0 0 0 0 0 0 0 0 0 0 0 0 0 0 0 0 0 0 0 0 0 0 0 0 0 0 0 0 0 0 0 0 0 0 0 0 0 0 0 0 0 0 0 0 0 0 0 0 0 0 0 0 0 0 0 0 0 0 0 0 0 0 0 0 0 0 0 0 0 0 0 0 0 0 0 0 0 0 0 0 0 0 0 0 0 0 0 0 0 0 0 0 0 0 0 0 0 0 0 0 0 0 0 0 0 0 0 0 0 0 0 0 0 0 0 0 0 0 0 0 0 0 0 0 0 0 0 0 0 0 0 0 0 0 0 0 0 0 0 0 0 0 0 0 0 0 0 0 0 0 0 0 0 0 0 0 0 0 0 0 0 0
ctxt 5379847888
btime 1790630938
processes 1041850
procs_running 1
procs_blocked 0
softirq 4821110121 73526 13560565 2753176 388302528 558125 0 13560391 55113621 421 52220472
