Running 10s test @ http://127.0.0.1:18500/usleep?ms=10
  16 threads and 128 connections
  Thread Stats   Avg      Stdev     Max   +/- Stdev
    Latency    10.17ms  400.07us  10.82ms   76.55%
    Req/Sec   790.12     14.77   820.00     72.00%
  Latency Distribution
     50%   10.32ms
     75%   10.43ms
     90%   10.51ms
     99%   10.61ms
  125873 requests in 10.01s, 20.77MB read
Requests/sec:  12580.38
Transfer/sec:      2.08MB
## server-stat
cpu  4048216 1807 1760610 55152470 643610 0 836410 0 0 0
cpu0 153746 32 51099 1726518 7654 0 27776 0 0 0
cpu1 153818 36 51857 1731564 9462 0 26868 0 0 0
cpu2 159421 37 52213 1726127 9983 0 27020 0 0 0
cpu3 252777 38 75961 1593750 6566 0 44201 0 0 0
cpu4 252428 43 74084 1596671 8026 0 44290 0 0 0
cpu5 163942 42 53862 1718571 11265 0 27931 0 0 0
cpu6 164745 38 54067 1716735 11969 0 28949 0 0 0
cpu7 170470 36 57506 1705097 11783 0 31960 0 0 0
cpu8 42082 67 45496 1805447 24964 0 13884 0 0 0
cpu9 48534 75 48827 1778500 29267 0 15151 0 0 0
cpu10 45848 74 47129 1787671 27141 0 14924 0 0 0
cpu11 41753 71 42820 1809874 25316 0 13244 0 0 0
cpu12 88166 150 53311 1729803 31394 0 16475 0 0 0
cpu13 84235 81 54359 1728254 33130 0 16857 0 0 0
cpu14 41684 67 42352 1813658 23706 0 13001 0 0 0
cpu15 38575 73 38846 1827942 24303 0 11793 0 0 0
cpu16 208986 32 63596 1657706 10616 0 35823 0 0 0
cpu17 197317 30 61649 1669284 13663 0 34335 0 0 0
cpu18 182541 30 59606 1686963 14181 0 33330 0 0 0
cpu19 340721 28 92637 1481104 6205 0 54827 0 0 0
cpu20 302186 27 85991 1526715 9484 0 51936 0 0 0
cpu21 178432 34 58808 1690158 16240 0 32531 0 0 0
cpu22 163722 37 56044 1708886 16410 0 30413 0 0 0
cpu23 141051 35 49945 1744342 16039 0 25416 0 0 0
cpu24 45144 73 43908 1805725 29044 0 13966 0 0 0
cpu25 50594 70 48995 1779337 31963 0 16544 0 0 0
cpu26 48289 64 47770 1786499 30975 0 16067 0 0 0
cpu27 40791 56 42609 1798304 29301 0 21832 0 0 0
cpu28 79435 90 57209 1716065 34852 0 29304 0 0 0
cpu29 83312 126 59324 1704044 35673 0 29886 0 0 0
cpu30 40134 50 44283 1792764 26319 0 21868 0 0 0
cpu31 43322 52 44434 1808378 26699 0 13993 0 0 0
intr 3480733129 126 0 0 0 0 0 0 0 0 1 0 0 0 0 0 0 0 0 0 0 0 0 0 0 0 0 0 1 1 1 0 0 0 0 1 0 1 0 0 75045 0 0 0 0 0 0 0 0 411 0 0 0 0 0 0 0 0 87 0 0 0 0 0 0 0 0 0 0 0 0 0 0 0 585991 2 35067031 35003853 34918894 35064618 0 16287 15660 19363 19528 12048 15296 19973 20965 17604 55663 75680 61715 51434 83241 79039 45398 42472 19853 23050 27476 11372 17621 25890 26114 22437 57700 71359 64710 52203 83019 90271 47113 48095 0 0 0 0 617341 4685 1036 0 264 0 0 0 0 0 0 0 0 0 0 0 0 0 0 0 0 0 0 0 0 0 0 0 0 0 0 0 0 0 0 0 0 0 0 0 0 0 0 0 0 0 0 0 0 0 0 0 0 0 0 0 0 0 0 0 0 0 0 0 0 0 0 0 0 0 0 0 0 0 0 0 0 0 0 0 0 0 0 0 0 0 0 0 0 0 0 0 0 0 0 0 0 0 0 0 0 0 0 0 0 0 0 0 0 0 0 0 0 0 0 0 0 0 0 0 0 0 0 0 0 0 0 0 0 0 0 0 0 0 0 0 0 0 0 0 0 0 0 0 0 0 0 0 0 0 0 0 0 0 0 0 0 0 0 0 0 0 0 0 0 0 0 0 0 0 0 0 0 0 0 0 0 0 0 0 0 0 0 0 0 0 0 0 0 0 0 0 0 0 0 0 0 0 0 0 0 0 0 0 0 0 0 0 0 0 0 0 0 0 0 0 0 0 0 0 0 0 0 0 0 0 0 0 0 0 0 0 0 0 0 0 0 0 0 0 0 0 0 0 0 0 0 0 0 0 0 0 0 0 0 0 0 0 0 0 0 0 0 0 0 0 0 0 0 0 0 0 0 0 0 0 0 0 0 0 0 0 0 0 0 0 0 0 0 0 0 0 0 0 0 0 0 0 0 0 0 0 0 0 0 0 0 0 0 0 0 0 0 0 0 0 0 0 0 0 0 0 0 0 0 0 0 0 0 0 0 0 0 0 0 0 0 0 0 0 0 0 0 0 0 0 0 0 0 0 0 0 0 0 0 0 0 0 0 0 0 0 0 0 0 0 0 0 0 0 0 0 0 0 0 0 0 0 0 0 0 0 0 0 0 0 0 0 0 0 0 0 0 0 0 0 0 0 0 0 0 0 0 0 0 0 0 0 0 0 0 0 0 0 0 0 0 0 0 0 0 0 0 0 0 0 0 0 0 0 0 0 0 0 0 0 0 0 0 0 0 0 0 0 0 0 0 0 0 0 0 0 0 0 0 0 0 0 0 0 0 0 0 0 0 0 0 0 0 0 0 0 0 0 0 0 0 0 0 0 0 0 0 0 0 0 0 0 0 0 0 0 0 0 0 0 0 0 0 0 0 0 0 0 0 0 0 0 0 0 0 0 0 0 0 0 0 0 0 0 0 0 0 0 0 0 0 0 0 0 0 0 0 0 0 0 0 0 0 0 0 0 0 0 0 0 0 0 0 0 0 0 0 0 0 0 0 0 0 0 0 0 0 0 0 0 0 0 0 0 0 0 0 0 0 0 0 0 0 0 0 0 0 0 0 0 0 0 0 0 0 0 0 0 0 0 0 0 0 0 0 0 0 0 0 0 0 0 0 0 0 0 0 0 0 0 0 0 0 0 0 0 0 0 0 0 0 0 0 0 0 0 0 0 0 0 0 0 0 0 0 0 0 0 0 0 0 0 0 0 0 0 0 0 0 0 0 0 0 0 0 0 0 0 0 0 0 0 0 0 0 0 0 0 0 0 0 0 0 0 0 0 0 0 0 0 0 0 0 0 0 0 0 0 0 0 0 0 0 0 0 0 0 0 0 0 0 0 0 0 0 0 0 0 0 0 0 0 0 0 0 0 0 0 0 0 0 0 0 0 0 0 0 0 0 0 0 0 0 0 0 0 0 0 0 0 0 0 0 0 0 0 0 0 0 0 0 0 0 0 0 0 0 0 0 0 0 0 0 0 0 0 0 0 0 0 0 0 0 0 0 0 0 0 0 0 0 0 0 0 0 0 0 0 0 0 0 0 0 0 0 0 0 0 0 0 0 0 0 0 0 0 0 0 0 0 0 0 0 0 0 0 0 0 0 0 0 0 0 0 0 0 0 0 0 0 0 0 0 0 0 0 0 0 0 0 0 0 0 0 0 0 0 0 0 0 0 0 0 0 0 0 0 0 0 0 0 0 0 0 0 0 0 0 0 0 0 0 0 0 0 0 0 0 0 0 0 0 0 0 0 0 0 0 0 0 0 0 0 0 0 0 0 0 0 0 0 0 0 0 0 0 0 0 0 0 0 0 0 0 0 0 0 0 0 0 0 0 0 0 0 0 0 0 0 0 0 0 0 0 0 0 0 0 0 0 0 0 0 0 0 0 0 0 0 0 0 0 0 0 0 0 0 0 0 0 0 0 0 0 0 0 0 0 0 0 0 0 0 0 0 0 0 0 0 0 0 0 0 0 0 0 0 0 0 0 0 0 0 0 0 0 0 0 0 0 0 0 0 0 0 0 0 0 0 0 0 0 0 0 0 0 0 0 0 0 0 0 0 0 0 0 0 0 0 0 0 0 0 0 0 0 0 0 0 0 0 0 0 0 0 0 0 0 0 0 0 0 0 0 0 0 0 0 0 0 0 0 0 0 0 0 0 0 0 0 0 0 0 0 0 0 0 0 0 0 0 0 0 0 0 0 0 0 0 0 0 0 0 0 0 0 0 0 0 0 0
ctxt 5544482849
btime 1790630938
processes 1223438
procs_running 1
procs_blocked 0
softirq 4942280696 73526 14492070 2753182 501350312 610753 0 13560641 57628560 421 56843935
--
cpu  4048333 1807 1760655 55177753 643627 0 836441 0 0 0
cpu0 153750 32 51102 1727305 7654 0 27781 0 0 0
cpu1 153819 36 51858 1732360 9462 0 26868 0 0 0
cpu2 159422 37 52213 1726925 9983 0 27020 0 0 0
cpu3 252800 38 75972 1594504 6567 0 44210 0 0 0
cpu4 252449 43 74093 1597431 8026 0 44297 0 0 0
cpu5 163946 42 53864 1719363 11265 0 27932 0 0 0
cpu6 164745 38 54067 1717534 11969 0 28949 0 0 0
cpu7 170470 36 57506 1705896 11783 0 31960 0 0 0
cpu8 42083 67 45497 1806241 24964 0 13884 0 0 0
cpu9 48536 75 48827 1779288 29267 0 15151 0 0 0
cpu10 45849 74 47130 1788460 27141 0 14924 0 0 0
cpu11 41753 71 42820 1810667 25316 0 13245 0 0 0
cpu12 88184 150 53313 1730575 31394 0 16476 0 0 0
cpu13 84245 81 54361 1729016 33145 0 16858 0 0 0
cpu14 41687 67 42352 1814447 23706 0 13001 0 0 0
cpu15 38575 73 38846 1828735 24303 0 11794 0 0 0
cpu16 208986 32 63597 1658505 10616 0 35823 0 0 0
cpu17 197317 30 61649 1670083 13663 0 34335 0 0 0
cpu18 182541 30 59606 1687761 14181 0 33330 0 0 0
cpu19 340733 28 92642 1481881 6205 0 54831 0 0 0
cpu20 302187 27 85991 1527512 9484 0 51936 0 0 0
cpu21 178432 34 58808 1690957 16240 0 32531 0 0 0
cpu22 163722 37 56044 1709685 16410 0 30413 0 0 0
cpu23 141051 35 49946 1745141 16039 0 25416 0 0 0
cpu24 45145 73 43909 1806519 29044 0 13966 0 0 0
cpu25 50594 70 48996 1780132 31963 0 16545 0 0 0
cpu26 48290 64 47770 1787295 30975 0 16067 0 0 0
cpu27 40792 56 42609 1799102 29302 0 21832 0 0 0
cpu28 79436 90 57210 1716860 34852 0 29304 0 0 0
cpu29 83326 126 59326 1704822 35674 0 29887 0 0 0
cpu30 40134 50 44283 1793561 26319 0 21868 0 0 0
cpu31 43322 52 44434 1809177 26699 0 13993 0 0 0
intr 3480949594 126 0 0 0 0 0 0 0 0 1 0 0 0 0 0 0 0 0 0 0 0 0 0 0 0 0 0 1 1 1 0 0 0 0 1 0 1 0 0 75045 0 0 0 0 0 0 0 0 411 0 0 0 0 0 0 0 0 87 0 0 0 0 0 0 0 0 0 0 0 0 0 0 0 586136 2 35067061 35003868 34918915 35064673 0 16295 15660 19363 19528 12049 15297 19973 20965 17604 55663 75680 61717 51434 83241 79039 45398 42472 19853 23050 27476 11372 17621 25890 26114 22437 57700 71359 64710 52209 83019 90271 47113 48095 0 0 0 0 617341 4685 1036 0 264 0 0 0 0 0 0 0 0 0 0 0 0 0 0 0 0 0 0 0 0 0 0 0 0 0 0 0 0 0 0 0 0 0 0 0 0 0 0 0 0 0 0 0 0 0 0 0 0 0 0 0 0 0 0 0 0 0 0 0 0 0 0 0 0 0 0 0 0 0 0 0 0 0 0 0 0 0 0 0 0 0 0 0 0 0 0 0 0 0 0 0 0 0 0 0 0 0 0 0 0 0 0 0 0 0 0 0 0 0 0 0 0 0 0 0 0 0 0 0 0 0 0 0 0 0 0 0 0 0 0 0 0 0 0 0 0 0 0 0 0 0 0 0 0 0 0 0 0 0 0 0 0 0 0 0 0 0 0 0 0 0 0 0 0 0 0 0 0 0 0 0 0 0 0 0 0 0 0 0 0 0 0 0 0 0 0 0 0 0 0 0 0 0 0 0 0 0 0 0 0 0 0 0 0 0 0 0 0 0 0 0 0 0 0 0 0 0 0 0 0 0 0 0 0 0 0 0 0 0 0 0 0 0 0 0 0 0 0 0 0 0 0 0 0 0 0 0 0 0 0 0 0 0 0 0 0 0 0 0 0 0 0 0 0 0 0 0 0 0 0 0 0 0 0 0 0 0 0 0 0 0 0 0 0 0 0 0 0 0 0 0 0 0 0 0 0 0 0 0 0 0 0 0 0 0 0 0 0 0 0 0 0 0 0 0 0 0 0 0 0 0 0 0 0 0 0 0 0 0 0 0 0 0 0 0 0 0 0 0 0 0 0 0 0 0 0 0 0 0 0 0 0 0 0 0 0 0 0 0 0 0 0 0 0 0 0 0 0 0 0 0 0 0 0 0 0 0 0 0 0 0 0 0 0 0 0 0 0 0 0 0 0 0 0 0 0 0 0 0 0 0 0 0 0 0 0 0 0 0 0 0 0 0 0 0 0 0 0 0 0 0 0 0 0 0 0 0 0 0 0 0 0 0 0 0 0 0 0 0 0 0 0 0 0 0 0 0 0 0 0 0 0 0 0 0 0 0 0 0 0 0 0 0 0 0 0 0 0 0 0 0 0 0 0 0 0 0 0 0 0 0 0 0 0 0 0 0 0 0 0 0 0 0 0 0 0 0 0 0 0 0 0 0 0 0 0 0 0 0 0 0 0 0 0 0 0 0 0 0 0 0 0 0 0 0 0 0 0 0 0 0 0 0 0 0 0 0 0 0 0 0 0 0 0 0 0 0 0 0 0 0 0 0 0 0 0 0 0 0 0 0 0 0 0 0 0 0 0 0 0 0 0 0 0 0 0 0 0 0 0 0 0 0 0 0 0 0 0 0 0 0 0 0 0 0 0 0 0 0 0 0 0 0 0 0 0 0 0 0 0 0 0 0 0 0 0 0 0 0 0 0 0 0 0 0 0 0 0 0 0 0 0 0 0 0 0 0 0 0 0 0 0 0 0 0 0 0 0 0 0 0 0 0 0 0 0 0 0 0 0 0 0 0 0 0 0 0 0 0 0 0 0 0 0 0 0 0 0 0 0 0 0 0 0 0 0 0 0 0 0 0 0 0 0 0 0 0 0 0 0 0 0 0 0 0 0 0 0 0 0 0 0 0 0 0 0 0 0 0 0 0 0 0 0 0 0 0 0 0 0 0 0 0 0 0 0 0 0 0 0 0 0 0 0 0 0 0 0 0 0 0 0 0 0 0 0 0 0 0 0 0 0 0 0 0 0 0 0 0 0 0 0 0 0 0 0 0 0 0 0 0 0 0 0 0 0 0 0 0 0 0 0 0 0 0 0 0 0 0 0 0 0 0 0 0 0 0 0 0 0 0 0 0 0 0 0 0 0 0 0 0 0 0 0 0 0 0 0 0 0 0 0 0 0 0 0 0 0 0 0 0 0 0 0 0 0 0 0 0 0 0 0 0 0 0 0 0 0 0 0 0 0 0 0 0 0 0 0 0 0 0 0 0 0 0 0 0 0 0 0 0 0 0 0 0 0 0 0 0 0 0 0 0 0 0 0 0 0 0 0 0 0 0 0 0 0 0 0 0 0 0 0 0 0 0 0 0 0 0 0 0 0 0 0 0 0 0 0 0 0 0 0 0 0 0 0 0 0 0 0 0 0 0 0 0 0 0 0 0 0 0 0 0 0 0 0 0 0 0 0 0 0 0 0 0 0 0 0 0 0 0 0 0 0 0 0 0 0 0 0 0 0 0 0 0 0 0 0 0 0 0 0 0 0 0 0 0 0 0 0 0 0 0 0 0 0 0 0 0 0 0 0 0 0 0 0 0 0 0 0 0 0 0 0 0 0 0 0 0 0 0 0 0 0 0 0 0 0 0 0 0 0 0 0 0 0 0 0 0 0 0 0 0 0 0 0 0 0 0 0 0 0 0 0 0 0 0 0 0 0 0 0 0 0 0 0 0 0 0 0 0 0 0 0 0 0 0 0 0 0 0 0 0 0 0 0 0 0 0 0 0 0
ctxt 5544837713
btime 1790630938
processes 1223506
procs_running 1
procs_blocked 0
softirq 4942504191 73526 14495470 2753182 501551963 610912 0 13560641 57637735 421 56853045
