Running 10s test @ http://127.0.0.1:18500/usleep?ms=10
  16 threads and 1000 connections
  Thread Stats   Avg      Stdev     Max   +/- Stdev
    Latency     1.42s   271.37ms   2.80s    89.67%
    Req/Sec    53.55     38.08   220.00     68.27%
  Latency Distribution
     50%    1.31s 
     75%    1.42s 
     90%    1.70s 
     99%    2.55s 
  6547 requests in 10.10s, 1.14MB read
Requests/sec:    648.49
Transfer/sec:    115.26KB
## server-stat
cpu  4222524 1850 1791018 56530805 644992 0 845966 0 0 0
cpu0 162342 32 52546 1765875 7655 0 28298 0 0 0
cpu1 163295 37 53400 1770013 9463 0 27504 0 0 0
cpu2 170703 37 53831 1762680 9984 0 27732 0 0 0
cpu3 265741 38 77814 1628299 6569 0 44916 0 0 0
cpu4 261486 44 75464 1635911 8028 0 44760 0 0 0
cpu5 173221 44 55411 1757382 11266 0 28526 0 0 0
cpu6 175173 39 55449 1754650 11971 0 29447 0 0 0
cpu7 180805 37 58980 1742873 11784 0 32558 0 0 0
cpu8 42239 70 45787 1854363 25100 0 13959 0 0 0
cpu9 48757 78 49156 1827120 29385 0 15243 0 0 0
cpu10 46042 76 47433 1836454 27185 0 15003 0 0 0
cpu11 41908 72 43104 1858908 25338 0 13315 0 0 0
cpu12 89028 152 53743 1777471 31467 0 16614 0 0 0
cpu13 85095 83 54811 1775688 33344 0 16995 0 0 0
cpu14 41864 69 42678 1862453 23770 0 13083 0 0 0
cpu15 38700 74 39126 1877025 24317 0 11862 0 0 0
cpu16 221417 32 65211 1693328 10617 0 36377 0 0 0
cpu17 208629 31 63167 1706301 13664 0 34718 0 0 0
cpu18 191946 31 61003 1726128 14182 0 33584 0 0 0
cpu19 351021 28 94220 1518989 6207 0 55239 0 0 0
cpu20 315535 27 87895 1561105 9484 0 52533 0 0 0
cpu21 190265 34 60343 1726691 16240 0 32876 0 0 0
cpu22 173376 37 57674 1747370 16411 0 30851 0 0 0
cpu23 149804 36 51448 1783923 16039 0 25782 0 0 0
cpu24 45342 75 44201 1854771 29051 0 14037 0 0 0
cpu25 50839 71 49310 1828119 32031 0 16631 0 0 0
cpu26 48499 67 48086 1835314 31082 0 16148 0 0 0
cpu27 40967 58 42904 1847398 29337 0 21898 0 0 0
cpu28 80421 93 57653 1763686 34987 0 29426 0 0 0
cpu29 84239 129 59793 1751471 35965 0 30015 0 0 0
cpu30 40324 52 44617 1841618 26333 0 21952 0 0 0
cpu31 43488 54 44744 1857410 26719 0 14069 0 0 0
intr 3520007931 126 0 0 0 0 0 0 0 0 1 0 0 0 0 0 0 0 0 0 0 0 0 0 0 0 0 0 1 1 1 0 0 0 0 1 0 1 0 0 75045 0 0 0 0 0 0 0 0 411 0 0 0 0 0 0 0 0 87 0 0 0 0 0 0 0 0 0 0 0 0 0 0 0 599498 2 35069679 35004440 34920734 35067493 0 16692 15665 19366 19529 12061 15303 20043 20968 17606 55774 75887 61761 51492 83424 79154 45513 42514 19994 23052 27478 11375 17627 25892 26168 22437 57707 71605 64729 52360 83118 90424 47117 48104 0 0 0 0 617373 4732 1036 0 264 0 0 0 0 0 0 0 0 0 0 0 0 0 0 0 0 0 0 0 0 0 0 0 0 0 0 0 0 0 0 0 0 0 0 0 0 0 0 0 0 0 0 0 0 0 0 0 0 0 0 0 0 0 0 0 0 0 0 0 0 0 0 0 0 0 0 0 0 0 0 0 0 0 0 0 0 0 0 0 0 0 0 0 0 0 0 0 0 0 0 0 0 0 0 0 0 0 0 0 0 0 0 0 0 0 0 0 0 0 0 0 0 0 0 0 0 0 0 0 0 0 0 0 0 0 0 0 0 0 0 0 0 0 0 0 0 0 0 0 0 0 0 0 0 0 0 0 0 0 0 0 0 0 0 0 0 0 0 0 0 0 0 0 0 0 0 0 0 0 0 0 0 0 0 0 0 0 0 0 0 0 0 0 0 0 0 0 0 0 0 0 0 0 0 0 0 0 0 0 0 0 0 0 0 0 0 0 0 0 0 0 0 0 0 0 0 0 0 0 0 0 0 0 0 0 0 0 0 0 0 0 0 0 0 0 0 0 0 0 0 0 0 0 0 0 0 0 0 0 0 0 0 0 0 0 0 0 0 0 0 0 0 0 0 0 0 0 0 0 0 0 0 0 0 0 0 0 0 0 0 0 0 0 0 0 0 0 0 0 0 0 0 0 0 0 0 0 0 0 0 0 0 0 0 0 0 0 0 0 0 0 0 0 0 0 0 0 0 0 0 0 0 0 0 0 0 0 0 0 0 0 0 0 0 0 0 0 0 0 0 0 0 0 0 0 0 0 0 0 0 0 0 0 0 0 0 0 0 0 0 0 0 0 0 0 0 0 0 0 0 0 0 0 0 0 0 0 0 0 0 0 0 0 0 0 0 0 0 0 0 0 0 0 0 0 0 0 0 0 0 0 0 0 0 0 0 0 0 0 0 0 0 0 0 0 0 0 0 0 0 0 0 0 0 0 0 0 0 0 0 0 0 0 0 0 0 0 0 0 0 0 0 0 0 0 0 0 0 0 0 0 0 0 0 0 0 0 0 0 0 0 0 0 0 0 0 0 0 0 0 0 0 0 0 0 0 0 0 0 0 0 0 0 0 0 0 0 0 0 0 0 0 0 0 0 0 0 0 0 0 0 0 0 0 0 0 0 0 0 0 0 0 0 0 0 0 0 0 0 0 0 0 0 0 0 0 0 0 0 0 0 0 0 0 0 0 0 0 0 0 0 0 0 0 0 0 0 0 0 0 0 0 0 0 0 0 0 0 0 0 0 0 0 0 0 0 0 0 0 0 0 0 0 0 0 0 0 0 0 0 0 0 0 0 0 0 0 0 0 0 0 0 0 0 0 0 0 0 0 0 0 0 0 0 0 0 0 0 0 0 0 0 0 0 0 0 0 0 0 0 0 0 0 0 0 0 0 0 0 0 0 0 0 0 0 0 0 0 0 0 0 0 0 0 0 0 0 0 0 0 0 0 0 0 0 0 0 0 0 0 0 0 0 0 0 0 0 0 0 0 0 0 0 0 0 0 0 0 0 0 0 0 0 0 0 0 0 0 0 0 0 0 0 0 0 0 0 0 0 0 0 0 0 0 0 0 0 0 0 0 0 0 0 0 0 0 0 0 0 0 0 0 0 0 0 0 0 0 0 0 0 0 0 0 0 0 0 0 0 0 0 0 0 0 0 0 0 0 0 0 0 0 0 0 0 0 0 0 0 0 0 0 0 0 0 0 0 0 0 0 0 0 0 0 0 0 0 0 0 0 0 0 0 0 0 0 0 0 0 0 0 0 0 0 0 0 0 0 0 0 0 0 0 0 0 0 0 0 0 0 0 0 0 0 0 0 0 0 0 0 0 0 0 0 0 0 0 0 0 0 0 0 0 0 0 0 0 0 0 0 0 0 0 0 0 0 0 0 0 0 0 0 0 0 0 0 0 0 0 0 0 0 0 0 0 0 0 0 0 0 0 0 0 0 0 0 0 0 0 0 0 0 0 0 0 0 0 0 0 0 0 0 0 0 0 0 0 0 0 0 0 0 0 0 0 0 0 0 0 0 0 0 0 0 0 0 0 0 0 0 0 0 0 0 0 0 0 0 0 0 0 0 0 0 0 0 0 0 0 0 0 0 0 0 0 0 0 0 0 0 0 0 0 0 0 0 0 0 0 0 0 0 0 0 0 0 0 0 0 0 0 0 0 0 0 0 0 0 0 0 0 0 0 0 0 0 0 0 0 0 0 0 0 0 0 0 0 0 0 0 0 0 0 0 0 0 0 0 0 0 0 0 0 0 0 0 0 0 0 0 0 0 0 0 0 0 0 0 0 0 0 0 0 0 0 0 0 0 0 0 0 0 0 0 0 0 0 0 0 0 0 0 0 0 0 0 0 0 0 0 0 0 0 0 0 0 0 0 0 0 0 0 0 0 0 0 0 0 0 0 0 0 0 0 0 0 0 0 0 0 0 0 0 0 0 0 0 0 0 0 0 0
ctxt 5612014419
btime 1790630938
processes 1312687
procs_running 2
procs_blocked 0
softirq 4999424581 73526 14997818 2753189 552248472 624890 0 13560770 58892193 421 61306006
--
cpu  4222968 1851 1791050 56555864 645010 0 845973 0 0 0
cpu0 162385 32 52549 1766625 7655 0 28301 0 0 0
cpu1 163338 37 53402 1770766 9463 0 27505 0 0 0
cpu2 170732 37 53833 1763450 9984 0 27732 0 0 0
cpu3 265869 38 77820 1628962 6569 0 44917 0 0 0
cpu4 261555 44 75468 1636635 8028 0 44761 0 0 0
cpu5 173262 44 55413 1758140 11266 0 28526 0 0 0
cpu6 175188 39 55451 1755434 11971 0 29447 0 0 0
cpu7 180808 37 58980 1743671 11784 0 32558 0 0 0
cpu8 42239 70 45788 1855158 25101 0 13959 0 0 0
cpu9 48758 78 49157 1827917 29385 0 15243 0 0 0
cpu10 46042 76 47433 1837251 27185 0 15003 0 0 0
cpu11 41908 72 43104 1859706 25338 0 13315 0 0 0
cpu12 89048 152 53745 1778245 31467 0 16614 0 0 0
cpu13 85120 83 54813 1776458 33344 0 16995 0 0 0
cpu14 41864 69 42678 1863250 23770 0 13083 0 0 0
cpu15 38701 74 39127 1877823 24317 0 11862 0 0 0
cpu16 221417 32 65211 1694128 10617 0 36377 0 0 0
cpu17 208629 31 63167 1707101 13664 0 34718 0 0 0
cpu18 191946 31 61003 1726927 14182 0 33584 0 0 0
cpu19 351025 28 94221 1519784 6207 0 55239 0 0 0
cpu20 315546 27 87896 1561892 9484 0 52533 0 0 0
cpu21 190265 34 60343 1727490 16240 0 32876 0 0 0
cpu22 173379 37 57674 1748167 16411 0 30851 0 0 0
cpu23 149805 36 51449 1784721 16039 0 25782 0 0 0
cpu24 45342 75 44201 1855569 29051 0 14037 0 0 0
cpu25 50839 71 49310 1828917 32031 0 16631 0 0 0
cpu26 48499 67 48086 1836113 31082 0 16148 0 0 0
cpu27 40967 58 42905 1848197 29337 0 21898 0 0 0
cpu28 80427 93 57654 1764477 34987 0 29426 0 0 0
cpu29 84240 129 59793 1752251 35981 0 30015 0 0 0
cpu30 40325 52 44617 1842415 26333 0 21952 0 0 0
cpu31 43488 54 44744 1858209 26719 0 14069 0 0 0
intr 3520120412 126 0 0 0 0 0 0 0 0 1 0 0 0 0 0 0 0 0 0 0 0 0 0 0 0 0 0 1 1 1 0 0 0 0 1 0 1 0 0 75045 0 0 0 0 0 0 0 0 411 0 0 0 0 0 0 0 0 87 0 0 0 0 0 0 0 0 0 0 0 0 0 0 0 599619 2 35069744 35004473 34920772 35067532 0 16700 15665 19366 19529 12061 15303 20043 20968 17606 55775 75887 61762 51492 83430 79156 45513 42514 19994 23052 27478 11375 17627 25892 26168 22437 57707 71606 64729 52360 83118 90424 47118 48104 0 0 0 0 617373 4732 1036 0 264 0 0 0 0 0 0 0 0 0 0 0 0 0 0 0 0 0 0 0 0 0 0 0 0 0 0 0 0 0 0 0 0 0 0 0 0 0 0 0 0 0 0 0 0 0 0 0 0 0 0 0 0 0 0 0 0 0 0 0 0 0 0 0 0 0 0 0 0 0 0 0 0 0 0 0 0 0 0 0 0 0 0 0 0 0 0 0 0 0 0 0 0 0 0 0 0 0 0 0 0 0 0 0 0 0 0 0 0 0 0 0 0 0 0 0 0 0 0 0 0 0 0 0 0 0 0 0 0 0 0 0 0 0 0 0 0 0 0 0 0 0 0 0 0 0 0 0 0 0 0 0 0 0 0 0 0 0 0 0 0 0 0 0 0 0 0 0 0 0 0 0 0 0 0 0 0 0 0 0 0 0 0 0 0 0 0 0 0 0 0 0 0 0 0 0 0 0 0 0 0 0 0 0 0 0 0 0 0 0 0 0 0 0 0 0 0 0 0 0 0 0 0 0 0 0 0 0 0 0 0 0 0 0 0 0 0 0 0 0 0 0 0 0 0 0 0 0 0 0 0 0 0 0 0 0 0 0 0 0 0 0 0 0 0 0 0 0 0 0 0 0 0 0 0 0 0 0 0 0 0 0 0 0 0 0 0 0 0 0 0 0 0 0 0 0 0 0 0 0 0 0 0 0 0 0 0 0 0 0 0 0 0 0 0 0 0 0 0 0 0 0 0 0 0 0 0 0 0 0 0 0 0 0 0 0 0 0 0 0 0 0 0 0 0 0 0 0 0 0 0 0 0 0 0 0 0 0 0 0 0 0 0 0 0 0 0 0 0 0 0 0 0 0 0 0 0 0 0 0 0 0 0 0 0 0 0 0 0 0 0 0 0 0 0 0 0 0 0 0 0 0 0 0 0 0 0 0 0 0 0 0 0 0 0 0 0 0 0 0 0 0 0 0 0 0 0 0 0 0 0 0 0 0 0 0 0 0 0 0 0 0 0 0 0 0 0 0 0 0 0 0 0 0 0 0 0 0 0 0 0 0 0 0 0 0 0 0 0 0 0 0 0 0 0 0 0 0 0 0 0 0 0 0 0 0 0 0 0 0 0 0 0 0 0 0 0 0 0 0 0 0 0 0 0 0 0 0 0 0 0 0 0 0 0 0 0 0 0 0 0 0 0 0 0 0 0 0 0 0 0 0 0 0 0 0 0 0 0 0 0 0 0 0 0 0 0 0 0 0 0 0 0 0 0 0 0 0 0 0 0 0 0 0 0 0 0 0 0 0 0 0 0 0 0 0 0 0 0 0 0 0 0 0 0 0 0 0 0 0 0 0 0 0 0 0 0 0 0 0 0 0 0 0 0 0 0 0 0 0 0 0 0 0 0 0 0 0 0 0 0 0 0 0 0 0 0 0 0 0 0 0 0 0 0 0 0 0 0 0 0 0 0 0 0 0 0 0 0 0 0 0 0 0 0 0 0 0 0 0 0 0 0 0 0 0 0 0 0 0 0 0 0 0 0 0 0 0 0 0 0 0 0 0 0 0 0 0 0 0 0 0 0 0 0 0 0 0 0 0 0 0 0 0 0 0 0 0 0 0 0 0 0 0 0 0 0 0 0 0 0 0 0 0 0 0 0 0 0 0 0 0 0 0 0 0 0 0 0 0 0 0 0 0 0 0 0 0 0 0 0 0 0 0 0 0 0 0 0 0 0 0 0 0 0 0 0 0 0 0 0 0 0 0 0 0 0 0 0 0 0 0 0 0 0 0 0 0 0 0 0 0 0 0 0 0 0 0 0 0 0 0 0 0 0 0 0 0 0 0 0 0 0 0 0 0 0 0 0 0 0 0 0 0 0 0 0 0 0 0 0 0 0 0 0 0 0 0 0 0 0 0 0 0 0 0 0 0 0 0 0 0 0 0 0 0 0 0 0 0 0 0 0 0 0 0 0 0 0 0 0 0 0 0 0 0 0 0 0 0 0 0 0 0 0 0 0 0 0 0 0 0 0 0 0 0 0 0 0 0 0 0 0 0 0 0 0 0 0 0 0 0 0 0 0 0 0 0 0 0 0 0 0 0 0 0 0 0 0 0 0 0 0 0 0 0 0 0 0 0 0 0 0 0 0 0 0 0 0 0 0 0 0 0 0 0 0 0 0 0 0 0 0 0 0 0 0 0 0 0 0 0 0 0 0 0 0 0 0 0 0 0 0 0 0 0 0 0 0 0 0 0 0 0 0 0 0 0 0 0 0 0 0 0 0 0 0 0 0 0 0 0 0 0 0 0 0 0 0 0 0 0 0 0 0 0 0 0 0 0 0 0 0 0 0 0 0 0 0 0 0 0 0 0 0 0 0 0 0 0 0 0 0 0 0 0 0 0 0 0 0 0 0 0 0 0 0 0 0 0 0 0 0 0 0 0 0 0 0 0 0 0 0 0 0 0 0 0 0 0 0 0 0 0 0 0 0 0 0 0 0 0 0
ctxt 5612167297
btime 1790630938
processes 1312751
procs_running 1
procs_blocked 0
softirq 4999465416 73526 15006453 2753189 552260457 625019 0 13560770 58902731 421 61315554
