Running 10s test @ http://127.0.0.1:18500/usleep?ms=10
  16 threads and 1000 connections
  Thread Stats   Avg      Stdev     Max   +/- Stdev
    Latency     7.56s     1.43s   10.00s    59.33%
    Req/Sec    17.54     11.22    70.00     65.73%
  Latency Distribution
     50%    7.59s 
     75%    8.79s 
     90%    9.52s 
     99%    9.95s 
  900 requests in 10.10s, 159.96KB read
Requests/sec:     89.12
Transfer/sec:     15.84KB
## server-stat
cpu  3834627 1730 1712001 52738531 482043 0 817760 0 0 0
cpu0 144290 31 49307 1650444 6286 0 27078 0 0 0
cpu1 144969 36 50177 1654736 7679 0 26201 0 0 0
cpu2 148698 35 50448 1651753 7741 0 26275 0 0 0
cpu3 237830 36 73265 1524341 4990 0 43191 0 0 0
cpu4 239731 41 71911 1524131 6298 0 43596 0 0 0
cpu5 154499 40 52125 1643217 8545 0 27180 0 0 0
cpu6 155412 36 52565 1641534 8734 0 28276 0 0 0
cpu7 161814 34 55796 1630036 8320 0 30930 0 0 0
cpu8 41798 64 44746 1724962 17973 0 13664 0 0 0
cpu9 48085 72 48033 1698655 22062 0 14914 0 0 0
cpu10 45519 71 46338 1707711 19788 0 14705 0 0 0
cpu11 41507 67 42133 1729213 18168 0 13064 0 0 0
cpu12 86498 146 52338 1651606 24134 0 16205 0 0 0
cpu13 82654 77 53343 1650607 25407 0 16568 0 0 0
cpu14 41406 64 41648 1732398 17234 0 12817 0 0 0
cpu15 38355 69 38220 1746697 17454 0 11629 0 0 0
cpu16 191909 31 60915 1590355 8930 0 34579 0 0 0
cpu17 180993 29 59127 1601809 11187 0 33136 0 0 0
cpu18 169682 29 57508 1616270 10897 0 32299 0 0 0
cpu19 320731 27 89251 1416731 5071 0 53747 0 0 0
cpu20 281499 27 82452 1463567 8126 0 50648 0 0 0
cpu21 165084 32 56662 1620260 12634 0 31541 0 0 0
cpu22 153066 35 54075 1636666 12362 0 29376 0 0 0
cpu23 132872 34 48409 1669137 11671 0 24782 0 0 0
cpu24 44783 68 43132 1726021 21112 0 13763 0 0 0
cpu25 50161 68 48108 1700457 23760 0 16280 0 0 0
cpu26 47888 61 46911 1707407 22827 0 15820 0 0 0
cpu27 40464 53 41841 1718790 21182 0 21627 0 0 0
cpu28 77803 86 56028 1639549 26414 0 28946 0 0 0
cpu29 81786 122 58060 1627886 27004 0 29502 0 0 0
cpu30 39812 47 43470 1712969 19000 0 21639 0 0 0
cpu31 43015 48 43645 1728602 19037 0 13767 0 0 0
intr 3395982920 126 0 0 0 0 0 0 0 0 1 0 0 0 0 0 0 0 0 0 0 0 0 0 0 0 0 0 1 1 1 0 0 0 0 1 0 1 0 0 75045 0 0 0 0 0 0 0 0 411 0 0 0 0 0 0 0 0 87 0 0 0 0 0 0 0 0 0 0 0 0 0 0 0 541238 2 35064029 35001591 34917327 35061348 0 15560 13324 16364 15639 9727 12126 15965 16779 13276 46181 62145 50014 42422 64040 61047 37702 34331 17012 18721 22193 9006 14976 20777 20439 17733 44407 56524 52795 41965 65271 67965 38907 39293 0 0 0 0 617279 4605 1036 0 264 0 0 0 0 0 0 0 0 0 0 0 0 0 0 0 0 0 0 0 0 0 0 0 0 0 0 0 0 0 0 0 0 0 0 0 0 0 0 0 0 0 0 0 0 0 0 0 0 0 0 0 0 0 0 0 0 0 0 0 0 0 0 0 0 0 0 0 0 0 0 0 0 0 0 0 0 0 0 0 0 0 0 0 0 0 0 0 0 0 0 0 0 0 0 0 0 0 0 0 0 0 0 0 0 0 0 0 0 0 0 0 0 0 0 0 0 0 0 0 0 0 0 0 0 0 0 0 0 0 0 0 0 0 0 0 0 0 0 0 0 0 0 0 0 0 0 0 0 0 0 0 0 0 0 0 0 0 0 0 0 0 0 0 0 0 0 0 0 0 0 0 0 0 0 0 0 0 0 0 0 0 0 0 0 0 0 0 0 0 0 0 0 0 0 0 0 0 0 0 0 0 0 0 0 0 0 0 0 0 0 0 0 0 0 0 0 0 0 0 0 0 0 0 0 0 0 0 0 0 0 0 0 0 0 0 0 0 0 0 0 0 0 0 0 0 0 0 0 0 0 0 0 0 0 0 0 0 0 0 0 0 0 0 0 0 0 0 0 0 0 0 0 0 0 0 0 0 0 0 0 0 0 0 0 0 0 0 0 0 0 0 0 0 0 0 0 0 0 0 0 0 0 0 0 0 0 0 0 0 0 0 0 0 0 0 0 0 0 0 0 0 0 0 0 0 0 0 0 0 0 0 0 0 0 0 0 0 0 0 0 0 0 0 0 0 0 0 0 0 0 0 0 0 0 0 0 0 0 0 0 0 0 0 0 0 0 0 0 0 0 0 0 0 0 0 0 0 0 0 0 0 0 0 0 0 0 0 0 0 0 0 0 0 0 0 0 0 0 0 0 0 0 0 0 0 0 0 0 0 0 0 0 0 0 0 0 0 0 0 0 0 0 0 0 0 0 0 0 0 0 0 0 0 0 0 0 0 0 0 0 0 0 0 0 0 0 0 0 0 0 0 0 0 0 0 0 0 0 0 0 0 0 0 0 0 0 0 0 0 0 0 0 0 0 0 0 0 0 0 0 0 0 0 0 0 0 0 0 0 0 0 0 0 0 0 0 0 0 0 0 0 0 0 0 0 0 0 0 0 0 0 0 0 0 0 0 0 0 0 0 0 0 0 0 0 0 0 0 0 0 0 0 0 0 0 0 0 0 0 0 0 0 0 0 0 0 0 0 0 0 0 0 0 0 0 0 0 0 0 0 0 0 0 0 0 0 0 0 0 0 0 0 0 0 0 0 0 0 0 0 0 0 0 0 0 0 0 0 0 0 0 0 0 0 0 0 0 0 0 0 0 0 0 0 0 0 0 0 0 0 0 0 0 0 0 0 0 0 0 0 0 0 0 0 0 0 0 0 0 0 0 0 0 0 0 0 0 0 0 0 0 0 0 0 0 0 0 0 0 0 0 0 0 0 0 0 0 0 0 0 0 0 0 0 0 0 0 0 0 0 0 0 0 0 0 0 0 0 0 0 0 0 0 0 0 0 0 0 0 0 0 0 0 0 0 0 0 0 0 0 0 0 0 0 0 0 0 0 0 0 0 0 0 0 0 0 0 0 0 0 0 0 0 0 0 0 0 0 0 0 0 0 0 0 0 0 0 0 0 0 0 0 0 0 0 0 0 0 0 0 0 0 0 0 0 0 0 0 0 0 0 0 0 0 0 0 0 0 0 0 0 0 0 0 0 0 0 0 0 0 0 0 0 0 0 0 0 0 0 0 0 0 0 0 0 0 0 0 0 0 0 0 0 0 0 0 0 0 0 0 0 0 0 0 0 0 0 0 0 0 0 0 0 0 0 0 0 0 0 0 0 0 0 0 0 0 0 0 0 0 0 0 0 0 0 0 0 0 0 0 0 0 0 0 0 0 0 0 0 0 0 0 0 0 0 0 0 0 0 0 0 0 0 0 0 0 0 0 0 0 0 0 0 0 0 0 0 0 0 0 0 0 0 0 0 0 0 0 0 0 0 0 0 0 0 0 0 0 0 0 0 0 0 0 0 0 0 0 0 0 0 0 0 0 0 0 0 0 0 0 0 0 0 0 0 0 0 0 0 0 0 0 0 0 0 0 0 0 0 0 0 0 0 0 0 0 0 0 0 0 0 0 0 0 0 0 0 0 0 0 0 0 0 0 0 0 0 0 0 0 0 0 0 0 0 0 0 0 0 0 0 0 0 0 0 0 0 0 0 0 0 0 0 0 0 0 0 0 0 0 0 0 0 0 0 0 0 0 0 0 0 0 0 0 0 0 0 0 0 0 0 0 0 0 0 0 0 0 0 0 0 0 0 0 0 0 0 0 0 0 0 0 0 0 0 0 0 0 0 0 0 0 0 0 0 0 0 0 0 0 0 0 0 0 0 0 0 0 0 0 0 0 0 0 0 0 0 0 0 0 0 0 0 0 0 0 0 0 0 0 0 0
ctxt 5397344508
btime 1790630938
processes 1086592
procs_running 1
procs_blocked 0
softirq 4830781858 73526 13680287 2753177 396868851 564807 0 13560433 55461600 421 52851460
--
cpu  3834794 1730 1712015 52763897 482059 0 817762 0 0 0
cpu0 144290 31 49308 1651241 6286 0 27079 0 0 0
cpu1 144969 36 50177 1655535 7679 0 26201 0 0 0
cpu2 148698 35 50448 1652552 7741 0 26275 0 0 0
cpu3 237884 36 73269 1525080 4990 0 43191 0 0 0
cpu4 239773 41 71913 1524886 6298 0 43597 0 0 0
cpu5 154499 40 52125 1644016 8545 0 27180 0 0 0
cpu6 155412 36 52565 1642333 8734 0 28276 0 0 0
cpu7 161814 34 55796 1630835 8320 0 30930 0 0 0
cpu8 41798 65 44746 1725760 17974 0 13664 0 0 0
cpu9 48089 72 48033 1699449 22062 0 14914 0 0 0
cpu10 45520 71 46338 1708509 19788 0 14705 0 0 0
cpu11 41508 67 42133 1730011 18168 0 13064 0 0 0
cpu12 86531 146 52341 1652368 24134 0 16205 0 0 0
cpu13 82670 77 53345 1651373 25421 0 16568 0 0 0
cpu14 41408 64 41649 1733194 17234 0 12817 0 0 0
cpu15 38355 69 38221 1747495 17454 0 11629 0 0 0
cpu16 191909 31 60915 1591154 8930 0 34579 0 0 0
cpu17 180993 29 59127 1602607 11187 0 33136 0 0 0
cpu18 169682 29 57508 1617069 10897 0 32299 0 0 0
cpu19 320731 27 89251 1417530 5071 0 53747 0 0 0
cpu20 281499 27 82452 1464366 8126 0 50648 0 0 0
cpu21 165084 32 56662 1621059 12634 0 31541 0 0 0
cpu22 153066 36 54075 1637466 12362 0 29376 0 0 0
cpu23 132872 34 48409 1669936 11671 0 24782 0 0 0
cpu24 44785 68 43132 1726818 21112 0 13763 0 0 0
cpu25 50161 68 48109 1701256 23760 0 16280 0 0 0
cpu26 47890 61 46911 1708204 22827 0 15820 0 0 0
cpu27 40465 53 41841 1719587 21182 0 21627 0 0 0
cpu28 77805 86 56028 1640346 26414 0 28946 0 0 0
cpu29 81789 122 58060 1628683 27004 0 29502 0 0 0
cpu30 39813 47 43470 1713766 19000 0 21639 0 0 0
cpu31 43017 48 43645 1729399 19037 0 13767 0 0 0
intr 3396072297 126 0 0 0 0 0 0 0 0 1 0 0 0 0 0 0 0 0 0 0 0 0 0 0 0 0 0 1 1 1 0 0 0 0 1 0 1 0 0 75045 0 0 0 0 0 0 0 0 411 0 0 0 0 0 0 0 0 87 0 0 0 0 0 0 0 0 0 0 0 0 0 0 0 541380 2 35064055 35001599 34917373 35061383 0 15568 13324 16364 15639 9727 12127 15965 16779 13276 46181 62145 50014 42423 64040 61047 37702 34331 17012 18721 22193 9006 14976 20777 20439 17733 44407 56525 52795 41965 65277 67965 38907 39293 0 0 0 0 617281 4605 1036 0 264 0 0 0 0 0 0 0 0 0 0 0 0 0 0 0 0 0 0 0 0 0 0 0 0 0 0 0 0 0 0 0 0 0 0 0 0 0 0 0 0 0 0 0 0 0 0 0 0 0 0 0 0 0 0 0 0 0 0 0 0 0 0 0 0 0 0 0 0 0 0 0 0 0 0 0 0 0 0 0 0 0 0 0 0 0 0 0 0 0 0 0 0 0 0 0 0 0 0 0 0 0 0 0 0 0 0 0 0 0 0 0 0 0 0 0 0 0 0 0 0 0 0 0 0 0 0 0 0 0 0 0 0 0 0 0 0 0 0 0 0 0 0 0 0 0 0 0 0 0 0 0 0 0 0 0 0 0 0 0 0 0 0 0 0 0 0 0 0 0 0 0 0 0 0 0 0 0 0 0 0 0 0 0 0 0 0 0 0 0 0 0 0 0 0 0 0 0 0 0 0 0 0 0 0 0 0 0 0 0 0 0 0 0 0 0 0 0 0 0 0 0 0 0 0 0 0 0 0 0 0 0 0 0 0 0 0 0 0 0 0 0 0 0 0 0 0 0 0 0 0 0 0 0 0 0 0 0 0 0 0 0 0 0 0 0 0 0 0 0 0 0 0 0 0 0 0 0 0 0 0 0 0 0 0 0 0 0 0 0 0 0 0 0 0 0 0 0 0 0 0 0 0 0 0 0 0 0 0 0 0 0 0 0 0 0 0 0 0 0 0 0 0 0 0 0 0 0 0 0 0 0 0 0 0 0 0 0 0 0 0 0 0 0 0 0 0 0 0 0 0 0 0 0 0 0 0 0 0 0 0 0 0 0 0 0 0 0 0 0 0 0 0 0 0 0 0 0 0 0 0 0 0 0 0 0 0 0 0 0 0 0 0 0 0 0 0 0 0 0 0 0 0 0 0 0 0 0 0 0 0 0 0 0 0 0 0 0 0 0 0 0 0 0 0 0 0 0 0 0 0 0 0 0 0 0 0 0 0 0 0 0 0 0 0 0 0 0 0 0 0 0 0 0 0 0 0 0 0 0 0 0 0 0 0 0 0 0 0 0 0 0 0 0 0 0 0 0 0 0 0 0 0 0 0 0 0 0 0 0 0 0 0 0 0 0 0 0 0 0 0 0 0 0 0 0 0 0 0 0 0 0 0 0 0 0 0 0 0 0 0 0 0 0 0 0 0 0 0 0 0 0 0 0 0 0 0 0 0 0 0 0 0 0 0 0 0 0 0 0 0 0 0 0 0 0 0 0 0 0 0 0 0 0 0 0 0 0 0 0 0 0 0 0 0 0 0 0 0 0 0 0 0 0 0 0 0 0 0 0 0 0 0 0 0 0 0 0 0 0 0 0 0 0 0 0 0 0 0 0 0 0 0 0 0 0 0 0 0 0 0 0 0 0 0 0 0 0 0 0 0 0 0 0 0 0 0 0 0 0 0 0 0 0 0 0 0 0 0 0 0 0 0 0 0 0 0 0 0 0 0 0 0 0 0 0 0 0 0 0 0 0 0 0 0 0 0 0 0 0 0 0 0 0 0 0 0 0 0 0 0 0 0 0 0 0 0 0 0 0 0 0 0 0 0 0 0 0 0 0 0 0 0 0 0 0 0 0 0 0 0 0 0 0 0 0 0 0 0 0 0 0 0 0 0 0 0 0 0 0 0 0 0 0 0 0 0 0 0 0 0 0 0 0 0 0 0 0 0 0 0 0 0 0 0 0 0 0 0 0 0 0 0 0 0 0 0 0 0 0 0 0 0 0 0 0 0 0 0 0 0 0 0 0 0 0 0 0 0 0 0 0 0 0 0 0 0 0 0 0 0 0 0 0 0 0 0 0 0 0 0 0 0 0 0 0 0 0 0 0 0 0 0 0 0 0 0 0 0 0 0 0 0 0 0 0 0 0 0 0 0 0 0 0 0 0 0 0 0 0 0 0 0 0 0 0 0 0 0 0 0 0 0 0 0 0 0 0 0 0 0 0 0 0 0 0 0 0 0 0 0 0 0 0 0 0 0 0 0 0 0 0 0 0 0 0 0 0 0 0 0 0 0 0 0 0 0 0 0 0 0 0 0 0 0 0 0 0 0 0 0 0 0 0 0 0 0 0 0 0 0 0 0 0 0 0 0 0 0 0 0 0 0 0 0 0 0 0 0 0 0 0 0 0 0 0 0 0 0 0 0 0 0 0 0 0 0 0 0 0 0 0 0 0 0 0 0 0 0 0 0 0 0 0 0 0 0 0 0 0 0 0 0 0 0 0 0 0 0 0 0 0 0 0 0 0 0 0 0 0 0 0 0 0 0 0 0 0 0 0 0 0 0 0 0 0 0 0 0 0 0 0 0 0 0 0 0 0 0 0 0 0 0 0 0 0 0 0 0 0 0 0 0 0 0 0 0 0 0 0 0 0 0 0 0 0 0 0 0 0 0 0 0 0 0 0 0 0 0 0 0 0 0 0 0 0 0 0 0 0 0 0 0
ctxt 5397475000
btime 1790630938
processes 1086657
procs_running 1
procs_blocked 0
softirq 4830798525 73526 13683274 2753177 396871227 564959 0 13560433 55467413 421 52856799
