Running 10s test @ http://127.0.0.1:18500/usleep?ms=10
  16 threads and 32 connections
  Thread Stats   Avg      Stdev     Max   +/- Stdev
    Latency   161.80ms   12.23ms 246.87ms   98.52%
    Req/Sec    12.95      4.60    20.00     69.81%
  Latency Distribution
     50%  166.15ms
     75%  171.90ms
     90%  171.96ms
     99%  172.24ms
  1963 requests in 10.01s, 231.96KB read
Requests/sec:    196.07
Transfer/sec:     23.17KB
## server-stat
cpu  3817151 1715 1707869 52144975 481468 0 816869 0 0 0
cpu0 143750 31 49187 1631997 6270 0 27028 0 0 0
cpu1 144697 35 50067 1635912 7678 0 26163 0 0 0
cpu2 148538 35 50348 1632769 7740 0 26240 0 0 0
cpu3 235241 36 72980 1508019 4989 0 43115 0 0 0
cpu4 236843 41 71570 1508160 6297 0 43510 0 0 0
cpu5 154338 40 52022 1624215 8544 0 27152 0 0 0
cpu6 155310 35 52472 1622443 8733 0 28254 0 0 0
cpu7 161733 34 55710 1610889 8319 0 30915 0 0 0
cpu8 41743 64 44678 1705806 17972 0 13662 0 0 0
cpu9 48009 71 47950 1679888 21822 0 14906 0 0 0
cpu10 45460 70 46266 1688654 19787 0 14701 0 0 0
cpu11 41451 65 42062 1710093 18165 0 13061 0 0 0
cpu12 85967 146 52218 1633189 24077 0 16189 0 0 0
cpu13 82230 76 53214 1632102 25370 0 16554 0 0 0
cpu14 41345 64 41568 1713313 17229 0 12811 0 0 0
cpu15 38315 67 38149 1727565 17450 0 11626 0 0 0
cpu16 191593 30 60805 1571507 8929 0 34556 0 0 0
cpu17 180793 29 59024 1582850 11185 0 33110 0 0 0
cpu18 169556 29 57401 1597216 10896 0 32275 0 0 0
cpu19 316612 27 88763 1402241 5070 0 53575 0 0 0
cpu20 277884 26 82002 1448507 8125 0 50492 0 0 0
cpu21 164960 32 56555 1601217 12619 0 31519 0 0 0
cpu22 152975 35 53975 1617554 12362 0 29359 0 0 0
cpu23 132784 34 48320 1650002 11670 0 24767 0 0 0
cpu24 44720 67 43050 1706905 21110 0 13760 0 0 0
cpu25 50091 67 48030 1681311 23758 0 16276 0 0 0
cpu26 47831 61 46839 1688243 22804 0 15817 0 0 0
cpu27 40414 52 41769 1699588 21180 0 21626 0 0 0
cpu28 77626 86 55938 1620570 26405 0 28937 0 0 0
cpu29 81595 122 57965 1609062 26875 0 29493 0 0 0
cpu30 39768 47 43389 1693786 18989 0 21637 0 0 0
cpu31 42967 48 43568 1709385 19033 0 13767 0 0 0
intr 3387916002 126 0 0 0 0 0 0 0 0 1 0 0 0 0 0 0 0 0 0 0 0 0 0 0 0 0 0 1 1 1 0 0 0 0 1 0 1 0 0 75045 0 0 0 0 0 0 0 0 411 0 0 0 0 0 0 0 0 87 0 0 0 0 0 0 0 0 0 0 0 0 0 0 0 536033 2 35063440 35001322 34916251 35060366 0 15408 13322 16362 15639 9715 12125 15961 16778 13275 46179 62135 49996 42407 64033 61021 37668 34330 16784 18715 22193 9006 14975 20773 20438 17731 44401 56404 52791 41962 64786 67947 38905 39287 0 0 0 0 617265 4593 1036 0 264 0 0 0 0 0 0 0 0 0 0 0 0 0 0 0 0 0 0 0 0 0 0 0 0 0 0 0 0 0 0 0 0 0 0 0 0 0 0 0 0 0 0 0 0 0 0 0 0 0 0 0 0 0 0 0 0 0 0 0 0 0 0 0 0 0 0 0 0 0 0 0 0 0 0 0 0 0 0 0 0 0 0 0 0 0 0 0 0 0 0 0 0 0 0 0 0 0 0 0 0 0 0 0 0 0 0 0 0 0 0 0 0 0 0 0 0 0 0 0 0 0 0 0 0 0 0 0 0 0 0 0 0 0 0 0 0 0 0 0 0 0 0 0 0 0 0 0 0 0 0 0 0 0 0 0 0 0 0 0 0 0 0 0 0 0 0 0 0 0 0 0 0 0 0 0 0 0 0 0 0 0 0 0 0 0 0 0 0 0 0 0 0 0 0 0 0 0 0 0 0 0 0 0 0 0 0 0 0 0 0 0 0 0 0 0 0 0 0 0 0 0 0 0 0 0 0 0 0 0 0 0 0 0 0 0 0 0 0 0 0 0 0 0 0 0 0 0 0 0 0 0 0 0 0 0 0 0 0 0 0 0 0 0 0 0 0 0 0 0 0 0 0 0 0 0 0 0 0 0 0 0 0 0 0 0 0 0 0 0 0 0 0 0 0 0 0 0 0 0 0 0 0 0 0 0 0 0 0 0 0 0 0 0 0 0 0 0 0 0 0 0 0 0 0 0 0 0 0 0 0 0 0 0 0 0 0 0 0 0 0 0 0 0 0 0 0 0 0 0 0 0 0 0 0 0 0 0 0 0 0 0 0 0 0 0 0 0 0 0 0 0 0 0 0 0 0 0 0 0 0 0 0 0 0 0 0 0 0 0 0 0 0 0 0 0 0 0 0 0 0 0 0 0 0 0 0 0 0 0 0 0 0 0 0 0 0 0 0 0 0 0 0 0 0 0 0 0 0 0 0 0 0 0 0 0 0 0 0 0 0 0 0 0 0 0 0 0 0 0 0 0 0 0 0 0 0 0 0 0 0 0 0 0 0 0 0 0 0 0 0 0 0 0 0 0 0 0 0 0 0 0 0 0 0 0 0 0 0 0 0 0 0 0 0 0 0 0 0 0 0 0 0 0 0 0 0 0 0 0 0 0 0 0 0 0 0 0 0 0 0 0 0 0 0 0 0 0 0 0 0 0 0 0 0 0 0 0 0 0 0 0 0 0 0 0 0 0 0 0 0 0 0 0 0 0 0 0 0 0 0 0 0 0 0 0 0 0 0 0 0 0 0 0 0 0 0 0 0 0 0 0 0 0 0 0 0 0 0 0 0 0 0 0 0 0 0 0 0 0 0 0 0 0 0 0 0 0 0 0 0 0 0 0 0 0 0 0 0 0 0 0 0 0 0 0 0 0 0 0 0 0 0 0 0 0 0 0 0 0 0 0 0 0 0 0 0 0 0 0 0 0 0 0 0 0 0 0 0 0 0 0 0 0 0 0 0 0 0 0 0 0 0 0 0 0 0 0 0 0 0 0 0 0 0 0 0 0 0 0 0 0 0 0 0 0 0 0 0 0 0 0 0 0 0 0 0 0 0 0 0 0 0 0 0 0 0 0 0 0 0 0 0 0 0 0 0 0 0 0 0 0 0 0 0 0 0 0 0 0 0 0 0 0 0 0 0 0 0 0 0 0 0 0 0 0 0 0 0 0 0 0 0 0 0 0 0 0 0 0 0 0 0 0 0 0 0 0 0 0 0 0 0 0 0 0 0 0 0 0 0 0 0 0 0 0 0 0 0 0 0 0 0 0 0 0 0 0 0 0 0 0 0 0 0 0 0 0 0 0 0 0 0 0 0 0 0 0 0 0 0 0 0 0 0 0 0 0 0 0 0 0 0 0 0 0 0 0 0 0 0 0 0 0 0 0 0 0 0 0 0 0 0 0 0 0 0 0 0 0 0 0 0 0 0 0 0 0 0 0 0 0 0 0 0 0 0 0 0 0 0 0 0 0 0 0 0 0 0 0 0 0 0 0 0 0 0 0 0 0 0 0 0 0 0 0 0 0 0 0 0 0 0 0 0 0 0 0 0 0 0 0 0 0 0 0 0 0 0 0 0 0 0 0 0 0 0 0 0 0 0 0 0 0 0 0 0 0 0 0 0 0 0 0 0 0 0 0 0 0 0 0 0 0 0 0 0 0 0 0 0 0 0 0 0 0 0 0 0 0 0 0 0 0 0 0 0 0 0 0 0 0 0 0 0 0 0 0 0 0 0 0 0 0 0 0 0 0 0 0 0 0 0 0 0 0 0 0 0 0 0 0 0 0 0 0 0 0 0 0 0 0 0 0 0 0 0 0 0 0 0 0 0 0 0 0 0 0 0 0 0 0 0 0 0 0 0 0 0 0 0 0 0 0 0 0 0 0 0 0 0 0 0 0 0 0 0 0 0 0 0 0 0 0 0 0 0 0 0 0 0 0 0
ctxt 5383219515
btime 1790630938
processes 1052939
procs_running 1
procs_blocked 0
softirq 4823757097 73526 13581492 2753176 390708099 559373 0 13560407 55180446 421 52372861
--
cpu  3817232 1715 1707877 52170436 481483 0 816870 0 0 0
cpu0 143750 31 49188 1632796 6270 0 27028 0 0 0
cpu1 144697 35 50067 1636711 7678 0 26163 0 0 0
cpu2 148538 35 50349 1633568 7740 0 26240 0 0 0
cpu3 235247 36 72980 1508810 4989 0 43116 0 0 0
cpu4 236845 41 71570 1508956 6297 0 43510 0 0 0
cpu5 154338 40 52023 1625013 8544 0 27152 0 0 0
cpu6 155310 35 52472 1623241 8733 0 28254 0 0 0
cpu7 161733 34 55710 1611687 8320 0 30915 0 0 0
cpu8 41747 64 44678 1706602 17972 0 13662 0 0 0
cpu9 48010 71 47950 1680685 21822 0 14906 0 0 0
cpu10 45462 70 46267 1689451 19787 0 14701 0 0 0
cpu11 41452 65 42062 1710890 18165 0 13061 0 0 0
cpu12 85997 146 52220 1633955 24077 0 16189 0 0 0
cpu13 82242 76 53215 1632888 25370 0 16554 0 0 0
cpu14 41346 64 41569 1714110 17229 0 12811 0 0 0
cpu15 38316 67 38149 1728363 17450 0 11626 0 0 0
cpu16 191593 30 60805 1572306 8929 0 34556 0 0 0
cpu17 180793 29 59024 1583649 11185 0 33110 0 0 0
cpu18 169556 29 57401 1598015 10896 0 32275 0 0 0
cpu19 316612 27 88763 1403040 5070 0 53575 0 0 0
cpu20 277884 26 82002 1449306 8125 0 50492 0 0 0
cpu21 164960 32 56555 1602017 12619 0 31519 0 0 0
cpu22 152975 35 53975 1618353 12362 0 29359 0 0 0
cpu23 132784 34 48320 1650801 11670 0 24767 0 0 0
cpu24 44721 67 43051 1707703 21110 0 13760 0 0 0
cpu25 50093 67 48030 1682107 23758 0 16276 0 0 0
cpu26 47831 61 46840 1689042 22804 0 15817 0 0 0
cpu27 40414 52 41769 1700387 21180 0 21626 0 0 0
cpu28 77637 86 55939 1621356 26405 0 28938 0 0 0
cpu29 81598 122 57965 1609843 26889 0 29493 0 0 0
cpu30 39768 47 43389 1694585 18989 0 21637 0 0 0
cpu31 42967 48 43568 1710183 19033 0 13767 0 0 0
intr 3388006207 126 0 0 0 0 0 0 0 0 1 0 0 0 0 0 0 0 0 0 0 0 0 0 0 0 0 0 1 1 1 0 0 0 0 1 0 1 0 0 75045 0 0 0 0 0 0 0 0 411 0 0 0 0 0 0 0 0 87 0 0 0 0 0 0 0 0 0 0 0 0 0 0 0 536172 2 35063458 35001328 34916303 35060410 0 15412 13322 16362 15639 9715 12125 15962 16778 13275 46179 62136 49996 42407 64033 61021 37671 34330 16784 18715 22193 9006 14975 20773 20438 17731 44401 56404 52791 41962 64786 67947 38905 39287 0 0 0 0 617265 4593 1036 0 264 0 0 0 0 0 0 0 0 0 0 0 0 0 0 0 0 0 0 0 0 0 0 0 0 0 0 0 0 0 0 0 0 0 0 0 0 0 0 0 0 0 0 0 0 0 0 0 0 0 0 0 0 0 0 0 0 0 0 0 0 0 0 0 0 0 0 0 0 0 0 0 0 0 0 0 0 0 0 0 0 0 0 0 0 0 0 0 0 0 0 0 0 0 0 0 0 0 0 0 0 0 0 0 0 0 0 0 0 0 0 0 0 0 0 0 0 0 0 0 0 0 0 0 0 0 0 0 0 0 0 0 0 0 0 0 0 0 0 0 0 0 0 0 0 0 0 0 0 0 0 0 0 0 0 0 0 0 0 0 0 0 0 0 0 0 0 0 0 0 0 0 0 0 0 0 0 0 0 0 0 0 0 0 0 0 0 0 0 0 0 0 0 0 0 0 0 0 0 0 0 0 0 0 0 0 0 0 0 0 0 0 0 0 0 0 0 0 0 0 0 0 0 0 0 0 0 0 0 0 0 0 0 0 0 0 0 0 0 0 0 0 0 0 0 0 0 0 0 0 0 0 0 0 0 0 0 0 0 0 0 0 0 0 0 0 0 0 0 0 0 0 0 0 0 0 0 0 0 0 0 0 0 0 0 0 0 0 0 0 0 0 0 0 0 0 0 0 0 0 0 0 0 0 0 0 0 0 0 0 0 0 0 0 0 0 0 0 0 0 0 0 0 0 0 0 0 0 0 0 0 0 0 0 0 0 0 0 0 0 0 0 0 0 0 0 0 0 0 0 0 0 0 0 0 0 0 0 0 0 0 0 0 0 0 0 0 0 0 0 0 0 0 0 0 0 0 0 0 0 0 0 0 0 0 0 0 0 0 0 0 0 0 0 0 0 0 0 0 0 0 0 0 0 0 0 0 0 0 0 0 0 0 0 0 0 0 0 0 0 0 0 0 0 0 0 0 0 0 0 0 0 0 0 0 0 0 0 0 0 0 0 0 0 0 0 0 0 0 0 0 0 0 0 0 0 0 0 0 0 0 0 0 0 0 0 0 0 0 0 0 0 0 0 0 0 0 0 0 0 0 0 0 0 0 0 0 0 0 0 0 0 0 0 0 0 0 0 0 0 0 0 0 0 0 0 0 0 0 0 0 0 0 0 0 0 0 0 0 0 0 0 0 0 0 0 0 0 0 0 0 0 0 0 0 0 0 0 0 0 0 0 0 0 0 0 0 0 0 0 0 0 0 0 0 0 0 0 0 0 0 0 0 0 0 0 0 0 0 0 0 0 0 0 0 0 0 0 0 0 0 0 0 0 0 0 0 0 0 0 0 0 0 0 0 0 0 0 0 0 0 0 0 0 0 0 0 0 0 0 0 0 0 0 0 0 0 0 0 0 0 0 0 0 0 0 0 0 0 0 0 0 0 0 0 0 0 0 0 0 0 0 0 0 0 0 0 0 0 0 0 0 0 0 0 0 0 0 0 0 0 0 0 0 0 0 0 0 0 0 0 0 0 0 0 0 0 0 0 0 0 0 0 0 0 0 0 0 0 0 0 0 0 0 0 0 0 0 0 0 0 0 0 0 0 0 0 0 0 0 0 0 0 0 0 0 0 0 0 0 0 0 0 0 0 0 0 0 0 0 0 0 0 0 0 0 0 0 0 0 0 0 0 0 0 0 0 0 0 0 0 0 0 0 0 0 0 0 0 0 0 0 0 0 0 0 0 0 0 0 0 0 0 0 0 0 0 0 0 0 0 0 0 0 0 0 0 0 0 0 0 0 0 0 0 0 0 0 0 0 0 0 0 0 0 0 0 0 0 0 0 0 0 0 0 0 0 0 0 0 0 0 0 0 0 0 0 0 0 0 0 0 0 0 0 0 0 0 0 0 0 0 0 0 0 0 0 0 0 0 0 0 0 0 0 0 0 0 0 0 0 0 0 0 0 0 0 0 0 0 0 0 0 0 0 0 0 0 0 0 0 0 0 0 0 0 0 0 0 0 0 0 0 0 0 0 0 0 0 0 0 0 0 0 0 0 0 0 0 0 0 0 0 0 0 0 0 0 0 0 0 0 0 0 0 0 0 0 0 0 0 0 0 0 0 0 0 0 0 0 0 0 0 0 0 0 0 0 0 0 0 0 0 0 0 0 0 0 0 0 0 0 0 0 0 0 0 0 0 0 0 0 0 0 0 0 0 0 0 0 0 0 0 0 0 0 0 0 0 0 0 0 0 0 0 0 0 0 0 0 0 0 0 0 0 0 0 0 0 0 0 0 0 0 0 0 0 0 0 0 0 0 0 0 0 0 0 0 0 0 0 0 0 0 0 0 0 0 0 0 0 0 0 0 0 0 0 0 0 0 0 0 0 0 0 0 0 0 0 0 0 0 0 0 0 0 0 0 0 0 0 0 0 0 0 0 0 0 0 0 0 0 0 0 0 0 0 0 0 0 0 0 0 0 0 0 0 0 0 0 0 0 0
ctxt 5383352846
btime 1790630938
processes 1052983
procs_running 1
procs_blocked 0
softirq 4823777328 73526 13586364 2753176 390712477 559517 0 13560407 55185947 421 52378197
