Running 10s test @ http://127.0.0.1:18500/counter
  16 threads and 32 connections
  Thread Stats   Avg      Stdev     Max   +/- Stdev
    Latency    23.03ms   11.79ms  97.74ms   89.99%
    Req/Sec    91.19     18.18   161.00     79.43%
  Latency Distribution
     50%   20.36ms
     75%   22.18ms
     90%   34.28ms
     99%   75.60ms
  14637 requests in 10.10s, 15.83MB read
Requests/sec:   1449.12
Transfer/sec:      1.57MB
## server-stat
cpu  4290579 1884 1804668 57677655 700768 0 846999 0 0 0
cpu0 164291 33 53076 1802185 8346 0 28437 0 0 0
cpu1 166868 38 53992 1804989 10289 0 27556 0 0 0
cpu2 173945 38 54354 1798023 10940 0 27788 0 0 0
cpu3 270632 39 78619 1662256 7006 0 44964 0 0 0
cpu4 266186 45 76113 1670051 8688 0 44812 0 0 0
cpu5 175730 44 55951 1793361 12230 0 28582 0 0 0
cpu6 177002 39 55976 1791122 13123 0 29511 0 0 0
cpu7 183572 38 59464 1778656 12940 0 32602 0 0 0
cpu8 42359 70 45971 1892219 27155 0 13973 0 0 0
cpu9 48929 79 49370 1864547 31670 0 15260 0 0 0
cpu10 46160 77 47625 1873930 29510 0 15022 0 0 0
cpu11 42010 73 43282 1896414 27768 0 13328 0 0 0
cpu12 89859 154 54039 1813733 34090 0 16644 0 0 0
cpu13 86015 85 55125 1812024 35753 0 17024 0 0 0
cpu14 41975 71 42862 1900207 25891 0 13098 0 0 0
cpu15 38785 76 39303 1914909 26414 0 11873 0 0 0
cpu16 226595 32 65918 1726677 11651 0 36394 0 0 0
cpu17 211898 32 63729 1741297 14907 0 34759 0 0 0
cpu18 195208 32 61603 1760905 15614 0 33624 0 0 0
cpu19 359977 28 95330 1548666 6665 0 55275 0 0 0
cpu20 322786 28 88816 1592284 10304 0 52570 0 0 0
cpu21 194097 35 60965 1761005 17735 0 32905 0 0 0
cpu22 177256 38 58213 1781716 17976 0 30869 0 0 0
cpu23 152375 37 51965 1819492 17507 0 25820 0 0 0
cpu24 45479 76 44393 1892099 31647 0 14048 0 0 0
cpu25 51007 72 49518 1865242 34731 0 16648 0 0 0
cpu26 48648 69 48290 1872551 33720 0 16162 0 0 0
cpu27 41080 59 43102 1884870 31836 0 21909 0 0 0
cpu28 80967 94 57897 1800346 37729 0 29449 0 0 0
cpu29 84849 130 60052 1787633 39098 0 30037 0 0 0
cpu30 40426 53 44803 1879211 28717 0 21964 0 0 0
cpu31 43601 56 44937 1895019 29104 0 14080 0 0 0
intr 3542688592 126 0 0 0 0 0 0 0 0 1 0 0 0 0 0 0 0 0 0 0 0 0 0 0 0 0 0 1 1 1 0 0 0 0 1 0 1 0 0 75045 0 0 0 0 0 0 0 0 411 0 0 0 0 0 0 0 0 87 0 0 0 0 0 0 0 0 0 0 0 0 0 0 0 617217 2 35072148 35006274 34922454 35069217 0 17014 16746 20937 21256 12935 16517 21888 22645 19958 59146 83093 66122 55714 93504 85198 49036 45772 21751 25323 29847 12086 19320 28415 28752 24425 62111 77225 69672 56546 89729 97557 50722 51512 0 0 0 0 617401 4766 1036 0 264 0 0 0 0 0 0 0 0 0 0 0 0 0 0 0 0 0 0 0 0 0 0 0 0 0 0 0 0 0 0 0 0 0 0 0 0 0 0 0 0 0 0 0 0 0 0 0 0 0 0 0 0 0 0 0 0 0 0 0 0 0 0 0 0 0 0 0 0 0 0 0 0 0 0 0 0 0 0 0 0 0 0 0 0 0 0 0 0 0 0 0 0 0 0 0 0 0 0 0 0 0 0 0 0 0 0 0 0 0 0 0 0 0 0 0 0 0 0 0 0 0 0 0 0 0 0 0 0 0 0 0 0 0 0 0 0 0 0 0 0 0 0 0 0 0 0 0 0 0 0 0 0 0 0 0 0 0 0 0 0 0 0 0 0 0 0 0 0 0 0 0 0 0 0 0 0 0 0 0 0 0 0 0 0 0 0 0 0 0 0 0 0 0 0 0 0 0 0 0 0 0 0 0 0 0 0 0 0 0 0 0 0 0 0 0 0 0 0 0 0 0 0 0 0 0 0 0 0 0 0 0 0 0 0 0 0 0 0 0 0 0 0 0 0 0 0 0 0 0 0 0 0 0 0 0 0 0 0 0 0 0 0 0 0 0 0 0 0 0 0 0 0 0 0 0 0 0 0 0 0 0 0 0 0 0 0 0 0 0 0 0 0 0 0 0 0 0 0 0 0 0 0 0 0 0 0 0 0 0 0 0 0 0 0 0 0 0 0 0 0 0 0 0 0 0 0 0 0 0 0 0 0 0 0 0 0 0 0 0 0 0 0 0 0 0 0 0 0 0 0 0 0 0 0 0 0 0 0 0 0 0 0 0 0 0 0 0 0 0 0 0 0 0 0 0 0 0 0 0 0 0 0 0 0 0 0 0 0 0 0 0 0 0 0 0 0 0 0 0 0 0 0 0 0 0 0 0 0 0 0 0 0 0 0 0 0 0 0 0 0 0 0 0 0 0 0 0 0 0 0 0 0 0 0 0 0 0 0 0 0 0 0 0 0 0 0 0 0 0 0 0 0 0 0 0 0 0 0 0 0 0 0 0 0 0 0 0 0 0 0 0 0 0 0 0 0 0 0 0 0 0 0 0 0 0 0 0 0 0 0 0 0 0 0 0 0 0 0 0 0 0 0 0 0 0 0 0 0 0 0 0 0 0 0 0 0 0 0 0 0 0 0 0 0 0 0 0 0 0 0 0 0 0 0 0 0 0 0 0 0 0 0 0 0 0 0 0 0 0 0 0 0 0 0 0 0 0 0 0 0 0 0 0 0 0 0 0 0 0 0 0 0 0 0 0 0 0 0 0 0 0 0 0 0 0 0 0 0 0 0 0 0 0 0 0 0 0 0 0 0 0 0 0 0 0 0 0 0 0 0 0 0 0 0 0 0 0 0 0 0 0 0 0 0 0 0 0 0 0 0 0 0 0 0 0 0 0 0 0 0 0 0 0 0 0 0 0 0 0 0 0 0 0 0 0 0 0 0 0 0 0 0 0 0 0 0 0 0 0 0 0 0 0 0 0 0 0 0 0 0 0 0 0 0 0 0 0 0 0 0 0 0 0 0 0 0 0 0 0 0 0 0 0 0 0 0 0 0 0 0 0 0 0 0 0 0 0 0 0 0 0 0 0 0 0 0 0 0 0 0 0 0 0 0 0 0 0 0 0 0 0 0 0 0 0 0 0 0 0 0 0 0 0 0 0 0 0 0 0 0 0 0 0 0 0 0 0 0 0 0 0 0 0 0 0 0 0 0 0 0 0 0 0 0 0 0 0 0 0 0 0 0 0 0 0 0 0 0 0 0 0 0 0 0 0 0 0 0 0 0 0 0 0 0 0 0 0 0 0 0 0 0 0 0 0 0 0 0 0 0 0 0 0 0 0 0 0 0 0 0 0 0 0 0 0 0 0 0 0 0 0 0 0 0 0 0 0 0 0 0 0 0 0 0 0 0 0 0 0 0 0 0 0 0 0 0 0 0 0 0 0 0 0 0 0 0 0 0 0 0 0 0 0 0 0 0 0 0 0 0 0 0 0 0 0 0 0 0 0 0 0 0 0 0 0 0 0 0 0 0 0 0 0 0 0 0 0 0 0 0 0 0 0 0 0 0 0 0 0 0 0 0 0 0 0 0 0 0 0 0 0 0 0 0 0 0 0 0 0 0 0 0 0 0 0 0 0 0 0 0 0 0 0 0 0 0 0 0 0 0 0 0 0 0 0 0 0 0 0 0 0 0 0 0 0 0 0 0 0 0 0 0 0 0 0 0 0 0 0 0 0 0 0 0 0 0 0 0 0 0 0 0 0 0 0 0 0 0 0 0 0 0 0 0 0 0 0 0 0 0 0 0 0 0 0 0 0 0 0 0 0 0 0 0 0 0 0 0 0 0 0 0 0 0 0 0 0 0 0 0 0 0 0 0 0 0 0 0 0 0 0 0 0 0 0 0 0 0 0 0 0 0 0 0 0 0 0 0 0 0 0 0
ctxt 5651275379
btime 1790630938
processes 1381971
procs_running 3
procs_blocked 1
softirq 5010226979 73526 15256327 2753290 560995954 643130 0 13560896 59515808 421 62460331
--
cpu  4291540 1884 1804808 57699949 702864 0 847006 0 0 0
cpu0 164337 33 53083 1802901 8367 0 28440 0 0 0
cpu1 166883 38 53995 1805739 10317 0 27556 0 0 0
cpu2 173959 38 54356 1798769 10976 0 27788 0 0 0
cpu3 270749 39 78634 1662918 7011 0 44964 0 0 0
cpu4 266357 45 76130 1670625 8724 0 44812 0 0 0
cpu5 175735 44 55952 1794120 12263 0 28582 0 0 0
cpu6 177005 39 55977 1791882 13156 0 29511 0 0 0
cpu7 183574 38 59466 1779427 12963 0 32602 0 0 0
cpu8 42359 71 45973 1892919 27250 0 13973 0 0 0
cpu9 48930 79 49372 1865229 31781 0 15260 0 0 0
cpu10 46160 77 47627 1874592 29642 0 15022 0 0 0
cpu11 42011 73 43284 1897135 27842 0 13328 0 0 0
cpu12 89868 154 54042 1814427 34180 0 16644 0 0 0
cpu13 86023 85 55128 1812727 35836 0 17024 0 0 0
cpu14 41976 71 42863 1900931 25961 0 13098 0 0 0
cpu15 38785 76 39305 1915644 26475 0 11873 0 0 0
cpu16 226605 32 65920 1727440 11672 0 36394 0 0 0
cpu17 211907 32 63730 1742067 14924 0 34759 0 0 0
cpu18 195210 32 61604 1761671 15640 0 33624 0 0 0
cpu19 360431 28 95373 1548961 6668 0 55275 0 0 0
cpu20 322841 28 88824 1592990 10334 0 52570 0 0 0
cpu21 194098 35 60966 1761766 17770 0 32905 0 0 0
cpu22 177256 38 58214 1782468 18020 0 30869 0 0 0
cpu23 152376 37 51966 1820254 17541 0 25820 0 0 0
cpu24 45479 76 44394 1892782 31759 0 14048 0 0 0
cpu25 51008 72 49520 1865900 34867 0 16648 0 0 0
cpu26 48649 69 48292 1873238 33827 0 16163 0 0 0
cpu27 41080 59 43104 1885556 31946 0 21909 0 0 0
cpu28 80977 94 57901 1800961 37893 0 29449 0 0 0
cpu29 84873 130 60057 1788262 39235 0 30037 0 0 0
cpu30 40427 53 44804 1879916 28807 0 21964 0 0 0
cpu31 43601 56 44939 1895715 29203 0 14080 0 0 0
intr 3542914654 126 0 0 0 0 0 0 0 0 1 0 0 0 0 0 0 0 0 0 0 0 0 0 0 0 0 0 1 1 1 0 0 0 0 1 0 1 0 0 75045 0 0 0 0 0 0 0 0 411 0 0 0 0 0 0 0 0 87 0 0 0 0 0 0 0 0 0 0 0 0 0 0 0 618022 2 35072180 35006305 34922467 35069225 0 17022 16860 21025 21389 12964 16596 22011 22851 20114 59581 83768 66869 56182 93994 85794 49482 46155 21842 25395 30016 12097 19404 28591 28973 24607 62713 78097 70243 57075 90403 98334 51176 51981 0 0 0 0 617401 4766 1036 0 264 0 0 0 0 0 0 0 0 0 0 0 0 0 0 0 0 0 0 0 0 0 0 0 0 0 0 0 0 0 0 0 0 0 0 0 0 0 0 0 0 0 0 0 0 0 0 0 0 0 0 0 0 0 0 0 0 0 0 0 0 0 0 0 0 0 0 0 0 0 0 0 0 0 0 0 0 0 0 0 0 0 0 0 0 0 0 0 0 0 0 0 0 0 0 0 0 0 0 0 0 0 0 0 0 0 0 0 0 0 0 0 0 0 0 0 0 0 0 0 0 0 0 0 0 0 0 0 0 0 0 0 0 0 0 0 0 0 0 0 0 0 0 0 0 0 0 0 0 0 0 0 0 0 0 0 0 0 0 0 0 0 0 0 0 0 0 0 0 0 0 0 0 0 0 0 0 0 0 0 0 0 0 0 0 0 0 0 0 0 0 0 0 0 0 0 0 0 0 0 0 0 0 0 0 0 0 0 0 0 0 0 0 0 0 0 0 0 0 0 0 0 0 0 0 0 0 0 0 0 0 0 0 0 0 0 0 0 0 0 0 0 0 0 0 0 0 0 0 0 0 0 0 0 0 0 0 0 0 0 0 0 0 0 0 0 0 0 0 0 0 0 0 0 0 0 0 0 0 0 0 0 0 0 0 0 0 0 0 0 0 0 0 0 0 0 0 0 0 0 0 0 0 0 0 0 0 0 0 0 0 0 0 0 0 0 0 0 0 0 0 0 0 0 0 0 0 0 0 0 0 0 0 0 0 0 0 0 0 0 0 0 0 0 0 0 0 0 0 0 0 0 0 0 0 0 0 0 0 0 0 0 0 0 0 0 0 0 0 0 0 0 0 0 0 0 0 0 0 0 0 0 0 0 0 0 0 0 0 0 0 0 0 0 0 0 0 0 0 0 0 0 0 0 0 0 0 0 0 0 0 0 0 0 0 0 0 0 0 0 0 0 0 0 0 0 0 0 0 0 0 0 0 0 0 0 0 0 0 0 0 0 0 0 0 0 0 0 0 0 0 0 0 0 0 0 0 0 0 0 0 0 0 0 0 0 0 0 0 0 0 0 0 0 0 0 0 0 0 0 0 0 0 0 0 0 0 0 0 0 0 0 0 0 0 0 0 0 0 0 0 0 0 0 0 0 0 0 0 0 0 0 0 0 0 0 0 0 0 0 0 0 0 0 0 0 0 0 0 0 0 0 0 0 0 0 0 0 0 0 0 0 0 0 0 0 0 0 0 0 0 0 0 0 0 0 0 0 0 0 0 0 0 0 0 0 0 0 0 0 0 0 0 0 0 0 0 0 0 0 0 0 0 0 0 0 0 0 0 0 0 0 0 0 0 0 0 0 0 0 0 0 0 0 0 0 0 0 0 0 0 0 0 0 0 0 0 0 0 0 0 0 0 0 0 0 0 0 0 0 0 0 0 0 0 0 0 0 0 0 0 0 0 0 0 0 0 0 0 0 0 0 0 0 0 0 0 0 0 0 0 0 0 0 0 0 0 0 0 0 0 0 0 0 0 0 0 0 0 0 0 0 0 0 0 0 0 0 0 0 0 0 0 0 0 0 0 0 0 0 0 0 0 0 0 0 0 0 0 0 0 0 0 0 0 0 0 0 0 0 0 0 0 0 0 0 0 0 0 0 0 0 0 0 0 0 0 0 0 0 0 0 0 0 0 0 0 0 0 0 0 0 0 0 0 0 0 0 0 0 0 0 0 0 0 0 0 0 0 0 0 0 0 0 0 0 0 0 0 0 0 0 0 0 0 0 0 0 0 0 0 0 0 0 0 0 0 0 0 0 0 0 0 0 0 0 0 0 0 0 0 0 0 0 0 0 0 0 0 0 0 0 0 0 0 0 0 0 0 0 0 0 0 0 0 0 0 0 0 0 0 0 0 0 0 0 0 0 0 0 0 0 0 0 0 0 0 0 0 0 0 0 0 0 0 0 0 0 0 0 0 0 0 0 0 0 0 0 0 0 0 0 0 0 0 0 0 0 0 0 0 0 0 0 0 0 0 0 0 0 0 0 0 0 0 0 0 0 0 0 0 0 0 0 0 0 0 0 0 0 0 0 0 0 0 0 0 0 0 0 0 0 0 0 0 0 0 0 0 0 0 0 0 0 0 0 0 0 0 0 0 0 0 0 0 0 0 0 0 0 0 0 0 0 0 0 0 0 0 0 0 0 0 0 0 0 0 0 0 0 0 0 0 0 0 0 0 0 0 0 0 0 0 0 0 0 0 0 0 0 0 0 0 0 0 0 0 0 0 0 0 0 0 0 0 0 0 0 0 0 0 0 0 0 0 0 0 0 0 0 0 0 0 0 0 0 0 0 0 0 0 0 0 0 0 0 0 0 0 0 0 0 0 0 0 0 0 0 0 0 0 0 0 0 0 0 0 0 0 0 0 0 0 0 0 0 0 0 0 0 0 0 0 0 0 0 0 0 0 0 0 0 0 0 0 0 0 0 0 0 0 0 0
ctxt 5651650118
btime 1790630938
processes 1382048
procs_running 3
procs_blocked 3
softirq 5010277854 73526 15260768 2753290 561020359 643950 0 13560896 59528896 421 62468452
