Running 10s test @ http://127.0.0.1:18500/wait
  16 threads and 256 connections
  Thread Stats   Avg      Stdev     Max   +/- Stdev
    Latency    10.13ms  308.26us  11.49ms   89.86%
    Req/Sec     1.59k    22.15     1.63k    82.68%
  Latency Distribution
     50%   10.20ms
     75%   10.24ms
     90%   10.28ms
     99%   10.41ms
  253418 requests in 10.09s, 31.66MB read
Requests/sec:  25121.82
Transfer/sec:      3.14MB
## server-stat
cpu  858360 341 501311 6545419 27972 0 190110 0 0 0
cpu0 27441 6 14690 206178 743 0 6394 0 0 0
cpu1 27709 8 14636 206675 554 0 6190 0 0 0
cpu2 28034 6 14564 206758 344 0 6104 0 0 0
cpu3 28613 7 14989 204935 1140 0 6169 0 0 0
cpu4 28857 6 14857 205302 658 0 6190 0 0 0
cpu5 28651 8 14771 205861 349 0 6113 0 0 0
cpu6 28241 6 14714 206307 330 0 6127 0 0 0
cpu7 27668 4 14510 207247 159 0 5996 0 0 0
cpu8 20062 9 15497 211286 941 0 4174 0 0 0
cpu9 21657 10 15729 208077 2162 0 4277 0 0 0
cpu10 21120 10 15839 209432 1126 0 4484 0 0 0
cpu11 20610 8 15807 210770 543 0 4413 0 0 0
cpu12 35001 77 16695 192886 2847 0 4597 0 0 0
cpu13 34003 10 16937 194332 2112 0 4740 0 0 0
cpu14 20891 8 15889 210372 767 0 4461 0 0 0
cpu15 20075 7 15013 212656 605 0 4064 0 0 0
cpu16 30837 4 15471 203127 330 0 6247 0 0 0
cpu17 30715 4 15443 202321 1183 0 6298 0 0 0
cpu18 30501 4 15330 203614 262 0 6241 0 0 0
cpu19 31372 5 15710 201841 588 0 6413 0 0 0
cpu20 31465 7 15665 201924 648 0 6374 0 0 0
cpu21 30306 4 15231 203601 495 0 6281 0 0 0
cpu22 29570 5 15321 202959 317 0 6244 0 0 0
cpu23 28690 7 15069 205384 270 0 6177 0 0 0
cpu24 22718 9 16792 207403 767 0 4795 0 0 0
cpu25 23876 9 17307 204510 1395 0 5096 0 0 0
cpu26 23403 8 17161 205518 1030 0 5075 0 0 0
cpu27 20500 4 15891 205488 974 0 8619 0 0 0
cpu28 31773 10 16866 192031 1614 0 9309 0 0 0
cpu29 32760 46 16868 191176 1305 0 9287 0 0 0
cpu30 19383 6 15580 206922 701 0 8439 0 0 0
cpu31 21841 6 16455 208511 697 0 4706 0 0 0
intr 604041540 126 0 0 0 0 0 0 0 0 1 0 0 0 0 0 0 0 0 0 0 0 0 0 0 0 0 0 1 1 1 0 0 0 0 1 0 1 0 0 75045 0 0 0 0 0 0 0 0 411 0 0 0 0 0 0 0 0 87 0 0 0 0 0 0 0 0 0 0 0 0 0 0 0 105746 2 10242536 10203501 10179286 10274184 0 2192 2222 2838 1467 3022 2616 2044 2516 1387 10046 17705 9701 8023 12645 14164 11053 7202 2658 1756 1401 2301 2181 1877 1504 1567 8738 6740 4750 5360 5954 5245 5823 7701 0 0 0 0 584128 2863 858 0 264 0 0 0 0 0 0 0 0 0 0 0 0 0 0 0 0 0 0 0 0 0 0 0 0 0 0 0 0 0 0 0 0 0 0 0 0 0 0 0 0 0 0 0 0 0 0 0 0 0 0 0 0 0 0 0 0 0 0 0 0 0 0 0 0 0 0 0 0 0 0 0 0 0 0 0 0 0 0 0 0 0 0 0 0 0 0 0 0 0 0 0 0 0 0 0 0 0 0 0 0 0 0 0 0 0 0 0 0 0 0 0 0 0 0 0 0 0 0 0 0 0 0 0 0 0 0 0 0 0 0 0 0 0 0 0 0 0 0 0 0 0 0 0 0 0 0 0 0 0 0 0 0 0 0 0 0 0 0 0 0 0 0 0 0 0 0 0 0 0 0 0 0 0 0 0 0 0 0 0 0 0 0 0 0 0 0 0 0 0 0 0 0 0 0 0 0 0 0 0 0 0 0 0 0 0 0 0 0 0 0 0 0 0 0 0 0 0 0 0 0 0 0 0 0 0 0 0 0 0 0 0 0 0 0 0 0 0 0 0 0 0 0 0 0 0 0 0 0 0 0 0 0 0 0 0 0 0 0 0 0 0 0 0 0 0 0 0 0 0 0 0 0 0 0 0 0 0 0 0 0 0 0 0 0 0 0 0 0 0 0 0 0 0 0 0 0 0 0 0 0 0 0 0 0 0 0 0 0 0 0 0 0 0 0 0 0 0 0 0 0 0 0 0 0 0 0 0 0 0 0 0 0 0 0 0 0 0 0 0 0 0 0 0 0 0 0 0 0 0 0 0 0 0 0 0 0 0 0 0 0 0 0 0 0 0 0 0 0 0 0 0 0 0 0 0 0 0 0 0 0 0 0 0 0 0 0 0 0 0 0 0 0 0 0 0 0 0 0 0 0 0 0 0 0 0 0 0 0 0 0 0 0 0 0 0 0 0 0 0 0 0 0 0 0 0 0 0 0 0 0 0 0 0 0 0 0 0 0 0 0 0 0 0 0 0 0 0 0 0 0 0 0 0 0 0 0 0 0 0 0 0 0 0 0 0 0 0 0 0 0 0 0 0 0 0 0 0 0 0 0 0 0 0 0 0 0 0 0 0 0 0 0 0 0 0 0 0 0 0 0 0 0 0 0 0 0 0 0 0 0 0 0 0 0 0 0 0 0 0 0 0 0 0 0 0 0 0 0 0 0 0 0 0 0 0 0 0 0 0 0 0 0 0 0 0 0 0 0 0 0 0 0 0 0 0 0 0 0 0 0 0 0 0 0 0 0 0 0 0 0 0 0 0 0 0 0 0 0 0 0 0 0 0 0 0 0 0 0 0 0 0 0 0 0 0 0 0 0 0 0 0 0 0 0 0 0 0 0 0 0 0 0 0 0 0 0 0 0 0 0 0 0 0 0 0 0 0 0 0 0 0 0 0 0 0 0 0 0 0 0 0 0 0 0 0 0 0 0 0 0 0 0 0 0 0 0 0 0 0 0 0 0 0 0 0 0 0 0 0 0 0 0 0 0 0 0 0 0 0 0 0 0 0 0 0 0 0 0 0 0 0 0 0 0 0 0 0 0 0 0 0 0 0 0 0 0 0 0 0 0 0 0 0 0 0 0 0 0 0 0 0 0 0 0 0 0 0 0 0 0 0 0 0 0 0 0 0 0 0 0 0 0 0 0 0 0 0 0 0 0 0 0 0 0 0 0 0 0 0 0 0 0 0 0 0 0 0 0 0 0 0 0 0 0 0 0 0 0 0 0 0 0 0 0 0 0 0 0 0 0 0 0 0 0 0 0 0 0 0 0 0 0 0 0 0 0 0 0 0 0 0 0 0 0 0 0 0 0 0 0 0 0 0 0 0 0 0 0 0 0 0 0 0 0 0 0 0 0 0 0 0 0 0 0 0 0 0 0 0 0 0 0 0 0 0 0 0 0 0 0 0 0 0 0 0 0 0 0 0 0 0 0 0 0 0 0 0 0 0 0 0 0 0 0 0 0 0 0 0 0 0 0 0 0 0 0 0 0 0 0 0 0 0 0 0 0 0 0 0 0 0 0 0 0 0 0 0 0 0 0 0 0 0 0 0 0 0 0 0 0 0 0 0 0 0 0 0 0 0 0 0 0 0 0 0 0 0 0 0 0 0 0 0 0 0 0 0 0 0 0 0 0 0 0 0 0 0 0 0 0 0 0 0 0 0 0 0 0 0 0 0 0 0 0 0 0 0 0 0 0 0 0 0 0 0 0 0 0 0 0 0 0 0 0 0 0 0 0 0 0 0 0 0 0 0 0 0 0 0 0 0 0 0 0 0 0 0 0 0 0 0 0 0 0 0 0 0 0 0 0 0 0 0 0 0 0 0 0 0 0 0 0 0 0 0 0 0 0 0 0 0 0 0 0 0 0 0 0 0 0 0 0 0 0 0 0 0 0 0 0 0 0 0 0 0 0 0 0 0 0 0 0 0 0 0 0 0 0 0 0 0 0
ctxt 799295152
btime 1790630938
processes 74462
procs_running 1
procs_blocked 0
softirq 920397350 73526 1508397 263795 895166932 110029 0 3043129 12359410 410 7871722
--
cpu  858475 342 501430 6570529 27986 0 190200 0 0 0
cpu0 27445 6 14698 206958 743 0 6412 0 0 0
cpu1 27714 8 14645 207456 554 0 6201 0 0 0
cpu2 28040 6 14574 207532 345 0 6113 0 0 0
cpu3 28620 7 15006 205697 1141 0 6181 0 0 0
cpu4 28863 6 14876 206052 669 0 6202 0 0 0
cpu5 28656 8 14779 206642 349 0 6118 0 0 0
cpu6 28242 6 14719 207099 330 0 6129 0 0 0
cpu7 27668 4 14512 208044 159 0 5997 0 0 0
cpu8 20064 9 15498 212076 941 0 4174 0 0 0
cpu9 21662 10 15730 208860 2162 0 4278 0 0 0
cpu10 21121 10 15840 210217 1126 0 4485 0 0 0
cpu11 20612 8 15808 211558 543 0 4413 0 0 0
cpu12 35012 77 16698 193659 2848 0 4598 0 0 0
cpu13 34025 10 16941 195095 2112 0 4742 0 0 0
cpu14 20894 8 15891 211158 767 0 4461 0 0 0
cpu15 20077 7 15013 213445 605 0 4065 0 0 0
cpu16 30839 4 15472 203923 330 0 6248 0 0 0
cpu17 30716 4 15443 203120 1183 0 6298 0 0 0
cpu18 30501 4 15330 204414 262 0 6241 0 0 0
cpu19 31379 5 15720 202613 588 0 6419 0 0 0
cpu20 31468 7 15670 202711 648 0 6377 0 0 0
cpu21 30308 4 15235 204392 495 0 6282 0 0 0
cpu22 29570 5 15323 203750 317 0 6245 0 0 0
cpu23 28690 7 15070 206182 270 0 6177 0 0 0
cpu24 22720 9 16793 208194 767 0 4795 0 0 0
cpu25 23877 10 17307 205299 1395 0 5097 0 0 0
cpu26 23405 8 17162 206306 1030 0 5075 0 0 0
cpu27 20501 4 15892 206279 974 0 8619 0 0 0
cpu28 31780 11 16868 192810 1614 0 9310 0 0 0
cpu29 32769 46 16870 191954 1305 0 9288 0 0 0
cpu30 19383 6 15581 207714 701 0 8439 0 0 0
cpu31 21842 6 16455 209306 697 0 4706 0 0 0
intr 604424525 126 0 0 0 0 0 0 0 0 1 0 0 0 0 0 0 0 0 0 0 0 0 0 0 0 0 0 1 1 1 0 0 0 0 1 0 1 0 0 75045 0 0 0 0 0 0 0 0 411 0 0 0 0 0 0 0 0 87 0 0 0 0 0 0 0 0 0 0 0 0 0 0 0 105862 2 10242614 10203534 10179316 10274206 0 2200 2222 2838 1467 3023 2616 2044 2517 1387 10046 17705 9701 8023 12645 14164 11053 7202 2658 1756 1401 2301 2181 1877 1504 1567 8739 6745 4754 5368 5954 5245 5823 7701 0 0 0 0 585726 2863 858 0 264 0 0 0 0 0 0 0 0 0 0 0 0 0 0 0 0 0 0 0 0 0 0 0 0 0 0 0 0 0 0 0 0 0 0 0 0 0 0 0 0 0 0 0 0 0 0 0 0 0 0 0 0 0 0 0 0 0 0 0 0 0 0 0 0 0 0 0 0 0 0 0 0 0 0 0 0 0 0 0 0 0 0 0 0 0 0 0 0 0 0 0 0 0 0 0 0 0 0 0 0 0 0 0 0 0 0 0 0 0 0 0 0 0 0 0 0 0 0 0 0 0 0 0 0 0 0 0 0 0 0 0 0 0 0 0 0 0 0 0 0 0 0 0 0 0 0 0 0 0 0 0 0 0 0 0 0 0 0 0 0 0 0 0 0 0 0 0 0 0 0 0 0 0 0 0 0 0 0 0 0 0 0 0 0 0 0 0 0 0 0 0 0 0 0 0 0 0 0 0 0 0 0 0 0 0 0 0 0 0 0 0 0 0 0 0 0 0 0 0 0 0 0 0 0 0 0 0 0 0 0 0 0 0 0 0 0 0 0 0 0 0 0 0 0 0 0 0 0 0 0 0 0 0 0 0 0 0 0 0 0 0 0 0 0 0 0 0 0 0 0 0 0 0 0 0 0 0 0 0 0 0 0 0 0 0 0 0 0 0 0 0 0 0 0 0 0 0 0 0 0 0 0 0 0 0 0 0 0 0 0 0 0 0 0 0 0 0 0 0 0 0 0 0 0 0 0 0 0 0 0 0 0 0 0 0 0 0 0 0 0 0 0 0 0 0 0 0 0 0 0 0 0 0 0 0 0 0 0 0 0 0 0 0 0 0 0 0 0 0 0 0 0 0 0 0 0 0 0 0 0 0 0 0 0 0 0 0 0 0 0 0 0 0 0 0 0 0 0 0 0 0 0 0 0 0 0 0 0 0 0 0 0 0 0 0 0 0 0 0 0 0 0 0 0 0 0 0 0 0 0 0 0 0 0 0 0 0 0 0 0 0 0 0 0 0 0 0 0 0 0 0 0 0 0 0 0 0 0 0 0 0 0 0 0 0 0 0 0 0 0 0 0 0 0 0 0 0 0 0 0 0 0 0 0 0 0 0 0 0 0 0 0 0 0 0 0 0 0 0 0 0 0 0 0 0 0 0 0 0 0 0 0 0 0 0 0 0 0 0 0 0 0 0 0 0 0 0 0 0 0 0 0 0 0 0 0 0 0 0 0 0 0 0 0 0 0 0 0 0 0 0 0 0 0 0 0 0 0 0 0 0 0 0 0 0 0 0 0 0 0 0 0 0 0 0 0 0 0 0 0 0 0 0 0 0 0 0 0 0 0 0 0 0 0 0 0 0 0 0 0 0 0 0 0 0 0 0 0 0 0 0 0 0 0 0 0 0 0 0 0 0 0 0 0 0 0 0 0 0 0 0 0 0 0 0 0 0 0 0 0 0 0 0 0 0 0 0 0 0 0 0 0 0 0 0 0 0 0 0 0 0 0 0 0 0 0 0 0 0 0 0 0 0 0 0 0 0 0 0 0 0 0 0 0 0 0 0 0 0 0 0 0 0 0 0 0 0 0 0 0 0 0 0 0 0 0 0 0 0 0 0 0 0 0 0 0 0 0 0 0 0 0 0 0 0 0 0 0 0 0 0 0 0 0 0 0 0 0 0 0 0 0 0 0 0 0 0 0 0 0 0 0 0 0 0 0 0 0 0 0 0 0 0 0 0 0 0 0 0 0 0 0 0 0 0 0 0 0 0 0 0 0 0 0 0 0 0 0 0 0 0 0 0 0 0 0 0 0 0 0 0 0 0 0 0 0 0 0 0 0 0 0 0 0 0 0 0 0 0 0 0 0 0 0 0 0 0 0 0 0 0 0 0 0 0 0 0 0 0 0 0 0 0 0 0 0 0 0 0 0 0 0 0 0 0 0 0 0 0 0 0 0 0 0 0 0 0 0 0 0 0 0 0 0 0 0 0 0 0 0 0 0 0 0 0 0 0 0 0 0 0 0 0 0 0 0 0 0 0 0 0 0 0 0 0 0 0 0 0 0 0 0 0 0 0 0 0 0 0 0 0 0 0 0 0 0 0 0 0 0 0 0 0 0 0 0 0 0 0 0 0 0 0 0 0 0 0 0 0 0 0 0 0 0 0 0 0 0 0 0 0 0 0 0 0 0 0 0 0 0 0 0 0 0 0 0 0 0 0 0 0 0 0 0 0 0 0 0 0 0 0 0 0 0 0 0 0 0 0 0 0 0 0 0 0 0 0 0 0 0 0 0 0 0 0 0 0 0 0 0 0 0 0 0 0 0 0 0 0 0 0 0 0 0 0 0 0 0 0 0 0 0 0 0 0 0 0 0 0 0 0 0 0 0 0 0 0 0 0 0 0 0 0 0 0 0 0 0 0 0 0 0 0 0 0 0 0 0 0 0 0 0 0 0 0 0 0 0 0 0 0 0 0 0 0 0 0 0 0 0 0 0
ctxt 799855032
btime 1790630938
processes 74537
procs_running 1
procs_blocked 0
softirq 920856682 73526 1512861 263795 895571665 110156 0 3043129 12382019 410 7899121
