## wrk 1 (127.0.0.1)
Running 10s test @ http://127.0.0.1:18500/wait
  16 threads and 25000 connections
  Thread Stats   Avg      Stdev     Max   +/- Stdev
    Latency   228.37ms  741.52ms   9.67s    96.91%
    Req/Sec    13.17k     1.84k   24.74k    68.92%
  Latency Distribution
     50%  110.41ms
     75%  113.92ms
     90%  117.30ms
     99%    4.69s 
  2034933 requests in 10.09s, 246.46MB read
Requests/sec: 201674.92
Transfer/sec:     24.43MB
## server-stat
cpu  2731711 1092 1404584 29817883 48358 0 695229 0 0 0
cpu0 97307 19 38498 941445 1097 0 20794 0 0 0
cpu1 103602 24 40304 937202 895 0 21467 0 0 0
cpu2 105861 21 40687 935017 616 0 21828 0 0 0
cpu3 139449 21 54687 873413 1338 0 34278 0 0 0
cpu4 146369 23 54540 868198 795 0 34370 0 0 0
cpu5 110641 24 41990 928485 599 0 22487 0 0 0
cpu6 113033 21 42898 924630 487 0 23672 0 0 0
cpu7 118110 19 45801 914399 355 0 26051 0 0 0
cpu8 38945 36 38270 976925 1504 0 12174 0 0 0
cpu9 44615 42 41230 957450 3496 0 13076 0 0 0
cpu10 42845 39 40054 963731 1710 0 12975 0 0 0
cpu11 39588 35 37140 978768 1131 0 11818 0 0 0
cpu12 68060 114 43659 930286 4273 0 14002 0 0 0
cpu13 65846 44 44345 930300 4110 0 14312 0 0 0
cpu14 39208 34 36561 981697 1245 0 11585 0 0 0
cpu15 36732 38 33758 992889 1067 0 10563 0 0 0
cpu16 134028 18 49758 890881 623 0 29579 0 0 0
cpu17 124586 17 47794 902686 1464 0 28023 0 0 0
cpu18 119645 18 46682 910779 361 0 27281 0 0 0
cpu19 171416 18 64258 824459 863 0 43026 0 0 0
cpu20 160969 17 61983 838942 907 0 41629 0 0 0
cpu21 116824 19 45898 913991 876 0 26786 0 0 0
cpu22 108985 23 43857 925134 521 0 24883 0 0 0
cpu23 96493 23 39267 947413 632 0 20892 0 0 0
cpu24 42401 41 37917 977876 1452 0 12487 0 0 0
cpu25 47050 44 41937 958425 2589 0 14528 0 0 0
cpu26 45209 40 41044 963540 2027 0 14153 0 0 0
cpu27 38307 28 36638 970085 1515 0 20311 0 0 0
cpu28 66982 63 47662 912316 3434 0 26524 0 0 0
cpu29 69845 101 49088 903996 3808 0 26947 0 0 0
cpu30 37747 26 37968 964309 1488 0 20242 0 0 0
cpu31 41000 27 38396 978198 1066 0 12473 0 0 0
intr 2771660788 126 0 0 0 0 0 0 0 0 1 0 0 0 0 0 0 0 0 0 0 0 0 0 0 0 0 0 1 1 1 0 0 0 0 1 0 1 0 0 75045 0 0 0 0 0 0 0 0 411 0 0 0 0 0 0 0 0 87 0 0 0 0 0 0 0 0 0 0 0 0 0 0 0 289356 2 35021032 34962061 34887607 35023091 0 9212 2854 3259 2029 3461 2928 2583 2779 1854 11781 20617 11996 9358 15718 16958 12122 8219 3151 2070 1683 3189 2671 2266 1795 1841 10094 9183 6938 6985 8762 7987 7129 8762 0 0 0 0 616753 3861 1036 0 264 0 0 0 0 0 0 0 0 0 0 0 0 0 0 0 0 0 0 0 0 0 0 0 0 0 0 0 0 0 0 0 0 0 0 0 0 0 0 0 0 0 0 0 0 0 0 0 0 0 0 0 0 0 0 0 0 0 0 0 0 0 0 0 0 0 0 0 0 0 0 0 0 0 0 0 0 0 0 0 0 0 0 0 0 0 0 0 0 0 0 0 0 0 0 0 0 0 0 0 0 0 0 0 0 0 0 0 0 0 0 0 0 0 0 0 0 0 0 0 0 0 0 0 0 0 0 0 0 0 0 0 0 0 0 0 0 0 0 0 0 0 0 0 0 0 0 0 0 0 0 0 0 0 0 0 0 0 0 0 0 0 0 0 0 0 0 0 0 0 0 0 0 0 0 0 0 0 0 0 0 0 0 0 0 0 0 0 0 0 0 0 0 0 0 0 0 0 0 0 0 0 0 0 0 0 0 0 0 0 0 0 0 0 0 0 0 0 0 0 0 0 0 0 0 0 0 0 0 0 0 0 0 0 0 0 0 0 0 0 0 0 0 0 0 0 0 0 0 0 0 0 0 0 0 0 0 0 0 0 0 0 0 0 0 0 0 0 0 0 0 0 0 0 0 0 0 0 0 0 0 0 0 0 0 0 0 0 0 0 0 0 0 0 0 0 0 0 0 0 0 0 0 0 0 0 0 0 0 0 0 0 0 0 0 0 0 0 0 0 0 0 0 0 0 0 0 0 0 0 0 0 0 0 0 0 0 0 0 0 0 0 0 0 0 0 0 0 0 0 0 0 0 0 0 0 0 0 0 0 0 0 0 0 0 0 0 0 0 0 0 0 0 0 0 0 0 0 0 0 0 0 0 0 0 0 0 0 0 0 0 0 0 0 0 0 0 0 0 0 0 0 0 0 0 0 0 0 0 0 0 0 0 0 0 0 0 0 0 0 0 0 0 0 0 0 0 0 0 0 0 0 0 0 0 0 0 0 0 0 0 0 0 0 0 0 0 0 0 0 0 0 0 0 0 0 0 0 0 0 0 0 0 0 0 0 0 0 0 0 0 0 0 0 0 0 0 0 0 0 0 0 0 0 0 0 0 0 0 0 0 0 0 0 0 0 0 0 0 0 0 0 0 0 0 0 0 0 0 0 0 0 0 0 0 0 0 0 0 0 0 0 0 0 0 0 0 0 0 0 0 0 0 0 0 0 0 0 0 0 0 0 0 0 0 0 0 0 0 0 0 0 0 0 0 0 0 0 0 0 0 0 0 0 0 0 0 0 0 0 0 0 0 0 0 0 0 0 0 0 0 0 0 0 0 0 0 0 0 0 0 0 0 0 0 0 0 0 0 0 0 0 0 0 0 0 0 0 0 0 0 0 0 0 0 0 0 0 0 0 0 0 0 0 0 0 0 0 0 0 0 0 0 0 0 0 0 0 0 0 0 0 0 0 0 0 0 0 0 0 0 0 0 0 0 0 0 0 0 0 0 0 0 0 0 0 0 0 0 0 0 0 0 0 0 0 0 0 0 0 0 0 0 0 0 0 0 0 0 0 0 0 0 0 0 0 0 0 0 0 0 0 0 0 0 0 0 0 0 0 0 0 0 0 0 0 0 0 0 0 0 0 0 0 0 0 0 0 0 0 0 0 0 0 0 0 0 0 0 0 0 0 0 0 0 0 0 0 0 0 0 0 0 0 0 0 0 0 0 0 0 0 0 0 0 0 0 0 0 0 0 0 0 0 0 0 0 0 0 0 0 0 0 0 0 0 0 0 0 0 0 0 0 0 0 0 0 0 0 0 0 0 0 0 0 0 0 0 0 0 0 0 0 0 0 0 0 0 0 0 0 0 0 0 0 0 0 0 0 0 0 0 0 0 0 0 0 0 0 0 0 0 0 0 0 0 0 0 0 0 0 0 0 0 0 0 0 0 0 0 0 0 0 0 0 0 0 0 0 0 0 0 0 0 0 0 0 0 0 0 0 0 0 0 0 0 0 0 0 0 0 0 0 0 0 0 0 0 0 0 0 0 0 0 0 0 0 0 0 0 0 0 0 0 0 0 0 0 0 0 0 0 0 0 0 0 0 0 0 0 0 0 0 0 0 0 0 0 0 0 0 0 0 0 0 0 0 0 0 0 0 0 0 0 0 0 0 0 0 0 0 0 0 0 0 0 0 0 0 0 0 0 0 0 0 0 0 0 0 0 0 0 0 0 0 0 0 0 0 0 0 0 0 0 0 0 0 0 0 0 0 0 0 0 0 0 0 0 0 0 0 0 0 0 0 0 0 0 0 0 0 0 0 0 0 0 0 0 0 0 0 0 0 0 0 0 0 0 0 0 0 0 0 0 0 0 0 0 0 0 0 0 0 0 0 0 0 0 0 0 0 0 0 0 0 0 0 0 0 0 0 0 0 0 0 0 0 0 0 0 0 0 0 0 0 0 0 0 0 0 0 0 0 0 0 0 0 0 0 0 0 0 0
ctxt 4305081635
btime 1790630938
processes 281350
procs_running 12
procs_blocked 0
softirq 4058108900 73526 8295005 2752369 3963351931 303127 0 13557662 40620963 410 29153907
--
cpu  2737074 1093 1406045 29835581 48359 0 695860 0 0 0
cpu0 97308 19 38498 942226 1097 0 20794 0 0 0
cpu1 103603 24 40304 938000 895 0 21467 0 0 0
cpu2 105861 21 40687 935815 616 0 21828 0 0 0
cpu3 139537 21 54703 874102 1338 0 34283 0 0 0
cpu4 146583 23 54576 868732 795 0 34383 0 0 0
cpu5 110641 24 41990 929281 599 0 22487 0 0 0
cpu6 113216 21 42930 925204 487 0 23683 0 0 0
cpu7 118415 19 45853 914821 355 0 26072 0 0 0
cpu8 38955 36 38303 977638 1504 0 12190 0 0 0
cpu9 44629 42 41271 958141 3496 0 13099 0 0 0
cpu10 42862 39 40090 964428 1710 0 12994 0 0 0
cpu11 39598 35 37173 979485 1131 0 11835 0 0 0
cpu12 68076 114 43704 930967 4273 0 14024 0 0 0
cpu13 65859 44 44389 930984 4110 0 14335 0 0 0
cpu14 39215 34 36585 982440 1245 0 11599 0 0 0
cpu15 36737 38 33777 993640 1068 0 10573 0 0 0
cpu16 134679 18 49865 890881 623 0 29621 0 0 0
cpu17 125233 17 47904 902686 1464 0 28067 0 0 0
cpu18 120290 18 46796 910779 361 0 27323 0 0 0
cpu19 171970 18 64359 824566 863 0 43064 0 0 0
cpu20 161406 17 62056 839204 907 0 41656 0 0 0
cpu21 117469 19 46010 913991 876 0 26829 0 0 0
cpu22 109459 23 43940 925344 521 0 24915 0 0 0
cpu23 96836 23 39327 947786 632 0 20915 0 0 0
cpu24 42405 41 37942 978621 1452 0 12497 0 0 0
cpu25 47062 44 41978 959125 2589 0 14549 0 0 0
cpu26 45216 40 41083 964250 2028 0 14171 0 0 0
cpu27 38313 28 36663 970824 1515 0 20323 0 0 0
cpu28 66996 63 47712 912984 3434 0 26553 0 0 0
cpu29 69870 101 49143 904643 3808 0 26978 0 0 0
cpu30 37756 26 37998 965038 1488 0 20257 0 0 0
cpu31 41007 27 38422 978939 1066 0 12484 0 0 0
intr 2772204676 126 0 0 0 0 0 0 0 0 1 0 0 0 0 0 0 0 0 0 0 0 0 0 0 0 0 0 1 1 1 0 0 0 0 1 0 1 0 0 75045 0 0 0 0 0 0 0 0 411 0 0 0 0 0 0 0 0 87 0 0 0 0 0 0 0 0 0 0 0 0 0 0 0 289356 2 35021052 34962107 34887622 35023127 0 9216 2854 3259 2029 3461 2931 2583 2779 1854 11781 20617 11996 9358 15720 16958 12122 8220 3151 2070 1683 3189 2671 2266 1795 1841 10094 9183 6938 6985 8762 7989 7129 8762 0 0 0 0 616753 3861 1036 0 264 0 0 0 0 0 0 0 0 0 0 0 0 0 0 0 0 0 0 0 0 0 0 0 0 0 0 0 0 0 0 0 0 0 0 0 0 0 0 0 0 0 0 0 0 0 0 0 0 0 0 0 0 0 0 0 0 0 0 0 0 0 0 0 0 0 0 0 0 0 0 0 0 0 0 0 0 0 0 0 0 0 0 0 0 0 0 0 0 0 0 0 0 0 0 0 0 0 0 0 0 0 0 0 0 0 0 0 0 0 0 0 0 0 0 0 0 0 0 0 0 0 0 0 0 0 0 0 0 0 0 0 0 0 0 0 0 0 0 0 0 0 0 0 0 0 0 0 0 0 0 0 0 0 0 0 0 0 0 0 0 0 0 0 0 0 0 0 0 0 0 0 0 0 0 0 0 0 0 0 0 0 0 0 0 0 0 0 0 0 0 0 0 0 0 0 0 0 0 0 0 0 0 0 0 0 0 0 0 0 0 0 0 0 0 0 0 0 0 0 0 0 0 0 0 0 0 0 0 0 0 0 0 0 0 0 0 0 0 0 0 0 0 0 0 0 0 0 0 0 0 0 0 0 0 0 0 0 0 0 0 0 0 0 0 0 0 0 0 0 0 0 0 0 0 0 0 0 0 0 0 0 0 0 0 0 0 0 0 0 0 0 0 0 0 0 0 0 0 0 0 0 0 0 0 0 0 0 0 0 0 0 0 0 0 0 0 0 0 0 0 0 0 0 0 0 0 0 0 0 0 0 0 0 0 0 0 0 0 0 0 0 0 0 0 0 0 0 0 0 0 0 0 0 0 0 0 0 0 0 0 0 0 0 0 0 0 0 0 0 0 0 0 0 0 0 0 0 0 0 0 0 0 0 0 0 0 0 0 0 0 0 0 0 0 0 0 0 0 0 0 0 0 0 0 0 0 0 0 0 0 0 0 0 0 0 0 0 0 0 0 0 0 0 0 0 0 0 0 0 0 0 0 0 0 0 0 0 0 0 0 0 0 0 0 0 0 0 0 0 0 0 0 0 0 0 0 0 0 0 0 0 0 0 0 0 0 0 0 0 0 0 0 0 0 0 0 0 0 0 0 0 0 0 0 0 0 0 0 0 0 0 0 0 0 0 0 0 0 0 0 0 0 0 0 0 0 0 0 0 0 0 0 0 0 0 0 0 0 0 0 0 0 0 0 0 0 0 0 0 0 0 0 0 0 0 0 0 0 0 0 0 0 0 0 0 0 0 0 0 0 0 0 0 0 0 0 0 0 0 0 0 0 0 0 0 0 0 0 0 0 0 0 0 0 0 0 0 0 0 0 0 0 0 0 0 0 0 0 0 0 0 0 0 0 0 0 0 0 0 0 0 0 0 0 0 0 0 0 0 0 0 0 0 0 0 0 0 0 0 0 0 0 0 0 0 0 0 0 0 0 0 0 0 0 0 0 0 0 0 0 0 0 0 0 0 0 0 0 0 0 0 0 0 0 0 0 0 0 0 0 0 0 0 0 0 0 0 0 0 0 0 0 0 0 0 0 0 0 0 0 0 0 0 0 0 0 0 0 0 0 0 0 0 0 0 0 0 0 0 0 0 0 0 0 0 0 0 0 0 0 0 0 0 0 0 0 0 0 0 0 0 0 0 0 0 0 0 0 0 0 0 0 0 0 0 0 0 0 0 0 0 0 0 0 0 0 0 0 0 0 0 0 0 0 0 0 0 0 0 0 0 0 0 0 0 0 0 0 0 0 0 0 0 0 0 0 0 0 0 0 0 0 0 0 0 0 0 0 0 0 0 0 0 0 0 0 0 0 0 0 0 0 0 0 0 0 0 0 0 0 0 0 0 0 0 0 0 0 0 0 0 0 0 0 0 0 0 0 0 0 0 0 0 0 0 0 0 0 0 0 0 0 0 0 0 0 0 0 0 0 0 0 0 0 0 0 0 0 0 0 0 0 0 0 0 0 0 0 0 0 0 0 0 0 0 0 0 0 0 0 0 0 0 0 0 0 0 0 0 0 0 0 0 0 0 0 0 0 0 0 0 0 0 0 0 0 0 0 0 0 0 0 0 0 0 0 0 0 0 0 0 0 0 0 0 0 0 0 0 0 0 0 0 0 0 0 0 0 0 0 0 0 0 0 0 0 0 0 0 0 0 0 0 0 0 0 0 0 0 0 0 0 0 0 0 0 0 0 0 0 0 0 0 0 0 0 0 0 0 0 0 0 0 0 0 0 0 0 0 0 0 0 0 0 0 0 0 0 0 0 0 0 0 0 0 0 0 0 0 0 0 0 0 0 0 0 0 0 0 0 0 0 0 0 0 0 0 0 0 0 0 0 0 0 0 0 0 0 0 0 0 0 0 0 0 0 0 0 0 0 0 0 0 0 0 0 0 0 0 0 0 0 0 0 0 0 0 0 0 0 0 0 0 0 0 0 0 0 0 0 0 0 0 0 0 0 0 0 0 0 0 0 0 0 0 0 0 0 0 0 0 0
ctxt 4305763629
btime 1790630938
processes 281400
procs_running 10
procs_blocked 0
softirq 4062052096 73526 8327249 2752369 3967206953 303131 0 13557662 40643819 410 29186977
