## wrk 1 (127.0.0.1)
Running 10s test @ http://127.0.0.1:18500/wait
  16 threads and 1000 connections
  Thread Stats   Avg      Stdev     Max   +/- Stdev
    Latency    13.87ms  740.68us  18.25ms   72.76%
    Req/Sec     4.49k   208.12     5.58k    70.91%
  Latency Distribution
     50%   14.00ms
     75%   14.36ms
     90%   14.61ms
     99%   15.80ms
  715563 requests in 10.10s, 86.67MB read
Requests/sec:  70872.35
Transfer/sec:      8.58MB
## server-stat
cpu  2656619 1071 1361831 29253912 47826 0 671747 0 0 0
cpu0 94977 18 37704 922557 1078 0 20155 0 0 0
cpu1 100637 23 39306 919052 881 0 20709 0 0 0
cpu2 102737 21 39617 917085 614 0 21035 0 0 0
cpu3 135343 21 53289 857133 1336 0 33206 0 0 0
cpu4 142642 23 53275 851312 792 0 33353 0 0 0
cpu5 107403 24 40864 910752 598 0 21642 0 0 0
cpu6 109958 21 41992 906384 470 0 22977 0 0 0
cpu7 112667 19 44173 899793 317 0 24813 0 0 0
cpu8 38702 35 36992 957642 1502 0 11751 0 0 0
cpu9 44321 41 39928 938355 3487 0 12637 0 0 0
cpu10 42581 37 38761 944608 1687 0 12523 0 0 0
cpu11 39366 34 35946 959383 1113 0 11420 0 0 0
cpu12 67657 113 42304 911413 4226 0 13533 0 0 0
cpu13 65474 44 42954 911435 4093 0 13821 0 0 0
cpu14 39011 33 35413 962005 1242 0 11195 0 0 0
cpu15 36536 37 32686 973026 1053 0 10215 0 0 0
cpu16 127823 18 47967 877323 623 0 28183 0 0 0
cpu17 119253 17 46177 887907 1445 0 26826 0 0 0
cpu18 114732 17 45197 895377 349 0 26153 0 0 0
cpu19 164682 17 62313 811598 862 0 41644 0 0 0
cpu20 154403 17 60122 825789 888 0 40288 0 0 0
cpu21 111782 19 44411 898722 865 0 25659 0 0 0
cpu22 104029 22 42299 909864 518 0 23729 0 0 0
cpu23 93885 22 38494 928458 615 0 20315 0 0 0
cpu24 42175 40 36681 958481 1449 0 12075 0 0 0
cpu25 46735 42 40521 939605 2558 0 14050 0 0 0
cpu26 44938 39 39637 944704 1971 0 13671 0 0 0
cpu27 38076 28 35343 950864 1511 0 19885 0 0 0
cpu28 66445 62 46110 893888 3421 0 25979 0 0 0
cpu29 69353 99 47500 885661 3740 0 26392 0 0 0
cpu30 37504 26 36687 944987 1449 0 19815 0 0 0
cpu31 40779 26 37156 958731 1057 0 12085 0 0 0
intr 2720237596 126 0 0 0 0 0 0 0 0 1 0 0 0 0 0 0 0 0 0 0 0 0 0 0 0 0 0 1 1 1 0 0 0 0 1 0 1 0 0 75045 0 0 0 0 0 0 0 0 411 0 0 0 0 0 0 0 0 87 0 0 0 0 0 0 0 0 0 0 0 0 0 0 0 284457 2 35019981 34960472 34886819 35021185 0 9025 2849 3257 2028 3459 2920 2578 2768 1854 11774 20420 11976 9159 15622 16910 12063 8144 3031 2069 1682 3186 2591 2260 1788 1838 10092 9142 6871 6981 8708 7967 7121 8756 0 0 0 0 616737 3835 1036 0 264 0 0 0 0 0 0 0 0 0 0 0 0 0 0 0 0 0 0 0 0 0 0 0 0 0 0 0 0 0 0 0 0 0 0 0 0 0 0 0 0 0 0 0 0 0 0 0 0 0 0 0 0 0 0 0 0 0 0 0 0 0 0 0 0 0 0 0 0 0 0 0 0 0 0 0 0 0 0 0 0 0 0 0 0 0 0 0 0 0 0 0 0 0 0 0 0 0 0 0 0 0 0 0 0 0 0 0 0 0 0 0 0 0 0 0 0 0 0 0 0 0 0 0 0 0 0 0 0 0 0 0 0 0 0 0 0 0 0 0 0 0 0 0 0 0 0 0 0 0 0 0 0 0 0 0 0 0 0 0 0 0 0 0 0 0 0 0 0 0 0 0 0 0 0 0 0 0 0 0 0 0 0 0 0 0 0 0 0 0 0 0 0 0 0 0 0 0 0 0 0 0 0 0 0 0 0 0 0 0 0 0 0 0 0 0 0 0 0 0 0 0 0 0 0 0 0 0 0 0 0 0 0 0 0 0 0 0 0 0 0 0 0 0 0 0 0 0 0 0 0 0 0 0 0 0 0 0 0 0 0 0 0 0 0 0 0 0 0 0 0 0 0 0 0 0 0 0 0 0 0 0 0 0 0 0 0 0 0 0 0 0 0 0 0 0 0 0 0 0 0 0 0 0 0 0 0 0 0 0 0 0 0 0 0 0 0 0 0 0 0 0 0 0 0 0 0 0 0 0 0 0 0 0 0 0 0 0 0 0 0 0 0 0 0 0 0 0 0 0 0 0 0 0 0 0 0 0 0 0 0 0 0 0 0 0 0 0 0 0 0 0 0 0 0 0 0 0 0 0 0 0 0 0 0 0 0 0 0 0 0 0 0 0 0 0 0 0 0 0 0 0 0 0 0 0 0 0 0 0 0 0 0 0 0 0 0 0 0 0 0 0 0 0 0 0 0 0 0 0 0 0 0 0 0 0 0 0 0 0 0 0 0 0 0 0 0 0 0 0 0 0 0 0 0 0 0 0 0 0 0 0 0 0 0 0 0 0 0 0 0 0 0 0 0 0 0 0 0 0 0 0 0 0 0 0 0 0 0 0 0 0 0 0 0 0 0 0 0 0 0 0 0 0 0 0 0 0 0 0 0 0 0 0 0 0 0 0 0 0 0 0 0 0 0 0 0 0 0 0 0 0 0 0 0 0 0 0 0 0 0 0 0 0 0 0 0 0 0 0 0 0 0 0 0 0 0 0 0 0 0 0 0 0 0 0 0 0 0 0 0 0 0 0 0 0 0 0 0 0 0 0 0 0 0 0 0 0 0 0 0 0 0 0 0 0 0 0 0 0 0 0 0 0 0 0 0 0 0 0 0 0 0 0 0 0 0 0 0 0 0 0 0 0 0 0 0 0 0 0 0 0 0 0 0 0 0 0 0 0 0 0 0 0 0 0 0 0 0 0 0 0 0 0 0 0 0 0 0 0 0 0 0 0 0 0 0 0 0 0 0 0 0 0 0 0 0 0 0 0 0 0 0 0 0 0 0 0 0 0 0 0 0 0 0 0 0 0 0 0 0 0 0 0 0 0 0 0 0 0 0 0 0 0 0 0 0 0 0 0 0 0 0 0 0 0 0 0 0 0 0 0 0 0 0 0 0 0 0 0 0 0 0 0 0 0 0 0 0 0 0 0 0 0 0 0 0 0 0 0 0 0 0 0 0 0 0 0 0 0 0 0 0 0 0 0 0 0 0 0 0 0 0 0 0 0 0 0 0 0 0 0 0 0 0 0 0 0 0 0 0 0 0 0 0 0 0 0 0 0 0 0 0 0 0 0 0 0 0 0 0 0 0 0 0 0 0 0 0 0 0 0 0 0 0 0 0 0 0 0 0 0 0 0 0 0 0 0 0 0 0 0 0 0 0 0 0 0 0 0 0 0 0 0 0 0 0 0 0 0 0 0 0 0 0 0 0 0 0 0 0 0 0 0 0 0 0 0 0 0 0 0 0 0 0 0 0 0 0 0 0 0 0 0 0 0 0 0 0 0 0 0 0 0 0 0 0 0 0 0 0 0 0 0 0 0 0 0 0 0 0 0 0 0 0 0 0 0 0 0 0 0 0 0 0 0 0 0 0 0 0 0 0 0 0 0 0 0 0 0 0 0 0 0 0 0 0 0 0 0 0 0 0 0 0 0 0 0 0 0 0 0 0 0 0 0 0 0 0 0 0 0 0 0 0 0 0 0 0 0 0 0 0 0 0 0 0 0 0 0 0 0 0 0 0 0 0 0 0 0 0 0 0 0 0 0 0 0 0 0 0 0 0 0 0 0 0 0 0 0 0 0 0 0 0 0 0 0 0 0 0 0 0 0 0 0 0 0 0 0 0 0 0 0 0 0 0 0 0 0 0 0 0 0 0 0 0 0 0 0 0 0 0 0 0 0 0 0 0 0 0 0 0 0 0 0 0 0 0 0 0 0 0
ctxt 4210066929
btime 1790630938
processes 276346
procs_running 5
procs_blocked 0
softirq 3917296180 73526 7642866 2752336 3824833439 297965 0 13557528 39896544 410 28241566
--
cpu  2657432 1072 1362081 29277904 47841 0 671931 0 0 0
cpu0 94991 18 37707 923330 1078 0 20158 0 0 0
cpu1 100649 23 39308 919835 882 0 20710 0 0 0
cpu2 102738 21 39618 917882 614 0 21035 0 0 0
cpu3 135487 21 53324 857722 1336 0 33232 0 0 0
cpu4 142955 23 53348 851669 792 0 33414 0 0 0
cpu5 107409 24 40867 911542 598 0 21642 0 0 0
cpu6 109963 21 41993 907176 470 0 22978 0 0 0
cpu7 112669 19 44173 900590 317 0 24813 0 0 0
cpu8 38704 35 36994 958415 1502 0 11753 0 0 0
cpu9 44327 41 39932 939122 3487 0 12639 0 0 0
cpu10 42584 38 38764 945377 1687 0 12526 0 0 0
cpu11 39367 34 35949 960156 1114 0 11423 0 0 0
cpu12 67662 113 42311 912170 4235 0 13534 0 0 0
cpu13 65484 44 42960 912193 4096 0 13824 0 0 0
cpu14 39014 33 35417 962776 1242 0 11197 0 0 0
cpu15 36537 37 32691 973801 1054 0 10217 0 0 0
cpu16 127823 18 47967 878122 623 0 28183 0 0 0
cpu17 119253 17 46177 888706 1445 0 26826 0 0 0
cpu18 114732 17 45197 896176 349 0 26153 0 0 0
cpu19 164932 17 62374 812036 862 0 41693 0 0 0
cpu20 154412 17 60123 826576 888 0 40290 0 0 0
cpu21 111783 19 44411 899520 866 0 25659 0 0 0
cpu22 104029 22 42299 910662 518 0 23729 0 0 0
cpu23 93885 22 38494 929257 615 0 20315 0 0 0
cpu24 42176 40 36686 959254 1449 0 12078 0 0 0
cpu25 46737 42 40525 940374 2558 0 14053 0 0 0
cpu26 44939 39 39642 945472 1971 0 13675 0 0 0
cpu27 38078 28 35348 951636 1511 0 19888 0 0 0
cpu28 66457 62 46116 894648 3421 0 25981 0 0 0
cpu29 69358 99 47505 886423 3740 0 26395 0 0 0
cpu30 37505 26 36690 945762 1449 0 19816 0 0 0
cpu31 40780 26 37158 959508 1057 0 12087 0 0 0
intr 2720817644 126 0 0 0 0 0 0 0 0 1 0 0 0 0 0 0 0 0 0 0 0 0 0 0 0 0 0 1 1 1 0 0 0 0 1 0 1 0 0 75045 0 0 0 0 0 0 0 0 411 0 0 0 0 0 0 0 0 87 0 0 0 0 0 0 0 0 0 0 0 0 0 0 0 284586 2 35020033 34960499 34886858 35021233 0 9033 2849 3257 2028 3459 2921 2578 2768 1854 11774 20421 11976 9165 15622 16910 12063 8144 3031 2069 1682 3186 2591 2261 1788 1838 10092 9143 6871 6981 8708 7967 7121 8756 0 0 0 0 616741 3835 1036 0 264 0 0 0 0 0 0 0 0 0 0 0 0 0 0 0 0 0 0 0 0 0 0 0 0 0 0 0 0 0 0 0 0 0 0 0 0 0 0 0 0 0 0 0 0 0 0 0 0 0 0 0 0 0 0 0 0 0 0 0 0 0 0 0 0 0 0 0 0 0 0 0 0 0 0 0 0 0 0 0 0 0 0 0 0 0 0 0 0 0 0 0 0 0 0 0 0 0 0 0 0 0 0 0 0 0 0 0 0 0 0 0 0 0 0 0 0 0 0 0 0 0 0 0 0 0 0 0 0 0 0 0 0 0 0 0 0 0 0 0 0 0 0 0 0 0 0 0 0 0 0 0 0 0 0 0 0 0 0 0 0 0 0 0 0 0 0 0 0 0 0 0 0 0 0 0 0 0 0 0 0 0 0 0 0 0 0 0 0 0 0 0 0 0 0 0 0 0 0 0 0 0 0 0 0 0 0 0 0 0 0 0 0 0 0 0 0 0 0 0 0 0 0 0 0 0 0 0 0 0 0 0 0 0 0 0 0 0 0 0 0 0 0 0 0 0 0 0 0 0 0 0 0 0 0 0 0 0 0 0 0 0 0 0 0 0 0 0 0 0 0 0 0 0 0 0 0 0 0 0 0 0 0 0 0 0 0 0 0 0 0 0 0 0 0 0 0 0 0 0 0 0 0 0 0 0 0 0 0 0 0 0 0 0 0 0 0 0 0 0 0 0 0 0 0 0 0 0 0 0 0 0 0 0 0 0 0 0 0 0 0 0 0 0 0 0 0 0 0 0 0 0 0 0 0 0 0 0 0 0 0 0 0 0 0 0 0 0 0 0 0 0 0 0 0 0 0 0 0 0 0 0 0 0 0 0 0 0 0 0 0 0 0 0 0 0 0 0 0 0 0 0 0 0 0 0 0 0 0 0 0 0 0 0 0 0 0 0 0 0 0 0 0 0 0 0 0 0 0 0 0 0 0 0 0 0 0 0 0 0 0 0 0 0 0 0 0 0 0 0 0 0 0 0 0 0 0 0 0 0 0 0 0 0 0 0 0 0 0 0 0 0 0 0 0 0 0 0 0 0 0 0 0 0 0 0 0 0 0 0 0 0 0 0 0 0 0 0 0 0 0 0 0 0 0 0 0 0 0 0 0 0 0 0 0 0 0 0 0 0 0 0 0 0 0 0 0 0 0 0 0 0 0 0 0 0 0 0 0 0 0 0 0 0 0 0 0 0 0 0 0 0 0 0 0 0 0 0 0 0 0 0 0 0 0 0 0 0 0 0 0 0 0 0 0 0 0 0 0 0 0 0 0 0 0 0 0 0 0 0 0 0 0 0 0 0 0 0 0 0 0 0 0 0 0 0 0 0 0 0 0 0 0 0 0 0 0 0 0 0 0 0 0 0 0 0 0 0 0 0 0 0 0 0 0 0 0 0 0 0 0 0 0 0 0 0 0 0 0 0 0 0 0 0 0 0 0 0 0 0 0 0 0 0 0 0 0 0 0 0 0 0 0 0 0 0 0 0 0 0 0 0 0 0 0 0 0 0 0 0 0 0 0 0 0 0 0 0 0 0 0 0 0 0 0 0 0 0 0 0 0 0 0 0 0 0 0 0 0 0 0 0 0 0 0 0 0 0 0 0 0 0 0 0 0 0 0 0 0 0 0 0 0 0 0 0 0 0 0 0 0 0 0 0 0 0 0 0 0 0 0 0 0 0 0 0 0 0 0 0 0 0 0 0 0 0 0 0 0 0 0 0 0 0 0 0 0 0 0 0 0 0 0 0 0 0 0 0 0 0 0 0 0 0 0 0 0 0 0 0 0 0 0 0 0 0 0 0 0 0 0 0 0 0 0 0 0 0 0 0 0 0 0 0 0 0 0 0 0 0 0 0 0 0 0 0 0 0 0 0 0 0 0 0 0 0 0 0 0 0 0 0 0 0 0 0 0 0 0 0 0 0 0 0 0 0 0 0 0 0 0 0 0 0 0 0 0 0 0 0 0 0 0 0 0 0 0 0 0 0 0 0 0 0 0 0 0 0 0 0 0 0 0 0 0 0 0 0 0 0 0 0 0 0 0 0 0 0 0 0 0 0 0 0 0 0 0 0 0 0 0 0 0 0 0 0 0 0 0 0 0 0 0 0 0 0 0 0 0 0 0 0 0 0 0 0 0 0 0 0 0 0 0 0 0 0 0 0 0 0 0 0 0 0 0 0 0 0 0 0 0 0 0 0 0 0 0 0 0 0 0 0 0 0 0 0 0 0 0 0 0 0 0 0 0 0 0 0 0 0 0 0 0 0 0 0 0 0 0 0 0 0 0 0 0 0 0 0 0 0 0 0 0 0 0 0 0 0 0 0 0 0 0 0 0 0 0 0 0 0 0 0 0 0 0 0 0 0 0 0 0 0 0 0 0 0 0 0 0 0 0 0 0 0 0 0 0 0 0 0 0 0 0 0 0 0 0 0 0 0 0 0 0
ctxt 4211139012
btime 1790630938
processes 276409
procs_running 3
procs_blocked 0
softirq 3918465603 73526 7645416 2752338 3825979130 298102 0 13557528 39908719 410 28250434
