## wrk 1 (127.0.0.1)
Running 10s test @ http://127.0.0.1:18500/wait
  16 threads and 1000 connections
  Thread Stats   Avg      Stdev     Max   +/- Stdev
    Latency    10.27ms   72.33us  11.06ms   69.03%
    Req/Sec     6.07k    89.75     6.26k    75.20%
  Latency Distribution
     50%   10.26ms
     75%   10.31ms
     90%   10.36ms
     99%   10.46ms
  968851 requests in 10.10s, 98.86MB read
Requests/sec:  95922.27
Transfer/sec:      9.79MB
## server-stat
cpu  2660131 1074 1363269 29341464 47895 0 672398 0 0 0
cpu0 95036 18 37722 925376 1078 0 20174 0 0 0
cpu1 100682 23 39321 921918 882 0 20720 0 0 0
cpu2 102760 21 39626 919987 614 0 21042 0 0 0
cpu3 135620 21 53358 859670 1337 0 33256 0 0 0
cpu4 143179 23 53407 853494 792 0 33446 0 0 0
cpu5 107438 24 40876 913638 598 0 21650 0 0 0
cpu6 109971 21 41996 909305 470 0 22979 0 0 0
cpu7 112672 19 44175 902726 317 0 24814 0 0 0
cpu8 38711 35 37038 960462 1502 0 11762 0 0 0
cpu9 44337 42 39972 941155 3488 0 12654 0 0 0
cpu10 42595 38 38806 947413 1687 0 12536 0 0 0
cpu11 39376 34 35988 962207 1114 0 11434 0 0 0
cpu12 67696 113 42368 914139 4249 0 13552 0 0 0
cpu13 65521 44 43009 914162 4108 0 13847 0 0 0
cpu14 39022 33 35452 964835 1242 0 11209 0 0 0
cpu15 36547 37 32724 975852 1066 0 10226 0 0 0
cpu16 127833 18 47971 880250 623 0 28184 0 0 0
cpu17 119258 17 46178 890841 1445 0 26826 0 0 0
cpu18 114738 17 45198 898309 349 0 26153 0 0 0
cpu19 165959 17 62600 812815 862 0 41802 0 0 0
cpu20 155315 17 60305 827556 888 0 40369 0 0 0
cpu21 111793 19 44414 901648 866 0 25660 0 0 0
cpu22 104032 22 42301 912798 518 0 23729 0 0 0
cpu23 93887 22 38495 931395 615 0 20315 0 0 0
cpu24 42182 40 36718 961325 1449 0 12085 0 0 0
cpu25 46749 43 40568 942406 2569 0 14065 0 0 0
cpu26 44945 39 39681 947530 1971 0 13683 0 0 0
cpu27 38083 28 35369 953722 1512 0 19893 0 0 0
cpu28 66504 62 46152 896654 3421 0 25994 0 0 0
cpu29 69377 99 47560 888431 3740 0 26409 0 0 0
cpu30 37513 26 36721 947833 1449 0 19821 0 0 0
cpu31 40784 26 37186 961596 1059 0 12091 0 0 0
intr 2721870200 126 0 0 0 0 0 0 0 0 1 0 0 0 0 0 0 0 0 0 0 0 0 0 0 0 0 0 1 1 1 0 0 0 0 1 0 1 0 0 75045 0 0 0 0 0 0 0 0 411 0 0 0 0 0 0 0 0 87 0 0 0 0 0 0 0 0 0 0 0 0 0 0 0 285154 2 35020108 34960671 34887022 35021422 0 9050 2850 3258 2028 3459 2921 2579 2768 1854 11774 20431 11977 9177 15636 16911 12063 8144 3031 2070 1682 3186 2591 2262 1788 1839 10092 9143 6871 6981 8709 7967 7121 8757 0 0 0 0 616741 3847 1036 0 264 0 0 0 0 0 0 0 0 0 0 0 0 0 0 0 0 0 0 0 0 0 0 0 0 0 0 0 0 0 0 0 0 0 0 0 0 0 0 0 0 0 0 0 0 0 0 0 0 0 0 0 0 0 0 0 0 0 0 0 0 0 0 0 0 0 0 0 0 0 0 0 0 0 0 0 0 0 0 0 0 0 0 0 0 0 0 0 0 0 0 0 0 0 0 0 0 0 0 0 0 0 0 0 0 0 0 0 0 0 0 0 0 0 0 0 0 0 0 0 0 0 0 0 0 0 0 0 0 0 0 0 0 0 0 0 0 0 0 0 0 0 0 0 0 0 0 0 0 0 0 0 0 0 0 0 0 0 0 0 0 0 0 0 0 0 0 0 0 0 0 0 0 0 0 0 0 0 0 0 0 0 0 0 0 0 0 0 0 0 0 0 0 0 0 0 0 0 0 0 0 0 0 0 0 0 0 0 0 0 0 0 0 0 0 0 0 0 0 0 0 0 0 0 0 0 0 0 0 0 0 0 0 0 0 0 0 0 0 0 0 0 0 0 0 0 0 0 0 0 0 0 0 0 0 0 0 0 0 0 0 0 0 0 0 0 0 0 0 0 0 0 0 0 0 0 0 0 0 0 0 0 0 0 0 0 0 0 0 0 0 0 0 0 0 0 0 0 0 0 0 0 0 0 0 0 0 0 0 0 0 0 0 0 0 0 0 0 0 0 0 0 0 0 0 0 0 0 0 0 0 0 0 0 0 0 0 0 0 0 0 0 0 0 0 0 0 0 0 0 0 0 0 0 0 0 0 0 0 0 0 0 0 0 0 0 0 0 0 0 0 0 0 0 0 0 0 0 0 0 0 0 0 0 0 0 0 0 0 0 0 0 0 0 0 0 0 0 0 0 0 0 0 0 0 0 0 0 0 0 0 0 0 0 0 0 0 0 0 0 0 0 0 0 0 0 0 0 0 0 0 0 0 0 0 0 0 0 0 0 0 0 0 0 0 0 0 0 0 0 0 0 0 0 0 0 0 0 0 0 0 0 0 0 0 0 0 0 0 0 0 0 0 0 0 0 0 0 0 0 0 0 0 0 0 0 0 0 0 0 0 0 0 0 0 0 0 0 0 0 0 0 0 0 0 0 0 0 0 0 0 0 0 0 0 0 0 0 0 0 0 0 0 0 0 0 0 0 0 0 0 0 0 0 0 0 0 0 0 0 0 0 0 0 0 0 0 0 0 0 0 0 0 0 0 0 0 0 0 0 0 0 0 0 0 0 0 0 0 0 0 0 0 0 0 0 0 0 0 0 0 0 0 0 0 0 0 0 0 0 0 0 0 0 0 0 0 0 0 0 0 0 0 0 0 0 0 0 0 0 0 0 0 0 0 0 0 0 0 0 0 0 0 0 0 0 0 0 0 0 0 0 0 0 0 0 0 0 0 0 0 0 0 0 0 0 0 0 0 0 0 0 0 0 0 0 0 0 0 0 0 0 0 0 0 0 0 0 0 0 0 0 0 0 0 0 0 0 0 0 0 0 0 0 0 0 0 0 0 0 0 0 0 0 0 0 0 0 0 0 0 0 0 0 0 0 0 0 0 0 0 0 0 0 0 0 0 0 0 0 0 0 0 0 0 0 0 0 0 0 0 0 0 0 0 0 0 0 0 0 0 0 0 0 0 0 0 0 0 0 0 0 0 0 0 0 0 0 0 0 0 0 0 0 0 0 0 0 0 0 0 0 0 0 0 0 0 0 0 0 0 0 0 0 0 0 0 0 0 0 0 0 0 0 0 0 0 0 0 0 0 0 0 0 0 0 0 0 0 0 0 0 0 0 0 0 0 0 0 0 0 0 0 0 0 0 0 0 0 0 0 0 0 0 0 0 0 0 0 0 0 0 0 0 0 0 0 0 0 0 0 0 0 0 0 0 0 0 0 0 0 0 0 0 0 0 0 0 0 0 0 0 0 0 0 0 0 0 0 0 0 0 0 0 0 0 0 0 0 0 0 0 0 0 0 0 0 0 0 0 0 0 0 0 0 0 0 0 0 0 0 0 0 0 0 0 0 0 0 0 0 0 0 0 0 0 0 0 0 0 0 0 0 0 0 0 0 0 0 0 0 0 0 0 0 0 0 0 0 0 0 0 0 0 0 0 0 0 0 0 0 0 0 0 0 0 0 0 0 0 0 0 0 0 0 0 0 0 0 0 0 0 0 0 0 0 0 0 0 0 0 0 0 0 0 0 0 0 0 0 0 0 0 0 0 0 0 0 0 0 0 0 0 0 0 0 0 0 0 0 0 0 0 0 0 0 0 0 0 0 0 0 0 0 0 0 0 0 0 0 0 0 0 0 0 0 0 0 0 0 0 0 0 0 0 0 0 0 0 0 0 0 0 0 0 0 0 0 0 0 0 0 0 0 0 0 0 0 0 0 0 0 0 0 0 0 0 0 0 0 0 0 0 0 0 0 0 0 0 0 0 0 0
ctxt 4212859743
btime 1790630938
processes 277086
procs_running 2
procs_blocked 0
softirq 3921640449 73526 7665330 2752346 3829058767 298697 0 13557576 39945199 410 28288598
--
cpu  2660704 1075 1363537 29365522 47908 0 672621 0 0 0
cpu0 95097 18 37745 926058 1078 0 20199 0 0 0
cpu1 100735 23 39340 922622 882 0 20741 0 0 0
cpu2 102798 21 39637 920723 614 0 21055 0 0 0
cpu3 135716 21 53394 860297 1337 0 33287 0 0 0
cpu4 143277 23 53448 854109 792 0 33484 0 0 0
cpu5 107497 24 40904 914330 598 0 21670 0 0 0
cpu6 109995 21 42006 910062 470 0 22989 0 0 0
cpu7 112677 19 44176 903517 317 0 24817 0 0 0
cpu8 38712 35 37040 961237 1502 0 11763 0 0 0
cpu9 44342 42 39976 941913 3488 0 12657 0 0 0
cpu10 42598 38 38811 948171 1687 0 12539 0 0 0
cpu11 39376 34 35992 962973 1115 0 11436 0 0 0
cpu12 67703 113 42375 914888 4249 0 13557 0 0 0
cpu13 65533 44 43016 914905 4108 0 13852 0 0 0
cpu14 39023 33 35457 965599 1242 0 11212 0 0 0
cpu15 36548 37 32727 976621 1066 0 10227 0 0 0
cpu16 127840 18 47973 881038 623 0 28186 0 0 0
cpu17 119259 17 46179 891637 1445 0 26827 0 0 0
cpu18 114741 17 45199 899102 350 0 26154 0 0 0
cpu19 166023 17 62626 813497 862 0 41824 0 0 0
cpu20 155319 17 60306 828347 888 0 40371 0 0 0
cpu21 111795 19 44414 902444 866 0 25661 0 0 0
cpu22 104032 22 42301 913596 518 0 23729 0 0 0
cpu23 93888 22 38495 932192 615 0 20315 0 0 0
cpu24 42183 40 36722 962096 1449 0 12086 0 0 0
cpu25 46751 43 40571 943161 2576 0 14067 0 0 0
cpu26 44946 39 39686 948295 1971 0 13685 0 0 0
cpu27 38084 28 35371 954493 1512 0 19895 0 0 0
cpu28 66513 62 46159 897409 3422 0 25997 0 0 0
cpu29 69386 99 47566 889183 3745 0 26412 0 0 0
cpu30 37515 26 36723 948610 1449 0 19822 0 0 0
cpu31 40785 26 37188 962379 1059 0 12092 0 0 0
intr 2722635142 126 0 0 0 0 0 0 0 0 1 0 0 0 0 0 0 0 0 0 0 0 0 0 0 0 0 0 1 1 1 0 0 0 0 1 0 1 0 0 75045 0 0 0 0 0 0 0 0 411 0 0 0 0 0 0 0 0 87 0 0 0 0 0 0 0 0 0 0 0 0 0 0 0 285286 2 35020114 34960698 34887036 35021455 0 9058 2850 3258 2028 3459 2921 2579 2768 1854 11774 20431 11977 9180 15636 16911 12063 8144 3031 2070 1682 3186 2591 2262 1788 1839 10092 9148 6871 6982 8709 7967 7121 8758 0 0 0 0 616741 3847 1036 0 264 0 0 0 0 0 0 0 0 0 0 0 0 0 0 0 0 0 0 0 0 0 0 0 0 0 0 0 0 0 0 0 0 0 0 0 0 0 0 0 0 0 0 0 0 0 0 0 0 0 0 0 0 0 0 0 0 0 0 0 0 0 0 0 0 0 0 0 0 0 0 0 0 0 0 0 0 0 0 0 0 0 0 0 0 0 0 0 0 0 0 0 0 0 0 0 0 0 0 0 0 0 0 0 0 0 0 0 0 0 0 0 0 0 0 0 0 0 0 0 0 0 0 0 0 0 0 0 0 0 0 0 0 0 0 0 0 0 0 0 0 0 0 0 0 0 0 0 0 0 0 0 0 0 0 0 0 0 0 0 0 0 0 0 0 0 0 0 0 0 0 0 0 0 0 0 0 0 0 0 0 0 0 0 0 0 0 0 0 0 0 0 0 0 0 0 0 0 0 0 0 0 0 0 0 0 0 0 0 0 0 0 0 0 0 0 0 0 0 0 0 0 0 0 0 0 0 0 0 0 0 0 0 0 0 0 0 0 0 0 0 0 0 0 0 0 0 0 0 0 0 0 0 0 0 0 0 0 0 0 0 0 0 0 0 0 0 0 0 0 0 0 0 0 0 0 0 0 0 0 0 0 0 0 0 0 0 0 0 0 0 0 0 0 0 0 0 0 0 0 0 0 0 0 0 0 0 0 0 0 0 0 0 0 0 0 0 0 0 0 0 0 0 0 0 0 0 0 0 0 0 0 0 0 0 0 0 0 0 0 0 0 0 0 0 0 0 0 0 0 0 0 0 0 0 0 0 0 0 0 0 0 0 0 0 0 0 0 0 0 0 0 0 0 0 0 0 0 0 0 0 0 0 0 0 0 0 0 0 0 0 0 0 0 0 0 0 0 0 0 0 0 0 0 0 0 0 0 0 0 0 0 0 0 0 0 0 0 0 0 0 0 0 0 0 0 0 0 0 0 0 0 0 0 0 0 0 0 0 0 0 0 0 0 0 0 0 0 0 0 0 0 0 0 0 0 0 0 0 0 0 0 0 0 0 0 0 0 0 0 0 0 0 0 0 0 0 0 0 0 0 0 0 0 0 0 0 0 0 0 0 0 0 0 0 0 0 0 0 0 0 0 0 0 0 0 0 0 0 0 0 0 0 0 0 0 0 0 0 0 0 0 0 0 0 0 0 0 0 0 0 0 0 0 0 0 0 0 0 0 0 0 0 0 0 0 0 0 0 0 0 0 0 0 0 0 0 0 0 0 0 0 0 0 0 0 0 0 0 0 0 0 0 0 0 0 0 0 0 0 0 0 0 0 0 0 0 0 0 0 0 0 0 0 0 0 0 0 0 0 0 0 0 0 0 0 0 0 0 0 0 0 0 0 0 0 0 0 0 0 0 0 0 0 0 0 0 0 0 0 0 0 0 0 0 0 0 0 0 0 0 0 0 0 0 0 0 0 0 0 0 0 0 0 0 0 0 0 0 0 0 0 0 0 0 0 0 0 0 0 0 0 0 0 0 0 0 0 0 0 0 0 0 0 0 0 0 0 0 0 0 0 0 0 0 0 0 0 0 0 0 0 0 0 0 0 0 0 0 0 0 0 0 0 0 0 0 0 0 0 0 0 0 0 0 0 0 0 0 0 0 0 0 0 0 0 0 0 0 0 0 0 0 0 0 0 0 0 0 0 0 0 0 0 0 0 0 0 0 0 0 0 0 0 0 0 0 0 0 0 0 0 0 0 0 0 0 0 0 0 0 0 0 0 0 0 0 0 0 0 0 0 0 0 0 0 0 0 0 0 0 0 0 0 0 0 0 0 0 0 0 0 0 0 0 0 0 0 0 0 0 0 0 0 0 0 0 0 0 0 0 0 0 0 0 0 0 0 0 0 0 0 0 0 0 0 0 0 0 0 0 0 0 0 0 0 0 0 0 0 0 0 0 0 0 0 0 0 0 0 0 0 0 0 0 0 0 0 0 0 0 0 0 0 0 0 0 0 0 0 0 0 0 0 0 0 0 0 0 0 0 0 0 0 0 0 0 0 0 0 0 0 0 0 0 0 0 0 0 0 0 0 0 0 0 0 0 0 0 0 0 0 0 0 0 0 0 0 0 0 0 0 0 0 0 0 0 0 0 0 0 0 0 0 0 0 0 0 0 0 0 0 0 0 0 0 0 0 0 0 0 0 0 0 0 0 0 0 0 0 0 0 0 0 0 0 0 0 0 0 0 0 0 0 0 0 0 0 0 0 0 0 0 0 0 0 0 0 0 0 0 0 0 0 0 0 0 0 0 0 0 0 0 0 0 0 0 0 0 0 0 0 0 0 0 0 0 0 0 0 0 0 0 0 0 0 0 0 0 0 0 0 0 0 0 0 0 0 0 0 0 0 0 0 0 0 0 0 0 0 0 0 0 0 0 0 0 0 0 0 0 0 0 0 0 0 0 0 0 0 0 0 0 0 0 0 0 0 0 0 0 0 0
ctxt 4214348536
btime 1790630938
processes 277139
procs_running 3
procs_blocked 0
softirq 3923215745 73526 7668356 2752346 3830605124 298841 0 13557576 39959066 410 28300500
