## wrk 1 (127.0.0.1)
Running 10s test @ http://127.0.0.1:18500/wait
  16 threads and 10000 connections
  Thread Stats   Avg      Stdev     Max   +/- Stdev
    Latency    81.62ms    7.75ms 141.54ms   88.36%
    Req/Sec     7.66k     1.57k   27.69k    84.66%
  Latency Distribution
     50%   83.48ms
     75%   84.59ms
     90%   85.92ms
     99%   87.01ms
  1213681 requests in 10.10s, 151.63MB read
Requests/sec: 120205.39
Transfer/sec:     15.02MB
## server-stat
cpu  2652819 1069 1359419 29167645 47760 0 670793 0 0 0
cpu0 94960 18 37699 919643 1078 0 20147 0 0 0
cpu1 100631 23 39303 916101 881 0 20707 0 0 0
cpu2 102735 21 39616 914127 614 0 21035 0 0 0
cpu3 134284 21 52992 855770 1336 0 32968 0 0 0
cpu4 142338 23 53195 848781 792 0 33295 0 0 0
cpu5 107398 24 40863 907797 598 0 21641 0 0 0
cpu6 109953 21 41991 903428 470 0 22977 0 0 0
cpu7 112665 19 44171 896834 317 0 24813 0 0 0
cpu8 38693 35 36920 954830 1501 0 11744 0 0 0
cpu9 44287 41 39823 935676 3486 0 12615 0 0 0
cpu10 42560 37 38664 941894 1687 0 12504 0 0 0
cpu11 39356 34 35865 956598 1113 0 11405 0 0 0
cpu12 67610 112 42141 908873 4213 0 13494 0 0 0
cpu13 65415 43 42808 908891 4092 0 13785 0 0 0
cpu14 38989 33 35309 959292 1242 0 11176 0 0 0
cpu15 36524 37 32597 970262 1053 0 10201 0 0 0
cpu16 127820 18 47965 874365 623 0 28183 0 0 0
cpu17 119251 17 46176 884948 1445 0 26826 0 0 0
cpu18 114727 17 45195 892420 349 0 26153 0 0 0
cpu19 164024 17 62154 809549 862 0 41545 0 0 0
cpu20 152995 17 59757 824892 888 0 39993 0 0 0
cpu21 111776 19 44410 895768 864 0 25659 0 0 0
cpu22 104028 22 42297 906906 518 0 23729 0 0 0
cpu23 93882 22 38492 925501 615 0 20314 0 0 0
cpu24 42168 40 36590 955682 1448 0 12066 0 0 0
cpu25 46726 42 40434 936805 2558 0 14038 0 0 0
cpu26 44925 39 39557 941939 1924 0 13661 0 0 0
cpu27 38069 28 35273 948012 1511 0 19881 0 0 0
cpu28 66418 62 46029 891112 3421 0 25964 0 0 0
cpu29 69330 99 47404 882934 3739 0 26373 0 0 0
cpu30 37497 26 36615 942143 1449 0 19808 0 0 0
cpu31 40771 26 37097 955857 1057 0 12080 0 0 0
intr 2717499809 126 0 0 0 0 0 0 0 0 1 0 0 0 0 0 0 0 0 0 0 0 0 0 0 0 0 0 1 1 1 0 0 0 0 1 0 1 0 0 75045 0 0 0 0 0 0 0 0 411 0 0 0 0 0 0 0 0 87 0 0 0 0 0 0 0 0 0 0 0 0 0 0 0 283791 2 35019766 34960318 34886603 35020998 0 9001 2849 3256 2028 3459 2916 2578 2767 1854 11774 20407 11976 9156 15615 16910 12063 8143 3031 2068 1682 3186 2591 2259 1781 1838 10090 9141 6761 6980 8708 7967 7121 8756 0 0 0 0 616737 3835 1036 0 264 0 0 0 0 0 0 0 0 0 0 0 0 0 0 0 0 0 0 0 0 0 0 0 0 0 0 0 0 0 0 0 0 0 0 0 0 0 0 0 0 0 0 0 0 0 0 0 0 0 0 0 0 0 0 0 0 0 0 0 0 0 0 0 0 0 0 0 0 0 0 0 0 0 0 0 0 0 0 0 0 0 0 0 0 0 0 0 0 0 0 0 0 0 0 0 0 0 0 0 0 0 0 0 0 0 0 0 0 0 0 0 0 0 0 0 0 0 0 0 0 0 0 0 0 0 0 0 0 0 0 0 0 0 0 0 0 0 0 0 0 0 0 0 0 0 0 0 0 0 0 0 0 0 0 0 0 0 0 0 0 0 0 0 0 0 0 0 0 0 0 0 0 0 0 0 0 0 0 0 0 0 0 0 0 0 0 0 0 0 0 0 0 0 0 0 0 0 0 0 0 0 0 0 0 0 0 0 0 0 0 0 0 0 0 0 0 0 0 0 0 0 0 0 0 0 0 0 0 0 0 0 0 0 0 0 0 0 0 0 0 0 0 0 0 0 0 0 0 0 0 0 0 0 0 0 0 0 0 0 0 0 0 0 0 0 0 0 0 0 0 0 0 0 0 0 0 0 0 0 0 0 0 0 0 0 0 0 0 0 0 0 0 0 0 0 0 0 0 0 0 0 0 0 0 0 0 0 0 0 0 0 0 0 0 0 0 0 0 0 0 0 0 0 0 0 0 0 0 0 0 0 0 0 0 0 0 0 0 0 0 0 0 0 0 0 0 0 0 0 0 0 0 0 0 0 0 0 0 0 0 0 0 0 0 0 0 0 0 0 0 0 0 0 0 0 0 0 0 0 0 0 0 0 0 0 0 0 0 0 0 0 0 0 0 0 0 0 0 0 0 0 0 0 0 0 0 0 0 0 0 0 0 0 0 0 0 0 0 0 0 0 0 0 0 0 0 0 0 0 0 0 0 0 0 0 0 0 0 0 0 0 0 0 0 0 0 0 0 0 0 0 0 0 0 0 0 0 0 0 0 0 0 0 0 0 0 0 0 0 0 0 0 0 0 0 0 0 0 0 0 0 0 0 0 0 0 0 0 0 0 0 0 0 0 0 0 0 0 0 0 0 0 0 0 0 0 0 0 0 0 0 0 0 0 0 0 0 0 0 0 0 0 0 0 0 0 0 0 0 0 0 0 0 0 0 0 0 0 0 0 0 0 0 0 0 0 0 0 0 0 0 0 0 0 0 0 0 0 0 0 0 0 0 0 0 0 0 0 0 0 0 0 0 0 0 0 0 0 0 0 0 0 0 0 0 0 0 0 0 0 0 0 0 0 0 0 0 0 0 0 0 0 0 0 0 0 0 0 0 0 0 0 0 0 0 0 0 0 0 0 0 0 0 0 0 0 0 0 0 0 0 0 0 0 0 0 0 0 0 0 0 0 0 0 0 0 0 0 0 0 0 0 0 0 0 0 0 0 0 0 0 0 0 0 0 0 0 0 0 0 0 0 0 0 0 0 0 0 0 0 0 0 0 0 0 0 0 0 0 0 0 0 0 0 0 0 0 0 0 0 0 0 0 0 0 0 0 0 0 0 0 0 0 0 0 0 0 0 0 0 0 0 0 0 0 0 0 0 0 0 0 0 0 0 0 0 0 0 0 0 0 0 0 0 0 0 0 0 0 0 0 0 0 0 0 0 0 0 0 0 0 0 0 0 0 0 0 0 0 0 0 0 0 0 0 0 0 0 0 0 0 0 0 0 0 0 0 0 0 0 0 0 0 0 0 0 0 0 0 0 0 0 0 0 0 0 0 0 0 0 0 0 0 0 0 0 0 0 0 0 0 0 0 0 0 0 0 0 0 0 0 0 0 0 0 0 0 0 0 0 0 0 0 0 0 0 0 0 0 0 0 0 0 0 0 0 0 0 0 0 0 0 0 0 0 0 0 0 0 0 0 0 0 0 0 0 0 0 0 0 0 0 0 0 0 0 0 0 0 0 0 0 0 0 0 0 0 0 0 0 0 0 0 0 0 0 0 0 0 0 0 0 0 0 0 0 0 0 0 0 0 0 0 0 0 0 0 0 0 0 0 0 0 0 0 0 0 0 0 0 0 0 0 0 0 0 0 0 0 0 0 0 0 0 0 0 0 0 0 0 0 0 0 0 0 0 0 0 0 0 0 0 0 0 0 0 0 0 0 0 0 0 0 0 0 0 0 0 0 0 0 0 0 0 0 0 0 0 0 0 0 0 0 0 0 0 0 0 0 0 0 0 0 0 0 0 0 0 0 0 0 0 0 0 0 0 0 0 0 0 0 0 0 0 0 0 0 0 0 0 0 0 0 0 0 0 0 0 0 0 0 0 0 0 0 0 0 0 0 0 0 0 0 0 0 0 0 0 0 0 0 0 0 0 0 0 0 0 0 0 0 0 0 0 0 0 0 0 0 0 0 0 0 0 0 0 0 0 0 0 0 0
ctxt 4205145148
btime 1790630938
processes 275652
procs_running 5
procs_blocked 0
softirq 3910499947 73526 7570095 2752332 3818226147 297265 0 13557519 39839423 410 28183230
--
cpu  2653891 1069 1359961 29190786 47772 0 671196 0 0 0
cpu0 94963 18 37700 920429 1078 0 20149 0 0 0
cpu1 100631 23 39303 916900 881 0 20707 0 0 0
cpu2 102736 21 39616 914925 614 0 21035 0 0 0
cpu3 134699 21 53136 855879 1336 0 33100 0 0 0
cpu4 142338 23 53195 849581 792 0 33295 0 0 0
cpu5 107399 24 40864 908595 598 0 21641 0 0 0
cpu6 109954 21 41992 904225 470 0 22977 0 0 0
cpu7 112665 19 44171 897632 317 0 24813 0 0 0
cpu8 38696 35 36929 955593 1501 0 11746 0 0 0
cpu9 44296 41 39842 936405 3486 0 12623 0 0 0
cpu10 42566 37 38680 942631 1687 0 12511 0 0 0
cpu11 39360 34 35879 957350 1113 0 11412 0 0 0
cpu12 67622 112 42171 909578 4214 0 13506 0 0 0
cpu13 65430 43 42832 909599 4093 0 13794 0 0 0
cpu14 38995 33 35330 960025 1242 0 11184 0 0 0
cpu15 36527 37 32611 971016 1053 0 10206 0 0 0
cpu16 127820 18 47965 875164 623 0 28183 0 0 0
cpu17 119251 17 46176 885746 1445 0 26826 0 0 0
cpu18 114729 17 45195 893217 349 0 26153 0 0 0
cpu19 164085 17 62176 810243 862 0 41567 0 0 0
cpu20 153475 17 59914 824892 888 0 40155 0 0 0
cpu21 111778 19 44410 896564 865 0 25659 0 0 0
cpu22 104028 22 42297 907704 518 0 23729 0 0 0
cpu23 93882 22 38492 926299 615 0 20314 0 0 0
cpu24 42171 40 36600 956448 1448 0 12068 0 0 0
cpu25 46731 42 40441 937573 2558 0 14042 0 0 0
cpu26 44932 39 39563 942698 1933 0 13665 0 0 0
cpu27 38073 28 35279 948786 1511 0 19882 0 0 0
cpu28 66431 62 46044 891852 3421 0 25968 0 0 0
cpu29 69341 99 47421 883665 3739 0 26381 0 0 0
cpu30 37500 26 36622 942912 1449 0 19811 0 0 0
cpu31 40773 26 37100 956643 1057 0 12081 0 0 0
intr 2718568212 126 0 0 0 0 0 0 0 0 1 0 0 0 0 0 0 0 0 0 0 0 0 0 0 0 0 0 1 1 1 0 0 0 0 1 0 1 0 0 75045 0 0 0 0 0 0 0 0 411 0 0 0 0 0 0 0 0 87 0 0 0 0 0 0 0 0 0 0 0 0 0 0 0 283914 2 35019796 34960341 34886630 35021039 0 9009 2849 3257 2028 3459 2916 2578 2768 1854 11774 20407 11976 9156 15615 16910 12063 8143 3031 2068 1682 3186 2591 2259 1787 1838 10090 9141 6761 6981 8708 7967 7121 8756 0 0 0 0 616737 3835 1036 0 264 0 0 0 0 0 0 0 0 0 0 0 0 0 0 0 0 0 0 0 0 0 0 0 0 0 0 0 0 0 0 0 0 0 0 0 0 0 0 0 0 0 0 0 0 0 0 0 0 0 0 0 0 0 0 0 0 0 0 0 0 0 0 0 0 0 0 0 0 0 0 0 0 0 0 0 0 0 0 0 0 0 0 0 0 0 0 0 0 0 0 0 0 0 0 0 0 0 0 0 0 0 0 0 0 0 0 0 0 0 0 0 0 0 0 0 0 0 0 0 0 0 0 0 0 0 0 0 0 0 0 0 0 0 0 0 0 0 0 0 0 0 0 0 0 0 0 0 0 0 0 0 0 0 0 0 0 0 0 0 0 0 0 0 0 0 0 0 0 0 0 0 0 0 0 0 0 0 0 0 0 0 0 0 0 0 0 0 0 0 0 0 0 0 0 0 0 0 0 0 0 0 0 0 0 0 0 0 0 0 0 0 0 0 0 0 0 0 0 0 0 0 0 0 0 0 0 0 0 0 0 0 0 0 0 0 0 0 0 0 0 0 0 0 0 0 0 0 0 0 0 0 0 0 0 0 0 0 0 0 0 0 0 0 0 0 0 0 0 0 0 0 0 0 0 0 0 0 0 0 0 0 0 0 0 0 0 0 0 0 0 0 0 0 0 0 0 0 0 0 0 0 0 0 0 0 0 0 0 0 0 0 0 0 0 0 0 0 0 0 0 0 0 0 0 0 0 0 0 0 0 0 0 0 0 0 0 0 0 0 0 0 0 0 0 0 0 0 0 0 0 0 0 0 0 0 0 0 0 0 0 0 0 0 0 0 0 0 0 0 0 0 0 0 0 0 0 0 0 0 0 0 0 0 0 0 0 0 0 0 0 0 0 0 0 0 0 0 0 0 0 0 0 0 0 0 0 0 0 0 0 0 0 0 0 0 0 0 0 0 0 0 0 0 0 0 0 0 0 0 0 0 0 0 0 0 0 0 0 0 0 0 0 0 0 0 0 0 0 0 0 0 0 0 0 0 0 0 0 0 0 0 0 0 0 0 0 0 0 0 0 0 0 0 0 0 0 0 0 0 0 0 0 0 0 0 0 0 0 0 0 0 0 0 0 0 0 0 0 0 0 0 0 0 0 0 0 0 0 0 0 0 0 0 0 0 0 0 0 0 0 0 0 0 0 0 0 0 0 0 0 0 0 0 0 0 0 0 0 0 0 0 0 0 0 0 0 0 0 0 0 0 0 0 0 0 0 0 0 0 0 0 0 0 0 0 0 0 0 0 0 0 0 0 0 0 0 0 0 0 0 0 0 0 0 0 0 0 0 0 0 0 0 0 0 0 0 0 0 0 0 0 0 0 0 0 0 0 0 0 0 0 0 0 0 0 0 0 0 0 0 0 0 0 0 0 0 0 0 0 0 0 0 0 0 0 0 0 0 0 0 0 0 0 0 0 0 0 0 0 0 0 0 0 0 0 0 0 0 0 0 0 0 0 0 0 0 0 0 0 0 0 0 0 0 0 0 0 0 0 0 0 0 0 0 0 0 0 0 0 0 0 0 0 0 0 0 0 0 0 0 0 0 0 0 0 0 0 0 0 0 0 0 0 0 0 0 0 0 0 0 0 0 0 0 0 0 0 0 0 0 0 0 0 0 0 0 0 0 0 0 0 0 0 0 0 0 0 0 0 0 0 0 0 0 0 0 0 0 0 0 0 0 0 0 0 0 0 0 0 0 0 0 0 0 0 0 0 0 0 0 0 0 0 0 0 0 0 0 0 0 0 0 0 0 0 0 0 0 0 0 0 0 0 0 0 0 0 0 0 0 0 0 0 0 0 0 0 0 0 0 0 0 0 0 0 0 0 0 0 0 0 0 0 0 0 0 0 0 0 0 0 0 0 0 0 0 0 0 0 0 0 0 0 0 0 0 0 0 0 0 0 0 0 0 0 0 0 0 0 0 0 0 0 0 0 0 0 0 0 0 0 0 0 0 0 0 0 0 0 0 0 0 0 0 0 0 0 0 0 0 0 0 0 0 0 0 0 0 0 0 0 0 0 0 0 0 0 0 0 0 0 0 0 0 0 0 0 0 0 0 0 0 0 0 0 0 0 0 0 0 0 0 0 0 0 0 0 0 0 0 0 0 0 0 0 0 0 0 0 0 0 0 0 0 0 0 0 0 0 0 0 0 0 0 0 0 0 0 0 0 0 0 0 0 0 0 0 0 0 0 0 0 0 0 0 0 0 0 0 0 0 0 0 0 0 0 0 0 0 0 0 0 0 0 0 0 0 0 0 0 0 0 0 0 0 0 0 0 0 0 0 0 0 0 0 0 0 0 0 0 0 0 0 0 0 0 0 0 0 0 0 0 0 0 0 0 0 0 0 0 0 0 0 0 0 0 0 0 0 0 0 0 0 0 0 0 0 0 0 0 0 0 0 0 0 0 0 0 0 0 0 0 0 0 0 0 0 0 0 0 0 0
ctxt 4207020903
btime 1790630938
processes 275714
procs_running 4
procs_blocked 0
softirq 3913450546 73526 7614927 2752332 3821088253 297396 0 13557519 39860626 410 28205557
