## wrk 1 (127.0.0.1)
Running 10s test @ http://127.0.0.1:18500/wait
  16 threads and 1000 connections
  Thread Stats   Avg      Stdev     Max   +/- Stdev
    Latency     7.24s     1.49s    9.84s    56.81%
    Req/Sec    25.11     23.07   150.00     82.11%
  Latency Distribution
     50%    7.22s 
     75%    8.53s 
     90%    9.32s 
     99%    9.79s 
  1042 requests in 10.10s, 176.04KB read
Requests/sec:    103.20
Transfer/sec:     17.44KB
## server-stat
cpu  2836943 1132 1465008 31044688 49374 0 726924 0 0 0
cpu0 101173 19 39709 980823 1098 0 21709 0 0 0
cpu1 106611 24 41245 978153 962 0 22172 0 0 0
cpu2 108322 22 41505 976865 616 0 22422 0 0 0
cpu3 147281 22 57304 906497 1348 0 36372 0 0 0
cpu4 153967 24 57224 901451 823 0 36546 0 0 0
cpu5 115010 25 43417 967445 603 0 23512 0 0 0
cpu6 116292 22 43796 965577 496 0 24335 0 0 0
cpu7 124197 20 47474 951152 377 0 27311 0 0 0
cpu8 39273 38 40050 1017783 1545 0 12688 0 0 0
cpu9 45080 44 43199 997438 3553 0 13695 0 0 0
cpu10 43244 41 41989 1003885 1722 0 13604 0 0 0
cpu11 39893 37 38866 1019634 1144 0 12334 0 0 0
cpu12 68890 115 45836 969385 4376 0 14722 0 0 0
cpu13 66567 46 46540 969483 4186 0 15028 0 0 0
cpu14 39487 35 38228 1022718 1272 0 12092 0 0 0
cpu15 36989 40 35328 1034320 1081 0 11013 0 0 0
cpu16 140351 19 51505 927206 677 0 30905 0 0 0
cpu17 131499 17 49739 938218 1467 0 29416 0 0 0
cpu18 126896 18 48716 945863 364 0 28700 0 0 0
cpu19 183947 18 68156 850830 864 0 45981 0 0 0
cpu20 172521 18 65488 867047 931 0 44235 0 0 0
cpu21 122212 20 47444 951768 887 0 27839 0 0 0
cpu22 115234 24 45757 961392 542 0 26236 0 0 0
cpu23 99793 24 40298 988107 646 0 21621 0 0 0
cpu24 42693 43 39632 1018879 1484 0 12980 0 0 0
cpu25 47486 46 43935 998494 2702 0 15142 0 0 0
cpu26 45588 42 42965 1003893 2063 0 14760 0 0 0
cpu27 38596 30 38406 1011127 1532 0 20815 0 0 0
cpu28 67811 65 49941 951404 3551 0 27271 0 0 0
cpu29 70685 103 51476 942876 3856 0 27730 0 0 0
cpu30 38066 28 39753 1005332 1517 0 20774 0 0 0
cpu31 41275 28 40073 1019629 1071 0 12949 0 0 0
intr 2844277757 126 0 0 0 0 0 0 0 0 1 0 0 0 0 0 0 0 0 0 0 0 0 0 0 0 0 0 1 1 1 0 0 0 0 1 0 1 0 0 75045 0 0 0 0 0 0 0 0 411 0 0 0 0 0 0 0 0 87 0 0 0 0 0 0 0 0 0 0 0 0 0 0 0 298270 2 35024145 34965570 34889365 35026475 0 9587 2874 3405 2053 3466 2961 2634 2817 1908 12061 20646 12061 9545 15761 17152 12265 8247 3183 2078 1684 3190 2672 2272 1828 1859 10174 9191 7038 7001 8918 8223 7169 8785 0 0 0 0 616785 3921 1036 0 264 0 0 0 0 0 0 0 0 0 0 0 0 0 0 0 0 0 0 0 0 0 0 0 0 0 0 0 0 0 0 0 0 0 0 0 0 0 0 0 0 0 0 0 0 0 0 0 0 0 0 0 0 0 0 0 0 0 0 0 0 0 0 0 0 0 0 0 0 0 0 0 0 0 0 0 0 0 0 0 0 0 0 0 0 0 0 0 0 0 0 0 0 0 0 0 0 0 0 0 0 0 0 0 0 0 0 0 0 0 0 0 0 0 0 0 0 0 0 0 0 0 0 0 0 0 0 0 0 0 0 0 0 0 0 0 0 0 0 0 0 0 0 0 0 0 0 0 0 0 0 0 0 0 0 0 0 0 0 0 0 0 0 0 0 0 0 0 0 0 0 0 0 0 0 0 0 0 0 0 0 0 0 0 0 0 0 0 0 0 0 0 0 0 0 0 0 0 0 0 0 0 0 0 0 0 0 0 0 0 0 0 0 0 0 0 0 0 0 0 0 0 0 0 0 0 0 0 0 0 0 0 0 0 0 0 0 0 0 0 0 0 0 0 0 0 0 0 0 0 0 0 0 0 0 0 0 0 0 0 0 0 0 0 0 0 0 0 0 0 0 0 0 0 0 0 0 0 0 0 0 0 0 0 0 0 0 0 0 0 0 0 0 0 0 0 0 0 0 0 0 0 0 0 0 0 0 0 0 0 0 0 0 0 0 0 0 0 0 0 0 0 0 0 0 0 0 0 0 0 0 0 0 0 0 0 0 0 0 0 0 0 0 0 0 0 0 0 0 0 0 0 0 0 0 0 0 0 0 0 0 0 0 0 0 0 0 0 0 0 0 0 0 0 0 0 0 0 0 0 0 0 0 0 0 0 0 0 0 0 0 0 0 0 0 0 0 0 0 0 0 0 0 0 0 0 0 0 0 0 0 0 0 0 0 0 0 0 0 0 0 0 0 0 0 0 0 0 0 0 0 0 0 0 0 0 0 0 0 0 0 0 0 0 0 0 0 0 0 0 0 0 0 0 0 0 0 0 0 0 0 0 0 0 0 0 0 0 0 0 0 0 0 0 0 0 0 0 0 0 0 0 0 0 0 0 0 0 0 0 0 0 0 0 0 0 0 0 0 0 0 0 0 0 0 0 0 0 0 0 0 0 0 0 0 0 0 0 0 0 0 0 0 0 0 0 0 0 0 0 0 0 0 0 0 0 0 0 0 0 0 0 0 0 0 0 0 0 0 0 0 0 0 0 0 0 0 0 0 0 0 0 0 0 0 0 0 0 0 0 0 0 0 0 0 0 0 0 0 0 0 0 0 0 0 0 0 0 0 0 0 0 0 0 0 0 0 0 0 0 0 0 0 0 0 0 0 0 0 0 0 0 0 0 0 0 0 0 0 0 0 0 0 0 0 0 0 0 0 0 0 0 0 0 0 0 0 0 0 0 0 0 0 0 0 0 0 0 0 0 0 0 0 0 0 0 0 0 0 0 0 0 0 0 0 0 0 0 0 0 0 0 0 0 0 0 0 0 0 0 0 0 0 0 0 0 0 0 0 0 0 0 0 0 0 0 0 0 0 0 0 0 0 0 0 0 0 0 0 0 0 0 0 0 0 0 0 0 0 0 0 0 0 0 0 0 0 0 0 0 0 0 0 0 0 0 0 0 0 0 0 0 0 0 0 0 0 0 0 0 0 0 0 0 0 0 0 0 0 0 0 0 0 0 0 0 0 0 0 0 0 0 0 0 0 0 0 0 0 0 0 0 0 0 0 0 0 0 0 0 0 0 0 0 0 0 0 0 0 0 0 0 0 0 0 0 0 0 0 0 0 0 0 0 0 0 0 0 0 0 0 0 0 0 0 0 0 0 0 0 0 0 0 0 0 0 0 0 0 0 0 0 0 0 0 0 0 0 0 0 0 0 0 0 0 0 0 0 0 0 0 0 0 0 0 0 0 0 0 0 0 0 0 0 0 0 0 0 0 0 0 0 0 0 0 0 0 0 0 0 0 0 0 0 0 0 0 0 0 0 0 0 0 0 0 0 0 0 0 0 0 0 0 0 0 0 0 0 0 0 0 0 0 0 0 0 0 0 0 0 0 0 0 0 0 0 0 0 0 0 0 0 0 0 0 0 0 0 0 0 0 0 0 0 0 0 0 0 0 0 0 0 0 0 0 0 0 0 0 0 0 0 0 0 0 0 0 0 0 0 0 0 0 0 0 0 0 0 0 0 0 0 0 0 0 0 0 0 0 0 0 0 0 0 0 0 0 0 0 0 0 0 0 0 0 0 0 0 0 0 0 0 0 0 0 0 0 0 0 0 0 0 0 0 0 0 0 0 0 0 0 0 0 0 0 0 0 0 0 0 0 0 0 0 0 0 0 0 0 0 0 0 0 0 0 0 0 0 0 0 0 0 0 0 0 0 0 0 0 0 0 0 0 0 0 0 0 0 0 0 0 0 0 0 0 0 0 0 0 0 0 0 0
ctxt 4438317338
btime 1790630938
processes 291830
procs_running 1
procs_blocked 0
softirq 4252853322 73526 9462302 2752426 4154329725 312542 0 13557925 41791345 410 30573121
--
cpu  2836998 1133 1465016 31070174 49390 0 726925 0 0 0
cpu0 101174 19 39709 981621 1098 0 21709 0 0 0
cpu1 106611 24 41246 978951 962 0 22172 0 0 0
cpu2 108322 22 41505 977661 617 0 22422 0 0 0
cpu3 147281 22 57304 907295 1348 0 36372 0 0 0
cpu4 153968 24 57224 902249 823 0 36546 0 0 0
cpu5 115010 25 43417 968242 603 0 23512 0 0 0
cpu6 116292 22 43796 966376 496 0 24335 0 0 0
cpu7 124197 20 47474 951951 377 0 27311 0 0 0
cpu8 39274 38 40050 1018581 1545 0 12688 0 0 0
cpu9 45081 44 43199 998236 3553 0 13695 0 0 0
cpu10 43244 41 41989 1004683 1722 0 13604 0 0 0
cpu11 39893 37 38866 1020432 1144 0 12334 0 0 0
cpu12 68913 115 45837 970158 4376 0 14722 0 0 0
cpu13 66591 46 46542 970253 4187 0 15028 0 0 0
cpu14 39488 35 38229 1023502 1287 0 12092 0 0 0
cpu15 36989 40 35328 1035119 1081 0 11013 0 0 0
cpu16 140351 19 51505 928005 677 0 30905 0 0 0
cpu17 131499 17 49739 939017 1467 0 29416 0 0 0
cpu18 126896 18 48716 946662 364 0 28700 0 0 0
cpu19 183947 18 68157 851628 864 0 45981 0 0 0
cpu20 172522 18 65488 867845 931 0 44235 0 0 0
cpu21 122212 20 47444 952567 887 0 27839 0 0 0
cpu22 115234 24 45757 962191 542 0 26236 0 0 0
cpu23 99793 24 40298 988906 646 0 21622 0 0 0
cpu24 42693 43 39632 1019677 1485 0 12980 0 0 0
cpu25 47486 46 43935 999293 2702 0 15142 0 0 0
cpu26 45589 42 42965 1004693 2063 0 14760 0 0 0
cpu27 38596 30 38406 1011926 1532 0 20815 0 0 0
cpu28 67812 65 49941 952202 3551 0 27271 0 0 0
cpu29 70685 103 51476 943675 3856 0 27730 0 0 0
cpu30 38066 28 39753 1006131 1517 0 20774 0 0 0
cpu31 41275 28 40073 1020428 1071 0 12949 0 0 0
intr 2844397603 126 0 0 0 0 0 0 0 0 1 0 0 0 0 0 0 0 0 0 0 0 0 0 0 0 0 0 1 1 1 0 0 0 0 1 0 1 0 0 75045 0 0 0 0 0 0 0 0 411 0 0 0 0 0 0 0 0 87 0 0 0 0 0 0 0 0 0 0 0 0 0 0 0 298388 2 35024186 34965604 34889370 35026524 0 9591 2874 3406 2062 3466 2962 2634 2817 1911 12061 20646 12061 9545 15764 17154 12265 8247 3183 2078 1684 3193 2672 2272 1828 1859 10178 9311 7038 7001 8918 8223 7169 8785 0 0 0 0 616785 3921 1036 0 264 0 0 0 0 0 0 0 0 0 0 0 0 0 0 0 0 0 0 0 0 0 0 0 0 0 0 0 0 0 0 0 0 0 0 0 0 0 0 0 0 0 0 0 0 0 0 0 0 0 0 0 0 0 0 0 0 0 0 0 0 0 0 0 0 0 0 0 0 0 0 0 0 0 0 0 0 0 0 0 0 0 0 0 0 0 0 0 0 0 0 0 0 0 0 0 0 0 0 0 0 0 0 0 0 0 0 0 0 0 0 0 0 0 0 0 0 0 0 0 0 0 0 0 0 0 0 0 0 0 0 0 0 0 0 0 0 0 0 0 0 0 0 0 0 0 0 0 0 0 0 0 0 0 0 0 0 0 0 0 0 0 0 0 0 0 0 0 0 0 0 0 0 0 0 0 0 0 0 0 0 0 0 0 0 0 0 0 0 0 0 0 0 0 0 0 0 0 0 0 0 0 0 0 0 0 0 0 0 0 0 0 0 0 0 0 0 0 0 0 0 0 0 0 0 0 0 0 0 0 0 0 0 0 0 0 0 0 0 0 0 0 0 0 0 0 0 0 0 0 0 0 0 0 0 0 0 0 0 0 0 0 0 0 0 0 0 0 0 0 0 0 0 0 0 0 0 0 0 0 0 0 0 0 0 0 0 0 0 0 0 0 0 0 0 0 0 0 0 0 0 0 0 0 0 0 0 0 0 0 0 0 0 0 0 0 0 0 0 0 0 0 0 0 0 0 0 0 0 0 0 0 0 0 0 0 0 0 0 0 0 0 0 0 0 0 0 0 0 0 0 0 0 0 0 0 0 0 0 0 0 0 0 0 0 0 0 0 0 0 0 0 0 0 0 0 0 0 0 0 0 0 0 0 0 0 0 0 0 0 0 0 0 0 0 0 0 0 0 0 0 0 0 0 0 0 0 0 0 0 0 0 0 0 0 0 0 0 0 0 0 0 0 0 0 0 0 0 0 0 0 0 0 0 0 0 0 0 0 0 0 0 0 0 0 0 0 0 0 0 0 0 0 0 0 0 0 0 0 0 0 0 0 0 0 0 0 0 0 0 0 0 0 0 0 0 0 0 0 0 0 0 0 0 0 0 0 0 0 0 0 0 0 0 0 0 0 0 0 0 0 0 0 0 0 0 0 0 0 0 0 0 0 0 0 0 0 0 0 0 0 0 0 0 0 0 0 0 0 0 0 0 0 0 0 0 0 0 0 0 0 0 0 0 0 0 0 0 0 0 0 0 0 0 0 0 0 0 0 0 0 0 0 0 0 0 0 0 0 0 0 0 0 0 0 0 0 0 0 0 0 0 0 0 0 0 0 0 0 0 0 0 0 0 0 0 0 0 0 0 0 0 0 0 0 0 0 0 0 0 0 0 0 0 0 0 0 0 0 0 0 0 0 0 0 0 0 0 0 0 0 0 0 0 0 0 0 0 0 0 0 0 0 0 0 0 0 0 0 0 0 0 0 0 0 0 0 0 0 0 0 0 0 0 0 0 0 0 0 0 0 0 0 0 0 0 0 0 0 0 0 0 0 0 0 0 0 0 0 0 0 0 0 0 0 0 0 0 0 0 0 0 0 0 0 0 0 0 0 0 0 0 0 0 0 0 0 0 0 0 0 0 0 0 0 0 0 0 0 0 0 0 0 0 0 0 0 0 0 0 0 0 0 0 0 0 0 0 0 0 0 0 0 0 0 0 0 0 0 0 0 0 0 0 0 0 0 0 0 0 0 0 0 0 0 0 0 0 0 0 0 0 0 0 0 0 0 0 0 0 0 0 0 0 0 0 0 0 0 0 0 0 0 0 0 0 0 0 0 0 0 0 0 0 0 0 0 0 0 0 0 0 0 0 0 0 0 0 0 0 0 0 0 0 0 0 0 0 0 0 0 0 0 0 0 0 0 0 0 0 0 0 0 0 0 0 0 0 0 0 0 0 0 0 0 0 0 0 0 0 0 0 0 0 0 0 0 0 0 0 0 0 0 0 0 0 0 0 0 0 0 0 0 0 0 0 0 0 0 0 0 0 0 0 0 0 0 0 0 0 0 0 0 0 0 0 0 0 0 0 0 0 0 0 0 0 0 0 0 0 0 0 0 0 0 0 0 0 0 0 0 0 0 0 0 0 0 0 0 0 0 0 0 0 0 0 0 0 0 0 0 0 0 0 0 0 0 0 0 0 0 0 0 0 0 0 0 0 0 0 0 0 0 0 0 0 0 0 0 0 0 0 0 0 0 0 0 0 0 0 0 0 0 0 0 0 0 0 0 0 0 0 0 0 0 0 0 0 0 0 0 0 0 0 0 0 0 0 0 0 0 0 0 0 0 0 0 0 0 0 0 0 0 0 0 0 0 0 0 0 0 0 0 0 0 0 0 0 0 0 0 0 0 0 0 0 0 0 0 0 0 0 0 0 0 0 0 0 0 0 0 0 0 0 0 0 0 0 0 0 0 0 0 0 0 0 0 0 0 0 0 0 0
ctxt 4438497542
btime 1790630938
processes 291865
procs_running 1
procs_blocked 0
softirq 4252873807 73526 9466551 2752426 4154332322 312664 0 13557925 41798122 410 30579861
