## wrk 1 (127.0.0.1)
Running 10s test @ http://127.0.0.1:18500/wait
  16 threads and 25000 connections
  Thread Stats   Avg      Stdev     Max   +/- Stdev
    Latency   166.27ms   32.80ms   1.41s    96.63%
    Req/Sec     9.42k     3.99k   71.50k    70.55%
  Latency Distribution
     50%  165.93ms
     75%  167.58ms
     90%  169.48ms
     99%  192.67ms
  1448769 requests in 10.10s, 219.68MB read
Requests/sec: 143506.09
Transfer/sec:     21.76MB
## server-stat
cpu  2650280 1067 1357894 29079693 47719 0 669802 0 0 0
cpu0 94929 18 37682 916771 1078 0 20126 0 0 0
cpu1 100615 23 39295 913170 881 0 20699 0 0 0
cpu2 102727 21 39612 911176 614 0 21032 0 0 0
cpu3 133976 21 52852 853373 1336 0 32857 0 0 0
cpu4 141930 23 53013 846570 792 0 33126 0 0 0
cpu5 107396 24 40862 904838 598 0 21640 0 0 0
cpu6 109952 21 41990 900468 470 0 22976 0 0 0
cpu7 112662 19 44170 893873 317 0 24812 0 0 0
cpu8 38683 35 36894 951991 1501 0 11735 0 0 0
cpu9 44261 41 39774 932944 3485 0 12594 0 0 0
cpu10 42541 37 38624 939133 1687 0 12491 0 0 0
cpu11 39346 34 35836 953790 1101 0 11395 0 0 0
cpu12 67571 112 42077 906194 4213 0 13472 0 0 0
cpu13 65373 43 42740 906226 4091 0 13757 0 0 0
cpu14 38978 33 35272 956503 1242 0 11163 0 0 0
cpu15 36517 37 32573 967430 1052 0 10192 0 0 0
cpu16 127809 18 47962 871416 623 0 28182 0 0 0
cpu17 119249 17 46175 881987 1445 0 26826 0 0 0
cpu18 114725 17 45194 889460 349 0 26153 0 0 0
cpu19 163206 17 61825 808009 857 0 41273 0 0 0
cpu20 152396 17 59546 822901 887 0 39829 0 0 0
cpu21 111775 19 44407 892813 860 0 25659 0 0 0
cpu22 104025 22 42296 903947 517 0 23729 0 0 0
cpu23 93881 22 38491 922538 615 0 20314 0 0 0
cpu24 42158 40 36573 952829 1448 0 12058 0 0 0
cpu25 46713 42 40403 934003 2558 0 14026 0 0 0
cpu26 44912 39 39530 939117 1923 0 13651 0 0 0
cpu27 38061 28 35258 945137 1511 0 19874 0 0 0
cpu28 66379 61 45958 888451 3420 0 25933 0 0 0
cpu29 69269 99 47333 880304 3726 0 26344 0 0 0
cpu30 37487 25 36583 939329 1449 0 19796 0 0 0
cpu31 40765 26 37080 952988 1057 0 12072 0 0 0
intr 2714319922 126 0 0 0 0 0 0 0 0 1 0 0 0 0 0 0 0 0 0 0 0 0 0 0 0 0 0 1 1 1 0 0 0 0 1 0 1 0 0 75045 0 0 0 0 0 0 0 0 411 0 0 0 0 0 0 0 0 87 0 0 0 0 0 0 0 0 0 0 0 0 0 0 0 283411 2 35019507 34960175 34886466 35020833 0 8976 2845 3256 2027 3459 2915 2578 2767 1854 11773 20407 11976 9156 15609 16910 12063 8143 3029 2068 1682 3186 2471 2259 1763 1838 10090 9140 6761 6979 8704 7967 7121 8756 0 0 0 0 616733 3832 1036 0 264 0 0 0 0 0 0 0 0 0 0 0 0 0 0 0 0 0 0 0 0 0 0 0 0 0 0 0 0 0 0 0 0 0 0 0 0 0 0 0 0 0 0 0 0 0 0 0 0 0 0 0 0 0 0 0 0 0 0 0 0 0 0 0 0 0 0 0 0 0 0 0 0 0 0 0 0 0 0 0 0 0 0 0 0 0 0 0 0 0 0 0 0 0 0 0 0 0 0 0 0 0 0 0 0 0 0 0 0 0 0 0 0 0 0 0 0 0 0 0 0 0 0 0 0 0 0 0 0 0 0 0 0 0 0 0 0 0 0 0 0 0 0 0 0 0 0 0 0 0 0 0 0 0 0 0 0 0 0 0 0 0 0 0 0 0 0 0 0 0 0 0 0 0 0 0 0 0 0 0 0 0 0 0 0 0 0 0 0 0 0 0 0 0 0 0 0 0 0 0 0 0 0 0 0 0 0 0 0 0 0 0 0 0 0 0 0 0 0 0 0 0 0 0 0 0 0 0 0 0 0 0 0 0 0 0 0 0 0 0 0 0 0 0 0 0 0 0 0 0 0 0 0 0 0 0 0 0 0 0 0 0 0 0 0 0 0 0 0 0 0 0 0 0 0 0 0 0 0 0 0 0 0 0 0 0 0 0 0 0 0 0 0 0 0 0 0 0 0 0 0 0 0 0 0 0 0 0 0 0 0 0 0 0 0 0 0 0 0 0 0 0 0 0 0 0 0 0 0 0 0 0 0 0 0 0 0 0 0 0 0 0 0 0 0 0 0 0 0 0 0 0 0 0 0 0 0 0 0 0 0 0 0 0 0 0 0 0 0 0 0 0 0 0 0 0 0 0 0 0 0 0 0 0 0 0 0 0 0 0 0 0 0 0 0 0 0 0 0 0 0 0 0 0 0 0 0 0 0 0 0 0 0 0 0 0 0 0 0 0 0 0 0 0 0 0 0 0 0 0 0 0 0 0 0 0 0 0 0 0 0 0 0 0 0 0 0 0 0 0 0 0 0 0 0 0 0 0 0 0 0 0 0 0 0 0 0 0 0 0 0 0 0 0 0 0 0 0 0 0 0 0 0 0 0 0 0 0 0 0 0 0 0 0 0 0 0 0 0 0 0 0 0 0 0 0 0 0 0 0 0 0 0 0 0 0 0 0 0 0 0 0 0 0 0 0 0 0 0 0 0 0 0 0 0 0 0 0 0 0 0 0 0 0 0 0 0 0 0 0 0 0 0 0 0 0 0 0 0 0 0 0 0 0 0 0 0 0 0 0 0 0 0 0 0 0 0 0 0 0 0 0 0 0 0 0 0 0 0 0 0 0 0 0 0 0 0 0 0 0 0 0 0 0 0 0 0 0 0 0 0 0 0 0 0 0 0 0 0 0 0 0 0 0 0 0 0 0 0 0 0 0 0 0 0 0 0 0 0 0 0 0 0 0 0 0 0 0 0 0 0 0 0 0 0 0 0 0 0 0 0 0 0 0 0 0 0 0 0 0 0 0 0 0 0 0 0 0 0 0 0 0 0 0 0 0 0 0 0 0 0 0 0 0 0 0 0 0 0 0 0 0 0 0 0 0 0 0 0 0 0 0 0 0 0 0 0 0 0 0 0 0 0 0 0 0 0 0 0 0 0 0 0 0 0 0 0 0 0 0 0 0 0 0 0 0 0 0 0 0 0 0 0 0 0 0 0 0 0 0 0 0 0 0 0 0 0 0 0 0 0 0 0 0 0 0 0 0 0 0 0 0 0 0 0 0 0 0 0 0 0 0 0 0 0 0 0 0 0 0 0 0 0 0 0 0 0 0 0 0 0 0 0 0 0 0 0 0 0 0 0 0 0 0 0 0 0 0 0 0 0 0 0 0 0 0 0 0 0 0 0 0 0 0 0 0 0 0 0 0 0 0 0 0 0 0 0 0 0 0 0 0 0 0 0 0 0 0 0 0 0 0 0 0 0 0 0 0 0 0 0 0 0 0 0 0 0 0 0 0 0 0 0 0 0 0 0 0 0 0 0 0 0 0 0 0 0 0 0 0 0 0 0 0 0 0 0 0 0 0 0 0 0 0 0 0 0 0 0 0 0 0 0 0 0 0 0 0 0 0 0 0 0 0 0 0 0 0 0 0 0 0 0 0 0 0 0 0 0 0 0 0 0 0 0 0 0 0 0 0 0 0 0 0 0 0 0 0 0 0 0 0 0 0 0 0 0 0 0 0 0 0 0 0 0 0 0 0 0 0 0 0 0 0 0 0 0 0 0 0 0 0 0 0 0 0 0 0 0 0 0 0 0 0 0 0 0 0 0 0 0 0 0 0 0 0 0 0 0 0 0 0 0 0 0 0 0 0 0 0 0 0 0 0 0 0 0 0 0 0 0 0 0 0 0 0 0 0 0 0 0 0 0 0 0 0 0 0 0 0 0 0 0 0 0 0 0 0 0 0 0 0 0 0 0 0 0 0 0 0 0 0 0
ctxt 4199375870
btime 1790630938
processes 274987
procs_running 6
procs_blocked 0
softirq 3903811360 73526 7499048 2752328 3811727066 296863 0 13557502 39778604 410 28126013
--
cpu  2651401 1067 1358525 29102436 47721 0 670167 0 0 0
cpu0 94929 18 37682 917560 1078 0 20127 0 0 0
cpu1 100617 23 39295 913967 881 0 20699 0 0 0
cpu2 102728 21 39612 911974 614 0 21032 0 0 0
cpu3 134087 21 52891 853993 1336 0 32886 0 0 0
cpu4 142109 23 53082 847076 792 0 33173 0 0 0
cpu5 107396 24 40862 905636 598 0 21640 0 0 0
cpu6 109952 21 41990 901266 470 0 22976 0 0 0
cpu7 112663 19 44170 894672 317 0 24812 0 0 0
cpu8 38686 35 36902 952742 1501 0 11739 0 0 0
cpu9 44270 41 39798 933642 3485 0 12605 0 0 0
cpu10 42550 37 38642 939851 1687 0 12497 0 0 0
cpu11 39350 34 35845 954545 1101 0 11398 0 0 0
cpu12 67582 112 42107 906871 4213 0 13484 0 0 0
cpu13 65383 43 42774 906894 4091 0 13772 0 0 0
cpu14 38982 33 35289 957235 1242 0 11169 0 0 0
cpu15 36519 37 32580 968191 1053 0 10195 0 0 0
cpu16 127814 18 47962 872209 623 0 28182 0 0 0
cpu17 119250 17 46175 882784 1445 0 26826 0 0 0
cpu18 114725 17 45194 890258 349 0 26153 0 0 0
cpu19 163594 17 61956 808189 857 0 41373 0 0 0
cpu20 152714 17 59656 823195 887 0 39906 0 0 0
cpu21 111775 19 44408 893611 860 0 25659 0 0 0
cpu22 104026 22 42296 904744 517 0 23729 0 0 0
cpu23 93881 22 38491 923337 615 0 20314 0 0 0
cpu24 42160 40 36576 953606 1448 0 12060 0 0 0
cpu25 46718 42 40415 934743 2558 0 14031 0 0 0
cpu26 44918 39 39539 939870 1923 0 13654 0 0 0
cpu27 38064 28 35260 945916 1511 0 19876 0 0 0
cpu28 66396 61 45995 889106 3420 0 25948 0 0 0
cpu29 69290 99 47375 880941 3726 0 26362 0 0 0
cpu30 37492 25 36600 940058 1449 0 19803 0 0 0
cpu31 40768 26 37089 953741 1057 0 12076 0 0 0
intr 2715490745 126 0 0 0 0 0 0 0 0 1 0 0 0 0 0 0 0 0 0 0 0 0 0 0 0 0 0 1 1 1 0 0 0 0 1 0 1 0 0 75045 0 0 0 0 0 0 0 0 411 0 0 0 0 0 0 0 0 87 0 0 0 0 0 0 0 0 0 0 0 0 0 0 0 283411 2 35019541 34960198 34886491 35020872 0 8984 2845 3256 2027 3459 2915 2578 2767 1854 11773 20407 11976 9156 15609 16910 12063 8143 3031 2068 1682 3186 2472 2259 1769 1838 10090 9140 6761 6980 8708 7967 7121 8756 0 0 0 0 616737 3832 1036 0 264 0 0 0 0 0 0 0 0 0 0 0 0 0 0 0 0 0 0 0 0 0 0 0 0 0 0 0 0 0 0 0 0 0 0 0 0 0 0 0 0 0 0 0 0 0 0 0 0 0 0 0 0 0 0 0 0 0 0 0 0 0 0 0 0 0 0 0 0 0 0 0 0 0 0 0 0 0 0 0 0 0 0 0 0 0 0 0 0 0 0 0 0 0 0 0 0 0 0 0 0 0 0 0 0 0 0 0 0 0 0 0 0 0 0 0 0 0 0 0 0 0 0 0 0 0 0 0 0 0 0 0 0 0 0 0 0 0 0 0 0 0 0 0 0 0 0 0 0 0 0 0 0 0 0 0 0 0 0 0 0 0 0 0 0 0 0 0 0 0 0 0 0 0 0 0 0 0 0 0 0 0 0 0 0 0 0 0 0 0 0 0 0 0 0 0 0 0 0 0 0 0 0 0 0 0 0 0 0 0 0 0 0 0 0 0 0 0 0 0 0 0 0 0 0 0 0 0 0 0 0 0 0 0 0 0 0 0 0 0 0 0 0 0 0 0 0 0 0 0 0 0 0 0 0 0 0 0 0 0 0 0 0 0 0 0 0 0 0 0 0 0 0 0 0 0 0 0 0 0 0 0 0 0 0 0 0 0 0 0 0 0 0 0 0 0 0 0 0 0 0 0 0 0 0 0 0 0 0 0 0 0 0 0 0 0 0 0 0 0 0 0 0 0 0 0 0 0 0 0 0 0 0 0 0 0 0 0 0 0 0 0 0 0 0 0 0 0 0 0 0 0 0 0 0 0 0 0 0 0 0 0 0 0 0 0 0 0 0 0 0 0 0 0 0 0 0 0 0 0 0 0 0 0 0 0 0 0 0 0 0 0 0 0 0 0 0 0 0 0 0 0 0 0 0 0 0 0 0 0 0 0 0 0 0 0 0 0 0 0 0 0 0 0 0 0 0 0 0 0 0 0 0 0 0 0 0 0 0 0 0 0 0 0 0 0 0 0 0 0 0 0 0 0 0 0 0 0 0 0 0 0 0 0 0 0 0 0 0 0 0 0 0 0 0 0 0 0 0 0 0 0 0 0 0 0 0 0 0 0 0 0 0 0 0 0 0 0 0 0 0 0 0 0 0 0 0 0 0 0 0 0 0 0 0 0 0 0 0 0 0 0 0 0 0 0 0 0 0 0 0 0 0 0 0 0 0 0 0 0 0 0 0 0 0 0 0 0 0 0 0 0 0 0 0 0 0 0 0 0 0 0 0 0 0 0 0 0 0 0 0 0 0 0 0 0 0 0 0 0 0 0 0 0 0 0 0 0 0 0 0 0 0 0 0 0 0 0 0 0 0 0 0 0 0 0 0 0 0 0 0 0 0 0 0 0 0 0 0 0 0 0 0 0 0 0 0 0 0 0 0 0 0 0 0 0 0 0 0 0 0 0 0 0 0 0 0 0 0 0 0 0 0 0 0 0 0 0 0 0 0 0 0 0 0 0 0 0 0 0 0 0 0 0 0 0 0 0 0 0 0 0 0 0 0 0 0 0 0 0 0 0 0 0 0 0 0 0 0 0 0 0 0 0 0 0 0 0 0 0 0 0 0 0 0 0 0 0 0 0 0 0 0 0 0 0 0 0 0 0 0 0 0 0 0 0 0 0 0 0 0 0 0 0 0 0 0 0 0 0 0 0 0 0 0 0 0 0 0 0 0 0 0 0 0 0 0 0 0 0 0 0 0 0 0 0 0 0 0 0 0 0 0 0 0 0 0 0 0 0 0 0 0 0 0 0 0 0 0 0 0 0 0 0 0 0 0 0 0 0 0 0 0 0 0 0 0 0 0 0 0 0 0 0 0 0 0 0 0 0 0 0 0 0 0 0 0 0 0 0 0 0 0 0 0 0 0 0 0 0 0 0 0 0 0 0 0 0 0 0 0 0 0 0 0 0 0 0 0 0 0 0 0 0 0 0 0 0 0 0 0 0 0 0 0 0 0 0 0 0 0 0 0 0 0 0 0 0 0 0 0 0 0 0 0 0 0 0 0 0 0 0 0 0 0 0 0 0 0 0 0 0 0 0 0 0 0 0 0 0 0 0 0 0 0 0 0 0 0 0 0 0 0 0 0 0 0 0 0 0 0 0 0 0 0 0 0 0 0 0 0 0 0 0 0 0 0 0 0 0 0 0 0 0 0 0 0 0 0 0 0 0 0 0 0 0 0 0 0 0 0 0 0 0 0 0 0 0 0 0 0 0 0 0 0 0 0 0 0 0 0 0 0 0 0 0 0 0 0 0 0 0 0 0 0 0 0 0 0 0 0 0 0 0 0 0 0 0 0 0 0 0 0 0 0 0 0 0 0 0 0 0 0 0 0 0 0 0 0 0 0 0 0 0 0 0 0 0 0 0 0 0 0 0 0 0 0 0 0 0 0 0 0 0 0 0 0 0 0 0 0 0 0 0 0 0 0 0 0 0 0 0 0
ctxt 4201494907
btime 1790630938
processes 275045
procs_running 5
procs_blocked 0
softirq 3906342799 73526 7537308 2752328 3814180480 296871 0 13557502 39799903 410 28144471
