## wrk 1 (127.0.0.1)
Running 10s test @ http://127.0.0.1:18500/wait
  16 threads and 10000 connections
  Thread Stats   Avg      Stdev     Max   +/- Stdev
    Latency    17.70ms    1.29ms  29.67ms   67.06%
    Req/Sec    35.44k     0.97k   37.01k    76.56%
  Latency Distribution
     50%   17.71ms
     75%   18.62ms
     90%   19.34ms
     99%   20.55ms
  5641750 requests in 10.04s, 704.83MB read
Requests/sec: 561733.37
Transfer/sec:     70.18MB
## server-stat
cpu  2707659 1087 1392326 29684860 48259 0 689084 0 0 0
cpu0 95908 19 38093 937921 1097 0 20502 0 0 0
cpu1 102668 23 40055 932905 882 0 21304 0 0 0
cpu2 104928 21 40390 930811 614 0 21593 0 0 0
cpu3 138120 21 54321 869687 1338 0 34044 0 0 0
cpu4 145579 23 54288 863768 794 0 34177 0 0 0
cpu5 109845 24 41767 923961 599 0 22349 0 0 0
cpu6 111569 21 42550 921007 487 0 23425 0 0 0
cpu7 116432 19 45389 911091 355 0 25770 0 0 0
cpu8 38884 36 37885 972178 1503 0 12062 0 0 0
cpu9 44535 42 40845 952750 3495 0 12954 0 0 0
cpu10 42779 38 39674 959007 1709 0 12850 0 0 0
cpu11 39529 35 36790 973988 1131 0 11707 0 0 0
cpu12 67966 113 43258 925628 4273 0 13867 0 0 0
cpu13 65762 44 43940 925638 4110 0 14176 0 0 0
cpu14 39157 34 36211 976864 1244 0 11476 0 0 0
cpu15 36678 38 33434 988016 1067 0 10466 0 0 0
cpu16 132539 18 49390 887307 623 0 29338 0 0 0
cpu17 122711 17 47284 899754 1446 0 27679 0 0 0
cpu18 117873 18 46246 907611 350 0 26991 0 0 0
cpu19 169551 18 63776 821451 863 0 42708 0 0 0
cpu20 158736 17 61413 836475 888 0 41241 0 0 0
cpu21 114804 19 45348 911265 876 0 26405 0 0 0
cpu22 107702 23 43483 921370 520 0 24631 0 0 0
cpu23 95474 23 38971 943272 632 0 20675 0 0 0
cpu24 42341 41 37556 973094 1450 0 12376 0 0 0
cpu25 46975 44 41532 953749 2577 0 14400 0 0 0
cpu26 45139 40 40637 958874 2016 0 14026 0 0 0
cpu27 38247 28 36262 965336 1513 0 20198 0 0 0
cpu28 66855 63 47230 907733 3433 0 26380 0 0 0
cpu29 69729 100 48647 899415 3806 0 26800 0 0 0
cpu30 37685 26 37605 959522 1487 0 20126 0 0 0
cpu31 40944 27 38042 973397 1066 0 12375 0 0 0
intr 2758936500 126 0 0 0 0 0 0 0 0 1 0 0 0 0 0 0 0 0 0 0 0 0 0 0 0 0 0 1 1 1 0 0 0 0 1 0 1 0 0 75045 0 0 0 0 0 0 0 0 411 0 0 0 0 0 0 0 0 87 0 0 0 0 0 0 0 0 0 0 0 0 0 0 0 288421 2 35020780 34961624 34887376 35022628 0 9164 2852 3258 2028 3461 2924 2583 2779 1854 11781 20578 11982 9281 15716 16947 12117 8218 3150 2070 1683 3187 2671 2265 1795 1841 10094 9161 6936 6985 8729 7979 7129 8760 0 0 0 0 616749 3861 1036 0 264 0 0 0 0 0 0 0 0 0 0 0 0 0 0 0 0 0 0 0 0 0 0 0 0 0 0 0 0 0 0 0 0 0 0 0 0 0 0 0 0 0 0 0 0 0 0 0 0 0 0 0 0 0 0 0 0 0 0 0 0 0 0 0 0 0 0 0 0 0 0 0 0 0 0 0 0 0 0 0 0 0 0 0 0 0 0 0 0 0 0 0 0 0 0 0 0 0 0 0 0 0 0 0 0 0 0 0 0 0 0 0 0 0 0 0 0 0 0 0 0 0 0 0 0 0 0 0 0 0 0 0 0 0 0 0 0 0 0 0 0 0 0 0 0 0 0 0 0 0 0 0 0 0 0 0 0 0 0 0 0 0 0 0 0 0 0 0 0 0 0 0 0 0 0 0 0 0 0 0 0 0 0 0 0 0 0 0 0 0 0 0 0 0 0 0 0 0 0 0 0 0 0 0 0 0 0 0 0 0 0 0 0 0 0 0 0 0 0 0 0 0 0 0 0 0 0 0 0 0 0 0 0 0 0 0 0 0 0 0 0 0 0 0 0 0 0 0 0 0 0 0 0 0 0 0 0 0 0 0 0 0 0 0 0 0 0 0 0 0 0 0 0 0 0 0 0 0 0 0 0 0 0 0 0 0 0 0 0 0 0 0 0 0 0 0 0 0 0 0 0 0 0 0 0 0 0 0 0 0 0 0 0 0 0 0 0 0 0 0 0 0 0 0 0 0 0 0 0 0 0 0 0 0 0 0 0 0 0 0 0 0 0 0 0 0 0 0 0 0 0 0 0 0 0 0 0 0 0 0 0 0 0 0 0 0 0 0 0 0 0 0 0 0 0 0 0 0 0 0 0 0 0 0 0 0 0 0 0 0 0 0 0 0 0 0 0 0 0 0 0 0 0 0 0 0 0 0 0 0 0 0 0 0 0 0 0 0 0 0 0 0 0 0 0 0 0 0 0 0 0 0 0 0 0 0 0 0 0 0 0 0 0 0 0 0 0 0 0 0 0 0 0 0 0 0 0 0 0 0 0 0 0 0 0 0 0 0 0 0 0 0 0 0 0 0 0 0 0 0 0 0 0 0 0 0 0 0 0 0 0 0 0 0 0 0 0 0 0 0 0 0 0 0 0 0 0 0 0 0 0 0 0 0 0 0 0 0 0 0 0 0 0 0 0 0 0 0 0 0 0 0 0 0 0 0 0 0 0 0 0 0 0 0 0 0 0 0 0 0 0 0 0 0 0 0 0 0 0 0 0 0 0 0 0 0 0 0 0 0 0 0 0 0 0 0 0 0 0 0 0 0 0 0 0 0 0 0 0 0 0 0 0 0 0 0 0 0 0 0 0 0 0 0 0 0 0 0 0 0 0 0 0 0 0 0 0 0 0 0 0 0 0 0 0 0 0 0 0 0 0 0 0 0 0 0 0 0 0 0 0 0 0 0 0 0 0 0 0 0 0 0 0 0 0 0 0 0 0 0 0 0 0 0 0 0 0 0 0 0 0 0 0 0 0 0 0 0 0 0 0 0 0 0 0 0 0 0 0 0 0 0 0 0 0 0 0 0 0 0 0 0 0 0 0 0 0 0 0 0 0 0 0 0 0 0 0 0 0 0 0 0 0 0 0 0 0 0 0 0 0 0 0 0 0 0 0 0 0 0 0 0 0 0 0 0 0 0 0 0 0 0 0 0 0 0 0 0 0 0 0 0 0 0 0 0 0 0 0 0 0 0 0 0 0 0 0 0 0 0 0 0 0 0 0 0 0 0 0 0 0 0 0 0 0 0 0 0 0 0 0 0 0 0 0 0 0 0 0 0 0 0 0 0 0 0 0 0 0 0 0 0 0 0 0 0 0 0 0 0 0 0 0 0 0 0 0 0 0 0 0 0 0 0 0 0 0 0 0 0 0 0 0 0 0 0 0 0 0 0 0 0 0 0 0 0 0 0 0 0 0 0 0 0 0 0 0 0 0 0 0 0 0 0 0 0 0 0 0 0 0 0 0 0 0 0 0 0 0 0 0 0 0 0 0 0 0 0 0 0 0 0 0 0 0 0 0 0 0 0 0 0 0 0 0 0 0 0 0 0 0 0 0 0 0 0 0 0 0 0 0 0 0 0 0 0 0 0 0 0 0 0 0 0 0 0 0 0 0 0 0 0 0 0 0 0 0 0 0 0 0 0 0 0 0 0 0 0 0 0 0 0 0 0 0 0 0 0 0 0 0 0 0 0 0 0 0 0 0 0 0 0 0 0 0 0 0 0 0 0 0 0 0 0 0 0 0 0 0 0 0 0 0 0 0 0 0 0 0 0 0 0 0 0 0 0 0 0 0 0 0 0 0 0 0 0 0 0 0 0 0 0 0 0 0 0 0 0 0 0 0 0 0 0 0 0 0 0 0 0 0 0 0 0 0 0 0 0 0 0 0 0 0 0 0 0 0 0 0 0 0 0 0 0 0 0 0 0 0 0 0 0 0
ctxt 4282091863
btime 1790630938
processes 280166
procs_running 13
procs_blocked 0
softirq 4021124691 73526 8031222 2752364 3927101332 302134 0 13557647 40420796 410 28885260
--
cpu  2711861 1088 1394808 29700053 48261 0 690578 0 0 0
cpu0 96024 19 38133 938509 1097 0 20540 0 0 0
cpu1 102703 23 40071 933639 882 0 21313 0 0 0
cpu2 105068 21 40437 931384 614 0 21632 0 0 0
cpu3 138121 21 54321 870481 1338 0 34044 0 0 0
cpu4 145792 23 54380 864200 794 0 34238 0 0 0
cpu5 110141 24 41893 924258 599 0 22429 0 0 0
cpu6 111571 21 42551 921801 487 0 23425 0 0 0
cpu7 116837 19 45536 911224 355 0 25884 0 0 0
cpu8 38901 36 37951 972737 1503 0 12083 0 0 0
cpu9 44553 42 40910 953306 3495 0 12978 0 0 0
cpu10 42797 39 39739 959561 1709 0 12873 0 0 0
cpu11 39546 35 36850 974550 1131 0 11731 0 0 0
cpu12 67984 113 43324 926183 4273 0 13894 0 0 0
cpu13 65780 44 44002 926192 4110 0 14204 0 0 0
cpu14 39172 34 36274 977438 1244 0 11500 0 0 0
cpu15 36693 38 33493 988592 1067 0 10487 0 0 0
cpu16 132936 18 49512 887483 623 0 29441 0 0 0
cpu17 123161 17 47449 899805 1446 0 27812 0 0 0
cpu18 118226 18 46373 907833 350 0 27089 0 0 0
cpu19 170037 18 63951 821451 863 0 42847 0 0 0
cpu20 159001 17 61510 836837 888 0 41316 0 0 0
cpu21 114984 19 45418 911761 876 0 26456 0 0 0
cpu22 108181 23 43668 921370 520 0 24768 0 0 0
cpu23 95558 23 39000 943929 632 0 20701 0 0 0
cpu24 42356 41 37621 973651 1450 0 12401 0 0 0
cpu25 46992 44 41602 954297 2577 0 14424 0 0 0
cpu26 45156 40 40705 959421 2016 0 14050 0 0 0
cpu27 38265 28 36326 965888 1514 0 20219 0 0 0
cpu28 66888 63 47304 908269 3433 0 26413 0 0 0
cpu29 69757 101 48718 899953 3806 0 26827 0 0 0
cpu30 37704 26 37670 960079 1487 0 20152 0 0 0
cpu31 40962 27 38103 973955 1066 0 12395 0 0 0
intr 2762306241 126 0 0 0 0 0 0 0 0 1 0 0 0 0 0 0 0 0 0 0 0 0 0 0 0 0 0 1 1 1 0 0 0 0 1 0 1 0 0 75045 0 0 0 0 0 0 0 0 411 0 0 0 0 0 0 0 0 87 0 0 0 0 0 0 0 0 0 0 0 0 0 0 0 288421 2 35020809 34961676 34887388 35022686 0 9172 2852 3258 2028 3461 2924 2583 2779 1854 11781 20578 11985 9283 15718 16947 12117 8218 3150 2070 1683 3187 2671 2265 1795 1841 10094 9161 6937 6985 8729 7979 7129 8760 0 0 0 0 616749 3861 1036 0 264 0 0 0 0 0 0 0 0 0 0 0 0 0 0 0 0 0 0 0 0 0 0 0 0 0 0 0 0 0 0 0 0 0 0 0 0 0 0 0 0 0 0 0 0 0 0 0 0 0 0 0 0 0 0 0 0 0 0 0 0 0 0 0 0 0 0 0 0 0 0 0 0 0 0 0 0 0 0 0 0 0 0 0 0 0 0 0 0 0 0 0 0 0 0 0 0 0 0 0 0 0 0 0 0 0 0 0 0 0 0 0 0 0 0 0 0 0 0 0 0 0 0 0 0 0 0 0 0 0 0 0 0 0 0 0 0 0 0 0 0 0 0 0 0 0 0 0 0 0 0 0 0 0 0 0 0 0 0 0 0 0 0 0 0 0 0 0 0 0 0 0 0 0 0 0 0 0 0 0 0 0 0 0 0 0 0 0 0 0 0 0 0 0 0 0 0 0 0 0 0 0 0 0 0 0 0 0 0 0 0 0 0 0 0 0 0 0 0 0 0 0 0 0 0 0 0 0 0 0 0 0 0 0 0 0 0 0 0 0 0 0 0 0 0 0 0 0 0 0 0 0 0 0 0 0 0 0 0 0 0 0 0 0 0 0 0 0 0 0 0 0 0 0 0 0 0 0 0 0 0 0 0 0 0 0 0 0 0 0 0 0 0 0 0 0 0 0 0 0 0 0 0 0 0 0 0 0 0 0 0 0 0 0 0 0 0 0 0 0 0 0 0 0 0 0 0 0 0 0 0 0 0 0 0 0 0 0 0 0 0 0 0 0 0 0 0 0 0 0 0 0 0 0 0 0 0 0 0 0 0 0 0 0 0 0 0 0 0 0 0 0 0 0 0 0 0 0 0 0 0 0 0 0 0 0 0 0 0 0 0 0 0 0 0 0 0 0 0 0 0 0 0 0 0 0 0 0 0 0 0 0 0 0 0 0 0 0 0 0 0 0 0 0 0 0 0 0 0 0 0 0 0 0 0 0 0 0 0 0 0 0 0 0 0 0 0 0 0 0 0 0 0 0 0 0 0 0 0 0 0 0 0 0 0 0 0 0 0 0 0 0 0 0 0 0 0 0 0 0 0 0 0 0 0 0 0 0 0 0 0 0 0 0 0 0 0 0 0 0 0 0 0 0 0 0 0 0 0 0 0 0 0 0 0 0 0 0 0 0 0 0 0 0 0 0 0 0 0 0 0 0 0 0 0 0 0 0 0 0 0 0 0 0 0 0 0 0 0 0 0 0 0 0 0 0 0 0 0 0 0 0 0 0 0 0 0 0 0 0 0 0 0 0 0 0 0 0 0 0 0 0 0 0 0 0 0 0 0 0 0 0 0 0 0 0 0 0 0 0 0 0 0 0 0 0 0 0 0 0 0 0 0 0 0 0 0 0 0 0 0 0 0 0 0 0 0 0 0 0 0 0 0 0 0 0 0 0 0 0 0 0 0 0 0 0 0 0 0 0 0 0 0 0 0 0 0 0 0 0 0 0 0 0 0 0 0 0 0 0 0 0 0 0 0 0 0 0 0 0 0 0 0 0 0 0 0 0 0 0 0 0 0 0 0 0 0 0 0 0 0 0 0 0 0 0 0 0 0 0 0 0 0 0 0 0 0 0 0 0 0 0 0 0 0 0 0 0 0 0 0 0 0 0 0 0 0 0 0 0 0 0 0 0 0 0 0 0 0 0 0 0 0 0 0 0 0 0 0 0 0 0 0 0 0 0 0 0 0 0 0 0 0 0 0 0 0 0 0 0 0 0 0 0 0 0 0 0 0 0 0 0 0 0 0 0 0 0 0 0 0 0 0 0 0 0 0 0 0 0 0 0 0 0 0 0 0 0 0 0 0 0 0 0 0 0 0 0 0 0 0 0 0 0 0 0 0 0 0 0 0 0 0 0 0 0 0 0 0 0 0 0 0 0 0 0 0 0 0 0 0 0 0 0 0 0 0 0 0 0 0 0 0 0 0 0 0 0 0 0 0 0 0 0 0 0 0 0 0 0 0 0 0 0 0 0 0 0 0 0 0 0 0 0 0 0 0 0 0 0 0 0 0 0 0 0 0 0 0 0 0 0 0 0 0 0 0 0 0 0 0 0 0 0 0 0 0 0 0 0 0 0 0 0 0 0 0 0 0 0 0 0 0 0 0 0 0 0 0 0 0 0 0 0 0 0 0 0 0 0 0 0 0 0 0 0 0 0 0 0 0 0 0 0 0 0 0 0 0 0 0 0 0 0 0 0 0 0 0 0 0 0 0 0 0 0 0 0 0 0 0 0 0 0 0 0 0 0 0 0 0 0 0 0 0 0 0 0 0 0 0 0 0 0 0 0 0 0 0 0 0 0 0 0 0 0 0 0 0 0 0 0 0 0 0 0 0 0 0 0 0 0 0 0 0 0 0 0 0 0 0 0 0 0 0 0 0 0 0 0 0 0 0 0 0 0 0 0 0 0 0 0 0 0 0 0 0 0 0 0 0 0 0
ctxt 4288563551
btime 1790630938
processes 280240
procs_running 15
procs_blocked 0
softirq 4030235445 73526 8038212 2752364 3936139737 302142 0 13557647 40447037 410 28924370
