## wrk 1 (127.0.0.1)
Running 10s test @ http://127.0.0.1:18500/wait
  16 threads and 10000 connections
  Thread Stats   Avg      Stdev     Max   +/- Stdev
    Latency    19.86ms  757.80us  30.49ms   76.65%
    Req/Sec    31.59k   577.35    34.14k    84.62%
  Latency Distribution
     50%   19.82ms
     75%   20.30ms
     90%   20.63ms
     99%   22.16ms
  5028814 requests in 10.03s, 513.16MB read
Requests/sec: 501246.13
Transfer/sec:     51.15MB
## server-stat
cpu  2678342 1078 1373328 29481289 48033 0 678263 0 0 0
cpu0 95321 19 37832 930478 1078 0 20271 0 0 0
cpu1 101050 23 39440 926998 882 0 20828 0 0 0
cpu2 103641 21 39927 924275 614 0 21255 0 0 0
cpu3 136700 21 53706 863596 1337 0 33560 0 0 0
cpu4 144252 23 53743 857464 792 0 33742 0 0 0
cpu5 107593 24 40946 919043 598 0 21702 0 0 0
cpu6 110898 21 42280 913547 471 0 23211 0 0 0
cpu7 113912 19 44549 906471 348 0 25109 0 0 0
cpu8 38765 35 37313 965244 1502 0 11856 0 0 0
cpu9 44404 42 40261 945867 3488 0 12754 0 0 0
cpu10 42651 38 39098 952136 1690 0 12635 0 0 0
cpu11 39419 34 36252 967009 1117 0 11523 0 0 0
cpu12 67791 113 42685 918800 4267 0 13656 0 0 0
cpu13 65617 44 43328 918818 4108 0 13952 0 0 0
cpu14 39061 33 35709 969720 1243 0 11295 0 0 0
cpu15 36590 38 32964 980792 1067 0 10300 0 0 0
cpu16 129679 18 48501 883118 623 0 28628 0 0 0
cpu17 120964 17 46705 893888 1445 0 27232 0 0 0
cpu18 115885 17 45532 902215 350 0 26447 0 0 0
cpu19 167387 17 63054 816260 862 0 42155 0 0 0
cpu20 156551 17 60700 831305 888 0 40673 0 0 0
cpu21 113754 19 44998 904316 866 0 26135 0 0 0
cpu22 105121 22 42653 916787 519 0 23983 0 0 0
cpu23 94625 22 38719 935943 616 0 20485 0 0 0
cpu24 42226 40 36987 966181 1450 0 12171 0 0 0
cpu25 46815 43 40881 947078 2576 0 14177 0 0 0
cpu26 45002 40 39997 952207 1985 0 13787 0 0 0
cpu27 38134 28 35654 958507 1512 0 19987 0 0 0
cpu28 66636 62 46506 901219 3432 0 26112 0 0 0
cpu29 69488 99 47938 892945 3777 0 26534 0 0 0
cpu30 37563 26 37009 952621 1454 0 19914 0 0 0
cpu31 40833 27 37452 966426 1060 0 12181 0 0 0
intr 2735273991 126 0 0 0 0 0 0 0 0 1 0 0 0 0 0 0 0 0 0 0 0 0 0 0 0 0 0 1 1 1 0 0 0 0 1 0 1 0 0 75045 0 0 0 0 0 0 0 0 411 0 0 0 0 0 0 0 0 87 0 0 0 0 0 0 0 0 0 0 0 0 0 0 0 286450 2 35020337 34960884 34887174 35021818 0 9094 2852 3258 2028 3459 2924 2582 2770 1854 11775 20442 11978 9233 15639 16912 12064 8217 3150 2070 1683 3186 2591 2263 1794 1841 10092 9155 6879 6983 8726 7974 7125 8758 0 0 0 0 616745 3847 1036 0 264 0 0 0 0 0 0 0 0 0 0 0 0 0 0 0 0 0 0 0 0 0 0 0 0 0 0 0 0 0 0 0 0 0 0 0 0 0 0 0 0 0 0 0 0 0 0 0 0 0 0 0 0 0 0 0 0 0 0 0 0 0 0 0 0 0 0 0 0 0 0 0 0 0 0 0 0 0 0 0 0 0 0 0 0 0 0 0 0 0 0 0 0 0 0 0 0 0 0 0 0 0 0 0 0 0 0 0 0 0 0 0 0 0 0 0 0 0 0 0 0 0 0 0 0 0 0 0 0 0 0 0 0 0 0 0 0 0 0 0 0 0 0 0 0 0 0 0 0 0 0 0 0 0 0 0 0 0 0 0 0 0 0 0 0 0 0 0 0 0 0 0 0 0 0 0 0 0 0 0 0 0 0 0 0 0 0 0 0 0 0 0 0 0 0 0 0 0 0 0 0 0 0 0 0 0 0 0 0 0 0 0 0 0 0 0 0 0 0 0 0 0 0 0 0 0 0 0 0 0 0 0 0 0 0 0 0 0 0 0 0 0 0 0 0 0 0 0 0 0 0 0 0 0 0 0 0 0 0 0 0 0 0 0 0 0 0 0 0 0 0 0 0 0 0 0 0 0 0 0 0 0 0 0 0 0 0 0 0 0 0 0 0 0 0 0 0 0 0 0 0 0 0 0 0 0 0 0 0 0 0 0 0 0 0 0 0 0 0 0 0 0 0 0 0 0 0 0 0 0 0 0 0 0 0 0 0 0 0 0 0 0 0 0 0 0 0 0 0 0 0 0 0 0 0 0 0 0 0 0 0 0 0 0 0 0 0 0 0 0 0 0 0 0 0 0 0 0 0 0 0 0 0 0 0 0 0 0 0 0 0 0 0 0 0 0 0 0 0 0 0 0 0 0 0 0 0 0 0 0 0 0 0 0 0 0 0 0 0 0 0 0 0 0 0 0 0 0 0 0 0 0 0 0 0 0 0 0 0 0 0 0 0 0 0 0 0 0 0 0 0 0 0 0 0 0 0 0 0 0 0 0 0 0 0 0 0 0 0 0 0 0 0 0 0 0 0 0 0 0 0 0 0 0 0 0 0 0 0 0 0 0 0 0 0 0 0 0 0 0 0 0 0 0 0 0 0 0 0 0 0 0 0 0 0 0 0 0 0 0 0 0 0 0 0 0 0 0 0 0 0 0 0 0 0 0 0 0 0 0 0 0 0 0 0 0 0 0 0 0 0 0 0 0 0 0 0 0 0 0 0 0 0 0 0 0 0 0 0 0 0 0 0 0 0 0 0 0 0 0 0 0 0 0 0 0 0 0 0 0 0 0 0 0 0 0 0 0 0 0 0 0 0 0 0 0 0 0 0 0 0 0 0 0 0 0 0 0 0 0 0 0 0 0 0 0 0 0 0 0 0 0 0 0 0 0 0 0 0 0 0 0 0 0 0 0 0 0 0 0 0 0 0 0 0 0 0 0 0 0 0 0 0 0 0 0 0 0 0 0 0 0 0 0 0 0 0 0 0 0 0 0 0 0 0 0 0 0 0 0 0 0 0 0 0 0 0 0 0 0 0 0 0 0 0 0 0 0 0 0 0 0 0 0 0 0 0 0 0 0 0 0 0 0 0 0 0 0 0 0 0 0 0 0 0 0 0 0 0 0 0 0 0 0 0 0 0 0 0 0 0 0 0 0 0 0 0 0 0 0 0 0 0 0 0 0 0 0 0 0 0 0 0 0 0 0 0 0 0 0 0 0 0 0 0 0 0 0 0 0 0 0 0 0 0 0 0 0 0 0 0 0 0 0 0 0 0 0 0 0 0 0 0 0 0 0 0 0 0 0 0 0 0 0 0 0 0 0 0 0 0 0 0 0 0 0 0 0 0 0 0 0 0 0 0 0 0 0 0 0 0 0 0 0 0 0 0 0 0 0 0 0 0 0 0 0 0 0 0 0 0 0 0 0 0 0 0 0 0 0 0 0 0 0 0 0 0 0 0 0 0 0 0 0 0 0 0 0 0 0 0 0 0 0 0 0 0 0 0 0 0 0 0 0 0 0 0 0 0 0 0 0 0 0 0 0 0 0 0 0 0 0 0 0 0 0 0 0 0 0 0 0 0 0 0 0 0 0 0 0 0 0 0 0 0 0 0 0 0 0 0 0 0 0 0 0 0 0 0 0 0 0 0 0 0 0 0 0 0 0 0 0 0 0 0 0 0 0 0 0 0 0 0 0 0 0 0 0 0 0 0 0 0 0 0 0 0 0 0 0 0 0 0 0 0 0 0 0 0 0 0 0 0 0 0 0 0 0 0 0 0 0 0 0 0 0 0 0 0 0 0 0 0 0 0 0 0 0 0 0 0 0 0 0 0 0 0 0 0 0 0 0 0 0 0 0 0 0 0 0 0 0 0 0 0 0 0 0 0 0 0 0 0 0 0 0 0 0 0 0 0 0 0 0 0 0 0 0 0 0 0 0 0
ctxt 4238358844
btime 1790630938
processes 278230
procs_running 15
procs_blocked 0
softirq 3958345452 73526 7707987 2752353 3865349286 300067 0 13557590 40093367 410 28510866
--
cpu  2682826 1079 1375335 29496928 48055 0 679566 0 0 0
cpu0 95322 19 37833 931254 1078 0 20271 0 0 0
cpu1 101050 23 39441 927795 882 0 20828 0 0 0
cpu2 103641 21 39927 925072 614 0 21255 0 0 0
cpu3 136716 21 53711 864367 1337 0 33565 0 0 0
cpu4 144435 23 53796 857979 792 0 33788 0 0 0
cpu5 107646 24 40961 919756 598 0 21717 0 0 0
cpu6 110899 21 42280 914342 471 0 23211 0 0 0
cpu7 114306 19 44658 906668 348 0 25207 0 0 0
cpu8 38779 35 37366 965828 1502 0 11873 0 0 0
cpu9 44415 42 40311 946449 3488 0 12771 0 0 0
cpu10 42665 38 39149 952712 1694 0 12654 0 0 0
cpu11 39432 34 36301 967591 1124 0 11542 0 0 0
cpu12 67804 113 42734 919380 4268 0 13677 0 0 0
cpu13 65631 44 43383 919393 4108 0 13972 0 0 0
cpu14 39070 34 35752 970329 1243 0 11313 0 0 0
cpu15 36599 38 33005 981409 1067 0 10315 0 0 0
cpu16 130214 18 48642 883118 623 0 28751 0 0 0
cpu17 121489 17 46858 893888 1445 0 27355 0 0 0
cpu18 116412 17 45681 902215 350 0 26572 0 0 0
cpu19 167899 17 63194 816286 862 0 42277 0 0 0
cpu20 156895 17 60795 831586 888 0 40752 0 0 0
cpu21 114232 19 45131 904399 866 0 26241 0 0 0
cpu22 105651 22 42799 916787 519 0 24106 0 0 0
cpu23 94767 22 38753 936533 616 0 20516 0 0 0
cpu24 42238 40 37041 966769 1450 0 12191 0 0 0
cpu25 46836 43 40938 947648 2577 0 14198 0 0 0
cpu26 45016 40 40050 952773 1990 0 13807 0 0 0
cpu27 38147 28 35706 959087 1512 0 20005 0 0 0
cpu28 66661 63 46566 901777 3432 0 26136 0 0 0
cpu29 69521 99 47996 893495 3780 0 26557 0 0 0
cpu30 37576 26 37061 953211 1454 0 19931 0 0 0
cpu31 40845 27 37503 967015 1060 0 12198 0 0 0
intr 2738459433 126 0 0 0 0 0 0 0 0 1 0 0 0 0 0 0 0 0 0 0 0 0 0 0 0 0 0 1 1 1 0 0 0 0 1 0 1 0 0 75045 0 0 0 0 0 0 0 0 411 0 0 0 0 0 0 0 0 87 0 0 0 0 0 0 0 0 0 0 0 0 0 0 0 286701 2 35020346 34960923 34887194 35021860 0 9102 2852 3258 2028 3459 2924 2582 2778 1854 11775 20448 11978 9233 15644 16912 12064 8217 3150 2070 1683 3186 2591 2263 1794 1841 10092 9155 6879 6983 8727 7975 7125 8759 0 0 0 0 616745 3847 1036 0 264 0 0 0 0 0 0 0 0 0 0 0 0 0 0 0 0 0 0 0 0 0 0 0 0 0 0 0 0 0 0 0 0 0 0 0 0 0 0 0 0 0 0 0 0 0 0 0 0 0 0 0 0 0 0 0 0 0 0 0 0 0 0 0 0 0 0 0 0 0 0 0 0 0 0 0 0 0 0 0 0 0 0 0 0 0 0 0 0 0 0 0 0 0 0 0 0 0 0 0 0 0 0 0 0 0 0 0 0 0 0 0 0 0 0 0 0 0 0 0 0 0 0 0 0 0 0 0 0 0 0 0 0 0 0 0 0 0 0 0 0 0 0 0 0 0 0 0 0 0 0 0 0 0 0 0 0 0 0 0 0 0 0 0 0 0 0 0 0 0 0 0 0 0 0 0 0 0 0 0 0 0 0 0 0 0 0 0 0 0 0 0 0 0 0 0 0 0 0 0 0 0 0 0 0 0 0 0 0 0 0 0 0 0 0 0 0 0 0 0 0 0 0 0 0 0 0 0 0 0 0 0 0 0 0 0 0 0 0 0 0 0 0 0 0 0 0 0 0 0 0 0 0 0 0 0 0 0 0 0 0 0 0 0 0 0 0 0 0 0 0 0 0 0 0 0 0 0 0 0 0 0 0 0 0 0 0 0 0 0 0 0 0 0 0 0 0 0 0 0 0 0 0 0 0 0 0 0 0 0 0 0 0 0 0 0 0 0 0 0 0 0 0 0 0 0 0 0 0 0 0 0 0 0 0 0 0 0 0 0 0 0 0 0 0 0 0 0 0 0 0 0 0 0 0 0 0 0 0 0 0 0 0 0 0 0 0 0 0 0 0 0 0 0 0 0 0 0 0 0 0 0 0 0 0 0 0 0 0 0 0 0 0 0 0 0 0 0 0 0 0 0 0 0 0 0 0 0 0 0 0 0 0 0 0 0 0 0 0 0 0 0 0 0 0 0 0 0 0 0 0 0 0 0 0 0 0 0 0 0 0 0 0 0 0 0 0 0 0 0 0 0 0 0 0 0 0 0 0 0 0 0 0 0 0 0 0 0 0 0 0 0 0 0 0 0 0 0 0 0 0 0 0 0 0 0 0 0 0 0 0 0 0 0 0 0 0 0 0 0 0 0 0 0 0 0 0 0 0 0 0 0 0 0 0 0 0 0 0 0 0 0 0 0 0 0 0 0 0 0 0 0 0 0 0 0 0 0 0 0 0 0 0 0 0 0 0 0 0 0 0 0 0 0 0 0 0 0 0 0 0 0 0 0 0 0 0 0 0 0 0 0 0 0 0 0 0 0 0 0 0 0 0 0 0 0 0 0 0 0 0 0 0 0 0 0 0 0 0 0 0 0 0 0 0 0 0 0 0 0 0 0 0 0 0 0 0 0 0 0 0 0 0 0 0 0 0 0 0 0 0 0 0 0 0 0 0 0 0 0 0 0 0 0 0 0 0 0 0 0 0 0 0 0 0 0 0 0 0 0 0 0 0 0 0 0 0 0 0 0 0 0 0 0 0 0 0 0 0 0 0 0 0 0 0 0 0 0 0 0 0 0 0 0 0 0 0 0 0 0 0 0 0 0 0 0 0 0 0 0 0 0 0 0 0 0 0 0 0 0 0 0 0 0 0 0 0 0 0 0 0 0 0 0 0 0 0 0 0 0 0 0 0 0 0 0 0 0 0 0 0 0 0 0 0 0 0 0 0 0 0 0 0 0 0 0 0 0 0 0 0 0 0 0 0 0 0 0 0 0 0 0 0 0 0 0 0 0 0 0 0 0 0 0 0 0 0 0 0 0 0 0 0 0 0 0 0 0 0 0 0 0 0 0 0 0 0 0 0 0 0 0 0 0 0 0 0 0 0 0 0 0 0 0 0 0 0 0 0 0 0 0 0 0 0 0 0 0 0 0 0 0 0 0 0 0 0 0 0 0 0 0 0 0 0 0 0 0 0 0 0 0 0 0 0 0 0 0 0 0 0 0 0 0 0 0 0 0 0 0 0 0 0 0 0 0 0 0 0 0 0 0 0 0 0 0 0 0 0 0 0 0 0 0 0 0 0 0 0 0 0 0 0 0 0 0 0 0 0 0 0 0 0 0 0 0 0 0 0 0 0 0 0 0 0 0 0 0 0 0 0 0 0 0 0 0 0 0 0 0 0 0 0 0 0 0 0 0 0 0 0 0 0 0 0 0 0 0 0 0 0 0 0 0 0 0 0 0 0 0 0 0 0 0 0 0 0 0 0 0 0 0 0 0 0 0 0 0 0 0 0 0 0 0 0 0 0 0 0 0 0 0 0 0 0 0 0 0 0 0 0 0 0 0 0 0 0 0 0 0 0 0 0 0 0 0 0 0 0 0 0 0 0 0 0 0 0 0 0 0 0 0 0 0 0 0 0 0 0 0 0 0 0 0 0 0 0 0 0 0 0 0 0 0 0 0 0 0 0 0 0 0 0 0 0 0 0 0 0 0 0 0 0
ctxt 4244454458
btime 1790630938
processes 278312
procs_running 13
procs_blocked 0
softirq 3966475191 73526 7714204 2752353 3873418566 300336 0 13557590 40116363 410 28541843
