## wrk 1 (127.0.0.1)
Running 10s test @ http://127.0.0.1:18500/wait
  16 threads and 1000 connections
  Thread Stats   Avg      Stdev     Max   +/- Stdev
    Latency    11.17ms  718.82us  17.56ms   67.44%
    Req/Sec     5.58k   143.00     5.99k    72.27%
  Latency Distribution
     50%   11.14ms
     75%   11.63ms
     90%   12.14ms
     99%   12.94ms
  890372 requests in 10.10s, 111.24MB read
Requests/sec:  88152.60
Transfer/sec:     11.01MB
## server-stat
cpu  2651831 1068 1358776 29126928 47748 0 670333 0 0 0
cpu0 94934 18 37685 918347 1078 0 20132 0 0 0
cpu1 100619 23 39297 914765 881 0 20700 0 0 0
cpu2 102730 21 39614 912773 614 0 21033 0 0 0
cpu3 134147 21 52928 854668 1336 0 32912 0 0 0
cpu4 142215 23 53131 847683 792 0 33218 0 0 0
cpu5 107397 24 40863 906437 598 0 21641 0 0 0
cpu6 109952 21 41990 902069 470 0 22976 0 0 0
cpu7 112663 19 44170 895475 317 0 24812 0 0 0
cpu8 38689 35 36905 953525 1501 0 11740 0 0 0
cpu9 44277 41 39805 934404 3486 0 12608 0 0 0
cpu10 42553 37 38648 940620 1687 0 12499 0 0 0
cpu11 39352 34 35850 955311 1113 0 11399 0 0 0
cpu12 67595 112 42118 907619 4213 0 13485 0 0 0
cpu13 65394 43 42782 907648 4091 0 13775 0 0 0
cpu14 38984 33 35292 958012 1242 0 11170 0 0 0
cpu15 36520 37 32582 968973 1053 0 10195 0 0 0
cpu16 127819 18 47965 873004 623 0 28183 0 0 0
cpu17 119251 17 46176 883586 1445 0 26826 0 0 0
cpu18 114727 17 45195 891059 349 0 26153 0 0 0
cpu19 163717 17 62012 808774 857 0 41413 0 0 0
cpu20 152753 17 59670 823933 888 0 39917 0 0 0
cpu21 111775 19 44409 894412 860 0 25659 0 0 0
cpu22 104027 22 42296 905545 517 0 23729 0 0 0
cpu23 93881 22 38492 924138 615 0 20314 0 0 0
cpu24 42162 40 36578 954389 1448 0 12061 0 0 0
cpu25 46722 42 40419 935515 2558 0 14033 0 0 0
cpu26 44920 39 39542 940646 1924 0 13656 0 0 0
cpu27 38065 28 35262 946701 1511 0 19877 0 0 0
cpu28 66402 61 46009 889848 3421 0 25956 0 0 0
cpu29 69312 99 47384 881664 3739 0 26367 0 0 0
cpu30 37494 25 36603 940837 1449 0 19804 0 0 0
cpu31 40769 26 37091 954534 1057 0 12076 0 0 0
intr 2716097596 126 0 0 0 0 0 0 0 0 1 0 0 0 0 0 0 0 0 0 0 0 0 0 0 0 0 0 1 1 1 0 0 0 0 1 0 1 0 0 75045 0 0 0 0 0 0 0 0 411 0 0 0 0 0 0 0 0 87 0 0 0 0 0 0 0 0 0 0 0 0 0 0 0 283642 2 35019682 34960251 34886554 35020923 0 8989 2847 3256 2028 3459 2915 2578 2767 1854 11774 20407 11976 9156 15609 16910 12063 8143 3031 2068 1682 3186 2591 2259 1772 1838 10090 9141 6761 6980 8708 7967 7121 8756 0 0 0 0 616737 3835 1036 0 264 0 0 0 0 0 0 0 0 0 0 0 0 0 0 0 0 0 0 0 0 0 0 0 0 0 0 0 0 0 0 0 0 0 0 0 0 0 0 0 0 0 0 0 0 0 0 0 0 0 0 0 0 0 0 0 0 0 0 0 0 0 0 0 0 0 0 0 0 0 0 0 0 0 0 0 0 0 0 0 0 0 0 0 0 0 0 0 0 0 0 0 0 0 0 0 0 0 0 0 0 0 0 0 0 0 0 0 0 0 0 0 0 0 0 0 0 0 0 0 0 0 0 0 0 0 0 0 0 0 0 0 0 0 0 0 0 0 0 0 0 0 0 0 0 0 0 0 0 0 0 0 0 0 0 0 0 0 0 0 0 0 0 0 0 0 0 0 0 0 0 0 0 0 0 0 0 0 0 0 0 0 0 0 0 0 0 0 0 0 0 0 0 0 0 0 0 0 0 0 0 0 0 0 0 0 0 0 0 0 0 0 0 0 0 0 0 0 0 0 0 0 0 0 0 0 0 0 0 0 0 0 0 0 0 0 0 0 0 0 0 0 0 0 0 0 0 0 0 0 0 0 0 0 0 0 0 0 0 0 0 0 0 0 0 0 0 0 0 0 0 0 0 0 0 0 0 0 0 0 0 0 0 0 0 0 0 0 0 0 0 0 0 0 0 0 0 0 0 0 0 0 0 0 0 0 0 0 0 0 0 0 0 0 0 0 0 0 0 0 0 0 0 0 0 0 0 0 0 0 0 0 0 0 0 0 0 0 0 0 0 0 0 0 0 0 0 0 0 0 0 0 0 0 0 0 0 0 0 0 0 0 0 0 0 0 0 0 0 0 0 0 0 0 0 0 0 0 0 0 0 0 0 0 0 0 0 0 0 0 0 0 0 0 0 0 0 0 0 0 0 0 0 0 0 0 0 0 0 0 0 0 0 0 0 0 0 0 0 0 0 0 0 0 0 0 0 0 0 0 0 0 0 0 0 0 0 0 0 0 0 0 0 0 0 0 0 0 0 0 0 0 0 0 0 0 0 0 0 0 0 0 0 0 0 0 0 0 0 0 0 0 0 0 0 0 0 0 0 0 0 0 0 0 0 0 0 0 0 0 0 0 0 0 0 0 0 0 0 0 0 0 0 0 0 0 0 0 0 0 0 0 0 0 0 0 0 0 0 0 0 0 0 0 0 0 0 0 0 0 0 0 0 0 0 0 0 0 0 0 0 0 0 0 0 0 0 0 0 0 0 0 0 0 0 0 0 0 0 0 0 0 0 0 0 0 0 0 0 0 0 0 0 0 0 0 0 0 0 0 0 0 0 0 0 0 0 0 0 0 0 0 0 0 0 0 0 0 0 0 0 0 0 0 0 0 0 0 0 0 0 0 0 0 0 0 0 0 0 0 0 0 0 0 0 0 0 0 0 0 0 0 0 0 0 0 0 0 0 0 0 0 0 0 0 0 0 0 0 0 0 0 0 0 0 0 0 0 0 0 0 0 0 0 0 0 0 0 0 0 0 0 0 0 0 0 0 0 0 0 0 0 0 0 0 0 0 0 0 0 0 0 0 0 0 0 0 0 0 0 0 0 0 0 0 0 0 0 0 0 0 0 0 0 0 0 0 0 0 0 0 0 0 0 0 0 0 0 0 0 0 0 0 0 0 0 0 0 0 0 0 0 0 0 0 0 0 0 0 0 0 0 0 0 0 0 0 0 0 0 0 0 0 0 0 0 0 0 0 0 0 0 0 0 0 0 0 0 0 0 0 0 0 0 0 0 0 0 0 0 0 0 0 0 0 0 0 0 0 0 0 0 0 0 0 0 0 0 0 0 0 0 0 0 0 0 0 0 0 0 0 0 0 0 0 0 0 0 0 0 0 0 0 0 0 0 0 0 0 0 0 0 0 0 0 0 0 0 0 0 0 0 0 0 0 0 0 0 0 0 0 0 0 0 0 0 0 0 0 0 0 0 0 0 0 0 0 0 0 0 0 0 0 0 0 0 0 0 0 0 0 0 0 0 0 0 0 0 0 0 0 0 0 0 0 0 0 0 0 0 0 0 0 0 0 0 0 0 0 0 0 0 0 0 0 0 0 0 0 0 0 0 0 0 0 0 0 0 0 0 0 0 0 0 0 0 0 0 0 0 0 0 0 0 0 0 0 0 0 0 0 0 0 0 0 0 0 0 0 0 0 0 0 0 0 0 0 0 0 0 0 0 0 0 0 0 0 0 0 0 0 0 0 0 0 0 0 0 0 0 0 0 0 0 0 0 0 0 0 0 0 0 0 0 0 0 0 0 0 0 0 0 0 0 0 0 0 0 0 0 0 0 0 0 0 0 0 0 0 0 0 0 0 0 0 0 0 0 0 0 0 0 0 0 0 0 0 0 0 0 0 0 0 0 0 0 0 0 0 0 0 0 0 0 0 0 0 0 0 0 0 0 0 0 0 0 0 0 0 0 0 0 0 0 0 0 0 0 0 0 0 0 0
ctxt 4202584489
btime 1790630938
processes 275431
procs_running 1
procs_blocked 0
softirq 3907506117 73526 7547388 2752329 3815304867 297105 0 13557516 39813296 410 28159680
--
cpu  2652233 1068 1359004 29151184 47750 0 670569 0 0 0
cpu0 94957 18 37698 919091 1078 0 20145 0 0 0
cpu1 100628 23 39302 915541 881 0 20707 0 0 0
cpu2 102734 21 39616 913565 614 0 21035 0 0 0
cpu3 134212 21 52964 855330 1336 0 32946 0 0 0
cpu4 142317 23 53183 848264 792 0 33282 0 0 0
cpu5 107398 24 40863 907233 598 0 21641 0 0 0
cpu6 109953 21 41991 902864 470 0 22977 0 0 0
cpu7 112664 19 44171 896270 317 0 24813 0 0 0
cpu8 38690 35 36906 954301 1501 0 11741 0 0 0
cpu9 44282 41 39807 935162 3486 0 12611 0 0 0
cpu10 42557 37 38652 941376 1687 0 12501 0 0 0
cpu11 39355 34 35853 956074 1113 0 11401 0 0 0
cpu12 67601 112 42121 908369 4213 0 13488 0 0 0
cpu13 65406 43 42788 908390 4092 0 13780 0 0 0
cpu14 38986 33 35294 958772 1242 0 11172 0 0 0
cpu15 36522 37 32584 969736 1053 0 10197 0 0 0
cpu16 127820 18 47965 873802 623 0 28183 0 0 0
cpu17 119251 17 46176 884384 1445 0 26826 0 0 0
cpu18 114727 17 45195 891858 349 0 26153 0 0 0
cpu19 163832 17 62080 809315 857 0 41486 0 0 0
cpu20 152759 17 59674 824720 888 0 39921 0 0 0
cpu21 111776 19 44410 895209 860 0 25659 0 0 0
cpu22 104028 22 42297 906343 518 0 23729 0 0 0
cpu23 93882 22 38492 924937 615 0 20314 0 0 0
cpu24 42164 40 36580 955157 1448 0 12064 0 0 0
cpu25 46725 42 40423 936278 2558 0 14036 0 0 0
cpu26 44924 39 39544 941411 1924 0 13658 0 0 0
cpu27 38067 28 35263 947475 1511 0 19878 0 0 0
cpu28 66410 61 46011 890600 3421 0 25960 0 0 0
cpu29 69328 99 47389 882416 3739 0 26369 0 0 0
cpu30 37496 26 36605 941609 1449 0 19806 0 0 0
cpu31 40770 26 37092 955317 1057 0 12077 0 0 0
intr 2716862781 126 0 0 0 0 0 0 0 0 1 0 0 0 0 0 0 0 0 0 0 0 0 0 0 0 0 0 1 1 1 0 0 0 0 1 0 1 0 0 75045 0 0 0 0 0 0 0 0 411 0 0 0 0 0 0 0 0 87 0 0 0 0 0 0 0 0 0 0 0 0 0 0 0 283642 2 35019714 34960277 34886575 35020965 0 8997 2848 3256 2028 3459 2916 2578 2767 1854 11774 20407 11976 9156 15615 16910 12063 8143 3031 2068 1682 3186 2591 2259 1778 1838 10090 9141 6761 6980 8708 7967 7121 8756 0 0 0 0 616737 3835 1036 0 264 0 0 0 0 0 0 0 0 0 0 0 0 0 0 0 0 0 0 0 0 0 0 0 0 0 0 0 0 0 0 0 0 0 0 0 0 0 0 0 0 0 0 0 0 0 0 0 0 0 0 0 0 0 0 0 0 0 0 0 0 0 0 0 0 0 0 0 0 0 0 0 0 0 0 0 0 0 0 0 0 0 0 0 0 0 0 0 0 0 0 0 0 0 0 0 0 0 0 0 0 0 0 0 0 0 0 0 0 0 0 0 0 0 0 0 0 0 0 0 0 0 0 0 0 0 0 0 0 0 0 0 0 0 0 0 0 0 0 0 0 0 0 0 0 0 0 0 0 0 0 0 0 0 0 0 0 0 0 0 0 0 0 0 0 0 0 0 0 0 0 0 0 0 0 0 0 0 0 0 0 0 0 0 0 0 0 0 0 0 0 0 0 0 0 0 0 0 0 0 0 0 0 0 0 0 0 0 0 0 0 0 0 0 0 0 0 0 0 0 0 0 0 0 0 0 0 0 0 0 0 0 0 0 0 0 0 0 0 0 0 0 0 0 0 0 0 0 0 0 0 0 0 0 0 0 0 0 0 0 0 0 0 0 0 0 0 0 0 0 0 0 0 0 0 0 0 0 0 0 0 0 0 0 0 0 0 0 0 0 0 0 0 0 0 0 0 0 0 0 0 0 0 0 0 0 0 0 0 0 0 0 0 0 0 0 0 0 0 0 0 0 0 0 0 0 0 0 0 0 0 0 0 0 0 0 0 0 0 0 0 0 0 0 0 0 0 0 0 0 0 0 0 0 0 0 0 0 0 0 0 0 0 0 0 0 0 0 0 0 0 0 0 0 0 0 0 0 0 0 0 0 0 0 0 0 0 0 0 0 0 0 0 0 0 0 0 0 0 0 0 0 0 0 0 0 0 0 0 0 0 0 0 0 0 0 0 0 0 0 0 0 0 0 0 0 0 0 0 0 0 0 0 0 0 0 0 0 0 0 0 0 0 0 0 0 0 0 0 0 0 0 0 0 0 0 0 0 0 0 0 0 0 0 0 0 0 0 0 0 0 0 0 0 0 0 0 0 0 0 0 0 0 0 0 0 0 0 0 0 0 0 0 0 0 0 0 0 0 0 0 0 0 0 0 0 0 0 0 0 0 0 0 0 0 0 0 0 0 0 0 0 0 0 0 0 0 0 0 0 0 0 0 0 0 0 0 0 0 0 0 0 0 0 0 0 0 0 0 0 0 0 0 0 0 0 0 0 0 0 0 0 0 0 0 0 0 0 0 0 0 0 0 0 0 0 0 0 0 0 0 0 0 0 0 0 0 0 0 0 0 0 0 0 0 0 0 0 0 0 0 0 0 0 0 0 0 0 0 0 0 0 0 0 0 0 0 0 0 0 0 0 0 0 0 0 0 0 0 0 0 0 0 0 0 0 0 0 0 0 0 0 0 0 0 0 0 0 0 0 0 0 0 0 0 0 0 0 0 0 0 0 0 0 0 0 0 0 0 0 0 0 0 0 0 0 0 0 0 0 0 0 0 0 0 0 0 0 0 0 0 0 0 0 0 0 0 0 0 0 0 0 0 0 0 0 0 0 0 0 0 0 0 0 0 0 0 0 0 0 0 0 0 0 0 0 0 0 0 0 0 0 0 0 0 0 0 0 0 0 0 0 0 0 0 0 0 0 0 0 0 0 0 0 0 0 0 0 0 0 0 0 0 0 0 0 0 0 0 0 0 0 0 0 0 0 0 0 0 0 0 0 0 0 0 0 0 0 0 0 0 0 0 0 0 0 0 0 0 0 0 0 0 0 0 0 0 0 0 0 0 0 0 0 0 0 0 0 0 0 0 0 0 0 0 0 0 0 0 0 0 0 0 0 0 0 0 0 0 0 0 0 0 0 0 0 0 0 0 0 0 0 0 0 0 0 0 0 0 0 0 0 0 0 0 0 0 0 0 0 0 0 0 0 0 0 0 0 0 0 0 0 0 0 0 0 0 0 0 0 0 0 0 0 0 0 0 0 0 0 0 0 0 0 0 0 0 0 0 0 0 0 0 0 0 0 0 0 0 0 0 0 0 0 0 0 0 0 0 0 0 0 0 0 0 0 0 0 0 0 0 0 0 0 0 0 0 0 0 0 0 0 0 0 0 0 0 0 0 0 0 0 0 0 0 0 0 0 0 0 0 0 0 0 0 0 0 0 0 0 0 0 0 0 0 0 0 0 0 0 0 0 0 0 0 0 0 0 0 0 0 0 0 0 0 0 0 0 0 0 0 0 0 0 0 0 0 0 0 0 0 0 0 0 0 0 0 0 0 0 0 0 0 0 0 0 0 0 0 0 0 0 0 0 0 0 0 0 0 0 0 0 0 0 0 0 0 0 0 0 0 0 0 0 0 0 0 0 0 0 0 0 0 0 0 0 0 0 0 0 0 0 0 0 0 0 0 0 0 0 0 0 0 0 0 0 0 0 0 0 0 0 0
ctxt 4204014350
btime 1790630938
processes 275500
procs_running 1
procs_blocked 0
softirq 3908954729 73526 7551342 2752329 3816726103 297113 0 13557516 39826588 410 28169802
