## wrk 1 (127.0.0.1)
Running 10s test @ http://127.0.0.1:18500/wait
  16 threads and 1000 connections
  Thread Stats   Avg      Stdev     Max   +/- Stdev
    Latency     7.43s     1.45s    9.95s    57.66%
    Req/Sec    20.84     20.20   202.00     90.87%
  Latency Distribution
     50%    7.43s 
     75%    8.69s 
     90%    9.45s 
     99%    9.90s 
  999 requests in 10.03s, 122.92KB read
Requests/sec:     99.64
Transfer/sec:     12.26KB
## server-stat
cpu  2836756 1130 1464950 30977200 49327 0 726917 0 0 0
cpu0 101171 19 39706 978711 1098 0 21707 0 0 0
cpu1 106608 24 41243 976040 962 0 22172 0 0 0
cpu2 108320 22 41504 974751 616 0 22422 0 0 0
cpu3 147274 22 57302 904390 1348 0 36372 0 0 0
cpu4 153966 24 57223 899338 823 0 36545 0 0 0
cpu5 115009 25 43416 965329 603 0 23512 0 0 0
cpu6 116290 22 43794 963462 496 0 24335 0 0 0
cpu7 124196 20 47473 949035 376 0 27311 0 0 0
cpu8 39269 38 40049 1015671 1545 0 12688 0 0 0
cpu9 45074 44 43197 995328 3552 0 13695 0 0 0
cpu10 43241 41 41987 1001772 1721 0 13604 0 0 0
cpu11 39892 37 38864 1017519 1143 0 12334 0 0 0
cpu12 68803 115 45832 967403 4336 0 14722 0 0 0
cpu13 66542 46 46530 967404 4186 0 15027 0 0 0
cpu14 39485 35 38227 1020603 1272 0 12092 0 0 0
cpu15 36986 40 35327 1032204 1081 0 11013 0 0 0
cpu16 140350 19 51504 925089 676 0 30905 0 0 0
cpu17 131498 17 49738 936101 1467 0 29416 0 0 0
cpu18 126896 18 48715 943745 364 0 28700 0 0 0
cpu19 183943 18 68155 848718 864 0 45981 0 0 0
cpu20 172518 18 65487 864933 931 0 44235 0 0 0
cpu21 122211 20 47443 949652 886 0 27839 0 0 0
cpu22 115233 24 45756 959274 541 0 26236 0 0 0
cpu23 99791 24 40296 985992 646 0 21621 0 0 0
cpu24 42692 43 39632 1016761 1484 0 12980 0 0 0
cpu25 47486 46 43934 996377 2702 0 15142 0 0 0
cpu26 45585 42 42962 1001780 2063 0 14760 0 0 0
cpu27 38595 30 38404 1009011 1532 0 20815 0 0 0
cpu28 67807 65 49938 949292 3551 0 27271 0 0 0
cpu29 70673 103 51474 940772 3856 0 27730 0 0 0
cpu30 38064 28 39752 1003216 1517 0 20774 0 0 0
cpu31 41275 28 40071 1017511 1071 0 12949 0 0 0
intr 2843981719 126 0 0 0 0 0 0 0 0 1 0 0 0 0 0 0 0 0 0 0 0 0 0 0 0 0 0 1 1 1 0 0 0 0 1 0 1 0 0 75045 0 0 0 0 0 0 0 0 411 0 0 0 0 0 0 0 0 87 0 0 0 0 0 0 0 0 0 0 0 0 0 0 0 297900 2 35023917 34965482 34889262 35026272 0 9567 2874 3405 2052 3465 2960 2634 2817 1890 12061 20646 12061 9545 15761 17151 12265 8247 3183 2078 1684 3190 2672 2270 1827 1859 10174 9191 7031 7000 8918 8223 7169 8785 0 0 0 0 616785 3921 1036 0 264 0 0 0 0 0 0 0 0 0 0 0 0 0 0 0 0 0 0 0 0 0 0 0 0 0 0 0 0 0 0 0 0 0 0 0 0 0 0 0 0 0 0 0 0 0 0 0 0 0 0 0 0 0 0 0 0 0 0 0 0 0 0 0 0 0 0 0 0 0 0 0 0 0 0 0 0 0 0 0 0 0 0 0 0 0 0 0 0 0 0 0 0 0 0 0 0 0 0 0 0 0 0 0 0 0 0 0 0 0 0 0 0 0 0 0 0 0 0 0 0 0 0 0 0 0 0 0 0 0 0 0 0 0 0 0 0 0 0 0 0 0 0 0 0 0 0 0 0 0 0 0 0 0 0 0 0 0 0 0 0 0 0 0 0 0 0 0 0 0 0 0 0 0 0 0 0 0 0 0 0 0 0 0 0 0 0 0 0 0 0 0 0 0 0 0 0 0 0 0 0 0 0 0 0 0 0 0 0 0 0 0 0 0 0 0 0 0 0 0 0 0 0 0 0 0 0 0 0 0 0 0 0 0 0 0 0 0 0 0 0 0 0 0 0 0 0 0 0 0 0 0 0 0 0 0 0 0 0 0 0 0 0 0 0 0 0 0 0 0 0 0 0 0 0 0 0 0 0 0 0 0 0 0 0 0 0 0 0 0 0 0 0 0 0 0 0 0 0 0 0 0 0 0 0 0 0 0 0 0 0 0 0 0 0 0 0 0 0 0 0 0 0 0 0 0 0 0 0 0 0 0 0 0 0 0 0 0 0 0 0 0 0 0 0 0 0 0 0 0 0 0 0 0 0 0 0 0 0 0 0 0 0 0 0 0 0 0 0 0 0 0 0 0 0 0 0 0 0 0 0 0 0 0 0 0 0 0 0 0 0 0 0 0 0 0 0 0 0 0 0 0 0 0 0 0 0 0 0 0 0 0 0 0 0 0 0 0 0 0 0 0 0 0 0 0 0 0 0 0 0 0 0 0 0 0 0 0 0 0 0 0 0 0 0 0 0 0 0 0 0 0 0 0 0 0 0 0 0 0 0 0 0 0 0 0 0 0 0 0 0 0 0 0 0 0 0 0 0 0 0 0 0 0 0 0 0 0 0 0 0 0 0 0 0 0 0 0 0 0 0 0 0 0 0 0 0 0 0 0 0 0 0 0 0 0 0 0 0 0 0 0 0 0 0 0 0 0 0 0 0 0 0 0 0 0 0 0 0 0 0 0 0 0 0 0 0 0 0 0 0 0 0 0 0 0 0 0 0 0 0 0 0 0 0 0 0 0 0 0 0 0 0 0 0 0 0 0 0 0 0 0 0 0 0 0 0 0 0 0 0 0 0 0 0 0 0 0 0 0 0 0 0 0 0 0 0 0 0 0 0 0 0 0 0 0 0 0 0 0 0 0 0 0 0 0 0 0 0 0 0 0 0 0 0 0 0 0 0 0 0 0 0 0 0 0 0 0 0 0 0 0 0 0 0 0 0 0 0 0 0 0 0 0 0 0 0 0 0 0 0 0 0 0 0 0 0 0 0 0 0 0 0 0 0 0 0 0 0 0 0 0 0 0 0 0 0 0 0 0 0 0 0 0 0 0 0 0 0 0 0 0 0 0 0 0 0 0 0 0 0 0 0 0 0 0 0 0 0 0 0 0 0 0 0 0 0 0 0 0 0 0 0 0 0 0 0 0 0 0 0 0 0 0 0 0 0 0 0 0 0 0 0 0 0 0 0 0 0 0 0 0 0 0 0 0 0 0 0 0 0 0 0 0 0 0 0 0 0 0 0 0 0 0 0 0 0 0 0 0 0 0 0 0 0 0 0 0 0 0 0 0 0 0 0 0 0 0 0 0 0 0 0 0 0 0 0 0 0 0 0 0 0 0 0 0 0 0 0 0 0 0 0 0 0 0 0 0 0 0 0 0 0 0 0 0 0 0 0 0 0 0 0 0 0 0 0 0 0 0 0 0 0 0 0 0 0 0 0 0 0 0 0 0 0 0 0 0 0 0 0 0 0 0 0 0 0 0 0 0 0 0 0 0 0 0 0 0 0 0 0 0 0 0 0 0 0 0 0 0 0 0 0 0 0 0 0 0 0 0 0 0 0 0 0 0 0 0 0 0 0 0 0 0 0 0 0 0 0 0 0 0 0 0 0 0 0 0 0 0 0 0 0 0 0 0 0 0 0 0 0 0 0 0 0 0 0 0 0 0 0 0 0 0 0 0 0 0 0 0 0 0 0 0 0 0 0 0 0 0 0 0 0 0 0 0 0 0 0 0 0 0 0 0 0 0 0 0 0 0 0 0 0 0 0 0 0 0 0 0 0 0 0 0 0 0 0 0 0 0 0 0 0 0 0 0 0 0 0 0 0 0 0 0 0 0 0 0 0 0 0 0 0 0 0 0 0 0 0 0 0 0 0 0 0 0 0 0 0 0 0 0 0 0 0 0 0 0 0 0 0 0 0 0 0 0 0 0 0 0 0 0 0
ctxt 4437912946
btime 1790630938
processes 291123
procs_running 1
procs_blocked 0
softirq 4252790164 73526 9453409 2752424 4154314375 312140 0 13557919 41772585 410 30553376
--
cpu  2836827 1131 1464958 31002685 49329 0 726920 0 0 0
cpu0 101172 19 39708 979507 1098 0 21708 0 0 0
cpu1 106609 24 41243 976837 962 0 22172 0 0 0
cpu2 108320 22 41504 975550 616 0 22422 0 0 0
cpu3 147278 22 57302 905184 1348 0 36372 0 0 0
cpu4 153966 24 57223 900135 823 0 36546 0 0 0
cpu5 115009 25 43416 966127 603 0 23512 0 0 0
cpu6 116291 22 43795 964260 496 0 24335 0 0 0
cpu7 124196 20 47473 949834 377 0 27311 0 0 0
cpu8 39272 38 40049 1016467 1545 0 12688 0 0 0
cpu9 45079 44 43197 996122 3553 0 13695 0 0 0
cpu10 43242 41 41987 1002570 1721 0 13604 0 0 0
cpu11 39892 37 38864 1018318 1143 0 12334 0 0 0
cpu12 68841 115 45833 968160 4336 0 14722 0 0 0
cpu13 66546 46 46531 968197 4186 0 15027 0 0 0
cpu14 39485 35 38227 1021402 1272 0 12092 0 0 0
cpu15 36988 40 35327 1033001 1081 0 11013 0 0 0
cpu16 140350 19 51504 925888 676 0 30905 0 0 0
cpu17 131499 17 49738 936900 1467 0 29416 0 0 0
cpu18 126896 18 48715 944544 364 0 28700 0 0 0
cpu19 183945 18 68155 849515 864 0 45981 0 0 0
cpu20 172518 18 65487 865732 931 0 44235 0 0 0
cpu21 122211 20 47443 950450 886 0 27839 0 0 0
cpu22 115233 24 45756 960073 541 0 26236 0 0 0
cpu23 99791 24 40297 986790 646 0 21621 0 0 0
cpu24 42692 43 39632 1017560 1484 0 12980 0 0 0
cpu25 47486 46 43934 997176 2702 0 15142 0 0 0
cpu26 45587 42 42962 1002578 2063 0 14760 0 0 0
cpu27 38596 30 38404 1009809 1532 0 20815 0 0 0
cpu28 67809 65 49939 950088 3551 0 27271 0 0 0
cpu29 70675 103 51474 941569 3856 0 27730 0 0 0
cpu30 38064 28 39752 1004014 1517 0 20774 0 0 0
cpu31 41275 28 40071 1018311 1071 0 12949 0 0 0
intr 2844079244 126 0 0 0 0 0 0 0 0 1 0 0 0 0 0 0 0 0 0 0 0 0 0 0 0 0 0 1 1 1 0 0 0 0 1 0 1 0 0 75045 0 0 0 0 0 0 0 0 411 0 0 0 0 0 0 0 0 87 0 0 0 0 0 0 0 0 0 0 0 0 0 0 0 297900 2 35023965 34965514 34889266 35026327 0 9575 2874 3405 2052 3466 2960 2634 2817 1896 12061 20646 12061 9545 15761 17151 12265 8247 3183 2078 1684 3190 2672 2270 1827 1859 10174 9191 7031 7001 8918 8223 7169 8785 0 0 0 0 616785 3921 1036 0 264 0 0 0 0 0 0 0 0 0 0 0 0 0 0 0 0 0 0 0 0 0 0 0 0 0 0 0 0 0 0 0 0 0 0 0 0 0 0 0 0 0 0 0 0 0 0 0 0 0 0 0 0 0 0 0 0 0 0 0 0 0 0 0 0 0 0 0 0 0 0 0 0 0 0 0 0 0 0 0 0 0 0 0 0 0 0 0 0 0 0 0 0 0 0 0 0 0 0 0 0 0 0 0 0 0 0 0 0 0 0 0 0 0 0 0 0 0 0 0 0 0 0 0 0 0 0 0 0 0 0 0 0 0 0 0 0 0 0 0 0 0 0 0 0 0 0 0 0 0 0 0 0 0 0 0 0 0 0 0 0 0 0 0 0 0 0 0 0 0 0 0 0 0 0 0 0 0 0 0 0 0 0 0 0 0 0 0 0 0 0 0 0 0 0 0 0 0 0 0 0 0 0 0 0 0 0 0 0 0 0 0 0 0 0 0 0 0 0 0 0 0 0 0 0 0 0 0 0 0 0 0 0 0 0 0 0 0 0 0 0 0 0 0 0 0 0 0 0 0 0 0 0 0 0 0 0 0 0 0 0 0 0 0 0 0 0 0 0 0 0 0 0 0 0 0 0 0 0 0 0 0 0 0 0 0 0 0 0 0 0 0 0 0 0 0 0 0 0 0 0 0 0 0 0 0 0 0 0 0 0 0 0 0 0 0 0 0 0 0 0 0 0 0 0 0 0 0 0 0 0 0 0 0 0 0 0 0 0 0 0 0 0 0 0 0 0 0 0 0 0 0 0 0 0 0 0 0 0 0 0 0 0 0 0 0 0 0 0 0 0 0 0 0 0 0 0 0 0 0 0 0 0 0 0 0 0 0 0 0 0 0 0 0 0 0 0 0 0 0 0 0 0 0 0 0 0 0 0 0 0 0 0 0 0 0 0 0 0 0 0 0 0 0 0 0 0 0 0 0 0 0 0 0 0 0 0 0 0 0 0 0 0 0 0 0 0 0 0 0 0 0 0 0 0 0 0 0 0 0 0 0 0 0 0 0 0 0 0 0 0 0 0 0 0 0 0 0 0 0 0 0 0 0 0 0 0 0 0 0 0 0 0 0 0 0 0 0 0 0 0 0 0 0 0 0 0 0 0 0 0 0 0 0 0 0 0 0 0 0 0 0 0 0 0 0 0 0 0 0 0 0 0 0 0 0 0 0 0 0 0 0 0 0 0 0 0 0 0 0 0 0 0 0 0 0 0 0 0 0 0 0 0 0 0 0 0 0 0 0 0 0 0 0 0 0 0 0 0 0 0 0 0 0 0 0 0 0 0 0 0 0 0 0 0 0 0 0 0 0 0 0 0 0 0 0 0 0 0 0 0 0 0 0 0 0 0 0 0 0 0 0 0 0 0 0 0 0 0 0 0 0 0 0 0 0 0 0 0 0 0 0 0 0 0 0 0 0 0 0 0 0 0 0 0 0 0 0 0 0 0 0 0 0 0 0 0 0 0 0 0 0 0 0 0 0 0 0 0 0 0 0 0 0 0 0 0 0 0 0 0 0 0 0 0 0 0 0 0 0 0 0 0 0 0 0 0 0 0 0 0 0 0 0 0 0 0 0 0 0 0 0 0 0 0 0 0 0 0 0 0 0 0 0 0 0 0 0 0 0 0 0 0 0 0 0 0 0 0 0 0 0 0 0 0 0 0 0 0 0 0 0 0 0 0 0 0 0 0 0 0 0 0 0 0 0 0 0 0 0 0 0 0 0 0 0 0 0 0 0 0 0 0 0 0 0 0 0 0 0 0 0 0 0 0 0 0 0 0 0 0 0 0 0 0 0 0 0 0 0 0 0 0 0 0 0 0 0 0 0 0 0 0 0 0 0 0 0 0 0 0 0 0 0 0 0 0 0 0 0 0 0 0 0 0 0 0 0 0 0 0 0 0 0 0 0 0 0 0 0 0 0 0 0 0 0 0 0 0 0 0 0 0 0 0 0 0 0 0 0 0 0 0 0 0 0 0 0 0 0 0 0 0 0 0 0 0 0 0 0 0 0 0 0 0 0 0 0 0 0 0 0 0 0 0 0 0 0 0 0 0 0 0 0 0 0 0 0 0 0 0 0 0 0 0 0 0 0 0 0 0 0 0 0 0 0 0 0 0 0 0 0 0 0 0 0 0 0 0 0 0 0 0 0 0 0 0 0 0 0 0 0 0 0 0 0 0 0 0 0 0 0 0 0 0 0 0 0 0 0 0 0 0 0 0 0 0 0 0 0 0 0 0 0 0 0 0 0 0 0 0 0 0 0 0 0 0 0 0 0 0 0 0 0 0 0 0 0 0 0 0 0 0 0 0 0 0 0 0 0 0 0 0 0 0 0 0 0 0 0 0 0 0 0 0 0 0 0 0 0 0 0 0 0 0 0 0 0 0 0 0 0 0 0 0 0 0 0 0 0 0 0 0 0 0 0 0 0 0 0 0 0 0
ctxt 4438053469
btime 1790630938
processes 291186
procs_running 2
procs_blocked 0
softirq 4252807391 73526 9456602 2752424 4154317917 312148 0 13557919 41777840 410 30558605
