## wrk 1 (127.0.0.1)
Running 10s test @ http://127.0.0.1:18500/wait
  16 threads and 25000 connections
  Thread Stats   Avg      Stdev     Max   +/- Stdev
    Latency   182.51ms   16.65ms 343.28ms   96.91%
    Req/Sec     8.54k     3.90k   39.29k    69.75%
  Latency Distribution
     50%  184.55ms
     75%  186.92ms
     90%  188.76ms
     99%  193.11ms
  1317150 requests in 10.09s, 134.41MB read
Requests/sec: 130497.33
Transfer/sec:     13.32MB
## server-stat
cpu  2646150 1061 1354369 28953590 47625 0 668102 0 0 0
cpu0 94910 18 37673 912529 1078 0 20116 0 0 0
cpu1 100605 23 39288 908876 881 0 20694 0 0 0
cpu2 102723 21 39608 906871 612 0 21031 0 0 0
cpu3 133367 21 52584 850204 1336 0 32608 0 0 0
cpu4 140803 23 52540 844251 792 0 32723 0 0 0
cpu5 107393 24 40859 900530 598 0 21640 0 0 0
cpu6 109950 21 41988 896155 470 0 22975 0 0 0
cpu7 112661 19 44168 889559 317 0 24811 0 0 0
cpu8 38665 34 36795 947938 1486 0 11720 0 0 0
cpu9 44223 41 39629 929046 3481 0 12564 0 0 0
cpu10 42515 37 38496 935180 1687 0 12463 0 0 0
cpu11 39325 34 35729 949778 1101 0 11375 0 0 0
cpu12 67503 112 41896 902424 4212 0 13414 0 0 0
cpu13 65303 43 42551 902472 4077 0 13706 0 0 0
cpu14 38958 33 35148 952538 1242 0 11134 0 0 0
cpu15 36504 36 32469 963393 1052 0 10171 0 0 0
cpu16 127796 17 47956 867120 622 0 28181 0 0 0
cpu17 119240 17 46174 877683 1444 0 26825 0 0 0
cpu18 114720 17 45192 885151 349 0 26152 0 0 0
cpu19 161999 17 61357 805777 845 0 40874 0 0 0
cpu20 151783 17 59299 819645 886 0 39628 0 0 0
cpu21 111771 19 44405 888507 859 0 25659 0 0 0
cpu22 104021 22 42293 899639 515 0 23728 0 0 0
cpu23 93878 22 38490 918226 615 0 20314 0 0 0
cpu24 42143 39 36460 948781 1447 0 12043 0 0 0
cpu25 46683 42 40282 930011 2557 0 14002 0 0 0
cpu26 44891 39 39405 935090 1923 0 13632 0 0 0
cpu27 38051 27 35157 941036 1511 0 19861 0 0 0
cpu28 66323 61 45793 884597 3420 0 25895 0 0 0
cpu29 69202 99 47181 876474 3695 0 26304 0 0 0
cpu30 37473 25 36488 935255 1443 0 19780 0 0 0
cpu31 40755 26 37001 948839 1056 0 12062 0 0 0
intr 2709466510 126 0 0 0 0 0 0 0 0 1 0 0 0 0 0 0 0 0 0 0 0 0 0 0 0 0 0 1 1 1 0 0 0 0 1 0 1 0 0 75045 0 0 0 0 0 0 0 0 411 0 0 0 0 0 0 0 0 87 0 0 0 0 0 0 0 0 0 0 0 0 0 0 0 282668 2 35019332 34959948 34886314 35020551 0 8944 2844 3256 1990 3450 2915 2576 2767 1853 11752 20405 11976 9155 15607 16910 12063 8143 2988 2068 1682 3186 2432 2257 1761 1838 10090 9140 6761 6979 8704 7954 7119 8749 0 0 0 0 616733 3822 1036 0 264 0 0 0 0 0 0 0 0 0 0 0 0 0 0 0 0 0 0 0 0 0 0 0 0 0 0 0 0 0 0 0 0 0 0 0 0 0 0 0 0 0 0 0 0 0 0 0 0 0 0 0 0 0 0 0 0 0 0 0 0 0 0 0 0 0 0 0 0 0 0 0 0 0 0 0 0 0 0 0 0 0 0 0 0 0 0 0 0 0 0 0 0 0 0 0 0 0 0 0 0 0 0 0 0 0 0 0 0 0 0 0 0 0 0 0 0 0 0 0 0 0 0 0 0 0 0 0 0 0 0 0 0 0 0 0 0 0 0 0 0 0 0 0 0 0 0 0 0 0 0 0 0 0 0 0 0 0 0 0 0 0 0 0 0 0 0 0 0 0 0 0 0 0 0 0 0 0 0 0 0 0 0 0 0 0 0 0 0 0 0 0 0 0 0 0 0 0 0 0 0 0 0 0 0 0 0 0 0 0 0 0 0 0 0 0 0 0 0 0 0 0 0 0 0 0 0 0 0 0 0 0 0 0 0 0 0 0 0 0 0 0 0 0 0 0 0 0 0 0 0 0 0 0 0 0 0 0 0 0 0 0 0 0 0 0 0 0 0 0 0 0 0 0 0 0 0 0 0 0 0 0 0 0 0 0 0 0 0 0 0 0 0 0 0 0 0 0 0 0 0 0 0 0 0 0 0 0 0 0 0 0 0 0 0 0 0 0 0 0 0 0 0 0 0 0 0 0 0 0 0 0 0 0 0 0 0 0 0 0 0 0 0 0 0 0 0 0 0 0 0 0 0 0 0 0 0 0 0 0 0 0 0 0 0 0 0 0 0 0 0 0 0 0 0 0 0 0 0 0 0 0 0 0 0 0 0 0 0 0 0 0 0 0 0 0 0 0 0 0 0 0 0 0 0 0 0 0 0 0 0 0 0 0 0 0 0 0 0 0 0 0 0 0 0 0 0 0 0 0 0 0 0 0 0 0 0 0 0 0 0 0 0 0 0 0 0 0 0 0 0 0 0 0 0 0 0 0 0 0 0 0 0 0 0 0 0 0 0 0 0 0 0 0 0 0 0 0 0 0 0 0 0 0 0 0 0 0 0 0 0 0 0 0 0 0 0 0 0 0 0 0 0 0 0 0 0 0 0 0 0 0 0 0 0 0 0 0 0 0 0 0 0 0 0 0 0 0 0 0 0 0 0 0 0 0 0 0 0 0 0 0 0 0 0 0 0 0 0 0 0 0 0 0 0 0 0 0 0 0 0 0 0 0 0 0 0 0 0 0 0 0 0 0 0 0 0 0 0 0 0 0 0 0 0 0 0 0 0 0 0 0 0 0 0 0 0 0 0 0 0 0 0 0 0 0 0 0 0 0 0 0 0 0 0 0 0 0 0 0 0 0 0 0 0 0 0 0 0 0 0 0 0 0 0 0 0 0 0 0 0 0 0 0 0 0 0 0 0 0 0 0 0 0 0 0 0 0 0 0 0 0 0 0 0 0 0 0 0 0 0 0 0 0 0 0 0 0 0 0 0 0 0 0 0 0 0 0 0 0 0 0 0 0 0 0 0 0 0 0 0 0 0 0 0 0 0 0 0 0 0 0 0 0 0 0 0 0 0 0 0 0 0 0 0 0 0 0 0 0 0 0 0 0 0 0 0 0 0 0 0 0 0 0 0 0 0 0 0 0 0 0 0 0 0 0 0 0 0 0 0 0 0 0 0 0 0 0 0 0 0 0 0 0 0 0 0 0 0 0 0 0 0 0 0 0 0 0 0 0 0 0 0 0 0 0 0 0 0 0 0 0 0 0 0 0 0 0 0 0 0 0 0 0 0 0 0 0 0 0 0 0 0 0 0 0 0 0 0 0 0 0 0 0 0 0 0 0 0 0 0 0 0 0 0 0 0 0 0 0 0 0 0 0 0 0 0 0 0 0 0 0 0 0 0 0 0 0 0 0 0 0 0 0 0 0 0 0 0 0 0 0 0 0 0 0 0 0 0 0 0 0 0 0 0 0 0 0 0 0 0 0 0 0 0 0 0 0 0 0 0 0 0 0 0 0 0 0 0 0 0 0 0 0 0 0 0 0 0 0 0 0 0 0 0 0 0 0 0 0 0 0 0 0 0 0 0 0 0 0 0 0 0 0 0 0 0 0 0 0 0 0 0 0 0 0 0 0 0 0 0 0 0 0 0 0 0 0 0 0 0 0 0 0 0 0 0 0 0 0 0 0 0 0 0 0 0 0 0 0 0 0 0 0 0 0 0 0 0 0 0 0 0 0 0 0 0 0 0 0 0 0 0 0 0 0 0 0 0 0 0 0 0 0 0 0 0 0 0 0 0 0 0 0 0 0 0 0 0 0 0 0 0 0 0 0 0 0 0 0 0 0 0 0 0 0 0 0 0 0 0 0 0 0 0 0 0 0 0 0 0 0 0 0 0 0 0 0 0 0 0 0 0 0 0 0 0 0 0 0 0 0 0
ctxt 4190601051
btime 1790630938
processes 274097
procs_running 4
procs_blocked 0
softirq 3891866835 73526 7363208 2752324 3800101185 296078 0 13557457 39685065 410 28037582
--
cpu  2647351 1062 1354910 28976473 47638 0 668430 0 0 0
cpu0 94912 18 37674 913316 1078 0 20117 0 0 0
cpu1 100606 23 39289 909673 881 0 20695 0 0 0
cpu2 102723 21 39608 907670 612 0 21031 0 0 0
cpu3 133542 21 52628 850748 1336 0 32643 0 0 0
cpu4 141183 23 52641 844484 792 0 32807 0 0 0
cpu5 107393 24 40859 901328 598 0 21640 0 0 0
cpu6 109950 21 41989 896954 470 0 22975 0 0 0
cpu7 112661 19 44168 890358 317 0 24811 0 0 0
cpu8 38669 34 36803 948696 1486 0 11723 0 0 0
cpu9 44232 41 39652 929749 3485 0 12571 0 0 0
cpu10 42520 37 38509 935914 1687 0 12468 0 0 0
cpu11 39328 34 35737 950533 1101 0 11378 0 0 0
cpu12 67513 112 41931 903094 4212 0 13429 0 0 0
cpu13 65316 43 42589 903132 4077 0 13722 0 0 0
cpu14 38962 33 35160 953281 1242 0 11139 0 0 0
cpu15 36505 36 32474 964164 1052 0 10173 0 0 0
cpu16 127797 17 47956 867919 622 0 28181 0 0 0
cpu17 119242 17 46174 878479 1444 0 26825 0 0 0
cpu18 114721 17 45192 885949 349 0 26152 0 0 0
cpu19 162369 17 61455 806032 845 0 40951 0 0 0
cpu20 151940 17 59340 820216 886 0 39660 0 0 0
cpu21 111771 19 44405 889306 859 0 25659 0 0 0
cpu22 104021 22 42293 900438 515 0 23728 0 0 0
cpu23 93878 22 38490 919025 615 0 20314 0 0 0
cpu24 42145 39 36464 949559 1447 0 12044 0 0 0
cpu25 46689 42 40292 930763 2557 0 14006 0 0 0
cpu26 44894 39 39412 935858 1923 0 13634 0 0 0
cpu27 38053 27 35159 941821 1511 0 19862 0 0 0
cpu28 66342 61 45834 885250 3420 0 25911 0 0 0
cpu29 69222 99 47215 877129 3703 0 26319 0 0 0
cpu30 37477 25 36499 936006 1443 0 19783 0 0 0
cpu31 40758 26 37005 949616 1056 0 12063 0 0 0
intr 2710414871 126 0 0 0 0 0 0 0 0 1 0 0 0 0 0 0 0 0 0 0 0 0 0 0 0 0 0 1 1 1 0 0 0 0 1 0 1 0 0 75045 0 0 0 0 0 0 0 0 411 0 0 0 0 0 0 0 0 87 0 0 0 0 0 0 0 0 0 0 0 0 0 0 0 282829 2 35019350 34959971 34886329 35020573 0 8948 2844 3256 1990 3450 2915 2576 2767 1853 11755 20405 11976 9155 15607 16910 12063 8143 2988 2068 1682 3186 2432 2257 1761 1838 10090 9140 6761 6979 8704 7954 7119 8750 0 0 0 0 616733 3825 1036 0 264 0 0 0 0 0 0 0 0 0 0 0 0 0 0 0 0 0 0 0 0 0 0 0 0 0 0 0 0 0 0 0 0 0 0 0 0 0 0 0 0 0 0 0 0 0 0 0 0 0 0 0 0 0 0 0 0 0 0 0 0 0 0 0 0 0 0 0 0 0 0 0 0 0 0 0 0 0 0 0 0 0 0 0 0 0 0 0 0 0 0 0 0 0 0 0 0 0 0 0 0 0 0 0 0 0 0 0 0 0 0 0 0 0 0 0 0 0 0 0 0 0 0 0 0 0 0 0 0 0 0 0 0 0 0 0 0 0 0 0 0 0 0 0 0 0 0 0 0 0 0 0 0 0 0 0 0 0 0 0 0 0 0 0 0 0 0 0 0 0 0 0 0 0 0 0 0 0 0 0 0 0 0 0 0 0 0 0 0 0 0 0 0 0 0 0 0 0 0 0 0 0 0 0 0 0 0 0 0 0 0 0 0 0 0 0 0 0 0 0 0 0 0 0 0 0 0 0 0 0 0 0 0 0 0 0 0 0 0 0 0 0 0 0 0 0 0 0 0 0 0 0 0 0 0 0 0 0 0 0 0 0 0 0 0 0 0 0 0 0 0 0 0 0 0 0 0 0 0 0 0 0 0 0 0 0 0 0 0 0 0 0 0 0 0 0 0 0 0 0 0 0 0 0 0 0 0 0 0 0 0 0 0 0 0 0 0 0 0 0 0 0 0 0 0 0 0 0 0 0 0 0 0 0 0 0 0 0 0 0 0 0 0 0 0 0 0 0 0 0 0 0 0 0 0 0 0 0 0 0 0 0 0 0 0 0 0 0 0 0 0 0 0 0 0 0 0 0 0 0 0 0 0 0 0 0 0 0 0 0 0 0 0 0 0 0 0 0 0 0 0 0 0 0 0 0 0 0 0 0 0 0 0 0 0 0 0 0 0 0 0 0 0 0 0 0 0 0 0 0 0 0 0 0 0 0 0 0 0 0 0 0 0 0 0 0 0 0 0 0 0 0 0 0 0 0 0 0 0 0 0 0 0 0 0 0 0 0 0 0 0 0 0 0 0 0 0 0 0 0 0 0 0 0 0 0 0 0 0 0 0 0 0 0 0 0 0 0 0 0 0 0 0 0 0 0 0 0 0 0 0 0 0 0 0 0 0 0 0 0 0 0 0 0 0 0 0 0 0 0 0 0 0 0 0 0 0 0 0 0 0 0 0 0 0 0 0 0 0 0 0 0 0 0 0 0 0 0 0 0 0 0 0 0 0 0 0 0 0 0 0 0 0 0 0 0 0 0 0 0 0 0 0 0 0 0 0 0 0 0 0 0 0 0 0 0 0 0 0 0 0 0 0 0 0 0 0 0 0 0 0 0 0 0 0 0 0 0 0 0 0 0 0 0 0 0 0 0 0 0 0 0 0 0 0 0 0 0 0 0 0 0 0 0 0 0 0 0 0 0 0 0 0 0 0 0 0 0 0 0 0 0 0 0 0 0 0 0 0 0 0 0 0 0 0 0 0 0 0 0 0 0 0 0 0 0 0 0 0 0 0 0 0 0 0 0 0 0 0 0 0 0 0 0 0 0 0 0 0 0 0 0 0 0 0 0 0 0 0 0 0 0 0 0 0 0 0 0 0 0 0 0 0 0 0 0 0 0 0 0 0 0 0 0 0 0 0 0 0 0 0 0 0 0 0 0 0 0 0 0 0 0 0 0 0 0 0 0 0 0 0 0 0 0 0 0 0 0 0 0 0 0 0 0 0 0 0 0 0 0 0 0 0 0 0 0 0 0 0 0 0 0 0 0 0 0 0 0 0 0 0 0 0 0 0 0 0 0 0 0 0 0 0 0 0 0 0 0 0 0 0 0 0 0 0 0 0 0 0 0 0 0 0 0 0 0 0 0 0 0 0 0 0 0 0 0 0 0 0 0 0 0 0 0 0 0 0 0 0 0 0 0 0 0 0 0 0 0 0 0 0 0 0 0 0 0 0 0 0 0 0 0 0 0 0 0 0 0 0 0 0 0 0 0 0 0 0 0 0 0 0 0 0 0 0 0 0 0 0 0 0 0 0 0 0 0 0 0 0 0 0 0 0 0 0 0 0 0 0 0 0 0 0 0 0 0 0 0 0 0 0 0 0 0 0 0 0 0 0 0 0 0 0 0 0 0 0 0 0 0 0 0 0 0 0 0 0 0 0 0 0 0 0 0 0 0 0 0 0 0 0 0 0 0 0 0 0 0 0 0 0 0 0 0 0 0 0 0 0 0 0 0 0 0 0 0 0 0 0 0 0 0 0 0 0 0 0 0 0 0 0 0 0 0 0 0 0 0 0 0 0 0 0 0 0 0 0 0 0 0 0 0 0 0 0 0 0 0 0 0 0 0 0 0 0 0 0 0 0 0 0 0 0 0 0 0 0 0 0 0 0 0 0 0 0 0 0 0 0 0 0 0 0 0 0 0 0 0 0 0 0 0 0
ctxt 4192369460
btime 1790630938
processes 274148
procs_running 4
procs_blocked 0
softirq 3894139844 73526 7391874 2752324 3802314087 296247 0 13557476 39701698 410 28052202
