## wrk 1 (127.0.0.1)
Running 10s test @ http://127.0.0.1:18500/wait
  16 threads and 10000 connections
  Thread Stats   Avg      Stdev     Max   +/- Stdev
    Latency    33.08ms  197.93ms   4.11s    98.71%
    Req/Sec    34.54k     3.96k   46.01k    66.12%
  Latency Distribution
     50%   13.90ms
     75%   14.11ms
     90%   14.35ms
     99%  619.94ms
  5499755 requests in 10.04s, 561.21MB read
  Socket errors: connect 0, read 1314, write 0, timeout 0
Requests/sec: 548056.64
Transfer/sec:     55.93MB
## server-stat
cpu  2662972 1075 1364666 29378457 47917 0 673367 0 0 0
cpu0 95248 18 37793 926373 1078 0 20243 0 0 0
cpu1 100840 23 39372 923015 882 0 20769 0 0 0
cpu2 102911 21 39673 921108 614 0 21083 0 0 0
cpu3 135732 21 53401 860828 1337 0 33291 0 0 0
cpu4 143502 23 53510 854334 792 0 33536 0 0 0
cpu5 107506 24 40907 914877 598 0 21673 0 0 0
cpu6 110123 21 42050 910420 471 0 23021 0 0 0
cpu7 112830 19 44219 903845 317 0 24856 0 0 0
cpu8 38717 35 37068 961694 1502 0 11778 0 0 0
cpu9 44349 42 40007 942367 3488 0 12670 0 0 0
cpu10 42602 38 38841 948622 1690 0 12552 0 0 0
cpu11 39382 34 36019 963435 1115 0 11447 0 0 0
cpu12 67714 113 42408 915338 4249 0 13570 0 0 0
cpu13 65540 44 43054 915352 4108 0 13866 0 0 0
cpu14 39028 33 35485 966069 1242 0 11224 0 0 0
cpu15 36553 37 32753 977096 1066 0 10238 0 0 0
cpu16 127951 18 48008 881422 623 0 28216 0 0 0
cpu17 119428 17 46226 891946 1445 0 26865 0 0 0
cpu18 114889 17 45241 899434 350 0 26194 0 0 0
cpu19 166287 17 62704 813651 862 0 41892 0 0 0
cpu20 155407 17 60327 828789 888 0 40384 0 0 0
cpu21 112052 19 44487 902612 866 0 25726 0 0 0
cpu22 104161 22 42337 913963 518 0 23759 0 0 0
cpu23 93991 22 38526 932598 615 0 20338 0 0 0
cpu24 42187 40 36751 962559 1449 0 12099 0 0 0
cpu25 46757 43 40604 943610 2576 0 14081 0 0 0
cpu26 44952 39 39717 948744 1971 0 13698 0 0 0
cpu27 38091 28 35400 954951 1512 0 19908 0 0 0
cpu28 66524 62 46196 897846 3426 0 26012 0 0 0
cpu29 69394 99 47601 889626 3745 0 26425 0 0 0
cpu30 37521 26 36755 949071 1449 0 19836 0 0 0
cpu31 40790 26 37214 962844 1059 0 12103 0 0 0
intr 2724385881 126 0 0 0 0 0 0 0 0 1 0 0 0 0 0 0 0 0 0 0 0 0 0 0 0 0 0 1 1 1 0 0 0 0 1 0 1 0 0 75045 0 0 0 0 0 0 0 0 411 0 0 0 0 0 0 0 0 87 0 0 0 0 0 0 0 0 0 0 0 0 0 0 0 285407 2 35020141 34960727 34887049 35021515 0 9062 2850 3258 2028 3459 2921 2579 2768 1854 11775 20431 11977 9186 15636 16911 12063 8144 3150 2070 1682 3186 2591 2262 1788 1839 10092 9148 6873 6982 8709 7967 7122 8758 0 0 0 0 616741 3847 1036 0 264 0 0 0 0 0 0 0 0 0 0 0 0 0 0 0 0 0 0 0 0 0 0 0 0 0 0 0 0 0 0 0 0 0 0 0 0 0 0 0 0 0 0 0 0 0 0 0 0 0 0 0 0 0 0 0 0 0 0 0 0 0 0 0 0 0 0 0 0 0 0 0 0 0 0 0 0 0 0 0 0 0 0 0 0 0 0 0 0 0 0 0 0 0 0 0 0 0 0 0 0 0 0 0 0 0 0 0 0 0 0 0 0 0 0 0 0 0 0 0 0 0 0 0 0 0 0 0 0 0 0 0 0 0 0 0 0 0 0 0 0 0 0 0 0 0 0 0 0 0 0 0 0 0 0 0 0 0 0 0 0 0 0 0 0 0 0 0 0 0 0 0 0 0 0 0 0 0 0 0 0 0 0 0 0 0 0 0 0 0 0 0 0 0 0 0 0 0 0 0 0 0 0 0 0 0 0 0 0 0 0 0 0 0 0 0 0 0 0 0 0 0 0 0 0 0 0 0 0 0 0 0 0 0 0 0 0 0 0 0 0 0 0 0 0 0 0 0 0 0 0 0 0 0 0 0 0 0 0 0 0 0 0 0 0 0 0 0 0 0 0 0 0 0 0 0 0 0 0 0 0 0 0 0 0 0 0 0 0 0 0 0 0 0 0 0 0 0 0 0 0 0 0 0 0 0 0 0 0 0 0 0 0 0 0 0 0 0 0 0 0 0 0 0 0 0 0 0 0 0 0 0 0 0 0 0 0 0 0 0 0 0 0 0 0 0 0 0 0 0 0 0 0 0 0 0 0 0 0 0 0 0 0 0 0 0 0 0 0 0 0 0 0 0 0 0 0 0 0 0 0 0 0 0 0 0 0 0 0 0 0 0 0 0 0 0 0 0 0 0 0 0 0 0 0 0 0 0 0 0 0 0 0 0 0 0 0 0 0 0 0 0 0 0 0 0 0 0 0 0 0 0 0 0 0 0 0 0 0 0 0 0 0 0 0 0 0 0 0 0 0 0 0 0 0 0 0 0 0 0 0 0 0 0 0 0 0 0 0 0 0 0 0 0 0 0 0 0 0 0 0 0 0 0 0 0 0 0 0 0 0 0 0 0 0 0 0 0 0 0 0 0 0 0 0 0 0 0 0 0 0 0 0 0 0 0 0 0 0 0 0 0 0 0 0 0 0 0 0 0 0 0 0 0 0 0 0 0 0 0 0 0 0 0 0 0 0 0 0 0 0 0 0 0 0 0 0 0 0 0 0 0 0 0 0 0 0 0 0 0 0 0 0 0 0 0 0 0 0 0 0 0 0 0 0 0 0 0 0 0 0 0 0 0 0 0 0 0 0 0 0 0 0 0 0 0 0 0 0 0 0 0 0 0 0 0 0 0 0 0 0 0 0 0 0 0 0 0 0 0 0 0 0 0 0 0 0 0 0 0 0 0 0 0 0 0 0 0 0 0 0 0 0 0 0 0 0 0 0 0 0 0 0 0 0 0 0 0 0 0 0 0 0 0 0 0 0 0 0 0 0 0 0 0 0 0 0 0 0 0 0 0 0 0 0 0 0 0 0 0 0 0 0 0 0 0 0 0 0 0 0 0 0 0 0 0 0 0 0 0 0 0 0 0 0 0 0 0 0 0 0 0 0 0 0 0 0 0 0 0 0 0 0 0 0 0 0 0 0 0 0 0 0 0 0 0 0 0 0 0 0 0 0 0 0 0 0 0 0 0 0 0 0 0 0 0 0 0 0 0 0 0 0 0 0 0 0 0 0 0 0 0 0 0 0 0 0 0 0 0 0 0 0 0 0 0 0 0 0 0 0 0 0 0 0 0 0 0 0 0 0 0 0 0 0 0 0 0 0 0 0 0 0 0 0 0 0 0 0 0 0 0 0 0 0 0 0 0 0 0 0 0 0 0 0 0 0 0 0 0 0 0 0 0 0 0 0 0 0 0 0 0 0 0 0 0 0 0 0 0 0 0 0 0 0 0 0 0 0 0 0 0 0 0 0 0 0 0 0 0 0 0 0 0 0 0 0 0 0 0 0 0 0 0 0 0 0 0 0 0 0 0 0 0 0 0 0 0 0 0 0 0 0 0 0 0 0 0 0 0 0 0 0 0 0 0 0 0 0 0 0 0 0 0 0 0 0 0 0 0 0 0 0 0 0 0 0 0 0 0 0 0 0 0 0 0 0 0 0 0 0 0 0 0 0 0 0 0 0 0 0 0 0 0 0 0 0 0 0 0 0 0 0 0 0 0 0 0 0 0 0 0 0 0 0 0 0 0 0 0 0 0 0 0 0 0 0 0 0 0 0 0 0 0 0 0 0 0 0 0 0 0 0 0 0 0 0 0 0 0 0 0 0 0 0 0 0 0 0 0 0 0 0 0 0 0 0 0 0 0 0 0 0 0 0 0 0 0 0 0 0 0 0 0 0 0 0 0 0 0 0 0 0 0 0 0 0 0 0 0 0 0 0
ctxt 4217642818
btime 1790630938
processes 277297
procs_running 16
procs_blocked 0
softirq 3927751879 73526 7674054 2752347 3835085500 298970 0 13557579 39979566 410 28329927
--
cpu  2667422 1076 1366673 29394147 47932 0 674792 0 0 0
cpu0 95249 18 37793 927149 1078 0 20243 0 0 0
cpu1 100841 23 39372 923812 882 0 20769 0 0 0
cpu2 102912 21 39673 921905 614 0 21083 0 0 0
cpu3 135789 21 53417 861538 1337 0 33306 0 0 0
cpu4 143665 23 53555 854885 792 0 33574 0 0 0
cpu5 107507 24 40908 915671 598 0 21673 0 0 0
cpu6 110547 21 42172 910570 471 0 23125 0 0 0
cpu7 113081 19 44283 904264 321 0 24915 0 0 0
cpu8 38726 35 37118 962285 1502 0 11800 0 0 0
cpu9 44363 42 40059 942952 3488 0 12693 0 0 0
cpu10 42613 38 38894 949210 1690 0 12577 0 0 0
cpu11 39393 34 36065 964029 1115 0 11470 0 0 0
cpu12 67731 113 42464 915923 4249 0 13594 0 0 0
cpu13 65554 44 43108 915934 4108 0 13888 0 0 0
cpu14 39037 33 35532 966687 1242 0 11244 0 0 0
cpu15 36564 37 32792 977717 1067 0 10255 0 0 0
cpu16 128487 18 48142 881423 623 0 28346 0 0 0
cpu17 119954 17 46371 891946 1445 0 26993 0 0 0
cpu18 115409 17 45387 899435 350 0 26328 0 0 0
cpu19 166748 17 62841 813734 862 0 42010 0 0 0
cpu20 155761 17 60431 829034 888 0 40480 0 0 0
cpu21 112574 19 44634 902612 866 0 25856 0 0 0
cpu22 104276 22 42367 914594 518 0 23781 0 0 0
cpu23 94277 22 38599 932969 615 0 20408 0 0 0
cpu24 42203 40 36803 963148 1449 0 12124 0 0 0
cpu25 46774 43 40659 944180 2576 0 14108 0 0 0
cpu26 44967 39 39777 949312 1972 0 13725 0 0 0
cpu27 38104 28 35450 955533 1512 0 19932 0 0 0
cpu28 66552 62 46263 898398 3432 0 26038 0 0 0
cpu29 69418 99 47663 890182 3746 0 26454 0 0 0
cpu30 37532 26 36805 949664 1450 0 19859 0 0 0
cpu31 40802 27 37262 963438 1060 0 12127 0 0 0
intr 2727656465 126 0 0 0 0 0 0 0 0 1 0 0 0 0 0 0 0 0 0 0 0 0 0 0 0 0 0 1 1 1 0 0 0 0 1 0 1 0 0 75045 0 0 0 0 0 0 0 0 411 0 0 0 0 0 0 0 0 87 0 0 0 0 0 0 0 0 0 0 0 0 0 0 0 285540 2 35020153 34960747 34887064 35021547 0 9066 2850 3258 2028 3459 2921 2581 2768 1854 11775 20432 11978 9192 15637 16912 12063 8144 3150 2070 1682 3186 2591 2262 1788 1839 10092 9148 6875 6982 8709 7972 7122 8758 0 0 0 0 616741 3847 1036 0 264 0 0 0 0 0 0 0 0 0 0 0 0 0 0 0 0 0 0 0 0 0 0 0 0 0 0 0 0 0 0 0 0 0 0 0 0 0 0 0 0 0 0 0 0 0 0 0 0 0 0 0 0 0 0 0 0 0 0 0 0 0 0 0 0 0 0 0 0 0 0 0 0 0 0 0 0 0 0 0 0 0 0 0 0 0 0 0 0 0 0 0 0 0 0 0 0 0 0 0 0 0 0 0 0 0 0 0 0 0 0 0 0 0 0 0 0 0 0 0 0 0 0 0 0 0 0 0 0 0 0 0 0 0 0 0 0 0 0 0 0 0 0 0 0 0 0 0 0 0 0 0 0 0 0 0 0 0 0 0 0 0 0 0 0 0 0 0 0 0 0 0 0 0 0 0 0 0 0 0 0 0 0 0 0 0 0 0 0 0 0 0 0 0 0 0 0 0 0 0 0 0 0 0 0 0 0 0 0 0 0 0 0 0 0 0 0 0 0 0 0 0 0 0 0 0 0 0 0 0 0 0 0 0 0 0 0 0 0 0 0 0 0 0 0 0 0 0 0 0 0 0 0 0 0 0 0 0 0 0 0 0 0 0 0 0 0 0 0 0 0 0 0 0 0 0 0 0 0 0 0 0 0 0 0 0 0 0 0 0 0 0 0 0 0 0 0 0 0 0 0 0 0 0 0 0 0 0 0 0 0 0 0 0 0 0 0 0 0 0 0 0 0 0 0 0 0 0 0 0 0 0 0 0 0 0 0 0 0 0 0 0 0 0 0 0 0 0 0 0 0 0 0 0 0 0 0 0 0 0 0 0 0 0 0 0 0 0 0 0 0 0 0 0 0 0 0 0 0 0 0 0 0 0 0 0 0 0 0 0 0 0 0 0 0 0 0 0 0 0 0 0 0 0 0 0 0 0 0 0 0 0 0 0 0 0 0 0 0 0 0 0 0 0 0 0 0 0 0 0 0 0 0 0 0 0 0 0 0 0 0 0 0 0 0 0 0 0 0 0 0 0 0 0 0 0 0 0 0 0 0 0 0 0 0 0 0 0 0 0 0 0 0 0 0 0 0 0 0 0 0 0 0 0 0 0 0 0 0 0 0 0 0 0 0 0 0 0 0 0 0 0 0 0 0 0 0 0 0 0 0 0 0 0 0 0 0 0 0 0 0 0 0 0 0 0 0 0 0 0 0 0 0 0 0 0 0 0 0 0 0 0 0 0 0 0 0 0 0 0 0 0 0 0 0 0 0 0 0 0 0 0 0 0 0 0 0 0 0 0 0 0 0 0 0 0 0 0 0 0 0 0 0 0 0 0 0 0 0 0 0 0 0 0 0 0 0 0 0 0 0 0 0 0 0 0 0 0 0 0 0 0 0 0 0 0 0 0 0 0 0 0 0 0 0 0 0 0 0 0 0 0 0 0 0 0 0 0 0 0 0 0 0 0 0 0 0 0 0 0 0 0 0 0 0 0 0 0 0 0 0 0 0 0 0 0 0 0 0 0 0 0 0 0 0 0 0 0 0 0 0 0 0 0 0 0 0 0 0 0 0 0 0 0 0 0 0 0 0 0 0 0 0 0 0 0 0 0 0 0 0 0 0 0 0 0 0 0 0 0 0 0 0 0 0 0 0 0 0 0 0 0 0 0 0 0 0 0 0 0 0 0 0 0 0 0 0 0 0 0 0 0 0 0 0 0 0 0 0 0 0 0 0 0 0 0 0 0 0 0 0 0 0 0 0 0 0 0 0 0 0 0 0 0 0 0 0 0 0 0 0 0 0 0 0 0 0 0 0 0 0 0 0 0 0 0 0 0 0 0 0 0 0 0 0 0 0 0 0 0 0 0 0 0 0 0 0 0 0 0 0 0 0 0 0 0 0 0 0 0 0 0 0 0 0 0 0 0 0 0 0 0 0 0 0 0 0 0 0 0 0 0 0 0 0 0 0 0 0 0 0 0 0 0 0 0 0 0 0 0 0 0 0 0 0 0 0 0 0 0 0 0 0 0 0 0 0 0 0 0 0 0 0 0 0 0 0 0 0 0 0 0 0 0 0 0 0 0 0 0 0 0 0 0 0 0 0 0 0 0 0 0 0 0 0 0 0 0 0 0 0 0 0 0 0 0 0 0 0 0 0 0 0 0 0 0 0 0 0 0 0 0 0 0 0 0 0 0 0 0 0 0 0 0 0 0 0 0 0 0 0 0 0 0 0 0 0 0 0 0 0 0 0 0 0 0 0 0 0 0 0 0 0 0 0 0 0 0 0 0 0 0 0 0 0 0 0 0 0 0 0 0 0 0 0 0 0 0 0 0 0 0 0 0 0 0 0 0 0 0 0 0 0 0 0 0 0 0 0 0 0 0 0 0 0 0 0 0 0 0 0 0 0 0 0 0 0 0 0 0 0 0 0 0 0 0 0 0 0 0 0 0 0 0 0 0 0 0 0 0 0 0 0 0 0 0 0 0 0 0 0 0 0
ctxt 4223932808
btime 1790630938
processes 277332
procs_running 13
procs_blocked 0
softirq 3936644550 73526 7680896 2752347 3843912086 299108 0 13557579 40005010 410 28363588
