## wrk 1 (127.0.0.1)
Running 10s test @ http://127.0.0.1:18500/wait
  16 threads and 1000 connections
  Thread Stats   Avg      Stdev     Max   +/- Stdev
    Latency    10.50ms  494.37us  13.32ms   76.96%
    Req/Sec     5.93k    93.85     6.19k    74.35%
  Latency Distribution
     50%   10.42ms
     75%   10.65ms
     90%   11.29ms
     99%   11.89ms
  947448 requests in 10.10s, 118.37MB read
Requests/sec:  93806.06
Transfer/sec:     11.72MB
## server-stat
cpu  2705154 1086 1390820 29647641 48219 0 688092 0 0 0
cpu0 95801 19 38040 936769 1097 0 20454 0 0 0
cpu1 102387 23 39936 932029 882 0 21212 0 0 0
cpu2 104843 21 40347 929601 614 0 21565 0 0 0
cpu3 137941 21 54232 868665 1337 0 33973 0 0 0
cpu4 145273 23 54148 862957 794 0 34071 0 0 0
cpu5 109571 24 41656 923064 599 0 22258 0 0 0
cpu6 111380 21 42471 919957 487 0 23371 0 0 0
cpu7 116378 19 45366 909815 355 0 25753 0 0 0
cpu8 38877 36 37851 970957 1503 0 12048 0 0 0
cpu9 44520 42 40809 951540 3495 0 12940 0 0 0
cpu10 42770 38 39638 957796 1709 0 12834 0 0 0
cpu11 39521 35 36759 972767 1131 0 11694 0 0 0
cpu12 67947 113 43224 924431 4272 0 13851 0 0 0
cpu13 65751 44 43902 924442 4110 0 14158 0 0 0
cpu14 39148 34 36181 975641 1244 0 11461 0 0 0
cpu15 36671 38 33403 986787 1067 0 10453 0 0 0
cpu16 132341 18 49328 886242 623 0 29290 0 0 0
cpu17 122700 17 47281 898397 1446 0 27679 0 0 0
cpu18 117686 18 46182 906544 350 0 26938 0 0 0
cpu19 169375 18 63703 820399 862 0 42642 0 0 0
cpu20 158726 17 61407 835129 888 0 41234 0 0 0
cpu21 114802 19 45346 909901 876 0 26404 0 0 0
cpu22 107649 22 43461 920090 520 0 24615 0 0 0
cpu23 95293 23 38908 942202 632 0 20617 0 0 0
cpu24 42332 41 37525 971878 1450 0 12361 0 0 0
cpu25 46960 44 41496 952549 2577 0 14386 0 0 0
cpu26 45130 40 40601 957667 2016 0 14011 0 0 0
cpu27 38238 28 36229 964121 1513 0 20184 0 0 0
cpu28 66813 63 47189 906554 3432 0 26365 0 0 0
cpu29 69707 100 48607 898233 3802 0 26782 0 0 0
cpu30 37677 26 37570 958334 1455 0 20113 0 0 0
cpu31 40934 27 38010 972169 1065 0 12361 0 0 0
intr 2756271241 126 0 0 0 0 0 0 0 0 1 0 0 0 0 0 0 0 0 0 0 0 0 0 0 0 0 0 1 1 1 0 0 0 0 1 0 1 0 0 75045 0 0 0 0 0 0 0 0 411 0 0 0 0 0 0 0 0 87 0 0 0 0 0 0 0 0 0 0 0 0 0 0 0 288038 2 35020731 34961518 34887332 35022493 0 9155 2852 3258 2028 3460 2924 2583 2778 1854 11778 20516 11982 9281 15709 16947 12117 8218 3150 2070 1683 3186 2671 2265 1795 1841 10094 9159 6882 6985 8728 7978 7129 8760 0 0 0 0 616749 3858 1036 0 264 0 0 0 0 0 0 0 0 0 0 0 0 0 0 0 0 0 0 0 0 0 0 0 0 0 0 0 0 0 0 0 0 0 0 0 0 0 0 0 0 0 0 0 0 0 0 0 0 0 0 0 0 0 0 0 0 0 0 0 0 0 0 0 0 0 0 0 0 0 0 0 0 0 0 0 0 0 0 0 0 0 0 0 0 0 0 0 0 0 0 0 0 0 0 0 0 0 0 0 0 0 0 0 0 0 0 0 0 0 0 0 0 0 0 0 0 0 0 0 0 0 0 0 0 0 0 0 0 0 0 0 0 0 0 0 0 0 0 0 0 0 0 0 0 0 0 0 0 0 0 0 0 0 0 0 0 0 0 0 0 0 0 0 0 0 0 0 0 0 0 0 0 0 0 0 0 0 0 0 0 0 0 0 0 0 0 0 0 0 0 0 0 0 0 0 0 0 0 0 0 0 0 0 0 0 0 0 0 0 0 0 0 0 0 0 0 0 0 0 0 0 0 0 0 0 0 0 0 0 0 0 0 0 0 0 0 0 0 0 0 0 0 0 0 0 0 0 0 0 0 0 0 0 0 0 0 0 0 0 0 0 0 0 0 0 0 0 0 0 0 0 0 0 0 0 0 0 0 0 0 0 0 0 0 0 0 0 0 0 0 0 0 0 0 0 0 0 0 0 0 0 0 0 0 0 0 0 0 0 0 0 0 0 0 0 0 0 0 0 0 0 0 0 0 0 0 0 0 0 0 0 0 0 0 0 0 0 0 0 0 0 0 0 0 0 0 0 0 0 0 0 0 0 0 0 0 0 0 0 0 0 0 0 0 0 0 0 0 0 0 0 0 0 0 0 0 0 0 0 0 0 0 0 0 0 0 0 0 0 0 0 0 0 0 0 0 0 0 0 0 0 0 0 0 0 0 0 0 0 0 0 0 0 0 0 0 0 0 0 0 0 0 0 0 0 0 0 0 0 0 0 0 0 0 0 0 0 0 0 0 0 0 0 0 0 0 0 0 0 0 0 0 0 0 0 0 0 0 0 0 0 0 0 0 0 0 0 0 0 0 0 0 0 0 0 0 0 0 0 0 0 0 0 0 0 0 0 0 0 0 0 0 0 0 0 0 0 0 0 0 0 0 0 0 0 0 0 0 0 0 0 0 0 0 0 0 0 0 0 0 0 0 0 0 0 0 0 0 0 0 0 0 0 0 0 0 0 0 0 0 0 0 0 0 0 0 0 0 0 0 0 0 0 0 0 0 0 0 0 0 0 0 0 0 0 0 0 0 0 0 0 0 0 0 0 0 0 0 0 0 0 0 0 0 0 0 0 0 0 0 0 0 0 0 0 0 0 0 0 0 0 0 0 0 0 0 0 0 0 0 0 0 0 0 0 0 0 0 0 0 0 0 0 0 0 0 0 0 0 0 0 0 0 0 0 0 0 0 0 0 0 0 0 0 0 0 0 0 0 0 0 0 0 0 0 0 0 0 0 0 0 0 0 0 0 0 0 0 0 0 0 0 0 0 0 0 0 0 0 0 0 0 0 0 0 0 0 0 0 0 0 0 0 0 0 0 0 0 0 0 0 0 0 0 0 0 0 0 0 0 0 0 0 0 0 0 0 0 0 0 0 0 0 0 0 0 0 0 0 0 0 0 0 0 0 0 0 0 0 0 0 0 0 0 0 0 0 0 0 0 0 0 0 0 0 0 0 0 0 0 0 0 0 0 0 0 0 0 0 0 0 0 0 0 0 0 0 0 0 0 0 0 0 0 0 0 0 0 0 0 0 0 0 0 0 0 0 0 0 0 0 0 0 0 0 0 0 0 0 0 0 0 0 0 0 0 0 0 0 0 0 0 0 0 0 0 0 0 0 0 0 0 0 0 0 0 0 0 0 0 0 0 0 0 0 0 0 0 0 0 0 0 0 0 0 0 0 0 0 0 0 0 0 0 0 0 0 0 0 0 0 0 0 0 0 0 0 0 0 0 0 0 0 0 0 0 0 0 0 0 0 0 0 0 0 0 0 0 0 0 0 0 0 0 0 0 0 0 0 0 0 0 0 0 0 0 0 0 0 0 0 0 0 0 0 0 0 0 0 0 0 0 0 0 0 0 0 0 0 0 0 0 0 0 0 0 0 0 0 0 0 0 0 0 0 0 0 0 0 0 0 0 0 0 0 0 0 0 0 0 0 0 0 0 0 0 0 0 0 0 0 0 0 0 0 0 0 0 0 0 0 0 0 0 0 0 0 0 0 0 0 0 0 0 0 0 0 0 0 0 0 0 0 0 0 0 0 0 0 0 0 0 0 0 0 0 0 0 0 0 0 0 0 0 0 0 0 0 0 0 0 0 0 0 0 0 0 0 0 0 0 0 0 0 0 0 0 0 0 0 0 0 0 0 0 0 0 0 0 0 0 0 0 0 0 0 0 0 0 0 0 0 0 0 0 0 0 0 0 0 0 0 0 0 0 0 0 0 0 0 0 0
ctxt 4277115806
btime 1790630938
processes 279961
procs_running 2
procs_blocked 0
softirq 4014887668 73526 8021021 2752363 3920958806 301737 0 13557636 40381071 410 28841098
--
cpu  2705558 1086 1391068 29671809 48250 0 688328 0 0 0
cpu0 95845 19 38067 937465 1097 0 20482 0 0 0
cpu1 102425 23 39960 932739 882 0 21236 0 0 0
cpu2 104869 21 40363 930342 614 0 21579 0 0 0
cpu3 138010 21 54274 869311 1337 0 34009 0 0 0
cpu4 145341 23 54186 863606 794 0 34108 0 0 0
cpu5 109607 24 41676 923789 599 0 22279 0 0 0
cpu6 111387 21 42476 920741 487 0 23374 0 0 0
cpu7 116379 19 45367 910611 355 0 25753 0 0 0
cpu8 38877 36 37853 971726 1503 0 12051 0 0 0
cpu9 44524 42 40811 952300 3495 0 12942 0 0 0
cpu10 42771 38 39640 958559 1709 0 12837 0 0 0
cpu11 39522 35 36760 973534 1131 0 11696 0 0 0
cpu12 67957 113 43228 925180 4272 0 13853 0 0 0
cpu13 65753 44 43907 925193 4110 0 14162 0 0 0
cpu14 39150 34 36185 976403 1244 0 11464 0 0 0
cpu15 36672 38 33406 987552 1067 0 10455 0 0 0
cpu16 132345 18 49330 887033 623 0 29292 0 0 0
cpu17 122702 17 47283 899193 1446 0 27679 0 0 0
cpu18 117688 18 46182 907340 350 0 26939 0 0 0
cpu19 169416 18 63724 821108 863 0 42668 0 0 0
cpu20 158735 17 61412 835906 888 0 41241 0 0 0
cpu21 114804 19 45348 910695 876 0 26405 0 0 0
cpu22 107650 22 43461 920888 520 0 24615 0 0 0
cpu23 95293 23 38908 943000 632 0 20617 0 0 0
cpu24 42333 41 37528 972644 1450 0 12364 0 0 0
cpu25 46961 44 41499 953308 2577 0 14388 0 0 0
cpu26 45131 40 40603 958428 2016 0 14013 0 0 0
cpu27 38239 28 36230 964888 1513 0 20186 0 0 0
cpu28 66833 63 47193 907303 3432 0 26367 0 0 0
cpu29 69712 100 48610 898988 3802 0 26784 0 0 0
cpu30 37679 26 37573 959074 1484 0 20114 0 0 0
cpu31 40935 27 38012 972945 1065 0 12362 0 0 0
intr 2757124371 126 0 0 0 0 0 0 0 0 1 0 0 0 0 0 0 0 0 0 0 0 0 0 0 0 0 0 1 1 1 0 0 0 0 1 0 1 0 0 75045 0 0 0 0 0 0 0 0 411 0 0 0 0 0 0 0 0 87 0 0 0 0 0 0 0 0 0 0 0 0 0 0 0 288278 2 35020762 34961561 34887347 35022557 0 9159 2852 3258 2028 3461 2924 2583 2779 1854 11778 20516 11982 9281 15712 16947 12117 8218 3150 2070 1683 3186 2671 2265 1795 1841 10094 9159 6882 6985 8728 7979 7129 8760 0 0 0 0 616749 3858 1036 0 264 0 0 0 0 0 0 0 0 0 0 0 0 0 0 0 0 0 0 0 0 0 0 0 0 0 0 0 0 0 0 0 0 0 0 0 0 0 0 0 0 0 0 0 0 0 0 0 0 0 0 0 0 0 0 0 0 0 0 0 0 0 0 0 0 0 0 0 0 0 0 0 0 0 0 0 0 0 0 0 0 0 0 0 0 0 0 0 0 0 0 0 0 0 0 0 0 0 0 0 0 0 0 0 0 0 0 0 0 0 0 0 0 0 0 0 0 0 0 0 0 0 0 0 0 0 0 0 0 0 0 0 0 0 0 0 0 0 0 0 0 0 0 0 0 0 0 0 0 0 0 0 0 0 0 0 0 0 0 0 0 0 0 0 0 0 0 0 0 0 0 0 0 0 0 0 0 0 0 0 0 0 0 0 0 0 0 0 0 0 0 0 0 0 0 0 0 0 0 0 0 0 0 0 0 0 0 0 0 0 0 0 0 0 0 0 0 0 0 0 0 0 0 0 0 0 0 0 0 0 0 0 0 0 0 0 0 0 0 0 0 0 0 0 0 0 0 0 0 0 0 0 0 0 0 0 0 0 0 0 0 0 0 0 0 0 0 0 0 0 0 0 0 0 0 0 0 0 0 0 0 0 0 0 0 0 0 0 0 0 0 0 0 0 0 0 0 0 0 0 0 0 0 0 0 0 0 0 0 0 0 0 0 0 0 0 0 0 0 0 0 0 0 0 0 0 0 0 0 0 0 0 0 0 0 0 0 0 0 0 0 0 0 0 0 0 0 0 0 0 0 0 0 0 0 0 0 0 0 0 0 0 0 0 0 0 0 0 0 0 0 0 0 0 0 0 0 0 0 0 0 0 0 0 0 0 0 0 0 0 0 0 0 0 0 0 0 0 0 0 0 0 0 0 0 0 0 0 0 0 0 0 0 0 0 0 0 0 0 0 0 0 0 0 0 0 0 0 0 0 0 0 0 0 0 0 0 0 0 0 0 0 0 0 0 0 0 0 0 0 0 0 0 0 0 0 0 0 0 0 0 0 0 0 0 0 0 0 0 0 0 0 0 0 0 0 0 0 0 0 0 0 0 0 0 0 0 0 0 0 0 0 0 0 0 0 0 0 0 0 0 0 0 0 0 0 0 0 0 0 0 0 0 0 0 0 0 0 0 0 0 0 0 0 0 0 0 0 0 0 0 0 0 0 0 0 0 0 0 0 0 0 0 0 0 0 0 0 0 0 0 0 0 0 0 0 0 0 0 0 0 0 0 0 0 0 0 0 0 0 0 0 0 0 0 0 0 0 0 0 0 0 0 0 0 0 0 0 0 0 0 0 0 0 0 0 0 0 0 0 0 0 0 0 0 0 0 0 0 0 0 0 0 0 0 0 0 0 0 0 0 0 0 0 0 0 0 0 0 0 0 0 0 0 0 0 0 0 0 0 0 0 0 0 0 0 0 0 0 0 0 0 0 0 0 0 0 0 0 0 0 0 0 0 0 0 0 0 0 0 0 0 0 0 0 0 0 0 0 0 0 0 0 0 0 0 0 0 0 0 0 0 0 0 0 0 0 0 0 0 0 0 0 0 0 0 0 0 0 0 0 0 0 0 0 0 0 0 0 0 0 0 0 0 0 0 0 0 0 0 0 0 0 0 0 0 0 0 0 0 0 0 0 0 0 0 0 0 0 0 0 0 0 0 0 0 0 0 0 0 0 0 0 0 0 0 0 0 0 0 0 0 0 0 0 0 0 0 0 0 0 0 0 0 0 0 0 0 0 0 0 0 0 0 0 0 0 0 0 0 0 0 0 0 0 0 0 0 0 0 0 0 0 0 0 0 0 0 0 0 0 0 0 0 0 0 0 0 0 0 0 0 0 0 0 0 0 0 0 0 0 0 0 0 0 0 0 0 0 0 0 0 0 0 0 0 0 0 0 0 0 0 0 0 0 0 0 0 0 0 0 0 0 0 0 0 0 0 0 0 0 0 0 0 0 0 0 0 0 0 0 0 0 0 0 0 0 0 0 0 0 0 0 0 0 0 0 0 0 0 0 0 0 0 0 0 0 0 0 0 0 0 0 0 0 0 0 0 0 0 0 0 0 0 0 0 0 0 0 0 0 0 0 0 0 0 0 0 0 0 0 0 0 0 0 0 0 0 0 0 0 0 0 0 0 0 0 0 0 0 0 0 0 0 0 0 0 0 0 0 0 0 0 0 0 0 0 0 0 0 0 0 0 0 0 0 0 0 0 0 0 0 0 0 0 0 0 0 0 0 0 0 0 0 0 0 0 0 0 0 0 0 0 0 0 0 0 0 0 0 0 0 0 0 0 0 0 0 0 0 0 0 0 0 0 0 0 0 0 0 0 0 0 0 0 0 0 0 0 0 0 0 0 0 0 0 0 0 0 0 0 0 0 0 0 0 0 0 0 0 0 0 0 0 0 0 0 0 0 0 0 0 0 0 0 0 0 0 0 0 0 0 0
ctxt 4278645707
btime 1790630938
processes 280006
procs_running 3
procs_blocked 0
softirq 4016446162 73526 8026411 2752363 3922471635 301981 0 13557636 40402796 410 28859404
