## wrk 1 (127.0.0.1)
Running 10s test @ http://127.0.0.1:18500/wait
  16 threads and 25000 connections
  Thread Stats   Avg      Stdev     Max   +/- Stdev
    Latency    39.84ms  284.63ms   7.44s    98.82%
    Req/Sec    34.26k     3.49k   53.02k    86.46%
  Latency Distribution
     50%   13.94ms
     75%   14.10ms
     90%   14.29ms
     99%  695.71ms
  5322761 requests in 10.07s, 543.15MB read
  Socket errors: connect 0, read 11521, write 0, timeout 0
Requests/sec: 528573.92
Transfer/sec:     53.94MB
## server-stat
cpu  2670101 1076 1369341 29405503 47946 0 675623 0 0 0
cpu0 95256 18 37803 927698 1078 0 20244 0 0 0
cpu1 100846 23 39376 924379 882 0 20770 0 0 0
cpu2 103145 21 39781 922092 614 0 21132 0 0 0
cpu3 135969 21 53475 861837 1337 0 33347 0 0 0
cpu4 143883 23 53616 855133 792 0 33624 0 0 0
cpu5 107519 24 40918 916223 598 0 21675 0 0 0
cpu6 110747 21 42232 910840 471 0 23172 0 0 0
cpu7 113328 19 44381 904424 334 0 24973 0 0 0
cpu8 38734 35 37213 962683 1502 0 11816 0 0 0
cpu9 44368 42 40151 943350 3488 0 12709 0 0 0
cpu10 42620 38 38991 949606 1690 0 12595 0 0 0
cpu11 39399 34 36158 964439 1116 0 11484 0 0 0
cpu12 67738 113 42564 916318 4249 0 13611 0 0 0
cpu13 65564 44 43206 916331 4108 0 13904 0 0 0
cpu14 39043 33 35621 967111 1242 0 11258 0 0 0
cpu15 36569 37 32881 978151 1067 0 10267 0 0 0
cpu16 128798 18 48261 881497 623 0 28420 0 0 0
cpu17 120264 17 46504 892011 1445 0 27063 0 0 0
cpu18 115494 17 45413 899879 350 0 26349 0 0 0
cpu19 166913 17 62920 814041 862 0 42037 0 0 0
cpu20 155866 17 60507 829409 888 0 40499 0 0 0
cpu21 112879 19 44757 902689 866 0 25930 0 0 0
cpu22 104393 22 42441 914957 518 0 23804 0 0 0
cpu23 94335 22 38636 933439 615 0 20418 0 0 0
cpu24 42207 40 36894 963572 1449 0 12136 0 0 0
cpu25 46782 43 40763 944561 2576 0 14130 0 0 0
cpu26 44974 39 39882 949697 1972 0 13742 0 0 0
cpu27 38111 28 35554 955930 1512 0 19948 0 0 0
cpu28 66568 62 46376 898759 3432 0 26058 0 0 0
cpu29 69430 99 47788 890531 3746 0 26477 0 0 0
cpu30 37537 26 36906 950061 1451 0 19875 0 0 0
cpu31 40807 27 37357 963841 1060 0 12143 0 0 0
intr 2729309075 126 0 0 0 0 0 0 0 0 1 0 0 0 0 0 0 0 0 0 0 0 0 0 0 0 0 0 1 1 1 0 0 0 0 1 0 1 0 0 75045 0 0 0 0 0 0 0 0 411 0 0 0 0 0 0 0 0 87 0 0 0 0 0 0 0 0 0 0 0 0 0 0 0 285676 2 35020170 34960767 34887093 35021606 0 9070 2852 3258 2028 3459 2921 2582 2768 1854 11775 20432 11978 9195 15637 16912 12063 8144 3150 2070 1682 3186 2591 2262 1788 1841 10092 9155 6877 6982 8709 7972 7122 8758 0 0 0 0 616741 3847 1036 0 264 0 0 0 0 0 0 0 0 0 0 0 0 0 0 0 0 0 0 0 0 0 0 0 0 0 0 0 0 0 0 0 0 0 0 0 0 0 0 0 0 0 0 0 0 0 0 0 0 0 0 0 0 0 0 0 0 0 0 0 0 0 0 0 0 0 0 0 0 0 0 0 0 0 0 0 0 0 0 0 0 0 0 0 0 0 0 0 0 0 0 0 0 0 0 0 0 0 0 0 0 0 0 0 0 0 0 0 0 0 0 0 0 0 0 0 0 0 0 0 0 0 0 0 0 0 0 0 0 0 0 0 0 0 0 0 0 0 0 0 0 0 0 0 0 0 0 0 0 0 0 0 0 0 0 0 0 0 0 0 0 0 0 0 0 0 0 0 0 0 0 0 0 0 0 0 0 0 0 0 0 0 0 0 0 0 0 0 0 0 0 0 0 0 0 0 0 0 0 0 0 0 0 0 0 0 0 0 0 0 0 0 0 0 0 0 0 0 0 0 0 0 0 0 0 0 0 0 0 0 0 0 0 0 0 0 0 0 0 0 0 0 0 0 0 0 0 0 0 0 0 0 0 0 0 0 0 0 0 0 0 0 0 0 0 0 0 0 0 0 0 0 0 0 0 0 0 0 0 0 0 0 0 0 0 0 0 0 0 0 0 0 0 0 0 0 0 0 0 0 0 0 0 0 0 0 0 0 0 0 0 0 0 0 0 0 0 0 0 0 0 0 0 0 0 0 0 0 0 0 0 0 0 0 0 0 0 0 0 0 0 0 0 0 0 0 0 0 0 0 0 0 0 0 0 0 0 0 0 0 0 0 0 0 0 0 0 0 0 0 0 0 0 0 0 0 0 0 0 0 0 0 0 0 0 0 0 0 0 0 0 0 0 0 0 0 0 0 0 0 0 0 0 0 0 0 0 0 0 0 0 0 0 0 0 0 0 0 0 0 0 0 0 0 0 0 0 0 0 0 0 0 0 0 0 0 0 0 0 0 0 0 0 0 0 0 0 0 0 0 0 0 0 0 0 0 0 0 0 0 0 0 0 0 0 0 0 0 0 0 0 0 0 0 0 0 0 0 0 0 0 0 0 0 0 0 0 0 0 0 0 0 0 0 0 0 0 0 0 0 0 0 0 0 0 0 0 0 0 0 0 0 0 0 0 0 0 0 0 0 0 0 0 0 0 0 0 0 0 0 0 0 0 0 0 0 0 0 0 0 0 0 0 0 0 0 0 0 0 0 0 0 0 0 0 0 0 0 0 0 0 0 0 0 0 0 0 0 0 0 0 0 0 0 0 0 0 0 0 0 0 0 0 0 0 0 0 0 0 0 0 0 0 0 0 0 0 0 0 0 0 0 0 0 0 0 0 0 0 0 0 0 0 0 0 0 0 0 0 0 0 0 0 0 0 0 0 0 0 0 0 0 0 0 0 0 0 0 0 0 0 0 0 0 0 0 0 0 0 0 0 0 0 0 0 0 0 0 0 0 0 0 0 0 0 0 0 0 0 0 0 0 0 0 0 0 0 0 0 0 0 0 0 0 0 0 0 0 0 0 0 0 0 0 0 0 0 0 0 0 0 0 0 0 0 0 0 0 0 0 0 0 0 0 0 0 0 0 0 0 0 0 0 0 0 0 0 0 0 0 0 0 0 0 0 0 0 0 0 0 0 0 0 0 0 0 0 0 0 0 0 0 0 0 0 0 0 0 0 0 0 0 0 0 0 0 0 0 0 0 0 0 0 0 0 0 0 0 0 0 0 0 0 0 0 0 0 0 0 0 0 0 0 0 0 0 0 0 0 0 0 0 0 0 0 0 0 0 0 0 0 0 0 0 0 0 0 0 0 0 0 0 0 0 0 0 0 0 0 0 0 0 0 0 0 0 0 0 0 0 0 0 0 0 0 0 0 0 0 0 0 0 0 0 0 0 0 0 0 0 0 0 0 0 0 0 0 0 0 0 0 0 0 0 0 0 0 0 0 0 0 0 0 0 0 0 0 0 0 0 0 0 0 0 0 0 0 0 0 0 0 0 0 0 0 0 0 0 0 0 0 0 0 0 0 0 0 0 0 0 0 0 0 0 0 0 0 0 0 0 0 0 0 0 0 0 0 0 0 0 0 0 0 0 0 0 0 0 0 0 0 0 0 0 0 0 0 0 0 0 0 0 0 0 0 0 0 0 0 0 0 0 0 0 0 0 0 0 0 0 0 0 0 0 0 0 0 0 0 0 0 0 0 0 0 0 0 0 0 0 0 0 0 0 0 0 0 0 0 0 0 0 0 0 0 0 0 0 0 0 0 0 0 0 0 0 0 0 0 0 0 0 0 0 0 0 0 0 0 0 0 0 0 0 0 0 0 0 0 0 0 0 0 0 0 0 0 0 0 0 0 0 0 0 0 0 0 0 0 0 0 0 0 0 0 0 0 0 0 0 0 0 0 0 0 0 0 0 0 0 0 0 0 0 0 0 0 0 0 0 0 0 0
ctxt 4226994068
btime 1790630938
processes 277492
procs_running 13
procs_blocked 0
softirq 3941748546 73526 7690325 2752350 3848931849 299259 0 13557581 40024639 410 28418607
--
cpu  2674573 1077 1371545 29421292 47970 0 677048 0 0 0
cpu0 95257 18 37803 928475 1078 0 20244 0 0 0
cpu1 101012 23 39424 924920 882 0 20812 0 0 0
cpu2 103580 21 39904 922226 614 0 21239 0 0 0
cpu3 136381 21 53589 862009 1337 0 33448 0 0 0
cpu4 143884 23 53617 855929 792 0 33624 0 0 0
cpu5 107520 24 40919 917018 598 0 21675 0 0 0
cpu6 110765 21 42237 911609 471 0 23176 0 0 0
cpu7 113629 19 44461 904754 348 0 25047 0 0 0
cpu8 38753 35 37275 963270 1502 0 11841 0 0 0
cpu9 44382 42 40216 943931 3488 0 12735 0 0 0
cpu10 42633 38 39055 950194 1690 0 12619 0 0 0
cpu11 39409 34 36215 965042 1116 0 11508 0 0 0
cpu12 67753 113 42632 916910 4249 0 13634 0 0 0
cpu13 65580 44 43268 916925 4108 0 13928 0 0 0
cpu14 39051 33 35672 967748 1243 0 11278 0 0 0
cpu15 36579 37 32928 978806 1067 0 10286 0 0 0
cpu16 129326 18 48404 881498 623 0 28549 0 0 0
cpu17 120620 17 46604 892266 1445 0 27151 0 0 0
cpu18 115583 17 45437 900541 350 0 26370 0 0 0
cpu19 167028 17 62952 814665 862 0 42063 0 0 0
cpu20 156393 17 60648 829409 888 0 40630 0 0 0
cpu21 113408 19 44901 902689 866 0 26057 0 0 0
cpu22 104897 22 42586 914983 518 0 23930 0 0 0
cpu23 94565 22 38699 933890 616 0 20470 0 0 0
cpu24 42219 40 36948 964204 1449 0 12156 0 0 0
cpu25 46803 43 40838 945124 2576 0 14161 0 0 0
cpu26 44992 39 39956 950264 1972 0 13769 0 0 0
cpu27 38125 28 35618 956525 1512 0 19972 0 0 0
cpu28 66595 62 46461 899300 3432 0 26091 0 0 0
cpu29 69459 99 47880 891062 3750 0 26510 0 0 0
cpu30 37553 26 36968 950648 1454 0 19897 0 0 0
cpu31 40822 27 37416 964441 1060 0 12166 0 0 0
intr 2732149756 126 0 0 0 0 0 0 0 0 1 0 0 0 0 0 0 0 0 0 0 0 0 0 0 0 0 0 1 1 1 0 0 0 0 1 0 1 0 0 75045 0 0 0 0 0 0 0 0 411 0 0 0 0 0 0 0 0 87 0 0 0 0 0 0 0 0 0 0 0 0 0 0 0 285938 2 35020183 34960792 34887106 35021638 0 9078 2852 3258 2028 3459 2922 2582 2768 1854 11775 20432 11978 9201 15637 16912 12064 8144 3150 2070 1682 3186 2591 2262 1788 1841 10092 9155 6877 6982 8709 7974 7122 8758 0 0 0 0 616745 3847 1036 0 264 0 0 0 0 0 0 0 0 0 0 0 0 0 0 0 0 0 0 0 0 0 0 0 0 0 0 0 0 0 0 0 0 0 0 0 0 0 0 0 0 0 0 0 0 0 0 0 0 0 0 0 0 0 0 0 0 0 0 0 0 0 0 0 0 0 0 0 0 0 0 0 0 0 0 0 0 0 0 0 0 0 0 0 0 0 0 0 0 0 0 0 0 0 0 0 0 0 0 0 0 0 0 0 0 0 0 0 0 0 0 0 0 0 0 0 0 0 0 0 0 0 0 0 0 0 0 0 0 0 0 0 0 0 0 0 0 0 0 0 0 0 0 0 0 0 0 0 0 0 0 0 0 0 0 0 0 0 0 0 0 0 0 0 0 0 0 0 0 0 0 0 0 0 0 0 0 0 0 0 0 0 0 0 0 0 0 0 0 0 0 0 0 0 0 0 0 0 0 0 0 0 0 0 0 0 0 0 0 0 0 0 0 0 0 0 0 0 0 0 0 0 0 0 0 0 0 0 0 0 0 0 0 0 0 0 0 0 0 0 0 0 0 0 0 0 0 0 0 0 0 0 0 0 0 0 0 0 0 0 0 0 0 0 0 0 0 0 0 0 0 0 0 0 0 0 0 0 0 0 0 0 0 0 0 0 0 0 0 0 0 0 0 0 0 0 0 0 0 0 0 0 0 0 0 0 0 0 0 0 0 0 0 0 0 0 0 0 0 0 0 0 0 0 0 0 0 0 0 0 0 0 0 0 0 0 0 0 0 0 0 0 0 0 0 0 0 0 0 0 0 0 0 0 0 0 0 0 0 0 0 0 0 0 0 0 0 0 0 0 0 0 0 0 0 0 0 0 0 0 0 0 0 0 0 0 0 0 0 0 0 0 0 0 0 0 0 0 0 0 0 0 0 0 0 0 0 0 0 0 0 0 0 0 0 0 0 0 0 0 0 0 0 0 0 0 0 0 0 0 0 0 0 0 0 0 0 0 0 0 0 0 0 0 0 0 0 0 0 0 0 0 0 0 0 0 0 0 0 0 0 0 0 0 0 0 0 0 0 0 0 0 0 0 0 0 0 0 0 0 0 0 0 0 0 0 0 0 0 0 0 0 0 0 0 0 0 0 0 0 0 0 0 0 0 0 0 0 0 0 0 0 0 0 0 0 0 0 0 0 0 0 0 0 0 0 0 0 0 0 0 0 0 0 0 0 0 0 0 0 0 0 0 0 0 0 0 0 0 0 0 0 0 0 0 0 0 0 0 0 0 0 0 0 0 0 0 0 0 0 0 0 0 0 0 0 0 0 0 0 0 0 0 0 0 0 0 0 0 0 0 0 0 0 0 0 0 0 0 0 0 0 0 0 0 0 0 0 0 0 0 0 0 0 0 0 0 0 0 0 0 0 0 0 0 0 0 0 0 0 0 0 0 0 0 0 0 0 0 0 0 0 0 0 0 0 0 0 0 0 0 0 0 0 0 0 0 0 0 0 0 0 0 0 0 0 0 0 0 0 0 0 0 0 0 0 0 0 0 0 0 0 0 0 0 0 0 0 0 0 0 0 0 0 0 0 0 0 0 0 0 0 0 0 0 0 0 0 0 0 0 0 0 0 0 0 0 0 0 0 0 0 0 0 0 0 0 0 0 0 0 0 0 0 0 0 0 0 0 0 0 0 0 0 0 0 0 0 0 0 0 0 0 0 0 0 0 0 0 0 0 0 0 0 0 0 0 0 0 0 0 0 0 0 0 0 0 0 0 0 0 0 0 0 0 0 0 0 0 0 0 0 0 0 0 0 0 0 0 0 0 0 0 0 0 0 0 0 0 0 0 0 0 0 0 0 0 0 0 0 0 0 0 0 0 0 0 0 0 0 0 0 0 0 0 0 0 0 0 0 0 0 0 0 0 0 0 0 0 0 0 0 0 0 0 0 0 0 0 0 0 0 0 0 0 0 0 0 0 0 0 0 0 0 0 0 0 0 0 0 0 0 0 0 0 0 0 0 0 0 0 0 0 0 0 0 0 0 0 0 0 0 0 0 0 0 0 0 0 0 0 0 0 0 0 0 0 0 0 0 0 0 0 0 0 0 0 0 0 0 0 0 0 0 0 0 0 0 0 0 0 0 0 0 0 0 0 0 0 0 0 0 0 0 0 0 0 0 0 0 0 0 0 0 0 0 0 0 0 0 0 0 0 0 0 0 0 0 0 0 0 0 0 0 0 0 0 0 0 0 0 0 0 0 0 0 0 0 0 0 0 0 0 0 0 0 0 0 0 0 0 0 0 0 0 0 0 0 0 0 0 0 0 0 0 0 0 0 0 0 0 0 0 0 0 0 0 0 0 0 0 0 0 0 0 0 0 0 0 0 0 0 0 0 0 0 0 0 0 0 0 0 0 0 0 0 0 0 0 0 0 0 0 0 0 0 0 0 0 0 0 0 0 0 0 0 0 0 0 0 0 0 0 0 0 0 0 0 0 0 0 0 0
ctxt 4232432270
btime 1790630938
processes 277566
procs_running 13
procs_blocked 0
softirq 3950633623 73526 7697922 2752350 3857745228 299531 0 13557581 40052897 410 28454178
