## wrk 1 (127.0.0.1)
Running 10s test @ http://127.0.0.1:18500/wait
  16 threads and 1000 connections
  Thread Stats   Avg      Stdev     Max   +/- Stdev
    Latency     1.31s   208.64ms   2.33s    90.97%
    Req/Sec    83.94     67.11   370.00     73.34%
  Latency Distribution
     50%    1.25s 
     75%    1.25s 
     90%    1.44s 
     99%    2.24s 
  7130 requests in 10.09s, 1.18MB read
Requests/sec:    706.44
Transfer/sec:    119.35KB
## server-stat
cpu  2837386 1135 1465152 31183446 49487 0 726946 0 0 0
cpu0 101183 19 39712 985163 1098 0 21716 0 0 0
cpu1 106614 24 41249 982500 963 0 22173 0 0 0
cpu2 108326 22 41509 981213 617 0 22423 0 0 0
cpu3 147294 22 57312 910831 1348 0 36373 0 0 0
cpu4 153981 24 57230 905786 824 0 36547 0 0 0
cpu5 115016 25 43420 971791 603 0 23513 0 0 0
cpu6 116296 22 43799 969925 496 0 24336 0 0 0
cpu7 124200 20 47476 955506 377 0 27312 0 0 0
cpu8 39281 38 40055 1022129 1545 0 12689 0 0 0
cpu9 45090 44 43205 1001778 3553 0 13695 0 0 0
cpu10 43248 41 41994 1008233 1722 0 13604 0 0 0
cpu11 39898 37 38868 1023985 1145 0 12334 0 0 0
cpu12 68983 115 45854 973556 4442 0 14723 0 0 0
cpu13 66655 47 46553 973711 4209 0 15029 0 0 0
cpu14 39495 36 38231 1027054 1287 0 12093 0 0 0
cpu15 36990 40 35330 1038678 1081 0 11014 0 0 0
cpu16 140356 19 51509 931555 678 0 30905 0 0 0
cpu17 131505 17 49743 942568 1468 0 29416 0 0 0
cpu18 126900 18 48720 950214 364 0 28700 0 0 0
cpu19 183952 18 68162 855177 864 0 45981 0 0 0
cpu20 172532 18 65490 871394 931 0 44235 0 0 0
cpu21 122217 20 47446 956121 887 0 27839 0 0 0
cpu22 115238 24 45761 965747 542 0 26236 0 0 0
cpu23 99795 24 40301 992462 646 0 21622 0 0 0
cpu24 42695 43 39636 1023230 1487 0 12980 0 0 0
cpu25 47489 46 43941 1002847 2702 0 15143 0 0 0
cpu26 45591 42 42967 1008250 2063 0 14760 0 0 0
cpu27 38600 30 38407 1015481 1532 0 20815 0 0 0
cpu28 67838 65 49945 955731 3552 0 27271 0 0 0
cpu29 70767 103 51483 947144 3857 0 27731 0 0 0
cpu30 38067 28 39754 1009688 1517 0 20774 0 0 0
cpu31 41281 29 40075 1023983 1071 0 12949 0 0 0
intr 2844991609 126 0 0 0 0 0 0 0 0 1 0 0 0 0 0 0 0 0 0 0 0 0 0 0 0 0 0 1 1 1 0 0 0 0 1 0 1 0 0 75045 0 0 0 0 0 0 0 0 411 0 0 0 0 0 0 0 0 87 0 0 0 0 0 0 0 0 0 0 0 0 0 0 0 299124 2 35024436 34965750 34889598 35026802 0 9620 2874 3406 2063 3466 2962 2634 2817 1911 12062 20673 12157 9546 15765 17154 12267 8247 3183 2078 1698 3194 2672 2272 1829 1859 10256 9311 7040 7001 8925 8229 7169 8824 0 0 0 0 616789 3924 1036 0 264 0 0 0 0 0 0 0 0 0 0 0 0 0 0 0 0 0 0 0 0 0 0 0 0 0 0 0 0 0 0 0 0 0 0 0 0 0 0 0 0 0 0 0 0 0 0 0 0 0 0 0 0 0 0 0 0 0 0 0 0 0 0 0 0 0 0 0 0 0 0 0 0 0 0 0 0 0 0 0 0 0 0 0 0 0 0 0 0 0 0 0 0 0 0 0 0 0 0 0 0 0 0 0 0 0 0 0 0 0 0 0 0 0 0 0 0 0 0 0 0 0 0 0 0 0 0 0 0 0 0 0 0 0 0 0 0 0 0 0 0 0 0 0 0 0 0 0 0 0 0 0 0 0 0 0 0 0 0 0 0 0 0 0 0 0 0 0 0 0 0 0 0 0 0 0 0 0 0 0 0 0 0 0 0 0 0 0 0 0 0 0 0 0 0 0 0 0 0 0 0 0 0 0 0 0 0 0 0 0 0 0 0 0 0 0 0 0 0 0 0 0 0 0 0 0 0 0 0 0 0 0 0 0 0 0 0 0 0 0 0 0 0 0 0 0 0 0 0 0 0 0 0 0 0 0 0 0 0 0 0 0 0 0 0 0 0 0 0 0 0 0 0 0 0 0 0 0 0 0 0 0 0 0 0 0 0 0 0 0 0 0 0 0 0 0 0 0 0 0 0 0 0 0 0 0 0 0 0 0 0 0 0 0 0 0 0 0 0 0 0 0 0 0 0 0 0 0 0 0 0 0 0 0 0 0 0 0 0 0 0 0 0 0 0 0 0 0 0 0 0 0 0 0 0 0 0 0 0 0 0 0 0 0 0 0 0 0 0 0 0 0 0 0 0 0 0 0 0 0 0 0 0 0 0 0 0 0 0 0 0 0 0 0 0 0 0 0 0 0 0 0 0 0 0 0 0 0 0 0 0 0 0 0 0 0 0 0 0 0 0 0 0 0 0 0 0 0 0 0 0 0 0 0 0 0 0 0 0 0 0 0 0 0 0 0 0 0 0 0 0 0 0 0 0 0 0 0 0 0 0 0 0 0 0 0 0 0 0 0 0 0 0 0 0 0 0 0 0 0 0 0 0 0 0 0 0 0 0 0 0 0 0 0 0 0 0 0 0 0 0 0 0 0 0 0 0 0 0 0 0 0 0 0 0 0 0 0 0 0 0 0 0 0 0 0 0 0 0 0 0 0 0 0 0 0 0 0 0 0 0 0 0 0 0 0 0 0 0 0 0 0 0 0 0 0 0 0 0 0 0 0 0 0 0 0 0 0 0 0 0 0 0 0 0 0 0 0 0 0 0 0 0 0 0 0 0 0 0 0 0 0 0 0 0 0 0 0 0 0 0 0 0 0 0 0 0 0 0 0 0 0 0 0 0 0 0 0 0 0 0 0 0 0 0 0 0 0 0 0 0 0 0 0 0 0 0 0 0 0 0 0 0 0 0 0 0 0 0 0 0 0 0 0 0 0 0 0 0 0 0 0 0 0 0 0 0 0 0 0 0 0 0 0 0 0 0 0 0 0 0 0 0 0 0 0 0 0 0 0 0 0 0 0 0 0 0 0 0 0 0 0 0 0 0 0 0 0 0 0 0 0 0 0 0 0 0 0 0 0 0 0 0 0 0 0 0 0 0 0 0 0 0 0 0 0 0 0 0 0 0 0 0 0 0 0 0 0 0 0 0 0 0 0 0 0 0 0 0 0 0 0 0 0 0 0 0 0 0 0 0 0 0 0 0 0 0 0 0 0 0 0 0 0 0 0 0 0 0 0 0 0 0 0 0 0 0 0 0 0 0 0 0 0 0 0 0 0 0 0 0 0 0 0 0 0 0 0 0 0 0 0 0 0 0 0 0 0 0 0 0 0 0 0 0 0 0 0 0 0 0 0 0 0 0 0 0 0 0 0 0 0 0 0 0 0 0 0 0 0 0 0 0 0 0 0 0 0 0 0 0 0 0 0 0 0 0 0 0 0 0 0 0 0 0 0 0 0 0 0 0 0 0 0 0 0 0 0 0 0 0 0 0 0 0 0 0 0 0 0 0 0 0 0 0 0 0 0 0 0 0 0 0 0 0 0 0 0 0 0 0 0 0 0 0 0 0 0 0 0 0 0 0 0 0 0 0 0 0 0 0 0 0 0 0 0 0 0 0 0 0 0 0 0 0 0 0 0 0 0 0 0 0 0 0 0 0 0 0 0 0 0 0 0 0 0 0 0 0 0 0 0 0 0 0 0 0 0 0 0 0 0 0 0 0 0 0 0 0 0 0 0 0 0 0 0 0 0 0 0 0 0 0 0 0 0 0 0 0 0 0 0 0 0 0 0 0 0 0 0 0 0 0 0 0 0 0 0 0 0 0 0 0 0 0 0 0 0 0 0 0 0 0 0 0 0 0 0 0 0 0 0 0 0 0 0 0 0 0 0 0 0 0 0 0 0 0 0 0 0 0 0 0 0 0 0 0 0 0 0 0 0 0
ctxt 4439346099
btime 1790630938
processes 293299
procs_running 1
procs_blocked 0
softirq 4253036557 73526 9490524 2752431 4154395265 313440 0 13557944 41834226 410 30618791
--
cpu  2837479 1136 1465171 31208864 49506 0 726951 0 0 0
cpu0 101186 19 39713 985956 1098 0 21717 0 0 0
cpu1 106616 24 41250 983296 963 0 22173 0 0 0
cpu2 108328 22 41509 982008 617 0 22423 0 0 0
cpu3 147296 22 57312 911627 1348 0 36373 0 0 0
cpu4 153983 24 57231 906582 824 0 36547 0 0 0
cpu5 115018 25 43421 972587 604 0 23513 0 0 0
cpu6 116297 22 43799 970720 496 0 24336 0 0 0
cpu7 124201 20 47476 956303 377 0 27312 0 0 0
cpu8 39282 38 40056 1022926 1545 0 12689 0 0 0
cpu9 45091 44 43206 1002574 3554 0 13696 0 0 0
cpu10 43250 41 41995 1009028 1722 0 13605 0 0 0
cpu11 39898 37 38869 1024783 1145 0 12334 0 0 0
cpu12 69009 115 45856 974328 4442 0 14724 0 0 0
cpu13 66676 47 46555 974480 4215 0 15029 0 0 0
cpu14 39495 36 38231 1027852 1288 0 12093 0 0 0
cpu15 36991 40 35331 1039466 1091 0 11014 0 0 0
cpu16 140357 19 51510 932352 678 0 30905 0 0 0
cpu17 131505 17 49744 943365 1468 0 29416 0 0 0
cpu18 126901 18 48720 951013 364 0 28700 0 0 0
cpu19 183954 18 68162 855973 864 0 45981 0 0 0
cpu20 172534 18 65491 872188 931 0 44236 0 0 0
cpu21 122218 20 47447 956917 887 0 27839 0 0 0
cpu22 115238 24 45762 966545 542 0 26236 0 0 0
cpu23 99796 24 40301 993260 646 0 21622 0 0 0
cpu24 42695 43 39636 1024029 1488 0 12980 0 0 0
cpu25 47490 46 43941 1003644 2702 0 15143 0 0 0
cpu26 45591 42 42967 1009049 2063 0 14760 0 0 0
cpu27 38602 30 38407 1016279 1532 0 20815 0 0 0
cpu28 67844 65 49946 956522 3552 0 27271 0 0 0
cpu29 70775 103 51484 947931 3857 0 27731 0 0 0
cpu30 38068 28 39754 1010486 1517 0 20774 0 0 0
cpu31 41282 29 40075 1024781 1071 0 12949 0 0 0
intr 2845155597 126 0 0 0 0 0 0 0 0 1 0 0 0 0 0 0 0 0 0 0 0 0 0 0 0 0 0 1 1 1 0 0 0 0 1 0 1 0 0 75045 0 0 0 0 0 0 0 0 411 0 0 0 0 0 0 0 0 87 0 0 0 0 0 0 0 0 0 0 0 0 0 0 0 299250 2 35024486 34965788 34889601 35026859 0 9628 2875 3406 2063 3466 2962 2634 2817 1911 12062 20673 12157 9546 15765 17155 12268 8247 3183 2078 1698 3194 2672 2272 1829 1859 10262 9311 7040 7001 8931 8229 7169 8824 0 0 0 0 616789 3924 1036 0 264 0 0 0 0 0 0 0 0 0 0 0 0 0 0 0 0 0 0 0 0 0 0 0 0 0 0 0 0 0 0 0 0 0 0 0 0 0 0 0 0 0 0 0 0 0 0 0 0 0 0 0 0 0 0 0 0 0 0 0 0 0 0 0 0 0 0 0 0 0 0 0 0 0 0 0 0 0 0 0 0 0 0 0 0 0 0 0 0 0 0 0 0 0 0 0 0 0 0 0 0 0 0 0 0 0 0 0 0 0 0 0 0 0 0 0 0 0 0 0 0 0 0 0 0 0 0 0 0 0 0 0 0 0 0 0 0 0 0 0 0 0 0 0 0 0 0 0 0 0 0 0 0 0 0 0 0 0 0 0 0 0 0 0 0 0 0 0 0 0 0 0 0 0 0 0 0 0 0 0 0 0 0 0 0 0 0 0 0 0 0 0 0 0 0 0 0 0 0 0 0 0 0 0 0 0 0 0 0 0 0 0 0 0 0 0 0 0 0 0 0 0 0 0 0 0 0 0 0 0 0 0 0 0 0 0 0 0 0 0 0 0 0 0 0 0 0 0 0 0 0 0 0 0 0 0 0 0 0 0 0 0 0 0 0 0 0 0 0 0 0 0 0 0 0 0 0 0 0 0 0 0 0 0 0 0 0 0 0 0 0 0 0 0 0 0 0 0 0 0 0 0 0 0 0 0 0 0 0 0 0 0 0 0 0 0 0 0 0 0 0 0 0 0 0 0 0 0 0 0 0 0 0 0 0 0 0 0 0 0 0 0 0 0 0 0 0 0 0 0 0 0 0 0 0 0 0 0 0 0 0 0 0 0 0 0 0 0 0 0 0 0 0 0 0 0 0 0 0 0 0 0 0 0 0 0 0 0 0 0 0 0 0 0 0 0 0 0 0 0 0 0 0 0 0 0 0 0 0 0 0 0 0 0 0 0 0 0 0 0 0 0 0 0 0 0 0 0 0 0 0 0 0 0 0 0 0 0 0 0 0 0 0 0 0 0 0 0 0 0 0 0 0 0 0 0 0 0 0 0 0 0 0 0 0 0 0 0 0 0 0 0 0 0 0 0 0 0 0 0 0 0 0 0 0 0 0 0 0 0 0 0 0 0 0 0 0 0 0 0 0 0 0 0 0 0 0 0 0 0 0 0 0 0 0 0 0 0 0 0 0 0 0 0 0 0 0 0 0 0 0 0 0 0 0 0 0 0 0 0 0 0 0 0 0 0 0 0 0 0 0 0 0 0 0 0 0 0 0 0 0 0 0 0 0 0 0 0 0 0 0 0 0 0 0 0 0 0 0 0 0 0 0 0 0 0 0 0 0 0 0 0 0 0 0 0 0 0 0 0 0 0 0 0 0 0 0 0 0 0 0 0 0 0 0 0 0 0 0 0 0 0 0 0 0 0 0 0 0 0 0 0 0 0 0 0 0 0 0 0 0 0 0 0 0 0 0 0 0 0 0 0 0 0 0 0 0 0 0 0 0 0 0 0 0 0 0 0 0 0 0 0 0 0 0 0 0 0 0 0 0 0 0 0 0 0 0 0 0 0 0 0 0 0 0 0 0 0 0 0 0 0 0 0 0 0 0 0 0 0 0 0 0 0 0 0 0 0 0 0 0 0 0 0 0 0 0 0 0 0 0 0 0 0 0 0 0 0 0 0 0 0 0 0 0 0 0 0 0 0 0 0 0 0 0 0 0 0 0 0 0 0 0 0 0 0 0 0 0 0 0 0 0 0 0 0 0 0 0 0 0 0 0 0 0 0 0 0 0 0 0 0 0 0 0 0 0 0 0 0 0 0 0 0 0 0 0 0 0 0 0 0 0 0 0 0 0 0 0 0 0 0 0 0 0 0 0 0 0 0 0 0 0 0 0 0 0 0 0 0 0 0 0 0 0 0 0 0 0 0 0 0 0 0 0 0 0 0 0 0 0 0 0 0 0 0 0 0 0 0 0 0 0 0 0 0 0 0 0 0 0 0 0 0 0 0 0 0 0 0 0 0 0 0 0 0 0 0 0 0 0 0 0 0 0 0 0 0 0 0 0 0 0 0 0 0 0 0 0 0 0 0 0 0 0 0 0 0 0 0 0 0 0 0 0 0 0 0 0 0 0 0 0 0 0 0 0 0 0 0 0 0 0 0 0 0 0 0 0 0 0 0 0 0 0 0 0 0 0 0 0 0 0 0 0 0 0 0 0 0 0 0 0 0 0 0 0 0 0 0 0 0 0 0 0 0 0 0 0 0 0 0 0 0 0 0 0 0 0 0 0 0 0 0 0 0 0 0 0 0 0 0 0 0 0 0 0 0 0 0 0 0 0 0 0 0 0 0 0 0 0 0 0 0 0 0 0 0 0 0 0 0 0 0 0 0 0 0 0 0 0 0 0 0 0 0 0 0 0 0 0 0 0 0 0 0 0 0 0 0 0 0 0 0 0 0 0 0 0 0 0 0 0 0 0 0 0 0 0 0 0 0 0
ctxt 4439613699
btime 1790630938
processes 293363
procs_running 1
procs_blocked 0
softirq 4253076036 73526 9498901 2752431 4154408072 313576 0 13557944 41843228 410 30627948
