## wrk 1 (127.0.0.1)
Running 10s test @ http://127.0.0.1:18500/wait
  16 threads and 10000 connections
  Thread Stats   Avg      Stdev     Max   +/- Stdev
    Latency    19.87ms  750.03us  28.02ms   80.80%
    Req/Sec    31.57k   551.86    32.51k    96.31%
  Latency Distribution
     50%   19.89ms
     75%   20.39ms
     90%   20.53ms
     99%   22.02ms
  5024873 requests in 10.04s, 512.75MB read
Requests/sec: 500470.60
Transfer/sec:     51.07MB
## server-stat
cpu  2777336 1116 1431715 30591066 48973 0 709149 0 0 0
cpu0 97919 19 38746 967594 1098 0 21018 0 0 0
cpu1 104371 24 40563 963440 902 0 21672 0 0 0
cpu2 106654 22 40959 961229 616 0 22040 0 0 0
cpu3 144448 22 56364 892766 1339 0 35668 0 0 0
cpu4 151649 24 56373 887063 797 0 35912 0 0 0
cpu5 111886 25 42391 953999 603 0 22822 0 0 0
cpu6 114211 22 43249 950334 494 0 23942 0 0 0
cpu7 120063 20 46352 938951 370 0 26491 0 0 0
cpu8 39078 37 39068 1002257 1520 0 12357 0 0 0
cpu9 44856 44 42172 982037 3549 0 13340 0 0 0
cpu10 43034 40 40995 988434 1715 0 13233 0 0 0
cpu11 39719 36 37929 1003972 1140 0 12020 0 0 0
cpu12 68484 114 44760 954332 4290 0 14335 0 0 0
cpu13 66266 45 45467 954226 4175 0 14659 0 0 0
cpu14 39341 35 37358 1006824 1272 0 11793 0 0 0
cpu15 36845 39 34498 1018298 1079 0 10739 0 0 0
cpu16 136586 19 50371 914701 650 0 30063 0 0 0
cpu17 126783 17 48366 927029 1466 0 28414 0 0 0
cpu18 121709 18 47230 935302 363 0 27651 0 0 0
cpu19 179283 18 66784 839538 864 0 45049 0 0 0
cpu20 167517 17 64049 856203 907 0 43274 0 0 0
cpu21 118490 20 46344 939089 886 0 27065 0 0 0
cpu22 110615 23 44299 950271 527 0 25169 0 0 0
cpu23 97279 23 39467 973826 633 0 20994 0 0 0
cpu24 42520 42 38662 1003303 1461 0 12659 0 0 0
cpu25 47237 45 42820 983350 2680 0 14743 0 0 0
cpu26 45351 41 41855 988719 2043 0 14368 0 0 0
cpu27 38405 29 37380 995681 1530 0 20472 0 0 0
cpu28 67449 64 48728 936540 3549 0 26832 0 0 0
cpu29 70300 102 50222 928085 3855 0 27285 0 0 0
cpu30 37873 27 38775 989712 1516 0 20427 0 0 0
cpu31 41098 28 39105 1003947 1070 0 12631 0 0 0
intr 2806876124 126 0 0 0 0 0 0 0 0 1 0 0 0 0 0 0 0 0 0 0 0 0 0 0 0 0 0 1 1 1 0 0 0 0 1 0 1 0 0 75045 0 0 0 0 0 0 0 0 411 0 0 0 0 0 0 0 0 87 0 0 0 0 0 0 0 0 0 0 0 0 0 0 0 294647 2 35022538 34964197 34888584 35025039 0 9436 2861 3399 2031 3462 2955 2633 2782 1858 12041 20639 12015 9473 15733 17091 12221 8223 3155 2075 1684 3190 2672 2270 1801 1843 10136 9187 6972 6991 8891 8052 7163 8769 0 0 0 0 616773 3892 1036 0 264 0 0 0 0 0 0 0 0 0 0 0 0 0 0 0 0 0 0 0 0 0 0 0 0 0 0 0 0 0 0 0 0 0 0 0 0 0 0 0 0 0 0 0 0 0 0 0 0 0 0 0 0 0 0 0 0 0 0 0 0 0 0 0 0 0 0 0 0 0 0 0 0 0 0 0 0 0 0 0 0 0 0 0 0 0 0 0 0 0 0 0 0 0 0 0 0 0 0 0 0 0 0 0 0 0 0 0 0 0 0 0 0 0 0 0 0 0 0 0 0 0 0 0 0 0 0 0 0 0 0 0 0 0 0 0 0 0 0 0 0 0 0 0 0 0 0 0 0 0 0 0 0 0 0 0 0 0 0 0 0 0 0 0 0 0 0 0 0 0 0 0 0 0 0 0 0 0 0 0 0 0 0 0 0 0 0 0 0 0 0 0 0 0 0 0 0 0 0 0 0 0 0 0 0 0 0 0 0 0 0 0 0 0 0 0 0 0 0 0 0 0 0 0 0 0 0 0 0 0 0 0 0 0 0 0 0 0 0 0 0 0 0 0 0 0 0 0 0 0 0 0 0 0 0 0 0 0 0 0 0 0 0 0 0 0 0 0 0 0 0 0 0 0 0 0 0 0 0 0 0 0 0 0 0 0 0 0 0 0 0 0 0 0 0 0 0 0 0 0 0 0 0 0 0 0 0 0 0 0 0 0 0 0 0 0 0 0 0 0 0 0 0 0 0 0 0 0 0 0 0 0 0 0 0 0 0 0 0 0 0 0 0 0 0 0 0 0 0 0 0 0 0 0 0 0 0 0 0 0 0 0 0 0 0 0 0 0 0 0 0 0 0 0 0 0 0 0 0 0 0 0 0 0 0 0 0 0 0 0 0 0 0 0 0 0 0 0 0 0 0 0 0 0 0 0 0 0 0 0 0 0 0 0 0 0 0 0 0 0 0 0 0 0 0 0 0 0 0 0 0 0 0 0 0 0 0 0 0 0 0 0 0 0 0 0 0 0 0 0 0 0 0 0 0 0 0 0 0 0 0 0 0 0 0 0 0 0 0 0 0 0 0 0 0 0 0 0 0 0 0 0 0 0 0 0 0 0 0 0 0 0 0 0 0 0 0 0 0 0 0 0 0 0 0 0 0 0 0 0 0 0 0 0 0 0 0 0 0 0 0 0 0 0 0 0 0 0 0 0 0 0 0 0 0 0 0 0 0 0 0 0 0 0 0 0 0 0 0 0 0 0 0 0 0 0 0 0 0 0 0 0 0 0 0 0 0 0 0 0 0 0 0 0 0 0 0 0 0 0 0 0 0 0 0 0 0 0 0 0 0 0 0 0 0 0 0 0 0 0 0 0 0 0 0 0 0 0 0 0 0 0 0 0 0 0 0 0 0 0 0 0 0 0 0 0 0 0 0 0 0 0 0 0 0 0 0 0 0 0 0 0 0 0 0 0 0 0 0 0 0 0 0 0 0 0 0 0 0 0 0 0 0 0 0 0 0 0 0 0 0 0 0 0 0 0 0 0 0 0 0 0 0 0 0 0 0 0 0 0 0 0 0 0 0 0 0 0 0 0 0 0 0 0 0 0 0 0 0 0 0 0 0 0 0 0 0 0 0 0 0 0 0 0 0 0 0 0 0 0 0 0 0 0 0 0 0 0 0 0 0 0 0 0 0 0 0 0 0 0 0 0 0 0 0 0 0 0 0 0 0 0 0 0 0 0 0 0 0 0 0 0 0 0 0 0 0 0 0 0 0 0 0 0 0 0 0 0 0 0 0 0 0 0 0 0 0 0 0 0 0 0 0 0 0 0 0 0 0 0 0 0 0 0 0 0 0 0 0 0 0 0 0 0 0 0 0 0 0 0 0 0 0 0 0 0 0 0 0 0 0 0 0 0 0 0 0 0 0 0 0 0 0 0 0 0 0 0 0 0 0 0 0 0 0 0 0 0 0 0 0 0 0 0 0 0 0 0 0 0 0 0 0 0 0 0 0 0 0 0 0 0 0 0 0 0 0 0 0 0 0 0 0 0 0 0 0 0 0 0 0 0 0 0 0 0 0 0 0 0 0 0 0 0 0 0 0 0 0 0 0 0 0 0 0 0 0 0 0 0 0 0 0 0 0 0 0 0 0 0 0 0 0 0 0 0 0 0 0 0 0 0 0 0 0 0 0 0 0 0 0 0 0 0 0 0 0 0 0 0 0 0 0 0 0 0 0 0 0 0 0 0 0 0 0 0 0 0 0 0 0 0 0 0 0 0 0 0 0 0 0 0 0 0 0 0 0 0 0 0 0 0 0 0 0 0 0 0 0 0 0 0 0 0 0 0 0 0 0 0 0 0 0 0 0 0 0 0 0 0 0 0 0 0 0 0 0 0 0 0 0 0 0 0 0 0 0 0 0 0 0 0 0 0 0 0 0 0 0 0 0 0 0 0 0 0 0 0 0 0 0 0 0 0 0 0 0 0 0 0 0 0 0
ctxt 4370296531
btime 1790630938
processes 287425
procs_running 14
procs_blocked 0
softirq 4148398785 73526 8820177 2752401 4051832716 308720 0 13557808 41213756 410 29839271
--
cpu  2781802 1117 1433759 30606718 48985 0 710444 0 0 0
cpu0 98264 19 38841 967867 1098 0 21095 0 0 0
cpu1 104372 24 40563 964222 903 0 21673 0 0 0
cpu2 106657 22 40960 962022 616 0 22040 0 0 0
cpu3 144526 22 56390 893441 1339 0 35685 0 0 0
cpu4 151650 24 56373 887859 797 0 35912 0 0 0
cpu5 112096 25 42451 954477 603 0 22872 0 0 0
cpu6 114652 22 43374 950457 494 0 24052 0 0 0
cpu7 120594 20 46498 938951 370 0 26613 0 0 0
cpu8 39090 37 39126 1002837 1525 0 12374 0 0 0
cpu9 44872 44 42222 982617 3549 0 13360 0 0 0
cpu10 43049 40 41047 989008 1720 0 13254 0 0 0
cpu11 39731 36 37977 1004562 1140 0 12039 0 0 0
cpu12 68497 114 44811 954911 4290 0 14354 0 0 0
cpu13 66281 45 45520 954805 4175 0 14678 0 0 0
cpu14 39350 35 37406 1007430 1272 0 11812 0 0 0
cpu15 36855 40 34543 1018909 1079 0 10758 0 0 0
cpu16 136774 19 50421 915216 650 0 30107 0 0 0
cpu17 127322 17 48507 927029 1466 0 28535 0 0 0
cpu18 122232 18 47380 935302 363 0 27778 0 0 0
cpu19 179732 18 66912 839658 864 0 45151 0 0 0
cpu20 168043 17 64203 856203 907 0 43394 0 0 0
cpu21 118810 20 46431 939407 886 0 27138 0 0 0
cpu22 110698 23 44321 950941 528 0 25188 0 0 0
cpu23 97281 23 39468 974622 633 0 20994 0 0 0
cpu24 42532 42 38713 1003890 1461 0 12678 0 0 0
cpu25 47254 45 42877 983924 2680 0 14763 0 0 0
cpu26 45367 41 41911 989290 2043 0 14386 0 0 0
cpu27 38419 29 37430 996262 1530 0 20492 0 0 0
cpu28 67468 64 48789 937104 3549 0 26855 0 0 0
cpu29 70326 102 50287 928645 3855 0 27309 0 0 0
cpu30 37884 27 38826 990299 1516 0 20443 0 0 0
cpu31 41111 28 39163 1004534 1070 0 12648 0 0 0
intr 2810085809 126 0 0 0 0 0 0 0 0 1 0 0 0 0 0 0 0 0 0 0 0 0 0 0 0 0 0 1 1 1 0 0 0 0 1 0 1 0 0 75045 0 0 0 0 0 0 0 0 411 0 0 0 0 0 0 0 0 87 0 0 0 0 0 0 0 0 0 0 0 0 0 0 0 294751 2 35022595 34964241 34888610 35025096 0 9444 2861 3400 2031 3462 2955 2633 2782 1858 12041 20639 12015 9473 15733 17091 12222 8223 3155 2075 1684 3190 2672 2270 1810 1843 10138 9188 6973 6992 8892 8052 7163 8770 0 0 0 0 616773 3902 1036 0 264 0 0 0 0 0 0 0 0 0 0 0 0 0 0 0 0 0 0 0 0 0 0 0 0 0 0 0 0 0 0 0 0 0 0 0 0 0 0 0 0 0 0 0 0 0 0 0 0 0 0 0 0 0 0 0 0 0 0 0 0 0 0 0 0 0 0 0 0 0 0 0 0 0 0 0 0 0 0 0 0 0 0 0 0 0 0 0 0 0 0 0 0 0 0 0 0 0 0 0 0 0 0 0 0 0 0 0 0 0 0 0 0 0 0 0 0 0 0 0 0 0 0 0 0 0 0 0 0 0 0 0 0 0 0 0 0 0 0 0 0 0 0 0 0 0 0 0 0 0 0 0 0 0 0 0 0 0 0 0 0 0 0 0 0 0 0 0 0 0 0 0 0 0 0 0 0 0 0 0 0 0 0 0 0 0 0 0 0 0 0 0 0 0 0 0 0 0 0 0 0 0 0 0 0 0 0 0 0 0 0 0 0 0 0 0 0 0 0 0 0 0 0 0 0 0 0 0 0 0 0 0 0 0 0 0 0 0 0 0 0 0 0 0 0 0 0 0 0 0 0 0 0 0 0 0 0 0 0 0 0 0 0 0 0 0 0 0 0 0 0 0 0 0 0 0 0 0 0 0 0 0 0 0 0 0 0 0 0 0 0 0 0 0 0 0 0 0 0 0 0 0 0 0 0 0 0 0 0 0 0 0 0 0 0 0 0 0 0 0 0 0 0 0 0 0 0 0 0 0 0 0 0 0 0 0 0 0 0 0 0 0 0 0 0 0 0 0 0 0 0 0 0 0 0 0 0 0 0 0 0 0 0 0 0 0 0 0 0 0 0 0 0 0 0 0 0 0 0 0 0 0 0 0 0 0 0 0 0 0 0 0 0 0 0 0 0 0 0 0 0 0 0 0 0 0 0 0 0 0 0 0 0 0 0 0 0 0 0 0 0 0 0 0 0 0 0 0 0 0 0 0 0 0 0 0 0 0 0 0 0 0 0 0 0 0 0 0 0 0 0 0 0 0 0 0 0 0 0 0 0 0 0 0 0 0 0 0 0 0 0 0 0 0 0 0 0 0 0 0 0 0 0 0 0 0 0 0 0 0 0 0 0 0 0 0 0 0 0 0 0 0 0 0 0 0 0 0 0 0 0 0 0 0 0 0 0 0 0 0 0 0 0 0 0 0 0 0 0 0 0 0 0 0 0 0 0 0 0 0 0 0 0 0 0 0 0 0 0 0 0 0 0 0 0 0 0 0 0 0 0 0 0 0 0 0 0 0 0 0 0 0 0 0 0 0 0 0 0 0 0 0 0 0 0 0 0 0 0 0 0 0 0 0 0 0 0 0 0 0 0 0 0 0 0 0 0 0 0 0 0 0 0 0 0 0 0 0 0 0 0 0 0 0 0 0 0 0 0 0 0 0 0 0 0 0 0 0 0 0 0 0 0 0 0 0 0 0 0 0 0 0 0 0 0 0 0 0 0 0 0 0 0 0 0 0 0 0 0 0 0 0 0 0 0 0 0 0 0 0 0 0 0 0 0 0 0 0 0 0 0 0 0 0 0 0 0 0 0 0 0 0 0 0 0 0 0 0 0 0 0 0 0 0 0 0 0 0 0 0 0 0 0 0 0 0 0 0 0 0 0 0 0 0 0 0 0 0 0 0 0 0 0 0 0 0 0 0 0 0 0 0 0 0 0 0 0 0 0 0 0 0 0 0 0 0 0 0 0 0 0 0 0 0 0 0 0 0 0 0 0 0 0 0 0 0 0 0 0 0 0 0 0 0 0 0 0 0 0 0 0 0 0 0 0 0 0 0 0 0 0 0 0 0 0 0 0 0 0 0 0 0 0 0 0 0 0 0 0 0 0 0 0 0 0 0 0 0 0 0 0 0 0 0 0 0 0 0 0 0 0 0 0 0 0 0 0 0 0 0 0 0 0 0 0 0 0 0 0 0 0 0 0 0 0 0 0 0 0 0 0 0 0 0 0 0 0 0 0 0 0 0 0 0 0 0 0 0 0 0 0 0 0 0 0 0 0 0 0 0 0 0 0 0 0 0 0 0 0 0 0 0 0 0 0 0 0 0 0 0 0 0 0 0 0 0 0 0 0 0 0 0 0 0 0 0 0 0 0 0 0 0 0 0 0 0 0 0 0 0 0 0 0 0 0 0 0 0 0 0 0 0 0 0 0 0 0 0 0 0 0 0 0 0 0 0 0 0 0 0 0 0 0 0 0 0 0 0 0 0 0 0 0 0 0 0 0 0 0 0 0 0 0 0 0 0 0 0 0 0 0 0 0 0 0 0 0 0 0 0 0 0 0 0 0 0 0 0 0 0 0 0 0 0 0 0 0 0 0 0 0 0 0 0 0 0 0 0 0 0 0 0 0 0 0 0 0 0 0 0 0 0 0 0 0 0 0 0 0 0 0 0 0 0 0 0 0 0 0 0 0 0 0 0 0 0 0 0 0 0 0 0 0
ctxt 4376443450
btime 1790630938
processes 287498
procs_running 15
procs_blocked 0
softirq 4156522212 73526 8826893 2752401 4059894897 308832 0 13557830 41236980 410 29870443
