## wrk 1 (127.0.0.1)
Running 10s test @ http://127.0.0.1:18500/wait
  16 threads and 25000 connections
  Thread Stats   Avg      Stdev     Max   +/- Stdev
    Latency   227.98ms  748.85ms   9.69s    96.86%
    Req/Sec    13.22k     1.95k   21.99k    64.84%
  Latency Distribution
     50%  108.54ms
     75%  111.11ms
     90%  113.30ms
     99%    4.74s 
  2043430 requests in 10.09s, 247.49MB read
Requests/sec: 202559.08
Transfer/sec:     24.53MB
## server-stat
cpu  2830461 1129 1463224 30928880 49274 0 726157 0 0 0
cpu0 101097 19 39690 977025 1098 0 21699 0 0 0
cpu1 106574 24 41235 974286 962 0 22169 0 0 0
cpu2 108318 22 41503 972953 616 0 22422 0 0 0
cpu3 147143 22 57275 902763 1339 0 36363 0 0 0
cpu4 153939 24 57216 897571 823 0 36544 0 0 0
cpu5 114767 25 43372 963833 603 0 23492 0 0 0
cpu6 116287 22 43792 961666 496 0 24335 0 0 0
cpu7 123741 20 47393 947798 376 0 27281 0 0 0
cpu8 39256 38 40009 1013967 1544 0 12670 0 0 0
cpu9 45056 44 43153 993652 3552 0 13672 0 0 0
cpu10 43225 41 41943 1000087 1721 0 13581 0 0 0
cpu11 39881 37 38833 1015797 1143 0 12318 0 0 0
cpu12 68740 115 45767 965850 4298 0 14691 0 0 0
cpu13 66500 46 46479 965773 4185 0 14998 0 0 0
cpu14 39477 35 38197 1018870 1272 0 12077 0 0 0
cpu15 36978 40 35306 1030454 1081 0 11001 0 0 0
cpu16 139681 19 51385 924120 676 0 30857 0 0 0
cpu17 130781 17 49619 935184 1467 0 29365 0 0 0
cpu18 126155 18 48585 942867 364 0 28644 0 0 0
cpu19 183315 18 68048 847687 864 0 45943 0 0 0
cpu20 171791 18 65357 864034 931 0 44187 0 0 0
cpu21 121710 20 47354 948474 886 0 27802 0 0 0
cpu22 114490 24 45629 958395 541 0 26181 0 0 0
cpu23 99497 24 40247 984550 646 0 21603 0 0 0
cpu24 42682 43 39601 1015033 1484 0 12967 0 0 0
cpu25 47469 45 43889 994700 2702 0 15120 0 0 0
cpu26 45570 42 42923 1000088 2063 0 14736 0 0 0
cpu27 38586 30 38372 1007286 1531 0 20799 0 0 0
cpu28 67780 65 49879 947663 3551 0 27239 0 0 0
cpu29 70643 103 51404 939161 3856 0 27696 0 0 0
cpu30 38051 28 39715 1001498 1517 0 20756 0 0 0
cpu31 41266 28 40041 1015780 1071 0 12936 0 0 0
intr 2843121051 126 0 0 0 0 0 0 0 0 1 0 0 0 0 0 0 0 0 0 0 0 0 0 0 0 0 0 1 1 1 0 0 0 0 1 0 1 0 0 75045 0 0 0 0 0 0 0 0 411 0 0 0 0 0 0 0 0 87 0 0 0 0 0 0 0 0 0 0 0 0 0 0 0 297398 2 35023748 34965380 34889181 35026100 0 9554 2866 3405 2051 3465 2960 2634 2816 1884 12058 20641 12061 9544 15760 17149 12265 8247 3183 2078 1684 3190 2672 2270 1827 1856 10174 9191 7030 7000 8918 8145 7169 8785 0 0 0 0 616781 3918 1036 0 264 0 0 0 0 0 0 0 0 0 0 0 0 0 0 0 0 0 0 0 0 0 0 0 0 0 0 0 0 0 0 0 0 0 0 0 0 0 0 0 0 0 0 0 0 0 0 0 0 0 0 0 0 0 0 0 0 0 0 0 0 0 0 0 0 0 0 0 0 0 0 0 0 0 0 0 0 0 0 0 0 0 0 0 0 0 0 0 0 0 0 0 0 0 0 0 0 0 0 0 0 0 0 0 0 0 0 0 0 0 0 0 0 0 0 0 0 0 0 0 0 0 0 0 0 0 0 0 0 0 0 0 0 0 0 0 0 0 0 0 0 0 0 0 0 0 0 0 0 0 0 0 0 0 0 0 0 0 0 0 0 0 0 0 0 0 0 0 0 0 0 0 0 0 0 0 0 0 0 0 0 0 0 0 0 0 0 0 0 0 0 0 0 0 0 0 0 0 0 0 0 0 0 0 0 0 0 0 0 0 0 0 0 0 0 0 0 0 0 0 0 0 0 0 0 0 0 0 0 0 0 0 0 0 0 0 0 0 0 0 0 0 0 0 0 0 0 0 0 0 0 0 0 0 0 0 0 0 0 0 0 0 0 0 0 0 0 0 0 0 0 0 0 0 0 0 0 0 0 0 0 0 0 0 0 0 0 0 0 0 0 0 0 0 0 0 0 0 0 0 0 0 0 0 0 0 0 0 0 0 0 0 0 0 0 0 0 0 0 0 0 0 0 0 0 0 0 0 0 0 0 0 0 0 0 0 0 0 0 0 0 0 0 0 0 0 0 0 0 0 0 0 0 0 0 0 0 0 0 0 0 0 0 0 0 0 0 0 0 0 0 0 0 0 0 0 0 0 0 0 0 0 0 0 0 0 0 0 0 0 0 0 0 0 0 0 0 0 0 0 0 0 0 0 0 0 0 0 0 0 0 0 0 0 0 0 0 0 0 0 0 0 0 0 0 0 0 0 0 0 0 0 0 0 0 0 0 0 0 0 0 0 0 0 0 0 0 0 0 0 0 0 0 0 0 0 0 0 0 0 0 0 0 0 0 0 0 0 0 0 0 0 0 0 0 0 0 0 0 0 0 0 0 0 0 0 0 0 0 0 0 0 0 0 0 0 0 0 0 0 0 0 0 0 0 0 0 0 0 0 0 0 0 0 0 0 0 0 0 0 0 0 0 0 0 0 0 0 0 0 0 0 0 0 0 0 0 0 0 0 0 0 0 0 0 0 0 0 0 0 0 0 0 0 0 0 0 0 0 0 0 0 0 0 0 0 0 0 0 0 0 0 0 0 0 0 0 0 0 0 0 0 0 0 0 0 0 0 0 0 0 0 0 0 0 0 0 0 0 0 0 0 0 0 0 0 0 0 0 0 0 0 0 0 0 0 0 0 0 0 0 0 0 0 0 0 0 0 0 0 0 0 0 0 0 0 0 0 0 0 0 0 0 0 0 0 0 0 0 0 0 0 0 0 0 0 0 0 0 0 0 0 0 0 0 0 0 0 0 0 0 0 0 0 0 0 0 0 0 0 0 0 0 0 0 0 0 0 0 0 0 0 0 0 0 0 0 0 0 0 0 0 0 0 0 0 0 0 0 0 0 0 0 0 0 0 0 0 0 0 0 0 0 0 0 0 0 0 0 0 0 0 0 0 0 0 0 0 0 0 0 0 0 0 0 0 0 0 0 0 0 0 0 0 0 0 0 0 0 0 0 0 0 0 0 0 0 0 0 0 0 0 0 0 0 0 0 0 0 0 0 0 0 0 0 0 0 0 0 0 0 0 0 0 0 0 0 0 0 0 0 0 0 0 0 0 0 0 0 0 0 0 0 0 0 0 0 0 0 0 0 0 0 0 0 0 0 0 0 0 0 0 0 0 0 0 0 0 0 0 0 0 0 0 0 0 0 0 0 0 0 0 0 0 0 0 0 0 0 0 0 0 0 0 0 0 0 0 0 0 0 0 0 0 0 0 0 0 0 0 0 0 0 0 0 0 0 0 0 0 0 0 0 0 0 0 0 0 0 0 0 0 0 0 0 0 0 0 0 0 0 0 0 0 0 0 0 0 0 0 0 0 0 0 0 0 0 0 0 0 0 0 0 0 0 0 0 0 0 0 0 0 0 0 0 0 0 0 0 0 0 0 0 0 0 0 0 0 0 0 0 0 0 0 0 0 0 0 0 0 0 0 0 0 0 0 0 0 0 0 0 0 0 0 0 0 0 0 0 0 0 0 0 0 0 0 0 0 0 0 0 0 0 0 0 0 0 0 0 0 0 0 0 0 0 0 0 0 0 0 0 0 0 0 0 0 0 0 0 0 0 0 0 0 0 0 0 0 0 0 0 0 0 0 0 0 0 0 0 0 0 0 0 0 0 0 0 0 0 0 0 0 0 0 0 0 0 0 0 0 0 0 0 0 0 0 0 0 0 0 0 0 0 0 0 0 0 0 0 0 0 0 0 0 0 0 0 0 0 0 0 0 0
ctxt 4436762698
btime 1790630938
processes 290505
procs_running 9
procs_blocked 0
softirq 4248162620 73526 9409686 2752423 4149823173 311621 0 13557904 41736014 410 30497863
--
cpu  2835826 1129 1464666 30946505 49298 0 726816 0 0 0
cpu0 101107 19 39693 977793 1098 0 21700 0 0 0
cpu1 106605 24 41241 975045 962 0 22171 0 0 0
cpu2 108318 22 41503 973751 616 0 22422 0 0 0
cpu3 147170 22 57280 903520 1348 0 36365 0 0 0
cpu4 153962 24 57220 898342 823 0 36545 0 0 0
cpu5 114909 25 43398 964451 603 0 23504 0 0 0
cpu6 116288 22 43793 962462 496 0 24335 0 0 0
cpu7 124190 20 47471 948040 376 0 27311 0 0 0
cpu8 39266 38 40040 1014686 1544 0 12686 0 0 0
cpu9 45070 44 43190 994344 3552 0 13692 0 0 0
cpu10 43239 41 41980 1000784 1721 0 13602 0 0 0
cpu11 39891 37 38859 1016527 1143 0 12332 0 0 0
cpu12 68759 115 45813 966507 4309 0 14714 0 0 0
cpu13 66520 46 46521 966444 4185 0 15024 0 0 0
cpu14 39484 35 38224 1019606 1272 0 12092 0 0 0
cpu15 36985 40 35324 1031206 1081 0 11013 0 0 0
cpu16 140311 19 51497 924133 676 0 30902 0 0 0
cpu17 131398 17 49719 935222 1467 0 29410 0 0 0
cpu18 126795 18 48697 942867 364 0 28693 0 0 0
cpu19 183940 18 68153 847719 864 0 45981 0 0 0
cpu20 172416 18 65468 864056 931 0 44227 0 0 0
cpu21 122207 20 47441 948653 886 0 27839 0 0 0
cpu22 115133 24 45737 958395 541 0 26230 0 0 0
cpu23 99696 24 40281 985105 646 0 21615 0 0 0
cpu24 42691 43 39627 1015767 1484 0 12979 0 0 0
cpu25 47485 45 43927 995392 2702 0 15139 0 0 0
cpu26 45584 42 42956 1000791 2063 0 14758 0 0 0
cpu27 38593 30 38398 1008020 1532 0 20812 0 0 0
cpu28 67802 65 49928 948314 3551 0 27267 0 0 0
cpu29 70665 103 51461 939804 3856 0 27726 0 0 0
cpu30 38061 28 39746 1002224 1517 0 20772 0 0 0
cpu31 41273 28 40067 1016519 1071 0 12947 0 0 0
intr 2843738481 126 0 0 0 0 0 0 0 0 1 0 0 0 0 0 0 0 0 0 0 0 0 0 0 0 0 0 1 1 1 0 0 0 0 1 0 1 0 0 75045 0 0 0 0 0 0 0 0 411 0 0 0 0 0 0 0 0 87 0 0 0 0 0 0 0 0 0 0 0 0 0 0 0 297639 2 35023787 34965410 34889186 35026148 0 9558 2874 3405 2052 3465 2960 2634 2816 1884 12060 20645 12061 9544 15760 17150 12265 8247 3183 2078 1684 3190 2672 2270 1827 1859 10174 9191 7031 7000 8918 8145 7169 8785 0 0 0 0 616781 3918 1036 0 264 0 0 0 0 0 0 0 0 0 0 0 0 0 0 0 0 0 0 0 0 0 0 0 0 0 0 0 0 0 0 0 0 0 0 0 0 0 0 0 0 0 0 0 0 0 0 0 0 0 0 0 0 0 0 0 0 0 0 0 0 0 0 0 0 0 0 0 0 0 0 0 0 0 0 0 0 0 0 0 0 0 0 0 0 0 0 0 0 0 0 0 0 0 0 0 0 0 0 0 0 0 0 0 0 0 0 0 0 0 0 0 0 0 0 0 0 0 0 0 0 0 0 0 0 0 0 0 0 0 0 0 0 0 0 0 0 0 0 0 0 0 0 0 0 0 0 0 0 0 0 0 0 0 0 0 0 0 0 0 0 0 0 0 0 0 0 0 0 0 0 0 0 0 0 0 0 0 0 0 0 0 0 0 0 0 0 0 0 0 0 0 0 0 0 0 0 0 0 0 0 0 0 0 0 0 0 0 0 0 0 0 0 0 0 0 0 0 0 0 0 0 0 0 0 0 0 0 0 0 0 0 0 0 0 0 0 0 0 0 0 0 0 0 0 0 0 0 0 0 0 0 0 0 0 0 0 0 0 0 0 0 0 0 0 0 0 0 0 0 0 0 0 0 0 0 0 0 0 0 0 0 0 0 0 0 0 0 0 0 0 0 0 0 0 0 0 0 0 0 0 0 0 0 0 0 0 0 0 0 0 0 0 0 0 0 0 0 0 0 0 0 0 0 0 0 0 0 0 0 0 0 0 0 0 0 0 0 0 0 0 0 0 0 0 0 0 0 0 0 0 0 0 0 0 0 0 0 0 0 0 0 0 0 0 0 0 0 0 0 0 0 0 0 0 0 0 0 0 0 0 0 0 0 0 0 0 0 0 0 0 0 0 0 0 0 0 0 0 0 0 0 0 0 0 0 0 0 0 0 0 0 0 0 0 0 0 0 0 0 0 0 0 0 0 0 0 0 0 0 0 0 0 0 0 0 0 0 0 0 0 0 0 0 0 0 0 0 0 0 0 0 0 0 0 0 0 0 0 0 0 0 0 0 0 0 0 0 0 0 0 0 0 0 0 0 0 0 0 0 0 0 0 0 0 0 0 0 0 0 0 0 0 0 0 0 0 0 0 0 0 0 0 0 0 0 0 0 0 0 0 0 0 0 0 0 0 0 0 0 0 0 0 0 0 0 0 0 0 0 0 0 0 0 0 0 0 0 0 0 0 0 0 0 0 0 0 0 0 0 0 0 0 0 0 0 0 0 0 0 0 0 0 0 0 0 0 0 0 0 0 0 0 0 0 0 0 0 0 0 0 0 0 0 0 0 0 0 0 0 0 0 0 0 0 0 0 0 0 0 0 0 0 0 0 0 0 0 0 0 0 0 0 0 0 0 0 0 0 0 0 0 0 0 0 0 0 0 0 0 0 0 0 0 0 0 0 0 0 0 0 0 0 0 0 0 0 0 0 0 0 0 0 0 0 0 0 0 0 0 0 0 0 0 0 0 0 0 0 0 0 0 0 0 0 0 0 0 0 0 0 0 0 0 0 0 0 0 0 0 0 0 0 0 0 0 0 0 0 0 0 0 0 0 0 0 0 0 0 0 0 0 0 0 0 0 0 0 0 0 0 0 0 0 0 0 0 0 0 0 0 0 0 0 0 0 0 0 0 0 0 0 0 0 0 0 0 0 0 0 0 0 0 0 0 0 0 0 0 0 0 0 0 0 0 0 0 0 0 0 0 0 0 0 0 0 0 0 0 0 0 0 0 0 0 0 0 0 0 0 0 0 0 0 0 0 0 0 0 0 0 0 0 0 0 0 0 0 0 0 0 0 0 0 0 0 0 0 0 0 0 0 0 0 0 0 0 0 0 0 0 0 0 0 0 0 0 0 0 0 0 0 0 0 0 0 0 0 0 0 0 0 0 0 0 0 0 0 0 0 0 0 0 0 0 0 0 0 0 0 0 0 0 0 0 0 0 0 0 0 0 0 0 0 0 0 0 0 0 0 0 0 0 0 0 0 0 0 0 0 0 0 0 0 0 0 0 0 0 0 0 0 0 0 0 0 0 0 0 0 0 0 0 0 0 0 0 0 0 0 0 0 0 0 0 0 0 0 0 0 0 0 0 0 0 0 0 0 0 0 0 0 0 0 0 0 0 0 0 0 0 0 0 0 0 0 0 0 0 0 0 0 0 0 0 0 0 0 0 0 0 0 0 0 0 0 0 0 0 0 0 0 0 0 0 0 0 0 0 0 0 0 0 0 0 0 0 0 0 0 0 0 0 0 0 0 0 0 0 0 0 0 0 0 0 0 0 0 0 0 0 0 0 0 0 0 0 0 0 0 0 0 0 0 0 0 0 0 0 0 0 0 0 0 0 0 0 0 0 0 0 0 0 0 0 0 0 0 0 0 0 0 0 0 0 0 0 0 0 0 0 0 0 0 0 0 0 0 0 0 0 0 0 0 0 0 0 0 0 0 0 0 0
ctxt 4437585241
btime 1790630938
processes 290566
procs_running 11
procs_blocked 0
softirq 4252138884 73526 9443485 2752423 4153704907 311868 0 13557904 41759575 410 30534786
