## wrk 1 (127.0.0.1)
Running 10s test @ http://127.0.0.1:18500/wait
  16 threads and 1000 connections
  Thread Stats   Avg      Stdev     Max   +/- Stdev
    Latency    10.34ms  218.65us  15.10ms   94.83%
    Req/Sec     6.02k   156.94     6.26k    82.86%
  Latency Distribution
     50%   10.31ms
     75%   10.38ms
     90%   10.48ms
     99%   10.85ms
  961395 requests in 10.10s, 98.10MB read
Requests/sec:  95189.25
Transfer/sec:      9.71MB
## server-stat
cpu  2738223 1093 1406426 29858996 48375 0 696065 0 0 0
cpu0 97322 19 38504 942991 1097 0 20799 0 0 0
cpu1 103606 24 40307 938789 895 0 21468 0 0 0
cpu2 105867 21 40690 936601 616 0 21829 0 0 0
cpu3 139557 21 54714 874859 1338 0 34291 0 0 0
cpu4 146664 23 54609 869382 795 0 34414 0 0 0
cpu5 110643 24 41993 930072 599 0 22487 0 0 0
cpu6 113219 21 42932 925995 487 0 23684 0 0 0
cpu7 118416 19 45853 915616 355 0 26072 0 0 0
cpu8 38959 36 38308 978404 1504 0 12193 0 0 0
cpu9 44633 42 41278 958900 3496 0 13103 0 0 0
cpu10 42866 39 40099 965182 1711 0 12998 0 0 0
cpu11 39600 35 37177 980251 1131 0 11837 0 0 0
cpu12 68094 114 43713 931707 4273 0 14029 0 0 0
cpu13 65869 44 44403 931720 4110 0 14341 0 0 0
cpu14 39217 34 36590 983207 1245 0 11601 0 0 0
cpu15 36738 38 33782 994411 1068 0 10574 0 0 0
cpu16 134782 18 49884 891549 623 0 29627 0 0 0
cpu17 125333 17 47924 903356 1464 0 28072 0 0 0
cpu18 120392 18 46815 911450 361 0 27328 0 0 0
cpu19 172188 18 64426 825021 863 0 43117 0 0 0
cpu20 161512 17 62079 839863 907 0 41664 0 0 0
cpu21 117569 19 46028 914661 876 0 26837 0 0 0
cpu22 109558 23 43960 926015 521 0 24921 0 0 0
cpu23 96934 23 39347 948459 632 0 20922 0 0 0
cpu24 42407 41 37946 979393 1452 0 12498 0 0 0
cpu25 47066 44 41984 959874 2603 0 14552 0 0 0
cpu26 45218 40 41090 965015 2028 0 14174 0 0 0
cpu27 38315 28 36668 971601 1515 0 20325 0 0 0
cpu28 67023 63 47729 913711 3435 0 26562 0 0 0
cpu29 69874 101 49154 905394 3808 0 26983 0 0 0
cpu30 37758 26 38003 965812 1489 0 20260 0 0 0
cpu31 41009 27 38427 979717 1066 0 12487 0 0 0
intr 2772766000 126 0 0 0 0 0 0 0 0 1 0 0 0 0 0 0 0 0 0 0 0 0 0 0 0 0 0 1 1 1 0 0 0 0 1 0 1 0 0 75045 0 0 0 0 0 0 0 0 411 0 0 0 0 0 0 0 0 87 0 0 0 0 0 0 0 0 0 0 0 0 0 0 0 289472 2 35021118 34962198 34887697 35023218 0 9225 2854 3259 2029 3461 2934 2589 2779 1854 11781 20617 11997 9358 15720 16958 12122 8220 3151 2070 1683 3189 2671 2267 1795 1841 10094 9183 6938 6985 8763 7989 7131 8762 0 0 0 0 616757 3864 1036 0 264 0 0 0 0 0 0 0 0 0 0 0 0 0 0 0 0 0 0 0 0 0 0 0 0 0 0 0 0 0 0 0 0 0 0 0 0 0 0 0 0 0 0 0 0 0 0 0 0 0 0 0 0 0 0 0 0 0 0 0 0 0 0 0 0 0 0 0 0 0 0 0 0 0 0 0 0 0 0 0 0 0 0 0 0 0 0 0 0 0 0 0 0 0 0 0 0 0 0 0 0 0 0 0 0 0 0 0 0 0 0 0 0 0 0 0 0 0 0 0 0 0 0 0 0 0 0 0 0 0 0 0 0 0 0 0 0 0 0 0 0 0 0 0 0 0 0 0 0 0 0 0 0 0 0 0 0 0 0 0 0 0 0 0 0 0 0 0 0 0 0 0 0 0 0 0 0 0 0 0 0 0 0 0 0 0 0 0 0 0 0 0 0 0 0 0 0 0 0 0 0 0 0 0 0 0 0 0 0 0 0 0 0 0 0 0 0 0 0 0 0 0 0 0 0 0 0 0 0 0 0 0 0 0 0 0 0 0 0 0 0 0 0 0 0 0 0 0 0 0 0 0 0 0 0 0 0 0 0 0 0 0 0 0 0 0 0 0 0 0 0 0 0 0 0 0 0 0 0 0 0 0 0 0 0 0 0 0 0 0 0 0 0 0 0 0 0 0 0 0 0 0 0 0 0 0 0 0 0 0 0 0 0 0 0 0 0 0 0 0 0 0 0 0 0 0 0 0 0 0 0 0 0 0 0 0 0 0 0 0 0 0 0 0 0 0 0 0 0 0 0 0 0 0 0 0 0 0 0 0 0 0 0 0 0 0 0 0 0 0 0 0 0 0 0 0 0 0 0 0 0 0 0 0 0 0 0 0 0 0 0 0 0 0 0 0 0 0 0 0 0 0 0 0 0 0 0 0 0 0 0 0 0 0 0 0 0 0 0 0 0 0 0 0 0 0 0 0 0 0 0 0 0 0 0 0 0 0 0 0 0 0 0 0 0 0 0 0 0 0 0 0 0 0 0 0 0 0 0 0 0 0 0 0 0 0 0 0 0 0 0 0 0 0 0 0 0 0 0 0 0 0 0 0 0 0 0 0 0 0 0 0 0 0 0 0 0 0 0 0 0 0 0 0 0 0 0 0 0 0 0 0 0 0 0 0 0 0 0 0 0 0 0 0 0 0 0 0 0 0 0 0 0 0 0 0 0 0 0 0 0 0 0 0 0 0 0 0 0 0 0 0 0 0 0 0 0 0 0 0 0 0 0 0 0 0 0 0 0 0 0 0 0 0 0 0 0 0 0 0 0 0 0 0 0 0 0 0 0 0 0 0 0 0 0 0 0 0 0 0 0 0 0 0 0 0 0 0 0 0 0 0 0 0 0 0 0 0 0 0 0 0 0 0 0 0 0 0 0 0 0 0 0 0 0 0 0 0 0 0 0 0 0 0 0 0 0 0 0 0 0 0 0 0 0 0 0 0 0 0 0 0 0 0 0 0 0 0 0 0 0 0 0 0 0 0 0 0 0 0 0 0 0 0 0 0 0 0 0 0 0 0 0 0 0 0 0 0 0 0 0 0 0 0 0 0 0 0 0 0 0 0 0 0 0 0 0 0 0 0 0 0 0 0 0 0 0 0 0 0 0 0 0 0 0 0 0 0 0 0 0 0 0 0 0 0 0 0 0 0 0 0 0 0 0 0 0 0 0 0 0 0 0 0 0 0 0 0 0 0 0 0 0 0 0 0 0 0 0 0 0 0 0 0 0 0 0 0 0 0 0 0 0 0 0 0 0 0 0 0 0 0 0 0 0 0 0 0 0 0 0 0 0 0 0 0 0 0 0 0 0 0 0 0 0 0 0 0 0 0 0 0 0 0 0 0 0 0 0 0 0 0 0 0 0 0 0 0 0 0 0 0 0 0 0 0 0 0 0 0 0 0 0 0 0 0 0 0 0 0 0 0 0 0 0 0 0 0 0 0 0 0 0 0 0 0 0 0 0 0 0 0 0 0 0 0 0 0 0 0 0 0 0 0 0 0 0 0 0 0 0 0 0 0 0 0 0 0 0 0 0 0 0 0 0 0 0 0 0 0 0 0 0 0 0 0 0 0 0 0 0 0 0 0 0 0 0 0 0 0 0 0 0 0 0 0 0 0 0 0 0 0 0 0 0 0 0 0 0 0 0 0 0 0 0 0 0 0 0 0 0 0 0 0 0 0 0 0 0 0 0 0 0 0 0 0 0 0 0 0 0 0 0 0 0 0 0 0 0 0 0 0 0 0 0 0 0 0 0 0 0 0 0 0 0 0 0 0 0 0 0 0 0 0 0 0 0 0 0 0 0 0 0 0 0 0 0 0 0 0 0 0 0 0 0 0 0 0 0 0 0 0 0 0 0 0 0 0 0 0 0 0 0 0 0 0 0 0 0 0 0 0 0 0 0 0 0 0 0 0 0 0 0 0 0 0 0 0 0 0 0 0 0
ctxt 4306745456
btime 1790630938
processes 281838
procs_running 3
procs_blocked 0
softirq 4063455840 73526 8335286 2752370 3968568158 303261 0 13557676 40659360 410 29205793
--
cpu  2738762 1094 1406652 29883050 48406 0 696281 0 0 0
cpu0 97341 19 38513 943744 1097 0 20810 0 0 0
cpu1 103614 24 40311 939571 895 0 21471 0 0 0
cpu2 105871 21 40692 937393 616 0 21830 0 0 0
cpu3 139646 21 54750 875488 1338 0 34330 0 0 0
cpu4 146850 23 54683 869835 795 0 34495 0 0 0
cpu5 110645 24 41994 930867 600 0 22489 0 0 0
cpu6 113221 21 42933 926792 487 0 23684 0 0 0
cpu7 118416 19 45854 916413 355 0 26072 0 0 0
cpu8 38960 36 38308 979183 1504 0 12194 0 0 0
cpu9 44635 43 41281 959657 3496 0 13104 0 0 0
cpu10 42868 39 40101 965935 1711 0 12999 0 0 0
cpu11 39602 35 37178 981010 1131 0 11838 0 0 0
cpu12 68099 114 43717 932450 4274 0 14030 0 0 0
cpu13 65880 44 44409 932459 4110 0 14343 0 0 0
cpu14 39218 34 36592 983965 1245 0 11601 0 0 0
cpu15 36739 39 33783 995174 1068 0 10575 0 0 0
cpu16 134782 18 49884 892348 623 0 29627 0 0 0
cpu17 125334 17 47924 904155 1464 0 28072 0 0 0
cpu18 120392 18 46815 912248 361 0 27328 0 0 0
cpu19 172361 18 64491 825510 863 0 43181 0 0 0
cpu20 161515 17 62080 840657 907 0 41666 0 0 0
cpu21 117569 19 46028 915460 876 0 26837 0 0 0
cpu22 109558 23 43960 926814 521 0 24921 0 0 0
cpu23 96934 23 39347 949258 632 0 20922 0 0 0
cpu24 42409 41 37947 980157 1452 0 12499 0 0 0
cpu25 47067 44 41985 960607 2633 0 14553 0 0 0
cpu26 45220 40 41091 965784 2028 0 14175 0 0 0
cpu27 38316 28 36668 972379 1515 0 20325 0 0 0
cpu28 67036 63 47732 914470 3435 0 26563 0 0 0
cpu29 69883 101 49158 906150 3808 0 26984 0 0 0
cpu30 37760 26 38004 966593 1489 0 20260 0 0 0
cpu31 41009 27 38428 980508 1066 0 12487 0 0 0
intr 2773605331 126 0 0 0 0 0 0 0 0 1 0 0 0 0 0 0 0 0 0 0 0 0 0 0 0 0 0 1 1 1 0 0 0 0 1 0 1 0 0 75045 0 0 0 0 0 0 0 0 411 0 0 0 0 0 0 0 0 87 0 0 0 0 0 0 0 0 0 0 0 0 0 0 0 289722 2 35021155 34962247 34887724 35023257 0 9229 2855 3259 2029 3461 2934 2592 2779 1854 11781 20617 11997 9360 15720 16959 12122 8220 3151 2070 1683 3189 2671 2267 1795 1841 10094 9183 6938 6985 8763 7989 7131 8762 0 0 0 0 616757 3864 1036 0 264 0 0 0 0 0 0 0 0 0 0 0 0 0 0 0 0 0 0 0 0 0 0 0 0 0 0 0 0 0 0 0 0 0 0 0 0 0 0 0 0 0 0 0 0 0 0 0 0 0 0 0 0 0 0 0 0 0 0 0 0 0 0 0 0 0 0 0 0 0 0 0 0 0 0 0 0 0 0 0 0 0 0 0 0 0 0 0 0 0 0 0 0 0 0 0 0 0 0 0 0 0 0 0 0 0 0 0 0 0 0 0 0 0 0 0 0 0 0 0 0 0 0 0 0 0 0 0 0 0 0 0 0 0 0 0 0 0 0 0 0 0 0 0 0 0 0 0 0 0 0 0 0 0 0 0 0 0 0 0 0 0 0 0 0 0 0 0 0 0 0 0 0 0 0 0 0 0 0 0 0 0 0 0 0 0 0 0 0 0 0 0 0 0 0 0 0 0 0 0 0 0 0 0 0 0 0 0 0 0 0 0 0 0 0 0 0 0 0 0 0 0 0 0 0 0 0 0 0 0 0 0 0 0 0 0 0 0 0 0 0 0 0 0 0 0 0 0 0 0 0 0 0 0 0 0 0 0 0 0 0 0 0 0 0 0 0 0 0 0 0 0 0 0 0 0 0 0 0 0 0 0 0 0 0 0 0 0 0 0 0 0 0 0 0 0 0 0 0 0 0 0 0 0 0 0 0 0 0 0 0 0 0 0 0 0 0 0 0 0 0 0 0 0 0 0 0 0 0 0 0 0 0 0 0 0 0 0 0 0 0 0 0 0 0 0 0 0 0 0 0 0 0 0 0 0 0 0 0 0 0 0 0 0 0 0 0 0 0 0 0 0 0 0 0 0 0 0 0 0 0 0 0 0 0 0 0 0 0 0 0 0 0 0 0 0 0 0 0 0 0 0 0 0 0 0 0 0 0 0 0 0 0 0 0 0 0 0 0 0 0 0 0 0 0 0 0 0 0 0 0 0 0 0 0 0 0 0 0 0 0 0 0 0 0 0 0 0 0 0 0 0 0 0 0 0 0 0 0 0 0 0 0 0 0 0 0 0 0 0 0 0 0 0 0 0 0 0 0 0 0 0 0 0 0 0 0 0 0 0 0 0 0 0 0 0 0 0 0 0 0 0 0 0 0 0 0 0 0 0 0 0 0 0 0 0 0 0 0 0 0 0 0 0 0 0 0 0 0 0 0 0 0 0 0 0 0 0 0 0 0 0 0 0 0 0 0 0 0 0 0 0 0 0 0 0 0 0 0 0 0 0 0 0 0 0 0 0 0 0 0 0 0 0 0 0 0 0 0 0 0 0 0 0 0 0 0 0 0 0 0 0 0 0 0 0 0 0 0 0 0 0 0 0 0 0 0 0 0 0 0 0 0 0 0 0 0 0 0 0 0 0 0 0 0 0 0 0 0 0 0 0 0 0 0 0 0 0 0 0 0 0 0 0 0 0 0 0 0 0 0 0 0 0 0 0 0 0 0 0 0 0 0 0 0 0 0 0 0 0 0 0 0 0 0 0 0 0 0 0 0 0 0 0 0 0 0 0 0 0 0 0 0 0 0 0 0 0 0 0 0 0 0 0 0 0 0 0 0 0 0 0 0 0 0 0 0 0 0 0 0 0 0 0 0 0 0 0 0 0 0 0 0 0 0 0 0 0 0 0 0 0 0 0 0 0 0 0 0 0 0 0 0 0 0 0 0 0 0 0 0 0 0 0 0 0 0 0 0 0 0 0 0 0 0 0 0 0 0 0 0 0 0 0 0 0 0 0 0 0 0 0 0 0 0 0 0 0 0 0 0 0 0 0 0 0 0 0 0 0 0 0 0 0 0 0 0 0 0 0 0 0 0 0 0 0 0 0 0 0 0 0 0 0 0 0 0 0 0 0 0 0 0 0 0 0 0 0 0 0 0 0 0 0 0 0 0 0 0 0 0 0 0 0 0 0 0 0 0 0 0 0 0 0 0 0 0 0 0 0 0 0 0 0 0 0 0 0 0 0 0 0 0 0 0 0 0 0 0 0 0 0 0 0 0 0 0 0 0 0 0 0 0 0 0 0 0 0 0 0 0 0 0 0 0 0 0 0 0 0 0 0 0 0 0 0 0 0 0 0 0 0 0 0 0 0 0 0 0 0 0 0 0 0 0 0 0 0 0 0 0 0 0 0 0 0 0 0 0 0 0 0 0 0 0 0 0 0 0 0 0 0 0 0 0 0 0 0 0 0 0 0 0 0 0 0 0 0 0 0 0 0 0 0 0 0 0 0 0 0 0 0 0 0 0 0 0 0 0 0 0 0 0 0 0 0 0 0 0 0 0 0 0 0 0 0 0 0 0 0 0 0 0 0 0 0 0 0 0 0 0 0 0 0 0 0 0 0 0 0 0 0 0 0 0 0 0 0 0 0 0 0 0 0 0 0 0 0 0 0 0 0 0 0 0 0 0 0 0 0 0 0 0 0 0 0 0 0 0 0 0 0 0
ctxt 4308365018
btime 1790630938
processes 281885
procs_running 1
procs_blocked 0
softirq 4065018545 73526 8338030 2752370 3970106017 303521 0 13557676 40674095 410 29212900
