## wrk 1 (127.0.0.1)
Running 10s test @ http://127.0.0.1:18500/wait
  16 threads and 1000 connections
  Thread Stats   Avg      Stdev     Max   +/- Stdev
    Latency    10.52ms  509.77us  13.49ms   76.29%
    Req/Sec     5.92k    93.15     6.22k    74.00%
  Latency Distribution
     50%   10.43ms
     75%   10.66ms
     90%   11.34ms
     99%   11.94ms
  944860 requests in 10.10s, 118.04MB read
Requests/sec:  93552.21
Transfer/sec:     11.69MB
## server-stat
cpu  2803948 1123 1449367 30757821 49101 0 719023 0 0 0
cpu0 99404 19 39253 972423 1098 0 21412 0 0 0
cpu1 105613 24 40995 968673 903 0 22004 0 0 0
cpu2 107505 22 41290 967042 616 0 22304 0 0 0
cpu3 145797 22 56841 897826 1339 0 36037 0 0 0
cpu4 152673 24 56827 892469 823 0 36249 0 0 0
cpu5 113049 25 42892 959265 603 0 23166 0 0 0
cpu6 114916 22 43478 956479 495 0 24128 0 0 0
cpu7 122233 20 47072 942758 371 0 27076 0 0 0
cpu8 39183 38 39607 1007957 1544 0 12542 0 0 0
cpu9 44969 44 42726 987721 3549 0 13533 0 0 0
cpu10 43151 41 41521 994128 1720 0 13445 0 0 0
cpu11 39817 36 38434 1009773 1143 0 12193 0 0 0
cpu12 68614 114 45319 959990 4297 0 14537 0 0 0
cpu13 66404 46 46018 959887 4184 0 14850 0 0 0
cpu14 39421 35 37819 1012780 1272 0 11962 0 0 0
cpu15 36925 40 34947 1024317 1081 0 10893 0 0 0
cpu16 138214 19 50941 919310 675 0 30503 0 0 0
cpu17 128605 17 48995 931342 1467 0 28926 0 0 0
cpu18 123932 18 47940 939097 364 0 28202 0 0 0
cpu19 181132 18 67488 843728 864 0 45571 0 0 0
cpu20 169649 18 64760 860114 909 0 43792 0 0 0
cpu21 120388 20 46936 943435 886 0 27507 0 0 0
cpu22 112889 24 45112 953813 528 0 25819 0 0 0
cpu23 98100 24 39752 979749 644 0 21226 0 0 0
cpu24 42615 42 39197 1009037 1462 0 12837 0 0 0
cpu25 47387 45 43430 988815 2681 0 14977 0 0 0
cpu26 45488 42 42485 994194 2044 0 14592 0 0 0
cpu27 38520 29 37955 1001303 1531 0 20670 0 0 0
cpu28 67645 65 49419 941847 3549 0 27077 0 0 0
cpu29 70508 103 50928 933360 3856 0 27536 0 0 0
cpu30 37986 27 39325 995450 1517 0 20628 0 0 0
cpu31 41202 28 39649 1009722 1070 0 12819 0 0 0
intr 2827773038 126 0 0 0 0 0 0 0 0 1 0 0 0 0 0 0 0 0 0 0 0 0 0 0 0 0 0 1 1 1 0 0 0 0 1 0 1 0 0 75045 0 0 0 0 0 0 0 0 411 0 0 0 0 0 0 0 0 87 0 0 0 0 0 0 0 0 0 0 0 0 0 0 0 295850 2 35023169 34964825 34888947 35025583 0 9497 2866 3401 2049 3464 2959 2634 2811 1858 12056 20640 12016 9473 15758 17148 12263 8247 3166 2076 1684 3190 2672 2270 1821 1844 10173 9188 6992 6996 8893 8076 7167 8770 0 0 0 0 616777 3905 1036 0 264 0 0 0 0 0 0 0 0 0 0 0 0 0 0 0 0 0 0 0 0 0 0 0 0 0 0 0 0 0 0 0 0 0 0 0 0 0 0 0 0 0 0 0 0 0 0 0 0 0 0 0 0 0 0 0 0 0 0 0 0 0 0 0 0 0 0 0 0 0 0 0 0 0 0 0 0 0 0 0 0 0 0 0 0 0 0 0 0 0 0 0 0 0 0 0 0 0 0 0 0 0 0 0 0 0 0 0 0 0 0 0 0 0 0 0 0 0 0 0 0 0 0 0 0 0 0 0 0 0 0 0 0 0 0 0 0 0 0 0 0 0 0 0 0 0 0 0 0 0 0 0 0 0 0 0 0 0 0 0 0 0 0 0 0 0 0 0 0 0 0 0 0 0 0 0 0 0 0 0 0 0 0 0 0 0 0 0 0 0 0 0 0 0 0 0 0 0 0 0 0 0 0 0 0 0 0 0 0 0 0 0 0 0 0 0 0 0 0 0 0 0 0 0 0 0 0 0 0 0 0 0 0 0 0 0 0 0 0 0 0 0 0 0 0 0 0 0 0 0 0 0 0 0 0 0 0 0 0 0 0 0 0 0 0 0 0 0 0 0 0 0 0 0 0 0 0 0 0 0 0 0 0 0 0 0 0 0 0 0 0 0 0 0 0 0 0 0 0 0 0 0 0 0 0 0 0 0 0 0 0 0 0 0 0 0 0 0 0 0 0 0 0 0 0 0 0 0 0 0 0 0 0 0 0 0 0 0 0 0 0 0 0 0 0 0 0 0 0 0 0 0 0 0 0 0 0 0 0 0 0 0 0 0 0 0 0 0 0 0 0 0 0 0 0 0 0 0 0 0 0 0 0 0 0 0 0 0 0 0 0 0 0 0 0 0 0 0 0 0 0 0 0 0 0 0 0 0 0 0 0 0 0 0 0 0 0 0 0 0 0 0 0 0 0 0 0 0 0 0 0 0 0 0 0 0 0 0 0 0 0 0 0 0 0 0 0 0 0 0 0 0 0 0 0 0 0 0 0 0 0 0 0 0 0 0 0 0 0 0 0 0 0 0 0 0 0 0 0 0 0 0 0 0 0 0 0 0 0 0 0 0 0 0 0 0 0 0 0 0 0 0 0 0 0 0 0 0 0 0 0 0 0 0 0 0 0 0 0 0 0 0 0 0 0 0 0 0 0 0 0 0 0 0 0 0 0 0 0 0 0 0 0 0 0 0 0 0 0 0 0 0 0 0 0 0 0 0 0 0 0 0 0 0 0 0 0 0 0 0 0 0 0 0 0 0 0 0 0 0 0 0 0 0 0 0 0 0 0 0 0 0 0 0 0 0 0 0 0 0 0 0 0 0 0 0 0 0 0 0 0 0 0 0 0 0 0 0 0 0 0 0 0 0 0 0 0 0 0 0 0 0 0 0 0 0 0 0 0 0 0 0 0 0 0 0 0 0 0 0 0 0 0 0 0 0 0 0 0 0 0 0 0 0 0 0 0 0 0 0 0 0 0 0 0 0 0 0 0 0 0 0 0 0 0 0 0 0 0 0 0 0 0 0 0 0 0 0 0 0 0 0 0 0 0 0 0 0 0 0 0 0 0 0 0 0 0 0 0 0 0 0 0 0 0 0 0 0 0 0 0 0 0 0 0 0 0 0 0 0 0 0 0 0 0 0 0 0 0 0 0 0 0 0 0 0 0 0 0 0 0 0 0 0 0 0 0 0 0 0 0 0 0 0 0 0 0 0 0 0 0 0 0 0 0 0 0 0 0 0 0 0 0 0 0 0 0 0 0 0 0 0 0 0 0 0 0 0 0 0 0 0 0 0 0 0 0 0 0 0 0 0 0 0 0 0 0 0 0 0 0 0 0 0 0 0 0 0 0 0 0 0 0 0 0 0 0 0 0 0 0 0 0 0 0 0 0 0 0 0 0 0 0 0 0 0 0 0 0 0 0 0 0 0 0 0 0 0 0 0 0 0 0 0 0 0 0 0 0 0 0 0 0 0 0 0 0 0 0 0 0 0 0 0 0 0 0 0 0 0 0 0 0 0 0 0 0 0 0 0 0 0 0 0 0 0 0 0 0 0 0 0 0 0 0 0 0 0 0 0 0 0 0 0 0 0 0 0 0 0 0 0 0 0 0 0 0 0 0 0 0 0 0 0 0 0 0 0 0 0 0 0 0 0 0 0 0 0 0 0 0 0 0 0 0 0 0 0 0 0 0 0 0 0 0 0 0 0 0 0 0 0 0 0 0 0 0 0 0 0 0 0 0 0 0 0 0 0 0 0 0 0 0 0 0 0 0 0 0 0 0 0 0 0 0 0 0 0 0 0 0 0 0 0 0 0 0 0 0 0 0 0 0 0 0 0 0 0 0 0 0 0 0 0 0 0 0 0 0 0 0 0 0 0 0 0 0 0 0 0 0 0 0 0 0 0 0 0 0 0 0 0 0 0 0 0 0 0 0 0 0 0 0
ctxt 4408885118
btime 1790630938
processes 289110
procs_running 1
procs_blocked 0
softirq 4205259955 73526 9131808 2752412 4107755773 309993 0 13557856 41495929 410 30182248
--
cpu  2804348 1123 1449613 30781992 49123 0 719264 0 0 0
cpu0 99449 19 39277 973120 1098 0 21439 0 0 0
cpu1 105645 24 41013 969399 903 0 22023 0 0 0
cpu2 107525 22 41303 967792 616 0 22316 0 0 0
cpu3 145857 22 56878 898483 1339 0 36073 0 0 0
cpu4 152728 24 56864 893133 823 0 36285 0 0 0
cpu5 113078 25 42910 960000 603 0 23184 0 0 0
cpu6 114927 22 43486 957253 496 0 24134 0 0 0
cpu7 122237 20 47075 943550 372 0 27077 0 0 0
cpu8 39185 38 39608 1008728 1544 0 12544 0 0 0
cpu9 44974 44 42729 988480 3549 0 13534 0 0 0
cpu10 43155 41 41524 994884 1720 0 13448 0 0 0
cpu11 39819 36 38436 1010537 1143 0 12195 0 0 0
cpu12 68622 114 45324 960738 4297 0 14539 0 0 0
cpu13 66414 46 46023 960634 4184 0 14854 0 0 0
cpu14 39423 35 37822 1013544 1272 0 11963 0 0 0
cpu15 36926 40 34950 1025085 1081 0 10895 0 0 0
cpu16 138217 19 50942 920104 675 0 30504 0 0 0
cpu17 128606 17 48996 932138 1467 0 28926 0 0 0
cpu18 123932 18 47940 939896 364 0 28202 0 0 0
cpu19 181182 18 67512 844427 864 0 45596 0 0 0
cpu20 169681 18 64779 860827 930 0 43806 0 0 0
cpu21 120390 20 46937 944230 886 0 27509 0 0 0
cpu22 112889 24 45112 954611 529 0 25819 0 0 0
cpu23 98100 24 39753 980546 644 0 21226 0 0 0
cpu24 42616 42 39200 1009803 1462 0 12839 0 0 0
cpu25 47389 45 43432 989577 2681 0 14979 0 0 0
cpu26 45491 42 42488 994955 2044 0 14594 0 0 0
cpu27 38521 30 37957 1002072 1531 0 20671 0 0 0
cpu28 67655 65 49422 942599 3549 0 27081 0 0 0
cpu29 70514 103 50931 934113 3856 0 27538 0 0 0
cpu30 37986 27 39326 996221 1517 0 20631 0 0 0
cpu31 41203 28 39651 1010496 1071 0 12821 0 0 0
intr 2828620680 126 0 0 0 0 0 0 0 0 1 0 0 0 0 0 0 0 0 0 0 0 0 0 0 0 0 0 1 1 1 0 0 0 0 1 0 1 0 0 75045 0 0 0 0 0 0 0 0 411 0 0 0 0 0 0 0 0 87 0 0 0 0 0 0 0 0 0 0 0 0 0 0 0 296102 2 35023230 34964855 34888950 35025634 0 9501 2866 3401 2049 3464 2959 2634 2812 1858 12056 20640 12016 9473 15758 17148 12263 8247 3166 2076 1684 3190 2672 2270 1824 1844 10173 9188 6992 6996 8893 8081 7167 8770 0 0 0 0 616777 3905 1036 0 264 0 0 0 0 0 0 0 0 0 0 0 0 0 0 0 0 0 0 0 0 0 0 0 0 0 0 0 0 0 0 0 0 0 0 0 0 0 0 0 0 0 0 0 0 0 0 0 0 0 0 0 0 0 0 0 0 0 0 0 0 0 0 0 0 0 0 0 0 0 0 0 0 0 0 0 0 0 0 0 0 0 0 0 0 0 0 0 0 0 0 0 0 0 0 0 0 0 0 0 0 0 0 0 0 0 0 0 0 0 0 0 0 0 0 0 0 0 0 0 0 0 0 0 0 0 0 0 0 0 0 0 0 0 0 0 0 0 0 0 0 0 0 0 0 0 0 0 0 0 0 0 0 0 0 0 0 0 0 0 0 0 0 0 0 0 0 0 0 0 0 0 0 0 0 0 0 0 0 0 0 0 0 0 0 0 0 0 0 0 0 0 0 0 0 0 0 0 0 0 0 0 0 0 0 0 0 0 0 0 0 0 0 0 0 0 0 0 0 0 0 0 0 0 0 0 0 0 0 0 0 0 0 0 0 0 0 0 0 0 0 0 0 0 0 0 0 0 0 0 0 0 0 0 0 0 0 0 0 0 0 0 0 0 0 0 0 0 0 0 0 0 0 0 0 0 0 0 0 0 0 0 0 0 0 0 0 0 0 0 0 0 0 0 0 0 0 0 0 0 0 0 0 0 0 0 0 0 0 0 0 0 0 0 0 0 0 0 0 0 0 0 0 0 0 0 0 0 0 0 0 0 0 0 0 0 0 0 0 0 0 0 0 0 0 0 0 0 0 0 0 0 0 0 0 0 0 0 0 0 0 0 0 0 0 0 0 0 0 0 0 0 0 0 0 0 0 0 0 0 0 0 0 0 0 0 0 0 0 0 0 0 0 0 0 0 0 0 0 0 0 0 0 0 0 0 0 0 0 0 0 0 0 0 0 0 0 0 0 0 0 0 0 0 0 0 0 0 0 0 0 0 0 0 0 0 0 0 0 0 0 0 0 0 0 0 0 0 0 0 0 0 0 0 0 0 0 0 0 0 0 0 0 0 0 0 0 0 0 0 0 0 0 0 0 0 0 0 0 0 0 0 0 0 0 0 0 0 0 0 0 0 0 0 0 0 0 0 0 0 0 0 0 0 0 0 0 0 0 0 0 0 0 0 0 0 0 0 0 0 0 0 0 0 0 0 0 0 0 0 0 0 0 0 0 0 0 0 0 0 0 0 0 0 0 0 0 0 0 0 0 0 0 0 0 0 0 0 0 0 0 0 0 0 0 0 0 0 0 0 0 0 0 0 0 0 0 0 0 0 0 0 0 0 0 0 0 0 0 0 0 0 0 0 0 0 0 0 0 0 0 0 0 0 0 0 0 0 0 0 0 0 0 0 0 0 0 0 0 0 0 0 0 0 0 0 0 0 0 0 0 0 0 0 0 0 0 0 0 0 0 0 0 0 0 0 0 0 0 0 0 0 0 0 0 0 0 0 0 0 0 0 0 0 0 0 0 0 0 0 0 0 0 0 0 0 0 0 0 0 0 0 0 0 0 0 0 0 0 0 0 0 0 0 0 0 0 0 0 0 0 0 0 0 0 0 0 0 0 0 0 0 0 0 0 0 0 0 0 0 0 0 0 0 0 0 0 0 0 0 0 0 0 0 0 0 0 0 0 0 0 0 0 0 0 0 0 0 0 0 0 0 0 0 0 0 0 0 0 0 0 0 0 0 0 0 0 0 0 0 0 0 0 0 0 0 0 0 0 0 0 0 0 0 0 0 0 0 0 0 0 0 0 0 0 0 0 0 0 0 0 0 0 0 0 0 0 0 0 0 0 0 0 0 0 0 0 0 0 0 0 0 0 0 0 0 0 0 0 0 0 0 0 0 0 0 0 0 0 0 0 0 0 0 0 0 0 0 0 0 0 0 0 0 0 0 0 0 0 0 0 0 0 0 0 0 0 0 0 0 0 0 0 0 0 0 0 0 0 0 0 0 0 0 0 0 0 0 0 0 0 0 0 0 0 0 0 0 0 0 0 0 0 0 0 0 0 0 0 0 0 0 0 0 0 0 0 0 0 0 0 0 0 0 0 0 0 0 0 0 0 0 0 0 0 0 0 0 0 0 0 0 0 0 0 0 0 0 0 0 0 0 0 0 0 0 0 0 0 0 0 0 0 0 0 0 0 0 0 0 0 0 0 0 0 0 0 0 0 0 0 0 0 0 0 0 0 0 0 0 0 0 0 0 0 0 0 0 0 0 0 0 0 0 0 0 0 0 0 0 0 0 0 0 0 0 0 0 0 0 0 0 0 0 0 0 0 0 0 0 0 0 0 0 0 0 0 0 0 0 0 0 0 0 0 0 0 0 0 0 0 0 0 0 0 0 0 0 0 0 0 0 0 0 0 0 0 0 0 0 0 0 0 0 0 0 0 0 0 0 0 0 0 0 0 0 0 0 0 0 0 0 0 0 0 0 0 0 0 0 0 0 0
ctxt 4410409333
btime 1790630938
processes 289160
procs_running 5
procs_blocked 0
softirq 4206814114 73526 9136619 2752412 4109265105 310257 0 13557856 41517383 410 30200546
