## wrk 1 (127.0.0.1)
Running 10s test @ http://127.0.0.1:18500/wait
  16 threads and 10000 connections
  Thread Stats   Avg      Stdev     Max   +/- Stdev
    Latency    66.88ms    2.63ms  96.46ms   94.74%
    Req/Sec     9.36k   724.58    12.63k    84.12%
  Latency Distribution
     50%   67.09ms
     75%   67.67ms
     90%   68.19ms
     99%   72.37ms
  1490187 requests in 10.06s, 152.06MB read
Requests/sec: 148143.07
Transfer/sec:     15.12MB
## server-stat
cpu  2743386 1098 1410242 30025478 48541 0 698240 0 0 0
cpu0 97367 19 38529 948510 1097 0 20828 0 0 0
cpu1 103623 24 40316 944416 896 0 21473 0 0 0
cpu2 105877 22 40696 942246 616 0 21832 0 0 0
cpu3 140516 21 55106 878795 1338 0 34642 0 0 0
cpu4 148032 23 55159 872603 795 0 34953 0 0 0
cpu5 110651 24 41999 935715 603 0 22490 0 0 0
cpu6 113225 22 42935 931647 488 0 23685 0 0 0
cpu7 118420 19 45856 921271 355 0 26074 0 0 0
cpu8 38975 36 38411 983793 1504 0 12210 0 0 0
cpu9 44661 43 41418 964035 3543 0 13134 0 0 0
cpu10 42890 39 40228 970374 1711 0 13028 0 0 0
cpu11 39614 35 37284 985576 1132 0 11858 0 0 0
cpu12 68171 114 43887 936734 4274 0 14083 0 0 0
cpu13 65965 45 44588 936716 4110 0 14404 0 0 0
cpu14 39234 34 36719 988423 1245 0 11632 0 0 0
cpu15 36752 39 33901 999697 1069 0 10597 0 0 0
cpu16 134797 18 49886 897166 650 0 29627 0 0 0
cpu17 125342 17 47926 909007 1466 0 28073 0 0 0
cpu18 120398 18 46817 917103 361 0 27329 0 0 0
cpu19 173664 18 64988 828094 863 0 43666 0 0 0
cpu20 162257 17 62368 844237 907 0 41923 0 0 0
cpu21 117572 19 46029 920319 877 0 26837 0 0 0
cpu22 109560 23 43961 931677 521 0 24921 0 0 0
cpu23 96936 23 39348 954120 632 0 20922 0 0 0
cpu24 42419 41 38049 984744 1453 0 12514 0 0 0
cpu25 47086 45 42092 965148 2661 0 14567 0 0 0
cpu26 45231 40 41189 970389 2029 0 14189 0 0 0
cpu27 38323 28 36753 977068 1515 0 20333 0 0 0
cpu28 67083 64 47866 918905 3435 0 26596 0 0 0
cpu29 69941 101 49310 910513 3824 0 27031 0 0 0
cpu30 37771 26 38098 971222 1489 0 20276 0 0 0
cpu31 41018 27 38516 985202 1067 0 12497 0 0 0
intr 2778831122 126 0 0 0 0 0 0 0 0 1 0 0 0 0 0 0 0 0 0 0 0 0 0 0 0 0 0 1 1 1 0 0 0 0 1 0 1 0 0 75045 0 0 0 0 0 0 0 0 411 0 0 0 0 0 0 0 0 87 0 0 0 0 0 0 0 0 0 0 0 0 0 0 0 290845 2 35021367 34962635 34887920 35023588 0 9269 2855 3274 2029 3461 2934 2610 2780 1855 12002 20625 11999 9362 15721 16959 12122 8221 3153 2072 1683 3189 2671 2268 1795 1841 10096 9183 6968 6989 8767 7991 7132 8764 0 0 0 0 616759 3872 1036 0 264 0 0 0 0 0 0 0 0 0 0 0 0 0 0 0 0 0 0 0 0 0 0 0 0 0 0 0 0 0 0 0 0 0 0 0 0 0 0 0 0 0 0 0 0 0 0 0 0 0 0 0 0 0 0 0 0 0 0 0 0 0 0 0 0 0 0 0 0 0 0 0 0 0 0 0 0 0 0 0 0 0 0 0 0 0 0 0 0 0 0 0 0 0 0 0 0 0 0 0 0 0 0 0 0 0 0 0 0 0 0 0 0 0 0 0 0 0 0 0 0 0 0 0 0 0 0 0 0 0 0 0 0 0 0 0 0 0 0 0 0 0 0 0 0 0 0 0 0 0 0 0 0 0 0 0 0 0 0 0 0 0 0 0 0 0 0 0 0 0 0 0 0 0 0 0 0 0 0 0 0 0 0 0 0 0 0 0 0 0 0 0 0 0 0 0 0 0 0 0 0 0 0 0 0 0 0 0 0 0 0 0 0 0 0 0 0 0 0 0 0 0 0 0 0 0 0 0 0 0 0 0 0 0 0 0 0 0 0 0 0 0 0 0 0 0 0 0 0 0 0 0 0 0 0 0 0 0 0 0 0 0 0 0 0 0 0 0 0 0 0 0 0 0 0 0 0 0 0 0 0 0 0 0 0 0 0 0 0 0 0 0 0 0 0 0 0 0 0 0 0 0 0 0 0 0 0 0 0 0 0 0 0 0 0 0 0 0 0 0 0 0 0 0 0 0 0 0 0 0 0 0 0 0 0 0 0 0 0 0 0 0 0 0 0 0 0 0 0 0 0 0 0 0 0 0 0 0 0 0 0 0 0 0 0 0 0 0 0 0 0 0 0 0 0 0 0 0 0 0 0 0 0 0 0 0 0 0 0 0 0 0 0 0 0 0 0 0 0 0 0 0 0 0 0 0 0 0 0 0 0 0 0 0 0 0 0 0 0 0 0 0 0 0 0 0 0 0 0 0 0 0 0 0 0 0 0 0 0 0 0 0 0 0 0 0 0 0 0 0 0 0 0 0 0 0 0 0 0 0 0 0 0 0 0 0 0 0 0 0 0 0 0 0 0 0 0 0 0 0 0 0 0 0 0 0 0 0 0 0 0 0 0 0 0 0 0 0 0 0 0 0 0 0 0 0 0 0 0 0 0 0 0 0 0 0 0 0 0 0 0 0 0 0 0 0 0 0 0 0 0 0 0 0 0 0 0 0 0 0 0 0 0 0 0 0 0 0 0 0 0 0 0 0 0 0 0 0 0 0 0 0 0 0 0 0 0 0 0 0 0 0 0 0 0 0 0 0 0 0 0 0 0 0 0 0 0 0 0 0 0 0 0 0 0 0 0 0 0 0 0 0 0 0 0 0 0 0 0 0 0 0 0 0 0 0 0 0 0 0 0 0 0 0 0 0 0 0 0 0 0 0 0 0 0 0 0 0 0 0 0 0 0 0 0 0 0 0 0 0 0 0 0 0 0 0 0 0 0 0 0 0 0 0 0 0 0 0 0 0 0 0 0 0 0 0 0 0 0 0 0 0 0 0 0 0 0 0 0 0 0 0 0 0 0 0 0 0 0 0 0 0 0 0 0 0 0 0 0 0 0 0 0 0 0 0 0 0 0 0 0 0 0 0 0 0 0 0 0 0 0 0 0 0 0 0 0 0 0 0 0 0 0 0 0 0 0 0 0 0 0 0 0 0 0 0 0 0 0 0 0 0 0 0 0 0 0 0 0 0 0 0 0 0 0 0 0 0 0 0 0 0 0 0 0 0 0 0 0 0 0 0 0 0 0 0 0 0 0 0 0 0 0 0 0 0 0 0 0 0 0 0 0 0 0 0 0 0 0 0 0 0 0 0 0 0 0 0 0 0 0 0 0 0 0 0 0 0 0 0 0 0 0 0 0 0 0 0 0 0 0 0 0 0 0 0 0 0 0 0 0 0 0 0 0 0 0 0 0 0 0 0 0 0 0 0 0 0 0 0 0 0 0 0 0 0 0 0 0 0 0 0 0 0 0 0 0 0 0 0 0 0 0 0 0 0 0 0 0 0 0 0 0 0 0 0 0 0 0 0 0 0 0 0 0 0 0 0 0 0 0 0 0 0 0 0 0 0 0 0 0 0 0 0 0 0 0 0 0 0 0 0 0 0 0 0 0 0 0 0 0 0 0 0 0 0 0 0 0 0 0 0 0 0 0 0 0 0 0 0 0 0 0 0 0 0 0 0 0 0 0 0 0 0 0 0 0 0 0 0 0 0 0 0 0 0 0 0 0 0 0 0 0 0 0 0 0 0 0 0 0 0 0 0 0 0 0 0 0 0 0 0 0 0 0 0 0 0 0 0 0 0 0 0 0 0 0 0 0 0 0 0 0 0 0 0 0 0 0 0 0 0 0 0 0 0 0 0 0 0 0 0 0 0 0 0 0 0 0 0 0 0 0 0 0 0 0 0 0 0 0 0 0 0 0 0 0 0 0 0 0 0 0
ctxt 4318761612
btime 1790630938
processes 282942
procs_running 6
procs_blocked 0
softirq 4077577288 73526 8375756 2752376 3982451154 304683 0 13557708 40752595 410 29309080
--
cpu  2744534 1099 1410782 30048125 48558 0 698620 0 0 0
cpu0 97368 19 38529 949297 1097 0 20829 0 0 0
cpu1 103623 24 40316 945214 896 0 21473 0 0 0
cpu2 105877 22 40696 943044 616 0 21832 0 0 0
cpu3 140717 21 55165 879279 1338 0 34699 0 0 0
cpu4 148176 23 55202 873177 795 0 34993 0 0 0
cpu5 110651 24 41999 936513 603 0 22490 0 0 0
cpu6 113226 22 42935 932445 488 0 23685 0 0 0
cpu7 118420 19 45856 922055 370 0 26074 0 0 0
cpu8 38977 36 38417 984540 1504 0 12212 0 0 0
cpu9 44668 43 41435 964744 3544 0 13142 0 0 0
cpu10 42893 39 40243 971087 1711 0 13036 0 0 0
cpu11 39617 35 37293 986314 1132 0 11861 0 0 0
cpu12 68184 114 43909 937422 4274 0 14094 0 0 0
cpu13 65971 45 44615 937402 4110 0 14416 0 0 0
cpu14 39236 34 36727 989165 1245 0 11637 0 0 0
cpu15 36755 39 33905 1000457 1069 0 10600 0 0 0
cpu16 134804 18 49887 897955 650 0 29628 0 0 0
cpu17 125348 17 47926 909800 1466 0 28073 0 0 0
cpu18 120399 18 46818 917901 361 0 27329 0 0 0
cpu19 173974 18 65081 828411 863 0 43747 0 0 0
cpu20 162618 17 62483 844463 907 0 42022 0 0 0
cpu21 117572 19 46029 921117 877 0 26837 0 0 0
cpu22 109561 23 43961 932474 521 0 24921 0 0 0
cpu23 96937 23 39348 954916 632 0 20922 0 0 0
cpu24 42423 41 38056 985494 1453 0 12518 0 0 0
cpu25 47098 45 42109 965858 2661 0 14573 0 0 0
cpu26 45238 40 41203 971101 2029 0 14195 0 0 0
cpu27 38327 28 36761 977806 1515 0 20337 0 0 0
cpu28 67102 64 47891 919580 3435 0 26608 0 0 0
cpu29 69962 101 49339 911172 3824 0 27043 0 0 0
cpu30 37777 27 38111 971953 1489 0 20282 0 0 0
cpu31 41020 27 38523 985955 1067 0 12499 0 0 0
intr 2780189455 126 0 0 0 0 0 0 0 0 1 0 0 0 0 0 0 0 0 0 0 0 0 0 0 0 0 0 1 1 1 0 0 0 0 1 0 1 0 0 75045 0 0 0 0 0 0 0 0 411 0 0 0 0 0 0 0 0 87 0 0 0 0 0 0 0 0 0 0 0 0 0 0 0 290955 2 35021392 34962687 34887926 35023619 0 9277 2855 3280 2029 3461 2934 2610 2780 1855 12002 20625 11999 9362 15722 16959 12122 8221 3153 2072 1683 3189 2671 2268 1795 1842 10096 9183 6968 6990 8767 7991 7132 8764 0 0 0 0 616761 3872 1036 0 264 0 0 0 0 0 0 0 0 0 0 0 0 0 0 0 0 0 0 0 0 0 0 0 0 0 0 0 0 0 0 0 0 0 0 0 0 0 0 0 0 0 0 0 0 0 0 0 0 0 0 0 0 0 0 0 0 0 0 0 0 0 0 0 0 0 0 0 0 0 0 0 0 0 0 0 0 0 0 0 0 0 0 0 0 0 0 0 0 0 0 0 0 0 0 0 0 0 0 0 0 0 0 0 0 0 0 0 0 0 0 0 0 0 0 0 0 0 0 0 0 0 0 0 0 0 0 0 0 0 0 0 0 0 0 0 0 0 0 0 0 0 0 0 0 0 0 0 0 0 0 0 0 0 0 0 0 0 0 0 0 0 0 0 0 0 0 0 0 0 0 0 0 0 0 0 0 0 0 0 0 0 0 0 0 0 0 0 0 0 0 0 0 0 0 0 0 0 0 0 0 0 0 0 0 0 0 0 0 0 0 0 0 0 0 0 0 0 0 0 0 0 0 0 0 0 0 0 0 0 0 0 0 0 0 0 0 0 0 0 0 0 0 0 0 0 0 0 0 0 0 0 0 0 0 0 0 0 0 0 0 0 0 0 0 0 0 0 0 0 0 0 0 0 0 0 0 0 0 0 0 0 0 0 0 0 0 0 0 0 0 0 0 0 0 0 0 0 0 0 0 0 0 0 0 0 0 0 0 0 0 0 0 0 0 0 0 0 0 0 0 0 0 0 0 0 0 0 0 0 0 0 0 0 0 0 0 0 0 0 0 0 0 0 0 0 0 0 0 0 0 0 0 0 0 0 0 0 0 0 0 0 0 0 0 0 0 0 0 0 0 0 0 0 0 0 0 0 0 0 0 0 0 0 0 0 0 0 0 0 0 0 0 0 0 0 0 0 0 0 0 0 0 0 0 0 0 0 0 0 0 0 0 0 0 0 0 0 0 0 0 0 0 0 0 0 0 0 0 0 0 0 0 0 0 0 0 0 0 0 0 0 0 0 0 0 0 0 0 0 0 0 0 0 0 0 0 0 0 0 0 0 0 0 0 0 0 0 0 0 0 0 0 0 0 0 0 0 0 0 0 0 0 0 0 0 0 0 0 0 0 0 0 0 0 0 0 0 0 0 0 0 0 0 0 0 0 0 0 0 0 0 0 0 0 0 0 0 0 0 0 0 0 0 0 0 0 0 0 0 0 0 0 0 0 0 0 0 0 0 0 0 0 0 0 0 0 0 0 0 0 0 0 0 0 0 0 0 0 0 0 0 0 0 0 0 0 0 0 0 0 0 0 0 0 0 0 0 0 0 0 0 0 0 0 0 0 0 0 0 0 0 0 0 0 0 0 0 0 0 0 0 0 0 0 0 0 0 0 0 0 0 0 0 0 0 0 0 0 0 0 0 0 0 0 0 0 0 0 0 0 0 0 0 0 0 0 0 0 0 0 0 0 0 0 0 0 0 0 0 0 0 0 0 0 0 0 0 0 0 0 0 0 0 0 0 0 0 0 0 0 0 0 0 0 0 0 0 0 0 0 0 0 0 0 0 0 0 0 0 0 0 0 0 0 0 0 0 0 0 0 0 0 0 0 0 0 0 0 0 0 0 0 0 0 0 0 0 0 0 0 0 0 0 0 0 0 0 0 0 0 0 0 0 0 0 0 0 0 0 0 0 0 0 0 0 0 0 0 0 0 0 0 0 0 0 0 0 0 0 0 0 0 0 0 0 0 0 0 0 0 0 0 0 0 0 0 0 0 0 0 0 0 0 0 0 0 0 0 0 0 0 0 0 0 0 0 0 0 0 0 0 0 0 0 0 0 0 0 0 0 0 0 0 0 0 0 0 0 0 0 0 0 0 0 0 0 0 0 0 0 0 0 0 0 0 0 0 0 0 0 0 0 0 0 0 0 0 0 0 0 0 0 0 0 0 0 0 0 0 0 0 0 0 0 0 0 0 0 0 0 0 0 0 0 0 0 0 0 0 0 0 0 0 0 0 0 0 0 0 0 0 0 0 0 0 0 0 0 0 0 0 0 0 0 0 0 0 0 0 0 0 0 0 0 0 0 0 0 0 0 0 0 0 0 0 0 0 0 0 0 0 0 0 0 0 0 0 0 0 0 0 0 0 0 0 0 0 0 0 0 0 0 0 0 0 0 0 0 0 0 0 0 0 0 0 0 0 0 0 0 0 0 0 0 0 0 0 0 0 0 0 0 0 0 0 0 0 0 0 0 0 0 0 0 0 0 0 0 0 0 0 0 0 0 0 0 0 0 0 0 0 0 0 0 0 0 0 0 0 0 0 0 0 0 0 0 0 0 0 0 0 0 0 0 0 0 0 0 0 0 0 0 0 0 0 0 0 0 0 0 0 0 0 0 0 0 0 0 0 0 0 0 0 0 0 0 0 0 0 0 0 0 0 0 0 0 0 0 0 0 0 0 0 0 0 0 0 0 0 0 0 0 0 0 0 0 0 0 0 0 0 0
ctxt 4321163338
btime 1790630938
processes 283003
procs_running 6
procs_blocked 0
softirq 4080146883 73526 8436190 2752376 3984907109 304799 0 13557708 40780118 410 29334647
