## wrk 1 (127.0.0.1)
Running 10s test @ http://127.0.0.1:18500/wait
  16 threads and 25000 connections
  Thread Stats   Avg      Stdev     Max   +/- Stdev
    Latency   260.95ms  125.14ms   2.80s    97.33%
    Req/Sec     6.16k     3.89k   35.93k    65.28%
  Latency Distribution
     50%  252.89ms
     75%  261.40ms
     90%  266.66ms
     99%  597.30ms
  949371 requests in 10.10s, 118.61MB read
Requests/sec:  93996.43
Transfer/sec:     11.74MB
## server-stat
cpu  2753704 1107 1419342 30317503 48749 0 702180 0 0 0
cpu0 97427 19 38562 958354 1097 0 20865 0 0 0
cpu1 103648 24 40331 954411 900 0 21483 0 0 0
cpu2 105901 22 40707 952256 616 0 21838 0 0 0
cpu3 142080 22 55718 886126 1339 0 35167 0 0 0
cpu4 149680 24 55828 879795 796 0 35502 0 0 0
cpu5 110667 25 42006 945742 603 0 22492 0 0 0
cpu6 113234 22 42939 941681 494 0 23686 0 0 0
cpu7 118425 20 45860 931300 370 0 26075 0 0 0
cpu8 39018 37 38715 993164 1516 0 12253 0 0 0
cpu9 44747 43 41777 973107 3545 0 13209 0 0 0
cpu10 42951 40 40603 979477 1711 0 13099 0 0 0
cpu11 39654 36 37590 994862 1138 0 11912 0 0 0
cpu12 68316 114 44358 945490 4275 0 14206 0 0 0
cpu13 66093 45 45052 945499 4110 0 14517 0 0 0
cpu14 39275 35 37042 997659 1245 0 11693 0 0 0
cpu15 36786 39 34212 1009036 1070 0 10648 0 0 0
cpu16 134839 18 49893 907165 650 0 29630 0 0 0
cpu17 125363 17 47928 919035 1466 0 28073 0 0 0
cpu18 120406 18 46821 927143 363 0 27329 0 0 0
cpu19 176671 18 66094 833118 863 0 44582 0 0 0
cpu20 164953 17 63345 849797 907 0 42752 0 0 0
cpu21 117581 19 46035 930345 886 0 26838 0 0 0
cpu22 109569 23 43965 941707 527 0 24922 0 0 0
cpu23 96945 23 39351 964162 633 0 20922 0 0 0
cpu24 42455 42 38348 994119 1454 0 12562 0 0 0
cpu25 47153 45 42442 974343 2662 0 14624 0 0 0
cpu26 45276 40 41502 979675 2042 0 14246 0 0 0
cpu27 38347 29 37037 986542 1515 0 20366 0 0 0
cpu28 67260 64 48277 927743 3540 0 26682 0 0 0
cpu29 70119 102 49784 919306 3827 0 27139 0 0 0
cpu30 37808 27 38422 980584 1504 0 20323 0 0 0
cpu31 41043 28 38782 994744 1069 0 12529 0 0 0
intr 2790390547 126 0 0 0 0 0 0 0 0 1 0 0 0 0 0 0 0 0 0 0 0 0 0 0 0 0 0 1 1 1 0 0 0 0 1 0 1 0 0 75045 0 0 0 0 0 0 0 0 411 0 0 0 0 0 0 0 0 87 0 0 0 0 0 0 0 0 0 0 0 0 0 0 0 292562 2 35021828 34963349 34888214 35024279 0 9351 2856 3333 2030 3461 2947 2611 2782 1856 12005 20637 12002 9367 15724 17085 12124 8222 3153 2072 1683 3189 2672 2269 1797 1842 10100 9183 6969 6990 8810 8052 7152 8766 0 0 0 0 616765 3889 1036 0 264 0 0 0 0 0 0 0 0 0 0 0 0 0 0 0 0 0 0 0 0 0 0 0 0 0 0 0 0 0 0 0 0 0 0 0 0 0 0 0 0 0 0 0 0 0 0 0 0 0 0 0 0 0 0 0 0 0 0 0 0 0 0 0 0 0 0 0 0 0 0 0 0 0 0 0 0 0 0 0 0 0 0 0 0 0 0 0 0 0 0 0 0 0 0 0 0 0 0 0 0 0 0 0 0 0 0 0 0 0 0 0 0 0 0 0 0 0 0 0 0 0 0 0 0 0 0 0 0 0 0 0 0 0 0 0 0 0 0 0 0 0 0 0 0 0 0 0 0 0 0 0 0 0 0 0 0 0 0 0 0 0 0 0 0 0 0 0 0 0 0 0 0 0 0 0 0 0 0 0 0 0 0 0 0 0 0 0 0 0 0 0 0 0 0 0 0 0 0 0 0 0 0 0 0 0 0 0 0 0 0 0 0 0 0 0 0 0 0 0 0 0 0 0 0 0 0 0 0 0 0 0 0 0 0 0 0 0 0 0 0 0 0 0 0 0 0 0 0 0 0 0 0 0 0 0 0 0 0 0 0 0 0 0 0 0 0 0 0 0 0 0 0 0 0 0 0 0 0 0 0 0 0 0 0 0 0 0 0 0 0 0 0 0 0 0 0 0 0 0 0 0 0 0 0 0 0 0 0 0 0 0 0 0 0 0 0 0 0 0 0 0 0 0 0 0 0 0 0 0 0 0 0 0 0 0 0 0 0 0 0 0 0 0 0 0 0 0 0 0 0 0 0 0 0 0 0 0 0 0 0 0 0 0 0 0 0 0 0 0 0 0 0 0 0 0 0 0 0 0 0 0 0 0 0 0 0 0 0 0 0 0 0 0 0 0 0 0 0 0 0 0 0 0 0 0 0 0 0 0 0 0 0 0 0 0 0 0 0 0 0 0 0 0 0 0 0 0 0 0 0 0 0 0 0 0 0 0 0 0 0 0 0 0 0 0 0 0 0 0 0 0 0 0 0 0 0 0 0 0 0 0 0 0 0 0 0 0 0 0 0 0 0 0 0 0 0 0 0 0 0 0 0 0 0 0 0 0 0 0 0 0 0 0 0 0 0 0 0 0 0 0 0 0 0 0 0 0 0 0 0 0 0 0 0 0 0 0 0 0 0 0 0 0 0 0 0 0 0 0 0 0 0 0 0 0 0 0 0 0 0 0 0 0 0 0 0 0 0 0 0 0 0 0 0 0 0 0 0 0 0 0 0 0 0 0 0 0 0 0 0 0 0 0 0 0 0 0 0 0 0 0 0 0 0 0 0 0 0 0 0 0 0 0 0 0 0 0 0 0 0 0 0 0 0 0 0 0 0 0 0 0 0 0 0 0 0 0 0 0 0 0 0 0 0 0 0 0 0 0 0 0 0 0 0 0 0 0 0 0 0 0 0 0 0 0 0 0 0 0 0 0 0 0 0 0 0 0 0 0 0 0 0 0 0 0 0 0 0 0 0 0 0 0 0 0 0 0 0 0 0 0 0 0 0 0 0 0 0 0 0 0 0 0 0 0 0 0 0 0 0 0 0 0 0 0 0 0 0 0 0 0 0 0 0 0 0 0 0 0 0 0 0 0 0 0 0 0 0 0 0 0 0 0 0 0 0 0 0 0 0 0 0 0 0 0 0 0 0 0 0 0 0 0 0 0 0 0 0 0 0 0 0 0 0 0 0 0 0 0 0 0 0 0 0 0 0 0 0 0 0 0 0 0 0 0 0 0 0 0 0 0 0 0 0 0 0 0 0 0 0 0 0 0 0 0 0 0 0 0 0 0 0 0 0 0 0 0 0 0 0 0 0 0 0 0 0 0 0 0 0 0 0 0 0 0 0 0 0 0 0 0 0 0 0 0 0 0 0 0 0 0 0 0 0 0 0 0 0 0 0 0 0 0 0 0 0 0 0 0 0 0 0 0 0 0 0 0 0 0 0 0 0 0 0 0 0 0 0 0 0 0 0 0 0 0 0 0 0 0 0 0 0 0 0 0 0 0 0 0 0 0 0 0 0 0 0 0 0 0 0 0 0 0 0 0 0 0 0 0 0 0 0 0 0 0 0 0 0 0 0 0 0 0 0 0 0 0 0 0 0 0 0 0 0 0 0 0 0 0 0 0 0 0 0 0 0 0 0 0 0 0 0 0 0 0 0 0 0 0 0 0 0 0 0 0 0 0 0 0 0 0 0 0 0 0 0 0 0 0 0 0 0 0 0 0 0 0 0 0 0 0 0 0 0 0 0 0 0 0 0 0 0 0 0 0 0 0 0 0 0 0 0 0 0 0 0 0 0 0 0 0 0 0 0 0 0 0 0 0 0 0 0 0 0 0 0 0 0 0 0 0 0 0 0 0 0 0 0 0 0 0 0 0 0 0 0 0 0 0 0 0 0 0 0 0 0 0 0 0 0 0 0 0 0 0 0 0 0 0 0 0 0
ctxt 4339334470
btime 1790630938
processes 284949
procs_running 4
procs_blocked 0
softirq 4104525882 73526 8738152 2752389 4008561921 306509 0 13557772 40988081 410 29547122
--
cpu  2755010 1107 1419733 30340679 48776 0 702395 0 0 0
cpu0 97429 19 38563 959140 1097 0 20867 0 0 0
cpu1 103649 24 40332 955207 900 0 21483 0 0 0
cpu2 105902 22 40707 953052 616 0 21838 0 0 0
cpu3 142449 22 55787 886440 1339 0 35216 0 0 0
cpu4 150017 24 55904 880137 796 0 35546 0 0 0
cpu5 110669 25 42006 946538 603 0 22493 0 0 0
cpu6 113235 22 42939 942478 494 0 23686 0 0 0
cpu7 118425 20 45860 932098 370 0 26075 0 0 0
cpu8 39020 37 38722 993927 1517 0 12255 0 0 0
cpu9 44760 43 41789 973832 3545 0 13214 0 0 0
cpu10 42959 40 40619 980195 1711 0 13106 0 0 0
cpu11 39656 36 37597 995622 1138 0 11915 0 0 0
cpu12 68329 114 44379 946194 4275 0 14214 0 0 0
cpu13 66106 45 45077 946176 4123 0 14527 0 0 0
cpu14 39281 35 37054 998395 1247 0 11698 0 0 0
cpu15 36792 39 34222 1009790 1070 0 10651 0 0 0
cpu16 134843 18 49893 907959 650 0 29630 0 0 0
cpu17 125363 17 47928 919834 1466 0 28073 0 0 0
cpu18 120407 18 46821 927939 363 0 27330 0 0 0
cpu19 176910 18 66138 833603 864 0 44612 0 0 0
cpu20 165201 17 63398 850261 907 0 42786 0 0 0
cpu21 117582 19 46036 931143 886 0 26838 0 0 0
cpu22 109570 23 43965 942505 527 0 24922 0 0 0
cpu23 96946 23 39351 964959 633 0 20922 0 0 0
cpu24 42459 42 38351 994892 1454 0 12563 0 0 0
cpu25 47155 45 42445 975127 2662 0 14625 0 0 0
cpu26 45279 40 41505 980457 2043 0 14247 0 0 0
cpu27 38349 29 37038 987337 1515 0 20366 0 0 0
cpu28 67269 64 48291 928475 3540 0 26688 0 0 0
cpu29 70131 102 49792 920053 3827 0 27143 0 0 0
cpu30 37811 27 38425 981357 1515 0 20324 0 0 0
cpu31 41043 28 38783 995540 1069 0 12530 0 0 0
intr 2791112706 126 0 0 0 0 0 0 0 0 1 0 0 0 0 0 0 0 0 0 0 0 0 0 0 0 0 0 1 1 1 0 0 0 0 1 0 1 0 0 75045 0 0 0 0 0 0 0 0 411 0 0 0 0 0 0 0 0 87 0 0 0 0 0 0 0 0 0 0 0 0 0 0 0 292824 2 35021851 34963398 34888223 35024310 0 9359 2861 3341 2030 3461 2947 2611 2782 1856 12005 20637 12002 9368 15724 17085 12124 8222 3153 2072 1683 3189 2672 2269 1797 1842 10101 9183 6969 6990 8810 8052 7154 8766 0 0 0 0 616765 3889 1036 0 264 0 0 0 0 0 0 0 0 0 0 0 0 0 0 0 0 0 0 0 0 0 0 0 0 0 0 0 0 0 0 0 0 0 0 0 0 0 0 0 0 0 0 0 0 0 0 0 0 0 0 0 0 0 0 0 0 0 0 0 0 0 0 0 0 0 0 0 0 0 0 0 0 0 0 0 0 0 0 0 0 0 0 0 0 0 0 0 0 0 0 0 0 0 0 0 0 0 0 0 0 0 0 0 0 0 0 0 0 0 0 0 0 0 0 0 0 0 0 0 0 0 0 0 0 0 0 0 0 0 0 0 0 0 0 0 0 0 0 0 0 0 0 0 0 0 0 0 0 0 0 0 0 0 0 0 0 0 0 0 0 0 0 0 0 0 0 0 0 0 0 0 0 0 0 0 0 0 0 0 0 0 0 0 0 0 0 0 0 0 0 0 0 0 0 0 0 0 0 0 0 0 0 0 0 0 0 0 0 0 0 0 0 0 0 0 0 0 0 0 0 0 0 0 0 0 0 0 0 0 0 0 0 0 0 0 0 0 0 0 0 0 0 0 0 0 0 0 0 0 0 0 0 0 0 0 0 0 0 0 0 0 0 0 0 0 0 0 0 0 0 0 0 0 0 0 0 0 0 0 0 0 0 0 0 0 0 0 0 0 0 0 0 0 0 0 0 0 0 0 0 0 0 0 0 0 0 0 0 0 0 0 0 0 0 0 0 0 0 0 0 0 0 0 0 0 0 0 0 0 0 0 0 0 0 0 0 0 0 0 0 0 0 0 0 0 0 0 0 0 0 0 0 0 0 0 0 0 0 0 0 0 0 0 0 0 0 0 0 0 0 0 0 0 0 0 0 0 0 0 0 0 0 0 0 0 0 0 0 0 0 0 0 0 0 0 0 0 0 0 0 0 0 0 0 0 0 0 0 0 0 0 0 0 0 0 0 0 0 0 0 0 0 0 0 0 0 0 0 0 0 0 0 0 0 0 0 0 0 0 0 0 0 0 0 0 0 0 0 0 0 0 0 0 0 0 0 0 0 0 0 0 0 0 0 0 0 0 0 0 0 0 0 0 0 0 0 0 0 0 0 0 0 0 0 0 0 0 0 0 0 0 0 0 0 0 0 0 0 0 0 0 0 0 0 0 0 0 0 0 0 0 0 0 0 0 0 0 0 0 0 0 0 0 0 0 0 0 0 0 0 0 0 0 0 0 0 0 0 0 0 0 0 0 0 0 0 0 0 0 0 0 0 0 0 0 0 0 0 0 0 0 0 0 0 0 0 0 0 0 0 0 0 0 0 0 0 0 0 0 0 0 0 0 0 0 0 0 0 0 0 0 0 0 0 0 0 0 0 0 0 0 0 0 0 0 0 0 0 0 0 0 0 0 0 0 0 0 0 0 0 0 0 0 0 0 0 0 0 0 0 0 0 0 0 0 0 0 0 0 0 0 0 0 0 0 0 0 0 0 0 0 0 0 0 0 0 0 0 0 0 0 0 0 0 0 0 0 0 0 0 0 0 0 0 0 0 0 0 0 0 0 0 0 0 0 0 0 0 0 0 0 0 0 0 0 0 0 0 0 0 0 0 0 0 0 0 0 0 0 0 0 0 0 0 0 0 0 0 0 0 0 0 0 0 0 0 0 0 0 0 0 0 0 0 0 0 0 0 0 0 0 0 0 0 0 0 0 0 0 0 0 0 0 0 0 0 0 0 0 0 0 0 0 0 0 0 0 0 0 0 0 0 0 0 0 0 0 0 0 0 0 0 0 0 0 0 0 0 0 0 0 0 0 0 0 0 0 0 0 0 0 0 0 0 0 0 0 0 0 0 0 0 0 0 0 0 0 0 0 0 0 0 0 0 0 0 0 0 0 0 0 0 0 0 0 0 0 0 0 0 0 0 0 0 0 0 0 0 0 0 0 0 0 0 0 0 0 0 0 0 0 0 0 0 0 0 0 0 0 0 0 0 0 0 0 0 0 0 0 0 0 0 0 0 0 0 0 0 0 0 0 0 0 0 0 0 0 0 0 0 0 0 0 0 0 0 0 0 0 0 0 0 0 0 0 0 0 0 0 0 0 0 0 0 0 0 0 0 0 0 0 0 0 0 0 0 0 0 0 0 0 0 0 0 0 0 0 0 0 0 0 0 0 0 0 0 0 0 0 0 0 0 0 0 0 0 0 0 0 0 0 0 0 0 0 0 0 0 0 0 0 0 0 0 0 0 0 0 0 0 0 0 0 0 0 0 0 0 0 0 0 0 0 0 0 0 0 0 0 0 0 0 0 0 0 0 0 0 0 0 0 0 0 0 0 0 0 0 0 0 0 0 0 0 0 0 0 0 0 0 0 0 0 0 0 0 0 0 0 0 0 0 0 0 0 0 0 0 0 0 0 0 0 0 0 0 0 0 0 0 0 0 0 0 0 0 0 0 0 0 0 0 0 0 0 0 0 0 0 0 0 0 0 0 0 0 0 0 0 0 0 0
ctxt 4340697047
btime 1790630938
processes 285027
procs_running 3
procs_blocked 0
softirq 4106142831 73526 8750510 2752389 4010139559 306787 0 13557772 41001354 410 29560524
