## wrk 1 (127.0.0.1)
Running 10s test @ http://127.0.0.1:18500/wait
  16 threads and 1000 connections
  Thread Stats   Avg      Stdev     Max   +/- Stdev
    Latency    11.31ms  735.71us  15.07ms   65.92%
    Req/Sec     5.51k   143.33     6.10k    69.31%
  Latency Distribution
     50%   11.25ms
     75%   11.82ms
     90%   12.30ms
     99%   13.04ms
  878669 requests in 10.10s, 109.77MB read
Requests/sec:  86997.82
Transfer/sec:     10.87MB
## server-stat
cpu  2750961 1105 1416635 30237491 48702 0 701141 0 0 0
cpu0 97415 19 38554 955657 1097 0 20855 0 0 0
cpu1 103643 24 40326 951674 899 0 21482 0 0 0
cpu2 105893 22 40704 949518 616 0 21837 0 0 0
cpu3 141553 22 55530 884273 1338 0 34993 0 0 0
cpu4 149194 24 55618 877906 796 0 35332 0 0 0
cpu5 110659 24 42003 943001 603 0 22492 0 0 0
cpu6 113232 22 42938 938933 494 0 23685 0 0 0
cpu7 118424 20 45860 928550 370 0 26075 0 0 0
cpu8 39010 36 38607 990628 1504 0 12241 0 0 0
cpu9 44727 43 41669 970604 3545 0 13190 0 0 0
cpu10 42935 40 40484 976981 1711 0 13081 0 0 0
cpu11 39641 36 37486 992338 1138 0 11898 0 0 0
cpu12 68284 114 44225 943061 4275 0 14184 0 0 0
cpu13 66053 45 44897 943097 4110 0 14489 0 0 0
cpu14 39263 34 36929 995157 1245 0 11676 0 0 0
cpu15 36778 39 34105 1006510 1069 0 10633 0 0 0
cpu16 134831 18 49892 904423 650 0 29630 0 0 0
cpu17 125359 17 47928 916290 1466 0 28073 0 0 0
cpu18 120405 18 46820 924394 361 0 27329 0 0 0
cpu19 175938 18 65850 831562 863 0 44365 0 0 0
cpu20 164293 17 63121 848136 907 0 42542 0 0 0
cpu21 117579 19 46034 927599 885 0 26838 0 0 0
cpu22 109567 23 43964 938960 527 0 24922 0 0 0
cpu23 96943 23 39350 961412 633 0 20922 0 0 0
cpu24 42446 41 38239 991592 1453 0 12547 0 0 0
cpu25 47134 45 42328 971836 2662 0 14610 0 0 0
cpu26 45266 40 41391 977154 2041 0 14230 0 0 0
cpu27 38343 29 36930 983975 1515 0 20357 0 0 0
cpu28 67220 64 48162 925271 3527 0 26664 0 0 0
cpu29 70079 101 49670 916825 3826 0 27123 0 0 0
cpu30 37804 27 38320 978020 1490 0 20313 0 0 0
cpu31 41038 28 38687 992137 1069 0 12521 0 0 0
intr 2787321460 126 0 0 0 0 0 0 0 0 1 0 0 0 0 0 0 0 0 0 0 0 0 0 0 0 0 0 1 1 1 0 0 0 0 1 0 1 0 0 75045 0 0 0 0 0 0 0 0 411 0 0 0 0 0 0 0 0 87 0 0 0 0 0 0 0 0 0 0 0 0 0 0 0 292192 2 35021705 34963173 34888140 35024038 0 9330 2856 3320 2030 3461 2940 2611 2782 1855 12005 20634 12000 9365 15723 16959 12123 8222 3153 2072 1683 3189 2672 2268 1797 1842 10098 9183 6969 6990 8810 8052 7152 8765 0 0 0 0 616765 3875 1036 0 264 0 0 0 0 0 0 0 0 0 0 0 0 0 0 0 0 0 0 0 0 0 0 0 0 0 0 0 0 0 0 0 0 0 0 0 0 0 0 0 0 0 0 0 0 0 0 0 0 0 0 0 0 0 0 0 0 0 0 0 0 0 0 0 0 0 0 0 0 0 0 0 0 0 0 0 0 0 0 0 0 0 0 0 0 0 0 0 0 0 0 0 0 0 0 0 0 0 0 0 0 0 0 0 0 0 0 0 0 0 0 0 0 0 0 0 0 0 0 0 0 0 0 0 0 0 0 0 0 0 0 0 0 0 0 0 0 0 0 0 0 0 0 0 0 0 0 0 0 0 0 0 0 0 0 0 0 0 0 0 0 0 0 0 0 0 0 0 0 0 0 0 0 0 0 0 0 0 0 0 0 0 0 0 0 0 0 0 0 0 0 0 0 0 0 0 0 0 0 0 0 0 0 0 0 0 0 0 0 0 0 0 0 0 0 0 0 0 0 0 0 0 0 0 0 0 0 0 0 0 0 0 0 0 0 0 0 0 0 0 0 0 0 0 0 0 0 0 0 0 0 0 0 0 0 0 0 0 0 0 0 0 0 0 0 0 0 0 0 0 0 0 0 0 0 0 0 0 0 0 0 0 0 0 0 0 0 0 0 0 0 0 0 0 0 0 0 0 0 0 0 0 0 0 0 0 0 0 0 0 0 0 0 0 0 0 0 0 0 0 0 0 0 0 0 0 0 0 0 0 0 0 0 0 0 0 0 0 0 0 0 0 0 0 0 0 0 0 0 0 0 0 0 0 0 0 0 0 0 0 0 0 0 0 0 0 0 0 0 0 0 0 0 0 0 0 0 0 0 0 0 0 0 0 0 0 0 0 0 0 0 0 0 0 0 0 0 0 0 0 0 0 0 0 0 0 0 0 0 0 0 0 0 0 0 0 0 0 0 0 0 0 0 0 0 0 0 0 0 0 0 0 0 0 0 0 0 0 0 0 0 0 0 0 0 0 0 0 0 0 0 0 0 0 0 0 0 0 0 0 0 0 0 0 0 0 0 0 0 0 0 0 0 0 0 0 0 0 0 0 0 0 0 0 0 0 0 0 0 0 0 0 0 0 0 0 0 0 0 0 0 0 0 0 0 0 0 0 0 0 0 0 0 0 0 0 0 0 0 0 0 0 0 0 0 0 0 0 0 0 0 0 0 0 0 0 0 0 0 0 0 0 0 0 0 0 0 0 0 0 0 0 0 0 0 0 0 0 0 0 0 0 0 0 0 0 0 0 0 0 0 0 0 0 0 0 0 0 0 0 0 0 0 0 0 0 0 0 0 0 0 0 0 0 0 0 0 0 0 0 0 0 0 0 0 0 0 0 0 0 0 0 0 0 0 0 0 0 0 0 0 0 0 0 0 0 0 0 0 0 0 0 0 0 0 0 0 0 0 0 0 0 0 0 0 0 0 0 0 0 0 0 0 0 0 0 0 0 0 0 0 0 0 0 0 0 0 0 0 0 0 0 0 0 0 0 0 0 0 0 0 0 0 0 0 0 0 0 0 0 0 0 0 0 0 0 0 0 0 0 0 0 0 0 0 0 0 0 0 0 0 0 0 0 0 0 0 0 0 0 0 0 0 0 0 0 0 0 0 0 0 0 0 0 0 0 0 0 0 0 0 0 0 0 0 0 0 0 0 0 0 0 0 0 0 0 0 0 0 0 0 0 0 0 0 0 0 0 0 0 0 0 0 0 0 0 0 0 0 0 0 0 0 0 0 0 0 0 0 0 0 0 0 0 0 0 0 0 0 0 0 0 0 0 0 0 0 0 0 0 0 0 0 0 0 0 0 0 0 0 0 0 0 0 0 0 0 0 0 0 0 0 0 0 0 0 0 0 0 0 0 0 0 0 0 0 0 0 0 0 0 0 0 0 0 0 0 0 0 0 0 0 0 0 0 0 0 0 0 0 0 0 0 0 0 0 0 0 0 0 0 0 0 0 0 0 0 0 0 0 0 0 0 0 0 0 0 0 0 0 0 0 0 0 0 0 0 0 0 0 0 0 0 0 0 0 0 0 0 0 0 0 0 0 0 0 0 0 0 0 0 0 0 0 0 0 0 0 0 0 0 0 0 0 0 0 0 0 0 0 0 0 0 0 0 0 0 0 0 0 0 0 0 0 0 0 0 0 0 0 0 0 0 0 0 0 0 0 0 0 0 0 0 0 0 0 0 0 0 0 0 0 0 0 0 0 0 0 0 0 0 0 0 0 0 0 0 0 0 0 0 0 0 0 0 0 0 0 0 0 0 0 0 0 0 0 0 0 0 0 0 0 0 0 0 0 0 0 0 0 0 0 0 0 0 0 0 0 0 0 0 0 0 0 0 0 0 0 0 0 0 0 0 0 0 0 0 0 0 0 0 0 0 0 0 0 0 0 0 0 0 0 0 0 0 0 0 0 0 0 0 0 0 0 0 0 0 0 0 0 0 0 0
ctxt 4333923574
btime 1790630938
processes 284518
procs_running 4
procs_blocked 0
softirq 4097324162 73526 8641728 2752385 4001582803 306102 0 13557735 40925569 410 29483904
--
cpu  2751363 1105 1416854 30261776 48717 0 701343 0 0 0
cpu0 97420 19 38558 956437 1097 0 20859 0 0 0
cpu1 103645 24 40327 952470 899 0 21482 0 0 0
cpu2 105896 22 40706 950311 616 0 21838 0 0 0
cpu3 141666 22 55581 884850 1338 0 35043 0 0 0
cpu4 149327 24 55694 878433 796 0 35400 0 0 0
cpu5 110660 24 42004 943799 603 0 22492 0 0 0
cpu6 113233 22 42938 939731 494 0 23686 0 0 0
cpu7 118424 20 45860 929349 370 0 26075 0 0 0
cpu8 39011 36 38608 991400 1504 0 12242 0 0 0
cpu9 44731 43 41672 971365 3545 0 13192 0 0 0
cpu10 42939 40 40488 977742 1711 0 13083 0 0 0
cpu11 39641 36 37488 993106 1138 0 11899 0 0 0
cpu12 68287 114 44228 943813 4275 0 14186 0 0 0
cpu13 66063 45 44903 943844 4110 0 14492 0 0 0
cpu14 39265 34 36931 995922 1245 0 11678 0 0 0
cpu15 36779 39 34106 1007277 1070 0 10635 0 0 0
cpu16 134832 18 49892 905221 650 0 29630 0 0 0
cpu17 125360 17 47928 917088 1466 0 28073 0 0 0
cpu18 120405 18 46820 925193 361 0 27329 0 0 0
cpu19 176023 18 65893 832189 863 0 44409 0 0 0
cpu20 164296 17 63122 848930 907 0 42543 0 0 0
cpu21 117579 19 46035 928396 885 0 26838 0 0 0
cpu22 109568 23 43965 939757 527 0 24922 0 0 0
cpu23 96944 23 39351 962211 633 0 20922 0 0 0
cpu24 42447 41 38241 992357 1453 0 12550 0 0 0
cpu25 47135 45 42330 972596 2662 0 14612 0 0 0
cpu26 45267 40 41393 977916 2041 0 14232 0 0 0
cpu27 38343 29 36932 984743 1515 0 20358 0 0 0
cpu28 67232 64 48167 926011 3540 0 26668 0 0 0
cpu29 70091 101 49674 917580 3826 0 27125 0 0 0
cpu30 37804 27 38321 978796 1490 0 20315 0 0 0
cpu31 41038 28 38687 992925 1069 0 12522 0 0 0
intr 2788073025 126 0 0 0 0 0 0 0 0 1 0 0 0 0 0 0 0 0 0 0 0 0 0 0 0 0 0 1 1 1 0 0 0 0 1 0 1 0 0 75045 0 0 0 0 0 0 0 0 411 0 0 0 0 0 0 0 0 87 0 0 0 0 0 0 0 0 0 0 0 0 0 0 0 292322 2 35021744 34963213 34888146 35024096 0 9334 2856 3323 2030 3461 2941 2611 2782 1855 12005 20634 12002 9365 15724 16959 12123 8222 3153 2072 1683 3189 2672 2268 1797 1842 10098 9183 6969 6990 8810 8052 7152 8765 0 0 0 0 616765 3875 1036 0 264 0 0 0 0 0 0 0 0 0 0 0 0 0 0 0 0 0 0 0 0 0 0 0 0 0 0 0 0 0 0 0 0 0 0 0 0 0 0 0 0 0 0 0 0 0 0 0 0 0 0 0 0 0 0 0 0 0 0 0 0 0 0 0 0 0 0 0 0 0 0 0 0 0 0 0 0 0 0 0 0 0 0 0 0 0 0 0 0 0 0 0 0 0 0 0 0 0 0 0 0 0 0 0 0 0 0 0 0 0 0 0 0 0 0 0 0 0 0 0 0 0 0 0 0 0 0 0 0 0 0 0 0 0 0 0 0 0 0 0 0 0 0 0 0 0 0 0 0 0 0 0 0 0 0 0 0 0 0 0 0 0 0 0 0 0 0 0 0 0 0 0 0 0 0 0 0 0 0 0 0 0 0 0 0 0 0 0 0 0 0 0 0 0 0 0 0 0 0 0 0 0 0 0 0 0 0 0 0 0 0 0 0 0 0 0 0 0 0 0 0 0 0 0 0 0 0 0 0 0 0 0 0 0 0 0 0 0 0 0 0 0 0 0 0 0 0 0 0 0 0 0 0 0 0 0 0 0 0 0 0 0 0 0 0 0 0 0 0 0 0 0 0 0 0 0 0 0 0 0 0 0 0 0 0 0 0 0 0 0 0 0 0 0 0 0 0 0 0 0 0 0 0 0 0 0 0 0 0 0 0 0 0 0 0 0 0 0 0 0 0 0 0 0 0 0 0 0 0 0 0 0 0 0 0 0 0 0 0 0 0 0 0 0 0 0 0 0 0 0 0 0 0 0 0 0 0 0 0 0 0 0 0 0 0 0 0 0 0 0 0 0 0 0 0 0 0 0 0 0 0 0 0 0 0 0 0 0 0 0 0 0 0 0 0 0 0 0 0 0 0 0 0 0 0 0 0 0 0 0 0 0 0 0 0 0 0 0 0 0 0 0 0 0 0 0 0 0 0 0 0 0 0 0 0 0 0 0 0 0 0 0 0 0 0 0 0 0 0 0 0 0 0 0 0 0 0 0 0 0 0 0 0 0 0 0 0 0 0 0 0 0 0 0 0 0 0 0 0 0 0 0 0 0 0 0 0 0 0 0 0 0 0 0 0 0 0 0 0 0 0 0 0 0 0 0 0 0 0 0 0 0 0 0 0 0 0 0 0 0 0 0 0 0 0 0 0 0 0 0 0 0 0 0 0 0 0 0 0 0 0 0 0 0 0 0 0 0 0 0 0 0 0 0 0 0 0 0 0 0 0 0 0 0 0 0 0 0 0 0 0 0 0 0 0 0 0 0 0 0 0 0 0 0 0 0 0 0 0 0 0 0 0 0 0 0 0 0 0 0 0 0 0 0 0 0 0 0 0 0 0 0 0 0 0 0 0 0 0 0 0 0 0 0 0 0 0 0 0 0 0 0 0 0 0 0 0 0 0 0 0 0 0 0 0 0 0 0 0 0 0 0 0 0 0 0 0 0 0 0 0 0 0 0 0 0 0 0 0 0 0 0 0 0 0 0 0 0 0 0 0 0 0 0 0 0 0 0 0 0 0 0 0 0 0 0 0 0 0 0 0 0 0 0 0 0 0 0 0 0 0 0 0 0 0 0 0 0 0 0 0 0 0 0 0 0 0 0 0 0 0 0 0 0 0 0 0 0 0 0 0 0 0 0 0 0 0 0 0 0 0 0 0 0 0 0 0 0 0 0 0 0 0 0 0 0 0 0 0 0 0 0 0 0 0 0 0 0 0 0 0 0 0 0 0 0 0 0 0 0 0 0 0 0 0 0 0 0 0 0 0 0 0 0 0 0 0 0 0 0 0 0 0 0 0 0 0 0 0 0 0 0 0 0 0 0 0 0 0 0 0 0 0 0 0 0 0 0 0 0 0 0 0 0 0 0 0 0 0 0 0 0 0 0 0 0 0 0 0 0 0 0 0 0 0 0 0 0 0 0 0 0 0 0 0 0 0 0 0 0 0 0 0 0 0 0 0 0 0 0 0 0 0 0 0 0 0 0 0 0 0 0 0 0 0 0 0 0 0 0 0 0 0 0 0 0 0 0 0 0 0 0 0 0 0 0 0 0 0 0 0 0 0 0 0 0 0 0 0 0 0 0 0 0 0 0 0 0 0 0 0 0 0 0 0 0 0 0 0 0 0 0 0 0 0 0 0 0 0 0 0 0 0 0 0 0 0 0 0 0 0 0 0 0 0 0 0 0 0 0 0 0 0 0 0 0 0 0 0 0 0 0 0 0 0 0 0 0 0 0 0 0 0 0 0 0 0 0 0 0 0 0 0 0 0 0 0 0 0 0 0 0 0 0 0 0 0 0 0 0 0 0 0 0 0 0 0 0 0 0 0 0 0 0 0 0 0 0 0 0 0 0 0 0 0 0 0 0 0 0 0 0 0 0 0 0 0 0 0 0 0 0 0 0 0 0 0 0 0 0 0 0 0 0 0 0 0 0 0 0 0 0 0
ctxt 4335338026
btime 1790630938
processes 284563
procs_running 2
procs_blocked 0
softirq 4098753547 73526 8645208 2752385 4002987888 306243 0 13557735 40937476 410 29492676
