## wrk 1 (127.0.0.1)
Running 10s test @ http://127.0.0.1:18500/wait
  16 threads and 25000 connections
  Thread Stats   Avg      Stdev     Max   +/- Stdev
    Latency    50.70ms   27.96ms 146.53ms   79.77%
    Req/Sec    31.27k     2.52k   71.29k    95.55%
  Latency Distribution
     50%   35.66ms
     75%   58.09ms
     90%  102.66ms
     99%  111.77ms
  4822393 requests in 10.10s, 731.24MB read
Requests/sec: 477490.37
Transfer/sec:     72.40MB
## server-stat
cpu  2798916 1121 1446054 30719292 49087 0 716945 0 0 0
cpu0 99356 19 39227 970949 1098 0 21392 0 0 0
cpu1 105468 24 40931 967351 903 0 21953 0 0 0
cpu2 107361 22 41232 965701 616 0 22263 0 0 0
cpu3 145762 22 56819 896320 1339 0 36021 0 0 0
cpu4 152095 24 56583 891899 813 0 36069 0 0 0
cpu5 112725 25 42755 958232 603 0 23071 0 0 0
cpu6 114909 22 43474 954912 495 0 24125 0 0 0
cpu7 121736 20 46887 941991 371 0 26938 0 0 0
cpu8 39162 38 39518 1006636 1544 0 12504 0 0 0
cpu9 44942 44 42631 986406 3549 0 13491 0 0 0
cpu10 43127 40 41427 992817 1720 0 13398 0 0 0
cpu11 39794 36 38343 1008446 1143 0 12157 0 0 0
cpu12 68587 114 45215 958694 4297 0 14486 0 0 0
cpu13 66371 46 45918 958596 4184 0 14806 0 0 0
cpu14 39403 35 37740 1011432 1272 0 11922 0 0 0
cpu15 36905 40 34871 1022959 1081 0 10857 0 0 0
cpu16 137686 19 50758 918596 675 0 30344 0 0 0
cpu17 128176 17 48834 930469 1467 0 28803 0 0 0
cpu18 123506 18 47779 938215 364 0 28085 0 0 0
cpu19 180582 18 67246 843112 864 0 45396 0 0 0
cpu20 169633 18 64755 858559 908 0 43789 0 0 0
cpu21 120136 20 46841 942265 886 0 27440 0 0 0
cpu22 112378 23 44885 953144 528 0 25640 0 0 0
cpu23 97999 24 39728 978309 644 0 21208 0 0 0
cpu24 42592 42 39106 1007712 1462 0 12797 0 0 0
cpu25 47354 45 43337 987521 2681 0 14925 0 0 0
cpu26 45459 42 42393 992893 2044 0 14544 0 0 0
cpu27 38495 29 37866 999989 1530 0 20628 0 0 0
cpu28 67597 64 49318 940570 3549 0 27034 0 0 0
cpu29 70469 103 50830 932084 3856 0 27485 0 0 0
cpu30 37960 27 39233 994118 1517 0 20587 0 0 0
cpu31 41179 28 39561 1008383 1070 0 12776 0 0 0
intr 2823626163 126 0 0 0 0 0 0 0 0 1 0 0 0 0 0 0 0 0 0 0 0 0 0 0 0 0 0 1 1 1 0 0 0 0 1 0 1 0 0 75045 0 0 0 0 0 0 0 0 411 0 0 0 0 0 0 0 0 87 0 0 0 0 0 0 0 0 0 0 0 0 0 0 0 295683 2 35022998 34964641 34888854 35025474 0 9485 2862 3400 2049 3464 2958 2634 2811 1858 12056 20640 12016 9473 15758 17148 12262 8247 3166 2076 1684 3190 2672 2270 1816 1844 10173 9188 6992 6996 8893 8076 7166 8770 0 0 0 0 616777 3905 1036 0 264 0 0 0 0 0 0 0 0 0 0 0 0 0 0 0 0 0 0 0 0 0 0 0 0 0 0 0 0 0 0 0 0 0 0 0 0 0 0 0 0 0 0 0 0 0 0 0 0 0 0 0 0 0 0 0 0 0 0 0 0 0 0 0 0 0 0 0 0 0 0 0 0 0 0 0 0 0 0 0 0 0 0 0 0 0 0 0 0 0 0 0 0 0 0 0 0 0 0 0 0 0 0 0 0 0 0 0 0 0 0 0 0 0 0 0 0 0 0 0 0 0 0 0 0 0 0 0 0 0 0 0 0 0 0 0 0 0 0 0 0 0 0 0 0 0 0 0 0 0 0 0 0 0 0 0 0 0 0 0 0 0 0 0 0 0 0 0 0 0 0 0 0 0 0 0 0 0 0 0 0 0 0 0 0 0 0 0 0 0 0 0 0 0 0 0 0 0 0 0 0 0 0 0 0 0 0 0 0 0 0 0 0 0 0 0 0 0 0 0 0 0 0 0 0 0 0 0 0 0 0 0 0 0 0 0 0 0 0 0 0 0 0 0 0 0 0 0 0 0 0 0 0 0 0 0 0 0 0 0 0 0 0 0 0 0 0 0 0 0 0 0 0 0 0 0 0 0 0 0 0 0 0 0 0 0 0 0 0 0 0 0 0 0 0 0 0 0 0 0 0 0 0 0 0 0 0 0 0 0 0 0 0 0 0 0 0 0 0 0 0 0 0 0 0 0 0 0 0 0 0 0 0 0 0 0 0 0 0 0 0 0 0 0 0 0 0 0 0 0 0 0 0 0 0 0 0 0 0 0 0 0 0 0 0 0 0 0 0 0 0 0 0 0 0 0 0 0 0 0 0 0 0 0 0 0 0 0 0 0 0 0 0 0 0 0 0 0 0 0 0 0 0 0 0 0 0 0 0 0 0 0 0 0 0 0 0 0 0 0 0 0 0 0 0 0 0 0 0 0 0 0 0 0 0 0 0 0 0 0 0 0 0 0 0 0 0 0 0 0 0 0 0 0 0 0 0 0 0 0 0 0 0 0 0 0 0 0 0 0 0 0 0 0 0 0 0 0 0 0 0 0 0 0 0 0 0 0 0 0 0 0 0 0 0 0 0 0 0 0 0 0 0 0 0 0 0 0 0 0 0 0 0 0 0 0 0 0 0 0 0 0 0 0 0 0 0 0 0 0 0 0 0 0 0 0 0 0 0 0 0 0 0 0 0 0 0 0 0 0 0 0 0 0 0 0 0 0 0 0 0 0 0 0 0 0 0 0 0 0 0 0 0 0 0 0 0 0 0 0 0 0 0 0 0 0 0 0 0 0 0 0 0 0 0 0 0 0 0 0 0 0 0 0 0 0 0 0 0 0 0 0 0 0 0 0 0 0 0 0 0 0 0 0 0 0 0 0 0 0 0 0 0 0 0 0 0 0 0 0 0 0 0 0 0 0 0 0 0 0 0 0 0 0 0 0 0 0 0 0 0 0 0 0 0 0 0 0 0 0 0 0 0 0 0 0 0 0 0 0 0 0 0 0 0 0 0 0 0 0 0 0 0 0 0 0 0 0 0 0 0 0 0 0 0 0 0 0 0 0 0 0 0 0 0 0 0 0 0 0 0 0 0 0 0 0 0 0 0 0 0 0 0 0 0 0 0 0 0 0 0 0 0 0 0 0 0 0 0 0 0 0 0 0 0 0 0 0 0 0 0 0 0 0 0 0 0 0 0 0 0 0 0 0 0 0 0 0 0 0 0 0 0 0 0 0 0 0 0 0 0 0 0 0 0 0 0 0 0 0 0 0 0 0 0 0 0 0 0 0 0 0 0 0 0 0 0 0 0 0 0 0 0 0 0 0 0 0 0 0 0 0 0 0 0 0 0 0 0 0 0 0 0 0 0 0 0 0 0 0 0 0 0 0 0 0 0 0 0 0 0 0 0 0 0 0 0 0 0 0 0 0 0 0 0 0 0 0 0 0 0 0 0 0 0 0 0 0 0 0 0 0 0 0 0 0 0 0 0 0 0 0 0 0 0 0 0 0 0 0 0 0 0 0 0 0 0 0 0 0 0 0 0 0 0 0 0 0 0 0 0 0 0 0 0 0 0 0 0 0 0 0 0 0 0 0 0 0 0 0 0 0 0 0 0 0 0 0 0 0 0 0 0 0 0 0 0 0 0 0 0 0 0 0 0 0 0 0 0 0 0 0 0 0 0 0 0 0 0 0 0 0 0 0 0 0 0 0 0 0 0 0 0 0 0 0 0 0 0 0 0 0 0 0 0 0 0 0 0 0 0 0 0 0 0 0 0 0 0 0 0 0 0 0 0 0 0 0 0 0 0 0 0 0 0 0 0 0 0 0 0 0 0 0 0 0 0 0 0 0 0 0 0 0 0 0 0 0 0 0 0 0 0 0 0 0 0 0 0 0 0 0 0 0 0 0 0 0 0 0 0 0 0 0 0 0 0 0 0 0 0 0 0
ctxt 4401332049
btime 1790630938
processes 288609
procs_running 14
procs_blocked 0
softirq 4193798941 73526 9035054 2752411 4096537558 309808 0 13557851 41428153 410 30104170
--
cpu  2803088 1122 1448774 30734912 49088 0 718653 0 0 0
cpu0 99358 19 39228 971731 1098 0 21392 0 0 0
cpu1 105590 24 40982 967939 903 0 21990 0 0 0
cpu2 107493 22 41281 966282 616 0 22298 0 0 0
cpu3 145763 22 56820 897115 1339 0 36021 0 0 0
cpu4 152568 24 56771 891899 813 0 36208 0 0 0
cpu5 112961 25 42847 958637 603 0 23137 0 0 0
cpu6 114912 22 43475 955704 495 0 24125 0 0 0
cpu7 122222 20 47067 941991 371 0 27073 0 0 0
cpu8 39180 38 39595 1007221 1544 0 12537 0 0 0
cpu9 44960 44 42712 986988 3549 0 13527 0 0 0
cpu10 43147 40 41506 993394 1720 0 13437 0 0 0
cpu11 39813 36 38419 1009034 1143 0 12188 0 0 0
cpu12 68605 114 45296 959275 4297 0 14525 0 0 0
cpu13 66391 46 46001 959167 4184 0 14843 0 0 0
cpu14 39417 35 37807 1012040 1272 0 11956 0 0 0
cpu15 36922 40 34934 1023575 1081 0 10886 0 0 0
cpu16 138172 19 50924 918596 675 0 30491 0 0 0
cpu17 128532 17 48969 930677 1467 0 28903 0 0 0
cpu18 123860 18 47913 938429 364 0 28182 0 0 0
cpu19 181043 18 67441 843112 864 0 45540 0 0 0
cpu20 169641 18 64755 859345 908 0 43789 0 0 0
cpu21 120385 20 46934 942655 886 0 27506 0 0 0
cpu22 112825 23 45082 953144 528 0 25795 0 0 0
cpu23 98035 24 39730 979067 644 0 21208 0 0 0
cpu24 42609 42 39185 1008300 1462 0 12831 0 0 0
cpu25 47377 45 43417 988087 2681 0 14969 0 0 0
cpu26 45480 42 42472 993463 2044 0 14584 0 0 0
cpu27 38515 29 37941 1000569 1531 0 20662 0 0 0
cpu28 67621 65 49404 941131 3549 0 27071 0 0 0
cpu29 70493 103 50910 932642 3856 0 27528 0 0 0
cpu30 37981 27 39310 994710 1517 0 20622 0 0 0
cpu31 41198 28 39636 1008977 1070 0 12813 0 0 0
intr 2826825751 126 0 0 0 0 0 0 0 0 1 0 0 0 0 0 0 0 0 0 0 0 0 0 0 0 0 0 1 1 1 0 0 0 0 1 0 1 0 0 75045 0 0 0 0 0 0 0 0 411 0 0 0 0 0 0 0 0 87 0 0 0 0 0 0 0 0 0 0 0 0 0 0 0 295683 2 35023070 34964688 34888869 35025528 0 9489 2865 3400 2049 3464 2958 2634 2811 1858 12056 20640 12016 9473 15758 17148 12263 8247 3166 2076 1684 3190 2672 2270 1816 1844 10173 9188 6992 6996 8893 8076 7167 8770 0 0 0 0 616777 3905 1036 0 264 0 0 0 0 0 0 0 0 0 0 0 0 0 0 0 0 0 0 0 0 0 0 0 0 0 0 0 0 0 0 0 0 0 0 0 0 0 0 0 0 0 0 0 0 0 0 0 0 0 0 0 0 0 0 0 0 0 0 0 0 0 0 0 0 0 0 0 0 0 0 0 0 0 0 0 0 0 0 0 0 0 0 0 0 0 0 0 0 0 0 0 0 0 0 0 0 0 0 0 0 0 0 0 0 0 0 0 0 0 0 0 0 0 0 0 0 0 0 0 0 0 0 0 0 0 0 0 0 0 0 0 0 0 0 0 0 0 0 0 0 0 0 0 0 0 0 0 0 0 0 0 0 0 0 0 0 0 0 0 0 0 0 0 0 0 0 0 0 0 0 0 0 0 0 0 0 0 0 0 0 0 0 0 0 0 0 0 0 0 0 0 0 0 0 0 0 0 0 0 0 0 0 0 0 0 0 0 0 0 0 0 0 0 0 0 0 0 0 0 0 0 0 0 0 0 0 0 0 0 0 0 0 0 0 0 0 0 0 0 0 0 0 0 0 0 0 0 0 0 0 0 0 0 0 0 0 0 0 0 0 0 0 0 0 0 0 0 0 0 0 0 0 0 0 0 0 0 0 0 0 0 0 0 0 0 0 0 0 0 0 0 0 0 0 0 0 0 0 0 0 0 0 0 0 0 0 0 0 0 0 0 0 0 0 0 0 0 0 0 0 0 0 0 0 0 0 0 0 0 0 0 0 0 0 0 0 0 0 0 0 0 0 0 0 0 0 0 0 0 0 0 0 0 0 0 0 0 0 0 0 0 0 0 0 0 0 0 0 0 0 0 0 0 0 0 0 0 0 0 0 0 0 0 0 0 0 0 0 0 0 0 0 0 0 0 0 0 0 0 0 0 0 0 0 0 0 0 0 0 0 0 0 0 0 0 0 0 0 0 0 0 0 0 0 0 0 0 0 0 0 0 0 0 0 0 0 0 0 0 0 0 0 0 0 0 0 0 0 0 0 0 0 0 0 0 0 0 0 0 0 0 0 0 0 0 0 0 0 0 0 0 0 0 0 0 0 0 0 0 0 0 0 0 0 0 0 0 0 0 0 0 0 0 0 0 0 0 0 0 0 0 0 0 0 0 0 0 0 0 0 0 0 0 0 0 0 0 0 0 0 0 0 0 0 0 0 0 0 0 0 0 0 0 0 0 0 0 0 0 0 0 0 0 0 0 0 0 0 0 0 0 0 0 0 0 0 0 0 0 0 0 0 0 0 0 0 0 0 0 0 0 0 0 0 0 0 0 0 0 0 0 0 0 0 0 0 0 0 0 0 0 0 0 0 0 0 0 0 0 0 0 0 0 0 0 0 0 0 0 0 0 0 0 0 0 0 0 0 0 0 0 0 0 0 0 0 0 0 0 0 0 0 0 0 0 0 0 0 0 0 0 0 0 0 0 0 0 0 0 0 0 0 0 0 0 0 0 0 0 0 0 0 0 0 0 0 0 0 0 0 0 0 0 0 0 0 0 0 0 0 0 0 0 0 0 0 0 0 0 0 0 0 0 0 0 0 0 0 0 0 0 0 0 0 0 0 0 0 0 0 0 0 0 0 0 0 0 0 0 0 0 0 0 0 0 0 0 0 0 0 0 0 0 0 0 0 0 0 0 0 0 0 0 0 0 0 0 0 0 0 0 0 0 0 0 0 0 0 0 0 0 0 0 0 0 0 0 0 0 0 0 0 0 0 0 0 0 0 0 0 0 0 0 0 0 0 0 0 0 0 0 0 0 0 0 0 0 0 0 0 0 0 0 0 0 0 0 0 0 0 0 0 0 0 0 0 0 0 0 0 0 0 0 0 0 0 0 0 0 0 0 0 0 0 0 0 0 0 0 0 0 0 0 0 0 0 0 0 0 0 0 0 0 0 0 0 0 0 0 0 0 0 0 0 0 0 0 0 0 0 0 0 0 0 0 0 0 0 0 0 0 0 0 0 0 0 0 0 0 0 0 0 0 0 0 0 0 0 0 0 0 0 0 0 0 0 0 0 0 0 0 0 0 0 0 0 0 0 0 0 0 0 0 0 0 0 0 0 0 0 0 0 0 0 0 0 0 0 0 0 0 0 0 0 0 0 0 0 0 0 0 0 0 0 0 0 0 0 0 0 0 0 0 0 0 0 0 0 0 0 0 0 0 0 0 0 0 0 0 0 0 0 0 0 0 0 0 0 0 0 0 0 0 0 0 0 0 0 0 0 0 0 0 0 0 0 0 0 0 0 0 0 0 0 0 0 0 0 0 0 0 0 0 0 0 0 0 0 0 0 0 0 0 0 0 0 0 0 0 0 0 0 0 0 0 0 0 0 0 0 0 0 0 0 0 0 0 0 0 0 0 0 0 0 0 0 0 0 0 0 0 0 0 0 0 0 0 0 0 0 0 0 0 0 0 0 0 0 0 0 0 0 0 0 0 0 0 0 0 0 0 0
ctxt 4407204807
btime 1790630938
processes 288654
procs_running 14
procs_blocked 0
softirq 4203074845 73526 9115659 2752411 4105634223 309812 0 13557851 41473987 410 30156966
