## wrk 1 (127.0.0.1)
Running 10s test @ http://127.0.0.1:18500/wait
  16 threads and 1000 connections
  Thread Stats   Avg      Stdev     Max   +/- Stdev
    Latency    11.78ms  435.99us  13.62ms   65.66%
    Req/Sec     5.29k   101.82     5.82k    70.24%
  Latency Distribution
     50%   11.65ms
     75%   12.15ms
     90%   12.40ms
     99%   12.66ms
  843353 requests in 10.09s, 102.14MB read
Requests/sec:  83585.60
Transfer/sec:     10.12MB
## server-stat
cpu  2818533 1126 1458909 30861233 49218 0 724377 0 0 0
cpu0 100005 19 39480 975726 1098 0 21583 0 0 0
cpu1 106005 24 41135 972293 962 0 22115 0 0 0
cpu2 107938 22 41432 970710 616 0 22391 0 0 0
cpu3 146760 22 57195 900556 1339 0 36316 0 0 0
cpu4 153422 24 57109 895537 823 0 36479 0 0 0
cpu5 113779 25 43170 962397 603 0 23371 0 0 0
cpu6 115248 22 43599 960276 496 0 24217 0 0 0
cpu7 122557 20 47184 946573 375 0 27161 0 0 0
cpu8 39242 38 39880 1011513 1544 0 12638 0 0 0
cpu9 45036 44 43019 991236 3549 0 13630 0 0 0
cpu10 43210 41 41804 997653 1721 0 13541 0 0 0
cpu11 39867 36 38708 1013336 1143 0 12286 0 0 0
cpu12 68705 114 45618 963457 4298 0 14649 0 0 0
cpu13 66478 46 46327 963370 4185 0 14954 0 0 0
cpu14 39465 35 38070 1016401 1272 0 12047 0 0 0
cpu15 36969 40 35188 1027967 1081 0 10975 0 0 0
cpu16 139316 19 51321 921853 676 0 30821 0 0 0
cpu17 129893 17 49463 933563 1467 0 29292 0 0 0
cpu18 125171 18 48417 941383 364 0 28545 0 0 0
cpu19 182047 18 67815 846594 864 0 45801 0 0 0
cpu20 170714 18 65165 862680 931 0 44075 0 0 0
cpu21 121312 20 47278 946254 886 0 27765 0 0 0
cpu22 114156 24 45577 956066 541 0 26165 0 0 0
cpu23 99329 24 40225 982021 645 0 21595 0 0 0
cpu24 42670 43 39475 1012586 1470 0 12937 0 0 0
cpu25 47450 45 43732 992309 2685 0 15083 0 0 0
cpu26 45553 42 42783 997680 2044 0 14697 0 0 0
cpu27 38575 30 38230 1004842 1531 0 20767 0 0 0
cpu28 67752 65 49733 945268 3551 0 27190 0 0 0
cpu29 70605 103 51240 936795 3856 0 27645 0 0 0
cpu30 38038 27 39599 999020 1517 0 20724 0 0 0
cpu31 41252 28 39921 1013301 1071 0 12909 0 0 0
intr 2839334423 126 0 0 0 0 0 0 0 0 1 0 0 0 0 0 0 0 0 0 0 0 0 0 0 0 0 0 1 1 1 0 0 0 0 1 0 1 0 0 75045 0 0 0 0 0 0 0 0 411 0 0 0 0 0 0 0 0 87 0 0 0 0 0 0 0 0 0 0 0 0 0 0 0 296841 2 35023594 34965130 34889120 35025917 0 9530 2866 3405 2050 3465 2959 2634 2816 1875 12056 20640 12016 9473 15760 17149 12264 8247 3179 2078 1684 3190 2672 2270 1827 1844 10174 9191 7020 6998 8913 8145 7169 8785 0 0 0 0 616781 3908 1036 0 264 0 0 0 0 0 0 0 0 0 0 0 0 0 0 0 0 0 0 0 0 0 0 0 0 0 0 0 0 0 0 0 0 0 0 0 0 0 0 0 0 0 0 0 0 0 0 0 0 0 0 0 0 0 0 0 0 0 0 0 0 0 0 0 0 0 0 0 0 0 0 0 0 0 0 0 0 0 0 0 0 0 0 0 0 0 0 0 0 0 0 0 0 0 0 0 0 0 0 0 0 0 0 0 0 0 0 0 0 0 0 0 0 0 0 0 0 0 0 0 0 0 0 0 0 0 0 0 0 0 0 0 0 0 0 0 0 0 0 0 0 0 0 0 0 0 0 0 0 0 0 0 0 0 0 0 0 0 0 0 0 0 0 0 0 0 0 0 0 0 0 0 0 0 0 0 0 0 0 0 0 0 0 0 0 0 0 0 0 0 0 0 0 0 0 0 0 0 0 0 0 0 0 0 0 0 0 0 0 0 0 0 0 0 0 0 0 0 0 0 0 0 0 0 0 0 0 0 0 0 0 0 0 0 0 0 0 0 0 0 0 0 0 0 0 0 0 0 0 0 0 0 0 0 0 0 0 0 0 0 0 0 0 0 0 0 0 0 0 0 0 0 0 0 0 0 0 0 0 0 0 0 0 0 0 0 0 0 0 0 0 0 0 0 0 0 0 0 0 0 0 0 0 0 0 0 0 0 0 0 0 0 0 0 0 0 0 0 0 0 0 0 0 0 0 0 0 0 0 0 0 0 0 0 0 0 0 0 0 0 0 0 0 0 0 0 0 0 0 0 0 0 0 0 0 0 0 0 0 0 0 0 0 0 0 0 0 0 0 0 0 0 0 0 0 0 0 0 0 0 0 0 0 0 0 0 0 0 0 0 0 0 0 0 0 0 0 0 0 0 0 0 0 0 0 0 0 0 0 0 0 0 0 0 0 0 0 0 0 0 0 0 0 0 0 0 0 0 0 0 0 0 0 0 0 0 0 0 0 0 0 0 0 0 0 0 0 0 0 0 0 0 0 0 0 0 0 0 0 0 0 0 0 0 0 0 0 0 0 0 0 0 0 0 0 0 0 0 0 0 0 0 0 0 0 0 0 0 0 0 0 0 0 0 0 0 0 0 0 0 0 0 0 0 0 0 0 0 0 0 0 0 0 0 0 0 0 0 0 0 0 0 0 0 0 0 0 0 0 0 0 0 0 0 0 0 0 0 0 0 0 0 0 0 0 0 0 0 0 0 0 0 0 0 0 0 0 0 0 0 0 0 0 0 0 0 0 0 0 0 0 0 0 0 0 0 0 0 0 0 0 0 0 0 0 0 0 0 0 0 0 0 0 0 0 0 0 0 0 0 0 0 0 0 0 0 0 0 0 0 0 0 0 0 0 0 0 0 0 0 0 0 0 0 0 0 0 0 0 0 0 0 0 0 0 0 0 0 0 0 0 0 0 0 0 0 0 0 0 0 0 0 0 0 0 0 0 0 0 0 0 0 0 0 0 0 0 0 0 0 0 0 0 0 0 0 0 0 0 0 0 0 0 0 0 0 0 0 0 0 0 0 0 0 0 0 0 0 0 0 0 0 0 0 0 0 0 0 0 0 0 0 0 0 0 0 0 0 0 0 0 0 0 0 0 0 0 0 0 0 0 0 0 0 0 0 0 0 0 0 0 0 0 0 0 0 0 0 0 0 0 0 0 0 0 0 0 0 0 0 0 0 0 0 0 0 0 0 0 0 0 0 0 0 0 0 0 0 0 0 0 0 0 0 0 0 0 0 0 0 0 0 0 0 0 0 0 0 0 0 0 0 0 0 0 0 0 0 0 0 0 0 0 0 0 0 0 0 0 0 0 0 0 0 0 0 0 0 0 0 0 0 0 0 0 0 0 0 0 0 0 0 0 0 0 0 0 0 0 0 0 0 0 0 0 0 0 0 0 0 0 0 0 0 0 0 0 0 0 0 0 0 0 0 0 0 0 0 0 0 0 0 0 0 0 0 0 0 0 0 0 0 0 0 0 0 0 0 0 0 0 0 0 0 0 0 0 0 0 0 0 0 0 0 0 0 0 0 0 0 0 0 0 0 0 0 0 0 0 0 0 0 0 0 0 0 0 0 0 0 0 0 0 0 0 0 0 0 0 0 0 0 0 0 0 0 0 0 0 0 0 0 0 0 0 0 0 0 0 0 0 0 0 0 0 0 0 0 0 0 0 0 0 0 0 0 0 0 0 0 0 0 0 0 0 0 0 0 0 0 0 0 0 0 0 0 0 0 0 0 0 0 0 0 0 0 0 0 0 0 0 0 0 0 0 0 0 0 0 0 0 0 0 0 0 0 0 0 0 0 0 0 0 0 0 0 0 0 0 0 0 0 0 0 0 0 0 0 0 0 0 0 0 0 0 0 0 0 0 0 0 0 0 0 0 0 0 0 0 0 0 0 0 0 0 0 0 0 0 0 0 0 0 0 0 0 0 0 0 0 0 0 0
ctxt 4430277550
btime 1790630938
processes 290059
procs_running 6
procs_blocked 0
softirq 4236862048 73526 9306399 2752417 4138811614 311031 0 13557876 41656759 410 30392016
--
cpu  2819540 1128 1459189 30884912 49232 0 724585 0 0 0
cpu0 100114 19 39509 976354 1098 0 21604 0 0 0
cpu1 106099 24 41155 972960 962 0 22131 0 0 0
cpu2 107981 22 41443 971449 616 0 22397 0 0 0
cpu3 146972 22 57240 901052 1339 0 36350 0 0 0
cpu4 153632 24 57158 896037 823 0 36513 0 0 0
cpu5 113875 25 43192 963070 603 0 23386 0 0 0
cpu6 115276 22 43605 961040 496 0 24221 0 0 0
cpu7 122561 20 47185 947366 376 0 27162 0 0 0
cpu8 39245 38 39883 1012283 1544 0 12640 0 0 0
cpu9 45042 44 43023 991998 3550 0 13634 0 0 0
cpu10 43211 41 41808 998419 1721 0 13545 0 0 0
cpu11 39868 37 38712 1014107 1143 0 12289 0 0 0
cpu12 68723 115 45625 964207 4298 0 14653 0 0 0
cpu13 66481 46 46333 964130 4185 0 14958 0 0 0
cpu14 39467 35 38073 1017169 1272 0 12051 0 0 0
cpu15 36969 40 35192 1028737 1081 0 10977 0 0 0
cpu16 139332 19 51324 922629 676 0 30825 0 0 0
cpu17 129895 17 49464 934359 1467 0 29293 0 0 0
cpu18 125173 18 48418 942178 364 0 28546 0 0 0
cpu19 182127 18 67832 847283 864 0 45814 0 0 0
cpu20 170743 18 65169 863440 931 0 44080 0 0 0
cpu21 121316 20 47279 947047 886 0 27766 0 0 0
cpu22 114158 24 45578 956862 541 0 26166 0 0 0
cpu23 99329 24 40225 982819 645 0 21595 0 0 0
cpu24 42671 43 39479 1013347 1477 0 12940 0 0 0
cpu25 47455 45 43736 993067 2690 0 15085 0 0 0
cpu26 45555 42 42787 998443 2045 0 14702 0 0 0
cpu27 38577 30 38234 1005609 1531 0 20769 0 0 0
cpu28 67761 65 49739 946025 3551 0 27194 0 0 0
cpu29 70619 103 51248 937548 3856 0 27649 0 0 0
cpu30 38040 27 39603 999793 1517 0 20728 0 0 0
cpu31 41256 28 39925 1014070 1071 0 12910 0 0 0
intr 2839985287 126 0 0 0 0 0 0 0 0 1 0 0 0 0 0 0 0 0 0 0 0 0 0 0 0 0 0 1 1 1 0 0 0 0 1 0 1 0 0 75045 0 0 0 0 0 0 0 0 411 0 0 0 0 0 0 0 0 87 0 0 0 0 0 0 0 0 0 0 0 0 0 0 0 296962 2 35023642 34965191 34889141 35025968 0 9538 2866 3405 2050 3465 2959 2634 2816 1881 12056 20641 12021 9544 15760 17149 12264 8247 3183 2078 1684 3190 2672 2270 1827 1844 10174 9191 7030 6999 8916 8145 7169 8785 0 0 0 0 616781 3908 1036 0 264 0 0 0 0 0 0 0 0 0 0 0 0 0 0 0 0 0 0 0 0 0 0 0 0 0 0 0 0 0 0 0 0 0 0 0 0 0 0 0 0 0 0 0 0 0 0 0 0 0 0 0 0 0 0 0 0 0 0 0 0 0 0 0 0 0 0 0 0 0 0 0 0 0 0 0 0 0 0 0 0 0 0 0 0 0 0 0 0 0 0 0 0 0 0 0 0 0 0 0 0 0 0 0 0 0 0 0 0 0 0 0 0 0 0 0 0 0 0 0 0 0 0 0 0 0 0 0 0 0 0 0 0 0 0 0 0 0 0 0 0 0 0 0 0 0 0 0 0 0 0 0 0 0 0 0 0 0 0 0 0 0 0 0 0 0 0 0 0 0 0 0 0 0 0 0 0 0 0 0 0 0 0 0 0 0 0 0 0 0 0 0 0 0 0 0 0 0 0 0 0 0 0 0 0 0 0 0 0 0 0 0 0 0 0 0 0 0 0 0 0 0 0 0 0 0 0 0 0 0 0 0 0 0 0 0 0 0 0 0 0 0 0 0 0 0 0 0 0 0 0 0 0 0 0 0 0 0 0 0 0 0 0 0 0 0 0 0 0 0 0 0 0 0 0 0 0 0 0 0 0 0 0 0 0 0 0 0 0 0 0 0 0 0 0 0 0 0 0 0 0 0 0 0 0 0 0 0 0 0 0 0 0 0 0 0 0 0 0 0 0 0 0 0 0 0 0 0 0 0 0 0 0 0 0 0 0 0 0 0 0 0 0 0 0 0 0 0 0 0 0 0 0 0 0 0 0 0 0 0 0 0 0 0 0 0 0 0 0 0 0 0 0 0 0 0 0 0 0 0 0 0 0 0 0 0 0 0 0 0 0 0 0 0 0 0 0 0 0 0 0 0 0 0 0 0 0 0 0 0 0 0 0 0 0 0 0 0 0 0 0 0 0 0 0 0 0 0 0 0 0 0 0 0 0 0 0 0 0 0 0 0 0 0 0 0 0 0 0 0 0 0 0 0 0 0 0 0 0 0 0 0 0 0 0 0 0 0 0 0 0 0 0 0 0 0 0 0 0 0 0 0 0 0 0 0 0 0 0 0 0 0 0 0 0 0 0 0 0 0 0 0 0 0 0 0 0 0 0 0 0 0 0 0 0 0 0 0 0 0 0 0 0 0 0 0 0 0 0 0 0 0 0 0 0 0 0 0 0 0 0 0 0 0 0 0 0 0 0 0 0 0 0 0 0 0 0 0 0 0 0 0 0 0 0 0 0 0 0 0 0 0 0 0 0 0 0 0 0 0 0 0 0 0 0 0 0 0 0 0 0 0 0 0 0 0 0 0 0 0 0 0 0 0 0 0 0 0 0 0 0 0 0 0 0 0 0 0 0 0 0 0 0 0 0 0 0 0 0 0 0 0 0 0 0 0 0 0 0 0 0 0 0 0 0 0 0 0 0 0 0 0 0 0 0 0 0 0 0 0 0 0 0 0 0 0 0 0 0 0 0 0 0 0 0 0 0 0 0 0 0 0 0 0 0 0 0 0 0 0 0 0 0 0 0 0 0 0 0 0 0 0 0 0 0 0 0 0 0 0 0 0 0 0 0 0 0 0 0 0 0 0 0 0 0 0 0 0 0 0 0 0 0 0 0 0 0 0 0 0 0 0 0 0 0 0 0 0 0 0 0 0 0 0 0 0 0 0 0 0 0 0 0 0 0 0 0 0 0 0 0 0 0 0 0 0 0 0 0 0 0 0 0 0 0 0 0 0 0 0 0 0 0 0 0 0 0 0 0 0 0 0 0 0 0 0 0 0 0 0 0 0 0 0 0 0 0 0 0 0 0 0 0 0 0 0 0 0 0 0 0 0 0 0 0 0 0 0 0 0 0 0 0 0 0 0 0 0 0 0 0 0 0 0 0 0 0 0 0 0 0 0 0 0 0 0 0 0 0 0 0 0 0 0 0 0 0 0 0 0 0 0 0 0 0 0 0 0 0 0 0 0 0 0 0 0 0 0 0 0 0 0 0 0 0 0 0 0 0 0 0 0 0 0 0 0 0 0 0 0 0 0 0 0 0 0 0 0 0 0 0 0 0 0 0 0 0 0 0 0 0 0 0 0 0 0 0 0 0 0 0 0 0 0 0 0 0 0 0 0 0 0 0 0 0 0 0 0 0 0 0 0 0 0 0 0 0 0 0 0 0 0 0 0 0 0 0 0 0 0 0 0 0 0 0 0 0 0 0 0 0 0 0 0 0 0 0 0 0 0 0 0 0 0 0 0 0 0 0 0 0 0 0 0 0 0 0 0 0 0 0 0 0 0 0 0 0 0 0 0 0 0 0 0 0 0 0 0 0 0 0 0 0 0 0 0 0 0 0 0 0 0 0 0 0 0 0 0 0 0 0 0 0 0 0 0 0 0 0 0 0 0 0 0 0 0 0 0 0 0 0 0 0 0 0 0 0 0 0 0 0 0 0
ctxt 4431496289
btime 1790630938
processes 290137
procs_running 3
procs_blocked 0
softirq 4238238739 73526 9309144 2752420 4140158926 311163 0 13557876 41671536 410 30403738
