## wrk 1 (127.0.0.1)
Running 10s test @ http://127.0.0.1:18500/wait
  16 threads and 25000 connections
  Thread Stats   Avg      Stdev     Max   +/- Stdev
    Latency   188.90ms   18.30ms 372.72ms   96.91%
    Req/Sec     8.27k     4.25k   30.51k    65.42%
  Latency Distribution
     50%  190.42ms
     75%  197.34ms
     90%  199.23ms
     99%  202.85ms
  1276284 requests in 10.10s, 130.24MB read
Requests/sec: 126392.83
Transfer/sec:     12.90MB
## server-stat
cpu  2745297 1100 1412106 30064497 48573 0 698863 0 0 0
cpu0 97371 19 38530 949883 1097 0 20831 0 0 0
cpu1 103628 24 40317 945801 896 0 21474 0 0 0
cpu2 105880 22 40696 943636 616 0 21832 0 0 0
cpu3 140730 21 55173 879851 1338 0 34701 0 0 0
cpu4 148312 23 55244 873562 795 0 35026 0 0 0
cpu5 110653 24 41999 937106 603 0 22490 0 0 0
cpu6 113227 22 42935 933039 488 0 23685 0 0 0
cpu7 118420 19 45856 922650 370 0 26074 0 0 0
cpu8 38980 36 38475 985055 1504 0 12216 0 0 0
cpu9 44675 43 41497 965232 3544 0 13148 0 0 0
cpu10 42897 39 40324 971561 1711 0 13043 0 0 0
cpu11 39619 36 37353 986821 1132 0 11867 0 0 0
cpu12 68193 114 43982 937884 4274 0 14107 0 0 0
cpu13 65977 45 44691 937875 4110 0 14424 0 0 0
cpu14 39238 34 36789 989679 1245 0 11640 0 0 0
cpu15 36757 39 33962 1000976 1069 0 10604 0 0 0
cpu16 134813 18 49887 898541 650 0 29628 0 0 0
cpu17 125351 17 47926 910392 1466 0 28073 0 0 0
cpu18 120400 18 46818 918494 361 0 27329 0 0 0
cpu19 174291 18 65189 828504 863 0 43823 0 0 0
cpu20 162819 17 62553 844751 907 0 42060 0 0 0
cpu21 117573 19 46030 921703 885 0 26837 0 0 0
cpu22 109562 23 43962 933063 526 0 24921 0 0 0
cpu23 96939 23 39349 955510 633 0 20922 0 0 0
cpu24 42424 41 38123 986006 1453 0 12521 0 0 0
cpu25 47101 45 42181 966344 2661 0 14580 0 0 0
cpu26 45241 40 41260 971610 2029 0 14200 0 0 0
cpu27 38329 28 36829 978318 1515 0 20340 0 0 0
cpu28 67111 64 47973 920057 3435 0 26614 0 0 0
cpu29 69972 101 49431 911633 3825 0 27051 0 0 0
cpu30 37778 27 38175 972470 1489 0 20285 0 0 0
cpu31 41023 27 38582 986474 1067 0 12503 0 0 0
intr 2780774284 126 0 0 0 0 0 0 0 0 1 0 0 0 0 0 0 0 0 0 0 0 0 0 0 0 0 0 1 1 1 0 0 0 0 1 0 1 0 0 75045 0 0 0 0 0 0 0 0 411 0 0 0 0 0 0 0 0 87 0 0 0 0 0 0 0 0 0 0 0 0 0 0 0 291065 2 35021430 34962726 34887946 35023663 0 9282 2855 3283 2029 3461 2934 2610 2780 1855 12004 20625 11999 9362 15723 16959 12123 8221 3153 2072 1683 3189 2671 2268 1795 1842 10096 9183 6969 6990 8767 7991 7132 8764 0 0 0 0 616761 3875 1036 0 264 0 0 0 0 0 0 0 0 0 0 0 0 0 0 0 0 0 0 0 0 0 0 0 0 0 0 0 0 0 0 0 0 0 0 0 0 0 0 0 0 0 0 0 0 0 0 0 0 0 0 0 0 0 0 0 0 0 0 0 0 0 0 0 0 0 0 0 0 0 0 0 0 0 0 0 0 0 0 0 0 0 0 0 0 0 0 0 0 0 0 0 0 0 0 0 0 0 0 0 0 0 0 0 0 0 0 0 0 0 0 0 0 0 0 0 0 0 0 0 0 0 0 0 0 0 0 0 0 0 0 0 0 0 0 0 0 0 0 0 0 0 0 0 0 0 0 0 0 0 0 0 0 0 0 0 0 0 0 0 0 0 0 0 0 0 0 0 0 0 0 0 0 0 0 0 0 0 0 0 0 0 0 0 0 0 0 0 0 0 0 0 0 0 0 0 0 0 0 0 0 0 0 0 0 0 0 0 0 0 0 0 0 0 0 0 0 0 0 0 0 0 0 0 0 0 0 0 0 0 0 0 0 0 0 0 0 0 0 0 0 0 0 0 0 0 0 0 0 0 0 0 0 0 0 0 0 0 0 0 0 0 0 0 0 0 0 0 0 0 0 0 0 0 0 0 0 0 0 0 0 0 0 0 0 0 0 0 0 0 0 0 0 0 0 0 0 0 0 0 0 0 0 0 0 0 0 0 0 0 0 0 0 0 0 0 0 0 0 0 0 0 0 0 0 0 0 0 0 0 0 0 0 0 0 0 0 0 0 0 0 0 0 0 0 0 0 0 0 0 0 0 0 0 0 0 0 0 0 0 0 0 0 0 0 0 0 0 0 0 0 0 0 0 0 0 0 0 0 0 0 0 0 0 0 0 0 0 0 0 0 0 0 0 0 0 0 0 0 0 0 0 0 0 0 0 0 0 0 0 0 0 0 0 0 0 0 0 0 0 0 0 0 0 0 0 0 0 0 0 0 0 0 0 0 0 0 0 0 0 0 0 0 0 0 0 0 0 0 0 0 0 0 0 0 0 0 0 0 0 0 0 0 0 0 0 0 0 0 0 0 0 0 0 0 0 0 0 0 0 0 0 0 0 0 0 0 0 0 0 0 0 0 0 0 0 0 0 0 0 0 0 0 0 0 0 0 0 0 0 0 0 0 0 0 0 0 0 0 0 0 0 0 0 0 0 0 0 0 0 0 0 0 0 0 0 0 0 0 0 0 0 0 0 0 0 0 0 0 0 0 0 0 0 0 0 0 0 0 0 0 0 0 0 0 0 0 0 0 0 0 0 0 0 0 0 0 0 0 0 0 0 0 0 0 0 0 0 0 0 0 0 0 0 0 0 0 0 0 0 0 0 0 0 0 0 0 0 0 0 0 0 0 0 0 0 0 0 0 0 0 0 0 0 0 0 0 0 0 0 0 0 0 0 0 0 0 0 0 0 0 0 0 0 0 0 0 0 0 0 0 0 0 0 0 0 0 0 0 0 0 0 0 0 0 0 0 0 0 0 0 0 0 0 0 0 0 0 0 0 0 0 0 0 0 0 0 0 0 0 0 0 0 0 0 0 0 0 0 0 0 0 0 0 0 0 0 0 0 0 0 0 0 0 0 0 0 0 0 0 0 0 0 0 0 0 0 0 0 0 0 0 0 0 0 0 0 0 0 0 0 0 0 0 0 0 0 0 0 0 0 0 0 0 0 0 0 0 0 0 0 0 0 0 0 0 0 0 0 0 0 0 0 0 0 0 0 0 0 0 0 0 0 0 0 0 0 0 0 0 0 0 0 0 0 0 0 0 0 0 0 0 0 0 0 0 0 0 0 0 0 0 0 0 0 0 0 0 0 0 0 0 0 0 0 0 0 0 0 0 0 0 0 0 0 0 0 0 0 0 0 0 0 0 0 0 0 0 0 0 0 0 0 0 0 0 0 0 0 0 0 0 0 0 0 0 0 0 0 0 0 0 0 0 0 0 0 0 0 0 0 0 0 0 0 0 0 0 0 0 0 0 0 0 0 0 0 0 0 0 0 0 0 0 0 0 0 0 0 0 0 0 0 0 0 0 0 0 0 0 0 0 0 0 0 0 0 0 0 0 0 0 0 0 0 0 0 0 0 0 0 0 0 0 0 0 0 0 0 0 0 0 0 0 0 0 0 0 0 0 0 0 0 0 0 0 0 0 0 0 0 0 0 0 0 0 0 0 0 0 0 0 0 0 0 0 0 0 0 0 0 0 0 0 0 0 0 0 0 0 0 0 0 0 0 0 0 0 0 0 0 0 0 0 0 0 0 0 0 0 0 0 0 0 0 0 0 0 0 0 0 0 0 0 0 0 0 0 0 0 0 0 0 0 0 0 0 0 0 0 0 0 0 0 0 0 0 0 0 0 0 0 0 0 0 0 0 0 0 0 0 0 0 0 0 0 0 0 0 0 0 0 0 0 0 0 0 0 0 0 0 0 0 0 0 0 0 0 0 0 0 0 0
ctxt 4322182861
btime 1790630938
processes 283168
procs_running 4
procs_blocked 0
softirq 4081688829 73526 8451908 2752378 3986403744 304916 0 13557718 40793525 410 29350704
--
cpu  2746530 1100 1412640 30087404 48598 0 699185 0 0 0
cpu0 97373 19 38531 950671 1097 0 20833 0 0 0
cpu1 103629 24 40317 946598 896 0 21475 0 0 0
cpu2 105881 22 40697 944433 616 0 21833 0 0 0
cpu3 140855 21 55203 880474 1338 0 34724 0 0 0
cpu4 148479 23 55293 874109 795 0 35062 0 0 0
cpu5 110653 24 41999 937904 603 0 22490 0 0 0
cpu6 113227 22 42936 933836 488 0 23685 0 0 0
cpu7 118421 19 45856 923449 370 0 26074 0 0 0
cpu8 38985 36 38485 985816 1504 0 12220 0 0 0
cpu9 44684 43 41517 965947 3544 0 13155 0 0 0
cpu10 42904 39 40341 972288 1711 0 13049 0 0 0
cpu11 39624 36 37362 987580 1132 0 11870 0 0 0
cpu12 68206 114 44017 938546 4274 0 14124 0 0 0
cpu13 65988 45 44726 938542 4110 0 14440 0 0 0
cpu14 39243 34 36804 990417 1245 0 11644 0 0 0
cpu15 36759 39 33968 1001740 1069 0 10609 0 0 0
cpu16 134816 18 49887 899336 650 0 29628 0 0 0
cpu17 125354 17 47927 911187 1466 0 28073 0 0 0
cpu18 120400 18 46818 919293 361 0 27329 0 0 0
cpu19 174729 18 65290 828681 863 0 43907 0 0 0
cpu20 163190 17 62651 845004 907 0 42136 0 0 0
cpu21 117574 19 46030 922501 885 0 26837 0 0 0
cpu22 109562 23 43962 933860 527 0 24921 0 0 0
cpu23 96939 23 39349 956308 633 0 20922 0 0 0
cpu24 42428 41 38128 986781 1453 0 12523 0 0 0
cpu25 47109 45 42195 967086 2661 0 14584 0 0 0
cpu26 45246 40 41265 972382 2029 0 14202 0 0 0
cpu27 38332 28 36830 979107 1515 0 20341 0 0 0
cpu28 67124 64 48006 920728 3459 0 26625 0 0 0
cpu29 69995 101 49463 912301 3825 0 27068 0 0 0
cpu30 37782 27 38185 973233 1489 0 20287 0 0 0
cpu31 41025 27 38587 987252 1068 0 12504 0 0 0
intr 2781637285 126 0 0 0 0 0 0 0 0 1 0 0 0 0 0 0 0 0 0 0 0 0 0 0 0 0 0 1 1 1 0 0 0 0 1 0 1 0 0 75045 0 0 0 0 0 0 0 0 411 0 0 0 0 0 0 0 0 87 0 0 0 0 0 0 0 0 0 0 0 0 0 0 0 291367 2 35021449 34962776 34887958 35023694 0 9286 2855 3286 2029 3461 2934 2610 2780 1855 12004 20626 11999 9362 15723 16959 12123 8221 3153 2072 1683 3189 2671 2268 1795 1842 10097 9183 6969 6990 8767 7992 7132 8764 0 0 0 0 616761 3875 1036 0 264 0 0 0 0 0 0 0 0 0 0 0 0 0 0 0 0 0 0 0 0 0 0 0 0 0 0 0 0 0 0 0 0 0 0 0 0 0 0 0 0 0 0 0 0 0 0 0 0 0 0 0 0 0 0 0 0 0 0 0 0 0 0 0 0 0 0 0 0 0 0 0 0 0 0 0 0 0 0 0 0 0 0 0 0 0 0 0 0 0 0 0 0 0 0 0 0 0 0 0 0 0 0 0 0 0 0 0 0 0 0 0 0 0 0 0 0 0 0 0 0 0 0 0 0 0 0 0 0 0 0 0 0 0 0 0 0 0 0 0 0 0 0 0 0 0 0 0 0 0 0 0 0 0 0 0 0 0 0 0 0 0 0 0 0 0 0 0 0 0 0 0 0 0 0 0 0 0 0 0 0 0 0 0 0 0 0 0 0 0 0 0 0 0 0 0 0 0 0 0 0 0 0 0 0 0 0 0 0 0 0 0 0 0 0 0 0 0 0 0 0 0 0 0 0 0 0 0 0 0 0 0 0 0 0 0 0 0 0 0 0 0 0 0 0 0 0 0 0 0 0 0 0 0 0 0 0 0 0 0 0 0 0 0 0 0 0 0 0 0 0 0 0 0 0 0 0 0 0 0 0 0 0 0 0 0 0 0 0 0 0 0 0 0 0 0 0 0 0 0 0 0 0 0 0 0 0 0 0 0 0 0 0 0 0 0 0 0 0 0 0 0 0 0 0 0 0 0 0 0 0 0 0 0 0 0 0 0 0 0 0 0 0 0 0 0 0 0 0 0 0 0 0 0 0 0 0 0 0 0 0 0 0 0 0 0 0 0 0 0 0 0 0 0 0 0 0 0 0 0 0 0 0 0 0 0 0 0 0 0 0 0 0 0 0 0 0 0 0 0 0 0 0 0 0 0 0 0 0 0 0 0 0 0 0 0 0 0 0 0 0 0 0 0 0 0 0 0 0 0 0 0 0 0 0 0 0 0 0 0 0 0 0 0 0 0 0 0 0 0 0 0 0 0 0 0 0 0 0 0 0 0 0 0 0 0 0 0 0 0 0 0 0 0 0 0 0 0 0 0 0 0 0 0 0 0 0 0 0 0 0 0 0 0 0 0 0 0 0 0 0 0 0 0 0 0 0 0 0 0 0 0 0 0 0 0 0 0 0 0 0 0 0 0 0 0 0 0 0 0 0 0 0 0 0 0 0 0 0 0 0 0 0 0 0 0 0 0 0 0 0 0 0 0 0 0 0 0 0 0 0 0 0 0 0 0 0 0 0 0 0 0 0 0 0 0 0 0 0 0 0 0 0 0 0 0 0 0 0 0 0 0 0 0 0 0 0 0 0 0 0 0 0 0 0 0 0 0 0 0 0 0 0 0 0 0 0 0 0 0 0 0 0 0 0 0 0 0 0 0 0 0 0 0 0 0 0 0 0 0 0 0 0 0 0 0 0 0 0 0 0 0 0 0 0 0 0 0 0 0 0 0 0 0 0 0 0 0 0 0 0 0 0 0 0 0 0 0 0 0 0 0 0 0 0 0 0 0 0 0 0 0 0 0 0 0 0 0 0 0 0 0 0 0 0 0 0 0 0 0 0 0 0 0 0 0 0 0 0 0 0 0 0 0 0 0 0 0 0 0 0 0 0 0 0 0 0 0 0 0 0 0 0 0 0 0 0 0 0 0 0 0 0 0 0 0 0 0 0 0 0 0 0 0 0 0 0 0 0 0 0 0 0 0 0 0 0 0 0 0 0 0 0 0 0 0 0 0 0 0 0 0 0 0 0 0 0 0 0 0 0 0 0 0 0 0 0 0 0 0 0 0 0 0 0 0 0 0 0 0 0 0 0 0 0 0 0 0 0 0 0 0 0 0 0 0 0 0 0 0 0 0 0 0 0 0 0 0 0 0 0 0 0 0 0 0 0 0 0 0 0 0 0 0 0 0 0 0 0 0 0 0 0 0 0 0 0 0 0 0 0 0 0 0 0 0 0 0 0 0 0 0 0 0 0 0 0 0 0 0 0 0 0 0 0 0 0 0 0 0 0 0 0 0 0 0 0 0 0 0 0 0 0 0 0 0 0 0 0 0 0 0 0 0 0 0 0 0 0 0 0 0 0 0 0 0 0 0 0 0 0 0 0 0 0 0 0 0 0 0 0 0 0 0 0 0 0 0 0 0 0 0 0 0 0 0 0 0 0 0 0 0 0 0 0 0 0 0 0 0 0 0 0 0 0 0 0 0 0 0 0 0 0 0 0 0 0 0 0 0 0 0 0 0 0 0 0 0 0 0 0 0 0 0 0 0 0 0 0 0 0 0 0 0 0 0 0 0 0 0 0 0 0 0 0 0 0 0 0 0 0 0 0 0 0 0 0 0 0 0 0 0 0 0 0 0 0 0 0 0 0 0 0 0 0 0 0 0 0 0 0 0 0 0 0 0 0 0 0 0 0 0 0 0 0 0 0 0 0 0 0 0 0
ctxt 4323800961
btime 1790630938
processes 283224
procs_running 5
procs_blocked 0
softirq 4083879102 73526 8476259 2752378 3988539325 305223 0 13557718 40809117 410 29365146
