## wrk 1 (127.0.0.1)
Running 10s test @ http://127.0.0.1:18500/wait
  16 threads and 10000 connections
  Thread Stats   Avg      Stdev     Max   +/- Stdev
    Latency    82.17ms    6.51ms 275.12ms   87.01%
    Req/Sec     7.62k     0.89k   13.26k    72.12%
  Latency Distribution
     50%   81.31ms
     75%   86.66ms
     90%   87.59ms
     99%   88.93ms
  1212844 requests in 10.05s, 151.52MB read
Requests/sec: 120679.84
Transfer/sec:     15.08MB
## server-stat
cpu  2751955 1105 1417164 30278625 48735 0 701558 0 0 0
cpu0 97424 19 38560 956994 1097 0 20863 0 0 0
cpu1 103646 24 40329 953038 899 0 21483 0 0 0
cpu2 105898 22 40706 950881 616 0 21838 0 0 0
cpu3 141860 22 55649 885101 1339 0 35104 0 0 0
cpu4 149526 24 55776 878660 796 0 35465 0 0 0
cpu5 110664 25 42004 944368 603 0 22492 0 0 0
cpu6 113233 22 42939 940303 494 0 23686 0 0 0
cpu7 118424 20 45860 929922 370 0 26075 0 0 0
cpu8 39012 36 38614 991946 1505 0 12245 0 0 0
cpu9 44733 43 41677 971904 3545 0 13197 0 0 0
cpu10 42941 40 40494 978277 1711 0 13086 0 0 0
cpu11 39643 36 37494 993649 1138 0 11902 0 0 0
cpu12 68295 114 44237 944333 4275 0 14190 0 0 0
cpu13 66069 45 44913 944368 4110 0 14496 0 0 0
cpu14 39267 34 36940 996454 1245 0 11681 0 0 0
cpu15 36781 39 34113 1007815 1070 0 10637 0 0 0
cpu16 134836 18 49892 905791 650 0 29630 0 0 0
cpu17 125361 17 47928 917659 1466 0 28073 0 0 0
cpu18 120406 18 46820 925764 363 0 27329 0 0 0
cpu19 176095 18 65923 832634 863 0 44432 0 0 0
cpu20 164342 17 63137 849430 907 0 42557 0 0 0
cpu21 117580 19 46035 928968 885 0 26838 0 0 0
cpu22 109569 23 43965 940329 527 0 24922 0 0 0
cpu23 96944 23 39351 962784 633 0 20922 0 0 0
cpu24 42449 41 38247 992895 1454 0 12553 0 0 0
cpu25 47137 45 42338 973134 2662 0 14614 0 0 0
cpu26 45269 40 41399 978454 2041 0 14235 0 0 0
cpu27 38344 29 36937 985292 1515 0 20361 0 0 0
cpu28 67250 64 48177 926532 3540 0 26671 0 0 0
cpu29 70100 101 49681 918113 3827 0 27127 0 0 0
cpu30 37804 27 38325 979335 1503 0 20317 0 0 0
cpu31 41040 28 38690 993483 1069 0 12523 0 0 0
intr 2788737113 126 0 0 0 0 0 0 0 0 1 0 0 0 0 0 0 0 0 0 0 0 0 0 0 0 0 0 1 1 1 0 0 0 0 1 0 1 0 0 75045 0 0 0 0 0 0 0 0 411 0 0 0 0 0 0 0 0 87 0 0 0 0 0 0 0 0 0 0 0 0 0 0 0 292454 2 35021789 34963244 34888177 35024172 0 9339 2856 3326 2030 3461 2941 2611 2782 1855 12005 20636 12002 9365 15724 17085 12124 8222 3153 2072 1683 3189 2672 2268 1797 1842 10099 9183 6969 6990 8810 8052 7152 8765 0 0 0 0 616765 3885 1036 0 264 0 0 0 0 0 0 0 0 0 0 0 0 0 0 0 0 0 0 0 0 0 0 0 0 0 0 0 0 0 0 0 0 0 0 0 0 0 0 0 0 0 0 0 0 0 0 0 0 0 0 0 0 0 0 0 0 0 0 0 0 0 0 0 0 0 0 0 0 0 0 0 0 0 0 0 0 0 0 0 0 0 0 0 0 0 0 0 0 0 0 0 0 0 0 0 0 0 0 0 0 0 0 0 0 0 0 0 0 0 0 0 0 0 0 0 0 0 0 0 0 0 0 0 0 0 0 0 0 0 0 0 0 0 0 0 0 0 0 0 0 0 0 0 0 0 0 0 0 0 0 0 0 0 0 0 0 0 0 0 0 0 0 0 0 0 0 0 0 0 0 0 0 0 0 0 0 0 0 0 0 0 0 0 0 0 0 0 0 0 0 0 0 0 0 0 0 0 0 0 0 0 0 0 0 0 0 0 0 0 0 0 0 0 0 0 0 0 0 0 0 0 0 0 0 0 0 0 0 0 0 0 0 0 0 0 0 0 0 0 0 0 0 0 0 0 0 0 0 0 0 0 0 0 0 0 0 0 0 0 0 0 0 0 0 0 0 0 0 0 0 0 0 0 0 0 0 0 0 0 0 0 0 0 0 0 0 0 0 0 0 0 0 0 0 0 0 0 0 0 0 0 0 0 0 0 0 0 0 0 0 0 0 0 0 0 0 0 0 0 0 0 0 0 0 0 0 0 0 0 0 0 0 0 0 0 0 0 0 0 0 0 0 0 0 0 0 0 0 0 0 0 0 0 0 0 0 0 0 0 0 0 0 0 0 0 0 0 0 0 0 0 0 0 0 0 0 0 0 0 0 0 0 0 0 0 0 0 0 0 0 0 0 0 0 0 0 0 0 0 0 0 0 0 0 0 0 0 0 0 0 0 0 0 0 0 0 0 0 0 0 0 0 0 0 0 0 0 0 0 0 0 0 0 0 0 0 0 0 0 0 0 0 0 0 0 0 0 0 0 0 0 0 0 0 0 0 0 0 0 0 0 0 0 0 0 0 0 0 0 0 0 0 0 0 0 0 0 0 0 0 0 0 0 0 0 0 0 0 0 0 0 0 0 0 0 0 0 0 0 0 0 0 0 0 0 0 0 0 0 0 0 0 0 0 0 0 0 0 0 0 0 0 0 0 0 0 0 0 0 0 0 0 0 0 0 0 0 0 0 0 0 0 0 0 0 0 0 0 0 0 0 0 0 0 0 0 0 0 0 0 0 0 0 0 0 0 0 0 0 0 0 0 0 0 0 0 0 0 0 0 0 0 0 0 0 0 0 0 0 0 0 0 0 0 0 0 0 0 0 0 0 0 0 0 0 0 0 0 0 0 0 0 0 0 0 0 0 0 0 0 0 0 0 0 0 0 0 0 0 0 0 0 0 0 0 0 0 0 0 0 0 0 0 0 0 0 0 0 0 0 0 0 0 0 0 0 0 0 0 0 0 0 0 0 0 0 0 0 0 0 0 0 0 0 0 0 0 0 0 0 0 0 0 0 0 0 0 0 0 0 0 0 0 0 0 0 0 0 0 0 0 0 0 0 0 0 0 0 0 0 0 0 0 0 0 0 0 0 0 0 0 0 0 0 0 0 0 0 0 0 0 0 0 0 0 0 0 0 0 0 0 0 0 0 0 0 0 0 0 0 0 0 0 0 0 0 0 0 0 0 0 0 0 0 0 0 0 0 0 0 0 0 0 0 0 0 0 0 0 0 0 0 0 0 0 0 0 0 0 0 0 0 0 0 0 0 0 0 0 0 0 0 0 0 0 0 0 0 0 0 0 0 0 0 0 0 0 0 0 0 0 0 0 0 0 0 0 0 0 0 0 0 0 0 0 0 0 0 0 0 0 0 0 0 0 0 0 0 0 0 0 0 0 0 0 0 0 0 0 0 0 0 0 0 0 0 0 0 0 0 0 0 0 0 0 0 0 0 0 0 0 0 0 0 0 0 0 0 0 0 0 0 0 0 0 0 0 0 0 0 0 0 0 0 0 0 0 0 0 0 0 0 0 0 0 0 0 0 0 0 0 0 0 0 0 0 0 0 0 0 0 0 0 0 0 0 0 0 0 0 0 0 0 0 0 0 0 0 0 0 0 0 0 0 0 0 0 0 0 0 0 0 0 0 0 0 0 0 0 0 0 0 0 0 0 0 0 0 0 0 0 0 0 0 0 0 0 0 0 0 0 0 0 0 0 0 0 0 0 0 0 0 0 0 0 0 0 0 0 0 0 0 0 0 0 0 0 0 0 0 0 0 0 0 0 0 0 0 0 0 0 0 0 0 0 0 0 0 0 0 0 0 0 0 0 0 0 0 0 0 0 0 0 0 0 0 0 0 0 0 0 0 0 0 0 0 0 0 0 0 0 0 0 0 0 0 0 0 0 0 0 0 0 0 0 0 0 0 0 0 0 0 0 0 0 0 0 0 0 0 0 0
ctxt 4336523634
btime 1790630938
processes 284732
procs_running 4
procs_blocked 0
softirq 4100285842 73526 8663840 2752387 4004476776 306382 0 13557762 40950145 410 29504614
--
cpu  2753029 1107 1417684 30301735 48737 0 701976 0 0 0
cpu0 97424 19 38561 957783 1097 0 20865 0 0 0
cpu1 103646 24 40329 953836 899 0 21483 0 0 0
cpu2 105900 22 40707 951676 616 0 21838 0 0 0
cpu3 142027 22 55705 885620 1339 0 35161 0 0 0
cpu4 149586 24 55797 879357 796 0 35487 0 0 0
cpu5 110665 25 42005 945166 603 0 22492 0 0 0
cpu6 113233 22 42939 941101 494 0 23686 0 0 0
cpu7 118424 20 45860 930721 370 0 26075 0 0 0
cpu8 39017 37 38621 992707 1505 0 12248 0 0 0
cpu9 44743 43 41694 972638 3545 0 13203 0 0 0
cpu10 42948 40 40512 979010 1711 0 13094 0 0 0
cpu11 39652 36 37507 994390 1138 0 11908 0 0 0
cpu12 68307 114 44256 945055 4275 0 14198 0 0 0
cpu13 66087 45 44932 945089 4110 0 14503 0 0 0
cpu14 39272 35 36953 997195 1245 0 11688 0 0 0
cpu15 36784 39 34125 1008560 1070 0 10643 0 0 0
cpu16 134836 18 49892 906589 650 0 29630 0 0 0
cpu17 125362 17 47928 918457 1466 0 28073 0 0 0
cpu18 120406 18 46821 926563 363 0 27329 0 0 0
cpu19 176413 18 66023 832919 863 0 44530 0 0 0
cpu20 164744 17 63282 849532 907 0 42707 0 0 0
cpu21 117580 19 46035 929766 885 0 26838 0 0 0
cpu22 109569 23 43965 941128 527 0 24922 0 0 0
cpu23 96944 23 39351 963582 633 0 20922 0 0 0
cpu24 42453 42 38259 993642 1454 0 12559 0 0 0
cpu25 47152 45 42348 973880 2662 0 14619 0 0 0
cpu26 45275 40 41412 979203 2041 0 14241 0 0 0
cpu27 38346 29 36943 986063 1515 0 20363 0 0 0
cpu28 67258 64 48191 927272 3540 0 26678 0 0 0
cpu29 70112 102 49691 918852 3827 0 27134 0 0 0
cpu30 37807 27 38334 980103 1504 0 20320 0 0 0
cpu31 41042 28 38693 994267 1069 0 12525 0 0 0
intr 2789863802 126 0 0 0 0 0 0 0 0 1 0 0 0 0 0 0 0 0 0 0 0 0 0 0 0 0 0 1 1 1 0 0 0 0 1 0 1 0 0 75045 0 0 0 0 0 0 0 0 411 0 0 0 0 0 0 0 0 87 0 0 0 0 0 0 0 0 0 0 0 0 0 0 0 292454 2 35021808 34963305 34888192 35024213 0 9347 2856 3332 2030 3461 2941 2611 2782 1856 12005 20636 12002 9367 15724 17085 12124 8222 3153 2072 1683 3189 2672 2268 1797 1842 10100 9183 6969 6990 8810 8052 7152 8766 0 0 0 0 616765 3889 1036 0 264 0 0 0 0 0 0 0 0 0 0 0 0 0 0 0 0 0 0 0 0 0 0 0 0 0 0 0 0 0 0 0 0 0 0 0 0 0 0 0 0 0 0 0 0 0 0 0 0 0 0 0 0 0 0 0 0 0 0 0 0 0 0 0 0 0 0 0 0 0 0 0 0 0 0 0 0 0 0 0 0 0 0 0 0 0 0 0 0 0 0 0 0 0 0 0 0 0 0 0 0 0 0 0 0 0 0 0 0 0 0 0 0 0 0 0 0 0 0 0 0 0 0 0 0 0 0 0 0 0 0 0 0 0 0 0 0 0 0 0 0 0 0 0 0 0 0 0 0 0 0 0 0 0 0 0 0 0 0 0 0 0 0 0 0 0 0 0 0 0 0 0 0 0 0 0 0 0 0 0 0 0 0 0 0 0 0 0 0 0 0 0 0 0 0 0 0 0 0 0 0 0 0 0 0 0 0 0 0 0 0 0 0 0 0 0 0 0 0 0 0 0 0 0 0 0 0 0 0 0 0 0 0 0 0 0 0 0 0 0 0 0 0 0 0 0 0 0 0 0 0 0 0 0 0 0 0 0 0 0 0 0 0 0 0 0 0 0 0 0 0 0 0 0 0 0 0 0 0 0 0 0 0 0 0 0 0 0 0 0 0 0 0 0 0 0 0 0 0 0 0 0 0 0 0 0 0 0 0 0 0 0 0 0 0 0 0 0 0 0 0 0 0 0 0 0 0 0 0 0 0 0 0 0 0 0 0 0 0 0 0 0 0 0 0 0 0 0 0 0 0 0 0 0 0 0 0 0 0 0 0 0 0 0 0 0 0 0 0 0 0 0 0 0 0 0 0 0 0 0 0 0 0 0 0 0 0 0 0 0 0 0 0 0 0 0 0 0 0 0 0 0 0 0 0 0 0 0 0 0 0 0 0 0 0 0 0 0 0 0 0 0 0 0 0 0 0 0 0 0 0 0 0 0 0 0 0 0 0 0 0 0 0 0 0 0 0 0 0 0 0 0 0 0 0 0 0 0 0 0 0 0 0 0 0 0 0 0 0 0 0 0 0 0 0 0 0 0 0 0 0 0 0 0 0 0 0 0 0 0 0 0 0 0 0 0 0 0 0 0 0 0 0 0 0 0 0 0 0 0 0 0 0 0 0 0 0 0 0 0 0 0 0 0 0 0 0 0 0 0 0 0 0 0 0 0 0 0 0 0 0 0 0 0 0 0 0 0 0 0 0 0 0 0 0 0 0 0 0 0 0 0 0 0 0 0 0 0 0 0 0 0 0 0 0 0 0 0 0 0 0 0 0 0 0 0 0 0 0 0 0 0 0 0 0 0 0 0 0 0 0 0 0 0 0 0 0 0 0 0 0 0 0 0 0 0 0 0 0 0 0 0 0 0 0 0 0 0 0 0 0 0 0 0 0 0 0 0 0 0 0 0 0 0 0 0 0 0 0 0 0 0 0 0 0 0 0 0 0 0 0 0 0 0 0 0 0 0 0 0 0 0 0 0 0 0 0 0 0 0 0 0 0 0 0 0 0 0 0 0 0 0 0 0 0 0 0 0 0 0 0 0 0 0 0 0 0 0 0 0 0 0 0 0 0 0 0 0 0 0 0 0 0 0 0 0 0 0 0 0 0 0 0 0 0 0 0 0 0 0 0 0 0 0 0 0 0 0 0 0 0 0 0 0 0 0 0 0 0 0 0 0 0 0 0 0 0 0 0 0 0 0 0 0 0 0 0 0 0 0 0 0 0 0 0 0 0 0 0 0 0 0 0 0 0 0 0 0 0 0 0 0 0 0 0 0 0 0 0 0 0 0 0 0 0 0 0 0 0 0 0 0 0 0 0 0 0 0 0 0 0 0 0 0 0 0 0 0 0 0 0 0 0 0 0 0 0 0 0 0 0 0 0 0 0 0 0 0 0 0 0 0 0 0 0 0 0 0 0 0 0 0 0 0 0 0 0 0 0 0 0 0 0 0 0 0 0 0 0 0 0 0 0 0 0 0 0 0 0 0 0 0 0 0 0 0 0 0 0 0 0 0 0 0 0 0 0 0 0 0 0 0 0 0 0 0 0 0 0 0 0 0 0 0 0 0 0 0 0 0 0 0 0 0 0 0 0 0 0 0 0 0 0 0 0 0 0 0 0 0 0 0 0 0 0 0 0 0 0 0 0 0 0 0 0 0 0 0 0 0 0 0 0 0 0 0 0 0 0 0 0 0 0 0 0 0 0 0 0 0 0 0 0 0 0 0 0 0 0 0 0 0 0 0 0 0 0 0 0 0 0 0 0 0 0 0 0 0 0 0 0 0 0 0 0 0 0 0 0 0 0 0 0 0 0 0 0 0 0 0 0 0 0 0 0 0 0 0 0 0 0 0 0 0 0 0 0 0 0 0 0 0 0 0 0 0 0 0 0 0 0 0 0 0 0 0 0 0 0 0 0 0 0 0 0 0 0 0 0 0 0 0 0
ctxt 4338460809
btime 1790630938
processes 284793
procs_running 3
procs_blocked 0
softirq 4103263540 73526 8723808 2752387 4007342024 306390 0 13557770 40975377 410 29531848
