## wrk 1 (127.0.0.1)
Running 10s test @ http://127.0.0.1:18500/wait
  16 threads and 25000 connections
  Thread Stats   Avg      Stdev     Max   +/- Stdev
    Latency    18.87ms   89.02ms   3.51s    99.54%
    Req/Sec    34.56k     2.81k   42.49k    92.72%
  Latency Distribution
     50%   13.79ms
     75%   13.98ms
     90%   14.23ms
     99%   17.22ms
  5364386 requests in 10.10s, 547.40MB read
  Socket errors: connect 0, read 11120, write 0, timeout 0
Requests/sec: 531114.02
Transfer/sec:     54.20MB
## server-stat
cpu  2769122 1113 1427775 30515083 48916 0 706486 0 0 0
cpu0 97713 19 38674 965023 1098 0 20952 0 0 0
cpu1 104321 24 40544 960583 902 0 21654 0 0 0
cpu2 106036 22 40780 959238 616 0 21874 0 0 0
cpu3 144133 22 56251 890363 1339 0 35561 0 0 0
cpu4 151286 24 56242 884725 797 0 35792 0 0 0
cpu5 111635 25 42311 951445 603 0 22753 0 0 0
cpu6 114129 22 43221 947513 494 0 23922 0 0 0
cpu7 119287 20 46137 937175 370 0 26301 0 0 0
cpu8 39057 37 38969 999698 1517 0 12319 0 0 0
cpu9 44819 43 42068 979513 3546 0 13294 0 0 0
cpu10 43006 40 40889 985898 1715 0 13188 0 0 0
cpu11 39697 36 37836 1001396 1139 0 11980 0 0 0
cpu12 68441 114 44643 951815 4289 0 14293 0 0 0
cpu13 66221 45 45358 951716 4174 0 14614 0 0 0
cpu14 39322 35 37278 1004194 1271 0 11759 0 0 0
cpu15 36828 39 34425 1015645 1079 0 10709 0 0 0
cpu16 135850 19 50184 912847 650 0 29885 0 0 0
cpu17 125910 17 48113 925404 1466 0 28211 0 0 0
cpu18 121442 18 47144 932762 363 0 27591 0 0 0
cpu19 178392 18 66516 837970 864 0 44823 0 0 0
cpu20 166849 17 63852 854283 907 0 43106 0 0 0
cpu21 117812 20 46145 937185 886 0 26889 0 0 0
cpu22 109814 23 44066 948547 527 0 24970 0 0 0
cpu23 97182 23 39437 971026 633 0 20971 0 0 0
cpu24 42492 42 38583 1000706 1455 0 12627 0 0 0
cpu25 47202 45 42709 980834 2679 0 14695 0 0 0
cpu26 45323 41 41742 986195 2043 0 14321 0 0 0
cpu27 38384 29 37278 993117 1523 0 20433 0 0 0
cpu28 67377 64 48590 934082 3541 0 26779 0 0 0
cpu29 70223 102 50090 925664 3829 0 27228 0 0 0
cpu30 37847 27 38673 987146 1515 0 20386 0 0 0
cpu31 41078 28 39014 1001360 1069 0 12591 0 0 0
intr 2800830003 126 0 0 0 0 0 0 0 0 1 0 0 0 0 0 0 0 0 0 0 0 0 0 0 0 0 0 1 1 1 0 0 0 0 1 0 1 0 0 75045 0 0 0 0 0 0 0 0 411 0 0 0 0 0 0 0 0 87 0 0 0 0 0 0 0 0 0 0 0 0 0 0 0 293959 2 35022231 34963925 34888467 35024748 0 9412 2861 3399 2031 3461 2955 2633 2782 1857 12006 20639 12015 9466 15725 17090 12134 8223 3155 2074 1684 3190 2672 2269 1798 1843 10136 9185 6972 6991 8891 8052 7161 8766 0 0 0 0 616769 3892 1036 0 264 0 0 0 0 0 0 0 0 0 0 0 0 0 0 0 0 0 0 0 0 0 0 0 0 0 0 0 0 0 0 0 0 0 0 0 0 0 0 0 0 0 0 0 0 0 0 0 0 0 0 0 0 0 0 0 0 0 0 0 0 0 0 0 0 0 0 0 0 0 0 0 0 0 0 0 0 0 0 0 0 0 0 0 0 0 0 0 0 0 0 0 0 0 0 0 0 0 0 0 0 0 0 0 0 0 0 0 0 0 0 0 0 0 0 0 0 0 0 0 0 0 0 0 0 0 0 0 0 0 0 0 0 0 0 0 0 0 0 0 0 0 0 0 0 0 0 0 0 0 0 0 0 0 0 0 0 0 0 0 0 0 0 0 0 0 0 0 0 0 0 0 0 0 0 0 0 0 0 0 0 0 0 0 0 0 0 0 0 0 0 0 0 0 0 0 0 0 0 0 0 0 0 0 0 0 0 0 0 0 0 0 0 0 0 0 0 0 0 0 0 0 0 0 0 0 0 0 0 0 0 0 0 0 0 0 0 0 0 0 0 0 0 0 0 0 0 0 0 0 0 0 0 0 0 0 0 0 0 0 0 0 0 0 0 0 0 0 0 0 0 0 0 0 0 0 0 0 0 0 0 0 0 0 0 0 0 0 0 0 0 0 0 0 0 0 0 0 0 0 0 0 0 0 0 0 0 0 0 0 0 0 0 0 0 0 0 0 0 0 0 0 0 0 0 0 0 0 0 0 0 0 0 0 0 0 0 0 0 0 0 0 0 0 0 0 0 0 0 0 0 0 0 0 0 0 0 0 0 0 0 0 0 0 0 0 0 0 0 0 0 0 0 0 0 0 0 0 0 0 0 0 0 0 0 0 0 0 0 0 0 0 0 0 0 0 0 0 0 0 0 0 0 0 0 0 0 0 0 0 0 0 0 0 0 0 0 0 0 0 0 0 0 0 0 0 0 0 0 0 0 0 0 0 0 0 0 0 0 0 0 0 0 0 0 0 0 0 0 0 0 0 0 0 0 0 0 0 0 0 0 0 0 0 0 0 0 0 0 0 0 0 0 0 0 0 0 0 0 0 0 0 0 0 0 0 0 0 0 0 0 0 0 0 0 0 0 0 0 0 0 0 0 0 0 0 0 0 0 0 0 0 0 0 0 0 0 0 0 0 0 0 0 0 0 0 0 0 0 0 0 0 0 0 0 0 0 0 0 0 0 0 0 0 0 0 0 0 0 0 0 0 0 0 0 0 0 0 0 0 0 0 0 0 0 0 0 0 0 0 0 0 0 0 0 0 0 0 0 0 0 0 0 0 0 0 0 0 0 0 0 0 0 0 0 0 0 0 0 0 0 0 0 0 0 0 0 0 0 0 0 0 0 0 0 0 0 0 0 0 0 0 0 0 0 0 0 0 0 0 0 0 0 0 0 0 0 0 0 0 0 0 0 0 0 0 0 0 0 0 0 0 0 0 0 0 0 0 0 0 0 0 0 0 0 0 0 0 0 0 0 0 0 0 0 0 0 0 0 0 0 0 0 0 0 0 0 0 0 0 0 0 0 0 0 0 0 0 0 0 0 0 0 0 0 0 0 0 0 0 0 0 0 0 0 0 0 0 0 0 0 0 0 0 0 0 0 0 0 0 0 0 0 0 0 0 0 0 0 0 0 0 0 0 0 0 0 0 0 0 0 0 0 0 0 0 0 0 0 0 0 0 0 0 0 0 0 0 0 0 0 0 0 0 0 0 0 0 0 0 0 0 0 0 0 0 0 0 0 0 0 0 0 0 0 0 0 0 0 0 0 0 0 0 0 0 0 0 0 0 0 0 0 0 0 0 0 0 0 0 0 0 0 0 0 0 0 0 0 0 0 0 0 0 0 0 0 0 0 0 0 0 0 0 0 0 0 0 0 0 0 0 0 0 0 0 0 0 0 0 0 0 0 0 0 0 0 0 0 0 0 0 0 0 0 0 0 0 0 0 0 0 0 0 0 0 0 0 0 0 0 0 0 0 0 0 0 0 0 0 0 0 0 0 0 0 0 0 0 0 0 0 0 0 0 0 0 0 0 0 0 0 0 0 0 0 0 0 0 0 0 0 0 0 0 0 0 0 0 0 0 0 0 0 0 0 0 0 0 0 0 0 0 0 0 0 0 0 0 0 0 0 0 0 0 0 0 0 0 0 0 0 0 0 0 0 0 0 0 0 0 0 0 0 0 0 0 0 0 0 0 0 0 0 0 0 0 0 0 0 0 0 0 0 0 0 0 0 0 0 0 0 0 0 0 0 0 0 0 0 0 0 0 0 0 0 0 0 0 0 0 0 0 0 0 0 0 0 0 0 0 0 0 0 0 0 0 0 0 0 0 0 0 0 0 0 0 0 0 0 0 0 0 0 0 0 0 0 0 0 0 0 0 0 0 0 0 0 0 0 0 0 0 0 0 0 0 0 0 0 0 0 0 0 0 0 0 0 0 0 0 0 0
ctxt 4358732213
btime 1790630938
processes 286665
procs_running 14
procs_blocked 0
softirq 4131669267 73526 8802565 2752398 4035281436 308004 0 13557799 41146610 410 29746519
--
cpu  2773581 1114 1429884 30530856 48937 0 707927 0 0 0
cpu0 97731 19 38681 965773 1098 0 20957 0 0 0
cpu1 104322 24 40544 961378 902 0 21654 0 0 0
cpu2 106550 22 40926 959239 616 0 22012 0 0 0
cpu3 144164 22 56260 891114 1339 0 35567 0 0 0
cpu4 151291 24 56243 885517 797 0 35792 0 0 0
cpu5 111671 25 42319 952191 603 0 22760 0 0 0
cpu6 114132 22 43222 948305 494 0 23922 0 0 0
cpu7 119751 20 46261 937271 370 0 26418 0 0 0
cpu8 39068 37 39027 1000286 1518 0 12343 0 0 0
cpu9 44837 43 42128 980094 3549 0 13320 0 0 0
cpu10 43021 40 40949 986482 1715 0 13214 0 0 0
cpu11 39709 36 37888 1002004 1140 0 12003 0 0 0
cpu12 68456 114 44705 952410 4290 0 14315 0 0 0
cpu13 66234 45 45416 952313 4174 0 14637 0 0 0
cpu14 39331 35 37318 1004841 1272 0 11777 0 0 0
cpu15 36835 39 34462 1016308 1079 0 10724 0 0 0
cpu16 136365 19 50314 912873 650 0 30014 0 0 0
cpu17 126433 17 48264 925404 1466 0 28338 0 0 0
cpu18 121447 18 47145 933553 363 0 27591 0 0 0
cpu19 178895 18 66657 838006 864 0 44943 0 0 0
cpu20 167371 17 64001 854283 907 0 43234 0 0 0
cpu21 118300 20 46285 937228 886 0 27019 0 0 0
cpu22 110332 23 44216 948548 527 0 25101 0 0 0
cpu23 97248 23 39455 971724 633 0 20987 0 0 0
cpu24 42507 42 38625 1001325 1460 0 12645 0 0 0
cpu25 47220 45 42772 981400 2679 0 14723 0 0 0
cpu26 45338 41 41809 986760 2043 0 14348 0 0 0
cpu27 38397 29 37336 993706 1523 0 20457 0 0 0
cpu28 67404 64 48673 934622 3546 0 26808 0 0 0
cpu29 70258 102 50168 926196 3832 0 27262 0 0 0
cpu30 37860 27 38733 987735 1516 0 20410 0 0 0
cpu31 41089 28 39068 1001954 1070 0 12615 0 0 0
intr 2803736102 126 0 0 0 0 0 0 0 0 1 0 0 0 0 0 0 0 0 0 0 0 0 0 0 0 0 0 1 1 1 0 0 0 0 1 0 1 0 0 75045 0 0 0 0 0 0 0 0 411 0 0 0 0 0 0 0 0 87 0 0 0 0 0 0 0 0 0 0 0 0 0 0 0 294235 2 35022271 34963961 34888479 35024826 0 9420 2861 3399 2031 3461 2955 2633 2782 1857 12041 20639 12015 9470 15727 17090 12135 8223 3155 2074 1684 3190 2672 2269 1798 1843 10136 9186 6972 6991 8891 8052 7161 8769 0 0 0 0 616773 3892 1036 0 264 0 0 0 0 0 0 0 0 0 0 0 0 0 0 0 0 0 0 0 0 0 0 0 0 0 0 0 0 0 0 0 0 0 0 0 0 0 0 0 0 0 0 0 0 0 0 0 0 0 0 0 0 0 0 0 0 0 0 0 0 0 0 0 0 0 0 0 0 0 0 0 0 0 0 0 0 0 0 0 0 0 0 0 0 0 0 0 0 0 0 0 0 0 0 0 0 0 0 0 0 0 0 0 0 0 0 0 0 0 0 0 0 0 0 0 0 0 0 0 0 0 0 0 0 0 0 0 0 0 0 0 0 0 0 0 0 0 0 0 0 0 0 0 0 0 0 0 0 0 0 0 0 0 0 0 0 0 0 0 0 0 0 0 0 0 0 0 0 0 0 0 0 0 0 0 0 0 0 0 0 0 0 0 0 0 0 0 0 0 0 0 0 0 0 0 0 0 0 0 0 0 0 0 0 0 0 0 0 0 0 0 0 0 0 0 0 0 0 0 0 0 0 0 0 0 0 0 0 0 0 0 0 0 0 0 0 0 0 0 0 0 0 0 0 0 0 0 0 0 0 0 0 0 0 0 0 0 0 0 0 0 0 0 0 0 0 0 0 0 0 0 0 0 0 0 0 0 0 0 0 0 0 0 0 0 0 0 0 0 0 0 0 0 0 0 0 0 0 0 0 0 0 0 0 0 0 0 0 0 0 0 0 0 0 0 0 0 0 0 0 0 0 0 0 0 0 0 0 0 0 0 0 0 0 0 0 0 0 0 0 0 0 0 0 0 0 0 0 0 0 0 0 0 0 0 0 0 0 0 0 0 0 0 0 0 0 0 0 0 0 0 0 0 0 0 0 0 0 0 0 0 0 0 0 0 0 0 0 0 0 0 0 0 0 0 0 0 0 0 0 0 0 0 0 0 0 0 0 0 0 0 0 0 0 0 0 0 0 0 0 0 0 0 0 0 0 0 0 0 0 0 0 0 0 0 0 0 0 0 0 0 0 0 0 0 0 0 0 0 0 0 0 0 0 0 0 0 0 0 0 0 0 0 0 0 0 0 0 0 0 0 0 0 0 0 0 0 0 0 0 0 0 0 0 0 0 0 0 0 0 0 0 0 0 0 0 0 0 0 0 0 0 0 0 0 0 0 0 0 0 0 0 0 0 0 0 0 0 0 0 0 0 0 0 0 0 0 0 0 0 0 0 0 0 0 0 0 0 0 0 0 0 0 0 0 0 0 0 0 0 0 0 0 0 0 0 0 0 0 0 0 0 0 0 0 0 0 0 0 0 0 0 0 0 0 0 0 0 0 0 0 0 0 0 0 0 0 0 0 0 0 0 0 0 0 0 0 0 0 0 0 0 0 0 0 0 0 0 0 0 0 0 0 0 0 0 0 0 0 0 0 0 0 0 0 0 0 0 0 0 0 0 0 0 0 0 0 0 0 0 0 0 0 0 0 0 0 0 0 0 0 0 0 0 0 0 0 0 0 0 0 0 0 0 0 0 0 0 0 0 0 0 0 0 0 0 0 0 0 0 0 0 0 0 0 0 0 0 0 0 0 0 0 0 0 0 0 0 0 0 0 0 0 0 0 0 0 0 0 0 0 0 0 0 0 0 0 0 0 0 0 0 0 0 0 0 0 0 0 0 0 0 0 0 0 0 0 0 0 0 0 0 0 0 0 0 0 0 0 0 0 0 0 0 0 0 0 0 0 0 0 0 0 0 0 0 0 0 0 0 0 0 0 0 0 0 0 0 0 0 0 0 0 0 0 0 0 0 0 0 0 0 0 0 0 0 0 0 0 0 0 0 0 0 0 0 0 0 0 0 0 0 0 0 0 0 0 0 0 0 0 0 0 0 0 0 0 0 0 0 0 0 0 0 0 0 0 0 0 0 0 0 0 0 0 0 0 0 0 0 0 0 0 0 0 0 0 0 0 0 0 0 0 0 0 0 0 0 0 0 0 0 0 0 0 0 0 0 0 0 0 0 0 0 0 0 0 0 0 0 0 0 0 0 0 0 0 0 0 0 0 0 0 0 0 0 0 0 0 0 0 0 0 0 0 0 0 0 0 0 0 0 0 0 0 0 0 0 0 0 0 0 0 0 0 0 0 0 0 0 0 0 0 0 0 0 0 0 0 0 0 0 0 0 0 0 0 0 0 0 0 0 0 0 0 0 0 0 0 0 0 0 0 0 0 0 0 0 0 0 0 0 0 0 0 0 0 0 0 0 0 0 0 0 0 0 0 0 0 0 0 0 0 0 0 0 0 0 0 0 0 0 0 0 0 0 0 0 0 0 0 0 0 0 0 0 0 0 0 0 0 0 0 0 0 0 0 0 0 0 0 0 0 0 0 0 0 0 0 0 0 0 0 0 0 0 0 0 0 0 0 0 0 0 0 0 0 0 0 0 0 0 0 0 0 0 0 0 0 0 0 0 0 0 0 0 0 0 0 0 0 0 0 0 0 0 0 0 0 0 0 0
ctxt 4364359136
btime 1790630938
processes 286743
procs_running 11
procs_blocked 0
softirq 4140609481 73526 8809121 2752398 4044156953 308288 0 13557799 41172127 410 29778859
