## wrk 1 (127.0.0.1)
Running 10s test @ http://127.0.0.1:18500/wait
  16 threads and 10000 connections
  Thread Stats   Avg      Stdev     Max   +/- Stdev
    Latency    68.04ms    9.48ms 385.53ms   93.39%
    Req/Sec     9.22k     1.22k   16.95k    66.81%
  Latency Distribution
     50%   66.73ms
     75%   71.97ms
     90%   72.56ms
     99%   73.63ms
  1468215 requests in 10.05s, 222.63MB read
Requests/sec: 146110.09
Transfer/sec:     22.16MB
## server-stat
cpu  2747886 1102 1413477 30151977 48628 0 699794 0 0 0
cpu0 97397 19 38545 952748 1097 0 20843 0 0 0
cpu1 103636 24 40323 948721 898 0 21479 0 0 0
cpu2 105886 22 40701 946563 616 0 21836 0 0 0
cpu3 141060 22 55308 882205 1338 0 34814 0 0 0
cpu4 148798 24 55448 875644 795 0 35194 0 0 0
cpu5 110654 24 42001 940043 603 0 22491 0 0 0
cpu6 113229 22 42937 935975 488 0 23685 0 0 0
cpu7 118423 19 45859 925585 370 0 26075 0 0 0
cpu8 38997 36 38494 987882 1504 0 12225 0 0 0
cpu9 44697 43 41535 967965 3545 0 13164 0 0 0
cpu10 42911 39 40355 974317 1711 0 13057 0 0 0
cpu11 39630 36 37374 989621 1132 0 11879 0 0 0
cpu12 68243 114 44050 940515 4274 0 14139 0 0 0
cpu13 66011 45 44749 940522 4110 0 14453 0 0 0
cpu14 39248 34 36820 992450 1245 0 11653 0 0 0
cpu15 36765 39 33980 1003789 1069 0 10614 0 0 0
cpu16 134826 18 49889 901466 650 0 29629 0 0 0
cpu17 125358 17 47927 913325 1466 0 28073 0 0 0
cpu18 120404 18 46819 921431 361 0 27329 0 0 0
cpu19 175104 18 65486 830091 863 0 44067 0 0 0
cpu20 163381 17 62735 846799 907 0 42210 0 0 0
cpu21 117575 19 46031 924642 885 0 26837 0 0 0
cpu22 109563 23 43963 936000 527 0 24921 0 0 0
cpu23 96941 23 39350 958448 633 0 20922 0 0 0
cpu24 42433 41 38142 988836 1453 0 12530 0 0 0
cpu25 47116 45 42210 969126 2662 0 14591 0 0 0
cpu26 45253 40 41281 974415 2041 0 14209 0 0 0
cpu27 38337 28 36840 981176 1515 0 20346 0 0 0
cpu28 67142 64 48026 922727 3471 0 26635 0 0 0
cpu29 70033 101 49489 914295 3826 0 27077 0 0 0
cpu30 37788 27 38198 975297 1489 0 20294 0 0 0
cpu31 41029 28 38597 989342 1068 0 12509 0 0 0
intr 2783717898 126 0 0 0 0 0 0 0 0 1 0 0 0 0 0 0 0 0 0 0 0 0 0 0 0 0 0 1 1 1 0 0 0 0 1 0 1 0 0 75045 0 0 0 0 0 0 0 0 411 0 0 0 0 0 0 0 0 87 0 0 0 0 0 0 0 0 0 0 0 0 0 0 0 291586 2 35021585 34962990 34888033 35023802 0 9306 2855 3304 2030 3461 2934 2610 2781 1855 12004 20629 12000 9364 15723 16959 12123 8221 3153 2072 1683 3189 2672 2268 1797 1842 10098 9183 6969 6990 8807 8052 7151 8764 0 0 0 0 616761 3875 1036 0 264 0 0 0 0 0 0 0 0 0 0 0 0 0 0 0 0 0 0 0 0 0 0 0 0 0 0 0 0 0 0 0 0 0 0 0 0 0 0 0 0 0 0 0 0 0 0 0 0 0 0 0 0 0 0 0 0 0 0 0 0 0 0 0 0 0 0 0 0 0 0 0 0 0 0 0 0 0 0 0 0 0 0 0 0 0 0 0 0 0 0 0 0 0 0 0 0 0 0 0 0 0 0 0 0 0 0 0 0 0 0 0 0 0 0 0 0 0 0 0 0 0 0 0 0 0 0 0 0 0 0 0 0 0 0 0 0 0 0 0 0 0 0 0 0 0 0 0 0 0 0 0 0 0 0 0 0 0 0 0 0 0 0 0 0 0 0 0 0 0 0 0 0 0 0 0 0 0 0 0 0 0 0 0 0 0 0 0 0 0 0 0 0 0 0 0 0 0 0 0 0 0 0 0 0 0 0 0 0 0 0 0 0 0 0 0 0 0 0 0 0 0 0 0 0 0 0 0 0 0 0 0 0 0 0 0 0 0 0 0 0 0 0 0 0 0 0 0 0 0 0 0 0 0 0 0 0 0 0 0 0 0 0 0 0 0 0 0 0 0 0 0 0 0 0 0 0 0 0 0 0 0 0 0 0 0 0 0 0 0 0 0 0 0 0 0 0 0 0 0 0 0 0 0 0 0 0 0 0 0 0 0 0 0 0 0 0 0 0 0 0 0 0 0 0 0 0 0 0 0 0 0 0 0 0 0 0 0 0 0 0 0 0 0 0 0 0 0 0 0 0 0 0 0 0 0 0 0 0 0 0 0 0 0 0 0 0 0 0 0 0 0 0 0 0 0 0 0 0 0 0 0 0 0 0 0 0 0 0 0 0 0 0 0 0 0 0 0 0 0 0 0 0 0 0 0 0 0 0 0 0 0 0 0 0 0 0 0 0 0 0 0 0 0 0 0 0 0 0 0 0 0 0 0 0 0 0 0 0 0 0 0 0 0 0 0 0 0 0 0 0 0 0 0 0 0 0 0 0 0 0 0 0 0 0 0 0 0 0 0 0 0 0 0 0 0 0 0 0 0 0 0 0 0 0 0 0 0 0 0 0 0 0 0 0 0 0 0 0 0 0 0 0 0 0 0 0 0 0 0 0 0 0 0 0 0 0 0 0 0 0 0 0 0 0 0 0 0 0 0 0 0 0 0 0 0 0 0 0 0 0 0 0 0 0 0 0 0 0 0 0 0 0 0 0 0 0 0 0 0 0 0 0 0 0 0 0 0 0 0 0 0 0 0 0 0 0 0 0 0 0 0 0 0 0 0 0 0 0 0 0 0 0 0 0 0 0 0 0 0 0 0 0 0 0 0 0 0 0 0 0 0 0 0 0 0 0 0 0 0 0 0 0 0 0 0 0 0 0 0 0 0 0 0 0 0 0 0 0 0 0 0 0 0 0 0 0 0 0 0 0 0 0 0 0 0 0 0 0 0 0 0 0 0 0 0 0 0 0 0 0 0 0 0 0 0 0 0 0 0 0 0 0 0 0 0 0 0 0 0 0 0 0 0 0 0 0 0 0 0 0 0 0 0 0 0 0 0 0 0 0 0 0 0 0 0 0 0 0 0 0 0 0 0 0 0 0 0 0 0 0 0 0 0 0 0 0 0 0 0 0 0 0 0 0 0 0 0 0 0 0 0 0 0 0 0 0 0 0 0 0 0 0 0 0 0 0 0 0 0 0 0 0 0 0 0 0 0 0 0 0 0 0 0 0 0 0 0 0 0 0 0 0 0 0 0 0 0 0 0 0 0 0 0 0 0 0 0 0 0 0 0 0 0 0 0 0 0 0 0 0 0 0 0 0 0 0 0 0 0 0 0 0 0 0 0 0 0 0 0 0 0 0 0 0 0 0 0 0 0 0 0 0 0 0 0 0 0 0 0 0 0 0 0 0 0 0 0 0 0 0 0 0 0 0 0 0 0 0 0 0 0 0 0 0 0 0 0 0 0 0 0 0 0 0 0 0 0 0 0 0 0 0 0 0 0 0 0 0 0 0 0 0 0 0 0 0 0 0 0 0 0 0 0 0 0 0 0 0 0 0 0 0 0 0 0 0 0 0 0 0 0 0 0 0 0 0 0 0 0 0 0 0 0 0 0 0 0 0 0 0 0 0 0 0 0 0 0 0 0 0 0 0 0 0 0 0 0 0 0 0 0 0 0 0 0 0 0 0 0 0 0 0 0 0 0 0 0 0 0 0 0 0 0 0 0 0 0 0 0 0 0 0 0 0 0 0 0 0 0 0 0 0 0 0 0 0 0 0 0 0 0 0 0 0 0 0 0 0 0 0 0 0 0 0 0 0 0 0 0 0 0 0 0 0 0 0 0 0 0 0 0 0 0 0 0 0 0 0 0 0 0 0 0 0 0 0 0 0 0 0 0 0 0 0 0 0 0 0 0 0 0 0 0 0 0 0 0 0 0 0 0 0
ctxt 4327589886
btime 1790630938
processes 283845
procs_running 3
procs_blocked 0
softirq 4088305482 73526 8510194 2752381 3992852694 305471 0 13557727 40849264 410 29403815
--
cpu  2748799 1102 1414136 30174960 48642 0 700309 0 0 0
cpu0 97398 19 38545 953538 1097 0 20844 0 0 0
cpu1 103637 24 40324 949518 898 0 21479 0 0 0
cpu2 105886 22 40701 947361 616 0 21836 0 0 0
cpu3 141178 22 55370 882764 1338 0 34874 0 0 0
cpu4 148845 24 55470 876352 795 0 35216 0 0 0
cpu5 110655 24 42001 940842 603 0 22491 0 0 0
cpu6 113230 22 42937 936773 488 0 23685 0 0 0
cpu7 118424 19 45859 926383 370 0 26075 0 0 0
cpu8 39001 36 38507 988636 1504 0 12229 0 0 0
cpu9 44705 43 41552 968694 3545 0 13173 0 0 0
cpu10 42919 39 40374 975049 1711 0 13064 0 0 0
cpu11 39634 36 37391 990355 1132 0 11888 0 0 0
cpu12 68254 114 44075 941228 4274 0 14150 0 0 0
cpu13 66022 45 44771 941232 4110 0 14464 0 0 0
cpu14 39253 34 36839 993179 1245 0 11661 0 0 0
cpu15 36770 39 33996 1004529 1069 0 10623 0 0 0
cpu16 134826 18 49889 902265 650 0 29629 0 0 0
cpu17 125358 17 47927 914124 1466 0 28073 0 0 0
cpu18 120404 18 46819 922230 361 0 27329 0 0 0
cpu19 175382 18 65630 830333 863 0 44203 0 0 0
cpu20 163739 17 62905 846891 907 0 42390 0 0 0
cpu21 117576 19 46031 925439 885 0 26837 0 0 0
cpu22 109563 23 43963 936798 527 0 24921 0 0 0
cpu23 96941 23 39350 959247 633 0 20922 0 0 0
cpu24 42436 41 38158 989580 1453 0 12537 0 0 0
cpu25 47121 45 42230 969861 2662 0 14598 0 0 0
cpu26 45256 40 41298 975154 2041 0 14218 0 0 0
cpu27 38338 28 36850 981936 1515 0 20351 0 0 0
cpu28 67171 64 48037 923452 3484 0 26639 0 0 0
cpu29 70041 101 49509 915023 3826 0 27086 0 0 0
cpu30 37790 27 38208 976062 1489 0 20299 0 0 0
cpu31 41030 28 38603 990117 1068 0 12512 0 0 0
intr 2785010035 126 0 0 0 0 0 0 0 0 1 0 0 0 0 0 0 0 0 0 0 0 0 0 0 0 0 0 1 1 1 0 0 0 0 1 0 1 0 0 75045 0 0 0 0 0 0 0 0 411 0 0 0 0 0 0 0 0 87 0 0 0 0 0 0 0 0 0 0 0 0 0 0 0 291723 2 35021612 34963034 34888042 35023832 0 9310 2855 3307 2030 3461 2934 2610 2781 1855 12004 20631 12000 9365 15723 16959 12123 8221 3153 2072 1683 3189 2672 2268 1797 1842 10098 9183 6969 6990 8808 8052 7151 8764 0 0 0 0 616761 3875 1036 0 264 0 0 0 0 0 0 0 0 0 0 0 0 0 0 0 0 0 0 0 0 0 0 0 0 0 0 0 0 0 0 0 0 0 0 0 0 0 0 0 0 0 0 0 0 0 0 0 0 0 0 0 0 0 0 0 0 0 0 0 0 0 0 0 0 0 0 0 0 0 0 0 0 0 0 0 0 0 0 0 0 0 0 0 0 0 0 0 0 0 0 0 0 0 0 0 0 0 0 0 0 0 0 0 0 0 0 0 0 0 0 0 0 0 0 0 0 0 0 0 0 0 0 0 0 0 0 0 0 0 0 0 0 0 0 0 0 0 0 0 0 0 0 0 0 0 0 0 0 0 0 0 0 0 0 0 0 0 0 0 0 0 0 0 0 0 0 0 0 0 0 0 0 0 0 0 0 0 0 0 0 0 0 0 0 0 0 0 0 0 0 0 0 0 0 0 0 0 0 0 0 0 0 0 0 0 0 0 0 0 0 0 0 0 0 0 0 0 0 0 0 0 0 0 0 0 0 0 0 0 0 0 0 0 0 0 0 0 0 0 0 0 0 0 0 0 0 0 0 0 0 0 0 0 0 0 0 0 0 0 0 0 0 0 0 0 0 0 0 0 0 0 0 0 0 0 0 0 0 0 0 0 0 0 0 0 0 0 0 0 0 0 0 0 0 0 0 0 0 0 0 0 0 0 0 0 0 0 0 0 0 0 0 0 0 0 0 0 0 0 0 0 0 0 0 0 0 0 0 0 0 0 0 0 0 0 0 0 0 0 0 0 0 0 0 0 0 0 0 0 0 0 0 0 0 0 0 0 0 0 0 0 0 0 0 0 0 0 0 0 0 0 0 0 0 0 0 0 0 0 0 0 0 0 0 0 0 0 0 0 0 0 0 0 0 0 0 0 0 0 0 0 0 0 0 0 0 0 0 0 0 0 0 0 0 0 0 0 0 0 0 0 0 0 0 0 0 0 0 0 0 0 0 0 0 0 0 0 0 0 0 0 0 0 0 0 0 0 0 0 0 0 0 0 0 0 0 0 0 0 0 0 0 0 0 0 0 0 0 0 0 0 0 0 0 0 0 0 0 0 0 0 0 0 0 0 0 0 0 0 0 0 0 0 0 0 0 0 0 0 0 0 0 0 0 0 0 0 0 0 0 0 0 0 0 0 0 0 0 0 0 0 0 0 0 0 0 0 0 0 0 0 0 0 0 0 0 0 0 0 0 0 0 0 0 0 0 0 0 0 0 0 0 0 0 0 0 0 0 0 0 0 0 0 0 0 0 0 0 0 0 0 0 0 0 0 0 0 0 0 0 0 0 0 0 0 0 0 0 0 0 0 0 0 0 0 0 0 0 0 0 0 0 0 0 0 0 0 0 0 0 0 0 0 0 0 0 0 0 0 0 0 0 0 0 0 0 0 0 0 0 0 0 0 0 0 0 0 0 0 0 0 0 0 0 0 0 0 0 0 0 0 0 0 0 0 0 0 0 0 0 0 0 0 0 0 0 0 0 0 0 0 0 0 0 0 0 0 0 0 0 0 0 0 0 0 0 0 0 0 0 0 0 0 0 0 0 0 0 0 0 0 0 0 0 0 0 0 0 0 0 0 0 0 0 0 0 0 0 0 0 0 0 0 0 0 0 0 0 0 0 0 0 0 0 0 0 0 0 0 0 0 0 0 0 0 0 0 0 0 0 0 0 0 0 0 0 0 0 0 0 0 0 0 0 0 0 0 0 0 0 0 0 0 0 0 0 0 0 0 0 0 0 0 0 0 0 0 0 0 0 0 0 0 0 0 0 0 0 0 0 0 0 0 0 0 0 0 0 0 0 0 0 0 0 0 0 0 0 0 0 0 0 0 0 0 0 0 0 0 0 0 0 0 0 0 0 0 0 0 0 0 0 0 0 0 0 0 0 0 0 0 0 0 0 0 0 0 0 0 0 0 0 0 0 0 0 0 0 0 0 0 0 0 0 0 0 0 0 0 0 0 0 0 0 0 0 0 0 0 0 0 0 0 0 0 0 0 0 0 0 0 0 0 0 0 0 0 0 0 0 0 0 0 0 0 0 0 0 0 0 0 0 0 0 0 0 0 0 0 0 0 0 0 0 0 0 0 0 0 0 0 0 0 0 0 0 0 0 0 0 0 0 0 0 0 0 0 0 0 0 0 0 0 0 0 0 0 0 0 0 0 0 0 0 0 0 0 0 0 0 0 0 0 0 0 0 0 0 0 0 0 0 0 0 0 0 0 0 0 0 0 0 0 0 0 0 0 0 0 0 0 0 0 0 0 0 0 0 0 0 0 0 0 0 0 0 0 0 0 0 0 0 0 0 0 0 0 0 0 0 0 0 0 0 0 0 0 0 0 0 0 0 0 0 0 0 0 0 0 0 0 0 0 0 0 0 0 0 0 0 0 0 0 0 0 0 0 0 0 0 0 0 0 0 0 0 0 0 0 0 0 0 0 0 0 0 0 0 0 0 0 0
ctxt 4329839447
btime 1790630938
processes 283900
procs_running 3
procs_blocked 0
softirq 4091917640 73526 8577332 2752381 3996339365 305613 0 13557727 40877027 410 29434259
