## wrk 1 (127.0.0.1)
Running 10s test @ http://127.0.0.1:18500/wait
  16 threads and 25000 connections
  Thread Stats   Avg      Stdev     Max   +/- Stdev
    Latency    11.19ms  626.18us 134.64ms   98.90%
    Req/Sec    12.28k     4.34k   20.62k    57.67%
  Latency Distribution
     50%   11.17ms
     75%   11.22ms
     90%   11.26ms
     99%   11.80ms
  1651430 requests in 10.08s, 168.52MB read
  Socket errors: connect 0, read 1897, write 0, timeout 0
Requests/sec: 163810.66
Transfer/sec:     16.72MB
## server-stat
cpu  2740961 1096 1408964 29938045 48466 0 697235 0 0 0
cpu0 97351 19 38520 945638 1097 0 20816 0 0 0
cpu1 103616 24 40312 941502 895 0 21471 0 0 0
cpu2 105873 22 40694 939324 616 0 21831 0 0 0
cpu3 140013 21 54912 876758 1338 0 34467 0 0 0
cpu4 147491 23 54946 870619 795 0 34745 0 0 0
cpu5 110647 24 41995 932797 601 0 22489 0 0 0
cpu6 113222 22 42933 928724 488 0 23684 0 0 0
cpu7 118417 19 45854 918347 355 0 26072 0 0 0
cpu8 38967 36 38390 980969 1504 0 12201 0 0 0
cpu9 44644 43 41378 961365 3496 0 13117 0 0 0
cpu10 42878 39 40191 967654 1711 0 13013 0 0 0
cpu11 39609 35 37262 982771 1131 0 11849 0 0 0
cpu12 68131 114 43829 934091 4274 0 14055 0 0 0
cpu13 65919 44 44521 934095 4110 0 14365 0 0 0
cpu14 39226 34 36685 985684 1245 0 11615 0 0 0
cpu15 36745 39 33872 996909 1069 0 10586 0 0 0
cpu16 134795 18 49885 894257 635 0 29627 0 0 0
cpu17 125341 17 47925 906081 1464 0 28072 0 0 0
cpu18 120397 18 46816 914177 361 0 27329 0 0 0
cpu19 172984 18 64745 826332 863 0 43420 0 0 0
cpu20 161846 17 62231 841990 907 0 41788 0 0 0
cpu21 117571 19 46029 917394 876 0 26837 0 0 0
cpu22 109560 23 43960 928748 521 0 24921 0 0 0
cpu23 96935 23 39348 951192 632 0 20922 0 0 0
cpu24 42416 41 38033 981908 1452 0 12507 0 0 0
cpu25 47075 45 42075 962321 2661 0 14562 0 0 0
cpu26 45228 40 41178 967534 2028 0 14184 0 0 0
cpu27 38321 28 36745 974177 1515 0 20330 0 0 0
cpu28 67056 64 47829 916174 3435 0 26576 0 0 0
cpu29 69894 101 49267 907809 3821 0 27006 0 0 0
cpu30 37766 26 38083 968370 1489 0 20268 0 0 0
cpu31 41014 27 38508 982318 1067 0 12494 0 0 0
intr 2776138945 126 0 0 0 0 0 0 0 0 1 0 0 0 0 0 0 0 0 0 0 0 0 0 0 0 0 0 1 1 1 0 0 0 0 1 0 1 0 0 75045 0 0 0 0 0 0 0 0 411 0 0 0 0 0 0 0 0 87 0 0 0 0 0 0 0 0 0 0 0 0 0 0 0 290213 2 35021264 34962394 34887765 35023391 0 9245 2855 3259 2029 3461 2934 2604 2780 1855 11906 20618 11997 9360 15721 16959 12122 8221 3151 2070 1683 3189 2671 2267 1795 1841 10095 9183 6938 6985 8765 7989 7132 8762 0 0 0 0 616757 3872 1036 0 264 0 0 0 0 0 0 0 0 0 0 0 0 0 0 0 0 0 0 0 0 0 0 0 0 0 0 0 0 0 0 0 0 0 0 0 0 0 0 0 0 0 0 0 0 0 0 0 0 0 0 0 0 0 0 0 0 0 0 0 0 0 0 0 0 0 0 0 0 0 0 0 0 0 0 0 0 0 0 0 0 0 0 0 0 0 0 0 0 0 0 0 0 0 0 0 0 0 0 0 0 0 0 0 0 0 0 0 0 0 0 0 0 0 0 0 0 0 0 0 0 0 0 0 0 0 0 0 0 0 0 0 0 0 0 0 0 0 0 0 0 0 0 0 0 0 0 0 0 0 0 0 0 0 0 0 0 0 0 0 0 0 0 0 0 0 0 0 0 0 0 0 0 0 0 0 0 0 0 0 0 0 0 0 0 0 0 0 0 0 0 0 0 0 0 0 0 0 0 0 0 0 0 0 0 0 0 0 0 0 0 0 0 0 0 0 0 0 0 0 0 0 0 0 0 0 0 0 0 0 0 0 0 0 0 0 0 0 0 0 0 0 0 0 0 0 0 0 0 0 0 0 0 0 0 0 0 0 0 0 0 0 0 0 0 0 0 0 0 0 0 0 0 0 0 0 0 0 0 0 0 0 0 0 0 0 0 0 0 0 0 0 0 0 0 0 0 0 0 0 0 0 0 0 0 0 0 0 0 0 0 0 0 0 0 0 0 0 0 0 0 0 0 0 0 0 0 0 0 0 0 0 0 0 0 0 0 0 0 0 0 0 0 0 0 0 0 0 0 0 0 0 0 0 0 0 0 0 0 0 0 0 0 0 0 0 0 0 0 0 0 0 0 0 0 0 0 0 0 0 0 0 0 0 0 0 0 0 0 0 0 0 0 0 0 0 0 0 0 0 0 0 0 0 0 0 0 0 0 0 0 0 0 0 0 0 0 0 0 0 0 0 0 0 0 0 0 0 0 0 0 0 0 0 0 0 0 0 0 0 0 0 0 0 0 0 0 0 0 0 0 0 0 0 0 0 0 0 0 0 0 0 0 0 0 0 0 0 0 0 0 0 0 0 0 0 0 0 0 0 0 0 0 0 0 0 0 0 0 0 0 0 0 0 0 0 0 0 0 0 0 0 0 0 0 0 0 0 0 0 0 0 0 0 0 0 0 0 0 0 0 0 0 0 0 0 0 0 0 0 0 0 0 0 0 0 0 0 0 0 0 0 0 0 0 0 0 0 0 0 0 0 0 0 0 0 0 0 0 0 0 0 0 0 0 0 0 0 0 0 0 0 0 0 0 0 0 0 0 0 0 0 0 0 0 0 0 0 0 0 0 0 0 0 0 0 0 0 0 0 0 0 0 0 0 0 0 0 0 0 0 0 0 0 0 0 0 0 0 0 0 0 0 0 0 0 0 0 0 0 0 0 0 0 0 0 0 0 0 0 0 0 0 0 0 0 0 0 0 0 0 0 0 0 0 0 0 0 0 0 0 0 0 0 0 0 0 0 0 0 0 0 0 0 0 0 0 0 0 0 0 0 0 0 0 0 0 0 0 0 0 0 0 0 0 0 0 0 0 0 0 0 0 0 0 0 0 0 0 0 0 0 0 0 0 0 0 0 0 0 0 0 0 0 0 0 0 0 0 0 0 0 0 0 0 0 0 0 0 0 0 0 0 0 0 0 0 0 0 0 0 0 0 0 0 0 0 0 0 0 0 0 0 0 0 0 0 0 0 0 0 0 0 0 0 0 0 0 0 0 0 0 0 0 0 0 0 0 0 0 0 0 0 0 0 0 0 0 0 0 0 0 0 0 0 0 0 0 0 0 0 0 0 0 0 0 0 0 0 0 0 0 0 0 0 0 0 0 0 0 0 0 0 0 0 0 0 0 0 0 0 0 0 0 0 0 0 0 0 0 0 0 0 0 0 0 0 0 0 0 0 0 0 0 0 0 0 0 0 0 0 0 0 0 0 0 0 0 0 0 0 0 0 0 0 0 0 0 0 0 0 0 0 0 0 0 0 0 0 0 0 0 0 0 0 0 0 0 0 0 0 0 0 0 0 0 0 0 0 0 0 0 0 0 0 0 0 0 0 0 0 0 0 0 0 0 0 0 0 0 0 0 0 0 0 0 0 0 0 0 0 0 0 0 0 0 0 0 0 0 0 0 0 0 0 0 0 0 0 0 0 0 0 0 0 0 0 0 0 0 0 0 0 0 0 0 0 0 0 0 0 0 0 0 0 0 0 0 0 0 0 0 0 0 0 0 0 0 0 0 0 0 0 0 0 0 0 0 0 0 0 0 0 0 0 0 0 0 0 0 0 0 0 0 0 0 0 0 0 0 0 0 0 0 0 0 0 0 0 0 0 0 0 0 0 0 0 0 0 0 0 0 0 0 0 0 0 0 0 0 0 0 0 0 0 0 0 0 0 0 0 0 0 0 0 0 0 0 0 0 0 0 0 0 0 0 0 0 0 0 0 0 0
ctxt 4313377604
btime 1790630938
processes 282270
procs_running 3
procs_blocked 0
softirq 4071147922 73526 8348148 2752373 3976143444 304027 0 13557700 40708256 410 29260038
--
cpu  2741964 1097 1409508 29961077 48480 0 697688 0 0 0
cpu0 97351 19 38520 946428 1097 0 20817 0 0 0
cpu1 103616 24 40312 942300 895 0 21471 0 0 0
cpu2 105873 22 40694 940122 616 0 21831 0 0 0
cpu3 140013 21 54912 877557 1338 0 34467 0 0 0
cpu4 147691 23 55018 871074 795 0 34818 0 0 0
cpu5 110648 24 41995 933594 602 0 22489 0 0 0
cpu6 113223 22 42933 929522 488 0 23684 0 0 0
cpu7 118417 19 45855 919146 355 0 26072 0 0 0
cpu8 38969 36 38398 981728 1504 0 12205 0 0 0
cpu9 44649 43 41396 962071 3507 0 13125 0 0 0
cpu10 42882 39 40209 968356 1711 0 13021 0 0 0
cpu11 39610 35 37271 983528 1131 0 11854 0 0 0
cpu12 68143 114 43856 934776 4274 0 14068 0 0 0
cpu13 65935 45 44559 934766 4110 0 14387 0 0 0
cpu14 39229 34 36704 986391 1245 0 11625 0 0 0
cpu15 36747 39 33891 997635 1069 0 10593 0 0 0
cpu16 134795 18 49885 895056 635 0 29627 0 0 0
cpu17 125341 17 47925 906879 1465 0 28072 0 0 0
cpu18 120397 18 46816 914976 361 0 27329 0 0 0
cpu19 173444 18 64909 826332 863 0 43596 0 0 0
cpu20 162113 17 62324 842335 907 0 41883 0 0 0
cpu21 117571 19 46029 918192 876 0 26837 0 0 0
cpu22 109560 23 43960 929547 521 0 24921 0 0 0
cpu23 96935 23 39348 951991 632 0 20922 0 0 0
cpu24 42417 41 38040 982673 1453 0 12511 0 0 0
cpu25 47080 45 42082 963088 2661 0 14564 0 0 0
cpu26 45229 40 41181 968316 2028 0 14185 0 0 0
cpu27 38321 28 36745 974976 1515 0 20330 0 0 0
cpu28 67059 64 47844 916915 3435 0 26585 0 0 0
cpu29 69914 101 49285 908529 3821 0 27018 0 0 0
cpu30 37768 26 38088 969149 1489 0 20271 0 0 0
cpu31 41015 27 38508 983114 1067 0 12494 0 0 0
intr 2777093757 126 0 0 0 0 0 0 0 0 1 0 0 0 0 0 0 0 0 0 0 0 0 0 0 0 0 0 1 1 1 0 0 0 0 1 0 1 0 0 75045 0 0 0 0 0 0 0 0 411 0 0 0 0 0 0 0 0 87 0 0 0 0 0 0 0 0 0 0 0 0 0 0 0 290339 2 35021293 34962440 34887776 35023447 0 9253 2855 3259 2029 3461 2934 2610 2780 1855 11906 20620 11999 9361 15721 16959 12122 8221 3152 2072 1683 3189 2671 2267 1795 1841 10096 9183 6938 6988 8766 7989 7132 8762 0 0 0 0 616757 3872 1036 0 264 0 0 0 0 0 0 0 0 0 0 0 0 0 0 0 0 0 0 0 0 0 0 0 0 0 0 0 0 0 0 0 0 0 0 0 0 0 0 0 0 0 0 0 0 0 0 0 0 0 0 0 0 0 0 0 0 0 0 0 0 0 0 0 0 0 0 0 0 0 0 0 0 0 0 0 0 0 0 0 0 0 0 0 0 0 0 0 0 0 0 0 0 0 0 0 0 0 0 0 0 0 0 0 0 0 0 0 0 0 0 0 0 0 0 0 0 0 0 0 0 0 0 0 0 0 0 0 0 0 0 0 0 0 0 0 0 0 0 0 0 0 0 0 0 0 0 0 0 0 0 0 0 0 0 0 0 0 0 0 0 0 0 0 0 0 0 0 0 0 0 0 0 0 0 0 0 0 0 0 0 0 0 0 0 0 0 0 0 0 0 0 0 0 0 0 0 0 0 0 0 0 0 0 0 0 0 0 0 0 0 0 0 0 0 0 0 0 0 0 0 0 0 0 0 0 0 0 0 0 0 0 0 0 0 0 0 0 0 0 0 0 0 0 0 0 0 0 0 0 0 0 0 0 0 0 0 0 0 0 0 0 0 0 0 0 0 0 0 0 0 0 0 0 0 0 0 0 0 0 0 0 0 0 0 0 0 0 0 0 0 0 0 0 0 0 0 0 0 0 0 0 0 0 0 0 0 0 0 0 0 0 0 0 0 0 0 0 0 0 0 0 0 0 0 0 0 0 0 0 0 0 0 0 0 0 0 0 0 0 0 0 0 0 0 0 0 0 0 0 0 0 0 0 0 0 0 0 0 0 0 0 0 0 0 0 0 0 0 0 0 0 0 0 0 0 0 0 0 0 0 0 0 0 0 0 0 0 0 0 0 0 0 0 0 0 0 0 0 0 0 0 0 0 0 0 0 0 0 0 0 0 0 0 0 0 0 0 0 0 0 0 0 0 0 0 0 0 0 0 0 0 0 0 0 0 0 0 0 0 0 0 0 0 0 0 0 0 0 0 0 0 0 0 0 0 0 0 0 0 0 0 0 0 0 0 0 0 0 0 0 0 0 0 0 0 0 0 0 0 0 0 0 0 0 0 0 0 0 0 0 0 0 0 0 0 0 0 0 0 0 0 0 0 0 0 0 0 0 0 0 0 0 0 0 0 0 0 0 0 0 0 0 0 0 0 0 0 0 0 0 0 0 0 0 0 0 0 0 0 0 0 0 0 0 0 0 0 0 0 0 0 0 0 0 0 0 0 0 0 0 0 0 0 0 0 0 0 0 0 0 0 0 0 0 0 0 0 0 0 0 0 0 0 0 0 0 0 0 0 0 0 0 0 0 0 0 0 0 0 0 0 0 0 0 0 0 0 0 0 0 0 0 0 0 0 0 0 0 0 0 0 0 0 0 0 0 0 0 0 0 0 0 0 0 0 0 0 0 0 0 0 0 0 0 0 0 0 0 0 0 0 0 0 0 0 0 0 0 0 0 0 0 0 0 0 0 0 0 0 0 0 0 0 0 0 0 0 0 0 0 0 0 0 0 0 0 0 0 0 0 0 0 0 0 0 0 0 0 0 0 0 0 0 0 0 0 0 0 0 0 0 0 0 0 0 0 0 0 0 0 0 0 0 0 0 0 0 0 0 0 0 0 0 0 0 0 0 0 0 0 0 0 0 0 0 0 0 0 0 0 0 0 0 0 0 0 0 0 0 0 0 0 0 0 0 0 0 0 0 0 0 0 0 0 0 0 0 0 0 0 0 0 0 0 0 0 0 0 0 0 0 0 0 0 0 0 0 0 0 0 0 0 0 0 0 0 0 0 0 0 0 0 0 0 0 0 0 0 0 0 0 0 0 0 0 0 0 0 0 0 0 0 0 0 0 0 0 0 0 0 0 0 0 0 0 0 0 0 0 0 0 0 0 0 0 0 0 0 0 0 0 0 0 0 0 0 0 0 0 0 0 0 0 0 0 0 0 0 0 0 0 0 0 0 0 0 0 0 0 0 0 0 0 0 0 0 0 0 0 0 0 0 0 0 0 0 0 0 0 0 0 0 0 0 0 0 0 0 0 0 0 0 0 0 0 0 0 0 0 0 0 0 0 0 0 0 0 0 0 0 0 0 0 0 0 0 0 0 0 0 0 0 0 0 0 0 0 0 0 0 0 0 0 0 0 0 0 0 0 0 0 0 0 0 0 0 0 0 0 0 0 0 0 0 0 0 0 0 0 0 0 0 0 0 0 0 0 0 0 0 0 0 0 0 0 0 0 0 0 0 0 0 0 0 0 0 0 0 0 0 0 0 0 0 0 0 0 0 0 0 0 0 0 0 0 0 0 0 0 0 0 0 0 0 0 0 0 0 0 0 0 0 0 0 0 0 0 0 0 0 0 0 0 0 0 0 0 0 0 0 0 0 0 0 0 0 0 0 0 0 0 0 0 0 0 0 0 0 0 0 0 0 0 0 0 0 0 0 0 0 0 0
ctxt 4315526798
btime 1790630938
processes 282339
procs_running 4
procs_blocked 0
softirq 4073940259 73526 8351334 2752373 3978909316 304158 0 13557700 40720705 410 29270737
