## wrk 1 (127.0.0.1)
Running 10s test @ http://127.0.0.1:18500/wait
  16 threads and 10000 connections
  Thread Stats   Avg      Stdev     Max   +/- Stdev
    Latency   107.47ms  485.21ms   5.82s    95.77%
    Req/Sec    34.30k     2.47k   42.51k    71.25%
  Latency Distribution
     50%   13.96ms
     75%   14.16ms
     90%   14.88ms
     99%    2.98s 
  5460324 requests in 10.04s, 557.19MB read
  Socket errors: connect 0, read 2396, write 0, timeout 0
Requests/sec: 543595.89
Transfer/sec:     55.47MB
## server-stat
cpu  2762031 1111 1422894 30488179 48882 0 704147 0 0 0
cpu0 97638 19 38635 963806 1098 0 20934 0 0 0
cpu1 103811 24 40386 959998 902 0 21531 0 0 0
cpu2 105983 22 40740 957968 616 0 21864 0 0 0
cpu3 143535 22 56075 889911 1339 0 35410 0 0 0
cpu4 151280 24 56232 883369 797 0 35792 0 0 0
cpu5 111027 25 42131 951014 603 0 22596 0 0 0
cpu6 113524 22 43037 947082 494 0 23766 0 0 0
cpu7 118690 20 45936 936762 370 0 26136 0 0 0
cpu8 39037 37 38800 998728 1517 0 12280 0 0 0
cpu9 44796 43 41905 978543 3546 0 13252 0 0 0
cpu10 42985 40 40719 984928 1712 0 13145 0 0 0
cpu11 39676 36 37682 1000401 1139 0 11946 0 0 0
cpu12 68418 114 44486 950837 4289 0 14250 0 0 0
cpu13 66197 45 45194 950749 4171 0 14569 0 0 0
cpu14 39306 35 37128 1003175 1261 0 11727 0 0 0
cpu15 36814 39 34292 1014602 1072 0 10676 0 0 0
cpu16 135071 19 49960 912667 650 0 29690 0 0 0
cpu17 125567 17 47991 924575 1466 0 28130 0 0 0
cpu18 120657 18 46900 932612 363 0 27395 0 0 0
cpu19 178136 18 66403 837018 864 0 44771 0 0 0
cpu20 166029 17 63583 854215 907 0 42884 0 0 0
cpu21 117589 20 46040 936192 886 0 26839 0 0 0
cpu22 109577 23 43971 947554 527 0 24922 0 0 0
cpu23 96962 23 39356 970001 633 0 20923 0 0 0
cpu24 42473 42 38429 999699 1454 0 12588 0 0 0
cpu25 47172 45 42528 979890 2679 0 14650 0 0 0
cpu26 45296 41 41575 985246 2043 0 14272 0 0 0
cpu27 38361 29 37112 992157 1515 0 20387 0 0 0
cpu28 67339 64 48398 933165 3541 0 26725 0 0 0
cpu29 70185 102 49897 924750 3829 0 27179 0 0 0
cpu30 37828 27 38504 986170 1515 0 20349 0 0 0
cpu31 41058 28 38855 1000379 1069 0 12554 0 0 0
intr 2795750942 126 0 0 0 0 0 0 0 0 1 0 0 0 0 0 0 0 0 0 0 0 0 0 0 0 0 0 1 1 1 0 0 0 0 1 0 1 0 0 75045 0 0 0 0 0 0 0 0 411 0 0 0 0 0 0 0 0 87 0 0 0 0 0 0 0 0 0 0 0 0 0 0 0 293746 2 35022117 34963839 34888405 35024665 0 9404 2861 3398 2031 3461 2955 2633 2782 1856 12006 20639 12015 9461 15725 17087 12134 8223 3155 2074 1684 3189 2672 2269 1798 1843 10136 9183 6972 6991 8889 8052 7161 8766 0 0 0 0 616769 3892 1036 0 264 0 0 0 0 0 0 0 0 0 0 0 0 0 0 0 0 0 0 0 0 0 0 0 0 0 0 0 0 0 0 0 0 0 0 0 0 0 0 0 0 0 0 0 0 0 0 0 0 0 0 0 0 0 0 0 0 0 0 0 0 0 0 0 0 0 0 0 0 0 0 0 0 0 0 0 0 0 0 0 0 0 0 0 0 0 0 0 0 0 0 0 0 0 0 0 0 0 0 0 0 0 0 0 0 0 0 0 0 0 0 0 0 0 0 0 0 0 0 0 0 0 0 0 0 0 0 0 0 0 0 0 0 0 0 0 0 0 0 0 0 0 0 0 0 0 0 0 0 0 0 0 0 0 0 0 0 0 0 0 0 0 0 0 0 0 0 0 0 0 0 0 0 0 0 0 0 0 0 0 0 0 0 0 0 0 0 0 0 0 0 0 0 0 0 0 0 0 0 0 0 0 0 0 0 0 0 0 0 0 0 0 0 0 0 0 0 0 0 0 0 0 0 0 0 0 0 0 0 0 0 0 0 0 0 0 0 0 0 0 0 0 0 0 0 0 0 0 0 0 0 0 0 0 0 0 0 0 0 0 0 0 0 0 0 0 0 0 0 0 0 0 0 0 0 0 0 0 0 0 0 0 0 0 0 0 0 0 0 0 0 0 0 0 0 0 0 0 0 0 0 0 0 0 0 0 0 0 0 0 0 0 0 0 0 0 0 0 0 0 0 0 0 0 0 0 0 0 0 0 0 0 0 0 0 0 0 0 0 0 0 0 0 0 0 0 0 0 0 0 0 0 0 0 0 0 0 0 0 0 0 0 0 0 0 0 0 0 0 0 0 0 0 0 0 0 0 0 0 0 0 0 0 0 0 0 0 0 0 0 0 0 0 0 0 0 0 0 0 0 0 0 0 0 0 0 0 0 0 0 0 0 0 0 0 0 0 0 0 0 0 0 0 0 0 0 0 0 0 0 0 0 0 0 0 0 0 0 0 0 0 0 0 0 0 0 0 0 0 0 0 0 0 0 0 0 0 0 0 0 0 0 0 0 0 0 0 0 0 0 0 0 0 0 0 0 0 0 0 0 0 0 0 0 0 0 0 0 0 0 0 0 0 0 0 0 0 0 0 0 0 0 0 0 0 0 0 0 0 0 0 0 0 0 0 0 0 0 0 0 0 0 0 0 0 0 0 0 0 0 0 0 0 0 0 0 0 0 0 0 0 0 0 0 0 0 0 0 0 0 0 0 0 0 0 0 0 0 0 0 0 0 0 0 0 0 0 0 0 0 0 0 0 0 0 0 0 0 0 0 0 0 0 0 0 0 0 0 0 0 0 0 0 0 0 0 0 0 0 0 0 0 0 0 0 0 0 0 0 0 0 0 0 0 0 0 0 0 0 0 0 0 0 0 0 0 0 0 0 0 0 0 0 0 0 0 0 0 0 0 0 0 0 0 0 0 0 0 0 0 0 0 0 0 0 0 0 0 0 0 0 0 0 0 0 0 0 0 0 0 0 0 0 0 0 0 0 0 0 0 0 0 0 0 0 0 0 0 0 0 0 0 0 0 0 0 0 0 0 0 0 0 0 0 0 0 0 0 0 0 0 0 0 0 0 0 0 0 0 0 0 0 0 0 0 0 0 0 0 0 0 0 0 0 0 0 0 0 0 0 0 0 0 0 0 0 0 0 0 0 0 0 0 0 0 0 0 0 0 0 0 0 0 0 0 0 0 0 0 0 0 0 0 0 0 0 0 0 0 0 0 0 0 0 0 0 0 0 0 0 0 0 0 0 0 0 0 0 0 0 0 0 0 0 0 0 0 0 0 0 0 0 0 0 0 0 0 0 0 0 0 0 0 0 0 0 0 0 0 0 0 0 0 0 0 0 0 0 0 0 0 0 0 0 0 0 0 0 0 0 0 0 0 0 0 0 0 0 0 0 0 0 0 0 0 0 0 0 0 0 0 0 0 0 0 0 0 0 0 0 0 0 0 0 0 0 0 0 0 0 0 0 0 0 0 0 0 0 0 0 0 0 0 0 0 0 0 0 0 0 0 0 0 0 0 0 0 0 0 0 0 0 0 0 0 0 0 0 0 0 0 0 0 0 0 0 0 0 0 0 0 0 0 0 0 0 0 0 0 0 0 0 0 0 0 0 0 0 0 0 0 0 0 0 0 0 0 0 0 0 0 0 0 0 0 0 0 0 0 0 0 0 0 0 0 0 0 0 0 0 0 0 0 0 0 0 0 0 0 0 0 0 0 0 0 0 0 0 0 0 0 0 0 0 0 0 0 0 0 0 0 0 0 0 0 0 0 0 0 0 0 0 0 0 0 0 0 0 0 0 0 0 0 0 0 0 0 0 0 0 0 0 0 0 0 0 0 0 0 0 0 0 0 0 0 0 0 0 0 0 0 0 0 0 0 0 0 0 0 0 0 0 0 0 0 0 0 0 0 0 0 0 0 0 0 0 0 0 0 0 0 0 0
ctxt 4349168422
btime 1790630938
processes 286464
procs_running 13
procs_blocked 1
softirq 4117617318 73526 8784324 2752396 4021391389 307781 0 13557795 41095316 410 29654381
--
cpu  2766425 1112 1425014 30503813 48905 0 705614 0 0 0
cpu0 97680 19 38645 964523 1098 0 20946 0 0 0
cpu1 104309 24 40524 960040 902 0 21653 0 0 0
cpu2 105985 22 40741 958761 616 0 21864 0 0 0
cpu3 144021 22 56215 889961 1339 0 35534 0 0 0
cpu4 151280 24 56233 884165 797 0 35792 0 0 0
cpu5 111543 25 42279 951014 603 0 22732 0 0 0
cpu6 114041 22 43182 947083 494 0 23902 0 0 0
cpu7 119143 20 46072 936846 370 0 26263 0 0 0
cpu8 39049 37 38859 999311 1517 0 12302 0 0 0
cpu9 44810 43 41962 979125 3546 0 13277 0 0 0
cpu10 42997 40 40780 985509 1712 0 13169 0 0 0
cpu11 39688 36 37737 1000993 1139 0 11966 0 0 0
cpu12 68432 114 44543 951418 4289 0 14276 0 0 0
cpu13 66210 45 45256 951325 4174 0 14593 0 0 0
cpu14 39316 35 37183 1003771 1271 0 11745 0 0 0
cpu15 36822 39 34339 1015212 1079 0 10697 0 0 0
cpu16 135561 19 50083 912727 650 0 29817 0 0 0
cpu17 125602 17 48001 925321 1466 0 28136 0 0 0
cpu18 121177 18 47045 932612 363 0 27528 0 0 0
cpu19 178180 18 66414 837751 864 0 44778 0 0 0
cpu20 166540 17 63726 854216 907 0 43030 0 0 0
cpu21 117590 20 46040 936986 886 0 26839 0 0 0
cpu22 109580 23 43972 948347 527 0 24922 0 0 0
cpu23 97020 23 39371 970711 633 0 20936 0 0 0
cpu24 42486 42 38491 1000285 1455 0 12612 0 0 0
cpu25 47190 45 42588 980463 2679 0 14675 0 0 0
cpu26 45310 41 41635 985818 2043 0 14296 0 0 0
cpu27 38374 29 37172 992738 1515 0 20414 0 0 0
cpu28 67360 64 48469 933728 3541 0 26755 0 0 0
cpu29 70205 102 49964 925312 3829 0 27205 0 0 0
cpu30 37839 27 38564 986757 1515 0 20371 0 0 0
cpu31 41070 28 38915 1000969 1069 0 12573 0 0 0
intr 2799194767 126 0 0 0 0 0 0 0 0 1 0 0 0 0 0 0 0 0 0 0 0 0 0 0 0 0 0 1 1 1 0 0 0 0 1 0 1 0 0 75045 0 0 0 0 0 0 0 0 411 0 0 0 0 0 0 0 0 87 0 0 0 0 0 0 0 0 0 0 0 0 0 0 0 293862 2 35022163 34963889 34888422 35024716 0 9408 2861 3398 2031 3461 2955 2633 2782 1856 12006 20639 12015 9464 15725 17087 12134 8223 3155 2074 1684 3189 2672 2269 1798 1843 10136 9184 6972 6991 8889 8052 7161 8766 0 0 0 0 616769 3892 1036 0 264 0 0 0 0 0 0 0 0 0 0 0 0 0 0 0 0 0 0 0 0 0 0 0 0 0 0 0 0 0 0 0 0 0 0 0 0 0 0 0 0 0 0 0 0 0 0 0 0 0 0 0 0 0 0 0 0 0 0 0 0 0 0 0 0 0 0 0 0 0 0 0 0 0 0 0 0 0 0 0 0 0 0 0 0 0 0 0 0 0 0 0 0 0 0 0 0 0 0 0 0 0 0 0 0 0 0 0 0 0 0 0 0 0 0 0 0 0 0 0 0 0 0 0 0 0 0 0 0 0 0 0 0 0 0 0 0 0 0 0 0 0 0 0 0 0 0 0 0 0 0 0 0 0 0 0 0 0 0 0 0 0 0 0 0 0 0 0 0 0 0 0 0 0 0 0 0 0 0 0 0 0 0 0 0 0 0 0 0 0 0 0 0 0 0 0 0 0 0 0 0 0 0 0 0 0 0 0 0 0 0 0 0 0 0 0 0 0 0 0 0 0 0 0 0 0 0 0 0 0 0 0 0 0 0 0 0 0 0 0 0 0 0 0 0 0 0 0 0 0 0 0 0 0 0 0 0 0 0 0 0 0 0 0 0 0 0 0 0 0 0 0 0 0 0 0 0 0 0 0 0 0 0 0 0 0 0 0 0 0 0 0 0 0 0 0 0 0 0 0 0 0 0 0 0 0 0 0 0 0 0 0 0 0 0 0 0 0 0 0 0 0 0 0 0 0 0 0 0 0 0 0 0 0 0 0 0 0 0 0 0 0 0 0 0 0 0 0 0 0 0 0 0 0 0 0 0 0 0 0 0 0 0 0 0 0 0 0 0 0 0 0 0 0 0 0 0 0 0 0 0 0 0 0 0 0 0 0 0 0 0 0 0 0 0 0 0 0 0 0 0 0 0 0 0 0 0 0 0 0 0 0 0 0 0 0 0 0 0 0 0 0 0 0 0 0 0 0 0 0 0 0 0 0 0 0 0 0 0 0 0 0 0 0 0 0 0 0 0 0 0 0 0 0 0 0 0 0 0 0 0 0 0 0 0 0 0 0 0 0 0 0 0 0 0 0 0 0 0 0 0 0 0 0 0 0 0 0 0 0 0 0 0 0 0 0 0 0 0 0 0 0 0 0 0 0 0 0 0 0 0 0 0 0 0 0 0 0 0 0 0 0 0 0 0 0 0 0 0 0 0 0 0 0 0 0 0 0 0 0 0 0 0 0 0 0 0 0 0 0 0 0 0 0 0 0 0 0 0 0 0 0 0 0 0 0 0 0 0 0 0 0 0 0 0 0 0 0 0 0 0 0 0 0 0 0 0 0 0 0 0 0 0 0 0 0 0 0 0 0 0 0 0 0 0 0 0 0 0 0 0 0 0 0 0 0 0 0 0 0 0 0 0 0 0 0 0 0 0 0 0 0 0 0 0 0 0 0 0 0 0 0 0 0 0 0 0 0 0 0 0 0 0 0 0 0 0 0 0 0 0 0 0 0 0 0 0 0 0 0 0 0 0 0 0 0 0 0 0 0 0 0 0 0 0 0 0 0 0 0 0 0 0 0 0 0 0 0 0 0 0 0 0 0 0 0 0 0 0 0 0 0 0 0 0 0 0 0 0 0 0 0 0 0 0 0 0 0 0 0 0 0 0 0 0 0 0 0 0 0 0 0 0 0 0 0 0 0 0 0 0 0 0 0 0 0 0 0 0 0 0 0 0 0 0 0 0 0 0 0 0 0 0 0 0 0 0 0 0 0 0 0 0 0 0 0 0 0 0 0 0 0 0 0 0 0 0 0 0 0 0 0 0 0 0 0 0 0 0 0 0 0 0 0 0 0 0 0 0 0 0 0 0 0 0 0 0 0 0 0 0 0 0 0 0 0 0 0 0 0 0 0 0 0 0 0 0 0 0 0 0 0 0 0 0 0 0 0 0 0 0 0 0 0 0 0 0 0 0 0 0 0 0 0 0 0 0 0 0 0 0 0 0 0 0 0 0 0 0 0 0 0 0 0 0 0 0 0 0 0 0 0 0 0 0 0 0 0 0 0 0 0 0 0 0 0 0 0 0 0 0 0 0 0 0 0 0 0 0 0 0 0 0 0 0 0 0 0 0 0 0 0 0 0 0 0 0 0 0 0 0 0 0 0 0 0 0 0 0 0 0 0 0 0 0 0 0 0 0 0 0 0 0 0 0 0 0 0 0 0 0 0 0 0 0 0 0 0 0 0 0 0 0 0 0 0 0 0 0 0 0 0 0 0 0 0 0 0 0 0 0 0 0 0 0 0 0 0 0 0 0 0 0 0 0 0 0 0 0 0 0 0 0 0 0 0 0 0 0 0 0 0 0 0 0 0 0 0 0 0 0 0 0 0 0 0 0 0 0 0 0 0 0 0 0 0 0 0 0 0 0 0 0 0 0 0 0 0 0 0 0 0 0 0 0 0 0 0 0 0 0 0 0 0 0 0 0 0 0 0 0 0 0
ctxt 4355718508
btime 1790630938
processes 286505
procs_running 12
procs_blocked 0
softirq 4126466638 73526 8792905 2752396 4030163587 307903 0 13557796 41125957 410 29692158
