Running 10s test @ http://127.0.0.1:18500/json
  16 threads and 128 connections
  Thread Stats   Avg      Stdev     Max   +/- Stdev
    Latency   341.42us  208.98us   3.52ms   75.89%
    Req/Sec    24.54k     1.17k   47.94k    98.82%
  Latency Distribution
     50%  291.00us
     75%  441.00us
     90%  612.00us
     99%    1.05ms
  3945913 requests in 10.10s, 666.07MB read
Requests/sec: 390699.93
Transfer/sec:     65.95MB
## server-stat
cpu  3041170 1185 1527868 32727867 50906 0 760716 0 0 0
cpu0 112602 20 42653 1026783 1100 0 23402 0 0 0
cpu1 117784 24 44145 1024614 967 0 23824 0 0 0
cpu2 119259 23 44381 1023690 622 0 24050 0 0 0
cpu3 160115 23 60380 951040 1373 0 38288 0 0 0
cpu4 167372 25 60412 945392 827 0 38550 0 0 0
cpu5 126108 26 46277 1014238 606 0 25131 0 0 0
cpu6 126998 23 46591 1013197 497 0 25857 0 0 0
cpu7 134399 21 50187 999615 392 0 28735 0 0 0
cpu8 39480 41 40970 1078081 1595 0 13070 0 0 0
cpu9 45424 46 44293 1056402 3697 0 14133 0 0 0
cpu10 43475 44 42928 1063605 1747 0 13991 0 0 0
cpu11 40052 40 39544 1080770 1161 0 12608 0 0 0
cpu12 69993 118 47056 1027501 4567 0 15224 0 0 0
cpu13 67448 50 47807 1027421 4480 0 15542 0 0 0
cpu14 39639 38 38833 1083987 1326 0 12342 0 0 0
cpu15 37101 42 35776 1096430 1188 0 11214 0 0 0
cpu16 153555 19 54322 972176 679 0 32543 0 0 0
cpu17 143829 18 52540 984096 1470 0 31013 0 0 0
cpu18 138599 19 51473 992565 366 0 30285 0 0 0
cpu19 201467 18 71327 890715 866 0 47978 0 0 0
cpu20 189432 18 68645 907595 932 0 46156 0 0 0
cpu21 133692 21 50260 998436 889 0 29454 0 0 0
cpu22 126393 24 48500 1008769 543 0 27763 0 0 0
cpu23 110395 25 42971 1036262 646 0 23080 0 0 0
cpu24 42871 45 40376 1080120 1510 0 13298 0 0 0
cpu25 47813 48 45036 1057964 2785 0 15655 0 0 0
cpu26 45876 44 43997 1063598 2196 0 15219 0 0 0
cpu27 38769 32 39187 1072064 1555 0 21157 0 0 0
cpu28 69250 69 51811 1007587 3681 0 28090 0 0 0
cpu29 72201 108 53483 998219 3964 0 28583 0 0 0
cpu30 38298 29 40705 1064982 1534 0 21152 0 0 0
cpu31 41468 30 40987 1079939 1130 0 13314 0 0 0
intr 3036889758 126 0 0 0 0 0 0 0 0 1 0 0 0 0 0 0 0 0 0 0 0 0 0 0 0 0 0 1 1 1 0 0 0 0 1 0 1 0 0 75045 0 0 0 0 0 0 0 0 411 0 0 0 0 0 0 0 0 87 0 0 0 0 0 0 0 0 0 0 0 0 0 0 0 311733 2 35027549 34968524 34892031 35030214 0 10117 2876 3419 2078 3479 3038 2642 2831 1911 12161 20814 12273 9652 16043 17281 12419 8256 3184 2114 1699 3204 2675 2300 1830 1859 10635 9489 7180 7019 9324 8662 7209 8858 0 0 0 0 616829 3994 1036 0 264 0 0 0 0 0 0 0 0 0 0 0 0 0 0 0 0 0 0 0 0 0 0 0 0 0 0 0 0 0 0 0 0 0 0 0 0 0 0 0 0 0 0 0 0 0 0 0 0 0 0 0 0 0 0 0 0 0 0 0 0 0 0 0 0 0 0 0 0 0 0 0 0 0 0 0 0 0 0 0 0 0 0 0 0 0 0 0 0 0 0 0 0 0 0 0 0 0 0 0 0 0 0 0 0 0 0 0 0 0 0 0 0 0 0 0 0 0 0 0 0 0 0 0 0 0 0 0 0 0 0 0 0 0 0 0 0 0 0 0 0 0 0 0 0 0 0 0 0 0 0 0 0 0 0 0 0 0 0 0 0 0 0 0 0 0 0 0 0 0 0 0 0 0 0 0 0 0 0 0 0 0 0 0 0 0 0 0 0 0 0 0 0 0 0 0 0 0 0 0 0 0 0 0 0 0 0 0 0 0 0 0 0 0 0 0 0 0 0 0 0 0 0 0 0 0 0 0 0 0 0 0 0 0 0 0 0 0 0 0 0 0 0 0 0 0 0 0 0 0 0 0 0 0 0 0 0 0 0 0 0 0 0 0 0 0 0 0 0 0 0 0 0 0 0 0 0 0 0 0 0 0 0 0 0 0 0 0 0 0 0 0 0 0 0 0 0 0 0 0 0 0 0 0 0 0 0 0 0 0 0 0 0 0 0 0 0 0 0 0 0 0 0 0 0 0 0 0 0 0 0 0 0 0 0 0 0 0 0 0 0 0 0 0 0 0 0 0 0 0 0 0 0 0 0 0 0 0 0 0 0 0 0 0 0 0 0 0 0 0 0 0 0 0 0 0 0 0 0 0 0 0 0 0 0 0 0 0 0 0 0 0 0 0 0 0 0 0 0 0 0 0 0 0 0 0 0 0 0 0 0 0 0 0 0 0 0 0 0 0 0 0 0 0 0 0 0 0 0 0 0 0 0 0 0 0 0 0 0 0 0 0 0 0 0 0 0 0 0 0 0 0 0 0 0 0 0 0 0 0 0 0 0 0 0 0 0 0 0 0 0 0 0 0 0 0 0 0 0 0 0 0 0 0 0 0 0 0 0 0 0 0 0 0 0 0 0 0 0 0 0 0 0 0 0 0 0 0 0 0 0 0 0 0 0 0 0 0 0 0 0 0 0 0 0 0 0 0 0 0 0 0 0 0 0 0 0 0 0 0 0 0 0 0 0 0 0 0 0 0 0 0 0 0 0 0 0 0 0 0 0 0 0 0 0 0 0 0 0 0 0 0 0 0 0 0 0 0 0 0 0 0 0 0 0 0 0 0 0 0 0 0 0 0 0 0 0 0 0 0 0 0 0 0 0 0 0 0 0 0 0 0 0 0 0 0 0 0 0 0 0 0 0 0 0 0 0 0 0 0 0 0 0 0 0 0 0 0 0 0 0 0 0 0 0 0 0 0 0 0 0 0 0 0 0 0 0 0 0 0 0 0 0 0 0 0 0 0 0 0 0 0 0 0 0 0 0 0 0 0 0 0 0 0 0 0 0 0 0 0 0 0 0 0 0 0 0 0 0 0 0 0 0 0 0 0 0 0 0 0 0 0 0 0 0 0 0 0 0 0 0 0 0 0 0 0 0 0 0 0 0 0 0 0 0 0 0 0 0 0 0 0 0 0 0 0 0 0 0 0 0 0 0 0 0 0 0 0 0 0 0 0 0 0 0 0 0 0 0 0 0 0 0 0 0 0 0 0 0 0 0 0 0 0 0 0 0 0 0 0 0 0 0 0 0 0 0 0 0 0 0 0 0 0 0 0 0 0 0 0 0 0 0 0 0 0 0 0 0 0 0 0 0 0 0 0 0 0 0 0 0 0 0 0 0 0 0 0 0 0 0 0 0 0 0 0 0 0 0 0 0 0 0 0 0 0 0 0 0 0 0 0 0 0 0 0 0 0 0 0 0 0 0 0 0 0 0 0 0 0 0 0 0 0 0 0 0 0 0 0 0 0 0 0 0 0 0 0 0 0 0 0 0 0 0 0 0 0 0 0 0 0 0 0 0 0 0 0 0 0 0 0 0 0 0 0 0 0 0 0 0 0 0 0 0 0 0 0 0 0 0 0 0 0 0 0 0 0 0 0 0 0 0 0 0 0 0 0 0 0 0 0 0 0 0 0 0 0 0 0 0 0 0 0 0 0 0 0 0 0 0 0 0 0 0 0 0 0 0 0 0 0 0 0 0 0 0 0 0 0 0 0 0 0 0 0 0 0 0 0 0 0 0 0 0 0 0 0 0 0 0 0 0 0 0 0 0 0 0 0 0 0 0 0 0 0 0 0 0 0 0 0 0 0 0 0 0 0 0 0 0 0 0 0 0 0 0 0 0 0 0 0 0 0 0 0 0 0 0 0 0 0 0 0 0 0 0 0 0 0 0 0 0 0 0 0 0 0 0 0 0 0 0 0 0 0 0 0 0 0 0 0 0
ctxt 4788308081
btime 1790630938
processes 312738
procs_running 23
procs_blocked 0
softirq 4459446438 73526 9868660 2752503 60389860 326787 0 13558259 45015921 410 32493216
--
cpu  3049023 1185 1530511 32739098 50907 0 762005 0 0 0
cpu0 113088 20 42758 1026900 1100 0 23460 0 0 0
cpu1 118258 24 44259 1024730 967 0 23887 0 0 0
cpu2 119730 23 44494 1023807 622 0 24115 0 0 0
cpu3 160592 23 60489 951159 1373 0 38349 0 0 0
cpu4 167855 25 60522 945507 827 0 38613 0 0 0
cpu5 126586 26 46392 1014354 606 0 25188 0 0 0
cpu6 127477 23 46700 1013315 497 0 25915 0 0 0
cpu7 134872 21 50295 999739 392 0 28795 0 0 0
cpu8 39486 41 41018 1078688 1595 0 13088 0 0 0
cpu9 45431 46 44346 1057012 3697 0 14151 0 0 0
cpu10 43481 44 42975 1064221 1747 0 14008 0 0 0
cpu11 40056 40 39582 1081421 1161 0 12620 0 0 0
cpu12 70000 118 47105 1028115 4567 0 15239 0 0 0
cpu13 67457 50 47860 1028019 4480 0 15557 0 0 0
cpu14 39642 38 38862 1084673 1326 0 12349 0 0 0
cpu15 37103 42 35802 1097140 1188 0 11222 0 0 0
cpu16 154035 19 54437 972289 679 0 32602 0 0 0
cpu17 144316 18 52645 984208 1470 0 31073 0 0 0
cpu18 139086 19 51576 992678 366 0 30348 0 0 0
cpu19 201945 18 71440 890827 866 0 48040 0 0 0
cpu20 189913 18 68757 907704 932 0 46217 0 0 0
cpu21 134178 21 50374 998546 889 0 29511 0 0 0
cpu22 126879 24 48613 1008881 543 0 27825 0 0 0
cpu23 110869 25 43083 1036374 646 0 23145 0 0 0
cpu24 42877 45 40425 1080727 1510 0 13318 0 0 0
cpu25 47828 48 45110 1058472 2785 0 15683 0 0 0
cpu26 45886 44 44067 1064116 2196 0 15248 0 0 0
cpu27 38777 32 39240 1072638 1555 0 21176 0 0 0
cpu28 69289 69 51904 1008047 3681 0 28126 0 0 0
cpu29 72239 108 53575 998671 3964 0 28621 0 0 0
cpu30 38303 29 40751 1065569 1534 0 21168 0 0 0
cpu31 41476 30 41041 1080538 1130 0 13331 0 0 0
intr 3042940294 126 0 0 0 0 0 0 0 0 1 0 0 0 0 0 0 0 0 0 0 0 0 0 0 0 0 0 1 1 1 0 0 0 0 1 0 1 0 0 75045 0 0 0 0 0 0 0 0 411 0 0 0 0 0 0 0 0 87 0 0 0 0 0 0 0 0 0 0 0 0 0 0 0 311733 2 35027573 34968557 34892045 35030236 0 10121 2876 3419 2078 3479 3038 2642 2831 1911 12162 20814 12291 9652 16056 17289 12419 8256 3184 2114 1699 3204 2675 2300 1830 1859 10639 9497 7186 7022 9324 8663 7209 8858 0 0 0 0 616829 3994 1036 0 264 0 0 0 0 0 0 0 0 0 0 0 0 0 0 0 0 0 0 0 0 0 0 0 0 0 0 0 0 0 0 0 0 0 0 0 0 0 0 0 0 0 0 0 0 0 0 0 0 0 0 0 0 0 0 0 0 0 0 0 0 0 0 0 0 0 0 0 0 0 0 0 0 0 0 0 0 0 0 0 0 0 0 0 0 0 0 0 0 0 0 0 0 0 0 0 0 0 0 0 0 0 0 0 0 0 0 0 0 0 0 0 0 0 0 0 0 0 0 0 0 0 0 0 0 0 0 0 0 0 0 0 0 0 0 0 0 0 0 0 0 0 0 0 0 0 0 0 0 0 0 0 0 0 0 0 0 0 0 0 0 0 0 0 0 0 0 0 0 0 0 0 0 0 0 0 0 0 0 0 0 0 0 0 0 0 0 0 0 0 0 0 0 0 0 0 0 0 0 0 0 0 0 0 0 0 0 0 0 0 0 0 0 0 0 0 0 0 0 0 0 0 0 0 0 0 0 0 0 0 0 0 0 0 0 0 0 0 0 0 0 0 0 0 0 0 0 0 0 0 0 0 0 0 0 0 0 0 0 0 0 0 0 0 0 0 0 0 0 0 0 0 0 0 0 0 0 0 0 0 0 0 0 0 0 0 0 0 0 0 0 0 0 0 0 0 0 0 0 0 0 0 0 0 0 0 0 0 0 0 0 0 0 0 0 0 0 0 0 0 0 0 0 0 0 0 0 0 0 0 0 0 0 0 0 0 0 0 0 0 0 0 0 0 0 0 0 0 0 0 0 0 0 0 0 0 0 0 0 0 0 0 0 0 0 0 0 0 0 0 0 0 0 0 0 0 0 0 0 0 0 0 0 0 0 0 0 0 0 0 0 0 0 0 0 0 0 0 0 0 0 0 0 0 0 0 0 0 0 0 0 0 0 0 0 0 0 0 0 0 0 0 0 0 0 0 0 0 0 0 0 0 0 0 0 0 0 0 0 0 0 0 0 0 0 0 0 0 0 0 0 0 0 0 0 0 0 0 0 0 0 0 0 0 0 0 0 0 0 0 0 0 0 0 0 0 0 0 0 0 0 0 0 0 0 0 0 0 0 0 0 0 0 0 0 0 0 0 0 0 0 0 0 0 0 0 0 0 0 0 0 0 0 0 0 0 0 0 0 0 0 0 0 0 0 0 0 0 0 0 0 0 0 0 0 0 0 0 0 0 0 0 0 0 0 0 0 0 0 0 0 0 0 0 0 0 0 0 0 0 0 0 0 0 0 0 0 0 0 0 0 0 0 0 0 0 0 0 0 0 0 0 0 0 0 0 0 0 0 0 0 0 0 0 0 0 0 0 0 0 0 0 0 0 0 0 0 0 0 0 0 0 0 0 0 0 0 0 0 0 0 0 0 0 0 0 0 0 0 0 0 0 0 0 0 0 0 0 0 0 0 0 0 0 0 0 0 0 0 0 0 0 0 0 0 0 0 0 0 0 0 0 0 0 0 0 0 0 0 0 0 0 0 0 0 0 0 0 0 0 0 0 0 0 0 0 0 0 0 0 0 0 0 0 0 0 0 0 0 0 0 0 0 0 0 0 0 0 0 0 0 0 0 0 0 0 0 0 0 0 0 0 0 0 0 0 0 0 0 0 0 0 0 0 0 0 0 0 0 0 0 0 0 0 0 0 0 0 0 0 0 0 0 0 0 0 0 0 0 0 0 0 0 0 0 0 0 0 0 0 0 0 0 0 0 0 0 0 0 0 0 0 0 0 0 0 0 0 0 0 0 0 0 0 0 0 0 0 0 0 0 0 0 0 0 0 0 0 0 0 0 0 0 0 0 0 0 0 0 0 0 0 0 0 0 0 0 0 0 0 0 0 0 0 0 0 0 0 0 0 0 0 0 0 0 0 0 0 0 0 0 0 0 0 0 0 0 0 0 0 0 0 0 0 0 0 0 0 0 0 0 0 0 0 0 0 0 0 0 0 0 0 0 0 0 0 0 0 0 0 0 0 0 0 0 0 0 0 0 0 0 0 0 0 0 0 0 0 0 0 0 0 0 0 0 0 0 0 0 0 0 0 0 0 0 0 0 0 0 0 0 0 0 0 0 0 0 0 0 0 0 0 0 0 0 0 0 0 0 0 0 0 0 0 0 0 0 0 0 0 0 0 0 0 0 0 0 0 0 0 0 0 0 0 0 0 0 0 0 0 0 0 0 0 0 0 0 0 0 0 0 0 0 0 0 0 0 0 0 0 0 0 0 0 0 0 0 0 0 0 0 0 0 0 0 0 0 0 0 0 0 0 0 0 0 0 0 0 0 0 0 0 0 0 0 0 0 0 0 0 0 0 0 0 0 0 0 0 0 0 0 0 0 0 0 0 0 0 0 0 0 0 0 0 0 0 0 0 0 0 0 0 0 0 0 0 0 0 0 0 0 0 0 0 0 0 0 0 0 0 0 0 0 0 0 0 0 0 0 0 0 0 0
ctxt 4797142002
btime 1790630938
processes 312789
procs_running 20
procs_blocked 0
softirq 4465848978 73526 9871628 2752503 66613393 326791 0 13558259 45138644 410 32546528
