Running 10s test @ http://127.0.0.1:18500/page
  16 threads and 128 connections
  Thread Stats   Avg      Stdev     Max   +/- Stdev
    Latency     1.59ms  145.41us   2.72ms   85.63%
    Req/Sec     5.06k   175.61     7.04k    98.33%
  Latency Distribution
     50%    1.55ms
     75%    1.60ms
     90%    1.79ms
     99%    2.04ms
  811836 requests in 10.10s, 7.86GB read
Requests/sec:  80383.88
Transfer/sec:    796.51MB
## server-stat
cpu  3051907 1186 1531242 32751734 50927 0 762396 0 0 0
cpu0 113261 20 42794 1027203 1100 0 23480 0 0 0
cpu1 118424 24 44293 1025040 967 0 23907 0 0 0
cpu2 119894 23 44528 1024122 622 0 24135 0 0 0
cpu3 160764 23 60526 951463 1373 0 38367 0 0 0
cpu4 168033 25 60558 945803 827 0 38632 0 0 0
cpu5 126760 26 46428 1014658 607 0 25210 0 0 0
cpu6 127634 23 46733 1013634 497 0 25933 0 0 0
cpu7 135018 21 50327 1000076 392 0 28814 0 0 0
cpu8 39488 41 41026 1079199 1595 0 13091 0 0 0
cpu9 45433 46 44353 1057508 3697 0 14156 0 0 0
cpu10 43482 44 42984 1064715 1747 0 14011 0 0 0
cpu11 40057 40 39588 1081930 1161 0 12622 0 0 0
cpu12 70005 118 47118 1028588 4567 0 15245 0 0 0
cpu13 67459 50 47872 1028475 4492 0 15564 0 0 0
cpu14 39644 38 38867 1085171 1326 0 12352 0 0 0
cpu15 37104 42 35805 1097652 1188 0 11224 0 0 0
cpu16 154221 19 54478 972575 679 0 32624 0 0 0
cpu17 144511 18 52679 984490 1470 0 31095 0 0 0
cpu18 139273 19 51611 992969 366 0 30370 0 0 0
cpu19 202154 18 71478 891096 866 0 48057 0 0 0
cpu20 190113 18 68796 907971 932 0 46239 0 0 0
cpu21 134364 21 50414 998827 889 0 29531 0 0 0
cpu22 127053 24 48649 1009180 543 0 27845 0 0 0
cpu23 111023 25 43121 1036693 646 0 23166 0 0 0
cpu24 42879 45 40434 1081226 1511 0 13322 0 0 0
cpu25 47830 48 45121 1058951 2785 0 15687 0 0 0
cpu26 45890 44 44078 1064605 2196 0 15254 0 0 0
cpu27 38778 32 39247 1073148 1555 0 21180 0 0 0
cpu28 69304 69 51920 1008507 3685 0 28134 0 0 0
cpu29 72257 108 53594 999126 3967 0 28629 0 0 0
cpu30 38304 29 40760 1066069 1534 0 21171 0 0 0
cpu31 41477 31 41048 1081048 1130 0 13335 0 0 0
intr 3045304428 126 0 0 0 0 0 0 0 0 1 0 0 0 0 0 0 0 0 0 0 0 0 0 0 0 0 0 1 1 1 0 0 0 0 1 0 1 0 0 75045 0 0 0 0 0 0 0 0 411 0 0 0 0 0 0 0 0 87 0 0 0 0 0 0 0 0 0 0 0 0 0 0 0 311961 2 35027593 34968596 34892101 35030248 0 10125 2876 3419 2078 3479 3038 2643 2831 1911 12162 20814 12291 9652 16058 17289 12419 8256 3184 2114 1699 3204 2675 2300 1830 1859 10639 9497 7186 7025 9324 8663 7209 8858 0 0 0 0 616829 3994 1036 0 264 0 0 0 0 0 0 0 0 0 0 0 0 0 0 0 0 0 0 0 0 0 0 0 0 0 0 0 0 0 0 0 0 0 0 0 0 0 0 0 0 0 0 0 0 0 0 0 0 0 0 0 0 0 0 0 0 0 0 0 0 0 0 0 0 0 0 0 0 0 0 0 0 0 0 0 0 0 0 0 0 0 0 0 0 0 0 0 0 0 0 0 0 0 0 0 0 0 0 0 0 0 0 0 0 0 0 0 0 0 0 0 0 0 0 0 0 0 0 0 0 0 0 0 0 0 0 0 0 0 0 0 0 0 0 0 0 0 0 0 0 0 0 0 0 0 0 0 0 0 0 0 0 0 0 0 0 0 0 0 0 0 0 0 0 0 0 0 0 0 0 0 0 0 0 0 0 0 0 0 0 0 0 0 0 0 0 0 0 0 0 0 0 0 0 0 0 0 0 0 0 0 0 0 0 0 0 0 0 0 0 0 0 0 0 0 0 0 0 0 0 0 0 0 0 0 0 0 0 0 0 0 0 0 0 0 0 0 0 0 0 0 0 0 0 0 0 0 0 0 0 0 0 0 0 0 0 0 0 0 0 0 0 0 0 0 0 0 0 0 0 0 0 0 0 0 0 0 0 0 0 0 0 0 0 0 0 0 0 0 0 0 0 0 0 0 0 0 0 0 0 0 0 0 0 0 0 0 0 0 0 0 0 0 0 0 0 0 0 0 0 0 0 0 0 0 0 0 0 0 0 0 0 0 0 0 0 0 0 0 0 0 0 0 0 0 0 0 0 0 0 0 0 0 0 0 0 0 0 0 0 0 0 0 0 0 0 0 0 0 0 0 0 0 0 0 0 0 0 0 0 0 0 0 0 0 0 0 0 0 0 0 0 0 0 0 0 0 0 0 0 0 0 0 0 0 0 0 0 0 0 0 0 0 0 0 0 0 0 0 0 0 0 0 0 0 0 0 0 0 0 0 0 0 0 0 0 0 0 0 0 0 0 0 0 0 0 0 0 0 0 0 0 0 0 0 0 0 0 0 0 0 0 0 0 0 0 0 0 0 0 0 0 0 0 0 0 0 0 0 0 0 0 0 0 0 0 0 0 0 0 0 0 0 0 0 0 0 0 0 0 0 0 0 0 0 0 0 0 0 0 0 0 0 0 0 0 0 0 0 0 0 0 0 0 0 0 0 0 0 0 0 0 0 0 0 0 0 0 0 0 0 0 0 0 0 0 0 0 0 0 0 0 0 0 0 0 0 0 0 0 0 0 0 0 0 0 0 0 0 0 0 0 0 0 0 0 0 0 0 0 0 0 0 0 0 0 0 0 0 0 0 0 0 0 0 0 0 0 0 0 0 0 0 0 0 0 0 0 0 0 0 0 0 0 0 0 0 0 0 0 0 0 0 0 0 0 0 0 0 0 0 0 0 0 0 0 0 0 0 0 0 0 0 0 0 0 0 0 0 0 0 0 0 0 0 0 0 0 0 0 0 0 0 0 0 0 0 0 0 0 0 0 0 0 0 0 0 0 0 0 0 0 0 0 0 0 0 0 0 0 0 0 0 0 0 0 0 0 0 0 0 0 0 0 0 0 0 0 0 0 0 0 0 0 0 0 0 0 0 0 0 0 0 0 0 0 0 0 0 0 0 0 0 0 0 0 0 0 0 0 0 0 0 0 0 0 0 0 0 0 0 0 0 0 0 0 0 0 0 0 0 0 0 0 0 0 0 0 0 0 0 0 0 0 0 0 0 0 0 0 0 0 0 0 0 0 0 0 0 0 0 0 0 0 0 0 0 0 0 0 0 0 0 0 0 0 0 0 0 0 0 0 0 0 0 0 0 0 0 0 0 0 0 0 0 0 0 0 0 0 0 0 0 0 0 0 0 0 0 0 0 0 0 0 0 0 0 0 0 0 0 0 0 0 0 0 0 0 0 0 0 0 0 0 0 0 0 0 0 0 0 0 0 0 0 0 0 0 0 0 0 0 0 0 0 0 0 0 0 0 0 0 0 0 0 0 0 0 0 0 0 0 0 0 0 0 0 0 0 0 0 0 0 0 0 0 0 0 0 0 0 0 0 0 0 0 0 0 0 0 0 0 0 0 0 0 0 0 0 0 0 0 0 0 0 0 0 0 0 0 0 0 0 0 0 0 0 0 0 0 0 0 0 0 0 0 0 0 0 0 0 0 0 0 0 0 0 0 0 0 0 0 0 0 0 0 0 0 0 0 0 0 0 0 0 0 0 0 0 0 0 0 0 0 0 0 0 0 0 0 0 0 0 0 0 0 0 0 0 0 0 0 0 0 0 0 0 0 0 0 0 0 0 0 0 0 0 0 0 0 0 0 0 0 0 0 0 0 0 0 0 0 0 0 0 0 0 0 0 0 0 0 0 0 0 0 0 0 0 0 0 0 0 0 0 0 0 0 0 0 0 0 0 0 0 0 0 0 0 0 0 0 0 0 0 0 0 0 0 0 0 0
ctxt 4801320316
btime 1790630938
processes 312936
procs_running 11
procs_blocked 0
softirq 4468448155 73526 9874211 2752505 69149398 327027 0 13558261 45175761 410 32569760
--
cpu  3055349 1187 1531912 32771283 50929 0 762808 0 0 0
cpu0 113463 20 42833 1027696 1100 0 23503 0 0 0
cpu1 118634 24 44327 1025536 967 0 23929 0 0 0
cpu2 120094 23 44562 1024634 622 0 24159 0 0 0
cpu3 160955 23 60562 951972 1373 0 38389 0 0 0
cpu4 168236 25 60601 946302 827 0 38655 0 0 0
cpu5 126951 26 46466 1015171 607 0 25232 0 0 0
cpu6 127816 23 46769 1014160 497 0 25954 0 0 0
cpu7 135163 21 50360 1000642 392 0 28835 0 0 0
cpu8 39490 41 41028 1079949 1595 0 13092 0 0 0
cpu9 45436 47 44356 1058235 3698 0 14159 0 0 0
cpu10 43485 44 42986 1065446 1747 0 14014 0 0 0
cpu11 40059 40 39590 1082670 1161 0 12624 0 0 0
cpu12 70014 118 47126 1029284 4567 0 15249 0 0 0
cpu13 67466 50 47881 1029161 4492 0 15569 0 0 0
cpu14 39646 38 38869 1085896 1326 0 12356 0 0 0
cpu15 37105 42 35808 1098389 1189 0 11227 0 0 0
cpu16 154458 19 54518 973031 679 0 32652 0 0 0
cpu17 144749 18 52720 984938 1470 0 31119 0 0 0
cpu18 139501 19 51650 993435 366 0 30392 0 0 0
cpu19 202409 18 71518 891530 866 0 48080 0 0 0
cpu20 190370 18 68836 908402 932 0 46265 0 0 0
cpu21 134605 21 50457 999283 889 0 29554 0 0 0
cpu22 127261 24 48691 1009670 543 0 27867 0 0 0
cpu23 111192 25 43154 1037225 646 0 23191 0 0 0
cpu24 42880 45 40437 1081975 1511 0 13323 0 0 0
cpu25 47832 48 45124 1059691 2785 0 15689 0 0 0
cpu26 45893 44 44080 1065353 2196 0 15255 0 0 0
cpu27 38781 32 39248 1073921 1556 0 21181 0 0 0
cpu28 69322 69 51926 1009216 3685 0 28138 0 0 0
cpu29 72283 108 53602 999830 3967 0 28634 0 0 0
cpu30 38307 29 40763 1066816 1534 0 21174 0 0 0
cpu31 41479 31 41050 1081809 1130 0 13336 0 0 0
intr 3048239808 126 0 0 0 0 0 0 0 0 1 0 0 0 0 0 0 0 0 0 0 0 0 0 0 0 0 0 1 1 1 0 0 0 0 1 0 1 0 0 75045 0 0 0 0 0 0 0 0 411 0 0 0 0 0 0 0 0 87 0 0 0 0 0 0 0 0 0 0 0 0 0 0 0 311961 2 35027612 34968632 34892118 35030265 0 10133 2876 3419 2078 3479 3038 2643 2831 1911 12162 20814 12291 9652 16059 17289 12419 8256 3184 2114 1699 3204 2675 2300 1830 1859 10640 9497 7191 7034 9324 8663 7209 8858 0 0 0 0 616829 4007 1036 0 264 0 0 0 0 0 0 0 0 0 0 0 0 0 0 0 0 0 0 0 0 0 0 0 0 0 0 0 0 0 0 0 0 0 0 0 0 0 0 0 0 0 0 0 0 0 0 0 0 0 0 0 0 0 0 0 0 0 0 0 0 0 0 0 0 0 0 0 0 0 0 0 0 0 0 0 0 0 0 0 0 0 0 0 0 0 0 0 0 0 0 0 0 0 0 0 0 0 0 0 0 0 0 0 0 0 0 0 0 0 0 0 0 0 0 0 0 0 0 0 0 0 0 0 0 0 0 0 0 0 0 0 0 0 0 0 0 0 0 0 0 0 0 0 0 0 0 0 0 0 0 0 0 0 0 0 0 0 0 0 0 0 0 0 0 0 0 0 0 0 0 0 0 0 0 0 0 0 0 0 0 0 0 0 0 0 0 0 0 0 0 0 0 0 0 0 0 0 0 0 0 0 0 0 0 0 0 0 0 0 0 0 0 0 0 0 0 0 0 0 0 0 0 0 0 0 0 0 0 0 0 0 0 0 0 0 0 0 0 0 0 0 0 0 0 0 0 0 0 0 0 0 0 0 0 0 0 0 0 0 0 0 0 0 0 0 0 0 0 0 0 0 0 0 0 0 0 0 0 0 0 0 0 0 0 0 0 0 0 0 0 0 0 0 0 0 0 0 0 0 0 0 0 0 0 0 0 0 0 0 0 0 0 0 0 0 0 0 0 0 0 0 0 0 0 0 0 0 0 0 0 0 0 0 0 0 0 0 0 0 0 0 0 0 0 0 0 0 0 0 0 0 0 0 0 0 0 0 0 0 0 0 0 0 0 0 0 0 0 0 0 0 0 0 0 0 0 0 0 0 0 0 0 0 0 0 0 0 0 0 0 0 0 0 0 0 0 0 0 0 0 0 0 0 0 0 0 0 0 0 0 0 0 0 0 0 0 0 0 0 0 0 0 0 0 0 0 0 0 0 0 0 0 0 0 0 0 0 0 0 0 0 0 0 0 0 0 0 0 0 0 0 0 0 0 0 0 0 0 0 0 0 0 0 0 0 0 0 0 0 0 0 0 0 0 0 0 0 0 0 0 0 0 0 0 0 0 0 0 0 0 0 0 0 0 0 0 0 0 0 0 0 0 0 0 0 0 0 0 0 0 0 0 0 0 0 0 0 0 0 0 0 0 0 0 0 0 0 0 0 0 0 0 0 0 0 0 0 0 0 0 0 0 0 0 0 0 0 0 0 0 0 0 0 0 0 0 0 0 0 0 0 0 0 0 0 0 0 0 0 0 0 0 0 0 0 0 0 0 0 0 0 0 0 0 0 0 0 0 0 0 0 0 0 0 0 0 0 0 0 0 0 0 0 0 0 0 0 0 0 0 0 0 0 0 0 0 0 0 0 0 0 0 0 0 0 0 0 0 0 0 0 0 0 0 0 0 0 0 0 0 0 0 0 0 0 0 0 0 0 0 0 0 0 0 0 0 0 0 0 0 0 0 0 0 0 0 0 0 0 0 0 0 0 0 0 0 0 0 0 0 0 0 0 0 0 0 0 0 0 0 0 0 0 0 0 0 0 0 0 0 0 0 0 0 0 0 0 0 0 0 0 0 0 0 0 0 0 0 0 0 0 0 0 0 0 0 0 0 0 0 0 0 0 0 0 0 0 0 0 0 0 0 0 0 0 0 0 0 0 0 0 0 0 0 0 0 0 0 0 0 0 0 0 0 0 0 0 0 0 0 0 0 0 0 0 0 0 0 0 0 0 0 0 0 0 0 0 0 0 0 0 0 0 0 0 0 0 0 0 0 0 0 0 0 0 0 0 0 0 0 0 0 0 0 0 0 0 0 0 0 0 0 0 0 0 0 0 0 0 0 0 0 0 0 0 0 0 0 0 0 0 0 0 0 0 0 0 0 0 0 0 0 0 0 0 0 0 0 0 0 0 0 0 0 0 0 0 0 0 0 0 0 0 0 0 0 0 0 0 0 0 0 0 0 0 0 0 0 0 0 0 0 0 0 0 0 0 0 0 0 0 0 0 0 0 0 0 0 0 0 0 0 0 0 0 0 0 0 0 0 0 0 0 0 0 0 0 0 0 0 0 0 0 0 0 0 0 0 0 0 0 0 0 0 0 0 0 0 0 0 0 0 0 0 0 0 0 0 0 0 0 0 0 0 0 0 0 0 0 0 0 0 0 0 0 0 0 0 0 0 0 0 0 0 0 0 0 0 0 0 0 0 0 0 0 0 0 0 0 0 0 0 0 0 0 0 0 0 0 0 0 0 0 0 0 0 0 0 0 0 0 0 0 0 0 0 0 0 0 0 0 0 0 0 0 0 0 0 0 0 0 0 0 0 0 0 0 0 0 0 0 0 0 0 0 0 0 0 0 0 0 0 0 0 0 0 0 0 0 0 0 0 0 0 0 0 0 0 0 0 0 0 0 0 0 0 0 0 0 0 0 0 0 0 0 0 0 0 0 0 0 0
ctxt 4806994645
btime 1790630938
processes 312991
procs_running 8
procs_blocked 0
softirq 4471729447 73526 9878160 2752505 72361057 327035 0 13558290 45212464 410 32598704
