Running 10s test @ http://127.0.0.1:18500/
  16 threads and 128 connections
  Thread Stats   Avg      Stdev     Max   +/- Stdev
    Latency   343.48us  208.48us   3.17ms   75.37%
    Req/Sec    24.35k   685.08    32.03k    94.85%
  Latency Distribution
     50%  294.00us
     75%  444.00us
     90%  616.00us
     99%    1.04ms
  3907703 requests in 10.10s, 640.99MB read
Requests/sec: 386926.11
Transfer/sec:     63.47MB
## server-stat
cpu  3075175 1191 1537175 32895004 51043 0 765514 0 0 0
cpu0 114563 20 43094 1030958 1100 0 23646 0 0 0
cpu1 119647 24 44577 1028922 967 0 24055 0 0 0
cpu2 121078 23 44811 1028066 622 0 24281 0 0 0
cpu3 162315 23 60840 955014 1373 0 38547 0 0 0
cpu4 169742 25 60892 949181 827 0 38826 0 0 0
cpu5 127886 26 46719 1018649 607 0 25351 0 0 0
cpu6 128701 23 47022 1017693 497 0 26071 0 0 0
cpu7 136040 21 50609 1004208 393 0 28950 0 0 0
cpu8 39508 41 41091 1084523 1600 0 13132 0 0 0
cpu9 45454 47 44422 1062736 3715 0 14197 0 0 0
cpu10 43505 44 43053 1069958 1760 0 14052 0 0 0
cpu11 40070 40 39644 1087259 1161 0 12658 0 0 0
cpu12 70082 119 47209 1033733 4577 0 15291 0 0 0
cpu13 67517 50 47970 1033593 4503 0 15614 0 0 0
cpu14 39661 38 38917 1090510 1333 0 12389 0 0 0
cpu15 37114 42 35847 1103050 1189 0 11256 0 0 0
cpu16 155772 19 54761 976169 679 0 32765 0 0 0
cpu17 145900 18 52958 988238 1470 0 31227 0 0 0
cpu18 140511 19 51895 996844 378 0 30509 0 0 0
cpu19 204681 18 71821 893657 866 0 48234 0 0 0
cpu20 192459 18 69123 910744 932 0 46398 0 0 0
cpu21 135567 21 50707 1002750 889 0 29674 0 0 0
cpu22 128179 24 48936 1013184 548 0 27986 0 0 0
cpu23 112077 25 43399 1040774 646 0 23307 0 0 0
cpu24 42899 45 40502 1086533 1512 0 13359 0 0 0
cpu25 47859 48 45204 1064158 2789 0 15734 0 0 0
cpu26 45915 44 44152 1069844 2198 0 15302 0 0 0
cpu27 38797 32 39312 1078475 1559 0 21221 0 0 0
cpu28 69437 70 52032 1013584 3698 0 28191 0 0 0
cpu29 72404 109 53713 1004175 3975 0 28691 0 0 0
cpu30 38327 29 40822 1071395 1535 0 21213 0 0 0
cpu31 41494 31 41108 1086409 1131 0 13371 0 0 0
intr 3068480287 126 0 0 0 0 0 0 0 0 1 0 0 0 0 0 0 0 0 0 0 0 0 0 0 0 0 0 1 1 1 0 0 0 0 1 0 1 0 0 75045 0 0 0 0 0 0 0 0 411 0 0 0 0 0 0 0 0 87 0 0 0 0 0 0 0 0 0 0 0 0 0 0 0 313117 2 35028039 34968928 34892326 35030412 0 10174 2876 3419 2078 3479 3038 2643 2831 1911 12168 20817 12291 9730 16067 17318 12420 8259 3184 2114 1699 3205 2676 2303 1831 1859 10645 9498 7207 7050 9326 8666 7249 8866 0 0 0 0 616833 4010 1036 0 264 0 0 0 0 0 0 0 0 0 0 0 0 0 0 0 0 0 0 0 0 0 0 0 0 0 0 0 0 0 0 0 0 0 0 0 0 0 0 0 0 0 0 0 0 0 0 0 0 0 0 0 0 0 0 0 0 0 0 0 0 0 0 0 0 0 0 0 0 0 0 0 0 0 0 0 0 0 0 0 0 0 0 0 0 0 0 0 0 0 0 0 0 0 0 0 0 0 0 0 0 0 0 0 0 0 0 0 0 0 0 0 0 0 0 0 0 0 0 0 0 0 0 0 0 0 0 0 0 0 0 0 0 0 0 0 0 0 0 0 0 0 0 0 0 0 0 0 0 0 0 0 0 0 0 0 0 0 0 0 0 0 0 0 0 0 0 0 0 0 0 0 0 0 0 0 0 0 0 0 0 0 0 0 0 0 0 0 0 0 0 0 0 0 0 0 0 0 0 0 0 0 0 0 0 0 0 0 0 0 0 0 0 0 0 0 0 0 0 0 0 0 0 0 0 0 0 0 0 0 0 0 0 0 0 0 0 0 0 0 0 0 0 0 0 0 0 0 0 0 0 0 0 0 0 0 0 0 0 0 0 0 0 0 0 0 0 0 0 0 0 0 0 0 0 0 0 0 0 0 0 0 0 0 0 0 0 0 0 0 0 0 0 0 0 0 0 0 0 0 0 0 0 0 0 0 0 0 0 0 0 0 0 0 0 0 0 0 0 0 0 0 0 0 0 0 0 0 0 0 0 0 0 0 0 0 0 0 0 0 0 0 0 0 0 0 0 0 0 0 0 0 0 0 0 0 0 0 0 0 0 0 0 0 0 0 0 0 0 0 0 0 0 0 0 0 0 0 0 0 0 0 0 0 0 0 0 0 0 0 0 0 0 0 0 0 0 0 0 0 0 0 0 0 0 0 0 0 0 0 0 0 0 0 0 0 0 0 0 0 0 0 0 0 0 0 0 0 0 0 0 0 0 0 0 0 0 0 0 0 0 0 0 0 0 0 0 0 0 0 0 0 0 0 0 0 0 0 0 0 0 0 0 0 0 0 0 0 0 0 0 0 0 0 0 0 0 0 0 0 0 0 0 0 0 0 0 0 0 0 0 0 0 0 0 0 0 0 0 0 0 0 0 0 0 0 0 0 0 0 0 0 0 0 0 0 0 0 0 0 0 0 0 0 0 0 0 0 0 0 0 0 0 0 0 0 0 0 0 0 0 0 0 0 0 0 0 0 0 0 0 0 0 0 0 0 0 0 0 0 0 0 0 0 0 0 0 0 0 0 0 0 0 0 0 0 0 0 0 0 0 0 0 0 0 0 0 0 0 0 0 0 0 0 0 0 0 0 0 0 0 0 0 0 0 0 0 0 0 0 0 0 0 0 0 0 0 0 0 0 0 0 0 0 0 0 0 0 0 0 0 0 0 0 0 0 0 0 0 0 0 0 0 0 0 0 0 0 0 0 0 0 0 0 0 0 0 0 0 0 0 0 0 0 0 0 0 0 0 0 0 0 0 0 0 0 0 0 0 0 0 0 0 0 0 0 0 0 0 0 0 0 0 0 0 0 0 0 0 0 0 0 0 0 0 0 0 0 0 0 0 0 0 0 0 0 0 0 0 0 0 0 0 0 0 0 0 0 0 0 0 0 0 0 0 0 0 0 0 0 0 0 0 0 0 0 0 0 0 0 0 0 0 0 0 0 0 0 0 0 0 0 0 0 0 0 0 0 0 0 0 0 0 0 0 0 0 0 0 0 0 0 0 0 0 0 0 0 0 0 0 0 0 0 0 0 0 0 0 0 0 0 0 0 0 0 0 0 0 0 0 0 0 0 0 0 0 0 0 0 0 0 0 0 0 0 0 0 0 0 0 0 0 0 0 0 0 0 0 0 0 0 0 0 0 0 0 0 0 0 0 0 0 0 0 0 0 0 0 0 0 0 0 0 0 0 0 0 0 0 0 0 0 0 0 0 0 0 0 0 0 0 0 0 0 0 0 0 0 0 0 0 0 0 0 0 0 0 0 0 0 0 0 0 0 0 0 0 0 0 0 0 0 0 0 0 0 0 0 0 0 0 0 0 0 0 0 0 0 0 0 0 0 0 0 0 0 0 0 0 0 0 0 0 0 0 0 0 0 0 0 0 0 0 0 0 0 0 0 0 0 0 0 0 0 0 0 0 0 0 0 0 0 0 0 0 0 0 0 0 0 0 0 0 0 0 0 0 0 0 0 0 0 0 0 0 0 0 0 0 0 0 0 0 0 0 0 0 0 0 0 0 0 0 0 0 0 0 0 0 0 0 0 0 0 0 0 0 0 0 0 0 0 0 0 0 0 0 0 0 0 0 0 0 0 0 0 0 0 0 0 0 0 0 0 0 0 0 0 0 0 0 0 0 0 0 0 0 0 0 0 0 0 0 0 0 0 0 0 0 0 0 0 0 0 0 0 0 0 0 0 0 0 0 0 0 0 0 0 0 0 0 0
ctxt 4842350851
btime 1790630938
processes 314406
procs_running 19
procs_blocked 0
softirq 4491098138 73526 9900317 2752513 91263496 328249 0 13558312 45484463 410 32769556
--
cpu  3082970 1192 1539804 32906207 51052 0 766807 0 0 0
cpu0 115036 20 43200 1031077 1100 0 23706 0 0 0
cpu1 120121 24 44686 1029039 967 0 24115 0 0 0
cpu2 121550 23 44921 1028185 622 0 24339 0 0 0
cpu3 162791 23 60950 955128 1373 0 38609 0 0 0
cpu4 170217 25 60996 949297 827 0 38888 0 0 0
cpu5 128360 26 46827 1018766 607 0 25413 0 0 0
cpu6 129165 23 47135 1017812 497 0 26132 0 0 0
cpu7 136502 21 50723 1004327 393 0 29013 0 0 0
cpu8 39515 41 41137 1085127 1600 0 13150 0 0 0
cpu9 45461 47 44469 1063345 3715 0 14215 0 0 0
cpu10 43511 44 43099 1070577 1760 0 14068 0 0 0
cpu11 40073 40 39684 1087911 1161 0 12671 0 0 0
cpu12 70088 119 47258 1034350 4577 0 15307 0 0 0
cpu13 67526 50 48023 1034190 4503 0 15631 0 0 0
cpu14 39664 38 38946 1091197 1333 0 12397 0 0 0
cpu15 37117 42 35872 1103760 1189 0 11263 0 0 0
cpu16 156254 19 54871 976279 679 0 32826 0 0 0
cpu17 146379 18 53070 988346 1470 0 31290 0 0 0
cpu18 140988 19 52001 996958 378 0 30574 0 0 0
cpu19 205159 18 71935 893766 866 0 48295 0 0 0
cpu20 192941 18 69235 910853 932 0 46458 0 0 0
cpu21 136045 21 50815 1002864 889 0 29734 0 0 0
cpu22 128655 24 49048 1013298 548 0 28048 0 0 0
cpu23 112556 25 43512 1040886 646 0 23366 0 0 0
cpu24 42907 45 40553 1087142 1513 0 13376 0 0 0
cpu25 47876 48 45275 1064663 2789 0 15766 0 0 0
cpu26 45928 44 44224 1070357 2198 0 15330 0 0 0
cpu27 38806 32 39366 1079045 1559 0 21245 0 0 0
cpu28 69482 70 52126 1014032 3705 0 28226 0 0 0
cpu29 72446 109 53802 1004625 3976 0 28723 0 0 0
cpu30 38334 29 40871 1071981 1535 0 21228 0 0 0
cpu31 41502 31 41160 1087007 1131 0 13388 0 0 0
intr 3074601453 126 0 0 0 0 0 0 0 0 1 0 0 0 0 0 0 0 0 0 0 0 0 0 0 0 0 0 1 1 1 0 0 0 0 1 0 1 0 0 75045 0 0 0 0 0 0 0 0 411 0 0 0 0 0 0 0 0 87 0 0 0 0 0 0 0 0 0 0 0 0 0 0 0 313262 2 35028066 34968979 34892356 35030430 0 10180 2876 3419 2078 3479 3038 2643 2831 1911 12168 20820 12292 9748 16067 17318 12423 8259 3184 2114 1699 3205 2676 2303 1831 1859 10645 9525 7212 7050 9343 8666 7262 8875 0 0 0 0 616833 4010 1036 0 264 0 0 0 0 0 0 0 0 0 0 0 0 0 0 0 0 0 0 0 0 0 0 0 0 0 0 0 0 0 0 0 0 0 0 0 0 0 0 0 0 0 0 0 0 0 0 0 0 0 0 0 0 0 0 0 0 0 0 0 0 0 0 0 0 0 0 0 0 0 0 0 0 0 0 0 0 0 0 0 0 0 0 0 0 0 0 0 0 0 0 0 0 0 0 0 0 0 0 0 0 0 0 0 0 0 0 0 0 0 0 0 0 0 0 0 0 0 0 0 0 0 0 0 0 0 0 0 0 0 0 0 0 0 0 0 0 0 0 0 0 0 0 0 0 0 0 0 0 0 0 0 0 0 0 0 0 0 0 0 0 0 0 0 0 0 0 0 0 0 0 0 0 0 0 0 0 0 0 0 0 0 0 0 0 0 0 0 0 0 0 0 0 0 0 0 0 0 0 0 0 0 0 0 0 0 0 0 0 0 0 0 0 0 0 0 0 0 0 0 0 0 0 0 0 0 0 0 0 0 0 0 0 0 0 0 0 0 0 0 0 0 0 0 0 0 0 0 0 0 0 0 0 0 0 0 0 0 0 0 0 0 0 0 0 0 0 0 0 0 0 0 0 0 0 0 0 0 0 0 0 0 0 0 0 0 0 0 0 0 0 0 0 0 0 0 0 0 0 0 0 0 0 0 0 0 0 0 0 0 0 0 0 0 0 0 0 0 0 0 0 0 0 0 0 0 0 0 0 0 0 0 0 0 0 0 0 0 0 0 0 0 0 0 0 0 0 0 0 0 0 0 0 0 0 0 0 0 0 0 0 0 0 0 0 0 0 0 0 0 0 0 0 0 0 0 0 0 0 0 0 0 0 0 0 0 0 0 0 0 0 0 0 0 0 0 0 0 0 0 0 0 0 0 0 0 0 0 0 0 0 0 0 0 0 0 0 0 0 0 0 0 0 0 0 0 0 0 0 0 0 0 0 0 0 0 0 0 0 0 0 0 0 0 0 0 0 0 0 0 0 0 0 0 0 0 0 0 0 0 0 0 0 0 0 0 0 0 0 0 0 0 0 0 0 0 0 0 0 0 0 0 0 0 0 0 0 0 0 0 0 0 0 0 0 0 0 0 0 0 0 0 0 0 0 0 0 0 0 0 0 0 0 0 0 0 0 0 0 0 0 0 0 0 0 0 0 0 0 0 0 0 0 0 0 0 0 0 0 0 0 0 0 0 0 0 0 0 0 0 0 0 0 0 0 0 0 0 0 0 0 0 0 0 0 0 0 0 0 0 0 0 0 0 0 0 0 0 0 0 0 0 0 0 0 0 0 0 0 0 0 0 0 0 0 0 0 0 0 0 0 0 0 0 0 0 0 0 0 0 0 0 0 0 0 0 0 0 0 0 0 0 0 0 0 0 0 0 0 0 0 0 0 0 0 0 0 0 0 0 0 0 0 0 0 0 0 0 0 0 0 0 0 0 0 0 0 0 0 0 0 0 0 0 0 0 0 0 0 0 0 0 0 0 0 0 0 0 0 0 0 0 0 0 0 0 0 0 0 0 0 0 0 0 0 0 0 0 0 0 0 0 0 0 0 0 0 0 0 0 0 0 0 0 0 0 0 0 0 0 0 0 0 0 0 0 0 0 0 0 0 0 0 0 0 0 0 0 0 0 0 0 0 0 0 0 0 0 0 0 0 0 0 0 0 0 0 0 0 0 0 0 0 0 0 0 0 0 0 0 0 0 0 0 0 0 0 0 0 0 0 0 0 0 0 0 0 0 0 0 0 0 0 0 0 0 0 0 0 0 0 0 0 0 0 0 0 0 0 0 0 0 0 0 0 0 0 0 0 0 0 0 0 0 0 0 0 0 0 0 0 0 0 0 0 0 0 0 0 0 0 0 0 0 0 0 0 0 0 0 0 0 0 0 0 0 0 0 0 0 0 0 0 0 0 0 0 0 0 0 0 0 0 0 0 0 0 0 0 0 0 0 0 0 0 0 0 0 0 0 0 0 0 0 0 0 0 0 0 0 0 0 0 0 0 0 0 0 0 0 0 0 0 0 0 0 0 0 0 0 0 0 0 0 0 0 0 0 0 0 0 0 0 0 0 0 0 0 0 0 0 0 0 0 0 0 0 0 0 0 0 0 0 0 0 0 0 0 0 0 0 0 0 0 0 0 0 0 0 0 0 0 0 0 0 0 0 0 0 0 0 0 0 0 0 0 0 0 0 0 0 0 0 0 0 0 0 0 0 0 0 0 0 0 0 0 0 0 0 0 0 0 0 0 0 0 0 0 0 0 0 0 0 0 0 0 0 0 0 0 0 0 0 0 0 0 0 0 0 0 0 0 0 0 0 0 0 0 0 0 0 0 0 0 0 0 0 0 0 0 0 0 0 0 0 0 0 0 0 0 0 0 0 0 0 0 0 0 0 0 0 0 0 0 0 0 0 0 0 0 0 0 0 0 0 0 0 0 0 0 0 0 0
ctxt 4851190578
btime 1790630938
processes 314460
procs_running 27
procs_blocked 1
softirq 4497467296 73526 9903840 2752513 97446837 328403 0 13558312 45607369 410 32828790
