Running 10s test @ http://127.0.0.1:18500/page
  16 threads and 32 connections
  Thread Stats   Avg      Stdev     Max   +/- Stdev
    Latency   721.84us   76.65us   2.37ms   80.42%
    Req/Sec     2.78k    74.15     2.96k    68.25%
  Latency Distribution
     50%  709.00us
     75%  760.00us
     90%  800.00us
     99%    1.02ms
  447392 requests in 10.10s, 4.33GB read
Requests/sec:  44296.67
Transfer/sec:    438.94MB
## server-stat
cpu  3069337 1190 1535452 32855621 51005 0 764607 0 0 0
cpu0 114239 20 43022 1029898 1100 0 23600 0 0 0
cpu1 119357 24 44507 1027809 967 0 24017 0 0 0
cpu2 120786 23 44743 1026951 622 0 24238 0 0 0
cpu3 161854 23 60745 954086 1373 0 38494 0 0 0
cpu4 169232 25 60794 948319 827 0 38764 0 0 0
cpu5 127610 26 46654 1017516 607 0 25312 0 0 0
cpu6 128434 23 46954 1016542 497 0 26036 0 0 0
cpu7 135778 21 50546 1003049 393 0 28912 0 0 0
cpu8 39501 41 41063 1083079 1600 0 13121 0 0 0
cpu9 45448 47 44395 1061315 3710 0 14188 0 0 0
cpu10 43498 44 43025 1068535 1759 0 14043 0 0 0
cpu11 40066 40 39622 1085805 1161 0 12651 0 0 0
cpu12 70043 119 47174 1032349 4567 0 15281 0 0 0
cpu13 67504 50 47936 1032199 4503 0 15603 0 0 0
cpu14 39655 38 38898 1089040 1333 0 12383 0 0 0
cpu15 37110 42 35835 1101563 1189 0 11250 0 0 0
cpu16 155454 19 54687 975079 679 0 32725 0 0 0
cpu17 145617 18 52893 987108 1470 0 31190 0 0 0
cpu18 140236 19 51831 995712 369 0 30473 0 0 0
cpu19 204010 18 71702 892999 866 0 48156 0 0 0
cpu20 191866 18 69013 909990 932 0 46326 0 0 0
cpu21 135290 21 50648 1001606 889 0 29635 0 0 0
cpu22 127914 24 48875 1012023 548 0 27952 0 0 0
cpu23 111815 25 43334 1039617 646 0 23270 0 0 0
cpu24 42893 45 40472 1085097 1512 0 13350 0 0 0
cpu25 47850 48 45163 1062781 2786 0 15718 0 0 0
cpu26 45907 44 44116 1068452 2197 0 15288 0 0 0
cpu27 38791 32 39280 1077052 1558 0 21210 0 0 0
cpu28 69392 69 51980 1012247 3698 0 28172 0 0 0
cpu29 72363 109 53659 1002863 3968 0 28671 0 0 0
cpu30 38320 29 40793 1069963 1535 0 21203 0 0 0
cpu31 41490 31 41081 1084960 1130 0 13362 0 0 0
intr 3063153522 126 0 0 0 0 0 0 0 0 1 0 0 0 0 0 0 0 0 0 0 0 0 0 0 0 0 0 1 1 1 0 0 0 0 1 0 1 0 0 75045 0 0 0 0 0 0 0 0 411 0 0 0 0 0 0 0 0 87 0 0 0 0 0 0 0 0 0 0 0 0 0 0 0 312758 2 35027907 34968803 34892264 35030341 0 10161 2876 3419 2078 3479 3038 2643 2831 1911 12168 20816 12291 9730 16061 17314 12420 8257 3184 2114 1699 3204 2676 2300 1831 1859 10645 9498 7202 7050 9324 8663 7209 8859 0 0 0 0 616833 4007 1036 0 264 0 0 0 0 0 0 0 0 0 0 0 0 0 0 0 0 0 0 0 0 0 0 0 0 0 0 0 0 0 0 0 0 0 0 0 0 0 0 0 0 0 0 0 0 0 0 0 0 0 0 0 0 0 0 0 0 0 0 0 0 0 0 0 0 0 0 0 0 0 0 0 0 0 0 0 0 0 0 0 0 0 0 0 0 0 0 0 0 0 0 0 0 0 0 0 0 0 0 0 0 0 0 0 0 0 0 0 0 0 0 0 0 0 0 0 0 0 0 0 0 0 0 0 0 0 0 0 0 0 0 0 0 0 0 0 0 0 0 0 0 0 0 0 0 0 0 0 0 0 0 0 0 0 0 0 0 0 0 0 0 0 0 0 0 0 0 0 0 0 0 0 0 0 0 0 0 0 0 0 0 0 0 0 0 0 0 0 0 0 0 0 0 0 0 0 0 0 0 0 0 0 0 0 0 0 0 0 0 0 0 0 0 0 0 0 0 0 0 0 0 0 0 0 0 0 0 0 0 0 0 0 0 0 0 0 0 0 0 0 0 0 0 0 0 0 0 0 0 0 0 0 0 0 0 0 0 0 0 0 0 0 0 0 0 0 0 0 0 0 0 0 0 0 0 0 0 0 0 0 0 0 0 0 0 0 0 0 0 0 0 0 0 0 0 0 0 0 0 0 0 0 0 0 0 0 0 0 0 0 0 0 0 0 0 0 0 0 0 0 0 0 0 0 0 0 0 0 0 0 0 0 0 0 0 0 0 0 0 0 0 0 0 0 0 0 0 0 0 0 0 0 0 0 0 0 0 0 0 0 0 0 0 0 0 0 0 0 0 0 0 0 0 0 0 0 0 0 0 0 0 0 0 0 0 0 0 0 0 0 0 0 0 0 0 0 0 0 0 0 0 0 0 0 0 0 0 0 0 0 0 0 0 0 0 0 0 0 0 0 0 0 0 0 0 0 0 0 0 0 0 0 0 0 0 0 0 0 0 0 0 0 0 0 0 0 0 0 0 0 0 0 0 0 0 0 0 0 0 0 0 0 0 0 0 0 0 0 0 0 0 0 0 0 0 0 0 0 0 0 0 0 0 0 0 0 0 0 0 0 0 0 0 0 0 0 0 0 0 0 0 0 0 0 0 0 0 0 0 0 0 0 0 0 0 0 0 0 0 0 0 0 0 0 0 0 0 0 0 0 0 0 0 0 0 0 0 0 0 0 0 0 0 0 0 0 0 0 0 0 0 0 0 0 0 0 0 0 0 0 0 0 0 0 0 0 0 0 0 0 0 0 0 0 0 0 0 0 0 0 0 0 0 0 0 0 0 0 0 0 0 0 0 0 0 0 0 0 0 0 0 0 0 0 0 0 0 0 0 0 0 0 0 0 0 0 0 0 0 0 0 0 0 0 0 0 0 0 0 0 0 0 0 0 0 0 0 0 0 0 0 0 0 0 0 0 0 0 0 0 0 0 0 0 0 0 0 0 0 0 0 0 0 0 0 0 0 0 0 0 0 0 0 0 0 0 0 0 0 0 0 0 0 0 0 0 0 0 0 0 0 0 0 0 0 0 0 0 0 0 0 0 0 0 0 0 0 0 0 0 0 0 0 0 0 0 0 0 0 0 0 0 0 0 0 0 0 0 0 0 0 0 0 0 0 0 0 0 0 0 0 0 0 0 0 0 0 0 0 0 0 0 0 0 0 0 0 0 0 0 0 0 0 0 0 0 0 0 0 0 0 0 0 0 0 0 0 0 0 0 0 0 0 0 0 0 0 0 0 0 0 0 0 0 0 0 0 0 0 0 0 0 0 0 0 0 0 0 0 0 0 0 0 0 0 0 0 0 0 0 0 0 0 0 0 0 0 0 0 0 0 0 0 0 0 0 0 0 0 0 0 0 0 0 0 0 0 0 0 0 0 0 0 0 0 0 0 0 0 0 0 0 0 0 0 0 0 0 0 0 0 0 0 0 0 0 0 0 0 0 0 0 0 0 0 0 0 0 0 0 0 0 0 0 0 0 0 0 0 0 0 0 0 0 0 0 0 0 0 0 0 0 0 0 0 0 0 0 0 0 0 0 0 0 0 0 0 0 0 0 0 0 0 0 0 0 0 0 0 0 0 0 0 0 0 0 0 0 0 0 0 0 0 0 0 0 0 0 0 0 0 0 0 0 0 0 0 0 0 0 0 0 0 0 0 0 0 0 0 0 0 0 0 0 0 0 0 0 0 0 0 0 0 0 0 0 0 0 0 0 0 0 0 0 0 0 0 0 0 0 0 0 0 0 0 0 0 0 0 0 0 0 0 0 0 0 0 0 0 0 0 0 0 0 0 0 0 0 0 0 0 0 0 0 0 0 0 0 0 0 0 0 0 0 0 0 0 0 0 0 0 0 0 0 0 0 0 0 0 0 0 0 0 0 0 0 0 0 0 0 0 0 0 0 0 0 0 0 0 0 0 0 0 0 0 0 0 0 0 0 0 0 0
ctxt 4833599097
btime 1790630938
processes 313868
procs_running 4
procs_blocked 0
softirq 4485741911 73526 9892914 2752511 86058079 327872 0 13558299 45388459 410 32722545
--
cpu  3070921 1190 1535730 32878118 51018 0 764818 0 0 0
cpu0 114310 20 43036 1030554 1100 0 23611 0 0 0
cpu1 119396 24 44517 1028515 967 0 24024 0 0 0
cpu2 120824 23 44752 1027659 622 0 24245 0 0 0
cpu3 162041 23 60774 954635 1373 0 38515 0 0 0
cpu4 169461 25 60828 948814 827 0 38788 0 0 0
cpu5 127637 26 46660 1018239 607 0 25318 0 0 0
cpu6 128455 23 46960 1017279 497 0 26040 0 0 0
cpu7 135796 21 50551 1003792 393 0 28917 0 0 0
cpu8 39504 41 41064 1083851 1600 0 13121 0 0 0
cpu9 45451 47 44396 1062065 3714 0 14189 0 0 0
cpu10 43501 44 43026 1069285 1760 0 14044 0 0 0
cpu11 40067 40 39623 1086565 1161 0 12652 0 0 0
cpu12 70064 119 47179 1033087 4567 0 15283 0 0 0
cpu13 67509 50 47938 1032935 4503 0 15605 0 0 0
cpu14 39658 38 38900 1089800 1333 0 12385 0 0 0
cpu15 37112 42 35836 1102325 1189 0 11252 0 0 0
cpu16 155519 19 54699 975763 679 0 32732 0 0 0
cpu17 145647 18 52901 987828 1470 0 31195 0 0 0
cpu18 140259 19 51837 996442 369 0 30478 0 0 0
cpu19 204391 18 71752 893299 866 0 48200 0 0 0
cpu20 192183 18 69058 910369 932 0 46361 0 0 0
cpu21 135315 21 50653 1002338 889 0 29639 0 0 0
cpu22 127931 24 48879 1012770 548 0 27956 0 0 0
cpu23 111832 25 43340 1040361 646 0 23274 0 0 0
cpu24 42895 45 40473 1085861 1512 0 13350 0 0 0
cpu25 47850 48 45164 1063544 2786 0 15719 0 0 0
cpu26 45908 44 44116 1069223 2197 0 15289 0 0 0
cpu27 38793 32 39280 1077824 1559 0 21211 0 0 0
cpu28 69414 69 51986 1012996 3698 0 28173 0 0 0
cpu29 72371 109 53661 1003604 3975 0 28673 0 0 0
cpu30 38322 29 40795 1070734 1535 0 21204 0 0 0
cpu31 41491 31 41082 1085742 1131 0 13363 0 0 0
intr 3065032488 126 0 0 0 0 0 0 0 0 1 0 0 0 0 0 0 0 0 0 0 0 0 0 0 0 0 0 1 1 1 0 0 0 0 1 0 1 0 0 75045 0 0 0 0 0 0 0 0 411 0 0 0 0 0 0 0 0 87 0 0 0 0 0 0 0 0 0 0 0 0 0 0 0 312897 2 35027931 34968835 34892291 35030369 0 10165 2876 3419 2078 3479 3038 2643 2831 1911 12168 20816 12291 9730 16061 17318 12420 8259 3184 2114 1699 3204 2676 2300 1831 1859 10645 9498 7205 7050 9324 8665 7249 8865 0 0 0 0 616833 4007 1036 0 264 0 0 0 0 0 0 0 0 0 0 0 0 0 0 0 0 0 0 0 0 0 0 0 0 0 0 0 0 0 0 0 0 0 0 0 0 0 0 0 0 0 0 0 0 0 0 0 0 0 0 0 0 0 0 0 0 0 0 0 0 0 0 0 0 0 0 0 0 0 0 0 0 0 0 0 0 0 0 0 0 0 0 0 0 0 0 0 0 0 0 0 0 0 0 0 0 0 0 0 0 0 0 0 0 0 0 0 0 0 0 0 0 0 0 0 0 0 0 0 0 0 0 0 0 0 0 0 0 0 0 0 0 0 0 0 0 0 0 0 0 0 0 0 0 0 0 0 0 0 0 0 0 0 0 0 0 0 0 0 0 0 0 0 0 0 0 0 0 0 0 0 0 0 0 0 0 0 0 0 0 0 0 0 0 0 0 0 0 0 0 0 0 0 0 0 0 0 0 0 0 0 0 0 0 0 0 0 0 0 0 0 0 0 0 0 0 0 0 0 0 0 0 0 0 0 0 0 0 0 0 0 0 0 0 0 0 0 0 0 0 0 0 0 0 0 0 0 0 0 0 0 0 0 0 0 0 0 0 0 0 0 0 0 0 0 0 0 0 0 0 0 0 0 0 0 0 0 0 0 0 0 0 0 0 0 0 0 0 0 0 0 0 0 0 0 0 0 0 0 0 0 0 0 0 0 0 0 0 0 0 0 0 0 0 0 0 0 0 0 0 0 0 0 0 0 0 0 0 0 0 0 0 0 0 0 0 0 0 0 0 0 0 0 0 0 0 0 0 0 0 0 0 0 0 0 0 0 0 0 0 0 0 0 0 0 0 0 0 0 0 0 0 0 0 0 0 0 0 0 0 0 0 0 0 0 0 0 0 0 0 0 0 0 0 0 0 0 0 0 0 0 0 0 0 0 0 0 0 0 0 0 0 0 0 0 0 0 0 0 0 0 0 0 0 0 0 0 0 0 0 0 0 0 0 0 0 0 0 0 0 0 0 0 0 0 0 0 0 0 0 0 0 0 0 0 0 0 0 0 0 0 0 0 0 0 0 0 0 0 0 0 0 0 0 0 0 0 0 0 0 0 0 0 0 0 0 0 0 0 0 0 0 0 0 0 0 0 0 0 0 0 0 0 0 0 0 0 0 0 0 0 0 0 0 0 0 0 0 0 0 0 0 0 0 0 0 0 0 0 0 0 0 0 0 0 0 0 0 0 0 0 0 0 0 0 0 0 0 0 0 0 0 0 0 0 0 0 0 0 0 0 0 0 0 0 0 0 0 0 0 0 0 0 0 0 0 0 0 0 0 0 0 0 0 0 0 0 0 0 0 0 0 0 0 0 0 0 0 0 0 0 0 0 0 0 0 0 0 0 0 0 0 0 0 0 0 0 0 0 0 0 0 0 0 0 0 0 0 0 0 0 0 0 0 0 0 0 0 0 0 0 0 0 0 0 0 0 0 0 0 0 0 0 0 0 0 0 0 0 0 0 0 0 0 0 0 0 0 0 0 0 0 0 0 0 0 0 0 0 0 0 0 0 0 0 0 0 0 0 0 0 0 0 0 0 0 0 0 0 0 0 0 0 0 0 0 0 0 0 0 0 0 0 0 0 0 0 0 0 0 0 0 0 0 0 0 0 0 0 0 0 0 0 0 0 0 0 0 0 0 0 0 0 0 0 0 0 0 0 0 0 0 0 0 0 0 0 0 0 0 0 0 0 0 0 0 0 0 0 0 0 0 0 0 0 0 0 0 0 0 0 0 0 0 0 0 0 0 0 0 0 0 0 0 0 0 0 0 0 0 0 0 0 0 0 0 0 0 0 0 0 0 0 0 0 0 0 0 0 0 0 0 0 0 0 0 0 0 0 0 0 0 0 0 0 0 0 0 0 0 0 0 0 0 0 0 0 0 0 0 0 0 0 0 0 0 0 0 0 0 0 0 0 0 0 0 0 0 0 0 0 0 0 0 0 0 0 0 0 0 0 0 0 0 0 0 0 0 0 0 0 0 0 0 0 0 0 0 0 0 0 0 0 0 0 0 0 0 0 0 0 0 0 0 0 0 0 0 0 0 0 0 0 0 0 0 0 0 0 0 0 0 0 0 0 0 0 0 0 0 0 0 0 0 0 0 0 0 0 0 0 0 0 0 0 0 0 0 0 0 0 0 0 0 0 0 0 0 0 0 0 0 0 0 0 0 0 0 0 0 0 0 0 0 0 0 0 0 0 0 0 0 0 0 0 0 0 0 0 0 0 0 0 0 0 0 0 0 0 0 0 0 0 0 0 0 0 0 0 0 0 0 0 0 0 0 0 0 0 0 0 0 0 0 0 0 0 0 0 0 0 0 0 0 0 0 0 0 0 0 0 0 0 0 0 0 0 0 0 0 0 0 0 0 0 0 0 0 0 0 0 0 0 0 0 0 0 0 0 0 0 0 0 0 0 0 0 0 0 0 0 0 0 0 0 0 0 0 0 0 0 0
ctxt 4837249099
btime 1790630938
processes 313914
procs_running 4
procs_blocked 0
softirq 4487563693 73526 9897180 2752511 87837914 328019 0 13558299 45413344 410 32735194
